{
"metadata": {
    "version": {
        "essentia": "2.1-beta3"
    }
},
"lowLevel": {
    "average_loudness": 0.917908370495,
    "barkbands_kurtosis": {
        "kurt": 24.8746891022,
        "max": 97.4264221191,
        "mean": 4.75514936447,
        "median": 0.48018181324,
        "min": -1.82259452343,
        "skew": 4.44653606415,
        "var": 155.621200562
    },
    "barkbands_skewness": {
        "kurt": 2.10993528366,
        "max": 9.32841205597,
        "mean": 0.204383268952,
        "median": -0.227890178561,
        "min": -4.10534238815,
        "skew": 1.0994913578,
        "var": 5.04073381424
    },
    "barkbands_spread": {
        "kurt": -0.313393831253,
        "max": 58.682144165,
        "mean": 22.5871334076,
        "median": 22.2742233276,
        "min": 1.61507606506,
        "skew": 0.408117264509,
        "var": 157.141769409
    },
    "dissonance": {
        "kurt": 4.68466997147,
        "max": 0.499986976385,
        "mean": 0.467427313328,
        "median": 0.485633075237,
        "min": 0.287109315395,
        "skew": -2.07569098473,
        "var": 0.00170164753217
    },
    "hfc": {
        "kurt": 80.5830001831,
        "max": 192.638885498,
        "mean": 3.70555925369,
        "median": 0.0545735806227,
        "min": 0.000618481542915,
        "skew": 8.55944061279,
        "var": 347.982025146
    },
    "pitch": {
        "kurt": -1.60693955421,
        "max": 4142.62597656,
        "mean": 1817.28393555,
        "median": 1411.51464844,
        "min": 92.5257415771,
        "skew": 0.253026217222,
        "var": 2050718.25
    },
    "pitch_instantaneous_confidence": {
        "kurt": -0.352335453033,
        "max": 0.931562066078,
        "mean": 0.529564619064,
        "median": 0.503242909908,
        "min": 0.159788548946,
        "skew": 0.321327030659,
        "var": 0.032111428678
    },
    "pitch_salience": {
        "kurt": 0.573145389557,
        "max": 0.880592167377,
        "mean": 0.632788658142,
        "median": 0.705207943916,
        "min": 0.103427097201,
        "skew": -1.16402924061,
        "var": 0.0325259454548
    },
    "silence_rate_20dB": {
        "kurt": 0,
        "max": 1,
        "mean": 1,
        "median": 1,
        "min": 1,
        "skew": 0,
        "var": 0
    },
    "silence_rate_30dB": {
        "kurt": 0,
        "max": 1,
        "mean": 1,
        "median": 1,
        "min": 1,
        "skew": 0,
        "var": 0
    },
    "silence_rate_60dB": {
        "kurt": 4.26565885544,
        "max": 1,
        "mean": 0.890625,
        "median": 1,
        "min": 0,
        "skew": -2.50313091278,
        "var": 0.097412109375
    },
    "spectral_centroid": {
        "kurt": -1.23126471043,
        "max": 3982.6184082,
        "mean": 1937.70678711,
        "median": 1956.96105957,
        "min": 296.894439697,
        "skew": 0.201409250498,
        "var": 1060259.375
    },
    "spectral_complexity": {
        "kurt": 14.348405838,
        "max": 33,
        "mean": 1.828125,
        "median": 0,
        "min": 0,
        "skew": 3.73600745201,
        "var": 27.8142089844
    },
    "spectral_crest": {
        "kurt": -0.206409454346,
        "max": 26.2853164673,
        "mean": 11.2175703049,
        "median": 9.6017742157,
        "min": 3.21516990662,
        "skew": 0.867696404457,
        "var": 28.8363018036
    },
    "spectral_decrease": {
        "kurt": 32.2631530762,
        "max": -1.14536255914e-13,
        "mean": -3.07124603527e-10,
        "median": -4.84787644056e-12,
        "min": -8.51648618294e-09,
        "skew": -5.47939682007,
        "var": 1.27349883675e-18
    },
    "spectral_energy": {
        "kurt": 41.8053436279,
        "max": 0.0496160462499,
        "mean": 0.00149526295718,
        "median": 2.40809931711e-05,
        "min": 4.88827367917e-07,
        "skew": 6.08492851257,
        "var": 3.30623588525e-05
    },
    "spectral_energyband_high": {
        "kurt": 105.464279175,
        "max": 0.0315200090408,
        "mean": 0.00040251360042,
        "median": 3.20535309584e-06,
        "min": 1.88376585442e-08,
        "skew": 10.0952501297,
        "var": 8.22707352199e-06
    },
    "spectral_energyband_low": {
        "kurt": 34.8109703064,
        "max": 3.57402459485e-05,
        "mean": 1.20791946756e-06,
        "median": 2.1392234828e-07,
        "min": 1.45702383492e-08,
        "skew": 5.75047588348,
        "var": 1.99578912424e-11
    },
    "spectral_energyband_middle_high": {
        "kurt": 35.5480232239,
        "max": 0.0169395394623,
        "mean": 0.000568554271013,
        "median": 1.11257104436e-05,
        "min": 1.13977641547e-07,
        "skew": 5.58657836914,
        "var": 4.28859129897e-06
    },
    "spectral_energyband_middle_low": {
        "kurt": 58.5667877197,
        "max": 0.0239967461675,
        "mean": 0.000549391726963,
        "median": 5.42092402611e-06,
        "min": 1.05456123833e-07,
        "skew": 7.28363132477,
        "var": 6.44320698484e-06
    },
    "spectral_flatness_db": {
        "kurt": 0.0887031555176,
        "max": 0.353045135736,
        "mean": 0.179612636566,
        "median": 0.163219258189,
        "min": 0.0615889802575,
        "skew": 0.856774449348,
        "var": 0.00440830690786
    },
    "spectral_flux": {
        "kurt": 6.78958034515,
        "max": 0.169251874089,
        "mean": 0.0190575476736,
        "median": 0.00369955645874,
        "min": 0.00047409531544,
        "skew": 2.69689035416,
        "var": 0.00123943318613
    },
    "spectral_kurtosis": {
        "kurt": 3.89815616608,
        "max": 13.1545982361,
        "mean": 3.94647502899,
        "median": 3.65157651901,
        "min": 0.0832903385162,
        "skew": 1.68686616421,
        "var": 5.83654165268
    },
    "spectral_rms": {
        "kurt": 13.6782035828,
        "max": 0.00695743458346,
        "mean": 0.00056120910449,
        "median": 0.000153251370648,
        "min": 2.18381483137e-05,
        "skew": 3.46493577957,
        "var": 1.14383783512e-06
    },
    "spectral_rolloff": {
        "kurt": -0.729323863983,
        "max": 5598.6328125,
        "mean": 2984.87182617,
        "median": 3337.64648438,
        "min": 322.998046875,
        "skew": -0.691203474998,
        "var": 1993747.875
    },
    "spectral_skewness": {
        "kurt": 0.423241376877,
        "max": 2.89825034142,
        "mean": 1.47876763344,
        "median": 1.4167599678,
        "min": 0.726427197456,
        "skew": 0.639515936375,
        "var": 0.150302425027
    },
    "spectral_spread": {
        "kurt": 24.3510284424,
        "max": 22623724,
        "mean": 5642412.5,
        "median": 5314653,
        "min": 2450135,
        "skew": 3.66855478287,
        "var": 4.96416220774e+12
    },
    "spectral_strongpeak": {
        "kurt": 22.8150520325,
        "max": 3.61482548714,
        "mean": 0.217772856355,
        "median": 0.0570784956217,
        "min": 0.000615730590653,
        "skew": 4.38144016266,
        "var": 0.232114344835
    },
    "zerocrossingrate": {
        "kurt": -1.07287812233,
        "max": 0.18115234375,
        "mean": 0.102172851562,
        "median": 0.10546875,
        "min": 0.01708984375,
        "skew": -0.0411909297109,
        "var": 0.00189346820116
    },
    "barkbands": {
        "kurt": [25.0929756165, 39.4656906128, 36.6524047852, 31.7876777649, 59.4232559204, 68.844871521, 69.3908920288, 63.7630691528, 45.065776825, 54.9336242676, 18.6604118347, 51.8024902344, 29.2048568726, 35.0105667114, 30.7036895752, 27.0777454376, 63.583480835, 62.989654541, 59.909362793, 90.0424804688, 93.4616012573, 69.8988952637, 75.3191757202, 83.7712249756, 42.7539329529, 75.2208251953, 41.4842071533],
        "max": [1.70672564082e-07, 7.8556004155e-06, 2.13940220419e-05, 1.53220844368e-05, 0.000285711081233, 0.00150474929251, 0.00333874905482, 0.0210492871702, 0.00229462911375, 0.00131993950345, 0.00033711004653, 0.000537387619261, 9.12517134566e-05, 0.000125669350382, 0.000119299344078, 0.00138505583163, 0.00164769589901, 0.00336547382176, 0.00501172337681, 0.0324376747012, 0.0074461651966, 0.00027259773924, 8.55027974467e-05, 9.30585956667e-05, 2.34388789977e-05, 1.27319947296e-06, 2.93895130454e-08],
        "mean": [9.22194587361e-09, 2.4323722414e-07, 6.47270042009e-07, 6.73526074024e-07, 5.99474242335e-06, 3.44014624716e-05, 7.86636592238e-05, 0.000367105240002, 5.62786954106e-05, 2.85620499199e-05, 1.52574539243e-05, 1.29098225443e-05, 3.36353878083e-06, 4.29177953265e-06, 4.41254769612e-06, 4.69854385301e-05, 3.8417212636e-05, 9.00818558875e-05, 0.000124472673633, 0.000467353587737, 0.000104998856841, 5.93805316385e-06, 1.55405916757e-06, 1.9537890239e-06, 6.67056269776e-07, 2.77794338643e-08, 7.96325949626e-10],
        "median": [1.38240330294e-09, 3.35814434038e-08, 7.35742275992e-08, 8.89756108791e-08, 3.22494088323e-07, 1.02997364593e-06, 2.89127456199e-07, 2.79910324252e-07, 3.3615697248e-07, 9.225003339e-08, 3.84023799427e-08, 3.33549863285e-08, 6.6767483986e-08, 9.11518043267e-08, 1.59552001833e-07, 7.18423848411e-07, 1.35858329031e-06, 2.00447698262e-06, 8.85071358425e-07, 2.33339028455e-06, 8.11624659036e-07, 1.90302969827e-07, 4.03681994499e-08, 4.64428282498e-08, 1.55517021483e-08, 4.61312765765e-10, 1.19906428536e-11],
        "min": [2.51071993057e-11, 1.24023469272e-09, 2.40630271264e-09, 3.17445758569e-09, 1.18180967235e-08, 1.06214290696e-08, 4.50708625976e-09, 3.69660968502e-09, 3.85596665708e-09, 1.34139155339e-09, 1.18824239337e-09, 1.09638986778e-09, 2.1205646128e-09, 1.8694066295e-09, 1.911373948e-09, 2.75691913743e-09, 4.05863742614e-09, 7.22565429712e-09, 6.46563602658e-09, 9.51094225599e-09, 7.36569694126e-09, 1.46344592e-09, 5.46352518782e-10, 3.17819132123e-10, 1.68505737141e-10, 7.95205828269e-12, 1.33784164844e-13],
        "skew": [4.90891838074, 6.05876493454, 5.91365623474, 5.42353343964, 7.62851047516, 7.88434362411, 7.71063899994, 7.7443728447, 6.67294788361, 7.02306509018, 4.2558221817, 7.16163110733, 5.20429468155, 5.34626293182, 5.10364294052, 5.35801410675, 7.50081586838, 7.24188232422, 7.13837862015, 9.22536277771, 9.39552879333, 7.92354869843, 8.34316158295, 8.71419811249, 6.32624483109, 8.22372722626, 6.21923685074],
        "var": [7.02325203271e-16, 8.72468492851e-13, 7.03902604607e-12, 4.18915943601e-12, 9.94090587625e-10, 2.31056418443e-08, 1.11105897815e-07, 4.85532927996e-06, 8.44952126045e-08, 2.01258227861e-08, 2.74809242029e-09, 4.50304549204e-09, 1.60563645712e-10, 2.20527041073e-10, 2.19285742342e-10, 5.07626509716e-08, 2.86610024602e-08, 1.17517785725e-07, 2.7013410886e-07, 9.43893974181e-06, 4.87292368234e-07, 7.48221318236e-10, 7.16047707239e-11, 7.91460647021e-11, 7.72636902374e-12, 1.57063354293e-14, 1.19559717937e-17],
        "cov": [[7.07855322565e-16, 9.52479231825e-15, 3.51319247673e-14, 2.72421601472e-14, 6.20107941775e-14, 1.84680843209e-13, 1.76082282435e-12, 1.06364448499e-11, 2.47625162562e-12, 7.71975690837e-13, 5.3756836222e-13, 4.29090790677e-13, 1.77621291156e-13, 1.25878880887e-13, 1.06969243034e-13, 4.71109208502e-13, 6.95784684208e-13, 3.86578789813e-12, 9.89550455466e-12, 4.97714959524e-11, 1.17130090349e-11, 2.2298783371e-13, 1.41946662215e-13, 1.58526905253e-13, 4.78451845742e-14, 2.17980413789e-15, 5.85958467018e-17], [9.52479231825e-15, 8.79338323077e-13, 2.29302991525e-12, 1.13226236113e-12, 3.39873745467e-12, 5.99674086429e-12, 1.58196008376e-11, -5.58407382834e-11, 2.13970126339e-11, 1.3536828776e-11, 7.66730602619e-12, 6.55412573172e-13, 2.43609147611e-12, 3.82559028943e-13, 8.03725196206e-13, -6.2458935593e-12, 1.08526599166e-12, 3.17716547515e-11, 1.93039473295e-10, 1.13826525983e-09, 2.59171795136e-10, 5.91668727901e-12, 3.33757435751e-12, 3.27934836404e-12, 1.10172385537e-12, 4.45481867541e-14, 1.34296078523e-15], [3.51319247673e-14, 2.29302991525e-12, 7.09445132849e-12, 3.96796744767e-12, 8.92564928218e-12, 3.02511522776e-11, 6.35684144212e-11, -1.06236103248e-10, 6.23623652718e-11, 4.5393806769e-11, 2.63508624643e-11, 3.84667081174e-12, 7.5313531453e-12, 1.8597493337e-12, 3.49526657617e-12, -9.94517489195e-12, 1.0234004616e-11, 1.21796184249e-10, 6.78911371566e-10, 3.76563225046e-09, 8.53625781172e-10, 2.21530953304e-11, 1.16469620406e-11, 1.089040403e-11, 4.03712870425e-12, 1.42829026601e-13, 4.9924117676e-15], [2.72421601472e-14, 1.13226236113e-12, 3.96796744767e-12, 4.22214476922e-12, 3.52111742541e-11, 4.23312357389e-11, 7.0861143342e-11, -8.30247745554e-11, 6.04304384311e-11, 4.06251074447e-11, 2.1634664546e-11, 3.01836203601e-12, 6.83108691141e-12, 2.1614999287e-12, 3.11766649823e-12, -1.05318080645e-11, 7.95343305104e-12, 9.38451261145e-11, 5.4394244664e-10, 3.08894132495e-09, 6.98386959375e-10, 1.90377210524e-11, 9.52452786779e-12, 9.0114712567e-12, 3.3025726251e-12, 1.20086517228e-13, 4.02882835735e-15], [6.20107941775e-14, 3.39873745467e-12, 8.92564928218e-12, 3.52111742541e-11, 1.00191810404e-09, 1.60938862237e-09, 1.22788126888e-10, -1.42829736927e-09, 8.65914215331e-11, 1.18970805429e-10, 4.37334300718e-11, -2.63236290404e-11, 1.776108427e-11, -6.00006285975e-12, 6.50135934671e-12, -1.55100085553e-10, -9.06559341485e-11, 9.04048710892e-11, 1.59626167839e-09, 1.02989314854e-08, 2.30541075119e-09, 6.93902782456e-11, 3.26655195948e-11, 2.86865878274e-11, 1.02070426763e-11, 3.9072954941e-13, 1.194315778e-14], [1.84680843209e-13, 5.99674086429e-12, 3.02511522776e-11, 4.23312357389e-11, 1.60938862237e-09, 2.32875763118e-08, 1.34291342491e-08, 7.54535545155e-09, 2.20551976682e-09, 2.73039613141e-09, 7.55587925561e-10, 2.40741482305e-10, 1.53449336571e-10, 7.47469794393e-11, 1.27895208313e-10, 2.7272459846e-09, 4.7268111647e-10, 7.51228801388e-10, 5.26521493072e-09, 3.16438892867e-08, 6.87531631627e-09, 1.16334920863e-10, 1.09866706011e-10, 8.15777168039e-11, 3.01981183115e-11, 1.11301647152e-12, 3.65951470787e-14], [1.76082282435e-12, 1.58196008376e-11, 6.35684144212e-11, 7.0861143342e-11, 1.22788126888e-10, 1.34291342491e-08, 1.11980746453e-07, 1.4909576862e-07, 2.46503812917e-08, 4.16580796525e-08, 1.23218875103e-08, 4.19136947372e-09, 2.29817742614e-09, 1.59177837578e-09, 2.07089700943e-09, 4.2020353419e-08, 8.27791968305e-09, 2.35792096959e-08, 4.26548218968e-08, 2.42660917138e-07, 5.1923414901e-08, 2.83678347479e-09, 6.0500304766e-10, 5.83681547539e-10, 2.23565485569e-10, 1.07845555403e-11, 2.59643245489e-13], [1.06364448499e-11, -5.58407382834e-11, -1.06236103248e-10, -8.30247745554e-11, -1.42829736927e-09, 7.54535545155e-09, 1.4909576862e-07, 4.8935603445e-06, 4.69719623197e-07, 1.51525387793e-08, 3.31365441752e-08, 1.37147125656e-07, 6.50152776061e-09, 1.29118538084e-08, 2.0550213975e-08, 2.25635005791e-07, 1.62673629234e-07, 4.10963281183e-07, 1.79495359021e-07, 4.12205338307e-07, 3.44448096712e-08, 1.05445767673e-08, -1.27170760034e-10, 7.98564880888e-10, 4.17607781689e-10, 1.40670036383e-11, 3.62120544054e-13], [2.47625162562e-12, 2.13970126339e-11, 6.23623652718e-11, 6.04304384311e-11, 8.65914215331e-11, 2.20551976682e-09, 2.46503812917e-08, 4.69719623197e-07, 8.51605292951e-08, 6.74874334194e-09, 4.42418146562e-09, 1.03922719319e-08, 1.43926282004e-09, 9.95499238599e-10, 2.59253130075e-09, 2.2452288917e-08, 1.35799478329e-08, 1.76000050089e-08, 5.00842034512e-08, 2.9429148185e-07, 6.06284942251e-08, 1.2501204516e-09, 6.88915036129e-10, 8.11555378455e-10, 2.31882804624e-10, 1.14633667142e-11, 2.79550227368e-13], [7.71975690837e-13, 1.3536828776e-11, 4.5393806769e-11, 4.06251074447e-11, 1.18970805429e-10, 2.73039613141e-09, 4.16580796525e-08, 1.51525387793e-08, 6.74874334194e-09, 2.02842933561e-08, 5.27710053433e-09, 8.03416444484e-10, 1.0276109963e-09, 3.13796710838e-10, 8.948808361e-10, 1.98697183151e-08, 2.77053180398e-09, 8.58610516019e-09, 2.7966446936e-08, 1.68540907453e-07, 3.7704939615e-08, 1.45949052843e-09, 4.43280662177e-10, 4.52318765776e-10, 1.5153911459e-10, 7.34026121135e-12, 1.85663889319e-13], [5.3756836222e-13, 7.66730602619e-12, 2.63508624643e-11, 2.1634664546e-11, 4.37334300718e-11, 7.55587925561e-10, 1.23218875103e-08, 3.31365441752e-08, 4.42418146562e-09, 5.27710053433e-09, 2.76973088909e-09, 1.41263833964e-09, 4.2480671758e-10, 4.29363211651e-10, 3.73322511793e-10, 6.84194745304e-09, 4.61695082166e-09, 8.14108069846e-09, 1.70490537243e-08, 8.84914257426e-08, 1.94711411439e-08, 6.29181207135e-10, 2.24242999169e-10, 2.41436259873e-10, 7.34788965784e-11, 3.60622729595e-12, 8.93541154696e-14], [4.29090790677e-13, 6.55412573172e-13, 3.84667081174e-12, 3.01836203601e-12, -2.63236290404e-11, 2.40741482305e-10, 4.19136947372e-09, 1.37147125656e-07, 1.03922719319e-08, 8.03416444484e-10, 1.41263833964e-09, 4.53850246274e-09, 2.15630555078e-10, 4.63621224744e-10, 5.18362353041e-10, 6.92440416117e-09, 5.88518078715e-09, 1.77910735033e-08, 1.08511590824e-08, 3.70122350546e-08, 7.15077286273e-09, 5.36312105837e-10, 6.10822295521e-11, 1.01039517031e-10, 3.01276295578e-11, 1.42361838464e-12, 3.41557904464e-14], [1.77621291156e-13, 2.43609147611e-12, 7.5313531453e-12, 6.83108691141e-12, 1.776108427e-11, 1.53449336571e-10, 2.29817742614e-09, 6.50152776061e-09, 1.43926282004e-09, 1.0276109963e-09, 4.2480671758e-10, 2.15630555078e-10, 1.6182792606e-10, 1.28606042482e-10, 1.18044948816e-10, 1.03113162453e-09, 3.58364754538e-10, 8.87875661881e-10, 4.19097290205e-09, 2.62598014444e-08, 5.85560755439e-09, 1.4646926727e-10, 6.91437809786e-11, 7.33725857849e-11, 2.18450882383e-11, 1.05531794241e-12, 2.71494066513e-14], [1.25878880887e-13, 3.82559028943e-13, 1.8597493337e-12, 2.1614999287e-12, -6.00006285975e-12, 7.47469794393e-11, 1.59177837578e-09, 1.29118538084e-08, 9.95499238599e-10, 3.13796710838e-10, 4.29363211651e-10, 4.63621224744e-10, 1.28606042482e-10, 2.22263471517e-10, 1.08092319817e-10, 1.26255617072e-09, 1.19083665151e-09, 1.93661575665e-09, 2.31179630994e-09, 8.89355611378e-09, 1.76934389362e-09, 1.07738949706e-10, 2.08753257736e-11, 2.46608237303e-11, 8.74996602951e-12, 3.52430161877e-13, 1.08008931931e-14], [1.06969243034e-13, 8.03725196206e-13, 3.49526657617e-12, 3.11766649823e-12, 6.50135934671e-12, 1.27895208313e-10, 2.07089700943e-09, 2.0550213975e-08, 2.59253130075e-09, 8.948808361e-10, 3.73322511793e-10, 5.18362353041e-10, 1.18044948816e-10, 1.08092319817e-10, 2.21012402823e-10, 1.93739579935e-09, 7.31437577173e-10, 1.04151909319e-09, 2.5074744503e-09, 1.39323841353e-08, 2.72547251434e-09, 1.24866422757e-10, 3.38449303305e-11, 3.63838195683e-11, 1.42978892614e-11, 5.63792935948e-13, 1.68025857984e-14], [4.71109208502e-13, -6.2458935593e-12, -9.94517489195e-12, -1.05318080645e-11, -1.55100085553e-10, 2.7272459846e-09, 4.2020353419e-08, 2.25635005791e-07, 2.2452288917e-08, 1.98697183151e-08, 6.84194745304e-09, 6.92440416117e-09, 1.03113162453e-09, 1.26255617072e-09, 1.93739579935e-09, 5.11623561295e-08, 1.55197739105e-08, 1.77701373616e-08, 1.78088779279e-08, 4.051310043e-08, 3.34977556804e-09, 2.98362334838e-10, 1.00811416506e-11, 4.7922481955e-11, 3.46097907278e-11, 1.51720357198e-12, 3.63551657041e-14], [6.95784684208e-13, 1.08526599166e-12, 1.0234004616e-11, 7.95343305104e-12, -9.06559341485e-11, 4.7268111647e-10, 8.27791968305e-09, 1.62673629234e-07, 1.35799478329e-08, 2.77053180398e-09, 4.61695082166e-09, 5.88518078715e-09, 3.58364754538e-10, 1.19083665151e-09, 7.31437577173e-10, 1.55197739105e-08, 2.88866797149e-08, 3.07718792669e-08, 3.03225142773e-08, 7.00819668964e-08, 1.28013066814e-08, 7.25507931509e-10, 1.29714960995e-10, 2.06668335223e-10, 6.48580425477e-11, 2.99626534521e-12, 7.91326097531e-14], [3.86578789813e-12, 3.17716547515e-11, 1.21796184249e-10, 9.38451261145e-11, 9.04048710892e-11, 7.51228801388e-10, 2.35792096959e-08, 4.10963281183e-07, 1.76000050089e-08, 8.58610516019e-09, 8.14108069846e-09, 1.77910735033e-08, 8.87875661881e-10, 1.93661575665e-09, 1.04151909319e-09, 1.77701373616e-08, 3.07718792669e-08, 1.1844312553e-07, 8.61696491938e-08, 3.05823334656e-07, 7.16589241279e-08, 4.75843497938e-09, 7.5187939208e-10, 1.03654940187e-09, 3.1382937915e-10, 1.50808757843e-11, 3.75118122328e-13], [9.89550455466e-12, 1.93039473295e-10, 6.78911371566e-10, 5.4394244664e-10, 1.59626167839e-09, 5.26521493072e-09, 4.26548218968e-08, 1.79495359021e-07, 5.00842034512e-08, 2.7966446936e-08, 1.70490537243e-08, 1.08511590824e-08, 4.19097290205e-09, 2.31179630994e-09, 2.5074744503e-09, 1.78088779279e-08, 3.03225142773e-08, 8.61696491938e-08, 2.72261161172e-07, 1.51917618041e-06, 3.45430066773e-07, 8.86720474824e-09, 4.16946255299e-09, 4.42657421829e-09, 1.33907540611e-09, 6.15822878802e-11, 1.66921207759e-12], [4.97714959524e-11, 1.13826525983e-09, 3.76563225046e-09, 3.08894132495e-09, 1.02989314854e-08, 3.16438892867e-08, 2.42660917138e-07, 4.12205338307e-07, 2.9429148185e-07, 1.68540907453e-07, 8.84914257426e-08, 3.70122350546e-08, 2.62598014444e-08, 8.89355611378e-09, 1.39323841353e-08, 4.051310043e-08, 7.00819668964e-08, 3.05823334656e-07, 1.51917618041e-06, 9.51326182985e-06, 2.152018169e-06, 5.08145312494e-08, 2.58521293262e-08, 2.6923698826e-08, 7.92146082063e-09, 3.7710684575e-10, 9.71191616711e-12], [1.17130090349e-11, 2.59171795136e-10, 8.53625781172e-10, 6.98386959375e-10, 2.30541075119e-09, 6.87531631627e-09, 5.1923414901e-08, 3.44448096712e-08, 6.06284942251e-08, 3.7704939615e-08, 1.94711411439e-08, 7.15077286273e-09, 5.85560755439e-09, 1.76934389362e-09, 2.72547251434e-09, 3.34977556804e-09, 1.28013066814e-08, 7.16589241279e-08, 3.45430066773e-07, 2.152018169e-06, 4.91129299007e-07, 1.11368390066e-08, 5.87736614932e-09, 6.166189781e-09, 1.79153081259e-09, 8.59212770377e-11, 2.2196311629e-12], [2.2298783371e-13, 5.91668727901e-12, 2.21530953304e-11, 1.90377210524e-11, 6.93902782456e-11, 1.16334920863e-10, 2.83678347479e-09, 1.05445767673e-08, 1.2501204516e-09, 1.45949052843e-09, 6.29181207135e-10, 5.36312105837e-10, 1.4646926727e-10, 1.07738949706e-10, 1.24866422757e-10, 2.98362334838e-10, 7.25507931509e-10, 4.75843497938e-09, 8.86720474824e-09, 5.08145312494e-08, 1.11368390066e-08, 7.54112827739e-10, 1.46305773052e-10, 1.4220886968e-10, 5.7192715841e-11, 2.20404402194e-12, 6.59699888033e-14], [1.41946662215e-13, 3.33757435751e-12, 1.16469620406e-11, 9.52452786779e-12, 3.26655195948e-11, 1.09866706011e-10, 6.0500304766e-10, -1.27170760034e-10, 6.88915036129e-10, 4.43280662177e-10, 2.24242999169e-10, 6.10822295521e-11, 6.91437809786e-11, 2.08753257736e-11, 3.38449303305e-11, 1.00811416506e-11, 1.29714960995e-10, 7.5187939208e-10, 4.16946255299e-09, 2.58521293262e-08, 5.87736614932e-09, 1.46305773052e-10, 7.2168590548e-11, 7.43393402391e-11, 2.26242791862e-11, 1.03572760177e-12, 2.79263391519e-14], [1.58526905253e-13, 3.27934836404e-12, 1.089040403e-11, 9.0114712567e-12, 2.86865878274e-11, 8.15777168039e-11, 5.83681547539e-10, 7.98564880888e-10, 8.11555378455e-10, 4.52318765776e-10, 2.41436259873e-10, 1.01039517031e-10, 7.33725857849e-11, 2.46608237303e-11, 3.63838195683e-11, 4.7922481955e-11, 2.06668335223e-10, 1.03654940187e-09, 4.42657421829e-09, 2.6923698826e-08, 6.166189781e-09, 1.4220886968e-10, 7.43393402391e-11, 7.97692606413e-11, 2.33331461791e-11, 1.10967430991e-12, 2.89330767732e-14], [4.78451845742e-14, 1.10172385537e-12, 4.03712870425e-12, 3.3025726251e-12, 1.02070426763e-11, 3.01981183115e-11, 2.23565485569e-10, 4.17607781689e-10, 2.31882804624e-10, 1.5153911459e-10, 7.34788965784e-11, 3.01276295578e-11, 2.18450882383e-11, 8.74996602951e-12, 1.42978892614e-11, 3.46097907278e-11, 6.48580425477e-11, 3.1382937915e-10, 1.33907540611e-09, 7.92146082063e-09, 1.79153081259e-09, 5.7192715841e-11, 2.26242791862e-11, 2.33331461791e-11, 7.78720664341e-12, 3.31412821448e-13, 9.5229220695e-15], [2.17980413789e-15, 4.45481867541e-14, 1.42829026601e-13, 1.20086517228e-13, 3.9072954941e-13, 1.11301647152e-12, 1.07845555403e-11, 1.40670036383e-11, 1.14633667142e-11, 7.34026121135e-12, 3.60622729595e-12, 1.42361838464e-12, 1.05531794241e-12, 3.52430161877e-13, 5.63792935948e-13, 1.51720357198e-12, 2.99626534521e-12, 1.50808757843e-11, 6.15822878802e-11, 3.7710684575e-10, 8.59212770377e-11, 2.20404402194e-12, 1.03572760177e-12, 1.10967430991e-12, 3.31412821448e-13, 1.58300073218e-14, 4.03668612319e-16], [5.85958467018e-17, 1.34296078523e-15, 4.9924117676e-15, 4.02882835735e-15, 1.194315778e-14, 3.65951470787e-14, 2.59643245489e-13, 3.62120544054e-13, 2.79550227368e-13, 1.85663889319e-13, 8.93541154696e-14, 3.41557904464e-14, 2.71494066513e-14, 1.08008931931e-14, 1.68025857984e-14, 3.63551657041e-14, 7.91326097531e-14, 3.75118122328e-13, 1.66921207759e-12, 9.71191616711e-12, 2.2196311629e-12, 6.59699888033e-14, 2.79263391519e-14, 2.89330767732e-14, 9.5229220695e-15, 4.03668612319e-16, 1.20501132192e-17]]
    },
    "mfcc": {
        "kurt": [0.191677570343, 0.392011165619, 0.675639152527, -0.401802062988, -0.41760969162, -0.39293718338, 0.602224111557, -0.376703500748, -0.391176462173, 0.584169387817, 2.2474155426, 1.27915239334, 1.41258335114],
        "max": [-620.358093262, 121.48097229, 41.5472755432, 83.3640060425, 37.0156593323, 28.4720840454, 24.2952384949, 16.1784801483, 31.6245918274, 30.3809299469, 44.0977745056, 46.7713470459, 34.8888931274],
        "mean": [-965.042053223, 47.8078384399, -23.3648109436, 34.4083862305, -11.0584859848, -31.3504886627, -11.632229805, -11.9429531097, -2.46878004074, -2.86283874512, -5.84658336639, 1.35274958611, -2.4533033371],
        "median": [-981.294555664, 43.2104148865, -14.7382316589, 32.7499809265, -11.043176651, -30.9045143127, -11.6406326294, -13.8293571472, -2.20059394836, -2.35531234741, -6.68652915955, 0.125247955322, -2.41284561157],
        "min": [-1108.6652832, -24.0344619751, -140.394363403, -28.192237854, -70.4012756348, -98.5450439453, -63.2759017944, -41.1075439453, -29.8740081787, -36.0537796021, -32.7754936218, -25.5677337646, -27.2163486481],
        "skew": [0.85778927803, 0.52692848444, -0.918715536594, 0.0137656619772, -0.440247952938, -0.309403419495, -0.631180942059, 0.329459220171, 0.124726042151, -0.0482194684446, 0.948161125183, 0.6903039217, 0.639158248901],
        "var": [12075.2636719, 804.485717773, 1484.46984863, 487.129638672, 673.854797363, 725.026184082, 311.328094482, 157.719696045, 167.22203064, 109.028198242, 149.12020874, 171.017700195, 96.130355835],
        "cov": [[12170.3447266, 328.343444824, -3131.98803711, 158.22756958, -2257.18164062, -2046.79663086, 173.179550171, -191.06867981, 111.660430908, 66.0884780884, -77.2404785156, 284.330108643, 249.618499756], [328.343444824, 810.820251465, -26.2953338623, -235.072006226, -137.03666687, -195.744873047, -111.890846252, -176.211791992, -90.6320114136, 12.2536096573, -54.3890342712, -11.9769172668, 56.7338943481], [-3131.98803711, -26.2953338623, 1496.15856934, 80.9941253662, 583.485473633, 556.633422852, -45.0583000183, 80.7082672119, -156.268707275, -38.9020423889, -67.3585205078, -148.766479492, -149.266525269], [158.22756958, -235.072006226, 80.9941253662, 490.965301514, 89.7570419312, -39.2443466187, -26.4979228973, 21.1389217377, 48.4535827637, -59.6525306702, -67.6639404297, 53.8744735718, -12.9192085266], [-2257.18164062, -137.03666687, 583.485473633, 89.7570419312, 679.160766602, 527.057067871, 10.66010952, 76.6799621582, 51.6182937622, -32.3339920044, -21.1286449432, -51.2170448303, -66.9102783203], [-2046.79663086, -195.744873047, 556.633422852, -39.2443466187, 527.057067871, 730.735046387, 69.6972885132, 102.331474304, 52.280582428, -2.04659104347, 30.2861480713, -85.9498672485, -84.5325317383], [173.179550171, -111.890846252, -45.0583000183, -26.4979228973, 10.66010952, 69.6972885132, 313.779510498, 87.098815918, -0.553532481194, 60.4349250793, 3.37298440933, -67.3173370361, -17.5102272034], [-191.06867981, -176.211791992, 80.7082672119, 21.1389217377, 76.6799621582, 102.331474304, 87.098815918, 158.961578369, 49.8680725098, 10.1020641327, 22.0663127899, -49.6436386108, -60.3166236877], [111.660430908, -90.6320114136, -156.268707275, 48.4535827637, 51.6182937622, 52.280582428, -0.553532481194, 49.8680725098, 168.538742065, -12.5561723709, 15.7118968964, 70.909072876, -10.9880580902], [66.0884780884, 12.2536096573, -38.9020423889, -59.6525306702, -32.3339920044, -2.04659104347, 60.4349250793, 10.1020641327, -12.5561723709, 109.886688232, 49.0291023254, -14.5276918411, 19.1721744537], [-77.2404785156, -54.3890342712, -67.3585205078, -67.6639404297, -21.1286449432, 30.2861480713, 3.37298440933, 22.0663127899, 15.7118968964, 49.0291023254, 150.294387817, 58.5336380005, 9.7129573822], [284.330108643, -11.9769172668, -148.766479492, 53.8744735718, -51.2170448303, -85.9498672485, -67.3173370361, -49.6436386108, 70.909072876, -14.5276918411, 58.5336380005, 172.364303589, 50.8707046509], [249.618499756, 56.7338943481, -149.266525269, -12.9192085266, -66.9102783203, -84.5325317383, -17.5102272034, -60.3166236877, -10.9880580902, 19.1721744537, 9.7129573822, 50.8707046509, 96.8872909546]]
    },
    "sccoeffs": {
        "kurt": [2.34932899475, 1.19453716278, 5.53551292419, 12.0310945511, 5.01631355286, -0.165187358856],
        "max": [-0.523539066315, -0.412962943316, -0.525677263737, -0.452212512493, -0.55419331789, -0.707478880882],
        "mean": [-0.791875422001, -0.788519203663, -0.832358002663, -0.837509095669, -0.825146794319, -0.817361533642],
        "median": [-0.802935600281, -0.824811756611, -0.847378611565, -0.853625893593, -0.830221354961, -0.828503489494],
        "min": [-0.911257326603, -0.965325474739, -0.933979034424, -0.927348673344, -0.916730880737, -0.908142864704],
        "skew": [1.34388422966, 1.25699055195, 2.02187466621, 3.03285908699, 1.79095315933, 0.701818943024],
        "var": [0.00510127376765, 0.0124393859878, 0.00496642384678, 0.00450480403379, 0.00326109817252, 0.00167120900005],
        "cov": [[0.00514144124463, 0.000596097728703, 0.000319859827869, -0.000760856317356, 0.00018707937852, -0.00021266884869], [0.000596097728703, 0.0125373341143, 0.00441726995632, 0.00300983642228, 0.00214446964674, 0.00110741250683], [0.000319859827869, 0.00441726995632, 0.00500552961603, 0.00309296045452, 0.0023173163645, 0.000678784621414], [-0.000760856317356, 0.00300983642228, 0.00309296045452, 0.00454027485102, 0.0021757343784, 0.000948496977799], [0.00018707937852, 0.00214446964674, 0.0023173163645, 0.0021757343784, 0.00328677613288, 0.00120029284153], [-0.00021266884869, 0.00110741250683, 0.000678784621414, 0.000948496977799, 0.00120029284153, 0.00168436812237]]
    },
    "scvalleys": {
        "kurt": [1.80547904968, -0.39018535614, 0.0462830066681, 0.630250930786, -0.261825561523, -0.668068885803],
        "max": [-7.30195045471, -5.41507434845, -5.62316465378, -6.55558156967, -5.71279144287, -7.73298788071],
        "mean": [-9.89555644989, -8.90741920471, -9.7688369751, -9.91300773621, -9.34774017334, -11.6732368469],
        "median": [-10.0113716125, -9.11309432983, -10.0465726852, -10.1333761215, -9.3878326416, -11.8099842072],
        "min": [-11.2864675522, -11.1816234589, -11.9676132202, -11.7436819077, -11.7626924515, -13.6333379745],
        "skew": [1.04242396355, 0.557219445705, 0.856259465218, 0.939527690411, 0.528771460056, 0.455806791782],
        "var": [0.46791690588, 1.82450306416, 1.9766381979, 1.22014153004, 1.90247929096, 2.0672121048],
        "cov": [[0.47160127759, 0.464210748672, 0.530590772629, 0.38919916749, 0.540722966194, 0.562883079052], [0.464210748672, 1.83886921406, 1.70826601982, 1.16188037395, 1.55360531807, 1.49666130543], [0.530590772629, 1.70826601982, 1.99220228195, 1.40876996517, 1.71212315559, 1.59408700466], [0.38919916749, 1.16188037395, 1.40876996517, 1.22974896431, 1.28794980049, 1.16636300087], [0.540722966194, 1.55360531807, 1.71212315559, 1.28794980049, 1.91745948792, 1.8101785183], [0.562883079052, 1.49666130543, 1.59408700466, 1.16636300087, 1.8101785183, 2.08348941803]]
    }
},
"rhythm": {
    "beats_loudness": {
        "kurt": -1.34634721279,
        "max": 0.00166178436484,
        "mean": 0.000544916721992,
        "median": 0.000106139719719,
        "min": 6.00935891271e-06,
        "skew": 0.750983715057,
        "var": 4.70603339409e-07
    },
    "bpm": 145.605484009,
    "confidence": 0,
    "first_peak_bpm": {
        "kurt": 0,
        "max": 144,
        "mean": 144,
        "median": 144,
        "min": 144,
        "skew": 0,
        "var": 0
    },
    "first_peak_spread": {
        "kurt": 0,
        "max": 0.5,
        "mean": 0.5,
        "median": 0.5,
        "min": 0.5,
        "skew": 0,
        "var": 0
    },
    "first_peak_weight": {
        "kurt": 0,
        "max": 0.40000000596,
        "mean": 0.40000000596,
        "median": 0.40000000596,
        "min": 0.40000000596,
        "skew": 0,
        "var": 0
    },
    "onset_rate": 3.40172767639,
    "second_peak_bpm": {
        "kurt": 0,
        "max": 152,
        "mean": 152,
        "median": 152,
        "min": 152,
        "skew": 0,
        "var": 0
    },
    "second_peak_spread": {
        "kurt": 0,
        "max": 0,
        "mean": 0,
        "median": 0,
        "min": 0,
        "skew": 0,
        "var": 0
    },
    "second_peak_weight": {
        "kurt": 0,
        "max": 0.20000000298,
        "mean": 0.20000000298,
        "median": 0.20000000298,
        "min": 0.20000000298,
        "skew": 0,
        "var": 0
    },
    "beats_loudness_band_ratio": {
        "kurt": [0.338082313538, -1.49324429035, -1.33912050724, -0.531235218048, -0.8679728508, -1.16479575634],
        "max": [0.0543055571616, 0.84780216217, 0.698295354843, 0.168291628361, 0.426421284676, 0.753801107407],
        "mean": [0.0150960097089, 0.322332441807, 0.267431110144, 0.0590917058289, 0.169657543302, 0.293504953384],
        "median": [0.00897597614676, 0.107982166111, 0.124210134149, 0.0316739752889, 0.116115063429, 0.20068025589],
        "min": [0.000193542873603, 0.00464406656101, 0.0214763581753, 0.00238797301427, 0.0196108929813, 0.00862172432244],
        "skew": [1.32563507557, 0.669091582298, 0.702623724937, 0.971720397472, 0.767196834087, 0.602744340897],
        "var": [0.000351458904333, 0.129987955093, 0.0704791471362, 0.00326658901758, 0.0202429648489, 0.0735779628158],
        "cov": [[0.000421750679379, -0.00186438357923, -0.00316225434653, -7.0585301728e-05, 0.00156825745944, 0.00169640185777], [-0.00186438357923, 0.155985549092, 0.0328247472644, -0.013127011247, -0.0407790914178, -0.0889285206795], [-0.00316225434653, 0.0328247472644, 0.0845749825239, -0.00131093151867, -0.0197586454451, -0.0471531376243], [-7.0585301728e-05, -0.013127011247, -0.00131093151867, 0.00391990691423, 0.00746465753764, -0.000772544008214], [0.00156825745944, -0.0407790914178, -0.0197586454451, 0.00746465753764, 0.0242915563285, 0.0155375627801], [0.00169640185777, -0.0889285206795, -0.0471531376243, -0.000772544008214, 0.0155375627801, 0.0882935523987]]
    },
    "beats_position": [0.394739210606, 0.812698423862, 1.23065757751, 1.62539684772, 2.03174591064, 2.43809509277],
    "bpm_estimates": [143.554672241, 143.554702759, 147.656295776, 147.656265259],
    "bpm_intervals": [0.417959213257, 0.417959153652, 0.39473927021, 0.40634906292, 0.406349182129],
    "onset_times": [0.127709746361, 0.626938760281, 0.801088452339, 0.9287981987, 0.99845802784, 1.13777780533, 1.25387752056, 1.38158726692, 1.62539684772, 2.43809533119],
    "histogram": [[0, 0, 0, 0, 0, 0, 0, 0, 0, 0, 0, 0, 0, 0, 0, 0, 0, 0, 0, 0, 0, 0, 0, 0, 0, 0, 0, 0, 0, 0, 0, 0, 0, 0, 0, 0, 0, 0, 0, 0, 0, 0, 0, 0, 0, 0, 0, 0, 0, 0, 0, 0, 0, 0, 0, 0, 0, 0, 0, 0, 0, 0, 0, 0, 0, 0, 0, 0, 0, 0, 0, 0, 0, 0, 0, 0, 0, 0, 0, 0, 0, 0, 0, 0, 0, 0, 0, 0, 0, 0, 0, 0, 0, 0, 0, 0, 0, 0, 0, 0, 0, 0, 0, 0, 0, 0, 0, 0, 0, 0, 0, 0, 0, 0, 0, 0, 0, 0, 0, 0, 0, 0, 0, 0, 0, 0, 0, 0, 0, 0, 0, 0, 0, 0, 0, 0, 0, 0, 0, 0, 0, 0, 0, 0, 0.40000000596, 0, 0, 0, 0.40000000596, 0, 0, 0, 0.20000000298, 0, 0, 0, 0, 0, 0, 0, 0, 0, 0, 0, 0, 0, 0, 0, 0, 0, 0, 0, 0, 0, 0, 0, 0, 0, 0, 0, 0, 0, 0, 0, 0, 0, 0, 0, 0, 0, 0, 0, 0, 0, 0, 0, 0, 0, 0, 0, 0, 0, 0, 0, 0, 0, 0, 0, 0, 0, 0, 0, 0, 0, 0, 0, 0, 0, 0, 0, 0, 0, 0, 0, 0, 0, 0, 0, 0, 0, 0, 0, 0, 0, 0, 0, 0, 0, 0, 0, 0, 0, 0, 0, 0, 0, 0, 0, 0, 0]]
},
"sfx": {
    "inharmonicity": {
        "kurt": 6.42238807678,
        "max": 0.303380519152,
        "mean": 0.0318244546652,
        "median": 0.00435036560521,
        "min": 0,
        "skew": 2.59942436218,
        "var": 0.00373770226724
    },
    "oddtoevenharmonicenergyratio": {
        "kurt": 32.3977432251,
        "max": 14.3785657883,
        "mean": 0.577123939991,
        "median": 0.0496096983552,
        "min": 0,
        "skew": 5.39403486252,
        "var": 3.236089468
    },
    "pitch_after_max_to_before_max_energy_ratio": 18.314447403,
    "pitch_centroid": 58.6196289062,
    "pitch_max_to_total": 0.0703125,
    "pitch_min_to_total": 0.0234375,
    "tristimulus": {
        "kurt": [-1.18914449215, 1.25349712372, -0.10889005661],
        "max": [1, 0.991360485554, 0.794544517994],
        "mean": [0.629599273205, 0.217196896672, 0.153203651309],
        "median": [0.669769883156, 0.152059525251, 0],
        "min": [0, 0, 0],
        "skew": [-0.370553344488, 1.42825138569, 1.02542233467],
        "var": [0.109619408846, 0.0658091083169, 0.0398082844913],
        "cov": [[0.110482551157, -0.0683440715075, -0.0421385057271], [-0.0683440715075, 0.0663272887468, 0.00201676529832], [-0.0421385057271, 0.00201676529832, 0.0401217341423]]
    }
},
"tonal": {
    "chords_changes_rate": 0.169230774045,
    "chords_number_rate": 0.107692308724,
    "chords_strength": {
        "kurt": -0.86626458168,
        "max": 0.636373817921,
        "mean": 0.467831343412,
        "median": 0.461334496737,
        "min": 0.348878026009,
        "skew": 0.391982853413,
        "var": 0.00579660339281
    },
    "key_strength": 0.714527964592,
    "tuning_diatonic_strength": 0.584511995316,
    "tuning_equal_tempered_deviation": 0.234371051192,
    "tuning_frequency": 452.37008667,
    "tuning_nontempered_energy_ratio": 0.890491724014,
    "hpcp": {
        "kurt": [0.158804893494, 0.152652740479, -0.714333772659, 0.647229909897, 1.50322914124, 1.51425123215, 0.737253427505, -0.519696950912, -0.169408082962, 0.0311594009399, 1.65573501587, 0.912688016891, 1.90562820435, 2.65937042236, 5.22964286804, 5.91150569916, 2.66947174072, 4.40092277527, 3.83777761459, 1.85576295853, 1.20697069168, -0.385590553284, -0.270420789719, -0.256911039352, 0.00747466087341, -0.585654973984, 0.0440609455109, 0.749591112137, 1.46168851852, 1.50092172623, 1.87876033783, 3.74289608002, 2.24731397629, 6.55547523499, 3.53352975845, 1.26452159882],
        "max": [1, 1, 0.838987350464, 1, 1, 1, 1, 1, 1, 1, 1, 0.960847258568, 1, 0.89275932312, 1, 1, 0.874337136745, 1, 1, 0.92609167099, 1, 0.959209322929, 1, 1, 1, 1, 1, 1, 1, 0.836791932583, 0.765977859497, 1, 0.863193035126, 1, 1, 1],
        "mean": [0.280523717403, 0.277777254581, 0.258922278881, 0.247883602977, 0.243731021881, 0.243935123086, 0.271429657936, 0.296432673931, 0.299359202385, 0.278057992458, 0.237269073725, 0.242376506329, 0.231217816472, 0.188987657428, 0.191997975111, 0.191608712077, 0.176806479692, 0.177407041192, 0.183875158429, 0.19951120019, 0.240083321929, 0.298986375332, 0.318810969591, 0.300718337297, 0.288611263037, 0.293263703585, 0.273181825876, 0.244988769293, 0.23827509582, 0.192484498024, 0.172090932727, 0.176693722606, 0.166950672865, 0.17023229599, 0.186416968703, 0.238208025694],
        "median": [0.16527685523, 0.197949543595, 0.186771214008, 0.175964713097, 0.179925128818, 0.158453673124, 0.1782451123, 0.162741035223, 0.171180009842, 0.142274394631, 0.186574071646, 0.187296807766, 0.163214996457, 0.126545399427, 0.135488674045, 0.145399168134, 0.126527056098, 0.0891842246056, 0.101671896875, 0.149429574609, 0.138147756457, 0.203692644835, 0.208206802607, 0.236738085747, 0.168947607279, 0.161069497466, 0.108051463962, 0.120757542551, 0.116676367819, 0.122734151781, 0.127240359783, 0.111032962799, 0.111285142601, 0.102082408965, 0.12917996943, 0.141141399741],
