{
"metadata": {
    "version": {
        "essentia": "2.1-beta3"
    }
},
"lowLevel": {
    "average_loudness": 0.583297610283,
    "barkbands_kurtosis": {
        "kurt": 40.8445510864,
        "max": 330.781890869,
        "mean": 10.1331205368,
        "median": 0.683124780655,
        "min": -1.9055980444,
        "skew": 5.63175153732,
        "var": 933.297851562
    },
    "barkbands_skewness": {
        "kurt": 5.11556434631,
        "max": 15.8593950272,
        "mean": 1.60754060745,
        "median": 1.15177428722,
        "min": -3.33223772049,
        "skew": 1.73120701313,
        "var": 6.35543870926
    },
    "barkbands_spread": {
        "kurt": -1.16018211842,
        "max": 54.2151489258,
        "mean": 23.8188991547,
        "median": 24.4450969696,
        "min": 0.21935608983,
        "skew": -0.0344457663596,
        "var": 199.637374878
    },
    "dissonance": {
        "kurt": 3.36417675018,
        "max": 0.500000059605,
        "mean": 0.450494945049,
        "median": 0.476691305637,
        "min": 0.182810634375,
        "skew": -1.89457952976,
        "var": 0.00367975351401
    },
    "hfc": {
        "kurt": 80.779335022,
        "max": 19.8704319,
        "mean": 0.382576674223,
        "median": 0.00172370939981,
        "min": 6.12214478224e-07,
        "skew": 7.93389749527,
        "var": 2.23775148392
    },
    "pitch": {
        "kurt": -1.2504080534,
        "max": 4671.36816406,
        "mean": 1428.46508789,
        "median": 437.948394775,
        "min": 74.5498809814,
        "skew": 0.789267838001,
        "var": 2470643
    },
    "pitch_instantaneous_confidence": {
        "kurt": -0.864949464798,
        "max": 0.973878145218,
        "mean": 0.468585699797,
        "median": 0.42111068964,
        "min": 0.0691450238228,
        "skew": 0.579730391502,
        "var": 0.060464002192
    },
    "pitch_salience": {
        "kurt": 0.400359630585,
        "max": 0.888643324375,
        "mean": 0.617834448814,
        "median": 0.674752771854,
        "min": 0.0586494132876,
        "skew": -1.07340621948,
        "var": 0.0321726985276
    },
    "silence_rate_20dB": {
        "kurt": 0,
        "max": 1,
        "mean": 1,
        "median": 1,
        "min": 1,
        "skew": 0,
        "var": 0
    },
    "silence_rate_30dB": {
        "kurt": 0,
        "max": 1,
        "mean": 1,
        "median": 1,
        "min": 1,
        "skew": 0,
        "var": 0
    },
    "silence_rate_60dB": {
        "kurt": 18.0456829071,
        "max": 1,
        "mean": 0.956521749496,
        "median": 1,
        "min": 0,
        "skew": -4.4772567749,
        "var": 0.041587755084
    },
    "spectral_centroid": {
        "kurt": 0.611976861954,
        "max": 3828.1574707,
        "mean": 1259.2401123,
        "median": 955.383850098,
        "min": 221.150421143,
        "skew": 1.32107114792,
        "var": 799124.25
    },
    "spectral_complexity": {
        "kurt": 18.9284820557,
        "max": 8,
        "mean": 0.418219447136,
        "median": 0,
        "min": 0,
        "skew": 3.9345471859,
        "var": 1.216401577
    },
    "spectral_crest": {
        "kurt": 0.0308973789215,
        "max": 26.5203475952,
        "mean": 10.6206350327,
        "median": 8.39123725891,
        "min": 2.89347434044,
        "skew": 1.03643631935,
        "var": 36.051158905
    },
    "spectral_decrease": {
        "kurt": 34.2450866699,
        "max": -2.96557749188e-16,
        "mean": -1.20574494833e-10,
        "median": -4.14865732913e-13,
        "min": -3.92330345989e-09,
        "skew": -5.36701393127,
        "var": 1.75536372606e-19
    },
    "spectral_energy": {
        "kurt": 34.5292854309,
        "max": 0.0154054230079,
        "mean": 0.000489776313771,
        "median": 1.83333918358e-06,
        "min": 1.1748083617e-09,
        "skew": 5.40448236465,
        "var": 2.89730178338e-06
    },
    "spectral_energyband_high": {
        "kurt": 111.452018738,
        "max": 0.000902952800971,
        "mean": 1.24760736071e-05,
        "median": 4.01373476677e-08,
        "min": 3.48857887023e-11,
        "skew": 9.90758228302,
        "var": 4.46837145063e-09
    },
    "spectral_energyband_low": {
        "kurt": 21.1630916595,
        "max": 2.80536960418e-06,
        "mean": 1.82858144626e-07,
        "median": 8.30874569147e-08,
        "min": 6.17210060838e-10,
        "skew": 3.95765542984,
        "var": 8.60427994045e-14
    },
    "spectral_energyband_middle_high": {
        "kurt": 147.583740234,
        "max": 0.0044874092564,
        "mean": 5.72666649532e-05,
        "median": 2.93672911766e-07,
        "min": 1.28688545931e-10,
        "skew": 10.6933231354,
        "var": 7.601308738e-08
    },
    "spectral_energyband_middle_low": {
        "kurt": 36.1896018982,
        "max": 0.0152323823422,
        "mean": 0.00042187757208,
        "median": 5.30207330485e-07,
        "min": 3.71286279499e-10,
        "skew": 5.44029760361,
        "var": 2.23866027227e-06
    },
    "spectral_flatness_db": {
        "kurt": 0.33483672142,
        "max": 0.530330061913,
        "mean": 0.182000815868,
        "median": 0.138147205114,
        "min": 0.0649344101548,
        "skew": 1.16435825825,
        "var": 0.0103866606951
    },
    "spectral_flux": {
        "kurt": 5.41625881195,
        "max": 0.10384722054,
        "mean": 0.00982520915568,
        "median": 0.00110679445788,
        "min": 0.000144685051055,
        "skew": 2.35045647621,
        "var": 0.000322134786984
    },
    "spectral_kurtosis": {
        "kurt": 91.7761154175,
        "max": 120.696182251,
        "mean": 6.16104030609,
        "median": 3.97317361832,
        "min": 0.471667766571,
        "skew": 7.72718763351,
        "var": 64.2060623169
    },
    "spectral_rms": {
        "kurt": 9.66438770294,
        "max": 0.00387681322172,
        "mean": 0.000302002648823,
        "median": 4.22921220888e-05,
        "min": 1.07058599497e-06,
        "skew": 3.00634622574,
        "var": 3.86625288229e-07
    },
    "spectral_rolloff": {
        "kurt": -1.29391920567,
        "max": 5361.76757812,
        "mean": 2275.29736328,
        "median": 2562.45117188,
        "min": 172.265625,
        "skew": 0.175289183855,
        "var": 2311669.75
    },
    "spectral_skewness": {
        "kurt": 14.445306778,
        "max": 8.86731815338,
        "mean": 1.84404695034,
        "median": 1.63759660721,
        "min": 0.745008528233,
        "skew": 2.84019780159,
        "var": 0.677716255188
    },
    "spectral_spread": {
        "kurt": 1.9463801384,
        "max": 14779377,
        "mean": 5506685.5,
        "median": 5730831,
        "min": 1051830.75,
        "skew": 0.248737737536,
        "var": 2.54678951526e+12
    },
    "spectral_strongpeak": {
        "kurt": 16.6278324127,
        "max": 2.01055145264,
        "mean": 0.102452285588,
        "median": 0.00702007906511,
        "min": 0,
        "skew": 3.78291678429,
        "var": 0.0612565129995
    },
    "zerocrossingrate": {
        "kurt": 0.0100002288818,
        "max": 0.18359375,
        "mean": 0.0761658102274,
        "median": 0.06787109375,
        "min": 0.00927734375,
        "skew": 0.888208627701,
        "var": 0.00176176859532
    },
    "barkbands": {
        "kurt": [85.5010452271, 29.443157196, 14.3297939301, 37.318195343, 103.742835999, 80.3104400635, 75.067855835, 241.996276855, 367.572601318, 86.6384963989, 58.9019012451, 138.243103027, 60.6835441589, 267.288269043, 52.0547676086, 166.354858398, 69.8061676025, 273.738311768, 104.709701538, 75.0119247437, 137.047302246, 54.3944282532, 91.7682418823, 87.5756835938, 140.423751831, 62.3773574829, 131.287536621],
        "max": [7.2174728416e-08, 5.78028220843e-07, 1.28536771626e-06, 3.06952529172e-06, 0.000221420588787, 0.0102955801412, 0.0118024554104, 0.00907136220485, 0.00303880893625, 0.000673013797496, 0.000232418067753, 2.8031245165e-05, 4.23306519224e-05, 1.91279377759e-05, 2.14824503928e-05, 0.00012694162433, 0.00029544395511, 0.00364267686382, 0.000636902579572, 0.00016225843865, 0.000849771604408, 5.02482143929e-05, 6.91877585268e-06, 6.23358255325e-06, 7.56914687372e-06, 5.55259909163e-08, 7.43181782781e-09],
        "mean": [2.31653429772e-09, 3.14623953557e-08, 9.70938103251e-08, 1.24913583477e-07, 3.08588914777e-06, 0.000155648202053, 0.000189807891729, 5.35031467734e-05, 1.58742095664e-05, 1.06836669147e-05, 4.27851500717e-06, 3.5409738075e-07, 7.73450892666e-07, 1.95774362055e-07, 4.9698866178e-07, 1.18894820389e-06, 5.87238218941e-06, 2.52454938163e-05, 8.95020093594e-06, 2.65923722509e-06, 9.49100194703e-06, 1.13639305255e-06, 8.81587425283e-08, 8.65187388399e-08, 9.98954661213e-08, 1.09351872002e-09, 7.72474376132e-11],
        "median": [9.38136679451e-10, 1.4232732326e-08, 3.56445681859e-08, 3.49783420006e-08, 6.83867398266e-08, 9.1841023675e-08, 8.3929357686e-08, 2.71164655175e-08, 2.96187216975e-08, 2.24109530933e-08, 1.12994458235e-08, 7.30723304088e-09, 8.04893574013e-09, 5.79095082998e-09, 7.91648790965e-09, 1.0255371663e-08, 2.28389716028e-08, 3.54700233629e-08, 2.71042726041e-08, 2.00956424834e-08, 2.0569867587e-08, 4.57663285047e-09, 5.61381441333e-10, 3.75645820005e-10, 3.71875502614e-10, 1.47331816885e-11, 3.59609667348e-13],
        "min": [1.96339264291e-11, 3.01186547924e-10, 1.72846958968e-10, 9.90761223063e-11, 1.48144413403e-10, 8.94868693035e-11, 1.87973074606e-11, 5.00321008581e-12, 9.26465414802e-12, 1.90817782582e-12, 1.70207381175e-12, 5.98756504447e-12, 9.0795825719e-12, 7.2666516901e-12, 3.15753950764e-11, 2.38190751845e-11, 6.93233057764e-12, 1.72904277701e-11, 2.14164380674e-11, 1.90139744227e-11, 1.03324840003e-11, 5.18991533777e-12, 1.09297846381e-12, 6.32440009651e-13, 6.3423637002e-13, 2.6510865443e-13, 2.9590831738e-14],
        "skew": [7.64713191986, 4.55397605896, 3.47220134735, 5.59404373169, 9.25471305847, 8.23423671722, 7.71976137161, 14.5338096619, 18.3383598328, 8.61834621429, 7.5612206459, 10.4510221481, 7.3982872963, 14.711104393, 6.69461965561, 12.144329071, 7.86910295486, 15.4078826904, 9.01096057892, 8.00951766968, 11.1956453323, 7.0831823349, 8.73654556274, 8.26861763, 10.214515686, 7.49778842926, 10.9755601883],
        "var": [2.49762752272e-17, 2.91182801036e-15, 2.76671098006e-14, 1.01497098486e-13, 2.5418542271e-10, 7.02313343481e-07, 7.97676875663e-07, 2.42599185185e-07, 2.16386855101e-08, 3.0259774686e-09, 6.13762152213e-10, 3.08938660244e-12, 1.46819691821e-11, 9.94782381469e-13, 4.01242494091e-12, 6.1557578479e-11, 7.78287545522e-10, 3.62906398266e-08, 1.87405646557e-09, 1.71582081876e-10, 3.52189788444e-09, 2.52964212077e-11, 2.51337796062e-13, 1.9697175206e-13, 2.18524471522e-13, 2.94291803705e-17, 2.66521729268e-19],
        "cov": [[2.50280931295e-17, 2.36522965562e-17, 1.35533874239e-16, 3.02613584774e-16, 4.54123543308e-15, 1.03427563822e-12, 1.96755285675e-12, 3.12608988175e-13, 4.91016258143e-14, 5.19513665214e-14, 1.51884188278e-14, 1.44194134968e-15, 3.26632950999e-15, 6.36977617242e-16, 1.73007390037e-15, 5.47184512124e-15, 2.00242976362e-14, 1.68506037574e-13, 3.98293119948e-14, 9.76866242113e-15, 6.18731818168e-14, 5.00783623757e-15, 1.30333568399e-16, 7.20120677278e-17, 4.74012819234e-16, 2.28098073121e-18, 2.40942823186e-19], [2.36522965562e-17, 2.9178692611e-15, 6.04737351571e-15, 4.64023494989e-15, 7.59368933565e-15, -4.35889415925e-13, -1.47560674617e-13, 2.33233679765e-13, 2.65288713306e-13, 5.31302263198e-14, -1.1927475812e-14, 2.1545481565e-15, -2.5258583897e-15, 2.16921537902e-15, -8.05198995841e-16, -5.71467125601e-15, 8.42333134124e-14, 4.90247694328e-14, 1.96043702105e-13, 3.44267630625e-14, -7.54978168876e-15, 1.80881238908e-15, 1.68111359607e-15, -1.94371810236e-17, 1.15974533528e-16, 5.59677847079e-18, 9.71332240529e-19], [1.35533874239e-16, 6.04737351571e-15, 2.77245115293e-14, 2.38115445737e-14, 8.03726456591e-14, 7.96229748801e-12, 9.33856984797e-12, 5.09262250425e-12, 2.9040060287e-12, 1.41121446126e-12, 9.19610592645e-14, 3.83735164684e-14, 2.05589956544e-14, 4.68588553647e-14, 2.47107733852e-14, 3.62798238175e-14, 2.60984783047e-13, 1.26316871459e-12, 1.32173308756e-12, 3.79397820669e-13, 6.58096027759e-13, 7.90084753806e-14, 1.51225349111e-14, 6.20796122163e-15, 9.28150158591e-15, 1.16728392851e-16, 7.80058614598e-18], [3.02613584774e-16, 4.64023494989e-15, 2.38115445737e-14, 1.01707670877e-13, 7.0649020488e-13, 5.85557730776e-12, 2.02817294209e-11, 3.97909656613e-12, 6.97845210437e-12, 1.37826046149e-12, 3.44352286486e-13, 6.59244929696e-14, 7.5389130702e-14, 5.9173769129e-14, 5.25668511541e-14, 5.56011400116e-14, 4.87082867529e-13, 1.48595014331e-12, 2.02624592452e-12, 1.11724160739e-12, 8.08977071529e-13, 1.09832810707e-13, 3.07854768425e-14, 1.79448131159e-14, 1.51542783178e-14, 2.01061163602e-16, 1.61840715804e-17], [4.54123543308e-15, 7.59368933565e-15, 8.03726456591e-14, 7.0649020488e-13, 2.54712778647e-10, 2.69576427847e-09, -3.72252006997e-10, -3.7126048763e-11, 7.22824855526e-11, 3.31883869345e-12, -5.4402619562e-13, 6.51426558095e-13, -7.07785121744e-13, 6.24100977061e-13, 8.28293800193e-14, -5.29082637077e-13, 3.45576605526e-12, 6.84239080326e-12, 5.31934253589e-11, 3.59146358486e-11, 3.92190809993e-13, 1.99268553047e-12, 4.24558934016e-13, 1.76529309833e-13, 1.6343376034e-13, 2.81451387736e-15, 2.90853114637e-16], [1.03427563822e-12, -4.35889415925e-13, 7.96229748801e-12, 5.85557730776e-12, 2.69576427847e-09, 7.03770410837e-07, 1.4393576464e-07, -2.54522358745e-09, 1.23231238547e-08, 7.22612059079e-09, -2.23580293168e-10, 4.56032489549e-10, -1.43895572541e-11, 8.08897046567e-11, 1.32957311827e-10, 2.05578207235e-10, 1.77068493201e-09, 1.10602726977e-08, 5.64982727269e-09, 2.75234479652e-09, 7.94062149367e-09, 1.08267739218e-09, 1.69077737922e-11, 1.56972178311e-11, 1.502303143e-10, 4.67654344069e-13, 4.45502399619e-14], [1.96755285675e-12, -1.47560674617e-13, 9.33856984797e-12, 2.02817294209e-11, -3.72252006997e-10, 1.4393576464e-07, 7.9933181496e-07, 3.74853001972e-08, 6.54975584879e-09, 1.743080702e-08, 1.07087121393e-08, 2.95014374041e-10, 2.49570186739e-09, 1.61432034407e-10, 1.02149833037e-09, 5.22964116456e-09, 7.58754392649e-09, 1.1346244122e-07, 1.74933969532e-08, 7.41483929811e-10, 3.84092295747e-08, 2.85929502297e-09, -7.23125292285e-12, 1.04269511862e-12, 1.57272819767e-10, 3.37169555513e-13, 2.2074078405e-14], [3.12608988175e-13, 2.33233679765e-13, 5.09262250425e-12, 3.97909656613e-12, -3.7126048763e-11, -2.54522358745e-09, 3.74853001972e-08, 2.43102505237e-07, 2.38663844243e-08, 1.16237930392e-09, 6.21621032426e-10, 4.45622649892e-10, 1.3941166277e-10, 1.20783494317e-10, 4.85480988743e-10, 2.28561447546e-10, 8.07236333333e-10, 1.03954675978e-08, 3.91432841695e-09, 3.28077925937e-10, 1.81297787893e-09, 1.91263005433e-10, -1.20663255863e-12, 5.32255229474e-13, 1.11759126259e-11, 5.15397864361e-14, -1.02887292158e-15], [4.91016258143e-14, 2.65288713306e-13, 2.9040060287e-12, 6.97845210437e-12, 7.22824855526e-11, 1.23231238547e-08, 6.54975584879e-09, 2.38663844243e-08, 2.16835776001e-08, 9.23503773453e-10, 1.97610691699e-10, 2.11696590813e-10, 3.56311299909e-11, 2.72168572402e-11, 6.64413454809e-11, 2.92312007932e-11, 3.9839598287e-10, 3.71267794286e-09, 1.83483983562e-09, 1.9961469977e-10, 4.15742162918e-10, 8.96224483515e-11, 8.1612498606e-14, 3.28599587861e-13, 6.05473180273e-12, 1.32796656565e-14, 5.4980707436e-16], [5.19513665214e-14, 5.31302263198e-14, 1.41121446126e-12, 1.37826046149e-12, 3.31883869345e-12, 7.22612059079e-09, 1.743080702e-08, 1.16237930392e-09, 9.23503773453e-10, 3.03225533571e-09, 2.658712972e-10, 3.80016747237e-11, 5.22504678413e-11, 3.15102562098e-11, 2.80572787226e-11, 1.06172154402e-10, 6.8778194251e-10, 3.093844958e-09, 7.71271047029e-10, 1.56594348599e-10, 1.52961665556e-09, 1.42647463286e-10, -5.51577446911e-13, 2.11083456486e-13, 1.31793430336e-11, 1.3107969537e-14, 5.28295878571e-16], [1.51884188278e-14, -1.1927475812e-14, 9.19610592645e-14, 3.44352286486e-13, -5.4402619562e-13, -2.23580293168e-10, 1.07087121393e-08, 6.21621032426e-10, 1.97610691699e-10, 2.658712972e-10, 6.15035522511e-10, 2.52734443616e-12, 8.14421238782e-11, 3.70020247081e-12, 3.11523827567e-11, 1.02704893201e-10, 1.85970447375e-10, 2.29135910246e-09, 3.18511494957e-10, 7.85200984094e-12, 5.455167984e-10, 5.1497157233e-11, -1.57615633327e-13, -1.55741495004e-13, 6.2064188424e-13, 3.14736097969e-15, 1.98816301298e-16], [1.44194134968e-15, 2.1545481565e-15, 3.83735164684e-14, 6.59244929696e-14, 6.51426558095e-13, 4.56032489549e-10, 2.95014374041e-10, 4.45622649892e-10, 2.11696590813e-10, 3.80016747237e-11, 2.52734443616e-12, 3.09579618885e-12, 5.61750624316e-13, 5.41518327575e-13, 1.33641860599e-12, 9.0097916107e-13, 9.01910317264e-12, 7.56446016936e-11, 3.22618182169e-11, 6.06243180656e-12, 2.93708217469e-11, 3.47108648248e-12, 4.50088507046e-14, 5.67383427296e-14, 3.26860392051e-13, 1.01324834008e-15, 6.66108959652e-17], [3.26632950999e-15, -2.5258583897e-15, 2.05589956544e-14, 7.5389130702e-14, -7.07785121744e-13, -1.43895572541e-11, 2.49570186739e-09, 1.3941166277e-10, 3.56311299909e-11, 5.22504678413e-11, 8.14421238782e-11, 5.61750624316e-13, 1.47124309263e-11, 9.43530952154e-13, 5.73500405152e-12, 2.36544794169e-11, 3.71447629599e-11, 4.54868420707e-10, 6.60288837495e-11, 1.7670851761e-12, 1.27847565867e-10, 1.08579447516e-11, 7.98916054839e-14, 5.79718158243e-14, 1.79269305563e-13, 1.80206196001e-15, 1.16461696587e-16], [6.36977617242e-16, 2.16921537902e-15, 4.68588553647e-14, 5.9173769129e-14, 6.24100977061e-13, 8.08897046567e-11, 1.61432034407e-10, 1.20783494317e-10, 2.72168572402e-11, 3.15102562098e-11, 3.70020247081e-12, 5.41518327575e-13, 9.43530952154e-13, 9.96846268725e-13, 5.47193746477e-13, 1.16168218708e-12, 5.29928835188e-12, 3.26374621773e-11, 9.03407296887e-12, 2.42043256098e-12, 1.31577873597e-11, 1.16711642521e-12, 1.06443696359e-13, 1.0052694083e-13, 1.34274956063e-13, 1.47768825764e-15, 6.49863000073e-17], [1.73007390037e-15, -8.05198995841e-16, 2.47107733852e-14, 5.25668511541e-14, 8.28293800193e-14, 1.32957311827e-10, 1.02149833037e-09, 4.85480988743e-10, 6.64413454809e-11, 2.80572787226e-11, 3.11523827567e-11, 1.33641860599e-12, 5.73500405152e-12, 5.47193746477e-13, 4.02074944519e-12, 1.00019376462e-11, 1.91944932171e-11, 1.83766751816e-10, 4.14318752917e-11, 4.88650266084e-12, 5.59667867606e-11, 5.85528587421e-12, 1.50834992283e-13, 1.21886658752e-13, 2.0441290262e-13, 2.22048501277e-15, 1.15238673655e-16], [5.47184512124e-15, -5.71467125601e-15, 3.62798238175e-14, 5.56011400116e-14, -5.29082637077e-13, 2.05578207235e-10, 5.22964116456e-09, 2.28561447546e-10, 2.92312007932e-11, 1.06172154402e-10, 1.02704893201e-10, 9.0097916107e-13, 2.36544794169e-11, 1.16168218708e-12, 1.00019376462e-11, 6.16852888213e-11, 4.91540697034e-11, 1.09163500461e-09, 1.74436687317e-10, 9.48879603363e-12, 3.3384095488e-10, 2.89791003694e-11, 3.74053164744e-13, 2.55395314272e-13, 6.05643898748e-13, 6.4320353175e-15, 3.32971060316e-16], [2.00242976362e-14, 8.42333134124e-14, 2.60984783047e-13, 4.87082867529e-13, 3.45576605526e-12, 1.77068493201e-09, 7.58754392649e-09, 8.07236333333e-10, 3.9839598287e-10, 6.8778194251e-10, 1.85970447375e-10, 9.01910317264e-12, 3.71447629599e-11, 5.29928835188e-12, 1.91944932171e-11, 4.91540697034e-11, 7.79902253889e-10, 1.40752742794e-09, 3.87838094973e-10, 5.66166453997e-11, 4.27417240489e-10, 4.22814387668e-11, 2.27687898917e-12, 1.13539505488e-12, 2.35842920714e-12, 2.12760615603e-14, 2.04329948449e-15], [1.68506037574e-13, 4.90247694328e-14, 1.26316871459e-12, 1.48595014331e-12, 6.84239080326e-12, 1.10602726977e-08, 1.1346244122e-07, 1.03954675978e-08, 3.71267794286e-09, 3.093844958e-09, 2.29135910246e-09, 7.56446016936e-11, 4.54868420707e-10, 3.26374621773e-11, 1.83766751816e-10, 1.09163500461e-09, 1.40752742794e-09, 3.63659289349e-08, 5.21148058041e-09, 2.8988092482e-10, 1.01667314567e-08, 7.26371129911e-10, 6.03347797071e-12, 3.35163776073e-12, 2.82148245739e-11, 9.85762103997e-14, 7.39142295004e-15], [3.98293119948e-14, 1.96043702105e-13, 1.32173308756e-12, 2.02624592452e-12, 5.31934253589e-11, 5.64982727269e-09, 1.74933969532e-08, 3.91432841695e-09, 1.83483983562e-09, 7.71271047029e-10, 3.18511494957e-10, 3.22618182169e-11, 6.60288837495e-11, 9.03407296887e-12, 4.14318752917e-11, 1.74436687317e-10, 3.87838094973e-10, 5.21148058041e-09, 1.87794468864e-09, 3.68565150621e-10, 1.69507563541e-09, 1.77339920526e-10, 1.21092519692e-11, 7.21889995697e-12, 1.10805913056e-11, 1.11750486523e-13, 1.0196863834e-14], [9.76866242113e-15, 3.44267630625e-14, 3.79397820669e-13, 1.11724160739e-12, 3.59146358486e-11, 2.75234479652e-09, 7.41483929811e-10, 3.28077925937e-10, 1.9961469977e-10, 1.56594348599e-10, 7.85200984094e-12, 6.06243180656e-12, 1.7670851761e-12, 2.42043256098e-12, 4.88650266084e-12, 9.48879603363e-12, 5.66166453997e-11, 2.8988092482e-10, 3.68565150621e-10, 1.71938061011e-10, 1.66935118506e-10, 2.89214902027e-11, 3.54010093809e-12, 2.46524003468e-12, 2.41488339742e-12, 3.43861969606e-14, 2.65191467994e-15], [6.18731818168e-14, -7.54978168876e-15, 6.58096027759e-13, 8.08977071529e-13, 3.92190809993e-13, 7.94062149367e-09, 3.84092295747e-08, 1.81297787893e-09, 4.15742162918e-10, 1.52961665556e-09, 5.455167984e-10, 2.93708217469e-11, 1.27847565867e-10, 1.31577873597e-11, 5.59667867606e-11, 3.3384095488e-10, 4.27417240489e-10, 1.01667314567e-08, 1.69507563541e-09, 1.66935118506e-10, 3.52920470625e-09, 2.58199184255e-10, 3.92946482644e-12, 3.1106068242e-12, 1.62069472426e-11, 5.83898841821e-14, 3.83237939403e-15], [5.00783623757e-15, 1.80881238908e-15, 7.90084753806e-14, 1.09832810707e-13, 1.99268553047e-12, 1.08267739218e-09, 2.85929502297e-09, 1.91263005433e-10, 8.96224483515e-11, 1.42647463286e-10, 5.1497157233e-11, 3.47108648248e-12, 1.08579447516e-11, 1.16711642521e-12, 5.85528587421e-12, 2.89791003694e-11, 4.22814387668e-11, 7.26371129911e-10, 1.77339920526e-10, 2.89214902027e-11, 2.58199184255e-10, 2.53489035318e-11, 8.71533205847e-13, 5.99847211832e-13, 1.41633677442e-12, 1.01133912781e-14, 7.26163410324e-16], [1.30333568399e-16, 1.68111359607e-15, 1.51225349111e-14, 3.07854768425e-14, 4.24558934016e-13, 1.69077737922e-11, -7.23125292285e-12, -1.20663255863e-12, 8.1612498606e-14, -5.51577446911e-13, -1.57615633327e-13, 4.50088507046e-14, 7.98916054839e-14, 1.06443696359e-13, 1.50834992283e-13, 3.74053164744e-13, 2.27687898917e-12, 6.03347797071e-12, 1.21092519692e-11, 3.54010093809e-12, 3.92946482644e-12, 8.71533205847e-13, 2.51859243097e-13, 1.88939115004e-13, 1.05052000898e-13, 2.45337735689e-15, 1.93013357986e-16], [7.20120677278e-17, -1.94371810236e-17, 6.20796122163e-15, 1.79448131159e-14, 1.76529309833e-13, 1.56972178311e-11, 1.04269511862e-12, 5.32255229474e-13, 3.28599587861e-13, 2.11083456486e-13, -1.55741495004e-13, 5.67383427296e-14, 5.79718158243e-14, 1.0052694083e-13, 1.21886658752e-13, 2.55395314272e-13, 1.13539505488e-12, 3.35163776073e-12, 7.21889995697e-12, 2.46524003468e-12, 3.1106068242e-12, 5.99847211832e-13, 1.88939115004e-13, 1.97380401411e-13, 1.07203647543e-13, 2.23039445122e-15, 1.88258551772e-16], [4.74012819234e-16, 1.15974533528e-16, 9.28150158591e-15, 1.51542783178e-14, 1.6343376034e-13, 1.502303143e-10, 1.57272819767e-10, 1.11759126259e-11, 6.05473180273e-12, 1.31793430336e-11, 6.2064188424e-13, 3.26860392051e-13, 1.79269305563e-13, 1.34274956063e-13, 2.0441290262e-13, 6.05643898748e-13, 2.35842920714e-12, 2.82148245739e-11, 1.10805913056e-11, 2.41488339742e-12, 1.62069472426e-11, 1.41633677442e-12, 1.05052000898e-13, 1.07203647543e-13, 2.18977844212e-13, 1.39445318865e-15, 1.00673287e-16], [2.28098073121e-18, 5.59677847079e-18, 1.16728392851e-16, 2.01061163602e-16, 2.81451387736e-15, 4.67654344069e-13, 3.37169555513e-13, 5.15397864361e-14, 1.32796656565e-14, 1.3107969537e-14, 3.14736097969e-15, 1.01324834008e-15, 1.80206196001e-15, 1.47768825764e-15, 2.22048501277e-15, 6.4320353175e-15, 2.12760615603e-14, 9.85762103997e-14, 1.11750486523e-13, 3.43861969606e-14, 5.83898841821e-14, 1.01133912781e-14, 2.45337735689e-15, 2.23039445122e-15, 1.39445318865e-15, 2.94902362259e-17, 2.04743062795e-18], [2.40942823186e-19, 9.71332240529e-19, 7.80058614598e-18, 1.61840715804e-17, 2.90853114637e-16, 4.45502399619e-14, 2.2074078405e-14, -1.02887292158e-15, 5.4980707436e-16, 5.28295878571e-16, 1.98816301298e-16, 6.66108959652e-17, 1.16461696587e-16, 6.49863000073e-17, 1.15238673655e-16, 3.32971060316e-16, 2.04329948449e-15, 7.39142295004e-15, 1.0196863834e-14, 2.65191467994e-15, 3.83237939403e-15, 7.26163410324e-16, 1.93013357986e-16, 1.88258551772e-16, 1.00673287e-16, 2.04743062795e-18, 2.67074673658e-19]]
    },
    "mfcc": {
        "kurt": [0.257594347, -0.252718687057, 1.6651263237, 0.456257343292, -0.190919876099, -0.671539783478, -0.270562887192, 1.71930885315, 0.843463897705, 1.28064870834, 2.98444795609, 3.38534784317, 1.70111274719],
        "max": [-774.577453613, 153.996276855, 61.7536964417, 82.196105957, 32.29845047, 22.064453125, 24.6023750305, 35.8190879822, 30.0804328918, 21.8929309845, 50.1444892883, 51.9408721924, 19.6720657349],
        "mean": [-1048.35327148, 47.7596511841, 3.3562567234, 19.2561092377, -11.9083681107, -21.6193466187, -10.0276622772, -7.32664680481, -3.71460485458, -9.47210788727, -0.648590326309, 0.912802696228, -5.95175361633],
        "median": [-1086.82739258, 34.4409599304, 13.6786499023, 15.0318641663, -3.47636413574, -12.3266372681, -5.42516708374, -5.32145690918, -3.45079040527, -4.96099090576, -1.72761917114, -1.82172393799, -4.47774124146],
        "min": [-1138.42004395, -2.30067825317, -119.39691925, -22.2786064148, -82.9873809814, -98.5266723633, -55.1159591675, -61.2340240479, -31.3416080475, -59.8380126953, -37.1051101685, -34.310508728, -45.6637992859],
        "skew": [1.17793941498, 0.938188910484, -1.29742515087, 0.753742039204, -0.852852642536, -0.694468379021, -0.657569289207, -0.825000941753, 0.117690198123, -1.28666090965, 0.810258209705, 1.57944262028, -0.764050722122],
        "var": [8098.83300781, 1184.35766602, 961.412780762, 339.311584473, 541.988586426, 718.132629395, 224.032119751, 165.113830566, 92.0809860229, 211.266937256, 123.41317749, 134.629882812, 83.1683197021],
        "cov": [[8115.63525391, 1878.31921387, -2180.5949707, 595.208618164, -1874.95031738, -2060.3894043, -879.735656738, -560.873718262, 125.339828491, -841.608947754, 261.625305176, 420.837677002, -348.248748779], [1878.31921387, 1186.81481934, -208.862335205, -92.143157959, -534.847717285, -684.416625977, -371.01385498, -77.3631973267, 15.8664808273, -285.489257812, 50.2188034058, 171.347320557, -92.4523162842], [-2180.5949707, -208.862335205, 963.407409668, -173.901916504, 501.672943115, 492.096923828, 158.121139526, 106.987731934, -114.079963684, 228.255935669, -147.370880127, -170.403274536, 88.620552063], [595.208618164, -92.143157959, -173.901916504, 340.015563965, -59.954624176, -107.555053711, 20.6800899506, -116.674789429, -42.4196243286, -40.6251602173, -5.39686775208, -33.1933135986, -52.1701126099], [-1874.95031738, -534.847717285, 501.672943115, -59.954624176, 543.113098145, 572.402160645, 263.189453125, 143.835906982, -33.7943115234, 218.173614502, -73.0799255371, -130.103775024, 76.9432983398], [-2060.3894043, -684.416625977, 492.096923828, -107.555053711, 572.402160645, 719.622558594, 314.466339111, 143.734832764, -4.57511663437, 253.926727295, -79.1985931396, -153.735153198, 99.2726516724], [-879.735656738, -371.01385498, 158.121139526, 20.6800899506, 263.189453125, 314.466339111, 224.496917725, 90.2299804688, 5.99830389023, 142.727661133, -19.397397995, -86.2562789917, 28.791103363], [-560.873718262, -77.3631973267, 106.987731934, -116.674789429, 143.835906982, 143.734832764, 90.2299804688, 165.456390381, 47.2671051025, 74.2309417725, 24.1703681946, -2.59199285507, 6.99835348129], [125.339828491, 15.8664808273, -114.079963684, -42.4196243286, -33.7943115234, -4.57511663437, 5.99830389023, 47.2671051025, 92.272026062, 5.97691774368, 40.2476081848, 39.7031898499, -5.86530971527], [-841.608947754, -285.489257812, 228.255935669, -40.6251602173, 218.173614502, 253.926727295, 142.727661133, 74.2309417725, 5.97691774368, 211.705245972, 15.1375198364, -62.2936630249, 47.7904510498], [261.625305176, 50.2188034058, -147.370880127, -5.39686775208, -73.0799255371, -79.1985931396, -19.397397995, 24.1703681946, 40.2476081848, 15.1375198364, 123.6692276, 81.0276031494, 11.403632164], [420.837677002, 171.347320557, -170.403274536, -33.1933135986, -130.103775024, -153.735153198, -86.2562789917, -2.59199285507, 39.7031898499, -62.2936630249, 81.0276031494, 134.909194946, 21.0707550049], [-348.248748779, -92.4523162842, 88.620552063, -52.1701126099, 76.9432983398, 99.2726516724, 28.791103363, 6.99835348129, -5.86530971527, 47.7904510498, 11.403632164, 21.0707550049, 83.3408660889]]
    },
    "sccoeffs": {
        "kurt": [2.93801403046, 1.80364084244, 3.13013219833, 5.68276977539, 2.4476017952, 3.03935146332],
        "max": [-0.500378251076, -0.29641109705, -0.467484176159, -0.625679552555, -0.581080257893, -0.526240885258],
        "mean": [-0.809580624104, -0.789657354355, -0.838651239872, -0.875967860222, -0.849718332291, -0.81897944212],
        "median": [-0.827425479889, -0.847315847874, -0.866707324982, -0.891103208065, -0.877455294132, -0.851057767868],
        "min": [-0.951207101345, -0.941866636276, -0.963481962681, -0.949770867825, -0.934512078762, -0.897634506226],
        "skew": [1.54242479801, 1.60723626614, 1.78580629826, 2.27918672562, 1.72008180618, 1.85125517845],
        "var": [0.00582537287846, 0.019056180492, 0.00710784317926, 0.00253757857718, 0.00513430172578, 0.00529327988625],
        "cov": [[0.00583745865151, 0.00251544639468, 0.00160619523376, 0.000317384081427, 0.00145857280586, 0.00170004938263], [0.00251544639468, 0.0190957151353, 0.00890601240098, 0.00493776146322, 0.00713647576049, 0.00755824102089], [0.00160619523376, 0.00890601240098, 0.0071225897409, 0.0033455369994, 0.00482630124316, 0.00477635068819], [0.000317384081427, 0.00493776146322, 0.0033455369994, 0.00254284311086, 0.0028466321528, 0.00280095962808], [0.00145857280586, 0.00713647576049, 0.00482630124316, 0.0028466321528, 0.00514495372772, 0.00446997955441], [0.00170004938263, 0.00755824102089, 0.00477635068819, 0.00280095962808, 0.00446997955441, 0.00530426204205]]
    },
    "scvalleys": {
        "kurt": [-0.0907967090607, -0.266360998154, 0.303297758102, 0.0140030384064, 0.438111782074, 1.97230482101],
        "max": [-8.76491737366, -4.95780277252, -6.53266525269, -8.07415771484, -6.80465841293, -9.09649753571],
        "mean": [-10.3457403183, -9.75865364075, -10.5784130096, -11.172955513, -10.866317749, -13.1879196167],
        "median": [-10.367193222, -10.1967954636, -10.9422693253, -11.4507236481, -11.3403129578, -13.6310281754],
        "min": [-12.1213207245, -13.8179798126, -14.9424219131, -14.0848989487, -14.6800127029, -16.8403301239],
        "skew": [0.121474184096, 0.656400561333, 0.741822898388, 0.781029999256, 0.981482446194, 1.47698748112],
        "var": [0.305253773928, 1.90327656269, 1.35109353065, 1.00543904305, 1.39908754826, 1.33244669437],
        "cov": [[0.305887073278, 0.434038996696, 0.351774543524, 0.283380538225, 0.294673264027, 0.220539271832], [0.434038996696, 1.9072252512, 1.44909107685, 1.13182687759, 1.19281613827, 0.925184965134], [0.351774543524, 1.44909107685, 1.35389661789, 1.01923835278, 1.03266131878, 0.821306586266], [0.283380538225, 1.13182687759, 1.01923835278, 1.00752496719, 1.07478404045, 0.955143928528], [0.294673264027, 1.19281613827, 1.03266131878, 1.07478404045, 1.40199017525, 1.24932992458], [0.220539271832, 0.925184965134, 0.821306586266, 0.955143928528, 1.24932992458, 1.3352111578]]
    }
},
"rhythm": {
    "beats_loudness": {
        "kurt": 10.5708913803,
        "max": 0.0120940711349,
        "mean": 0.00105187937152,
        "median": 5.5557993619e-06,
        "min": 8.47874161991e-08,
        "skew": 3.25320672989,
        "var": 6.50139600111e-06
    },
    "bpm": 146.559585571,
    "confidence": 1.61023175716,
    "first_peak_bpm": {
        "kurt": 0,
        "max": 148,
        "mean": 148,
        "median": 148,
        "min": 148,
        "skew": 0,
        "var": 0
    },
    "first_peak_spread": {
        "kurt": 0,
        "max": 0.45454543829,
        "mean": 0.45454543829,
        "median": 0.45454543829,
        "min": 0.45454543829,
        "skew": 0,
        "var": 0
    },
    "first_peak_weight": {
        "kurt": 0,
        "max": 0.230769231915,
        "mean": 0.230769231915,
        "median": 0.230769231915,
        "min": 0.230769231915,
        "skew": 0,
        "var": 0
    },
    "onset_rate": 2.86306118965,
    "second_peak_bpm": {
        "kurt": 0,
        "max": 161,
        "mean": 161,
        "median": 161,
        "min": 161,
        "skew": 0,
        "var": 0
    },
    "second_peak_spread": {
        "kurt": 0,
        "max": 0.285714328289,
        "mean": 0.285714328289,
        "median": 0.285714328289,
        "min": 0.285714328289,
        "skew": 0,
        "var": 0
    },
    "second_peak_weight": {
        "kurt": 0,
        "max": 0.192307695746,
        "mean": 0.192307695746,
        "median": 0.192307695746,
        "min": 0.192307695746,
        "skew": 0,
        "var": 0
    },
    "beats_loudness_band_ratio": {
        "kurt": [2.35527229309, -1.27972126007, -0.85857963562, 2.3021645546, 4.36054182053, 4.02604341507],
        "max": [0.875688910484, 0.951074302197, 0.95059800148, 0.210028797388, 0.365735173225, 0.680084884167],
        "mean": [0.149738579988, 0.353962272406, 0.335817366838, 0.0465029515326, 0.0810255408287, 0.110529392958],
        "median": [0.0283749457449, 0.236292675138, 0.191518247128, 0.0328592285514, 0.0622603558004, 0.036954022944],
        "min": [1.11204544737e-05, 7.08914376446e-05, 0.0334727056324, 0.000870015588589, 0.00037024973426, 0.000230052770348],
        "skew": [1.85326147079, 0.516693353653, 0.790220797062, 1.70317184925, 2.05168485641, 2.25634145737],
        "var": [0.0562054775655, 0.10143699497, 0.0990763232112, 0.00275807478465, 0.00651504751295, 0.030001481995],
        "cov": [[0.0583672262728, -0.0247831325978, -0.0341360121965, -0.00101602007635, 0.0010632541962, -0.00433622952551], [-0.0247831325978, 0.105338416994, -0.0357347168028, -0.00561355287209, -0.00840134546161, -0.0151662295684], [-0.0341360121965, -0.0357347168028, 0.10288695246, 0.00347882229835, -0.00791062042117, -0.0216669272631], [-0.00101602007635, -0.00561355287209, 0.00347882229835, 0.00286415452138, -7.06366063241e-06, 8.98757425603e-05], [0.0010632541962, -0.00840134546161, -0.00791062042117, -7.06366063241e-06, 0.00676562637091, 0.00723295751959], [-0.00433622952551, -0.0151662295684, -0.0216669272631, 8.98757425603e-05, 0.00723295751959, 0.031155385077]]
    },
    "beats_position": [0.383129239082, 0.754648506641, 1.20743763447, 1.62539684772, 2.07818579674, 2.49614500999, 2.92571425438, 3.39011335373, 3.80807256699, 4.21442174911, 4.57433080673, 4.94585037231, 5.35219955444, 5.75854873657, 6.14167785645, 6.54802703857, 6.9543762207, 7.3491153717, 7.70902490616, 8.08054447174, 8.45206356049, 8.85841274261, 9.22993183136, 9.67111110687, 10.0542402267, 10.47219944, 10.9017686844],
    "bpm_estimates": [143.554672241, 143.554672241, 143.554672241, 147.656265259, 147.656265259, 147.656265259, 147.656265259, 147.656265259, 151.99911499, 147.656265259, 143.554672241],
    "bpm_intervals": [0.371519267559, 0.452789127827, 0.417959213257, 0.452788949013, 0.417959213257, 0.429569244385, 0.46439909935, 0.417959213257, 0.406349182129, 0.359909057617, 0.371519565582, 0.406349182129, 0.406349182129, 0.383129119873, 0.406349182129, 0.406349182129, 0.394739151001, 0.359909534454, 0.371519565582, 0.371519088745, 0.406349182129, 0.371519088745, 0.441179275513, 0.383129119873, 0.417959213257, 0.429569244385],
    "onset_times": [0.754648506641, 1.2190476656, 1.39319729805, 1.6137868166, 1.764716506, 1.91564631462, 2.10140585899, 2.28716564178, 2.48453521729, 2.71673464775, 2.92571425438, 3.08825397491, 3.22757363319, 3.56426310539, 3.73841261864, 3.93578219414, 4.3073015213, 4.45823144913, 4.60916090012, 4.69043064117, 4.81814050674, 4.88780021667, 5.16644001007, 5.87464857101, 8.04571437836, 8.73070335388, 8.893242836, 9.04417228699, 9.22993183136, 9.63628101349, 9.8800907135, 10.0310201645],
    "histogram": [[0, 0, 0, 0, 0, 0, 0, 0, 0, 0, 0, 0, 0, 0, 0, 0, 0, 0, 0, 0, 0, 0, 0, 0, 0, 0, 0, 0, 0, 0, 0, 0, 0, 0, 0, 0, 0, 0, 0, 0, 0, 0, 0, 0, 0, 0, 0, 0, 0, 0, 0, 0, 0, 0, 0, 0, 0, 0, 0, 0, 0, 0, 0, 0, 0, 0, 0, 0, 0, 0, 0, 0, 0, 0, 0, 0, 0, 0, 0, 0, 0, 0, 0, 0, 0, 0, 0, 0, 0, 0, 0, 0, 0, 0, 0, 0, 0, 0, 0, 0, 0, 0, 0, 0, 0, 0, 0, 0, 0, 0, 0, 0, 0, 0, 0, 0, 0, 0, 0, 0, 0, 0, 0, 0, 0, 0, 0, 0, 0, 0.0384615398943, 0, 0, 0, 0.0769230797887, 0, 0, 0.0384615398943, 0, 0, 0, 0.0769230797887, 0, 0, 0, 0.153846159577, 0, 0, 0, 0.230769231915, 0, 0, 0, 0.0384615398943, 0, 0, 0, 0, 0.0769230797887, 0, 0, 0, 0.192307695746, 0, 0, 0, 0, 0, 0.0769230797887, 0, 0, 0, 0, 0, 0, 0, 0, 0, 0, 0, 0, 0, 0, 0, 0, 0, 0, 0, 0, 0, 0, 0, 0, 0, 0, 0, 0, 0, 0, 0, 0, 0, 0, 0, 0, 0, 0, 0, 0, 0, 0, 0, 0, 0, 0, 0, 0, 0, 0, 0, 0, 0, 0, 0, 0, 0, 0, 0, 0, 0, 0, 0, 0, 0, 0, 0, 0, 0, 0, 0, 0, 0, 0, 0, 0, 0, 0, 0, 0, 0, 0]]
},
"sfx": {
    "inharmonicity": {
        "kurt": 4.62574386597,
        "max": 0.41116169095,
        "mean": 0.041756670922,
        "median": 0.00370082398877,
        "min": 0,
        "skew": 2.14943695068,
        "var": 0.00486939447001
    },
    "oddtoevenharmonicenergyratio": {
        "kurt": 100.737953186,
        "max": 32.1340751648,
        "mean": 0.646378338337,
        "median": 0.0484546199441,
        "min": 0,
        "skew": 8.64536571503,
        "var": 4.79750919342
    },
    "pitch_after_max_to_before_max_energy_ratio": 3.04472112656,
    "pitch_centroid": 260.32925415,
    "pitch_max_to_total": 0.325051754713,
    "pitch_min_to_total": 0.026915114373,
    "tristimulus": {
        "kurt": [-1.38273406029, 2.26545810699, -0.774808883667],
        "max": [1, 0.971237659454, 0.786544620991],
        "mean": [0.595351040363, 0.187872573733, 0.216776579618],
        "median": [0.61231803894, 0.148323506117, 0.187766000628],
        "min": [0, 0, 0],
        "skew": [-0.186819508672, 1.39204275608, 0.599775135517],
        "var": [0.119595192373, 0.0401170030236, 0.0450009815395],
        "cov": [[0.119843311608, -0.0574746243656, -0.0623687170446], [-0.0574746243656, 0.0402002334595, 0.0172742940485], [-0.0623687170446, 0.0172742940485, 0.0450943447649]]
    }
},
"tonal": {
    "chords_changes_rate": 0.0619834698737,
    "chords_number_rate": 0.0330578498542,
    "chords_strength": {
        "kurt": -0.10883140564,
        "max": 0.597711086273,
        "mean": 0.440996736288,
        "median": 0.432596862316,
        "min": 0.287588208914,
        "skew": 0.429384052753,
        "var": 0.00379683473147
    },
    "key_strength": 0.595267295837,
    "tuning_diatonic_strength": 0.451139658689,
    "tuning_equal_tempered_deviation": 0.199636161327,
    "tuning_frequency": 433.191070557,
    "tuning_nontempered_energy_ratio": 0.873596131802,
    "hpcp": {
        "kurt": [0.437373876572, 0.857719421387, 0.561866998672, 0.121935129166, -0.381441354752, 0.0772573947906, 1.27311611176, 1.68983268738, 2.0456533432, 3.39514160156, 2.70991134644, 3.60281229019, 3.00766563416, 3.59388065338, 2.67216062546, 1.53812742233, 1.07562875748, 0.189007759094, 1.41372919083, 2.91465044022, 5.34682750702, 6.4262676239, 5.57538795471, 4.17568016052, 2.68390893936, 2.55198144913, 2.69821357727, 2.59148168564, 1.44178247452, 0.536058664322, 0.207499504089, 0.105791091919, 1.20787620544, 1.3021697998, 1.97813367844, 1.09787988663],
        "max": [1, 1, 1, 1, 1, 1, 1, 1, 1, 1, 1, 1, 1, 1, 1, 1, 1, 1, 1, 1, 1, 1, 1, 1, 1, 1, 1, 1, 1, 1, 1, 1, 1, 1, 1, 1],
