{
"metadata": {
    "version": {
        "essentia": "2.1-beta3"
    }
},
"lowLevel": {
    "average_loudness": 0.813444554806,
    "barkbands_kurtosis": {
        "kurt": 12.3814697266,
        "max": 192.748580933,
        "mean": 15.423705101,
        "median": 3.3459239006,
        "min": -1.89279699326,
        "skew": 3.37215280533,
        "var": 969.122741699
    },
    "barkbands_skewness": {
        "kurt": 0.941400766373,
        "max": 12.5709056854,
        "mean": 1.61612725258,
        "median": 1.16745519638,
        "min": -4.34348487854,
        "skew": 0.662939965725,
        "var": 10.4259338379
    },
    "barkbands_spread": {
        "kurt": -0.851295232773,
        "max": 62.4499816895,
        "mean": 20.3417854309,
        "median": 16.9261245728,
        "min": 0.656624317169,
        "skew": 0.55732780695,
        "var": 262.298950195
    },
    "dissonance": {
        "kurt": 0.786156892776,
        "max": 0.499865621328,
        "mean": 0.4395185709,
        "median": 0.474606841803,
        "min": 0.226786866784,
        "skew": -1.3576426506,
        "var": 0.00480284774676
    },
    "hfc": {
        "kurt": 29.6520233154,
        "max": 17.0375480652,
        "mean": 0.740709066391,
        "median": 0.0454282723367,
        "min": 8.03899456514e-05,
        "skew": 5.090321064,
        "var": 5.03393030167
    },
    "pitch": {
        "kurt": -1.51924538612,
        "max": 3937.99804688,
        "mean": 1482.87780762,
        "median": 412.900268555,
        "min": 86.24559021,
        "skew": 0.618103384972,
        "var": 2312794.75
    },
    "pitch_instantaneous_confidence": {
        "kurt": -1.07494699955,
        "max": 0.966526925564,
        "mean": 0.565051734447,
        "median": 0.566604197025,
        "min": 0.108557522297,
        "skew": -0.0956296697259,
        "var": 0.0600058436394
    },
    "pitch_salience": {
        "kurt": -0.697763681412,
        "max": 0.855758786201,
        "mean": 0.578747212887,
        "median": 0.631729602814,
        "min": 0.142559587955,
        "skew": -0.697729349136,
        "var": 0.0423290841281
    },
    "silence_rate_20dB": {
        "kurt": 0,
        "max": 1,
        "mean": 1,
        "median": 1,
        "min": 1,
        "skew": 0,
        "var": 0
    },
    "silence_rate_30dB": {
        "kurt": 0,
        "max": 1,
        "mean": 1,
        "median": 1,
        "min": 1,
        "skew": 0,
        "var": 0
    },
    "silence_rate_60dB": {
        "kurt": 6.98069095612,
        "max": 1,
        "mean": 0.915887832642,
        "median": 1,
        "min": 0,
        "skew": -2.99677729607,
        "var": 0.0770374312997
    },
    "spectral_centroid": {
        "kurt": -0.57303237915,
        "max": 3518.98974609,
        "mean": 1351.41687012,
        "median": 956.883178711,
        "min": 291.071075439,
        "skew": 0.913962781429,
        "var": 1019762.25
    },
    "spectral_complexity": {
        "kurt": 16.6892280579,
        "max": 15,
        "mean": 0.943925261497,
        "median": 0,
        "min": 0,
        "skew": 3.79156517982,
        "var": 4.96881628036
    },
    "spectral_crest": {
        "kurt": -0.74730014801,
        "max": 26.1340751648,
        "mean": 12.7571983337,
        "median": 11.0578899384,
        "min": 4.02570915222,
        "skew": 0.603661477566,
        "var": 39.8409614563
    },
    "spectral_decrease": {
        "kurt": 13.9843730927,
        "max": -2.03596854138e-14,
        "mean": -1.61448229785e-10,
        "median": -9.44886269921e-12,
        "min": -2.89153501143e-09,
        "skew": -3.69389939308,
        "var": 2.15503891573e-19
    },
    "spectral_energy": {
        "kurt": 15.1835098267,
        "max": 0.012458672747,
        "mean": 0.000676526862662,
        "median": 4.34047396993e-05,
        "min": 8.77746515471e-08,
        "skew": 3.79549002647,
        "var": 3.7570873701e-06
    },
    "spectral_energyband_high": {
        "kurt": 18.0030155182,
        "max": 0.000599060615059,
        "mean": 3.08116905217e-05,
        "median": 4.82128257318e-07,
        "min": 4.47888437449e-09,
        "skew": 4.12107276917,
        "var": 8.23054335797e-09
    },
    "spectral_energyband_low": {
        "kurt": 46.3220214844,
        "max": 9.86761588138e-05,
        "mean": 2.50392281487e-06,
        "median": 8.18106116185e-08,
        "min": 9.9628731931e-09,
        "skew": 6.88483905792,
        "var": 1.80007023176e-10
    },
    "spectral_energyband_middle_high": {
        "kurt": 78.3275527954,
        "max": 0.00838382635266,
        "mean": 0.000174442742718,
        "median": 2.58597492575e-06,
        "min": 1.27601529343e-08,
        "skew": 8.59860420227,
        "var": 7.25276720459e-07
    },
    "spectral_energyband_middle_low": {
        "kurt": 9.33093452454,
        "max": 0.00701972935349,
        "mean": 0.000490455306135,
        "median": 1.62314136105e-05,
        "min": 3.1425091862e-08,
        "skew": 3.25108718872,
        "var": 1.98210932467e-06
    },
    "spectral_flatness_db": {
        "kurt": -0.929479837418,
        "max": 0.476397901773,
        "mean": 0.235366806388,
        "median": 0.233005046844,
        "min": 0.0813367441297,
        "skew": 0.281673580408,
        "var": 0.0110175898299
    },
    "spectral_flux": {
        "kurt": 5.40569019318,
        "max": 0.106995567679,
        "mean": 0.0132649745792,
        "median": 0.00554612791166,
        "min": 0.000199501824682,
        "skew": 2.48737025261,
        "var": 0.000472460465971
    },
    "spectral_kurtosis": {
        "kurt": 2.21456003189,
        "max": 19.2916679382,
        "mean": 5.7253613472,
        "median": 4.29150724411,
        "min": -0.00419783592224,
        "skew": 1.60469830036,
        "var": 15.9818601608
    },
    "spectral_rms": {
        "kurt": 6.25484848022,
        "max": 0.00348637392744,
        "mean": 0.000443976896349,
        "median": 0.000205781645491,
        "min": 9.25385393202e-06,
        "skew": 2.57837986946,
        "var": 4.62910918486e-07
    },
    "spectral_rolloff": {
        "kurt": -1.75811946392,
        "max": 4371.24023438,
        "mean": 2178.47631836,
        "median": 2562.45117188,
        "min": 279.931640625,
        "skew": -0.0270093064755,
        "var": 2441035.25
    },
    "spectral_skewness": {
        "kurt": 1.48148679733,
        "max": 3.64002466202,
        "mean": 1.66613411903,
        "median": 1.50640773773,
        "min": 0.586943328381,
        "skew": 1.26908671856,
        "var": 0.421639353037
    },
    "spectral_spread": {
        "kurt": 28.7051105499,
        "max": 22041824,
        "mean": 4990305,
        "median": 4663652,
        "min": 2280315.25,
        "skew": 4.16169929504,
        "var": 5.04782389248e+12
    },
    "spectral_strongpeak": {
        "kurt": 6.68791866302,
        "max": 1.13766431808,
        "mean": 0.153350815177,
        "median": 0.0651626288891,
        "min": 0.000282727152808,
        "skew": 2.56155610085,
        "var": 0.0557163581252
    },
    "zerocrossingrate": {
        "kurt": -0.997962236404,
        "max": 0.15869140625,
        "mean": 0.0759208872914,
        "median": 0.0712890625,
        "min": 0.0126953125,
        "skew": 0.445996135473,
        "var": 0.00208927923813
    },
    "barkbands": {
        "kurt": [65.1600265503, 56.6665878296, 66.7500305176, 42.66456604, 7.80062389374, 45.2835693359, 15.0764102936, 22.762172699, 50.3538856506, 96.2967376709, 93.1899719238, 50.4889755249, 76.4453353882, 69.6153564453, 81.4898910522, 28.6646385193, 60.6292572021, 43.9462814331, 17.2063999176, 14.5561695099, 25.7853012085, 20.759355545, 25.9089050293, 55.2617301941, 38.711807251, 20.4966850281, 41.5614814758],
        "max": [5.50161666979e-06, 8.00617563073e-05, 3.62257851521e-05, 9.48930392042e-06, 0.00015820711269, 0.004644241184, 0.00531230540946, 0.000158734808792, 0.00145757896826, 0.00579075934365, 9.27618675632e-05, 1.27870753204e-05, 2.87451566692e-05, 8.86820726009e-06, 2.5502013159e-05, 2.12155500776e-05, 0.000571389158722, 0.00222083483823, 0.000246643176069, 0.000585346075241, 0.000189917336684, 3.23236345139e-05, 1.84826819805e-06, 1.24605458041e-05, 2.2268453904e-05, 1.36167042086e-08, 1.24791355027e-09],
        "mean": [1.10508857176e-07, 1.48799483668e-06, 7.46256432649e-07, 3.21961948657e-07, 1.1909863133e-05, 0.000149290892296, 0.000257758161752, 6.69889186611e-06, 3.08005983243e-05, 6.94614864187e-05, 1.2236546354e-06, 3.15848041055e-07, 5.60000387395e-07, 2.39528247903e-07, 5.20626883826e-07, 9.38879622936e-07, 1.44688228829e-05, 6.85379491188e-05, 1.56629757839e-05, 3.37795536325e-05, 8.7744792836e-06, 1.84551970506e-06, 9.19124545362e-08, 3.44405322039e-07, 6.36248614683e-07, 7.22239379414e-10, 4.55464659044e-11],
        "median": [1.0333606193e-09, 1.61510822494e-08, 4.19302281784e-08, 3.12978372108e-08, 4.92531967211e-07, 2.45638193519e-06, 2.641748722e-07, 2.07022651466e-07, 3.22475187886e-07, 4.07113880385e-08, 1.90473894435e-08, 8.36855384989e-09, 1.54922688012e-08, 1.26176571413e-08, 1.33592497065e-08, 2.57660026648e-08, 7.51111386421e-08, 4.56999828202e-07, 8.92259777174e-07, 3.91525958321e-07, 2.04143816518e-07, 5.35983240013e-08, 2.73220734925e-09, 1.5211666371e-09, 1.80858039656e-09, 4.2769489339e-11, 2.60285261226e-12],
        "min": [1.48821614754e-11, 1.08455067149e-09, 2.12551989898e-10, 2.33686892059e-09, 3.92410903771e-09, 5.71045966069e-09, 1.90037052761e-09, 1.34080480052e-09, 2.17797357926e-09, 1.49582912723e-09, 4.87908713431e-10, 3.52945728199e-10, 4.77647421615e-10, 4.09901557141e-10, 7.13635150973e-10, 8.63258964312e-10, 8.86513473741e-10, 3.12919223866e-09, 3.01925084933e-09, 1.79051007354e-09, 1.92156024426e-09, 4.99192909231e-10, 1.94378180218e-10, 8.40522373924e-11, 5.83253098596e-11, 3.50010753887e-12, 9.12477219977e-14],
        "skew": [7.73849487305, 7.47232723236, 7.97140979767, 6.35122728348, 2.97488951683, 6.26523733139, 4.07140874863, 4.66549301147, 7.01674079895, 9.80826187134, 9.59429359436, 6.81331014633, 8.48183441162, 7.9329419136, 8.76713180542, 5.18497133255, 7.32598209381, 6.51479530334, 3.8619492054, 3.82282090187, 4.71739339828, 4.40471315384, 4.56500530243, 6.94782114029, 5.90279102325, 4.36091375351, 6.31675291061],
        "var": [3.44018243796e-13, 8.3039512766e-11, 1.48868781885e-11, 1.35138439068e-12, 9.71622338142e-10, 2.8864297974e-07, 1.01583509604e-06, 5.49443990305e-10, 2.96507476349e-08, 3.17643639391e-07, 8.26252954944e-11, 2.13287417242e-12, 8.65012141776e-12, 8.47608983869e-13, 6.57149204844e-12, 9.73646770847e-12, 3.78695119707e-09, 7.64641967521e-08, 1.39730849114e-09, 9.4108232318e-09, 6.46482201105e-10, 2.61300859422e-11, 5.85713118631e-14, 1.88001155442e-12, 7.40575396146e-12, 3.96389788542e-18, 2.52083889443e-20],
        "cov": [[3.4726369458e-13, 3.77550334746e-12, 2.10363735979e-12, 5.8258833955e-13, -7.86211753253e-13, 4.12517346671e-11, 5.836577055e-11, -6.69100191919e-13, -2.65929596052e-12, -6.7516526224e-12, -1.03359032758e-13, -5.61183552698e-15, 4.57356159848e-15, 2.49078360239e-15, -2.36231271767e-14, 9.27692167876e-15, -9.81679798215e-13, -3.8057178936e-12, 5.97351107381e-13, 7.75448390396e-13, -2.55112283295e-13, 5.39532679059e-14, 2.06565975669e-14, 3.71459116179e-14, 2.85723159542e-13, 3.6847537936e-17, 4.99003239249e-18], [3.77550334746e-12, 8.382290001e-11, 2.95076220402e-11, 4.9907786237e-12, -1.22699541499e-11, 1.15451481708e-09, 3.76159992044e-09, -8.78026037293e-12, -4.35869049187e-11, -8.93133692004e-11, -1.2108904374e-12, 4.31080897974e-13, 2.35974380227e-13, 3.14266923032e-13, -1.81231481103e-13, 1.25375534607e-12, -1.26656116151e-11, -1.60044304198e-11, 4.38144832915e-11, 3.64764850269e-11, -3.1227405644e-12, 9.40492258725e-13, 1.24796359227e-13, 1.31775384875e-12, 1.62222232175e-11, 7.32140868893e-16, 7.72633940681e-17], [2.10363735979e-12, 2.95076220402e-11, 1.50273214011e-11, 3.53193971465e-12, -5.31789326116e-12, 2.29315497147e-10, 7.03599178919e-10, -4.43267991757e-12, -2.12723293841e-11, -4.76048714337e-11, -7.13545975778e-13, -1.49088566623e-15, 4.38276056614e-14, 1.15318873699e-13, -1.13308037811e-13, 2.58077196766e-13, -4.92789359666e-12, -1.89765356207e-11, 8.55166198271e-12, 9.98092927751e-12, -1.42999902284e-12, 2.82988693243e-13, 1.16009496931e-13, 2.49090163643e-13, 3.25125364999e-12, 1.16698879047e-16, 2.9030125282e-17], [5.8258833955e-13, 4.9907786237e-12, 3.53193971465e-12, 1.36413330718e-12, -1.98186757804e-12, -1.5189349778e-11, -4.15831639955e-11, -1.36377768887e-12, -4.70335142361e-12, -2.1144900067e-11, -2.87386081729e-13, -6.10375668736e-14, -3.4439604082e-14, 4.95233567425e-15, -8.01979739128e-14, -3.87976868514e-14, -1.41071225881e-12, -1.01793582244e-11, -1.01328201472e-12, 1.62348238152e-12, -4.72558624176e-13, 7.09868709292e-15, 7.21710492475e-14, 3.39798921964e-14, -1.36805900674e-14, 9.33639882354e-17, 3.6943362674e-18], [-7.86211753253e-13, -1.22699541499e-11, -5.31789326116e-12, -1.98186757804e-12, 9.80788561478e-10, -1.2159457885e-09, -1.31616328947e-09, 4.73674655055e-10, -1.37664032951e-10, -7.40453365289e-10, -1.19761960765e-11, -2.80271791019e-12, -5.62784844768e-12, -2.17003758712e-12, -5.15872110654e-12, -9.12663174202e-12, -1.21354384874e-10, -6.69865385383e-10, -1.08542792809e-10, -2.96781627052e-10, -7.32741298193e-11, -1.36157638983e-11, -7.89748962841e-13, -3.39600071154e-12, -5.92723569878e-12, -4.30596144407e-15, -3.23468144741e-16], [4.12517346671e-11, 1.15451481708e-09, 2.29315497147e-10, -1.5189349778e-11, -1.2159457885e-09, 2.91366035299e-07, 1.91940586092e-07, -3.29651417275e-10, 2.36843558099e-08, 2.62950230479e-08, 4.25579328722e-11, 1.49147555417e-10, 1.2121094406e-10, 6.02582775344e-11, 1.10504702611e-10, 2.91865309698e-10, 4.03076505506e-09, 1.70394649501e-08, 5.6252109637e-09, 1.1268071809e-08, 3.02761860027e-09, 6.44658826321e-10, 6.99690359904e-13, 1.451272158e-10, 6.5820732198e-10, 2.3471811517e-13, 2.40505433901e-14], [5.836577055e-11, 3.76159992044e-09, 7.03599178919e-10, -4.15831639955e-11, -1.31616328947e-09, 1.91940586092e-07, 1.02541844171e-06, 3.59094087798e-10, 1.92375604335e-09, 1.33977593464e-07, 4.09065847862e-09, 6.24026330609e-10, 1.67034597265e-09, 2.31848776289e-10, 1.38725730903e-09, 1.98473482094e-09, 2.41387443367e-08, 1.42356356037e-07, 2.48575968698e-08, 6.05647088037e-08, 1.58904658321e-08, 3.1341889084e-09, 3.06622296997e-11, 1.02529429391e-09, 2.44027731355e-09, 1.53592275617e-12, 1.09696763663e-13], [-6.69100191919e-13, -8.78026037293e-12, -4.43267991757e-12, -1.36377768887e-12, 4.73674655055e-10, -3.29651417275e-10, 3.59094087798e-10, 5.54627455074e-10, 2.04346595201e-10, -2.65648475439e-10, 9.28660013472e-12, 3.92768432253e-14, 2.06364743002e-12, -1.0748480014e-12, 1.45388388828e-12, -4.35675631585e-14, -2.81767040256e-11, -8.4108574272e-11, -2.27492434612e-11, -3.26913739135e-11, 9.89537228199e-13, -3.82273162777e-12, -3.44470085052e-13, 2.35557043706e-13, -3.85835650539e-13, 9.73628479848e-16, 2.41216454532e-16], [-2.65929596052e-12, -4.35869049187e-11, -2.12723293841e-11, -4.70335142361e-12, -1.37664032951e-10, 2.36843558099e-08, 1.92375604335e-09, 2.04346595201e-10, 2.99304723228e-08, 2.1214228596e-08, 1.77862474748e-10, 1.05459606325e-10, 1.42882572093e-11, 2.01551778739e-11, 2.865564383e-11, 7.99041666166e-11, 1.65426983223e-09, 7.97012233988e-09, 6.98382240927e-10, 1.73990688523e-09, 8.27295010275e-10, 1.43065989611e-10, -2.09669738169e-12, 1.12966363694e-11, 2.0163456408e-12, 1.42593287167e-14, 9.0809099962e-16], [-6.7516526224e-12, -8.93133692004e-11, -4.76048714337e-11, -2.1144900067e-11, -7.40453365289e-10, 2.62950230479e-08, 1.33977593464e-07, -2.65648475439e-10, 2.1214228596e-08, 3.20640253904e-07, 1.85228374305e-10, 7.48103301529e-10, 4.20700918546e-10, 4.74847883236e-10, 2.86412005224e-10, 1.1222139884e-09, 3.12523376067e-08, 1.21573378919e-07, 1.03359818482e-08, 2.33285106788e-08, 6.4731091598e-09, 1.67474056845e-09, -1.02468305108e-12, 2.26377569468e-10, 4.4674684091e-11, 4.03771661288e-13, 9.88826516735e-15], [-1.03359032758e-13, -1.2108904374e-12, -7.13545975778e-13, -2.87386081729e-13, -1.19761960765e-11, 4.25579328722e-11, 4.09065847862e-09, 9.28660013472e-12, 1.77862474748e-10, 1.85228374305e-10, 8.340478308e-11, 1.45990739029e-12, 2.56773213803e-11, 2.68992185297e-13, 2.26210803561e-11, 1.94855329788e-11, 1.56377508165e-10, 1.55044987959e-09, 2.14621848071e-10, 5.33781019385e-10, 1.7153600762e-10, 1.76715309053e-11, 3.15130815323e-13, 1.10091926894e-11, 1.09738572396e-11, 1.24000058472e-14, 1.02104167847e-15], [-5.61183552698e-15, 4.31080897974e-13, -1.49088566623e-15, -6.10375668736e-14, -2.80271791019e-12, 1.49147555417e-10, 6.24026330609e-10, 3.92768432253e-14, 1.05459606325e-10, 7.48103301529e-10, 1.45990739029e-12, 2.1529956637e-12, 1.27562999226e-12, 1.09176545842e-12, 8.87091886493e-13, 3.14514950542e-12, 7.72910901947e-11, 2.97308622166e-10, 3.00525125618e-11, 7.67710756078e-11, 1.98088195152e-11, 4.8719092996e-12, 2.4697398735e-14, 7.35842376615e-13, 7.11368464135e-13, 1.32742768329e-15, 7.76058005196e-17], [4.57356159848e-15, 2.35974380227e-13, 4.38276056614e-14, -3.4439604082e-14, -5.62784844768e-12, 1.2121094406e-10, 1.67034597265e-09, 2.06364743002e-12, 1.42882572093e-11, 4.20700918546e-10, 2.56773213803e-11, 1.27562999226e-12, 8.73172627952e-12, 7.60285714593e-13, 7.4761403665e-12, 7.8501337375e-12, 9.24523166357e-11, 6.41289576997e-10, 8.49540576775e-11, 2.20038501308e-10, 6.58422413813e-11, 8.4933258343e-12, 1.3447791871e-13, 3.85960404262e-12, 3.9338749272e-12, 4.82717173322e-15, 3.67943674279e-16], [2.49078360239e-15, 3.14266923032e-13, 1.15318873699e-13, 4.95233567425e-15, -2.17003758712e-12, 6.02582775344e-11, 2.31848776289e-10, -1.0748480014e-12, 2.01551778739e-11, 4.74847883236e-10, 2.68992185297e-13, 1.09176545842e-12, 7.60285714593e-13, 8.55605300151e-13, 5.24501666058e-13, 1.99926533662e-12, 5.20930937276e-11, 2.00385111282e-10, 2.06328010233e-11, 5.31562849293e-11, 1.32847274847e-11, 3.24122543041e-12, 4.62481073403e-14, 4.0209307238e-13, 2.200320953e-13, 8.21419570902e-16, 2.06738706333e-17], [-2.36231271767e-14, -1.81231481103e-13, -1.13308037811e-13, -8.01979739128e-14, -5.15872110654e-12, 1.10504702611e-10, 1.38725730903e-09, 1.45388388828e-12, 2.865564383e-11, 2.86412005224e-10, 2.26210803561e-11, 8.87091886493e-13, 7.4761403665e-12, 5.24501666058e-13, 6.63348716234e-12, 6.49375908948e-12, 7.04569250165e-11, 5.30445909419e-10, 7.33502286687e-11, 1.75606307273e-10, 5.4831250651e-11, 6.74561968783e-12, 1.43589445347e-13, 3.30493596899e-12, 3.39948056684e-12, 4.07072006583e-15, 3.0559379079e-16], [9.27692167876e-15, 1.25375534607e-12, 2.58077196766e-13, -3.87976868514e-14, -9.12663174202e-12, 2.91865309698e-10, 1.98473482094e-09, -4.35675631585e-14, 7.99041666166e-11, 1.1222139884e-09, 1.94855329788e-11, 3.14514950542e-12, 7.8501337375e-12, 1.99926533662e-12, 6.49375908948e-12, 9.82832131652e-12, 1.59291940749e-10, 8.27079793542e-10, 1.06571411418e-10, 2.75891198775e-10, 7.58393764455e-11, 1.32700109581e-11, 2.12729478672e-13, 3.74444876147e-12, 3.90534913436e-12, 5.36806156235e-15, 3.51544904662e-16], [-9.81679798215e-13, -1.26656116151e-11, -4.92789359666e-12, -1.41071225881e-12, -1.21354384874e-10, 4.03076505506e-09, 2.41387443367e-08, -2.81767040256e-11, 1.65426983223e-09, 3.12523376067e-08, 1.56377508165e-10, 7.72910901947e-11, 9.24523166357e-11, 5.20930937276e-11, 7.04569250165e-11, 1.59291940749e-10, 3.82267728583e-09, 1.52926844521e-08, 1.6541547021e-09, 4.33772440189e-09, 1.12976172861e-09, 2.30049493344e-10, 2.93314873258e-12, 4.44578714121e-11, 3.09058542647e-11, 7.58471993437e-14, 3.69610619238e-15], [-3.8057178936e-12, -1.60044304198e-11, -1.89765356207e-11, -1.01793582244e-11, -6.69865385383e-10, 1.70394649501e-08, 1.42356356037e-07, -8.4108574272e-11, 7.97012233988e-09, 1.21573378919e-07, 1.55044987959e-09, 2.97308622166e-10, 6.41289576997e-10, 2.00385111282e-10, 5.30445909419e-10, 8.27079793542e-10, 1.52926844521e-08, 7.71855539483e-08, 8.88261020293e-09, 2.17522782009e-08, 6.21635276588e-09, 1.14817122476e-09, 1.09525583047e-11, 3.05415470692e-10, 2.55382714975e-10, 4.20589507232e-13, 2.27508221545e-14], [5.97351107381e-13, 4.38144832915e-11, 8.55166198271e-12, -1.01328201472e-12, -1.08542792809e-10, 5.6252109637e-09, 2.48575968698e-08, -2.27492434612e-11, 6.98382240927e-10, 1.03359818482e-08, 2.14621848071e-10, 3.00525125618e-11, 8.49540576775e-11, 2.06328010233e-11, 7.33502286687e-11, 1.06571411418e-10, 1.6541547021e-09, 8.88261020293e-09, 1.4104906132e-09, 3.12457570928e-09, 8.50283010667e-10, 1.57758417441e-10, 3.33520429156e-12, 4.31322477734e-11, 5.61561179502e-11, 6.0623150922e-14, 3.64465190544e-15], [7.75448390396e-13, 3.64764850269e-11, 9.98092927751e-12, 1.62348238152e-12, -2.96781627052e-10, 1.1268071809e-08, 6.05647088037e-08, -3.26913739135e-11, 1.73990688523e-09, 2.33285106788e-08, 5.33781019385e-10, 7.67710756078e-11, 2.20038501308e-10, 5.31562849293e-11, 1.75606307273e-10, 2.75891198775e-10, 4.33772440189e-09, 2.17522782009e-08, 3.12457570928e-09, 9.49960465846e-09, 2.352775752e-09, 4.32840402409e-10, 7.24230527979e-12, 1.08006381616e-10, 1.21271784281e-10, 1.65492863554e-13, 1.07692666769e-14], [-2.55112283295e-13, -3.1227405644e-12, -1.42999902284e-12, -4.72558624176e-13, -7.32741298193e-11, 3.02761860027e-09, 1.58904658321e-08, 9.89537228199e-13, 8.27295010275e-10, 6.4731091598e-09, 1.7153600762e-10, 1.98088195152e-11, 6.58422413813e-11, 1.32847274847e-11, 5.4831250651e-11, 7.58393764455e-11, 1.12976172861e-09, 6.21635276588e-09, 8.50283010667e-10, 2.352775752e-09, 6.52581100269e-10, 1.09891283573e-10, 1.84877634035e-12, 3.13598418067e-11, 3.18075843442e-11, 4.4702102805e-14, 3.0359433246e-15], [5.39532679059e-14, 9.40492258725e-13, 2.82988693243e-13, 7.09868709292e-15, -1.36157638983e-11, 6.44658826321e-10, 3.1341889084e-09, -3.82273162777e-12, 1.43065989611e-10, 1.67474056845e-09, 1.76715309053e-11, 4.8719092996e-12, 8.4933258343e-12, 3.24122543041e-12, 6.74561968783e-12, 1.32700109581e-11, 2.30049493344e-10, 1.14817122476e-09, 1.57758417441e-10, 4.32840402409e-10, 1.09891283573e-10, 2.6376597087e-11, 2.97161953247e-13, 4.98013089101e-12, 5.09291176939e-12, 7.14561314172e-15, 3.71045032476e-16], [2.06565975669e-14, 1.24796359227e-13, 1.16009496931e-13, 7.21710492475e-14, -7.89748962841e-13, 6.99690359904e-13, 3.06622296997e-11, -3.44470085052e-13, -2.09669738169e-12, -1.02468305108e-12, 3.15130815323e-13, 2.4697398735e-14, 1.3447791871e-13, 4.62481073403e-14, 1.43589445347e-13, 2.12729478672e-13, 2.93314873258e-12, 1.09525583047e-11, 3.33520429156e-12, 7.24230527979e-12, 1.84877634035e-12, 2.97161953247e-13, 5.9123868724e-14, 7.08468318191e-14, 7.12089146871e-14, 1.31346818327e-16, 1.09523436303e-17], [3.71459116179e-14, 1.31775384875e-12, 2.49090163643e-13, 3.39798921964e-14, -3.39600071154e-12, 1.451272158e-10, 1.02529429391e-09, 2.35557043706e-13, 1.12966363694e-11, 2.26377569468e-10, 1.10091926894e-11, 7.35842376615e-13, 3.85960404262e-12, 4.0209307238e-13, 3.30493596899e-12, 3.74444876147e-12, 4.44578714121e-11, 3.05415470692e-10, 4.31322477734e-11, 1.08006381616e-10, 3.13598418067e-11, 4.98013089101e-12, 7.08468318191e-14, 1.89774758408e-12, 2.37513632893e-12, 2.40574149448e-15, 1.68123413945e-16], [2.85723159542e-13, 1.62222232175e-11, 3.25125364999e-12, -1.36805900674e-14, -5.92723569878e-12, 6.5820732198e-10, 2.44027731355e-09, -3.85835650539e-13, 2.0163456408e-12, 4.4674684091e-11, 1.09738572396e-11, 7.11368464135e-13, 3.9338749272e-12, 2.200320953e-13, 3.39948056684e-12, 3.90534913436e-12, 3.09058542647e-11, 2.55382714975e-10, 5.61561179502e-11, 1.21271784281e-10, 3.18075843442e-11, 5.09291176939e-12, 7.12089146871e-14, 2.37513632893e-12, 7.4756190821e-12, 3.20594304888e-15, 2.33957620402e-16], [3.6847537936e-17, 7.32140868893e-16, 1.16698879047e-16, 9.33639882354e-17, -4.30596144407e-15, 2.3471811517e-13, 1.53592275617e-12, 9.73628479848e-16, 1.42593287167e-14, 4.03771661288e-13, 1.24000058472e-14, 1.32742768329e-15, 4.82717173322e-15, 8.21419570902e-16, 4.07072006583e-15, 5.36806156235e-15, 7.58471993437e-14, 4.20589507232e-13, 6.0623150922e-14, 1.65492863554e-13, 4.4702102805e-14, 7.14561314172e-15, 1.31346818327e-16, 2.40574149448e-15, 3.20594304888e-15, 4.00129306655e-18, 2.4977788761e-19], [4.99003239249e-18, 7.72633940681e-17, 2.9030125282e-17, 3.6943362674e-18, -3.23468144741e-16, 2.40505433901e-14, 1.09696763663e-13, 2.41216454532e-16, 9.0809099962e-16, 9.88826516735e-15, 1.02104167847e-15, 7.76058005196e-17, 3.67943674279e-16, 2.06738706333e-17, 3.0559379079e-16, 3.51544904662e-16, 3.69610619238e-15, 2.27508221545e-14, 3.64465190544e-15, 1.07692666769e-14, 3.0359433246e-15, 3.71045032476e-16, 1.09523436303e-17, 1.68123413945e-16, 2.33957620402e-16, 2.4977788761e-19, 2.54462033704e-20]]
    },
    "mfcc": {
        "kurt": [-0.425792455673, -1.01018810272, -0.144236087799, -0.761563539505, -0.565054893494, -0.931361436844, -0.785448789597, -0.78849363327, -0.170040369034, -0.117404460907, 0.534963130951, 1.71002054214, 0.65137887001],
        "max": [-763.607543945, 114.923316956, 68.3525695801, 116.065093994, 20.73777771, 10.4819488525, 21.4567909241, 20.7042350769, 20.8297843933, 14.9532184601, 25.6213798523, 31.6593379974, 24.1924686432],
        "mean": [-1007.93066406, 51.0249443054, 2.47732639313, 43.7396850586, -18.5633277893, -38.4071502686, -9.83277130127, -15.8480358124, -10.6454391479, -10.1696128845, -0.685142278671, -4.35563802719, -9.66391086578],
        "median": [-1025.0291748, 48.2910270691, 16.3076324463, 39.6033210754, -19.0821800232, -39.0589256287, -7.54370117188, -12.1873016357, -7.84453582764, -8.22528839111, -0.859546661377, -4.89607620239, -8.10884666443],
        "min": [-1132.01757812, 0.924327850342, -112.422676086, -23.5690116882, -83.1528625488, -102.336196899, -40.6006164551, -51.0322113037, -41.1490097046, -38.4983215332, -20.7891464233, -21.468788147, -42.1620445251],
        "skew": [0.729572355747, 0.185033753514, -0.785516858101, 0.347709625959, -0.426551014185, -0.187550783157, -0.175378680229, -0.202168062329, -0.255909323692, -0.453549385071, 0.288195222616, 0.968272805214, -0.238417848945],
        "var": [9919.9921875, 768.147216797, 1328.62194824, 801.123962402, 528.428833008, 899.00793457, 208.004867554, 258.121154785, 168.250473022, 116.661186218, 61.5372276306, 93.9113006592, 116.068389893],
        "cov": [[10013.5761719, 769.555175781, -2558.38769531, 1918.5592041, -1458.77429199, -2116.9777832, 99.1879806519, -570.888244629, 408.958953857, -550.649780273, 347.277038574, 402.252624512, -176.473968506], [769.555175781, 775.393859863, 386.121673584, 31.6904754639, -304.64642334, -470.547546387, -263.269714355, -255.227203369, -130.193023682, -79.8498306274, -21.3612575531, -46.9449081421, -18.0349369049], [-2558.38769531, 386.121673584, 1341.15612793, -546.937561035, 331.165679932, 363.138183594, -227.856018066, -61.5952682495, -243.213058472, 116.606758118, -95.5110473633, -134.652359009, 95.1914978027], [1918.5592041, 31.6904754639, -546.937561035, 808.681762695, -207.308807373, -317.931396484, 72.8317489624, -79.1005859375, 6.05666589737, -87.9263076782, 107.685447693, 44.5457267761, -118.733650208], [-1458.77429199, -304.64642334, 331.165679932, -207.308807373, 533.414001465, 608.171142578, 144.392501831, 199.406356812, 12.4933137894, 101.336929321, -32.5340499878, 13.0935764313, 112.316711426], [-2116.9777832, -470.547546387, 363.138183594, -317.931396484, 608.171142578, 907.489135742, 185.865036011, 336.80291748, 39.528339386, 165.183074951, -70.7650527954, -8.33905410767, 97.3270721436], [99.1879806519, -263.269714355, -227.856018066, 72.8317489624, 144.392501831, 185.865036011, 209.967178345, 141.287033081, 115.422279358, 36.9493179321, 29.6158008575, 57.1226234436, 26.7759971619], [-570.888244629, -255.227203369, -61.5952682495, -79.1005859375, 199.406356812, 336.80291748, 141.287033081, 260.556274414, 102.249923706, 101.010887146, -22.0167751312, 6.9073009491, 1.21590936184], [408.958953857, -130.193023682, -243.213058472, 6.05666589737, 12.4933137894, 39.528339386, 115.422279358, 102.249923706, 169.837738037, 11.2980070114, 27.505437851, 56.3484611511, 4.74236297607], [-550.649780273, -79.8498306274, 116.606758118, -87.9263076782, 101.336929321, 165.183074951, 36.9493179321, 101.010887146, 11.2980070114, 117.761764526, 2.96213436127, -14.8386602402, 21.2791080475], [347.277038574, -21.3612575531, -95.5110473633, 107.685447693, -32.5340499878, -70.7650527954, 29.6158008575, -22.0167751312, 27.505437851, 2.96213436127, 62.117767334, 39.964969635, 3.27879524231], [402.252624512, -46.9449081421, -134.652359009, 44.5457267761, 13.0935764313, -8.33905410767, 57.1226234436, 6.9073009491, 56.3484611511, -14.8386602402, 39.964969635, 94.7972564697, 47.911819458], [-176.473968506, -18.0349369049, 95.1914978027, -118.733650208, 112.316711426, 97.3270721436, 26.7759971619, 1.21590936184, 4.74236297607, 21.2791080475, 3.27879524231, 47.911819458, 117.163368225]]
    },
    "sccoeffs": {
        "kurt": [1.23778486252, -0.465893745422, 2.07740736008, 7.09781074524, -0.855348348618, 0.294273853302],
        "max": [-0.437107026577, -0.318701386452, -0.414413273335, -0.709298789501, -0.704212546349, -0.5933817029],
        "mean": [-0.760336279869, -0.731728315353, -0.808782815933, -0.881357431412, -0.843825638294, -0.795382678509],
        "median": [-0.781988382339, -0.789224326611, -0.847129642963, -0.890178203583, -0.850814461708, -0.81426936388],
        "min": [-0.918918073177, -0.94557094574, -0.932602226734, -0.924866974354, -0.918073236942, -0.887691855431],
        "skew": [1.29385674, 0.772892594337, 1.45316851139, 2.16558146477, 0.295562505722, 1.00594222546],
        "var": [0.0112485811114, 0.0253618340939, 0.010275291279, 0.0011879367521, 0.00231150072068, 0.00451175076887],
        "cov": [[0.0113546997309, 0.00626655574888, 0.00100726715755, -1.30838370751e-05, 0.0011522435816, 0.00227446947247], [0.00626655574888, 0.0256010964513, 0.0116024343297, 0.00316444970667, 0.00465841405094, 0.00518333585933], [0.00100726715755, 0.0116024343297, 0.0103722279891, 0.00188602693379, 0.00291422288865, 0.00336611364037], [-1.30838370751e-05, 0.00316444970667, 0.00188602693379, 0.00119914370589, 0.00119693088345, 0.00129552430008], [0.0011522435816, 0.00465841405094, 0.00291422288865, 0.00119693088345, 0.00233330740593, 0.00253550428897], [0.00227446947247, 0.00518333585933, 0.00336611364037, 0.00129552430008, 0.00253550428897, 0.00455431453884]]
    },
    "scvalleys": {
        "kurt": [1.84241390228, -0.775437831879, 0.911902189255, -0.382575750351, -1.07743728161, -0.649049758911],
        "max": [-7.07787942886, -6.8465013504, -6.82059574127, -8.01060771942, -6.42562484741, -9.61869430542],
        "mean": [-10.0720252991, -9.41021251678, -10.5026979446, -10.8235902786, -9.89428806305, -12.6327095032],
        "median": [-10.2894039154, -9.55919933319, -10.7837257385, -11.1219186783, -10.1633577347, -13.1143722534],
        "min": [-11.5876255035, -11.5420513153, -12.2099943161, -12.6911277771, -12.3839607239, -14.4294300079],
        "skew": [1.23714447021, 0.248463407159, 0.962174057961, 0.68983489275, 0.363410115242, 0.783709645271],
        "var": [0.622719049454, 1.2587082386, 1.02216684818, 1.04488575459, 2.36115503311, 1.72893548012],
        "cov": [[0.628593742847, 0.525679290295, 0.4406670928, 0.489719569683, 0.692612946033, 0.764987230301], [0.525679290295, 1.27058279514, 0.866288900375, 0.810766279697, 1.22268354893, 1.06509387493], [0.4406670928, 0.866288900375, 1.03180992603, 0.935282349586, 1.31725394726, 1.0676343441], [0.489719569683, 0.810766279697, 0.935282349586, 1.05474317074, 1.50146901608, 1.20298278332], [0.692612946033, 1.22268354893, 1.31725394726, 1.50146901608, 2.38343024254, 1.81995487213], [0.764987230301, 1.06509387493, 1.0676343441, 1.20298278332, 1.81995487213, 1.74524617195]]
    }
},
"rhythm": {
    "beats_loudness": {
        "kurt": -0.670903682709,
        "max": 0.00346867600456,
        "mean": 0.000944795727264,
        "median": 0.000143863959238,
        "min": 2.27790897043e-05,
        "skew": 1.14921057224,
        "var": 2.12669897337e-06
    },
    "bpm": 123.046875,
    "confidence": 0,
    "first_peak_bpm": {
        "kurt": 0,
        "max": 123,
        "mean": 123,
        "median": 123,
        "min": 123,
        "skew": 0,
        "var": 0
    },
    "first_peak_spread": {
        "kurt": 0,
        "max": 0,
        "mean": 0,
        "median": 0,
        "min": 0,
        "skew": 0,
        "var": 0
    },
    "first_peak_weight": {
        "kurt": 0,
        "max": 1,
        "mean": 1,
        "median": 1,
        "min": 1,
        "skew": 0,
        "var": 0
    },
    "onset_rate": 2.84613180161,
    "second_peak_bpm": {
        "kurt": 0,
        "max": 0,
        "mean": 0,
        "median": 0,
        "min": 0,
        "skew": 0,
        "var": 0
    },
    "second_peak_spread": {
        "kurt": 0,
        "max": 0,
        "mean": 0,
        "median": 0,
        "min": 0,
        "skew": 0,
        "var": 0
    },
    "second_peak_weight": {
        "kurt": 0,
        "max": 0,
        "mean": 0,
        "median": 0,
        "min": 0,
        "skew": 0,
        "var": 0
    },
    "beats_loudness_band_ratio": {
        "kurt": [-0.704591274261, -1.40495312214, -0.842182397842, -1.04092800617, -0.777041196823, -0.676578760147],
        "max": [0.0524168163538, 0.861159205437, 0.507988929749, 0.00656885188073, 0.350899726152, 0.528822958469],
        "mean": [0.0154893733561, 0.544127583504, 0.205056533217, 0.00341657595709, 0.106389395893, 0.144469574094],
        "median": [0.00475857313722, 0.609464108944, 0.14558672905, 0.0031926180236, 0.0363361760974, 0.0228775013238],
        "min": [2.353117452e-05, 0.096422739327, 0.0210637394339, 0.000712216366082, 0.00198553130031, 0.00330033153296],
        "skew": [1.10774540901, -0.418603569269, 0.861929833889, 0.305908381939, 1.03233790398, 1.14245736599],
        "var": [0.000460914336145, 0.0914313942194, 0.0333658978343, 4.40943131252e-06, 0.020706448704, 0.0494197532535],
        "cov": [[0.000614552467596, 0.00327853136696, -0.00119163130876, -5.34094715476e-06, -0.00133515882771, -0.00167600868735], [0.00327853136696, 0.121908523142, 0.00566988810897, -0.000808323035017, -0.0543788559735, -0.0791303738952], [-0.00119163130876, 0.00566988810897, 0.0444878637791, -9.8400945717e-05, -0.0144940568134, -0.0288525875658], [-5.34094715476e-06, -0.000808323035017, -9.8400945717e-05, 5.87924159845e-06, 0.000369930639863, 0.000549911113922], [-0.00133515882771, -0.0543788559735, -0.0144940568134, 0.000369930639863, 0.0276085976511, 0.0422599054873], [-0.00167600868735, -0.0791303738952, -0.0288525875658, 0.000549911113922, 0.0422599054873, 0.0658930018544]]
    },
    "beats_position": [0.441179126501, 0.9287981987, 1.4164172411, 1.90403628349],
    "bpm_estimates": [123.046867371, 123.046875, 123.046875],
    "bpm_intervals": [0.487619072199, 0.487619042397, 0.487619042397],
    "onset_times": [0.0464399084449, 0.31346938014, 0.394739240408, 0.557278931141, 0.801088452339, 1.30031740665, 1.66022670269],
    "histogram": [[0, 0, 0, 0, 0, 0, 0, 0, 0, 0, 0, 0, 0, 0, 0, 0, 0, 0, 0, 0, 0, 0, 0, 0, 0, 0, 0, 0, 0, 0, 0, 0, 0, 0, 0, 0, 0, 0, 0, 0, 0, 0, 0, 0, 0, 0, 0, 0, 0, 0, 0, 0, 0, 0, 0, 0, 0, 0, 0, 0, 0, 0, 0, 0, 0, 0, 0, 0, 0, 0, 0, 0, 0, 0, 0, 0, 0, 0, 0, 0, 0, 0, 0, 0, 0, 0, 0, 0, 0, 0, 0, 0, 0, 0, 0, 0, 0, 0, 0, 0, 0, 0, 0, 0, 0, 0, 0, 0, 0, 0, 0, 0, 0, 0, 0, 0, 0, 0, 0, 0, 0, 0, 0, 1, 0, 0, 0, 0, 0, 0, 0, 0, 0, 0, 0, 0, 0, 0, 0, 0, 0, 0, 0, 0, 0, 0, 0, 0, 0, 0, 0, 0, 0, 0, 0, 0, 0, 0, 0, 0, 0, 0, 0, 0, 0, 0, 0, 0, 0, 0, 0, 0, 0, 0, 0, 0, 0, 0, 0, 0, 0, 0, 0, 0, 0, 0, 0, 0, 0, 0, 0, 0, 0, 0, 0, 0, 0, 0, 0, 0, 0, 0, 0, 0, 0, 0, 0, 0, 0, 0, 0, 0, 0, 0, 0, 0, 0, 0, 0, 0, 0, 0, 0, 0, 0, 0, 0, 0, 0, 0, 0, 0, 0, 0, 0, 0, 0, 0, 0, 0, 0, 0, 0, 0, 0, 0, 0, 0, 0, 0]]
},
"sfx": {
    "inharmonicity": {
        "kurt": 3.39457178116,
        "max": 0.199063614011,
        "mean": 0.0271603073925,
        "median": 0.00236557610333,
        "min": 0,
        "skew": 2.04551696777,
        "var": 0.00217262352817
    },
    "oddtoevenharmonicenergyratio": {
        "kurt": 12.612408638,
        "max": 8.30360031128,
        "mean": 0.629818201065,
        "median": 0.0386174693704,
        "min": 0,
        "skew": 3.38677930832,
        "var": 2.02289819717
    },
    "pitch_after_max_to_before_max_energy_ratio": 2.17772269249,
    "pitch_centroid": 48.885509491,
    "pitch_max_to_total": 0.327102810144,
    "pitch_min_to_total": 0.943925261497,
    "tristimulus": {
        "kurt": [-1.08849740028, 1.50786542892, -0.130436420441],
        "max": [1, 0.972142696381, 0.654892981052],
        "mean": [0.636658787727, 0.203432425857, 0.159908741713],
        "median": [0.681414067745, 0.124430373311, 0.120329074562],
        "min": [0, 0, 0],
        "skew": [-0.420652270317, 1.45021724701, 0.879350185394],
        "var": [0.110368289053, 0.0597464218736, 0.0293586868793],
        "cov": [[0.111409500241, -0.0710420012474, -0.0403675250709], [-0.0710420012474, 0.0603100657463, 0.0107318712398], [-0.0403675250709, 0.0107318712398, 0.029635656625]]
    }
},
"tonal": {
    "chords_changes_rate": 0.12962962687,
    "chords_number_rate": 0.111111111939,
    "chords_strength": {
        "kurt": -1.11296057701,
        "max": 0.586082875729,
        "mean": 0.47429484129,
        "median": 0.470402002335,
        "min": 0.315706044436,
        "skew": -0.379163503647,
        "var": 0.00623463978991
    },
    "key_strength": 0.472277581692,
    "tuning_diatonic_strength": 0.329114049673,
    "tuning_equal_tempered_deviation": 0.217563554645,
    "tuning_frequency": 448.726654053,
    "tuning_nontempered_energy_ratio": 0.891274094582,
    "hpcp": {
        "kurt": [4.59846878052, 3.26333761215, 0.731988668442, 1.14154005051, 1.23332643509, 1.34767580032, 2.89664793015, 5.0599861145, 6.09865474701, 6.9237203598, 14.4970741272, 12.3565206528, 19.4037818909, 7.55151844025, 8.54823970795, 3.96437644958, 3.28692293167, 3.09208297729, 2.69118833542, 1.0811958313, 1.65800714493, 2.38414859772, 1.34822893143, -0.275553226471, -0.0573697090149, -0.0844626426697, 0.192850828171, 0.0407705307007, 0.575162649155, 1.20005846024, 3.26994180679, 1.35842704773, 2.99502372742, 3.48097372055, 1.60363054276, 4.76346492767],
        "max": [1, 1, 1, 1, 0.922765731812, 0.972181499004, 1, 1, 0.830815851688, 0.765273809433, 1, 0.979103982449, 1, 0.695884764194, 1, 1, 1, 1, 1, 1, 1, 0.855198204517, 1, 1, 1, 1, 1, 1, 1, 0.976856887341, 1, 0.748486757278, 0.966771423817, 1, 0.714729487896, 1],
        "mean": [0.149357736111, 0.175380334258, 0.219166249037, 0.223361313343, 0.20506721735, 0.189445912838, 0.179129421711, 0.158340424299, 0.121600419283, 0.112342968583, 0.119651183486, 0.109181053936, 0.0974189266562, 0.0951093807817, 0.119761712849, 0.157829865813, 0.15875415504, 0.152698427439, 0.164693564177, 0.212977096438, 0.209692656994, 0.171659395099, 0.238645002246, 0.279357612133, 0.267729908228, 0.273848384619, 0.263738721609, 0.26136893034, 0.247812092304, 0.204131036997, 0.180681288242, 0.166066840291, 0.175620496273, 0.177685663104, 0.148622170091, 0.146357983351],
        "median": [0.0502176508307, 0.0490367747843, 0.073971003294, 0.114302173257, 0.100233100355, 0.0880212336779, 0.0850852131844, 0.0823642164469, 0.071006923914, 0.0670155137777, 0.0769151002169, 0.0600541308522, 0.0478904098272, 0.0370598211884, 0.0535165071487, 0.059708353132, 0.0699478760362, 0.0628084912896, 0.0504944063723, 0.0822445452213, 0.0597643516958, 0.115681663156, 0.184070527554, 0.138798639178, 0.0981629788876, 0.106646731496, 0.112301766872, 0.111598178744, 0.100455708802, 0.0806228518486, 0.080686673522, 0.107355296612, 0.109510540962, 0.0869678854942, 0.0668979585171, 0.0473955050111],
