{
"metadata": {
    "version": {
        "essentia": "2.1-beta3"
    }
},
"lowLevel": {
    "average_loudness": 0.963538110256,
    "barkbands_kurtosis": {
        "kurt": 9.79865169525,
        "max": 63.3149261475,
        "mean": 4.27242183685,
        "median": -0.587135314941,
        "min": -1.83333516121,
        "skew": 2.99459838867,
        "var": 128.174316406
    },
    "barkbands_skewness": {
        "kurt": 0.73960351944,
        "max": 7.35378217697,
        "mean": 0.887998282909,
        "median": 0.550432920456,
        "min": -3.48249602318,
        "skew": 0.955393254757,
        "var": 4.20004415512
    },
    "barkbands_spread": {
        "kurt": -0.868381977081,
        "max": 50.992401123,
        "mean": 24.09649086,
        "median": 22.5948352814,
        "min": 2.2567782402,
        "skew": 0.0218132641166,
        "var": 146.639282227
    },
    "dissonance": {
        "kurt": 1.06479215622,
        "max": 0.499535888433,
        "mean": 0.458915024996,
        "median": 0.471271783113,
        "min": 0.331113100052,
        "skew": -1.25381684303,
        "var": 0.00141051167157
    },
    "hfc": {
        "kurt": 26.7411193848,
        "max": 37.8446731567,
        "mean": 1.44787037373,
        "median": 0.00561774615198,
        "min": 7.72740293087e-07,
        "skew": 4.88232851028,
        "var": 25.311870575
    },
    "pitch": {
        "kurt": -1.06569099426,
        "max": 4143.99658203,
        "mean": 1470.12084961,
        "median": 698.071533203,
        "min": 97.3542098999,
        "skew": 0.784564256668,
        "var": 2042524.875
    },
    "pitch_instantaneous_confidence": {
        "kurt": -1.16641032696,
        "max": 0.937515616417,
        "mean": 0.501169860363,
        "median": 0.453313708305,
        "min": 0.135400235653,
        "skew": 0.319349914789,
        "var": 0.0502573139966
    },
    "pitch_salience": {
        "kurt": -0.365372896194,
        "max": 0.91309684515,
        "mean": 0.609335899353,
        "median": 0.67395734787,
        "min": 0.124392174184,
        "skew": -0.862966299057,
        "var": 0.034589741379
    },
    "silence_rate_20dB": {
        "kurt": 0,
        "max": 1,
        "mean": 1,
        "median": 1,
        "min": 1,
        "skew": 0,
        "var": 0
    },
    "silence_rate_30dB": {
        "kurt": 0,
        "max": 1,
        "mean": 1,
        "median": 1,
        "min": 1,
        "skew": 0,
        "var": 0
    },
    "silence_rate_60dB": {
        "kurt": 9.82272338867,
        "max": 1,
        "mean": 0.932203412056,
        "median": 1,
        "min": 0,
        "skew": -3.43841409683,
        "var": 0.0632002428174
    },
    "spectral_centroid": {
        "kurt": -0.625511884689,
        "max": 3694.42871094,
        "mean": 1543.0378418,
        "median": 1481.06311035,
        "min": 282.913269043,
        "skew": 0.475828647614,
        "var": 762051.3125
    },
    "spectral_complexity": {
        "kurt": 15.2373924255,
        "max": 18,
        "mean": 1.00847458839,
        "median": 0,
        "min": 0,
        "skew": 3.84631347656,
        "var": 8.90669631958
    },
    "spectral_crest": {
        "kurt": -0.434676647186,
        "max": 25.3675193787,
        "mean": 11.2196416855,
        "median": 9.23641777039,
        "min": 3.23302745819,
        "skew": 0.876154303551,
        "var": 38.6019592285
    },
    "spectral_decrease": {
        "kurt": 25.0959453583,
        "max": -2.08647137738e-16,
        "mean": -1.68913522058e-10,
        "median": -8.40465175754e-13,
        "min": -3.84272835774e-09,
        "skew": -4.79680109024,
        "var": 3.1514782592e-19
    },
    "spectral_energy": {
        "kurt": 24.4467449188,
        "max": 0.0179359521717,
        "mean": 0.000768844620325,
        "median": 3.88291755371e-06,
        "min": 8.57571014201e-10,
        "skew": 4.72922420502,
        "var": 6.52001563139e-06
    },
    "spectral_energyband_high": {
        "kurt": 22.1433830261,
        "max": 0.00203249673359,
        "mean": 8.91526506166e-05,
        "median": 2.19564753934e-07,
        "min": 5.67788732697e-11,
        "skew": 4.6185708046,
        "var": 1.01410776665e-07
    },
    "spectral_energyband_low": {
        "kurt": 15.8316936493,
        "max": 3.50420964423e-06,
        "mean": 2.82458387346e-07,
        "median": 7.44962278532e-08,
        "min": 4.32799109051e-12,
        "skew": 3.69546794891,
        "var": 3.01259153257e-13
    },
    "spectral_energyband_middle_high": {
        "kurt": 46.8455200195,
        "max": 0.00984661374241,
        "mean": 0.000283006083919,
        "median": 9.38717448662e-07,
        "min": 1.07516502645e-10,
        "skew": 6.32374858856,
        "var": 1.22892356558e-06
    },
    "spectral_energyband_middle_low": {
        "kurt": 38.1874427795,
        "max": 0.0118454908952,
        "mean": 0.000401344674174,
        "median": 1.2683588011e-06,
        "min": 6.91782575668e-10,
        "skew": 5.74689102173,
        "var": 2.00982321985e-06
    },
    "spectral_flatness_db": {
        "kurt": -0.711968898773,
        "max": 0.393611133099,
        "mean": 0.190483316779,
        "median": 0.160539209843,
        "min": 0.0797416865826,
        "skew": 0.644721388817,
        "var": 0.00630108173937
    },
    "spectral_flux": {
        "kurt": 4.57380533218,
        "max": 0.121630810201,
        "mean": 0.0136091541499,
        "median": 0.00124451168813,
        "min": 8.84014079929e-05,
        "skew": 2.24254179001,
        "var": 0.000622495776042
    },
    "spectral_kurtosis": {
        "kurt": 4.11534023285,
        "max": 17.0650863647,
        "mean": 4.89276790619,
        "median": 4.11581611633,
        "min": 0.485133647919,
        "skew": 1.95206224918,
        "var": 9.44906044006
    },
    "spectral_rms": {
        "kurt": 8.41012763977,
        "max": 0.00418311962858,
        "mean": 0.000382836064091,
        "median": 6.15484459559e-05,
        "min": 9.14688257581e-07,
        "skew": 2.86934041977,
        "var": 6.03528917509e-07
    },
    "spectral_rolloff": {
        "kurt": -1.10750436783,
        "max": 4758.83789062,
        "mean": 2677.41772461,
        "median": 2971.58203125,
        "min": 258.3984375,
        "skew": -0.530293047428,
        "var": 2104357
    },
    "spectral_skewness": {
        "kurt": 0.813568115234,
        "max": 3.25422692299,
        "mean": 1.5590852499,
        "median": 1.54433822632,
        "min": 0.751530110836,
        "skew": 0.661866426468,
        "var": 0.198481336236
    },
    "spectral_spread": {
        "kurt": -0.571393966675,
        "max": 8284082,
        "mean": 4963308,
        "median": 4813472,
        "min": 2381485.25,
        "skew": 0.146171197295,
        "var": 1.52452359782e+12
    },
    "spectral_strongpeak": {
        "kurt": 28.9132232666,
        "max": 2.86260318756,
        "mean": 0.13748036325,
        "median": 0.0135539527982,
        "min": 7.60499606258e-05,
        "skew": 5.01483678818,
        "var": 0.141767263412
    },
    "zerocrossingrate": {
        "kurt": -0.584498167038,
        "max": 0.1708984375,
        "mean": 0.0863512977958,
        "median": 0.087158203125,
        "min": 0.013671875,
        "skew": -0.0517376288772,
        "var": 0.00143629708327
    },
    "barkbands": {
        "kurt": [20.5689125061, 5.68910503387, 21.2405319214, 72.9479370117, 28.335439682, 52.9975814819, 40.6288719177, 30.6836395264, 39.4143066406, 97.0118255615, 45.124004364, 49.4732704163, 41.1009521484, 104.095237732, 53.9456825256, 33.1922149658, 26.5691070557, 80.6166229248, 106.715187073, 21.5520935059, 67.8762741089, 41.5350112915, 54.4262619019, 72.5453567505, 22.4773921967, 46.8027381897, 16.223897934],
        "max": [5.09983060226e-08, 3.37527040983e-07, 2.8923411719e-06, 4.1480661821e-06, 2.14758820221e-05, 0.000890575640369, 0.000866564572789, 0.00361775001511, 0.00799611862749, 0.000721617077943, 3.43585052178e-05, 6.0275724536e-05, 0.00015959830489, 0.000210378362681, 2.74851063296e-05, 0.000665235624183, 0.00138828076888, 0.00799143500626, 0.00113365531433, 0.00223224214278, 0.00174246903043, 0.000205800737604, 1.18159850899e-05, 2.0767274691e-05, 1.07119933546e-06, 1.07737605504e-07, 5.03532382456e-10],
        "mean": [3.57608409551e-09, 4.19522692141e-08, 1.71593555365e-07, 1.28293365265e-07, 1.18736625154e-06, 1.62447613548e-05, 2.03478102776e-05, 0.000130285334308, 0.000224413932301, 9.35824846238e-06, 8.5575607045e-07, 1.38667860483e-06, 4.26508267992e-06, 3.04418995256e-06, 8.07849175999e-07, 2.07493048947e-05, 5.41056942893e-05, 0.00013053623843, 1.46662623592e-05, 9.21233149711e-05, 3.76218922611e-05, 5.8538448684e-06, 2.49432844157e-07, 3.47104702314e-07, 4.73654395705e-08, 2.48211606824e-09, 3.04784288085e-11],
        "median": [1.15131049139e-09, 1.73617600296e-08, 3.38969456948e-08, 2.9722491135e-08, 1.65033924304e-07, 5.79081138596e-08, 6.56108838371e-08, 7.54725562047e-08, 4.96629439795e-08, 2.44527615934e-08, 8.25311197161e-09, 8.14076095423e-09, 1.22837837679e-08, 9.74748992633e-09, 1.57807686918e-08, 7.38862553362e-08, 8.88984104108e-08, 1.65120155771e-07, 1.20059425512e-07, 1.15489754648e-07, 8.53007691148e-08, 1.49556633744e-08, 2.83816747881e-09, 1.5970298417e-09, 9.52177892088e-10, 5.47388419314e-11, 6.51737127808e-13],
        "min": [2.47601526955e-13, 5.17532468703e-13, 1.54468842231e-12, 4.15214824329e-12, 2.4079960248e-10, 3.2057614896e-10, 3.95523058749e-11, 7.02015945375e-11, 1.620495578e-11, 3.74782534651e-13, 3.9911647663e-13, 2.94071597585e-13, 2.86430655669e-13, 7.04258103657e-13, 6.23785257389e-13, 2.81343633286e-12, 5.96975247014e-11, 3.61197356746e-11, 1.67293316786e-12, 3.74462023889e-11, 1.98314351052e-11, 1.85926599637e-12, 3.38780246261e-13, 4.44514704993e-13, 3.38963720373e-13, 7.43188808563e-14, 5.98036262167e-15],
        "skew": [4.18470096588, 2.32829070091, 4.21748447418, 8.06660652161, 4.93124914169, 7.3128247261, 6.20813417435, 5.23233747482, 6.17868232727, 9.71013259888, 6.6440320015, 6.76049518585, 6.12393712997, 10.1178979874, 6.84111022949, 5.62328720093, 4.81619930267, 8.68826293945, 10.2986602783, 4.56352806091, 7.76643610001, 6.38903999329, 7.27759838104, 8.3325586319, 4.66734361649, 6.76037359238, 3.5788936615],
        "var": [4.9465539597e-17, 3.83451222299e-15, 1.55441401395e-13, 1.71760853153e-13, 8.08169850486e-12, 1.13325517859e-08, 1.10812843346e-08, 2.21945370527e-07, 1.08883511984e-06, 4.67747085509e-09, 1.80792204124e-11, 4.69257688263e-11, 3.58754581598e-10, 3.82429865553e-10, 8.88022034379e-12, 7.90401699646e-09, 3.34267333812e-08, 6.26157429906e-07, 1.1005446332e-08, 1.08196054782e-07, 3.20441486679e-08, 7.54383666646e-10, 1.80252666092e-12, 4.5390670389e-12, 2.70967398367e-14, 1.67939184279e-16, 5.19008214946e-21],
        "cov": [[4.98883215343e-17, 1.6681436423e-16, 4.8726331297e-17, 4.0786952516e-16, 1.42988754145e-15, -2.05575014883e-14, -4.40416009123e-15, 2.94922018664e-13, 1.45423495294e-12, 1.82049864008e-13, 6.65293219278e-15, 9.30487376602e-15, 3.84813200456e-14, 5.42192430276e-14, 1.31523379698e-15, 1.58895777937e-13, 3.31831919798e-13, 1.21785144903e-12, 7.90386094247e-14, 6.65158954392e-13, 4.73754607593e-13, 5.97199427497e-14, 3.49771455899e-15, 3.80848586514e-15, 3.75397061289e-16, 3.48949019994e-17, 4.92518814039e-20], [1.6681436423e-16, 3.8672860453e-15, 1.40262726835e-14, 7.57583303409e-15, 4.40598587074e-15, 7.11385702949e-13, 7.84109918921e-13, 7.12528126778e-13, -8.57336459313e-14, -1.84420079034e-13, -1.68965539395e-14, -1.52443467192e-14, 7.0131509107e-14, -2.63403123098e-14, 2.88010599121e-15, -2.59672600263e-13, -1.70526841346e-14, 1.03168829816e-13, -1.06672463018e-13, 8.49117976452e-13, -7.18101251206e-14, -6.90511626285e-14, -1.66464484036e-15, -2.54970300244e-15, -9.13801907508e-17, -4.14425510541e-18, 1.84339267459e-20], [4.8726331297e-17, 1.40262726835e-14, 1.56769955633e-13, 5.1476489358e-14, 5.7589004366e-14, 6.68903474277e-12, 7.30122472897e-12, 1.83509301505e-11, -9.64623238058e-13, -5.63100781281e-13, -5.94020546727e-14, -5.87582283176e-14, -5.74970504693e-14, -6.56672456754e-14, 1.21019744248e-13, 5.62714480047e-13, 4.6331593076e-12, -9.37236139392e-12, -1.17322070028e-12, 1.58589391619e-11, 2.69688806877e-12, -4.24979197883e-13, -1.57963174333e-14, -2.84832683969e-14, 1.97093682453e-15, -2.259184307e-16, 1.81101248272e-18], [4.0786952516e-16, 7.57583303409e-15, 5.1476489358e-14, 1.7322889e-13, 3.01364104028e-13, 2.96507193798e-11, 3.18624883422e-11, 9.95497989598e-11, 1.78791512845e-11, -4.05934346467e-13, 4.05844601632e-13, 5.42711221015e-13, 1.05432004273e-12, 7.0177414227e-13, 3.47160017747e-13, 3.0930802624e-12, 3.73509070895e-11, 4.80347662687e-12, 7.90093468081e-13, 9.41898156692e-11, 1.69789165366e-11, 3.39905675221e-13, 9.20771823994e-15, 1.09918195016e-15, 1.55147433529e-14, -1.14207331633e-16, 1.00873211591e-17], [1.42988754145e-15, 4.40598587074e-15, 5.7589004366e-14, 3.01364104028e-13, 8.15077259159e-12, 1.86651430423e-10, 1.03005118324e-10, 8.4854390181e-10, 1.47666812111e-09, 5.04395960763e-12, 1.90678267446e-12, 4.8878887049e-12, 1.46082607816e-11, 1.08167695721e-12, 2.92056765057e-12, 8.55119378085e-11, 3.04511804661e-10, 1.59952849577e-11, 1.14709179655e-11, 5.20324616726e-10, 1.37741609785e-10, 1.76310376888e-12, 5.04495398365e-14, 5.20180314025e-14, 1.92589501746e-13, -1.40785843795e-15, 1.44399543105e-16], [-2.05575014883e-14, 7.11385702949e-13, 6.68903474277e-12, 2.96507193798e-11, 1.86651430423e-10, 1.14294111953e-08, 8.92247076223e-09, 2.44507774028e-08, 1.40421914097e-08, -1.03039035637e-10, 1.18180907768e-11, 5.77669335977e-11, 1.23917265338e-10, 1.19052601111e-10, 7.59994150945e-11, 6.10420658465e-10, 8.17110556994e-09, 1.50811252375e-09, 1.99109020937e-10, 1.93977012231e-08, 4.76540140681e-09, 1.47467316136e-10, 2.98639194971e-12, 2.12885590233e-12, 4.197800961e-12, -2.72011315653e-14, 3.94264148442e-15], [-4.40416009123e-15, 7.84109918921e-13, 7.30122472897e-12, 3.18624883422e-11, 1.03005118324e-10, 8.92247076223e-09, 1.11759961285e-08, 2.53121346105e-08, 1.03551500708e-09, -1.66596708651e-10, 4.28538541458e-12, 1.53614274079e-11, 1.36628189773e-13, 1.1525147503e-10, 5.57602609919e-11, 1.31282956728e-10, 5.65466429236e-09, 5.93310678365e-10, 6.76692426052e-12, 1.73433623019e-08, 3.77205289226e-09, 6.9175082329e-11, 1.57693064336e-12, -8.06181944119e-13, 2.92705356481e-12, -3.12318869226e-14, 3.03523139341e-15], [2.94922018664e-13, 7.12528126778e-13, 1.83509301505e-11, 9.95497989598e-11, 8.4854390181e-10, 2.44507774028e-08, 2.53121346105e-08, 2.2384233489e-07, 2.54773880215e-07, -9.26606680274e-10, 3.92596566368e-10, 1.52441870238e-09, 2.44585396381e-09, 5.21397369724e-10, 7.90048138022e-10, 7.52243423108e-09, 4.62227625064e-08, 5.76916470152e-09, 2.11920836435e-09, 1.07302170704e-07, 2.10015151936e-08, 1.05758746205e-09, 1.18969599797e-11, 3.86704644001e-12, 3.25270817225e-11, -1.47038699033e-13, 2.37343951188e-14], [1.45423495294e-12, -8.57336459313e-14, -9.64623238058e-13, 1.78791512845e-11, 1.47666812111e-09, 1.40421914097e-08, 1.03551500708e-09, 2.54773880215e-07, 1.09814141069e-06, 9.10800235232e-09, 4.42855085936e-10, 2.30348096153e-09, 1.43955469767e-08, 2.71902234061e-09, 1.33800570623e-09, 6.16294926203e-08, 6.93949289143e-08, 5.76562285914e-07, 7.43512060808e-08, 1.80742787848e-07, 6.39642721012e-08, 1.59062540916e-08, 6.75790701177e-10, 1.42061518105e-09, 1.33574568073e-10, 7.0607217989e-12, 4.15956297997e-14], [1.82049864008e-13, -1.84420079034e-13, -5.63100781281e-13, -4.05934346467e-13, 5.04395960763e-12, -1.03039035637e-10, -1.66596708651e-10, -9.26606680274e-10, 9.10800235232e-09, 4.71744954211e-09, 1.06164695091e-11, -2.21438579279e-12, 4.99584297542e-11, 1.3066061566e-09, 7.56518719197e-12, 3.02822389386e-09, 1.85180182299e-09, 1.52076022886e-08, 1.41796296926e-10, 9.97541693692e-09, 1.15507621246e-08, 1.22546262027e-09, 7.43906047873e-11, 6.4258813548e-11, 6.8072596171e-12, 6.61776189403e-13, 1.16887952683e-15], [6.65293219278e-15, -1.68965539395e-14, -5.94020546727e-14, 4.05844601632e-13, 1.90678267446e-12, 1.18180907768e-11, 4.28538541458e-12, 3.92596566368e-10, 4.42855085936e-10, 1.06164695091e-11, 1.82337426408e-11, 1.49629596907e-11, 2.72346676461e-11, 9.23586554458e-12, 3.99835720089e-12, 7.73971026158e-11, 5.24245924449e-10, 6.84076059687e-12, 2.16583868895e-11, 5.39388034237e-10, 4.92170922073e-11, 3.84819606736e-12, -1.99839869147e-15, 1.58452539148e-14, 1.17150619717e-13, 5.37685768187e-16, 5.13651598737e-17], [9.30487376602e-15, -1.52443467192e-14, -5.87582283176e-14, 5.42711221015e-13, 4.8878887049e-12, 5.77669335977e-11, 1.53614274079e-11, 1.52441870238e-09, 2.30348096153e-09, -2.21438579279e-12, 1.49629596907e-11, 4.73268438328e-11, 4.34537648919e-11, 6.82165088306e-12, 1.84832392447e-11, 9.27602022971e-11, 8.12955758267e-10, 1.42979267315e-10, 4.217596411e-11, 8.76947514605e-10, 1.20181295471e-10, 4.60890631215e-11, 3.13697804983e-14, 6.57291739483e-14, 2.46222015216e-13, 3.41492026477e-16, 1.07332931347e-16], [3.84813200456e-14, 7.0131509107e-14, -5.74970504693e-14, 1.05432004273e-12, 1.46082607816e-11, 1.23917265338e-10, 1.36628189773e-13, 2.44585396381e-09, 1.43955469767e-08, 4.99584297542e-11, 2.72346676461e-11, 4.34537648919e-11, 3.61820878814e-10, 1.95713792395e-11, 1.50353236805e-11, 8.37474589677e-10, 1.58051105537e-09, 8.69703153938e-09, 9.72804947708e-10, 2.47257614383e-09, 6.35867247745e-10, 1.80192208377e-10, 7.60084876983e-12, 1.71786491282e-11, 1.49505646578e-12, 1.12015756913e-13, 3.81266893735e-16], [5.42192430276e-14, -2.63403123098e-14, -6.56672456754e-14, 7.0177414227e-13, 1.08167695721e-12, 1.19052601111e-10, 1.1525147503e-10, 5.21397369724e-10, 2.71902234061e-09, 1.3066061566e-09, 9.23586554458e-12, 6.82165088306e-12, 1.95713792395e-11, 3.85698500915e-10, 4.14561267259e-12, 7.03449631878e-10, 5.41023392753e-10, 4.36410729776e-09, 5.97447577522e-11, 3.2132947414e-09, 3.24830584653e-09, 3.55570767274e-10, 2.11944992806e-11, 1.82796972004e-11, 1.90599597737e-12, 1.90964716371e-13, 3.53176448937e-16], [1.31523379698e-15, 2.88010599121e-15, 1.21019744248e-13, 3.47160017747e-13, 2.92056765057e-12, 7.59994150945e-11, 5.57602609919e-11, 7.90048138022e-10, 1.33800570623e-09, 7.56518719197e-12, 3.99835720089e-12, 1.84832392447e-11, 1.50353236805e-11, 4.14561267259e-12, 8.95611970003e-12, 7.69620062124e-11, 3.22991494661e-10, 2.60924004625e-10, 4.26615791305e-11, 4.62951482705e-10, 1.1055539817e-10, 2.68386528279e-11, 2.90625650715e-13, 5.88520985417e-13, 1.70842289968e-13, 1.83133965383e-15, 8.59632760868e-17], [1.58895777937e-13, -2.59672600263e-13, 5.62714480047e-13, 3.0930802624e-12, 8.55119378085e-11, 6.10420658465e-10, 1.31282956728e-10, 7.52243423108e-09, 6.16294926203e-08, 3.02822389386e-09, 7.73971026158e-11, 9.27602022971e-11, 8.37474589677e-10, 7.03449631878e-10, 7.69620062124e-11, 7.97157273524e-09, 8.67969607299e-09, 4.66295126955e-08, 5.74610448112e-09, 1.70269185418e-08, 9.88398163315e-09, 1.61780233654e-09, 7.67420293979e-11, 1.31648275614e-10, 1.21475590004e-11, 6.99301727636e-13, 2.90899574394e-15], [3.31831919798e-13, -1.70526841346e-14, 4.6331593076e-12, 3.73509070895e-11, 3.04511804661e-10, 8.17110556994e-09, 5.65466429236e-09, 4.62227625064e-08, 6.93949289143e-08, 1.85180182299e-09, 5.24245924449e-10, 8.12955758267e-10, 1.58051105537e-09, 5.41023392753e-10, 3.22991494661e-10, 8.67969607299e-09, 3.37124319572e-08, 9.20305431862e-09, 1.87351067993e-09, 4.51092745379e-08, 1.14740519308e-08, 8.80119366276e-10, 2.08926018846e-11, 2.43362482943e-11, 1.39118777262e-11, 1.12442878359e-13, 6.81299685586e-15], [1.21785144903e-12, 1.03168829816e-13, -9.37236139392e-12, 4.80347662687e-12, 1.59952849577e-11, 1.50811252375e-09, 5.93310678365e-10, 5.76916470152e-09, 5.76562285914e-07, 1.52076022886e-08, 6.84076059687e-12, 1.42979267315e-10, 8.69703153938e-09, 4.36410729776e-09, 2.60924004625e-10, 4.66295126955e-08, 9.20305431862e-09, 6.31509237792e-07, 7.84860887393e-08, 8.23065136046e-08, 5.25367447324e-08, 1.83506596585e-08, 8.25310375596e-10, 1.64676450254e-09, 9.706261489e-11, 8.49929154834e-12, 9.34012643025e-15], [7.90386094247e-14, -1.06672463018e-13, -1.17322070028e-12, 7.90093468081e-13, 1.14709179655e-11, 1.99109020937e-10, 6.76692426052e-12, 2.11920836435e-09, 7.43512060808e-08, 1.41796296926e-10, 2.16583868895e-11, 4.217596411e-11, 9.72804947708e-10, 5.97447577522e-11, 4.26615791305e-11, 5.74610448112e-09, 1.87351067993e-09, 7.84860887393e-08, 1.10995106439e-08, 8.50124415308e-09, 2.44709585928e-09, 2.05525796382e-09, 8.1723426637e-11, 2.01948013867e-10, 1.10434118447e-11, 8.26341978784e-13, 9.68840414355e-16], [6.65158954392e-13, 8.49117976452e-13, 1.58589391619e-11, 9.41898156692e-11, 5.20324616726e-10, 1.93977012231e-08, 1.73433623019e-08, 1.07302170704e-07, 1.80742787848e-07, 9.97541693692e-09, 5.39388034237e-10, 8.76947514605e-10, 2.47257614383e-09, 3.2132947414e-09, 4.62951482705e-10, 1.70269185418e-08, 4.51092745379e-08, 8.23065136046e-08, 8.50124415308e-09, 1.09120811942e-07, 4.14398080295e-08, 4.21138501849e-09, 2.13402212568e-10, 2.60729188239e-10, 4.19709197952e-11, 1.74479278681e-12, 1.64444941496e-14], [4.73754607593e-13, -7.18101251206e-14, 2.69688806877e-12, 1.69789165366e-11, 1.37741609785e-10, 4.76540140681e-09, 3.77205289226e-09, 2.10015151936e-08, 6.39642721012e-08, 1.15507621246e-08, 4.92170922073e-11, 1.20181295471e-10, 6.35867247745e-10, 3.24830584653e-09, 1.1055539817e-10, 9.88398163315e-09, 1.14740519308e-08, 5.25367447324e-08, 2.44709585928e-09, 4.14398080295e-08, 3.23180309181e-08, 3.43274142445e-09, 1.98086866354e-10, 1.93049340402e-10, 2.30377505267e-11, 1.74528837563e-12, 6.23164553339e-15], [5.97199427497e-14, -6.90511626285e-14, -4.24979197883e-13, 3.39905675221e-13, 1.76310376888e-12, 1.47467316136e-10, 6.9175082329e-11, 1.05758746205e-09, 1.59062540916e-08, 1.22546262027e-09, 3.84819606736e-12, 4.60890631215e-11, 1.80192208377e-10, 3.55570767274e-10, 2.68386528279e-11, 1.61780233654e-09, 8.80119366276e-10, 1.83506596585e-08, 2.05525796382e-09, 4.21138501849e-09, 3.43274142445e-09, 7.60831342372e-10, 3.46797764117e-11, 5.35839116134e-11, 3.75486794435e-12, 3.26785907362e-13, 4.68257918571e-16], [3.49771455899e-15, -1.66464484036e-15, -1.57963174333e-14, 9.20771823994e-15, 5.04495398365e-14, 2.98639194971e-12, 1.57693064336e-12, 1.18969599797e-11, 6.75790701177e-10, 7.43906047873e-11, -1.99839869147e-15, 3.13697804983e-14, 7.60084876983e-12, 2.11944992806e-11, 2.90625650715e-13, 7.67420293979e-11, 2.08926018846e-11, 8.25310375596e-10, 8.1723426637e-11, 2.13402212568e-10, 1.98086866354e-10, 3.46797764117e-11, 1.81793295695e-12, 2.5175334907e-12, 1.86754989728e-13, 1.700284641e-14, 2.43757437569e-17], [3.80848586514e-15, -2.54970300244e-15, -2.84832683969e-14, 1.09918195016e-15, 5.20180314025e-14, 2.12885590233e-12, -8.06181944119e-13, 3.86704644001e-12, 1.42061518105e-09, 6.4258813548e-11, 1.58452539148e-14, 6.57291739483e-14, 1.71786491282e-11, 1.82796972004e-11, 5.88520985417e-13, 1.31648275614e-10, 2.43362482943e-11, 1.64676450254e-09, 2.01948013867e-10, 2.60729188239e-10, 1.93049340402e-10, 5.35839116134e-11, 2.5175334907e-12, 4.57786239472e-12, 2.85107657969e-13, 2.43292375585e-14, 2.89050158687e-17], [3.75397061289e-16, -9.13801907508e-17, 1.97093682453e-15, 1.55147433529e-14, 1.92589501746e-13, 4.197800961e-12, 2.92705356481e-12, 3.25270817225e-11, 1.33574568073e-10, 6.8072596171e-12, 1.17150619717e-13, 2.46222015216e-13, 1.49505646578e-12, 1.90599597737e-12, 1.70842289968e-13, 1.21475590004e-11, 1.39118777262e-11, 9.706261489e-11, 1.10434118447e-11, 4.19709197952e-11, 2.30377505267e-11, 3.75486794435e-12, 1.86754989728e-13, 2.85107657969e-13, 2.73283355852e-14, 1.68277335713e-15, 7.21002633791e-18], [3.48949019994e-17, -4.14425510541e-18, -2.259184307e-16, -1.14207331633e-16, -1.40785843795e-15, -2.72011315653e-14, -3.12318869226e-14, -1.47038699033e-13, 7.0607217989e-12, 6.61776189403e-13, 5.37685768187e-16, 3.41492026477e-16, 1.12015756913e-13, 1.90964716371e-13, 1.83133965383e-15, 6.99301727636e-13, 1.12442878359e-13, 8.49929154834e-12, 8.26341978784e-13, 1.74479278681e-12, 1.74528837563e-12, 3.26785907362e-13, 1.700284641e-14, 2.43292375585e-14, 1.68277335713e-15, 1.69374561018e-16, 1.77993344595e-19], [4.92518814039e-20, 1.84339267459e-20, 1.81101248272e-18, 1.00873211591e-17, 1.44399543105e-16, 3.94264148442e-15, 3.03523139341e-15, 2.37343951188e-14, 4.15956297997e-14, 1.16887952683e-15, 5.13651598737e-17, 1.07332931347e-16, 3.81266893735e-16, 3.53176448937e-16, 8.59632760868e-17, 2.90899574394e-15, 6.81299685586e-15, 9.34012643025e-15, 9.68840414355e-16, 1.64444941496e-14, 6.23164553339e-15, 4.68257918571e-16, 2.43757437569e-17, 2.89050158687e-17, 7.21002633791e-18, 1.77993344595e-19, 5.23444172929e-21]]
    },
    "mfcc": {
        "kurt": [0.257014513016, 0.75594997406, 0.229087114334, -0.0432252883911, -0.221127986908, -0.718435049057, 0.956344366074, 0.84380197525, 0.483183383942, 0.182548284531, 2.03838062286, 0.735967874527, 5.19068908691],
        "max": [-745.636474609, 100.085273743, 44.8521766663, 79.2105407715, 44.0681190491, 26.8337020874, 23.6191596985, 31.5883388519, 48.9746131897, 30.9648685455, 32.596118927, 50.232925415, 19.1633605957],
        "mean": [-1027.51599121, 39.8110771179, -15.0787601471, 27.4954433441, -8.84878635406, -21.6222000122, -10.2199268341, -8.64586734772, 2.18876409531, -0.252725839615, -1.52707588673, 3.99641895294, -8.24465751648],
        "median": [-1066.42895508, 41.8622550964, -2.92008972168, 24.0274543762, -1.71625518799, -20.2493286133, -7.55904769897, -6.8579864502, -0.15311050415, -1.17817497253, -2.85113143921, 0.020450592041, -6.36203765869],
        "min": [-1138.42004395, -53.2558021545, -139.680358887, -3.44205856323, -67.9531936646, -81.6007995605, -46.9018669128, -53.8454437256, -27.8791885376, -23.9115905762, -28.160238266, -16.25050354, -72.5842285156],
        "skew": [1.14053285122, -0.200362384319, -0.987274229527, 0.738107204437, -0.640363037586, -0.368776321411, -0.965058684349, -0.320179820061, 0.710962593555, 0.471475452185, 0.725020766258, 1.21616733074, -1.84107804298],
        "var": [11318.7470703, 629.90246582, 1922.4708252, 377.938018799, 604.370361328, 588.289794922, 166.669021606, 241.052215576, 193.644088745, 100.858665466, 101.461784363, 205.718612671, 180.514709473],
        "cov": [[11415.4882812, 1006.96734619, -4171.41259766, 1308.04162598, -2108.55004883, -1845.99487305, -620.234130859, -333.363006592, 961.417541504, 369.772216797, 263.723999023, 979.590148926, -537.552307129], [1006.96734619, 635.286254883, -135.402679443, 129.414703369, -42.3581733704, -184.732177734, -146.584976196, -190.032531738, 26.3662242889, -26.4468650818, -10.9861516953, 131.880081177, 76.8117294312], [-4171.41259766, -135.402679443, 1938.90222168, -354.84765625, 808.690246582, 644.22869873, 106.409820557, -19.0844936371, -481.205474854, -191.477493286, -118.340835571, -335.556518555, 220.514099121], [1308.04162598, 129.414703369, -354.84765625, 381.168273926, -240.89453125, -304.002227783, -112.305877686, -130.378570557, 54.2220993042, 20.6945762634, 25.8846130371, 167.835098267, -29.7192382812], [-2108.55004883, -42.3581733704, 808.690246582, -240.89453125, 609.535949707, 506.994354248, 144.352752686, 28.0187778473, -181.263626099, -60.4506950378, -83.8616104126, -229.097137451, 92.2674331665], [-1845.99487305, -184.732177734, 644.22869873, -304.002227783, 506.994354248, 593.317932129, 191.543334961, 81.4009475708, -125.219985962, -29.7936038971, -56.1329345703, -254.205963135, 20.2929725647], [-620.234130859, -146.584976196, 106.409820557, -112.305877686, 144.352752686, 191.543334961, 168.093551636, 120.163253784, 11.2341356277, 26.9598865509, -24.2020072937, -114.331939697, -28.2794094086], [-333.363006592, -190.032531738, -19.0844936371, -130.378570557, 28.0187778473, 81.4009475708, 120.163253784, 243.112503052, 80.8092498779, 61.9969177246, 36.8964691162, -85.8637313843, -90.8332443237], [961.417541504, 26.3662242889, -481.205474854, 54.2220993042, -181.263626099, -125.219985962, 11.2341356277, 80.8092498779, 195.299163818, 90.8114242554, 49.5382957458, 69.4847259521, -89.1858062744], [369.772216797, -26.4468650818, -191.477493286, 20.6945762634, -60.4506950378, -29.7936038971, 26.9598865509, 61.9969177246, 90.8114242554, 101.720703125, 58.6565208435, 17.7682590485, -72.3928604126], [263.723999023, -10.9861516953, -118.340835571, 25.8846130371, -83.8616104126, -56.1329345703, -24.2020072937, 36.8964691162, 49.5382957458, 58.6565208435, 102.328979492, 65.9480438232, -37.1420021057], [979.590148926, 131.880081177, -335.556518555, 167.835098267, -229.097137451, -254.205963135, -114.331939697, -85.8637313843, 69.4847259521, 17.7682590485, 65.9480438232, 207.476898193, 25.5895023346], [-537.552307129, 76.8117294312, 220.514099121, -29.7192382812, 92.2674331665, 20.2929725647, -28.2794094086, -90.8332443237, -89.1858062744, -72.3928604126, -37.1420021057, 25.5895023346, 182.057571411]]
    },
    "sccoeffs": {
        "kurt": [-0.795279979706, 1.08450746536, 4.29938745499, 5.73567295074, 2.69169187546, 0.749433040619],
        "max": [-0.621410012245, -0.383405953646, -0.360882520676, -0.583436489105, -0.577770829201, -0.636233150959],
        "mean": [-0.798936247826, -0.793423235416, -0.832044839859, -0.858714818954, -0.845082044601, -0.814015805721],
        "median": [-0.809252023697, -0.841398715973, -0.875306427479, -0.872971475124, -0.864902257919, -0.830112457275],
        "min": [-0.909128129482, -0.945896029472, -0.936151981354, -0.932466268539, -0.924335002899, -0.900617480278],
        "skew": [0.460865885019, 1.3914951086, 2.13052415848, 2.16573166847, 1.62072849274, 1.14236533642],
        "var": [0.00525063788518, 0.0146923894063, 0.012818781659, 0.00368517474271, 0.00424935296178, 0.00344794476405],
        "cov": [[0.00529551506042, 0.00161989196204, -0.000294531026157, -0.000308204151224, 0.000247356161708, 0.000231651356444], [0.00161989196204, 0.0148179652169, 0.0076085710898, 0.00410207128152, 0.00507066911086, 0.00479767844081], [-0.000294531026157, 0.0076085710898, 0.0129283443093, 0.0058116693981, 0.00572606315836, 0.00518193142489], [-0.000308204151224, 0.00410207128152, 0.0058116693981, 0.00371667207219, 0.0030875033699, 0.0028140633367], [0.000247356161708, 0.00507066911086, 0.00572606315836, 0.0030875033699, 0.00428567221388, 0.00341284251772], [0.000231651356444, 0.00479767844081, 0.00518193142489, 0.0028140633367, 0.00341284251772, 0.00347741437145]]
    },
    "scvalleys": {
        "kurt": [4.28692102432, 1.01391363144, 1.60470247269, -0.0369138717651, -0.197020292282, 0.178290843964],
        "max": [-8.45248794556, -5.72007369995, -6.76059246063, -7.40736293793, -6.52869701385, -9.90895557404],
        "mean": [-10.3452644348, -9.87736606598, -10.6989431381, -10.8586597443, -10.2702512741, -12.9389677048],
        "median": [-10.261431694, -10.1289081573, -10.8171691895, -11.1720218658, -10.5539627075, -12.9634857178],
        "min": [-14.5423984528, -13.2489337921, -15.8739910126, -15.9707298279, -15.1721048355, -17.149805069],
        "skew": [-1.34650540352, 0.668207347393, 0.06530405581, 0.0852698981762, 0.298833876848, 0.0598003640771],
        "var": [0.777148246765, 1.66331243515, 1.85758423805, 2.3905916214, 2.73088502884, 1.75331544876],
        "cov": [[0.783790528774, 0.735039353371, 0.832581400871, 0.917149603367, 0.911139786243, 0.743335068226], [0.735039353371, 1.67752885818, 1.42644107342, 1.63523983955, 1.84642219543, 1.40982496738], [0.832581400871, 1.42644107342, 1.87346112728, 1.97847700119, 2.01646375656, 1.53281450272], [0.917149603367, 1.63523983955, 1.97847700119, 2.41102409363, 2.33725452423, 1.83712875843], [0.911139786243, 1.84642219543, 2.01646375656, 2.33725452423, 2.75422596931, 2.09359812737], [0.743335068226, 1.40982496738, 1.53281450272, 1.83712875843, 2.09359812737, 1.76830101013]]
    }
},
"rhythm": {
    "beats_loudness": {
        "kurt": -0.971444129944,
        "max": 9.09734008019e-05,
        "mean": 3.30822731485e-05,
        "median": 2.05315500352e-05,
        "min": 2.92588225648e-07,
        "skew": 0.816357374191,
        "var": 1.25235999349e-09
    },
    "bpm": 111.550361633,
    "confidence": 0,
    "first_peak_bpm": {
        "kurt": 0,
        "max": 112,
        "mean": 112,
        "median": 112,
        "min": 112,
        "skew": 0,
        "var": 0
    },
    "first_peak_spread": {
        "kurt": 0,
        "max": 0.333333313465,
        "mean": 0.333333313465,
        "median": 0.333333313465,
        "min": 0.333333313465,
        "skew": 0,
        "var": 0
    },
    "first_peak_weight": {
        "kurt": 0,
        "max": 0.666666686535,
        "mean": 0.666666686535,
        "median": 0.666666686535,
        "min": 0.666666686535,
        "skew": 0,
        "var": 0
    },
    "onset_rate": 2.94943809509,
    "second_peak_bpm": {
        "kurt": 0,
        "max": 0,
        "mean": 0,
        "median": 0,
        "min": 0,
        "skew": 0,
        "var": 0
    },
    "second_peak_spread": {
        "kurt": 0,
        "max": 0,
        "mean": 0,
        "median": 0,
        "min": 0,
        "skew": 0,
        "var": 0
    },
    "second_peak_weight": {
        "kurt": 0,
        "max": 0,
        "mean": 0,
        "median": 0,
        "min": 0,
        "skew": 0,
        "var": 0
    },
    "beats_loudness_band_ratio": {
        "kurt": [-1.32770776749, -1.69729959965, -1.68196821213, -0.705539226532, -1.23142290115, -1.17300450802],
        "max": [0.228927463293, 0.226843222976, 0.639594614506, 0.218926295638, 0.37759616971, 0.216982960701],
        "mean": [0.0872976183891, 0.122822500765, 0.323030531406, 0.107107102871, 0.248830914497, 0.150263547897],
        "median": [0.0598455630243, 0.131646007299, 0.309628605843, 0.0764039754868, 0.248394086957, 0.149645403028],
        "min": [0.000571885379031, 0.00115476618521, 0.0332703106105, 0.0566941574216, 0.12093923986, 0.0847804695368],
        "skew": [0.526996791363, -0.148558452725, 0.0913312509656, 1.09842967987, 0.0122624281794, 0.0352355651557],
        "var": [0.00864588562399, 0.00845132023096, 0.0592912249267, 0.00423540920019, 0.00877548381686, 0.00228899833746],
        "cov": [[0.0115278474987, -0.000112695619464, -0.0282549411058, 0.00716482894495, 0.0109339216724, 0.00119001907296], [-0.000112695619464, 0.0112684266642, -0.01008135546, -0.00324316998012, 0.00317003834061, 0.00045167375356], [-0.0282549411058, -0.01008135546, 0.0790549665689, -0.0143539486453, -0.0294864531606, -0.00424590846524], [0.00716482894495, -0.00324316998012, -0.0143539486453, 0.00564721226692, 0.00620941026136, -0.00032596042729], [0.0109339216724, 0.00317003834061, -0.0294864531606, 0.00620941026136, 0.0117006450891, 0.000216017084313], [0.00119001907296, 0.00045167375356, -0.00424590846524, -0.00032596042729, 0.000216017084313, 0.00305199786089]]
    },
    "beats_position": [0.476009070873, 1.02167797089, 1.55573689938, 2.08979582787],
    "bpm_estimates": [109.956787109, 112.34715271, 112.34715271],
    "bpm_intervals": [0.545668900013, 0.53405892849, 0.53405892849],
    "onset_times": [0.0232199542224, 0.150929704309, 0.301859408617, 0.452789127827, 0.638548731804, 0.801088452339, 1.59056687355, 1.82276642323],
    "histogram": [[0, 0, 0, 0, 0, 0, 0, 0, 0, 0, 0, 0, 0, 0, 0, 0, 0, 0, 0, 0, 0, 0, 0, 0, 0, 0, 0, 0, 0, 0, 0, 0, 0, 0, 0, 0, 0, 0, 0, 0, 0, 0, 0, 0, 0, 0, 0, 0, 0, 0, 0, 0, 0, 0, 0, 0, 0, 0, 0, 0, 0, 0, 0, 0, 0, 0, 0, 0, 0, 0, 0, 0, 0, 0, 0, 0, 0, 0, 0, 0, 0, 0, 0, 0, 0, 0, 0, 0, 0, 0, 0, 0, 0, 0, 0, 0, 0, 0, 0, 0, 0, 0, 0, 0, 0, 0, 0, 0, 0, 0, 0.333333343267, 0, 0.666666686535, 0, 0, 0, 0, 0, 0, 0, 0, 0, 0, 0, 0, 0, 0, 0, 0, 0, 0, 0, 0, 0, 0, 0, 0, 0, 0, 0, 0, 0, 0, 0, 0, 0, 0, 0, 0, 0, 0, 0, 0, 0, 0, 0, 0, 0, 0, 0, 0, 0, 0, 0, 0, 0, 0, 0, 0, 0, 0, 0, 0, 0, 0, 0, 0, 0, 0, 0, 0, 0, 0, 0, 0, 0, 0, 0, 0, 0, 0, 0, 0, 0, 0, 0, 0, 0, 0, 0, 0, 0, 0, 0, 0, 0, 0, 0, 0, 0, 0, 0, 0, 0, 0, 0, 0, 0, 0, 0, 0, 0, 0, 0, 0, 0, 0, 0, 0, 0, 0, 0, 0, 0, 0, 0, 0, 0, 0, 0, 0, 0, 0, 0, 0, 0, 0, 0, 0, 0]]
},
"sfx": {
    "inharmonicity": {
        "kurt": 8.72116756439,
        "max": 0.391332954168,
        "mean": 0.0368033535779,
        "median": 0.00848314352334,
        "min": 0,
        "skew": 2.88199996948,
        "var": 0.00484541896731
    },
    "oddtoevenharmonicenergyratio": {
        "kurt": 93.7825546265,
        "max": 94.9700088501,
        "mean": 1.49242758751,
        "median": 0.080635741353,
        "min": 0,
        "skew": 9.51605987549,
        "var": 81.9990234375
    },
    "pitch_after_max_to_before_max_energy_ratio": 14.229057312,
    "pitch_centroid": 44.9518127441,
    "pitch_max_to_total": 0.0254237279296,
    "pitch_min_to_total": 0.542372882366,
    "tristimulus": {
        "kurt": [-1.34265124798, 1.60146093369, -0.149110794067],
        "max": [1, 0.977500140667, 0.82698148489],
        "mean": [0.578342854977, 0.225912153721, 0.195744901896],
        "median": [0.54718953371, 0.200938552618, 0.160537838936],
        "min": [0, 0, 0],
        "skew": [-0.0360494665802, 1.21852886677, 0.816511154175],
        "var": [0.108017168939, 0.0488731376827, 0.0412320718169],
        "cov": [[0.108940392733, -0.0583233721554, -0.0506169945002], [-0.0583233721554, 0.0492908582091, 0.00903251115233], [-0.0506169945002, 0.00903251115233, 0.0415844842792]]
    }
},
"tonal": {
    "chords_changes_rate": 0.166666671634,
    "chords_number_rate": 0.0833333358169,
    "chords_strength": {
        "kurt": -0.216326236725,
        "max": 0.683003246784,
        "mean": 0.485731214285,
        "median": 0.484681010246,
        "min": 0.35252404213,
        "skew": 0.490483224392,
        "var": 0.00541490502656
    },
    "key_strength": 0.528014242649,
    "tuning_diatonic_strength": 0.462677299976,
    "tuning_equal_tempered_deviation": 0.224267065525,
    "tuning_frequency": 444.598632812,
    "tuning_nontempered_energy_ratio": 0.883306920528,
    "hpcp": {
        "kurt": [3.81027126312, 3.02346992493, 1.86592435837, -0.49946808815, -1.00850081444, -0.986702203751, -0.0409691333771, 1.13465070724, 2.06188964844, 1.65628671646, 1.76559734344, 0.13138461113, 1.0911359787, 2.1240901947, 2.06432104111, 0.681034803391, -0.354848146439, 0.72968006134, 1.7383928299, 1.8726143837, -0.0668039321899, 1.09194993973, 1.82763767242, 1.91824007034, 3.17975378036, 5.48303222656, 3.04100799561, 1.54526233673, 2.17994213104, 2.68329381943, 6.80342769623, 4.18910264969, 3.57113313675, 4.0771727562, 3.97097969055, 3.31667661667],
        "max": [0.79993891716, 0.919211685658, 1, 1, 1, 1, 1, 1, 1, 1, 1, 1, 1, 1, 1, 1, 0.917879641056, 1, 1, 0.747328698635, 0.516098201275, 0.805671393871, 1, 1, 1, 1, 1, 1, 0.971968412399, 0.772244155407, 1, 1, 1, 1, 0.997573077679, 0.743105649948],
        "mean": [0.122150115669, 0.152623280883, 0.215734228492, 0.325111597776, 0.373515993357, 0.345072329044, 0.2815297544, 0.215856596828, 0.20039357245, 0.208820953965, 0.222696393728, 0.240671649575, 0.227939456701, 0.186659634113, 0.188836976886, 0.226426437497, 0.242204084992, 0.251810014248, 0.218927904963, 0.148624002934, 0.134764373302, 0.174687311053, 0.203840330243, 0.206598341465, 0.179445341229, 0.152245178819, 0.169438749552, 0.198047786951, 0.167671918869, 0.120975583792, 0.119931988418, 0.137144044042, 0.149450734258, 0.155693635345, 0.141956180334, 0.11335953325],
        "median": [0.0424155592918, 0.0634260028601, 0.113313511014, 0.254491269588, 0.303780168295, 0.209127306938, 0.135864749551, 0.107303328812, 0.0977550148964, 0.106848731637, 0.104084551334, 0.120102599263, 0.106885820627, 0.0929912850261, 0.103119060397, 0.119222611189, 0.110542327166, 0.113747090101, 0.116070844233, 0.0922552719712, 0.0714417695999, 0.0956730023026, 0.12594011426, 0.101924717426, 0.112329497933, 0.0681138783693, 0.0569730773568, 0.0508802682161, 0.0429840162396, 0.0378054194152, 0.0367070436478, 0.0310439020395, 0.0227329265326, 0.0350188240409, 0.0335600674152, 0.036921620369],
