{
"metadata": {
    "version": {
        "essentia": "2.1-beta3"
    }
},
"lowLevel": {
    "average_loudness": 0.99068403244,
    "barkbands_kurtosis": {
        "kurt": 9.73955154419,
        "max": 130.637695312,
        "mean": 11.0590610504,
        "median": 1.07473134995,
        "min": -1.76304352283,
        "skew": 3.07624721527,
        "var": 641.267211914
    },
    "barkbands_skewness": {
        "kurt": 1.34463262558,
        "max": 9.26464271545,
        "mean": 2.14241147041,
        "median": 1.4809666872,
        "min": -0.621084928513,
        "skew": 1.32845568657,
        "var": 5.59640264511
    },
    "barkbands_spread": {
        "kurt": -1.24221253395,
        "max": 42.5852966309,
        "mean": 19.0376148224,
        "median": 14.2969875336,
        "min": 0.715086936951,
        "skew": 0.367829054594,
        "var": 151.406158447
    },
    "dissonance": {
        "kurt": 0.0156388282776,
        "max": 0.496725291014,
        "mean": 0.43539494276,
        "median": 0.453585237265,
        "min": 0.284018576145,
        "skew": -0.907964408398,
        "var": 0.00274619460106
    },
    "hfc": {
        "kurt": 8.89801502228,
        "max": 10.2305431366,
        "mean": 0.831512868404,
        "median": 0.0282541830093,
        "min": 1.03724960354e-05,
        "skew": 3.09904384613,
        "var": 4.57261419296
    },
    "pitch": {
        "kurt": -0.655678272247,
        "max": 3488.23999023,
        "mean": 1118.34887695,
        "median": 416.778594971,
        "min": 151.043762207,
        "skew": 1.0985006094,
        "var": 1513642.375
    },
    "pitch_instantaneous_confidence": {
        "kurt": -1.23512136936,
        "max": 0.976727366447,
        "mean": 0.568377256393,
        "median": 0.498781561852,
        "min": 0.204893767834,
        "skew": 0.314185738564,
        "var": 0.0507184565067
    },
    "pitch_salience": {
        "kurt": -0.606417179108,
        "max": 0.857888042927,
        "mean": 0.588625967503,
        "median": 0.632669985294,
        "min": 0.173977121711,
        "skew": -0.640707433224,
        "var": 0.0307632982731
    },
    "silence_rate_20dB": {
        "kurt": 0,
        "max": 1,
        "mean": 1,
        "median": 1,
        "min": 1,
        "skew": 0,
        "var": 0
    },
    "silence_rate_30dB": {
        "kurt": 0,
        "max": 1,
        "mean": 1,
        "median": 1,
        "min": 1,
        "skew": 0,
        "var": 0
    },
    "silence_rate_60dB": {
        "kurt": 2.04522705078,
        "max": 1,
        "mean": 0.854545474052,
        "median": 1,
        "min": 0,
        "skew": -2.01127338409,
        "var": 0.124297387898
    },
    "spectral_centroid": {
        "kurt": -0.659428358078,
        "max": 2212.45605469,
        "mean": 1019.03308105,
        "median": 959.659057617,
        "min": 298.422393799,
        "skew": 0.708818614483,
        "var": 301579.1875
    },
    "spectral_complexity": {
        "kurt": 4.29707765579,
        "max": 5,
        "mean": 0.600000023842,
        "median": 0,
        "min": 0,
        "skew": 2.12923550606,
        "var": 1.22181844711
    },
    "spectral_crest": {
        "kurt": -0.918593645096,
        "max": 24.2386379242,
        "mean": 12.2641448975,
        "median": 11.7855558395,
        "min": 4.12698936462,
        "skew": 0.427081525326,
        "var": 33.3711509705
    },
    "spectral_decrease": {
        "kurt": 7.41690063477,
        "max": -2.6144878939e-15,
        "mean": -3.70019598295e-10,
        "median": -9.84692362371e-12,
        "min": -4.31273727841e-09,
        "skew": -2.90733337402,
        "var": 9.41865895761e-19
    },
    "spectral_energy": {
        "kurt": 7.4758682251,
        "max": 0.0172051955014,
        "mean": 0.00147195940372,
        "median": 3.87839172618e-05,
        "min": 1.0808495432e-08,
        "skew": 2.91467285156,
        "var": 1.4858481336e-05
    },
    "spectral_energyband_high": {
        "kurt": 23.9795188904,
        "max": 0.00050984788686,
        "mean": 2.2020049073e-05,
        "median": 7.88915826888e-07,
        "min": 6.03229133311e-10,
        "skew": 4.86633110046,
        "var": 6.58271970266e-09
    },
    "spectral_energyband_low": {
        "kurt": 28.4884223938,
        "max": 1.49041088662e-05,
        "mean": 8.13987128367e-07,
        "median": 6.59664323166e-08,
        "min": 1.49637718883e-10,
        "skew": 5.08813619614,
        "var": 4.81948378775e-12
    },
    "spectral_energyband_middle_high": {
        "kurt": 7.99626636505,
        "max": 0.000532046891749,
        "mean": 5.52312412765e-05,
        "median": 5.27663405592e-06,
        "min": 1.58572310838e-09,
        "skew": 2.9176595211,
        "var": 1.39453018022e-08
    },
    "spectral_energyband_middle_low": {
        "kurt": 7.37142848969,
        "max": 0.0161726456136,
        "mean": 0.00139529851731,
        "median": 2.62208759523e-05,
        "min": 8.62974314231e-09,
        "skew": 2.90651416779,
        "var": 1.36982171171e-05
    },
    "spectral_flatness_db": {
        "kurt": -1.14604902267,
        "max": 0.421462714672,
        "mean": 0.229857325554,
        "median": 0.225727573037,
        "min": 0.0998404473066,
        "skew": 0.259731411934,
        "var": 0.00817501265556
    },
    "spectral_flux": {
        "kurt": 2.02662658691,
        "max": 0.12032982707,
        "mean": 0.0216367524117,
        "median": 0.0066700913012,
        "min": 0.000361354846973,
        "skew": 1.80189192295,
        "var": 0.00101345905568
    },
    "spectral_kurtosis": {
        "kurt": 7.49844646454,
        "max": 25.5599918365,
        "mean": 6.07105541229,
        "median": 5.02724170685,
        "min": 1.54435396194,
        "skew": 2.37511467934,
        "var": 16.9011363983
    },
    "spectral_rms": {
        "kurt": 3.82339048386,
        "max": 0.00409701792523,
        "mean": 0.000612588017248,
        "median": 0.000194519830984,
        "min": 3.24728716805e-06,
        "skew": 2.2401471138,
        "var": 1.06079369289e-06
    },
    "spectral_rolloff": {
        "kurt": -1.61048781872,
        "max": 3789.84375,
        "mean": 1774.72753906,
        "median": 1851.85546875,
        "min": 301.46484375,
        "skew": 0.134181275964,
        "var": 1496058.75
    },
    "spectral_skewness": {
        "kurt": 3.65201568604,
        "max": 4.14349460602,
        "mean": 1.88093030453,
        "median": 1.71018564701,
        "min": 1.06897759438,
        "skew": 1.77085375786,
        "var": 0.317511051893
    },
    "spectral_spread": {
        "kurt": -0.953402996063,
        "max": 7408592.5,
        "mean": 4951217,
        "median": 4764301,
        "min": 2591714.5,
        "skew": 0.125773519278,
        "var": 1.68523399168e+12
    },
    "spectral_strongpeak": {
        "kurt": 12.9013576508,
        "max": 1.88215982914,
        "mean": 0.155821099877,
        "median": 0.0332843214273,
        "min": 0.00010847717931,
        "skew": 3.47896647453,
        "var": 0.113273218274
    },
    "zerocrossingrate": {
        "kurt": -1.07897174358,
        "max": 0.1240234375,
        "mean": 0.0631125718355,
        "median": 0.060546875,
        "min": 0.017578125,
        "skew": 0.332266867161,
        "var": 0.00102469895501
    },
    "barkbands": {
        "kurt": [9.8198261261, 9.34527778625, 14.7180080414, 21.592508316, 34.5521202087, 22.3308830261, 27.300989151, 39.6634292603, 9.6909198761, 13.4964885712, 34.562210083, 20.8272075653, 11.465045929, 7.89553642273, 6.65645980835, 25.6754779816, 8.77513504028, 16.6400299072, 6.23014545441, 15.673532486, 23.3270454407, 30.8091392517, 12.4644899368, 27.4994506836, 12.5269575119, 16.7586116791, 3.54408168793],
        "max": [4.81469584201e-08, 3.90513577031e-07, 4.64620961793e-06, 2.07148314075e-05, 0.000495793239679, 0.0154455928132, 0.0135751804337, 0.00229547754861, 0.000372946029529, 5.7957811805e-05, 3.1014358683e-05, 2.49393633567e-06, 6.99698694007e-06, 4.61555418951e-06, 1.23385052575e-05, 0.000211273320019, 9.31677641347e-05, 0.000296894140774, 8.13174483483e-05, 4.64249969809e-05, 0.00042656090227, 7.778473082e-05, 2.6879233701e-06, 4.87866657295e-07, 1.3010018165e-06, 3.10646299795e-08, 4.50146114828e-10],
        "mean": [5.11204545361e-09, 4.16451868546e-08, 3.59752050372e-07, 1.20771665024e-06, 1.8710101358e-05, 0.000760075519793, 0.000520432542544, 6.32715600659e-05, 2.92091172014e-05, 4.06522576668e-06, 1.261134571e-06, 1.39764409823e-07, 5.48077309759e-07, 4.52522073147e-07, 1.42246051382e-06, 1.14333042802e-05, 8.39793665364e-06, 1.86870183825e-05, 8.05961099104e-06, 2.87768034468e-06, 1.79506641871e-05, 3.01817271975e-06, 2.12441293002e-07, 2.42639401904e-08, 9.58825481234e-08, 2.06450923024e-09, 5.81373248154e-11],
        "median": [1.28567145818e-09, 1.67774292237e-08, 3.13770271987e-08, 6.81776768374e-08, 3.34726109941e-07, 8.82503968569e-07, 1.13227974907e-06, 6.3382293547e-07, 3.0291377584e-07, 1.46176688531e-07, 2.3314822073e-08, 5.92035354074e-09, 2.09817798691e-08, 3.19160911033e-08, 8.79447128455e-08, 5.07570860009e-07, 3.20295100664e-07, 9.76131559582e-07, 5.882880032e-07, 7.33192706548e-08, 4.05179946483e-07, 1.14252678429e-07, 2.25525624842e-08, 1.01327812807e-09, 6.74927935762e-09, 1.2361299484e-10, 1.33066290191e-12],
        "min": [5.90596408584e-12, 1.23160006499e-11, 6.05152247757e-11, 1.7953455389e-10, 9.25636123306e-10, 1.78892922698e-09, 3.50787177084e-09, 3.84706100309e-10, 1.54575197087e-09, 2.72921435451e-10, 6.12142558865e-11, 5.67891358938e-11, 1.76887143821e-10, 4.12631595559e-11, 1.14286753672e-10, 2.07791645002e-10, 7.21354434519e-11, 3.49408668665e-10, 2.9609659169e-10, 3.93274218746e-10, 1.86500981325e-10, 5.4477228284e-11, 1.835755159e-11, 6.47113525959e-12, 4.09947770175e-12, 3.8788010347e-13, 1.81409757821e-14],
        "skew": [3.06692671776, 3.08900761604, 3.61066913605, 4.44036197662, 5.81183195114, 4.50524234772, 5.0976896286, 6.27679157257, 3.19244766235, 3.67986869812, 5.72640705109, 4.42533588409, 3.31047224998, 2.9686319828, 2.73458766937, 4.82749986649, 3.08380079269, 3.99596738815, 2.55998897552, 3.8376121521, 4.82555913925, 5.42711448669, 3.3423705101, 4.97046852112, 3.45074796677, 3.97370886803, 2.19150590897],
        "var": [8.34937118244e-17, 5.72675545155e-15, 6.28428298982e-13, 1.07334653318e-11, 5.0753339309e-09, 5.91523394178e-06, 4.27228314948e-06, 1.03411416319e-07, 5.76704017874e-09, 1.13571652083e-10, 1.96035999933e-11, 1.61181764008e-13, 1.65534968545e-12, 1.02519165032e-12, 8.67598180798e-12, 1.0222387381e-09, 4.10921269234e-10, 2.5454314212e-09, 2.8252125639e-10, 6.31814114915e-11, 4.73387373745e-09, 1.31693142502e-10, 2.23957625448e-13, 5.29331005772e-15, 5.44368051341e-14, 2.759952303e-17, 1.40156642886e-20],
        "cov": [[8.50398910603e-17, 8.9751683883e-17, 9.29712751406e-19, 2.4737376996e-15, 6.77688767191e-14, 5.54514854173e-12, 1.06465279301e-11, 6.86517466139e-13, 1.13743975176e-13, 4.78125661825e-15, 2.07858835938e-14, 3.8859836094e-16, 5.90972812069e-15, 9.43977138617e-16, 6.4450156739e-15, 4.24681516624e-14, 8.07000882677e-14, 1.0174645821e-13, 4.33544090114e-14, 4.98067951425e-15, 8.87122677835e-14, 1.53063393665e-14, 8.32140466915e-16, 2.94819544936e-17, 4.68451889116e-16, 2.4650984797e-17, 6.05770418762e-19], [8.9751683883e-17, 5.83280651765e-15, 3.07724901333e-14, 4.9823494397e-14, 5.06164446294e-13, 3.23951733494e-11, 4.75765815633e-11, 1.47181173499e-11, -1.86969173867e-13, 3.20325742927e-13, 5.92079011687e-14, 8.0947440523e-15, 8.72355251322e-15, 2.41187566474e-14, 6.57487031399e-14, -1.16681693807e-14, 2.93605200916e-13, 8.60519609128e-13, 5.13200538923e-13, 3.13709155224e-14, 1.48227892634e-12, 1.65874462061e-13, 4.50515352359e-15, 7.4275800337e-16, 4.20852385601e-15, 9.95895083442e-17, 3.50781324313e-18], [9.29712751406e-19, 3.07724901333e-14, 6.40065854051e-13, 2.06080139932e-12, -2.45208719865e-13, 8.4474566231e-11, 3.46135009544e-10, 1.08929205933e-10, -4.00369494502e-12, 2.46225869555e-12, 4.73110699922e-13, 1.33631549836e-13, 7.88426060007e-14, 5.33754952129e-13, 1.47337415705e-12, 5.43783822225e-13, 3.07089596807e-12, 9.09157037848e-12, 7.0192102998e-12, 3.92174790906e-12, 1.0439747157e-11, 1.09408435003e-12, 1.41167771374e-13, 4.54200106616e-14, 7.04472016746e-14, 1.08170660166e-15, 4.64508467673e-17], [2.4737376996e-15, 4.9823494397e-14, 2.06080139932e-12, 1.09322334171e-11, 1.09376249377e-11, -1.65180126521e-11, 5.74987668589e-10, 2.03271233179e-10, -2.04462349829e-11, 4.25204359569e-12, 5.31690848033e-13, 4.12851068436e-13, 1.69365635408e-15, 1.86656441171e-12, 5.0020564947e-12, -1.16869635172e-13, 5.91682779161e-12, 2.06286515647e-11, 1.98055859907e-11, 1.64574135569e-11, 1.58065522476e-11, 1.23872440083e-12, 5.05768766711e-13, 1.8488077009e-13, 2.13145121128e-13, 3.12127024734e-15, 1.88844275055e-16], [6.77688767191e-14, 5.06164446294e-13, -2.45208719865e-13, 1.09376249377e-11, 5.16932141537e-09, 1.73130594305e-08, 7.32909821721e-09, -1.0638050163e-10, -4.89768336998e-10, -3.96891026988e-11, -1.27520017115e-11, -5.94858906057e-13, -6.49542876083e-12, -1.88845748934e-12, -1.01181823337e-11, -1.5457339575e-10, -8.77212677497e-11, -2.05568798095e-10, -5.30463069304e-11, -2.81504403121e-11, -2.08669068136e-10, -3.60224731988e-11, -2.17470117435e-12, -1.02600917942e-13, -6.9597013699e-13, 2.42854103797e-14, 1.14936155838e-15], [5.54514854173e-12, 3.23951733494e-11, 8.4474566231e-11, -1.65180126521e-11, 1.73130594305e-08, 6.02477530265e-06, 9.78824687081e-07, 1.32094797323e-07, 1.29123264969e-07, 1.10167377443e-08, 8.30478130709e-10, 8.06818334365e-10, 1.41607814363e-09, 1.43456513335e-09, 4.42013936564e-09, 3.72801665094e-08, 3.63956615956e-08, 1.08026313228e-07, 2.25713705504e-08, 6.48720099861e-09, 1.41809707088e-07, 2.50499034848e-08, 6.49088949256e-10, 5.43203294845e-11, 4.77767381213e-10, 7.53817928217e-12, 8.82810738032e-14], [1.06465279301e-11, 4.75765815633e-11, 3.46135009544e-10, 5.74987668589e-10, 7.32909821721e-09, 9.78824687081e-07, 4.35139963884e-06, 4.45827424755e-07, -9.82907644165e-10, 7.04206781776e-09, 8.72661942708e-09, 1.96862873225e-10, 1.89341275991e-09, 4.72973160637e-10, 2.83146039948e-09, 3.13272652264e-09, 2.82417271791e-08, 3.31635341411e-08, 1.64262434765e-08, 6.55714815778e-10, 4.04136635268e-08, 5.5604547633e-09, 1.57667198741e-10, 2.45993312525e-11, 1.49088894008e-10, 9.17552145374e-12, 1.61114448605e-13], [6.86517466139e-13, 1.47181173499e-11, 1.08929205933e-10, 2.03271233179e-10, -1.0638050163e-10, 1.32094797323e-07, 4.45827424755e-07, 1.05326442679e-07, 1.54192880686e-09, 2.31372521142e-09, 8.53867088146e-10, 5.63648815122e-11, 1.73733943898e-10, 1.56494192605e-10, 5.26309162918e-10, 5.61400759214e-10, 3.4634217716e-09, 7.08837832875e-09, 3.52601237097e-09, 1.78606907042e-10, 1.13350280273e-08, 1.39612199579e-09, 3.01383085155e-11, 4.15179305865e-12, 3.06503850078e-11, 9.06180295732e-13, 2.09237941101e-14], [1.13743975176e-13, -1.86969173867e-13, -4.00369494502e-12, -2.04462349829e-11, -4.89768336998e-10, 1.29123264969e-07, -9.82907644165e-10, 1.54192880686e-09, 5.87383741646e-09, 2.09481515467e-10, 1.08098365328e-11, 1.68710306142e-11, 6.15293996309e-11, 3.41481391775e-11, 1.0758372665e-10, 1.69476965795e-09, 1.01557950938e-09, 2.78725487135e-09, 8.25809476357e-10, 2.45315379122e-10, 3.34936323121e-09, 5.88690374226e-10, 2.63932920658e-11, 1.29391972397e-12, 1.28338225464e-11, 1.31422962248e-13, 8.77739850356e-16], [4.78125661825e-15, 3.20325742927e-13, 2.46225869555e-12, 4.25204359569e-12, -3.96891026988e-11, 1.10167377443e-08, 7.04206781776e-09, 2.31372521142e-09, 2.09481515467e-10, 1.15674830825e-10, 1.16368486028e-11, 2.5485039426e-12, 4.12546602782e-12, 6.56334708804e-12, 1.84768797484e-11, 9.15575115723e-11, 1.16276550888e-10, 3.31652622032e-10, 1.03571422272e-10, 1.64675963837e-11, 4.62732796525e-10, 6.91753807014e-11, 1.76728152512e-12, 1.76804805605e-13, 1.39394312065e-12, 2.20679035348e-14, 3.8579034084e-16], [2.07858835938e-14, 5.92079011687e-14, 4.73110699922e-13, 5.31690848033e-13, -1.27520017115e-11, 8.30478130709e-10, 8.72661942708e-09, 8.53867088146e-10, 1.08098365328e-11, 1.16368486028e-11, 1.99666290446e-11, 2.82800692586e-13, 4.18744899866e-12, 7.10484839364e-13, 5.52328755649e-12, 4.68348493668e-12, 5.8565312322e-11, 6.03280550515e-11, 3.23141131908e-11, 1.41448213819e-12, 7.16665546352e-11, 9.780791628e-12, 3.39184599461e-13, 5.38212459626e-14, 2.76458733293e-13, 1.87815817179e-14, 2.94686653407e-16], [3.8859836094e-16, 8.0947440523e-15, 1.33631549836e-13, 4.12851068436e-13, -5.94858906057e-13, 8.06818334365e-10, 1.96862873225e-10, 5.63648815122e-11, 1.68710306142e-11, 2.5485039426e-12, 2.82800692586e-13, 1.64166613246e-13, 1.92390808146e-13, 3.3119188815e-13, 1.0258173434e-12, 3.54916226616e-12, 6.05674147988e-12, 1.82187737119e-11, 4.71552050879e-12, 1.64871154923e-12, 2.61866604789e-11, 4.35095926302e-12, 1.0457874665e-13, 1.81907321915e-14, 8.50660213385e-14, 1.3278438941e-15, 2.03276475705e-17], [5.90972812069e-15, 8.72355251322e-15, 7.88426060007e-14, 1.69365635408e-15, -6.49542876083e-12, 1.41607814363e-09, 1.89341275991e-09, 1.73733943898e-10, 6.15293996309e-11, 4.12546602782e-12, 4.18744899866e-12, 1.92390808146e-13, 1.68600430926e-12, 5.58461642815e-13, 2.31703675344e-12, 2.63388408306e-11, 2.30835593695e-11, 4.16858526864e-11, 1.65941375224e-11, 4.00880587406e-12, 3.92910426417e-11, 6.66771932806e-12, 4.26400857982e-13, 2.70882034387e-14, 1.94972307071e-13, 5.25278376636e-15, 7.40450460629e-17], [9.43977138617e-16, 2.41187566474e-14, 5.33754952129e-13, 1.86656441171e-12, -1.88845748934e-12, 1.43456513335e-09, 4.72973160637e-10, 1.56494192605e-10, 3.41481391775e-11, 6.56334708804e-12, 7.10484839364e-13, 3.3119188815e-13, 5.58461642815e-13, 1.04417668088e-12, 2.83526392468e-12, 1.65569537247e-11, 1.33673697111e-11, 4.08864539447e-11, 1.40889079916e-11, 6.23541756423e-12, 4.55057588833e-11, 7.38041572301e-12, 3.84407946013e-13, 5.95935993153e-14, 2.03538547778e-13, 2.73198025753e-15, 6.04876683197e-17], [6.4450156739e-15, 6.57487031399e-14, 1.47337415705e-12, 5.0020564947e-12, -1.01181823337e-11, 4.42013936564e-09, 2.83146039948e-09, 5.26309162918e-10, 1.0758372665e-10, 1.84768797484e-11, 5.52328755649e-12, 1.0258173434e-12, 2.31703675344e-12, 2.83526392468e-12, 8.83664842688e-12, 4.02117714127e-11, 4.90326945712e-11, 1.25348231794e-10, 4.35442654156e-11, 1.7262261065e-11, 1.49420809059e-10, 2.42929756172e-11, 1.06396141897e-12, 1.77134863851e-13, 6.22910956757e-13, 1.15107737185e-14, 2.18228311216e-16], [4.24681516624e-14, -1.16681693807e-14, 5.43783822225e-13, -1.16869635172e-13, -1.5457339575e-10, 3.72801665094e-08, 3.13272652264e-09, 5.61400759214e-10, 1.69476965795e-09, 9.15575115723e-11, 4.68348493668e-12, 3.54916226616e-12, 2.63388408306e-11, 1.65569537247e-11, 4.02117714127e-11, 1.04116903987e-09, 3.44287320875e-10, 9.93939264227e-10, 3.25300786308e-10, 1.23847793132e-10, 6.4511784803e-10, 1.24957530434e-10, 1.28279366296e-11, 5.14255250796e-13, 4.54785341331e-12, 3.60064015821e-14, 2.51061677297e-16], [8.07000882677e-14, 2.93605200916e-13, 3.07089596807e-12, 5.91682779161e-12, -8.77212677497e-11, 3.63956615956e-08, 2.82417271791e-08, 3.4634217716e-09, 1.01557950938e-09, 1.16276550888e-10, 5.8565312322e-11, 6.05674147988e-12, 2.30835593695e-11, 1.33673697111e-11, 4.90326945712e-11, 3.44287320875e-10, 4.18530932134e-10, 9.23507437189e-10, 2.77449035968e-10, 6.92349372278e-11, 1.11419073967e-09, 1.87784982009e-10, 6.67146416236e-12, 6.34151748041e-13, 4.21101434972e-12, 9.54736642392e-14, 1.23165959717e-15], [1.0174645821e-13, 8.60519609128e-13, 9.09157037848e-12, 2.06286515647e-11, -2.05568798095e-10, 1.08026313228e-07, 3.31635341411e-08, 7.08837832875e-09, 2.78725487135e-09, 3.31652622032e-10, 6.03280550515e-11, 1.82187737119e-11, 4.16858526864e-11, 4.08864539447e-11, 1.25348231794e-10, 9.93939264227e-10, 9.23507437189e-10, 2.59256904833e-09, 6.81866396679e-10, 2.09818093455e-10, 3.18760795537e-09, 5.43405986875e-10, 1.8264398674e-11, 1.74210830223e-12, 1.17059530472e-11, 1.80391007579e-13, 2.15590658559e-15], [4.33544090114e-14, 5.13200538923e-13, 7.0192102998e-12, 1.98055859907e-11, -5.30463069304e-11, 2.25713705504e-08, 1.64262434765e-08, 3.52601237097e-09, 8.25809476357e-10, 1.03571422272e-10, 3.23141131908e-11, 4.71552050879e-12, 1.65941375224e-11, 1.40889079916e-11, 4.35442654156e-11, 3.25300786308e-10, 2.77449035968e-10, 6.81866396679e-10, 2.87753126882e-10, 9.17334194717e-11, 7.64692809074e-10, 1.18444712371e-10, 6.76996739918e-12, 7.44981387777e-13, 3.36100483382e-12, 5.69393300955e-14, 1.20598761673e-15], [4.98067951425e-15, 3.13709155224e-14, 3.92174790906e-12, 1.64574135569e-11, -2.81504403121e-11, 6.48720099861e-09, 6.55714815778e-10, 1.78606907042e-10, 2.45315379122e-10, 1.64675963837e-11, 1.41448213819e-12, 1.64871154923e-12, 4.00880587406e-12, 6.23541756423e-12, 1.7262261065e-11, 1.23847793132e-10, 6.92349372278e-11, 2.09818093455e-10, 9.17334194717e-11, 6.43514408427e-11, 1.49507725644e-10, 2.8091654003e-11, 2.97085229681e-12, 4.99347416714e-13, 1.20671181381e-12, 1.33303326263e-14, 3.96728924321e-16], [8.87122677835e-14, 1.48227892634e-12, 1.0439747157e-11, 1.58065522476e-11, -2.08669068136e-10, 1.41809707088e-07, 4.04136635268e-08, 1.13350280273e-08, 3.34936323121e-09, 4.62732796525e-10, 7.16665546352e-11, 2.61866604789e-11, 3.92910426417e-11, 4.55057588833e-11, 1.49420809059e-10, 6.4511784803e-10, 1.11419073967e-09, 3.18760795537e-09, 7.64692809074e-10, 1.49507725644e-10, 4.82153827974e-09, 7.92179877251e-10, 1.53362617744e-11, 1.82676963834e-12, 1.41179177723e-11, 2.32263888027e-13, 2.64364319146e-15], [1.53063393665e-14, 1.65874462061e-13, 1.09408435003e-12, 1.23872440083e-12, -3.60224731988e-11, 2.50499034848e-08, 5.5604547633e-09, 1.39612199579e-09, 5.88690374226e-10, 6.91753807014e-11, 9.780791628e-12, 4.35095926302e-12, 6.66771932806e-12, 7.38041572301e-12, 2.42929756172e-11, 1.24957530434e-10, 1.87784982009e-10, 5.43405986875e-10, 1.18444712371e-10, 2.8091654003e-11, 7.92179877251e-10, 1.34131900031e-10, 2.71736149207e-12, 3.07420457363e-13, 2.4017879699e-12, 3.87092532236e-14, 3.72773641433e-16], [8.32140466915e-16, 4.50515352359e-15, 1.41167771374e-13, 5.05768766711e-13, -2.17470117435e-12, 6.49088949256e-10, 1.57667198741e-10, 3.01383085155e-11, 2.63932920658e-11, 1.76728152512e-12, 3.39184599461e-13, 1.0457874665e-13, 4.26400857982e-13, 3.84407946013e-13, 1.06396141897e-12, 1.28279366296e-11, 6.67146416236e-12, 1.8264398674e-11, 6.76996739918e-12, 2.97085229681e-12, 1.53362617744e-11, 2.71736149207e-12, 2.28104996914e-13, 2.18274478217e-14, 9.2189005995e-14, 1.10375169291e-15, 1.94274401447e-17], [2.94819544936e-17, 7.4275800337e-16, 4.54200106616e-14, 1.8488077009e-13, -1.02600917942e-13, 5.43203294845e-11, 2.45993312525e-11, 4.15179305865e-12, 1.29391972397e-12, 1.76804805605e-13, 5.38212459626e-14, 1.81907321915e-14, 2.70882034387e-14, 5.95935993153e-14, 1.77134863851e-13, 5.14255250796e-13, 6.34151748041e-13, 1.74210830223e-12, 7.44981387777e-13, 4.99347416714e-13, 1.82676963834e-12, 3.07420457363e-13, 2.18274478217e-14, 5.39133421609e-15, 1.07299804418e-14, 1.80996594208e-16, 4.70966986363e-18], [4.68451889116e-16, 4.20852385601e-15, 7.04472016746e-14, 2.13145121128e-13, -6.9597013699e-13, 4.77767381213e-10, 1.49088894008e-10, 3.06503850078e-11, 1.28338225464e-11, 1.39394312065e-12, 2.76458733293e-13, 8.50660213385e-14, 1.94972307071e-13, 2.03538547778e-13, 6.22910956757e-13, 4.54785341331e-12, 4.21101434972e-12, 1.17059530472e-11, 3.36100483382e-12, 1.20671181381e-12, 1.41179177723e-11, 2.4017879699e-12, 9.2189005995e-14, 1.07299804418e-14, 5.5444892926e-14, 8.52404724327e-16, 1.18809216967e-17], [2.4650984797e-17, 9.95895083442e-17, 1.08170660166e-15, 3.12127024734e-15, 2.42854103797e-14, 7.53817928217e-12, 9.17552145374e-12, 9.06180295732e-13, 1.31422962248e-13, 2.20679035348e-14, 1.87815817179e-14, 1.3278438941e-15, 5.25278376636e-15, 2.73198025753e-15, 1.15107737185e-14, 3.60064015821e-14, 9.54736642392e-14, 1.80391007579e-13, 5.69393300955e-14, 1.33303326263e-14, 2.32263888027e-13, 3.87092532236e-14, 1.10375169291e-15, 1.80996594208e-16, 8.52404724327e-16, 2.81106246956e-17, 4.43081207969e-19], [6.05770418762e-19, 3.50781324313e-18, 4.64508467673e-17, 1.88844275055e-16, 1.14936155838e-15, 8.82810738032e-14, 1.61114448605e-13, 2.09237941101e-14, 8.77739850356e-16, 3.8579034084e-16, 2.94686653407e-16, 2.03276475705e-17, 7.40450460629e-17, 6.04876683197e-17, 2.18228311216e-16, 2.51061677297e-16, 1.23165959717e-15, 2.15590658559e-15, 1.20598761673e-15, 3.96728924321e-16, 2.64364319146e-15, 3.72773641433e-16, 1.94274401447e-17, 4.70966986363e-18, 1.18809216967e-17, 4.43081207969e-19, 1.42752132084e-20]]
    },
    "mfcc": {
        "kurt": [-0.7883477211, -0.466817855835, -1.20742630959, -1.03457117081, 0.247845172882, -1.01485717297, -0.996623754501, 0.450454473495, 0.847171783447, 0.0571455955505, -0.357534170151, -0.871266841888, -0.0615451335907],
        "max": [-761.998901367, 141.757141113, 55.4003639221, 79.140914917, 27.8385810852, 3.68509674072, 21.7428474426, 39.1992301941, 35.462223053, 14.5613422394, 28.0167655945, 9.34129714966, 18.3427200317],
        "mean": [-993.674133301, 64.5606460571, -10.5316934586, 31.212677002, -11.0061836243, -36.8625907898, -34.8070106506, -11.5883655548, -2.16786336899, -14.3046665192, -0.751860439777, -8.5705947876, -7.16722154617],
        "median": [-1007.45080566, 66.9993667603, 0.664199829102, 23.799747467, -7.18444824219, -40.9178276062, -30.220123291, -12.9353713989, -6.63586235046, -12.6195449829, -1.35074234009, -6.77777099609, -6.15165519714],
        "min": [-1138.42004395, 1.14440917969e-05, -75.5355529785, -9.064037323, -67.6733703613, -78.8337097168, -79.2479095459, -42.5367889404, -22.8324584961, -53.4067344666, -23.3040294647, -30.7119750977, -31.5976524353],
        "skew": [0.490732133389, 0.152196764946, -0.290112942457, 0.291053801775, -0.922694981098, 0.204954221845, 0.0365027599037, 0.826128363609, 1.15497481823, -0.659065485001, 0.461670637131, -0.382452785969, -0.206338226795],
        "var": [10066.8955078, 929.718444824, 1309.66809082, 509.133850098, 475.752227783, 478.003814697, 720.102600098, 354.229125977, 184.54083252, 216.484024048, 144.006744385, 96.7550811768, 99.3017654419],
        "cov": [[10253.3193359, 2087.67016602, -2475.70263672, 1336.5279541, -1732.43811035, -1755.09545898, -2116.49023438, -1054.40917969, 1.22915256023, -768.612060547, 566.92980957, -391.596710205, 27.9387493134], [2087.67016602, 946.93548584, -46.4597854614, 451.145324707, -255.01890564, -460.394073486, -562.539428711, -346.70489502, -129.717803955, -206.925033569, 81.5719223022, -64.5055847168, -22.1205558777], [-2475.70263672, -46.4597854614, 1333.92114258, 42.657787323, 520.982116699, 451.817382812, 459.897521973, -11.4960412979, -254.324386597, 73.7596359253, -200.783187866, 112.227088928, 18.1158409119], [1336.5279541, 451.145324707, 42.657787323, 518.562255859, -84.1118545532, -205.217086792, -238.536102295, -303.144744873, -160.403930664, -127.826278687, -0.520818173885, -91.1804046631, -16.7958126068], [-1732.43811035, -255.01890564, 520.982116699, -84.1118545532, 484.562469482, 332.391448975, 444.346923828, 166.50453186, -59.633441925, 193.836044312, -158.303848267, 13.1607065201, -56.2007637024], [-1755.09545898, -460.394073486, 451.817382812, -205.217086792, 332.391448975, 486.855712891, 531.999572754, 207.73425293, -19.6495494843, 127.345359802, -128.704223633, 58.9164848328, 12.4126529694], [-2116.49023438, -562.539428711, 459.897521973, -238.536102295, 444.346923828, 531.999572754, 733.437866211, 352.85559082, 24.7320022583, 219.952468872, -209.403152466, 20.0906124115, -20.6523151398], [-1054.40917969, -346.70489502, -11.4960412979, -303.144744873, 166.50453186, 207.73425293, 352.85559082, 360.788909912, 174.652435303, 127.376304626, -67.5989456177, 23.1922874451, -38.5047607422], [1.22915256023, -129.717803955, -254.324386597, -160.403930664, -59.633441925, -19.6495494843, 24.7320022583, 174.652435303, 187.958267212, 42.2765541077, 25.7812366486, 8.56171798706, -42.0565032959], [-768.612060547, -206.925033569, 73.7596359253, -127.826278687, 193.836044312, 127.345359802, 219.952468872, 127.376304626, 42.2765541077, 220.492980957, -22.8604011536, 8.75212478638, -19.7182579041], [566.92980957, 81.5719223022, -200.783187866, -0.520818173885, -158.303848267, -128.704223633, -209.403152466, -67.5989456177, 25.7812366486, -22.8604011536, 146.673538208, 41.2541656494, 47.2058258057], [-391.596710205, -64.5055847168, 112.227088928, -91.1804046631, 13.1607065201, 58.9164848328, 20.0906124115, 23.1922874451, 8.56171798706, 8.75212478638, 41.2541656494, 98.546836853, 49.3312187195], [27.9387493134, -22.1205558777, 18.1158409119, -16.7958126068, -56.2007637024, 12.4126529694, -20.6523151398, -38.5047607422, -42.0565032959, -19.7182579041, 47.2058258057, 49.3312187195, 101.140686035]]
    },
    "sccoeffs": {
        "kurt": [0.317502737045, 0.345639228821, -0.621857643127, 0.956305265427, -1.06799900532, -0.962923526764],
        "max": [-0.398526608944, -0.313873648643, -0.512597858906, -0.601822972298, -0.673700094223, -0.602451741695],
        "mean": [-0.756286203861, -0.753009736538, -0.768456339836, -0.820453643799, -0.807529389858, -0.772216439247],
        "median": [-0.791364014149, -0.805821895599, -0.801521539688, -0.835355162621, -0.840259730816, -0.788230836391],
        "min": [-0.919612050056, -0.928492188454, -0.932297646999, -0.936564207077, -0.929786920547, -0.870950639248],
        "skew": [0.843460798264, 1.22448992729, 0.679198920727, 1.17895889282, 0.480046480894, 0.498689740896],
        "var": [0.0121303703636, 0.0241483822465, 0.0136818774045, 0.00599554507062, 0.00465862685814, 0.00596673041582],
        "cov": [[0.0123550062999, 0.00178049341775, -0.00232357997447, -0.000752354913857, -0.000676733616274, 0.000246565323323], [0.00178049341775, 0.0245955735445, 0.0100795375183, 0.00710158143193, 0.00667533930391, 0.00927038583905], [-0.00232357997447, 0.0100795375183, 0.0139352455735, 0.00766741670668, 0.00670741405338, 0.00698696263134], [-0.000752354913857, 0.00710158143193, 0.00766741670668, 0.00610657362267, 0.00421823514625, 0.00426263548434], [-0.000676733616274, 0.00667533930391, 0.00670741405338, 0.00421823514625, 0.0047448980622, 0.0045864530839], [0.000246565323323, 0.00927038583905, 0.00698696263134, 0.00426263548434, 0.0045864530839, 0.0060772257857]]
    },
    "scvalleys": {
        "kurt": [2.30756282806, -0.552799701691, -0.0354344844818, -0.811976671219, -0.508184909821, -0.400438308716],
        "max": [-8.41571331024, -5.34785413742, -7.93458461761, -8.2559261322, -7.49805450439, -9.96208000183],
        "mean": [-10.1388816833, -8.85468006134, -10.4818983078, -10.5637607574, -10.3289585114, -12.8065891266],
        "median": [-10.1480941772, -8.89609622955, -10.7789888382, -10.7163982391, -10.4772634506, -13.0583381653],
        "min": [-13.1801376343, -11.6574211121, -12.9644212723, -13.3414077759, -13.2601890564, -15.7027225494],
        "skew": [-0.759269475937, 0.204084932804, 0.470099180937, 0.143335178494, 0.301893621683, 0.397227883339],
        "var": [0.628266632557, 2.07291460037, 1.00098538399, 1.40229320526, 1.560323596, 1.46458959579],
        "cov": [[0.639901220798, 0.752093970776, 0.497890740633, 0.517975211143, 0.604000389576, 0.603771865368], [0.752093970776, 2.11130189896, 1.20861685276, 1.4481947422, 1.41111052036, 1.29296648502], [0.497890740633, 1.20861685276, 1.01952219009, 1.12081503868, 1.15165638924, 1.01735389233], [0.517975211143, 1.4481947422, 1.12081503868, 1.42826163769, 1.32719135284, 1.12904119492], [0.604000389576, 1.41111052036, 1.15165638924, 1.32719135284, 1.58921837807, 1.47818851471], [0.603771865368, 1.29296648502, 1.01735389233, 1.12904119492, 1.47818851471, 1.49171161652]]
    }
},
"rhythm": {
    "beats_loudness": {
        "kurt": -2,
        "max": 0.00775589188561,
        "mean": 0.00394438579679,
        "median": 0.00394438579679,
        "min": 0.000132879606099,
        "skew": 0,
        "var": 1.45275789691e-05
    },
    "bpm": 151.999069214,
    "confidence": 0,
    "first_peak_bpm": {
        "kurt": 0,
        "max": 152,
        "mean": 152,
        "median": 152,
        "min": 152,
        "skew": 0,
        "var": 0
    },
    "first_peak_spread": {
        "kurt": 0,
        "max": 0,
        "mean": 0,
        "median": 0,
        "min": 0,
        "skew": 0,
        "var": 0
    },
    "first_peak_weight": {
        "kurt": 0,
        "max": 1,
        "mean": 1,
        "median": 1,
        "min": 1,
        "skew": 0,
        "var": 0
    },
    "onset_rate": 4.02012825012,
    "second_peak_bpm": {
        "kurt": 0,
        "max": 0,
        "mean": 0,
        "median": 0,
        "min": 0,
        "skew": 0,
        "var": 0
    },
    "second_peak_spread": {
        "kurt": 0,
        "max": 0,
        "mean": 0,
        "median": 0,
        "min": 0,
        "skew": 0,
        "var": 0
    },
    "second_peak_weight": {
        "kurt": 0,
        "max": 0,
        "mean": 0,
        "median": 0,
        "min": 0,
        "skew": 0,
        "var": 0
    },
    "beats_loudness_band_ratio": {
        "kurt": [-2, -2, -2, -1.99999988079, -2, -1.99999988079],
        "max": [0.000214419109398, 0.884456217289, 0.796029269695, 0.00694384705275, 0.159400478005, 0.0354832559824],
        "mean": [0.000109957210952, 0.443395346403, 0.436773538589, 0.00396713102236, 0.0942327305675, 0.033369705081],
        "median": [0.000109957210952, 0.443395346403, 0.436773538589, 0.00396713102236, 0.0942327305675, 0.033369705081],
        "min": [5.49530523131e-06, 0.00233446341008, 0.0775178000331, 0.000990414642729, 0.0290649831295, 0.0312561504543],
        "skew": [-9.5112255849e-08, 0, 0, -2.35714310293e-07, 0, -2.63401966549e-06],
        "var": [1.09122888503e-08, 0.194534689188, 0.129064679146, 8.86083944351e-06, 0.0042468351312, 4.46710510005e-06],
        "cov": [[2.18245777006e-08, -9.21481114347e-05, 7.50570761738e-05, 6.21906906417e-07, 1.36150938488e-05, 4.41571501142e-07], [-9.21481114347e-05, 0.389069378376, -0.316907286644, -0.00262582604773, -0.0574858859181, -0.00186441082042], [7.50570761738e-05, -0.316907286644, 0.258129358292, 0.00213880464435, 0.0468237735331, 0.0015186117962], [6.21906906417e-07, -0.00262582604773, 0.00213880464435, 1.7721678887e-05, 0.000387971784221, 1.25828937598e-05], [1.36150938488e-05, -0.0574858859181, 0.0468237735331, 0.000387971784221, 0.0084936702624, 0.000275470956694], [4.41571501142e-07, -0.00186441082042, 0.0015186117962, 1.25828937598e-05, 0.000275470956694, 8.9342102001e-06]]
    },
    "beats_position": [0.417959183455, 0.812698423862],
    "bpm_estimates": [151.999069214],
    "bpm_intervals": [0.394739240408],
    "onset_times": [0.0232199542224, 0.290249437094, 0.406349211931, 0.684988677502, 1.18421769142],
    "histogram": [[0, 0, 0, 0, 0, 0, 0, 0, 0, 0, 0, 0, 0, 0, 0, 0, 0, 0, 0, 0, 0, 0, 0, 0, 0, 0, 0, 0, 0, 0, 0, 0, 0, 0, 0, 0, 0, 0, 0, 0, 0, 0, 0, 0, 0, 0, 0, 0, 0, 0, 0, 0, 0, 0, 0, 0, 0, 0, 0, 0, 0, 0, 0, 0, 0, 0, 0, 0, 0, 0, 0, 0, 0, 0, 0, 0, 0, 0, 0, 0, 0, 0, 0, 0, 0, 0, 0, 0, 0, 0, 0, 0, 0, 0, 0, 0, 0, 0, 0, 0, 0, 0, 0, 0, 0, 0, 0, 0, 0, 0, 0, 0, 0, 0, 0, 0, 0, 0, 0, 0, 0, 0, 0, 0, 0, 0, 0, 0, 0, 0, 0, 0, 0, 0, 0, 0, 0, 0, 0, 0, 0, 0, 0, 0, 0, 0, 0, 0, 0, 0, 0, 0, 1, 0, 0, 0, 0, 0, 0, 0, 0, 0, 0, 0, 0, 0, 0, 0, 0, 0, 0, 0, 0, 0, 0, 0, 0, 0, 0, 0, 0, 0, 0, 0, 0, 0, 0, 0, 0, 0, 0, 0, 0, 0, 0, 0, 0, 0, 0, 0, 0, 0, 0, 0, 0, 0, 0, 0, 0, 0, 0, 0, 0, 0, 0, 0, 0, 0, 0, 0, 0, 0, 0, 0, 0, 0, 0, 0, 0, 0, 0, 0, 0, 0, 0, 0, 0, 0, 0, 0, 0, 0, 0, 0, 0, 0, 0, 0, 0, 0]]
},
"sfx": {
    "inharmonicity": {
        "kurt": 5.2952375412,
        "max": 0.274775952101,
        "mean": 0.0330289751291,
        "median": 0.00312290620059,
        "min": 0,
        "skew": 2.35355687141,
        "var": 0.00362717895769
    },
    "oddtoevenharmonicenergyratio": {
        "kurt": 48.4317779541,
        "max": 68.1376037598,
        "mean": 1.64751875401,
        "median": 0.036813121289,
        "min": 0,
        "skew": 7.05130529404,
        "var": 83.1242980957
    },
    "pitch_after_max_to_before_max_energy_ratio": 3.74583220482,
    "pitch_centroid": 21.5784053802,
    "pitch_max_to_total": 0.0545454546809,
    "pitch_min_to_total": 0.836363613605,
    "tristimulus": {
        "kurt": [-0.881243228912, -0.319656133652, -0.457261562347],
        "max": [1, 0.713687241077, 0.665180027485],
        "mean": [0.611948609352, 0.19417783618, 0.193873658776],
        "median": [0.6146889925, 0.137161061168, 0.198239415884],
        "min": [0, 0, 0],
        "skew": [-0.271456450224, 0.847269058228, 0.519249737263],
        "var": [0.0896552503109, 0.0349718257785, 0.028526712209],
        "cov": [[0.0913155376911, -0.0489399880171, -0.0423755161464], [-0.0489399880171, 0.0356194525957, 0.0133205419406], [-0.0423755161464, 0.0133205419406, 0.0290549844503]]
    }
},
"tonal": {
    "chords_changes_rate": 0.0357142873108,
    "chords_number_rate": 0.0714285746217,
    "chords_strength": {
        "kurt": 1.5240893364,
        "max": 0.683993339539,
        "mean": 0.629797101021,
        "median": 0.635473787785,
        "min": 0.568549752235,
        "skew": -0.752022743225,
        "var": 0.000572269433178
    },
    "key_strength": 0.511920332909,
    "tuning_diatonic_strength": 0.609311580658,
    "tuning_equal_tempered_deviation": 0.239448472857,
    "tuning_frequency": 440.254241943,
    "tuning_nontempered_energy_ratio": 0.909500598907,
    "hpcp": {
        "kurt": [4.62404441833, 4.52720785141, 1.99219560623, 1.3766951561, 9.54411888123, 1.18261814117, 0.719338178635, 0.673033952713, 3.48313760757, 4.90501976013, 8.09289836884, 4.0586180687, 1.46095275879, 1.25180625916, 11.9790344238, 3.18752384186, 3.45462226868, 2.6271777153, 4.97169017792, 3.59832715988, 0.891687393188, 9.31902980804, 7.13558578491, 8.41572952271, 5.98777198792, 2.87742233276, 1.30216503143, -0.178453922272, -0.486706018448, -0.0276346206665, -0.321026086807, 0.426639795303, 1.77292823792, 1.73677206039, 4.01638031006, 5.68042373657],
        "max": [0.78809940815, 1, 1, 0.67380464077, 1, 0.707339406013, 0.759835422039, 0.574631333351, 0.732455551624, 0.857302129269, 1, 1, 0.899783015251, 0.728123724461, 1, 0.582404434681, 0.967366635799, 1, 1, 0.808982014656, 0.484102278948, 1, 1, 1, 0.800945103168, 1, 1, 1, 1, 1, 1, 1, 1, 0.749035477638, 1, 1],
        "mean": [0.151882722974, 0.193796142936, 0.20069758594, 0.153843745589, 0.127227067947, 0.164111226797, 0.186550930142, 0.146468251944, 0.126903370023, 0.139353469014, 0.145440578461, 0.164883032441, 0.185361117125, 0.167524114251, 0.129405423999, 0.118507616222, 0.167691871524, 0.185067817569, 0.163672327995, 0.132245406508, 0.101423427463, 0.118665762246, 0.127684533596, 0.124037779868, 0.132508605719, 0.19042493403, 0.240370884538, 0.2883451581, 0.328236311674, 0.318758279085, 0.297758579254, 0.240129560232, 0.177857384086, 0.14496730268, 0.151125922799, 0.150668993592],
        "median": [0.106441147625, 0.0839044302702, 0.10175062716, 0.0843082815409, 0.0457100197673, 0.0907324329019, 0.10940694809, 0.0931966230273, 0.0417684316635, 0.0411908477545, 0.0814670324326, 0.066343523562, 0.0784616544843, 0.102795660496, 0.0717875957489, 0.0754484310746, 0.0638452619314, 0.0500780194998, 0.0608915090561, 0.0289076510817, 0.0214128047228, 0.0318437479436, 0.0367468595505, 0.0467573180795, 0.0712803676724, 0.122605979443, 0.16229107976, 0.122765049338, 0.232683807611, 0.277760326862, 0.123133309186, 0.0472242496908, 0.021745081991, 0.0236847028136, 0.019748006016, 0.0348945707083],
