{
"metadata": {
    "version": {
        "essentia": "2.1-beta3"
    }
},
"lowLevel": {
    "average_loudness": 0.962819635868,
    "barkbands_kurtosis": {
        "kurt": 10.0920581818,
        "max": 36.1992835999,
        "mean": 1.77447772026,
        "median": -0.373235464096,
        "min": -1.80372071266,
        "skew": 3.08626294136,
        "var": 37.872127533
    },
    "barkbands_skewness": {
        "kurt": 1.54385614395,
        "max": 5.76629829407,
        "mean": 0.688187003136,
        "median": 0.372452437878,
        "min": -1.73162388802,
        "skew": 1.34437143803,
        "var": 2.20855283737
    },
    "barkbands_spread": {
        "kurt": -0.146872758865,
        "max": 46.7126617432,
        "mean": 19.0186767578,
        "median": 17.2995872498,
        "min": 3.10383415222,
        "skew": 0.639324069023,
        "var": 85.9522247314
    },
    "dissonance": {
        "kurt": 16.399679184,
        "max": 0.499803602695,
        "mean": 0.456441521645,
        "median": 0.468240827322,
        "min": 0.165736407042,
        "skew": -2.86184215546,
        "var": 0.00155126303434
    },
    "hfc": {
        "kurt": 9.02489185333,
        "max": 14.7952861786,
        "mean": 1.36129534245,
        "median": 0.286471515894,
        "min": 1.05576157239e-06,
        "skew": 2.89440965652,
        "var": 5.93928194046
    },
    "pitch": {
        "kurt": 16.5386543274,
        "max": 4480.68945312,
        "mean": 608.899353027,
        "median": 438.799194336,
        "min": 131.769073486,
        "skew": 4.00283384323,
        "var": 524489.3125
    },
    "pitch_instantaneous_confidence": {
        "kurt": -1.22605776787,
        "max": 0.93772649765,
        "mean": 0.59168201685,
        "median": 0.611733078957,
        "min": 0.19794356823,
        "skew": -0.0809023752809,
        "var": 0.0414235405624
    },
    "pitch_salience": {
        "kurt": 0.270209550858,
        "max": 0.948139607906,
        "mean": 0.551690101624,
        "median": 0.571973025799,
        "min": 0.123848937452,
        "skew": -0.641412258148,
        "var": 0.0216788090765
    },
    "silence_rate_20dB": {
        "kurt": 0,
        "max": 1,
        "mean": 1,
        "median": 1,
        "min": 1,
        "skew": 0,
        "var": 0
    },
    "silence_rate_30dB": {
        "kurt": 0,
        "max": 1,
        "mean": 1,
        "median": 1,
        "min": 1,
        "skew": 0,
        "var": 0
    },
    "silence_rate_60dB": {
        "kurt": 13.3910198212,
        "max": 1,
        "mean": 0.945454537868,
        "median": 1,
        "min": 0,
        "skew": -3.92313909531,
        "var": 0.0515703335404
    },
    "spectral_centroid": {
        "kurt": 0.00923299789429,
        "max": 3640.6875,
        "mean": 1612.89331055,
        "median": 1640.16821289,
        "min": 390.053833008,
        "skew": 0.199995979667,
        "var": 450853.25
    },
    "spectral_complexity": {
        "kurt": 1.04275178909,
        "max": 11,
        "mean": 2.163636446,
        "median": 1,
        "min": 0,
        "skew": 1.39918458462,
        "var": 7.45806026459
    },
    "spectral_crest": {
        "kurt": -0.175775766373,
        "max": 24.8920116425,
        "mean": 10.8926000595,
        "median": 9.50352668762,
        "min": 3.74275350571,
        "skew": 0.896257340908,
        "var": 28.7390232086
    },
    "spectral_decrease": {
        "kurt": 6.21739959717,
        "max": -7.3956160543e-17,
        "mean": -1.56751014946e-10,
        "median": -5.39451157355e-11,
        "min": -1.28922150733e-09,
        "skew": -2.44822764397,
        "var": 5.79386446224e-20
    },
    "spectral_energy": {
        "kurt": 6.011677742,
        "max": 0.00585533911362,
        "mean": 0.00071508763358,
        "median": 0.000228392367717,
        "min": 3.74888703414e-10,
        "skew": 2.44897937775,
        "var": 1.25395354189e-06
    },
    "spectral_energyband_high": {
        "kurt": 8.34406471252,
        "max": 0.000365254643839,
        "mean": 4.00710523536e-05,
        "median": 1.4060434296e-05,
        "min": 1.16921847204e-10,
        "skew": 2.85540008545,
        "var": 4.72370498272e-09
    },
    "spectral_energyband_low": {
        "kurt": 40.0762672424,
        "max": 1.00837860373e-05,
        "mean": 3.01780630707e-07,
        "median": 3.84833711564e-08,
        "min": 9.48470121886e-12,
        "skew": 6.21359872818,
        "var": 1.44165170253e-12
    },
    "spectral_energyband_middle_high": {
        "kurt": 7.73305034637,
        "max": 0.00526960752904,
        "mean": 0.000547394098248,
        "median": 8.77750499058e-05,
        "min": 1.17196100047e-10,
        "skew": 2.73332738876,
        "var": 9.89289105746e-07
    },
    "spectral_energyband_middle_low": {
        "kurt": 7.41923904419,
        "max": 0.00105347740464,
        "mean": 0.000135510126711,
        "median": 7.09171436029e-05,
        "min": 1.34639591143e-10,
        "skew": 2.46595549583,
        "var": 3.13381285366e-08
    },
    "spectral_flatness_db": {
        "kurt": -0.207237243652,
        "max": 0.356098473072,
        "mean": 0.229986205697,
        "median": 0.233411371708,
        "min": 0.0404964834452,
        "skew": -0.35513484478,
        "var": 0.00315897283144
    },
    "spectral_flux": {
        "kurt": 1.70462036133,
        "max": 0.0677271410823,
        "mean": 0.0169255957007,
        "median": 0.011911669746,
        "min": 0.000268218282145,
        "skew": 1.40837228298,
        "var": 0.000222418166231
    },
    "spectral_kurtosis": {
        "kurt": 2.82322740555,
        "max": 15.5782413483,
        "mean": 5.39166784286,
        "median": 5.04608058929,
        "min": 0.826004981995,
        "skew": 1.23628640175,
        "var": 4.82825899124
    },
    "spectral_rms": {
        "kurt": 1.00654983521,
        "max": 0.00239008897915,
        "mean": 0.000643609382678,
        "median": 0.00047204006114,
        "min": 6.04768615631e-07,
        "skew": 1.24202489853,
        "var": 2.83413243096e-07
    },
    "spectral_rolloff": {
        "kurt": -0.376965761185,
        "max": 4931.10351562,
        "mean": 2761.6003418,
        "median": 3057.71484375,
        "min": 301.46484375,
        "skew": -0.711079716682,
        "var": 1471837.375
    },
    "spectral_skewness": {
        "kurt": 0.809750080109,
        "max": 2.81977081299,
        "mean": 1.55149006844,
        "median": 1.53798913956,
        "min": 0.802761971951,
        "skew": 0.536224544048,
        "var": 0.120014168322
    },
    "spectral_spread": {
        "kurt": 85.4473648071,
        "max": 29843466,
        "mean": 4027944.25,
        "median": 3654548.25,
        "min": 2234985.75,
        "skew": 8.50249004364,
        "var": 5.62688425984e+12
    },
    "spectral_strongpeak": {
        "kurt": 14.7075386047,
        "max": 5.47586917877,
        "mean": 0.433630883694,
        "median": 0.13377392292,
        "min": 3.61236470781e-06,
        "skew": 3.45418286324,
        "var": 0.569864273071
    },
    "zerocrossingrate": {
        "kurt": 0.28197312355,
        "max": 0.16748046875,
        "mean": 0.0837772265077,
        "median": 0.0869140625,
        "min": 0.0107421875,
        "skew": -0.0333822853863,
        "var": 0.00095126463566
    },
    "barkbands": {
        "kurt": [19.148897171, 33.8837356567, 46.427192688, 61.7317657471, 6.73225402832, 5.15577030182, 14.4508323669, 43.4709281921, 12.7639694214, 112.852142334, 10.9872608185, 61.6614837646, 26.4848804474, 31.8384857178, 35.3869132996, 41.7535820007, 22.8610134125, 37.7967834473, 41.6718444824, 8.40560150146, 17.2817420959, 22.4205970764, 92.9505996704, 32.0191879272, 34.7328491211, 8.07201385498, 26.5846481323],
        "max": [3.16399209055e-08, 2.09915583582e-06, 7.63640309742e-06, 1.88056128536e-06, 2.95435202133e-05, 0.000339310383424, 0.000274830003036, 0.000558224506676, 0.000545462709852, 0.00433296523988, 0.00045143160969, 0.00214831484482, 0.00110585440416, 0.000423986173701, 0.00136931368615, 0.00172480207402, 0.00101398210973, 0.0023762176279, 0.00143718521576, 0.000317249563523, 0.000246999465162, 0.000100364959508, 1.41566315506e-05, 1.41580471791e-06, 9.25690358144e-07, 1.23577956757e-08, 1.01570529765e-09],
        "mean": [3.13203729618e-09, 7.49655271193e-08, 1.98781393124e-07, 5.39481455064e-08, 3.2833363548e-06, 4.3096839363e-05, 1.96807486645e-05, 1.88009998965e-05, 3.71709902538e-05, 7.76510787546e-05, 3.60136327799e-05, 5.97742873651e-05, 4.1905521357e-05, 1.75089589902e-05, 5.06851320097e-05, 5.73460347368e-05, 5.82266657148e-05, 8.1367274106e-05, 5.71560740354e-05, 3.07269838231e-05, 1.80616425496e-05, 5.91590287513e-06, 2.71031041166e-07, 6.22686755491e-08, 5.07747728307e-08, 1.36855904387e-09, 6.03362151907e-11],
        "median": [1.81991821613e-09, 1.47663632433e-08, 1.44042244798e-08, 1.06901580921e-08, 7.21126866665e-07, 1.426426752e-05, 2.64681762019e-06, 1.69195459421e-06, 4.21845834353e-06, 1.72517070496e-06, 2.40880422098e-06, 2.4760602173e-06, 1.94939593712e-06, 2.03287527256e-06, 1.98990710487e-06, 2.34461322179e-06, 8.36729668663e-06, 8.17136606202e-06, 6.48149625704e-06, 7.63010575611e-06, 6.30340673524e-06, 9.94396941678e-07, 5.12256299601e-08, 1.36704967346e-08, 1.55488280029e-08, 5.2661208727e-10, 1.61792610559e-11],
        "min": [8.48223184399e-13, 2.40562431086e-12, 3.71356504575e-12, 6.72971661037e-12, 3.24194317225e-11, 3.71693197054e-11, 1.795289091e-11, 1.20991792973e-11, 2.4097914636e-11, 9.95857649816e-12, 5.82357946588e-12, 1.65620685569e-12, 3.06830147227e-12, 3.50212545595e-12, 5.21243291585e-12, 7.84354785982e-12, 4.09031940263e-11, 1.03343670427e-11, 1.63139276393e-11, 1.88912861049e-11, 7.72727992704e-11, 1.58947993656e-11, 6.05847230023e-12, 4.12311894696e-12, 3.21504476687e-12, 2.28681505156e-12, 7.06666170892e-14],
        "skew": [3.52930259705, 5.81732654572, 6.62068796158, 7.3200879097, 2.48023748398, 2.13730382919, 3.54718065262, 6.14699077606, 3.49648475647, 10.0513343811, 3.24677658081, 7.1153793335, 5.04192829132, 5.30929470062, 5.49086427689, 6.09230709076, 4.48198413849, 5.8232178688, 5.96831655502, 2.76641321182, 3.69175171852, 4.64516544342, 9.224650383, 5.38675785065, 5.45805549622, 2.58800363541, 4.41222858429],
        "var": [1.45203979559e-17, 7.74971788673e-14, 7.595955657e-13, 3.42910514437e-14, 2.88989093072e-11, 3.78726028316e-09, 1.66188440787e-09, 3.75476050252e-09, 7.59657137195e-09, 1.31265210257e-07, 6.2701315251e-09, 4.34716689313e-08, 2.09503667747e-08, 2.63099586562e-09, 2.48086422516e-08, 3.94829307027e-08, 2.10100488118e-08, 7.79962618935e-08, 2.61253489953e-08, 2.76012013245e-09, 1.06498809771e-09, 2.47228182371e-10, 1.57332567113e-12, 3.22581113839e-14, 1.19552423991e-14, 3.83811431993e-18, 1.40955631503e-20],
        "cov": [[1.46089377143e-17, -1.5637101709e-17, -1.52828513547e-16, 1.81893774152e-17, 2.02536080897e-15, -1.01535474161e-14, -5.91094403648e-15, -4.09599722304e-15, -1.11503078363e-14, 3.35344897467e-13, 2.74380890323e-14, -3.16622406462e-14, 9.44041259011e-14, -4.62692213306e-15, 7.49289072086e-15, 8.98343763744e-14, 6.04092513859e-14, 1.25945965896e-13, 5.25359852735e-14, 1.9382680343e-14, 1.98557262212e-14, 4.54611773099e-15, -9.52912992103e-17, 3.28830266961e-17, 7.91437741238e-17, 1.10040095382e-18, -8.68634316587e-21], [-1.5637101709e-17, 7.79697216079e-14, 2.26423019873e-13, 3.46173149824e-14, -3.91569203006e-14, -8.47908386298e-13, -8.80071189535e-13, -5.00821714829e-13, -3.73087113504e-13, 3.4329895697e-13, 1.83652550632e-12, -1.0248595863e-13, -1.6923647813e-12, 1.85229392588e-12, -1.5385839304e-12, 2.70849965719e-13, 8.75764738506e-13, -2.34741002678e-12, -1.98454078691e-12, -3.13402224365e-14, -2.67651813256e-13, 6.24649393625e-14, -1.20497382417e-14, -2.9339938038e-15, 1.00354070723e-15, 7.77013514609e-18, -1.19832000979e-18], [-1.52828513547e-16, 2.26423019873e-13, 7.64227277381e-13, 9.75645413526e-14, -1.25585861697e-13, -3.01947616216e-12, -2.88665402345e-12, -1.53188572938e-12, -6.99621838327e-13, -5.39553731554e-12, 1.74250739705e-12, -3.27164944441e-12, -5.85756790294e-12, 4.78361404307e-12, -5.53724947838e-12, 2.30114061486e-12, -4.40981479848e-13, -9.17937600931e-12, -6.9325534896e-12, -1.3304982116e-13, -1.12394338628e-12, 1.29590660577e-13, -3.43453022099e-14, -9.22650288961e-15, -5.13180840325e-16, -2.68275534146e-17, -4.42984789729e-18], [1.81893774152e-17, 3.46173149824e-14, 9.75645413526e-14, 3.45001432208e-14, -6.84407110656e-15, -1.11444208896e-12, -2.56967217687e-13, -2.70332828388e-13, -3.28484560787e-14, 1.56356785158e-11, 3.48997892217e-12, -1.37578750475e-12, -1.15716550925e-12, 1.37038514217e-12, -9.21966170943e-13, 1.06501688978e-12, 1.14594835357e-12, -2.08852249731e-12, -9.45014357566e-13, 5.66586220215e-13, -1.34190339165e-14, 1.093210334e-13, -5.11231055183e-15, -1.56342990888e-15, 5.282404085e-15, 2.72801816827e-17, 8.69718052436e-20], [2.02536080897e-15, -3.91569203006e-14, -1.25585861697e-13, -6.84407110656e-15, 2.90751225179e-11, 4.73451833294e-11, 6.2553781599e-11, -3.02903466198e-11, -4.27825136429e-11, 7.93572776936e-11, 1.0777433633e-11, -6.83754164399e-11, 7.77111569539e-11, 9.29867467747e-12, 2.86477612466e-11, -4.00849284321e-11, 9.82773931679e-12, 2.84782475379e-10, 7.52793053588e-12, 5.21037249804e-12, 7.6130091814e-12, -7.2430963137e-12, 2.25429091084e-13, 1.34653505251e-13, 3.56385148443e-14, 1.31302897022e-15, 6.34916541235e-18], [-1.01535474161e-14, -8.47908386298e-13, -3.01947616216e-12, -1.11444208896e-12, 4.73451833294e-11, 3.81035336616e-09, 2.83135237478e-10, 1.54822182852e-10, 5.84005455107e-10, 8.2154560932e-10, 4.95034235826e-10, 2.87429885448e-10, -2.42223630043e-10, -7.24067333868e-11, 2.43185827031e-09, 6.10615447094e-10, 5.89890081226e-10, 1.31918020951e-09, 1.10221742844e-09, 3.11294851008e-10, 3.47072925955e-10, 1.52819257249e-10, 1.67345694593e-12, 3.25076445797e-12, 4.39625630821e-13, 1.44289487585e-14, 4.06521842801e-16], [-5.91094403648e-15, -8.80071189535e-13, -2.88665402345e-12, -2.56967217687e-13, 6.2553781599e-11, 2.83135237478e-10, 1.67201774648e-09, 2.8941946062e-10, -1.8596307827e-10, 1.81135539901e-09, -3.63765892408e-11, -4.65109450953e-10, -3.62528118636e-10, -1.45965323162e-10, 8.61775234506e-11, -8.25318216546e-11, 9.23431220379e-10, 4.74089745239e-09, 5.76749481507e-10, 3.35545313757e-10, 2.6930543906e-10, 8.20551265823e-12, -2.00721427326e-12, 6.84017187509e-13, 7.48979112238e-13, 8.94285696656e-15, 4.36117676904e-16], [-4.09599722304e-15, -5.00821714829e-13, -1.53188572938e-12, -2.70332828388e-13, -3.02903466198e-11, 1.54822182852e-10, 2.8941946062e-10, 3.77765507764e-09, 2.81486522979e-09, -8.21430312659e-10, 5.39634392727e-10, 7.54456441765e-10, 2.31763719327e-10, 3.3499386598e-10, 2.56784232766e-10, 1.45977119281e-09, 1.63995494962e-09, -3.81693981977e-10, 2.19278650793e-10, 8.65823468477e-10, 2.99778424306e-10, 9.6621606549e-11, 1.53348134972e-12, -3.86253366531e-13, 1.38542484234e-13, 6.06218769844e-15, 2.3620977513e-16], [-1.11503078363e-14, -3.73087113504e-13, -6.99621838327e-13, -3.28484560787e-14, -4.27825136429e-11, 5.84005455107e-10, -1.8596307827e-10, 2.81486522979e-09, 7.64289254107e-09, 1.45152334596e-09, 1.38695832597e-09, 5.85202908354e-09, 1.12778475447e-09, 2.0300192638e-09, 3.39819106188e-09, 7.38673522349e-09, 4.8622235127e-09, 1.02906638766e-09, 1.44866574292e-09, 2.17731055407e-09, 6.46241782309e-10, 4.0291503467e-10, 3.42317701962e-11, 3.18484084591e-12, 1.33675980441e-12, 6.96242718969e-14, 3.12585989536e-15], [3.35344897467e-13, 3.4329895697e-13, -5.39553731554e-12, 1.56356785158e-11, 7.93572776936e-11, 8.2154560932e-10, 1.81135539901e-09, -8.21430312659e-10, 1.45152334596e-09, 1.32065608227e-07, 1.15296501235e-08, 1.60076618627e-09, 3.26721739941e-11, 8.86785922471e-10, 1.30286306188e-08, 7.0714563094e-09, 9.73754055167e-09, 3.07603045258e-08, 2.00209218093e-08, 4.00670252532e-09, 3.47671713641e-09, 8.78935368931e-10, 3.93643312391e-11, 1.76861338075e-11, 2.04315193236e-11, 2.80818120493e-13, 6.38551923265e-15], [2.74380890323e-14, 1.83652550632e-12, 1.74250739705e-12, 3.48997892217e-12, 1.0777433633e-11, 4.95034235826e-10, -3.63765892408e-11, 5.39634392727e-10, 1.38695832597e-09, 1.15296501235e-08, 6.30836405335e-09, 3.60483476403e-10, 2.85050288928e-10, 5.85316572987e-10, 1.3845545821e-09, 1.37917044452e-09, 1.20576204576e-09, 2.39162423199e-09, 4.19569401444e-09, 1.21878784842e-09, 6.67368049712e-10, 1.16261257566e-10, 4.23077778323e-13, 1.04941912365e-12, 5.45324722878e-12, 5.39800036538e-14, 1.56049218686e-15], [-3.16622406462e-14, -1.0248595863e-13, -3.27164944441e-12, -1.37578750475e-12, -6.83754164399e-11, 2.87429885448e-10, -4.65109450953e-10, 7.54456441765e-10, 5.85202908354e-09, 1.60076618627e-09, 3.60483476403e-10, 4.37367404515e-08, 6.13735551269e-09, 6.39419073245e-10, 8.25623303058e-09, 4.56581084052e-09, 1.10850031376e-08, 2.66128696857e-09, 2.19255302802e-09, 4.07011224723e-09, 1.46626233377e-09, 1.07627318169e-09, 1.97317648332e-10, 2.66360653152e-12, 2.97260935485e-12, 9.53772312322e-14, 5.7683278286e-15], [9.44041259011e-14, -1.6923647813e-12, -5.85756790294e-12, -1.15716550925e-12, 7.77111569539e-11, -2.42223630043e-10, -3.62528118636e-10, 2.31763719327e-10, 1.12778475447e-09, 3.26721739941e-11, 2.85050288928e-10, 6.13735551269e-09, 2.10781117005e-08, -2.59046950557e-10, 3.78555764513e-09, 1.65825753129e-09, 6.61075594266e-09, 9.35880373198e-10, 1.20607079879e-09, 1.11708819972e-09, 8.95381324639e-10, 5.63939284159e-10, 2.34344032894e-12, 4.96256681581e-13, -1.00758126614e-13, 2.89883778602e-14, 1.20980487659e-15], [-4.62692213306e-15, 1.85229392588e-12, 4.78361404307e-12, 1.37038514217e-12, 9.29867467747e-12, -7.24067333868e-11, -1.45965323162e-10, 3.3499386598e-10, 2.0300192638e-09, 8.86785922471e-10, 5.85316572987e-10, 6.39419073245e-10, -2.59046950557e-10, 2.64703858832e-09, 5.8566146377e-10, 7.04011915431e-09, 5.33789845658e-10, 5.96781013495e-10, 3.17716963849e-10, 1.57679069801e-09, 4.78144079885e-10, 2.70507394262e-10, 2.75815286409e-12, 1.04322149877e-12, 1.01679287819e-12, 2.87796824946e-14, 9.48088424785e-16], [7.49289072086e-15, -1.5385839304e-12, -5.53724947838e-12, -9.21966170943e-13, 2.86477612466e-11, 2.43185827031e-09, 8.61775234506e-11, 2.56784232766e-10, 3.39819106188e-09, 1.30286306188e-08, 1.3845545821e-09, 8.25623303058e-09, 3.78555764513e-09, 5.8566146377e-10, 2.49599150237e-08, 9.40434219387e-09, 7.26445925636e-09, 1.29782469216e-08, 8.55627479979e-09, 2.70378031075e-09, 2.55732657273e-09, 1.59256885457e-09, 5.31899767287e-11, 2.19334515827e-11, 3.41355979941e-12, 1.44598593624e-13, 6.40466514188e-15], [8.98343763744e-14, 2.70849965719e-13, 2.30114061486e-12, 1.06501688978e-12, -4.00849284321e-11, 6.10615447094e-10, -8.25318216546e-11, 1.45977119281e-09, 7.38673522349e-09, 7.0714563094e-09, 1.37917044452e-09, 4.56581084052e-09, 1.65825753129e-09, 7.04011915431e-09, 9.40434219387e-09, 3.97236803451e-08, 4.70298733291e-09, 1.44588350182e-08, 7.6298283247e-09, 7.45778550026e-09, 3.54896867449e-09, 2.16284035126e-09, 5.26702759098e-13, 6.51775638669e-12, 2.68679371286e-12, 6.69838127023e-14, 4.01349451991e-15], [6.04092513859e-14, 8.75764738506e-13, -4.40981479848e-13, 1.14594835357e-12, 9.82773931679e-12, 5.89890081226e-10, 9.23431220379e-10, 1.63995494962e-09, 4.8622235127e-09, 9.73754055167e-09, 1.20576204576e-09, 1.10850031376e-08, 6.61075594266e-09, 5.33789845658e-10, 7.26445925636e-09, 4.70298733291e-09, 2.11381596671e-08, 1.74294996214e-08, 8.55051052184e-09, 3.3916749409e-09, 2.5819417715e-09, 9.15692466297e-10, 2.50175401229e-11, 8.15818679972e-12, 4.87773797048e-12, 1.47424647902e-13, 6.90930661954e-15], [1.25945965896e-13, -2.34741002678e-12, -9.17937600931e-12, -2.08852249731e-12, 2.84782475379e-10, 1.31918020951e-09, 4.74089745239e-09, -3.81693981977e-10, 1.02906638766e-09, 3.07603045258e-08, 2.39162423199e-09, 2.66128696857e-09, 9.35880373198e-10, 5.96781013495e-10, 1.29782469216e-08, 1.44588350182e-08, 1.74294996214e-08, 7.84718494629e-08, 3.23706004224e-08, 6.9069483466e-09, 6.71276190189e-09, 1.49014722783e-09, 1.55085371628e-11, 1.71302694252e-11, 4.8767695611e-12, 1.63006503369e-13, 1.09449777326e-14], [5.25359852735e-14, -1.98454078691e-12, -6.9325534896e-12, -9.45014357566e-13, 7.52793053588e-12, 1.10221742844e-09, 5.76749481507e-10, 2.19278650793e-10, 1.44866574292e-09, 2.00209218093e-08, 4.19569401444e-09, 2.19255302802e-09, 1.20607079879e-09, 3.17716963849e-10, 8.55627479979e-09, 7.6298283247e-09, 8.55051052184e-09, 3.23706004224e-08, 2.62846491239e-08, 3.84814802246e-09, 3.32674310322e-09, 9.74502034623e-10, 1.74374802792e-11, 1.10943285808e-11, 3.68950399746e-12, 8.96705737549e-14, 5.75124698571e-15], [1.9382680343e-14, -3.13402224365e-14, -1.3304982116e-13, 5.66586220215e-13, 5.21037249804e-12, 3.11294851008e-10, 3.35545313757e-10, 8.65823468477e-10, 2.17731055407e-09, 4.00670252532e-09, 1.21878784842e-09, 4.07011224723e-09, 1.11708819972e-09, 1.57679069801e-09, 2.70378031075e-09, 7.45778550026e-09, 3.3916749409e-09, 6.9069483466e-09, 3.84814802246e-09, 2.77695000328e-09, 1.33887090303e-09, 5.32874189219e-10, 1.474214327e-11, 2.46303888743e-12, 2.4813820703e-12, 4.85681373591e-14, 2.14438587872e-15], [1.98557262212e-14, -2.67651813256e-13, -1.12394338628e-12, -1.34190339165e-14, 7.6130091814e-12, 3.47072925955e-10, 2.6930543906e-10, 2.99778424306e-10, 6.46241782309e-10, 3.47671713641e-09, 6.67368049712e-10, 1.46626233377e-09, 8.95381324639e-10, 4.78144079885e-10, 2.55732657273e-09, 3.54896867449e-09, 2.5819417715e-09, 6.71276190189e-09, 3.32674310322e-09, 1.33887090303e-09, 1.0714819032e-09, 3.72619823885e-10, 2.58064706757e-12, 2.46166368539e-12, 1.22057941011e-12, 2.86381636179e-14, 1.51069999033e-15], [4.54611773099e-15, 6.24649393625e-14, 1.29590660577e-13, 1.093210334e-13, -7.2430963137e-12, 1.52819257249e-10, 8.20551265823e-12, 9.6621606549e-11, 4.0291503467e-10, 8.78935368931e-10, 1.16261257566e-10, 1.07627318169e-09, 5.63939284159e-10, 2.70507394262e-10, 1.59256885457e-09, 2.16284035126e-09, 9.15692466297e-10, 1.49014722783e-09, 9.74502034623e-10, 5.32874189219e-10, 3.72619823885e-10, 2.48735670949e-10, 2.42290519245e-12, 1.07277067004e-12, 2.6112583775e-13, 8.20412311085e-15, 5.86638872703e-16], [-9.52912992103e-17, -1.20497382417e-14, -3.43453022099e-14, -5.11231055183e-15, 2.25429091084e-13, 1.67345694593e-12, -2.00721427326e-12, 1.53348134972e-12, 3.42317701962e-11, 3.93643312391e-11, 4.23077778323e-13, 1.97317648332e-10, 2.34344032894e-12, 2.75815286409e-12, 5.31899767287e-11, 5.26702759098e-13, 2.50175401229e-11, 1.55085371628e-11, 1.74374802792e-11, 1.474214327e-11, 2.58064706757e-12, 2.42290519245e-12, 1.58291912564e-12, 7.9931585439e-14, 1.9507085766e-14, 9.56465686512e-16, 2.6615113581e-17], [3.28830266961e-17, -2.9339938038e-15, -9.22650288961e-15, -1.56342990888e-15, 1.34653505251e-13, 3.25076445797e-12, 6.84017187509e-13, -3.86253366531e-13, 3.18484084591e-12, 1.76861338075e-11, 1.04941912365e-12, 2.66360653152e-12, 4.96256681581e-13, 1.04322149877e-12, 2.19334515827e-11, 6.51775638669e-12, 8.15818679972e-12, 1.71302694252e-11, 1.10943285808e-11, 2.46303888743e-12, 2.46166368539e-12, 1.07277067004e-12, 7.9931585439e-14, 3.24548059868e-14, 4.76375903514e-15, 2.34043064851e-16, 6.97901050925e-18], [7.91437741238e-17, 1.00354070723e-15, -5.13180840325e-16, 5.282404085e-15, 3.56385148443e-14, 4.39625630821e-13, 7.48979112238e-13, 1.38542484234e-13, 1.33675980441e-12, 2.04315193236e-11, 5.45324722878e-12, 2.97260935485e-12, -1.00758126614e-13, 1.01679287819e-12, 3.41355979941e-12, 2.68679371286e-12, 4.87773797048e-12, 4.8767695611e-12, 3.68950399746e-12, 2.4813820703e-12, 1.22057941011e-12, 2.6112583775e-13, 1.9507085766e-14, 4.76375903514e-15, 1.20281405956e-14, 1.2743725835e-16, 2.99297148038e-18], [1.10040095382e-18, 7.77013514609e-18, -2.68275534146e-17, 2.72801816827e-17, 1.31302897022e-15, 1.44289487585e-14, 8.94285696656e-15, 6.06218769844e-15, 6.96242718969e-14, 2.80818120493e-13, 5.39800036538e-14, 9.53772312322e-14, 2.89883778602e-14, 2.87796824946e-14, 1.44598593624e-13, 6.69838127023e-14, 1.47424647902e-13, 1.63006503369e-13, 8.96705737549e-14, 4.85681373591e-14, 2.86381636179e-14, 8.20412311085e-15, 9.56465686512e-16, 2.34043064851e-16, 1.2743725835e-16, 3.861517741e-18, 1.23438353354e-19], [-8.68634316587e-21, -1.19832000979e-18, -4.42984789729e-18, 8.69718052436e-20, 6.34916541235e-18, 4.06521842801e-16, 4.36117676904e-16, 2.3620977513e-16, 3.12585989536e-15, 6.38551923265e-15, 1.56049218686e-15, 5.7683278286e-15, 1.20980487659e-15, 9.48088424785e-16, 6.40466514188e-15, 4.01349451991e-15, 6.90930661954e-15, 1.09449777326e-14, 5.75124698571e-15, 2.14438587872e-15, 1.51069999033e-15, 5.86638872703e-16, 2.6615113581e-17, 6.97901050925e-18, 2.99297148038e-18, 1.23438353354e-19, 1.41815107702e-20]]
    },
    "mfcc": {
        "kurt": [-0.636482000351, -0.558007001877, -1.06668961048, -0.425521373749, -0.360241651535, -0.566702604294, -0.058974981308, -0.00855183601379, -0.560102939606, -0.459452152252, -0.0103449821472, 0.057160615921, 0.0624361038208],
        "max": [-753.945983887, 113.931098938, 22.9164428711, 64.5821838379, 9.77711486816, 15.2616920471, 16.3551292419, 9.82726478577, 30.6505889893, 4.94836425781, 24.3717803955, 53.748336792, 27.4540252686],
        "mean": [-908.741760254, 66.0681228638, -74.8860168457, 19.176902771, -38.62733078, -31.6868305206, -13.8852491379, -23.2737770081, -6.5213932991, -20.3519535065, -5.98076677322, 2.59276652336, 1.89106535912],
        "median": [-896.626708984, 69.7765197754, -78.7705230713, 17.6607704163, -41.8727073669, -29.5606040955, -13.5645713806, -24.6660308838, -6.58422851562, -19.461730957, -5.60281181335, -3.0517578125e-05, 1.52311706543],
        "min": [-1138.42004395, 1.14440917969e-05, -168.99067688, -23.5982780457, -90.6886444092, -89.6115112305, -44.0233001709, -56.1937484741, -38.1868362427, -44.1893844604, -32.8359909058, -31.9169273376, -28.4535427094],
        "skew": [-0.351509094238, -0.372989356518, 0.222480088472, 0.297312140465, 0.34780818224, -0.335193157196, -0.0757278427482, 0.112993746996, -0.0012762468541, -0.157904565334, 0.0885755717754, 0.678993105888, 0.000277021550573],
        "var": [8205.10351562, 560.149780273, 2300.40307617, 282.625152588, 448.738830566, 520.786315918, 138.607971191, 161.779220581, 204.038452148, 112.212783813, 109.213790894, 307.16696167, 96.4936141968],
        "cov": [[8255.13476562, 1067.54711914, -3983.97900391, -415.025726318, -1351.83740234, 110.718391418, 49.5819778442, 35.2628669739, 573.129882812, -247.621810913, -48.9968185425, -631.048217773, 154.761367798], [1067.54711914, 563.565368652, -238.210906982, -70.6941070557, -168.774047852, -168.044662476, -41.7645263672, 13.1437120438, 9.17690849304, -17.8006477356, -64.8726272583, -174.815856934, -17.9638881683], [-3983.97900391, -238.210906982, 2314.42993164, 340.901733398, 615.838195801, -287.085113525, -96.1305236816, -2.4902806282, -304.156677246, 159.888153076, -5.95243644714, 218.014602661, -100.599098206], [-415.025726318, -70.6941070557, 340.901733398, 284.348480225, 61.2010040283, -97.3753967285, -25.5423316956, -43.4006843567, -6.94143915176, 19.1431846619, 21.3725967407, 76.5395126343, -26.4247989655], [-1351.83740234, -168.774047852, 615.838195801, 61.2010040283, 451.475036621, 213.010665894, 40.2834815979, 16.1914482117, -67.2285003662, 14.0427751541, -37.0023078918, 38.3401908875, -53.1367912292], [110.718391418, -168.044662476, -287.085113525, -97.3753967285, 213.010665894, 523.961853027, 152.393249512, 24.3525485992, 119.821655273, -10.0207128525, -19.3235416412, -12.6195831299, 21.7793960571], [49.5819778442, -41.7645263672, -96.1305236816, -25.5423316956, 40.2834815979, 152.393249512, 139.453140259, 41.3439483643, 55.9247322083, 10.4449949265, -19.1527748108, -6.89122629166, 8.58124637604], [35.2628669739, 13.1437120438, -2.4902806282, -43.4006843567, 16.1914482117, 24.3525485992, 41.3439483643, 162.765686035, 76.7547225952, 19.0525054932, 5.72812747955, -68.1583633423, -10.5842418671], [573.129882812, 9.17690849304, -304.156677246, -6.94143915176, -67.2285003662, 119.821655273, 55.9247322083, 76.7547225952, 205.282577515, 53.5250167847, 24.9302978516, -1.75522470474, 35.2041320801], [-247.621810913, -17.8006477356, 159.888153076, 19.1431846619, 14.0427751541, -10.0207128525, 10.4449949265, 19.0525054932, 53.5250167847, 112.897010803, 36.4924736023, 31.5729198456, 14.9996709824], [-48.9968185425, -64.8726272583, -5.95243644714, 21.3725967407, -37.0023078918, -19.3235416412, -19.1527748108, 5.72812747955, 24.9302978516, 36.4924736023, 109.879730225, 112.744392395, 17.6964836121], [-631.048217773, -174.815856934, 218.014602661, 76.5395126343, 38.3401908875, -12.6195831299, -6.89122629166, -68.1583633423, -1.75522470474, 31.5729198456, 112.744392395, 309.03994751, 67.7881393433], [154.761367798, -17.9638881683, -100.599098206, -26.4247989655, -53.1367912292, 21.7793960571, 8.58124637604, -10.5842418671, 35.2041320801, 14.9996709824, 17.6964836121, 67.7881393433, 97.081993103]]
    },
    "sccoeffs": {
        "kurt": [-0.713091373444, -0.412334680557, 0.133949995041, 0.0451254844666, 0.714027643204, 0.243927955627],
        "max": [-0.512689948082, -0.45426094532, -0.495095610619, -0.549588799477, -0.601521730423, -0.617205560207],
        "mean": [-0.769144535065, -0.705987751484, -0.751248657703, -0.786137640476, -0.800250887871, -0.731767058372],
        "median": [-0.775614321232, -0.711212575436, -0.757541894913, -0.800178766251, -0.811819195747, -0.735347688198],
        "min": [-0.950289428234, -0.958814442158, -0.937801301479, -0.956968545914, -0.91357755661, -0.92229539156],
        "skew": [0.283776015043, 0.120920397341, 0.228396594524, 0.68212211132, 0.834545433521, -0.267519533634],
        "var": [0.00803866423666, 0.00920913182199, 0.00668909773231, 0.00616282550618, 0.00327431620099, 0.00310351490043],
        "cov": [[0.00808768067509, 0.000564999994822, 0.000977200572379, 0.000134016358061, -0.000115383860248, -0.000352405884769], [0.000564999994822, 0.0092652849853, 0.00130166683812, 0.000474398082588, 0.00161048793234, 0.000114317401312], [0.000977200572379, 0.00130166683812, 0.00672988500446, 0.00453373696655, 0.00293320906349, 0.00301524554379], [0.000134016358061, 0.000474398082588, 0.00453373696655, 0.0062004039064, 0.00291674956679, 0.00323131401092], [-0.000115383860248, 0.00161048793234, 0.00293320906349, 0.00291674956679, 0.00329428142868, 0.00188747863285], [-0.000352405884769, 0.000114317401312, 0.00301524554379, 0.00323131401092, 0.00188747863285, 0.00312243867666]]
    },
    "scvalleys": {
        "kurt": [9.78851699829, 0.944628000259, 0.235066890717, 0.548270940781, 3.51877975464, 1.54267930984],
        "max": [-8.35934638977, -6.24545907974, -6.60160446167, -6.96953678131, -6.68232488632, -10.4206781387],
        "mean": [-10.3032045364, -8.66847515106, -8.98917770386, -9.19626140594, -8.87078094482, -12.0936985016],
        "median": [-10.3235425949, -8.60486125946, -9.10333919525, -8.82113361359, -8.61375713348, -12.0598516464],
        "min": [-14.047794342, -13.3917779922, -14.4951286316, -14.6869459152, -14.6608171463, -15.499215126],
        "skew": [-1.11235451698, -0.546126544476, -0.471429347992, -0.779413759708, -1.27844583988, -0.866920530796],
        "var": [0.336492776871, 1.25542330742, 1.84828138351, 1.7255641222, 1.28176903725, 0.698494493961],
        "cov": [[0.33854457736, 0.286837637424, 0.38030642271, 0.362617224455, 0.319950163364, 0.201494351029], [0.286837637424, 1.26307821274, 1.09298098087, 1.0092304945, 0.963967978954, 0.695383906364], [0.38030642271, 1.09298098087, 1.85955142975, 1.60213541985, 1.3418610096, 0.972576141357], [0.362617224455, 1.0092304945, 1.60213541985, 1.73608589172, 1.39509606361, 0.928225278854], [0.319950163364, 0.963967978954, 1.3418610096, 1.39509606361, 1.2895847559, 0.865111768246], [0.201494351029, 0.695383906364, 0.972576141357, 0.928225278854, 0.865111768246, 0.702753603458]]
    }
},
"rhythm": {
    "beats_loudness": {
        "kurt": -1.31063091755,
        "max": 0.00326107302681,
        "mean": 0.00128078332637,
        "median": 0.000862931250595,
        "min": 7.77993991505e-05,
        "skew": 0.534373700619,
        "var": 1.46537013279e-06
    },
    "bpm": 140.491653442,
    "confidence": 0,
    "first_peak_bpm": {
        "kurt": 0,
        "max": 140,
        "mean": 140,
        "median": 140,
        "min": 140,
        "skew": 0,
        "var": 0
    },
    "first_peak_spread": {
        "kurt": 0,
        "max": 0.600000023842,
        "mean": 0.600000023842,
        "median": 0.600000023842,
        "min": 0.600000023842,
        "skew": 0,
        "var": 0
    },
    "first_peak_weight": {
        "kurt": 0,
        "max": 0.285714298487,
        "mean": 0.285714298487,
        "median": 0.285714298487,
        "min": 0.285714298487,
        "skew": 0,
        "var": 0
    },
    "onset_rate": 4.22300004959,
    "second_peak_bpm": {
        "kurt": 0,
        "max": 148,
        "mean": 148,
        "median": 148,
        "min": 148,
        "skew": 0,
        "var": 0
    },
    "second_peak_spread": {
        "kurt": 0,
        "max": 0.5,
        "mean": 0.5,
        "median": 0.5,
        "min": 0.5,
        "skew": 0,
        "var": 0
    },
    "second_peak_weight": {
        "kurt": 0,
        "max": 0.142857149243,
        "mean": 0.142857149243,
        "median": 0.142857149243,
        "min": 0.142857149243,
        "skew": 0,
        "var": 0
    },
    "beats_loudness_band_ratio": {
        "kurt": [1.75705385208, 2.24497509003, 0.315066814423, -1.867795825, -0.794435977936, -1.56446444988],
        "max": [0.0014613653766, 0.194686964154, 0.863657951355, 0.518771648407, 0.676531374454, 0.220637097955],
        "mean": [0.000369962101104, 0.0415891371667, 0.232003495097, 0.259571164846, 0.328210175037, 0.15575234592],
        "median": [0.00022651310428, 0.0200551599264, 0.103834688663, 0.257842451334, 0.345233768225, 0.174137488008],
        "min": [2.47856933129e-05, 0.000751012703404, 0.00248280609958, 0.0128542268649, 0.0423756539822, 0.0594131238759],
        "skew": [1.72220051289, 1.93313109875, 1.30791127682, 0.0181176029146, 0.0800187140703, -0.326719909906],
        "var": [1.95423396576e-07, 0.00364209525287, 0.0805027261376, 0.0427875295281, 0.038877453655, 0.00371277006343],
        "cov": [[2.23341018568e-07, 2.58908712567e-05, 7.16217255103e-05, -4.48920145573e-05, -6.64021426928e-05, 8.12545295048e-06], [2.58908712567e-05, 0.00416239444166, 0.00577061483636, -0.00672624353319, -0.00526354555041, 0.00199947017245], [7.16217255103e-05, 0.00577061483636, 0.0920031145215, -0.0484594963491, -0.0443149022758, -0.00664290878922], [-4.48920145573e-05, -0.00672624353319, -0.0484594963491, 0.0489000342786, 0.00722156465054, 4.64012846351e-05], [-6.64021426928e-05, -0.00526354555041, -0.0443149022758, 0.00722156465054, 0.0444313772023, -9.95675654849e-05], [8.12545295048e-06, 0.00199947017245, -0.00664290878922, 4.64012846351e-05, -9.95675654849e-05, 0.00424316572025]]
    },
    "beats_position": [0.383129239082, 0.777868449688, 1.18421769142, 1.60217678547, 2.02013611794, 2.4497051239, 2.89088439941, 3.32045340538],
    "bpm_estimates": [143.554718018, 143.554641724, 139.674880981, 135.999130249, 139.674880981],
    "bpm_intervals": [0.394739210606, 0.406349241734, 0.417959094048, 0.417959332466, 0.429569005966, 0.441179275513, 0.429569005966],
    "onset_times": [0.0812698379159, 0.208979591727, 0.336689352989, 0.53405892849, 0.870748281479, 1.10294783115, 1.63700675964, 1.82276642323, 1.97369611263, 2.22911572456, 2.43809533119, 2.60063481331, 2.87927436829, 3.08825397491, 3.26240372658, 3.52943301201],
    "histogram": [[0, 0, 0, 0, 0, 0, 0, 0, 0, 0, 0, 0, 0, 0, 0, 0, 0, 0, 0, 0, 0, 0, 0, 0, 0, 0, 0, 0, 0, 0, 0, 0, 0, 0, 0, 0, 0, 0, 0, 0, 0, 0, 0, 0, 0, 0, 0, 0, 0, 0, 0, 0, 0, 0, 0, 0, 0, 0, 0, 0, 0, 0, 0, 0, 0, 0, 0, 0, 0, 0, 0, 0, 0, 0, 0, 0, 0, 0, 0, 0, 0, 0, 0, 0, 0, 0, 0, 0, 0, 0, 0, 0, 0, 0, 0, 0, 0, 0, 0, 0, 0, 0, 0, 0, 0, 0, 0, 0, 0, 0, 0, 0, 0, 0, 0, 0, 0, 0, 0, 0, 0, 0, 0, 0, 0, 0, 0, 0, 0, 0, 0, 0, 0, 0, 0, 0, 0.142857149243, 0, 0, 0, 0.285714298487, 0, 0, 0, 0.285714298487, 0, 0, 0, 0.142857149243, 0, 0, 0, 0.142857149243, 0, 0, 0, 0, 0, 0, 0, 0, 0, 0, 0, 0, 0, 0, 0, 0, 0, 0, 0, 0, 0, 0, 0, 0, 0, 0, 0, 0, 0, 0, 0, 0, 0, 0, 0, 0, 0, 0, 0, 0, 0, 0, 0, 0, 0, 0, 0, 0, 0, 0, 0, 0, 0, 0, 0, 0, 0, 0, 0, 0, 0, 0, 0, 0, 0, 0, 0, 0, 0, 0, 0, 0, 0, 0, 0, 0, 0, 0, 0, 0, 0, 0, 0, 0, 0, 0, 0, 0, 0, 0, 0, 0, 0, 0, 0, 0, 0]]
},
"sfx": {
    "inharmonicity": {
        "kurt": 1.11433935165,
        "max": 0.394175171852,
        "mean": 0.0861565768719,
        "median": 0.0437908135355,
        "min": 0,
        "skew": 1.43958699703,
        "var": 0.0101288035512
    },
    "oddtoevenharmonicenergyratio": {
        "kurt": 58.6793174744,
        "max": 48.5262260437,
        "mean": 1.64849281311,
        "median": 0.455404758453,
        "min": 0,
        "skew": 6.92980003357,
        "var": 22.4727916718
    },
    "pitch_after_max_to_before_max_energy_ratio": 0.239248394966,
    "pitch_centroid": 102.590507507,
    "pitch_max_to_total": 0.95757573843,
    "pitch_min_to_total": 0.721212148666,
    "tristimulus": {
        "kurt": [0.0737471580505, -0.431474685669, -0.391110181808],
        "max": [1, 0.874467730522, 0.883099496365],
        "mean": [0.294714391232, 0.321527630091, 0.383757978678],
        "median": [0.242734164, 0.303455859423, 0.39277485013],
        "min": [0, 0, 0],
        "skew": [0.870690941811, 0.533445894718, -0.204133659601],
        "var": [0.0656865164638, 0.0401110611856, 0.0416673161089],
        "cov": [[0.0660870447755, -0.0322606638074, -0.0338263884187], [-0.0322606638074, 0.0403556413949, -0.00809498503804], [-0.0338263884187, -0.00809498503804, 0.0419213846326]]
    }
},
"tonal": {
    "chords_changes_rate": 0.108433738351,
    "chords_number_rate": 0.108433738351,
    "chords_strength": {
        "kurt": -0.837898254395,
        "max": 0.629210233688,
        "mean": 0.416713953018,
        "median": 0.433133721352,
        "min": 0.23490768671,
        "skew": -0.06054225564,
        "var": 0.00917395111173
    },
    "key_strength": 0.301292032003,
    "tuning_diatonic_strength": 0.348924517632,
    "tuning_equal_tempered_deviation": 0.229606121778,
    "tuning_frequency": 444.341888428,
    "tuning_nontempered_energy_ratio": 0.877254128456,
    "hpcp": {
        "kurt": [4.49308586121, 3.49930047989, 6.47038841248, 9.28764915466, 6.30084609985, 2.9393954277, 3.63272666931, 3.20842456818, 5.5189037323, 7.18038082123, 3.80122566223, 3.43248081207, 1.30720901489, 1.12886953354, 2.53927898407, 0.936549186707, 0.299603223801, 0.576817035675, 0.57959985733, 0.266146183014, 0.502803325653, 2.50023317337, 3.99242115021, 2.06679439545, 2.8225479126, 4.91010808945, 7.73464488983, 6.10954284668, 2.50670003891, 0.781191110611, 2.57556867599, 8.62898731232, 10.3764028549, 3.4191904068, 3.72193717957, 2.8348402977],
        "max": [1, 1, 0.879572451115, 0.848933815956, 1, 1, 1, 0.790765285492, 0.897863209248, 1, 0.975462675095, 1, 1, 1, 1, 1, 1, 1, 1, 1, 1, 1, 1, 1, 1, 1, 1, 1, 0.983068108559, 1, 1, 1, 0.961722075939, 1, 1, 0.813633561134],
        "mean": [0.171499118209, 0.171242177486, 0.116506814957, 0.106954470277, 0.153988465667, 0.198679864407, 0.190149068832, 0.145136862993, 0.138406574726, 0.148639976978, 0.151240035892, 0.178757727146, 0.229650169611, 0.222995236516, 0.190511271358, 0.203811690211, 0.229126617312, 0.241442278028, 0.242990404367, 0.262451320887, 0.262447595596, 0.221654817462, 0.194847434759, 0.195557489991, 0.177568346262, 0.137170478702, 0.127931714058, 0.130331888795, 0.163882821798, 0.22639515996, 0.191275626421, 0.121761515737, 0.113157995045, 0.155952125788, 0.16827134788, 0.144516348839],
