{
"metadata": {
    "version": {
        "essentia": "2.1-beta3"
    }
},
"lowLevel": {
    "average_loudness": 0.99068403244,
    "barkbands_kurtosis": {
        "kurt": 5.31044101715,
        "max": 82.5630874634,
        "mean": 9.28493499756,
        "median": 0.71143078804,
        "min": -1.89111912251,
        "skew": 2.3500418663,
        "var": 335.429931641
    },
    "barkbands_skewness": {
        "kurt": -0.34895157814,
        "max": 7.88048601151,
        "mean": 1.27442824841,
        "median": 0.709702253342,
        "min": -3.00683236122,
        "skew": 0.720024824142,
        "var": 7.54423332214
    },
    "barkbands_spread": {
        "kurt": -1.44238519669,
        "max": 52.0630149841,
        "mean": 24.6757583618,
        "median": 24.544336319,
        "min": 1.31954014301,
        "skew": -0.0612128935754,
        "var": 241.990829468
    },
    "dissonance": {
        "kurt": 0.23397231102,
        "max": 0.499800950289,
        "mean": 0.456388533115,
        "median": 0.48107200861,
        "min": 0.323924571276,
        "skew": -1.30659008026,
        "var": 0.00261470349506
    },
    "hfc": {
        "kurt": 20.2863521576,
        "max": 17.4552135468,
        "mean": 0.84940892458,
        "median": 0.00205806968734,
        "min": 2.0168005932e-08,
        "skew": 4.49686908722,
        "var": 8.82679080963
    },
    "pitch": {
        "kurt": -0.930418491364,
        "max": 4148.33300781,
        "mean": 1479.96704102,
        "median": 624.34197998,
        "min": 131.268218994,
        "skew": 0.833619832993,
        "var": 1942350
    },
    "pitch_instantaneous_confidence": {
        "kurt": -0.881980657578,
        "max": 0.923465192318,
        "mean": 0.498276382685,
        "median": 0.461055845022,
        "min": 0.155952572823,
        "skew": 0.436992675066,
        "var": 0.0450724959373
    },
    "pitch_salience": {
        "kurt": -0.437795162201,
        "max": 0.863866508007,
        "mean": 0.635585010052,
        "median": 0.7220505476,
        "min": 0.170897901058,
        "skew": -0.947203338146,
        "var": 0.0350391678512
    },
    "silence_rate_20dB": {
        "kurt": 0,
        "max": 1,
        "mean": 1,
        "median": 1,
        "min": 1,
        "skew": 0,
        "var": 0
    },
    "silence_rate_30dB": {
        "kurt": 0,
        "max": 1,
        "mean": 1,
        "median": 1,
        "min": 1,
        "skew": 0,
        "var": 0
    },
    "silence_rate_60dB": {
        "kurt": 2.49121141434,
        "max": 1,
        "mean": 0.863636374474,
        "median": 1,
        "min": 0,
        "skew": -2.11924648285,
        "var": 0.117768734694
    },
    "spectral_centroid": {
        "kurt": -0.947173595428,
        "max": 3825.48022461,
        "mean": 1562.96789551,
        "median": 1345.19604492,
        "min": 359.801605225,
        "skew": 0.500473678112,
        "var": 947328
    },
    "spectral_complexity": {
        "kurt": 25.738286972,
        "max": 7,
        "mean": 0.378787875175,
        "median": 0,
        "min": 0,
        "skew": 4.63592815399,
        "var": 1.02318525314
    },
    "spectral_crest": {
        "kurt": -0.555387735367,
        "max": 24.7738113403,
        "mean": 10.986533165,
        "median": 9.26391601562,
        "min": 3.58411741257,
        "skew": 0.707370579243,
        "var": 37.5190467834
    },
    "spectral_decrease": {
        "kurt": 16.8090190887,
        "max": -9.12164735096e-19,
        "mean": -4.01096766911e-10,
        "median": -3.97740949334e-13,
        "min": -7.62308616231e-09,
        "skew": -4.10344028473,
        "var": 1.81996547208e-18
    },
    "spectral_energy": {
        "kurt": 16.8887519836,
        "max": 0.0301490519196,
        "mean": 0.00159087532666,
        "median": 1.89452669019e-06,
        "min": 5.2720284735e-12,
        "skew": 4.11542224884,
        "var": 2.87004968413e-05
    },
    "spectral_energyband_high": {
        "kurt": 51.6966819763,
        "max": 0.000625960121397,
        "mean": 1.71131941897e-05,
        "median": 1.09274424176e-07,
        "min": 2.35173686081e-12,
        "skew": 7.10309028625,
        "var": 6.17475937048e-09
    },
    "spectral_energyband_low": {
        "kurt": 9.50634384155,
        "max": 2.06660615731e-06,
        "mean": 2.00177666443e-07,
        "median": 3.13449177725e-08,
        "min": 1.19266033681e-13,
        "skew": 3.05126714706,
        "var": 1.69229864497e-13
    },
    "spectral_energyband_middle_high": {
        "kurt": 31.9547195435,
        "max": 0.00138268689625,
        "mean": 4.93808656756e-05,
        "median": 3.78352410735e-07,
        "min": 1.95410181092e-12,
        "skew": 5.56437730789,
        "var": 3.90230248115e-08
    },
    "spectral_energyband_middle_low": {
        "kurt": 16.7460594177,
        "max": 0.0292540322989,
        "mean": 0.00152467319276,
        "median": 4.01601027988e-07,
        "min": 8.7501306114e-13,
        "skew": 4.08957099915,
        "var": 2.62868961727e-05
    },
    "spectral_flatness_db": {
        "kurt": -0.623559713364,
        "max": 0.428042918444,
        "mean": 0.191643133759,
        "median": 0.162916839123,
        "min": 0.0492666810751,
        "skew": 0.757178366184,
        "var": 0.0113186119124
    },
    "spectral_flux": {
        "kurt": 5.8016500473,
        "max": 0.162027046084,
        "mean": 0.0167326554656,
        "median": 0.000951511668973,
        "min": 1.64187440532e-05,
        "skew": 2.54082322121,
        "var": 0.00119147775695
    },
    "spectral_kurtosis": {
        "kurt": 13.3733844757,
        "max": 26.448595047,
        "mean": 5.41022014618,
        "median": 4.6515083313,
        "min": 1.39869213104,
        "skew": 3.05864524841,
        "var": 13.9040212631
    },
    "spectral_rms": {
        "kurt": 8.11234951019,
        "max": 0.00542344059795,
        "mean": 0.000491224345751,
        "median": 4.29694919148e-05,
        "min": 7.17177996989e-08,
        "skew": 2.94302153587,
        "var": 1.31077274546e-06
    },
    "spectral_rolloff": {
        "kurt": -1.37904977798,
        "max": 5921.63085938,
        "mean": 2729.49633789,
        "median": 3176.14746094,
        "min": 366.064453125,
        "skew": -0.394331365824,
        "var": 2706662.75
    },
    "spectral_skewness": {
        "kurt": 5.81697845459,
        "max": 4.48190736771,
        "mean": 1.64873182774,
        "median": 1.5057131052,
        "min": 0.722831606865,
        "skew": 2.00013422966,
        "var": 0.366820693016
    },
    "spectral_spread": {
        "kurt": 10.379281044,
        "max": 16406172,
        "mean": 5222562,
        "median": 4662521.5,
        "min": 2775981.5,
        "skew": 2.60079050064,
        "var": 4.506386432e+12
    },
    "spectral_strongpeak": {
        "kurt": 17.0816650391,
        "max": 1.95901799202,
        "mean": 0.129118517041,
        "median": 0.00942149106413,
        "min": 7.89935938883e-07,
        "skew": 4.07254505157,
        "var": 0.119064517319
    },
    "zerocrossingrate": {
        "kurt": 8.53830051422,
        "max": 0.392578125,
        "mean": 0.0916193202138,
        "median": 0.083984375,
        "min": 0.01806640625,
        "skew": 2.00379228592,
        "var": 0.00337565038353
    },
    "barkbands": {
        "kurt": [4.63168811798, 21.1885299683, 11.5970954895, 27.5885887146, 35.3087768555, 13.6100139618, 23.4272899628, 33.1409606934, 50.5629310608, 46.4895248413, 58.9971847534, 16.912021637, 29.783416748, 19.1949882507, 48.7326965332, 47.2333717346, 12.7951116562, 27.6576023102, 29.3240203857, 49.3381614685, 57.4792671204, 40.8961524963, 53.0800170898, 36.2234687805, 56.9518890381, 33.3432731628, 14.7038288116],
        "max": [8.20762977582e-08, 8.04569765478e-07, 1.18717684927e-06, 2.06839968087e-06, 0.000103790298454, 0.00666669756174, 0.0269466880709, 0.000148241902934, 0.000273695099168, 0.000191707178601, 6.80640441715e-05, 2.7721744118e-06, 1.08095864562e-05, 2.7841301744e-06, 2.05709402508e-05, 0.000225959549425, 5.24015813426e-05, 0.000802954076789, 4.6421031584e-05, 0.000136975679197, 0.000582572945859, 3.04876957671e-05, 5.69898611502e-06, 1.59657133736e-07, 6.54335644867e-06, 2.83362169284e-08, 1.08015452138e-09],
        "mean": [9.39818711743e-09, 4.99227752471e-08, 1.03779520089e-07, 9.73534781679e-08, 3.81369704883e-06, 0.000390695873648, 0.00111657218076, 5.77730770601e-06, 6.99200700183e-06, 5.26544090462e-06, 1.33340097364e-06, 1.38792003668e-07, 3.97438725486e-07, 1.50381239905e-07, 6.00511498305e-07, 6.51605523672e-06, 3.51541211785e-06, 2.92707518383e-05, 1.81840209734e-06, 3.67350139641e-06, 1.28349511215e-05, 9.75758212007e-07, 1.25132686435e-07, 6.0342530972e-09, 1.42325404795e-07, 8.55796211674e-10, 6.29330892954e-11],
        "median": [1.13863207751e-09, 8.82789041867e-09, 1.16613101397e-08, 1.29497923496e-08, 7.87134268876e-08, 5.91371502878e-08, 4.22399182298e-08, 1.67090696834e-08, 1.41079024019e-08, 4.06660172203e-09, 5.73499603362e-09, 3.80094178354e-09, 4.11820266777e-09, 8.36043589914e-09, 9.48491241104e-09, 2.44773357139e-08, 7.54457687435e-08, 9.45648679362e-08, 3.17159880581e-08, 7.22949096144e-08, 4.11280076662e-08, 6.82376910532e-09, 7.65462360164e-10, 5.1035842219e-10, 4.37674979592e-10, 9.79103690485e-12, 3.19962101519e-13],
        "min": [3.16315577247e-14, 6.08332218692e-14, 3.44877392703e-14, 4.92407594462e-14, 1.82885024941e-13, 2.85082287638e-13, 2.57219430217e-13, 6.0037119319e-14, 3.7572165702e-14, 3.78686611149e-14, 3.46125546573e-14, 2.65284146104e-14, 4.79795782098e-14, 3.82647574379e-14, 3.96808169548e-14, 2.86689617358e-13, 1.7886573841e-13, 3.8944945901e-13, 6.70759292293e-13, 5.31256787693e-13, 4.9536779843e-13, 9.1129491106e-13, 1.78412433481e-13, 1.67329407166e-13, 2.01846541868e-13, 3.10457531265e-14, 4.85089162036e-15],
        "skew": [2.34194779396, 4.32914495468, 3.35886740685, 5.00467824936, 5.73031139374, 3.71210670471, 4.88818454742, 5.51483440399, 7.01174163818, 6.65284633636, 7.75234746933, 4.08346891403, 5.39951133728, 4.31760835648, 6.82602739334, 6.70239639282, 3.50666880608, 5.34087276459, 5.20445394516, 6.93123054504, 7.61381196976, 6.18249750137, 7.26369524002, 5.84176874161, 7.56738996506, 5.79274654388, 3.75948500633],
        "var": [3.53262025735e-16, 1.49108766241e-14, 5.31740755214e-14, 8.88547251727e-14, 2.02391353676e-10, 1.51314748109e-06, 2.04721600312e-05, 4.2358336283e-10, 1.19765197759e-09, 6.09458539191e-10, 6.96150914692e-11, 2.1513235529e-13, 2.51195050004e-12, 2.133235537e-13, 6.83082453448e-12, 8.3752343949e-10, 8.82177594863e-11, 1.58176156617e-08, 4.43123038263e-11, 3.03129826795e-10, 5.13811393432e-09, 1.62820347482e-11, 5.11461424428e-13, 4.73543986497e-16, 6.51425311263e-13, 1.65155906806e-17, 3.62787457993e-20],
        "cov": [[3.58696827352e-16, 1.13527296525e-15, 1.96908563402e-15, 1.05187505417e-15, 1.07440362759e-13, 1.16584398385e-11, 6.39105712796e-11, 1.73004907384e-13, 1.04427602091e-13, 3.05369661849e-13, 8.35035708115e-14, 4.48921194001e-15, 2.16800251254e-14, 4.1458019133e-15, 3.15519840615e-14, 3.59410851775e-13, 1.24924959158e-13, 1.72715292589e-12, 5.90982951053e-14, -1.06830268644e-14, 7.81597443017e-13, 4.7007845072e-14, 8.32865050662e-15, 2.9532166342e-16, 8.76383824723e-15, 5.45441539341e-17, 3.06131169502e-18], [1.13527296525e-15, 1.51402751691e-14, 2.46630041151e-14, 1.06246281778e-14, 5.97363358865e-13, 3.67783616062e-11, 2.2195248417e-10, 1.31542660878e-12, 1.61756797735e-14, 7.06935324082e-13, 1.33562255765e-13, 1.7451592607e-14, 6.34274466174e-14, 1.2085378e-14, 6.47285366582e-14, 7.91776908794e-13, 4.22551913164e-13, 5.62223097939e-12, 1.45367929933e-13, -1.95381346058e-14, 1.47949361096e-12, 9.12323805369e-14, 1.92669315967e-14, 7.99586290835e-16, 1.62567137215e-14, 1.66106787316e-16, 9.98410804382e-18], [1.96908563402e-15, 2.46630041151e-14, 5.39921365538e-14, 3.39728516586e-14, 3.11046571529e-13, 5.85385975804e-11, 5.03646735428e-10, 3.15823604248e-12, -1.63110749408e-13, 1.21892405024e-12, 1.65772899422e-13, 3.87735226955e-14, 1.38010330703e-13, 1.92295859141e-14, 1.00553205627e-13, 1.26956529057e-12, 1.00941976132e-12, 1.26751482574e-11, 2.70196110494e-13, 4.48903528282e-13, 2.18947559735e-12, 1.29065012258e-13, 3.54180626613e-14, 1.58662145922e-15, 2.44830977052e-14, 3.56251178536e-16, 1.16384254284e-17], [1.05187505417e-15, 1.06246281778e-14, 3.39728516586e-14, 9.02217211531e-14, 2.02799162554e-13, 1.71853902636e-11, 2.30365143628e-10, 2.53807131562e-12, -6.05989867661e-14, 3.48520393318e-13, -3.13850372557e-14, 2.11943872554e-14, 7.40574797125e-14, 9.40522599445e-15, 2.58553859475e-14, 3.63993503307e-13, 8.8974536289e-13, 6.2182147452e-12, 7.86861844264e-15, 4.06568528843e-12, 7.03173901485e-13, 2.62514602477e-14, 1.12748360791e-14, 8.37890073622e-16, 1.88371233623e-15, 1.66049122902e-16, 6.47615004409e-18], [1.07440362759e-13, 5.97363358865e-13, 3.11046571529e-13, 2.02799162554e-13, 2.05505071293e-10, 2.62235566595e-09, 2.87499291041e-09, 2.99983510255e-11, 1.06529438049e-10, -2.29970903431e-12, 2.03801016861e-12, 2.17841559678e-13, 9.32291787173e-13, 7.48928805257e-13, 1.04209891584e-12, 5.77428773199e-12, 9.0841821912e-12, 7.90237320025e-11, 4.75869777611e-12, -2.9608893462e-12, -5.45173064678e-12, 1.59645354662e-12, 3.06531093097e-14, 1.42378022214e-14, 2.50456834363e-14, 3.07400072668e-15, 1.54005497591e-15], [1.16584398385e-11, 3.67783616062e-11, 5.85385975804e-11, 1.71853902636e-11, 2.62235566595e-09, 1.5364266801e-06, 2.08313826988e-06, 4.41721725863e-09, 1.71774683366e-08, 7.17816739382e-09, 3.21261434122e-10, 5.01619301652e-10, 5.28463828253e-10, 4.63594329592e-10, 7.87584664153e-10, 9.04491148646e-09, 6.07807804087e-09, 3.6851123042e-08, 5.47569545262e-09, 6.76077804851e-10, 8.77529338084e-09, 1.58917590198e-09, 5.97862870322e-11, 7.67368894122e-12, 9.60524992877e-11, 6.90665515231e-13, 6.08168707452e-14], [6.39105712796e-11, 2.2195248417e-10, 5.03646735428e-10, 2.30365143628e-10, 2.87499291041e-09, 2.08313826988e-06, 2.07871162274e-05, 6.30373193644e-08, 2.63171195947e-09, 9.30401853338e-08, 2.58995864755e-08, 1.07262021487e-09, 6.90583457086e-09, 6.2581961835e-10, 9.22866139064e-09, 1.06884058937e-07, 3.88192979983e-08, 5.57717896754e-07, 1.15417329027e-08, -5.23136034492e-10, 2.42571701392e-07, 1.29174333452e-08, 2.63187716065e-09, 9.13806461056e-11, 2.67330713122e-09, 1.74748236714e-11, 6.07269497275e-13], [1.73004907384e-13, 1.31542660878e-12, 3.15823604248e-12, 2.53807131562e-12, 2.99983510255e-11, 4.41721725863e-09, 6.30373193644e-08, 4.30100011162e-10, 4.9763249077e-11, 1.3193354742e-10, 2.12205288064e-11, 3.47979566169e-12, 1.76559253329e-11, 1.33475088621e-12, 1.16386362353e-11, 1.41374217888e-10, 1.45779263661e-10, 1.59053370474e-09, 1.38033725075e-11, 1.03803278473e-10, 2.57383364621e-10, 1.23081822512e-11, 4.10568194026e-12, 1.9526119274e-13, 2.77823380621e-12, 4.39741830189e-14, 1.18598080439e-15], [1.04427602091e-13, 1.61756797735e-14, -1.63110749408e-13, -6.05989867661e-14, 1.06529438049e-10, 1.71774683366e-08, 2.63171195947e-09, 4.9763249077e-11, 1.21607734993e-09, 2.45133115195e-11, 2.28744072295e-11, 3.19952853274e-12, 7.1308484291e-12, 1.13417504555e-11, 1.72204490251e-11, 1.01494763982e-10, 7.67892832654e-11, 3.18497228591e-10, 1.24406707158e-10, 4.53232174014e-11, 5.68752961394e-11, 3.95868129943e-11, 1.39686606788e-15, 6.92775304896e-14, 2.79582238437e-12, -1.37500658273e-15, 4.76722881296e-17], [3.05369661849e-13, 7.06935324082e-13, 1.21892405024e-12, 3.48520393318e-13, -2.29970903431e-12, 7.17816739382e-09, 9.30401853338e-08, 1.3193354742e-10, 2.45133115195e-11, 6.18834816724e-10, 1.98275576513e-10, 3.71285380912e-12, 3.71537557664e-11, 3.65592018464e-12, 6.40922939721e-11, 7.18962556157e-10, 1.69341901612e-10, 2.80549539156e-09, 8.31536645096e-11, 7.47496086296e-13, 1.75512115952e-09, 9.61372023656e-11, 1.7492724283e-11, 5.29601644657e-13, 1.96270274339e-11, 9.41003121236e-14, 3.54970798239e-15], [8.35035708115e-14, 1.33562255765e-13, 1.65772899422e-13, -3.13850372557e-14, 2.03801016861e-12, 3.21261434122e-10, 2.58995864755e-08, 2.12205288064e-11, 2.28744072295e-11, 1.98275576513e-10, 7.06860958655e-11, 1.55139844114e-13, 1.14838746151e-11, 7.58348028471e-13, 2.15001055154e-11, 2.35161723428e-10, 4.33835571634e-11, 8.54556148067e-10, 2.11768519387e-11, -9.60137459989e-13, 6.01728555871e-10, 3.18469035865e-11, 5.91438399991e-12, 1.66910837365e-13, 6.79389053695e-12, 2.98218345634e-14, 1.10770405452e-15], [4.48921194001e-15, 1.7451592607e-14, 3.87735226955e-14, 2.11943872554e-14, 2.17841559678e-13, 5.01619301652e-10, 1.07262021487e-09, 3.47979566169e-12, 3.19952853274e-12, 3.71285380912e-12, 1.55139844114e-13, 2.18442072156e-13, 2.83812470053e-13, 1.57545404131e-13, 3.07013989969e-13, 3.77604328014e-12, 2.86432943336e-12, 2.23486437689e-11, 2.29982439343e-12, 9.6457954471e-13, 4.37257305017e-12, 6.43394408931e-13, 4.75303356515e-14, 3.67941074947e-15, 4.95707702588e-14, 4.96393547283e-16, 2.32319746541e-17], [2.16800251254e-14, 6.34274466174e-14, 1.38010330703e-13, 7.40574797125e-14, 9.32291787173e-13, 5.28463828253e-10, 6.90583457086e-09, 1.76559253329e-11, 7.1308484291e-12, 3.71537557664e-11, 1.14838746151e-11, 2.83812470053e-13, 2.55059580227e-12, 2.49058450729e-13, 3.85916775966e-12, 4.32726562916e-11, 1.30558237832e-11, 1.99583488625e-10, 4.94912054047e-12, 1.27368254832e-12, 1.02668359925e-10, 5.62392667158e-12, 1.07059608574e-12, 3.45460185252e-14, 1.15494029271e-12, 6.41851624815e-15, 2.25762550168e-16], [4.1458019133e-15, 1.2085378e-14, 1.92295859141e-14, 9.40522599445e-15, 7.48928805257e-13, 4.63594329592e-10, 6.2581961835e-10, 1.33475088621e-12, 1.13417504555e-11, 3.65592018464e-12, 7.58348028471e-13, 1.57545404131e-13, 2.49058450729e-13, 2.16605460781e-13, 4.6718564347e-13, 4.48268028599e-12, 2.10848135826e-12, 1.78563518138e-11, 2.82412092843e-12, 7.95345668665e-13, 7.17615116635e-12, 9.79721729091e-13, 6.4461057206e-14, 3.42968214321e-15, 1.01526026355e-13, 3.65969505177e-16, 1.9345484744e-17], [3.15519840615e-14, 6.47285366582e-14, 1.00553205627e-13, 2.58553859475e-14, 1.04209891584e-12, 7.87584664153e-10, 9.22866139064e-09, 1.16386362353e-11, 1.72204490251e-11, 6.40922939721e-11, 2.15001055154e-11, 3.07013989969e-13, 3.85916775966e-12, 4.6718564347e-13, 6.93591408266e-12, 7.61370411162e-11, 1.71671409727e-11, 2.87293133727e-10, 9.23059805674e-12, 8.67511845779e-13, 1.86634430133e-10, 1.04679633017e-11, 1.83825372459e-12, 5.52876294009e-14, 2.11259785707e-12, 9.64084091422e-15, 3.65541356492e-16], [3.59410851775e-13, 7.91776908794e-13, 1.26956529057e-12, 3.63993503307e-13, 5.77428773199e-12, 9.04491148646e-09, 1.06884058937e-07, 1.41374217888e-10, 1.01494763982e-10, 7.18962556157e-10, 2.35161723428e-10, 3.77604328014e-12, 4.32726562916e-11, 4.48268028599e-12, 7.61370411162e-11, 8.50408410358e-10, 1.96855448609e-10, 3.22497406557e-09, 9.24873927444e-11, -2.84892790782e-12, 2.06851180629e-09, 1.13285457404e-10, 2.04299164391e-11, 6.19278120537e-13, 2.31234562748e-11, 1.08898939942e-13, 4.19253145045e-15], [1.24924959158e-13, 4.22551913164e-13, 1.00941976132e-12, 8.8974536289e-13, 9.0841821912e-12, 6.07807804087e-09, 3.88192979983e-08, 1.45779263661e-10, 7.67892832654e-11, 1.69341901612e-10, 4.33835571634e-11, 2.86432943336e-12, 1.30558237832e-11, 2.10848135826e-12, 1.71671409727e-11, 1.96855448609e-10, 8.95749516228e-11, 1.01881769687e-09, 3.22353393978e-11, 4.31811704449e-11, 4.19034834609e-10, 2.53988635679e-11, 4.45121803999e-12, 1.70244582863e-13, 4.63606366838e-12, 3.04774007951e-14, 1.09888125346e-15], [1.72715292589e-12, 5.62223097939e-12, 1.26751482574e-11, 6.2182147452e-12, 7.90237320025e-11, 3.6851123042e-08, 5.57717896754e-07, 1.59053370474e-09, 3.18497228591e-10, 2.80549539156e-09, 8.54556148067e-10, 2.23486437689e-11, 1.99583488625e-10, 1.78563518138e-11, 2.87293133727e-10, 3.22497406557e-09, 1.01881769687e-09, 1.60609623379e-08, 3.6554900773e-10, 5.0873746188e-11, 7.67693109083e-09, 4.14079687205e-10, 8.22150333923e-11, 2.66741902004e-12, 8.66052091153e-11, 5.10799247951e-13, 1.73195723578e-14], [5.90982951053e-14, 1.45367929933e-13, 2.70196110494e-13, 7.86861844264e-15, 4.75869777611e-12, 5.47569545262e-09, 1.15417329027e-08, 1.38033725075e-11, 1.24406707158e-10, 8.31536645096e-11, 2.11768519387e-11, 2.29982439343e-12, 4.94912054047e-12, 2.82412092843e-12, 9.23059805674e-12, 9.24873927444e-11, 3.22353393978e-11, 3.6554900773e-10, 4.49940328051e-11, 1.21386191029e-11, 1.89630172676e-10, 1.83653890706e-11, 1.8185387007e-12, 6.92030458003e-14, 2.46455243366e-12, 9.24646152695e-15, 3.65911112843e-16], [-1.06830268644e-14, -1.95381346058e-14, 4.48903528282e-13, 4.06568528843e-12, -2.9608893462e-12, 6.76077804851e-10, -5.23136034492e-10, 1.03803278473e-10, 4.53232174014e-11, 7.47496086296e-13, -9.60137459989e-13, 9.6457954471e-13, 1.27368254832e-12, 7.95345668665e-13, 8.67511845779e-13, -2.84892790782e-12, 4.31811704449e-11, 5.0873746188e-11, 1.21386191029e-11, 3.07793374121e-10, 2.46559231365e-11, 3.52904272645e-12, -1.38751924989e-13, 1.8431892636e-14, 5.36571553519e-14, -9.97640381595e-16, -1.07572701228e-16], [7.81597443017e-13, 1.47949361096e-12, 2.18947559735e-12, 7.03173901485e-13, -5.45173064678e-12, 8.77529338084e-09, 2.42571701392e-07, 2.57383364621e-10, 5.68752961394e-11, 1.75512115952e-09, 6.01728555871e-10, 4.37257305017e-12, 1.02668359925e-10, 7.17615116635e-12, 1.86634430133e-10, 2.06851180629e-09, 4.19034834609e-10, 7.67693109083e-09, 1.89630172676e-10, 2.46559231365e-11, 5.21716181368e-09, 2.75449774101e-10, 5.14101296256e-11, 1.48821168063e-12, 5.83627798867e-11, 2.65339860544e-13, 9.95517060578e-15], [4.7007845072e-14, 9.12323805369e-14, 1.29065012258e-13, 2.62514602477e-14, 1.59645354662e-12, 1.58917590198e-09, 1.29174333452e-08, 1.23081822512e-11, 3.95868129943e-11, 9.61372023656e-11, 3.18469035865e-11, 6.43394408931e-13, 5.62392667158e-12, 9.79721729091e-13, 1.04679633017e-11, 1.13285457404e-10, 2.53988635679e-11, 4.14079687205e-10, 1.83653890706e-11, 3.52904272645e-12, 2.75449774101e-10, 1.65325270834e-11, 2.68369723146e-12, 8.10938027341e-14, 3.16659654227e-12, 1.36357566135e-14, 5.23571393489e-16], [8.32865050662e-15, 1.92669315967e-14, 3.54180626613e-14, 1.12748360791e-14, 3.06531093097e-14, 5.97862870322e-11, 2.63187716065e-09, 4.10568194026e-12, 1.39686606788e-15, 1.7492724283e-11, 5.91438399991e-12, 4.75303356515e-14, 1.07059608574e-12, 6.4461057206e-14, 1.83825372459e-12, 2.04299164391e-11, 4.45121803999e-12, 8.22150333923e-11, 1.8185387007e-12, -1.38751924989e-13, 5.14101296256e-11, 2.68369723146e-12, 5.19330021695e-13, 1.5167575041e-14, 5.77178062289e-13, 2.79892698882e-15, 1.01211781579e-16], [2.9532166342e-16, 7.99586290835e-16, 1.58662145922e-15, 8.37890073622e-16, 1.42378022214e-14, 7.67368894122e-12, 9.13806461056e-11, 1.9526119274e-13, 6.92775304896e-14, 5.29601644657e-13, 1.66910837365e-13, 3.67941074947e-15, 3.45460185252e-14, 3.42968214321e-15, 5.52876294009e-14, 6.19278120537e-13, 1.70244582863e-13, 2.66741902004e-12, 6.92030458003e-14, 1.8431892636e-14, 1.48821168063e-12, 8.10938027341e-14, 1.5167575041e-14, 4.80829263937e-16, 1.66433927322e-14, 8.72165010369e-17, 3.22209782172e-18], [8.76383824723e-15, 1.62567137215e-14, 2.44830977052e-14, 1.88371233623e-15, 2.50456834363e-14, 9.60524992877e-11, 2.67330713122e-09, 2.77823380621e-12, 2.79582238437e-12, 1.96270274339e-11, 6.79389053695e-12, 4.95707702588e-14, 1.15494029271e-12, 1.01526026355e-13, 2.11259785707e-12, 2.31234562748e-11, 4.63606366838e-12, 8.66052091153e-11, 2.46455243366e-12, 5.36571553519e-14, 5.83627798867e-11, 3.16659654227e-12, 5.77178062289e-13, 1.66433927322e-14, 6.61447242464e-13, 2.96407088496e-15, 1.0901811663e-16], [5.45441539341e-17, 1.66106787316e-16, 3.56251178536e-16, 1.66049122902e-16, 3.07400072668e-15, 6.90665515231e-13, 1.74748236714e-11, 4.39741830189e-14, -1.37500658273e-15, 9.41003121236e-14, 2.98218345634e-14, 4.96393547283e-16, 6.41851624815e-15, 3.65969505177e-16, 9.64084091422e-15, 1.08898939942e-13, 3.04774007951e-14, 5.10799247951e-13, 9.24646152695e-15, -9.97640381595e-16, 2.65339860544e-13, 1.36357566135e-14, 2.79892698882e-15, 8.72165010369e-17, 2.96407088496e-15, 1.67696774037e-17, 5.94809293369e-19], [3.06131169502e-18, 9.98410804382e-18, 1.16384254284e-17, 6.47615004409e-18, 1.54005497591e-15, 6.08168707452e-14, 6.07269497275e-13, 1.18598080439e-15, 4.76722881296e-17, 3.54970798239e-15, 1.10770405452e-15, 2.32319746541e-17, 2.25762550168e-16, 1.9345484744e-17, 3.65541356492e-16, 4.19253145045e-15, 1.09888125346e-15, 1.73195723578e-14, 3.65911112843e-16, -1.07572701228e-16, 9.95517060578e-15, 5.23571393489e-16, 1.01211781579e-16, 3.22209782172e-18, 1.0901811663e-16, 5.94809293369e-19, 3.68368826864e-20]]
    },
    "mfcc": {
        "kurt": [0.817730665207, -0.827240943909, 0.165186882019, -0.340693712234, 0.92639541626, -0.799051761627, -0.481660842896, -0.60200047493, 0.831095933914, 1.03198099136, 0.86953496933, 3.1200428009, 2.5595164299],
        "max": [-771.216125488, 122.665092468, 50.0619239807, 74.7789230347, 17.5709838867, 4.55011749268, 3.18155288696, 7.68265724182, 18.6472053528, 8.53287696838, 26.1120262146, 50.2554168701, 26.1556282043],
        "mean": [-1054.3067627, 40.1643295288, -0.35622048378, 25.2534942627, -5.60424137115, -24.2814006805, -18.4658241272, -12.2596073151, -4.67223310471, -11.5731058121, -1.85322105885, 5.2077255249, -0.213384047151],
        "median": [-1093.44714355, 24.4353141785, 0.993103027344, 22.2166557312, 0.289016723633, -18.3682022095, -5.18824386597, -6.96471405029, -2.10704803467, -6.27979278564, -2.74792480469, 1.89418029785, -0.122356414795],
        "min": [-1138.42004395, -0.257831573486, -61.4044075012, 8.01086425781e-05, -58.1793632507, -79.9004211426, -67.64478302, -43.613861084, -26.8313064575, -53.8717269897, -20.0501003265, -22.1615371704, -17.2235069275],
        "skew": [1.41607093811, 0.73015576601, -0.574692726135, 0.595757007599, -1.43361616135, -0.676636040211, -0.959746658802, -0.742707312107, -0.433962911367, -1.42182970047, 0.778316855431, 1.37354230881, 1.0282510519],
        "var": [9932.82617188, 1460.66601562, 570.256652832, 379.005523682, 360.17376709, 581.897460938, 492.231842041, 198.421859741, 60.1328811646, 239.412445068, 87.7206878662, 146.996749878, 49.6088523865],
        "cov": [[10085.6386719, 3148.95605469, -1607.24023438, 1331.11889648, -1627.77783203, -2159.86425781, -1947.30285645, -1092.98522949, 72.4154129028, -1276.39123535, 399.758575439, 362.958251953, 244.0234375], [3148.95605469, 1483.13781738, -152.100646973, 457.034240723, -458.749847412, -786.523254395, -784.035522461, -399.165374756, -65.3927841187, -396.708374023, 131.969497681, 81.7349777222, 44.2520713806], [-1607.24023438, -152.100646973, 579.029785156, -203.231933594, 311.765930176, 299.272247314, 174.855789185, 145.295684814, -71.2153701782, 193.86857605, -39.0490074158, -91.8447799683, -41.4624595642], [1331.11889648, 457.034240723, -203.231933594, 384.836395264, -150.905014038, -374.864257812, -219.53263855, -170.892242432, -6.75052547455, -124.848228455, 3.99056959152, 147.2315979, 7.89980077744], [-1627.77783203, -458.749847412, 311.765930176, -150.905014038, 365.714904785, 359.747589111, 307.11605835, 212.511810303, -12.542175293, 201.977676392, -69.7532501221, -55.0238609314, -37.3862228394], [-2159.86425781, -786.523254395, 299.272247314, -374.864257812, 359.747589111, 590.84967041, 458.805053711, 286.795623779, 14.5894193649, 235.263015747, -72.6027832031, -133.833770752, -31.5965366364], [-1947.30285645, -784.035522461, 174.855789185, -219.53263855, 307.11605835, 458.805053711, 499.804626465, 248.577575684, 24.1869106293, 277.624847412, -90.5123748779, -54.4610862732, -52.9650840759], [-1092.98522949, -399.165374756, 145.295684814, -170.892242432, 212.511810303, 286.795623779, 248.577575684, 201.474502563, 39.5529823303, 140.198928833, -28.5934867859, -69.7953414917, -27.9220581055], [72.4154129028, -65.3927841187, -71.2153701782, -6.75052547455, -12.542175293, 14.5894193649, 24.1869106293, 39.5529823303, 61.0580024719, 11.2030897141, 15.8674468994, 16.867307663, 3.88784408569], [-1276.39123535, -396.708374023, 193.86857605, -124.848228455, 201.977676392, 235.263015747, 277.624847412, 140.198928833, 11.2030897141, 243.095718384, -10.7027606964, 4.11106824875, -26.7449302673], [399.758575439, 131.969497681, -39.0490074158, 3.99056959152, -69.7532501221, -72.6027832031, -90.5123748779, -28.5934867859, 15.8674468994, -10.7027606964, 89.0702362061, 18.6424598694, 34.5014533997], [362.958251953, 81.7349777222, -91.8447799683, 147.2315979, -55.0238609314, -133.833770752, -54.4610862732, -69.7953414917, 16.867307663, 4.11106824875, 18.6424598694, 149.258239746, 26.4910793304], [244.0234375, 44.2520713806, -41.4624595642, 7.89980077744, -37.3862228394, -31.5965366364, -52.9650840759, -27.9220581055, 3.88784408569, -26.7449302673, 34.5014533997, 26.4910793304, 50.3720664978]]
    },
    "sccoeffs": {
        "kurt": [1.70791816711, 1.22614955902, 2.80547428131, 1.95878648758, 0.972065448761, 0.665293455124],
        "max": [-0.590249657631, -0.295664995909, -0.58885627985, -0.717532634735, -0.637402713299, -0.609121978283],
        "mean": [-0.826378405094, -0.771403193474, -0.856080532074, -0.872208058834, -0.846555113792, -0.814303994179],
        "median": [-0.842773914337, -0.845638036728, -0.880596399307, -0.882650613785, -0.863954126835, -0.83547270298],
        "min": [-0.951594591141, -0.921851992607, -0.939804255962, -0.929762482643, -0.948798835278, -0.931284427643],
        "skew": [1.266492486, 1.53783643246, 1.81724917889, 1.34884977341, 1.14286863804, 1.1869853735],
        "var": [0.00572687154636, 0.031128782779, 0.00592077709734, 0.00177540467121, 0.00398111762479, 0.00480159092695],
        "cov": [[0.00581497745588, 0.00628080870956, 0.00279885996133, 0.00144122983329, 0.00242141797207, 0.00308406096883], [0.00628080870956, 0.0316076874733, 0.0110206315294, 0.00546221993864, 0.00849346537143, 0.0108040012419], [0.00279885996133, 0.0110206315294, 0.00601186603308, 0.00260229851119, 0.0037306023296, 0.00477835955098], [0.00144122983329, 0.00546221993864, 0.00260229851119, 0.00180271861609, 0.00236691790633, 0.00238233269192], [0.00242141797207, 0.00849346537143, 0.0037306023296, 0.00236691790633, 0.00404236558825, 0.00393331609666], [0.00308406096883, 0.0108040012419, 0.00477835955098, 0.00238233269192, 0.00393331609666, 0.00487546157092]]
    },
    "scvalleys": {
        "kurt": [5.21995162964, 1.33560180664, 3.68375778198, 2.86719322205, 2.14808940887, 1.07921266556],
        "max": [-8.219414711, -6.12630939484, -8.11593437195, -8.22651290894, -8.15289878845, -10.489397049],
        "mean": [-10.5472421646, -10.0982513428, -11.2346916199, -11.3345890045, -10.8806371689, -13.4805412292],
        "median": [-10.5121555328, -10.4479761124, -11.3065643311, -11.3778467178, -10.8344726562, -13.5678749084],
        "min": [-16.1413822174, -16.5003852844, -17.2183132172, -17.3624477386, -16.359254837, -17.291891098],
        "skew": [-1.48518002033, -0.311851859093, -0.899199664593, -0.759818017483, -0.80288040638, -0.243983849883],
        "var": [1.5093793869, 3.27353477478, 2.06389737129, 2.40166187286, 2.22410178185, 1.47090291977],
        "cov": [[1.53260064125, 1.99675273895, 1.57227051258, 1.67639970779, 1.50262129307, 1.2766212225], [1.99675273895, 3.32389688492, 2.37623882294, 2.54557776451, 2.3193063736, 1.83818531036], [1.57227051258, 2.37623882294, 2.09564971924, 2.18688225746, 2.00211501122, 1.63505625725], [1.67639970779, 2.54557776451, 2.18688225746, 2.43861055374, 2.24319648743, 1.78757214546], [1.50262129307, 2.3193063736, 2.00211501122, 2.24319648743, 2.25831866264, 1.67524540424], [1.2766212225, 1.83818531036, 1.63505625725, 1.78757214546, 1.67524540424, 1.49353218079]]
    }
},
"rhythm": {
    "beats_loudness": {
        "kurt": -2,
        "max": 0.00606770487502,
        "mean": 0.00309886131436,
        "median": 0.00309886131436,
        "min": 0.000130017928313,
        "skew": 1.35768289056e-07,
        "var": 8.81403138919e-06
    },
    "bpm": 123.046875,
    "confidence": 0,
    "first_peak_bpm": {
        "kurt": 0,
        "max": 123,
        "mean": 123,
        "median": 123,
        "min": 123,
        "skew": 0,
        "var": 0
    },
    "first_peak_spread": {
        "kurt": 0,
        "max": 0,
        "mean": 0,
        "median": 0,
        "min": 0,
        "skew": 0,
        "var": 0
    },
    "first_peak_weight": {
        "kurt": 0,
        "max": 1,
        "mean": 1,
        "median": 1,
        "min": 1,
        "skew": 0,
        "var": 0
    },
    "onset_rate": 3.32950806618,
    "second_peak_bpm": {
        "kurt": 0,
        "max": 0,
        "mean": 0,
        "median": 0,
        "min": 0,
        "skew": 0,
        "var": 0
    },
    "second_peak_spread": {
        "kurt": 0,
        "max": 0,
        "mean": 0,
        "median": 0,
        "min": 0,
        "skew": 0,
        "var": 0
    },
    "second_peak_weight": {
        "kurt": 0,
        "max": 0,
        "mean": 0,
        "median": 0,
        "min": 0,
        "skew": 0,
        "var": 0
    },
    "beats_loudness_band_ratio": {
        "kurt": [-2, -1.99999988079, -2, -2, -1.99999988079, -2.00000023842],
        "max": [0.000710626307409, 0.913001000881, 0.815545499325, 0.00143904285505, 0.0595006011426, 0.121413782239],
        "mean": [0.000367123517208, 0.457307904959, 0.441949903965, 0.00138056580909, 0.0420206785202, 0.0665032118559],
        "median": [0.000367123517208, 0.457307904959, 0.441949903965, 0.00138056580909, 0.0420206785202, 0.0665032118559],
        "min": [2.36207270063e-05, 0.00161478552036, 0.068354293704, 0.00132208876312, 0.0245407596231, 0.0115926358849],
        "skew": [0, -7.87358942489e-08, 0, 0, 3.83146044669e-07, -1.75785146439e-07],
        "var": [1.17994169102e-07, 0.2076562047, 0.139573663473, 3.4195648535e-09, 0.000305547611788, 0.00301517127082],
        "cov": [[2.35988338204e-07, -0.000313063734211, 0.000256662257016, 4.01740578582e-08, 1.20088025142e-05, 3.7723868445e-05], [-0.000313063734211, 0.415312409401, -0.340489864349, -5.3295174439e-05, -0.0159309580922, -0.0500447377563], [0.000256662257016, -0.340489864349, 0.279147326946, 4.3693533371e-05, 0.013060843572, 0.0410286970437], [4.01740578582e-08, -5.3295174439e-05, 4.3693533371e-05, 6.839129707e-09, 2.04434832085e-06, 6.42201621304e-06], [1.20088025142e-05, -0.0159309580922, 0.013060843572, 2.04434832085e-06, 0.000611095223576, 0.0019196649082], [3.7723868445e-05, -0.0500447377563, 0.0410286970437, 6.42201621304e-06, 0.0019196649082, 0.00603034254164]]
    },
    "beats_position": [0.49922901392, 0.986848056316],
    "bpm_estimates": [123.046875],
    "bpm_intervals": [0.487619042397],
    "onset_times": [0.0232199542224, 0.174149662256, 0.359909296036, 0.49922901392, 0.940408170223],
    "histogram": [[0, 0, 0, 0, 0, 0, 0, 0, 0, 0, 0, 0, 0, 0, 0, 0, 0, 0, 0, 0, 0, 0, 0, 0, 0, 0, 0, 0, 0, 0, 0, 0, 0, 0, 0, 0, 0, 0, 0, 0, 0, 0, 0, 0, 0, 0, 0, 0, 0, 0, 0, 0, 0, 0, 0, 0, 0, 0, 0, 0, 0, 0, 0, 0, 0, 0, 0, 0, 0, 0, 0, 0, 0, 0, 0, 0, 0, 0, 0, 0, 0, 0, 0, 0, 0, 0, 0, 0, 0, 0, 0, 0, 0, 0, 0, 0, 0, 0, 0, 0, 0, 0, 0, 0, 0, 0, 0, 0, 0, 0, 0, 0, 0, 0, 0, 0, 0, 0, 0, 0, 0, 0, 0, 1, 0, 0, 0, 0, 0, 0, 0, 0, 0, 0, 0, 0, 0, 0, 0, 0, 0, 0, 0, 0, 0, 0, 0, 0, 0, 0, 0, 0, 0, 0, 0, 0, 0, 0, 0, 0, 0, 0, 0, 0, 0, 0, 0, 0, 0, 0, 0, 0, 0, 0, 0, 0, 0, 0, 0, 0, 0, 0, 0, 0, 0, 0, 0, 0, 0, 0, 0, 0, 0, 0, 0, 0, 0, 0, 0, 0, 0, 0, 0, 0, 0, 0, 0, 0, 0, 0, 0, 0, 0, 0, 0, 0, 0, 0, 0, 0, 0, 0, 0, 0, 0, 0, 0, 0, 0, 0, 0, 0, 0, 0, 0, 0, 0, 0, 0, 0, 0, 0, 0, 0, 0, 0, 0, 0, 0, 0]]
},
"sfx": {
    "inharmonicity": {
        "kurt": 6.57230949402,
        "max": 0.228025302291,
        "mean": 0.0281126312912,
        "median": 0.00450163241476,
        "min": 0,
        "skew": 2.57323694229,
        "var": 0.00237774080597
    },
    "oddtoevenharmonicenergyratio": {
        "kurt": 14.0294475555,
        "max": 7.56235265732,
        "mean": 0.56487184763,
        "median": 0.0285644493997,
        "min": 0,
        "skew": 3.55809259415,
        "var": 1.65515732765
    },
    "pitch_after_max_to_before_max_energy_ratio": 0.947286128998,
    "pitch_centroid": 41.5210571289,
    "pitch_max_to_total": 0.621212124825,
    "pitch_min_to_total": 0.575757563114,
    "tristimulus": {
        "kurt": [-1.39796507359, 0.126918315887, 0.724133968353],
        "max": [1, 0.942950427532, 0.817743062973],
        "mean": [0.58190715313, 0.25344389677, 0.164648890495],
        "median": [0.702944874763, 0.0991339534521, 0.125537782907],
        "min": [0, 0, 0],
        "skew": [-0.318703204393, 1.27222299576, 1.26190590858],
        "var": [0.125948876143, 0.102913498878, 0.0432670675218],
        "cov": [[0.127886548638, -0.0942253246903, -0.0336612388492], [-0.0942253246903, 0.104496777058, -0.0102714812383], [-0.0336612388492, -0.0102714812383, 0.0439327135682]]
    }
},
"tonal": {
    "chords_changes_rate": 0.117647059262,
    "chords_number_rate": 0.117647059262,
    "chords_strength": {
        "kurt": -0.731361865997,
        "max": 0.469276458025,
        "mean": 0.384829849005,
        "median": 0.360663473606,
        "min": 0.335270673037,
        "skew": 0.783171057701,
        "var": 0.00137432396878
    },
    "key_strength": 0.525746047497,
    "tuning_diatonic_strength": 0.431252270937,
    "tuning_equal_tempered_deviation": 0.25225481391,
    "tuning_frequency": 447.174194336,
    "tuning_nontempered_energy_ratio": 0.912791967392,
    "hpcp": {
        "kurt": [7.11316776276, 2.09200906754, 5.66826343536, 3.17411279678, -0.536056041718, -0.738260984421, 0.660001754761, 0.329862117767, 0.322084903717, 0.0668330192566, 0.284816026688, -0.294171333313, -0.120539665222, 2.47052621841, 3.22613620758, -0.0658988952637, 1.59871673584, 0.771600961685, -0.520818948746, 0.0882143974304, -0.173944234848, -0.362964868546, -0.342632293701, 1.34144926071, 2.61248064041, 3.56812286377, 5.16467285156, 2.43258237839, 0.93469619751, 4.96753072739, 2.99254417419, 2.90150928497, 4.5693526268, 1.63870668411, 3.88340139389, 2.59779930115],
        "max": [1, 0.744623601437, 1, 1, 1, 1, 1, 1, 1, 1, 1, 0.931955993176, 1, 1, 1, 0.946524620056, 1, 0.83982872963, 0.809572398663, 1, 1, 0.995738685131, 0.8903632164, 0.936291873455, 0.753421723843, 0.931146681309, 1, 1, 1, 1, 1, 1, 0.856139481068, 0.684079825878, 1, 0.755962431431],
        "mean": [0.129376202822, 0.139910966158, 0.16311557591, 0.212686285377, 0.278044760227, 0.281757116318, 0.235820740461, 0.22548314929, 0.22475373745, 0.243013888597, 0.244050249457, 0.242595955729, 0.247992858291, 0.194138020277, 0.174626663327, 0.223484024405, 0.21383805573, 0.17496727407, 0.212536484003, 0.259126901627, 0.28186532855, 0.269499868155, 0.249182507396, 0.21077619493, 0.161372989416, 0.168208986521, 0.160623192787, 0.192645177245, 0.231679320335, 0.182725533843, 0.169697403908, 0.174793586135, 0.1321747154, 0.139200031757, 0.158547818661, 0.1342856884],
        "median": [0.0381440743804, 0.0530751496553, 0.0808138251305, 0.166966468096, 0.15813267231, 0.0785860866308, 0.079334706068, 0.0490977056324, 0.0634289383888, 0.0616931952536, 0.0796363502741, 0.123324617743, 0.0379087850451, 0.0578324384987, 0.0558005161583, 0.049637760967, 0.0844053849578, 0.040953874588, 0.0611709877849, 0.0987917035818, 0.145425289869, 0.159700453281, 0.110383942723, 0.12945997715, 0.114019609988, 0.07619253546, 0.0621946081519, 0.0870169252157, 0.171765804291, 0.134816884995, 0.0625137239695, 0.0567874237895, 0.0420162528753, 0.0403118357062, 0.0301990434527, 0.045732870698],
        "min": [0, 0, 0, 0, 0, 0, 0, 0, 0, 0, 0, 0, 0, 0, 0, 0, 0, 0, 0, 0, 0, 0, 0, 0, 0, 0, 0, 0, 0, 0, 0, 0, 0, 0, 0, 0],
