{
"metadata": {
    "version": {
        "essentia": "2.1-beta3"
    }
},
"lowLevel": {
    "average_loudness": 0.99068403244,
    "barkbands_kurtosis": {
        "kurt": 9.94899368286,
        "max": 113.473907471,
        "mean": 8.33004760742,
        "median": -0.74628329277,
        "min": -1.80223095417,
        "skew": 2.9702539444,
        "var": 410.009246826
    },
    "barkbands_skewness": {
        "kurt": 2.40333986282,
        "max": 10.1567306519,
        "mean": 0.319761991501,
        "median": 0.174608647823,
        "min": -6.71876573563,
        "skew": 0.830889940262,
        "var": 7.88904619217
    },
    "barkbands_spread": {
        "kurt": -1.17448055744,
        "max": 69.5873336792,
        "mean": 28.5044364929,
        "median": 31.7733535767,
        "min": 0.750607609749,
        "skew": -0.0863091871142,
        "var": 341.769683838
    },
    "dissonance": {
        "kurt": 26.3089447021,
        "max": 0.499921143055,
        "mean": 0.459871470928,
        "median": 0.480289489031,
        "min": 0,
        "skew": -4.60508060455,
        "var": 0.00475235609338
    },
    "hfc": {
        "kurt": 15.4720401764,
        "max": 32.7974090576,
        "mean": 1.9005600214,
        "median": 0.0199400670826,
        "min": 6.72436325372e-12,
        "skew": 3.71750211716,
        "var": 28.6693954468
    },
    "pitch": {
        "kurt": -1.54393160343,
        "max": 4030.08056641,
        "mean": 2402.49194336,
        "median": 3337.56005859,
        "min": 116.931488037,
        "skew": -0.57855707407,
        "var": 2116629.25
    },
    "pitch_instantaneous_confidence": {
        "kurt": -1.26081109047,
        "max": 0.969979226589,
        "mean": 0.569962859154,
        "median": 0.617199778557,
        "min": 0.168685674667,
        "skew": -0.124501310289,
        "var": 0.0641467049718
    },
    "pitch_salience": {
        "kurt": -0.0554435253143,
        "max": 0.945551335812,
        "mean": 0.630959749222,
        "median": 0.681349754333,
        "min": 0.224364802241,
        "skew": -0.851172268391,
        "var": 0.024844488129
    },
    "silence_rate_20dB": {
        "kurt": 0,
        "max": 1,
        "mean": 1,
        "median": 1,
        "min": 1,
        "skew": 0,
        "var": 0
    },
    "silence_rate_30dB": {
        "kurt": 0,
        "max": 1,
        "mean": 1,
        "median": 1,
        "min": 1,
        "skew": 0,
        "var": 0
    },
    "silence_rate_60dB": {
        "kurt": 2.06949329376,
        "max": 1,
        "mean": 0.855072438717,
        "median": 1,
        "min": 0,
        "skew": -2.01729822159,
        "var": 0.123923480511
    },
    "spectral_centroid": {
        "kurt": -1.01545214653,
        "max": 3562.93261719,
        "mean": 1834.61889648,
        "median": 1702.52478027,
        "min": 385.465637207,
        "skew": 0.237600579858,
        "var": 790972.4375
    },
    "spectral_complexity": {
        "kurt": 8.69503498077,
        "max": 10,
        "mean": 0.797101438046,
        "median": 0,
        "min": 0,
        "skew": 3.08229541779,
        "var": 4.45158958435
    },
    "spectral_crest": {
        "kurt": -0.604900598526,
        "max": 25.4500961304,
        "mean": 11.4094543457,
        "median": 10.3774003983,
        "min": 2.73456311226,
        "skew": 0.671823561192,
        "var": 41.6565132141
    },
    "spectral_decrease": {
        "kurt": 8.81618690491,
        "max": -4.27134732475e-22,
        "mean": -4.24325907744e-10,
        "median": -2.41013047193e-12,
        "min": -5.62648461155e-09,
        "skew": -3.15008211136,
        "var": 1.44453735015e-18
    },
    "spectral_energy": {
        "kurt": 9.19056034088,
        "max": 0.0242104716599,
        "mean": 0.00177388952579,
        "median": 1.10985856736e-05,
        "min": 2.22203021262e-15,
        "skew": 3.17826867104,
        "var": 2.47664629569e-05
    },
    "spectral_energyband_high": {
        "kurt": 28.0990886688,
        "max": 0.000224734685617,
        "mean": 8.90368937689e-06,
        "median": 4.33294758295e-07,
        "min": 7.80085580686e-16,
        "skew": 5.20326089859,
        "var": 1.08501785334e-09
    },
    "spectral_energyband_low": {
        "kurt": 31.0041275024,
        "max": 6.34450225334e-06,
        "mean": 2.23856432058e-07,
        "median": 2.32831194324e-08,
        "min": 2.93882633852e-16,
        "skew": 5.63045597076,
        "var": 8.78179690425e-13
    },
    "spectral_energyband_middle_high": {
        "kurt": 19.1327896118,
        "max": 0.0072254287079,
        "mean": 0.000360441074008,
        "median": 3.48508524439e-06,
        "min": 8.31738073326e-16,
        "skew": 4.2650976181,
        "var": 1.36290736918e-06
    },
    "spectral_energyband_middle_low": {
        "kurt": 7.96166324615,
        "max": 0.0181833412498,
        "mean": 0.0014056826476,
        "median": 9.89890963865e-07,
        "min": 3.4195283887e-16,
        "skew": 3.07778787613,
        "var": 1.80064944288e-05
    },
    "spectral_flatness_db": {
        "kurt": -0.806875228882,
        "max": 0.449931323528,
        "mean": 0.187610015273,
        "median": 0.167348921299,
        "min": 0.0622619204223,
        "skew": 0.64303445816,
        "var": 0.012001119554
    },
    "spectral_flux": {
        "kurt": 3.14872121811,
        "max": 0.138046711683,
        "mean": 0.0195576753467,
        "median": 0.00268711452372,
        "min": 9.96553717414e-06,
        "skew": 2.00202441216,
        "var": 0.00117429799866
    },
    "spectral_kurtosis": {
        "kurt": 5.06414318085,
        "max": 15.7862529755,
        "mean": 4.270424366,
        "median": 3.5808801651,
        "min": 0.164298295975,
        "skew": 2.05662536621,
        "var": 7.63206672668
    },
    "spectral_rms": {
        "kurt": 4.55537605286,
        "max": 0.00486003840342,
        "mean": 0.000589342438616,
        "median": 0.000104057144199,
        "min": 1.47235679204e-09,
        "skew": 2.37462234497,
        "var": 1.38329937727e-06
    },
    "spectral_rolloff": {
        "kurt": 0.418046951294,
        "max": 4328.17382812,
        "mean": 2974.70214844,
        "median": 3445.3125,
        "min": 344.53125,
        "skew": -1.37688863277,
        "var": 1348421.625
    },
    "spectral_skewness": {
        "kurt": 1.17539930344,
        "max": 3.21400332451,
        "mean": 1.69756174088,
        "median": 1.56054198742,
        "min": 0.802272200584,
        "skew": 1.17345523834,
        "var": 0.239172235131
    },
    "spectral_spread": {
        "kurt": 13.7591018677,
        "max": 22325342,
        "mean": 7150482.5,
        "median": 6785181,
        "min": 3047592,
        "skew": 3.05763697624,
        "var": 7.19536730931e+12
    },
    "spectral_strongpeak": {
        "kurt": 7.08673381805,
        "max": 2.48236656189,
        "mean": 0.241915225983,
        "median": 0.0170826334506,
        "min": 0,
        "skew": 2.7715139389,
        "var": 0.273402482271
    },
    "zerocrossingrate": {
        "kurt": 18.4191532135,
        "max": 0.48388671875,
        "mean": 0.112573593855,
        "median": 0.1064453125,
        "min": 0.0244140625,
        "skew": 3.48709774017,
        "var": 0.00371999666095
    },
    "barkbands": {
        "kurt": [15.4185695648, 19.667930603, 54.7138252258, 60.7138442993, 7.74420642853, 53.7789115906, 15.1300811768, 15.2806739807, 30.0266342163, 24.8401470184, 62.9594650269, 15.030008316, 52.7788009644, 24.5471935272, 16.5884113312, 35.0160484314, 50.0073661804, 22.1514606476, 47.406463623, 34.6539535522, 35.9035224915, 22.9759750366, 17.9242305756, 11.5397777557, 20.5091114044, 6.45790290833, 22.1643352509],
        "max": [5.24442356209e-08, 3.72803299342e-07, 3.44345380654e-06, 1.42723620229e-05, 1.64536413649e-05, 0.00276007712819, 0.00264569860883, 0.0180509798229, 0.00896220095456, 0.000212422834011, 0.000423538673203, 3.51432645402e-05, 1.50962641783e-05, 0.000150976615259, 1.42109129229e-05, 2.00357553695e-05, 0.000107744868728, 0.00484595866874, 0.00404049549252, 8.37009574752e-05, 0.00014921935508, 3.82849466405e-05, 6.52395374345e-06, 1.26314971567e-05, 1.42528497236e-05, 3.32501997491e-07, 4.08049984912e-08],
        "mean": [4.52615855906e-09, 2.73864557698e-08, 8.743294444e-08, 2.84118328864e-07, 1.5414588006e-06, 6.41668957542e-05, 0.000132881628815, 0.00093135581119, 0.000271319586318, 8.00597717898e-06, 7.55269957153e-06, 1.96393193619e-06, 3.99523059968e-07, 6.1351788645e-06, 7.68121481087e-07, 7.15563658105e-07, 3.19139530802e-06, 0.000215506806853, 0.000115968286991, 3.79609559786e-06, 4.72690589959e-06, 1.53389532898e-06, 3.34695045012e-07, 9.58119244387e-07, 6.32727619632e-07, 3.03719858152e-08, 1.86269222269e-09],
        "median": [1.46815493096e-09, 7.93677568112e-09, 8.73749961272e-09, 9.40168298769e-09, 4.34646914016e-08, 1.12797422958e-07, 8.3699298159e-08, 2.33241141956e-08, 2.50374601052e-08, 1.82680413019e-08, 4.44532632926e-09, 5.47268275142e-09, 4.48119230612e-09, 1.67417351093e-08, 1.17116822906e-08, 1.7022021126e-08, 7.68594787814e-08, 8.54029167385e-07, 1.12667987651e-06, 2.0745582674e-07, 1.25832627873e-07, 2.84004268991e-08, 1.25343060375e-08, 5.13414519787e-08, 8.74438121912e-09, 1.72519343256e-09, 2.80366545952e-11],
        "min": [9.00062106662e-17, 1.30614227472e-16, 8.07026919411e-17, 7.32627383442e-17, 1.42506212709e-16, 8.12725862959e-17, 3.24398266326e-17, 6.47370737974e-18, 3.09720512975e-18, 1.35940069551e-17, 1.37321742415e-17, 3.74972634917e-18, 1.01599451354e-17, 3.72740554208e-17, 2.44510866758e-17, 1.78528191307e-17, 4.23875999409e-17, 1.40676340302e-17, 2.29876245086e-16, 8.98087222875e-16, 1.52188434571e-16, 2.50602307507e-17, 1.93090441293e-17, 2.60000270406e-17, 3.81071718815e-17, 8.82577808074e-18, 5.65263921833e-18],
        "skew": [3.62048888206, 4.42554187775, 7.33754205704, 7.83123159409, 2.95498323441, 7.24971580505, 3.91310024261, 3.95338249207, 5.56861114502, 5.05400323868, 8.02852535248, 3.91344404221, 7.15506267548, 5.01864480972, 4.19117259979, 5.72211790085, 6.90480613708, 4.54423809052, 6.69557142258, 5.51378440857, 5.91015720367, 4.8349647522, 4.19834566116, 3.48366355896, 4.45813894272, 2.82500052452, 4.63503980637],
        "var": [6.86312151282e-17, 4.24059040582e-15, 1.7871987256e-13, 2.95129177173e-12, 1.39587490872e-11, 1.16253048077e-07, 2.09377205351e-07, 1.09095999505e-05, 1.854681841e-06, 1.23889043468e-09, 2.56505394702e-09, 4.14600818954e-11, 3.48651337835e-12, 6.59327648034e-10, 7.30399334764e-12, 7.44870918418e-12, 1.8108224642e-10, 5.54781422579e-07, 2.6191651159e-07, 1.26374813392e-10, 4.21128215633e-10, 3.72517676428e-11, 1.20452226752e-12, 7.14125373419e-12, 5.1818193833e-12, 6.3611022374e-15, 4.2041848371e-17],
        "cov": [[6.96404945895e-17, 1.03900389885e-16, 2.1906372393e-16, -3.3561393546e-16, 4.48391120783e-15, 4.24057490511e-13, 2.62847100856e-12, 3.47080198783e-12, 5.29890042435e-13, 9.38755604014e-15, 4.16257740082e-14, 9.56135957762e-15, 1.74487040129e-16, 3.37414659743e-14, 3.27533431726e-15, 3.0008816663e-15, 3.31503221039e-15, 4.66006248347e-13, 1.53659989463e-13, 1.29009174152e-14, 1.73264316306e-15, 6.37505498762e-15, -1.00206115243e-16, 3.36033005011e-15, 5.93774119432e-16, 9.06558253797e-17, 7.92467316403e-18], [1.03900389885e-16, 4.30295193601e-15, 2.19515229019e-14, 7.96165908266e-14, 1.52688300371e-13, 1.12559549355e-12, 1.53817028559e-11, 6.60331234137e-11, 8.11112704779e-11, 1.27573017254e-12, 8.70809636422e-14, 1.03871684203e-13, 3.52430631133e-15, -2.97268618412e-14, 1.24735684563e-13, 5.91896416794e-15, 2.35801612611e-13, 5.71998308094e-12, 3.12014249073e-13, 1.07207340607e-13, 1.46304816135e-13, 5.35972972276e-14, 2.3155903803e-14, 4.88776601387e-14, 4.60409976203e-14, 2.88537686548e-15, 2.7388990344e-16], [2.1906372393e-16, 2.19515229019e-14, 1.81348100599e-13, 2.44846000029e-13, 6.67639066861e-13, -5.7061110394e-13, 6.03975758295e-11, 4.55944310085e-10, 5.20286813632e-10, 4.71580023295e-12, 1.01346697961e-12, 7.06800611962e-13, 1.48929449366e-14, 7.1654880922e-14, 7.80661613912e-13, 3.75126463909e-14, 1.45076041024e-12, 4.09260229872e-11, 1.8267126093e-12, 6.41376979738e-13, 1.36268340362e-12, 3.5149089043e-13, 1.48559279028e-13, 3.57584974001e-13, 2.78941447848e-13, 1.85615581336e-14, 2.19590877532e-15], [-3.3561393546e-16, 7.96165908266e-14, 2.44846000029e-13, 2.99469303522e-12, 3.36495241393e-12, -8.40219213649e-12, 3.54245438539e-10, 1.3440414337e-09, 1.628771229e-09, 4.69076895382e-11, 7.78461236445e-12, 2.18860997034e-12, 1.60269448537e-13, 2.44668868499e-13, 2.44242083156e-12, 2.51649910762e-13, 7.22535009254e-12, 1.43428116606e-10, 4.92688181919e-11, 4.205383871e-12, 4.17781868128e-12, 9.20655370516e-13, 6.17749341264e-13, 1.18241766205e-12, 1.15647227038e-12, 6.34287137787e-14, 3.17934303796e-15], [4.48391120783e-15, 1.52688300371e-13, 6.67639066861e-13, 3.36495241393e-12, 1.41640241202e-11, 6.62670640583e-10, 6.85883350116e-10, 2.85819523604e-09, 2.70427191751e-09, 5.464381031e-11, 1.24890280409e-11, 5.40813834687e-12, -1.3353847108e-13, -4.61525219084e-12, 4.14476309177e-12, 6.60867899033e-13, 1.50166944851e-11, 1.39926556453e-10, -9.95869185727e-12, 7.58641933996e-12, 1.1182034465e-11, 3.33530078556e-12, 1.08628275645e-12, 1.97807048519e-12, 1.97474935709e-12, 1.0975177337e-13, 8.91528858523e-15], [4.24057490511e-13, 1.12559549355e-12, -5.7061110394e-13, -8.40219213649e-12, 6.62670640583e-10, 1.17962656532e-07, 2.93623276804e-08, -2.35595667419e-08, -5.53027490469e-09, -3.08456982179e-10, -3.12241871248e-10, 7.98981783512e-11, -1.93925969033e-11, -3.64459351587e-10, 9.01052669977e-12, 4.24397496313e-11, 1.95018057259e-10, -1.11182760776e-08, -6.83763801135e-09, -6.77256098425e-11, -1.95475857723e-10, 2.40956629649e-11, -7.37896549419e-12, -3.83690544614e-11, -2.19898335652e-11, -6.37294199617e-13, -9.37089151393e-15], [2.62847100856e-12, 1.53817028559e-11, 6.03975758295e-11, 3.54245438539e-10, 6.85883350116e-10, 2.93623276804e-08, 2.12456271242e-07, 5.58877843559e-07, 2.98901539963e-07, 5.31386401548e-09, 3.47653017485e-10, 1.14266840434e-09, 4.56216921879e-12, -3.51934259513e-10, 6.18971374156e-10, 2.15040860119e-10, 1.40139599925e-09, 2.45343461103e-08, -3.0949645069e-09, 1.11050735274e-09, 8.78122019543e-10, 9.8873564891e-10, 9.2779305072e-11, 2.16180323642e-10, 2.78755768468e-10, 1.47524301802e-11, 1.39206484881e-12], [3.47080198783e-12, 6.60331234137e-11, 4.55944310085e-10, 1.3440414337e-09, 2.85819523604e-09, -2.35595667419e-08, 5.58877843559e-07, 1.10700357254e-05, 1.57712804594e-06, 3.43127553037e-08, 1.08715729752e-08, 2.13703206242e-08, 4.39620839732e-11, 8.59209769999e-09, 5.87561022058e-09, 7.22975324052e-09, 3.49443851633e-08, 1.20469428566e-06, 1.02045237327e-06, 3.00418037114e-08, 6.16290094513e-08, 1.79386798749e-08, 3.22323323587e-09, 6.82770506799e-09, 7.22384285723e-09, 2.22578400155e-10, 1.44555513393e-11], [5.29890042435e-13, 8.11112704779e-11, 5.20286813632e-10, 1.628771229e-09, 2.70427191751e-09, -5.53027490469e-09, 2.98901539963e-07, 1.57712804594e-06, 1.88195656392e-06, 2.79370482303e-08, 3.18042636671e-09, 2.44644637881e-09, 8.62229385112e-11, 1.4507006707e-10, 3.00552294163e-09, 2.3377336178e-10, 4.14704359741e-09, 1.61059332981e-07, 5.45174287936e-08, 1.52926427077e-09, 2.97188207377e-09, 1.44648570899e-09, 5.16818976504e-10, 1.24298349391e-09, 1.14627263237e-09, 6.99706056984e-11, 6.83875091972e-12], [9.38755604014e-15, 1.27573017254e-12, 4.71580023295e-12, 4.69076895382e-11, 5.464381031e-11, -3.08456982179e-10, 5.31386401548e-09, 3.43127553037e-08, 2.79370482303e-08, 1.25710941656e-09, 1.20912779789e-09, 6.80224626626e-11, 6.86221175369e-12, 1.41332700751e-11, 5.63614849236e-11, 2.54553756546e-11, 1.0949175594e-10, 5.11094278011e-09, 6.61955601444e-09, 1.02160647997e-10, 1.25103885584e-10, 3.83994155917e-11, 1.46925041578e-11, 3.62432965584e-11, 3.4056608228e-11, 1.51141024609e-12, 8.22432061147e-14], [4.16257740082e-14, 8.70809636422e-14, 1.01346697961e-12, 7.78461236445e-12, 1.24890280409e-11, -3.12241871248e-10, 3.47653017485e-10, 1.08715729752e-08, 3.18042636671e-09, 1.20912779789e-09, 2.6027753286e-09, 4.15136987286e-11, 1.03744582369e-11, -8.8833029474e-12, 1.24992039288e-11, 1.63553441623e-11, 5.62174092e-11, 1.8531698398e-09, 5.94540638943e-09, 9.36010297048e-11, 6.8584825319e-11, 3.74127118175e-11, 6.00531820452e-12, 2.43587511273e-11, 1.57230027609e-11, 7.48570801699e-13, 5.04112776642e-14], [9.56135957762e-15, 1.03871684203e-13, 7.06800611962e-13, 2.18860997034e-12, 5.40813834687e-12, 7.98981783512e-11, 1.14266840434e-09, 2.13703206242e-08, 2.44644637881e-09, 6.80224626626e-11, 4.15136987286e-11, 4.2069788625e-11, 1.36664388573e-13, 1.61409479532e-11, 1.0715669671e-11, 1.47152342395e-11, 6.73899200332e-11, 2.29375385352e-09, 2.0190262795e-09, 6.01157526536e-11, 1.19128151788e-10, 3.46030565312e-11, 6.13359016355e-12, 1.3017128174e-11, 1.3767018775e-11, 4.13309957006e-13, 2.59105786143e-14], [1.74487040129e-16, 3.52430631133e-15, 1.48929449366e-14, 1.60269448537e-13, -1.3353847108e-13, -1.93925969033e-11, 4.56216921879e-12, 4.39620839732e-11, 8.62229385112e-11, 6.86221175369e-12, 1.03744582369e-11, 1.36664388573e-13, 3.53778573277e-12, 3.07798682375e-11, 1.55792262771e-13, 3.71405346527e-14, 1.39364941028e-12, 1.05351150026e-09, 4.03896915913e-11, 4.28597522056e-12, 7.7579473878e-13, 2.10099366832e-13, 6.84760787569e-13, 5.98721593137e-13, 2.12691734884e-13, 2.4447690034e-14, 1.0121839373e-15], [3.37414659743e-14, -2.97268618412e-14, 7.1654880922e-14, 2.44668868499e-13, -4.61525219084e-12, -3.64459351587e-10, -3.51934259513e-10, 8.59209769999e-09, 1.4507006707e-10, 1.41332700751e-11, -8.8833029474e-12, 1.61409479532e-11, 3.07798682375e-11, 6.69023614286e-10, 3.67858478054e-12, 7.26103508916e-12, 3.96456929785e-11, 1.6004676695e-08, 4.23862100973e-09, 7.06728564559e-11, 1.03745602387e-10, 1.26119748325e-11, 9.9967638334e-12, 3.98194324736e-11, 8.74406970441e-12, 8.07622957226e-13, 1.85162384828e-14], [3.27533431726e-15, 1.24735684563e-13, 7.80661613912e-13, 2.44242083156e-12, 4.14476309177e-12, 9.01052669977e-12, 6.18971374156e-10, 5.87561022058e-09, 3.00552294163e-09, 5.63614849236e-11, 1.24992039288e-11, 1.0715669671e-11, 1.55792262771e-13, 3.67858478054e-12, 7.41140482319e-12, 4.36320944652e-12, 8.80922678553e-12, 7.85560561045e-10, 8.2914153321e-10, 8.74142078167e-12, 2.09366187581e-11, 7.15889370353e-12, 1.75304931162e-12, 4.24691878886e-12, 4.57014591101e-12, 1.73533211997e-13, 1.32367812254e-14], [3.0008816663e-15, 5.91896416794e-15, 3.75126463909e-14, 2.51649910762e-13, 6.60867899033e-13, 4.24397496313e-11, 2.15040860119e-10, 7.22975324052e-09, 2.3377336178e-10, 2.54553756546e-11, 1.63553441623e-11, 1.47152342395e-11, 3.71405346527e-14, 7.26103508916e-12, 4.36320944652e-12, 7.55824916543e-12, 1.57269440526e-11, 9.76318581536e-10, 1.2050916931e-09, 2.02829385232e-11, 4.09155695436e-11, 9.17988341592e-12, 2.18310525907e-12, 4.80228920866e-12, 5.21139902065e-12, 1.24754088895e-13, 4.58041367151e-15], [3.31503221039e-15, 2.35801612611e-13, 1.45076041024e-12, 7.22535009254e-12, 1.50166944851e-11, 1.95018057259e-10, 1.40139599925e-09, 3.49443851633e-08, 4.14704359741e-09, 1.0949175594e-10, 5.62174092e-11, 6.73899200332e-11, 1.39364941028e-12, 3.96456929785e-11, 8.80922678553e-12, 1.57269440526e-11, 1.83745213489e-10, 3.49007400757e-09, 1.2721168563e-09, 1.39882494476e-10, 2.48553067017e-10, 5.66383398515e-11, 1.20680574908e-11, 2.21453549942e-11, 2.04352142846e-11, 6.6714434541e-13, 3.89192597963e-14], [4.66006248347e-13, 5.71998308094e-12, 4.09260229872e-11, 1.43428116606e-10, 1.39926556453e-10, -1.11182760776e-08, 2.45343461103e-08, 1.20469428566e-06, 1.61059332981e-07, 5.11094278011e-09, 1.8531698398e-09, 2.29375385352e-09, 1.05351150026e-09, 1.6004676695e-08, 7.85560561045e-10, 9.76318581536e-10, 3.49007400757e-09, 5.62939987958e-07, 2.17189196405e-07, 4.30722835176e-09, 7.68405516993e-09, 1.83099402307e-09, 6.05048178226e-10, 1.38167899344e-09, 9.60145851714e-10, 3.79181408494e-11, 1.68297526523e-12], [1.53659989463e-13, 3.12014249073e-13, 1.8267126093e-12, 4.92688181919e-11, -9.95869185727e-12, -6.83763801135e-09, -3.0949645069e-09, 1.02045237327e-06, 5.45174287936e-08, 6.61955601444e-09, 5.94540638943e-09, 2.0190262795e-09, 4.03896915913e-11, 4.23862100973e-09, 8.2914153321e-10, 1.2050916931e-09, 1.2721168563e-09, 2.17189196405e-07, 2.65768221652e-07, 2.4078850025e-09, 6.04125105497e-09, 1.32111543927e-09, 3.48911760595e-10, 1.0320723165e-09, 9.07483144186e-10, 2.51417116293e-11, 7.81053552997e-13], [1.29009174152e-14, 1.07207340607e-13, 6.41376979738e-13, 4.205383871e-12, 7.58641933996e-12, -6.77256098425e-11, 1.11050735274e-09, 3.00418037114e-08, 1.52926427077e-09, 1.02160647997e-10, 9.36010297048e-11, 6.01157526536e-11, 4.28597522056e-12, 7.06728564559e-11, 8.74142078167e-12, 2.02829385232e-11, 1.39882494476e-10, 4.30722835176e-09, 2.4078850025e-09, 1.28233271224e-10, 2.13023640394e-10, 4.26888108196e-11, 1.08103291943e-11, 2.06472460657e-11, 1.84627816507e-11, 5.42198339178e-13, 2.31811504671e-14], [1.73264316306e-15, 1.46304816135e-13, 1.36268340362e-12, 4.17781868128e-12, 1.1182034465e-11, -1.95475857723e-10, 8.78122019543e-10, 6.16290094513e-08, 2.97188207377e-09, 1.25103885584e-10, 6.8584825319e-11, 1.19128151788e-10, 7.7579473878e-13, 1.03745602387e-10, 2.09366187581e-11, 4.09155695436e-11, 2.48553067017e-10, 7.68405516993e-09, 6.04125105497e-09, 2.13023640394e-10, 4.27321289465e-10, 9.66169089178e-11, 2.0634076045e-11, 4.33497925056e-11, 4.06685726762e-11, 1.15978147225e-12, 5.69936350718e-14], [6.37505498762e-15, 5.35972972276e-14, 3.5149089043e-13, 9.20655370516e-13, 3.33530078556e-12, 2.40956629649e-11, 9.8873564891e-10, 1.79386798749e-08, 1.44648570899e-09, 3.83994155917e-11, 3.74127118175e-11, 3.46030565312e-11, 2.10099366832e-13, 1.26119748325e-11, 7.15889370353e-12, 9.17988341592e-12, 5.66383398515e-11, 1.83099402307e-09, 1.32111543927e-09, 4.26888108196e-11, 9.66169089178e-11, 3.77995863776e-11, 4.72715573283e-12, 1.02333306759e-11, 1.15553764474e-11, 3.64874363362e-13, 2.68845055674e-14], [-1.00206115243e-16, 2.3155903803e-14, 1.48559279028e-13, 6.17749341264e-13, 1.08628275645e-12, -7.37896549419e-12, 9.2779305072e-11, 3.22323323587e-09, 5.16818976504e-10, 1.46925041578e-11, 6.00531820452e-12, 6.13359016355e-12, 6.84760787569e-13, 9.9967638334e-12, 1.75304931162e-12, 2.18310525907e-12, 1.20680574908e-11, 6.05048178226e-10, 3.48911760595e-10, 1.08103291943e-11, 2.0634076045e-11, 4.72715573283e-12, 1.22223585419e-12, 2.37864871029e-12, 2.27092671924e-12, 7.24934164347e-14, 3.89661625517e-15], [3.36033005011e-15, 4.88776601387e-14, 3.57584974001e-13, 1.18241766205e-12, 1.97807048519e-12, -3.83690544614e-11, 2.16180323642e-10, 6.82770506799e-09, 1.24298349391e-09, 3.62432965584e-11, 2.43587511273e-11, 1.3017128174e-11, 5.98721593137e-13, 3.98194324736e-11, 4.24691878886e-12, 4.80228920866e-12, 2.21453549942e-11, 1.38167899344e-09, 1.0320723165e-09, 2.06472460657e-11, 4.33497925056e-11, 1.02333306759e-11, 2.37864871029e-12, 7.2462721587e-12, 4.99708998139e-12, 1.92944225592e-13, 9.71377214505e-15], [5.93774119432e-16, 4.60409976203e-14, 2.78941447848e-13, 1.15647227038e-12, 1.97474935709e-12, -2.19898335652e-11, 2.78755768468e-10, 7.22384285723e-09, 1.14627263237e-09, 3.4056608228e-11, 1.57230027609e-11, 1.3767018775e-11, 2.12691734884e-13, 8.74406970441e-12, 4.57014591101e-12, 5.21139902065e-12, 2.04352142846e-11, 9.60145851714e-10, 9.07483144186e-10, 1.84627816507e-11, 4.06685726762e-11, 1.15553764474e-11, 2.27092671924e-12, 4.99708998139e-12, 5.25802274984e-12, 1.60017994948e-13, 9.37367147606e-15], [9.06558253797e-17, 2.88537686548e-15, 1.85615581336e-14, 6.34287137787e-14, 1.0975177337e-13, -6.37294199617e-13, 1.47524301802e-11, 2.22578400155e-10, 6.99706056984e-11, 1.51141024609e-12, 7.48570801699e-13, 4.13309957006e-13, 2.4447690034e-14, 8.07622957226e-13, 1.73533211997e-13, 1.24754088895e-13, 6.6714434541e-13, 3.79181408494e-11, 2.51417116293e-11, 5.42198339178e-13, 1.15978147225e-12, 3.64874363362e-13, 7.24934164347e-14, 1.92944225592e-13, 1.60017994948e-13, 6.45464770906e-15, 4.3233268371e-16], [7.92467316403e-18, 2.7388990344e-16, 2.19590877532e-15, 3.17934303796e-15, 8.91528858523e-15, -9.37089151393e-15, 1.39206484881e-12, 1.44555513393e-11, 6.83875091972e-12, 8.22432061147e-14, 5.04112776642e-14, 2.59105786143e-14, 1.0121839373e-15, 1.85162384828e-14, 1.32367812254e-14, 4.58041367151e-15, 3.89192597963e-14, 1.68297526523e-12, 7.81053552997e-13, 2.31811504671e-14, 5.69936350718e-14, 2.68845055674e-14, 3.89661625517e-15, 9.71377214505e-15, 9.37367147606e-15, 4.3233268371e-16, 4.26601096306e-17]]
    },
    "mfcc": {
        "kurt": [0.840663433075, 0.689389944077, -0.0717222690582, -0.995964050293, 1.14276170731, -1.15791702271, 0.689780473709, 1.01995706558, -1.06846857071, 3.32550144196, 1.26447534561, 0.223679065704, 3.05102348328],
        "max": [-750.431274414, 121.63407135, 34.4493217468, 64.8214874268, 16.6690826416, 8.46590423584, 31.4491081238, 21.2824459076, 8.84196281433, 45.2155151367, 54.9917373657, 26.4422893524, 25.8947525024],
        "mean": [-1033.45715332, 29.93841362, -11.4933834076, 22.7399787903, -10.6614923477, -34.6613616943, -4.07304668427, -5.4676566124, -17.6325073242, -2.6205766201, 5.37134075165, -3.69472646713, -4.87665081024],
        "median": [-1036.75012207, 23.3062553406, -6.103515625e-05, 22.0785713196, -2.75260925293, -35.5460929871, -2.67028808594e-05, -0.343139648438, -13.5815505981, -1.3904800415, -2.67028808594e-05, -1.80516815186, -1.1915512085],
        "min": [-1138.42004395, -27.6918067932, -83.3552703857, -8.64150810242, -68.916229248, -107.606376648, -61.8148574829, -43.6133880615, -57.827003479, -42.0894546509, -14.0815181732, -33.5399284363, -70.9068069458],
        "skew": [1.23840379715, 1.01339888573, -0.767582893372, 0.29208496213, -1.37611293793, -0.269412457943, -0.806440770626, -1.09037315845, -0.514971494675, 0.466896474361, 1.50046050549, -0.250608235598, -1.39204394817],
        "var": [11786.1220703, 968.678100586, 660.446472168, 358.313415527, 407.948852539, 1120.26672363, 386.513336182, 162.83744812, 343.234680176, 164.360153198, 295.467681885, 168.974899292, 324.466033936],
        "cov": [[11959.4472656, 2065.05786133, -1819.13989258, 329.675109863, -1972.85839844, -3350.72753906, -796.191955566, -269.519256592, -503.205718994, 69.2990112305, 1180.71191406, 351.752624512, -591.472290039], [2065.05786133, 982.923339844, 17.5883331299, 137.843521118, -416.716949463, -635.451599121, -455.957275391, -139.744827271, -79.8666381836, -198.087738037, -30.3842086792, -34.4144973755, 165.27003479], [-1819.13989258, 17.5883331299, 670.158874512, -84.5690383911, 258.649810791, 565.696350098, -134.330307007, -1.07849097252, 186.602218628, -145.501251221, -310.186523438, -102.685119629, 177.712539673], [329.675109863, 137.843521118, -84.5690383911, 363.582733154, 14.3684415817, -210.949554443, 10.4439125061, -97.8294143677, -236.405334473, -40.290802002, -29.7917404175, -49.944316864, 15.5787534714], [-1972.85839844, -416.716949463, 258.649810791, 14.3684415817, 413.9480896, 588.596069336, 214.831863403, 44.1519355774, 31.6189937592, 38.6991424561, -150.289260864, -49.2262954712, 19.8167648315], [-3350.72753906, -635.451599121, 565.696350098, -210.949554443, 588.596069336, 1136.74121094, 233.162307739, 95.4594802856, 317.751953125, 18.3031158447, -287.276611328, -52.7142753601, 106.442680359], [-796.191955566, -455.957275391, -134.330307007, 10.4439125061, 214.831863403, 233.162307739, 392.197357178, 128.971160889, -20.2304992676, 158.356246948, 49.0191993713, -21.4892253876, -150.820480347], [-269.519256592, -139.744827271, -1.07849097252, -97.8294143677, 44.1519355774, 95.4594802856, 128.971160889, 165.232116699, 98.0980453491, 19.1071681976, -30.7663078308, -55.223903656, -41.5865440369], [-503.205718994, -79.8666381836, 186.602218628, -236.405334473, 31.6189937592, 317.751953125, -20.2304992676, 98.0980453491, 348.28225708, 5.47708463669, -59.024520874, 9.84359359741, 57.8484268188], [69.2990112305, -198.087738037, -145.501251221, -40.290802002, 38.6991424561, 18.3031158447, 158.356246948, 19.1071681976, 5.47708463669, 166.77722168, 140.665008545, 63.4868240356, -119.518035889], [1180.71191406, -30.3842086792, -310.186523438, -29.7917404175, -150.289260864, -287.276611328, 49.0191993713, -30.7663078308, -59.024520874, 140.665008545, 299.812774658, 153.846633911, -205.859130859], [351.752624512, -34.4144973755, -102.685119629, -49.944316864, -49.2262954712, -52.7142753601, -21.4892253876, -55.223903656, 9.84359359741, 63.4868240356, 153.846633911, 171.459823608, -21.4530410767], [-591.472290039, 165.27003479, 177.712539673, 15.5787534714, 19.8167648315, 106.442680359, -150.820480347, -41.5865440369, 57.8484268188, -119.518035889, -205.859130859, -21.4530410767, 329.237579346]]
    },
    "sccoeffs": {
        "kurt": [-0.42871594429, 1.29627609253, 0.537136793137, 4.75965213776, -0.342187166214, 0.664360523224],
        "max": [-0.648751020432, -0.299046397209, -0.597122073174, -0.555088222027, -0.543407440186, -0.725095570087],
        "mean": [-0.829724907875, -0.782065272331, -0.844537734985, -0.854802787304, -0.802435696125, -0.83966833353],
        "median": [-0.858255803585, -0.843834519386, -0.870629966259, -0.875826358795, -0.824989378452, -0.837606430054],
        "min": [-0.98843318224, -0.942133784294, -0.964895069599, -0.94977325201, -0.929612278938, -0.945146381855],
        "skew": [0.661649167538, 1.37337625027, 1.09871482849, 2.12809181213, 0.789137840271, 0.0914833471179],
        "var": [0.00610468769446, 0.0194272696972, 0.00579467974603, 0.00609603757039, 0.0109260026366, 0.00145024142694],
        "cov": [[0.00619446253404, 0.00671071978286, 0.00332208140753, 0.000513282837346, 0.00284196250141, 0.00111309718341], [0.00671071978286, 0.0197129659355, 0.00565818650648, 0.00355606386438, 0.00872869044542, 0.00272653158754], [0.00332208140753, 0.00565818650648, 0.00587989576161, 0.0011798402993, 0.00399964675307, 0.00107608921826], [0.000513282837346, 0.00355606386438, 0.0011798402993, 0.00618568481877, 0.00680288253352, 0.00198286189698], [0.00284196250141, 0.00872869044542, 0.00399964675307, 0.00680288253352, 0.0110866790637, 0.00285370834172], [0.00111309718341, 0.00272653158754, 0.00107608921826, 0.00198286189698, 0.00285370834172, 0.00147156859748]]
    },
    "scvalleys": {
        "kurt": [16.8494796753, 5.4852437973, 6.05831813812, 11.1656780243, 7.96807479858, 5.53317070007],
        "max": [-8.76052093506, -5.27025842667, -6.52898645401, -8.44213199615, -7.78278636932, -8.82652187347],
        "mean": [-10.6963014603, -10.1197977066, -11.0538034439, -11.3561935425, -10.7865686417, -12.6286277771],
        "median": [-10.4720554352, -10.0362491608, -11.1864347458, -11.1969795227, -10.3534107208, -12.1379156113],
        "min": [-19.0500507355, -21.0099201202, -21.0808181763, -21.2175731659, -20.5828475952, -22.0422039032],
        "skew": [-3.40487360954, -1.09298980236, -1.15036582947, -2.37836313248, -1.97324001789, -1.34563422203],
        "var": [1.95558428764, 5.43022298813, 4.53896474838, 3.27888655663, 3.68577075005, 3.94932413101],
        "cov": [[1.9843429327, 2.8825135231, 2.61406350136, 2.34485983849, 2.37706613541, 2.31338310242], [2.8825135231, 5.51007938385, 4.81469345093, 4.04522275925, 4.24227190018, 4.37116909027], [2.61406350136, 4.81469345093, 4.60571432114, 3.77590847015, 3.92647409439, 4.04784393311], [2.34485983849, 4.04522275925, 3.77590847015, 3.32710552216, 3.37857961655, 3.37045741081], [2.37706613541, 4.24227190018, 3.92647409439, 3.37857961655, 3.73997306824, 3.75775980949], [2.31338310242, 4.37116909027, 4.04784393311, 3.37045741081, 3.75775980949, 4.00740242004]]
    }
},
"rhythm": {
    "beats_loudness": {
        "kurt": -0.66673707962,
        "max": 0.0178638957441,
        "mean": 0.00449363468215,
        "median": 5.51734374312e-05,
        "min": 2.96605946914e-07,
        "skew": 1.15460968018,
        "var": 5.95895180595e-05
    },
    "bpm": 198.768035889,
    "confidence": 0,
    "first_peak_bpm": {
        "kurt": 0,
        "max": 199,
        "mean": 199,
        "median": 199,
        "min": 199,
        "skew": 0,
        "var": 0
    },
    "first_peak_spread": {
        "kurt": 0,
        "max": 0,
        "mean": 0,
        "median": 0,
        "min": 0,
        "skew": 0,
        "var": 0
    },
    "first_peak_weight": {
        "kurt": 0,
        "max": 0.666666686535,
        "mean": 0.666666686535,
        "median": 0.666666686535,
        "min": 0.666666686535,
        "skew": 0,
        "var": 0
    },
    "onset_rate": 3.85298681259,
    "second_peak_bpm": {
        "kurt": 0,
        "max": 207,
        "mean": 207,
        "median": 207,
        "min": 207,
        "skew": 0,
        "var": 0
    },
    "second_peak_spread": {
        "kurt": 0,
        "max": 0,
        "mean": 0,
        "median": 0,
        "min": 0,
        "skew": 0,
        "var": 0
    },
    "second_peak_weight": {
        "kurt": 0,
        "max": 0.333333343267,
        "mean": 0.333333343267,
        "median": 0.333333343267,
        "min": 0.333333343267,
        "skew": 0,
        "var": 0
    },
    "beats_loudness_band_ratio": {
        "kurt": [-0.666706323624, -1.76388525963, -0.668917179108, -0.728962421417, -1.33250308037, -0.99544262886],
        "max": [0.528952598572, 0.345456689596, 0.938021659851, 0.205751240253, 0.0976283922791, 0.937144637108],
        "mean": [0.133067294955, 0.157544404268, 0.257045209408, 0.0602658838034, 0.0631567463279, 0.339806616306],
        "median": [0.00147868716158, 0.141729354858, 0.0356682501733, 0.0172071885318, 0.0664585158229, 0.207833945751],
        "min": [0.000359189958544, 0.00126224535052, 0.018822606653, 0.000897909281775, 0.0220815595239, 0.00641399342567],
        "skew": [1.15464961529, 0.142804473639, 1.15184879303, 1.0831618309, -0.273410707712, 0.803550362587],
        "var": [0.0522424913943, 0.0208232980222, 0.154704526067, 0.00721085397527, 0.000806055613793, 0.134201556444],
        "cov": [[0.0696566551924, 0.016265168786, -0.0369200818241, -0.00485508237034, 0.00285938638262, -0.0462380759418], [0.016265168786, 0.027764396742, -0.046724062413, 0.0137269971892, 0.00483091222122, -0.0152663467452], [-0.0369200818241, -0.046724062413, 0.206272706389, -0.018267640844, -0.00269995513372, -0.104739315808], [-0.00485508237034, 0.0137269971892, -0.018267640844, 0.00961447227746, 0.00250218110159, -0.002559754299], [0.00285938638262, 0.00483091222122, -0.00269995513372, 0.00250218110159, 0.00107474077959, -0.00854966044426], [-0.0462380759418, -0.0152663467452, -0.104739315808, -0.002559754299, -0.00854966044426, 0.178935408592]]
    },
    "beats_position": [0.325079351664, 0.626938760281, 0.917188167572, 1.21904754639],
    "bpm_estimates": [198.768035889, 198.768051147],
    "bpm_intervals": [0.301859408617, 0.290249407291, 0.301859378815],
    "onset_times": [0.0232199542224, 0.116099774837, 0.255419492722, 0.348299324512, 0.441179126501, 0.545668959618],
    "histogram": [[0, 0, 0, 0, 0, 0, 0, 0, 0, 0, 0, 0, 0, 0, 0, 0, 0, 0, 0, 0, 0, 0, 0, 0, 0, 0, 0, 0, 0, 0, 0, 0, 0, 0, 0, 0, 0, 0, 0, 0, 0, 0, 0, 0, 0, 0, 0, 0, 0, 0, 0, 0, 0, 0, 0, 0, 0, 0, 0, 0, 0, 0, 0, 0, 0, 0, 0, 0, 0, 0, 0, 0, 0, 0, 0, 0, 0, 0, 0, 0, 0, 0, 0, 0, 0, 0, 0, 0, 0, 0, 0, 0, 0, 0, 0, 0, 0, 0, 0, 0, 0, 0, 0, 0, 0, 0, 0, 0, 0, 0, 0, 0, 0, 0, 0, 0, 0, 0, 0, 0, 0, 0, 0, 0, 0, 0, 0, 0, 0, 0, 0, 0, 0, 0, 0, 0, 0, 0, 0, 0, 0, 0, 0, 0, 0, 0, 0, 0, 0, 0, 0, 0, 0, 0, 0, 0, 0, 0, 0, 0, 0, 0, 0, 0, 0, 0, 0, 0, 0, 0, 0, 0, 0, 0, 0, 0, 0, 0, 0, 0, 0, 0, 0, 0, 0, 0, 0, 0, 0, 0, 0, 0, 0, 0, 0, 0, 0, 0, 0, 0.666666686535, 0, 0, 0, 0, 0, 0, 0, 0.333333343267, 0, 0, 0, 0, 0, 0, 0, 0, 0, 0, 0, 0, 0, 0, 0, 0, 0, 0, 0, 0, 0, 0, 0, 0, 0, 0, 0, 0, 0, 0, 0, 0, 0, 0, 0, 0, 0, 0, 0, 0, 0, 0]]
},
"sfx": {
    "inharmonicity": {
        "kurt": 8.84463119507,
        "max": 0.232716351748,
        "mean": 0.0173592977226,
        "median": 0,
        "min": 0,
        "skew": 3.0547516346,
        "var": 0.00210257736035
    },
    "oddtoevenharmonicenergyratio": {
        "kurt": 27.3580627441,
        "max": 12.8763017654,
        "mean": 0.484226793051,
        "median": 0,
        "min": 0,
        "skew": 5.34081029892,
        "var": 4.65956020355
    },
    "pitch_after_max_to_before_max_energy_ratio": 0.029838623479,
    "pitch_centroid": 36.1711616516,
    "pitch_max_to_total": 0.985507249832,
    "pitch_min_to_total": 0.710144937038,
    "tristimulus": {
        "kurt": [0.411787748337, 8.49344921112, 1.65643405914],
        "max": [1, 0.799377679825, 0.673302531242],
        "mean": [0.82002389431, 0.0766764506698, 0.103299677372],
        "median": [1, 0, 0],
        "min": [0.127018034458, 0, 0],
        "skew": [-1.39293992519, 2.92741107941, 1.64364671707],
        "var": [0.0831056088209, 0.0282000377774, 0.0307234749198],
        "cov": [[0.084327749908, -0.0408835820854, -0.0434441380203], [-0.0408835820854, 0.028614744544, 0.0122688533738], [-0.0434441380203, 0.0122688533738, 0.0311752911657]]
    }
},
"tonal": {
    "chords_changes_rate": 0.0857142880559,
    "chords_number_rate": 0.0857142880559,
    "chords_strength": {
        "kurt": -1.27260494232,
        "max": 0.398700624704,
        "mean": 0.326511502266,
        "median": 0.345522999763,
        "min": 0.243199244142,
        "skew": -0.334984660149,
        "var": 0.00233242544346
    },
    "key_strength": 0.246876314282,
    "tuning_diatonic_strength": 0.21213696897,
    "tuning_equal_tempered_deviation": 0.255980551243,
    "tuning_frequency": 443.316436768,
    "tuning_nontempered_energy_ratio": 0.896859884262,
    "hpcp": {
        "kurt": [-0.154545783997, 2.07636070251, 0.0566966533661, 0.780669927597, 2.26907110214, 5.58486652374, 7.10997676849, 4.8959479332, 6.81148338318, 1.88465023041, 4.82420492172, 5.619389534, 8.81681442261, 1.45941925049, 8.88350868225, 5.88080310822, 0.845752954483, 2.868953228, 9.44597053528, 7.03618144989, 11.2110776901, 9.1042137146, 3.25985336304, 1.26063966751, 4.7870721817, 3.6563835144, 1.19614839554, 2.738240242, 3.73296689987, 1.09768867493, 1.47499465942, 1.18186092377, 1.88951015472, 0.0280032157898, -0.800853729248, -0.894582033157],
        "max": [0.912707567215, 1, 1, 1, 1, 1, 1, 0.814451932907, 1, 0.896890759468, 1, 0.857000172138, 0.973479092121, 0.539767801762, 1, 1, 0.748456001282, 0.794823348522, 1, 0.68468439579, 0.612064838409, 0.767441213131, 1, 0.898671448231, 1, 1, 0.791385531425, 0.859744250774, 0.856593906879, 1, 1, 0.77327388525, 1, 1, 1, 1],
        "mean": [0.26118093729, 0.222776353359, 0.257960289717, 0.245050817728, 0.194254115224, 0.14870287478, 0.123876325786, 0.117299556732, 0.128852501512, 0.154686436057, 0.152863845229, 0.131718233228, 0.11638032645, 0.099777571857, 0.1116823107, 0.137356236577, 0.139806643128, 0.128775075078, 0.104899160564, 0.0813097655773, 0.0681499689817, 0.0952484607697, 0.17567498982, 0.192227140069, 0.15867164731, 0.17028529942, 0.18302962184, 0.173562422395, 0.179359406233, 0.23707446456, 0.224744066596, 0.182982370257, 0.235758215189, 0.296068221331, 0.340321928263, 0.342565089464],
        "median": [0.149095445871, 0.129826501012, 0.14071880281, 0.139397919178, 0.0670644119382, 0.0372428447008, 0.0275520328432, 0.0358743369579, 0.0519737973809, 0.0386613197625, 0.041496347636, 0.0536221303046, 0.0101796379313, 0.00990219600499, 0.0081105036661, 0.0173240285367, 0.0126032512635, 0.0213481131941, 0.0280932802707, 0.0291973482817, 0.0199423003942, 0.0441869646311, 0.0614585801959, 0.0547586046159, 0.0710071921349, 0.0677359774709, 0.108052223921, 0.0900635570288, 0.119519494474, 0.126331239939, 0.111114561558, 0.126488044858, 0.167623341084, 0.169031530619, 0.240303531289, 0.198863074183],
        "min": [0, 0, 0, 0, 0, 0, 0, 0, 0, 0, 0, 0, 0, 0, 0, 0, 0, 0, 0, 0, 0, 0, 0, 0, 0, 0, 0, 0, 0, 0, 0, 0, 0, 0, 0, 0],
