{
"metadata": {
    "version": {
        "essentia": "2.1-beta3"
    }
},
"lowLevel": {
    "average_loudness": 0.911072432995,
    "barkbands_kurtosis": {
        "kurt": 9.76550388336,
        "max": 65.8313293457,
        "mean": 5.65556955338,
        "median": 2.37381124496,
        "min": -1.85517299175,
        "skew": 2.82906603813,
        "var": 91.0349884033
    },
    "barkbands_skewness": {
        "kurt": 1.63066911697,
        "max": 7.03491783142,
        "mean": 1.7433719635,
        "median": 1.55157542229,
        "min": -3.75968837738,
        "skew": 0.84009295702,
        "var": 1.67060673237
    },
    "barkbands_spread": {
        "kurt": 0.804117202759,
        "max": 54.6144638062,
        "mean": 15.1508197784,
        "median": 14.1814193726,
        "min": 1.49952971935,
        "skew": 0.789631426334,
        "var": 72.5390014648
    },
    "dissonance": {
        "kurt": 4.97668790817,
        "max": 0.499999940395,
        "mean": 0.460928589106,
        "median": 0.468485116959,
        "min": 0.249233558774,
        "skew": -1.68854534626,
        "var": 0.000914064061362
    },
    "hfc": {
        "kurt": 40.5943603516,
        "max": 153.214797974,
        "mean": 6.05191755295,
        "median": 1.59309613705,
        "min": 0.0199797414243,
        "skew": 5.47274398804,
        "var": 173.606872559
    },
    "pitch": {
        "kurt": 32.5005226135,
        "max": 4217.43603516,
        "mean": 329.823028564,
        "median": 208.714416504,
        "min": 47.0806388855,
        "skew": 5.44031906128,
        "var": 235570.515625
    },
    "pitch_instantaneous_confidence": {
        "kurt": 1.56871938705,
        "max": 0.913393676281,
        "mean": 0.342083990574,
        "median": 0.306830972433,
        "min": 0.125186145306,
        "skew": 1.27074337006,
        "var": 0.0214901715517
    },
    "pitch_salience": {
        "kurt": 0.991970062256,
        "max": 0.877348303795,
        "mean": 0.648133039474,
        "median": 0.67949795723,
        "min": 0.119834803045,
        "skew": -1.05431830883,
        "var": 0.0169789120555
    },
    "silence_rate_20dB": {
        "kurt": 0,
        "max": 1,
        "mean": 1,
        "median": 1,
        "min": 1,
        "skew": 0,
        "var": 0
    },
    "silence_rate_30dB": {
        "kurt": 0,
        "max": 1,
        "mean": 1,
        "median": 1,
        "min": 1,
        "skew": 0,
        "var": 0
    },
    "silence_rate_60dB": {
        "kurt": -1.9970344305,
        "max": 1,
        "mean": 0.486363649368,
        "median": 0,
        "min": 0,
        "skew": 0.0545640364289,
        "var": 0.249815389514
    },
    "spectral_centroid": {
        "kurt": 3.36426544189,
        "max": 3275.88354492,
        "mean": 707.311096191,
        "median": 597.215454102,
        "min": 175.81137085,
        "skew": 1.55502867699,
        "var": 177276.5
    },
    "spectral_complexity": {
        "kurt": 4.7661113739,
        "max": 55,
        "mean": 9.25,
        "median": 6,
        "min": 0,
        "skew": 2.14404368401,
        "var": 101.357200623
    },
    "spectral_crest": {
        "kurt": 0.405155658722,
        "max": 22.4172039032,
        "mean": 8.99119853973,
        "median": 8.15888595581,
        "min": 2.71634268761,
        "skew": 0.865028142929,
        "var": 16.1127281189
    },
    "spectral_decrease": {
        "kurt": 9.01179885864,
        "max": -4.25252714986e-12,
        "mean": -2.33158670149e-09,
        "median": -6.64032440145e-10,
        "min": -2.52346019636e-08,
        "skew": -2.86493515968,
        "var": 1.5680793389e-17
    },
    "spectral_energy": {
        "kurt": 8.47922229767,
        "max": 0.0976294800639,
        "mean": 0.00934886746109,
        "median": 0.00262137828395,
        "min": 1.78623649845e-05,
        "skew": 2.80014324188,
        "var": 0.000247165269684
    },
    "spectral_energyband_high": {
        "kurt": 60.3345794678,
        "max": 0.00575381750241,
        "mean": 0.000146781356307,
        "median": 1.68920341821e-05,
        "min": 2.30996889172e-07,
        "skew": 7.23489379883,
        "var": 2.71992007583e-07
    },
    "spectral_energyband_low": {
        "kurt": 30.3253860474,
        "max": 0.0497921146452,
        "mean": 0.00203962577507,
        "median": 0.000240564724663,
        "min": 4.21600020672e-07,
        "skew": 4.90010881424,
        "var": 2.79254145426e-05
    },
    "spectral_energyband_middle_high": {
        "kurt": 36.4189529419,
        "max": 0.0456744544208,
        "mean": 0.0017931710463,
        "median": 0.000331583840307,
        "min": 7.08938478056e-06,
        "skew": 5.44500732422,
        "var": 2.0570385459e-05
    },
    "spectral_energyband_middle_low": {
        "kurt": 12.8061819077,
        "max": 0.091013379395,
        "mean": 0.00660633156076,
        "median": 0.00181698589586,
        "min": 1.05577637441e-05,
        "skew": 3.35059642792,
        "var": 0.000154701207066
    },
    "spectral_flatness_db": {
        "kurt": 0.199218511581,
        "max": 0.368010044098,
        "mean": 0.193214148283,
        "median": 0.183457434177,
        "min": 0.0831992328167,
        "skew": 0.778168320656,
        "var": 0.00314912572503
    },
    "spectral_flux": {
        "kurt": 1.37502145767,
        "max": 0.257389694452,
        "mean": 0.0603398233652,
        "median": 0.0420622341335,
        "min": 0.0054144798778,
        "skew": 1.37555420399,
        "var": 0.0028056979645
    },
    "spectral_kurtosis": {
        "kurt": 5.25701332092,
        "max": 41.881855011,
        "mean": 9.99781990051,
        "median": 8.60865879059,
        "min": 0.957691431046,
        "skew": 1.90651869774,
        "var": 31.0607013702
    },
    "spectral_rms": {
        "kurt": 1.79506397247,
        "max": 0.00975952204317,
        "mean": 0.00231135264039,
        "median": 0.00159919995349,
        "min": 0.000132010216475,
        "skew": 1.47747290134,
        "var": 3.77850028599e-06
    },
    "spectral_rolloff": {
        "kurt": 0.562726259232,
        "max": 4198.97460938,
        "mean": 1217.70178223,
        "median": 904.39453125,
        "min": 150.732421875,
        "skew": 1.20680224895,
        "var": 854008.8125
    },
    "spectral_skewness": {
        "kurt": 1.4765586853,
        "max": 4.9772362709,
        "mean": 2.36802554131,
        "median": 2.28079342842,
        "min": 0.899021565914,
        "skew": 0.926120758057,
        "var": 0.369922190905
    },
    "spectral_spread": {
        "kurt": 12.6287002563,
        "max": 11741711,
        "mean": 3361346,
        "median": 3194348,
        "min": 1533021.125,
        "skew": 2.52422904968,
        "var": 1.14034828902e+12
    },
    "spectral_strongpeak": {
        "kurt": 23.1767063141,
        "max": 4.54700994492,
        "mean": 0.339809566736,
        "median": 0.181878387928,
        "min": 0,
        "skew": 3.96178984642,
        "var": 0.226707428694
    },
    "zerocrossingrate": {
        "kurt": 0.0654106140137,
        "max": 0.107421875,
        "mean": 0.0439031422138,
        "median": 0.04248046875,
        "min": 0.00634765625,
        "skew": 0.514316022396,
        "var": 0.000363786239177
    },
    "barkbands": {
        "kurt": [28.0778656006, 132.255767822, 25.9567337036, 36.9301071167, 32.1038360596, 63.1317367554, 80.934463501, 27.2849502563, 74.6590652466, 48.0574111938, 23.4619674683, 113.208526611, 67.889175415, 41.4312019348, 60.9378738403, 152.48147583, 71.8486938477, 41.1774635315, 411.791748047, 71.1961593628, 66.6657943726, 173.433731079, 103.436714172, 59.2461700439, 48.0882072449, 147.561325073, 60.3921356201],
        "max": [5.59002000955e-05, 0.00343930162489, 0.0175448358059, 0.0561593770981, 0.0689854249358, 0.0274229757488, 0.0195624008775, 0.00822290964425, 0.0241611618549, 0.0101692555472, 0.00542475050315, 0.0111372228712, 0.00726321572438, 0.00274224230088, 0.00315203517675, 0.00828658696264, 0.00603463035077, 0.0052459910512, 0.0307826139033, 0.00526836002246, 0.00273031485267, 0.000942362763453, 0.000124973303173, 3.80456112907e-05, 3.15740871883e-05, 6.07233096162e-06, 1.76953225406e-08],
        "mean": [2.00015460905e-06, 6.77787102177e-05, 0.000784526288044, 0.00189969572239, 0.00243959971704, 0.000848255120218, 0.000463609263534, 0.00035264971666, 0.000507741235197, 0.000309557362925, 0.000248991622357, 0.000194301755982, 0.000187574201846, 9.86045197351e-05, 8.49226853461e-05, 0.000132283428684, 0.00014193172683, 0.000162182026543, 0.000211707680137, 0.000131599517772, 6.32165247225e-05, 1.23103245642e-05, 2.04321804631e-06, 8.84370081167e-07, 8.4646904952e-07, 6.7672807802e-08, 5.72730307624e-10],
        "median": [1.19588577263e-07, 1.51851272676e-05, 7.93256476754e-05, 0.000168330094311, 0.000332219409756, 0.000212501603528, 0.000105787810753, 7.56463414291e-05, 7.81368726166e-05, 5.56806189707e-05, 3.96345421905e-05, 2.64070531557e-05, 2.88038736471e-05, 1.62095711858e-05, 1.41031287058e-05, 2.13905022974e-05, 1.72154832399e-05, 2.2839911253e-05, 1.99984242499e-05, 1.61814787134e-05, 7.33548949938e-06, 1.30079683913e-06, 1.83552074873e-07, 7.44516199802e-08, 5.44378835343e-08, 2.83393797318e-09, 1.04929558098e-10],
        "min": [1.07887650203e-10, 2.15173212581e-08, 1.35592770789e-07, 5.58607212042e-07, 2.75220440926e-06, 1.24236237298e-06, 1.936048875e-06, 5.65657728657e-07, 2.51229766945e-06, 2.63815195467e-07, 8.76768410762e-07, 5.94848017954e-07, 2.97934917626e-07, 2.23288736834e-07, 2.54833793178e-07, 2.51122173722e-07, 3.44520145745e-07, 4.82275027025e-07, 3.49136229261e-07, 2.55302040841e-07, 5.45195142365e-08, 8.93348239828e-09, 3.78239262133e-09, 2.22817542195e-09, 1.40197131682e-09, 7.20255660669e-11, 4.97586347126e-13],
        "skew": [4.88130998611, 10.1007223129, 4.63289546967, 5.30705070496, 4.97202253342, 6.3540225029, 7.87569856644, 4.85059785843, 7.77745485306, 5.75597286224, 4.39341211319, 9.19514846802, 7.50788354874, 5.92082309723, 6.95231056213, 10.6361579895, 7.46971559525, 5.86066961288, 18.751241684, 7.80592107773, 7.54462146759, 11.6541652679, 9.4647064209, 7.090716362, 6.46933746338, 10.7829523087, 7.06625890732],
        "var": [3.30866792297e-11, 4.60412827863e-08, 4.01777697334e-06, 2.74057620118e-05, 4.07028928748e-05, 3.69683448298e-06, 1.88439014437e-06, 8.05113302249e-07, 3.20498020301e-06, 6.18537001174e-07, 3.60859388593e-07, 4.92608421609e-07, 4.04381637509e-07, 8.26593904435e-08, 6.72571687232e-08, 2.2234047492e-07, 2.06006703252e-07, 2.28597357932e-07, 1.79301252956e-06, 2.21208935614e-07, 5.297522776e-08, 2.77724088171e-09, 8.44596198535e-11, 1.08891879888e-11, 1.02139781008e-11, 1.25086098706e-13, 2.78019891334e-18],
        "cov": [[3.31368855966e-11, 2.00306590759e-10, -9.68721436401e-10, -2.97320124076e-09, -2.20380402816e-09, -7.5866718463e-10, -4.08580586031e-10, -3.5186420444e-10, -5.39704336777e-10, -3.24753279823e-10, -2.324326287e-10, -1.87371354543e-10, -1.87139331809e-10, -1.00998515107e-10, -7.22323867386e-11, -1.21867918534e-10, -1.40845793362e-10, -9.28809182343e-11, -2.03610517335e-10, 2.54150411653e-12, -4.36854572699e-13, -2.34943553327e-12, -3.75599453883e-13, 2.72844518246e-13, -6.14522484548e-13, -3.48906559026e-14, -1.26530734573e-16], [2.00306590759e-10, 4.61111469008e-08, 1.87949510178e-07, 6.4771796815e-08, 3.144322136e-07, 1.22575357864e-07, 3.68581503096e-08, 9.68160218662e-09, 2.26176126716e-08, 5.21719467628e-09, 1.20068444076e-08, 2.96195867833e-09, 7.34903693456e-10, 1.7026426935e-09, 8.63904447979e-10, -4.2133299627e-10, 1.11431330829e-09, -1.47294537678e-11, -2.06594541474e-09, 3.70580455211e-09, 1.85042581258e-09, 7.17535475481e-11, 2.47107282553e-11, 3.3509618691e-11, 1.90122119437e-11, 3.04116974659e-12, 2.21527033913e-14], [-9.68721436401e-10, 1.87949510178e-07, 4.02387377108e-06, 8.64885168994e-06, 4.76808008898e-06, 1.03181571376e-06, 2.25961940714e-07, 1.13794257572e-07, 3.4686854633e-07, 1.15582295734e-07, 1.26619383423e-07, -2.75052514098e-08, -2.33415651252e-08, 5.60964652507e-09, -8.59296456213e-09, -1.04697690517e-08, -5.9184745993e-09, -7.55815943165e-09, -7.65802070646e-08, -1.67683342767e-08, -9.19224607543e-09, -2.31593899613e-09, -5.29963406493e-10, -2.00567923381e-10, -2.01172370429e-10, -1.05503617995e-11, 4.28403345513e-14], [-2.97320124076e-09, 6.4771796815e-08, 8.64885168994e-06, 2.74473477475e-05, 1.44109435496e-05, 1.96155701815e-06, 9.01638600226e-07, 6.30255158285e-07, 4.87910767788e-07, 5.0130404361e-07, 3.818726384e-07, -3.44262729435e-09, -1.6296100469e-08, 7.49392299326e-08, 8.86624818008e-09, 1.81493646778e-08, 3.34822942705e-08, 2.88241697177e-08, -1.20664509495e-07, -2.80154877075e-09, -6.63150245828e-09, -1.36818487095e-10, -4.09231398768e-10, -2.58209870152e-10, -2.09568598586e-10, -5.59295275024e-12, 2.70239315951e-13], [-2.20380402816e-09, 3.144322136e-07, 4.76808008898e-06, 1.44109435496e-05, 4.0764658479e-05, 7.59793874749e-06, 4.36026857642e-06, 2.11288897844e-06, 1.44294267557e-06, 1.18034779462e-06, 1.18930199733e-06, 1.12076816094e-06, 5.66514472666e-07, 3.94633929091e-07, 3.61890357681e-07, 3.03693582282e-07, 4.49482740805e-07, 4.50105261507e-07, 4.38802942426e-07, 4.63891069558e-07, 1.89158356534e-07, 3.73998965131e-08, 8.88993056947e-09, 3.95578148016e-09, 4.60994620255e-09, 5.05416763996e-10, 2.81517018898e-12], [-7.5866718463e-10, 1.22575357864e-07, 1.03181571376e-06, 1.96155701815e-06, 7.59793874749e-06, 3.7024442463e-06, 1.58402633588e-06, 5.26490339325e-07, 4.56222096545e-07, 4.18130412072e-07, 4.16667603531e-07, 4.85336897782e-07, 3.25485729036e-07, 1.78875225743e-07, 1.49732429122e-07, 1.50336006755e-07, 1.75655358703e-07, 1.91933494875e-07, 2.10826982538e-07, 1.94209690108e-07, 8.84070061602e-08, 1.71812093441e-08, 3.81963083385e-09, 1.71155201123e-09, 2.21645879428e-09, 2.27394075791e-10, 1.17790456208e-12], [-4.08580586031e-10, 3.68581503096e-08, 2.25961940714e-07, 9.01638600226e-07, 4.36026857642e-06, 1.58402633588e-06, 1.88724959571e-06, 5.04719537275e-07, 2.9911961974e-07, 3.47626382791e-07, 3.27241082232e-07, 4.07908515854e-07, 2.57448306229e-07, 1.78272586027e-07, 1.11476637699e-07, 1.10768503703e-07, 1.14100629389e-07, 1.42611725096e-07, 1.45677461205e-07, 1.16546409856e-07, 6.42479562885e-08, 1.1075143469e-08, 2.3240440683e-09, 9.81880465822e-10, 1.42565326211e-09, 1.45470094304e-10, 7.35624451978e-13], [-3.5186420444e-10, 9.68160218662e-09, 1.13794257572e-07, 6.30255158285e-07, 2.11288897844e-06, 5.26490339325e-07, 5.04719537275e-07, 8.06334981007e-07, 3.76714808681e-07, 2.74144355217e-07, 1.75267132363e-07, 1.61309500868e-07, 1.08383339636e-07, 8.21484675839e-08, 5.28856745063e-08, 7.18331278904e-08, 8.10731464185e-08, 7.79823565722e-08, 8.33983619941e-08, 7.59727782906e-08, 3.16333732542e-08, 7.26406446105e-09, 1.2927950932e-09, 5.50067769112e-10, 5.62510260593e-10, 4.69617643384e-11, 2.59495604258e-13], [-5.39704336777e-10, 2.26176126716e-08, 3.4686854633e-07, 4.87910767788e-07, 1.44294267557e-06, 4.56222096545e-07, 2.9911961974e-07, 3.76714808681e-07, 3.20984349855e-06, 2.1185435628e-07, 2.52601012107e-07, 1.41087411976e-07, 1.22078361642e-07, 1.02723724638e-07, 7.62924301512e-08, 1.24219269537e-07, 1.39109005204e-07, 1.58403366868e-07, 1.09479195487e-07, 1.32545650899e-07, 5.96115015128e-08, 1.04864232853e-08, 1.85360382599e-09, 5.30978705449e-10, 6.01146687984e-10, 4.96675235662e-11, 4.43998570548e-13], [-3.24753279823e-10, 5.21719467628e-09, 1.15582295734e-07, 5.0130404361e-07, 1.18034779462e-06, 4.18130412072e-07, 3.47626382791e-07, 2.74144355217e-07, 2.1185435628e-07, 6.19475599706e-07, 2.56108819485e-07, 3.1590781191e-07, 2.98710972402e-07, 1.38552266549e-07, 1.30596916392e-07, 1.66024932469e-07, 2.14586421521e-07, 2.14718482994e-07, 2.36716033442e-07, 1.80274227546e-07, 9.39494952945e-08, 2.38666970631e-08, 4.10393674599e-09, 1.28360044815e-09, 1.1282045298e-09, 8.10176301047e-11, 5.49930435391e-13], [-2.324326287e-10, 1.20068444076e-08, 1.26619383423e-07, 3.818726384e-07, 1.18930199733e-06, 4.16667603531e-07, 3.27241082232e-07, 1.75267132363e-07, 2.52601012107e-07, 2.56108819485e-07, 3.61406961247e-07, 2.72347079999e-07, 2.4019840339e-07, 1.01870696767e-07, 1.00659789837e-07, 1.55105283284e-07, 1.4302297302e-07, 1.5160054545e-07, 1.77861522843e-07, 1.29496683599e-07, 6.13188078091e-08, 1.46887906283e-08, 3.03442893035e-09, 1.07374309444e-09, 9.0466928393e-10, 6.27387794494e-11, 4.44889486579e-13], [-1.87371354543e-10, 2.96195867833e-09, -2.75052514098e-08, -3.44262729435e-09, 1.12076816094e-06, 4.85336897782e-07, 4.07908515854e-07, 1.61309500868e-07, 1.41087411976e-07, 3.1590781191e-07, 2.72347079999e-07, 4.93355969411e-07, 3.87000085311e-07, 1.32472692371e-07, 1.14669568063e-07, 1.49327803456e-07, 1.63552684285e-07, 1.75856257556e-07, 2.06455169405e-07, 1.47270768025e-07, 7.38361265462e-08, 1.6144882764e-08, 3.58905749565e-09, 1.16394127669e-09, 1.19489762529e-09, 1.0357620317e-10, 6.25247466648e-13], [-1.87139331809e-10, 7.34903693456e-10, -2.33415651252e-08, -1.6296100469e-08, 5.66514472666e-07, 3.25485729036e-07, 2.57448306229e-07, 1.08383339636e-07, 1.22078361642e-07, 2.98710972402e-07, 2.4019840339e-07, 3.87000085311e-07, 4.04995262215e-07, 1.32385238771e-07, 9.80327072853e-08, 1.52685146304e-07, 1.64600663766e-07, 1.77586557015e-07, 2.06078951237e-07, 1.43972982869e-07, 7.44932506791e-08, 1.60060587007e-08, 3.13419268316e-09, 9.95562854378e-10, 9.08545350065e-10, 7.7366217599e-11, 5.02076624633e-13], [-1.00998515107e-10, 1.7026426935e-09, 5.60964652507e-09, 7.49392299326e-08, 3.94633929091e-07, 1.78875225743e-07, 1.78272586027e-07, 8.21484675839e-08, 1.02723724638e-07, 1.38552266549e-07, 1.01870696767e-07, 1.32472692371e-07, 1.32385238771e-07, 8.27848154472e-08, 5.00932308967e-08, 7.02969131794e-08, 8.723242928e-08, 8.68161436074e-08, 1.27527130189e-07, 7.51917994535e-08, 3.70176245212e-08, 8.64378080223e-09, 1.50217871475e-09, 5.52365375661e-10, 5.23295462518e-10, 3.74454182939e-11, 2.39982431713e-13], [-7.22323867386e-11, 8.63904447979e-10, -8.59296456213e-09, 8.86624818008e-09, 3.61890357681e-07, 1.49732429122e-07, 1.11476637699e-07, 5.28856745063e-08, 7.62924301512e-08, 1.30596916392e-07, 1.00659789837e-07, 1.14669568063e-07, 9.80327072853e-08, 5.00932308967e-08, 6.73592310818e-08, 7.48479820345e-08, 8.14173617414e-08, 9.44975653283e-08, 1.36845514476e-07, 8.60395772406e-08, 4.17743919456e-08, 9.5332444161e-09, 1.98455851752e-09, 6.47205344873e-10, 5.797989866e-10, 3.77011928621e-11, 2.6209167215e-13], [-1.21867918534e-10, -4.2133299627e-10, -1.04697690517e-08, 1.81493646778e-08, 3.03693582282e-07, 1.50336006755e-07, 1.10768503703e-07, 7.18331278904e-08, 1.24219269537e-07, 1.66024932469e-07, 1.55105283284e-07, 1.49327803456e-07, 1.52685146304e-07, 7.02969131794e-08, 7.48479820345e-08, 2.22677869033e-07, 1.42322747365e-07, 1.5293812794e-07, 1.98456660883e-07, 1.16815840556e-07, 5.41473887949e-08, 1.24508430233e-08, 2.11820272433e-09, 7.31548654986e-10, 6.2356347863e-10, 3.57477554502e-11, 2.98328175314e-13], [-1.40845793362e-10, 1.11431330829e-09, -5.9184745993e-09, 3.34822942705e-08, 4.49482740805e-07, 1.75655358703e-07, 1.14100629389e-07, 8.10731464185e-08, 1.39109005204e-07, 2.14586421521e-07, 1.4302297302e-07, 1.63552684285e-07, 1.64600663766e-07, 8.723242928e-08, 8.14173617414e-08, 1.42322747365e-07, 2.06319299423e-07, 1.6110902834e-07, 2.96428822821e-07, 1.58099453529e-07, 7.42741761428e-08, 1.69079719115e-08, 3.20238946472e-09, 1.0235763348e-09, 7.39488970058e-10, 5.10612767346e-11, 4.82599041025e-13], [-9.28809182343e-11, -1.47294537678e-11, -7.55815943165e-09, 2.88241697177e-08, 4.50105261507e-07, 1.91933494875e-07, 1.42611725096e-07, 7.79823565722e-08, 1.58403366868e-07, 2.14718482994e-07, 1.5160054545e-07, 1.75856257556e-07, 1.77586557015e-07, 8.68161436074e-08, 9.44975653283e-08, 1.5293812794e-07, 1.6110902834e-07, 2.28944244896e-07, 3.74178995344e-07, 1.79005212431e-07, 8.48998240599e-08, 1.7199692337e-08, 3.18382564757e-09, 1.03413799746e-09, 8.55043369441e-10, 6.14817988187e-11, 4.52241840981e-13], [-2.03610517335e-10, -2.06594541474e-09, -7.65802070646e-08, -1.20664509495e-07, 4.38802942426e-07, 2.10826982538e-07, 1.45677461205e-07, 8.33983619941e-08, 1.09479195487e-07, 2.36716033442e-07, 1.77861522843e-07, 2.06455169405e-07, 2.06078951237e-07, 1.27527130189e-07, 1.36845514476e-07, 1.98456660883e-07, 2.96428822821e-07, 3.74178995344e-07, 1.79573339665e-06, 4.00651543941e-07, 2.09183227184e-07, 2.82193433065e-08, 4.95405760859e-09, 1.86145932002e-09, 1.26702970338e-09, 7.43847136664e-11, 6.81724425175e-13], [2.54150411653e-12, 3.70580455211e-09, -1.67683342767e-08, -2.80154877075e-09, 4.63891069558e-07, 1.94209690108e-07, 1.16546409856e-07, 7.59727782906e-08, 1.32545650899e-07, 1.80274227546e-07, 1.29496683599e-07, 1.47270768025e-07, 1.43972982869e-07, 7.51917994535e-08, 8.60395772406e-08, 1.16815840556e-07, 1.58099453529e-07, 1.79005212431e-07, 4.00651543941e-07, 2.21544610213e-07, 1.00651028845e-07, 1.66214562114e-08, 3.51644668939e-09, 1.11555775728e-09, 8.6798140897e-10, 6.72220820674e-11, 5.21893184051e-13], [-4.36854572699e-13, 1.85042581258e-09, -9.19224607543e-09, -6.63150245828e-09, 1.89158356534e-07, 8.84070061602e-08, 6.42479562885e-08, 3.16333732542e-08, 5.96115015128e-08, 9.39494952945e-08, 6.13188078091e-08, 7.38361265462e-08, 7.44932506791e-08, 3.70176245212e-08, 4.17743919456e-08, 5.41473887949e-08, 7.42741761428e-08, 8.48998240599e-08, 2.09183227184e-07, 1.00651028845e-07, 5.30556150125e-08, 8.75416716895e-09, 1.61010371702e-09, 5.53204704268e-10, 4.52066578616e-10, 3.27513745291e-11, 2.66542376278e-13], [-2.34943553327e-12, 7.17535475481e-11, -2.31593899613e-09, -1.36818487095e-10, 3.73998965131e-08, 1.71812093441e-08, 1.1075143469e-08, 7.26406446105e-09, 1.04864232853e-08, 2.38666970631e-08, 1.46887906283e-08, 1.6144882764e-08, 1.60060587007e-08, 8.64378080223e-09, 9.5332444161e-09, 1.24508430233e-08, 1.69079719115e-08, 1.7199692337e-08, 2.82193433065e-08, 1.66214562114e-08, 8.75416716895e-09, 2.78145506627e-09, 3.56860929696e-10, 1.4429456241e-10, 1.02418858117e-10, 7.02631399244e-12, 5.28171595544e-14], [-3.75599453883e-13, 2.47107282553e-11, -5.29963406493e-10, -4.09231398768e-10, 8.88993056947e-09, 3.81963083385e-09, 2.3240440683e-09, 1.2927950932e-09, 1.85360382599e-09, 4.10393674599e-09, 3.03442893035e-09, 3.58905749565e-09, 3.13419268316e-09, 1.50217871475e-09, 1.98455851752e-09, 2.11820272433e-09, 3.20238946472e-09, 3.18382564757e-09, 4.95405760859e-09, 3.51644668939e-09, 1.61010371702e-09, 3.56860929696e-10, 8.45877812239e-11, 2.56339099253e-11, 2.01709395714e-11, 1.52254738765e-12, 1.00164957912e-14], [2.72844518246e-13, 3.3509618691e-11, -2.00567923381e-10, -2.58209870152e-10, 3.95578148016e-09, 1.71155201123e-09, 9.81880465822e-10, 5.50067769112e-10, 5.30978705449e-10, 1.28360044815e-09, 1.07374309444e-09, 1.16394127669e-09, 9.95562854378e-10, 5.52365375661e-10, 6.47205344873e-10, 7.31548654986e-10, 1.0235763348e-09, 1.03413799746e-09, 1.86145932002e-09, 1.11555775728e-09, 5.53204704268e-10, 1.4429456241e-10, 2.56339099253e-11, 1.09057120973e-11, 8.91232487116e-12, 7.52899695713e-13, 3.93885524715e-15], [-6.14522484548e-13, 1.90122119437e-11, -2.01172370429e-10, -2.09568598586e-10, 4.60994620255e-09, 2.21645879428e-09, 1.42565326211e-09, 5.62510260593e-10, 6.01146687984e-10, 1.1282045298e-09, 9.0466928393e-10, 1.19489762529e-09, 9.08545350065e-10, 5.23295462518e-10, 5.797989866e-10, 6.2356347863e-10, 7.39488970058e-10, 8.55043369441e-10, 1.26702970338e-09, 8.6798140897e-10, 4.52066578616e-10, 1.02418858117e-10, 2.01709395714e-11, 8.91232487116e-12, 1.02294778551e-11, 9.38147454686e-13, 4.00102704196e-15], [-3.48906559026e-14, 3.04116974659e-12, -1.05503617995e-11, -5.59295275024e-12, 5.05416763996e-10, 2.27394075791e-10, 1.45470094304e-10, 4.69617643384e-11, 4.96675235662e-11, 8.10176301047e-11, 6.27387794494e-11, 1.0357620317e-10, 7.7366217599e-11, 3.74454182939e-11, 3.77011928621e-11, 3.57477554502e-11, 5.10612767346e-11, 6.14817988187e-11, 7.43847136664e-11, 6.72220820674e-11, 3.27513745291e-11, 7.02631399244e-12, 1.52254738765e-12, 7.52899695713e-13, 9.38147454686e-13, 1.25275915401e-13, 3.69813949497e-16], [-1.26530734573e-16, 2.21527033913e-14, 4.28403345513e-14, 2.70239315951e-13, 2.81517018898e-12, 1.17790456208e-12, 7.35624451978e-13, 2.59495604258e-13, 4.43998570548e-13, 5.49930435391e-13, 4.44889486579e-13, 6.25247466648e-13, 5.02076624633e-13, 2.39982431713e-13, 2.6209167215e-13, 2.98328175314e-13, 4.82599041025e-13, 4.52241840981e-13, 6.81724425175e-13, 5.21893184051e-13, 2.66542376278e-13, 5.28171595544e-14, 1.00164957912e-14, 3.93885524715e-15, 4.00102704196e-15, 3.69813949497e-16, 2.78441774126e-18]]
    },
    "mfcc": {
        "kurt": [-0.129579305649, 0.706695318222, 0.141931533813, 0.062712430954, 0.36222243309, 0.259948253632, 1.90549755096, 0.460192203522, 0.202001810074, 0.101686954498, 0.38144493103, 0.20449256897, 0.275766611099],
        "max": [-537.768920898, 236.792022705, 26.2623596191, 83.2484741211, 28.4928016663, 17.3435935974, 26.6104431152, 22.0529499054, 26.1511192322, 27.4836063385, 23.8426628113, 21.9698352814, 24.9930496216],
        "mean": [-769.518798828, 163.378082275, -38.2002105713, 40.0227127075, -16.5704479218, -13.553109169, 2.94482588768, -12.1867733002, -3.49642109871, -11.9167232513, -9.18775272369, -6.80049419403, -8.62938594818],
        "median": [-781.537841797, 164.951187134, -35.9589004517, 39.3323097229, -15.8257007599, -12.7292079926, 3.51344680786, -12.8816604614, -4.39789962769, -12.529378891, -8.92602539062, -6.82598304749, -8.13103580475],
        "min": [-968.542236328, 45.0349769592, -126.935134888, -2.29740905762, -59.3573608398, -50.1295585632, -45.9374809265, -33.6014442444, -27.3305549622, -39.6282424927, -33.4539833069, -34.5142974854, -35.0166893005],
        "skew": [0.474288523197, -0.518525421619, -0.374635607004, 0.0866714417934, -0.201200217009, -0.291094213724, -0.726105809212, 0.474014908075, 0.376187324524, 0.270199894905, 0.136041253805, 0.00353077449836, -0.221771895885],
        "var": [6253.08496094, 697.262145996, 497.883148193, 194.927078247, 154.280334473, 114.759963989, 93.3846435547, 81.0252685547, 90.2246780396, 91.1559143066, 69.2811279297, 76.9328765869, 74.8011169434],
        "cov": [[6262.57373047, -361.129608154, -827.978271484, 268.945526123, -457.588592529, 221.457672119, -132.641937256, 12.4125890732, -34.0096740723, -285.470916748, -72.5918502808, -184.287719727, -72.7794799805], [-361.129608154, 698.320251465, 239.115997314, 97.9344558716, 62.6231880188, 11.1337194443, 43.9710922241, -1.9146207571, -4.94135427475, -34.2872772217, -41.1343803406, -14.3815574646, -28.7648601532], [-827.978271484, 239.115997314, 498.638671875, 57.9952392578, 144.058807373, -6.3885102272, 48.6919364929, 1.44015812874, -27.9924449921, -0.179162427783, -40.4638710022, -15.6556558609, -11.1336841583], [268.945526123, 97.9344558716, 57.9952392578, 195.222869873, 16.5423774719, 33.052280426, -0.23351071775, 6.1357254982, 21.4709911346, -17.0612373352, -18.8568344116, -35.278678894, -36.9742889404], [-457.588592529, 62.6231880188, 144.058807373, 16.5423774719, 154.514450073, 3.01263260841, 22.743730545, 4.78435325623, -12.4217767715, 12.1677589417, -13.0500192642, 3.68367600441, 4.60123062134], [221.457672119, 11.1337194443, -6.3885102272, 33.052280426, 3.01263260841, 114.934112549, 30.0630569458, 11.1209974289, 12.9787559509, -13.5414457321, 1.89706456661, -4.38570261002, 8.33885574341], [-132.641937256, 43.9710922241, 48.6919364929, -0.23351071775, 22.743730545, 30.0630569458, 93.5263519287, 33.8956604004, -11.2614583969, -2.61757159233, -7.03246307373, 10.6608858109, 1.89542758465], [12.4125890732, -1.9146207571, 1.44015812874, 6.1357254982, 4.78435325623, 11.1209974289, 33.8956604004, 81.148223877, 25.5303516388, 3.73151040077, 5.91618776321, 7.76564264297, 5.80589962006], [-34.0096740723, -4.94135427475, -27.9924449921, 21.4709911346, -12.4217767715, 12.9787559509, -11.2614583969, 25.5303516388, 90.3615951538, 40.8626556396, 17.7801494598, 6.86953926086, -5.3145070076], [-285.470916748, -34.2872772217, -0.179162427783, -17.0612373352, 12.1677589417, -13.5414457321, -2.61757159233, 3.73151040077, 40.8626556396, 91.2942352295, 36.8986587524, 18.3634262085, 12.6346721649], [-72.5918502808, -41.1343803406, -40.4638710022, -18.8568344116, -13.0500192642, 1.89706456661, -7.03246307373, 5.91618776321, 17.7801494598, 36.8986587524, 69.3862533569, 27.5641365051, 9.98617839813], [-184.287719727, -14.3815574646, -15.6556558609, -35.278678894, 3.68367600441, -4.38570261002, 10.6608858109, 7.76564264297, 6.86953926086, 18.3634262085, 27.5641365051, 77.049621582, 41.0753097534], [-72.7794799805, -28.7648601532, -11.1336841583, -36.9742889404, 4.60123062134, 8.33885574341, 1.89542758465, 5.80589962006, -5.3145070076, 12.6346721649, 9.98617839813, 41.0753097534, 74.9146270752]]
    },
    "sccoeffs": {
        "kurt": [-0.580561876297, 1.20452308655, 3.70704364777, 1.53600215912, 4.67551994324, 0.324213266373],
        "max": [-0.230609819293, -0.408808797598, -0.469054341316, -0.625227510929, -0.59738779068, -0.665642559528],
        "mean": [-0.60177642107, -0.758660972118, -0.802218914032, -0.812593400478, -0.824193775654, -0.782862186432],
        "median": [-0.620079755783, -0.771470665932, -0.81579709053, -0.821611046791, -0.832473695278, -0.784991621971],
        "min": [-0.881991147995, -0.941870331764, -0.923467457294, -0.898579478264, -0.88963830471, -0.868996858597],
        "skew": [0.369908303022, 0.913567662239, 1.60107576847, 1.12361955643, 1.64607417583, 0.402512997389],
        "var": [0.0209383219481, 0.0054970998317, 0.00371370068751, 0.00206051999703, 0.00137129053473, 0.00130641157739],
        "cov": [[0.020970094949, 0.00399136310443, 0.00229598442093, 0.00122372829355, 0.00130536220968, 0.00129407818895], [0.00399136310443, 0.00550544122234, 0.00131811678875, 0.000938474026043, 0.000649490451906, 0.000618887483142], [0.00229598442093, 0.00131811678875, 0.00371933588758, 0.0014052920742, 0.0010806620121, 0.000927784538362], [0.00122372829355, 0.000938474026043, 0.0014052920742, 0.00206364667974, 0.000916016870178, 0.000690538377967], [0.00130536220968, 0.000649490451906, 0.0010806620121, 0.000916016870178, 0.00137337145861, 0.000590116600506], [0.00129407818895, 0.000618887483142, 0.000927784538362, 0.000690538377967, 0.000590116600506, 0.0013083940139]]
    },
    "scvalleys": {
        "kurt": [-0.285917043686, 0.0395357608795, -0.250110387802, 0.0673401355743, 0.113332509995, 0.117006778717],
        "max": [-4.65902376175, -3.9468152523, -4.3742146492, -4.96482753754, -5.09109020233, -7.86198425293],
        "mean": [-6.95516014099, -6.21573066711, -6.7576675415, -7.52889204025, -7.89660072327, -10.8652238846],
        "median": [-6.89675378799, -6.27705621719, -6.83323860168, -7.62732410431, -8.0382232666, -11.0039272308],
        "min": [-9.58898830414, -8.05111694336, -8.69709205627, -9.30377197266, -9.94253730774, -12.7825593948],
        "skew": [-0.234279513359, 0.266782075167, 0.39301353693, 0.484929025173, 0.56742888689, 0.651842415333],
        "var": [0.72578817606, 0.51242184639, 0.682589650154, 0.685248970985, 0.789038062096, 0.942139327526],
        "cov": [[0.726889550686, 0.278436839581, 0.34861600399, 0.307430654764, 0.312808096409, 0.333523750305], [0.278436839581, 0.513199448586, 0.460625141859, 0.445996671915, 0.461303293705, 0.465044558048], [0.34861600399, 0.460625141859, 0.683625459671, 0.602551817894, 0.633223593235, 0.616612374783], [0.307430654764, 0.445996671915, 0.602551817894, 0.686288774014, 0.686476230621, 0.685855150223], [0.312808096409, 0.461303293705, 0.633223593235, 0.686476230621, 0.7902354002, 0.778772175312], [0.333523750305, 0.465044558048, 0.616612374783, 0.685855150223, 0.778772175312, 0.943568944931]]
    }
},
"rhythm": {
    "beats_loudness": {
        "kurt": 0.451190710068,
        "max": 0.0700630024076,
        "mean": 0.0200273245573,
        "median": 0.0149263842031,
        "min": 0.000169739010744,
        "skew": 1.09359896183,
        "var": 0.000306667672703
    },
    "bpm": 163.235580444,
    "confidence": 1.7480506897,
    "first_peak_bpm": {
        "kurt": 0,
        "max": 161,
        "mean": 161,
        "median": 161,
        "min": 161,
        "skew": 0,
        "var": 0
    },
    "first_peak_spread": {
        "kurt": 0,
        "max": 0.272727251053,
        "mean": 0.272727251053,
        "median": 0.272727251053,
        "min": 0.272727251053,
        "skew": 0,
        "var": 0
    },
    "first_peak_weight": {
        "kurt": 0,
        "max": 0.216216221452,
        "mean": 0.216216221452,
        "median": 0.216216221452,
        "min": 0.216216221452,
        "skew": 0,
        "var": 0
    },
    "onset_rate": 5.0338511467,
    "second_peak_bpm": {
        "kurt": 0,
        "max": 172,
        "mean": 172,
        "median": 172,
        "min": 172,
        "skew": 0,
        "var": 0
    },
    "second_peak_spread": {
        "kurt": 0,
        "max": 0,
        "mean": 0,
        "median": 0,
        "min": 0,
        "skew": 0,
        "var": 0
    },
    "second_peak_weight": {
        "kurt": 0,
        "max": 0.135135129094,
        "mean": 0.135135129094,
        "median": 0.135135129094,
        "min": 0.135135129094,
        "skew": 0,
        "var": 0
    },
    "beats_loudness_band_ratio": {
        "kurt": [-1.06970882416, -0.247443199158, 5.83805847168, 0.710104942322, 0.0587103366852, 1.60539722443],
        "max": [0.909211695194, 0.833728313446, 0.518777489662, 0.437480211258, 0.243068814278, 0.196651756763],
        "mean": [0.387059867382, 0.347016662359, 0.136464744806, 0.11655253917, 0.0635217428207, 0.0369884520769],
        "median": [0.409831106663, 0.34892141819, 0.13994204998, 0.0648675858974, 0.021827634424, 0.011392429471],
        "min": [0.0336948111653, 0.0376769825816, 0.0254677981138, 0.00588906789199, 0.00133783998899, 0.000812151178252],
        "skew": [0.136905282736, 0.54033768177, 1.8027100563, 1.31037724018, 1.25665330887, 1.65636980534],
        "var": [0.0627802312374, 0.0404774881899, 0.00825036782771, 0.0157317835838, 0.00583925656974, 0.00256293825805],
        "cov": [[0.0644769892097, -0.00807551015168, -0.0118411015719, -0.0222309753299, -0.0141883669421, -0.00843475852162], [-0.00807551015168, 0.0415714755654, -0.000638562079985, -0.011937010102, -0.00570761505514, -0.00434600561857], [-0.0118411015719, -0.000638562079985, 0.00847335159779, 0.00364350294694, 0.00174083421007, 0.000535928294994], [-0.0222309753299, -0.011937010102, 0.00364350294694, 0.0161569658667, 0.00706636253744, 0.00509285181761], [-0.0141883669421, -0.00570761505514, 0.00174083421007, 0.00706636253744, 0.00599707430229, 0.00342726381496], [-0.00843475852162, -0.00434600561857, 0.000535928294994, 0.00509285181761, 0.00342726381496, 0.00263220677152]]
    },
    "beats_position": [0.336689323187, 0.684988677502, 1.05650794506, 1.43963718414, 1.82276642323, 2.20589566231, 2.60063481331, 2.97215414047, 3.34367346764, 3.7151927948, 4.07510185242, 4.43501138687, 4.79492044449, 5.16644001007, 5.52634906769, 5.87464857101, 6.2229475975, 6.57124710083, 6.91954612732, 7.2910656929, 7.66258478165, 8.05732440948, 8.42884349823, 8.83519268036, 9.287981987, 9.75238037109, 10.2167797089, 10.6463489532, 11.0759181976, 11.4938774109, 11.9350566864, 12.3530158997, 12.7709751129, 13.1889343262, 13.6301136017, 14.0596818924, 14.5008611679, 14.9420404434],
    "bpm_estimates": [161.499023438, 161.49899292, 161.49899292, 161.49899292, 166.708786011, 166.708557129, 166.708786011, 161.498901367, 166.708786011, 161.498901367, 161.499099731, 161.499099731],
    "bpm_intervals": [0.348299354315, 0.371519267559, 0.383129239082, 0.383129239082, 0.383129239082, 0.394739151001, 0.371519327164, 0.371519327164, 0.371519327164, 0.359909057617, 0.359909534454, 0.359909057617, 0.371519565582, 0.359909057617, 0.348299503326, 0.348299026489, 0.348299503326, 0.348299026489, 0.371519565582, 0.371519088745, 0.394739627838, 0.371519088745, 0.406349182129, 0.452789306641, 0.464398384094, 0.464399337769, 0.429569244385, 0.429569244385, 0.417959213257, 0.441179275513, 0.417959213257, 0.417959213257, 0.417959213257, 0.441179275513, 0.42956829071, 0.441179275513, 0.441179275513],
    "onset_times": [0.0348299331963, 0.243809521198, 0.46439909935, 0.49922901392, 0.661768734455, 0.940408170223, 1.04489791393, 1.42802715302, 2.11301589012, 2.21750569344, 2.5890250206, 2.89088439941, 2.96054410934, 3.54104304314, 3.7151927948, 3.98222231865, 4.07510185242, 4.43501138687, 5.05034017563, 5.14321994781, 5.42185926437, 5.51473903656, 5.86303853989, 6.04879808426, 6.28099775314, 6.39709758759, 6.5596370697, 6.79183673859, 6.93115663528, 7.14013624191, 7.27945566177, 7.4884352684, 7.67419481277, 7.7670750618, 7.99927425385, 8.06893444061, 8.39401340485, 8.6146030426, 8.74231338501, 8.85841274261, 9.10222244263, 9.27637195587, 9.38086128235, 9.52018165588, 9.70594120026, 9.91492080688, 10.2167797089, 10.4141492844, 10.6463489532, 10.7508392334, 10.9133787155, 11.0759181976, 11.261677742, 11.4938774109, 11.598367691, 11.6912469864, 11.7957372665, 11.9466667175, 12.1672563553, 12.3762359619, 12.4691152573, 12.5619955063, 12.6664848328, 12.7709751129, 12.8754644394, 12.9683446884, 13.0728340149, 13.1889343262, 13.2934236526, 13.3630838394, 13.5024032593, 13.9784126282, 14.2106122971, 14.5008621216, 14.6053514481, 14.9536504745, 15.2787303925],
    "histogram": [[0, 0, 0, 0, 0, 0, 0, 0, 0, 0, 0, 0, 0, 0, 0, 0, 0, 0, 0, 0, 0, 0, 0, 0, 0, 0, 0, 0, 0, 0, 0, 0, 0, 0, 0, 0, 0, 0, 0, 0, 0, 0, 0, 0, 0, 0, 0, 0, 0, 0, 0, 0, 0, 0, 0, 0, 0, 0, 0, 0, 0, 0, 0, 0, 0, 0, 0, 0, 0, 0, 0, 0, 0, 0, 0, 0, 0, 0, 0, 0, 0, 0, 0, 0, 0, 0, 0, 0, 0, 0, 0, 0, 0, 0, 0, 0, 0, 0, 0, 0, 0, 0, 0, 0, 0, 0, 0, 0, 0, 0, 0, 0, 0, 0, 0, 0, 0, 0, 0, 0, 0, 0, 0, 0, 0, 0, 0, 0, 0, 0.0540540553629, 0, 0, 0, 0.0270270276815, 0, 0, 0.108108110726, 0, 0, 0, 0.0810810774565, 0, 0, 0, 0.108108110726, 0, 0, 0, 0.0270270276815, 0, 0, 0, 0.0540540553629, 0, 0, 0, 0, 0.0810810774565, 0, 0, 0, 0.216216221452, 0, 0, 0, 0, 0, 0.108108110726, 0, 0, 0, 0, 0.135135129094, 0, 0, 0, 0, 0, 0, 0, 0, 0, 0, 0, 0, 0, 0, 0, 0, 0, 0, 0, 0, 0, 0, 0, 0, 0, 0, 0, 0, 0, 0, 0, 0, 0, 0, 0, 0, 0, 0, 0, 0, 0, 0, 0, 0, 0, 0, 0, 0, 0, 0, 0, 0, 0, 0, 0, 0, 0, 0, 0, 0, 0, 0, 0, 0, 0, 0, 0, 0, 0, 0, 0, 0, 0, 0, 0, 0, 0]]
},
"sfx": {
    "inharmonicity": {
        "kurt": 0.308616161346,
        "max": 0.350895434618,
        "mean": 0.0941850095987,
        "median": 0.0720196440816,
        "min": 0,
        "skew": 0.993001580238,
        "var": 0.00620424607769
    },
    "oddtoevenharmonicenergyratio": {
        "kurt": 23.4719924927,
        "max": 15.3674783707,
        "mean": 1.06184339523,
        "median": 0.480606734753,
        "min": 0,
        "skew": 4.43634033203,
        "var": 3.8121638298
    },
    "pitch_after_max_to_before_max_energy_ratio": 9.49815750122,
    "pitch_centroid": 322.195922852,
    "pitch_max_to_total": 0.125757575035,
    "pitch_min_to_total": 0.619696974754,
    "tristimulus": {
        "kurt": [1.21700763702, 0.763617038727, -0.0711643695831],
        "max": [1, 0.930448412895, 0.863077282906],
        "mean": [0.292353391647, 0.357573956251, 0.350072443485],
        "median": [0.268323630095, 0.342552900314, 0.348386287689],
        "min": [0, 0, 0],
        "skew": [0.932082235813, 0.631080448627, 0.0992944687605],
        "var": [0.0431651361287, 0.0254572033882, 0.0272123217583],
        "cov": [[0.0432306341827, -0.020736426115, -0.0224941838533], [-0.020736426115, 0.025495832786, -0.00475939875469], [-0.0224941838533, -0.00475939875469, 0.0272536147386]]
    }
},
"tonal": {
    "chords_changes_rate": 0.123867072165,
    "chords_number_rate": 0.0302114803344,
    "chords_strength": {
        "kurt": -0.171765327454,
        "max": 0.754475474358,
        "mean": 0.517225861549,
        "median": 0.522748172283,
        "min": 0.263604879379,
