{
"metadata": {
    "version": {
        "essentia": "2.1-beta3"
    }
},
"lowLevel": {
    "average_loudness": 0.148644894361,
    "barkbands_kurtosis": {
        "kurt": 21.4227561951,
        "max": 35.2306785583,
        "mean": 1.83823800087,
        "median": 0.699285030365,
        "min": -1.70411002636,
        "skew": 4.02685642242,
        "var": 17.4395484924
    },
    "barkbands_skewness": {
        "kurt": 2.2140173912,
        "max": 5.11588907242,
        "mean": 0.751742959023,
        "median": 0.768098115921,
        "min": -2.49675011635,
        "skew": 0.477275043726,
        "var": 0.807291209698
    },
    "barkbands_spread": {
        "kurt": 2.29047441483,
        "max": 41.2979812622,
        "mean": 11.9474096298,
        "median": 10.9385261536,
        "min": 1.04092156887,
        "skew": 1.16401767731,
        "var": 33.5958786011
    },
    "dissonance": {
        "kurt": 16.0493354797,
        "max": 0.500000119209,
        "mean": 0.462920129299,
        "median": 0.473494708538,
        "min": 0.0857606306672,
        "skew": -2.82980132103,
        "var": 0.00130883138627
    },
    "hfc": {
        "kurt": 119.20426178,
        "max": 62.3740005493,
        "mean": 1.29362475872,
        "median": 0.356450676918,
        "min": 1.15572219348e-16,
        "skew": 9.75898265839,
        "var": 16.4227428436
    },
    "pitch": {
        "kurt": 64.15259552,
        "max": 4590.99169922,
        "mean": 436.761383057,
        "median": 395.313049316,
        "min": 84.6335983276,
        "skew": 6.59828281403,
        "var": 126573.34375
    },
    "pitch_instantaneous_confidence": {
        "kurt": -0.944164514542,
        "max": 0.969845533371,
        "mean": 0.4959166646,
        "median": 0.456237912178,
        "min": 0.131326436996,
        "skew": 0.421304583549,
        "var": 0.0424423739314
    },
    "pitch_salience": {
        "kurt": 0.625786542892,
        "max": 0.958953022957,
        "mean": 0.639118432999,
        "median": 0.658095598221,
        "min": 0.155373573303,
        "skew": -0.844940781593,
        "var": 0.0151621857658
    },
    "silence_rate_20dB": {
        "kurt": 0,
        "max": 1,
        "mean": 1,
        "median": 1,
        "min": 1,
        "skew": 0,
        "var": 0
    },
    "silence_rate_30dB": {
        "kurt": 0,
        "max": 1,
        "mean": 1,
        "median": 1,
        "min": 1,
        "skew": 0,
        "var": 0
    },
    "silence_rate_60dB": {
        "kurt": 18.3643493652,
        "max": 1,
        "mean": 0.957116782665,
        "median": 1,
        "min": 0,
        "skew": -4.51258182526,
        "var": 0.0410440415144
    },
    "spectral_centroid": {
        "kurt": 67.6468048096,
        "max": 10454.7226562,
        "mean": 1230.23876953,
        "median": 1075.70019531,
        "min": 498.246673584,
        "skew": 5.39367485046,
        "var": 320322
    },
    "spectral_complexity": {
        "kurt": 43.0202598572,
        "max": 33,
        "mean": 1.82937955856,
        "median": 1,
        "min": 0,
        "skew": 4.38395452499,
        "var": 5.82219266891
    },
    "spectral_crest": {
        "kurt": 1.46763420105,
        "max": 25.5462322235,
        "mean": 9.25472640991,
        "median": 7.93463420868,
        "min": 2.87852621078,
        "skew": 1.32351839542,
        "var": 19.1189918518
    },
    "spectral_decrease": {
        "kurt": 118.711845398,
        "max": -9.01186315514e-29,
        "mean": -2.09783815319e-10,
        "median": -7.99447869015e-11,
        "min": -9.56482804071e-09,
        "skew": -9.80543231964,
        "var": 3.77277232482e-19
    },
    "spectral_energy": {
        "kurt": 119.241096497,
        "max": 0.0417572930455,
        "mean": 0.000909106747713,
        "median": 0.000338574463967,
        "min": 1.08228682931e-20,
        "skew": 9.81736564636,
        "var": 7.1918930189e-06
    },
    "spectral_energyband_high": {
        "kurt": 28.9807300568,
        "max": 0.000780041038524,
        "mean": 3.10028299282e-05,
        "median": 4.15706745116e-06,
        "min": 7.95406052597e-21,
        "skew": 4.8359079361,
        "var": 6.25852747405e-09
    },
    "spectral_energyband_low": {
        "kurt": 495.520172119,
        "max": 5.99913983024e-05,
        "mean": 4.7544165227e-07,
        "median": 1.6980895623e-07,
        "min": 1.92951717102e-22,
        "skew": 19.9884414673,
        "var": 4.89140542306e-12
    },
    "spectral_energyband_middle_high": {
        "kurt": 135.210281372,
        "max": 0.0412099212408,
        "mean": 0.000684702652507,
        "median": 0.000142774835695,
        "min": 1.48197050486e-21,
        "skew": 10.5121192932,
        "var": 6.54198174743e-06
    },
    "spectral_energyband_middle_low": {
        "kurt": 259.429199219,
        "max": 0.00778513541445,
        "mean": 0.000199898058781,
        "median": 0.00013531660079,
        "min": 3.92512750683e-22,
        "skew": 13.4615354538,
        "var": 1.14307020738e-07
    },
    "spectral_flatness_db": {
        "kurt": 1.54993152618,
        "max": 0.379329234362,
        "mean": 0.213583767414,
        "median": 0.207193925977,
        "min": 0.0668041855097,
        "skew": 0.881658792496,
        "var": 0.00160690734629
    },
    "spectral_flux": {
        "kurt": 44.5311851501,
        "max": 0.191518455744,
        "mean": 0.0163103472441,
        "median": 0.0125265475363,
        "min": 1.04033018311e-10,
        "skew": 5.5656785965,
        "var": 0.000289353512926
    },
    "spectral_kurtosis": {
        "kurt": 1.32866716385,
        "max": 24.7050628662,
        "mean": 8.04105854034,
        "median": 7.61863040924,
        "min": -1.20700371265,
        "skew": 0.80255228281,
        "var": 14.9006319046
    },
    "spectral_rms": {
        "kurt": 24.6482200623,
        "max": 0.00638269726187,
        "mean": 0.000721590651665,
        "median": 0.000574731617235,
        "min": 3.2494454176e-12,
        "skew": 3.92064619064,
        "var": 3.66240413996e-07
    },
    "spectral_rolloff": {
        "kurt": 52.2999076843,
        "max": 18303.2226562,
        "mean": 1875.2364502,
        "median": 1604.22363281,
        "min": 473.73046875,
        "skew": 4.59542131424,
        "var": 1137738.375
    },
    "spectral_skewness": {
        "kurt": 0.81192278862,
        "max": 4.12774848938,
        "mean": 2.33360075951,
        "median": 2.37462759018,
        "min": 0.0444544479251,
        "skew": -0.46880954504,
        "var": 0.335695892572
    },
    "spectral_spread": {
        "kurt": 214.539138794,
        "max": 41261304,
        "mean": 4209594,
        "median": 3920112.5,
        "min": 1927459.625,
        "skew": 10.6509952545,
        "var": 2.83916055347e+12
    },
    "spectral_strongpeak": {
        "kurt": 26.5533428192,
        "max": 7.80482387543,
        "mean": 0.474172204733,
        "median": 0.206737756729,
        "min": 1.46951242841e-10,
        "skew": 4.26187753677,
        "var": 0.574369072914
    },
    "zerocrossingrate": {
        "kurt": 65.9584121704,
        "max": 0.49658203125,
        "mean": 0.0667978525162,
        "median": 0.0595703125,
        "min": 0.02197265625,
        "skew": 5.95200872421,
        "var": 0.000963789934758
    },
    "barkbands": {
        "kurt": [74.5425338745, 77.9682846069, 189.50428772, 810.840332031, 671.757202148, 377.55847168, 85.6329879761, 50.5079917908, 486.093688965, 220.137802124, 107.443611145, 140.698013306, 215.167205811, 311.328216553, 138.297317505, 167.31439209, 134.254074097, 316.070953369, 164.813858032, 55.8043365479, 33.5483779907, 146.219619751, 85.4157791138, 176.532989502, 325.555297852, 417.496612549, 89.3629837036],
        "max": [1.81032444591e-09, 1.14813690288e-06, 1.64689408848e-05, 7.78968678787e-05, 0.000992901390418, 0.00133020814974, 0.00119827024173, 0.000800315407105, 0.00770601117983, 0.00238747266121, 0.00225769565441, 0.0119560062885, 0.0372141748667, 0.0147577598691, 0.00268839509226, 0.00277600926347, 0.00363630638458, 0.0014158510603, 0.000253022066317, 0.000490962644108, 0.000506978016347, 0.000326583220158, 2.49576878559e-05, 1.04324562926e-05, 1.14053373181e-05, 2.87232387564e-06, 4.17872758618e-09],
        "mean": [5.64869470643e-11, 3.07818019962e-08, 1.93085227806e-07, 5.83388384712e-07, 1.11878671305e-05, 2.53673697443e-05, 3.91201465391e-05, 3.60656158591e-05, 7.30882675271e-05, 4.63974938611e-05, 4.63663636765e-05, 0.000129111605929, 0.000233978571487, 8.26186224003e-05, 4.43767821707e-05, 3.74218507204e-05, 5.3858566389e-05, 9.87980820355e-06, 3.97795110985e-06, 1.29728468892e-05, 1.7018566723e-05, 4.70017994303e-06, 5.26956569047e-07, 1.31355506028e-07, 1.19742495031e-07, 1.48060577132e-08, 7.62715793301e-11],
        "median": [2.08870629126e-11, 6.92270374358e-09, 5.53416370508e-08, 2.76910100183e-07, 7.29521116227e-06, 1.54991794261e-05, 2.2038082534e-05, 1.77177153091e-05, 3.00762112602e-05, 2.26273768931e-05, 1.2852619875e-05, 8.55477446748e-06, 9.56742769631e-06, 6.9912989602e-06, 8.94802360563e-06, 6.62530965201e-06, 4.15517797592e-06, 1.65700816979e-06, 1.23345580505e-06, 2.10502525988e-06, 1.75897412191e-06, 4.96160907915e-07, 1.00733686281e-07, 3.58976208759e-08, 4.26091020245e-08, 1.90155513557e-09, 1.72545797095e-11],
        "min": [1.15540062832e-23, 6.19653333386e-23, 1.0434502376e-22, 1.9689805689e-23, 5.82920246215e-23, 2.70293281081e-23, 2.167842779e-23, 1.75588484682e-22, 8.43568030345e-23, 2.59901584822e-23, 6.03509768277e-23, 5.63996167297e-23, 1.58373204702e-22, 1.45651276437e-22, 1.17991187771e-22, 1.4818548894e-22, 1.17610249996e-22, 2.44662950457e-22, 2.24077719798e-22, 5.27589012209e-22, 4.85165107711e-22, 4.13707587805e-22, 8.3091857631e-22, 7.53371706548e-22, 1.07363974249e-21, 1.91544050984e-21, 2.30892907515e-21],
        "skew": [7.31976556778, 7.61108493805, 12.5480690002, 26.7810707092, 24.0355472565, 16.6906261444, 7.7003903389, 5.89631509781, 19.978094101, 11.9334182739, 9.47744464874, 10.2326087952, 14.100315094, 16.7635231018, 9.47507476807, 11.329082489, 9.93269062042, 16.8322525024, 11.2080583572, 6.53108310699, 5.04773950577, 10.6108560562, 8.17835235596, 12.0314073563, 15.6859292984, 18.7603225708, 8.64289093018],
        "var": [1.58224303104e-20, 6.4443266126e-15, 7.5947581557e-13, 6.33351747784e-12, 1.13213372011e-09, 2.75210898515e-09, 5.31279598093e-09, 4.1307952614e-09, 8.27195520969e-08, 1.14745795088e-08, 2.47086067162e-08, 4.02007827915e-07, 3.9232686504e-06, 4.54063837196e-07, 1.90645277343e-08, 2.27205276815e-08, 4.60842102257e-08, 4.14205247878e-09, 1.73997413699e-10, 1.4679116811e-09, 2.07691241982e-09, 3.42231659678e-10, 3.02462633932e-12, 3.05311657033e-13, 2.20416729573e-13, 1.26508461842e-14, 8.52482128786e-20],
        "cov": [[1.58368801217e-20, 3.19822404507e-19, 1.1935207906e-17, 3.68243371741e-17, 3.79640669885e-16, 4.35309607473e-16, 7.60789323114e-16, 4.86217716971e-16, 6.86763302205e-15, 2.15550826835e-15, 2.68474271236e-15, 1.81292867274e-14, 8.07977003445e-14, 5.1172560384e-14, 3.34108207341e-15, 3.49027422158e-15, 6.3000747841e-15, 1.96421879446e-15, 2.14632722529e-16, 1.66354729742e-15, 1.58242112871e-15, 4.24206434902e-16, 9.94770117809e-17, 3.25977155592e-17, 2.50323332573e-17, 5.28068752972e-18, 1.61033469856e-20], [3.19822404507e-19, 6.45021179752e-15, 2.40128826112e-14, 1.87494859455e-14, 2.3600807181e-13, 7.69921778242e-13, -1.44531034276e-13, 1.58589572139e-13, 7.13757612042e-13, 1.28614024812e-13, 5.28443662526e-14, -1.93946768368e-12, -3.49790140429e-12, -9.51166296875e-14, 2.56323337122e-13, -1.1393319556e-13, 3.25982215396e-13, 2.69172044273e-14, 9.66717754024e-14, -5.02474648803e-14, -1.51707856347e-13, -4.07116052296e-14, 4.41567381008e-15, 3.374886576e-16, -7.97509366048e-16, -2.45699985211e-16, -8.4275843974e-19], [1.1935207906e-17, 2.40128826112e-14, 7.601693797e-13, 1.63224034982e-12, 1.96904697408e-11, 2.61123553336e-11, 2.35786281992e-12, 5.72424269443e-12, 2.13234100516e-11, 4.12623893387e-11, 1.72011484917e-11, 1.02425802215e-11, 2.36480279803e-11, 2.06829223887e-11, 5.69362369751e-11, 4.4208726957e-11, 3.99216076863e-11, 2.10860235522e-11, 5.84413420435e-12, 9.78416132835e-12, 7.22729341651e-12, 3.85951643908e-12, 5.03025138904e-13, 1.42417300826e-13, 7.93389673078e-14, 8.34076477183e-15, 3.83090601992e-17], [3.68243371741e-17, 1.87494859455e-14, 1.63224034982e-12, 6.33930147959e-12, 7.32435154194e-11, 6.07457903423e-11, 4.51862592482e-12, 1.30646890875e-11, 7.52674866877e-11, 1.69554828511e-10, 7.84236217632e-11, 4.68748824478e-11, -9.60939972885e-14, 5.18496391655e-11, 2.04772532264e-10, 1.84178436391e-10, 9.8042921004e-11, 8.00496544051e-11, 1.53328114094e-11, 2.96895355523e-11, 2.02638912594e-11, 1.67208885626e-11, 1.69373542969e-12, 5.55828386789e-13, 2.94459091442e-13, 3.12313922553e-14, 1.4210498379e-16], [3.79640669885e-16, 2.3600807181e-13, 1.96904697408e-11, 7.32435154194e-11, 1.13316755979e-09, 1.17296472535e-09, 1.69007238759e-10, 3.0579125343e-10, 1.14622045189e-09, 2.22053331278e-09, 1.06662934041e-09, 1.82175302621e-10, 9.74226144201e-10, 5.48228018538e-10, 2.67465982695e-09, 2.38385777784e-09, 1.59735991101e-09, 1.10825970623e-09, 2.64253813276e-10, 4.48138193221e-10, 3.81049136688e-10, 2.16857948265e-10, 2.43392788563e-11, 7.42642839585e-12, 4.18062893331e-12, 4.47796937334e-13, 2.01675410719e-15], [4.35309607473e-16, 7.69921778242e-13, 2.61123553336e-11, 6.07457903423e-11, 1.17296472535e-09, 2.75462230803e-09, 4.59476734438e-10, 3.96573135442e-10, 1.2519085768e-09, 1.92617366501e-09, 9.38499500336e-10, -5.74870463732e-11, 1.0250518212e-09, 8.7558360562e-10, 2.97053626142e-09, 2.50658271916e-09, 3.55635099147e-09, 1.07403330674e-09, 4.5609835353e-10, 7.26620819069e-10, 6.71404820629e-10, 1.80741213662e-10, 2.81314416206e-11, 7.25959830444e-12, 4.07351452916e-12, 3.38503341026e-13, 1.79856096108e-15], [7.60789323114e-16, -1.44531034276e-13, 2.35786281992e-12, 4.51862592482e-12, 1.69007238759e-10, 4.59476734438e-10, 5.31764765554e-09, 2.53620485724e-10, -1.36416822283e-10, 2.30310950866e-10, 1.37447761506e-10, 1.26422061708e-09, 3.07267433719e-09, 3.43030603922e-10, 9.33634280997e-10, 1.71228597967e-09, 1.89961824049e-09, 1.07339623301e-10, 7.86701190303e-11, 3.39023920048e-10, 2.39490149934e-10, 9.85120231917e-12, 3.19347673305e-12, 1.13128788021e-12, 7.21948108934e-13, 1.41512479903e-13, 1.14462431487e-15], [4.86217716971e-16, 1.58589572139e-13, 5.72424269443e-12, 1.30646890875e-11, 3.0579125343e-10, 3.96573135442e-10, 2.53620485724e-10, 4.13456779924e-09, 1.12445941447e-09, 7.87582332684e-10, 3.05851594051e-10, 3.42636496953e-09, -2.99604541176e-09, -6.94204249641e-10, 9.85752146576e-10, 4.34495439627e-10, 1.98300309506e-09, 1.52262466524e-10, 1.09403777704e-10, 1.67633365522e-10, 3.95353576266e-11, 1.59399732996e-11, 5.0500558596e-12, 1.23925153993e-12, 8.77828734182e-13, 6.98924764093e-14, 1.03644666668e-15], [6.86763302205e-15, 7.13757612042e-13, 2.13234100516e-11, 7.52674866877e-11, 1.14622045189e-09, 1.2519085768e-09, -1.36416822283e-10, 1.12445941447e-09, 8.27950970006e-08, 7.47318473771e-09, 2.39365078869e-08, 5.96071529912e-08, -1.64618652043e-09, 3.16570325509e-09, 2.84206036483e-09, 3.23605808816e-09, 1.57969370917e-09, 1.76086956127e-09, 3.72499309176e-10, 5.1014575897e-10, 4.76160333385e-10, 2.13351836198e-10, 3.56397446277e-11, 8.05480855626e-12, 4.36769977824e-12, 6.78263760261e-13, 6.85539212542e-15], [2.15550826835e-15, 1.28614024812e-13, 4.12623893387e-11, 1.69554828511e-10, 2.22053331278e-09, 1.92617366501e-09, 2.30310950866e-10, 7.87582332684e-10, 7.47318473771e-09, 1.14850582378e-08, 6.27668628184e-09, 1.26447563531e-08, -2.26961205385e-09, 4.86764584195e-09, 6.29325214163e-09, 5.97922245049e-09, 2.93106094951e-09, 2.42828313013e-09, 4.77977157853e-10, 8.7708951213e-10, 7.34612870534e-10, 5.40198275001e-10, 5.39310852921e-11, 1.81946662597e-11, 1.00432440142e-11, 1.22690215192e-12, 5.75678107547e-15], [2.68474271236e-15, 5.28443662526e-14, 1.72011484917e-11, 7.84236217632e-11, 1.06662934041e-09, 9.38499500336e-10, 1.37447761506e-10, 3.05851594051e-10, 2.39365078869e-08, 6.27668628184e-09, 2.47311717771e-08, 2.42858533284e-08, -4.55523263554e-09, 1.52340662307e-09, 3.74126951641e-09, 3.1197635586e-09, 1.98822247555e-09, 1.42434919415e-09, 2.73123662575e-10, 4.11776640563e-10, 2.54383236697e-10, 2.32745114848e-10, 2.89779832074e-11, 7.75248094886e-12, 4.03154246098e-12, 2.27976790007e-13, 2.8492026294e-15], [1.81292867274e-14, -1.93946768368e-12, 1.02425802215e-11, 4.68748824478e-11, 1.82175302621e-10, -5.74870463732e-11, 1.26422061708e-09, 3.42636496953e-09, 5.96071529912e-08, 1.26447563531e-08, 2.42858533284e-08, 4.02374979558e-07, 2.23187690551e-08, 1.32726907243e-09, 2.40080808567e-08, 3.06240854897e-09, 3.92780492575e-08, 1.73203762444e-09, 7.20959181244e-10, 5.25276622199e-09, 2.24839125096e-09, 8.15812195576e-10, 7.1122358003e-11, 1.76508981042e-11, 2.61953930769e-11, 1.55973118535e-12, 3.1671903598e-14], [8.07977003445e-14, -3.49790140429e-12, 2.36480279803e-11, -9.60939972885e-14, 9.74226144201e-10, 1.0250518212e-09, 3.07267433719e-09, -2.99604541176e-09, -1.64618652043e-09, -2.26961205385e-09, -4.55523263554e-09, 2.23187690551e-08, 3.92685160477e-06, 3.99646751248e-07, 2.82725776124e-09, 6.91545452014e-08, 1.50779015939e-08, 7.57528439976e-08, 2.28468421959e-09, 2.32804850953e-08, 3.03830347548e-08, 1.30239978802e-08, 1.36231270709e-09, 6.47333353587e-10, 6.42686071028e-10, 1.67281036245e-10, 4.30094761888e-13], [5.1172560384e-14, -9.51166296875e-14, 2.06829223887e-11, 5.18496391655e-11, 5.48228018538e-10, 8.7558360562e-10, 3.43030603922e-10, -6.94204249641e-10, 3.16570325509e-09, 4.86764584195e-09, 1.52340662307e-09, 1.32726907243e-09, 3.99646751248e-07, 4.54478509937e-07, 5.13325648654e-09, 1.672778005e-08, 1.19118173103e-08, 5.03714625566e-09, 5.88223914022e-10, 6.87408130418e-09, 9.92210136275e-09, 1.79572601233e-09, 6.58896437411e-10, 2.29829100196e-10, 1.11317177698e-10, 3.69662217503e-11, 7.74891828763e-14], [3.34108207341e-15, 2.56323337122e-13, 5.69362369751e-11, 2.04772532264e-10, 2.67465982695e-09, 2.97053626142e-09, 9.33634280997e-10, 9.85752146576e-10, 2.84206036483e-09, 6.29325214163e-09, 3.74126951641e-09, 2.40080808567e-08, 2.82725776124e-09, 5.13325648654e-09, 1.90819378076e-08, 8.40351255249e-09, 1.77365446774e-08, 3.20500870288e-09, 9.11299480322e-10, 2.72981126592e-09, 1.79940995437e-09, 8.31444690874e-10, 7.14498182841e-11, 2.29402191687e-11, 1.41165516776e-11, 1.35164373184e-12, 1.0607895042e-14], [3.49027422158e-15, -1.1393319556e-13, 4.4208726957e-11, 1.84178436391e-10, 2.38385777784e-09, 2.50658271916e-09, 1.71228597967e-09, 4.34495439627e-10, 3.23605808816e-09, 5.97922245049e-09, 3.1197635586e-09, 3.06240854897e-09, 6.91545452014e-08, 1.672778005e-08, 8.40351255249e-09, 2.27412755294e-08, 6.11696737707e-09, 3.88763377046e-09, 9.04511465727e-10, 2.09459649625e-09, 1.92269222765e-09, 7.90104814907e-10, 9.45201833469e-11, 3.38815850376e-11, 2.11444889375e-11, 4.32397867511e-12, 1.50428985674e-14], [6.3000747841e-15, 3.25982215396e-13, 3.99216076863e-11, 9.8042921004e-11, 1.59735991101e-09, 3.55635099147e-09, 1.89961824049e-09, 1.98300309506e-09, 1.57969370917e-09, 2.93106094951e-09, 1.98822247555e-09, 3.92780492575e-08, 1.50779015939e-08, 1.19118173103e-08, 1.77365446774e-08, 6.11696737707e-09, 4.61262956719e-08, 2.36310038204e-09, 1.06876674177e-09, 2.79343348453e-09, 2.77381806413e-09, 8.18331014063e-10, 7.90695009467e-11, 2.03819374572e-11, 1.26011406171e-11, 7.0199857212e-13, 1.82187876168e-14], [1.96421879446e-15, 2.69172044273e-14, 2.10860235522e-11, 8.00496544051e-11, 1.10825970623e-09, 1.07403330674e-09, 1.07339623301e-10, 1.52262466524e-10, 1.76086956127e-09, 2.42828313013e-09, 1.42434919415e-09, 1.73203762444e-09, 7.57528439976e-08, 5.03714625566e-09, 3.20500870288e-09, 3.88763377046e-09, 2.36310038204e-09, 4.14583523067e-09, 3.46647682781e-10, 6.79551026561e-10, 1.00375263656e-09, 6.40657304984e-10, 5.30254277986e-11, 2.06484950666e-11, 2.48039609685e-11, 2.69269198952e-12, 1.01418117746e-14], [2.14632722529e-16, 9.66717754024e-14, 5.84413420435e-12, 1.53328114094e-11, 2.64253813276e-10, 4.5609835353e-10, 7.86701190303e-11, 1.09403777704e-10, 3.72499309176e-10, 4.77977157853e-10, 2.73123662575e-10, 7.20959181244e-10, 2.28468421959e-09, 5.88223914022e-10, 9.11299480322e-10, 9.04511465727e-10, 1.06876674177e-09, 3.46647682781e-10, 1.74156328248e-10, 2.20564663755e-10, 2.38538966357e-10, 8.38881741849e-11, 1.1202878035e-11, 3.05109778588e-12, 1.640564312e-12, 1.94363256501e-13, 8.49298230993e-16], [1.66354729742e-15, -5.02474648803e-14, 9.78416132835e-12, 2.96895355523e-11, 4.48138193221e-10, 7.26620819069e-10, 3.39023920048e-10, 1.67633365522e-10, 5.1014575897e-10, 8.7708951213e-10, 4.11776640563e-10, 5.25276622199e-09, 2.32804850953e-08, 6.87408130418e-09, 2.72981126592e-09, 2.09459649625e-09, 2.79343348453e-09, 6.79551026561e-10, 2.20564663755e-10, 1.4692522754e-09, 1.12403586439e-09, 3.17633003233e-10, 3.39172891162e-11, 1.042890687e-11, 6.09323962814e-12, 1.68992012224e-12, 5.52037587395e-15], [1.58242112871e-15, -1.51707856347e-13, 7.22729341651e-12, 2.02638912594e-11, 3.81049136688e-10, 6.71404820629e-10, 2.39490149934e-10, 3.95353576266e-11, 4.76160333385e-10, 7.34612870534e-10, 2.54383236697e-10, 2.24839125096e-09, 3.03830347548e-08, 9.92210136275e-09, 1.79940995437e-09, 1.92269222765e-09, 2.77381806413e-09, 1.00375263656e-09, 2.38538966357e-10, 1.12403586439e-09, 2.07880912484e-09, 5.13158460169e-10, 4.20461235273e-11, 1.17181264692e-11, 7.44351628945e-12, 1.76426397363e-12, 5.84845206322e-15], [4.24206434902e-16, -4.07116052296e-14, 3.85951643908e-12, 1.67208885626e-11, 2.16857948265e-10, 1.80741213662e-10, 9.85120231917e-12, 1.59399732996e-11, 2.13351836198e-10, 5.40198275001e-10, 2.32745114848e-10, 8.15812195576e-10, 1.30239978802e-08, 1.79572601233e-09, 8.31444690874e-10, 7.90104814907e-10, 8.18331014063e-10, 6.40657304984e-10, 8.38881741849e-11, 3.17633003233e-10, 5.13158460169e-10, 3.42544215215e-10, 1.4753134478e-11, 4.86489624626e-12, 3.58279053127e-12, 3.54312797634e-13, 2.09663291401e-15], [9.94770117809e-17, 4.41567381008e-15, 5.03025138904e-13, 1.69373542969e-12, 2.43392788563e-11, 2.81314416206e-11, 3.19347673305e-12, 5.0500558596e-12, 3.56397446277e-11, 5.39310852921e-11, 2.89779832074e-11, 7.1122358003e-11, 1.36231270709e-09, 6.58896437411e-10, 7.14498182841e-11, 9.45201833469e-11, 7.90695009467e-11, 5.30254277986e-11, 1.1202878035e-11, 3.39172891162e-11, 4.20461235273e-11, 1.4753134478e-11, 3.02738866961e-12, 7.73115566791e-13, 4.42203565432e-13, 9.1038152494e-14, 2.50414570595e-16], [3.25977155592e-17, 3.374886576e-16, 1.42417300826e-13, 5.55828386789e-13, 7.42642839585e-12, 7.25959830444e-12, 1.13128788021e-12, 1.23925153993e-12, 8.05480855626e-12, 1.81946662597e-11, 7.75248094886e-12, 1.76508981042e-11, 6.47333353587e-10, 2.29829100196e-10, 2.29402191687e-11, 3.38815850376e-11, 2.03819374572e-11, 2.06484950666e-11, 3.05109778588e-12, 1.042890687e-11, 1.17181264692e-11, 4.86489624626e-12, 7.73115566791e-13, 3.05590486726e-13, 1.78572095804e-13, 3.85523962743e-14, 1.03912301286e-16], [2.50323332573e-17, -7.97509366048e-16, 7.93389673078e-14, 2.94459091442e-13, 4.18062893331e-12, 4.07351452916e-12, 7.21948108934e-13, 8.77828734182e-13, 4.36769977824e-12, 1.00432440142e-11, 4.03154246098e-12, 2.61953930769e-11, 6.42686071028e-10, 1.11317177698e-10, 1.41165516776e-11, 2.11444889375e-11, 1.26011406171e-11, 2.48039609685e-11, 1.640564312e-12, 6.09323962814e-12, 7.44351628945e-12, 3.58279053127e-12, 4.42203565432e-13, 1.78572095804e-13, 2.20618025259e-13, 2.92034971238e-14, 8.952204531e-17], [5.28068752972e-18, -2.45699985211e-16, 8.34076477183e-15, 3.12313922553e-14, 4.47796937334e-13, 3.38503341026e-13, 1.41512479903e-13, 6.98924764093e-14, 6.78263760261e-13, 1.22690215192e-12, 2.27976790007e-13, 1.55973118535e-12, 1.67281036245e-10, 3.69662217503e-11, 1.35164373184e-12, 4.32397867511e-12, 7.0199857212e-13, 2.69269198952e-12, 1.94363256501e-13, 1.68992012224e-12, 1.76426397363e-12, 3.54312797634e-13, 9.1038152494e-14, 3.85523962743e-14, 2.92034971238e-14, 1.26623997136e-14, 2.1622372172e-17], [1.61033469856e-20, -8.4275843974e-19, 3.83090601992e-17, 1.4210498379e-16, 2.01675410719e-15, 1.79856096108e-15, 1.14462431487e-15, 1.03644666668e-15, 6.85539212542e-15, 5.75678107547e-15, 2.8492026294e-15, 3.1671903598e-14, 4.30094761888e-13, 7.74891828763e-14, 1.0607895042e-14, 1.50428985674e-14, 1.82187876168e-14, 1.01418117746e-14, 8.49298230993e-16, 5.52037587395e-15, 5.84845206322e-15, 2.09663291401e-15, 2.50414570595e-16, 1.03912301286e-16, 8.952204531e-17, 2.1622372172e-17, 8.53260647915e-20]]
    },
    "mfcc": {
        "kurt": [4.26833343506, 2.80883026123, 0.573709964752, -0.0846045017242, 0.930009841919, 0.297013044357, 0.0969083309174, 0.469275474548, -0.14380812645, -0.0331342220306, 0.169386863708, 1.22646427155, 1.12203550339],
        "max": [-630.313964844, 159.540313721, 9.85861206055, 32.2651863098, 0.111267089844, 28.7863998413, 19.0143928528, 16.2259845734, 24.8719902039, 12.8383235931, 19.6743068695, 42.1784858704, 23.3037223816],
        "mean": [-878.643920898, 108.428916931, -67.0480651855, -18.8628540039, -42.8615722656, -18.4049549103, -25.1538238525, -27.550661087, -1.93557453156, -14.9135255814, -14.7626047134, -6.41066837311, -6.03292179108],
        "median": [-871.646728516, 116.262969971, -66.5699768066, -20.0024757385, -41.2214584351, -18.8082351685, -25.5339641571, -28.2480487823, -1.66827011108, -14.9015235901, -15.5055751801, -6.90826416016, -5.89075088501],
        "min": [-1138.42004395, 1.14440917969e-05, -142.170623779, -58.4317703247, -100.93397522, -67.7357177734, -65.1573181152, -66.6494750977, -30.6386013031, -52.4757919312, -44.0105400085, -37.6600761414, -51.9565048218],
        "skew": [-1.7094707489, -1.58183956146, 0.397035419941, 0.282744079828, -0.263124257326, 0.00242970278487, 0.124123364687, 0.321771711111, 0.0733506530523, -0.113737002015, 0.206263259053, 0.458254545927, -0.165395885706],
        "var": [5384.50488281, 948.359802246, 690.616760254, 236.910202026, 279.036407471, 214.104141235, 126.601921082, 143.280471802, 90.2075424194, 100.779838562, 77.8692550659, 85.6341705322, 82.4799575806],
        "cov": [[5389.42236328, 949.443481445, -1632.4954834, 188.499664307, -641.700561523, 135.214263916, -379.025695801, -390.005493164, -6.93595027924, -357.87689209, -167.943878174, 11.4939670563, -100.570159912], [949.443481445, 949.225891113, -201.145950317, -184.841903687, -33.2412528992, -201.665603638, -69.9437866211, -120.811714172, -50.7935676575, -30.251663208, -78.7852630615, -74.7890548706, -43.3999938965], [-1632.4954834, -201.145950317, 691.247436523, -40.6659660339, 174.568389893, -72.3258972168, 107.749450684, 127.653625488, -19.7008571625, 123.612571716, 55.4584503174, -35.7008056641, 14.9293394089], [188.499664307, -184.841903687, -40.6659660339, 237.126556396, -44.8137130737, 60.5239143372, -13.4968748093, -23.7395305634, 52.9716720581, -15.1858539581, 4.30442047119, 11.9270591736, -12.281791687], [-641.700561523, -33.2412528992, 174.568389893, -44.8137130737, 279.291229248, -10.2546873093, 42.5349349976, 71.8845367432, -26.9885215759, 69.5868225098, 37.5230789185, 1.92340767384, -5.16744613647], [135.214263916, -201.665603638, -72.3258972168, 60.5239143372, -10.2546873093, 214.299667358, 30.7477874756, 0.790459871292, 15.106924057, -13.4851932526, 31.5821914673, 24.2888832092, 6.41736698151], [-379.025695801, -69.9437866211, 107.749450684, -13.4968748093, 42.5349349976, 30.7477874756, 126.717536926, 46.09948349, -4.09778928757, 28.7369976044, 11.4355573654, 3.49266242981, -1.18942463398], [-390.005493164, -120.811714172, 127.653625488, -23.7395305634, 71.8845367432, 0.790459871292, 46.09948349, 143.411315918, 4.94309473038, 14.1414899826, 24.2513980865, -4.34271287918, 14.1520519257], [-6.93595027924, -50.7935676575, -19.7008571625, 52.9716720581, -26.9885215759, 15.106924057, -4.09778928757, 4.94309473038, 90.2899246216, 10.0882549286, -6.38264083862, 1.06742763519, -10.2095899582], [-357.87689209, -30.251663208, 123.612571716, -15.1858539581, 69.5868225098, -13.4851932526, 28.7369976044, 14.1414899826, 10.0882549286, 100.871871948, 23.8146820068, -20.0032520294, -10.9395294189], [-167.943878174, -78.7852630615, 55.4584503174, 4.30442047119, 37.5230789185, 31.5821914673, 11.4355573654, 24.2513980865, -6.38264083862, 23.8146820068, 77.9403686523, 22.333814621, -9.11737823486], [11.4939670563, -74.7890548706, -35.7008056641, 11.9270591736, 1.92340767384, 24.2888832092, 3.49266242981, -4.34271287918, 1.06742763519, -20.0032520294, 22.333814621, 85.7123718262, 5.79891347885], [-100.570159912, -43.3999938965, 14.9293394089, -12.281791687, -5.16744613647, 6.41736698151, -1.18942463398, 14.1520519257, -10.2095899582, -10.9395294189, -9.11737823486, 5.79891347885, 82.5552825928]]
    },
    "sccoeffs": {
        "kurt": [1.8432302475, 1.09737157822, 1.60774517059, 2.33561897278, 0.685922861099, 0.482010126114],
        "max": [-0.355135172606, -0.580491483212, -0.505916833878, -0.407369434834, -0.631251573563, -0.602144181728],
        "mean": [-0.613293588161, -0.813223898411, -0.796474814415, -0.792032718658, -0.815822780132, -0.797923266888],
        "median": [-0.612357497215, -0.819314241409, -0.804678738117, -0.808332324028, -0.829901337624, -0.815336823463],
        "min": [-0.965627193451, -0.963516712189, -0.971488773823, -0.962862670422, -0.957096576691, -0.963023483753],
        "skew": [-0.471235454082, 0.67090523243, 0.839382052422, 1.23195612431, 0.896456837654, 0.899296045303],
        "var": [0.00441650487483, 0.00287918094546, 0.00335151911713, 0.00594003219157, 0.00306897633709, 0.00342978909612],
        "cov": [[0.0044205384329, 0.000915246666409, 0.000534817168955, 0.000350599410012, 0.000503534567542, 0.000439668627223], [0.000915246666409, 0.00288181053475, 0.000800125533715, 0.00078375369776, 0.000756875262596, 0.000539396074601], [0.000534817168955, 0.000800125533715, 0.00335457990877, 0.00152290915139, 0.00121943431441, 0.00102214585058], [0.000350599410012, 0.00078375369776, 0.00152290915139, 0.00594545714557, 0.00290623656474, 0.00252222595736], [0.000503534567542, 0.000756875262596, 0.00121943431441, 0.00290623656474, 0.00307177915238, 0.00231138197705], [0.000439668627223, 0.000539396074601, 0.00102214585058, 0.00252222595736, 0.00231138197705, 0.00343292136677]]
    },
    "scvalleys": {
        "kurt": [23.4172725677, 59.0685844421, 60.8374137878, 54.6121673584, 50.9920272827, 44.3017807007],
        "max": [-8.69289875031, -5.7138261795, -5.21731853485, -5.55769443512, -6.35415887833, -8.81851673126],
        "mean": [-10.8956127167, -7.35766267776, -7.64694881439, -8.31401634216, -9.37481594086, -11.470000267],
        "median": [-10.6791629791, -7.07744932175, -7.41275787354, -8.07964992523, -9.18816757202, -11.3206920624],
        "min": [-26.9778594971, -26.9889373779, -27.2653942108, -27.1385974884, -27.2090911865, -27.2401161194],
        "skew": [-3.57678818703, -6.15914154053, -6.18724679947, -5.84885883331, -5.3476266861, -4.9368724823],
        "var": [1.94491779804, 1.80643057823, 1.75025475025, 1.71819591522, 1.51133394241, 1.28919243813],
        "cov": [[1.94669401646, 1.59303331375, 1.57168316841, 1.58891892433, 1.45067560673, 1.31615018845], [1.59303331375, 1.80808031559, 1.66924607754, 1.65778636932, 1.51678621769, 1.38473665714], [1.57168316841, 1.66924607754, 1.75185310841, 1.66474616528, 1.53332769871, 1.37861204147], [1.58891892433, 1.65778636932, 1.66474616528, 1.7197650671, 1.55339884758, 1.38511013985], [1.45067560673, 1.51678621769, 1.53332769871, 1.55339884758, 1.51271414757, 1.32635903358], [1.31615018845, 1.38473665714, 1.37861204147, 1.38511013985, 1.32635903358, 1.29036986828]]
    }
},
"rhythm": {
    "beats_loudness": {
        "kurt": 13.4404220581,
        "max": 0.0215516425669,
        "mean": 0.00171300873626,
        "median": 0.000364023959264,
        "min": 1.73910848389e-06,
        "skew": 3.64869689941,
        "var": 1.57779595611e-05
    },
    "bpm": 109.480110168,
    "confidence": 0.697412252426,
    "first_peak_bpm": {
        "kurt": 0,
        "max": 110,
        "mean": 110,
        "median": 110,
        "min": 110,
        "skew": 0,
        "var": 0
    },
    "first_peak_spread": {
        "kurt": 0,
        "max": 0.5,
        "mean": 0.5,
        "median": 0.5,
        "min": 0.5,
        "skew": 0,
        "var": 0
    },
    "first_peak_weight": {
        "kurt": 0,
        "max": 0.162790700793,
        "mean": 0.162790700793,
        "median": 0.162790700793,
        "min": 0.162790700793,
        "skew": 0,
        "var": 0
    },
    "onset_rate": 2.24356174469,
    "second_peak_bpm": {
        "kurt": 0,
        "max": 88,
        "mean": 88,
        "median": 88,
        "min": 88,
        "skew": 0,
        "var": 0
    },
    "second_peak_spread": {
        "kurt": 0,
        "max": 0.142857134342,
        "mean": 0.142857134342,
        "median": 0.142857134342,
        "min": 0.142857134342,
        "skew": 0,
        "var": 0
    },
    "second_peak_weight": {
        "kurt": 0,
        "max": 0.139534890652,
        "mean": 0.139534890652,
        "median": 0.139534890652,
        "min": 0.139534890652,
        "skew": 0,
        "var": 0
    },
    "beats_loudness_band_ratio": {
        "kurt": [5.86741638184, -0.836709260941, -0.752897262573, 0.0182647705078, 0.857344388962, 8.2384147644],
        "max": [0.0352852940559, 0.249067142606, 0.868167221546, 0.895319223404, 0.634256482124, 0.336457520723],
        "mean": [0.00500002037734, 0.0901027172804, 0.343209862709, 0.361133038998, 0.187633275986, 0.0470743738115],
        "median": [0.0019741426222, 0.0837506204844, 0.333315014839, 0.337088286877, 0.126702994108, 0.0278510637581],
        "min": [2.48311844189e-05, 0.00186761643272, 0.00469730049372, 0.0536234751344, 0.00940047297627, 0.00184513977729],
        "skew": [2.57023715973, 0.352425247431, 0.371933877468, 0.718744456768, 1.38300168514, 2.86781263351],
        "var": [5.88300426898e-05, 0.00396954128519, 0.0462227091193, 0.0376687683165, 0.0267480202019, 0.00428271666169],
        "cov": [[6.01981846557e-05, 0.000245633680606, 0.00036493211519, -0.000469395599794, -0.000277094601188, 8.15070743556e-05], [0.000245633680606, 0.00406185630709, 0.00471399677917, -0.00520986365154, -0.00301704462618, 4.13172747358e-05], [0.00036493211519, 0.00471399677917, 0.0472976565361, -0.0281222723424, -0.0196938179433, -0.00209366972558], [-0.000469395599794, -0.00520986365154, -0.0281222723424, 0.0385447889566, -0.00412625540048, -0.00217831972986], [-0.000277094601188, -0.00301704462618, -0.0196938179433, -0.00412625540048, 0.0273700673133, -0.000550358381588], [8.15070743556e-05, 4.13172747358e-05, -0.00209366972558, -0.00217831972986, -0.000550358381588, 0.00438231462613]]
    },
    "beats_position": [0.53405892849, 1.07972788811, 1.62539684772, 2.18267560005, 2.73995471001, 3.28562355042, 3.83129239082, 4.3653512001, 4.96907043457, 5.5727891922, 6.1648979187, 6.7570066452, 7.33750534058, 7.95283412933, 8.56816291809, 9.25315189362, 9.93814086914, 10.623128891, 11.3081178665, 11.9814968109, 12.6780948639, 13.3630838394, 13.9087524414, 14.4660310745, 15.0117006302, 15.5573692322, 16.114648819, 16.6951465607, 17.2756462097, 17.8097057343, 18.390203476, 18.9474830627, 19.458322525, 19.9575500488, 20.45677948, 20.9676189423, 21.4552383423, 21.9544658661, 22.430475235, 22.8832645416, 23.3592739105, 23.8468933105, 24.3112926483, 24.7989120483],
    "bpm_estimates": [109.95677948, 109.95677948, 107.666046143, 107.665977478, 109.956802368, 109.956802368, 112.347175598, 109.956848145, 107.666069031, 109.95665741, 109.956848145, 107.665885925, 112.34703064, 107.665885925],
    "bpm_intervals": [0.545668959618, 0.545668959618, 0.557278752327, 0.557279109955, 0.545668840408, 0.545668840408, 0.53405880928, 0.603719234467, 0.603718757629, 0.592108726501, 0.592108726501, 0.580498695374, 0.615328788757, 0.615328788757, 0.684988975525, 0.684988975525, 0.684988021851, 0.684988975525, 0.673378944397, 0.696598052979, 0.684988975525, 0.54566860199, 0.557278633118, 0.545669555664, 0.54566860199, 0.557279586792, 0.580497741699, 0.580499649048, 0.534059524536, 0.580497741699, 0.557279586792, 0.51083946228, 0.499227523804, 0.499229431152, 0.51083946228, 0.487619400024, 0.499227523804, 0.476009368896, 0.452789306641, 0.476009368896, 0.487619400024, 0.464399337769, 0.487619400024],
    "onset_times": [0.882358253002, 1.10294783115, 2.36843538284, 2.79800462723, 3.5758728981, 4.87619066238, 5.34058952332, 5.47990942001, 6.025578022, 6.5015873909, 6.65251684189, 6.80344676971, 6.96598625183, 7.25623559952, 7.75546503067, 8.6146030426, 8.893242836, 9.64789104462, 9.94975090027, 10.170340538, 10.7740592957, 11.0991382599, 11.1687984467, 11.4242172241, 11.749297142, 12.4342861176, 13.4443540573, 13.8507032394, 14.1293420792, 14.7214508057, 14.8027210236, 15.9288892746, 16.9853973389, 17.0898857117, 17.3104763031, 17.5194549561, 17.8213157654, 18.4250335693, 18.6340141296, 18.7501125336, 18.9474830627, 19.2493419647, 19.667301178, 20.1084804535, 20.6193199158, 20.9792289734, 21.1301593781, 21.4784584045, 21.9312477112, 22.0125179291, 22.4653053284, 22.6742858887, 22.7555561066, 23.3941040039, 23.7191829681, 23.9629936218, 24.3345127106],
    "histogram": [[0, 0, 0, 0, 0, 0, 0, 0, 0, 0, 0, 0, 0, 0, 0, 0, 0, 0, 0, 0, 0, 0, 0, 0, 0, 0, 0, 0, 0, 0, 0, 0, 0, 0, 0, 0, 0, 0, 0, 0, 0, 0, 0, 0, 0, 0, 0, 0, 0, 0, 0, 0, 0, 0, 0, 0, 0, 0, 0, 0, 0, 0, 0, 0, 0, 0, 0, 0, 0, 0, 0, 0, 0, 0, 0, 0, 0, 0, 0, 0, 0, 0, 0, 0, 0, 0, 0.0232558138669, 0, 0.11627907306, 0.0232558138669, 0, 0, 0, 0, 0, 0, 0, 0, 0.0465116277337, 0.0465116277337, 0, 0.0465116277337, 0, 0.0930232554674, 0, 0, 0, 0, 0.11627907306, 0, 0.162790700793, 0, 0.0465116277337, 0, 0, 0, 0, 0.0465116277337, 0, 0, 0.0697674453259, 0, 0, 0.0697674453259, 0, 0, 0.0465116277337, 0, 0, 0.0232558138669, 0, 0, 0, 0.0232558138669, 0, 0, 0, 0, 0, 0, 0, 0, 0, 0, 0, 0, 0, 0, 0, 0, 0, 0, 0, 0, 0, 0, 0, 0, 0, 0, 0, 0, 0, 0, 0, 0, 0, 0, 0, 0, 0, 0, 0, 0, 0, 0, 0, 0, 0, 0, 0, 0, 0, 0, 0, 0, 0, 0, 0, 0, 0, 0, 0, 0, 0, 0, 0, 0, 0, 0, 0, 0, 0, 0, 0, 0, 0, 0, 0, 0, 0, 0, 0, 0, 0, 0, 0, 0, 0, 0, 0, 0, 0, 0, 0, 0, 0, 0, 0, 0, 0, 0, 0, 0, 0, 0, 0, 0, 0, 0, 0, 0, 0, 0, 0, 0, 0, 0, 0, 0]]
},
"sfx": {
    "inharmonicity": {
        "kurt": -0.517600059509,
        "max": 0.459967046976,
        "mean": 0.126510724425,
        "median": 0.0970107764006,
        "min": 0,
        "skew": 0.73963624239,
        "var": 0.0115627422929
    },
    "oddtoevenharmonicenergyratio": {
        "kurt": 129.731185913,
        "max": 159.917770386,
        "mean": 2.87233757973,
        "median": 0.834190368652,
        "min": 0,
        "skew": 9.67681789398,
        "var": 75.7962646484
    },
    "pitch_after_max_to_before_max_energy_ratio": 1.82393598557,
    "pitch_centroid": 547.522644043,
    "pitch_max_to_total": 0.405109494925,
    "pitch_min_to_total": 0.375,
    "tristimulus": {
        "kurt": [2.37671375275, -0.27657365799, -0.477190494537],
        "max": [1, 0.943253397942, 1],
        "mean": [0.186575323343, 0.462210088968, 0.351214557886],
        "median": [0.106359645724, 0.462725371122, 0.319638967514],
        "min": [0, 0, 0],
        "skew": [1.66544950008, 0.0256428774446, 0.487193018198],
        "var": [0.0426568202674, 0.033001691103, 0.0481415614486],
        "cov": [[0.0426957756281, -0.0137710319832, -0.028924766928], [-0.0137710319832, 0.0330318287015, -0.0192608051002], [-0.028924766928, -0.0192608051002, 0.0481855273247]]
    }
},
"tonal": {
    "chords_changes_rate": 0.162112936378,
    "chords_number_rate": 0.0291438978165,
    "chords_strength": {
        "kurt": -0.15108704567,
        "max": 0.745500028133,
        "mean": 0.449121922255,
        "median": 0.445413321257,
        "min": 0.243846938014,
        "skew": 0.388878971338,
