{
"metadata": {
    "version": {
        "essentia": "2.1-beta3"
    }
},
"lowLevel": {
    "average_loudness": 0.719086766243,
    "barkbands_kurtosis": {
        "kurt": 74.0751876831,
        "max": 178.965484619,
        "mean": 2.33705544472,
        "median": -0.36411511898,
        "min": -1.49832963943,
        "skew": 7.44337320328,
        "var": 134.121551514
    },
    "barkbands_skewness": {
        "kurt": 10.4858474731,
        "max": 3.02558541298,
        "mean": 0.0931450948119,
        "median": 0.384249836206,
        "min": -9.13788127899,
        "skew": -2.53747558594,
        "var": 1.24621605873
    },
    "barkbands_spread": {
        "kurt": 0.0719223022461,
        "max": 48.8566246033,
        "mean": 19.6717662811,
        "median": 21.6634368896,
        "min": 0.362781763077,
        "skew": -0.728861689568,
        "var": 57.2973098755
    },
    "dissonance": {
        "kurt": 12.5392932892,
        "max": 0.499999970198,
        "mean": 0.469048261642,
        "median": 0.480395555496,
        "min": 0.205842286348,
        "skew": -3.11465620995,
        "var": 0.00128096714616
    },
    "hfc": {
        "kurt": 16.0499858856,
        "max": 49.3257980347,
        "mean": 5.37788486481,
        "median": 3.59726190567,
        "min": 0.408240050077,
        "skew": 3.68581843376,
        "var": 36.2842216492
    },
    "pitch": {
        "kurt": -0.766358137131,
        "max": 1614.15734863,
        "mean": 531.765869141,
        "median": 277.934814453,
        "min": 75.5566635132,
        "skew": 0.903958082199,
        "var": 207851.296875
    },
    "pitch_instantaneous_confidence": {
        "kurt": -0.722818374634,
        "max": 0.990351855755,
        "mean": 0.416687875986,
        "median": 0.287194520235,
        "min": 0.116201937199,
        "skew": 0.830345928669,
        "var": 0.0679715871811
    },
    "pitch_salience": {
        "kurt": 2.3279542923,
        "max": 0.828252136707,
        "mean": 0.620839357376,
        "median": 0.663686871529,
        "min": 0.0652901381254,
        "skew": -1.56352031231,
        "var": 0.0221820510924
    },
    "silence_rate_20dB": {
        "kurt": 0,
        "max": 1,
        "mean": 1,
        "median": 1,
        "min": 1,
        "skew": 0,
        "var": 0
    },
    "silence_rate_30dB": {
        "kurt": 0,
        "max": 1,
        "mean": 1,
        "median": 1,
        "min": 1,
        "skew": 0,
        "var": 0
    },
    "silence_rate_60dB": {
        "kurt": -0.849904537201,
        "max": 1,
        "mean": 0.263716816902,
        "median": 0,
        "min": 0,
        "skew": 1.07241928577,
        "var": 0.194171532989
    },
    "spectral_centroid": {
        "kurt": 3.21521425247,
        "max": 2407.98681641,
        "mean": 942.003967285,
        "median": 909.226318359,
        "min": 338.45904541,
        "skew": 1.13969099522,
        "var": 63786.0234375
    },
    "spectral_complexity": {
        "kurt": -0.0547113418579,
        "max": 24,
        "mean": 10.8141593933,
        "median": 10,
        "min": 1,
        "skew": 0.436504691839,
        "var": 16.0716686249
    },
    "spectral_crest": {
        "kurt": 1.40531015396,
        "max": 26.6544475555,
        "mean": 8.75070381165,
        "median": 6.61388683319,
        "min": 2.51320719719,
        "skew": 1.47543621063,
        "var": 32.6498756409
    },
    "spectral_decrease": {
        "kurt": 16.4259662628,
        "max": -1.04163067061e-10,
        "mean": -1.29282151651e-09,
        "median": -9.91240645121e-10,
        "min": -9.37623401143e-09,
        "skew": -3.57860350609,
        "var": 1.21132401281e-18
    },
    "spectral_energy": {
        "kurt": 16.5016479492,
        "max": 0.0395754724741,
        "mean": 0.00536719569936,
        "median": 0.00409026257694,
        "min": 0.000433906330727,
        "skew": 3.60122466087,
        "var": 2.18105215026e-05
    },
    "spectral_energyband_high": {
        "kurt": 130.276519775,
        "max": 0.00127359316684,
        "mean": 5.18447996001e-05,
        "median": 4.13126472267e-05,
        "min": 3.33489970217e-06,
        "skew": 9.94563961029,
        "var": 6.11550365903e-09
    },
    "spectral_energyband_low": {
        "kurt": 5.23530101776,
        "max": 0.00417003966868,
        "mean": 0.000701823504642,
        "median": 0.000575111014768,
        "min": 1.7674985429e-05,
        "skew": 1.81261312962,
        "var": 3.03147857039e-07
    },
    "spectral_energyband_middle_high": {
        "kurt": 19.385471344,
        "max": 0.0392633937299,
        "mean": 0.00321374647319,
        "median": 0.00170799251646,
        "min": 0.000173734515556,
        "skew": 4.0465388298,
        "var": 2.28669596254e-05
    },
    "spectral_energyband_middle_low": {
        "kurt": 30.1320457458,
        "max": 0.019771149382,
        "mean": 0.00167206046171,
        "median": 0.00132532906719,
        "min": 0.000104886385088,
        "skew": 4.04510784149,
        "var": 2.22549533646e-06
    },
    "spectral_flatness_db": {
        "kurt": 2.9047088623,
        "max": 0.433981060982,
        "mean": 0.169994771481,
        "median": 0.146949201822,
        "min": 0.0844071060419,
        "skew": 1.69406783581,
        "var": 0.00334894750267
    },
    "spectral_flux": {
        "kurt": 6.0804901123,
        "max": 0.155470982194,
        "mean": 0.0467283837497,
        "median": 0.0415999218822,
        "min": 0.0194048136473,
        "skew": 2.22444820404,
        "var": 0.000384428247344
    },
    "spectral_kurtosis": {
        "kurt": 6.06459140778,
        "max": 44.5836105347,
        "mean": 9.1748714447,
        "median": 6.96907758713,
        "min": 1.80414438248,
        "skew": 2.23301196098,
        "var": 38.0591659546
    },
    "spectral_rms": {
        "kurt": 6.17761611938,
        "max": 0.00621371204033,
        "mean": 0.00216245511547,
        "median": 0.00199762335978,
        "min": 0.000650632951874,
        "skew": 2.12875437737,
        "var": 5.60081673484e-07
    },
    "spectral_rolloff": {
        "kurt": 2.25082111359,
        "max": 4306.640625,
        "mean": 1570.66711426,
        "median": 1464.2578125,
        "min": 215.33203125,
        "skew": 1.0101736784,
        "var": 207262.34375
    },
    "spectral_skewness": {
        "kurt": 3.82592916489,
        "max": 5.11199569702,
        "mean": 2.21396327019,
        "median": 2.04072523117,
        "min": 0.91994202137,
        "skew": 1.69959819317,
        "var": 0.315343260765
    },
    "spectral_spread": {
        "kurt": 26.0074424744,
        "max": 12334427,
        "mean": 3044389.5,
        "median": 3219569.5,
        "min": 1379508.125,
        "skew": 1.79223632812,
        "var": 494318583808
    },
    "spectral_strongpeak": {
        "kurt": 10.8117742538,
        "max": 11.1456918716,
        "mean": 0.905706524849,
        "median": 0.213403224945,
        "min": 0.0108448117971,
        "skew": 3.11867809296,
        "var": 2.48992061615
    },
    "zerocrossingrate": {
        "kurt": 7.14737701416,
        "max": 0.12646484375,
        "mean": 0.0560680814087,
        "median": 0.0556640625,
        "min": 0.01513671875,
        "skew": 1.2229590416,
        "var": 0.000110303350084
    },
    "barkbands": {
        "kurt": [84.2854156494, 9.89116191864, 15.1544628143, 42.7367248535, 176.82371521, 5.0593957901, 15.9432640076, 34.507724762, 31.2635421753, 146.384719849, 131.798370361, 68.1736679077, 48.5857124329, 147.598876953, 46.7027549744, 62.9004898071, 156.307312012, 164.489105225, 104.923233032, 146.18888855, 424.50994873, 58.200088501, 107.757888794, 105.509315491, 159.494644165, 399.798095703, 1093.12487793],
        "max": [0.000266051705694, 0.00227152649313, 0.00268566375598, 0.00729499477893, 0.0125711606815, 0.00120464083739, 0.00162053888198, 0.00269261258654, 0.00336273247376, 0.0331968590617, 0.0141089400277, 0.0386600904167, 0.0372342281044, 0.0150845311582, 0.00125170720275, 0.00203832727857, 0.00346072949469, 0.00814671721309, 0.00123344047461, 0.00121664931066, 0.000716391543392, 9.67184896581e-05, 5.06524847879e-05, 8.89380771696e-06, 1.97538065549e-06, 2.6885604143e-07, 9.39008586442e-08],
        "mean": [1.13916185001e-05, 0.000250202603638, 0.000248328957241, 0.000418910436565, 0.000377584714442, 0.000201865419513, 0.000159593328135, 0.000165320321685, 0.000180009228643, 0.000502112088725, 0.000288810406346, 0.000892513839062, 0.000926364329644, 0.000224670424359, 6.58297431073e-05, 0.000102412748674, 9.91856286419e-05, 0.000122400699183, 5.86652458878e-05, 4.34396533819e-05, 1.86468096217e-05, 6.23789310339e-06, 2.20031643039e-06, 4.2505894271e-07, 7.62569456469e-08, 4.70259564622e-09, 2.71280303776e-10],
        "median": [7.05190723238e-06, 0.000170487852301, 0.000169060775079, 0.000249273842201, 0.000239495828282, 0.000163230361068, 0.000123394653201, 9.80009936029e-05, 8.61427397467e-05, 0.000137202034239, 0.000125870894408, 0.000205767311854, 0.0001584601996, 7.95427768026e-05, 4.27990744356e-05, 7.68411482568e-05, 6.59886281937e-05, 5.54760699742e-05, 4.30230393249e-05, 3.22071500705e-05, 1.43664819916e-05, 4.91559785587e-06, 1.7413030946e-06, 3.39124824222e-07, 6.32590868577e-08, 3.44335848723e-09, 7.04447056243e-11],
        "min": [2.43079263385e-08, 2.70007467407e-06, 1.0164798141e-06, 2.16275498133e-06, 7.75392345531e-06, 6.31249986327e-06, 2.21990899263e-06, 5.17223088536e-06, 6.71552606946e-06, 6.36716367808e-06, 3.49484753315e-06, 3.63454705621e-06, 5.47884928892e-06, 4.18482386522e-06, 1.34995980261e-06, 1.22019650917e-06, 2.47554021371e-06, 3.05085927721e-06, 1.5285615973e-06, 1.29944669425e-06, 4.68676802257e-07, 2.47787284025e-07, 1.03077113067e-07, 1.9851951194e-08, 2.55354226653e-09, 2.39969821791e-10, 6.04185267355e-13],
        "skew": [6.36586904526, 2.49314713478, 2.89126348495, 4.73064374924, 10.5010948181, 1.76547944546, 2.65796399117, 4.91521215439, 5.00057125092, 10.5877866745, 9.78281211853, 7.62164115906, 6.34398174286, 11.3975353241, 4.95050907135, 6.24704933167, 10.9819889069, 11.9382534027, 7.7983789444, 10.3584451675, 16.6599407196, 5.9346113205, 8.59909152985, 7.7781920433, 10.183382988, 17.4729785919, 32.8641319275],
        "var": [2.21121773669e-10, 6.44696882546e-08, 6.76977407466e-08, 2.76979164937e-07, 3.51218034211e-07, 2.42510189707e-08, 1.88970759041e-08, 5.41179083768e-08, 1.09080346533e-07, 3.0940286706e-06, 5.89051410316e-07, 9.4456536317e-06, 9.55238920142e-06, 8.76942635841e-07, 6.74543576551e-09, 1.76056218493e-08, 3.42216495142e-08, 2.1005637052e-07, 5.10797093511e-09, 4.46040004931e-09, 7.01894764532e-10, 4.97772170704e-11, 8.97499262409e-12, 2.41736643723e-13, 1.07334227837e-14, 1.06541643755e-16, 7.87695725039e-18],
        "cov": [[2.21317630889e-10, 1.0061895761e-09, 5.42390056479e-11, -2.79813117121e-10, -8.78175449026e-11, 8.4967172187e-11, 7.85448373009e-11, -1.18883680678e-10, -4.19343004765e-10, -1.38414668616e-09, -3.89323295824e-10, -3.84505227657e-09, -5.59449286897e-09, -6.45942022093e-10, -3.98129480772e-11, -4.63231432379e-11, -2.54205042433e-11, -2.93510826754e-10, -7.98617907916e-11, -7.95109394991e-11, 1.22503561115e-11, -2.80572353545e-12, -1.29408788373e-12, -7.84074885639e-14, 2.30784184996e-15, -2.86970696772e-15, -1.33990066695e-15], [1.0061895761e-09, 6.45267874688e-08, 2.7587763185e-08, 1.6102664091e-08, 5.98264948692e-09, 8.60718607498e-09, 7.05375269305e-09, 1.13171572114e-09, 1.02711805727e-09, -3.13082679781e-08, -5.91604853994e-09, -6.46372697588e-08, -1.20064655107e-07, -6.86105705583e-09, 5.31668931103e-10, 1.38891942392e-09, 2.34145303146e-09, -3.58789709054e-09, 5.19505882757e-10, -2.99900659861e-10, 6.3678223805e-10, 4.72506894722e-11, 2.60513832728e-11, 1.13074679828e-11, 3.04836906585e-12, 1.68586282087e-13, -2.75287622152e-14], [5.42390056479e-11, 2.7587763185e-08, 6.7757703448e-08, 3.74550950255e-08, 1.12738254288e-08, 6.44825304263e-09, 7.03303726368e-09, 2.95742896839e-09, 6.36464347892e-09, -1.8630183618e-08, -1.59534363497e-09, -6.92403858693e-08, -1.11750708243e-07, -6.68755406608e-09, 1.79011672152e-09, 2.88659829373e-09, 2.49882869952e-09, -2.20158780095e-09, 1.03908059934e-09, -2.24018179007e-10, 6.41101727261e-10, 1.19653120745e-10, 3.98160601711e-11, 9.90267503415e-12, 2.71893727151e-12, 1.17757190175e-13, -2.33859308465e-14], [-2.79813117121e-10, 1.6102664091e-08, 3.74550950255e-08, 2.77224501133e-07, 2.02078325628e-07, 1.89689366437e-08, 1.9512992111e-08, 2.06114059154e-08, 3.10550909433e-08, -6.49325642144e-08, -2.33847252673e-08, -1.52008084342e-07, -2.12857187876e-07, -3.00984552837e-08, 4.04807654064e-09, 1.30197603809e-08, 1.71657763559e-08, -3.46452511124e-09, 6.50932951984e-09, 2.74390732358e-09, 2.54236653952e-09, 6.13954664885e-10, 2.47148773669e-10, 5.57519273803e-11, 1.46654528799e-11, 1.07689052987e-12, -4.50017491804e-14], [-8.78175449026e-11, 5.98264948692e-09, 1.12738254288e-08, 2.02078325628e-07, 3.51529138243e-07, 1.44302392258e-08, 1.48852352666e-08, 2.35438797347e-08, 3.932942505e-08, -1.43454492729e-08, -2.01654888343e-08, -1.21793320318e-07, -1.78577138854e-07, -1.47006309348e-08, 4.62423610514e-09, 1.1778175768e-08, 1.27130252991e-08, -1.41045575219e-09, 6.0674421043e-09, 3.03175551331e-09, 2.25871876758e-09, 6.58450183266e-10, 2.41850456328e-10, 5.69959808516e-11, 1.119444034e-11, 7.81521115184e-13, -3.41083701539e-14], [8.4967172187e-11, 8.60718607498e-09, 6.44825304263e-09, 1.89689366437e-08, 1.44302392258e-08, 2.42724986776e-08, 8.14690981343e-09, 5.73320280139e-09, 9.04834340787e-09, -1.22872778618e-08, -8.28621349314e-09, -5.89837796383e-08, -8.58184776575e-08, -8.47252135117e-09, 1.66331581841e-09, 3.94817645244e-09, 3.50799478355e-09, -2.48641107703e-09, 1.47711121112e-09, 1.66658312151e-10, 9.02851626794e-10, 1.85790549612e-10, 7.23796370061e-11, 1.47058858146e-11, 2.97876653899e-12, 1.77059064567e-13, -1.9466877112e-14], [7.85448373009e-11, 7.05375269305e-09, 7.03303726368e-09, 1.9512992111e-08, 1.48852352666e-08, 8.14690981343e-09, 1.89138127382e-08, 9.39788513676e-09, 5.74903369355e-09, -1.76428631704e-08, -6.94928870004e-09, -4.78855994857e-08, -7.53392939146e-08, -8.2569604487e-09, 1.3779900554e-09, 4.36122560288e-09, 6.27783514062e-09, -1.79455050819e-09, 2.29254681905e-09, 6.26997231912e-10, 6.91587676016e-10, 1.30219141026e-10, 6.24618134992e-11, 1.45290992778e-11, 4.98017902958e-12, 4.70872798218e-13, -1.70262939761e-14], [-1.18883680678e-10, 1.13171572114e-09, 2.95742896839e-09, 2.06114059154e-08, 2.35438797347e-08, 5.73320280139e-09, 9.39788513676e-09, 5.41658451425e-08, 1.76685635012e-08, -1.66507820865e-08, -6.81125555957e-09, -4.54399611272e-08, -7.81725404408e-08, -6.9182046758e-09, 5.23018561793e-09, 6.63042465376e-09, 6.17799278402e-09, -1.93803084692e-09, 5.53313306284e-09, 1.64673907843e-09, 1.34854338807e-09, 4.61967408771e-10, 1.28644109254e-10, 2.77274800342e-11, 4.34964043949e-12, 4.40980720906e-13, -1.14647256193e-14], [-4.19343004765e-10, 1.02711805727e-09, 6.36464347892e-09, 3.10550909433e-08, 3.932942505e-08, 9.04834340787e-09, 5.74903369355e-09, 1.76685635012e-08, 1.09176959029e-07, 5.91730753285e-08, -6.50790621393e-09, -5.39727160742e-08, -9.00587622255e-08, -1.06354152152e-08, 3.04670155771e-09, 1.92341893523e-08, 9.64906465839e-09, -4.55073667638e-09, 3.90322618671e-09, 1.44504330724e-09, 1.03014741182e-09, 4.02805899746e-10, 1.25946197915e-10, 2.39851159767e-11, 3.64193267557e-12, 2.61382034723e-13, -8.57450774879e-15], [-1.38414668616e-09, -3.13082679781e-08, -1.8630183618e-08, -6.49325642144e-08, -1.43454492729e-08, -1.22872778618e-08, -1.76428631704e-08, -1.66507820865e-08, 5.91730753285e-08, 3.09676920551e-06, 9.34126198615e-09, -2.09768472814e-07, -3.24027382703e-07, -5.18602369937e-08, 1.15591713978e-08, -1.07882458522e-08, 3.95260535413e-08, -2.85710974879e-08, -7.36381933208e-09, -6.04569327933e-09, -3.24193538681e-09, -3.68473918044e-10, -3.68934799377e-10, -5.4935531818e-11, -1.3384057751e-11, -7.71648641252e-13, -2.92756067327e-14], [-3.89323295824e-10, -5.91604853994e-09, -1.59534363497e-09, -2.33847252673e-08, -2.01654888343e-08, -8.28621349314e-09, -6.94928870004e-09, -6.81125555957e-09, -6.50790621393e-09, 9.34126198615e-09, 5.89573176057e-07, 2.32003571909e-07, -1.89304614651e-07, -2.32208812179e-08, 3.1069988804e-09, 7.81522935256e-09, -8.33526225819e-09, 1.13491038789e-08, 1.70633320806e-08, -2.564003454e-09, -7.92551912987e-10, -8.08434656024e-12, -1.63075473264e-11, -1.87452622868e-11, -3.05645396145e-12, -2.0987615671e-13, -5.80039141379e-15], [-3.84505227657e-09, -6.46372697588e-08, -6.92403858693e-08, -1.52008084342e-07, -1.21793320318e-07, -5.89837796383e-08, -4.78855994857e-08, -4.54399611272e-08, -5.39727160742e-08, -2.09768472814e-07, 2.32003571909e-07, 9.45402007346e-06, 3.36086003472e-07, -8.66260165822e-08, -2.62737636092e-08, -3.20146327226e-08, -1.74953367349e-08, -6.0137281821e-08, 3.29013793987e-08, -1.20690462069e-08, -7.77562991772e-09, 2.9503940957e-10, -7.84763531936e-10, -1.3907196228e-10, -2.90441871942e-11, -1.4528575825e-12, 1.63288558564e-13], [-5.59449286897e-09, -1.20064655107e-07, -1.11750708243e-07, -2.12857187876e-07, -1.78577138854e-07, -8.58184776575e-08, -7.53392939146e-08, -7.81725404408e-08, -9.00587622255e-08, -3.24027382703e-07, -1.89304614651e-07, 3.36086003472e-07, 9.56085023063e-06, 2.10376338572e-08, -3.98561113002e-08, -6.5012613959e-08, -3.28419709206e-08, 1.37056133553e-07, -3.32248113466e-08, 3.37695347241e-08, -1.11565370275e-08, -2.0037571602e-09, -4.52039045085e-10, -2.25120561081e-10, -4.45918892089e-11, -2.48910028873e-12, 2.10177361626e-13], [-6.45942022093e-10, -6.86105705583e-09, -6.68755406608e-09, -3.00984552837e-08, -1.47006309348e-08, -8.47252135117e-09, -8.2569604487e-09, -6.9182046758e-09, -1.06354152152e-08, -5.18602369937e-08, -2.32208812179e-08, -8.66260165822e-08, 2.10376338572e-08, 8.77719344317e-07, -1.42256140201e-09, -8.18784862133e-09, -4.28675406283e-09, 4.20847801053e-09, -1.40919331759e-09, -3.01412783621e-09, -1.18784693193e-09, -4.7632453537e-10, -1.73445702245e-10, -3.29724476889e-11, -6.73483924879e-12, -3.79972854396e-13, -1.61794761752e-14], [-3.98129480772e-11, 5.31668931103e-10, 1.79011672152e-09, 4.04807654064e-09, 4.62423610514e-09, 1.66331581841e-09, 1.3779900554e-09, 5.23018561793e-09, 3.04670155771e-09, 1.15591713978e-08, 3.1069988804e-09, -2.62737636092e-08, -3.98561113002e-08, -1.42256140201e-09, 6.75141054174e-09, 2.15928364078e-09, 1.7425609844e-09, -8.6038115521e-10, 1.55394375145e-09, 4.63947574803e-10, 5.75629655053e-10, 1.56848312116e-10, 5.11929873492e-11, 9.9378266033e-12, 1.72800857824e-12, 1.39923879774e-13, -4.10043144052e-15], [-4.63231432379e-11, 1.38891942392e-09, 2.88659829373e-09, 1.30197603809e-08, 1.1778175768e-08, 3.94817645244e-09, 4.36122560288e-09, 6.63042465376e-09, 1.92341893523e-08, -1.07882458522e-08, 7.81522935256e-09, -3.20146327226e-08, -6.5012613959e-08, -8.18784862133e-09, 2.15928364078e-09, 1.7621216486e-08, 6.88147716588e-09, 9.37558919389e-10, 3.44598194424e-09, 1.2318251974e-09, 9.69194058342e-10, 2.37582620244e-10, 8.55504972419e-11, 1.52687376631e-11, 5.28832967001e-12, 5.64765302666e-13, -6.83256797562e-15], [-2.54205042433e-11, 2.34145303146e-09, 2.49882869952e-09, 1.71657763559e-08, 1.27130252991e-08, 3.50799478355e-09, 6.27783514062e-09, 6.17799278402e-09, 9.64906465839e-09, 3.95260535413e-08, -8.33526225819e-09, -1.74953367349e-08, -3.28419709206e-08, -4.28675406283e-09, 1.7425609844e-09, 6.88147716588e-09, 3.42519612673e-08, 2.05273464893e-09, 4.16532275338e-09, 1.89485072077e-09, 7.04438840593e-10, 1.88084103847e-10, 6.60364610217e-11, 1.41464617798e-11, 6.7489074225e-12, 8.5575952791e-13, -6.990352426e-15], [-2.93510826754e-10, -3.58789709054e-09, -2.20158780095e-09, -3.46452511124e-09, -1.41045575219e-09, -2.48641107703e-09, -1.79455050819e-09, -1.93803084692e-09, -4.55073667638e-09, -2.85710974879e-08, 1.13491038789e-08, -6.0137281821e-08, 1.37056133553e-07, 4.20847801053e-09, -8.6038115521e-10, 9.37558919389e-10, 2.05273464893e-09, 2.1024241903e-07, 6.54677312362e-10, 1.6022249083e-09, -3.14164777526e-10, -1.1104935721e-10, -3.83747200683e-11, -7.71314002251e-12, 4.14966021614e-13, 2.43116182568e-13, 1.40059481279e-15], [-7.98617907916e-11, 5.19505882757e-10, 1.03908059934e-09, 6.50932951984e-09, 6.0674421043e-09, 1.47711121112e-09, 2.29254681905e-09, 5.53313306284e-09, 3.90322618671e-09, -7.36381933208e-09, 1.70633320806e-08, 3.29013793987e-08, -3.32248113466e-08, -1.40919331759e-09, 1.55394375145e-09, 3.44598194424e-09, 4.16532275338e-09, 6.54677312362e-10, 5.11249531598e-09, 9.92612214645e-10, 7.14007797331e-10, 2.01778385667e-10, 7.37691643882e-11, 1.37034290165e-11, 3.37561489178e-12, 3.39966173702e-13, -4.22663087933e-15], [-7.95109394991e-11, -2.99900659861e-10, -2.24018179007e-10, 2.74390732358e-09, 3.03175551331e-09, 1.66658312151e-10, 6.26997231912e-10, 1.64673907843e-09, 1.44504330724e-09, -6.04569327933e-09, -2.564003454e-09, -1.20690462069e-08, 3.37695347241e-08, -3.01412783621e-09, 4.63947574803e-10, 1.2318251974e-09, 1.89485072077e-09, 1.6022249083e-09, 9.92612214645e-10, 4.46435066692e-09, 5.59905621866e-10, 1.67611036161e-10, 6.48241321732e-11, 1.02950070344e-11, 2.14207384469e-12, 1.79981870336e-13, -2.40828809904e-15], [1.22503561115e-11, 6.3678223805e-10, 6.41101727261e-10, 2.54236653952e-09, 2.25871876758e-09, 9.02851626794e-10, 6.91587676016e-10, 1.34854338807e-09, 1.03014741182e-09, -3.24193538681e-09, -7.92551912987e-10, -7.77562991772e-09, -1.11565370275e-08, -1.18784693193e-09, 5.75629655053e-10, 9.69194058342e-10, 7.04438840593e-10, -3.14164777526e-10, 7.14007797331e-10, 5.59905621866e-10, 7.02516433915e-10, 1.22313992268e-10, 4.57245040442e-11, 6.384364825e-12, 1.17564931314e-12, 9.71917316593e-14, -1.42995731579e-15], [-2.80572353545e-12, 4.72506894722e-11, 1.19653120745e-10, 6.13954664885e-10, 6.58450183266e-10, 1.85790549612e-10, 1.30219141026e-10, 4.61967408771e-10, 4.02805899746e-10, -3.68473918044e-10, -8.08434656024e-12, 2.9503940957e-10, -2.0037571602e-09, -4.7632453537e-10, 1.56848312116e-10, 2.37582620244e-10, 1.88084103847e-10, -1.1104935721e-10, 2.01778385667e-10, 1.67611036161e-10, 1.22313992268e-10, 4.98213068023e-11, 1.53009931114e-11, 2.60920798856e-12, 4.54656088169e-13, 3.20991775098e-14, -2.15575602549e-16], [-1.29408788373e-12, 2.60513832728e-11, 3.98160601711e-11, 2.47148773669e-10, 2.41850456328e-10, 7.23796370061e-11, 6.24618134992e-11, 1.28644109254e-10, 1.25946197915e-10, -3.68934799377e-10, -1.63075473264e-11, -7.84763531936e-10, -4.52039045085e-10, -1.73445702245e-10, 5.11929873492e-11, 8.55504972419e-11, 6.60364610217e-11, -3.83747200683e-11, 7.37691643882e-11, 6.48241321732e-11, 4.57245040442e-11, 1.53009931114e-11, 8.98294199442e-12, 1.09843384388e-12, 1.97086772358e-13, 1.70928470488e-14, -1.04992685193e-16], [-7.84074885639e-14, 1.13074679828e-11, 9.90267503415e-12, 5.57519273803e-11, 5.69959808516e-11, 1.47058858146e-11, 1.45290992778e-11, 2.77274800342e-11, 2.39851159767e-11, -5.4935531818e-11, -1.87452622868e-11, -1.3907196228e-10, -2.25120561081e-10, -3.29724476889e-11, 9.9378266033e-12, 1.52687376631e-11, 1.41464617798e-11, -7.71314002251e-12, 1.37034290165e-11, 1.02950070344e-11, 6.384364825e-12, 2.60920798856e-12, 1.09843384388e-12, 2.41950773652e-13, 3.9326814781e-14, 2.84362809382e-15, -2.2851053019e-17], [2.30784184996e-15, 3.04836906585e-12, 2.71893727151e-12, 1.46654528799e-11, 1.119444034e-11, 2.97876653899e-12, 4.98017902958e-12, 4.34964043949e-12, 3.64193267557e-12, -1.3384057751e-11, -3.05645396145e-12, -2.90441871942e-11, -4.45918892089e-11, -6.73483924879e-12, 1.72800857824e-12, 5.28832967001e-12, 6.7489074225e-12, 4.14966021614e-13, 3.37561489178e-12, 2.14207384469e-12, 1.17564931314e-12, 4.54656088169e-13, 1.97086772358e-13, 3.9326814781e-14, 1.07429298815e-14, 8.92392514492e-16, 2.36186989613e-18], [-2.86970696772e-15, 1.68586282087e-13, 1.17757190175e-13, 1.07689052987e-12, 7.81521115184e-13, 1.77059064567e-13, 4.70872798218e-13, 4.40980720906e-13, 2.61382034723e-13, -7.71648641252e-13, -2.0987615671e-13, -1.4528575825e-12, -2.48910028873e-12, -3.79972854396e-13, 1.39923879774e-13, 5.64765302666e-13, 8.5575952791e-13, 2.43116182568e-13, 3.39966173702e-13, 1.79981870336e-13, 9.71917316593e-14, 3.20991775098e-14, 1.70928470488e-14, 2.84362809382e-15, 8.92392514492e-16, 1.06636015137e-16, 7.49210650732e-18], [-1.33990066695e-15, -2.75287622152e-14, -2.33859308465e-14, -4.50017491804e-14, -3.41083701539e-14, -1.9466877112e-14, -1.70262939761e-14, -1.14647256193e-14, -8.57450774879e-15, -2.92756067327e-14, -5.80039141379e-15, 1.63288558564e-13, 2.10177361626e-13, -1.61794761752e-14, -4.10043144052e-15, -6.83256797562e-15, -6.990352426e-15, 1.40059481279e-15, -4.22663087933e-15, -2.40828809904e-15, -1.42995731579e-15, -2.15575602549e-16, -1.04992685193e-16, -2.2851053019e-17, 2.36186989613e-18, 7.49210650732e-18, 7.88393451886e-18]]
    },
    "mfcc": {
        "kurt": [-0.259005308151, 0.593123197556, 0.535291671753, 1.05166339874, 0.582448005676, 0.707418203354, 0.0222904682159, 0.820000886917, 1.33805847168, 0.439536809921, 1.78298139572, 0.734296560287, 0.800599098206],
        "max": [-613.801513672, 204.613128662, -11.1787567139, 63.9319992065, 13.9052276611, 46.4610214233, 49.0127487183, 40.2683486938, 29.5616645813, 21.6492404938, 41.0729789734, 42.6009292603, 35.0944633484],
        "mean": [-732.510253906, 162.836990356, -52.4579048157, 32.6975364685, -13.9507045746, 13.3563051224, 6.22240829468, 7.40718173981, -8.53316879272, -4.59918451309, -3.54122638702, 4.08132410049, -0.158471524715],
        "median": [-728.60168457, 160.946609497, -51.8544883728, 34.7490959167, -13.7781200409, 13.9544610977, 3.56688499451, 7.05874538422, -7.15179634094, -3.90677833557, -5.69760990143, 3.61127853394, 0.504686355591],
        "min": [-823.808349609, 99.9821090698, -93.2716522217, -17.4698295593, -51.4085845947, -18.2075500488, -21.3457145691, -20.7394714355, -49.1564483643, -39.2581863403, -27.287191391, -28.06772995, -38.8079452515],
        "skew": [-0.275116801262, 0.218953549862, -0.157948374748, -0.834098100662, -0.0859122425318, -0.306020230055, 0.646124482155, 0.257431268692, -0.597720086575, -0.449534088373, 1.1393237114, 0.233178004622, -0.387321263552],
        "var": [931.659301758, 194.386123657, 130.216918945, 128.09916687, 80.6639099121, 73.4581069946, 137.451141357, 78.3060379028, 124.685386658, 76.6738357544, 108.522766113, 92.7892150879, 105.11567688],
        "cov": [[932.48449707, -183.098709106, 3.48972940445, 196.462097168, -48.502532959, 17.4082775116, -230.358551025, 29.5046215057, 84.4165496826, 101.236152649, -121.503471375, -41.6499061584, 10.0423803329], [-183.098709106, 194.558288574, 22.1525688171, -47.7608032227, 15.7606287003, -30.9388561249, 63.4423866272, 10.4676513672, 11.4509458542, -35.1514854431, 33.0290107727, -3.17653799057, -2.27245545387], [3.48972940445, 22.1525688171, 130.332260132, 38.9887428284, -13.8963375092, -11.9562292099, -31.9285736084, 16.406042099, 43.7191505432, 9.77733516693, -33.8428115845, -14.5032787323, 23.8941249847], [196.462097168, -47.7608032227, 38.9887428284, 128.212631226, 27.4045906067, 0.696650505066, -69.7274551392, -2.91849851608, 36.0160255432, 24.9017944336, -30.7274169922, 2.8886475563, 4.97824525833], [-48.502532959, 15.7606287003, -13.8963375092, 27.4045906067, 80.7353591919, 24.2954540253, 16.2945194244, -23.5520553589, -22.1189651489, -4.55889129639, 36.4722518921, 26.9757900238, -15.5419845581], [17.4082775116, -30.9388561249, -11.9562292099, 0.696650505066, 24.2954540253, 73.5231781006, 17.2765369415, -25.3629055023, -34.9467811584, 3.90405511856, 15.9517412186, 24.6227416992, 11.6492977142], [-230.358551025, 63.4423866272, -31.9285736084, -69.7274551392, 16.2945194244, 17.2765369415, 137.572891235, 6.0522146225, -62.793006897, -47.973613739, 43.6819381714, 34.1068153381, 10.0121297836], [29.5046215057, 10.4676513672, 16.406042099, -2.91849851608, -23.5520553589, -25.3629055023, 6.0522146225, 78.3753967285, 43.5299987793, -11.395365715, -35.1070671082, -27.9099292755, 16.1902618408], [84.4165496826, 11.4509458542, 43.7191505432, 36.0160255432, -22.1189651489, -34.9467811584, -62.793006897, 43.5299987793, 124.795822144, 40.6586608887, -57.7456855774, -58.0302314758, -6.89535284042], [101.236152649, -35.1514854431, 9.77733516693, 24.9017944336, -4.55889129639, 3.90405511856, -47.973613739, -11.395365715, 40.6586608887, 76.7417526245, -1.24600565434, -26.1105880737, -27.3289985657], [-121.503471375, 33.0290107727, -33.8428115845, -30.7274169922, 36.4722518921, 15.9517412186, 43.6819381714, -35.1070671082, -57.7456855774, -1.24600565434, 108.618888855, 48.879447937, -32.8379440308], [-41.6499061584, -3.17653799057, -14.5032787323, 2.8886475563, 26.9757900238, 24.6227416992, 34.1068153381, -27.9099292755, -58.0302314758, -26.1105880737, 48.879447937, 92.8713989258, 25.4379367828], [10.0423803329, -2.27245545387, 23.8941249847, 4.97824525833, -15.5419845581, 11.6492977142, 10.0121297836, 16.1902618408, -6.89535284042, -27.3289985657, -32.8379440308, 25.4379367828, 105.208786011]]
    },
    "sccoeffs": {
        "kurt": [0.46141242981, 0.307212591171, 2.0644288063, 2.50111532211, 4.645570755, 1.24855422974],
        "max": [-0.452755510807, -0.591185450554, -0.38114887476, -0.368693560362, -0.586930155754, -0.647679924965],
        "mean": [-0.723566710949, -0.792756915092, -0.772253990173, -0.760074555874, -0.805605649948, -0.754902660847],
        "median": [-0.728053927422, -0.794700324535, -0.794428408146, -0.7911028862, -0.814987719059, -0.75629979372],
        "min": [-0.879456877708, -0.907279014587, -0.913154065609, -0.90147703886, -0.880256593227, -0.841559052467],
        "skew": [0.524151265621, 0.403588473797, 1.35415267944, 1.69298636913, 1.83981621265, 0.516502261162],
        "var": [0.00416283076629, 0.00210306607187, 0.00610934291035, 0.0080325929448, 0.00144981045742, 0.000432347791502],
        "cov": [[0.00416651787236, 0.000425840116804, -0.000548003532458, -0.000967685075011, -0.000219414039748, 5.9048024923e-06], [0.000425840116804, 0.00210492871702, -0.00026677295682, -0.000747424375731, -0.000199467904167, 6.65830248181e-06], [-0.000548003532458, -0.00026677295682, 0.00611475389451, 0.000446731486591, 0.000468870945042, -0.000230581572396], [-0.000967685075011, -0.000747424375731, 0.000446731486591, 0.00803970731795, 0.00171233306173, -0.000131855893414], [-0.000219414039748, -0.000199467904167, 0.000468870945042, 0.00171233306173, 0.00145109451842, 2.03896906896e-05], [5.9048024923e-06, 6.65830248181e-06, -0.000230581572396, -0.000131855893414, 2.03896906896e-05, 0.000432730739703]]
    },
    "scvalleys": {
        "kurt": [0.418904304504, -0.0414624214172, 0.192054748535, -0.273126363754, -0.202019929886, -0.520459413528],
        "max": [-4.93243837357, -5.0989613533, -5.18229389191, -5.84605932236, -5.97229194641, -8.90192604065],
        "mean": [-6.03112983704, -6.20426177979, -6.31236410141, -6.97354888916, -7.6761097908, -10.724937439],
        "median": [-6.00331687927, -6.16061639786, -6.27327728271, -6.89633750916, -7.57972240448, -10.5495071411],
        "min": [-7.87653064728, -7.63425350189, -7.65693378448, -8.61577320099, -9.15270614624, -12.110033989],
        "skew": [-0.46247780323, -0.370738774538, -0.365322172642, -0.507390856743, -0.497323334217, -0.480759233236],
        "var": [0.163404449821, 0.168554484844, 0.133584439754, 0.204231292009, 0.213643699884, 0.274181336164],
        "cov": [[0.163549184799, 0.0565791018307, 0.0394918322563, 0.0669114366174, 0.073106251657, 0.0860458239913], [0.0565791018307, 0.168703779578, 0.0671850964427, 0.0894555896521, 0.0956782624125, 0.104812979698], [0.0394918322563, 0.0671850964427, 0.133702754974, 0.0954904258251, 0.0988104343414, 0.0983760878444], [0.0669114366174, 0.0894555896521, 0.0954904258251, 0.204412192106, 0.180369496346, 0.184805110097], [0.073106251657, 0.0956782624125, 0.0988104343414, 0.180369496346, 0.213832944632, 0.213528618217], [0.0860458239913, 0.104812979698, 0.0983760878444, 0.184805110097, 0.213528618217, 0.27442419529]]
    }
},
"rhythm": {
    "beats_loudness": {
        "kurt": 31.374332428,
        "max": 0.0368861556053,
        "mean": 0.00511689856648,
        "median": 0.00415878742933,
        "min": 0.0019901196938,
        "skew": 5.37920045853,
        "var": 2.48710784945e-05
    },
    "bpm": 110.986785889,
    "confidence": 0.554616630077,
    "first_peak_bpm": {
        "kurt": 0,
        "max": 112,
        "mean": 112,
        "median": 112,
        "min": 112,
        "skew": 0,
        "var": 0
    },
    "first_peak_spread": {
        "kurt": 0,
        "max": 0.625,
        "mean": 0.625,
        "median": 0.625,
        "min": 0.625,
        "skew": 0,
        "var": 0
    },
    "first_peak_weight": {
        "kurt": 0,
        "max": 0.191489368677,
        "mean": 0.191489368677,
        "median": 0.191489368677,
        "min": 0.191489368677,
        "skew": 0,
        "var": 0
    },
    "onset_rate": 1.48806786537,
    "second_peak_bpm": {
        "kurt": 0,
        "max": 133,
        "mean": 133,
        "median": 133,
        "min": 133,
        "skew": 0,
        "var": 0
    },
    "second_peak_spread": {
        "kurt": 0,
        "max": 0.45454543829,
        "mean": 0.45454543829,
        "median": 0.45454543829,
        "min": 0.45454543829,
        "skew": 0,
        "var": 0
    },
    "second_peak_weight": {
        "kurt": 0,
        "max": 0.127659574151,
        "mean": 0.127659574151,
        "median": 0.127659574151,
        "min": 0.127659574151,
        "skew": 0,
        "var": 0
    },
    "beats_loudness_band_ratio": {
        "kurt": [-0.589259624481, -0.895382642746, 3.54093885422, -0.319850683212, 5.45270252228, 4.94946432114],
        "max": [0.673542797565, 0.301988720894, 0.567700564861, 0.980899989605, 0.439195245504, 0.115614965558],
        "mean": [0.281705647707, 0.141093924642, 0.138821586967, 0.362766474485, 0.105542175472, 0.029780196026],
        "median": [0.272357732058, 0.124050527811, 0.108916893601, 0.2771961689, 0.0920179486275, 0.0266802981496],
        "min": [0.00305337551981, 0.00204070215113, 0.00400685193017, 0.0778657123446, 0.00548329856247, 0.00210735853761],
        "skew": [0.53362262249, 0.361422687769, 1.73672091961, 0.919482171535, 1.90288352966, 1.65532445908],
        "var": [0.0313617773354, 0.00711025903001, 0.0123194819316, 0.0605324655771, 0.00598656060174, 0.000396546442062],
        "cov": [[0.0320290476084, 0.00881750881672, 0.000545145885553, -0.0329833775759, -0.00205327337608, 0.000179034817847], [0.00881750881672, 0.00726154120639, 0.0019694888033, -0.0151386950165, -0.000358992838301, 0.000562456378248], [0.000545145885553, 0.0019694888033, 0.0125815980136, -0.0149926049635, 0.000433152192272, 0.00040304363938], [-0.0329833775759, -0.0151386950165, -0.0149926049635, 0.0618203915656, -0.00481515098363, -0.00184446410276], [-0.00205327337608, -0.000358992838301, 0.000433152192272, -0.00481515098363, 0.00611393433064, 0.000461580581032], [0.000179034817847, 0.000562456378248, 0.00040304363938, -0.00184446410276, 0.000461580581032, 0.000404983613407]]
    },
    "beats_position": [0.510838985443, 1.04489791393, 1.57895684242, 2.10140585899, 2.62385487556, 3.15791368484, 3.68036270142, 4.22603178024, 4.77170038223, 5.31736946106, 5.87464857101, 6.40870714188, 6.96598625183, 7.52326536179, 8.06893444061, 8.6146030426, 9.17188167572, 9.70594120026, 10.2399997711, 10.866938591, 11.5170974731, 12.144036293, 12.7709751129, 13.3979139328, 14.0480718613, 14.6866207123, 15.3483896255, 15.9985485077, 16.5558280945, 17.0898857117, 17.6355552673, 18.181224823, 18.7152824402, 19.2493419647, 19.7485713959, 20.247800827, 20.758638382, 21.2114276886, 21.6642169952, 22.1170063019, 22.5697956085, 23.010974884, 23.4521541595, 23.9165534973, 24.3577327728, 24.8105201721, 25.2633094788, 25.7044887543],
    "bpm_estimates": [112.34715271, 112.34715271, 114.843742371, 114.843742371, 112.347175598, 114.843742371, 109.956756592, 109.956848145, 109.956756592, 107.665977478, 112.347229004, 107.665977478, 107.665977478, 109.956756592, 109.956848145, 107.666069031, 112.34703064, 112.347229004, 107.665885925, 112.347427368, 109.95665741, 109.95665741, 112.347427368, 112.34703064],
    "bpm_intervals": [0.53405892849, 0.53405892849, 0.522449016571, 0.522449016571, 0.53405880928, 0.522449016571, 0.545669078827, 0.54566860199, 0.545669078827, 0.557279109955, 0.534058570862, 0.557279109955, 0.557279109955, 0.545669078827, 0.54566860199, 0.557278633118, 0.534059524536, 0.534058570862, 0.626938819885, 0.650158882141, 0.626938819885, 0.626938819885, 0.626938819885, 0.650157928467, 0.638548851013, 0.661768913269, 0.650158882141, 0.557279586792, 0.534057617188, 0.545669555664, 0.545669555664, 0.534057617188, 0.534059524536, 0.499229431152, 0.499229431152, 0.510837554932, 0.452789306641, 0.452789306641, 0.452789306641, 0.452789306641, 0.441179275513, 0.441179275513, 0.464399337769, 0.441179275513, 0.452787399292, 0.452789306641, 0.441179275513],
    "onset_times": [0.0116099771112, 0.905578255653, 1.23065757751, 1.54412698746, 1.78793644905, 2.03174614906, 2.13623571396, 2.31038546562, 2.56580495834, 2.65868473053, 2.80961441994, 3.09986400604, 3.34367346764, 3.5758728981, 3.61070299149, 3.72680282593, 3.86612248421, 3.99383211136, 4.1679816246, 4.27247142792, 5.64244890213, 6.08362817764, 6.37387752533, 6.62929725647, 6.90793657303, 7.2330160141, 8.09215450287, 8.55655288696, 8.78875255585, 9.2067117691, 9.62467098236, 9.74077129364, 11.656416893, 14.8143310547, 15.325170517, 16.5790481567, 20.8631286621, 24.7524719238, 24.8685722351],
    "histogram": [[0, 0, 0, 0, 0, 0, 0, 0, 0, 0, 0, 0, 0, 0, 0, 0, 0, 0, 0, 0, 0, 0, 0, 0, 0, 0, 0, 0, 0, 0, 0, 0, 0, 0, 0, 0, 0, 0, 0, 0, 0, 0, 0, 0, 0, 0, 0, 0, 0, 0, 0, 0, 0, 0, 0, 0, 0, 0, 0, 0, 0, 0, 0, 0, 0, 0, 0, 0, 0, 0, 0, 0, 0, 0, 0, 0, 0, 0, 0, 0, 0, 0, 0, 0, 0, 0, 0, 0, 0, 0, 0, 0.021276595071, 0.0638297870755, 0, 0.021276595071, 0, 0.0851063802838, 0, 0, 0, 0, 0, 0, 0, 0, 0, 0, 0, 0.106382980943, 0, 0.148936167359, 0, 0.191489368677, 0, 0, 0.0638297870755, 0, 0.021276595071, 0, 0, 0.0425531901419, 0, 0, 0, 0, 0, 0, 0, 0, 0.021276595071, 0, 0, 0, 0.127659574151, 0, 0, 0.0851063802838, 0, 0, 0, 0, 0, 0, 0, 0, 0, 0, 0, 0, 0, 0, 0, 0, 0, 0, 0, 0, 0, 0, 0, 0, 0, 0, 0, 0, 0, 0, 0, 0, 0, 0, 0, 0, 0, 0, 0, 0, 0, 0, 0, 0, 0, 0, 0, 0, 0, 0, 0, 0, 0, 0, 0, 0, 0, 0, 0, 0, 0, 0, 0, 0, 0, 0, 0, 0, 0, 0, 0, 0, 0, 0, 0, 0, 0, 0, 0, 0, 0, 0, 0, 0, 0, 0, 0, 0, 0, 0, 0, 0, 0, 0, 0, 0, 0, 0, 0, 0, 0, 0, 0, 0, 0, 0, 0, 0, 0, 0, 0, 0, 0]]
},
"sfx": {
    "inharmonicity": {
        "kurt": -0.218457937241,
        "max": 0.436261773109,
        "mean": 0.0980277210474,
        "median": 0.0851925686002,
        "min": 8.89099226242e-07,
        "skew": 0.696694552898,
        "var": 0.00780476490036
    },
    "oddtoevenharmonicenergyratio": {
        "kurt": 497.092315674,
        "max": 2779.30493164,
        "mean": 7.81722831726,
        "median": 0.381652534008,
        "min": 4.80430353491e-05,
        "skew": 21.3661346436,
        "var": 11105.8632812
    },
    "pitch_after_max_to_before_max_energy_ratio": 2.19377040863,
    "pitch_centroid": 414.219665527,
    "pitch_max_to_total": 0.150442481041,
    "pitch_min_to_total": 0.48141592741,
    "tristimulus": {
        "kurt": [-0.587570667267, 0.921026468277, -1.48215913773],
        "max": [0.975193679333, 0.952709913254, 0.928876936436],
        "mean": [0.343649595976, 0.316383808851, 0.339967608452],
        "median": [0.226888462901, 0.282429814339, 0.411692917347],
        "min": [0, 0, 0],
        "skew": [0.90646892786, 1.04050421715, -0.120423942804],
        "var": [0.0817114263773, 0.0334337316453, 0.069185398519],
        "cov": [[0.0817838013172, -0.0230002142489, -0.0587836131454], [-0.0230002142489, 0.0334633439779, -0.0104631287977], [-0.0587836131454, -0.0104631287977, 0.0692466720939]]
    }
},
"tonal": {
