{
"metadata": {
    "version": {
        "essentia": "2.1-beta3"
    }
},
"lowLevel": {
    "average_loudness": 0.637699186802,
    "barkbands_kurtosis": {
        "kurt": 10.6665697098,
        "max": 16.5658416748,
        "mean": 0.279923498631,
        "median": -0.491501808167,
        "min": -1.95419728756,
        "skew": 2.92086076736,
        "var": 5.79870891571
    },
    "barkbands_skewness": {
        "kurt": 1.84111166,
        "max": 4.15113019943,
        "mean": 0.733550667763,
        "median": 0.588614106178,
        "min": -2.13545060158,
        "skew": 0.796033859253,
        "var": 0.74710971117
    },
    "barkbands_spread": {
        "kurt": -1.55544531345,
        "max": 42.3012580872,
        "mean": 16.0313892365,
        "median": 9.81056118011,
        "min": 1.48991847038,
        "skew": 0.286242872477,
        "var": 121.621910095
    },
    "dissonance": {
        "kurt": 7.81743144989,
        "max": 0.500000059605,
        "mean": 0.468283623457,
        "median": 0.485104501247,
        "min": 0.182523071766,
        "skew": -2.70595645905,
        "var": 0.00249829399399
    },
    "hfc": {
        "kurt": 0.573438405991,
        "max": 5.93391609192,
        "mean": 0.842822670937,
        "median": 2.17390570469e-05,
        "min": 1.23015177265e-16,
        "skew": 1.17826294899,
        "var": 1.3597304821
    },
    "pitch": {
        "kurt": 4.00853633881,
        "max": 3703.42480469,
        "mean": 653.623596191,
        "median": 383.00012207,
        "min": 52.6711158752,
        "skew": 1.79251563549,
        "var": 419294.6875
    },
    "pitch_instantaneous_confidence": {
        "kurt": -1.15564489365,
        "max": 0.99194842577,
        "mean": 0.4666877985,
        "median": 0.307682693005,
        "min": 0.102131724358,
        "skew": 0.749959349632,
        "var": 0.0889713615179
    },
    "pitch_salience": {
        "kurt": 1.26297569275,
        "max": 0.954645395279,
        "mean": 0.699817895889,
        "median": 0.713010489941,
        "min": 0.353934973478,
        "skew": -0.870891451836,
        "var": 0.00830740574747
    },
    "silence_rate_20dB": {
        "kurt": 0,
        "max": 1,
        "mean": 1,
        "median": 1,
        "min": 1,
        "skew": 0,
        "var": 0
    },
    "silence_rate_30dB": {
        "kurt": 0,
        "max": 1,
        "mean": 1,
        "median": 1,
        "min": 1,
        "skew": 0,
        "var": 0
    },
    "silence_rate_60dB": {
        "kurt": 0,
        "max": 1,
        "mean": 1,
        "median": 1,
        "min": 1,
        "skew": 0,
        "var": 0
    },
    "spectral_centroid": {
        "kurt": 154.713058472,
        "max": 11388.6962891,
        "mean": 1321.6217041,
        "median": 1238.18811035,
        "min": 657.436523438,
        "skew": 8.77621078491,
        "var": 273702.6875
    },
    "spectral_complexity": {
        "kurt": 2.98349094391,
        "max": 13,
        "mean": 1.63026165962,
        "median": 0,
        "min": 0,
        "skew": 1.97694861889,
        "var": 8.00548744202
    },
    "spectral_crest": {
        "kurt": -0.209560394287,
        "max": 25.029176712,
        "mean": 9.16151237488,
        "median": 6.52154779434,
        "min": 2.64704203606,
        "skew": 1.02017629147,
        "var": 31.6059913635
    },
    "spectral_decrease": {
        "kurt": -0.745317697525,
        "max": -5.73964979988e-29,
        "mean": -1.34725286483e-10,
        "median": -4.71171860141e-15,
        "min": -6.90025314665e-10,
        "skew": -0.884616732597,
        "var": 3.32929081313e-20
    },
    "spectral_energy": {
        "kurt": -0.696987628937,
        "max": 0.00302927917801,
        "mean": 0.000584930705372,
        "median": 2.06097379163e-08,
        "min": 1.13744668992e-20,
        "skew": 0.88663828373,
        "var": 6.22421396201e-07
    },
    "spectral_energyband_high": {
        "kurt": 2.23499202728,
        "max": 4.11816745327e-06,
        "mean": 4.59836854816e-07,
        "median": 1.86318849238e-10,
        "min": 8.45448540952e-21,
        "skew": 1.63662827015,
        "var": 4.94700309363e-13
    },
    "spectral_energyband_low": {
        "kurt": 11.5073785782,
        "max": 3.1278055701e-09,
        "mean": 4.19134504881e-10,
        "median": 3.3460498261e-10,
        "min": 3.85232523782e-23,
        "skew": 2.56279540062,
        "var": 9.96626040719e-20
    },
    "spectral_energyband_middle_high": {
        "kurt": 0.643005609512,
        "max": 0.00302710919641,
        "mean": 0.000482334988192,
        "median": 1.19550405131e-08,
        "min": 1.65017786417e-21,
        "skew": 1.28947615623,
        "var": 4.94035987231e-07
    },
    "spectral_energyband_middle_low": {
        "kurt": 7.60617542267,
        "max": 0.00167324417271,
        "mean": 0.000120835095004,
        "median": 4.74137484829e-09,
        "min": 3.16338372678e-22,
        "skew": 2.72053813934,
        "var": 8.32871975831e-08
    },
    "spectral_flatness_db": {
        "kurt": -1.41641402245,
        "max": 0.649321675301,
        "mean": 0.283991903067,
        "median": 0.175355345011,
        "min": 0.0784292221069,
        "skew": 0.48744648695,
        "var": 0.0358651690185
    },
    "spectral_flux": {
        "kurt": -0.373470783234,
        "max": 0.0664726644754,
        "mean": 0.013394174166,
        "median": 7.9723293311e-05,
        "min": 1.06651146248e-10,
        "skew": 1.14792788029,
        "var": 0.000399514508899
    },
    "spectral_kurtosis": {
        "kurt": 1.03834342957,
        "max": 61.3790740967,
        "mean": 15.8722915649,
        "median": 10.6569595337,
        "min": -1.21005702019,
        "skew": 1.28892612457,
        "var": 124.642715454
    },
    "spectral_rms": {
        "kurt": -1.48588645458,
        "max": 0.00171912601218,
        "mean": 0.000476302695461,
        "median": 4.4840899136e-06,
        "min": 3.33122223382e-12,
        "skew": 0.571975588799,
        "var": 3.43801161762e-07
    },
    "spectral_rolloff": {
        "kurt": 141.909393311,
        "max": 18820.0195312,
        "mean": 2217.67529297,
        "median": 2347.11914062,
        "min": 732.12890625,
        "skew": 7.5371055603,
        "var": 774837.8125
    },
    "spectral_skewness": {
        "kurt": 2.31817531586,
        "max": 5.99817609787,
        "mean": 2.64247322083,
        "median": 2.37116003036,
        "min": -0.0354059897363,
        "skew": 1.28209149837,
        "var": 0.555452823639
    },
    "spectral_spread": {
        "kurt": 119.993232727,
        "max": 41339268,
        "mean": 3182278.75,
        "median": 3332275.5,
        "min": 982188.6875,
        "skew": 6.84006214142,
        "var": 4.44285950362e+12
    },
    "spectral_strongpeak": {
        "kurt": -0.0526883602142,
        "max": 0.995819568634,
        "mean": 0.169935435057,
        "median": 0.00199767388403,
        "min": 1.94577487456e-09,
        "skew": 1.05641853809,
        "var": 0.0530594214797
    },
    "zerocrossingrate": {
        "kurt": 119.020553589,
        "max": 0.48388671875,
        "mean": 0.0691420659423,
        "median": 0.06494140625,
        "min": 0.033203125,
        "skew": 8.01563167572,
        "var": 0.000589050236158
    },
    "barkbands": {
        "kurt": [14.7752590179, 24.6722946167, 11.000330925, 4.91875886917, 12.3047380447, 4.57978916168, 3.90986537933, 3.54648637772, 19.7959251404, 12.6257038116, 17.3788509369, 16.9546413422, 20.6445178986, 8.84108352661, 79.6079483032, 14.7254505157, 8.16663837433, 18.5205554962, 9.92799377441, 6.56709766388, 9.22300720215, 10.847943306, 20.2124271393, 9.15343952179, 26.5756893158, 18.2010917664, 18.9749145508],
        "max": [3.59831914265e-10, 1.52129553399e-09, 1.02249142486e-09, 1.82284543015e-09, 4.29775255384e-08, 4.44681234057e-07, 1.54694225785e-05, 2.02139690373e-05, 0.00155719730537, 0.00137080380227, 0.00125795661006, 0.00201774667948, 0.00246832869016, 0.000534054241143, 0.000184177435585, 6.00041021244e-05, 0.000444615754532, 0.00142816628795, 0.000164187818882, 8.83470511326e-06, 2.22529661187e-06, 6.53166296161e-07, 3.42847130241e-07, 4.38138982872e-08, 1.2469613786e-08, 3.36548261481e-10, 3.53934437314e-10],
        "mean": [2.08057650969e-11, 1.48812476231e-10, 1.2333283006e-10, 3.13268855301e-10, 2.2987263204e-09, 3.59824383622e-08, 1.23412121411e-06, 1.63943036569e-06, 7.31508625904e-05, 8.7452637672e-05, 6.11671057413e-05, 9.65892686509e-05, 0.00010427324014, 3.53347531927e-05, 4.29030342275e-06, 3.16452656079e-06, 3.1148774724e-05, 7.2345152148e-05, 1.22700530483e-05, 6.00945043061e-07, 1.63130252417e-07, 4.91927281132e-08, 1.6217502008e-08, 3.02824521015e-09, 5.69308378218e-10, 1.80336440225e-11, 1.78499090508e-11],
        "median": [7.33642421986e-13, 1.20422380401e-10, 8.56862220067e-11, 2.32829686087e-10, 3.81866066546e-10, 2.35261587989e-10, 7.21922743807e-10, 2.96468627425e-10, 1.0838487885e-09, 6.39420238979e-10, 1.12531584051e-09, 3.99616917335e-09, 1.49375578573e-09, 1.00435004757e-09, 3.60285801193e-10, 4.56595206089e-10, 4.92018426002e-10, 6.64192645328e-10, 3.96126381697e-10, 1.43977843536e-10, 6.827723803e-11, 3.95462898539e-11, 4.03511902711e-12, 1.86829067841e-12, 1.20661477771e-12, 1.03791839489e-13, 4.43783430956e-15],
        "min": [9.00329475484e-24, 8.05263532251e-24, 1.38190476121e-23, 2.65119457948e-23, 4.56843139502e-23, 3.96878445772e-23, 1.22633973409e-23, 7.38892057347e-23, 8.10713488255e-23, 1.80894199047e-22, 1.63687867905e-22, 8.00155247682e-23, 4.60815937684e-23, 4.99912609899e-23, 1.72869691349e-22, 1.40479971349e-22, 1.57879137961e-22, 2.92604362695e-22, 2.25892150367e-22, 3.32329555103e-22, 5.0089527184e-22, 7.4015433577e-22, 5.66187711244e-22, 1.1273004594e-21, 1.46361107364e-21, 1.6404079039e-21, 2.42661470238e-21],
        "skew": [3.57533526421, 3.67002129555, 2.66023683548, 1.90312874317, 3.43250870705, 2.46464157104, 2.374979496, 2.27515530586, 4.10281038284, 3.43134284019, 4.0880317688, 3.87732434273, 4.3241071701, 2.87120127678, 7.65184497833, 3.69522356987, 2.62573575974, 4.05826997757, 2.91494131088, 2.29748558998, 2.63415980339, 2.89738917351, 3.81709432602, 2.75357508659, 4.63628721237, 3.81431317329, 3.9064438343],
        "var": [2.43641545978e-21, 1.65467271031e-20, 1.4692953958e-20, 7.70165960987e-20, 3.22740728728e-17, 8.91492436106e-15, 1.05985576218e-11, 1.659192575e-11, 4.22480539441e-08, 4.92429457211e-08, 3.36334373685e-08, 6.71174049671e-08, 8.74570176279e-08, 6.46258335735e-09, 1.78334569334e-10, 7.0527590712e-11, 3.99644539684e-09, 3.48025182006e-08, 5.86036552619e-10, 1.25076262281e-12, 8.01656646881e-14, 8.46252745207e-15, 1.0882189086e-15, 3.15574532209e-17, 1.82320409097e-18, 1.68014973181e-21, 1.81536336873e-21],
        "cov": [[2.43919043263e-21, 2.96385174852e-21, 2.38745024493e-21, 3.94644517906e-21, 7.57045325508e-20, 1.3086617676e-18, 4.31169449393e-17, 5.63434868334e-17, 3.35443639486e-15, 4.35870322108e-15, 3.54681896476e-15, 2.92529668125e-15, 2.18740816442e-15, 4.56320789125e-16, 8.26156099734e-17, 1.43640998631e-16, 1.04629458936e-15, 1.58623605922e-15, 2.30176994721e-16, 1.95616088401e-17, 3.47717695478e-18, 1.41795807252e-18, 4.02089548931e-19, 7.1739655542e-20, 1.15139978898e-20, 3.82703511451e-22, 3.80082196082e-22], [2.96385174852e-21, 1.6565572927e-20, 8.26271117776e-21, 6.50250395378e-21, 5.45419631463e-20, 1.2851063521e-18, 4.48842824925e-17, 6.13972361213e-17, 3.27784068775e-15, 3.75713788084e-15, 3.25586971189e-15, 1.36093207152e-15, -8.28321063007e-17, -9.20888330729e-17, 4.02603296334e-17, 1.27020676958e-16, 6.02717040349e-16, -1.45611779601e-16, -1.44163766852e-17, 1.1808181088e-17, 7.2171560144e-19, 5.45866670885e-19, -5.24030873397e-21, 3.4964876025e-20, -3.64650658089e-21, 2.06324764847e-22, 2.20940173854e-22], [2.38745024493e-21, 8.26271117776e-21, 1.47096882095e-20, 1.03765591162e-20, 6.19639122782e-20, 1.20447144182e-18, 3.65093964277e-17, 4.76194445234e-17, 3.05230546005e-15, 5.3934221523e-15, 4.27713056013e-15, 3.31717774485e-15, 1.7228569679e-15, 2.77292646547e-16, 9.07647088181e-17, 1.50726204241e-16, 1.30687209948e-15, 1.36138883404e-15, 2.3261999656e-16, 1.76778952466e-17, 4.34844463962e-18, 1.41029672569e-18, 2.85277274175e-19, 9.67291566635e-20, 9.0491466828e-21, 3.14106363321e-22, 3.13576753664e-22], [3.94644517906e-21, 6.50250395378e-21, 1.03765591162e-20, 7.71043095553e-20, 5.23179950116e-19, 9.82273503248e-18, 3.39413089987e-16, 4.37972123193e-16, 1.28477135818e-14, 1.0644940875e-14, 4.85750398306e-15, 5.72380735338e-15, 4.69990333883e-15, 2.94009371157e-15, 4.67063866814e-16, 1.76877036234e-16, 3.19936414397e-15, 1.98942437739e-15, 2.67393796009e-16, 7.3563620329e-17, 1.11160228212e-17, 2.69823834273e-18, 3.78194963522e-19, 2.89996546365e-19, 2.37446007619e-20, 1.47369465976e-21, 1.51867502895e-21], [7.57045325508e-20, 5.45419631463e-20, 6.19639122782e-20, 5.23179950116e-19, 3.23108294705e-17, 4.70067180947e-16, 1.51941922043e-14, 1.85727169457e-14, 3.92942324729e-13, 3.17620902452e-13, 7.9130705623e-14, 2.19571634637e-13, 2.26121096673e-13, 1.29050511054e-13, 2.02149003781e-14, 2.60499350159e-15, 1.11597200664e-13, 5.75208080494e-14, 1.07143484487e-14, 3.18138290505e-15, 3.39478073296e-16, 9.44397796354e-17, 1.8414440025e-17, 9.17966910785e-18, 1.18163494966e-18, 3.38663187792e-20, 3.444413998e-20], [1.3086617676e-18, 1.2851063521e-18, 1.20447144182e-18, 9.82273503248e-18, 4.70067180947e-16, 8.92507859203e-15, 2.9388671401e-13, 3.63004927766e-13, 7.66377933337e-12, 6.30069217286e-12, 1.49817896804e-12, 4.25094725046e-12, 4.72667174498e-12, 2.81234367391e-12, 3.71717142744e-13, 5.33233701606e-14, 2.14481514146e-12, 9.93680615222e-13, 2.46513286129e-13, 6.17557288402e-14, 7.12404005958e-15, 1.98944152981e-15, 3.66699621108e-16, 1.88611367464e-16, 2.36586311054e-17, 7.18723999358e-19, 7.35100883016e-19], [4.31169449393e-17, 4.48842824925e-17, 3.65093964277e-17, 3.39413089987e-16, 1.51941922043e-14, 2.9388671401e-13, 1.06106286951e-11, 1.29858389666e-11, 2.73370381887e-10, 2.28871130381e-10, 5.60925646209e-11, 1.55945825697e-10, 1.74900260941e-10, 1.02336292218e-10, 1.40059751991e-11, 2.13104013602e-12, 7.87949427927e-11, 3.92195720345e-11, 8.92642817302e-12, 2.21934493352e-12, 2.64884902207e-13, 7.2235796446e-14, 1.29923368342e-14, 7.1051419075e-15, 8.6608727104e-16, 2.58250485625e-17, 2.63890467739e-17], [5.63434868334e-17, 6.13972361213e-17, 4.76194445234e-17, 4.37972123193e-16, 1.85727169457e-14, 3.63004927766e-13, 1.29858389666e-11, 1.66108238275e-11, 4.24170726321e-10, 2.88340379351e-10, 6.3295771402e-11, 1.84024323557e-10, 2.11344886036e-10, 1.25419369335e-10, 1.79971731962e-11, 4.51941479032e-12, 9.73247316072e-11, 4.35914290775e-11, 1.27205026026e-11, 2.73391032035e-12, 3.31610742555e-13, 9.1051135815e-14, 1.63418557793e-14, 8.70900811049e-15, 1.0566092272e-15, 3.31050816772e-17, 3.38657437336e-17], [3.35443639486e-15, 3.27784068775e-15, 3.05230546005e-15, 1.28477135818e-14, 3.92942324729e-13, 7.66377933337e-12, 2.73370381887e-10, 4.24170726321e-10, 4.22961718982e-08, 1.622932011e-08, -2.51720921884e-10, 1.32921329499e-09, 1.7113442885e-09, 1.89198412492e-09, 4.79708217593e-10, 1.02443764582e-09, 2.92043922379e-09, -6.88235857194e-10, 7.76224085008e-10, 5.77288702952e-11, 9.14825246806e-12, 3.07979661739e-12, 4.43829570535e-13, 1.94028847893e-13, 1.57740574075e-14, 2.2397251544e-15, 2.34523136656e-15], [4.35870322108e-15, 3.75713788084e-15, 5.3934221523e-15, 1.0644940875e-14, 3.17620902452e-13, 6.30069217286e-12, 2.28871130381e-10, 2.88340379351e-10, 1.622932011e-08, 4.92990288592e-08, 1.62038791274e-08, -2.47420639532e-10, -4.49992709761e-10, 1.11573028594e-09, 4.58908827605e-10, 5.27053234389e-10, 7.51029372026e-09, 3.38645977926e-09, 4.15904616302e-10, 6.76047204329e-11, 1.20073759963e-11, 5.07881367171e-12, 8.37597352588e-13, 2.09685160945e-13, 1.25493775663e-14, 2.52916054765e-15, 2.64191651479e-15], [3.54681896476e-15, 3.25586971189e-15, 4.27713056013e-15, 4.85750398306e-15, 7.9130705623e-14, 1.49817896804e-12, 5.60925646209e-11, 6.3295771402e-11, -2.51720921884e-10, 1.62038791274e-08, 3.36717427274e-08, 9.12991193758e-09, -2.86666823612e-09, -5.02632102606e-10, 3.40142664035e-10, 4.52710591237e-10, 1.98201344226e-09, 6.80384060203e-09, 8.77294181745e-10, 4.76408010264e-11, 1.1264328012e-11, 3.80568753594e-12, 9.7578358154e-13, 1.3845933948e-13, 7.25244601922e-15, 1.66171272993e-15, 1.72230639649e-15], [2.92529668125e-15, 1.36093207152e-15, 3.31717774485e-15, 5.72380735338e-15, 2.19571634637e-13, 4.25094725046e-12, 1.55945825697e-10, 1.84024323557e-10, 1.32921329499e-09, -2.47420639532e-10, 9.12991193758e-09, 6.71938522601e-08, 1.99966603276e-08, 1.35529587553e-10, 9.64210794541e-11, 7.64526608688e-10, 8.16476308785e-09, -1.51867640685e-09, 3.83381193458e-09, 1.33011060499e-10, 2.62774784571e-11, 1.57828645986e-11, 3.93228592049e-12, 5.56049889293e-13, 6.92799496157e-14, 3.26551360551e-15, 3.33240443263e-15], [2.18740816442e-15, -8.28321063007e-17, 1.7228569679e-15, 4.69990333883e-15, 2.26121096673e-13, 4.72667174498e-12, 1.74900260941e-10, 2.11344886036e-10, 1.7113442885e-09, -4.49992709761e-10, -2.86666823612e-09, 1.99966603276e-08, 8.7556628614e-08, 1.7844914435e-09, 8.1770319682e-11, -1.15228430964e-10, 1.12753593129e-08, 2.17500808475e-08, -1.93938823334e-11, 2.41080572172e-10, 1.09198275422e-11, 8.48253585428e-12, 6.89441819607e-12, 9.0289586788e-13, 2.50236788756e-13, 2.02644924631e-15, 1.76416274133e-15], [4.56320789125e-16, -9.20888330729e-17, 2.77292646547e-16, 2.94009371157e-15, 1.29050511054e-13, 2.81234367391e-12, 1.02336292218e-10, 1.25419369335e-10, 1.89198412492e-09, 1.11573028594e-09, -5.02632102606e-10, 1.35529587553e-10, 1.7844914435e-09, 6.46994369191e-09, 4.3862238841e-10, -3.04937845808e-11, 3.48888723467e-10, 4.52119142125e-09, 8.14754763656e-10, 2.02175897551e-11, 1.4024469086e-11, 1.06890386299e-12, 3.12502519521e-13, 1.42564996267e-13, 2.90147409137e-14, 5.8147011884e-16, 5.36528456483e-16], [8.26156099734e-17, 4.02603296334e-17, 9.07647088181e-17, 4.67063866814e-16, 2.02149003781e-14, 3.71717142744e-13, 1.40059751991e-11, 1.79971731962e-11, 4.79708217593e-10, 4.58908827605e-10, 3.40142664035e-10, 9.64210794541e-11, 8.1770319682e-11, 4.3862238841e-10, 1.78537684636e-10, 6.05794060748e-12, 1.00647296053e-10, 4.30609506386e-11, 1.02128597246e-10, 2.90942964165e-12, 1.16017818182e-12, 4.76534298675e-14, 3.21533198558e-14, 1.44988713283e-14, 1.1846928908e-15, 8.07992272273e-17, 8.00025596532e-17], [1.43640998631e-16, 1.27020676958e-16, 1.50726204241e-16, 1.76877036234e-16, 2.60499350159e-15, 5.33233701606e-14, 2.13104013602e-12, 4.51941479032e-12, 1.02443764582e-09, 5.27053234389e-10, 4.52710591237e-10, 7.64526608688e-10, -1.15228430964e-10, -3.04937845808e-11, 6.05794060748e-12, 7.06079153479e-11, 6.58680540666e-11, -4.38583960816e-11, 9.77692649062e-11, 1.03774042311e-12, 4.25098622752e-13, 3.79621518682e-13, 6.31741227798e-14, 7.80730850385e-15, 1.54387715914e-16, 1.41967632104e-16, 1.48242888929e-16], [1.04629458936e-15, 6.02717040349e-16, 1.30687209948e-15, 3.19936414397e-15, 1.11597200664e-13, 2.14481514146e-12, 7.87949427927e-11, 9.73247316072e-11, 2.92043922379e-09, 7.51029372026e-09, 1.98201344226e-09, 8.16476308785e-09, 1.12753593129e-08, 3.48888723467e-10, 1.00647296053e-10, 6.58680540666e-11, 4.00099731124e-09, 1.3657754927e-09, 3.08844838592e-10, 5.46495140807e-11, 5.82782650263e-12, 2.52267911421e-12, 9.9227744077e-13, 1.83990382608e-13, 2.94748153293e-14, 6.87460357382e-16, 6.82548836837e-16], [1.58623605922e-15, -1.45611779601e-16, 1.36138883404e-15, 1.98942437739e-15, 5.75208080494e-14, 9.93680615222e-13, 3.92195720345e-11, 4.35914290775e-11, -6.88235857194e-10, 3.38645977926e-09, 6.80384060203e-09, -1.51867640685e-09, 2.17500808475e-08, 4.52119142125e-09, 4.30609506386e-11, -4.38583960816e-11, 1.3657754927e-09, 3.48421593799e-08, 7.27657625994e-13, 6.48411255244e-11, 1.51931661696e-11, 7.95769179718e-12, 3.40195883616e-12, 5.48531923009e-13, 1.94224072047e-13, 2.28815807481e-15, 2.13569659123e-15], [2.30176994721e-16, -1.44163766852e-17, 2.3261999656e-16, 2.67393796009e-16, 1.07143484487e-14, 2.46513286129e-13, 8.92642817302e-12, 1.27205026026e-11, 7.76224085008e-10, 4.15904616302e-10, 8.77294181745e-10, 3.83381193458e-09, -1.93938823334e-11, 8.14754763656e-10, 1.02128597246e-10, 9.77692649062e-11, 3.08844838592e-10, 7.27657625994e-13, 5.86704018701e-10, 4.35290128595e-12, 3.89850131344e-12, 1.27353542208e-12, 3.03080423172e-13, 3.37435293466e-14, 3.12345008663e-15, 3.42401183997e-16, 3.44759350191e-16], [1.95616088401e-17, 1.1808181088e-17, 1.76778952466e-17, 7.3563620329e-17, 3.18138290505e-15, 6.17557288402e-14, 2.21934493352e-12, 2.73391032035e-12, 5.77288702952e-11, 6.76047204329e-11, 4.76408010264e-11, 1.33011060499e-10, 2.41080572172e-10, 2.02175897551e-11, 2.90942964165e-12, 1.03774042311e-12, 5.46495140807e-11, 6.48411255244e-11, 4.35290128595e-12, 1.25218715605e-12, 1.16290969367e-13, 4.48169875777e-14, 2.13956660006e-14, 3.86593587478e-15, 8.11517967507e-16, 1.40950964265e-17, 1.37764341945e-17], [3.47717695478e-18, 7.2171560144e-19, 4.34844463962e-18, 1.11160228212e-17, 3.39478073296e-16, 7.12404005958e-15, 2.64884902207e-13, 3.31610742555e-13, 9.14825246806e-12, 1.20073759963e-11, 1.1264328012e-11, 2.62774784571e-11, 1.09198275422e-11, 1.4024469086e-11, 1.16017818182e-12, 4.25098622752e-13, 5.82782650263e-12, 1.51931661696e-11, 3.89850131344e-12, 1.16290969367e-13, 8.02569680635e-14, 1.05119897365e-14, 2.75011798578e-15, 8.01733466416e-16, 1.08294962251e-16, 3.40834828998e-18, 3.30723538627e-18], [1.41795807252e-18, 5.45866670885e-19, 1.41029672569e-18, 2.69823834273e-18, 9.44397796354e-17, 1.98944152981e-15, 7.2235796446e-14, 9.1051135815e-14, 3.07979661739e-12, 5.07881367171e-12, 3.80568753594e-12, 1.57828645986e-11, 8.48253585428e-12, 1.06890386299e-12, 4.76534298675e-14, 3.79621518682e-13, 2.52267911421e-12, 7.95769179718e-12, 1.27353542208e-12, 4.48169875777e-14, 1.05119897365e-14, 8.47216583997e-15, 2.12615963552e-15, 2.90145100972e-16, 6.73469345091e-17, 1.77190545131e-18, 1.75915694371e-18], [4.02089548931e-19, -5.24030873397e-21, 2.85277274175e-19, 3.78194963522e-19, 1.8414440025e-17, 3.66699621108e-16, 1.29923368342e-14, 1.63418557793e-14, 4.43829570535e-13, 8.37597352588e-13, 9.7578358154e-13, 3.93228592049e-12, 6.89441819607e-12, 3.12502519521e-13, 3.21533198558e-14, 6.31741227798e-14, 9.9227744077e-13, 3.40195883616e-12, 3.03080423172e-13, 2.13956660006e-14, 2.75011798578e-15, 2.12615963552e-15, 1.08945832956e-15, 9.66694615202e-17, 3.36116570105e-17, 4.5412649899e-19, 4.26706780003e-19], [7.1739655542e-20, 3.4964876025e-20, 9.67291566635e-20, 2.89996546365e-19, 9.17966910785e-18, 1.88611367464e-16, 7.1051419075e-15, 8.70900811049e-15, 1.94028847893e-13, 2.09685160945e-13, 1.3845933948e-13, 5.56049889293e-13, 9.0289586788e-13, 1.42564996267e-13, 1.44988713283e-14, 7.80730850385e-15, 1.83990382608e-13, 5.48531923009e-13, 3.37435293466e-14, 3.86593587478e-15, 8.01733466416e-16, 2.90145100972e-16, 9.66694615202e-17, 3.15933958729e-17, 4.27491490061e-18, 7.89170952548e-20, 7.58294238986e-20], [1.15139978898e-20, -3.64650658089e-21, 9.0491466828e-21, 2.37446007619e-20, 1.18163494966e-18, 2.36586311054e-17, 8.6608727104e-16, 1.0566092272e-15, 1.57740574075e-14, 1.25493775663e-14, 7.25244601922e-15, 6.92799496157e-14, 2.50236788756e-13, 2.90147409137e-14, 1.1846928908e-15, 1.54387715914e-16, 2.94748153293e-14, 1.94224072047e-13, 3.12345008663e-15, 8.11517967507e-16, 1.08294962251e-16, 6.73469345091e-17, 3.36116570105e-17, 4.27491490061e-18, 1.8252807279e-18, 1.78782778629e-20, 1.63348008452e-20], [3.82703511451e-22, 2.06324764847e-22, 3.14106363321e-22, 1.47369465976e-21, 3.38663187792e-20, 7.18723999358e-19, 2.58250485625e-17, 3.31050816772e-17, 2.2397251544e-15, 2.52916054765e-15, 1.66171272993e-15, 3.26551360551e-15, 2.02644924631e-15, 5.8147011884e-16, 8.07992272273e-17, 1.41967632104e-16, 6.87460357382e-16, 2.28815807481e-15, 3.42401183997e-16, 1.40950964265e-17, 3.40834828998e-18, 1.77190545131e-18, 4.5412649899e-19, 7.89170952548e-20, 1.78782778629e-20, 1.68206329379e-21, 1.74611062039e-21], [3.80082196082e-22, 2.20940173854e-22, 3.13576753664e-22, 1.51867502895e-21, 3.444413998e-20, 7.35100883016e-19, 2.63890467739e-17, 3.38657437336e-17, 2.34523136656e-15, 2.64191651479e-15, 1.72230639649e-15, 3.33240443263e-15, 1.76416274133e-15, 5.36528456483e-16, 8.00025596532e-17, 1.48242888929e-16, 6.82548836837e-16, 2.13569659123e-15, 3.44759350191e-16, 1.37764341945e-17, 3.30723538627e-18, 1.75915694371e-18, 4.26706780003e-19, 7.58294238986e-20, 1.63348008452e-20, 1.74611062039e-21, 1.81743091636e-21]]
    },
    "mfcc": {
        "kurt": [-0.852456569672, 0.981828212738, -1.58507156372, 0.0132138729095, 0.0555191040039, 0.0200018882751, 0.767285108566, 1.47375869751, 1.55020236969, 2.17583799362, 1.19976329803, 2.84516572952, 2.4276008606],
        "max": [-859.281921387, 106.019264221, 1.05346679688, 14.2486610413, 43.3785133362, 34.1075744629, 67.9060287476, 88.1821594238, 64.31640625, 47.8983840942, 78.8753967285, 73.8648834229, 54.1112632751],
        "mean": [-1059.56799316, 19.3952560425, -57.7529411316, -17.2058811188, -7.84353685379, -11.5940885544, 11.6797523499, 11.7724990845, -6.21905422211, -3.92530822754, 8.41992092133, 1.54381346703, -6.6984667778],
        "median": [-1138.42004395, 1.14440917969e-05, -6.103515625e-05, 8.01086425781e-05, -6.103515625e-05, 2.28881835938e-05, -2.67028808594e-05, -5.34057617188e-05, -4.57763671875e-05, -2.28881835938e-05, -2.67028808594e-05, -3.0517578125e-05, -3.81469726562e-05],
        "min": [-1138.42004395, -15.9149665833, -173.869766235, -78.6106948853, -52.9088134766, -81.4515380859, -13.8148574829, -42.2038726807, -75.0516204834, -62.9065856934, -42.0488777161, -49.6791954041, -72.347946167],
        "skew": [0.803462743759, 1.57566440105, -0.47836497426, -1.20986092091, -0.57909488678, -1.15057575703, 1.4823333025, 1.33685302734, -0.493270576, -1.1843931675, 0.972729921341, 0.739134132862, -0.766263008118],
        "var": [9750.56835938, 1181.86804199, 4682.95605469, 658.354797363, 369.015991211, 653.018554688, 367.222167969, 619.639587402, 559.112182617, 347.986419678, 525.971801758, 340.225585938, 405.365905762],
        "cov": [[9761.67382812, 2930.85571289, -6576.42578125, -2273.44970703, -1317.3157959, -1933.35241699, 812.104736328, 1323.8939209, -248.928390503, -316.275604248, 642.943603516, 255.068557739, -425.984283447], [2930.85571289, 1183.2142334, -1708.80395508, -856.017089844, -593.41003418, -771.373718262, -5.62252950668, 313.440002441, 130.616775513, 67.1999053955, 126.425933838, 55.084815979, -74.4894943237], [-6576.42578125, -1708.80395508, 4688.29003906, 1392.953125, 697.885864258, 1134.03088379, -780.753723145, -985.71673584, 344.385498047, 349.90447998, -490.583312988, -171.464599609, 353.476043701], [-2273.44970703, -856.017089844, 1392.953125, 659.104614258, 430.680999756, 538.937805176, -87.3144378662, -300.532470703, -52.5486907959, 21.1773357391, -89.2457275391, -67.6686248779, 42.964012146], [-1317.3157959, -593.41003418, 697.885864258, 430.680999756, 369.436279297, 431.361358643, 28.7132339478, -234.676193237, -193.276199341, -18.1632480621, 67.1601028442, -8.8598241806, -47.5382614136], [-1933.35241699, -771.373718262, 1134.03088379, 538.937805176, 431.361358643, 653.762329102, 35.8790359497, -391.400665283, -301.742431641, -70.4555282593, 65.8691635132, 71.0166473389, 35.8190765381], [812.104736328, -5.62252950668, -780.753723145, -87.3144378662, 28.7132339478, 35.8790359497, 367.640411377, 242.331832886, -238.134674072, -266.643493652, 58.0661354065, 93.9782028198, -15.9954967499], [1323.8939209, 313.440002441, -985.71673584, -300.532470703, -234.676193237, -391.400665283, 242.331832886, 620.345336914, 226.597915649, -222.595001221, -249.308654785, -32.3106002808, 86.9222717285], [-248.928390503, 130.616775513, 344.385498047, -52.5486907959, -193.276199341, -301.742431641, -238.134674072, 226.597915649, 559.749023438, 162.765274048, -392.98034668, -242.014755249, 140.649734497], [-316.275604248, 67.1999053955, 349.90447998, 21.1773357391, -18.1632480621, -70.4555282593, -266.643493652, -222.595001221, 162.765274048, 348.382751465, 87.312789917, -204.393737793, -153.177719116], [642.943603516, 126.425933838, -490.583312988, -89.2457275391, 67.1601028442, 65.8691635132, 58.0661354065, -249.308654785, -392.98034668, 87.312789917, 526.570861816, 136.149230957, -348.971496582], [255.068557739, 55.084815979, -171.464599609, -67.6686248779, -8.8598241806, 71.0166473389, 93.9782028198, -32.3106002808, -242.014755249, -204.393737793, 136.149230957, 340.613067627, 60.2407455444], [-425.984283447, -74.4894943237, 353.476043701, 42.964012146, -47.5382614136, 35.8190765381, -15.9954967499, 86.9222717285, 140.649734497, -153.177719116, -348.971496582, 60.2407455444, 405.827606201]]
    },
    "sccoeffs": {
        "kurt": [1.36736774445, 3.08317661285, 1.35455513, -0.0878117084503, -1.28344249725, -1.03569185734],
        "max": [-0.685180425644, -0.388672292233, -0.303473442793, -0.30240470171, -0.45229896903, -0.621397137642],
        "mean": [-0.858515381813, -0.838919043541, -0.808666110039, -0.769680976868, -0.77059674263, -0.834576785564],
        "median": [-0.86260843277, -0.879274189472, -0.870172679424, -0.873075067997, -0.86689811945, -0.864826023579],
        "min": [-0.968001186848, -0.973069787025, -0.959519565105, -0.958006620407, -0.957148313522, -0.960334062576],
        "skew": [0.672865748405, 1.78565490246, 1.51153492928, 1.09837067127, 0.559822380543, 0.50209069252],
        "var": [0.00169387832284, 0.0103258015588, 0.0214685518295, 0.032846454531, 0.0185402445495, 0.00416854443029],
        "cov": [[0.00169580755755, 0.000776098750066, -0.00144381634891, -0.00130825676024, -0.00100018782541, -0.000265647366177], [0.000776098750066, 0.0103375623003, 0.00730143627152, 0.00431872438639, 0.00528843980283, 0.00315750180744], [-0.00144381634891, 0.00730143627152, 0.0214930027723, 0.0122475046664, 0.0121481176466, 0.00617458345369], [-0.00130825676024, 0.00431872438639, 0.0122475046664, 0.0328838638961, 0.0226529091597, 0.00924709904939], [-0.00100018782541, 0.00528843980283, 0.0121481176466, 0.0226529091597, 0.0185613613576, 0.00789381936193], [-0.000265647366177, 0.00315750180744, 0.00617458345369, 0.00924709904939, 0.00789381936193, 0.00417329231277]]
    },
    "scvalleys": {
        "kurt": [143.843688965, 10.3310918808, 0.25097155571, 1.94469261169, 0.353700637817, 0.850605964661],
        "max": [-11.4226388931, -8.0967092514, -6.1336722374, -7.23695707321, -8.72151374817, -11.7802381516],
        "mean": [-13.0440759659, -11.973490715, -11.1699705124, -11.7155561447, -12.3494625092, -15.0108013153],
        "median": [-13.1139564514, -12.543803215, -12.5137243271, -12.890004158, -13.7260885239, -16.337392807],
        "min": [-27.2861289978, -27.2179756165, -27.2461032867, -27.1320114136, -27.3003864288, -27.3269481659],
        "skew": [-7.440741539, 0.385030597448, 0.39327070117, 0.344749718904, 0.0847625285387, 0.0050531369634],
        "var": [0.566532969475, 2.50073480606, 7.11024951935, 4.66986083984, 5.2515873909, 3.13027071953],
        "cov": [[0.567178249359, 0.694025695324, 1.18317389488, 0.996732473373, 1.07663118839, 0.821134507656], [0.694025695324, 2.50358319283, 3.52467703819, 2.95404100418, 2.64320230484, 1.77121043205], [1.18317389488, 3.52467703819, 7.11834764481, 5.51770162582, 5.70493888855, 4.11287498474], [0.996732473373, 2.95404100418, 5.51770162582, 4.67517948151, 4.65003204346, 3.33806419373], [1.07663118839, 2.64320230484, 5.70493888855, 4.65003204346, 5.25756883621, 3.93027806282], [0.821134507656, 1.77121043205, 4.11287498474, 3.33806419373, 3.93027806282, 3.13383603096]]
    }
},
"rhythm": {
    "beats_loudness": {
        "kurt": -1.89177715778,
        "max": 0.00188373366836,
        "mean": 0.000780669448432,
        "median": 0.00056209199829,
        "min": 2.41216691066e-09,
        "skew": 0.0862798243761,
        "var": 6.24433880603e-07
    },
    "bpm": 94.6534576416,
    "confidence": 1.30428540707,
    "first_peak_bpm": {
        "kurt": 0,
        "max": 94,
        "mean": 94,
        "median": 94,
        "min": 94,
        "skew": 0,
        "var": 0
    },
    "first_peak_spread": {
        "kurt": 0,
        "max": 0.722222208977,
        "mean": 0.722222208977,
        "median": 0.722222208977,
        "min": 0.722222208977,
        "skew": 0,
        "var": 0
    },
    "first_peak_weight": {
        "kurt": 0,
        "max": 0.161290317774,
        "mean": 0.161290317774,
        "median": 0.161290317774,
        "min": 0.161290317774,
        "skew": 0,
        "var": 0
    },
    "onset_rate": 1.37386536598,
    "second_peak_bpm": {
        "kurt": 0,
        "max": 99,
        "mean": 99,
        "median": 99,
        "min": 99,
        "skew": 0,
        "var": 0
    },
    "second_peak_spread": {
        "kurt": 0,
        "max": 0.571428537369,
        "mean": 0.571428537369,
        "median": 0.571428537369,
        "min": 0.571428537369,
        "skew": 0,
        "var": 0
    },
    "second_peak_weight": {
        "kurt": 0,
        "max": 0.0967741906643,
        "mean": 0.0967741906643,
        "median": 0.0967741906643,
        "min": 0.0967741906643,
        "skew": 0,
        "var": 0
    },
    "beats_loudness_band_ratio": {
        "kurt": [2.11963653564, 0.819659233093, -0.786666154861, -0.121409893036, -0.987182855606, 3.96191978455],
        "max": [0.321555614471, 0.272457540035, 0.765217065811, 0.818584561348, 0.2965503335, 0.207043007016],
        "mean": [0.051402810961, 0.0535146072507, 0.41377812624, 0.371177703142, 0.144387379289, 0.0372185967863],
        "median": [1.08081121653e-05, 0.00139018369373, 0.354038596153, 0.350303292274, 0.159552678466, 0.0115668680519],
        "min": [2.11091332858e-07, 3.62911720231e-07, 2.45740147875e-06, 0.115961052477, 0.0352529473603, 0.00356022105552],
        "skew": [1.67118000984, 1.45945203304, 0.366839855909, 0.589917063713, 0.0969839915633, 2.04561567307],
        "var": [0.00664521753788, 0.00675247842446, 0.0461801961064, 0.0320153944194, 0.00441720336676, 0.00221076887101],
        "cov": [[0.00685957958922, 0.00403992645442, -0.00657261535525, -0.00942921172827, 0.00219725188799, 0.000985141494311], [0.00403992645442, 0.00697030033916, -0.00835926178843, -0.00945002119988, 0.00298647000454, 0.00210748310201], [-0.00657261535525, -0.00835926178843, 0.0476698800921, -0.00728419562802, -0.00740357860923, -0.00552681041881], [-0.00942921172827, -0.00945002119988, -0.00728419562802, 0.0330481491983, -0.00572655862197, -0.00283035449684], [0.00219725188799, 0.00298647000454, -0.00740357860923, -0.00572655862197, 0.00455969385803, 0.00180793891195], [0.000985141494311, 0.00210748310201, -0.00552681041881, -0.00283035449684, 0.00180793891195, 0.00228208396584]]
    },
    "beats_position": [0.603718817234, 1.21904754639, 1.83437633514, 2.47292518616, 3.11147379875, 3.76163268089, 4.40018129349, 5.05034017563, 5.70049858093, 6.35065746307, 7.02403593063, 7.66258478165, 8.28952407837, 8.91646194458, 9.53179073334, 10.1587295532, 10.7624483109, 11.3313379288, 11.8886165619, 12.4923353195, 13.1076641083, 13.6997728348, 14.268661499, 14.8259410858, 15.3948297501, 15.9753284454, 16.5558280945, 17.1479358673, 17.7516555786, 18.3669834137, 19.0055332184, 19.6324710846],
    "bpm_estimates": [97.5088577271, 97.5088424683, 93.9630508423, 93.9630889893, 92.2851333618, 93.9630889893, 92.2851333618, 92.2852020264, 92.2851333618, 89.102935791, 93.9630508423, 95.7030487061, 95.7032623291, 97.5088424683, 95.7031173706, 97.5088424683, 97.5089950562, 93.9629135132, 95.7032623291],
    "bpm_intervals": [0.615328729153, 0.615328788757, 0.638548851013, 0.638548612595, 0.650158882141, 0.638548612595, 0.650158882141, 0.650158405304, 0.650158882141, 0.67337846756, 0.638548851013, 0.626939296722, 0.626937866211, 0.615328788757, 0.626938819885, 0.603718757629, 0.56888961792, 0.557278633118, 0.603718757629, 0.615328788757, 0.592108726501, 0.568888664246, 0.557279586792, 0.568888664246, 0.580498695374, 0.580499649048, 0.592107772827, 0.603719711304, 0.615327835083, 0.638549804688, 0.626937866211],
    "onset_times": [1.31192743778, 1.47446715832, 1.79954648018, 2.12462592125, 2.4497051239, 2.77478456497, 3.08825397491, 3.41333341599, 3.73841261864, 4.06349229813, 4.37696123123, 4.71365070343, 5.02712011337, 5.35219955444, 5.67727899551, 5.99074840546, 6.31582784653, 6.64090681076, 6.96598625183, 10.1355104446, 10.3677101135, 11.3081178665, 11.6215877533, 13.084444046, 13.3863039017, 14.2454423904, 16.5442180634, 18.3437633514],
    "histogram": [[0, 0, 0, 0, 0, 0, 0, 0, 0, 0, 0, 0, 0, 0, 0, 0, 0, 0, 0, 0, 0, 0, 0, 0, 0, 0, 0, 0, 0, 0, 0, 0, 0, 0, 0, 0, 0, 0, 0, 0, 0, 0, 0, 0, 0, 0, 0, 0, 0, 0, 0, 0, 0, 0, 0, 0, 0, 0, 0, 0, 0, 0, 0, 0, 0, 0, 0, 0, 0, 0, 0, 0, 0, 0, 0, 0, 0, 0, 0, 0, 0, 0, 0, 0, 0, 0, 0, 0, 0, 0.0322580635548, 0, 0, 0.129032254219, 0, 0.161290317774, 0, 0.129032254219, 0, 0.161290317774, 0.0967741906643, 0, 0.0645161271095, 0, 0.0645161271095, 0, 0.0967741906643, 0, 0, 0.0645161271095, 0, 0, 0, 0, 0, 0, 0, 0, 0, 0, 0, 0, 0, 0, 0, 0, 0, 0, 0, 0, 0, 0, 0, 0, 0, 0, 0, 0, 0, 0, 0, 0, 0, 0, 0, 0, 0, 0, 0, 0, 0, 0, 0, 0, 0, 0, 0, 0, 0, 0, 0, 0, 0, 0, 0, 0, 0, 0, 0, 0, 0, 0, 0, 0, 0, 0, 0, 0, 0, 0, 0, 0, 0, 0, 0, 0, 0, 0, 0, 0, 0, 0, 0, 0, 0, 0, 0, 0, 0, 0, 0, 0, 0, 0, 0, 0, 0, 0, 0, 0, 0, 0, 0, 0, 0, 0, 0, 0, 0, 0, 0, 0, 0, 0, 0, 0, 0, 0, 0, 0, 0, 0, 0, 0, 0, 0, 0, 0, 0, 0, 0, 0, 0, 0, 0, 0, 0, 0, 0, 0, 0]]
},
"sfx": {
    "inharmonicity": {
        "kurt": -0.19864654541,
        "max": 0.493673712015,
        "mean": 0.0991501063108,
        "median": 0.0646772608161,
        "min": 0,
        "skew": 0.899722337723,
        "var": 0.0104014100507
    },
    "oddtoevenharmonicenergyratio": {
        "kurt": 6.50774860382,
        "max": 9.06801128387,
        "mean": 1.05432128906,
        "median": 0.553131997585,
        "min": 0,
        "skew": 2.26905274391,
        "var": 1.89562034607
    },
    "pitch_after_max_to_before_max_energy_ratio": 0.180370613933,
    "pitch_centroid": 339.224029541,
    "pitch_max_to_total": 0.775881707668,
    "pitch_min_to_total": 0.436860054731,
    "tristimulus": {
        "kurt": [-1.08943545818, 0.69614648819, -1.05018258095],
        "max": [1, 0.883128225803, 1],
        "mean": [0.33362492919, 0.302616745234, 0.363757997751],
        "median": [0.22249764204, 0.293202072382, 0.352492541075],
        "min": [0, 0, 0],
        "skew": [0.555147528648, 0.527988910675, 0.401270359755],
        "var": [0.0901089683175, 0.0335554890335, 0.113047137856],
        "cov": [[0.0902115926147, -0.00531470915303, -0.0848969593644], [-0.00531470915303, 0.0335937067866, -0.0282789524645], [-0.0848969593644, -0.0282789524645, 0.11317589134]]
    }
},
"tonal": {
    "chords_changes_rate": 0.095454543829,
    "chords_number_rate": 0.0136363636702,
    "chords_strength": {
        "kurt": -0.300806522369,
        "max": 0.606725275517,
        "mean": 0.487025618553,
        "median": 0.49767524004,
        "min": 0.334482997656,
        "skew": -0.512968361378,
        "var": 0.00397779839113
    },
    "key_strength": 0.522688269615,
    "tuning_diatonic_strength": 0.559384763241,
    "tuning_equal_tempered_deviation": 0.262720733881,
    "tuning_frequency": 437.971466064,
    "tuning_nontempered_energy_ratio": 0.938001155853,
    "hpcp": {
