{
"metadata": {
    "version": {
        "essentia": "2.1-beta3"
    }
},
"lowLevel": {
    "average_loudness": 0.912425994873,
    "barkbands_kurtosis": {
        "kurt": 100.044082642,
        "max": 835.241760254,
        "mean": 19.1017856598,
        "median": 1.32425832748,
        "min": -1.98557281494,
        "skew": 8.94855117798,
        "var": 3639.42480469
    },
    "barkbands_skewness": {
        "kurt": 12.9908294678,
        "max": 27.1127414703,
        "mean": 2.74459123611,
        "median": 1.37989270687,
        "min": -1.00166928768,
        "skew": 2.75945854187,
        "var": 10.1530427933
    },
    "barkbands_spread": {
        "kurt": 2.28388404846,
        "max": 41.5309143066,
        "mean": 7.2927441597,
        "median": 5.77021408081,
        "min": 0.0622274503112,
        "skew": 1.54453206062,
        "var": 58.9251289368
    },
    "dissonance": {
        "kurt": -0.394543886185,
        "max": 0.500000059605,
        "mean": 0.410096764565,
        "median": 0.477494597435,
        "min": 0.0660661309958,
        "skew": -1.0034430027,
        "var": 0.0131868394092
    },
    "hfc": {
        "kurt": 2.35421609879,
        "max": 43.7861557007,
        "mean": 7.94846534729,
        "median": 5.89301776886,
        "min": 1.09324707864e-06,
        "skew": 1.46283912659,
        "var": 66.5393829346
    },
    "pitch": {
        "kurt": 4.23571062088,
        "max": 3428.89868164,
        "mean": 894.41217041,
        "median": 732.305358887,
        "min": 72.6583023071,
        "skew": 1.27202689648,
        "var": 238733.71875
    },
    "pitch_instantaneous_confidence": {
        "kurt": -0.892663478851,
        "max": 0.998859226704,
        "mean": 0.743400812149,
        "median": 0.888018250465,
        "min": 0.140634000301,
        "skew": -0.647517681122,
        "var": 0.0754129812121
    },
    "pitch_salience": {
        "kurt": -1.39784801006,
        "max": 0.880856454372,
        "mean": 0.512792885303,
        "median": 0.628788411617,
        "min": 0.0355302318931,
        "skew": -0.486770451069,
        "var": 0.0649704411626
    },
    "silence_rate_20dB": {
        "kurt": 0,
        "max": 1,
        "mean": 1,
        "median": 1,
        "min": 1,
        "skew": 0,
        "var": 0
    },
    "silence_rate_30dB": {
        "kurt": 0,
        "max": 1,
        "mean": 1,
        "median": 1,
        "min": 1,
        "skew": 0,
        "var": 0
    },
    "silence_rate_60dB": {
        "kurt": -1.69757556915,
        "max": 1,
        "mean": 0.367436736822,
        "median": 0,
        "min": 0,
        "skew": 0.549941658974,
        "var": 0.232426732779
    },
    "spectral_centroid": {
        "kurt": 0.0711848735809,
        "max": 2311.20849609,
        "mean": 1137.61975098,
        "median": 1069.35876465,
        "min": 431.56072998,
        "skew": 0.698658406734,
        "var": 110988.867188
    },
    "spectral_complexity": {
        "kurt": -0.327773571014,
        "max": 23,
        "mean": 5.53575372696,
        "median": 2,
        "min": 0,
        "skew": 1.17977118492,
        "var": 48.4971809387
    },
    "spectral_crest": {
        "kurt": -1.50962340832,
        "max": 26.9423274994,
        "mean": 15.9606981277,
        "median": 14.2889690399,
        "min": 3.40368413925,
        "skew": 0.152436539531,
        "var": 55.7730560303
    },
    "spectral_decrease": {
        "kurt": 0.867915630341,
        "max": -2.68708444083e-16,
        "mean": -1.64362023991e-09,
        "median": -1.15286535873e-09,
        "min": -7.88084530967e-09,
        "skew": -1.16586077213,
        "var": 2.79099816983e-18
    },
    "spectral_energy": {
        "kurt": 0.856350898743,
        "max": 0.0329307876527,
        "mean": 0.00692434608936,
        "median": 0.00487450603396,
        "min": 1.1133282074e-09,
        "skew": 1.15940022469,
        "var": 4.8988560593e-05
    },
    "spectral_energyband_high": {
        "kurt": 11.8856744766,
        "max": 2.37206513702e-05,
        "mean": 2.37956533056e-06,
        "median": 1.60496176704e-06,
        "min": 8.93386493256e-12,
        "skew": 2.77587270737,
        "var": 8.94109612737e-12
    },
    "spectral_energyband_low": {
        "kurt": 10.9541721344,
        "max": 3.32065255293e-08,
        "mean": 3.50970807972e-09,
        "median": 2.55061327614e-09,
        "min": 2.22027812802e-11,
        "skew": 2.3377430439,
        "var": 9.73468661936e-18
    },
    "spectral_energyband_middle_high": {
        "kurt": 2.65939760208,
        "max": 0.0329261645675,
        "mean": 0.00509422039613,
        "median": 0.00276085012592,
        "min": 3.49590273396e-10,
        "skew": 1.82743036747,
        "var": 4.56224515801e-05
    },
    "spectral_energyband_middle_low": {
        "kurt": 12.4638252258,
        "max": 0.0243599303067,
        "mean": 0.00183914566878,
        "median": 1.35897295195e-07,
        "min": 7.42621464322e-10,
        "skew": 3.08038783073,
        "var": 1.22490282592e-05
    },
    "spectral_flatness_db": {
        "kurt": -1.0394872427,
        "max": 0.775493562222,
        "mean": 0.462053418159,
        "median": 0.431323975325,
        "min": 0.102182872593,
        "skew": -0.303197920322,
        "var": 0.0352220274508
    },
    "spectral_flux": {
        "kurt": 2.68063020706,
        "max": 0.188518673182,
        "mean": 0.0344306193292,
        "median": 0.024248002097,
        "min": 3.81256832043e-05,
        "skew": 1.69589734077,
        "var": 0.00159512262326
    },
    "spectral_kurtosis": {
        "kurt": -0.371206521988,
        "max": 112.022956848,
        "mean": 37.5915527344,
        "median": 33.3484191895,
        "min": 3.53740644455,
        "skew": 0.619376838207,
        "var": 584.551818848
    },
    "spectral_rms": {
        "kurt": -0.931724309921,
        "max": 0.00566812139004,
        "mean": 0.00213124719448,
        "median": 0.00218073744327,
        "min": 1.04219668629e-06,
        "skew": 0.0421369969845,
        "var": 2.21325353778e-06
    },
    "spectral_rolloff": {
        "kurt": 0.74858379364,
        "max": 3337.64648438,
        "mean": 1514.4317627,
        "median": 1528.85742188,
        "min": 538.330078125,
        "skew": 0.861828565598,
        "var": 305475.90625
    },
    "spectral_skewness": {
        "kurt": -0.627027273178,
        "max": 9.03790664673,
        "mean": 4.19751310349,
        "median": 3.91676855087,
        "min": 1.21383440495,
        "skew": 0.486257702112,
        "var": 2.69030356407
    },
    "spectral_spread": {
        "kurt": 8.48015499115,
        "max": 12324418,
        "mean": 1896929,
        "median": 1470246.25,
        "min": 545792.875,
        "skew": 2.1776740551,
        "var": 1.28703489638e+12
    },
    "spectral_strongpeak": {
        "kurt": 1.21799898148,
        "max": 9.52516746521,
        "mean": 1.83660829067,
        "median": 1.33392417431,
        "min": 4.1236387915e-05,
        "skew": 1.30530178547,
        "var": 3.72222661972
    },
    "zerocrossingrate": {
        "kurt": 2.56974554062,
        "max": 0.1240234375,
        "mean": 0.0545478388667,
        "median": 0.0546875,
        "min": 0.015625,
        "skew": 0.608607113361,
        "var": 0.000164981742273
    },
    "barkbands": {
        "kurt": [7.52330970764, 6.91406917572, 56.7636222839, 4.59241104126, 75.3700256348, 109.245231628, 83.2316131592, 20.3333625793, 23.8057231903, 36.0834465027, 14.6179409027, 11.8793725967, 17.6118412018, 24.408000946, 25.3949890137, 17.9392547607, 21.2865028381, 58.2768363953, 57.128490448, 20.4469890594, 9.73550319672, 12.9329109192, 84.3556365967, 29.9923553467, 15.5772380829, 12.348947525, 12.247262001],
        "max": [3.95655375129e-09, 6.18004758479e-09, 2.41830697689e-08, 1.66986282579e-08, 7.52952973926e-06, 0.000132224377012, 0.00194637081586, 0.00980234425515, 0.0243567302823, 0.0216372534633, 0.031204175204, 0.0176302790642, 0.010182053782, 0.0228489227593, 0.00186975928955, 0.00172946916427, 0.000754249282181, 0.00819708313793, 0.000501678150613, 2.3385102395e-05, 1.10543478513e-05, 5.94916036789e-06, 5.20252069691e-06, 5.70369877551e-07, 4.0522195377e-08, 2.93331892109e-09, 3.09973868795e-09],
        "mean": [3.36778577248e-10, 7.19526771498e-10, 1.49025214391e-09, 2.59437760164e-09, 2.08557281667e-07, 1.86818851944e-06, 3.47870009136e-05, 0.000479525944684, 0.00127860240173, 0.000532668258529, 0.0013919546036, 0.0010469929548, 0.000517247186508, 0.00114955776371, 0.000103782200313, 0.000100016215583, 3.75940471713e-05, 0.000228398814215, 1.82343610504e-05, 1.28656415654e-06, 1.01096600247e-06, 4.17191728275e-07, 1.57852056759e-07, 2.89815407228e-08, 2.85475199036e-09, 2.15069656528e-10, 2.19185475325e-10],
        "median": [6.66555213802e-11, 3.4029237761e-10, 1.09915765378e-09, 1.81600268157e-09, 6.59027765693e-09, 1.20352456889e-08, 9.94124160769e-09, 1.02417736514e-08, 3.12431645e-08, 4.91633223021e-08, 9.78848575528e-08, 2.08481606023e-06, 5.70982820136e-06, 2.80243943962e-06, 2.89682617449e-07, 6.84636404458e-07, 3.75529612029e-06, 2.33983682847e-05, 3.529505193e-06, 3.36356578146e-07, 3.5651004282e-07, 1.51853029706e-07, 6.23836058367e-08, 1.49174130826e-08, 1.14255982453e-09, 5.38789152182e-11, 4.44110651032e-11],
        "min": [4.45894110006e-15, 1.30047708713e-12, 1.16192489658e-11, 1.11277636411e-11, 7.5186371018e-11, 6.81155618021e-11, 5.59622452545e-11, 9.31771187984e-11, 6.46970810259e-11, 3.07251897536e-11, 1.77435965226e-11, 9.93774073449e-12, 4.32939144604e-12, 1.15415697832e-11, 2.154602885e-11, 6.80635409145e-12, 1.53473986991e-11, 4.65734187327e-11, 3.7038316858e-11, 5.30468854607e-12, 2.97272341292e-12, 3.03764739057e-12, 5.09730224609e-13, 4.24272027016e-13, 3.79164879832e-13, 3.19947349593e-14, 1.70646910383e-15],
        "skew": [2.63633036613, 2.47650241852, 4.84639692307, 1.85295701027, 6.30607175827, 9.93487739563, 8.48780632019, 3.37472987175, 4.43004131317, 5.78630018234, 3.8978946209, 3.50241136551, 3.93265628815, 4.47894620895, 4.71668052673, 3.78054070473, 4.07660865784, 6.81151676178, 6.72186613083, 4.02665996552, 2.69331049919, 3.23366475105, 7.80796337128, 4.29044866562, 3.24034690857, 3.26761627197, 3.2642583847],
        "var": [3.5301243205e-19, 9.21375598012e-19, 2.29071706061e-18, 5.76299131589e-18, 2.15636034961e-13, 8.44555606005e-11, 2.29714025579e-08, 8.88495719664e-07, 9.41453527048e-06, 5.08490074935e-06, 2.42900623562e-05, 9.20498860069e-06, 1.54886527071e-06, 7.300064226e-06, 6.05236181173e-08, 4.27961417415e-08, 6.62135501983e-09, 4.299615739e-07, 2.00986027821e-09, 6.92135368116e-12, 2.28727258487e-12, 5.08673290121e-13, 1.29795778075e-13, 2.16313537652e-15, 1.92667106799e-17, 1.62012409031e-19, 1.7946893141e-19],
        "cov": [[3.53401206938e-19, 5.48127510596e-19, 3.58402857909e-19, 6.3411763986e-19, 5.03580013035e-17, -6.96918790492e-17, 1.07502795863e-15, 1.48566841338e-13, 6.54097978038e-13, 2.89901159719e-13, 2.6377085737e-13, 1.96906049408e-13, -3.16756102142e-14, 6.14395145003e-14, 5.762630685e-15, 2.92261976068e-14, 5.05793357772e-15, -9.43580218978e-15, -2.16244493879e-16, -2.60065662135e-19, 9.16214429396e-17, 3.05480116322e-17, 8.1833697647e-18, 3.27422384879e-18, 3.72424422322e-19, 3.17081173194e-20, 3.25821855017e-20], [5.48127510596e-19, 9.22390341829e-19, 5.87221875802e-19, 9.76913538315e-19, 7.49305395999e-17, -1.37026650695e-16, 4.75346049093e-16, 2.2203980733e-13, 1.04365084283e-12, 4.75323610766e-13, 5.36374221947e-13, 2.99522640848e-13, -3.84337879447e-14, 7.58906080881e-14, 1.1559711894e-14, 5.20326410268e-14, 1.02017266501e-14, -1.74749436113e-14, -2.55863689055e-17, 6.25999170273e-17, 1.42614394699e-16, 4.80455848139e-17, 1.5138171179e-17, 6.03904506095e-18, 6.57089944736e-19, 6.05182590614e-20, 6.23448871115e-20], [3.58402857909e-19, 5.87221875802e-19, 2.29323975468e-18, 1.51388600136e-18, 9.06781460214e-17, -5.85668424408e-17, -4.73053882646e-15, 1.57397722243e-13, 7.18679076753e-13, 2.51692628328e-13, 5.969414958e-13, 3.10655960591e-13, 1.61413891693e-13, 4.25920041423e-13, 3.53168591648e-14, 3.91769136663e-14, 7.03137889032e-15, 9.15212594295e-14, 3.13011258309e-16, 3.25803546925e-16, 1.50684752567e-16, 1.04578539021e-16, 9.98934343536e-17, 6.64829211983e-18, 7.42653042009e-19, 4.71149636889e-20, 4.73235973802e-20], [6.3411763986e-19, 9.76913538315e-19, 1.51388600136e-18, 5.76933827273e-18, 4.48040777368e-16, 3.3894116558e-15, -1.70091381707e-14, 5.10386709025e-13, 1.68863751107e-12, 3.83968952553e-13, 6.48213579167e-13, 1.99996770989e-13, 1.80222969794e-13, 6.56646774715e-13, 5.54416064382e-14, 6.93996997456e-14, 2.49470854131e-14, 5.07884377187e-14, 7.66433865971e-15, 6.00141901371e-16, 5.1720948784e-16, 2.22216129097e-16, 8.8333419857e-17, 1.95065368093e-17, 2.56857426619e-18, 9.09140963443e-20, 9.2562777165e-20], [5.03580013035e-17, 7.49305395999e-17, 9.06781460214e-17, 4.48040777368e-16, 2.15873515895e-13, 2.55970375104e-12, 3.08957200101e-12, 1.80643403014e-10, 2.93457258493e-10, -7.50320430787e-11, -2.31916361115e-10, -1.49090295665e-10, -2.63227113717e-11, 8.27305030038e-11, 1.2942111792e-11, 3.58897221837e-12, -4.27696723523e-13, -1.13855669684e-11, -2.65861280473e-13, -6.86147780303e-14, 1.06346517963e-13, -1.3000713143e-14, -1.00584679678e-14, -2.42811232284e-16, 1.9900953069e-16, -4.04421464136e-18, -4.05973709914e-18], [-6.96918790492e-17, -1.37026650695e-16, -5.85668424408e-17, 3.3894116558e-15, 2.55970375104e-12, 8.45485764733e-11, 4.09291663062e-11, 4.45674969152e-10, 1.83521808861e-10, -8.42867442508e-10, -2.35318009523e-09, -1.07431530338e-09, -5.71477143385e-10, -6.08074313124e-10, 1.13786348399e-10, -3.73324938671e-12, -2.05196640929e-11, -2.39298247884e-10, -1.60392411158e-11, -1.34311626491e-12, -2.05283747358e-13, -3.49256512383e-13, -1.48775455388e-13, -1.29780770345e-14, -9.97233594022e-16, -1.89142258599e-16, -1.93857558667e-16], [1.07502795863e-15, 4.75346049093e-16, -4.73053882646e-15, -1.70091381707e-14, 3.08957200101e-12, 4.09291663062e-11, 2.2996701432e-08, 1.11383648971e-08, -9.36680155661e-09, -1.65447158196e-08, -4.6139099652e-08, -3.30031859619e-08, -5.83558001921e-09, -8.02076183248e-09, 1.52830226252e-09, 1.9943295626e-10, 6.18899320681e-10, -5.02593699991e-09, -2.28511778944e-10, -2.20438649973e-11, -5.28897975763e-12, -6.52437218834e-12, -2.81405866491e-12, -2.09223209504e-13, -3.09451256124e-14, -3.91142916735e-15, -4.0074810095e-15], [1.48566841338e-13, 2.2203980733e-13, 1.57397722243e-13, 5.10386709025e-13, 1.80643403014e-10, 4.45674969152e-10, 1.11383648971e-08, 8.89474222276e-07, 8.19144702291e-07, -1.83828106515e-07, -5.94769232976e-07, -3.96836981054e-07, -5.55766099808e-08, 2.33820941276e-07, 4.18286845161e-08, 9.17490527996e-09, 1.81943661526e-11, -1.94930382946e-08, -3.21831367112e-10, -1.05601548339e-10, 3.37232491932e-10, -8.88103653118e-12, -1.83510064783e-11, 6.873012901e-13, 5.65271354031e-13, -1.83001616485e-15, -1.55282251528e-15], [6.54097978038e-13, 1.04365084283e-12, 7.18679076753e-13, 1.68863751107e-12, 2.93457258493e-10, 1.83521808861e-10, -9.36680155661e-09, 8.19144702291e-07, 9.42490351008e-06, -2.1070097489e-07, -1.57491660957e-06, -1.14161764486e-06, -2.88916538693e-07, -8.18510415002e-09, 7.43065058373e-08, 1.5647756868e-07, -7.49586170912e-09, -1.25998042222e-07, -4.42394965106e-09, -5.21955978439e-10, 4.59251442431e-10, -1.09580559904e-10, -5.87532314467e-11, -2.89688845828e-12, 6.68921732241e-13, 2.50146745765e-13, 2.69716567873e-13], [2.89901159719e-13, 4.75323610766e-13, 2.51692628328e-13, 3.83968952553e-13, -7.50320430787e-11, -8.42867442508e-10, -1.65447158196e-08, -1.83828106515e-07, -2.1070097489e-07, 5.09050096298e-06, 6.20610364876e-07, -5.2353374258e-07, -2.54202745964e-07, -5.26736471329e-07, -2.23087130991e-08, -3.13422567899e-08, 5.52146488531e-08, -7.00295643696e-08, -5.5966191681e-09, -1.54459098289e-10, -2.58408044962e-10, -3.95832949751e-11, 3.58895829722e-11, 8.44059522796e-13, 4.08821278696e-13, 1.17725368841e-13, 1.24327794154e-13], [2.6377085737e-13, 5.36374221947e-13, 5.969414958e-13, 6.48213579167e-13, -2.31916361115e-10, -2.35318009523e-09, -4.6139099652e-08, -5.94769232976e-07, -1.57491660957e-06, 6.20610364876e-07, 2.43168142333e-05, 8.66067068728e-07, -6.854241974e-07, -1.49867844357e-06, 6.2379072574e-08, 6.93057245371e-07, -3.94221970623e-08, 1.56787805849e-07, 7.78128583789e-09, 2.33341790334e-09, -5.64134239323e-10, -2.96872582073e-10, -1.71338481597e-11, 2.26046421165e-11, 2.75670090054e-12, 7.05229060913e-13, 7.38484794149e-13], [1.96906049408e-13, 2.99522640848e-13, 3.10655960591e-13, 1.99996770989e-13, -1.49090295665e-10, -1.07431530338e-09, -3.30031859619e-08, -3.96836981054e-07, -1.14161764486e-06, -5.2353374258e-07, 8.66067068728e-07, 9.21512582863e-06, -3.94606388454e-07, -1.08084225303e-06, -8.73600427553e-08, 1.73840135176e-07, -4.01860766885e-09, -1.98560499598e-07, 1.47712180265e-08, -4.01828348373e-10, -8.38558736338e-11, 8.72140082375e-10, 2.13909376323e-10, 3.61459022435e-11, 2.34476283875e-12, 1.63739749298e-13, 1.63074794553e-13], [-3.16756102142e-14, -3.84337879447e-14, 1.61413891693e-13, 1.80222969794e-13, -2.63227113717e-11, -5.71477143385e-10, -5.83558001921e-09, -5.55766099808e-08, -2.88916538693e-07, -2.54202745964e-07, -6.854241974e-07, -3.94606388454e-07, 1.55057102802e-06, 4.58757625665e-07, -3.1221450314e-08, -3.44531123631e-08, 4.15376675278e-08, 5.69085386815e-07, -5.96996763136e-09, 1.222788093e-09, -2.80387518758e-11, 1.540285538e-10, 5.65797443619e-11, 1.68023719938e-11, 6.33541667478e-13, 1.55660633851e-14, 1.55382146359e-14], [6.14395145003e-14, 7.58906080881e-14, 4.25920041423e-13, 6.56646774715e-13, 8.27305030038e-11, -6.08074313124e-10, -8.02076183248e-09, 2.33820941276e-07, -8.18510415002e-09, -5.26736471329e-07, -1.49867844357e-06, -1.08084225303e-06, 4.58757625665e-07, 7.30810415916e-06, -2.0943483392e-08, -4.96011800522e-08, -2.25579608326e-08, 5.8299065131e-07, 2.7975790573e-08, -7.03792302215e-10, 1.94625271455e-09, 4.28328102153e-11, -5.27666556283e-11, 1.912600937e-12, 1.49309893876e-12, 2.11313131164e-13, 2.10895753985e-13], [5.762630685e-15, 1.1559711894e-14, 3.53168591648e-14, 5.54416064382e-14, 1.2942111792e-11, 1.13786348399e-10, 1.52830226252e-09, 4.18286845161e-08, 7.43065058373e-08, -2.23087130991e-08, 6.2379072574e-08, -8.73600427553e-08, -3.1221450314e-08, -2.0943483392e-08, 6.05902741313e-08, -1.62820118499e-10, -1.39330980087e-09, -4.3544750028e-09, 6.16063644543e-10, -3.34527683332e-11, 5.66321642359e-11, -1.39952702205e-11, -7.88606105331e-13, -1.32742707343e-13, -3.03727414042e-14, 3.40058296158e-15, 2.75457867304e-15], [2.92261976068e-14, 5.20326410268e-14, 3.91769136663e-14, 6.93996997456e-14, 3.58897221837e-12, -3.73324938671e-12, 1.9943295626e-10, 9.17490527996e-09, 1.5647756868e-07, -3.13422567899e-08, 6.93057245371e-07, 1.73840135176e-07, -3.44531123631e-08, -4.96011800522e-08, -1.62820118499e-10, 4.28432755939e-08, -1.6293207894e-09, -2.73214717517e-09, 1.11246789558e-09, 5.57748847108e-11, -4.9690369007e-12, -1.45352393316e-12, -1.97486710145e-12, 1.05092887517e-12, 1.97779143865e-13, 2.86369913243e-14, 2.98314094239e-14], [5.05793357772e-15, 1.02017266501e-14, 7.03137889032e-15, 2.49470854131e-14, -4.27696723523e-13, -2.05196640929e-11, 6.18899320681e-10, 1.81943661526e-11, -7.49586170912e-09, 5.52146488531e-08, -3.94221970623e-08, -4.01860766885e-09, 4.15376675278e-08, -2.25579608326e-08, -1.39330980087e-09, -1.6293207894e-09, 6.62864740875e-09, -4.24103774321e-09, -3.05927033706e-10, 7.6487739753e-11, -9.15247305028e-12, 4.37720866497e-12, 3.07256628994e-12, 1.67989819104e-12, 3.10193697443e-14, 1.18812655061e-15, 1.21374929726e-15], [-9.43580218978e-15, -1.74749436113e-14, 9.15212594295e-14, 5.07884377187e-14, -1.13855669684e-11, -2.39298247884e-10, -5.02593699991e-09, -1.94930382946e-08, -1.25998042222e-07, -7.00295643696e-08, 1.56787805849e-07, -1.98560499598e-07, 5.69085386815e-07, 5.8299065131e-07, -4.3544750028e-09, -2.73214717517e-09, -4.24103774321e-09, 4.30435108001e-07, -8.0740830688e-10, 3.31831062628e-10, 1.58416529894e-10, 8.07491504218e-11, 1.50610825894e-11, 2.3503859449e-12, 3.34686597013e-13, 3.45913957743e-14, 3.54899926992e-14], [-2.16244493879e-16, -2.55863689055e-17, 3.13011258309e-16, 7.66433865971e-15, -2.65861280473e-13, -1.60392411158e-11, -2.28511778944e-10, -3.21831367112e-10, -4.42394965106e-09, -5.5966191681e-09, 7.78128583789e-09, 1.47712180265e-08, -5.96996763136e-09, 2.7975790573e-08, 6.16063644543e-10, 1.11246789558e-09, -3.05927033706e-10, -8.0740830688e-10, 2.01207361883e-09, -9.46925177159e-12, 3.2028751179e-11, 8.08481753767e-13, -4.16695568025e-13, 3.32115791032e-13, 6.7766457593e-14, 1.2809747024e-15, 1.21142048605e-15], [-2.60065662135e-19, 6.25999170273e-17, 3.25803546925e-16, 6.00141901371e-16, -6.86147780303e-14, -1.34311626491e-12, -2.20438649973e-11, -1.05601548339e-10, -5.21955978439e-10, -1.54459098289e-10, 2.33341790334e-09, -4.01828348373e-10, 1.222788093e-09, -7.03792302215e-10, -3.34527683332e-11, 5.57748847108e-11, 7.6487739753e-11, 3.31831062628e-10, -9.46925177159e-12, 6.92897605611e-12, -2.7530674138e-13, 4.21989944073e-13, 1.02391802448e-13, 4.88981278428e-14, 3.67337860433e-15, 5.94972551938e-17, 5.46683137441e-17], [9.16214429396e-17, 1.42614394699e-16, 1.50684752567e-16, 5.1720948784e-16, 1.06346517963e-13, -2.05283747358e-13, -5.28897975763e-12, 3.37232491932e-10, 4.59251442431e-10, -2.58408044962e-10, -5.64134239323e-10, -8.38558736338e-11, -2.80387518758e-11, 1.94625271455e-09, 5.66321642359e-11, -4.9690369007e-12, -9.15247305028e-12, 1.58416529894e-10, 3.2028751179e-11, -2.7530674138e-13, 2.2897916202e-12, 1.218858456e-13, 3.94912594515e-15, 1.11726051316e-14, 1.83284038445e-15, 6.26455443099e-17, 6.11608014324e-17], [3.05480116322e-17, 4.80455848139e-17, 1.04578539021e-16, 2.22216129097e-16, -1.3000713143e-14, -3.49256512383e-13, -6.52437218834e-12, -8.88103653118e-12, -1.09580559904e-10, -3.95832949751e-11, -2.96872582073e-10, 8.72140082375e-10, 1.540285538e-10, 4.28328102153e-11, -1.39952702205e-11, -1.45352393316e-12, 4.37720866497e-12, 8.07491504218e-11, 8.08481753767e-13, 4.21989944073e-13, 1.218858456e-13, 5.09233497384e-13, 1.39422693768e-13, 8.93257822175e-15, 1.00242061203e-15, 2.32438198805e-17, 2.24233692094e-17], [8.1833697647e-18, 1.5138171179e-17, 9.98934343536e-17, 8.8333419857e-17, -1.00584679678e-14, -1.48775455388e-13, -2.81405866491e-12, -1.83510064783e-11, -5.87532314467e-11, 3.58895829722e-11, -1.71338481597e-11, 2.13909376323e-10, 5.65797443619e-11, -5.27666556283e-11, -7.88606105331e-13, -1.97486710145e-12, 3.07256628994e-12, 1.50610825894e-11, -4.16695568025e-13, 1.02391802448e-13, 3.94912594515e-15, 1.39422693768e-13, 1.29938716579e-13, 3.86494823437e-15, 3.5341515341e-16, 5.97785354796e-18, 5.55927741054e-18], [3.27422384879e-18, 6.03904506095e-18, 6.64829211983e-18, 1.95065368093e-17, -2.42811232284e-16, -1.29780770345e-14, -2.09223209504e-13, 6.873012901e-13, -2.89688845828e-12, 8.44059522796e-13, 2.26046421165e-11, 3.61459022435e-11, 1.68023719938e-11, 1.912600937e-12, -1.32742707343e-13, 1.05092887517e-12, 1.67989819104e-12, 2.3503859449e-12, 3.32115791032e-13, 4.88981278428e-14, 1.11726051316e-14, 8.93257822175e-15, 3.86494823437e-15, 2.16551765669e-15, 8.23945939311e-17, 2.84989839252e-18, 2.81851081739e-18], [3.72424422322e-19, 6.57089944736e-19, 7.42653042009e-19, 2.56857426619e-18, 1.9900953069e-16, -9.97233594022e-16, -3.09451256124e-14, 5.65271354031e-13, 6.68921732241e-13, 4.08821278696e-13, 2.75670090054e-12, 2.34476283875e-12, 6.33541667478e-13, 1.49309893876e-12, -3.03727414042e-14, 1.97779143865e-13, 3.10193697443e-14, 3.34686597013e-13, 6.7766457593e-14, 3.67337860433e-15, 1.83284038445e-15, 1.00242061203e-15, 3.5341515341e-16, 8.23945939311e-17, 1.9287929517e-17, 3.87966344701e-19, 3.91028515629e-19], [3.17081173194e-20, 6.05182590614e-20, 4.71149636889e-20, 9.09140963443e-20, -4.04421464136e-18, -1.89142258599e-16, -3.91142916735e-15, -1.83001616485e-15, 2.50146745765e-13, 1.17725368841e-13, 7.05229060913e-13, 1.63739749298e-13, 1.55660633851e-14, 2.11313131164e-13, 3.40058296158e-15, 2.86369913243e-14, 1.18812655061e-15, 3.45913957743e-14, 1.2809747024e-15, 5.94972551938e-17, 6.26455443099e-17, 2.32438198805e-17, 5.97785354796e-18, 2.84989839252e-18, 3.87966344701e-19, 1.62190834474e-19, 1.70590039338e-19], [3.25821855017e-20, 6.23448871115e-20, 4.73235973802e-20, 9.2562777165e-20, -4.05973709914e-18, -1.93857558667e-16, -4.0074810095e-15, -1.55282251528e-15, 2.69716567873e-13, 1.24327794154e-13, 7.38484794149e-13, 1.63074794553e-13, 1.55382146359e-14, 2.10895753985e-13, 2.75457867304e-15, 2.98314094239e-14, 1.21374929726e-15, 3.54899926992e-14, 1.21142048605e-15, 5.46683137441e-17, 6.11608014324e-17, 2.24233692094e-17, 5.55927741054e-18, 2.81851081739e-18, 3.91028515629e-19, 1.70590039338e-19, 1.79666588802e-19]]
    },
    "mfcc": {
        "kurt": [-1.19329571724, -1.2795432806, -1.0020288229, -1.27502393723, -1.18994319439, -1.28906345367, -0.958630561829, -0.0760056972504, 0.125383138657, -0.258403539658, -0.0338428020477, 0.504367828369, 0.24228310585],
        "max": [-786.506347656, 149.510345459, 8.85531616211, 19.8320503235, 39.2858314514, 51.4221801758, 60.8451461792, 89.9394683838, 69.5738525391, 63.9245376587, 99.047454834, 84.827545166, 84.9388427734],
        "mean": [-977.264587402, 46.4854011536, -96.4188842773, -34.5690956116, -16.6155090332, -14.6596689224, -2.03096795082, 3.16687130928, -8.77078342438, -4.655772686, 14.1697702408, 3.84574079514, -9.80602073669],
        "median": [-1000.67816162, 22.7030448914, -97.0105743408, -28.1495437622, -11.7416801453, -9.79920196533, -2.67028808594e-05, -5.34057617188e-05, -3.22853088379, 0.296691894531, 17.8426475525, 2.38332366943, -17.2732810974],
        "min": [-1138.42004395, -23.6589546204, -197.696548462, -100.480903625, -67.3326721191, -81.5505981445, -69.4999923706, -56.0487136841, -78.7595672607, -78.397819519, -74.9578857422, -71.7350921631, -90.0447235107],
        "skew": [0.180521339178, 0.580064117908, 0.407442778349, -0.340368241072, -0.112277120352, 0.0561394654214, 0.116000905633, 0.634668767452, -0.0277856159955, -0.417411953211, -0.18814265728, 0.224710404873, 0.459446012974],
        "var": [12975.9677734, 2949.08520508, 3461.45556641, 1037.9942627, 727.937683105, 1031.171875, 809.567443848, 918.596801758, 853.348022461, 868.846313477, 1148.05371094, 909.328857422, 1311.71887207],
        "cov": [[12990.2587891, 5457.35351562, -6295.93701172, -3224.75830078, -2275.58935547, -2484.72436523, -1550.15441895, -402.934112549, 393.763183594, 362.315490723, 758.291870117, 23.8376274109, -718.332458496], [5457.35351562, 2952.33325195, -2228.51000977, -1614.66369629, -1182.58520508, -1471.8762207, -1095.10461426, -382.206451416, 466.959777832, 417.551391602, 242.800231934, -116.721786499, -285.564544678], [-6295.93701172, -2228.51000977, 3465.26757812, 1424.30883789, 849.64831543, 935.611083984, 410.540161133, 47.2720832825, 11.8624744415, -17.6209373474, -416.711730957, -53.0961799622, 377.902496338], [-3224.75830078, -1614.66369629, 1424.30883789, 1039.13745117, 725.438476562, 717.448791504, 425.850524902, -15.1835861206, -278.252166748, -76.0615768433, 22.8108348846, 61.3849258423, 45.3958244324], [-2275.58935547, -1182.58520508, 849.64831543, 725.438476562, 728.739379883, 647.119689941, 342.740112305, -124.46257782, -414.747406006, -107.831680298, 127.955429077, 114.124595642, 29.2298526764], [-2484.72436523, -1471.8762207, 935.611083984, 717.448791504, 647.119689941, 1032.30749512, 688.848510742, 31.1629657745, -562.039978027, -380.763366699, -3.38645529747, 193.586532593, 153.127197266], [-1550.15441895, -1095.10461426, 410.540161133, 425.850524902, 342.740112305, 688.848510742, 810.45904541, 468.907226562, -293.553161621, -530.607055664, -337.53024292, 111.578338623, 263.372650146], [-402.934112549, -382.206451416, 47.2720832825, -15.1835861206, -124.46257782, 31.1629657745, 468.907226562, 919.608459473, 349.492370605, -461.730926514, -757.814758301, -106.779846191, 446.511657715], [393.763183594, 466.959777832, 11.8624744415, -278.252166748, -414.747406006, -562.039978027, -293.553161621, 349.492370605, 854.287841797, 364.61831665, -465.891693115, -541.668823242, 7.32643842697], [362.315490723, 417.551391602, -17.6209373474, -76.0615768433, -107.831680298, -380.763366699, -530.607055664, -461.730926514, 364.61831665, 869.803222656, 449.875610352, -487.894348145, -676.832519531], [758.291870117, 242.800231934, -416.711730957, 22.8108348846, 127.955429077, -3.38645529747, -337.53024292, -757.814758301, -465.891693115, 449.875610352, 1149.31811523, 302.301605225, -858.061462402], [23.8376274109, -116.721786499, -53.0961799622, 61.3849258423, 114.124595642, 193.586532593, 111.578338623, -106.779846191, -541.668823242, -487.894348145, 302.301605225, 910.330322266, 306.601989746], [-718.332458496, -285.564544678, 377.902496338, 45.3958244324, 29.2298526764, 153.127197266, 263.372650146, 446.511657715, 7.32643842697, -676.832519531, -858.061462402, 306.601989746, 1313.16357422]]
    },
    "sccoeffs": {
        "kurt": [-0.0812330245972, -0.945550441742, -0.443023920059, -1.19988775253, -0.502380132675, -0.718544006348],
        "max": [-0.492323517799, -0.158426210284, -0.19209587574, -0.258865326643, -0.442284524441, -0.60572052002],
        "mean": [-0.805906116962, -0.741399288177, -0.689880669117, -0.633397579193, -0.671048402786, -0.771154761314],
        "median": [-0.820431232452, -0.86227619648, -0.72955930233, -0.678740024567, -0.655218362808, -0.755449056625],
        "min": [-0.965155899525, -0.947849035263, -0.948563814163, -0.942634522915, -0.919079601765, -0.923323690891],
        "skew": [0.617770552635, 0.733688354492, 0.939156115055, 0.106842078269, -0.629415154457, -0.391530573368],
        "var": [0.00675132591277, 0.0379428341985, 0.0494791865349, 0.0361301004887, 0.0134520232677, 0.00485663022846],
        "cov": [[0.00675876112655, 0.00772941112518, -0.00480564683676, -0.00572932697833, -0.00206797826104, 0.000316442659823], [0.00772941112518, 0.0379846207798, 0.00068143941462, -0.00283934175968, 0.00175337272231, 0.00316537427716], [-0.00480564683676, 0.00068143941462, 0.0495336800814, 0.00654262118042, 0.00886501930654, 0.00396502530202], [-0.00572932697833, -0.00283934175968, 0.00654262118042, 0.0361698940396, 0.0185748115182, 0.00757906399667], [-0.00206797826104, 0.00175337272231, 0.00886501930654, 0.0185748115182, 0.0134668378159, 0.00597622338682], [0.000316442659823, 0.00316537427716, 0.00396502530202, 0.00757906399667, 0.00597622338682, 0.00486197881401]]
    },
    "scvalleys": {
        "kurt": [-0.589307069778, -1.10000884533, -1.30042791367, -1.13949418068, -1.09647226334, -0.788220405579],
        "max": [-10.2042989731, -6.69395875931, -5.13481855392, -6.03218889236, -8.28007793427, -11.0804729462],
        "mean": [-11.9209480286, -10.178352356, -9.54527282715, -9.92606449127, -11.2259502411, -13.7575006485],
        "median": [-11.9125852585, -10.8104047775, -10.3220701218, -10.5700645447, -11.3974113464, -13.4069051743],
        "min": [-14.5052890778, -13.1990833282, -14.3319215775, -14.504609108, -15.0292873383, -16.8073806763],
        "skew": [-0.107705742121, 0.597377598286, 0.307884603739, 0.241238132119, -0.188260376453, -0.653625607491],
        "var": [0.6527389884, 3.21750688553, 6.32135725021, 5.77022361755, 3.28026032448, 2.29684042931],
        "cov": [[0.653457820415, 0.74516916275, 1.14945757389, 1.10112738609, 0.91231918335, 0.828198194504], [0.74516916275, 3.22105050087, 4.11764383316, 4.00955104828, 2.64190268517, 1.70203185081], [1.14945757389, 4.11764383316, 6.32831907272, 5.80443811417, 4.12049388885, 2.88952898979], [1.10112738609, 4.00955104828, 5.80443811417, 5.77657842636, 4.05476713181, 2.86435675621], [0.91231918335, 2.64190268517, 4.12049388885, 4.05476713181, 3.28387284279, 2.46765732765], [0.828198194504, 1.70203185081, 2.88952898979, 2.86435675621, 2.46765732765, 2.29936981201]]
    }
},
"rhythm": {
    "beats_loudness": {
        "kurt": -0.00873136520386,
        "max": 0.0253319051117,
        "mean": 0.00867252703756,
        "median": 0.00855323858559,
        "min": 9.72455449499e-09,
        "skew": 0.747620463371,
        "var": 4.63972464786e-05
    },
    "bpm": 90.7215652466,
    "confidence": 0.798434376717,
    "first_peak_bpm": {
        "kurt": 0,
        "max": 89,
        "mean": 89,
        "median": 89,
        "min": 89,
        "skew": 0,
        "var": 0
    },
    "first_peak_spread": {
        "kurt": 0,
        "max": 0.58333337307,
        "mean": 0.58333337307,
        "median": 0.58333337307,
        "min": 0.58333337307,
        "skew": 0,
        "var": 0
    },
    "first_peak_weight": {
        "kurt": 0,
        "max": 0.161290317774,
        "mean": 0.161290317774,
        "median": 0.161290317774,
        "min": 0.161290317774,
        "skew": 0,
        "var": 0
    },
    "onset_rate": 2.46765589714,
    "second_peak_bpm": {
        "kurt": 0,
        "max": 112,
        "mean": 112,
        "median": 112,
        "min": 112,
        "skew": 0,
        "var": 0
    },
    "second_peak_spread": {
        "kurt": 0,
        "max": 0.444444417953,
        "mean": 0.444444417953,
        "median": 0.444444417953,
        "min": 0.444444417953,
        "skew": 0,
        "var": 0
    },
    "second_peak_weight": {
        "kurt": 0,
        "max": 0.161290317774,
        "mean": 0.161290317774,
        "median": 0.161290317774,
        "min": 0.161290317774,
        "skew": 0,
        "var": 0
    },
    "beats_loudness_band_ratio": {
        "kurt": [12.2366266251, 22.5182743073, -1.28479981422, -0.793016195297, 18.1116409302, 8.42533874512],
        "max": [0.536273121834, 0.370698213577, 0.980165481567, 0.986098587513, 0.980399906635, 0.0352234989405],
        "mean": [0.0304782558233, 0.0172419492155, 0.434981048107, 0.411815971136, 0.11746327579, 0.00431294785812],
        "median": [1.94056747205e-06, 0.000410818436649, 0.540190696716, 0.337834596634, 0.0848576277494, 0.0016506887041],
        "min": [2.35837589457e-07, 2.07165896882e-07, 1.13089981824e-06, 0.000113770809548, 0.0132837621495, 5.01939066453e-05],
        "skew": [3.72887849808, 4.81546258926, -0.195340663195, 0.657384693623, 4.12335014343, 2.88381195068],
        "var": [0.0132417557761, 0.00437992531806, 0.103196278214, 0.104730032384, 0.028712881729, 5.25171126355e-05],
        "cov": [[0.0136689087376, 0.00613247370347, -0.00790965650231, -0.0110548194498, -0.00124695559498, 0.000716800102964], [0.00613247370347, 0.00452121300623, -0.00392321730033, -0.00574475666508, -0.000815782696009, 0.000266778282821], [-0.00790965650231, -0.00392321730033, 0.106525190175, -0.0784020796418, -0.0143755469471, -0.000614103220869], [-0.0110548194498, -0.00574475666508, -0.0784020796418, 0.10810842365, -0.013699314557, -0.000901228981093], [-0.00124695559498, -0.000815782696009, -0.0143755469471, -0.013699314557, 0.0296391043812, 0.000486087199533], [0.000716800102964, 0.000266778282821, -0.000614103220869, -0.000901228981093, 0.000486087199533, 5.42112138646e-05]]
    },
    "beats_position": [0.603718817234, 1.23065757751, 1.90403628349, 2.55419492722, 3.20435357094, 3.86612248421, 4.5046710968, 5.15482997894, 5.8282084465, 6.5015873909, 7.1517457962, 7.77868461609, 8.4172334671, 8.95129203796, 9.47374153137, 10.0310201645, 10.5650787354, 11.110748291, 11.6448068619, 12.1788663864, 12.7245349884, 13.2585935593, 13.9319725037, 14.6053514481, 15.3135595322, 16.0101585388, 16.7299766541, 17.4730148315, 18.2044448853, 18.9242630005, 19.6440811157, 20.363899231],
    "bpm_estimates": [89.1029052734, 92.2851715088, 92.2851715088, 90.6660919189, 93.9630889893, 92.2851333618, 89.102935791, 89.1028747559, 92.2852020264, 93.9630508423, 89.1028747559, 89.1028747559, 86.1327667236],
    "bpm_intervals": [0.626938760281, 0.673378705978, 0.650158643723, 0.650158643723, 0.661768913269, 0.638548612595, 0.650158882141, 0.67337846756, 0.673378944397, 0.650158405304, 0.626938819885, 0.638548851013, 0.534058570862, 0.522449493408, 0.557278633118, 0.534058570862, 0.545669555664, 0.534058570862, 0.534059524536, 0.54566860199, 0.534058570862, 0.673378944397, 0.673378944397, 0.708208084106, 0.696599006653, 0.719818115234, 0.74303817749, 0.731430053711, 0.719818115234, 0.719818115234, 0.719818115234],
    "onset_times": [0.255419492722, 0.371519267559, 0.487619042397, 0.615328788757, 0.824308395386, 0.940408170223, 1.1261677742, 1.24226760864, 1.5673469305, 1.66022670269, 1.78793644905, 2.4497051239, 3.5758728981, 5.60761928558, 5.72371864319, 5.87464857101, 6.15328788757, 6.52480745316, 7.53487539291, 7.66258525848, 7.80190467834, 8.09215450287, 8.17342376709, 9.97297096252, 10.1006803513, 10.3328800201, 10.8785486221, 10.9714288712, 11.1339683533, 11.3893880844, 11.656416893, 11.9118366241, 12.1904764175, 12.4458961487, 12.8174152374, 13.1889343262, 13.5604534149, 13.6997728348, 13.9435825348, 14.2106122971, 14.5589113235, 16.0449886322, 17.2640361786, 17.5194549561, 17.879365921, 18.2392749786, 19.5047626495, 19.7834014893, 19.945941925, 20.1084804535, 20.7354202271, 20.7934684753],
    "histogram": [[0, 0, 0, 0, 0, 0, 0, 0, 0, 0, 0, 0, 0, 0, 0, 0, 0, 0, 0, 0, 0, 0, 0, 0, 0, 0, 0, 0, 0, 0, 0, 0, 0, 0, 0, 0, 0, 0, 0, 0, 0, 0, 0, 0, 0, 0, 0, 0, 0, 0, 0, 0, 0, 0, 0, 0, 0, 0, 0, 0, 0, 0, 0, 0, 0, 0, 0, 0, 0, 0, 0, 0, 0, 0, 0, 0, 0, 0, 0, 0, 0, 0.0322580635548, 0.0322580635548, 0.129032254219, 0, 0.0322580635548, 0.0322580635548, 0, 0, 0.161290317774, 0, 0.0322580635548, 0.129032254219, 0, 0.0645161271095, 0, 0.0645161271095, 0, 0, 0, 0, 0, 0, 0, 0, 0, 0, 0, 0.0322580635548, 0, 0.0645161271095, 0, 0.161290317774, 0, 0, 0.0322580635548, 0, 0, 0, 0, 0, 0, 0, 0, 0, 0, 0, 0, 0, 0, 0, 0, 0, 0, 0, 0, 0, 0, 0, 0, 0, 0, 0, 0, 0, 0, 0, 0, 0, 0, 0, 0, 0, 0, 0, 0, 0, 0, 0, 0, 0, 0, 0, 0, 0, 0, 0, 0, 0, 0, 0, 0, 0, 0, 0, 0, 0, 0, 0, 0, 0, 0, 0, 0, 0, 0, 0, 0, 0, 0, 0, 0, 0, 0, 0, 0, 0, 0, 0, 0, 0, 0, 0, 0, 0, 0, 0, 0, 0, 0, 0, 0, 0, 0, 0, 0, 0, 0, 0, 0, 0, 0, 0, 0, 0, 0, 0, 0, 0, 0, 0, 0, 0, 0, 0, 0, 0, 0, 0, 0, 0, 0, 0, 0, 0, 0, 0, 0, 0, 0]]
},
"sfx": {
    "inharmonicity": {
        "kurt": 8.85522079468,
        "max": 0.364399641752,
        "mean": 0.0294448882341,
        "median": 0.00248273718171,
        "min": 0,
        "skew": 2.65098714828,
        "var": 0.0023762374185
    },
    "oddtoevenharmonicenergyratio": {
        "kurt": 78.7301025391,
        "max": 22.702627182,
        "mean": 0.673094749451,
        "median": 0.0844487175345,
        "min": 0,
        "skew": 6.47425556183,
        "var": 1.89094495773
    },
    "pitch_after_max_to_before_max_energy_ratio": 20.7831096649,
    "pitch_centroid": 512.57800293,
    "pitch_max_to_total": 0.00330033013597,
    "pitch_min_to_total": 0.107810780406,
    "tristimulus": {
        "kurt": [-1.34489047527, -0.918562889099, 3.51178121567],
        "max": [1, 0.870455801487, 1],
        "mean": [0.567598342896, 0.345923602581, 0.0864780545235],
        "median": [0.62177914381, 0.274981796741, 0.0113602047786],
        "min": [0, 0, 0],
        "skew": [-0.244341135025, 0.537457585335, 2.14166712761],
        "var": [0.0726322904229, 0.0438282303512, 0.0290576219559],
        "cov": [[0.0727122798562, -0.0437496490777, -0.0289626568556], [-0.0437496490777, 0.0438765026629, -0.000126895072754], [-0.0289626568556, -0.000126895072754, 0.0290896221995]]
    }
},
"tonal": {
    "chords_changes_rate": 0.0945054963231,
    "chords_number_rate": 0.0219780225307,
    "chords_strength": {
        "kurt": -0.978477478027,
        "max": 0.69347435236,
        "mean": 0.423173248768,
        "median": 0.40956646204,
        "min": 0.21495346725,
        "skew": 0.269938379526,
        "var": 0.0159310996532
    },
    "key_strength": 0.460250556469,
    "tuning_diatonic_strength": 0.382711172104,
    "tuning_equal_tempered_deviation": 0.232978194952,
    "tuning_frequency": 443.060424805,
