{
"metadata": {
    "version": {
        "essentia": "2.1-beta3"
    }
},
"lowLevel": {
    "average_loudness": 0.0457738563418,
    "barkbands_kurtosis": {
        "kurt": 25.2935657501,
        "max": 37.4833488464,
        "mean": 1.24330592155,
        "median": 0.140209078789,
        "min": -1.70034754276,
        "skew": 4.48859977722,
        "var": 17.0787258148
    },
    "barkbands_skewness": {
        "kurt": 2.237241745,
        "max": 4.96216630936,
        "mean": 0.367431133986,
        "median": 0.274131178856,
        "min": -2.02521157265,
        "skew": 0.871941566467,
        "var": 0.805422961712
    },
    "barkbands_spread": {
        "kurt": 1.18339681625,
        "max": 40.0456771851,
        "mean": 13.6864461899,
        "median": 12.5378627777,
        "min": 1.36308288574,
        "skew": 0.915558874607,
        "var": 40.4111442566
    },
    "dissonance": {
        "kurt": 9.97582912445,
        "max": 0.500000238419,
        "mean": 0.478678822517,
        "median": 0.490777850151,
        "min": 0.256703436375,
        "skew": -2.94793438911,
        "var": 0.00111138401553
    },
    "hfc": {
        "kurt": 26.0420894623,
        "max": 29.9432659149,
        "mean": 1.31548988819,
        "median": 0.141647100449,
        "min": 4.61720350842e-09,
        "skew": 4.63374471664,
        "var": 11.6579704285
    },
    "pitch": {
        "kurt": 6.78918170929,
        "max": 3471.02929688,
        "mean": 1021.23370361,
        "median": 987.883666992,
        "min": 95.0262908936,
        "skew": 1.45820128918,
        "var": 207743.203125
    },
    "pitch_instantaneous_confidence": {
        "kurt": -0.815578222275,
        "max": 0.972495675087,
        "mean": 0.477218270302,
        "median": 0.41245290637,
        "min": 0.136136054993,
        "skew": 0.600914120674,
        "var": 0.0483031794429
    },
    "pitch_salience": {
        "kurt": 2.25306987762,
        "max": 0.87782484293,
        "mean": 0.710482358932,
        "median": 0.747610867023,
        "min": 0.228482291102,
        "skew": -1.58947479725,
        "var": 0.0139204580337
    },
    "silence_rate_20dB": {
        "kurt": 0,
        "max": 1,
        "mean": 1,
        "median": 1,
        "min": 1,
        "skew": 0,
        "var": 0
    },
    "silence_rate_30dB": {
        "kurt": 0,
        "max": 1,
        "mean": 1,
        "median": 1,
        "min": 1,
        "skew": 0,
        "var": 0
    },
    "silence_rate_60dB": {
        "kurt": 16.3601322174,
        "max": 1,
        "mean": 0.953074455261,
        "median": 1,
        "min": 0,
        "skew": -4.28488206863,
        "var": 0.0447231605649
    },
    "spectral_centroid": {
        "kurt": 0.857073545456,
        "max": 3526.82080078,
        "mean": 1592.27233887,
        "median": 1464.96911621,
        "min": 935.168640137,
        "skew": 1.04966270924,
        "var": 166151.6875
    },
    "spectral_complexity": {
        "kurt": 13.6801872253,
        "max": 36,
        "mean": 2.18284797668,
        "median": 0,
        "min": 0,
        "skew": 3.56551361084,
        "var": 28.1367282867
    },
    "spectral_crest": {
        "kurt": 1.14056634903,
        "max": 25.1004047394,
        "mean": 9.34316444397,
        "median": 8.17898368835,
        "min": 2.62658596039,
        "skew": 1.21602475643,
        "var": 20.5200233459
    },
    "spectral_decrease": {
        "kurt": 29.5845756531,
        "max": -5.94586264796e-19,
        "mean": -1.55694554471e-10,
        "median": -2.31212705232e-11,
        "min": -3.79062203848e-09,
        "skew": -4.85141372681,
        "var": 1.51329707462e-19
    },
    "spectral_energy": {
        "kurt": 26.5761737823,
        "max": 0.0158941242844,
        "mean": 0.000706945604179,
        "median": 0.000100317971373,
        "min": 2.66289572858e-12,
        "skew": 4.66984319687,
        "var": 3.10986820296e-06
    },
    "spectral_energyband_high": {
        "kurt": 53.2927970886,
        "max": 0.00187262671534,
        "mean": 4.26983024227e-05,
        "median": 2.32540787692e-06,
        "min": 1.68115318216e-13,
        "skew": 6.68570566177,
        "var": 2.67627200401e-08
    },
    "spectral_energyband_low": {
        "kurt": 11.7204341888,
        "max": 9.76267165242e-06,
        "mean": 1.14402735107e-06,
        "median": 8.34048591969e-07,
        "min": 1.12307346311e-13,
        "skew": 2.61129641533,
        "var": 1.08875972474e-12
    },
    "spectral_energyband_middle_high": {
        "kurt": 23.791437149,
        "max": 0.0134758278728,
        "mean": 0.00062620540848,
        "median": 8.49589996506e-05,
        "min": 1.96563381891e-12,
        "skew": 4.4302148819,
        "var": 2.30848809224e-06
    },
    "spectral_energyband_middle_low": {
        "kurt": 95.085319519,
        "max": 0.00349639821798,
        "mean": 5.50986587768e-05,
        "median": 6.61342801322e-06,
        "min": 4.40375763199e-13,
        "skew": 9.04986190796,
        "var": 6.16695743361e-08
    },
    "spectral_flatness_db": {
        "kurt": -0.182518005371,
        "max": 0.396098613739,
        "mean": 0.199801117182,
        "median": 0.187559336424,
        "min": 0.0616056360304,
        "skew": 0.621370077133,
        "var": 0.00274855108
    },
    "spectral_flux": {
        "kurt": 6.26898479462,
        "max": 0.121481277049,
        "mean": 0.0145726343617,
        "median": 0.00741974497214,
        "min": 4.26016922574e-05,
        "skew": 2.24855995178,
        "var": 0.000279388827039
    },
    "spectral_kurtosis": {
        "kurt": 2.92519807816,
        "max": 19.1583862305,
        "mean": 6.83025836945,
        "median": 6.33589267731,
        "min": 1.72980833054,
        "skew": 1.33555459976,
        "var": 6.78187656403
    },
    "spectral_rms": {
        "kurt": 6.26633358002,
        "max": 0.00393782462925,
        "mean": 0.000548724667169,
        "median": 0.00031284277793,
        "min": 5.09700619489e-08,
        "skew": 2.33898162842,
        "var": 3.88604036061e-07
    },
    "spectral_rolloff": {
        "kurt": 0.271718025208,
        "max": 4586.57226562,
        "mean": 2561.05786133,
        "median": 2648.58398438,
        "min": 904.39453125,
        "skew": -0.255725234747,
        "var": 547420.1875
    },
    "spectral_skewness": {
        "kurt": 0.746457576752,
        "max": 2.76583313942,
        "mean": 1.70304048061,
        "median": 1.70740497112,
        "min": 0.74500721693,
        "skew": 0.103384152055,
        "var": 0.108504831791
    },
    "spectral_spread": {
        "kurt": 154.899169922,
        "max": 12867001,
        "mean": 2723717.25,
        "median": 2726802.5,
        "min": 1547511.125,
        "skew": 8.84384346008,
        "var": 330244718592
    },
    "spectral_strongpeak": {
        "kurt": 24.7609653473,
        "max": 2.80108785629,
        "mean": 0.186516299844,
        "median": 0.101749390364,
        "min": 7.79438687459e-06,
        "skew": 4.14511680603,
        "var": 0.0712499469519
    },
    "zerocrossingrate": {
        "kurt": 60.3597068787,
        "max": 0.392578125,
        "mean": 0.0831002518535,
        "median": 0.0791015625,
        "min": 0.03466796875,
        "skew": 4.65298271179,
        "var": 0.000490240752697
    },
    "barkbands": {
        "kurt": [337.321807861, 4.99081087112, 13.9147052765, 12.0876579285, 7.49594688416, 10.7302999496, 2.99589920044, 15.272480011, 77.4363098145, 127.126419067, 32.4032440186, 51.9428901672, 75.3057403564, 173.907852173, 68.3405227661, 48.1960678101, 21.2825145721, 62.3337936401, 93.3092651367, 49.9153823853, 53.2437744141, 51.3948440552, 73.2121810913, 83.9072265625, 86.85962677, 99.6307449341, 59.4032440186],
        "max": [3.4129436699e-07, 2.53389634963e-06, 6.07520087215e-06, 3.5422815472e-06, 4.1441689973e-06, 5.23212474945e-06, 2.51261189987e-06, 4.28582552559e-06, 0.000944428553339, 0.0100364442915, 0.00234309094958, 0.0037408771459, 0.00158610928338, 0.00344346067868, 0.000765476725064, 0.00101084460039, 0.0010298647685, 0.00312490481883, 0.00218553096056, 0.0014054866042, 0.00109220098238, 0.000105555714981, 8.81135019881e-06, 1.66883285146e-06, 9.18825492136e-07, 1.17507838127e-07, 9.61424273527e-10],
        "mean": [5.53695489458e-09, 3.67004759028e-07, 5.65321329304e-07, 3.6931038494e-07, 6.29423311693e-07, 7.33940225928e-07, 5.20156675066e-07, 5.82596499044e-07, 1.88641006389e-05, 0.000141377167893, 9.54259667196e-05, 9.43839040701e-05, 3.27760208165e-05, 3.78375989385e-05, 1.57290996867e-05, 2.82723140117e-05, 4.94235137012e-05, 8.26971154311e-05, 4.31132793892e-05, 3.72817958123e-05, 2.32856164075e-05, 2.44772240876e-06, 2.016106464e-07, 3.73099986462e-08, 1.74343401937e-08, 1.65610913871e-09, 2.34575137092e-11],
        "median": [2.91310042755e-09, 2.79261996639e-07, 3.64740913028e-07, 2.15069434262e-07, 5.31314583441e-07, 6.14909652086e-07, 4.61581009858e-07, 4.8424334409e-07, 1.89861498257e-06, 7.91848651716e-06, 9.47746593738e-06, 6.08838945482e-06, 3.01965087601e-06, 2.33080663747e-06, 1.16833075481e-06, 1.40610495691e-06, 2.96411599265e-06, 3.5848402149e-06, 1.69491681845e-06, 1.80675783668e-06, 1.05705430542e-06, 1.04096628206e-07, 1.62042930185e-08, 2.9308204752e-09, 7.21566251194e-10, 2.86282404033e-11, 2.13152195547e-12],
        "min": [2.5565250058e-14, 1.44733214264e-14, 5.3459766182e-14, 6.1942936674e-14, 1.77951783083e-13, 8.81428651313e-14, 1.92890035812e-14, 2.93245855658e-14, 5.76996878553e-14, 6.03659849429e-14, 5.41982311895e-13, 1.35403285264e-13, 2.50976892264e-13, 1.33435620951e-13, 4.4888697387e-14, 1.68162589431e-13, 2.43274286349e-13, 2.51647389992e-13, 7.25629273465e-14, 1.31387210681e-13, 5.1523923203e-14, 2.90148832152e-14, 1.14786313592e-14, 4.30825647984e-15, 2.35265243397e-15, 1.06622188648e-15, 9.45048317658e-16],
        "skew": [16.6247749329, 1.88938415051, 2.88972187042, 3.05293083191, 2.01257610321, 2.38387846947, 1.36400008202, 2.6084663868, 8.22380828857, 10.0527381897, 5.09189939499, 6.37607812881, 7.67204141617, 11.778963089, 7.36714172363, 6.07762622833, 4.10052633286, 6.81924057007, 8.53659915924, 6.15403079987, 6.66206169128, 6.69077205658, 7.67262125015, 7.59159660339, 8.36580181122, 9.51233386993, 6.95972728729],
        "var": [2.476816982e-16, 1.15132309611e-13, 4.00410688764e-13, 2.21107556092e-13, 2.28101662992e-13, 3.14580609825e-13, 1.26872497968e-13, 1.93891465925e-13, 6.2071694451e-09, 3.89482352148e-07, 6.26443608098e-08, 9.33735719855e-08, 1.32948905218e-08, 3.73063073766e-08, 3.29057803228e-09, 8.39062685998e-09, 1.53061581187e-08, 6.97304329833e-08, 2.61672639112e-08, 1.40944456106e-08, 8.30240232119e-09, 9.41791644671e-11, 4.68916463818e-13, 1.27153003092e-14, 4.69625516792e-15, 9.42585807592e-17, 6.33210757487e-21],
        "cov": [[2.48083138877e-16, 1.10630157972e-15, 5.6438472314e-16, -2.58579521529e-17, 9.03718642016e-17, 1.09803803216e-15, 3.0458251286e-16, 5.4740504774e-16, 4.16742480097e-14, 2.52693130092e-13, 1.80372264433e-13, 2.04103457768e-13, 4.56926705673e-13, 8.40482577199e-13, 2.56060279181e-14, 1.13140697982e-13, 3.83819657914e-13, 1.28795422678e-12, 4.16322033271e-13, 3.92487014026e-13, 2.32215098929e-13, 3.41179551787e-14, 6.41517131504e-16, 5.58281109601e-16, 9.90090194601e-17, 7.56490998175e-18, 1.13756191359e-19], [1.10630157972e-15, 1.15318900804e-13, 1.07204636878e-13, 3.06180963558e-14, 2.50306740124e-14, 1.10029901721e-14, 7.29738874037e-15, 1.55097204475e-14, 2.75917309833e-13, 2.63763186639e-12, 9.66589438697e-13, 3.22283779525e-12, 1.75039182367e-12, 3.30438107432e-12, -3.379452073e-14, 1.38605023726e-12, 3.67300721088e-12, 9.02634304106e-12, 3.61620846115e-12, 2.93055770623e-12, 1.32617126915e-12, 1.60851068793e-13, 6.65162649149e-15, 2.61172084901e-15, 6.97067775646e-16, 1.10580994988e-17, 1.68398194246e-18], [5.6438472314e-16, 1.07204636878e-13, 4.01059665079e-13, 1.73673263813e-13, 4.27629055755e-14, 3.22978914392e-14, 4.87341337939e-15, 1.8863698174e-14, -2.40956018159e-12, -1.04906734341e-11, 4.79832970232e-13, 4.14102617214e-13, -1.21904862507e-12, 6.65454616324e-13, -1.25399614737e-12, 8.25165782058e-13, 1.9129591574e-12, -2.17328152002e-12, -6.43742763089e-13, 1.17358943744e-12, 7.6201588442e-13, 1.83071382354e-14, -1.62783183556e-15, -1.34619835692e-15, -1.33967641498e-15, -2.16859823611e-16, -9.55839561246e-19], [-2.58579521529e-17, 3.06180963558e-14, 1.73673263813e-13, 2.21465925568e-13, 4.97827012903e-14, 7.30269963695e-15, 4.89814758848e-15, 8.41633789842e-15, -1.1444088678e-13, 4.54021889529e-12, 5.84893288316e-12, 2.41075995971e-12, -2.03903127022e-12, -1.50830292266e-12, -2.46399715952e-13, 6.62591238387e-13, 2.12554691729e-12, -1.97243306757e-12, -2.18445313921e-12, 8.6102200131e-14, -6.20473399222e-13, -3.43284835237e-14, -1.57171046062e-14, -3.71508481259e-15, -1.76911873111e-15, -1.34470186146e-16, -1.45875751546e-18], [9.03718642016e-17, 2.50306740124e-14, 4.27629055755e-14, 4.97827012903e-14, 2.28471348828e-13, 5.61351299103e-14, 3.70247554133e-14, 2.225859098e-14, 2.11601179287e-12, 2.37643134338e-11, 4.31817559141e-12, -7.80831562602e-13, 1.12255539066e-12, 3.98197230397e-12, 2.13413423218e-12, 4.40923773187e-12, 7.05656019728e-12, 7.50632368762e-12, 6.60374099154e-12, 4.12261891292e-12, 1.70160521958e-12, 1.53467082792e-13, 1.72028901812e-14, 4.72788041356e-15, 1.2657293799e-15, 6.90185275608e-17, 1.74317808902e-18], [1.09803803216e-15, 1.10029901721e-14, 3.22978914392e-14, 7.30269963695e-15, 5.61351299103e-14, 3.15090483002e-13, 4.48440790795e-14, 2.5364643857e-14, 1.31646375658e-13, 1.87294103837e-12, 6.91795275579e-12, 1.74722094431e-11, 5.33973733285e-12, 8.26758887046e-12, 4.1597983196e-13, 5.22308758744e-12, 8.23704906366e-12, 6.69743947801e-12, 1.50274768757e-12, 4.94591997566e-12, 1.7904791148e-12, 3.88791185661e-13, 2.64038296164e-14, 6.081663527e-15, 1.97186474912e-15, 5.9191032931e-17, 3.40976649114e-18], [3.0458251286e-16, 7.29738874037e-15, 4.87341337939e-15, 4.89814758848e-15, 3.70247554133e-14, 4.48440790795e-14, 1.27078130462e-13, 5.47048944501e-14, 6.72791987053e-12, 5.39786895737e-11, 1.88819272717e-11, 2.44151383139e-11, 7.26262843267e-12, 1.1931282351e-11, 5.40895323323e-12, 7.25102877047e-12, 9.24025439497e-12, 2.48795220537e-11, 1.74067201625e-11, 1.04254070654e-11, 7.11814201332e-12, 8.62318300533e-13, 6.01779504049e-14, 1.06984835216e-14, 4.62635377395e-15, 2.44019154206e-16, 4.5597777056e-18], [5.4740504774e-16, 1.55097204475e-14, 1.8863698174e-14, 8.41633789842e-15, 2.225859098e-14, 2.5364643857e-14, 5.47048944501e-14, 1.94205721925e-13, 5.32898551675e-12, 4.8786964052e-11, 2.6621056054e-11, 2.19396757706e-11, 7.24543645567e-12, 1.20693940953e-11, 5.03366966165e-12, 8.24592477633e-12, 9.78540339036e-12, 2.17391799007e-11, 1.16832663336e-11, 1.10907533157e-11, 7.88520117256e-12, 8.22872748673e-13, 4.89197712287e-14, 7.82965662113e-15, 3.87144667114e-15, 5.9013050133e-16, 5.66202316878e-18], [4.16742480097e-14, 2.75917309833e-13, -2.40956018159e-12, -1.1444088678e-13, 2.11601179287e-12, 1.31646375658e-13, 6.72791987053e-12, 5.32898551675e-12, 6.21722984206e-09, 4.53113813137e-08, 1.10163735911e-08, 6.13135497929e-09, 8.05385758085e-10, 2.40607977986e-09, 3.53439544298e-09, 2.78396883324e-09, 2.26021623639e-09, 4.4212233874e-09, 3.77518949435e-09, 3.93606880422e-09, 2.70687894321e-09, 3.91848498094e-10, 1.87466518003e-11, 2.8054696153e-12, 1.42261734077e-12, 2.12417580812e-13, 2.77805842634e-15], [2.52693130092e-13, 2.63763186639e-12, -1.04906734341e-11, 4.54021889529e-12, 2.37643134338e-11, 1.87294103837e-12, 5.39786895737e-11, 4.8786964052e-11, 4.53113813137e-08, 3.90113626736e-07, 9.84865025089e-08, 4.57114346375e-08, 6.55806475791e-09, 2.12508979303e-08, 3.0639434101e-08, 2.00957117613e-08, 1.60787703152e-08, 3.13603081281e-08, 2.52617802232e-08, 2.89089090444e-08, 2.04754346811e-08, 2.85654899734e-09, 1.37328259875e-10, 2.0339117543e-11, 1.22254142573e-11, 1.74508866559e-12, 1.99860168291e-14], [1.80372264433e-13, 9.66589438697e-13, 4.79832970232e-13, 5.84893288316e-12, 4.31817559141e-12, 6.91795275579e-12, 1.88819272717e-11, 2.6621056054e-11, 1.10163735911e-08, 9.84865025089e-08, 6.27458902613e-08, 4.66273171185e-08, 9.96680959986e-09, 1.35904896226e-08, 1.10185087721e-08, 1.12968381316e-08, 1.00225605593e-08, 2.54015741774e-08, 1.57543045276e-08, 1.77491052966e-08, 1.25524239891e-08, 1.49534351568e-09, 8.11512523846e-11, 1.13713803998e-11, 7.6373577601e-12, 1.14897327763e-12, 1.09496779184e-14], [2.04103457768e-13, 3.22283779525e-12, 4.14102617214e-13, 2.41075995971e-12, -7.80831562602e-13, 1.74722094431e-11, 2.44151383139e-11, 2.19396757706e-11, 6.13135497929e-09, 4.57114346375e-08, 4.66273171185e-08, 9.35249033773e-08, 1.81944894706e-08, 1.62877906718e-08, 7.75337127834e-09, 1.98059613155e-08, 2.25345893057e-08, 3.87750596076e-08, 2.77994356424e-08, 2.72939981727e-08, 2.00638883285e-08, 2.29778152061e-09, 1.35422451031e-10, 1.82997610121e-11, 1.24230894669e-11, 1.46995490866e-12, 1.36148476052e-14], [4.56926705673e-13, 1.75039182367e-12, -1.21904862507e-12, -2.03903127022e-12, 1.12255539066e-12, 5.33973733285e-12, 7.26262843267e-12, 7.24543645567e-12, 8.05385758085e-10, 6.55806475791e-09, 9.96680959986e-09, 1.81944894706e-08, 1.33164377303e-08, 1.8649782163e-08, 1.18533771687e-09, 3.49391671151e-09, 6.99306701435e-09, 1.79705725856e-08, 9.10627395712e-09, 8.57949533639e-09, 7.19848758379e-09, 6.67179977931e-10, 4.47257647584e-11, 7.90516870713e-12, 5.8249754846e-12, 5.98390532004e-13, 5.11508246715e-15], [8.40482577199e-13, 3.30438107432e-12, 6.65454616324e-13, -1.50830292266e-12, 3.98197230397e-12, 8.26758887046e-12, 1.1931282351e-11, 1.20693940953e-11, 2.40607977986e-09, 2.12508979303e-08, 1.35904896226e-08, 1.62877906718e-08, 1.8649782163e-08, 3.73667710107e-08, 2.19090745546e-09, 3.31707505907e-09, 8.00177879512e-09, 2.36772788043e-08, 9.21400999943e-09, 1.03717709976e-08, 1.05996331712e-08, 9.35036714722e-10, 5.9929922136e-11, 1.07456057941e-11, 7.24930575638e-12, 7.07680604655e-13, 6.65169510116e-15], [2.56060279181e-14, -3.379452073e-14, -1.25399614737e-12, -2.46399715952e-13, 2.13413423218e-12, 4.1597983196e-13, 5.40895323323e-12, 5.03366966165e-12, 3.53439544298e-09, 3.0639434101e-08, 1.10185087721e-08, 7.75337127834e-09, 1.18533771687e-09, 2.19090745546e-09, 3.2959110996e-09, 3.12882830755e-09, 2.30030328119e-09, 5.15813525226e-09, 3.79716258436e-09, 3.74032893546e-09, 2.61965893422e-09, 3.33549576848e-10, 1.9073600338e-11, 2.74979409902e-12, 1.5312589521e-12, 2.30128904214e-13, 2.21382521622e-15], [1.13140697982e-13, 1.38605023726e-12, 8.25165782058e-13, 6.62591238387e-13, 4.40923773187e-12, 5.22308758744e-12, 7.25102877047e-12, 8.24592477633e-12, 2.78396883324e-09, 2.00957117613e-08, 1.12968381316e-08, 1.98059613155e-08, 3.49391671151e-09, 3.31707505907e-09, 3.12882830755e-09, 8.40422664794e-09, 7.06730984845e-09, 1.13900409104e-08, 9.05300545639e-09, 8.25667623161e-09, 5.333375519e-09, 6.13131767579e-10, 4.28160770727e-11, 6.87814648986e-12, 2.9018866303e-12, 2.81273566721e-13, 3.09644307638e-15], [3.83819657914e-13, 3.67300721088e-12, 1.9129591574e-12, 2.12554691729e-12, 7.05656019728e-12, 8.23704906366e-12, 9.24025439497e-12, 9.78540339036e-12, 2.26021623639e-09, 1.60787703152e-08, 1.00225605593e-08, 2.25345893057e-08, 6.99306701435e-09, 8.00177879512e-09, 2.30030328119e-09, 7.06730984845e-09, 1.53309667184e-08, 2.10942250334e-08, 1.2027405738e-08, 9.63055324377e-09, 6.19289375337e-09, 6.46024678197e-10, 4.30882829416e-11, 7.56740850538e-12, 3.49625428435e-12, 3.23669991633e-13, 4.00612067459e-15], [1.28795422678e-12, 9.02634304106e-12, -2.17328152002e-12, -1.97243306757e-12, 7.50632368762e-12, 6.69743947801e-12, 2.48795220537e-11, 2.17391799007e-11, 4.4212233874e-09, 3.13603081281e-08, 2.54015741774e-08, 3.87750596076e-08, 1.79705725856e-08, 2.36772788043e-08, 5.15813525226e-09, 1.13900409104e-08, 2.10942250334e-08, 6.98434519109e-08, 3.81736739996e-08, 2.10463024786e-08, 1.60164663754e-08, 1.5738162995e-09, 1.0449009713e-10, 2.16426199878e-11, 7.75385658458e-12, 6.00342204334e-13, 9.54170841324e-15], [4.16322033271e-13, 3.61620846115e-12, -6.43742763089e-13, -2.18445313921e-12, 6.60374099154e-12, 1.50274768757e-12, 1.74067201625e-11, 1.16832663336e-11, 3.77518949435e-09, 2.52617802232e-08, 1.57543045276e-08, 2.77994356424e-08, 9.10627395712e-09, 9.21400999943e-09, 3.79716258436e-09, 9.05300545639e-09, 1.2027405738e-08, 3.81736739996e-08, 2.62096744308e-08, 1.42332305941e-08, 1.0239138426e-08, 1.02186470397e-09, 6.84073978019e-11, 1.37935791261e-11, 4.82464242169e-12, 3.75175774779e-13, 5.54573858149e-15], [3.92487014026e-13, 2.93055770623e-12, 1.17358943744e-12, 8.6102200131e-14, 4.12261891292e-12, 4.94591997566e-12, 1.04254070654e-11, 1.10907533157e-11, 3.93606880422e-09, 2.89089090444e-08, 1.77491052966e-08, 2.72939981727e-08, 8.57949533639e-09, 1.03717709976e-08, 3.74032893546e-09, 8.25667623161e-09, 9.63055324377e-09, 2.10463024786e-08, 1.42332305941e-08, 1.41172886714e-08, 9.34315291801e-09, 9.55411638692e-10, 5.78459120881e-11, 1.02753283313e-11, 4.77532423326e-12, 4.83419077338e-13, 5.10952211937e-15], [2.32215098929e-13, 1.32617126915e-12, 7.6201588442e-13, -6.20473399222e-13, 1.70160521958e-12, 1.7904791148e-12, 7.11814201332e-12, 7.88520117256e-12, 2.70687894321e-09, 2.04754346811e-08, 1.25524239891e-08, 2.00638883285e-08, 7.19848758379e-09, 1.05996331712e-08, 2.61965893422e-09, 5.333375519e-09, 6.19289375337e-09, 1.60164663754e-08, 1.0239138426e-08, 9.34315291801e-09, 8.31585911243e-09, 7.57383045169e-10, 4.57726460901e-11, 7.40554059048e-12, 3.96039711442e-12, 4.35609718869e-13, 4.29547178805e-15], [3.41179551787e-14, 1.60851068793e-13, 1.83071382354e-14, -3.43284835237e-14, 1.53467082792e-13, 3.88791185661e-13, 8.62318300533e-13, 8.22872748673e-13, 3.91848498094e-10, 2.85654899734e-09, 1.49534351568e-09, 2.29778152061e-09, 6.67179977931e-10, 9.35036714722e-10, 3.33549576848e-10, 6.13131767579e-10, 6.46024678197e-10, 1.5738162995e-09, 1.02186470397e-09, 9.55411638692e-10, 7.57383045169e-10, 9.43318062552e-11, 5.76128077537e-12, 8.40866655819e-13, 4.36385573944e-13, 4.6915626901e-14, 4.95663934278e-16], [6.41517131504e-16, 6.65162649149e-15, -1.62783183556e-15, -1.57171046062e-14, 1.72028901812e-14, 2.64038296164e-14, 6.01779504049e-14, 4.89197712287e-14, 1.87466518003e-11, 1.37328259875e-10, 8.11512523846e-11, 1.35422451031e-10, 4.47257647584e-11, 5.9929922136e-11, 1.9073600338e-11, 4.28160770727e-11, 4.30882829416e-11, 1.0449009713e-10, 6.84073978019e-11, 5.78459120881e-11, 4.57726460901e-11, 5.76128077537e-12, 4.69676435331e-13, 6.22940352188e-14, 3.09489813063e-14, 2.56073221845e-15, 2.93144504195e-17], [5.58281109601e-16, 2.61172084901e-15, -1.34619835692e-15, -3.71508481259e-15, 4.72788041356e-15, 6.081663527e-15, 1.06984835216e-14, 7.82965662113e-15, 2.8054696153e-12, 2.0339117543e-11, 1.13713803998e-11, 1.82997610121e-11, 7.90516870713e-12, 1.07456057941e-11, 2.74979409902e-12, 6.87814648986e-12, 7.56740850538e-12, 2.16426199878e-11, 1.37935791261e-11, 1.02753283313e-11, 7.40554059048e-12, 8.40866655819e-13, 6.22940352188e-14, 1.27359077738e-14, 5.2243768224e-15, 4.34037178697e-16, 4.45772347034e-18], [9.90090194601e-17, 6.97067775646e-16, -1.33967641498e-15, -1.76911873111e-15, 1.2657293799e-15, 1.97186474912e-15, 4.62635377395e-15, 3.87144667114e-15, 1.42261734077e-12, 1.22254142573e-11, 7.6373577601e-12, 1.24230894669e-11, 5.8249754846e-12, 7.24930575638e-12, 1.5312589521e-12, 2.9018866303e-12, 3.49625428435e-12, 7.75385658458e-12, 4.82464242169e-12, 4.77532423326e-12, 3.96039711442e-12, 4.36385573944e-13, 3.09489813063e-14, 5.2243768224e-15, 4.70386660599e-15, 5.56223454814e-16, 3.65117191509e-18], [7.56490998175e-18, 1.10580994988e-17, -2.16859823611e-16, -1.34470186146e-16, 6.90185275608e-17, 5.9191032931e-17, 2.44019154206e-16, 5.9013050133e-16, 2.12417580812e-13, 1.74508866559e-12, 1.14897327763e-12, 1.46995490866e-12, 5.98390532004e-13, 7.07680604655e-13, 2.30128904214e-13, 2.81273566721e-13, 3.23669991633e-13, 6.00342204334e-13, 3.75175774779e-13, 4.83419077338e-13, 4.35609718869e-13, 4.6915626901e-14, 2.56073221845e-15, 4.34037178697e-16, 5.56223454814e-16, 9.44113510921e-17, 5.39280348655e-19], [1.13756191359e-19, 1.68398194246e-18, -9.55839561246e-19, -1.45875751546e-18, 1.74317808902e-18, 3.40976649114e-18, 4.5597777056e-18, 5.66202316878e-18, 2.77805842634e-15, 1.99860168291e-14, 1.09496779184e-14, 1.36148476052e-14, 5.11508246715e-15, 6.65169510116e-15, 2.21382521622e-15, 3.09644307638e-15, 4.00612067459e-15, 9.54170841324e-15, 5.54573858149e-15, 5.10952211937e-15, 4.29547178805e-15, 4.95663934278e-16, 2.93144504195e-17, 4.45772347034e-18, 3.65117191509e-18, 5.39280348655e-19, 6.34237059214e-21]]
    },
    "mfcc": {
        "kurt": [0.942804336548, 3.62387037277, -0.257394552231, -0.100351333618, 0.283907413483, 0.921269655228, -0.121954202652, 0.0975370407104, 1.04225158691, 0.216996669769, 0.216372013092, 0.931092977524, 0.872905254364],
        "max": [-706.133605957, 120.199073792, 11.4860839844, 42.6457862854, 17.0888061523, 38.2366294861, 49.3976821899, 40.3599853516, 47.0640068054, 16.787279129, 20.9694480896, 39.5355377197, 28.5009269714],
        "mean": [-913.520324707, 84.9502639771, -74.2427444458, 4.39811182022, -16.2033309937, -4.48015642166, 23.536239624, 9.4752702713, 3.92746257782, -9.65004253387, -10.4881353378, -0.903240501881, -5.8237452507],
        "median": [-922.754394531, 90.5216598511, -67.8116760254, 2.73714065552, -13.787311554, -5.91060638428, 23.6308250427, 9.50691795349, 3.06759643555, -8.94654083252, -10.9348526001, -2.11791229248, -5.24603271484],
        "min": [-1138.42004395, 1.14440917969e-05, -180.041656494, -24.059425354, -71.8521270752, -32.0272026062, -2.40319442749, -30.0891876221, -22.8191680908, -46.7258605957, -45.5084114075, -33.2317390442, -41.0222969055],
        "skew": [0.130571186543, -1.65194237232, -0.580517113209, 0.594010651112, -0.61785531044, 0.736872673035, -0.16883790493, -0.146425023675, 0.702729225159, -0.425951570272, -0.0521350391209, 0.611826598644, -0.137901157141],
        "var": [5412.21826172, 375.92880249, 1561.07336426, 174.453552246, 255.523162842, 113.058654785, 82.9881515503, 122.378074646, 119.505577087, 100.612258911, 145.651489258, 129.381195068, 123.171340942],
        "cov": [[5420.99023438, -257.336700439, -2784.64111328, 423.708496094, -874.818054199, 336.395446777, 412.038360596, 371.957672119, 248.971405029, -344.362426758, -97.8806381226, -147.537750244, -51.7706451416], [-257.336700439, 376.538085938, 257.944335938, -65.9982528687, 105.066947937, -99.5656738281, 15.9812479019, -27.8205051422, 10.9817085266, 39.1727104187, -52.3651390076, 12.5530471802, -0.596435427666], [-2784.64111328, 257.944335938, 1563.60339355, -219.108947754, 473.4765625, -172.054611206, -213.216644287, -206.356063843, -126.25402832, 202.89364624, 47.4909210205, 80.5132675171, 9.23970603943], [423.708496094, -65.9982528687, -219.108947754, 174.736297607, 0.110125698149, 41.9710884094, 43.3005104065, -20.7155570984, -14.2438907623, -35.2546806335, 39.462677002, 46.3878364563, -25.0214309692], [-874.818054199, 105.066947937, 473.4765625, 0.110125698149, 255.937301636, -44.4383468628, -59.1520080566, -99.7742004395, -84.568977356, 58.8715133667, 53.1050872803, 73.4199981689, -6.81587934494], [336.395446777, -99.5656738281, -172.054611206, 41.9710884094, -44.4383468628, 113.241897583, 36.6594924927, 2.66157269478, -6.80854463577, -32.2402610779, 28.5170841217, 16.1044120789, -9.76036167145], [412.038360596, 15.9812479019, -213.216644287, 43.3005104065, -59.1520080566, 36.6594924927, 83.1226577759, 32.4880752563, 25.8384799957, -43.2211990356, -23.2187271118, 14.0358018875, 11.3824615479], [371.957672119, -27.8205051422, -206.356063843, -20.7155570984, -99.7742004395, 2.66157269478, 32.4880752563, 122.576416016, 73.0637512207, -30.7187747955, -52.6131210327, -53.0602874756, 34.2517127991], [248.971405029, 10.9817085266, -126.25402832, -14.2438907623, -84.568977356, -6.80854463577, 25.8384799957, 73.0637512207, 119.699264526, 7.2060174942, -74.9937667847, -60.7485237122, 18.3006439209], [-344.362426758, 39.1727104187, 202.89364624, -35.2546806335, 58.8715133667, -32.2402610779, -43.2211990356, -30.7187747955, 7.2060174942, 100.77532196, 38.6562004089, -33.1093482971, -40.8481674194], [-97.8806381226, -52.3651390076, 47.4909210205, 39.462677002, 53.1050872803, 28.5170841217, -23.2187271118, -52.6131210327, -74.9937667847, 38.6562004089, 145.887542725, 45.162727356, -71.7912445068], [-147.537750244, 12.5530471802, 80.5132675171, 46.3878364563, 73.4199981689, 16.1044120789, 14.0358018875, -53.0602874756, -60.7485237122, -33.1093482971, 45.162727356, 129.590881348, 31.5705471039], [-51.7706451416, -0.596435427666, 9.23970603943, -25.0214309692, -6.81587934494, -9.76036167145, 11.3824615479, 34.2517127991, 18.3006439209, -40.8481674194, -71.7912445068, 31.5705471039, 123.37097168]]
    },
    "sccoeffs": {
        "kurt": [0.538574457169, 0.19075345993, 1.47267103195, 0.118653297424, 0.265003919601, 0.827395677567],
        "max": [-0.702832400799, -0.758485972881, -0.51237142086, -0.58547103405, -0.694568514824, -0.594529807568],
        "mean": [-0.817305505276, -0.870110750198, -0.810372471809, -0.820811390877, -0.830559194088, -0.752771675587],
        "median": [-0.820807337761, -0.871569156647, -0.831756651402, -0.836621165276, -0.84100985527, -0.763663470745],
        "min": [-0.949859917164, -0.942263245583, -0.932397782803, -0.91688644886, -0.925565719604, -0.916980624199],
        "skew": [0.320274949074, 0.27345225215, 1.32258927822, 0.857449829578, 0.835739850998, 0.848656415939],
        "var": [0.00133125879802, 0.000741427647881, 0.00592171354219, 0.00357177993283, 0.00187464733608, 0.00209450838156],
        "cov": [[0.00133341632318, 0.000100241333712, 0.000290974130621, 0.000257422681898, 0.000223506955081, 0.000194541251403], [0.000100241333712, 0.000742629286833, 0.00021747329447, 0.000188563455595, 0.000137964001624, 0.000192384904949], [0.000290974130621, 0.00021747329447, 0.00593131082132, 0.00100064568687, 0.000906290777493, 0.00169156957418], [0.000257422681898, 0.000188563455595, 0.00100064568687, 0.00357756903395, 0.00185463903472, 0.0017288334202], [0.000223506955081, 0.000137964001624, 0.000906290777493, 0.00185463903472, 0.00187768565957, 0.00122058775742], [0.000194541251403, 0.000192384904949, 0.00169156957418, 0.0017288334202, 0.00122058775742, 0.00209790305234]]
    },
    "scvalleys": {
        "kurt": [34.2331390381, 66.0643997192, 7.32012653351, 9.42296886444, 5.16201400757, 2.94743919373],
        "max": [-8.22990894318, -8.01278781891, -4.83930635452, -6.00451421738, -5.61061382294, -9.77405071259],
        "mean": [-9.35747146606, -8.8994436264, -7.8087515831, -8.60708332062, -8.90287303925, -12.591003418],
        "median": [-9.2841835022, -8.80443191528, -7.91099834442, -8.78886604309, -9.14712715149, -12.8985261917],
        "min": [-16.2794456482, -17.4278335571, -16.468120575, -17.0525760651, -17.2640895844, -19.2184753418],
        "skew": [-4.02673578262, -6.20283460617, -0.982375264168, -1.03582274914, -0.361928939819, -0.202238366008],
        "var": [0.355680435896, 0.384836941957, 1.17372536659, 1.0187485218, 1.3442183733, 1.12960445881],
        "cov": [[0.356256902218, 0.267576962709, 0.317476063967, 0.325333505869, 0.350154906511, 0.286296725273], [0.267576962709, 0.38546064496, 0.421348541975, 0.394393414259, 0.427967429161, 0.373467087746], [0.317476063967, 0.421348541975, 1.17562770844, 0.997071802616, 1.12132287025, 1.03113567829], [0.325333505869, 0.394393414259, 0.997071802616, 1.02039968967, 1.12664175034, 1.00643610954], [0.350154906511, 0.427967429161, 1.12132287025, 1.12664175034, 1.34639692307, 1.15520572662], [0.286296725273, 0.373467087746, 1.03113567829, 1.00643610954, 1.15520572662, 1.13143515587]]
    }
},
"rhythm": {
    "beats_loudness": {
        "kurt": 14.2862167358,
        "max": 0.0117969391868,
        "mean": 0.000961150624789,
        "median": 0.000132093118737,
        "min": 5.99574832449e-06,
        "skew": 3.89174365997,
        "var": 6.02367254032e-06
    },
    "bpm": 96.376449585,
    "confidence": 1.12293577194,
    "first_peak_bpm": {
        "kurt": 0,
        "max": 96,
        "mean": 96,
        "median": 96,
        "min": 96,
        "skew": 0,
        "var": 0
    },
    "first_peak_spread": {
        "kurt": 0,
        "max": 0.571428537369,
        "mean": 0.571428537369,
        "median": 0.571428537369,
        "min": 0.571428537369,
        "skew": 0,
        "var": 0
    },
    "first_peak_weight": {
        "kurt": 0,
        "max": 0.285714298487,
        "mean": 0.285714298487,
        "median": 0.285714298487,
        "min": 0.285714298487,
        "skew": 0,
        "var": 0
    },
    "onset_rate": 2.16554522514,
    "second_peak_bpm": {
        "kurt": 0,
        "max": 101,
        "mean": 101,
        "median": 101,
        "min": 101,
        "skew": 0,
        "var": 0
    },
    "second_peak_spread": {
        "kurt": 0,
        "max": 0.199999988079,
        "mean": 0.199999988079,
        "median": 0.199999988079,
        "min": 0.199999988079,
        "skew": 0,
        "var": 0
    },
    "second_peak_weight": {
        "kurt": 0,
        "max": 0.190476194024,
        "mean": 0.190476194024,
        "median": 0.190476194024,
        "min": 0.190476194024,
        "skew": 0,
        "var": 0
    },
    "beats_loudness_band_ratio": {
        "kurt": [-0.0892143249512, 3.95953512192, -0.0140943527222, 0.612619400024, 6.82056903839, 1.59733963013],
        "max": [0.0830361321568, 0.104278489947, 0.286034137011, 0.94212949276, 0.722447037697, 0.170469090343],
        "mean": [0.023011283949, 0.0178258884698, 0.105319499969, 0.640814721584, 0.182893738151, 0.0610048435628],
        "median": [0.00929742120206, 0.0080586951226, 0.0972547233105, 0.606913506985, 0.168964534998, 0.0582531839609],
        "min": [8.92610187293e-05, 0.000159717092174, 0.00626943306997, 0.106662452221, 0.0245351139456, 0.00831091217697],
        "skew": [1.22905504704, 2.11072564125, 0.775231003761, -0.601097345352, 2.37498641014, 1.09518229961],
        "var": [0.000820808869321, 0.000636152224615, 0.00562914600596, 0.0380128063262, 0.0201096571982, 0.00131626648363],
        "cov": [[0.000859895022586, 0.000684854632709, 0.00100974005181, -0.00232538580894, -0.00023028839496, -1.73314056156e-05], [0.000684854632709, 0.000666445237584, 0.000690995075274, -0.00170921965037, -0.000398855074309, 4.63395645056e-06], [0.00100974005181, 0.000690995075274, 0.00589720066637, -0.00594448531047, -0.00136333052069, 0.000390828179661], [-0.00232538580894, -0.00170921965037, -0.00594448531047, 0.0398229397833, -0.0233968701214, -0.00618739705533], [-0.00023028839496, -0.000398855074309, -0.00136333052069, -0.0233968701214, 0.0210672598332, 0.00423392280936], [-1.73314056156e-05, 4.63395645056e-06, 0.000390828179661, -0.00618739705533, 0.00423392280936, 0.00137894577347]]
    },
    "beats_position": [0.626938760281, 1.25387752056, 1.88081634045, 2.50775504112, 3.16952371597, 3.80807256699, 4.43501138687, 5.08516979218, 5.75854873657, 6.3622674942, 6.98920631409, 7.60453510284, 8.19664382935, 8.77714252472, 9.36925125122, 9.96135997772, 10.5882987976, 11.1920175552, 11.807346344, 12.3994560242, 13.0147848129, 13.6301136017],
    "bpm_estimates": [95.703125, 95.7031173706, 95.7031326294, 93.9630508423, 95.7031173706, 92.2852020264, 99.3840255737, 95.7031173706, 97.5088424683, 95.7031173706, 99.3840255737, 97.5088424683, 97.5088424683, 97.5088424683],
    "bpm_intervals": [0.626938760281, 0.626938819885, 0.626938700676, 0.66176867485, 0.638548851013, 0.626938819885, 0.650158405304, 0.673378944397, 0.603718757629, 0.626938819885, 0.615328788757, 0.592108726501, 0.580498695374, 0.592108726501, 0.592108726501, 0.626938819885, 0.603718757629, 0.615328788757, 0.592109680176, 0.615328788757, 0.615328788757],
    "onset_times": [0.0464399084449, 0.139319732785, 0.301859408617, 0.441179126501, 0.9287981987, 1.24226760864, 1.28870749474, 1.54412698746, 1.90403628349, 2.18267583847, 2.22911572456, 2.48453521729, 2.64707493782, 2.80961441994, 2.96054410934, 3.12308382988, 3.43655323982, 3.75002264977, 3.83129262924, 4.06349229813, 4.38857126236, 4.71365070343, 5.02712011337, 5.35219955444, 5.45668935776, 5.68888902664, 7.1517457962, 7.2330160141, 7.32589578629, 7.51165533066, 7.66258525848],
    "histogram": [[0, 0, 0, 0, 0, 0, 0, 0, 0, 0, 0, 0, 0, 0, 0, 0, 0, 0, 0, 0, 0, 0, 0, 0, 0, 0, 0, 0, 0, 0, 0, 0, 0, 0, 0, 0, 0, 0, 0, 0, 0, 0, 0, 0, 0, 0, 0, 0, 0, 0, 0, 0, 0, 0, 0, 0, 0, 0, 0, 0, 0, 0, 0, 0, 0, 0, 0, 0, 0, 0, 0, 0, 0, 0, 0, 0, 0, 0, 0, 0, 0, 0, 0, 0, 0, 0, 0, 0, 0, 0.047619048506, 0, 0.047619048506, 0.047619048506, 0, 0.047619048506, 0, 0.285714298487, 0, 0.190476194024, 0.095238097012, 0, 0.190476194024, 0, 0.047619048506, 0, 0, 0, 0, 0, 0, 0, 0, 0, 0, 0, 0, 0, 0, 0, 0, 0, 0, 0, 0, 0, 0, 0, 0, 0, 0, 0, 0, 0, 0, 0, 0, 0, 0, 0, 0, 0, 0, 0, 0, 0, 0, 0, 0, 0, 0, 0, 0, 0, 0, 0, 0, 0, 0, 0, 0, 0, 0, 0, 0, 0, 0, 0, 0, 0, 0, 0, 0, 0, 0, 0, 0, 0, 0, 0, 0, 0, 0, 0, 0, 0, 0, 0, 0, 0, 0, 0, 0, 0, 0, 0, 0, 0, 0, 0, 0, 0, 0, 0, 0, 0, 0, 0, 0, 0, 0, 0, 0, 0, 0, 0, 0, 0, 0, 0, 0, 0, 0, 0, 0, 0, 0, 0, 0, 0, 0, 0, 0, 0, 0, 0, 0, 0, 0, 0, 0, 0, 0, 0, 0, 0, 0, 0, 0, 0, 0]]
},
"sfx": {
    "inharmonicity": {
        "kurt": 5.85671234131,
        "max": 0.384873121977,
        "mean": 0.0409582145512,
        "median": 0.0116252563894,
        "min": 0,
        "skew": 2.50124144554,
        "var": 0.0048040477559
    },
    "oddtoevenharmonicenergyratio": {
        "kurt": 119.605026245,
        "max": 31.8721523285,
        "mean": 0.690580427647,
        "median": 0.150776684284,
        "min": 0,
        "skew": 9.76522159576,
        "var": 4.23249197006
    },
    "pitch_after_max_to_before_max_energy_ratio": 0.472341269255,
    "pitch_centroid": 284.849731445,
    "pitch_max_to_total": 0.524271845818,
    "pitch_min_to_total": 0.949838161469,
    "tristimulus": {
        "kurt": [-0.352404117584, -0.15228676796, 4.36100578308],
        "max": [1, 0.864689350128, 0.926473855972],
        "mean": [0.481071531773, 0.408046215773, 0.1108821854],
        "median": [0.520630002022, 0.40400660038, 0.0319348871708],
        "min": [0, 0, 0],
        "skew": [-0.33189457655, 0.0226909480989, 2.32402014732],
        "var": [0.0518887042999, 0.0279077794403, 0.042386084795],
        "cov": [[0.0519728027284, -0.018735492602, -0.0332372784615], [-0.018735492602, 0.0279530100524, -0.009217527695], [-0.0332372784615, -0.009217527695, 0.0424547828734]]
    }
},
"tonal": {
    "chords_changes_rate": 0.138709679246,
    "chords_number_rate": 0.0290322583169,
    "chords_strength": {
        "kurt": -0.722224235535,
        "max": 0.638322174549,
        "mean": 0.432338833809,
        "median": 0.440088301897,
        "min": 0.222968712449,
        "skew": -0.268236070871,
        "var": 0.00878068432212
    },
    "key_strength": 0.38271266222,
    "tuning_diatonic_strength": 0.409898251295,
    "tuning_equal_tempered_deviation": 0.210297688842,
    "tuning_frequency": 456.306610107,
    "tuning_nontempered_energy_ratio": 0.894955933094,
    "hpcp": {
        "kurt": [-0.708854675293, -0.389093637466, -0.227925300598, 0.0624215602875, 0.12824845314, 0.24711227417, 0.05992436409, 0.338070392609, 0.958379507065, 0.472565174103, 1.15471696854, 1.00143241882, 1.14418411255, 0.667826652527, 0.875998973846, 1.72600126266, 2.03718280792, 2.72651720047, 2.72561788559, 3.22262096405, 3.06602191925, 1.8185839653, 1.78535699844, 0.708773851395, 0.0349903106689, -0.191653966904, -0.638792037964, -0.550256729126, -0.305092573166, -0.379707574844, -0.0752799510956, 0.2221326828, -0.340801000595, -0.818551301956, -0.862591505051, -0.709174633026],
        "max": [1, 1, 1, 1, 1, 1, 1, 1, 1, 1, 1, 1, 1, 1, 1, 1, 1, 1, 1, 1, 1, 1, 1, 1, 1, 1, 1, 1, 1, 1, 1, 1, 1, 1, 1, 1],
