{
"metadata": {
    "version": {
        "essentia": "2.1-beta3"
    }
},
"lowLevel": {
    "average_loudness": 0.986178517342,
    "barkbands_kurtosis": {
        "kurt": 8.68232822418,
        "max": 94.3392333984,
        "mean": 10.5106678009,
        "median": 5.04570198059,
        "min": -1.01746630669,
        "skew": 2.7986497879,
        "var": 259.847808838
    },
    "barkbands_skewness": {
        "kurt": 1.20080947876,
        "max": 4.91584634781,
        "mean": -0.108351871371,
        "median": -0.443265110254,
        "min": -6.13705730438,
        "skew": 0.427379846573,
        "var": 2.85399794579
    },
    "barkbands_spread": {
        "kurt": 0.380328416824,
        "max": 37.7244720459,
        "mean": 11.2519311905,
        "median": 9.45173931122,
        "min": 0.825391888618,
        "skew": 0.915703237057,
        "var": 65.1765136719
    },
    "dissonance": {
        "kurt": 2.20798397064,
        "max": 0.499500989914,
        "mean": 0.44204851985,
        "median": 0.478390514851,
        "min": 0.152620583773,
        "skew": -1.63748311996,
        "var": 0.00524177076295
    },
    "hfc": {
        "kurt": 4.28502178192,
        "max": 25.0931758881,
        "mean": 5.32242965698,
        "median": 3.87808680534,
        "min": 5.5966549553e-05,
        "skew": 1.87249565125,
        "var": 19.359161377
    },
    "pitch": {
        "kurt": -0.00116467475891,
        "max": 1653.05993652,
        "mean": 1146.76745605,
        "median": 1175.42578125,
        "min": 99.0370864868,
        "skew": -0.605666160583,
        "var": 111256.1875
    },
    "pitch_instantaneous_confidence": {
        "kurt": 34.0537109375,
        "max": 0.995902240276,
        "mean": 0.947649002075,
        "median": 0.9749340415,
        "min": 0.143734037876,
        "skew": -5.51935148239,
        "var": 0.0116143347695
    },
    "pitch_salience": {
        "kurt": -0.243512868881,
        "max": 0.899414360523,
        "mean": 0.335218578577,
        "median": 0.321864485741,
        "min": 0.0679019242525,
        "skew": 0.511973440647,
        "var": 0.0254218298942
    },
    "silence_rate_20dB": {
        "kurt": 0,
        "max": 1,
        "mean": 1,
        "median": 1,
        "min": 1,
        "skew": 0,
        "var": 0
    },
    "silence_rate_30dB": {
        "kurt": 0,
        "max": 1,
        "mean": 1,
        "median": 1,
        "min": 1,
        "skew": 0,
        "var": 0
    },
    "silence_rate_60dB": {
        "kurt": -1.85970270634,
        "max": 1,
        "mean": 0.592039823532,
        "median": 1,
        "min": 0,
        "skew": -0.374561011791,
        "var": 0.241528466344
    },
    "spectral_centroid": {
        "kurt": 0.0636134147644,
        "max": 3077.60131836,
        "mean": 1595.50048828,
        "median": 1583.51782227,
        "min": 491.951843262,
        "skew": 0.371077269316,
        "var": 240170.6875
    },
    "spectral_complexity": {
        "kurt": -0.227704763412,
        "max": 5,
        "mean": 2.96019911766,
        "median": 3,
        "min": 0,
        "skew": -0.137993067503,
        "var": 1.15264523029
    },
    "spectral_crest": {
        "kurt": -1.02971851826,
        "max": 26.6179027557,
        "mean": 18.8918361664,
        "median": 20.6617355347,
        "min": 6.22781133652,
        "skew": -0.468674004078,
        "var": 32.020904541
    },
    "spectral_decrease": {
        "kurt": 4.64964866638,
        "max": -1.56304158662e-14,
        "mean": -8.81530626273e-10,
        "median": -5.58387613925e-10,
        "min": -4.89322227182e-09,
        "skew": -2.01692128181,
        "var": 7.74458601851e-19
    },
    "spectral_energy": {
        "kurt": 4.57041454315,
        "max": 0.0206983853132,
        "mean": 0.00380985508673,
        "median": 0.00237832148559,
        "min": 6.40691055764e-08,
        "skew": 1.98816215992,
        "var": 1.36287953865e-05
    },
    "spectral_energyband_high": {
        "kurt": 10.240489006,
        "max": 0.000681825447828,
        "mean": 9.08509027795e-05,
        "median": 6.26687760814e-05,
        "min": 1.14788212269e-09,
        "skew": 2.52181625366,
        "var": 7.86851739321e-09
    },
    "spectral_energyband_low": {
        "kurt": -0.484849452972,
        "max": 0.000199219779461,
        "mean": 7.40431496524e-05,
        "median": 6.16862962488e-05,
        "min": 8.80672068604e-09,
        "skew": 0.753030717373,
        "var": 2.67545674504e-09
    },
    "spectral_energyband_middle_high": {
        "kurt": 5.98993873596,
        "max": 0.0206247214228,
        "mean": 0.00322524504736,
        "median": 0.00192525598686,
        "min": 4.17745766867e-08,
        "skew": 2.19420790672,
        "var": 1.24656335174e-05
    },
    "spectral_energyband_middle_low": {
        "kurt": 35.4420166016,
        "max": 0.0142817385495,
        "mean": 0.000453804328572,
        "median": 2.62290559476e-05,
        "min": 1.30981128166e-08,
        "skew": 5.77267837524,
        "var": 3.54195913133e-06
    },
    "spectral_flatness_db": {
        "kurt": -0.148386716843,
        "max": 0.488468497992,
        "mean": 0.312732279301,
        "median": 0.31106159091,
        "min": 0.108804509044,
        "skew": -0.0229922998697,
        "var": 0.00470756087452
    },
    "spectral_flux": {
        "kurt": 0.899307012558,
        "max": 0.0762917399406,
        "mean": 0.0306358784437,
        "median": 0.0277157556266,
        "min": 0.00575674092397,
        "skew": 0.938540160656,
        "var": 0.000165242687217
    },
    "spectral_kurtosis": {
        "kurt": 1.98843717575,
        "max": 28.3421020508,
        "mean": 7.79064750671,
        "median": 6.31066417694,
        "min": 1.22889137268,
        "skew": 1.36450171471,
        "var": 24.9668827057
    },
    "spectral_rms": {
        "kurt": 0.623247385025,
        "max": 0.00449372315779,
        "mean": 0.00174303725362,
        "median": 0.00152325758245,
        "min": 7.9061019278e-06,
        "skew": 0.901512563229,
        "var": 6.78752883232e-07
    },
    "spectral_rolloff": {
        "kurt": -0.643811941147,
        "max": 5404.83398438,
        "mean": 2168.96166992,
        "median": 1636.5234375,
        "min": 538.330078125,
        "skew": 0.676013946533,
        "var": 1354892.375
    },
    "spectral_skewness": {
        "kurt": 0.50971865654,
        "max": 3.81150889397,
        "mean": 1.80912292004,
        "median": 1.69618618488,
        "min": 0.838740110397,
        "skew": 0.886499106884,
        "var": 0.33767336607
    },
    "spectral_spread": {
        "kurt": 106.855667114,
        "max": 17031562,
        "mean": 3150324.25,
        "median": 3082283.75,
        "min": 1811356,
        "skew": 9.20817089081,
        "var": 1.30371498803e+12
    },
    "spectral_strongpeak": {
        "kurt": 0.0595445632935,
        "max": 6.03712034225,
        "mean": 2.25282454491,
        "median": 2.10505104065,
        "min": 0.000375748437364,
        "skew": 0.606069803238,
        "var": 1.66558945179
    },
    "zerocrossingrate": {
        "kurt": 0.289584636688,
        "max": 0.14501953125,
        "mean": 0.0739709660411,
        "median": 0.0712890625,
        "min": 0.0048828125,
        "skew": 0.521310448647,
        "var": 0.000598324055318
    },
    "barkbands": {
        "kurt": [71.705871582, -0.241588592529, -0.357612133026, 20.3644104004, 5.03738021851, 21.3315505981, 167.100738525, 90.5895080566, 51.9728889465, 23.6753082275, 21.3585700989, 10.985833168, 11.3659572601, 15.7964859009, 28.5728092194, 16.0818023682, 58.0275726318, 42.3522834778, 22.6624889374, 6.86481571198, 24.5059661865, 6.91862106323, 27.9781475067, 6.5441865921, 17.5266590118, 31.6504669189, 124.484474182],
        "max": [5.57396447221e-07, 0.000124579659314, 8.83871907718e-05, 3.34253782057e-05, 4.86146636831e-05, 1.94606636796e-05, 0.000493494328111, 0.00754514010623, 0.0136589119211, 0.00582217052579, 0.0038641677238, 0.0199152082205, 0.00856582075357, 0.0113354464993, 0.0011230049422, 0.000774684885982, 0.000296918122331, 0.00237210956402, 0.0024364287965, 0.00055461860029, 0.000678085663822, 8.01857022452e-05, 1.15919701784e-05, 1.34630624871e-07, 7.52475841637e-08, 4.39967928756e-09, 4.42444747506e-09],
        "mean": [3.67455967876e-08, 4.15636022808e-05, 3.06195615849e-05, 3.85872681363e-06, 1.040776624e-05, 2.40207737079e-06, 8.8666274678e-06, 0.000101223464299, 0.000275865517324, 0.000189826052519, 0.000184322532732, 0.00132978626061, 0.000542442023288, 0.000661735713948, 4.03400881623e-05, 4.16598995798e-05, 1.06957349999e-05, 8.6974388978e-05, 0.000128863553982, 5.64542824577e-05, 5.12294864166e-05, 1.00879424281e-05, 5.68875293538e-07, 2.16054196756e-08, 8.59091464633e-09, 3.81526699123e-10, 1.27777635694e-10],
        "median": [2.56373802188e-08, 3.39987564075e-05, 2.5567069315e-05, 2.99197108689e-06, 8.2080005086e-06, 1.85585622603e-06, 3.7785493987e-06, 4.09565518567e-06, 1.67003690876e-06, 1.22038329664e-06, 1.89943966689e-06, 4.9171462706e-06, 8.54748031998e-06, 1.03862521428e-05, 1.56313183197e-06, 8.31317834127e-07, 9.70164933278e-07, 2.92537197311e-06, 9.90709577309e-06, 1.5241201254e-05, 2.58340569417e-05, 3.84124268749e-06, 1.31090942546e-07, 1.32026389821e-08, 5.3365982744e-09, 2.28109517386e-10, 4.60035759486e-11],
        "min": [3.70306035835e-10, 3.87456289275e-09, 2.50656917444e-09, 2.18937157292e-09, 2.87314350089e-09, 3.5197969539e-10, 1.07823683315e-09, 2.27411489639e-09, 2.8575095623e-09, 1.16550271656e-08, 2.16463877933e-08, 6.97888813406e-09, 5.21891752037e-10, 2.14725223713e-10, 1.92588708869e-10, 3.65831476223e-10, 1.44919617973e-10, 2.109877828e-10, 1.85470666603e-10, 5.35322230988e-10, 5.06315600557e-10, 2.04968070294e-10, 4.6318858471e-11, 2.50414099179e-11, 2.49215075659e-11, 2.53368645509e-11, 8.77257305427e-13],
        "skew": [6.99116897583, 0.840393781662, 0.754111588001, 3.55572485924, 2.0640668869, 3.62235546112, 12.6152200699, 9.21672058105, 6.95303821564, 4.79969549179, 4.44281578064, 3.20690512657, 3.24518752098, 3.77866196632, 5.1792845726, 3.8651664257, 6.52028179169, 6.08718538284, 4.06470632553, 2.40130829811, 3.97926783562, 2.53696584702, 4.8824224472, 2.33866119385, 3.68150854111, 4.47343873978, 10.2298307419],
        "var": [2.22377806511e-15, 9.91136728246e-10, 4.56321896936e-10, 1.40941225704e-11, 6.46078260336e-11, 4.56304221838e-12, 1.27143229278e-09, 4.45976951369e-07, 2.27119426199e-06, 6.5455708409e-07, 3.4258624737e-07, 1.1305107364e-05, 1.78319612587e-06, 2.85409487333e-06, 2.03771399754e-08, 1.32048754153e-08, 7.61581964159e-10, 7.13570642574e-08, 8.27488264576e-08, 7.8939894621e-09, 5.67994673517e-09, 2.11492962032e-10, 1.87015355459e-12, 5.0117864816e-16, 9.69101446087e-17, 2.01743793782e-19, 1.15456861774e-19],
        "cov": [[2.23489706661e-15, -4.07059504376e-14, -6.26920593889e-14, 2.36119971638e-14, 2.31510672449e-14, -5.80073065048e-15, 1.00489651051e-13, 3.61548920143e-12, 6.94329749945e-12, 1.77252179948e-12, -3.04802325957e-13, -4.5785814376e-12, -8.06347003057e-12, -6.65727455801e-12, -1.51325580213e-13, 1.25984888754e-13, 1.66008208563e-14, -3.26724405994e-13, -4.45608122884e-13, -1.38639764274e-13, -4.23738328497e-13, 1.75737838859e-14, -3.9242206354e-15, -1.46736520241e-16, -5.68270020256e-18, 1.02531212411e-17, 1.10188009751e-17], [-4.07059504376e-14, 9.96092430761e-10, 6.16625472905e-10, 2.31033725137e-12, 5.77973918725e-11, 1.7476664213e-11, 8.36746505417e-11, 9.22253162727e-10, 5.09272091165e-09, 9.63985691271e-09, 4.56856641406e-09, -3.61618868183e-09, -4.38271818837e-09, -1.06995319271e-08, -1.79032882269e-11, 3.12296383198e-10, 2.47508846751e-10, -9.56663082086e-10, -6.99487023859e-10, -1.6874689146e-11, -1.67606137302e-10, 2.07114165228e-12, -4.89390082278e-12, -5.2733828453e-14, -1.52997581323e-15, -1.78340584759e-15, -8.43766841149e-16], [-6.26920593889e-14, 6.16625472905e-10, 4.58603488518e-10, -5.26691896748e-14, 3.22288584709e-11, 1.16382155649e-11, 8.80840400619e-11, 6.31135699258e-11, 5.31981658725e-09, 4.9084469822e-09, 1.72990322067e-09, -1.53471857445e-09, -1.87051352185e-09, -6.65963417745e-09, 2.30251859246e-11, 1.48748291462e-10, 1.22920562617e-10, -7.39724670407e-10, -3.04866576428e-10, -3.12154538329e-11, -1.54887047632e-10, -1.81652945724e-12, -2.9288275364e-12, -3.90004834796e-14, -1.20060559056e-14, -1.36242909637e-15, -6.10314078853e-16], [2.36119971638e-14, 2.31033725137e-12, -5.26691896748e-14, 1.41645931095e-11, 1.02133570698e-11, 2.52302562523e-12, 1.37454049878e-11, 7.256029666e-10, 8.71203276187e-10, 1.34834532428e-10, -3.27682256329e-11, -1.60842772434e-09, 2.81815577818e-11, -5.08026287704e-10, 2.54791483051e-11, 1.8270129333e-12, 7.58159941078e-12, 7.76313128364e-12, -1.17588744297e-10, -1.99408666662e-11, -4.60373336675e-11, -1.95732969763e-12, -3.08786064209e-13, -3.41932864774e-15, -1.1246977589e-15, -7.82998381408e-17, -5.41396229099e-17], [2.31510672449e-14, 5.77973918725e-11, 3.22288584709e-11, 1.02133570698e-11, 6.49308662393e-11, 3.29018171215e-12, 1.09403687498e-10, 7.48566708619e-10, 5.76381942174e-10, 8.28633758831e-11, -2.75866607335e-10, -1.84003412507e-09, -1.30967015011e-10, -1.12442166689e-09, 1.00399154268e-10, 5.99252938938e-11, -1.09575608136e-12, -2.44414433137e-10, -1.06638253783e-10, -9.00502311607e-11, -5.71116504783e-12, -2.08723299061e-11, -1.26413018508e-12, 2.7506082061e-15, -8.29589913068e-15, -1.59209755369e-16, -9.61577278886e-17], [-5.80073065048e-15, 1.7476664213e-11, 1.16382155649e-11, 2.52302562523e-12, 3.29018171215e-12, 4.58585730154e-12, 4.72991350947e-12, -9.28091197644e-12, -1.2908345226e-10, 5.13253883838e-11, 2.93015334218e-11, -3.34130417778e-10, -2.7094704258e-10, -3.41547373717e-10, 2.467726197e-11, -1.26151632543e-11, -1.81286236023e-12, -4.61451050981e-11, -1.58664505145e-11, -2.76609074187e-12, 4.25453942909e-12, -3.61417709996e-13, -5.14848411029e-14, -2.62995196266e-15, -3.78229274767e-16, 1.99700673179e-18, -5.0665216183e-17], [1.00489651051e-13, 8.36746505417e-11, 8.80840400619e-11, 1.37454049878e-11, 1.09403687498e-10, 4.72991350947e-12, 1.27778942982e-09, 4.85908868697e-10, -4.98698082829e-10, -1.50741183425e-10, -9.39083477647e-10, -5.0554676001e-09, -1.61422750167e-10, -2.8235305205e-09, -1.2991197007e-10, 1.43587216769e-11, 3.40391465015e-11, -4.26625124117e-10, -5.62720481323e-10, -3.61026521178e-11, -2.03099051466e-10, -1.78461048023e-11, -1.73395575242e-12, -3.93539401641e-14, -1.19875592471e-14, -7.21647348287e-16, -4.40973081516e-16], [3.61548920143e-12, 9.22253162727e-10, 6.31135699258e-11, 7.256029666e-10, 7.48566708619e-10, -9.28091197644e-12, 4.85908868697e-10, 4.48206833426e-07, 3.38894778906e-07, -1.70167151481e-08, -1.76050516387e-08, -1.28658598442e-07, -5.28978851833e-08, -6.06694072758e-08, 8.480998126e-09, -2.54679966005e-09, -6.57390086811e-10, 2.45638243079e-09, -1.08861222259e-08, -2.21153007018e-09, -3.18455839476e-09, -1.99267796708e-10, -4.2716122306e-11, -1.29464971729e-12, -5.05860327585e-13, 1.06089563743e-14, 2.34939715929e-14], [6.94329749945e-12, 5.09272091165e-09, 5.31981658725e-09, 8.71203276187e-10, 5.76381942174e-10, -1.2908345226e-10, -4.98698082829e-10, 3.38894778906e-07, 2.28255021284e-06, -2.94333499795e-08, -4.9003283209e-08, -3.64159888022e-07, -1.46972666926e-07, -1.80555829843e-07, 3.88955783137e-08, 3.24823261622e-08, -2.02334526911e-09, -1.82218631295e-08, -2.50827429937e-08, -9.42606348531e-09, -6.50958931203e-09, 8.33330626726e-11, -1.28702271063e-10, -3.86379036404e-12, -1.09202469116e-12, -1.04746050904e-14, 4.40823601377e-15], [1.77252179948e-12, 9.63985691271e-09, 4.9084469822e-09, 1.34834532428e-10, 8.28633758831e-11, 5.13253883838e-11, -1.50741183425e-10, -1.70167151481e-08, -2.94333499795e-08, 6.57829900774e-07, 4.30047570887e-08, -2.48597530117e-07, -1.00639624634e-07, -1.22501575106e-07, -6.52915321808e-09, -1.62743352128e-09, 1.42277034598e-08, -1.07250590631e-08, -2.10102832909e-08, 4.53849891002e-09, -2.2635540109e-09, 8.32918234384e-10, -7.52673270932e-11, -1.32295216448e-12, -5.0891712719e-13, -2.86766358543e-14, -1.13960888455e-14], [-3.04802325957e-13, 4.56856641406e-09, 1.72990322067e-09, -3.27682256329e-11, -2.75866607335e-10, 2.93015334218e-11, -9.39083477647e-10, -1.76050516387e-08, -4.9003283209e-08, 4.30047570887e-08, 3.44299195376e-07, -7.61308385222e-08, -9.822058189e-08, -1.21372110584e-07, -1.62504876222e-09, 2.25443064217e-09, -1.42380363055e-09, 4.25774260293e-08, -1.93123881331e-08, 2.35774000323e-09, -2.94586777194e-09, 7.28375026959e-10, -5.78373807181e-11, -5.49124331076e-13, 2.37677905785e-13, -6.16150019393e-15, 1.8807062163e-15], [-4.5785814376e-12, -3.61618868183e-09, -1.53471857445e-09, -1.60842772434e-09, -1.84003412507e-09, -3.34130417778e-10, -5.0554676001e-09, -1.28658598442e-07, -3.64159888022e-07, -2.48597530117e-07, -7.61308385222e-08, 1.13616324597e-05, -5.23051994605e-07, -8.76020578744e-07, -4.79726409708e-08, 7.68032535348e-08, 1.48582823822e-09, -1.13499055487e-07, 4.6512795393e-07, -5.64690196825e-08, -3.58394061095e-08, 2.37908159839e-09, -4.81403028552e-10, -5.95815497634e-12, -2.17432408883e-12, 9.13346072493e-14, 1.69265087515e-13], [-8.06347003057e-12, -4.38271818837e-09, -1.87051352185e-09, 2.81815577818e-11, -1.30967015011e-10, -2.7094704258e-10, -1.61422750167e-10, -5.28978851833e-08, -1.46972666926e-07, -1.00639624634e-07, -9.822058189e-08, -5.23051994605e-07, 1.79211212981e-06, -3.46224283021e-07, -1.96661193996e-08, -2.11972519537e-08, 1.53113532964e-09, -1.92195166449e-08, -6.67449526759e-08, 4.83903264126e-08, -1.94412521637e-08, 2.67401012444e-09, 1.83367071527e-11, 6.0202871334e-12, -3.94876975085e-13, -2.02386308531e-14, -1.01788338907e-14], [-6.65727455801e-12, -1.06995319271e-08, -6.65963417745e-09, -5.08026287704e-10, -1.12442166689e-09, -3.41547373717e-10, -2.8235305205e-09, -6.06694072758e-08, -1.80555829843e-07, -1.22501575106e-07, -1.21372110584e-07, -8.76020578744e-07, -3.46224283021e-07, 2.86836529995e-06, -3.86475385028e-09, -2.70039617334e-08, -6.42932018735e-09, -4.9934328672e-08, -3.9425017917e-08, -3.45969084492e-08, 3.56017011427e-08, -4.88205254001e-09, 7.33125393726e-10, 6.56388571968e-12, 1.29183567055e-12, -2.69142550586e-14, -2.51770870455e-14], [-1.51325580213e-13, -1.79032882269e-11, 2.30251859246e-11, 2.54791483051e-11, 1.00399154268e-10, 2.467726197e-11, -1.2991197007e-10, 8.480998126e-09, 3.88955783137e-08, -6.52915321808e-09, -1.62504876222e-09, -4.79726409708e-08, -1.96661193996e-08, -3.86475385028e-09, 2.04790264746e-08, -1.04965136583e-09, -2.71137806651e-10, 2.59105115141e-09, 3.84156306765e-09, -1.02575314909e-09, 3.99233146542e-10, -2.46673459436e-10, -1.28442942046e-11, 1.38530571563e-13, 9.45466116659e-16, 5.63278392232e-15, -2.41916379032e-15], [1.25984888754e-13, 3.12296383198e-10, 1.48748291462e-10, 1.8270129333e-12, 5.99252938938e-11, -1.26151632543e-11, 1.43587216769e-11, -2.54679966005e-09, 3.24823261622e-08, -1.62743352128e-09, 2.25443064217e-09, 7.68032535348e-08, -2.11972519537e-08, -2.70039617334e-08, -1.04965136583e-09, 1.32708999345e-08, -1.19018947475e-10, -2.28658633694e-10, -7.53665629905e-10, -8.62438731541e-10, -4.92704599342e-10, 6.95622656699e-11, -1.74269435688e-11, -3.57075263455e-13, 4.66937720314e-14, -1.84966690571e-15, -3.0266697432e-16], [1.66008208563e-14, 2.47508846751e-10, 1.22920562617e-10, 7.58159941078e-12, -1.09575608136e-12, -1.81286236023e-12, 3.40391465015e-11, -6.57390086811e-10, -2.02334526911e-09, 1.42277034598e-08, -1.42380363055e-09, 1.48582823822e-09, 1.53113532964e-09, -6.42932018735e-09, -2.71137806651e-10, -1.19018947475e-10, 7.653898626e-10, -8.19770362703e-10, 7.76505915123e-10, 4.10657785554e-10, -2.34170016711e-10, 4.9935018143e-13, -2.59978366959e-12, -5.39311942273e-14, -2.31459426956e-14, -1.32078800377e-15, -1.65109948651e-16], [-3.26724405994e-13, -9.56663082086e-10, -7.39724670407e-10, 7.76313128364e-12, -2.44414433137e-10, -4.61451050981e-11, -4.26625124117e-10, 2.45638243079e-09, -1.82218631295e-08, -1.07250590631e-08, 4.25774260293e-08, -1.13499055487e-07, -1.92195166449e-08, -4.9934328672e-08, 2.59105115141e-09, -2.28658633694e-10, -8.19770362703e-10, 7.17138561868e-08, -1.0831056052e-08, 6.55578036302e-09, -1.33195199314e-09, 1.9713748689e-10, -1.48660007915e-11, 2.88929579047e-13, 2.51570682688e-13, -2.46106958072e-16, -6.32145813085e-15], [-4.45608122884e-13, -6.99487023859e-10, -3.04866576428e-10, -1.17588744297e-10, -1.06638253783e-10, -1.58664505145e-11, -5.62720481323e-10, -1.08861222259e-08, -2.50827429937e-08, -2.10102832909e-08, -1.93123881331e-08, 4.6512795393e-07, -6.67449526759e-08, -3.9425017917e-08, 3.84156306765e-09, -7.53665629905e-10, 7.76505915123e-10, -1.0831056052e-08, 8.31625683873e-08, -5.67304692112e-09, -3.66400555729e-11, -5.8514454393e-10, -3.18769455276e-11, 2.40727170185e-13, 1.62258363213e-13, 6.21017409521e-15, 1.05617131116e-14], [-1.38639764274e-13, -1.6874689146e-11, -3.12154538329e-11, -1.99408666662e-11, -9.00502311607e-11, -2.76609074187e-12, -3.61026521178e-11, -2.21153007018e-09, -9.42606348531e-09, 4.53849891002e-09, 2.35774000323e-09, -5.64690196825e-08, 4.83903264126e-08, -3.45969084492e-08, -1.02575314909e-09, -8.62438731541e-10, 4.10657785554e-10, 6.55578036302e-09, -5.67304692112e-09, 7.93346011108e-09, -1.86921678136e-09, 5.03988517586e-10, -2.64714508993e-12, 1.76948570813e-13, 1.18706098316e-15, -1.91980864528e-15, -1.15445720271e-15], [-4.23738328497e-13, -1.67606137302e-10, -1.54887047632e-10, -4.60373336675e-11, -5.71116504783e-12, 4.25453942909e-12, -2.03099051466e-10, -3.18455839476e-09, -6.50958931203e-09, -2.2635540109e-09, -2.94586777194e-09, -3.58394061095e-08, -1.94412521637e-08, 3.56017011427e-08, 3.99233146542e-10, -4.92704599342e-10, -2.34170016711e-10, -1.33195199314e-09, -3.66400555729e-11, -1.86921678136e-09, 5.70834624014e-09, -2.95205138112e-10, 2.3668988644e-11, 2.19273140227e-13, 7.78422871951e-14, 1.72179224749e-15, -1.67353995686e-15], [1.75737838859e-14, 2.07114165228e-12, -1.81652945724e-12, -1.95732969763e-12, -2.08723299061e-11, -3.61417709996e-13, -1.78461048023e-11, -1.99267796708e-10, 8.33330626726e-11, 8.32918234384e-10, 7.28375026959e-10, 2.37908159839e-09, 2.67401012444e-09, -4.88205254001e-09, -2.46673459436e-10, 6.95622656699e-11, 4.9935018143e-13, 1.9713748689e-10, -5.8514454393e-10, 5.03988517586e-10, -2.95205138112e-10, 2.12550421708e-10, -1.01043609244e-12, -4.52691269887e-14, -4.51764175385e-15, 2.65988409531e-16, -1.02348360828e-16], [-3.9242206354e-15, -4.89390082278e-12, -2.9288275364e-12, -3.08786064209e-13, -1.26413018508e-12, -5.14848411029e-14, -1.73395575242e-12, -4.2716122306e-11, -1.28702271063e-10, -7.52673270932e-11, -5.78373807181e-11, -4.81403028552e-10, 1.83367071527e-11, 7.33125393726e-10, -1.28442942046e-11, -1.74269435688e-11, -2.59978366959e-12, -1.48660007915e-11, -3.18769455276e-11, -2.64714508993e-12, 2.3668988644e-11, -1.01043609244e-12, 1.87950436464e-12, 7.07131056455e-15, 3.68550133988e-15, 5.50229955558e-18, -6.69878322442e-18], [-1.46736520241e-16, -5.2733828453e-14, -3.90004834796e-14, -3.41932864774e-15, 2.7506082061e-15, -2.62995196266e-15, -3.93539401641e-14, -1.29464971729e-12, -3.86379036404e-12, -1.32295216448e-12, -5.49124331076e-13, -5.95815497634e-12, 6.0202871334e-12, 6.56388571968e-12, 1.38530571563e-13, -3.57075263455e-13, -5.39311942273e-14, 2.88929579047e-13, 2.40727170185e-13, 1.76948570813e-13, 2.19273140227e-13, -4.52691269887e-14, 7.07131056455e-15, 5.03684542195e-16, 6.05675342622e-17, 6.4736834949e-19, -3.56821831415e-19], [-5.68270020256e-18, -1.52997581323e-15, -1.20060559056e-14, -1.1246977589e-15, -8.29589913068e-15, -3.78229274767e-16, -1.19875592471e-14, -5.05860327585e-13, -1.09202469116e-12, -5.0891712719e-13, 2.37677905785e-13, -2.17432408883e-12, -3.94876975085e-13, 1.29183567055e-12, 9.45466116659e-16, 4.66937720314e-14, -2.31459426956e-14, 2.51570682688e-13, 1.62258363213e-13, 1.18706098316e-15, 7.78422871951e-14, -4.51764175385e-15, 3.68550133988e-15, 6.05675342622e-17, 9.73946937766e-17, 1.79600783999e-18, -6.60875239541e-20], [1.02531212411e-17, -1.78340584759e-15, -1.36242909637e-15, -7.82998381408e-17, -1.59209755369e-16, 1.99700673179e-18, -7.21647348287e-16, 1.06089563743e-14, -1.04746050904e-14, -2.86766358543e-14, -6.16150019393e-15, 9.13346072493e-14, -2.02386308531e-14, -2.69142550586e-14, 5.63278392232e-15, -1.84966690571e-15, -1.32078800377e-15, -2.46106958072e-16, 6.21017409521e-15, -1.91980864528e-15, 1.72179224749e-15, 2.65988409531e-16, 5.50229955558e-18, 6.4736834949e-19, 1.79600783999e-18, 2.02752501765e-19, 1.10585789017e-19], [1.10188009751e-17, -8.43766841149e-16, -6.10314078853e-16, -5.41396229099e-17, -9.61577278886e-17, -5.0665216183e-17, -4.40973081516e-16, 2.34939715929e-14, 4.40823601377e-15, -1.13960888455e-14, 1.8807062163e-15, 1.69265087515e-13, -1.01788338907e-14, -2.51770870455e-14, -2.41916379032e-15, -3.0266697432e-16, -1.65109948651e-16, -6.32145813085e-15, 1.05617131116e-14, -1.15445720271e-15, -1.67353995686e-15, -1.02348360828e-16, -6.69878322442e-18, -3.56821831415e-19, -6.60875239541e-20, 1.10585789017e-19, 1.16034143368e-19]]
    },
    "mfcc": {
        "kurt": [38.2814598083, 7.37351417542, 3.77843046188, 0.21374630928, -0.701719284058, -0.625933647156, -0.550523996353, -0.811916828156, 0.784444570541, -0.606192111969, -1.21517717838, -1.10819888115, -1.115706563],
        "max": [-790.014221191, 146.714172363, 30.6395301819, 76.1512680054, 9.07151794434, 69.0220794678, 63.9084243774, 45.4794845581, 73.8709869385, 47.229675293, 63.1010856628, 49.2346343994, 54.1049766541],
        "mean": [-852.380981445, 110.24684906, -43.1312103271, 44.2492599487, -21.3069076538, 30.6586112976, 26.5195770264, -9.77105712891, 1.61879003048, -6.0715637207, 19.1546916962, 6.59956073761, -4.20140886307],
        "median": [-854.190307617, 107.808044434, -42.5425682068, 46.3510780334, -19.2143363953, 34.9029998779, 25.7572555542, -12.3167572021, -5.06756591797, -9.15812683105, 22.4930229187, 8.61790466309, -7.20893859863],
        "min": [-1134.73278809, 3.50049972534, -85.8529968262, -2.80192184448, -53.63646698, -15.8933029175, -12.5370941162, -52.7174072266, -36.0138626099, -49.6812515259, -26.3213443756, -30.7486839294, -55.7857398987],
        "skew": [-4.1958489418, -1.17532765865, 0.567967891693, -0.443614214659, -0.221000671387, -0.472279459238, 0.127062171698, 0.35271447897, 1.17012989521, 0.323210716248, -0.220953717828, -0.00469197425991, 0.169018059969],
        "var": [891.34979248, 266.30581665, 206.8855896, 162.884185791, 193.298339844, 376.327270508, 283.388397217, 519.47833252, 611.093994141, 467.287109375, 524.742126465, 395.106933594, 781.20904541],
        "cov": [[895.80657959, 326.374908447, -219.411911011, 108.591560364, -158.562164307, -179.296401978, -19.1691894531, 170.817077637, 295.327178955, 47.4174118042, -149.458724976, -84.0001983643, 139.445297241], [326.374908447, 267.637329102, -9.8890914917, 8.57723522186, -72.5537719727, -146.820007324, 6.80433368683, 103.865333557, 182.750915527, 7.01935768127, -100.873214722, 17.277557373, 71.7296295166], [-219.411911011, -9.8890914917, 207.920013428, 30.9227809906, -19.851146698, -3.17017221451, -39.5300712585, -28.4458789825, 38.4307136536, 67.7864227295, 47.0297164917, -13.7940092087, -121.645294189], [108.591560364, 8.57723522186, 30.9227809906, 163.698608398, 0.19628021121, -89.8672637939, -76.3851547241, -17.9711589813, 121.631233215, 119.700645447, 15.461938858, -105.279937744, -113.092292786], [-158.562164307, -72.5537719727, -19.851146698, 0.19628021121, 194.264831543, 136.274673462, -66.4021911621, -207.143753052, -174.912460327, 65.5721130371, 187.885314941, 26.6980571747, -168.590866089], [-179.296401978, -146.820007324, -3.17017221451, -89.8672637939, 136.274673462, 378.208892822, 48.5374946594, -279.698486328, -367.861755371, -25.9701080322, 263.010070801, 116.084327698, -135.949478149], [-19.1691894531, 6.80433368683, -39.5300712585, -76.3851547241, -66.4021911621, 48.5374946594, 284.805358887, 153.252563477, -165.935531616, -283.883911133, -163.110992432, 156.907104492, 297.222412109], [170.817077637, 103.865333557, -28.4458789825, -17.9711589813, -207.143753052, -279.698486328, 153.252563477, 522.075744629, 289.382781982, -262.569244385, -443.256591797, -58.9164009094, 389.899536133], [295.327178955, 182.750915527, 38.4307136536, 121.631233215, -174.912460327, -367.861755371, -165.935531616, 289.382781982, 614.149475098, 170.721755981, -272.116882324, -291.888305664, -42.6601333618], [47.4174118042, 7.01935768127, 67.7864227295, 119.700645447, 65.5721130371, -25.9701080322, -283.883911133, -262.569244385, 170.721755981, 469.623565674, 265.036712646, -213.556945801, -421.607696533], [-149.458724976, -100.873214722, 47.0297164917, 15.461938858, 187.885314941, 263.010070801, -163.110992432, -443.256591797, -272.116882324, 265.036712646, 527.365844727, 93.1422576904, -454.269012451], [-84.0001983643, 17.277557373, -13.7940092087, -105.279937744, 26.6980571747, 116.084327698, 156.907104492, -58.9164009094, -291.888305664, -213.556945801, 93.1422576904, 397.082458496, 152.969024658], [139.445297241, 71.7296295166, -121.645294189, -113.092292786, -168.590866089, -135.949478149, 297.222412109, 389.899536133, -42.6601333618, -421.607696533, -454.269012451, 152.969024658, 785.11505127]]
    },
    "sccoeffs": {
        "kurt": [1.9696931839, 11.5630283356, -1.02795374393, -0.742701530457, 0.531999349594, 2.95752668381],
        "max": [-0.597800374031, -0.333621323109, -0.315293610096, -0.400067508221, -0.575660228729, -0.563877403736],
        "mean": [-0.712746024132, -0.811688840389, -0.727768182755, -0.628583133221, -0.719093382359, -0.667133867741],
        "median": [-0.708305120468, -0.830307066441, -0.829238295555, -0.607323527336, -0.717617154121, -0.663415968418],
        "min": [-0.960036873817, -0.917616784573, -0.922243952751, -0.922849595547, -0.935612976551, -0.881594479084],
        "skew": [-0.671713232994, 3.13380265236, 0.739013075829, -0.333246201277, -0.409932732582, -0.815246522427],
        "var": [0.00262142205611, 0.00752465100959, 0.0306716170162, 0.0141476336867, 0.00355057185516, 0.00172119727358],
        "cov": [[0.00263452925719, 0.000584656663705, 0.000354626186891, -0.00025957491016, 0.0001536008931, 0.000551108212676], [0.000584656663705, 0.0075622741133, 0.000964834936894, -0.0010424942011, -0.00074579770444, 0.000375311530661], [0.000354626186891, 0.000964834936894, 0.0308249760419, -0.0127416504547, 0.00411174586043, 0.000344260304701], [-0.00025957491016, -0.0010424942011, -0.0127416504547, 0.0142183722928, -0.000167566016898, 0.00141272053588], [0.0001536008931, -0.00074579770444, 0.00411174586043, -0.000167566016898, 0.00356832472607, 2.18765253521e-05], [0.000551108212676, 0.000375311530661, 0.000344260304701, 0.00141272053588, 2.18765253521e-05, 0.00172980327625]]
    },
    "scvalleys": {
        "kurt": [7.11242008209, 18.2503681183, 1.00116491318, 9.52241802216, 35.5969200134, 10.9180765152],
        "max": [-7.04924201965, -7.18515110016, -6.83927249908, -7.16840553284, -8.59994506836, -10.8516464233],
        "mean": [-7.95946311951, -8.08845329285, -8.39043045044, -8.98481369019, -9.35900688171, -12.277089119],
        "median": [-7.93840837479, -8.05309104919, -8.49156093597, -9.11425495148, -9.40325260162, -12.331407547],
        "min": [-10.6596536636, -11.6943902969, -10.7052793503, -12.6985626221, -13.1911535263, -14.8489723206],
        "skew": [-1.34967434406, -2.6218123436, 0.121259950101, -0.49907746911, -3.68177294731, -0.741512060165],
        "var": [0.178398951888, 0.206498414278, 0.285377830267, 0.31324878335, 0.168728068471, 0.140832334757],
        "cov": [[0.179290950298, 0.0738461315632, 0.0648263990879, 0.0713791325688, 0.090666025877, 0.0474368222058], [0.0738461315632, 0.207530900836, 0.128143697977, 0.120629549026, 0.126632213593, 0.0698672831059], [0.0648263990879, 0.128143697977, 0.286804735661, 0.139246806502, 0.13189817965, 0.10278648138], [0.0713791325688, 0.120629549026, 0.139246806502, 0.314815014601, 0.170817673206, 0.132664531469], [0.090666025877, 0.126632213593, 0.13189817965, 0.170817673206, 0.169571697712, 0.0961641669273], [0.0474368222058, 0.0698672831059, 0.10278648138, 0.132664531469, 0.0961641669273, 0.14153650403]]
    }
},
"rhythm": {
    "beats_loudness": {
        "kurt": 0.178207874298,
        "max": 0.0116886869073,
        "mean": 0.0038211394567,
        "median": 0.00209873565473,
        "min": 0.000815120700281,
        "skew": 1.20142388344,
        "var": 1.15945294965e-05
    },
    "bpm": 135.999176025,
    "confidence": 0,
    "first_peak_bpm": {
        "kurt": 0,
        "max": 136,
        "mean": 136,
        "median": 136,
        "min": 136,
        "skew": 0,
        "var": 0
    },
    "first_peak_spread": {
        "kurt": 0,
        "max": 0,
        "mean": 0,
        "median": 0,
        "min": 0,
        "skew": 0,
        "var": 0
    },
    "first_peak_weight": {
        "kurt": 0,
        "max": 1,
        "mean": 1,
        "median": 1,
        "min": 1,
        "skew": 0,
        "var": 0
    },
    "onset_rate": 1.72971689701,
    "second_peak_bpm": {
        "kurt": 0,
        "max": 0,
        "mean": 0,
        "median": 0,
        "min": 0,
        "skew": 0,
        "var": 0
    },
    "second_peak_spread": {
        "kurt": 0,
        "max": 0,
        "mean": 0,
        "median": 0,
        "min": 0,
        "skew": 0,
        "var": 0
    },
    "second_peak_weight": {
        "kurt": 0,
        "max": 0,
        "mean": 0,
        "median": 0,
        "min": 0,
        "skew": 0,
        "var": 0
    },
    "beats_loudness_band_ratio": {
        "kurt": [-1.0681501627, -1.4070186615, 5.09340190887, -0.975604295731, 1.3723731041, -0.314126968384],
        "max": [0.0918122902513, 0.010173600167, 0.927700281143, 0.979880094528, 0.78017783165, 0.402665615082],
        "mean": [0.0359268710017, 0.00477918889374, 0.100438907743, 0.524997055531, 0.197007119656, 0.144878059626],
        "median": [0.0313133001328, 0.00392367644235, 0.00632146000862, 0.58161342144, 0.12035818398, 0.122877828777],
        "min": [0.00211627734825, 0.000903047854081, 0.000696814095136, 0.00215951330028, 0.00118740287144, 0.00901097804308],
        "skew": [0.482957482338, 0.426038742065, 2.66108632088, -0.374399840832, 1.51216828823, 0.842586278915],
        "var": [0.000911766663194, 1.23265608636e-05, 0.0761263817549, 0.104531191289, 0.0527491681278, 0.0148098971695],
        "cov": [[0.00101307407022, 7.65104341554e-05, -0.0021030055359, -0.00257801893167, 0.00100399262737, 0.00267554167658], [7.65104341554e-05, 1.36961789394e-05, -0.000320640858263, -0.000524625880644, 0.000365484855138, 0.000432272208855], [-0.0021030055359, -0.000320640858263, 0.0845848619938, -0.0547660775483, -0.0150441182777, -0.0131313838065], [-0.00257801893167, -0.000524625880644, -0.0547660775483, 0.116145767272, -0.049841992557, -0.0086967498064], [0.00100399262737, 0.000365484855138, -0.0150441182777, -0.049841992557, 0.0586101859808, 0.00427771545947], [0.00267554167658, 0.000432272208855, -0.0131313838065, -0.0086967498064, 0.00427771545947, 0.0164554417133]]
    },
    "beats_position": [0.371519267559, 0.812698423862, 1.25387752056, 1.69505667686, 2.13623571396, 2.57741498947, 3.01859402657, 3.45977306366, 3.90095233917, 4.34213161469],
    "bpm_estimates": [135.999176025, 135.999191284, 135.999176025, 135.999206543, 135.999130249, 135.999206543, 135.999206543, 135.999130249, 135.999130249],
    "bpm_intervals": [0.441179156303, 0.441179096699, 0.441179156303, 0.441179037094, 0.441179275513, 0.441179037094, 0.441179037094, 0.441179275513, 0.441179275513],
    "onset_times": [0.0116099771112, 0.325079351664, 1.1261677742, 2.12462592125, 3.25079369545, 3.83129262924, 4.36535167694, 4.51628112793],
    "histogram": [[0, 0, 0, 0, 0, 0, 0, 0, 0, 0, 0, 0, 0, 0, 0, 0, 0, 0, 0, 0, 0, 0, 0, 0, 0, 0, 0, 0, 0, 0, 0, 0, 0, 0, 0, 0, 0, 0, 0, 0, 0, 0, 0, 0, 0, 0, 0, 0, 0, 0, 0, 0, 0, 0, 0, 0, 0, 0, 0, 0, 0, 0, 0, 0, 0, 0, 0, 0, 0, 0, 0, 0, 0, 0, 0, 0, 0, 0, 0, 0, 0, 0, 0, 0, 0, 0, 0, 0, 0, 0, 0, 0, 0, 0, 0, 0, 0, 0, 0, 0, 0, 0, 0, 0, 0, 0, 0, 0, 0, 0, 0, 0, 0, 0, 0, 0, 0, 0, 0, 0, 0, 0, 0, 0, 0, 0, 0, 0, 0, 0, 0, 0, 0, 0, 0, 0, 1, 0, 0, 0, 0, 0, 0, 0, 0, 0, 0, 0, 0, 0, 0, 0, 0, 0, 0, 0, 0, 0, 0, 0, 0, 0, 0, 0, 0, 0, 0, 0, 0, 0, 0, 0, 0, 0, 0, 0, 0, 0, 0, 0, 0, 0, 0, 0, 0, 0, 0, 0, 0, 0, 0, 0, 0, 0, 0, 0, 0, 0, 0, 0, 0, 0, 0, 0, 0, 0, 0, 0, 0, 0, 0, 0, 0, 0, 0, 0, 0, 0, 0, 0, 0, 0, 0, 0, 0, 0, 0, 0, 0, 0, 0, 0, 0, 0, 0, 0, 0, 0, 0, 0, 0, 0, 0, 0, 0, 0, 0, 0, 0, 0]]
},
"sfx": {
    "inharmonicity": {
        "kurt": 10.9548168182,
        "max": 0.183399319649,
        "mean": 0.0125643480569,
        "median": 0.000762886716984,
        "min": 3.933764674e-06,
        "skew": 3.3599960804,
        "var": 0.00113891100045
    },
    "oddtoevenharmonicenergyratio": {
        "kurt": 36.4507675171,
        "max": 438.878417969,
        "mean": 12.5028629303,
        "median": 0.019694481045,
        "min": 0.000218933651922,
        "skew": 5.65991783142,
        "var": 2686.67504883
    },
    "pitch_after_max_to_before_max_energy_ratio": 1.10123252869,
    "pitch_centroid": 107.032646179,
    "pitch_max_to_total": 0.50746268034,
    "pitch_min_to_total": 0.00497512426227,
    "tristimulus": {
        "kurt": [-0.0748414993286, 0.145051717758, 8.12904644012],
        "max": [0.924621403217, 0.95428019762, 0.503079295158],
        "mean": [0.57483625412, 0.379499584436, 0.0456642657518],
        "median": [0.629694521427, 0.323010444641, 0],
        "min": [0.00704040937126, 0.0753786638379, 0],
        "skew": [-0.907303094864, 0.941457986832, 2.75653648376],
        "var": [0.0632331445813, 0.0509684979916, 0.00855672452599],
        "cov": [[0.0635493099689, -0.0530865415931, -0.0104627516121], [-0.0530865415931, 0.0512233413756, 0.00186323036905], [-0.0104627516121, 0.00186323036905, 0.00859950855374]]
    }
},
"tonal": {
    "chords_changes_rate": 0.039603959769,
    "chords_number_rate": 0.0297029707581,
    "chords_strength": {
        "kurt": -0.805338382721,
        "max": 0.636802494526,
        "mean": 0.479759454727,
        "median": 0.473631888628,
        "min": 0.361465334892,
        "skew": 0.324361562729,
        "var": 0.0046774065122
    },
    "key_strength": 0.483629077673,
    "tuning_diatonic_strength": 0.559317529202,
    "tuning_equal_tempered_deviation": 0.190389305353,
    "tuning_frequency": 447.949737549,
    "tuning_nontempered_energy_ratio": 0.821873664856,
    "hpcp": {
        "kurt": [73.7254257202, 43.0158424377, 53.3242683411, 25.3676986694, 16.1081600189, 11.9350204468, 13.1778430939, 14.4232234955, 15.2477378845, 12.5478153229, 10.7014865875, 15.1346912384, 13.3736381531, 10.8873701096, 9.62814235687, 10.9411048889, 12.4098091125, 9.93239593506, 9.45364284515, 10.662817955, 12.7182664871, 9.9974527359, 7.06518554688, 9.83065986633, 8.88072299957, 6.80317401886, 4.02943992615, 2.62233114243, 4.01608037949, 6.34833049774, 6.76207923889, 7.12436485291, 7.00882148743, 6.24027061462, 12.7263774872, 33.4395484924],
        "max": [0.890692353249, 1, 1, 0.966342628002, 1, 1, 1, 1, 1, 1, 1, 1, 1, 1, 1, 1, 1, 1, 1, 1, 1, 1, 1, 1, 1, 1, 1, 1, 1, 1, 1, 1, 1, 1, 1, 0.688793122768],
        "mean": [0.0234073642641, 0.0305773597211, 0.0282706394792, 0.0376284793019, 0.0582460798323, 0.0669077187777, 0.063097961247, 0.0673951506615, 0.068201109767, 0.071495577693, 0.0743292197585, 0.065856911242, 0.0676092132926, 0.0772875696421, 0.080364510417, 0.0775316283107, 0.0734680444002, 0.0767112895846, 0.0801464021206, 0.0754680782557, 0.0676952004433, 0.0776528716087, 0.0915925130248, 0.0800981074572, 0.0791021436453, 0.0952985882759, 0.139104053378, 0.179226323962, 0.153429582715, 0.112172946334, 0.0966249853373, 0.093432918191, 0.0973321348429, 0.0981420651078, 0.0692832097411, 0.0284207034856],
