{
"metadata": {
    "version": {
        "essentia": "2.1-beta3"
    }
},
"lowLevel": {
    "average_loudness": 0.933000266552,
    "barkbands_kurtosis": {
        "kurt": 8.74650764465,
        "max": 38.6422958374,
        "mean": 2.63814949989,
        "median": 0.0655318498611,
        "min": -1.96381926537,
        "skew": 2.76584458351,
        "var": 44.0323829651
    },
    "barkbands_skewness": {
        "kurt": 2.26379394531,
        "max": 5.34270381927,
        "mean": 0.857737898827,
        "median": 0.777783274651,
        "min": -5.03931570053,
        "skew": -0.473426640034,
        "var": 2.19359469414
    },
    "barkbands_spread": {
        "kurt": -0.359421730042,
        "max": 18.1330623627,
        "mean": 7.03712797165,
        "median": 6.40763998032,
        "min": 0.767940461636,
        "skew": 0.654195904732,
        "var": 16.3724918365
    },
    "dissonance": {
        "kurt": -1.23126208782,
        "max": 0.499594390392,
        "mean": 0.375334590673,
        "median": 0.38806411624,
        "min": 0.194143265486,
        "skew": -0.195072963834,
        "var": 0.00841743405908
    },
    "hfc": {
        "kurt": -0.0739328861237,
        "max": 152.362960815,
        "mean": 43.1384811401,
        "median": 31.7198982239,
        "min": 0.00707786949351,
        "skew": 0.864677786827,
        "var": 1390.21777344
    },
    "pitch": {
        "kurt": -1.16055393219,
        "max": 1654.45068359,
        "mean": 1189.61230469,
        "median": 1242.76416016,
        "min": 299.233184814,
        "skew": -0.298157662153,
        "var": 113331.984375
    },
    "pitch_instantaneous_confidence": {
        "kurt": 6.27226829529,
        "max": 0.992040514946,
        "mean": 0.888648927212,
        "median": 0.939436912537,
        "min": 0.190253257751,
        "skew": -2.41960072517,
        "var": 0.0180838815868
    },
    "pitch_salience": {
        "kurt": -0.202530384064,
        "max": 0.926379621029,
        "mean": 0.562727212906,
        "median": 0.544798076153,
        "min": 0.150356948376,
        "skew": 0.222000062466,
        "var": 0.0270182844251
    },
    "silence_rate_20dB": {
        "kurt": 0,
        "max": 1,
        "mean": 1,
        "median": 1,
        "min": 1,
        "skew": 0,
        "var": 0
    },
    "silence_rate_30dB": {
        "kurt": 0,
        "max": 1,
        "mean": 1,
        "median": 1,
        "min": 1,
        "skew": 0,
        "var": 0
    },
    "silence_rate_60dB": {
        "kurt": 1.95079755783,
        "max": 1,
        "mean": 0.147540986538,
        "median": 0,
        "min": 0,
        "skew": 1.98766672611,
        "var": 0.125772848725
    },
    "spectral_centroid": {
        "kurt": 0.0193440914154,
        "max": 3160.13647461,
        "mean": 1745.35192871,
        "median": 1708.32568359,
        "min": 827.4140625,
        "skew": 0.601565599442,
        "var": 265131.25
    },
    "spectral_complexity": {
        "kurt": 5.95838165283,
        "max": 31,
        "mean": 5.4836063385,
        "median": 4,
        "min": 0,
        "skew": 2.51145768166,
        "var": 32.7169532776
    },
    "spectral_crest": {
        "kurt": -0.899292230606,
        "max": 26.1753959656,
        "mean": 16.579656601,
        "median": 15.9060935974,
        "min": 5.22877931595,
        "skew": 0.0293252207339,
        "var": 25.4808368683
    },
    "spectral_decrease": {
        "kurt": 0.964408397675,
        "max": -1.0642747534e-12,
        "mean": -6.28786578361e-09,
        "median": -4.45166570273e-09,
        "min": -2.70575704064e-08,
        "skew": -1.29998266697,
        "var": 3.91722595644e-17
    },
    "spectral_energy": {
        "kurt": 0.661477088928,
        "max": 0.111098393798,
        "mean": 0.0276446379721,
        "median": 0.0198177527636,
        "min": 4.6587979341e-06,
        "skew": 1.20394194126,
        "var": 0.000710168969817
    },
    "spectral_energyband_high": {
        "kurt": 12.6735029221,
        "max": 0.00280338339508,
        "mean": 0.000216663378524,
        "median": 5.23703238287e-05,
        "min": 4.42993552952e-08,
        "skew": 3.47707605362,
        "var": 2.07420043807e-07
    },
    "spectral_energyband_low": {
        "kurt": 3.8207025528,
        "max": 4.97353994433e-06,
        "mean": 1.11805161396e-06,
        "median": 9.02905526345e-07,
        "min": 2.0429283154e-08,
        "skew": 1.67306065559,
        "var": 6.44106621338e-13
    },
    "spectral_energyband_middle_high": {
        "kurt": 1.2419219017,
        "max": 0.09288649261,
        "mean": 0.0220510344952,
        "median": 0.0149751827121,
        "min": 4.35627771367e-06,
        "skew": 1.27242982388,
        "var": 0.000443079392426
    },
    "spectral_energyband_middle_low": {
        "kurt": 11.6378154755,
        "max": 0.092178709805,
        "mean": 0.00577756436542,
        "median": 2.3884116672e-05,
        "min": 2.51968032217e-07,
        "skew": 3.44976258278,
        "var": 0.000278563442407
    },
    "spectral_flatness_db": {
        "kurt": 1.69444561005,
        "max": 0.511139512062,
        "mean": 0.41171425581,
        "median": 0.425952553749,
        "min": 0.138585731387,
        "skew": -1.15043354034,
        "var": 0.00349414511584
    },
    "spectral_flux": {
        "kurt": -0.835641384125,
        "max": 0.377151817083,
        "mean": 0.175021767616,
        "median": 0.170055240393,
        "min": 0.0105537073687,
        "skew": 0.283597320318,
        "var": 0.00926620978862
    },
    "spectral_kurtosis": {
        "kurt": 0.302369832993,
        "max": 58.4890518188,
        "mean": 18.137845993,
        "median": 15.3871564865,
        "min": 1.61928224564,
        "skew": 0.866852581501,
        "var": 133.596099854
    },
    "spectral_rms": {
        "kurt": -0.713475465775,
        "max": 0.010410987772,
        "mean": 0.00455287657678,
        "median": 0.00439708866179,
        "min": 6.74178663758e-05,
        "skew": 0.381344825029,
        "var": 6.24170615993e-06
    },
    "spectral_rolloff": {
        "kurt": -0.666836500168,
        "max": 4112.84179688,
        "mean": 2438.98803711,
        "median": 2616.28417969,
        "min": 667.529296875,
        "skew": -0.548449397087,
        "var": 601330.1875
    },
    "spectral_skewness": {
        "kurt": 0.316170454025,
        "max": 5.61106967926,
        "mean": 2.24311923981,
        "median": 2.16911411285,
        "min": 0.59006768465,
        "skew": 0.693848609924,
        "var": 0.950631737709
    },
    "spectral_spread": {
        "kurt": 107.621994019,
        "max": 10323132,
        "mean": 1678492.25,
        "median": 1573365.25,
        "min": 950880.0625,
        "skew": 8.88399124146,
        "var": 456446509056
    },
    "spectral_strongpeak": {
        "kurt": 1.75650548935,
        "max": 7.08049440384,
        "mean": 1.88655996323,
        "median": 1.75605750084,
        "min": 0.0115167470649,
        "skew": 1.16945433617,
        "var": 1.89314234257
    },
    "zerocrossingrate": {
        "kurt": -0.0213928222656,
        "max": 0.1474609375,
        "mean": 0.0780809745193,
        "median": 0.07373046875,
        "min": 0.02197265625,
        "skew": 0.663405299187,
        "var": 0.000731096602976
    },
    "barkbands": {
        "kurt": [14.9198913574, 11.798661232, 5.92836856842, 0.587934017181, 51.5970077515, 212.480865479, 61.5723342896, 55.2299613953, 16.5891914368, 13.0935344696, 15.6061000824, 13.4538269043, 6.73937702179, 8.09596920013, 33.1777458191, 39.3964729309, 11.895816803, 5.57494163513, 9.75583553314, 16.1990184784, 14.4702739716, 42.4067344666, 44.1361961365, 28.7266235352, 30.3733787537, 21.7799472809, 19.3487567902],
        "max": [4.05219182653e-08, 1.01628552329e-06, 1.71313490682e-06, 1.10785258585e-05, 2.92308905046e-05, 8.82826716406e-05, 0.000246522307862, 0.0516553968191, 0.0782873556018, 0.055093742907, 0.0612059123814, 0.0558185726404, 0.0285981763154, 0.0244545936584, 0.00944169797003, 0.031131837517, 0.0379355698824, 0.0338467694819, 0.00651773205027, 0.00488262902945, 0.000569681404158, 0.000158245718922, 5.32503290742e-05, 8.61183434608e-06, 3.38758945873e-06, 7.67493304465e-08, 1.07587831977e-08],
        "mean": [3.86156662202e-09, 1.29550230099e-07, 2.78137520127e-07, 3.00474243886e-06, 2.68707981377e-06, 2.03832883017e-06, 5.5568721109e-06, 0.00099825032521, 0.004053727258, 0.00318773393519, 0.00322599546053, 0.00308926519938, 0.00231818249449, 0.00202483753674, 0.000281463871943, 0.000954699877184, 0.00295388163067, 0.00346930534579, 0.000703044584952, 0.000315542478347, 4.72797255497e-05, 5.90222725805e-06, 1.44458363138e-06, 2.99561293104e-07, 1.07099459967e-07, 3.47120621136e-09, 7.6696854423e-10],
        "median": [1.88887261388e-09, 7.72916095571e-08, 2.06936533687e-07, 2.33112609749e-06, 2.10164262171e-06, 1.36334210765e-06, 1.09373831947e-06, 2.21417758439e-06, 8.39403855935e-06, 1.12959914986e-05, 1.98146044568e-05, 3.8414123992e-05, 4.54750697827e-05, 3.86615938623e-05, 2.36319488067e-06, 6.57875216348e-06, 8.5788044089e-05, 0.000554201134946, 0.00026389764389, 5.89018891333e-05, 1.53584514919e-05, 8.03251055004e-07, 5.33871684638e-08, 9.44778832945e-09, 3.75678643749e-09, 3.81052606135e-10, 1.92969223933e-10],
        "min": [2.74290382074e-11, 3.39633832169e-09, 7.13007375364e-10, 2.00279650642e-08, 7.67940235846e-08, 3.34336469621e-08, 4.98312324737e-08, 2.27646115292e-08, 3.62385499386e-08, 8.11979958826e-08, 2.97676649552e-07, 1.877382374e-06, 9.66439415606e-07, 1.95275845272e-07, 1.95195664077e-08, 1.34658151296e-07, 2.50806607482e-07, 3.27452880811e-07, 1.48970002556e-07, 5.47930909534e-08, 1.58832360597e-08, 5.89231241577e-09, 1.76235059879e-09, 6.14371442609e-10, 1.47881623613e-10, 6.1201235052e-12, 3.76976587153e-14],
        "skew": [3.38401508331, 3.07111907005, 2.15100216866, 1.07246470451, 5.47289276123, 14.2517328262, 7.53685903549, 7.17415475845, 4.03859949112, 3.61269140244, 3.80633425713, 3.38616204262, 2.66447281837, 2.75173830986, 5.53361797333, 6.0879535675, 3.378937006, 2.38015031815, 2.92988657951, 3.83440971375, 3.46364164352, 6.0186009407, 6.34236526489, 5.24767112732, 5.31202697754, 4.59857225418, 3.89023661613],
        "var": [3.06898565636e-17, 2.4035605117e-14, 6.87254750721e-14, 5.37463606606e-12, 6.18365775251e-12, 3.24411643382e-11, 5.78907755067e-10, 2.88245337288e-05, 0.000178769711056, 8.73885874171e-05, 8.62452434376e-05, 5.82020002184e-05, 2.73778423434e-05, 1.73268563231e-05, 1.23088454984e-06, 1.41694799822e-05, 4.92974832014e-05, 3.7653149775e-05, 1.25119538552e-06, 4.90507545692e-07, 6.46607212218e-09, 2.68171901352e-10, 3.32614005782e-11, 1.32844668425e-12, 1.63543034367e-13, 1.14416866408e-16, 2.13543292575e-18],
        "cov": [[3.08161538082e-17, 2.543376831e-16, 2.72792817102e-17, -2.02000205503e-15, -1.93846666353e-15, 1.09752361847e-16, 5.97506400707e-15, 1.10152316955e-12, 1.54195527874e-11, 1.18927237849e-11, 5.03520489192e-12, 1.04922440094e-12, 2.6689987026e-12, -1.35407483837e-12, 6.11332978597e-13, 6.80724010146e-12, 1.11330571498e-11, 3.71981698916e-12, -1.54517200359e-13, 5.03775027336e-13, 1.02444006782e-13, 2.88574130141e-14, 1.00094806643e-14, 2.08805543487e-15, 6.89964822048e-16, 2.28784525496e-17, 2.53284854233e-18], [2.543376831e-16, 2.41345165424e-14, 7.88855675118e-15, -7.34596912921e-14, -1.55880881475e-15, 1.45226861678e-13, 6.7772941122e-13, 5.26021830261e-11, 2.27364654881e-10, 5.81895122365e-11, 2.29408242403e-10, 2.63514071674e-10, 1.27389959692e-10, 1.62880438304e-11, 2.23206991085e-11, 8.33040927906e-11, 2.16294843147e-10, 1.5749211657e-10, -4.40836343124e-12, 1.56126656742e-11, 3.07868574384e-12, 4.06735246612e-13, 1.13100325004e-13, 2.24879166802e-14, 7.48825660361e-15, 2.31018495485e-16, 6.37478054895e-17], [2.72792817102e-17, 7.88855675118e-15, 6.90082959851e-14, 1.02798622208e-13, 5.68838934832e-14, 3.58078197898e-14, 5.92180980901e-13, 1.40487246836e-10, 2.4230839557e-10, -8.49227008159e-11, 6.30820187753e-11, 1.27101787428e-10, -1.12008432043e-11, -8.84762541009e-11, 3.69915903464e-11, 6.11084585711e-11, -2.59369869332e-11, -7.57735055257e-11, -2.34998027981e-11, 1.6118563732e-12, -1.48116349914e-12, -8.51601097583e-14, 3.91145330779e-15, 9.7384563792e-16, -9.68773498752e-16, 4.54739497726e-17, 4.38598821695e-17], [-2.02000205503e-15, -7.34596912921e-14, 1.02798622208e-13, 5.39675379038e-12, 2.5256151337e-12, 1.16357737586e-14, -1.570207072e-12, -7.66121999174e-10, -5.69501912295e-09, -3.84832832268e-09, -3.28399463179e-09, -1.99449945448e-09, -6.79236000778e-10, -4.2317691018e-10, -3.79203030088e-10, -1.37854183624e-09, -3.75708353317e-09, -2.9190723172e-09, -3.1058663974e-10, -2.23240412267e-10, -5.68791888589e-11, -9.14343600833e-12, -2.46479724651e-12, -5.0841828577e-13, -1.782084815e-13, -4.96364483465e-15, -7.21386673897e-16], [-1.93846666353e-15, -1.55880881475e-15, 5.68838934832e-14, 2.5256151337e-12, 6.20910484486e-12, 9.88074812941e-12, 2.7309396064e-11, -3.59138718764e-10, -3.4282654493e-09, -1.94253169106e-09, -1.74429215516e-09, -3.8213748832e-10, -8.72435290677e-10, -3.11816988896e-10, -1.75033362804e-10, -8.89714579788e-10, -1.51896595302e-09, -2.20379803295e-09, -2.34243013875e-10, -2.31808391926e-10, -3.78518813515e-11, -5.62193260695e-12, -1.66199660371e-12, -3.18984395105e-13, -1.14061822595e-13, -2.76515790279e-15, -3.76242214882e-16], [1.09752361847e-16, 1.45226861678e-13, 3.58078197898e-14, 1.16357737586e-14, 9.88074812941e-12, 3.25746686569e-11, 9.92409140976e-11, 2.56486742956e-09, 1.20635709755e-10, -8.31456181682e-10, -1.2516586656e-09, 2.51418419417e-09, -3.28421401186e-10, -7.3249728505e-10, 1.72266589882e-10, 7.10301817364e-11, 2.14716688873e-09, -1.98293093057e-09, -1.64200875119e-11, -6.42016301233e-11, -4.03300960336e-12, 1.41520204843e-12, 1.99455062926e-13, 8.6787544653e-14, 1.15987186083e-14, 5.6284619367e-16, 3.14101575001e-16], [5.97506400707e-15, 6.7772941122e-13, 5.92180980901e-13, -1.570207072e-12, 2.7309396064e-11, 9.92409140976e-11, 5.81290127144e-10, 8.40093719034e-08, 5.58714106091e-08, 8.00110822041e-09, 1.08809103949e-08, 8.4723801308e-09, -7.84128584286e-09, -9.13535025404e-09, 8.5991844756e-09, 3.73853170643e-09, 1.49201486721e-08, -1.8802781554e-09, -7.9874046266e-10, -4.39012264042e-11, -4.05668163991e-12, 2.54565379193e-11, 6.40861365711e-12, 2.56187735956e-12, 6.55375656088e-13, 2.25247084033e-14, 8.42495307053e-15], [1.10152316955e-12, 5.26021830261e-11, 1.40487246836e-10, -7.66121999174e-10, -3.59138718764e-10, 2.56486742956e-09, 8.40093719034e-08, 2.89431518468e-05, 2.74511130556e-05, 1.08558663214e-06, 4.55774966213e-07, -2.08126243706e-06, -2.2717244974e-06, -1.98408565666e-06, 3.86249075746e-06, 7.43389307445e-07, 1.82744111044e-06, 2.32907211739e-07, -4.14345663557e-07, 2.53023877406e-08, -2.40785769101e-09, 4.41629399717e-09, 1.37894129448e-09, 6.24208851274e-10, 1.65375518835e-10, 5.46369286619e-12, 1.99981567764e-12], [1.54195527874e-11, 2.27364654881e-10, 2.4230839557e-10, -5.69501912295e-09, -3.4282654493e-09, 1.20635709755e-10, 5.58714106091e-08, 2.74511130556e-05, 0.00017950538313, -2.15419117922e-06, -9.66996412899e-06, -1.10862347356e-05, -9.25676249608e-06, -8.14195573184e-06, 1.0661728993e-05, 2.65691378445e-05, 1.48623155383e-06, -7.19233185009e-06, -1.60312492881e-06, -4.21051254307e-07, 3.25290763215e-08, 3.00236564499e-08, 1.61982391944e-08, 3.80050391158e-09, 1.05305308917e-09, 2.53902107672e-11, 6.02335672659e-12], [1.18927237849e-11, 5.81895122365e-11, -8.49227008159e-11, -3.84832832268e-09, -1.94253169106e-09, -8.31456181682e-10, 8.00110822041e-09, 1.08558663214e-06, -2.15419117922e-06, 8.77482088981e-05, 1.41746577356e-05, -7.56657118473e-06, -7.12291512173e-06, -6.29476062386e-06, 1.29428414652e-07, 3.00857345792e-06, 4.90288111905e-05, -9.71168219621e-07, -1.450163154e-06, 3.19330162313e-08, 1.57880251095e-07, 7.05658322886e-08, 2.17094555666e-08, 5.48909406817e-09, 2.1933379557e-09, 6.981451528e-11, 2.54726903633e-12], [5.03520489192e-12, 2.29408242403e-10, 6.30820187753e-11, -3.28399463179e-09, -1.74429215516e-09, -1.2516586656e-09, 1.08809103949e-08, 4.55774966213e-07, -9.66996412899e-06, 1.41746577356e-05, 8.66001573741e-05, 4.12387316828e-06, -6.62369029669e-06, -6.46711669106e-06, 3.6633392142e-07, -1.52148481902e-06, -2.76337596006e-06, 2.02410556085e-05, -8.49585092055e-07, -5.11603559517e-07, -2.05006465137e-08, 1.5854414448e-09, -2.75667400018e-09, -4.99007335453e-10, -1.89845847376e-10, -2.48468346592e-12, 1.80548284656e-12], [1.04922440094e-12, 2.63514071674e-10, 1.27101787428e-10, -1.99449945448e-09, -3.8213748832e-10, 2.51418419417e-09, 8.4723801308e-09, -2.08126243706e-06, -1.10862347356e-05, -7.56657118473e-06, 4.12387316828e-06, 5.84415138292e-05, 1.97386361833e-06, -6.14129203313e-06, -6.85079214691e-07, -6.98709285984e-08, 6.48544710202e-06, -7.68455902289e-06, 1.34238052851e-06, 7.36512006938e-09, -7.14935888269e-09, 1.14641030002e-09, -2.03795069709e-09, -3.979919172e-10, -1.31068669806e-10, -4.06595113481e-12, 9.2613698828e-13], [2.6689987026e-12, 1.27389959692e-10, -1.12008432043e-11, -6.79236000778e-10, -8.72435290677e-10, -3.28421401186e-10, -7.84128584286e-09, -2.2717244974e-06, -9.25676249608e-06, -7.12291512173e-06, -6.62369029669e-06, 1.97386361833e-06, 2.74905069091e-05, -2.64606046585e-06, -6.33156446384e-07, -2.01606917472e-06, 3.21125207847e-06, 3.00284614241e-06, -1.28628164475e-06, 2.25156190936e-06, 1.0993349342e-08, -3.91088361695e-09, -7.25945747959e-10, -5.3769955155e-10, -1.78019876618e-10, -5.4195311433e-12, -4.70949397102e-13], [-1.35407483837e-12, 1.62880438304e-11, -8.84762541009e-11, -4.2317691018e-10, -3.11816988896e-10, -7.3249728505e-10, -9.13535025404e-09, -1.98408565666e-06, -8.14195573184e-06, -6.29476062386e-06, -6.46711669106e-06, -6.14129203313e-06, -2.64606046585e-06, 1.73981588887e-05, -5.62385537251e-07, -1.90170862879e-06, -5.78636900173e-06, 4.18219360654e-06, 1.35369475629e-06, -5.46989326722e-07, 2.04134664727e-08, -7.28311055909e-09, -2.6211373072e-09, -5.22170917616e-10, -1.71860609077e-10, -3.79834271674e-12, -6.80474611121e-13], [6.11332978597e-13, 2.23206991085e-11, 3.69915903464e-11, -3.79203030088e-10, -1.75033362804e-10, 1.72266589882e-10, 8.5991844756e-09, 3.86249075746e-06, 1.0661728993e-05, 1.29428414652e-07, 3.6633392142e-07, -6.85079214691e-07, -6.33156446384e-07, -5.62385537251e-07, 1.23594998058e-06, 3.29337439098e-07, 1.28733503857e-07, -4.05398914438e-08, -1.11405263681e-07, -2.49278020448e-08, 6.4813776568e-10, 2.73717576382e-10, 6.23803994571e-11, 7.26964946574e-11, 1.77630184867e-11, 7.96088401363e-13, 4.17997152733e-13], [6.80724010146e-12, 8.33040927906e-11, 6.11084585711e-11, -1.37854183624e-09, -8.89714579788e-10, 7.10301817364e-11, 3.73853170643e-09, 7.43389307445e-07, 2.65691378445e-05, 3.00857345792e-06, -1.52148481902e-06, -6.98709285984e-08, -2.01606917472e-06, -1.90170862879e-06, 3.29337439098e-07, 1.42277913255e-05, 5.80107871428e-06, -2.14607962334e-06, -3.19709869245e-07, 6.15222859324e-08, 7.04280012087e-08, 3.65508121547e-08, 1.56422554909e-08, 3.05574587856e-09, 9.3374241672e-10, 1.86715348044e-11, 1.57681842843e-12], [1.11330571498e-11, 2.16294843147e-10, -2.59369869332e-11, -3.75708353317e-09, -1.51896595302e-09, 2.14716688873e-09, 1.49201486721e-08, 1.82744111044e-06, 1.48623155383e-06, 4.90288111905e-05, -2.76337596006e-06, 6.48544710202e-06, 3.21125207847e-06, -5.78636900173e-06, 1.28733503857e-07, 5.80107871428e-06, 4.95003550895e-05, -5.34969240107e-06, -9.61980617831e-07, 1.4481117887e-06, 1.86768787103e-07, 7.96191272912e-08, 2.61101789079e-08, 5.60841595387e-09, 2.17880424813e-09, 6.24186813347e-11, 2.46783062735e-12], [3.71981698916e-12, 1.5749211657e-10, -7.57735055257e-11, -2.9190723172e-09, -2.20379803295e-09, -1.98293093057e-09, -1.8802781554e-09, 2.32907211739e-07, -7.19233185009e-06, -9.71168219621e-07, 2.02410556085e-05, -7.68455902289e-06, 3.00284614241e-06, 4.18219360654e-06, -4.05398914438e-08, -2.14607962334e-06, -5.34969240107e-06, 3.78081022063e-05, -1.26969936787e-07, 5.51926859771e-07, 2.98214899885e-07, 1.01654293871e-08, -2.3658739412e-09, -5.85055226487e-10, -2.1334711775e-10, -3.42087729671e-12, 5.12499222748e-13], [-1.54517200359e-13, -4.40836343124e-12, -2.34998027981e-11, -3.1058663974e-10, -2.34243013875e-10, -1.64200875119e-11, -7.9874046266e-10, -4.14345663557e-07, -1.60312492881e-06, -1.450163154e-06, -8.49585092055e-07, 1.34238052851e-06, -1.28628164475e-06, 1.35369475629e-06, -1.11405263681e-07, -3.19709869245e-07, -9.61980617831e-07, -1.26969936787e-07, 1.25634437609e-06, -1.67757789882e-07, -6.14750472749e-09, -1.51154366801e-09, -5.92004223421e-10, -1.1580798126e-10, -4.02749673889e-11, -1.00247967479e-12, -3.21196147208e-14], [5.03775027336e-13, 1.56126656742e-11, 1.6118563732e-12, -2.23240412267e-10, -2.31808391926e-10, -6.42016301233e-11, -4.39012264042e-11, 2.53023877406e-08, -4.21051254307e-07, 3.19330162313e-08, -5.11603559517e-07, 7.36512006938e-09, 2.25156190936e-06, -5.46989326722e-07, -2.49278020448e-08, 6.15222859324e-08, 1.4481117887e-06, 5.51926859771e-07, -1.67757789882e-07, 4.92526112339e-07, 1.23973196153e-08, 1.49845902353e-09, 6.2003097101e-10, 6.16467640824e-11, 2.12813655587e-11, 5.9591849684e-13, 8.42551194286e-14], [1.02444006782e-13, 3.07868574384e-12, -1.48116349914e-12, -5.68791888589e-11, -3.78518813515e-11, -4.03300960336e-12, -4.05668163991e-12, -2.40785769101e-09, 3.25290763215e-08, 1.57880251095e-07, -2.05006465137e-08, -7.14935888269e-09, 1.0993349342e-08, 2.04134664727e-08, 6.4813776568e-10, 7.04280012087e-08, 1.86768787103e-07, 2.98214899885e-07, -6.14750472749e-09, 1.23973196153e-08, 6.49268150354e-09, 6.71420141707e-10, 1.71692118855e-10, 3.35055524991e-11, 1.20708391199e-11, 3.22345286314e-13, 2.76227066394e-14], [2.88574130141e-14, 4.06735246612e-13, -8.51601097583e-14, -9.14343600833e-12, -5.62193260695e-12, 1.41520204843e-12, 2.54565379193e-11, 4.41629399717e-09, 3.00236564499e-08, 7.05658322886e-08, 1.5854414448e-09, 1.14641030002e-09, -3.91088361695e-09, -7.28311055909e-09, 2.73717576382e-10, 3.65508121547e-08, 7.96191272912e-08, 1.01654293871e-08, -1.51154366801e-09, 1.49845902353e-09, 6.71420141707e-10, 2.69275490794e-10, 9.10460387638e-11, 1.76187276574e-11, 6.23324569043e-12, 1.45184388058e-13, 5.99491083606e-15], [1.00094806643e-14, 1.13100325004e-13, 3.91145330779e-15, -2.46479724651e-12, -1.66199660371e-12, 1.99455062926e-13, 6.40861365711e-12, 1.37894129448e-09, 1.61982391944e-08, 2.17094555666e-08, -2.75667400018e-09, -2.03795069709e-09, -7.25945747959e-10, -2.6211373072e-09, 6.23803994571e-11, 1.56422554909e-08, 2.61101789079e-08, -2.3658739412e-09, -5.92004223421e-10, 6.2003097101e-10, 1.71692118855e-10, 9.10460387638e-11, 3.33982806688e-11, 6.42191508304e-12, 2.22768331559e-12, 5.017588382e-14, 1.97953124433e-15], [2.08805543487e-15, 2.24879166802e-14, 9.7384563792e-16, -5.0841828577e-13, -3.18984395105e-13, 8.6787544653e-14, 2.56187735956e-12, 6.24208851274e-10, 3.80050391158e-09, 5.48909406817e-09, -4.99007335453e-10, -3.979919172e-10, -5.3769955155e-10, -5.22170917616e-10, 7.26964946574e-11, 3.05574587856e-09, 5.60841595387e-09, -5.85055226487e-10, -1.1580798126e-10, 6.16467640824e-11, 3.35055524991e-11, 1.76187276574e-11, 6.42191508304e-12, 1.33391355687e-12, 4.56107590932e-13, 1.08713104301e-14, 4.5131440089e-16], [6.89964822048e-16, 7.48825660361e-15, -9.68773498752e-16, -1.782084815e-13, -1.14061822595e-13, 1.15987186083e-14, 6.55375656088e-13, 1.65375518835e-10, 1.05305308917e-09, 2.1933379557e-09, -1.89845847376e-10, -1.31068669806e-10, -1.78019876618e-10, -1.71860609077e-10, 1.77630184867e-11, 9.3374241672e-10, 2.17880424813e-09, -2.1334711775e-10, -4.02749673889e-11, 2.12813655587e-11, 1.20708391199e-11, 6.23324569043e-12, 2.22768331559e-12, 4.56107590932e-13, 1.64216052865e-13, 4.02320871726e-15, 1.4567735848e-16], [2.28784525496e-17, 2.31018495485e-16, 4.54739497726e-17, -4.96364483465e-15, -2.76515790279e-15, 5.6284619367e-16, 2.25247084033e-14, 5.46369286619e-12, 2.53902107672e-11, 6.981451528e-11, -2.48468346592e-12, -4.06595113481e-12, -5.4195311433e-12, -3.79834271674e-12, 7.96088401363e-13, 1.86715348044e-11, 6.24186813347e-11, -3.42087729671e-12, -1.00247967479e-12, 5.9591849684e-13, 3.22345286314e-13, 1.45184388058e-13, 5.017588382e-14, 1.08713104301e-14, 4.02320871726e-15, 1.14887710848e-16, 5.78320636929e-18], [2.53284854233e-18, 6.37478054895e-17, 4.38598821695e-17, -7.21386673897e-16, -3.76242214882e-16, 3.14101575001e-16, 8.42495307053e-15, 1.99981567764e-12, 6.02335672659e-12, 2.54726903633e-12, 1.80548284656e-12, 9.2613698828e-13, -4.70949397102e-13, -6.80474611121e-13, 4.17997152733e-13, 1.57681842843e-12, 2.46783062735e-12, 5.12499222748e-13, -3.21196147208e-14, 8.42551194286e-14, 2.76227066394e-14, 5.99491083606e-15, 1.97953124433e-15, 4.5131440089e-16, 1.4567735848e-16, 5.78320636929e-18, 2.14422068579e-18]]
    },
    "mfcc": {
        "kurt": [1.1082444191, 0.759051799774, 1.02358055115, 0.0525319576263, -0.720981359482, -0.299688339233, 0.906664133072, -0.897794485092, -0.549623012543, -0.808887004852, -1.11431419849, -0.257462978363, -0.729113340378],
        "max": [-654.342834473, 139.341033936, -38.571346283, 49.2657470703, 13.9219207764, 25.2129077911, 67.4540634155, 60.8112335205, 62.3782653809, 39.7088088989, 67.4745788574, 61.1791229248, 52.3302574158],
        "mean": [-815.045593262, 91.1677627563, -130.438064575, 9.11927890778, -23.1330909729, -18.2882957458, 25.301815033, 6.26153230667, -15.8482961655, -14.9427433014, 3.99901008606, -1.8222836256, -21.8423671722],
        "median": [-823.886230469, 95.2266464233, -129.421569824, 8.09671401978, -21.7947731018, -11.6349334717, 27.9302139282, 4.58631896973, -26.5150146484, -16.2053260803, 0.73802947998, -9.09208488464, -22.3076705933],
        "min": [-1051.38110352, 11.2431259155, -187.161819458, -26.3206787109, -66.3708724976, -88.0773010254, -46.4542045593, -41.8938293457, -67.4231185913, -64.9333496094, -45.2343482971, -43.1968803406, -72.2329406738],
        "skew": [0.472473263741, -0.849783301353, 0.179129689932, 0.361923277378, -0.240070000291, -0.786754608154, -0.940956056118, 0.119919642806, 0.755735814571, 0.0860164910555, 0.149578139186, 0.848763287067, 0.303616881371],
        "var": [3087.44750977, 605.044433594, 423.430877686, 189.433258057, 339.29498291, 641.547790527, 494.327636719, 606.702514648, 1106.99316406, 579.008728027, 829.688842773, 532.929077148, 862.880493164],
        "cov": [[3100.15307617, -390.196105957, -797.444580078, -22.416097641, -877.983703613, -577.50604248, -514.777648926, 928.486572266, 1187.49145508, -116.316444397, -557.90612793, 221.660171509, 505.449707031], [-390.196105957, 607.534362793, 1.18869757652, -147.91569519, 90.0611801147, -269.967803955, 1.72732150555, -125.204437256, 6.40184020996, 200.308792114, -28.1706314087, -236.966598511, 4.78497171402], [-797.444580078, 1.18869757652, 425.173400879, -19.0075626373, 266.307617188, 116.685539246, -12.1008968353, -253.706268311, -222.997131348, 165.024353027, 140.778381348, -100.570823669, -209.487762451], [-22.416097641, -147.91569519, -19.0075626373, 190.212814331, 14.6213531494, 133.252868652, 61.8911705017, -43.3559761047, -115.931533813, -90.4475708008, 101.768569946, 160.775283813, -20.518945694], [-877.983703613, 90.0611801147, 266.307617188, 14.6213531494, 340.691253662, 222.726776123, 124.900878906, -333.620697021, -399.19732666, 70.0284881592, 213.366714478, -47.3589668274, -175.604522705], [-577.50604248, -269.967803955, 116.685539246, 133.252868652, 222.726776123, 644.187866211, 347.178619385, -298.137634277, -658.362548828, -299.10736084, 334.933624268, 263.100463867, -104.94152832], [-514.777648926, 1.72732150555, -12.1008968353, 61.8911705017, 124.900878906, 347.178619385, 496.361907959, -77.3043899536, -497.95425415, -381.797302246, -16.921087265, 147.006484985, 131.896759033], [928.486572266, -125.204437256, -253.706268311, -43.3559761047, -333.620697021, -298.137634277, -77.3043899536, 609.19921875, 565.358947754, -174.087677002, -483.162750244, -90.5832595825, 339.160461426], [1187.49145508, 6.40184020996, -222.997131348, -115.931533813, -399.19732666, -658.362548828, -497.95425415, 565.358947754, 1111.54870605, 278.93939209, -552.175415039, -277.344360352, 154.586273193], [-116.316444397, 200.308792114, 165.024353027, -90.4475708008, 70.0284881592, -299.10736084, -381.797302246, -174.087677002, 278.93939209, 581.391479492, 197.739715576, -264.317626953, -352.89630127], [-557.90612793, -28.1706314087, 140.778381348, 101.768569946, 213.366714478, 334.933624268, -16.921087265, -483.162750244, -552.175415039, 197.739715576, 833.103210449, 128.710510254, -559.313171387], [221.660171509, -236.966598511, -100.570823669, 160.775283813, -47.3589668274, 263.100463867, 147.006484985, -90.5832595825, -277.344360352, -264.317626953, 128.710510254, 535.122192383, 191.237594604], [505.449707031, 4.78497171402, -209.487762451, -20.518945694, -175.604522705, -104.94152832, 131.896759033, 339.160461426, 154.586273193, -352.89630127, -559.313171387, 191.237594604, 866.43145752]]
    },
    "sccoeffs": {
        "kurt": [-0.715255498886, 4.34259843826, -1.15802061558, -0.983464717865, -0.629471302032, 0.703312158585],
        "max": [-0.574219584465, -0.19360512495, -0.238133624196, -0.270244777203, -0.361757129431, -0.590366244316],
        "mean": [-0.734403252602, -0.782125592232, -0.671486735344, -0.559103608131, -0.593305885792, -0.716341853142],
        "median": [-0.738337397575, -0.838979423046, -0.756229400635, -0.543872117996, -0.595029532909, -0.719352304935],
        "min": [-0.864745676517, -0.935483753681, -0.915706038475, -0.828699409962, -0.868122637272, -0.912054359913],
        "skew": [0.130710437894, 2.20612549782, 0.624525666237, -0.0500419288874, -0.0558181963861, 0.0375408604741],
        "var": [0.00381865701638, 0.0235362369567, 0.0432843491435, 0.0191220398992, 0.0106124728918, 0.00211159978062],
        "cov": [[0.00383437168784, -0.00105691491626, -0.0033393423073, -0.00118729681708, -0.00221597426571, -0.000862753659021], [-0.00105691491626, 0.0236330926418, -0.00181387306657, -0.000554391532205, -0.00543278409168, -0.00107565021608], [-0.0033393423073, -0.00181387306657, 0.0434624738991, -0.011702333577, 0.00132657377981, 0.000324352178723], [-0.00118729681708, -0.000554391532205, -0.011702333577, 0.0192007310688, 0.005169831682, 0.000830730656162], [-0.00221597426571, -0.00543278409168, 0.00132657377981, 0.005169831682, 0.0106561454013, 0.0022715695668], [-0.000862753659021, -0.00107565021608, 0.000324352178723, 0.000830730656162, 0.0022715695668, 0.0021202894859]]
    },
    "scvalleys": {
        "kurt": [-0.304624557495, 6.77419281006, 2.8370423317, 0.405028820038, -0.622566699982, 0.783077955246],
        "max": [-8.45753002167, -5.43344926834, -3.42123103142, -6.46555948257, -6.04176139832, -8.68778991699],
        "mean": [-9.44738864899, -8.21850967407, -7.25260639191, -8.19845867157, -8.19922065735, -12.123541832],
        "median": [-9.42520713806, -8.25964355469, -7.48202991486, -8.2547492981, -8.31933307648, -12.3857812881],
        "min": [-10.7821645737, -9.86097621918, -9.60137939453, -10.2607040405, -10.34882164, -13.680814743],
        "skew": [-0.214399829507, 1.41170024872, 1.52135133743, 0.0758624151349, 0.386307895184, 1.15837657452],
        "var": [0.209252730012, 0.209007754922, 1.02367675304, 0.351608783007, 0.775520265102, 1.25367391109],
        "cov": [[0.210113853216, 0.0465183369815, 0.0917044132948, 0.0377033054829, 0.102888025343, 0.220266520977], [0.0465183369815, 0.209867864847, 0.262733995914, 0.143795907497, 0.186954215169, 0.145470067859], [0.0917044132948, 0.262733995914, 1.02788937092, 0.450963586569, 0.668711066246, 0.45840087533], [0.0377033054829, 0.143795907497, 0.450963586569, 0.353055715561, 0.329250395298, 0.175336778164], [0.102888025343, 0.186954215169, 0.668711066246, 0.329250395298, 0.778711676598, 0.577539145947], [0.220266520977, 0.145470067859, 0.45840087533, 0.175336778164, 0.577539145947, 1.25883305073]]
    }
},
"rhythm": {
    "beats_loudness": {
        "kurt": 0.894219398499,
        "max": 0.103451363742,
        "mean": 0.0369019880891,
        "median": 0.0339536219835,
        "min": 0.00197865557857,
        "skew": 0.943899273872,
        "var": 0.000629885471426
    },
    "bpm": 184.570327759,
    "confidence": 0.40000000596,
    "first_peak_bpm": {
        "kurt": 0,
        "max": 185,
        "mean": 185,
        "median": 185,
        "min": 185,
        "skew": 0,
        "var": 0
    },
    "first_peak_spread": {
        "kurt": 0,
        "max": 0,
        "mean": 0,
        "median": 0,
        "min": 0,
        "skew": 0,
        "var": 0
    },
    "first_peak_weight": {
        "kurt": 0,
        "max": 0.466666668653,
        "mean": 0.466666668653,
        "median": 0.466666668653,
        "min": 0.466666668653,
        "skew": 0,
        "var": 0
    },
    "onset_rate": 6.92380142212,
    "second_peak_bpm": {
        "kurt": 0,
        "max": 172,
        "mean": 172,
        "median": 172,
        "min": 172,
        "skew": 0,
        "var": 0
    },
    "second_peak_spread": {
        "kurt": 0,
        "max": 0,
        "mean": 0,
        "median": 0,
        "min": 0,
        "skew": 0,
        "var": 0
    },
    "second_peak_weight": {
        "kurt": 0,
        "max": 0.333333343267,
        "mean": 0.333333343267,
        "median": 0.333333343267,
        "min": 0.333333343267,
        "skew": 0,
        "var": 0
    },
    "beats_loudness_band_ratio": {
        "kurt": [5.81791687012, 4.40096712112, -0.669957399368, -1.13285923004, -0.667121648788, 1.93340444565],
        "max": [0.00510684307665, 0.00240869703703, 0.880089044571, 0.964949131012, 0.463596194983, 0.171636626124],
        "mean": [0.000605546287261, 0.000361930346116, 0.223909348249, 0.568643510342, 0.176237806678, 0.0400691665709],
        "median": [0.000108658874524, 0.000119003336295, 0.00323853478767, 0.659199655056, 0.145072966814, 0.0175744108856],
        "min": [2.00877457246e-05, 1.98584311875e-05, 0.000118069932796, 0.00170291005634, 0.0157964508981, 0.00417007226497],
        "skew": [2.67035984993, 2.34925127029, 1.13343811035, -0.591022372246, 0.729912400246, 1.58769547939],
        "var": [1.74692570454e-06, 3.98024525339e-07, 0.127333045006, 0.120519891381, 0.0201404839754, 0.00203158450313],
        "cov": [[1.86338741059e-06, 8.72717066613e-07, -0.000127615392557, 0.00015158180031, -7.73443825892e-05, 4.55311310361e-05], [8.72717066613e-07, 4.2455948801e-07, -7.42461779737e-05, 8.99563819985e-05, -4.02640871471e-05, 2.04110911e-05], [-0.000127615392557, -7.42461779737e-05, 0.135821908712, -0.118266068399, -0.00698637776077, -0.00761576276273], [0.00015158180031, 8.99563819985e-05, -0.118266068399, 0.128554552794, -0.0159812532365, 0.00409452849999], [-7.73443825892e-05, -4.02640871471e-05, -0.00698637776077, -0.0159812532365, 0.0214831829071, 0.000975328788627], [4.55311310361e-05, 2.04110911e-05, -0.00761576276273, 0.00409452849999, 0.000975328788627, 0.00216702348553]]
    },
    "beats_position": [0.31346938014, 0.638548731804, 0.96362811327, 1.30031740665, 1.64861679077, 1.99691605568, 2.34521532059, 2.70512461662, 3.05342388153, 3.39011335373, 3.7151927948, 4.04027223587, 4.3653512001, 4.71365070343, 5.0387301445, 5.36380958557],
    "bpm_estimates": [184.5703125, 184.570297241, 184.570266724, 184.570266724, 184.570541382, 184.570266724, 184.570266724],
    "bpm_intervals": [0.325079351664, 0.325079381466, 0.336689293385, 0.348299384117, 0.348299264908, 0.348299264908, 0.359909296036, 0.348299264908, 0.336689472198, 0.325079441071, 0.325079441071, 0.325078964233, 0.348299503326, 0.325079441071, 0.325079441071],
    "onset_times": [0.0116099771112, 0.116099774837, 0.325079351664, 0.452789127827, 0.638548731804, 0.801088452339, 0.952018141747, 1.14938771725, 1.27709746361, 1.47446715832, 1.60217690468, 1.78793644905, 1.92725622654, 2.00852608681, 2.11301589012, 2.2523355484, 2.31038546562, 2.36843538284, 2.57741498947, 2.68190479279, 2.76317453384, 2.89088439941, 3.08825397491, 3.21596360207, 3.30884361267, 3.42494320869, 3.54104304314, 3.65714287758, 3.87773251534, 3.99383211136, 4.20281171799, 4.31891155243, 4.52789115906, 4.6439909935, 4.85297060013, 4.96907043457, 5.18966007233, 5.29414987564, 5.51473903656],
    "histogram": [[0, 0, 0, 0, 0, 0, 0, 0, 0, 0, 0, 0, 0, 0, 0, 0, 0, 0, 0, 0, 0, 0, 0, 0, 0, 0, 0, 0, 0, 0, 0, 0, 0, 0, 0, 0, 0, 0, 0, 0, 0, 0, 0, 0, 0, 0, 0, 0, 0, 0, 0, 0, 0, 0, 0, 0, 0, 0, 0, 0, 0, 0, 0, 0, 0, 0, 0, 0, 0, 0, 0, 0, 0, 0, 0, 0, 0, 0, 0, 0, 0, 0, 0, 0, 0, 0, 0, 0, 0, 0, 0, 0, 0, 0, 0, 0, 0, 0, 0, 0, 0, 0, 0, 0, 0, 0, 0, 0, 0, 0, 0, 0, 0, 0, 0, 0, 0, 0, 0, 0, 0, 0, 0, 0, 0, 0, 0, 0, 0, 0, 0, 0, 0, 0, 0, 0, 0, 0, 0, 0, 0, 0, 0, 0, 0, 0, 0, 0, 0, 0, 0, 0, 0, 0, 0, 0, 0, 0, 0, 0, 0, 0, 0, 0, 0, 0, 0, 0.0666666701436, 0, 0, 0, 0, 0.333333343267, 0, 0, 0, 0, 0, 0.133333340287, 0, 0, 0, 0, 0, 0, 0.466666668653, 0, 0, 0, 0, 0, 0, 0, 0, 0, 0, 0, 0, 0, 0, 0, 0, 0, 0, 0, 0, 0, 0, 0, 0, 0, 0, 0, 0, 0, 0, 0, 0, 0, 0, 0, 0, 0, 0, 0, 0, 0, 0, 0, 0, 0, 0, 0, 0, 0, 0, 0, 0, 0, 0, 0, 0, 0, 0, 0, 0, 0, 0, 0, 0]]
},
"sfx": {
    "inharmonicity": {
        "kurt": 72.5000457764,
        "max": 0.254881531,
        "mean": 0.00986744370311,
        "median": 0.00392692815512,
        "min": 2.56133316725e-05,
        "skew": 7.29775714874,
        "var": 0.000456242443761
    },
    "oddtoevenharmonicenergyratio": {
        "kurt": 158.790634155,
        "max": 82.5536804199,
        "mean": 1.00189495087,
        "median": 0.0554115734994,
        "min": 0.000825878989417,
        "skew": 11.9401597977,
        "var": 33.7241287231
    },
    "pitch_after_max_to_before_max_energy_ratio": 5.13438510895,
    "pitch_centroid": 121.295722961,
    "pitch_max_to_total": 0.159836068749,
    "pitch_min_to_total": 0.774590134621,
    "tristimulus": {
        "kurt": [0.956855773926, 0.920003890991, 20.5173282623],
        "max": [0.893259465694, 0.903929293156, 0.449127733707],
        "mean": [0.611248791218, 0.365298956633, 0.0234521999955],
        "median": [0.633958935738, 0.336149066687, 0],
        "min": [0.00263885268942, 0.106740571558, 0],
        "skew": [-0.878635942936, 0.973730742931, 3.77480912209],
        "var": [0.024067889899, 0.0225024111569, 0.00274293241091],
        "cov": [[0.0241669360548, -0.0220038723201, -0.00216307095252], [-0.0220038723201, 0.0225950125605, -0.000591146934312], [-0.00216307095252, -0.000591146934312, 0.00275422027335]]
    }
},
"tonal": {
    "chords_changes_rate": 0.0975609719753,
    "chords_number_rate": 0.0325203239918,
    "chords_strength": {
        "kurt": -1.04821300507,
        "max": 0.53396910429,
        "mean": 0.454811900854,
        "median": 0.453355997801,
        "min": 0.370612233877,
        "skew": 0.104551009834,
        "var": 0.00205420260318
    },
    "key_strength": 0.309969335794,
    "tuning_diatonic_strength": 0.472364962101,
    "tuning_equal_tempered_deviation": 0.246380060911,
    "tuning_frequency": 449.504882812,
    "tuning_nontempered_energy_ratio": 0.918908178806,
    "hpcp": {
        "kurt": [12.1533441544, 10.4945526123, 12.9826936722, 11.5241165161, 9.46771526337, 5.25405979156, 7.35195922852, 5.35227775574, 9.23555374146, 5.78818130493, 8.1754617691, 10.8406543732, 15.9747924805, 9.18937110901, 4.68835926056, 1.7401099205, 1.02773189545, 0.374803066254, -0.259984493256, 0.377281427383, 0.491736888885, 0.493392705917, 1.20443677902, 1.53941726685, 0.843616247177, 0.629959344864, 0.269014835358, 0.257228136063, 0.995263576508, 1.1551194191, -0.170933485031, 0.286106586456, 4.52797985077, 7.77243900299, 9.90114498138, 10.9322080612],
        "max": [1, 0.858597934246, 0.990448713303, 0.894913554192, 1, 1, 1, 0.645766913891, 1, 1, 1, 0.889721155167, 1, 1, 1, 1, 1, 1, 1, 1, 1, 1, 1, 1, 1, 1, 1, 1, 1, 1, 1, 1, 1, 1, 1, 1],
