{
"metadata": {
    "version": {
        "essentia": "2.1-beta3"
    }
},
"lowLevel": {
    "average_loudness": 0.000122331417515,
    "barkbands_kurtosis": {
        "kurt": 207.070098877,
        "max": 148.332901001,
        "mean": -0.0485631041229,
        "median": -1.18402504921,
        "min": -1.91167283058,
        "skew": 12.5467367172,
        "var": 34.1907653809
    },
    "barkbands_skewness": {
        "kurt": 10.4160442352,
        "max": 6.63343715668,
        "mean": -0.0459211282432,
        "median": -0.0164399668574,
        "min": -11.1664047241,
        "skew": -1.36198031902,
        "var": 1.28696143627
    },
    "barkbands_spread": {
        "kurt": 0.705627679825,
        "max": 68.8914794922,
        "mean": 36.1625099182,
        "median": 37.4231948853,
        "min": 0.73103260994,
        "skew": -0.675260961056,
        "var": 100.745887756
    },
    "dissonance": {
        "kurt": 152.900726318,
        "max": 0.500000178814,
        "mean": 0.485493689775,
        "median": 0.487721800804,
        "min": 0.0541535690427,
        "skew": -5.48404979706,
        "var": 0.000118797797768
    },
    "hfc": {
        "kurt": 137.643569946,
        "max": 0.950011432171,
        "mean": 0.0120806908235,
        "median": 0.00475145597011,
        "min": 1.79616961304e-06,
        "skew": 10.7815322876,
        "var": 0.00197483506054
    },
    "pitch": {
        "kurt": -1.47510766983,
        "max": 4554.28222656,
        "mean": 1527.61584473,
        "median": 563.277587891,
        "min": 48.487827301,
        "skew": 0.574033439159,
        "var": 2274611.5
    },
    "pitch_instantaneous_confidence": {
        "kurt": 1.25469064713,
        "max": 0.98301255703,
        "mean": 0.370185315609,
        "median": 0.328041881323,
        "min": 0.114913702011,
        "skew": 1.20089113712,
        "var": 0.0267099495977
    },
    "pitch_salience": {
        "kurt": 2.92872476578,
        "max": 0.949726939201,
        "mean": 0.644230246544,
        "median": 0.662154316902,
        "min": 0.0895695313811,
        "skew": -1.30429947376,
        "var": 0.0086668189615
    },
    "silence_rate_20dB": {
        "kurt": 0,
        "max": 1,
        "mean": 1,
        "median": 1,
        "min": 1,
        "skew": 0,
        "var": 0
    },
    "silence_rate_30dB": {
        "kurt": 0,
        "max": 1,
        "mean": 1,
        "median": 1,
        "min": 1,
        "skew": 0,
        "var": 0
    },
    "silence_rate_60dB": {
        "kurt": 0,
        "max": 1,
        "mean": 1,
        "median": 1,
        "min": 1,
        "skew": 0,
        "var": 0
    },
    "spectral_centroid": {
        "kurt": -0.402236223221,
        "max": 4154.11035156,
        "mean": 1623.22607422,
        "median": 1605.15722656,
        "min": 184.791046143,
        "skew": 0.212397798896,
        "var": 382498.3125
    },
    "spectral_complexity": {
        "kurt": 172.67086792,
        "max": 2,
        "mean": 0.0100011769682,
        "median": 0,
        "min": 0,
        "skew": 12.4548654556,
        "var": 0.012492980808
    },
    "spectral_crest": {
        "kurt": 4.49663829803,
        "max": 26.3168373108,
        "mean": 6.96165370941,
        "median": 6.08470630646,
        "min": 2.37576508522,
        "skew": 1.83329677582,
        "var": 10.5056705475
    },
    "spectral_decrease": {
        "kurt": 0,
        "max": -1.21199893015e-16,
        "mean": -1.42769986371e-12,
        "median": -6.91690899435e-13,
        "min": -8.34220054147e-11,
        "skew": -10.3200931549,
        "var": 1.56997850957e-23
    },
    "spectral_energy": {
        "kurt": 133.570541382,
        "max": 0.000401022552978,
        "mean": 6.4842242864e-06,
        "median": 3.09850724989e-06,
        "min": 6.20355211645e-10,
        "skew": 10.5185031891,
        "var": 3.56889851005e-10
    },
    "spectral_energyband_high": {
        "kurt": 456.82522583,
        "max": 4.20761134592e-05,
        "mean": 3.92370651525e-07,
        "median": 1.83626426065e-07,
        "min": 8.51362522147e-11,
        "skew": 16.7705612183,
        "var": 9.77003525825e-13
    },
    "spectral_energyband_low": {
        "kurt": 199.63458252,
        "max": 7.32722764951e-05,
        "mean": 1.08136180188e-06,
        "median": 4.1546184093e-07,
        "min": 1.3763916222e-11,
        "skew": 11.7887363434,
        "var": 8.63663307538e-12
    },
    "spectral_energyband_middle_high": {
        "kurt": 153.710906982,
        "max": 0.000392317568185,
        "mean": 3.97721078116e-06,
        "median": 1.32861180191e-06,
        "min": 4.96493235413e-10,
        "skew": 11.4830169678,
        "var": 3.22425613986e-10
    },
    "spectral_energyband_middle_low": {
        "kurt": 159.296951294,
        "max": 5.7438879594e-05,
        "mean": 1.28571082314e-06,
        "median": 7.90597937339e-07,
        "min": 2.57176779872e-11,
        "skew": 10.1798467636,
        "var": 4.66469050886e-12
    },
    "spectral_flatness_db": {
        "kurt": 8.25866413116,
        "max": 0.407077133656,
        "mean": 0.165850013494,
        "median": 0.159918472171,
        "min": 0.080034725368,
        "skew": 2.13991260529,
        "var": 0.000955214491114
    },
    "spectral_flux": {
        "kurt": 36.7985076904,
        "max": 0.0134411687031,
        "mean": 0.00135827634949,
        "median": 0.0011460473761,
        "min": 0.000438637041952,
        "skew": 5.10725831985,
        "var": 8.33409785628e-07
    },
    "spectral_kurtosis": {
        "kurt": 26.4731426239,
        "max": 39.6884880066,
        "mean": 3.87811207771,
        "median": 3.45195508003,
        "min": -0.465711116791,
        "skew": 3.57776498795,
        "var": 5.51008605957
    },
    "spectral_rms": {
        "kurt": 41.5851364136,
        "max": 0.000625493004918,
        "mean": 6.57226555631e-05,
        "median": 5.4981213907e-05,
        "min": 7.77961815857e-07,
        "skew": 5.48139190674,
        "var": 2.0066071027e-09
    },
    "spectral_rolloff": {
        "kurt": 2.36183071136,
        "max": 7299.75585938,
        "mean": 3174.34423828,
        "median": 3359.1796875,
        "min": 107.666015625,
        "skew": -1.33526015282,
        "var": 688074.4375
    },
    "spectral_skewness": {
        "kurt": 5.60058879852,
        "max": 4.44996070862,
        "mean": 1.10078859329,
        "median": 1.08924365044,
        "min": -0.274751394987,
        "skew": 1.03764212132,
        "var": 0.12770563364
    },
    "spectral_spread": {
        "kurt": 88.0356292725,
        "max": 20341120,
        "mean": 3175727,
        "median": 3153911.5,
        "min": 1145245.625,
        "skew": 3.82558035851,
        "var": 260969201664
    },
    "spectral_strongpeak": {
        "kurt": 93.731552124,
        "max": 1.78669214249,
        "mean": 0.0316939279437,
        "median": 0.00492110662162,
        "min": 8.68672796059e-05,
        "skew": 8.1569480896,
        "var": 0.00738064572215
    },
    "zerocrossingrate": {
        "kurt": 0.0930817127228,
        "max": 0.19921875,
        "mean": 0.0950903147459,
        "median": 0.095703125,
        "min": 0.0078125,
        "skew": -0.111256964505,
        "var": 0.000613069685642
    },
    "barkbands": {
        "kurt": [252.957748413, 63.1336593628, 314.97076416, 258.692199707, 69.4355010986, 756.756103516, 2539.94702148, 1086.06530762, 1244.52307129, 1483.22314453, 3491.18847656, 2268.82958984, 1177.37524414, 706.666381836, 342.912384033, 224.608123779, 228.022354126, 795.286376953, 785.913452148, 280.176239014, 478.822509766, 712.826293945, 6309.04882812, 1108.13818359, 2382.01098633, 3573.93701172, inf],
        "max": [9.38365474212e-08, 1.41675209306e-05, 5.05075950059e-05, 3.5819135519e-05, 1.32255636345e-05, 3.84549130104e-05, 3.77363285224e-05, 2.8978816772e-05, 2.1243982701e-05, 1.46193642649e-05, 3.20415165334e-05, 4.11309010815e-05, 3.0996168789e-05, 2.84897432721e-05, 2.00272006623e-05, 0.000128470681375, 0.000365023966879, 0.000139545809361, 7.43820055504e-05, 3.40122205671e-05, 1.81733958016e-05, 8.95861546724e-07, 1.49913057612e-06, 1.27743533085e-07, 1.77433989279e-07, 1.84236341738e-08, 3.67582825289e-10],
        "mean": [1.51764623091e-09, 3.6097588918e-07, 4.88920477437e-07, 3.65855441942e-07, 3.54206378006e-07, 2.39585347117e-07, 1.20574242146e-07, 1.01076636838e-07, 8.66036131697e-08, 5.04301347348e-08, 7.46507282656e-08, 1.09546490989e-07, 1.0443353915e-07, 1.20052916941e-07, 1.70215713524e-07, 6.71817588227e-07, 1.50423056766e-06, 4.77175149172e-07, 4.53490685004e-07, 4.70885311188e-07, 1.47509851445e-07, 8.20215095843e-09, 1.43641032402e-09, 4.77334949345e-10, 3.32428085059e-10, 1.42300884617e-11, 2.28678838018e-13],
        "median": [8.79343153848e-10, 1.09829763062e-07, 1.75863021923e-07, 1.30044867319e-07, 2.16016033505e-07, 1.39622784445e-07, 6.56545893207e-08, 4.27057003094e-08, 3.98196178253e-08, 2.23946248212e-08, 3.41583188401e-08, 4.22632098207e-08, 3.64281405041e-08, 3.95143331389e-08, 6.42879030011e-08, 1.16643093406e-07, 1.54056522206e-07, 1.61386225273e-07, 2.05357522987e-07, 2.28419011705e-07, 6.30988168382e-08, 4.72736783053e-09, 6.25937079946e-10, 2.21861473637e-10, 1.28305088776e-10, 2.65433400086e-13, 5.36371518218e-14],
        "min": [8.53677968159e-13, 7.31610431959e-12, 2.52461094565e-12, 1.35740962741e-12, 4.56477954394e-12, 5.19756460093e-12, 1.14719464397e-12, 4.9308283151e-12, 8.00364635678e-12, 9.92500786418e-13, 8.47295497652e-12, 1.03514358543e-11, 1.14102035112e-11, 9.59542601625e-12, 6.78443022248e-12, 2.07214974346e-11, 1.13944888247e-10, 1.89113003035e-10, 1.04120129185e-10, 7.75846956125e-11, 1.30965195286e-11, 4.53486944177e-12, 1.91667992241e-12, 1.85703752723e-12, 1.57886095691e-12, 1.09056210243e-13, 2.69462801038e-15],
        "skew": [10.6564321518, 6.78476667404, 15.2488355637, 14.020236969, 5.98806142807, 25.0278072357, 44.099193573, 29.3690738678, 31.3372783661, 29.5342750549, 51.5610847473, 37.8709602356, 28.0793018341, 21.9377098083, 15.9185914993, 13.7430210114, 14.0438308716, 25.7656860352, 22.3048686981, 12.6826820374, 18.8478775024, 20.1604251862, 75.2307128906, 29.0517997742, 41.5800247192, 55.6602363586, 112.910392761],
        "var": [5.75110348972e-18, 8.01737040472e-13, 2.85385235409e-12, 1.61970079276e-12, 2.30631079555e-13, 8.15246687432e-13, 2.78383327675e-13, 3.19113469373e-13, 1.74320546062e-13, 4.60952009527e-14, 1.68769783305e-13, 2.89818407988e-13, 2.68372753491e-13, 3.35235718308e-13, 3.500610175e-13, 2.15298039813e-11, 1.75135614344e-10, 1.01225009277e-11, 2.04006516541e-12, 9.94018127358e-13, 2.42169050655e-13, 3.04266357813e-16, 2.64191111496e-16, 5.65610800022e-18, 5.63463480511e-18, 6.44050773622e-20, 8.76797675795e-24],
        "cov": [[5.75144180659e-18, 3.53123204976e-17, -3.74072083384e-18, 3.14993156587e-17, 2.64710799296e-17, 1.28756318191e-18, 1.8701308743e-18, -7.30070270384e-18, -1.84961869762e-17, -3.1433888981e-18, -5.48230866813e-18, 2.14354260448e-18, -7.36494816765e-18, 1.24631063011e-17, 2.36029701219e-17, -8.55794907524e-17, -3.70720671797e-16, -7.42376269444e-17, -1.86094743242e-17, 3.25595362109e-17, -2.93960778432e-18, -6.91126268518e-20, -1.35496527034e-19, -2.21900537411e-20, -4.24127585616e-20, -8.47477940535e-22, -3.52053097218e-23], [3.53123204976e-17, 8.01784203266e-13, 4.04740368824e-13, 9.98763382111e-14, 1.52003125256e-13, 1.18086887585e-14, 5.86016144668e-15, -1.25133807836e-15, -5.17039922432e-15, -2.47542350692e-15, -1.35426973387e-15, 5.50742834008e-16, -3.33125479716e-15, 1.15988041586e-14, -9.23512314392e-15, -2.8023663661e-15, -2.50002367305e-14, -5.10759139247e-14, -1.75075848729e-14, -6.04560999312e-15, -8.97095897866e-15, -1.47723525383e-16, -1.30988854263e-16, -4.33650130963e-17, -3.38450212049e-17, -2.7722645969e-18, 3.77520707925e-20], [-3.74072083384e-18, 4.04740368824e-13, 2.85402018858e-12, 1.62990985726e-12, 1.89568169105e-13, 2.45202401e-14, 5.72069916598e-15, 5.45969104548e-15, 1.86169180895e-15, 2.27121021609e-15, 8.16569576713e-15, 9.65620863298e-15, 8.60525758588e-15, 1.58908361459e-14, 6.74917207625e-15, 4.76035226862e-13, 1.45508323272e-12, -1.53583556598e-14, 4.06728153558e-15, 4.11891793459e-15, 5.30860789626e-15, 2.65171102146e-16, 7.80725686131e-17, 2.99526765104e-17, 5.15500579017e-17, 1.26099434743e-18, 2.42607782662e-19], [3.14993156587e-17, 9.98763382111e-14, 1.62990985726e-12, 1.61979609413e-12, 1.71251874443e-13, 2.28940300149e-14, 4.06754776862e-16, 3.11314016041e-16, -6.65442106495e-16, -1.00633410277e-16, 5.61017915405e-15, 1.00891714298e-15, 5.78174567752e-15, 8.68741554659e-15, 5.58555675331e-15, 6.50783029896e-13, 1.89979390726e-12, -1.4999130681e-14, -6.2800733716e-15, 4.39438406047e-15, 5.67311116094e-15, 2.85500898732e-16, 1.75109397587e-16, 4.60082687437e-17, 7.22042780324e-17, 2.09556447459e-18, 2.15881990661e-19], [2.64710799296e-17, 1.52003125256e-13, 1.89568169105e-13, 1.71251874443e-13, 2.30644659188e-13, 3.71893982894e-14, 1.38738279288e-14, 1.20614518603e-14, 4.88157665942e-15, 1.03797714933e-15, 2.53469739026e-15, 4.48253816742e-15, 9.2305182493e-16, 2.20736904639e-14, 1.09829256556e-14, 1.83346905231e-14, 8.07822436873e-14, -1.73221066804e-14, 9.97192068232e-15, 1.60192819161e-14, 8.33009639186e-15, 4.0239774526e-16, 1.00665888697e-16, -4.25669790198e-18, 4.85024590001e-18, 9.04869519082e-19, 1.90674194637e-20], [1.28756318191e-18, 1.18086887585e-14, 2.45202401e-14, 2.28940300149e-14, 3.71893982894e-14, 8.15294663378e-13, 1.7676214225e-13, 1.06450984231e-14, 5.67952125217e-14, 1.21658893287e-14, -4.28648302147e-16, 4.10387505296e-15, 4.77181728308e-15, 4.02054894911e-14, 1.2636626195e-14, 4.47698756051e-14, 1.59853385953e-13, 1.8482445934e-13, 4.36328050242e-14, 2.183794256e-14, 1.19774609203e-14, 8.92722010308e-16, 1.19496086241e-16, 5.19907168663e-17, 8.33885407726e-17, 1.15295932752e-17, 6.13277263767e-20], [1.8701308743e-18, 5.86016144668e-15, 5.72069916598e-15, 4.06754776862e-16, 1.38738279288e-14, 1.7676214225e-13, 2.78399699127e-13, 4.72841743245e-14, 1.18048550874e-14, 8.11577926851e-15, 3.06145383939e-15, 4.54484845212e-15, 2.7607399907e-15, 2.02030707159e-14, 1.87008374552e-14, 5.19459624512e-14, 7.04606119002e-14, 7.72775059547e-14, 1.2726651059e-13, 2.937441482e-14, 5.17661780141e-14, 2.943512813e-16, 1.51681948574e-16, 3.63781890389e-17, 4.26377724453e-17, 4.39309833063e-18, 3.42366307374e-20], [-7.30070270384e-18, -1.25133807836e-15, 5.45969104548e-15, 3.11314016041e-16, 1.20614518603e-14, 1.06450984231e-14, 4.72841743245e-14, 3.19132253176e-13, 1.11716573018e-14, 1.38222326109e-14, 4.66848603978e-15, 9.94770739849e-15, 3.32108595487e-15, 5.30391939949e-14, 9.54805082654e-14, 9.02115838627e-14, 5.79747499465e-14, 7.47542557912e-14, 2.61248786276e-13, 6.66387314796e-14, 1.23256250041e-13, 5.68591247575e-16, 1.37810460573e-16, 6.87161897382e-17, 9.25326915721e-17, 1.07838750637e-17, 4.15943473561e-20], [-1.84961869762e-17, -5.17039922432e-15, 1.86169180895e-15, -6.65442106495e-16, 4.88157665942e-15, 5.67952125217e-14, 1.18048550874e-14, 1.11716573018e-14, 1.74330805325e-13, 1.2371105083e-14, 1.98815166804e-14, 2.0450648282e-14, 5.74184534351e-15, 4.13481775945e-14, 2.31430695598e-14, 7.43681849501e-14, 8.49993564574e-14, 1.91823716199e-13, 6.89049850706e-14, 4.47688964351e-14, 2.01558384647e-14, 5.59367746993e-16, 1.12124901132e-16, 7.13647955898e-17, 8.80643677822e-17, 1.09921368081e-17, 2.10359170667e-20], [-3.1433888981e-18, -2.47542350692e-15, 2.27121021609e-15, -1.00633410277e-16, 1.03797714933e-15, 1.21658893287e-14, 8.11577926851e-15, 1.38222326109e-14, 1.2371105083e-14, 4.60979148462e-14, 5.29533870163e-15, 1.61684732172e-14, 7.55282169001e-15, 2.211215423e-14, 1.82706819373e-14, 2.76909588602e-14, 6.14312203537e-14, 3.38711501067e-14, 2.40045342544e-14, 3.65979490637e-14, 1.12093587383e-14, 3.22730458453e-16, 5.44636262471e-17, 2.1093893096e-17, 2.37332891187e-17, 3.05700539275e-18, 8.79210353862e-21], [-5.48230866813e-18, -1.35426973387e-15, 8.16569576713e-15, 5.61017915405e-15, 2.53469739026e-15, -4.28648302147e-16, 3.06145383939e-15, 4.66848603978e-15, 1.98815166804e-14, 5.29533870163e-15, 1.68779717307e-13, 2.30744022928e-14, 1.14564119909e-14, 9.33556515783e-15, 2.74035758278e-14, 1.17571900024e-13, 2.71150913137e-13, 7.75073940847e-15, 2.06033395233e-14, 2.09208261067e-14, 9.73792359547e-15, 5.44458378935e-16, 4.14590202201e-17, 1.40146382227e-17, 1.76763616537e-17, 7.68120071913e-19, 8.27956336715e-21], [2.14354260448e-18, 5.50742834008e-16, 9.65620863298e-15, 1.00891714298e-15, 4.48253816742e-15, 4.10387505296e-15, 4.54484845212e-15, 9.94770739849e-15, 2.0450648282e-14, 1.61684732172e-14, 2.30744022928e-14, 2.89835457067e-13, 3.4105005739e-14, 3.01470206763e-14, 3.88080646991e-14, 6.95696823175e-14, 1.37307252699e-13, 1.9762037601e-14, 5.34028523442e-14, 3.36259374566e-14, 1.52862680738e-14, 3.75046416119e-16, 6.51372770127e-17, 2.16514806577e-17, 2.5697455953e-17, 2.12893252691e-18, 1.68877694691e-20], [-7.36494816765e-18, -3.33125479716e-15, 8.60525758588e-15, 5.78174567752e-15, 9.2305182493e-16, 4.77181728308e-15, 2.7607399907e-15, 3.32108595487e-15, 5.74184534351e-15, 7.55282169001e-15, 1.14564119909e-14, 3.4105005739e-14, 2.68388555737e-13, 3.34368932553e-14, 3.48455124347e-14, 8.47362883528e-14, 1.79802597507e-13, 2.09029245735e-13, 4.75860670313e-14, 4.78493452001e-14, 1.86063678706e-14, 1.02903481075e-15, 7.60776802909e-17, 5.05954583876e-17, 1.74180248766e-17, 1.02628050445e-18, 3.53032478255e-20], [1.24631063011e-17, 1.15988041586e-14, 1.58908361459e-14, 8.68741554659e-15, 2.20736904639e-14, 4.02054894911e-14, 2.02030707159e-14, 5.30391939949e-14, 4.13481775945e-14, 2.211215423e-14, 9.33556515783e-15, 3.01470206763e-14, 3.34368932553e-14, 3.35255450788e-13, 6.90704953085e-14, 1.29115603842e-13, 2.43849536917e-13, 1.37343356631e-13, 1.69142017016e-13, 6.18253346196e-14, 5.28485201022e-14, 1.08187219661e-15, 2.77428754154e-16, 1.99932161327e-16, 2.42273075194e-16, 3.72298872849e-17, 4.19673799629e-20], [2.36029701219e-17, -9.23512314392e-15, 6.74917207625e-15, 5.58555675331e-15, 1.09829256556e-14, 1.2636626195e-14, 1.87008374552e-14, 9.54805082654e-14, 2.31430695598e-14, 1.82706819373e-14, 2.74035758278e-14, 3.88080646991e-14, 3.48455124347e-14, 6.90704953085e-14, 3.50081617341e-13, 2.38358622119e-13, 2.06104176694e-13, 9.33186701199e-14, 1.80798206809e-13, 1.76776765426e-13, 9.52830343922e-14, 9.23492917337e-16, 1.8132718852e-16, 4.90008923946e-17, 6.13666172037e-17, 4.89611720088e-18, 3.3638514531e-20], [-8.55794907524e-17, -2.8023663661e-15, 4.76035226862e-13, 6.50783029896e-13, 1.83346905231e-14, 4.47698756051e-14, 5.19459624512e-14, 9.02115838627e-14, 7.43681849501e-14, 2.76909588602e-14, 1.17571900024e-13, 6.95696823175e-14, 8.47362883528e-14, 1.29115603842e-13, 2.38358622119e-13, 2.15310703294e-11, 4.5969183321e-11, 8.5623825738e-13, 5.07057883094e-13, 6.01544747174e-13, 2.75436872746e-13, 4.67434623723e-15, 4.28810641306e-15, 1.19146184872e-15, 1.71606492834e-15, 8.67900464178e-17, 1.70921415646e-18], [-3.70720671797e-16, -2.50002367305e-14, 1.45508323272e-12, 1.89979390726e-12, 8.07822436873e-14, 1.59853385953e-13, 7.04606119002e-14, 5.79747499465e-14, 8.49993564574e-14, 6.14312203537e-14, 2.71150913137e-13, 1.37307252699e-13, 1.79802597507e-13, 2.43849536917e-13, 2.06104176694e-13, 4.5969183321e-11, 1.75145911663e-10, 1.49057957817e-12, 1.85943664979e-12, 1.21051421925e-12, 4.80643628196e-13, 1.17415935847e-14, 1.20995649548e-14, 4.5958694817e-15, 5.23748677484e-15, 2.3568371473e-16, 6.01819101053e-18], [-7.42376269444e-17, -5.10759139247e-14, -1.53583556598e-14, -1.4999130681e-14, -1.73221066804e-14, 1.8482445934e-13, 7.72775059547e-14, 7.47542557912e-14, 1.91823716199e-13, 3.38711501067e-14, 7.75073940847e-15, 1.9762037601e-14, 2.09029245735e-13, 1.37343356631e-13, 9.33186701199e-14, 8.5623825738e-13, 1.49057957817e-12, 1.01230968053e-11, 7.08883093285e-13, 3.15728400455e-13, 1.57380646059e-13, 1.18942179104e-14, 1.54101042907e-15, 1.67138965784e-15, 2.18058600224e-16, 1.5052642358e-17, 3.88185211521e-19], [-1.86094743242e-17, -1.75075848729e-14, 4.06728153558e-15, -6.2800733716e-15, 9.97192068232e-15, 4.36328050242e-14, 1.2726651059e-13, 2.61248786276e-13, 6.89049850706e-14, 2.40045342544e-14, 2.06033395233e-14, 5.34028523442e-14, 4.75860670313e-14, 1.69142017016e-13, 1.80798206809e-13, 5.07057883094e-13, 1.85943664979e-12, 7.08883093285e-13, 2.04018529501e-12, 2.92494733945e-13, 2.32000182954e-13, 3.51468867573e-15, 7.70858586093e-16, 6.56254445995e-16, 3.82557242551e-16, 2.81010724139e-17, 2.07114031264e-19], [3.25595362109e-17, -6.04560999312e-15, 4.11891793459e-15, 4.39438406047e-15, 1.60192819161e-14, 2.183794256e-14, 2.937441482e-14, 6.66387314796e-14, 4.47688964351e-14, 3.65979490637e-14, 2.09208261067e-14, 3.36259374566e-14, 4.78493452001e-14, 6.18253346196e-14, 1.76776765426e-13, 6.01544747174e-13, 1.21051421925e-12, 3.15728400455e-13, 2.92494733945e-13, 9.94076674275e-13, 2.16980689601e-13, 3.9900837998e-15, 6.52923753628e-16, 2.23564023214e-16, 1.98707457565e-16, 1.75684129294e-17, 1.32776369439e-19], [-2.93960778432e-18, -8.97095897866e-15, 5.30860789626e-15, 5.67311116094e-15, 8.33009639186e-15, 1.19774609203e-14, 5.17661780141e-14, 1.23256250041e-13, 2.01558384647e-14, 1.12093587383e-14, 9.73792359547e-15, 1.52862680738e-14, 1.86063678706e-14, 5.28485201022e-14, 9.52830343922e-14, 2.75436872746e-13, 4.80643628196e-13, 1.57380646059e-13, 2.32000182954e-13, 2.16980689601e-13, 2.42183280808e-13, 1.9441295023e-15, 3.84031794563e-16, 1.16823776702e-16, 1.17356401607e-16, 1.10943399358e-17, 5.89610592466e-20], [-6.91126268518e-20, -1.47723525383e-16, 2.65171102146e-16, 2.85500898732e-16, 4.0239774526e-16, 8.92722010308e-16, 2.943512813e-16, 5.68591247575e-16, 5.59367746993e-16, 3.22730458453e-16, 5.44458378935e-16, 3.75046416119e-16, 1.02903481075e-15, 1.08187219661e-15, 9.23492917337e-16, 4.67434623723e-15, 1.17415935847e-14, 1.18942179104e-14, 3.51468867573e-15, 3.9900837998e-15, 1.9441295023e-15, 3.04284277854e-16, 3.84131129028e-17, 1.65689487932e-17, 1.06181883055e-17, 9.55781658604e-19, 1.46775182346e-21], [-1.35496527034e-19, -1.30988854263e-16, 7.80725686131e-17, 1.75109397587e-16, 1.00665888697e-16, 1.19496086241e-16, 1.51681948574e-16, 1.37810460573e-16, 1.12124901132e-16, 5.44636262471e-17, 4.14590202201e-17, 6.51372770127e-17, 7.60776802909e-17, 2.77428754154e-16, 1.8132718852e-16, 4.28810641306e-15, 1.20995649548e-14, 1.54101042907e-15, 7.70858586093e-16, 6.52923753628e-16, 3.84031794563e-16, 3.84131129028e-17, 2.64206675726e-16, 5.40732433201e-18, 5.07502726839e-18, 3.77380733456e-19, 6.49963931585e-22], [-2.21900537411e-20, -4.33650130963e-17, 2.99526765104e-17, 4.60082687437e-17, -4.25669790198e-18, 5.19907168663e-17, 3.63781890389e-17, 6.87161897382e-17, 7.13647955898e-17, 2.1093893096e-17, 1.40146382227e-17, 2.16514806577e-17, 5.05954583876e-17, 1.99932161327e-16, 4.90008923946e-17, 1.19146184872e-15, 4.5958694817e-15, 1.67138965784e-15, 6.56254445995e-16, 2.23564023214e-16, 1.16823776702e-16, 1.65689487932e-17, 5.40732433201e-18, 5.65644052683e-18, 4.27765162766e-18, 2.74471426093e-19, 3.06958551457e-22], [-4.24127585616e-20, -3.38450212049e-17, 5.15500579017e-17, 7.22042780324e-17, 4.85024590001e-18, 8.33885407726e-17, 4.26377724453e-17, 9.25326915721e-17, 8.80643677822e-17, 2.37332891187e-17, 1.76763616537e-17, 2.5697455953e-17, 1.74180248766e-17, 2.42273075194e-16, 6.13666172037e-17, 1.71606492834e-15, 5.23748677484e-15, 2.18058600224e-16, 3.82557242551e-16, 1.98707457565e-16, 1.17356401607e-16, 1.06181883055e-17, 5.07502726839e-18, 4.27765162766e-18, 5.63496650454e-18, 2.91296538246e-19, 2.64083797175e-22], [-8.47477940535e-22, -2.7722645969e-18, 1.26099434743e-18, 2.09556447459e-18, 9.04869519082e-19, 1.15295932752e-17, 4.39309833063e-18, 1.07838750637e-17, 1.09921368081e-17, 3.05700539275e-18, 7.68120071913e-19, 2.12893252691e-18, 1.02628050445e-18, 3.72298872849e-17, 4.89611720088e-18, 8.67900464178e-17, 2.3568371473e-16, 1.5052642358e-17, 2.81010724139e-17, 1.75684129294e-17, 1.10943399358e-17, 9.55781658604e-19, 3.77380733456e-19, 2.74471426093e-19, 2.91296538246e-19, 6.44088642985e-20, 2.10210258215e-23], [-3.52053097218e-23, 3.77520707925e-20, 2.42607782662e-19, 2.15881990661e-19, 1.90674194637e-20, 6.13277263767e-20, 3.42366307374e-20, 4.15943473561e-20, 2.10359170667e-20, 8.79210353862e-21, 8.27956336715e-21, 1.68877694691e-20, 3.53032478255e-20, 4.19673799629e-20, 3.3638514531e-20, 1.70921415646e-18, 6.01819101053e-18, 3.88185211521e-19, 2.07114031264e-19, 1.32776369439e-19, 5.89610592466e-20, 1.46775182346e-21, 6.49963931585e-22, 3.06958551457e-22, 2.64083797175e-22, 2.10210258215e-23, 8.76849267298e-24]]
    },
    "mfcc": {
        "kurt": [0.556436061859, 0.345516204834, 0.581829309464, 0.341662883759, 1.36543321609, 0.54934668541, 0.259132146835, 0.617319822311, 1.55625677109, 0.482664823532, 0.953139543533, 0.77180981636, 0.875087738037],
        "max": [-896.686096191, 104.188545227, 48.3544654846, 85.3953094482, 76.1615600586, 38.2748413086, 45.794303894, 32.762336731, 41.1990318298, 39.2136230469, 31.9107017517, 37.5998458862, 37.1264762878],
        "mean": [-1046.22033691, 55.3385009766, -2.31606388092, 32.2132720947, 17.0960521698, -7.34407711029, 4.98867321014, -2.00441884995, -5.22125959396, -0.764085412025, -7.15978097916, -0.393902987242, 3.30058717728],
        "median": [-1047.86132812, 54.1488304138, -0.555397033691, 31.4774665833, 16.7902908325, -6.87980651855, 4.82438278198, -1.81799316406, -5.3671875, -0.800483703613, -6.87808418274, -0.64733505249, 3.35956954956],
        "min": [-1138.42004395, 1.14440917969e-05, -85.9182891846, -15.7653923035, -28.5311546326, -57.5432395935, -34.304359436, -43.1165771484, -38.2543563843, -31.2762527466, -47.8223304749, -31.7669029236, -41.8435783386],
        "skew": [0.490662246943, 0.474003762007, -0.61708843708, 0.243433326483, 0.28392291069, -0.292736113071, 0.0316650979221, -0.249862492085, 0.344512462616, 0.0658059716225, -0.279176741838, 0.327444791794, -0.11650018394],
        "var": [561.219726562, 137.154418945, 356.354095459, 130.294586182, 103.741073608, 105.865921021, 86.4794082642, 72.2467041016, 64.5029678345, 56.6635131836, 62.3991127014, 51.6710319519, 49.7429466248],
        "cov": [[561.252746582, 113.621055603, -315.776031494, 102.797698975, 39.1177177429, -60.6638793945, 51.239238739, -21.6777267456, 21.9184207916, 28.720916748, -39.5233573914, 33.8761100769, 8.13676643372], [113.621055603, 137.162490845, 57.3285865784, 8.17190361023, 33.1499481201, 26.0435295105, 6.39869213104, 15.5195474625, 7.22088193893, 4.62070274353, 9.46393203735, -2.13560295105, -1.54124808311], [-315.776031494, 57.3285865784, 356.375061035, -8.52178001404, -6.48885154724, 64.9494552612, -14.1860752106, 33.5710792542, -4.35930919647, -12.1965560913, 38.7289619446, -21.1690196991, -8.22130870819], [102.797698975, 8.17190361023, -8.52178001404, 130.302246094, 37.0223312378, -28.7095336914, 24.4722194672, 10.9915418625, 13.0800161362, 7.89085674286, -10.7528085709, 15.7351036072, 6.39392614365], [39.1177177429, 33.1499481201, -6.48885154724, 37.0223312378, 103.747177124, 43.4264373779, -10.519446373, 19.6796741486, 15.4081439972, -5.29296731949, -2.55930399895, 1.55576252937, 7.68504095078], [-60.6638793945, 26.0435295105, 64.9494552612, -28.7095336914, 43.4264373779, 105.872146606, 30.2985897064, -2.33775424957, 4.95358514786, 2.25220704079, 2.12987399101, -4.14214611053, 2.80834126472], [51.239238739, 6.39869213104, -14.1860752106, 24.4722194672, -10.519446373, 30.2985897064, 86.4844970703, 21.5273151398, -9.29408359528, 10.2977104187, 0.875096619129, 2.82379937172, 4.09842443466], [-21.6777267456, 15.5195474625, 33.5710792542, 10.9915418625, 19.6796741486, -2.33775424957, 21.5273151398, 72.2509536743, 23.3203697205, -11.861164093, 7.71025180817, 0.367002367973, 0.0421864837408], [21.9184207916, 7.22088193893, -4.35930919647, 13.0800161362, 15.4081439972, 4.95358514786, -9.29408359528, 23.3203697205, 64.5067672729, 20.646894455, -16.1636486053, 5.67293787003, 4.7456202507], [28.720916748, 4.62070274353, -12.1965560913, 7.89085674286, -5.29296731949, 2.25220704079, 10.2977104187, -11.861164093, 20.646894455, 56.666847229, 19.2620105743, -8.67971324921, -0.377473503351], [-39.5233573914, 9.46393203735, 38.7289619446, -10.7528085709, -2.55930399895, 2.12987399101, 0.875096619129, 7.71025180817, -16.1636486053, 19.2620105743, 62.4027824402, 11.8786697388, -14.5826311111], [33.8761100769, -2.13560295105, -21.1690196991, 15.7351036072, 1.55576252937, -4.14214611053, 2.82379937172, 0.367002367973, 5.67293787003, -8.67971324921, 11.8786697388, 51.6740722656, 19.3388118744], [8.13676643372, -1.54124808311, -8.22130870819, 6.39392614365, 7.68504095078, 2.80834126472, 4.09842443466, 0.0421864837408, 4.7456202507, -0.377473503351, -14.5826311111, 19.3388118744, 49.7458724976]]
    },
    "sccoeffs": {
        "kurt": [1.48310279846, 2.78501796722, 3.98030519485, 2.95650005341, 12.0028085709, 1.36081838608],
        "max": [-0.544926226139, -0.599956512451, -0.628282189369, -0.658864557743, -0.627492070198, -0.576663613319],
        "mean": [-0.806255221367, -0.856753945351, -0.876328647137, -0.8633466959, -0.861627399921, -0.780897676945],
        "median": [-0.811304330826, -0.859881281853, -0.880734920502, -0.869120061398, -0.867941617966, -0.785119473934],
        "min": [-0.951922416687, -0.951924324036, -0.950961947441, -0.956285655499, -0.918718755245, -0.93760740757],
        "skew": [0.808694243431, 0.942609131336, 1.33778440952, 1.34144771099, 2.65570282936, 0.774572193623],
        "var": [0.00186383759137, 0.00128454854712, 0.000969733810052, 0.00103779486381, 0.000886998255737, 0.00119690748397],
        "cov": [[0.00186394725461, 1.78266836883e-05, -2.19762932829e-05, 2.26257707254e-05, 7.5603791629e-05, 7.12697801646e-05], [1.78266836883e-05, 0.00128462421708, 7.02056204318e-05, 6.72671812936e-05, 7.15472924639e-05, -1.22603005366e-05], [-2.19762932829e-05, 7.02056204318e-05, 0.000969790911768, 0.000256076658843, 0.000173087493749, 0.000133914480102], [2.26257707254e-05, 6.72671812936e-05, 0.000256076658843, 0.00103785598185, 0.000402178120567, 0.000243305315962], [7.5603791629e-05, 7.15472924639e-05, 0.000173087493749, 0.000402178120567, 0.000887050409801, 0.000352476432454], [7.12697801646e-05, -1.22603005366e-05, 0.000133914480102, 0.000243305315962, 0.000352476432454, 0.00119697791524]]
    },
    "scvalleys": {
        "kurt": [0.639492273331, 1.48291349411, 1.39307308197, 1.28266477585, 0.786371469498, 1.31138801575],
        "max": [-8.0541343689, -7.72629165649, -8.53558635712, -8.09878635406, -8.38348484039, -11.107635498],
        "mean": [-9.76143836975, -9.9353761673, -10.4522829056, -10.5015087128, -10.3289442062, -14.3074159622],
        "median": [-9.7675151825, -9.93390846252, -10.4517192841, -10.509349823, -10.3356571198, -14.2749824524],
        "min": [-13.9850473404, -14.494977951, -14.5824661255, -14.3677768707, -14.1052808762, -15.8751869202],
        "skew": [-0.0410007089376, -0.0683286115527, -0.0632614716887, 0.128202155232, 0.185302168131, 0.187835067511],
        "var": [0.189017623663, 0.143600285053, 0.116834588349, 0.130474597216, 0.141017094254, 0.260186225176],
        "cov": [[0.18902875483, 0.0302168652415, 0.0252903159708, 0.0202409736812, 0.0141339432448, 0.00606654584408], [0.0302168652415, 0.143608734012, 0.0380941368639, 0.0355027727783, 0.0420482866466, 0.0273044481874], [0.0252903159708, 0.0380941368639, 0.116841465235, 0.0550247579813, 0.0575203113258, 0.0375717356801], [0.0202409736812, 0.0355027727783, 0.0550247579813, 0.130482271314, 0.0840692967176, 0.0503371283412], [0.0141339432448, 0.0420482866466, 0.0575203113258, 0.0840692967176, 0.141025394201, 0.0706472247839], [0.00606654584408, 0.0273044481874, 0.0375717356801, 0.0503371283412, 0.0706472247839, 0.26020154357]]
    }
},
"rhythm": {
    "beats_loudness": {
        "kurt": 75.6816101074,
        "max": 0.000271530938335,
        "mean": 7.71076429373e-06,
        "median": 3.26371764459e-06,
        "min": 7.6135773952e-07,
        "skew": 8.00305080414,
        "var": 4.25513069224e-10
    },
    "bpm": 128.873199463,
    "confidence": -0.181994199753,
    "first_peak_bpm": {
        "kurt": 0,
        "max": 129,
        "mean": 129,
        "median": 129,
        "min": 129,
        "skew": 0,
        "var": 0
    },
    "first_peak_spread": {
        "kurt": 0,
        "max": 0.288288295269,
        "mean": 0.288288295269,
        "median": 0.288288295269,
        "min": 0.288288295269,
        "skew": 0,
        "var": 0
    },
    "first_peak_weight": {
        "kurt": 0,
        "max": 0.0996216908097,
        "mean": 0.0996216908097,
        "median": 0.0996216908097,
        "min": 0.0996216908097,
        "skew": 0,
        "var": 0
    },
    "onset_rate": 1.24920701981,
    "second_peak_bpm": {
        "kurt": 0,
        "max": 123,
        "mean": 123,
        "median": 123,
        "min": 123,
        "skew": 0,
        "var": 0
    },
    "second_peak_spread": {
        "kurt": 0,
        "max": 0.294736802578,
        "mean": 0.294736802578,
        "median": 0.294736802578,
        "min": 0.294736802578,
        "skew": 0,
        "var": 0
    },
    "second_peak_weight": {
        "kurt": 0,
        "max": 0.0844892784953,
        "mean": 0.0844892784953,
        "median": 0.0844892784953,
        "min": 0.0844892784953,
        "skew": 0,
        "var": 0
    },
    "beats_loudness_band_ratio": {
        "kurt": [0.298498630524, 7.60521793365, 9.07169151306, 24.2787036896, 3.03786420822, 3.15292215347],
        "max": [0.91243237257, 0.915207147598, 0.561364531517, 0.757518053055, 0.986079216003, 0.860978007317],
        "mean": [0.251900792122, 0.144795835018, 0.0774401500821, 0.0803873762488, 0.270334631205, 0.209552884102],
        "median": [0.197580397129, 0.123367056251, 0.0606263205409, 0.0614684931934, 0.232286810875, 0.174780935049],
        "min": [0.00066728470847, 0.000512670667376, 0.00071502517676, 0.00097715575248, 0.024235362187, 0.00586593803018],
        "skew": [0.957096874714, 1.9508728981, 2.40126562119, 3.90762972832, 1.51309370995, 1.51386475563],
        "var": [0.0383623167872, 0.011865792796, 0.00425080256537, 0.00566194625571, 0.0289846528322, 0.0201223455369],
        "cov": [[0.0384106934071, 0.00180406682193, -0.00220333761536, -0.00351303187199, -0.0194408334792, -0.0141569972038], [0.00180406682193, 0.0118807554245, 0.00163694494404, -0.000865813693963, -0.00725543918088, -0.00520991999656], [-0.00220333761536, 0.00163694494404, 0.00425616325811, 7.34768109396e-05, -0.00233037304133, -0.000781275273766], [-0.00351303187199, -0.000865813693963, 7.34768109396e-05, 0.00566908624023, -0.000862636545207, -0.000437773007434], [-0.0194408334792, -0.00725543918088, -0.00233037304133, -0.000862636545207, 0.0290212035179, -0.000604479631875], [-0.0141569972038, -0.00520991999656, -0.000781275273766, -0.000437773007434, -0.000604479631875, 0.0201477203518]]
    },
