{
"metadata": {
    "version": {
        "essentia": "2.1-beta3"
    }
},
"lowLevel": {
    "average_loudness": 0.480417490005,
    "barkbands_kurtosis": {
        "kurt": 40.8690605164,
        "max": 29.2795753479,
        "mean": 0.160371780396,
        "median": -0.280053853989,
        "min": -1.66496515274,
        "skew": 4.27502918243,
        "var": 2.92050004005
    },
    "barkbands_skewness": {
        "kurt": 0.982629060745,
        "max": 3.57236981392,
        "mean": 0.291432410479,
        "median": 0.29671600461,
        "min": -2.39087533951,
        "skew": 0.0431938022375,
        "var": 0.453046679497
    },
    "barkbands_spread": {
        "kurt": 0.629731416702,
        "max": 52.7333488464,
        "mean": 17.6665306091,
        "median": 17.331823349,
        "min": 1.28720021248,
        "skew": 0.580907523632,
        "var": 48.5412750244
    },
    "dissonance": {
        "kurt": 12.8244934082,
        "max": 0.500000059605,
        "mean": 0.476401656866,
        "median": 0.482836216688,
        "min": 0.199671924114,
        "skew": -2.31026816368,
        "var": 0.000470438768389
    },
    "hfc": {
        "kurt": 91.646522522,
        "max": 148.485839844,
        "mean": 3.93320679665,
        "median": 1.83506083488,
        "min": 3.09620928896e-09,
        "skew": 7.17154693604,
        "var": 50.5553245544
    },
    "pitch": {
        "kurt": 28.7308883667,
        "max": 4302.67382812,
        "mean": 519.451293945,
        "median": 484.694152832,
        "min": 79.6497268677,
        "skew": 4.78988552094,
        "var": 213505.375
    },
    "pitch_instantaneous_confidence": {
        "kurt": -0.664585351944,
        "max": 0.967069685459,
        "mean": 0.460047125816,
        "median": 0.417751550674,
        "min": 0.134644329548,
        "skew": 0.577292144299,
        "var": 0.0367423854768
    },
    "pitch_salience": {
        "kurt": 1.04398107529,
        "max": 0.862669050694,
        "mean": 0.641056001186,
        "median": 0.655833423138,
        "min": 0.156773403287,
        "skew": -0.857346057892,
        "var": 0.00879842787981
    },
    "silence_rate_20dB": {
        "kurt": 0,
        "max": 1,
        "mean": 1,
        "median": 1,
        "min": 1,
        "skew": 0,
        "var": 0
    },
    "silence_rate_30dB": {
        "kurt": 0,
        "max": 1,
        "mean": 1,
        "median": 1,
        "min": 1,
        "skew": 0,
        "var": 0
    },
    "silence_rate_60dB": {
        "kurt": 0.82577419281,
        "max": 1,
        "mean": 0.821719110012,
        "median": 1,
        "min": 0,
        "skew": -1.68100214005,
        "var": 0.146501988173
    },
    "spectral_centroid": {
        "kurt": 1.15153884888,
        "max": 4451.91357422,
        "mean": 1494.79345703,
        "median": 1438.66540527,
        "min": 351.862243652,
        "skew": 0.774114012718,
        "var": 259218.921875
    },
    "spectral_complexity": {
        "kurt": 7.83658790588,
        "max": 51,
        "mean": 5.87866973877,
        "median": 5,
        "min": 0,
        "skew": 2.03323936462,
        "var": 27.0216999054
    },
    "spectral_crest": {
        "kurt": 1.54878520966,
        "max": 25.2289352417,
        "mean": 8.05583763123,
        "median": 7.07846689224,
        "min": 2.37260723114,
        "skew": 1.2925080061,
        "var": 14.7076997757
    },
    "spectral_decrease": {
        "kurt": 30.3310317993,
        "max": -6.39178899534e-19,
        "mean": -5.02565378202e-10,
        "median": -2.9770783061e-10,
        "min": -8.449422495e-09,
        "skew": -4.42251682281,
        "var": 4.59616962004e-19
    },
    "spectral_energy": {
        "kurt": 32.5046615601,
        "max": 0.0387217737734,
        "mean": 0.00225355220027,
        "median": 0.00130056554917,
        "min": 2.69324449895e-12,
        "skew": 4.60335493088,
        "var": 9.94637412077e-06
    },
    "spectral_energyband_high": {
        "kurt": 686.431518555,
        "max": 0.0202764235437,
        "mean": 0.0001373316627,
        "median": 3.39640100719e-05,
        "min": 4.32545336625e-14,
        "skew": 21.5321292877,
        "var": 3.00167499745e-07
    },
    "spectral_energyband_low": {
        "kurt": 107.375221252,
        "max": 0.00537263322622,
        "mean": 7.67109231674e-05,
        "median": 8.59248029883e-06,
        "min": 3.68034324804e-14,
        "skew": 7.78262472153,
        "var": 5.78558605469e-08
    },
    "spectral_energyband_middle_high": {
        "kurt": 35.2781143188,
        "max": 0.037631880492,
        "mean": 0.00167195405811,
        "median": 0.000761012022849,
        "min": 1.3204558974e-12,
        "skew": 4.77345657349,
        "var": 7.82189999882e-06
    },
    "spectral_energyband_middle_low": {
        "kurt": 103.302490234,
        "max": 0.00968637503684,
        "mean": 0.000400605233153,
        "median": 0.000282480265014,
        "min": 1.35113209683e-12,
        "skew": 7.04230260849,
        "var": 1.98168791599e-07
    },
    "spectral_flatness_db": {
        "kurt": 0.999893188477,
        "max": 0.338436156511,
        "mean": 0.177776247263,
        "median": 0.171613544226,
        "min": 0.0853223949671,
        "skew": 0.825124561787,
        "var": 0.00127002352383
    },
    "spectral_flux": {
        "kurt": 8.54500865936,
        "max": 0.170384317636,
        "mean": 0.0274521969259,
        "median": 0.0231415778399,
        "min": 3.45194494002e-05,
        "skew": 2.27404689789,
        "var": 0.000310774106765
    },
    "spectral_kurtosis": {
        "kurt": 1.80787849426,
        "max": 22.8687438965,
        "mean": 6.36191654205,
        "median": 5.92967700958,
        "min": 0.334958314896,
        "skew": 1.01607179642,
        "var": 7.92162752151
    },
    "spectral_rms": {
        "kurt": 5.21970844269,
        "max": 0.00614632712677,
        "mean": 0.00128553819377,
        "median": 0.00112642999738,
        "min": 5.12596898261e-08,
        "skew": 1.78638792038,
        "var": 5.45978139144e-07
    },
    "spectral_rolloff": {
        "kurt": -0.644880056381,
        "max": 5835.49804688,
        "mean": 2531.953125,
        "median": 2497.8515625,
        "min": 559.86328125,
        "skew": 0.166996762156,
        "var": 888164.8125
    },
    "spectral_skewness": {
        "kurt": 0.141515254974,
        "max": 3.29768967628,
        "mean": 1.69751489162,
        "median": 1.68772470951,
        "min": 0.477391153574,
        "skew": 0.138417512178,
        "var": 0.152906194329
    },
    "spectral_spread": {
        "kurt": 20.9959373474,
        "max": 12983893,
        "mean": 3064647.25,
        "median": 2940689.75,
        "min": 1790417.625,
        "skew": 3.11049389839,
        "var": 556456476672
    },
    "spectral_strongpeak": {
        "kurt": 9.54152679443,
        "max": 8.09550666809,
        "mean": 0.769765794277,
        "median": 0.423459529877,
        "min": 1.48772471675e-06,
        "skew": 2.70526790619,
        "var": 0.960992753506
    },
    "zerocrossingrate": {
        "kurt": 15.0686740875,
        "max": 0.42578125,
        "mean": 0.0815849378705,
        "median": 0.07861328125,
        "min": 0.0322265625,
        "skew": 1.65325570107,
        "var": 0.000577135710046
    },
    "barkbands": {
        "kurt": [104.142448425, 90.7982559204, 128.448745728, 56.8103103638, 30.7781448364, 327.743133545, 52.161315918, 133.580780029, 364.633850098, 56.2829437256, 199.387329102, 100.649490356, 529.831726074, 95.5003890991, 220.016601562, 147.459365845, 115.780204773, 105.716575623, 86.5653991699, 56.5872497559, 218.340118408, 1902.09997559, 198.034729004, 396.218017578, 505.370849609, 1040.00305176, 1180.32092285],
        "max": [1.76311568794e-05, 0.00188674766105, 0.00306833023205, 0.00101621099748, 0.000707379600499, 0.00211364473216, 0.0015747967409, 0.00334356958047, 0.00904492940754, 0.00270160706714, 0.0168503969908, 0.0203816201538, 0.0175710413605, 0.0107277473435, 0.00906647369266, 0.0104214120656, 0.00634681480005, 0.00453071948141, 0.00863629020751, 0.00401587365195, 0.00402410002425, 0.0167696289718, 0.000161854972248, 0.000108251551865, 0.000140457545058, 2.12737613765e-05, 4.94615726154e-08],
        "mean": [2.47898782391e-07, 2.65539674729e-05, 3.66809545085e-05, 2.46279632847e-05, 3.55739175575e-05, 4.71824896522e-05, 6.64016843075e-05, 7.14727066224e-05, 0.000121737459267, 9.13138064789e-05, 0.00023716360738, 0.0003608839761, 0.000147580154589, 0.00016907636018, 9.39352539717e-05, 0.000120842152683, 0.000105211685877, 0.000103920341644, 0.000186836245121, 0.000130357919261, 4.83169133076e-05, 2.51839555858e-05, 1.44104660649e-06, 5.38804840744e-07, 4.3660747906e-07, 3.61598395671e-08, 1.43527759122e-10],
        "median": [2.68457718278e-08, 1.3190261825e-06, 3.5146101709e-06, 6.75987894283e-06, 2.04391726584e-05, 3.03852521029e-05, 3.99682030547e-05, 3.73527655029e-05, 5.32476951776e-05, 4.15055692429e-05, 7.1705042501e-05, 5.49633332412e-05, 4.33509812865e-05, 2.78322622762e-05, 2.02427763725e-05, 2.60480082943e-05, 2.52646423178e-05, 3.40674814652e-05, 5.36806619493e-05, 3.6325014662e-05, 1.19341966638e-05, 2.56050407188e-06, 1.68809833667e-07, 4.61496263426e-08, 2.3133029714e-08, 9.64875623843e-10, 2.80979562534e-11],
        "min": [7.49388174941e-15, 9.89450525907e-15, 1.3626488379e-14, 2.01753998436e-14, 6.1824494363e-14, 2.6991931368e-13, 4.60846204947e-13, 8.85190222987e-14, 3.3949622627e-13, 2.29709019818e-13, 3.56019467379e-14, 9.76854773287e-14, 4.09727210927e-13, 1.93368711072e-14, 2.73985126037e-13, 1.64756093967e-13, 3.7542035046e-14, 4.92094802136e-14, 4.90869619799e-14, 1.63863267031e-14, 2.65927704797e-14, 6.67696124695e-15, 1.57075875557e-15, 9.25324308448e-16, 8.61088453162e-16, 7.70191494708e-16, 2.56060922e-17],
        "skew": [8.5580291748, 7.96421480179, 8.96416187286, 6.30645895004, 4.44517278671, 12.9351444244, 5.43801259995, 9.35817813873, 15.4269304276, 6.14502096176, 11.8362627029, 8.66655254364, 19.7024211884, 8.08258152008, 12.2598342896, 10.6060771942, 8.70207500458, 8.71558380127, 7.27381038666, 6.65211582184, 12.1367416382, 41.1374397278, 12.5484485626, 18.094165802, 21.1821994781, 29.4263076782, 32.1352043152],
        "var": [8.02447843416e-13, 1.00423349636e-08, 1.80260943949e-08, 3.83532228199e-09, 2.38635933236e-09, 4.62363436426e-09, 8.11089151398e-09, 2.15872368869e-08, 9.3581377314e-08, 2.86072552313e-08, 5.00318890317e-07, 1.49546804096e-06, 2.88951781613e-07, 3.15265737072e-07, 1.21694270661e-07, 2.22220947421e-07, 9.16563323017e-08, 6.93043773481e-08, 1.94260792341e-07, 1.02709279304e-07, 2.53840379827e-08, 1.21748854554e-07, 5.57155571679e-11, 1.67897935138e-11, 2.48617567505e-11, 2.76313558622e-13, 1.45612532336e-18],
        "cov": [[8.02731795965e-13, 3.33088556737e-11, 2.69248026652e-11, 1.10681177765e-11, 1.08029999876e-11, 5.28495650021e-12, 6.49781270456e-12, 1.491428335e-11, 6.38775577572e-12, 8.59398056191e-12, -1.52038121676e-11, -4.50061932167e-11, 8.18887145593e-12, -1.19846459146e-11, -1.12690291126e-11, -1.16254523369e-11, -4.16037083256e-12, 2.62596286946e-13, -7.79484376351e-12, -2.77454404937e-12, -3.4671235067e-12, -6.43281977165e-13, 3.29334744697e-14, 4.73094802808e-14, 1.10646338419e-14, -1.10204396861e-15, 6.43101865628e-18], [3.33088556737e-11, 1.00458885655e-08, 9.18941189809e-09, 2.98275448785e-09, 1.96246530138e-09, 5.39654265719e-10, 1.11918629919e-09, 7.75353947713e-10, 4.12095868541e-09, 1.89915794202e-09, -1.55656609824e-09, -3.1101166087e-09, 9.78063408041e-09, -1.13956011294e-09, -5.12972775368e-10, -6.03274263877e-10, 1.47174006315e-09, 2.30069918672e-09, 2.26319785135e-09, 1.9768156001e-09, 6.04060967913e-11, 5.2071680301e-10, 3.47938310108e-11, 2.36629743577e-11, 1.20609754822e-11, 6.82970552942e-13, 3.60301769499e-15], [2.69248026652e-11, 9.18941189809e-09, 1.8032471516e-08, 4.77124029175e-09, 2.39714337269e-09, 7.45234096655e-10, 9.86676074177e-10, 7.45811301606e-10, 4.83450879329e-09, 2.47036435752e-09, -2.20666351858e-09, -4.27444701856e-09, 1.45694150078e-08, -8.72300842669e-10, -1.05875364032e-09, -1.49962653406e-09, 1.53108314915e-09, 2.01771532815e-09, 1.3150991407e-09, 1.21765653116e-09, -2.38785907714e-10, 3.62913282759e-10, 2.17550508858e-11, 2.04818714072e-11, 8.20461840828e-12, 4.8573574633e-13, 3.59564893186e-15], [1.10681177765e-11, 2.98275448785e-09, 4.77124029175e-09, 3.83667941861e-09, 1.74229186634e-09, 4.61721549883e-10, 4.20009332869e-10, 6.33305408115e-10, 1.90169946457e-09, 1.76609049607e-09, -8.39030678268e-10, -1.20403220727e-09, 4.42602798856e-09, -5.34650379524e-10, -4.37585745416e-10, -5.52585033287e-10, 8.79634309836e-10, 1.33237709754e-09, 1.31707023066e-09, 1.28681054701e-09, 2.34166176033e-11, 2.89556240096e-10, 2.56508599084e-11, 1.66773799631e-11, 9.94134982668e-12, 5.81382706734e-13, 3.40897896392e-15], [1.08029999876e-11, 1.96246530138e-09, 2.39714337269e-09, 1.74229186634e-09, 2.387203768e-09, 6.45494824258e-10, 6.79206746401e-10, 6.80376366358e-10, 1.13337694785e-09, 1.01145003484e-09, -1.02220432119e-09, -1.96865879154e-09, 2.21027995906e-09, -9.61276822031e-11, -7.08865133259e-10, -6.72842059846e-10, 2.37120295621e-10, 7.20018544786e-10, 6.41921182876e-10, 5.30708366142e-10, 1.2613618483e-11, 2.19969889526e-10, 2.10896352465e-11, 1.06335608721e-11, 7.90127338557e-12, 4.65518194739e-13, 2.41465164581e-15], [5.28495650021e-12, 5.39654265719e-10, 7.45234096655e-10, 4.61721549883e-10, 6.45494824258e-10, 4.62527038891e-09, 9.67426361242e-10, 5.06756137053e-10, 1.49625267731e-09, 9.30551247169e-10, 8.27444612828e-10, 6.35856534092e-10, 5.75707370665e-10, 1.47330741357e-11, 5.73140368498e-10, 1.16867027167e-09, 7.07113534393e-10, 6.8896377492e-10, 7.55312978828e-10, 1.45609124758e-09, 3.63261143388e-10, 7.30269594795e-11, 9.01764340283e-12, 4.22468397071e-12, -3.55882966326e-13, 7.1471989568e-14, 1.0629695976e-15], [6.49781270456e-12, 1.11918629919e-09, 9.86676074177e-10, 4.20009332869e-10, 6.79206746401e-10, 9.67426361242e-10, 8.11376121845e-09, 1.36367783732e-09, 3.89707904835e-10, 1.37999855987e-09, 2.29793339912e-09, 7.7992771963e-11, 1.01064479008e-09, 1.04566877379e-09, 8.19986134548e-10, 1.45279774322e-10, 1.3804253296e-09, 1.12277109832e-09, 3.6936456671e-10, 6.86884216172e-10, 2.09576356269e-10, -4.14025508322e-10, 6.77133002447e-12, 5.10321429212e-12, -2.17361241853e-12, -5.19039347092e-13, 2.1487163876e-16], [1.491428335e-11, 7.75353947713e-10, 7.45811301606e-10, 6.33305408115e-10, 6.80376366358e-10, 5.06756137053e-10, 1.36367783732e-09, 2.15948752214e-08, 5.72290748124e-09, 7.85151499372e-10, 3.36133321177e-09, 9.98147342557e-09, 2.34050473447e-10, 1.34487132541e-09, 1.02222907916e-09, 1.32070465675e-10, 1.73192071795e-09, 2.55570764551e-09, 3.38071837191e-09, 3.50263107407e-09, 1.50703027835e-09, 5.54082224546e-10, 2.4179944505e-11, 5.87800814966e-12, 7.24476338296e-12, 7.40484171376e-13, 3.08420366205e-15], [6.38775577572e-12, 4.12095868541e-09, 4.83450879329e-09, 1.90169946457e-09, 1.13337694785e-09, 1.49625267731e-09, 3.89707904835e-10, 5.72290748124e-09, 9.36144886055e-08, 5.6479048105e-09, -7.32956095817e-09, -2.3769575197e-09, 3.38196892713e-09, -4.64650451448e-09, -8.1202189417e-10, -6.35419161732e-10, 2.21289320201e-09, 5.10887820937e-09, 7.95743915205e-09, 5.13524511803e-09, 1.83328530134e-09, 3.78481468388e-09, 4.35032065926e-10, 1.45946157937e-10, 8.52985182487e-11, 5.19695484563e-12, 1.35972344021e-14], [8.59398056191e-12, 1.89915794202e-09, 2.47036435752e-09, 1.76609049607e-09, 1.01145003484e-09, 9.30551247169e-10, 1.37999855987e-09, 7.85151499372e-10, 5.6479048105e-09, 2.8617378689e-08, 3.69586361515e-09, -4.25190016529e-09, 1.17146239376e-08, -1.98487781766e-09, 1.2745013378e-10, -6.00644756155e-10, 2.26603491527e-09, 6.51928555584e-09, 8.29891888543e-09, 5.46161560422e-09, 2.73338129908e-09, 5.69359137614e-09, 1.7481702197e-10, 1.27269167427e-10, 1.54957963128e-10, 1.14736371445e-11, 3.17746486945e-14], [-1.52038121676e-11, -1.55656609824e-09, -2.20666351858e-09, -8.39030678268e-10, -1.02220432119e-09, 8.27444612828e-10, 2.29793339912e-09, 3.36133321177e-09, -7.32956095817e-09, 3.69586361515e-09, 5.00495900724e-07, 4.46142784938e-08, 1.83707680179e-08, 6.22854585686e-08, 2.49441178823e-08, 4.67455620878e-08, 1.73674639115e-08, 2.3231066848e-08, 6.71366748861e-08, 3.01909253153e-08, 1.02953636727e-08, 2.52245691001e-09, -5.15436348117e-12, 6.01198535399e-11, 6.31411034568e-11, 3.84284878224e-12, 3.52885716525e-14], [-4.50061932167e-11, -3.1101166087e-09, -4.27444701856e-09, -1.20403220727e-09, -1.96865879154e-09, 6.35856534092e-10, 7.7992771963e-11, 9.98147342557e-09, -2.3769575197e-09, -4.25190016529e-09, 4.46142784938e-08, 1.4959971395e-06, 1.01885584414e-08, 8.33444033788e-08, 2.39900828092e-07, 1.14340586777e-07, 1.26030869296e-07, 1.28109959974e-07, 1.65655563933e-07, 1.5589498048e-07, 7.97266181962e-08, 6.77208022992e-09, 2.28364910315e-10, 1.39798173038e-10, 5.76166024613e-11, 1.5950133575e-11, 1.05969798366e-13], [8.18887145593e-12, 9.78063408041e-09, 1.45694150078e-08, 4.42602798856e-09, 2.21027995906e-09, 5.75707370665e-10, 1.01064479008e-09, 2.34050473447e-10, 3.38196892713e-09, 1.17146239376e-08, 1.83707680179e-08, 1.01885584414e-08, 2.89054042923e-07, 2.89209971527e-08, 2.46575027063e-08, 1.06123385635e-08, 1.52588164326e-08, 2.71566538146e-08, 3.16025072777e-08, 2.33338770528e-08, 5.94255666897e-09, 1.08525144427e-08, 3.76384784451e-10, 1.60836538532e-10, 1.81333281724e-10, 1.58773307002e-11, 4.73047978827e-14], [-1.19846459146e-11, -1.13956011294e-09, -8.72300842669e-10, -5.34650379524e-10, -9.61276822031e-11, 1.47330741357e-11, 1.04566877379e-09, 1.34487132541e-09, -4.64650451448e-09, -1.98487781766e-09, 6.22854585686e-08, 8.33444033788e-08, 2.89209971527e-08, 3.15377292281e-07, 2.31927970162e-08, 8.18558021365e-08, 2.41352697827e-08, 1.79059345129e-08, 5.70660922961e-08, 2.37756516697e-08, 1.58783635129e-08, 2.3795585502e-09, 1.06711035841e-10, 2.93860942524e-11, 2.50035860072e-11, 2.23183472571e-12, 2.69450074368e-14], [-1.12690291126e-11, -5.12972775368e-10, -1.05875364032e-09, -4.37585745416e-10, -7.08865133259e-10, 5.73140368498e-10, 8.19986134548e-10, 1.02222907916e-09, -8.1202189417e-10, 1.2745013378e-10, 2.49441178823e-08, 2.39900828092e-07, 2.46575027063e-08, 2.31927970162e-08, 1.2173732955e-07, 1.82489507949e-08, 4.90850986523e-08, 4.17522691976e-08, 4.18575680783e-08, 4.16429131178e-08, 1.98330507573e-08, 4.97807883804e-09, 1.61469948523e-10, 9.38346553236e-11, 7.47258713241e-11, 1.07974306579e-11, 4.50934591317e-14], [-1.16254523369e-11, -6.03274263877e-10, -1.49962653406e-09, -5.52585033287e-10, -6.72842059846e-10, 1.16867027167e-09, 1.45279774322e-10, 1.32070465675e-10, -6.35419161732e-10, -6.00644756155e-10, 4.67455620878e-08, 1.14340586777e-07, 1.06123385635e-08, 8.18558021365e-08, 1.82489507949e-08, 2.22299590291e-07, 4.37944684961e-08, 2.86418764261e-08, 8.46125658427e-08, 4.48216894711e-08, 1.71531002735e-08, 7.121264467e-09, 1.45635198345e-10, 7.04813152286e-11, 6.87886692052e-11, 8.73949263652e-12, 3.63684776739e-14], [-4.16037083256e-12, 1.47174006315e-09, 1.53108314915e-09, 8.79634309836e-10, 2.37120295621e-10, 7.07113534393e-10, 1.3804253296e-09, 1.73192071795e-09, 2.21289320201e-09, 2.26603491527e-09, 1.73674639115e-08, 1.26030869296e-07, 1.52588164326e-08, 2.41352697827e-08, 4.90850986523e-08, 4.37944684961e-08, 9.16887685776e-08, 4.34275904126e-08, 5.31004680226e-08, 3.7523445684e-08, 1.15443121729e-08, 1.19136620569e-08, 3.11868586511e-10, 1.78799461348e-10, 2.11271986017e-10, 2.46929716258e-11, 6.99588702398e-14], [2.62596286946e-13, 2.30069918672e-09, 2.01771532815e-09, 1.33237709754e-09, 7.20018544786e-10, 6.8896377492e-10, 1.12277109832e-09, 2.55570764551e-09, 5.10887820937e-09, 6.51928555584e-09, 2.3231066848e-08, 1.28109959974e-07, 2.71566538146e-08, 1.79059345129e-08, 4.17522691976e-08, 2.86418764261e-08, 4.34275904126e-08, 6.93289052833e-08, 6.70064181918e-08, 4.28139621533e-08, 2.10145412183e-08, 2.9908978405e-08, 7.84778075857e-10, 4.04175443114e-10, 5.22215548582e-10, 5.17161972968e-11, 1.23915566935e-13], [-7.79484376351e-12, 2.26319785135e-09, 1.3150991407e-09, 1.31707023066e-09, 6.41921182876e-10, 7.55312978828e-10, 3.6936456671e-10, 3.38071837191e-09, 7.95743915205e-09, 8.29891888543e-09, 6.71366748861e-08, 1.65655563933e-07, 3.16025072777e-08, 5.70660922961e-08, 4.18575680783e-08, 8.46125658427e-08, 5.31004680226e-08, 6.70064181918e-08, 1.94329530245e-07, 8.02197561711e-08, 3.59261846938e-08, 5.11229671929e-08, 1.32261168684e-09, 7.38891225982e-10, 9.58494394965e-10, 9.37179847615e-11, 2.21491932868e-13], [-2.77454404937e-12, 1.9768156001e-09, 1.21765653116e-09, 1.28681054701e-09, 5.30708366142e-10, 1.45609124758e-09, 6.86884216172e-10, 3.50263107407e-09, 5.13524511803e-09, 5.46161560422e-09, 3.01909253153e-08, 1.5589498048e-07, 2.33338770528e-08, 2.37756516697e-08, 4.16429131178e-08, 4.48216894711e-08, 3.7523445684e-08, 4.28139621533e-08, 8.02197561711e-08, 1.02745623565e-07, 2.53742786782e-08, 4.16652596869e-08, 8.1146495079e-10, 4.01335381595e-10, 5.13272868652e-10, 5.90082913088e-11, 1.4851810645e-13], [-3.4671235067e-12, 6.04060967913e-11, -2.38785907714e-10, 2.34166176033e-11, 1.2613618483e-11, 3.63261143388e-10, 2.09576356269e-10, 1.50703027835e-09, 1.83328530134e-09, 2.73338129908e-09, 1.02953636727e-08, 7.97266181962e-08, 5.94255666897e-09, 1.58783635129e-08, 1.98330507573e-08, 1.71531002735e-08, 1.15443121729e-08, 2.10145412183e-08, 3.59261846938e-08, 2.53742786782e-08, 2.53930192429e-08, 1.35078535024e-08, 4.38795638713e-10, 2.66688227057e-10, 3.18284676393e-10, 2.65387035264e-11, 5.49792382573e-14], [-6.43281977165e-13, 5.2071680301e-10, 3.62913282759e-10, 2.89556240096e-10, 2.19969889526e-10, 7.30269594795e-11, -4.14025508322e-10, 5.54082224546e-10, 3.78481468388e-09, 5.69359137614e-09, 2.52245691001e-09, 6.77208022992e-09, 1.08525144427e-08, 2.3795585502e-09, 4.97807883804e-09, 7.121264467e-09, 1.19136620569e-08, 2.9908978405e-08, 5.11229671929e-08, 4.16652596869e-08, 1.35078535024e-08, 1.21791927654e-07, 1.29438526564e-09, 5.71451774789e-10, 1.0871721301e-09, 1.59971480507e-10, 3.61329618569e-13], [3.29334744697e-14, 3.47938310108e-11, 2.17550508858e-11, 2.56508599084e-11, 2.10896352465e-11, 9.01764340283e-12, 6.77133002447e-12, 2.4179944505e-11, 4.35032065926e-10, 1.7481702197e-10, -5.15436348117e-12, 2.28364910315e-10, 3.76384784451e-10, 1.06711035841e-10, 1.61469948523e-10, 1.45635198345e-10, 3.11868586511e-10, 7.84778075857e-10, 1.32261168684e-09, 8.1146495079e-10, 4.38795638713e-10, 1.29438526564e-09, 5.57352740349e-11, 2.1199477937e-11, 2.39567046756e-11, 2.25798850104e-12, 4.53599568727e-15], [4.73094802808e-14, 2.36629743577e-11, 2.04818714072e-11, 1.66773799631e-11, 1.06335608721e-11, 4.22468397071e-12, 5.10321429212e-12, 5.87800814966e-12, 1.45946157937e-10, 1.27269167427e-10, 6.01198535399e-11, 1.39798173038e-10, 1.60836538532e-10, 2.93860942524e-11, 9.38346553236e-11, 7.04813152286e-11, 1.78799461348e-10, 4.04175443114e-10, 7.38891225982e-10, 4.01335381595e-10, 2.66688227057e-10, 5.71451774789e-10, 2.1199477937e-11, 1.67957349417e-11, 1.85302849454e-11, 1.4740066806e-12, 2.69764641228e-15], [1.10646338419e-14, 1.20609754822e-11, 8.20461840828e-12, 9.94134982668e-12, 7.90127338557e-12, -3.55882966326e-13, -2.17361241853e-12, 7.24476338296e-12, 8.52985182487e-11, 1.54957963128e-10, 6.31411034568e-11, 5.76166024613e-11, 1.81333281724e-10, 2.50035860072e-11, 7.47258713241e-11, 6.87886692052e-11, 2.11271986017e-10, 5.22215548582e-10, 9.58494394965e-10, 5.13272868652e-10, 3.18284676393e-10, 1.0871721301e-09, 2.39567046756e-11, 1.85302849454e-11, 2.4870555268e-11, 2.29731468224e-12, 4.48437961705e-15], [-1.10204396861e-15, 6.82970552942e-13, 4.8573574633e-13, 5.81382706734e-13, 4.65518194739e-13, 7.1471989568e-14, -5.19039347092e-13, 7.40484171376e-13, 5.19695484563e-12, 1.14736371445e-11, 3.84284878224e-12, 1.5950133575e-11, 1.58773307002e-11, 2.23183472571e-12, 1.07974306579e-11, 8.73949263652e-12, 2.46929716258e-11, 5.17161972968e-11, 9.37179847615e-11, 5.90082913088e-11, 2.65387035264e-11, 1.59971480507e-10, 2.25798850104e-12, 1.4740066806e-12, 2.29731468224e-12, 2.76411326553e-13, 5.78038417794e-16], [6.43101865628e-18, 3.60301769499e-15, 3.59564893186e-15, 3.40897896392e-15, 2.41465164581e-15, 1.0629695976e-15, 2.1487163876e-16, 3.08420366205e-15, 1.35972344021e-14, 3.17746486945e-14, 3.52885716525e-14, 1.05969798366e-13, 4.73047978827e-14, 2.69450074368e-14, 4.50934591317e-14, 3.63684776739e-14, 6.99588702398e-14, 1.23915566935e-13, 2.21491932868e-13, 1.4851810645e-13, 5.49792382573e-14, 3.61329618569e-13, 4.53599568727e-15, 2.69764641228e-15, 4.48437961705e-15, 5.78038417794e-16, 1.45664055348e-18]]
    },
    "mfcc": {
        "kurt": [7.42859554291, 3.10059118271, 0.162687540054, 0.0275862216949, -0.096595287323, 0.325269937515, 0.0122184753418, -0.0682389736176, 0.0856966972351, 0.570722818375, 0.609709501266, 0.00842118263245, 0.310338258743],
        "max": [-581.106018066, 188.205780029, 14.1170349121, 76.6759567261, 8.50982666016, 36.2926177979, 54.2252120972, 26.8328323364, 27.3806800842, 24.8926124573, 30.7419090271, 25.1232852936, 36.8093986511],
        "mean": [-788.053161621, 128.338180542, -79.4750061035, 26.2981967926, -33.5021400452, -9.54449558258, 7.23354959488, -10.8943862915, -3.30169844627, -8.29560470581, -1.76250302792, -3.53283047676, 0.630321800709],
        "median": [-785.291870117, 130.435638428, -78.6421508789, 26.2876472473, -33.4038848877, -9.34774017334, 6.98006057739, -11.0004425049, -2.98706817627, -7.90495300293, -1.99837875366, -3.40360641479, 0.5234375],
        "min": [-1138.42004395, -5.19721031189, -163.065917969, -24.234992981, -83.5108032227, -61.9717216492, -37.0118026733, -52.7654953003, -44.0968170166, -50.1796646118, -41.4045944214, -28.6227531433, -25.9731330872],
        "skew": [-1.52029168606, -1.11888754368, -0.0394488535821, 0.0628109052777, -0.012314745225, 0.00267603481188, 0.0458272323012, -0.0542225055397, -0.210446834564, -0.184873089194, -0.0522499978542, 0.067861802876, 0.191250011325],
        "var": [3222.58618164, 652.676574707, 704.750610352, 244.973861694, 202.205535889, 145.554229736, 146.127624512, 136.965530396, 111.230194092, 89.5308990479, 85.6051101685, 70.4124221802, 70.163230896],
        "cov": [[3223.7265625, -180.961013794, -821.217285156, 452.826477051, -237.624069214, 232.016052246, 22.1763515472, 33.4741325378, -24.525270462, -80.5820922852, 15.4252557755, -19.7650947571, 74.6255111694], [-180.961013794, 652.907531738, 142.990478516, 12.0892906189, 95.1854782104, 2.69882965088, 104.120895386, 14.7800445557, 82.3037719727, 38.4674797058, 15.714972496, 19.0281906128, -33.9513549805], [-821.217285156, 142.990478516, 705, -32.1073303223, 140.8334198, -30.8114433289, 0.895318627357, 133.288986206, 70.7551498413, 57.9289207458, 48.3618965149, 15.9386034012, -43.2127571106], [452.826477051, 12.0892906189, -32.1073303223, 245.060546875, 3.7024731636, 35.9640769958, 27.1046581268, 40.5722541809, 35.9663352966, -9.13076591492, 22.5713348389, 12.1554355621, 16.1954879761], [-237.624069214, 95.1854782104, 140.8334198, 3.7024731636, 202.277099609, 31.9889640808, 16.3913879395, 48.9378700256, 17.12383461, 36.4095230103, 17.0875701904, 18.0050239563, -10.087433815], [232.016052246, 2.69882965088, -30.8114433289, 35.9640769958, 31.9889640808, 145.605743408, 41.3458213806, 6.68670940399, 5.12063837051, 3.1878619194, 7.7248339653, -5.98694944382, 19.5756797791], [22.1763515472, 104.120895386, 0.895318627357, 27.1046581268, 16.3913879395, 41.3458213806, 146.179336548, 6.00565958023, 16.9483222961, 17.9653167725, -2.00131130219, 12.2591714859, 2.66447401047], [33.4741325378, 14.7800445557, 133.288986206, 40.5722541809, 48.9378700256, 6.68670940399, 6.00565958023, 137.01399231, 38.1447486877, 6.36582040787, 25.257856369, 6.37525653839, 0.243264898658], [-24.525270462, 82.3037719727, 70.7551498413, 35.9663352966, 17.12383461, 5.12063837051, 16.9483222961, 38.1447486877, 111.269554138, 15.3616294861, 0.645691812038, 4.01389503479, -15.3635673523], [-80.5820922852, 38.4674797058, 57.9289207458, -9.13076591492, 36.4095230103, 3.1878619194, 17.9653167725, 6.36582040787, 15.3616294861, 89.5625762939, 19.4610557556, -1.99187791348, -13.670715332], [15.4252557755, 15.714972496, 48.3618965149, 22.5713348389, 17.0875701904, 7.7248339653, -2.00131130219, 25.257856369, 0.645691812038, 19.4610557556, 85.6354064941, 9.72862625122, -12.9328098297], [-19.7650947571, 19.0281906128, 15.9386034012, 12.1554355621, 18.0050239563, -5.98694944382, 12.2591714859, 6.37525653839, 4.01389503479, -1.99187791348, 9.72862625122, 70.4373397827, 12.3953304291], [74.6255111694, -33.9513549805, -43.2127571106, 16.1954879761, -10.087433815, 19.5756797791, 2.66447401047, 0.243264898658, -15.3635673523, -13.670715332, -12.9328098297, 12.3953304291, 70.1880569458]]
    },
    "sccoeffs": {
        "kurt": [0.197016239166, 0.966268777847, 0.907209634781, 1.18388080597, 1.05742073059, 1.81172609329],
        "max": [-0.500779867172, -0.525259196758, -0.511812210083, -0.499400407076, -0.588410615921, -0.556272149086],
        "mean": [-0.734443664551, -0.802671909332, -0.77284091711, -0.772644042969, -0.798279106617, -0.733464241028],
        "median": [-0.738319993019, -0.806035518646, -0.784318387508, -0.784543037415, -0.810042202473, -0.737412393093],
        "min": [-0.9618729949, -0.946156680584, -0.923242688179, -0.906475365162, -0.929679572582, -0.915821671486],
        "skew": [0.322262942791, 0.645704329014, 0.891137957573, 1.00469958782, 1.01218366623, 0.795319139957],
        "var": [0.00315663870424, 0.0024209828116, 0.00446435064077, 0.00373097532429, 0.00248812977225, 0.00172830210067],
        "cov": [[0.00315775582567, 0.000209021090996, 0.000122396682855, 0.000153431014041, 0.000141842261655, 0.000249265751336], [0.000209021090996, 0.00242183939554, 0.000227111537242, 0.000173990090843, 0.000274280901067, 0.000249830249231], [0.000122396682855, 0.000227111537242, 0.00446593016386, 0.00177944591269, 0.00154289905913, 0.00101603055373], [0.000153431014041, 0.000173990090843, 0.00177944591269, 0.00373229547404, 0.00169963191729, 0.00103060901165], [0.000141842261655, 0.000274280901067, 0.00154289905913, 0.00169963191729, 0.00248901010491, 0.00117075513117], [0.000249265751336, 0.000249830249231, 0.00101603055373, 0.00103060901165, 0.00117075513117, 0.00172891363036]]
    },
    "scvalleys": {
        "kurt": [7.84757137299, 42.7688827515, 39.7956466675, 28.4650211334, 21.1992416382, 11.1334915161],
        "max": [-5.64037513733, -5.54510068893, -5.38962841034, -5.62676382065, -5.39714717865, -7.41448259354],
        "mean": [-7.99712467194, -6.80886316299, -6.87508583069, -7.56241369247, -7.8752989769, -11.3248281479],
        "median": [-8.0824213028, -6.74977493286, -6.82543897629, -7.5400018692, -7.83539772034, -11.3812046051],
        "min": [-16.6477928162, -15.854891777, -16.680688858, -17.1190509796, -17.8313922882, -19.870552063],
        "skew": [-0.756952106953, -4.37179756165, -4.01888370514, -3.11777806282, -2.32587265968, -0.511538743973],
        "var": [0.677457273006, 0.333522289991, 0.36655947566, 0.41847345233, 0.503639578819, 0.605850338936],
        "cov": [[0.677697002888, 0.250550150871, 0.253361314535, 0.22487822175, 0.237297490239, 0.264738887548], [0.250550150871, 0.333640307188, 0.248775988817, 0.251598089933, 0.272053092718, 0.270629495382], [0.253361314535, 0.248775988817, 0.36668920517, 0.310617357492, 0.329496264458, 0.305565804243], [0.22487822175, 0.251598089933, 0.310617357492, 0.418621510267, 0.392026662827, 0.356512278318], [0.237297490239, 0.272053092718, 0.329496264458, 0.392026662827, 0.503817796707, 0.462329000235], [0.264738887548, 0.270629495382, 0.305565804243, 0.356512278318, 0.462329000235, 0.606064736843]]
    }
},
"rhythm": {
    "beats_loudness": {
        "kurt": 9.77937602997,
        "max": 0.0263778511435,
        "mean": 0.00312332087196,
        "median": 0.00175419077277,
        "min": 1.94813565031e-05,
        "skew": 2.94622206688,
        "var": 1.88257163245e-05
    },
    "bpm": 89.299446106,
    "confidence": 0.128830045462,
    "first_peak_bpm": {
        "kurt": 0,
        "max": 89,
        "mean": 89,
        "median": 89,
        "min": 89,
        "skew": 0,
        "var": 0
    },
    "first_peak_spread": {
        "kurt": 0,
        "max": 0.510204076767,
        "mean": 0.510204076767,
        "median": 0.510204076767,
        "min": 0.510204076767,
        "skew": 0,
        "var": 0
    },
    "first_peak_weight": {
        "kurt": 0,
        "max": 0.25,
        "mean": 0.25,
        "median": 0.25,
        "min": 0.25,
        "skew": 0,
        "var": 0
    },
    "onset_rate": 1.85966169834,
    "second_peak_bpm": {
        "kurt": 0,
        "max": 96,
        "mean": 96,
        "median": 96,
        "min": 96,
        "skew": 0,
        "var": 0
    },
    "second_peak_spread": {
        "kurt": 0,
        "max": 0.652173876762,
        "mean": 0.652173876762,
        "median": 0.652173876762,
        "min": 0.652173876762,
        "skew": 0,
        "var": 0
    },
    "second_peak_weight": {
        "kurt": 0,
        "max": 0.0833333358169,
        "mean": 0.0833333358169,
        "median": 0.0833333358169,
        "min": 0.0833333358169,
        "skew": 0,
        "var": 0
    },
    "beats_loudness_band_ratio": {
        "kurt": [6.7143573761, 7.40358638763, 2.62959241867, -0.363438844681, 0.0468189716339, 2.82533311844],
        "max": [0.464324831963, 0.476224988699, 0.767856538296, 0.872772574425, 0.532971262932, 0.72057390213],
        "mean": [0.0527523867786, 0.0708013772964, 0.174308389425, 0.370229572058, 0.198661208153, 0.166718959808],
        "median": [0.0133280251175, 0.0407927557826, 0.147018283606, 0.355459392071, 0.181696534157, 0.135679125786],
        "min": [0.000537049258128, 0.00275972578675, 0.00880942586809, 0.0786686986685, 0.0115630999207, 0.0119758052751],
        "skew": [2.58409380913, 2.52324032784, 1.52125370502, 0.591925680637, 0.80129134655, 1.63973379135],
        "var": [0.00810399278998, 0.00680542178452, 0.0216422230005, 0.0364829786122, 0.0131895532832, 0.0201367922127],
        "cov": [[0.00818840879947, 0.00210549891926, 0.00176792696584, -0.00456070387736, -0.00295552914031, -0.00390461925417], [0.00210549891926, 0.00687631173059, 0.00283190864138, -0.0055062957108, -0.00235043629073, -0.00336844450794], [0.00176792696584, 0.00283190864138, 0.0218676626682, -0.0103876097128, -0.00600380310789, -0.00757276685908], [-0.00456070387736, -0.0055062957108, -0.0103876097128, 0.0368630103767, -0.00622222805396, -0.0102346492931], [-0.00295552914031, -0.00235043629073, -0.00600380310789, -0.00622222805396, 0.013326943852, 0.00340736447833], [-0.00390461925417, -0.00336844450794, -0.00757276685908, -0.0102346492931, 0.00340736447833, 0.0203465502709]]
    },
    "beats_position": [0.638548731804, 1.27709746361, 1.91564619541, 2.55419492722, 3.1811337471, 3.80807256699, 4.42340135574, 5.0387301445, 5.65405893326, 6.35065746307, 7.05886602402, 7.66258478165, 8.25469398499, 8.85841274261, 9.4040813446, 9.93814086914, 10.47219944, 11.017868042, 11.5635375977, 12.1092061996, 12.6548748016, 13.2005443573, 13.8274831772, 14.4544210434, 15.1277999878, 15.7895689011, 16.4629478455, 17.1363258362, 17.7980957031, 18.4714736938, 19.1448516846, 19.8182315826, 20.4799995422, 21.1185474396, 21.7687072754, 22.4188652039, 23.0574150085, 23.707572937, 24.3345127106, 24.9614505768, 25.5767803192, 26.1921081543, 26.8190479279, 27.4459857941, 28.0613155365, 28.6766433716, 29.2803630829, 29.9421310425, 30.6038990021, 31.2772789001, 31.9506568909, 32.6240348816, 33.2974128723, 33.9707946777, 34.7138328552, 35.4452590942, 36.1882972717, 36.9313354492, 37.7208137512, 38.5102958679, 39.3113822937, 40.1124725342, 40.8671188354, 41.6217689514, 42.3764152527, 43.1426734924, 43.9089317322, 44.6287536621, 45.3369598389, 46.0567779541, 46.7649879456, 47.473197937, 48.16979599, 48.866394043, 49.5629920959, 50.2712020874, 50.9678001404, 51.6760063171, 52.3842163086, 53.0924263, 53.8006324768, 54.4972343445, 55.182220459, 55.8672103882, 56.5289802551, 57.2023582458, 57.8757362366, 58.5607261658, 59.2573242188, 59.9307022095, 60.6156921387, 61.3006782532, 61.9856681824, 62.6706581116, 63.3556442261, 64.0290222168, 64.714012146],
    "bpm_estimates": [93.9630737305, 93.9630737305, 93.9630737305, 86.1328277588, 89.1028747559, 90.6660919189, 89.1028747559, 89.1030044556, 90.6659622192, 89.1030044556, 89.1030044556, 89.1027526855, 90.6662216187, 93.9631958008, 92.2849960327, 92.2852706909, 93.9629135132, 92.2852706909, 90.6662216187, 90.6662216187, 89.1027526855, 89.1030044556, 89.1030044556, 89.1030044556, 89.1024932861, 86.1328887939, 86.1328887939, 86.1328887939, 86.1328887939, 86.1324157715, 87.5930175781, 87.5925292969, 90.6659622192, 89.1030044556, 89.1030044556, 87.5925292969, 86.1328887939, 89.1030044556, 87.5925292969, 87.5930175781, 87.5925292969, 87.5925292969, 87.5930175781, 89.1030044556, 87.5925292969],
    "bpm_intervals": [0.638548731804, 0.638548731804, 0.638548731804, 0.626938819885, 0.626938819885, 0.615328788757, 0.615328788757, 0.615328788757, 0.696598529816, 0.708208560944, 0.603718757629, 0.592109203339, 0.603718757629, 0.54566860199, 0.534059524536, 0.534058570862, 0.54566860199, 0.545669555664, 0.54566860199, 0.54566860199, 0.545669555664, 0.626938819885, 0.626937866211, 0.673378944397, 0.661768913269, 0.673378944397, 0.673377990723, 0.661769866943, 0.673377990723, 0.673377990723, 0.673379898071, 0.661767959595, 0.638547897339, 0.650159835815, 0.650157928467, 0.638549804688, 0.650157928467, 0.62693977356, 0.626937866211, 0.615329742432, 0.615327835083, 0.62693977356, 0.626937866211, 0.615329742432, 0.615327835083, 0.603719711304, 0.661767959595, 0.661767959595, 0.673379898071, 0.673377990723, 0.673377990723, 0.673377990723, 0.67338180542, 0.74303817749, 0.731426239014, 0.74303817749, 0.74303817749, 0.789478302002, 0.789482116699, 0.801086425781, 0.801090240479, 0.75464630127, 0.754650115967, 0.75464630127, 0.766258239746, 0.766258239746, 0.719821929932, 0.708206176758, 0.719818115234, 0.708209991455, 0.708209991455, 0.696598052979, 0.696598052979, 0.696598052979, 0.708209991455, 0.696598052979, 0.708206176758, 0.708209991455, 0.708209991455, 0.708206176758, 0.696601867676, 0.684986114502, 0.684989929199, 0.661769866943, 0.673377990723, 0.673377990723, 0.684989929199, 0.696598052979, 0.673377990723, 0.684989929199, 0.684986114502, 0.684989929199, 0.684989929199, 0.684986114502, 0.673377990723, 0.684989929199],
