{
"metadata": {
    "version": {
        "essentia": "2.1-beta3"
    }
},
"lowLevel": {
    "average_loudness": 0.78170645237,
    "barkbands_kurtosis": {
        "kurt": 14.5662212372,
        "max": 24.2766876221,
        "mean": 1.01787674427,
        "median": 0.253725290298,
        "min": -1.81573045254,
        "skew": 3.04972267151,
        "var": 7.15802717209
    },
    "barkbands_skewness": {
        "kurt": 1.12856626511,
        "max": 4.08760023117,
        "mean": 0.314929664135,
        "median": 0.294561743736,
        "min": -2.83472323418,
        "skew": 0.488435506821,
        "var": 0.89773017168
    },
    "barkbands_spread": {
        "kurt": 2.04178333282,
        "max": 32.8121147156,
        "mean": 9.33595657349,
        "median": 7.54540491104,
        "min": 0.718738079071,
        "skew": 1.49963593483,
        "var": 38.9642562866
    },
    "dissonance": {
        "kurt": 5.39007091522,
        "max": 0.499999970198,
        "mean": 0.480766564608,
        "median": 0.49213680625,
        "min": 0.343579083681,
        "skew": -2.30696487427,
        "var": 0.000730756786652
    },
    "hfc": {
        "kurt": 14.8313598633,
        "max": 238.82862854,
        "mean": 15.975022316,
        "median": 4.15956687927,
        "min": 1.79776069031e-10,
        "skew": 3.55275917053,
        "var": 925.172119141
    },
    "pitch": {
        "kurt": 3.78145360947,
        "max": 4154.02685547,
        "mean": 918.394836426,
        "median": 665.773132324,
        "min": 98.5227127075,
        "skew": 1.67770719528,
        "var": 464466.9375
    },
    "pitch_instantaneous_confidence": {
        "kurt": -0.968693733215,
        "max": 0.992984771729,
        "mean": 0.539510965347,
        "median": 0.521958947182,
        "min": 0.130030810833,
        "skew": 0.190936043859,
        "var": 0.0456344746053
    },
    "pitch_salience": {
        "kurt": -0.243304729462,
        "max": 0.963721692562,
        "mean": 0.630835175514,
        "median": 0.659918963909,
        "min": 0.230993717909,
        "skew": -0.654324531555,
        "var": 0.0168611221015
    },
    "silence_rate_20dB": {
        "kurt": 0,
        "max": 1,
        "mean": 1,
        "median": 1,
        "min": 1,
        "skew": 0,
        "var": 0
    },
    "silence_rate_30dB": {
        "kurt": 0,
        "max": 1,
        "mean": 1,
        "median": 1,
        "min": 1,
        "skew": 0,
        "var": 0
    },
    "silence_rate_60dB": {
        "kurt": -1.9868761301,
        "max": 1,
        "mean": 0.528596162796,
        "median": 1,
        "min": 0,
        "skew": -0.1145722121,
        "var": 0.249182373285
    },
    "spectral_centroid": {
        "kurt": 3.47072410583,
        "max": 4704.95117188,
        "mean": 1791.6505127,
        "median": 1781.15136719,
        "min": 538.955627441,
        "skew": 0.881859183311,
        "var": 249394.046875
    },
    "spectral_complexity": {
        "kurt": 1.19518232346,
        "max": 42,
        "mean": 9.43847465515,
        "median": 7,
        "min": 0,
        "skew": 1.2865973711,
        "var": 87.816368103
    },
    "spectral_crest": {
        "kurt": -0.0402989387512,
        "max": 24.0623531342,
        "mean": 10.3910808563,
        "median": 9.63641834259,
        "min": 2.69489121437,
        "skew": 0.704756677151,
        "var": 20.4940834045
    },
    "spectral_decrease": {
        "kurt": 12.3646459579,
        "max": -5.97749346913e-21,
        "mean": -1.69981628773e-09,
        "median": -6.28360086186e-10,
        "min": -2.1478168577e-08,
        "skew": -3.21282815933,
        "var": 8.01459100533e-18
    },
    "spectral_energy": {
        "kurt": 12.7662372589,
        "max": 0.102726064622,
        "mean": 0.00786447431892,
        "median": 0.00271040340886,
        "min": 3.88666929316e-14,
        "skew": 3.27053785324,
        "var": 0.000179466660484
    },
    "spectral_energyband_high": {
        "kurt": 96.8609771729,
        "max": 0.00701814098284,
        "mean": 0.000164198179846,
        "median": 4.0716771764e-05,
        "min": 2.65967227354e-14,
        "skew": 9.05332374573,
        "var": 3.12107260925e-07
    },
    "spectral_energyband_low": {
        "kurt": 192.523666382,
        "max": 4.92264989589e-05,
        "mean": 1.1357102494e-06,
        "median": 5.72709154767e-07,
        "min": 3.58842969694e-19,
        "skew": 12.141374588,
        "var": 7.19279063394e-12
    },
    "spectral_energyband_middle_high": {
        "kurt": 11.7010526657,
        "max": 0.095775835216,
        "mean": 0.00748426653445,
        "median": 0.00233309483156,
        "min": 1.27434599196e-14,
        "skew": 3.17694473267,
        "var": 0.000171211417182
    },
    "spectral_energyband_middle_low": {
        "kurt": 14.4984321594,
        "max": 0.00343441823497,
        "mean": 0.000251998921158,
        "median": 6.89125299687e-05,
        "min": 6.31852234113e-17,
        "skew": 3.42615675926,
        "var": 2.07938768426e-07
    },
    "spectral_flatness_db": {
        "kurt": -0.218413829803,
        "max": 0.515176832676,
        "mean": 0.27190682292,
        "median": 0.269067823887,
        "min": 0.0811772048473,
        "skew": 0.122711010277,
        "var": 0.00755668245256
    },
    "spectral_flux": {
        "kurt": 2.54937314987,
        "max": 0.233361080289,
        "mean": 0.0508594810963,
        "median": 0.0387341827154,
        "min": 7.1280874181e-06,
        "skew": 1.51217889786,
        "var": 0.00189432420302
    },
    "spectral_kurtosis": {
        "kurt": 4.49419498444,
        "max": 62.5443954468,
        "mean": 13.7112636566,
        "median": 11.5414447784,
        "min": 0.685609817505,
        "skew": 1.76608169079,
        "var": 75.9399261475
    },
    "spectral_rms": {
        "kurt": 2.25849246979,
        "max": 0.0100110219792,
        "mean": 0.00211136322469,
        "median": 0.00162612914573,
        "min": 6.1578182553e-09,
        "skew": 1.42734074593,
        "var": 3.21479842569e-06
    },
    "spectral_rolloff": {
        "kurt": 1.40138959885,
        "max": 6395.36132812,
        "mean": 2584.17041016,
        "median": 2540.91796875,
        "min": 430.6640625,
        "skew": 0.468847006559,
        "var": 635225.875
    },
    "spectral_skewness": {
        "kurt": 1.40619039536,
        "max": 5.68510103226,
        "mean": 2.21429681778,
        "median": 2.17111301422,
        "min": 0.690361738205,
        "skew": 0.637007296085,
        "var": 0.469782620668
    },
    "spectral_spread": {
        "kurt": 48.5545463562,
        "max": 18657316,
        "mean": 2398842.25,
        "median": 2147509,
        "min": 923930.6875,
        "skew": 5.01260900497,
        "var": 1.7060635607e+12
    },
    "spectral_strongpeak": {
        "kurt": 10.3494319916,
        "max": 17.1281528473,
        "mean": 1.60239946842,
        "median": 0.793247759342,
        "min": 2.91592812118e-07,
        "skew": 2.79411411285,
        "var": 4.68230390549
    },
    "zerocrossingrate": {
        "kurt": 70.5144805908,
        "max": 0.48193359375,
        "mean": 0.0889822766185,
        "median": 0.08740234375,
        "min": 0.03369140625,
        "skew": 5.76883840561,
        "var": 0.000808775948826
    },
    "barkbands": {
        "kurt": [142.705764771, 229.776168823, 231.68548584, 41.4723587036, 55.1243667603, 143.426010132, 50.8771247864, 35.7301979065, 23.6331748962, 79.6445465088, 60.7233734131, 38.2034034729, 35.0398635864, 36.2226715088, 19.068353653, 133.09942627, 15.4135570526, 19.6016101837, 63.5291671753, 32.0193595886, 153.914520264, 87.7885818481, 61.6655578613, 103.550132751, 76.1622238159, 33.6502532959, 73.4228134155],
        "max": [2.26017338179e-08, 9.3168919193e-06, 3.03439592244e-05, 1.90988484974e-05, 4.82797986479e-05, 0.000342932151398, 0.000375397590687, 0.000667813583277, 0.00282392185181, 0.00780786620453, 0.010508322157, 0.0137444594875, 0.032048098743, 0.0313160568476, 0.0245632529259, 0.0713369846344, 0.00974259246141, 0.0130687244236, 0.0361387617886, 0.00620753737167, 0.00319694401696, 0.000291106727673, 1.64003704413e-05, 2.43326303462e-06, 5.47404056306e-07, 1.2212433731e-08, 1.24707959515e-08],
        "mean": [7.35345451197e-10, 1.91988334564e-07, 5.45615080227e-07, 8.79955450728e-07, 2.15730483433e-06, 5.80876439926e-06, 1.25623710119e-05, 2.48818705586e-05, 0.000148367646034, 0.000190426741028, 0.00026898298529, 0.000517401553225, 0.0010758433491, 0.000999421696179, 0.00138388189953, 0.00099029566627, 0.0005589928478, 0.000605710432865, 0.000751133193262, 0.000266708171694, 5.17169755767e-05, 8.00391717348e-06, 4.9672962632e-07, 5.42860831843e-08, 1.54876165226e-08, 1.25310573029e-09, 3.65605629105e-10],
        "median": [4.26228941031e-10, 9.24356484688e-08, 2.38599170643e-07, 4.04912242402e-07, 1.15901673325e-06, 1.34209687985e-06, 1.95653547053e-06, 3.81289964935e-06, 2.07254306588e-05, 1.64778884937e-05, 1.92724182853e-05, 8.62511005835e-05, 0.000135079884785, 0.000116645314847, 0.000144427889609, 6.64664112264e-05, 9.12444447749e-05, 5.09881901962e-05, 5.65679001738e-05, 4.50695370091e-05, 1.24317939481e-05, 1.50382561515e-06, 1.03491856862e-07, 1.58448010268e-08, 7.85128850822e-09, 1.06636666164e-09, 1.0957820068e-10],
        "min": [2.71321897136e-20, 8.78041880467e-20, 1.26582906302e-19, 3.5446134229e-19, 3.32122239004e-18, 3.20983817786e-18, 2.60200828617e-18, 5.35439097666e-18, 3.44282927246e-17, 3.26084192764e-17, 7.51647309749e-17, 3.10257130681e-16, 2.11172275303e-16, 7.14833868198e-17, 3.40149320436e-16, 3.26875202422e-16, 8.22169248e-16, 1.69044980498e-15, 5.7491670963e-15, 1.40848975278e-14, 7.9141244407e-15, 2.78847799038e-15, 1.98521822353e-15, 9.27699071195e-16, 1.16575122239e-15, 1.71555406159e-16, 1.13212703194e-16],
        "skew": [9.64249134064, 13.11743927, 13.6894397736, 5.70503377914, 6.3093624115, 11.4384069443, 6.18872928619, 5.58990001678, 4.35517024994, 7.7533659935, 7.10519981384, 5.46579027176, 5.16125774384, 5.41451692581, 4.14670276642, 10.8511810303, 3.52525877953, 4.17177820206, 7.69823789597, 5.12657594681, 11.4429836273, 7.71523237228, 7.18616533279, 8.99663066864, 8.00329780579, 4.46976995468, 7.73193788528],
        "var": [1.68477955136e-18, 2.30492654043e-13, 2.51155324836e-12, 2.96769835269e-12, 1.46245637128e-11, 6.05763383899e-10, 1.10291487054e-09, 5.00128072289e-09, 1.17698299107e-07, 3.49685365109e-07, 8.11704921944e-07, 1.71144768046e-06, 8.36520848679e-06, 8.54639347381e-06, 1.19938849821e-05, 2.48326159635e-05, 1.35517404942e-06, 2.66534061666e-06, 1.12903098852e-05, 4.65329435428e-07, 3.86634155802e-08, 3.92802984583e-10, 2.21567859546e-12, 2.80669652558e-14, 1.74963983206e-15, 1.29053658602e-18, 1.0814451795e-18],
        "cov": [[1.68770446201e-18, 2.44513556749e-16, 8.14245254778e-16, 1.02585144918e-15, 1.44248567423e-15, 7.76805869114e-16, -8.16903032408e-16, -3.61620980963e-15, -1.42094588049e-14, 1.12481172719e-14, 6.20990617869e-14, -2.27663296337e-14, 3.2444676828e-13, 1.78646797334e-13, 1.71815402075e-13, 6.07328857344e-13, 9.64642320016e-14, 1.65851598947e-13, 2.6271419732e-14, 7.30954806774e-14, 2.17654077406e-14, -1.82790689399e-16, 2.91852348817e-17, 7.21304471996e-18, 2.12436421518e-18, 2.1594687264e-19, 1.07807599532e-19], [2.44513556749e-16, 2.3089280596e-13, 6.35582949118e-13, 3.26307638679e-13, 7.44478534809e-13, 4.90146443398e-13, 3.85554964149e-14, -2.28643709868e-13, -2.73746520243e-12, -1.35818595953e-11, -1.85097787792e-11, -2.55642694513e-11, 3.93592623771e-11, 3.96799225422e-11, 7.53239970397e-11, 5.14849794742e-11, 5.04025510564e-12, 1.76534602908e-11, 1.55300702853e-10, 1.08074998603e-11, 4.47515592292e-12, -4.89086418934e-13, -2.24966580602e-14, -1.06821442561e-15, -3.82821966816e-16, 6.45970114402e-18, -2.25864542003e-20], [8.14245254778e-16, 6.35582949118e-13, 2.51591369266e-12, 1.6884102623e-12, 2.94524756146e-12, 3.82139442702e-13, -2.45488715077e-13, -2.33506118087e-12, -2.27380982966e-12, -2.70737165325e-11, -4.5910188845e-11, -1.03122593798e-10, 2.39796962669e-12, -5.63088950467e-11, 1.65980961614e-11, 5.97108404388e-11, -3.22956106302e-11, -2.46912126162e-11, 2.07719896839e-10, -3.02232306022e-12, 9.14000385793e-12, -1.28283202203e-12, -7.5456873009e-14, -4.70161985109e-15, -3.69332490675e-16, 7.41367042922e-17, -5.48027711255e-18], [1.02585144918e-15, 3.26307638679e-13, 1.6884102623e-12, 2.97285048141e-12, 3.76657949622e-12, 2.75767429725e-12, 3.47471790924e-12, 2.15044995699e-12, 1.46899228892e-11, -1.59629150176e-11, -7.98673488456e-11, -1.92294805079e-10, -2.25236052032e-10, -3.96224358878e-10, -5.00324448538e-10, -3.37511019133e-10, -1.24293519921e-10, -2.12706574576e-10, -2.67341399018e-10, -8.83703527021e-11, -2.33826911826e-12, -2.35360992848e-12, -7.55539768661e-14, -4.93516801048e-15, 4.01059274385e-16, 2.0657394519e-16, -5.89519843515e-17], [1.44248567423e-15, 7.44478534809e-13, 2.94524756146e-12, 3.76657949622e-12, 1.46499548603e-11, 9.13167978733e-12, 6.65201834588e-12, -1.41812722589e-12, -1.18258224394e-11, -3.65766488278e-12, -1.95664207059e-10, -4.60434357308e-10, -9.18314591036e-10, -1.23362908777e-09, -1.46354028896e-09, -1.07871400701e-09, -3.12351811083e-10, -6.84273415708e-10, -9.24628984489e-10, -2.40695879894e-10, -2.02484105871e-11, -5.66332397645e-12, -2.63276325654e-13, -2.10094257529e-14, -3.64625528587e-16, 3.27194216206e-16, -2.69937012433e-16], [7.76805869114e-16, 4.90146443398e-13, 3.82139442702e-13, 2.75767429725e-12, 9.13167978733e-12, 6.06815042659e-10, 3.40614730865e-10, 1.2983895209e-11, 6.42549815438e-12, -3.04737679535e-10, -9.85494796879e-10, -1.11684073101e-09, -4.54070825384e-09, -4.36412905813e-09, -6.0467852947e-09, -4.55960469381e-09, -2.07250838713e-09, -1.99090433028e-09, -3.26728666344e-09, -9.66626556576e-10, -1.39187092407e-10, -2.14415846189e-11, -3.0103355789e-13, -5.64476850679e-14, 9.59607437593e-16, 9.8435668152e-16, -1.17988068487e-15], [-8.16903032408e-16, 3.85554964149e-14, -2.45488715077e-13, 3.47471790924e-12, 6.65201834588e-12, 3.40614730865e-10, 1.10482956117e-09, 3.86118997886e-10, 5.82181469699e-10, -7.5968772939e-11, -2.88061269282e-10, -3.03963854087e-09, -9.58784163174e-09, -8.4375981757e-09, -1.13610711949e-08, -8.54381365656e-09, -3.85817022774e-09, -3.51182549707e-09, -6.97177737763e-09, -1.62743896137e-09, -2.06032912953e-10, -1.70582367676e-11, -9.98374018006e-13, -1.81305776057e-14, -2.94029149376e-15, 4.22907880455e-16, -2.20123957717e-15], [-3.61620980963e-15, -2.28643709868e-13, -2.33506118087e-12, 2.15044995699e-12, -1.41812722589e-12, 1.2983895209e-11, 3.86118997886e-10, 5.00996355512e-09, 2.28023555593e-09, -3.81668141536e-10, -8.14773026825e-10, 1.37209787976e-09, -1.49053569487e-08, 1.15528731026e-09, -8.23141554918e-09, -1.4285569172e-08, -3.43315620377e-09, -4.99083974148e-09, -9.59535206846e-09, -1.12949027908e-09, -3.99383609517e-10, -2.83715863303e-11, -2.34219913429e-12, 2.51645983917e-14, 5.789478326e-14, 2.21345294524e-15, -3.11085703604e-15], [-1.42094588049e-14, -2.73746520243e-12, -2.27380982966e-12, 1.46899228892e-11, -1.18258224394e-11, 6.42549815438e-12, 5.82181469699e-10, 2.28023555593e-09, 1.17902636987e-07, 2.47760176819e-08, -4.38249170287e-09, -2.02146690498e-08, -4.36556284455e-08, 1.82986479302e-08, -7.53406439458e-08, -7.03494436038e-08, -1.57861812511e-08, 6.46044924224e-08, -5.54037598022e-08, 3.00373459439e-09, 3.35513905547e-09, 3.77978343069e-10, 9.20009415872e-11, 1.5858636019e-12, 7.76790741105e-13, 3.08886691724e-14, -3.88983681521e-16], [1.12481172719e-14, -1.35818595953e-11, -2.70737165325e-11, -1.59629150176e-11, -3.65766488278e-12, -3.04737679535e-10, -7.5968772939e-11, -3.81668141536e-10, 2.47760176819e-08, 3.50292452822e-07, 6.82342715663e-08, -2.49267415597e-08, -1.18765242973e-07, -9.35927957357e-08, -1.26205748074e-07, -5.83194328385e-08, 1.09893925071e-08, -1.04474082718e-08, -8.18542957859e-08, 8.22317269833e-10, -1.12671283414e-09, 1.44286568804e-10, 5.91944895878e-11, 1.4683657068e-11, 3.44483816472e-12, 4.2765565259e-14, 1.46480816876e-15], [6.20990617869e-14, -1.85097787792e-11, -4.5910188845e-11, -7.98673488456e-11, -1.95664207059e-10, -9.85494796879e-10, -2.88061269282e-10, -8.14773026825e-10, -4.38249170287e-09, 6.82342715663e-08, 8.13114127141e-07, 1.07334052757e-07, -1.53160996774e-07, -9.29759380597e-08, -1.2061089194e-07, -2.84580448096e-08, 7.61357021872e-09, 2.16374616002e-08, -1.42547520454e-07, -1.46627803232e-08, -4.33796776278e-09, 1.19495202622e-09, 9.02492802712e-11, 1.00022854582e-11, 1.04574150988e-12, -3.22278587552e-14, 1.09224847726e-14], [-2.27663296337e-14, -2.55642694513e-11, -1.03122593798e-10, -1.92294805079e-10, -4.60434357308e-10, -1.11684073101e-09, -3.03963854087e-09, 1.37209787976e-09, -2.02146690498e-08, -2.49267415597e-08, 1.07334052757e-07, 1.71441888597e-06, 4.37004217702e-07, -9.72777627339e-08, 2.01887377926e-08, -2.26712671747e-07, 9.26218746145e-08, -8.6193210791e-08, -1.5575881207e-07, -1.93554701156e-08, -1.03946540264e-08, 6.99071578403e-10, 5.89709461818e-11, -8.92484610521e-12, -3.45373469407e-12, -1.57331504595e-13, 8.62388976962e-15], [3.2444676828e-13, 3.93592623771e-11, 2.39796962669e-12, -2.25236052032e-10, -9.18314591036e-10, -4.54070825384e-09, -9.58784163174e-09, -1.49053569487e-08, -4.36556284455e-08, -1.18765242973e-07, -1.53160996774e-07, 4.37004217702e-07, 8.37973129819e-06, 2.19886828745e-06, 3.36280095325e-06, 1.16703893127e-06, 1.18006937555e-06, 1.48454887494e-06, 7.46114380945e-07, 3.36971424986e-07, -7.66813634812e-09, 7.47922834776e-10, 3.14252512901e-11, -7.56618032116e-12, -8.20202412932e-12, 3.29157579285e-14, 6.61083601056e-13], [1.78646797334e-13, 3.96799225422e-11, -5.63088950467e-11, -3.96224358878e-10, -1.23362908777e-09, -4.36412905813e-09, -8.4375981757e-09, 1.15528731026e-09, 1.82986479302e-08, -9.35927957357e-08, -9.29759380597e-08, -9.72777627339e-08, 2.19886828745e-06, 8.56123097037e-06, 3.699406534e-06, 2.87767284135e-06, 1.24269286061e-06, 2.60155911747e-06, 3.1327506349e-06, 6.87344027028e-07, 4.13289384937e-08, 5.32509947249e-09, 2.00094954494e-10, 5.35615128638e-12, -4.81440972158e-12, 3.14734024433e-13, 9.16170242969e-13], [1.71815402075e-13, 7.53239970397e-11, 1.65980961614e-11, -5.00324448538e-10, -1.46354028896e-09, -6.0467852947e-09, -1.13610711949e-08, -8.23141554918e-09, -7.53406439458e-08, -1.26205748074e-07, -1.2061089194e-07, 2.01887377926e-08, 3.36280095325e-06, 3.699406534e-06, 1.20147078633e-05, 8.20277273306e-06, 1.4635277239e-06, 1.95622715182e-06, 5.22383834323e-06, 1.302772489e-06, 2.11773226511e-07, 1.05902318026e-08, 3.16635363762e-11, -6.28585595033e-12, -8.09051003275e-12, 5.23028831616e-13, 1.38689450549e-12], [6.07328857344e-13, 5.14849794742e-11, 5.97108404388e-11, -3.37511019133e-10, -1.07871400701e-09, -4.55960469381e-09, -8.54381365656e-09, -1.4285569172e-08, -7.03494436038e-08, -5.83194328385e-08, -2.84580448096e-08, -2.26712671747e-07, 1.16703893127e-06, 2.87767284135e-06, 8.20277273306e-06, 2.48757278314e-05, 1.48643005105e-06, 2.37954759541e-06, 1.19605067539e-06, 2.71367480309e-06, 8.59902286265e-07, 5.65324986823e-09, 2.50825138437e-10, -7.43842379185e-13, -4.0569448842e-12, 2.58280376253e-12, 3.35732722005e-12], [9.64642320016e-14, 5.04025510564e-12, -3.22956106302e-11, -1.24293519921e-10, -3.12351811083e-10, -2.07250838713e-09, -3.85817022774e-09, -3.43315620377e-09, -1.57861812511e-08, 1.09893925071e-08, 7.61357021872e-09, 9.26218746145e-08, 1.18006937555e-06, 1.24269286061e-06, 1.4635277239e-06, 1.48643005105e-06, 1.35752679853e-06, 7.73724707415e-07, 1.80976300612e-07, 2.96471881711e-07, 3.22832356403e-08, 2.21912399567e-09, 8.72013156128e-11, 4.44920272499e-12, -2.19824267296e-12, 1.1381682001e-13, 3.66660559336e-13], [1.65851598947e-13, 1.76534602908e-11, -2.46912126162e-11, -2.12706574576e-10, -6.84273415708e-10, -1.99090433028e-09, -3.51182549707e-09, -4.99083974148e-09, 6.46044924224e-08, -1.04474082718e-08, 2.16374616002e-08, -8.6193210791e-08, 1.48454887494e-06, 2.60155911747e-06, 1.95622715182e-06, 2.37954759541e-06, 7.73724707415e-07, 2.6699681257e-06, 6.51126583762e-07, 5.88928230627e-07, 5.0505015281e-08, 5.09944442229e-09, 3.46476541901e-10, 2.4005157237e-11, -1.73946913731e-12, 3.79419667343e-13, 7.20211650734e-13], [2.6271419732e-14, 1.55300702853e-10, 2.07719896839e-10, -2.67341399018e-10, -9.24628984489e-10, -3.26728666344e-09, -6.97177737763e-09, -9.59535206846e-09, -5.54037598022e-08, -8.18542957859e-08, -1.42547520454e-07, -1.5575881207e-07, 7.46114380945e-07, 3.1327506349e-06, 5.22383834323e-06, 1.19605067539e-06, 1.80976300612e-07, 6.51126583762e-07, 1.1309911315e-05, 2.79531718661e-07, 4.48958736854e-08, -5.15271644796e-11, -8.4930560848e-12, -1.08122571226e-12, -2.3273212784e-12, 1.04240075773e-13, 5.51610189817e-13], [7.30954806774e-14, 1.08074998603e-11, -3.02232306022e-12, -8.83703527021e-11, -2.40695879894e-10, -9.66626556576e-10, -1.62743896137e-09, -1.12949027908e-09, 3.00373459439e-09, 8.22317269833e-10, -1.46627803232e-08, -1.93554701156e-08, 3.36971424986e-07, 6.87344027028e-07, 1.302772489e-06, 2.71367480309e-06, 2.96471881711e-07, 5.88928230627e-07, 2.79531718661e-07, 4.66137294097e-07, 9.02502819145e-08, 2.18913487338e-09, 1.27597002408e-10, 9.81192384286e-12, 1.26244056441e-12, 3.09019113466e-13, 4.37132860291e-13], [2.17654077406e-14, 4.47515592292e-12, 9.14000385793e-12, -2.33826911826e-12, -2.02484105871e-11, -1.39187092407e-10, -2.06032912953e-10, -3.99383609517e-10, 3.35513905547e-09, -1.12671283414e-09, -4.33796776278e-09, -1.03946540264e-08, -7.66813634812e-09, 4.13289384937e-08, 2.11773226511e-07, 8.59902286265e-07, 3.22832356403e-08, 5.0505015281e-08, 4.48958736854e-08, 9.02502819145e-08, 3.87305405525e-08, 6.17486117793e-10, 5.04611144536e-11, 5.0513048605e-12, 1.10812541868e-12, 1.01081178204e-13, 1.09920861475e-13], [-1.82790689399e-16, -4.89086418934e-13, -1.28283202203e-12, -2.35360992848e-12, -5.66332397645e-12, -2.14415846189e-11, -1.70582367676e-11, -2.83715863303e-11, 3.77978343069e-10, 1.44286568804e-10, 1.19495202622e-09, 6.99071578403e-10, 7.47922834776e-10, 5.32509947249e-09, 1.05902318026e-08, 5.65324986823e-09, 2.21912399567e-09, 5.09944442229e-09, -5.15271644796e-11, 2.18913487338e-09, 6.17486117793e-10, 3.93484911321e-10, 1.47403408923e-11, 1.1904588643e-12, 2.77474820464e-13, 3.24887470205e-15, 2.00766862004e-15], [2.91852348817e-17, -2.24966580602e-14, -7.5456873009e-14, -7.55539768661e-14, -2.63276325654e-13, -3.0103355789e-13, -9.98374018006e-13, -2.34219913429e-12, 9.20009415872e-11, 5.91944895878e-11, 9.02492802712e-11, 5.89709461818e-11, 3.14252512901e-11, 2.00094954494e-10, 3.16635363762e-11, 2.50825138437e-10, 8.72013156128e-11, 3.46476541901e-10, -8.4930560848e-12, 1.27597002408e-10, 5.04611144536e-11, 1.47403408923e-11, 2.21952534477e-12, 1.79564981048e-13, 3.82330953464e-14, 4.13471271678e-16, 8.63801552632e-17], [7.21304471996e-18, -1.06821442561e-15, -4.70161985109e-15, -4.93516801048e-15, -2.10094257529e-14, -5.64476850679e-14, -1.81305776057e-14, 2.51645983917e-14, 1.5858636019e-12, 1.4683657068e-11, 1.00022854582e-11, -8.92484610521e-12, -7.56618032116e-12, 5.35615128638e-12, -6.28585595033e-12, -7.43842379185e-13, 4.44920272499e-12, 2.4005157237e-11, -1.08122571226e-12, 9.81192384286e-12, 5.0513048605e-12, 1.1904588643e-12, 1.79564981048e-13, 2.81156933672e-14, 6.29980627465e-15, 6.8730986345e-17, 3.54546526384e-18], [2.12436421518e-18, -3.82821966816e-16, -3.69332490675e-16, 4.01059274385e-16, -3.64625528587e-16, 9.59607437593e-16, -2.94029149376e-15, 5.789478326e-14, 7.76790741105e-13, 3.44483816472e-12, 1.04574150988e-12, -3.45373469407e-12, -8.20202412932e-12, -4.81440972158e-12, -8.09051003275e-12, -4.0569448842e-12, -2.19824267296e-12, -1.73946913731e-12, -2.3273212784e-12, 1.26244056441e-12, 1.10812541868e-12, 2.77474820464e-13, 3.82330953464e-14, 6.29980627465e-15, 1.75267739809e-15, 1.86166658325e-17, -6.38601475768e-19], [2.1594687264e-19, 6.45970114402e-18, 7.41367042922e-17, 2.0657394519e-16, 3.27194216206e-16, 9.8435668152e-16, 4.22907880455e-16, 2.21345294524e-15, 3.08886691724e-14, 4.2765565259e-14, -3.22278587552e-14, -1.57331504595e-13, 3.29157579285e-14, 3.14734024433e-13, 5.23028831616e-13, 2.58280376253e-12, 1.1381682001e-13, 3.79419667343e-13, 1.04240075773e-13, 3.09019113466e-13, 1.01081178204e-13, 3.24887470205e-15, 4.13471271678e-16, 6.8730986345e-17, 1.86166658325e-17, 1.29277700471e-18, 8.94361119977e-19], [1.07807599532e-19, -2.25864542003e-20, -5.48027711255e-18, -5.89519843515e-17, -2.69937012433e-16, -1.17988068487e-15, -2.20123957717e-15, -3.11085703604e-15, -3.88983681521e-16, 1.46480816876e-15, 1.09224847726e-14, 8.62388976962e-15, 6.61083601056e-13, 9.16170242969e-13, 1.38689450549e-12, 3.35732722005e-12, 3.66660559336e-13, 7.20211650734e-13, 5.51610189817e-13, 4.37132860291e-13, 1.09920861475e-13, 2.00766862004e-15, 8.63801552632e-17, 3.54546526384e-18, -6.38601475768e-19, 8.94361119977e-19, 1.0833226727e-18]]
    },
    "mfcc": {
        "kurt": [3.6016702652, 0.633916378021, 0.293222665787, 1.52199602127, -0.329611539841, -0.164408445358, 0.26969909668, 0.0241043567657, 0.385221242905, 0.656809329987, 0.813406705856, 0.39381814003, 0.159358024597],
        "max": [-701.73840332, 149.22756958, 13.8842163086, 102.565711975, 43.312122345, 44.2013702393, 51.6212539673, 35.2555580139, 58.1631813049, 53.2272796631, 53.0790519714, 41.7712097168, 28.766002655],
        "mean": [-826.724243164, 84.8571090698, -131.849960327, 7.43985843658, -20.7167072296, -3.18292164803, 6.50381708145, -13.5352706909, 1.06486034393, -3.00062179565, -1.36052787304, -4.39850997925, -5.10808801651],
        "median": [-808.009765625, 88.0405960083, -137.031509399, 5.24177932739, -21.5213432312, -2.96717071533, 5.23978042603, -13.1839981079, -1.0606918335, -3.71588897705, -3.02635574341, -5.268699646, -4.74668884277],
        "min": [-1138.42004395, 1.14440917969e-05, -243.73374939, -44.0956802368, -82.9453887939, -45.8085899353, -29.5514068604, -61.390007019, -38.0038833618, -43.7235565186, -43.4721260071, -42.0008811951, -49.9241752625],
        "skew": [-1.86062014103, -0.643623769283, 0.663230955601, 0.683304071426, 0.0959691479802, 0.0221471060067, 0.26658397913, -0.0388955324888, 0.503655970097, 0.360281586647, 0.509707212448, 0.183922305703, -0.206571221352],
        "var": [7598.98535156, 814.892211914, 2750.11108398, 395.835418701, 523.283630371, 264.482818604, 193.524124146, 244.042648315, 218.043609619, 183.009719849, 219.727462769, 182.654876709, 145.506546021],
        "cov": [[7612.17773438, 689.208190918, -3979.30688477, 367.569641113, -718.662963867, 112.91153717, 133.578552246, -36.3363876343, 256.19934082, 48.2956390381, 231.644348145, -148.144943237, -102.697402954], [689.208190918, 816.306945801, 12.2168951035, -213.511474609, -185.082275391, -207.660919189, 19.4589042664, -49.247718811, 61.3070144653, -33.5084342957, -102.639717102, 44.6445732117, -27.4107017517], [-3979.30688477, 12.2168951035, 2754.88574219, -227.726104736, 62.810749054, -214.280487061, -195.452606201, 43.8208236694, -114.514892578, -101.156730652, -228.408416748, 80.9772033691, 48.577922821], [367.569641113, -213.511474609, -227.726104736, 396.522613525, 136.394973755, 58.0283470154, -2.9321436882, -87.5827102661, -14.1375598907, 37.4843635559, 61.927482605, -23.0033588409, -32.188457489], [-718.662963867, -185.082275391, 62.810749054, 136.394973755, 524.192138672, 146.137268066, 49.0274085999, -83.6734924316, -118.772232056, 52.3304901123, 53.9756278992, 21.5519447327, -4.41077327728], [112.91153717, -207.660919189, -214.280487061, 58.0283470154, 146.137268066, 264.942016602, 63.3597755432, -24.1919937134, -60.4221191406, -7.14926576614, 72.0338439941, -30.4990539551, 11.1318922043], [133.578552246, 19.4589042664, -195.452606201, -2.9321436882, 49.0274085999, 63.3597755432, 193.860107422, 24.5057086945, -31.6480312347, 3.14198565483, 3.3684194088, -13.8010292053, -25.1913890839], [-36.3363876343, -49.247718811, 43.8208236694, -87.5827102661, -83.6734924316, -24.1919937134, 24.5057086945, 244.466339111, 64.6474304199, -75.0526733398, -60.184463501, -58.4824752808, -13.8876972198], [256.19934082, 61.3070144653, -114.514892578, -14.1375598907, -118.772232056, -60.4221191406, -31.6480312347, 64.6474304199, 218.422164917, 21.7193641663, -68.8092575073, -37.9760513306, -34.4147033691], [48.2956390381, -33.5084342957, -101.156730652, 37.4843635559, 52.3304901123, -7.14926576614, 3.14198565483, -75.0526733398, 21.7193641663, 183.327453613, 89.9364624023, -35.4576530457, -33.9111976624], [231.644348145, -102.639717102, -228.408416748, 61.927482605, 53.9756278992, 72.0338439941, 3.3684194088, -60.184463501, -68.8092575073, 89.9364624023, 220.108947754, 27.4781532288, -34.0182380676], [-148.144943237, 44.6445732117, 80.9772033691, -23.0033588409, 21.5519447327, -30.4990539551, -13.8010292053, -58.4824752808, -37.9760513306, -35.4576530457, 27.4781532288, 182.971984863, 59.7660331726], [-102.697402954, -27.4107017517, 48.577922821, -32.188457489, -4.41077327728, 11.1318922043, -25.1913890839, -13.8876972198, -34.4147033691, -33.9111976624, -34.0182380676, 59.7660331726, 145.759170532]]
    },
    "sccoeffs": {
        "kurt": [0.38806438446, 0.240448713303, -0.309664726257, 0.0795714855194, 0.974723100662, -0.379278659821],
        "max": [-0.586834549904, -0.453265428543, -0.453212291002, -0.363028764725, -0.466319829226, -0.520079553127],
        "mean": [-0.766582965851, -0.778866231441, -0.757520198822, -0.737402260303, -0.765409886837, -0.71452152729],
        "median": [-0.769820451736, -0.793613135815, -0.769435584545, -0.755004644394, -0.777706563473, -0.716598927975],
        "min": [-0.924732029438, -0.971205949783, -0.959052681923, -0.960890710354, -0.935646116734, -0.925169825554],
        "skew": [0.351262331009, 0.701314151287, 0.445333063602, 0.593958318233, 0.761434495449, 0.00891004409641],
        "var": [0.00253305234946, 0.00717985257506, 0.00908869504929, 0.00970112346113, 0.00633712951094, 0.00525274965912],
        "cov": [[0.00253745005466, 0.000134979418362, 0.000582424749155, 2.74036974588e-05, 5.36290281161e-05, 0.000223646769882], [0.000134979418362, 0.00719231786206, 0.00225141015835, 0.00227246782742, 0.00117997010238, 0.00179501727689], [0.000582424749155, 0.00225141015835, 0.00910447351635, 0.00310075562447, 0.0029094198253, 0.00301474914886], [2.74036974588e-05, 0.00227246782742, 0.00310075562447, 0.00971796642989, 0.00542637426406, 0.00402559805661], [5.36290281161e-05, 0.00117997010238, 0.0029094198253, 0.00542637426406, 0.00634813122451, 0.00331159913912], [0.000223646769882, 0.00179501727689, 0.00301474914886, 0.00402559805661, 0.00331159913912, 0.00526186916977]]
    },
    "scvalleys": {
        "kurt": [51.4594535828, 35.3794631958, 18.9804553986, 13.9307556152, 11.2494382858, 19.1753196716],
        "max": [-7.58672046661, -6.59183216095, -5.04705095291, -4.72834777832, -5.2215795517, -9.35944461823],
        "mean": [-9.7340259552, -8.38588428497, -7.55258274078, -7.16486310959, -7.9406080246, -11.944890976],
        "median": [-9.59521961212, -8.20907878876, -7.38282108307, -6.91803646088, -7.77770757675, -11.852935791],
        "min": [-22.6280231476, -21.1503486633, -19.9873504639, -19.6991329193, -18.8708820343, -20.11860466],
        "skew": [-5.58701038361, -4.39127254486, -3.13731217384, -2.71566796303, -2.35451555252, -2.94991874695],
        "var": [1.10655045509, 1.33319330215, 1.8726965189, 2.25780510902, 1.93218135834, 0.759465157986],
        "cov": [[1.10847151279, 0.944641113281, 0.993601500988, 1.05975747108, 0.954985737801, 0.673160910606], [0.944641113281, 1.33550786972, 1.25039315224, 1.14351558685, 1.04771757126, 0.7922052145], [0.993601500988, 1.25039315224, 1.87594771385, 1.66684663296, 1.51983070374, 0.913242578506], [1.05975747108, 1.14351558685, 1.66684663296, 2.26172494888, 1.9627045393, 0.973047912121], [0.954985737801, 1.04771757126, 1.51983070374, 1.9627045393, 1.93553590775, 0.953509032726], [0.673160910606, 0.7922052145, 0.913242578506, 0.973047912121, 0.953509032726, 0.760783672333]]
    }
},
"rhythm": {
    "beats_loudness": {
        "kurt": 6.54226779938,
        "max": 0.0540378093719,
        "mean": 0.00841817911714,
        "median": 0.00398657517508,
        "min": 1.19225442177e-05,
        "skew": 2.60000991821,
        "var": 0.000138522140332
    },
    "bpm": 144.067382812,
    "confidence": 1.11353433132,
    "first_peak_bpm": {
        "kurt": 0,
        "max": 144,
        "mean": 144,
        "median": 144,
        "min": 144,
        "skew": 0,
        "var": 0
    },
    "first_peak_spread": {
        "kurt": 0,
        "max": 0.125000059605,
        "mean": 0.125000059605,
        "median": 0.125000059605,
        "min": 0.125000059605,
        "skew": 0,
        "var": 0
    },
    "first_peak_weight": {
        "kurt": 0,
        "max": 0.233333334327,
        "mean": 0.233333334327,
        "median": 0.233333334327,
        "min": 0.233333334327,
        "skew": 0,
        "var": 0
    },
    "onset_rate": 2.99488115311,
    "second_peak_bpm": {
        "kurt": 0,
        "max": 129,
        "mean": 129,
        "median": 129,
        "min": 129,
        "skew": 0,
        "var": 0
    },
    "second_peak_spread": {
        "kurt": 0,
        "max": 0.33333337307,
        "mean": 0.33333337307,
        "median": 0.33333337307,
        "min": 0.33333337307,
        "skew": 0,
        "var": 0
    },
    "second_peak_weight": {
        "kurt": 0,
        "max": 0.133333340287,
        "mean": 0.133333340287,
        "median": 0.133333340287,
        "min": 0.133333340287,
        "skew": 0,
        "var": 0
    },
    "beats_loudness_band_ratio": {
        "kurt": [22.4680538177, 25.8369674683, 2.28592824936, -1.04299068451, -0.936439037323, 4.57494115829],
        "max": [0.0486617907882, 0.538683354855, 0.622200012207, 0.901324629784, 0.836256563663, 0.708501338959],
        "mean": [0.00268789078109, 0.0203253421932, 0.100657425821, 0.398666650057, 0.369989752769, 0.126294717193],
        "median": [0.000163506672834, 0.00131906359456, 0.0211717188358, 0.352641642094, 0.277149438858, 0.0625830590725],
        "min": [2.33554528677e-05, 9.41943198995e-06, 5.76156307943e-05, 0.0143712842837, 0.0528065897524, 0.00852204952389],
        "skew": [4.80677747726, 5.26647186279, 1.89523696899, 0.314263910055, 0.635892033577, 2.24088454247],
        "var": [7.5252217357e-05, 0.00898700207472, 0.0280904062092, 0.0615637935698, 0.0531607791781, 0.0253914631903],
        "cov": [[7.77606255724e-05, 0.000827103212941, 1.34089186759e-05, -0.000497839762829, -0.000365063344361, -1.72401541931e-05], [0.000827103212941, 0.0092865685001, 0.000288463372272, -0.00472735380754, -0.00426811305806, -0.000952269881964], [1.34089186759e-05, 0.000288463372272, 0.0290267523378, -0.00865814555436, -0.0158131029457, -0.00351721537299], [-0.000497839762829, -0.00472735380754, -0.00865814555436, 0.0636159181595, -0.0312622860074, -0.0192508138716], [-0.000365063344361, -0.00426811305806, -0.0158131029457, -0.0312622860074, 0.0549328066409, -0.00315335323103], [-1.72401541931e-05, -0.000952269881964, -0.00351721537299, -0.0192508138716, -0.00315335323103, 0.0262378454208]]
    },
    "beats_position": [0.371519267559, 0.754648506641, 1.07972788811, 1.47446703911, 1.88081634045, 2.24072551727, 2.62385487556, 3.01859402657, 3.39011335373, 3.76163268089, 4.15637159348, 4.57433080673, 5.01551008224, 5.47990942001, 5.89786815643, 6.31582736969, 6.7570066452, 7.17496585846, 7.59292507172, 8.01088428497, 8.40562343597, 8.78875255585, 9.26476192474, 9.70594120026, 10.1935596466, 10.6347389221, 11.0526981354, 11.5170974731, 11.9814968109, 12.445895195, 12.9219045639],
    "bpm_estimates": [147.656219482, 143.554672241, 143.554840088, 143.554672241, 143.554672241, 143.554672241, 143.554672241, 143.554672241],
    "bpm_intervals": [0.383129239082, 0.325079381466, 0.394739151001, 0.406349301338, 0.359909176826, 0.383129358292, 0.394739151001, 0.371519327164, 0.371519327164, 0.394738912582, 0.417959213257, 0.441179275513, 0.464399337769, 0.41795873642, 0.417959213257, 0.441179275513, 0.417959213257, 0.417959213257, 0.417959213257, 0.394739151001, 0.383129119873, 0.476009368896, 0.441179275513, 0.48761844635, 0.441179275513, 0.417959213257, 0.464399337769, 0.464399337769, 0.464398384094, 0.476009368896],
    "onset_times": [0.545668959618, 0.812698423862, 1.33514738083, 1.81115651131, 1.93886625767, 2.63546490669, 2.80961441994, 3.06503391266, 3.42494320869, 3.64553284645, 3.79646253586, 3.94739222527, 4.04027223587, 4.17959165573, 4.56272125244, 6.21133804321, 6.28099775314, 6.59446716309, 6.76861667633, 6.98920631409, 7.20979595184, 7.2910656929, 7.44199562073, 7.63936519623, 7.9644446373, 8.25469398499, 8.4172334671, 8.66104316711, 8.76553249359, 9.0093421936, 9.0906124115, 9.18349170685, 9.34603214264, 9.71755123138, 10.077460289, 10.4257593155, 10.5882997513, 11.656416893, 12.6548757553, 12.9451246262],
    "histogram": [[0, 0, 0, 0, 0, 0, 0, 0, 0, 0, 0, 0, 0, 0, 0, 0, 0, 0, 0, 0, 0, 0, 0, 0, 0, 0, 0, 0, 0, 0, 0, 0, 0, 0, 0, 0, 0, 0, 0, 0, 0, 0, 0, 0, 0, 0, 0, 0, 0, 0, 0, 0, 0, 0, 0, 0, 0, 0, 0, 0, 0, 0, 0, 0, 0, 0, 0, 0, 0, 0, 0, 0, 0, 0, 0, 0, 0, 0, 0, 0, 0, 0, 0, 0, 0, 0, 0, 0, 0, 0, 0, 0, 0, 0, 0, 0, 0, 0, 0, 0, 0, 0, 0, 0, 0, 0, 0, 0, 0, 0, 0, 0, 0, 0, 0, 0, 0, 0, 0, 0, 0, 0, 0, 0.0333333350718, 0, 0, 0.0666666701436, 0, 0, 0.133333340287, 0, 0, 0, 0, 0, 0, 0.133333340287, 0, 0, 0, 0, 0, 0, 0, 0.233333334327, 0, 0, 0, 0.0333333350718, 0, 0, 0, 0.133333340287, 0, 0, 0, 0, 0.10000000149, 0, 0, 0, 0.0666666701436, 0, 0, 0, 0, 0, 0.0333333350718, 0, 0, 0, 0, 0, 0, 0, 0, 0, 0, 0, 0, 0, 0, 0, 0, 0, 0.0333333350718, 0, 0, 0, 0, 0, 0, 0, 0, 0, 0, 0, 0, 0, 0, 0, 0, 0, 0, 0, 0, 0, 0, 0, 0, 0, 0, 0, 0, 0, 0, 0, 0, 0, 0, 0, 0, 0, 0, 0, 0, 0, 0, 0, 0, 0, 0, 0, 0, 0, 0, 0, 0, 0, 0, 0, 0, 0, 0, 0, 0, 0, 0, 0, 0]]
},
"sfx": {
    "inharmonicity": {
        "kurt": 1.03831624985,
        "max": 0.396450102329,
        "mean": 0.0762753263116,
        "median": 0.0275191664696,
        "min": 0,
        "skew": 1.47576797009,
        "var": 0.0101731158793
    },
    "oddtoevenharmonicenergyratio": {
        "kurt": 62.4077911377,
        "max": 88.1579284668,
        "mean": 2.70637106895,
        "median": 0.653532147408,
        "min": 0,
        "skew": 6.67399406433,
        "var": 44.5990447998
    },
    "pitch_after_max_to_before_max_energy_ratio": 0.0228656325489,
    "pitch_centroid": 332.68170166,
    "pitch_max_to_total": 0.998266875744,
    "pitch_min_to_total": 0.512998282909,
    "tristimulus": {
        "kurt": [-1.10976791382, -0.949102163315, 0.190876245499],
        "max": [1, 0.986763417721, 1],
        "mean": [0.338153243065, 0.431488007307, 0.230358600616],
        "median": [0.239369481802, 0.40594831109, 0.108356647193],
        "min": [0, 0, 0],
        "skew": [0.543293654919, 0.172615170479, 1.16420400143],
        "var": [0.0994090139866, 0.0600865408778, 0.0782164111733],
        "cov": [[0.0995815992355, -0.0407101660967, -0.058871421963], [-0.0407101660967, 0.0601908564568, -0.0194807294756], [-0.058871421963, -0.0194807294756, 0.0783522054553]]
    }
},
"tonal": {
    "chords_changes_rate": 0.107266433537,
    "chords_number_rate": 0.0380622819066,
    "chords_strength": {
        "kurt": -0.169645547867,
        "max": 0.705797970295,
        "mean": 0.507017374039,
        "median": 0.523992061615,
        "min": 0.271515518427,
        "skew": -0.465757280588,
        "var": 0.0083979582414
    },
    "key_strength": 0.557504177094,
    "tuning_diatonic_strength": 0.449603497982,
    "tuning_equal_tempered_deviation": 0.25046852231,
    "tuning_frequency": 433.191070557,
    "tuning_nontempered_energy_ratio": 0.898126542568,
    "hpcp": {
