{
"metadata": {
    "version": {
        "essentia": "2.1-beta3"
    }
},
"lowLevel": {
    "average_loudness": 0.969375133514,
    "barkbands_kurtosis": {
        "kurt": 25.073102951,
        "max": 13.3475284576,
        "mean": 0.0133181549609,
        "median": -0.533749818802,
        "min": -1.64249265194,
        "skew": 4.21660089493,
        "var": 3.34136509895
    },
    "barkbands_skewness": {
        "kurt": 0.194878339767,
        "max": 1.77312874794,
        "mean": -0.138384118676,
        "median": -0.101099051535,
        "min": -3.24325656891,
        "skew": -0.357606381178,
        "var": 0.787965416908
    },
    "barkbands_spread": {
        "kurt": 0.0315237045288,
        "max": 34.5521087646,
        "mean": 21.3065662384,
        "median": 21.4212913513,
        "min": 5.14609670639,
        "skew": -0.349719852209,
        "var": 32.8554763794
    },
    "dissonance": {
        "kurt": 81.6769943237,
        "max": 0.499939888716,
        "mean": 0.482219994068,
        "median": 0.489114105701,
        "min": 0.102899603546,
        "skew": -8.72466850281,
        "var": 0.00151252967771
    },
    "hfc": {
        "kurt": 3.38979816437,
        "max": 16.2442989349,
        "mean": 2.85018610954,
        "median": 1.66797935963,
        "min": 3.71369424101e-07,
        "skew": 1.88484382629,
        "var": 11.3036899567
    },
    "pitch": {
        "kurt": 5.04968357086,
        "max": 2754.98291016,
        "mean": 555.065551758,
        "median": 354.821960449,
        "min": 69.4004898071,
        "skew": 2.41957449913,
        "var": 369410.0625
    },
    "pitch_instantaneous_confidence": {
        "kurt": -0.103338003159,
        "max": 0.886831998825,
        "mean": 0.383546948433,
        "median": 0.338471114635,
        "min": 0.0561345219612,
        "skew": 0.896683514118,
        "var": 0.0415112376213
    },
    "pitch_salience": {
        "kurt": -0.533825874329,
        "max": 0.923038721085,
        "mean": 0.671007692814,
        "median": 0.693249225616,
        "min": 0.462731748819,
        "skew": -0.379351109266,
        "var": 0.00954089686275
    },
    "silence_rate_20dB": {
        "kurt": 0,
        "max": 1,
        "mean": 1,
        "median": 1,
        "min": 1,
        "skew": 0,
        "var": 0
    },
    "silence_rate_30dB": {
        "kurt": 0,
        "max": 1,
        "mean": 1,
        "median": 1,
        "min": 1,
        "skew": 0,
        "var": 0
    },
    "silence_rate_60dB": {
        "kurt": 3.36908340454,
        "max": 1,
        "mean": 0.878504693508,
        "median": 1,
        "min": 0,
        "skew": -2.31712174416,
        "var": 0.106734097004
    },
    "spectral_centroid": {
        "kurt": -0.928102731705,
        "max": 2750.85498047,
        "mean": 1442.30749512,
        "median": 1391.00427246,
        "min": 496.490356445,
        "skew": 0.240530475974,
        "var": 273206.3125
    },
    "spectral_complexity": {
        "kurt": -0.690253257751,
        "max": 16,
        "mean": 5.2897195816,
        "median": 5,
        "min": 0,
        "skew": 0.475380569696,
        "var": 15.7758741379
    },
    "spectral_crest": {
        "kurt": -0.194590568542,
        "max": 15.7462511063,
        "mean": 7.11491680145,
        "median": 6.16455554962,
        "min": 2.88155460358,
        "skew": 0.877384185791,
        "var": 9.56975460052
    },
    "spectral_decrease": {
        "kurt": 2.32504081726,
        "max": -1.48007096132e-16,
        "mean": -3.49884898831e-10,
        "median": -2.29623750569e-10,
        "min": -1.58283808283e-09,
        "skew": -1.48606681824,
        "var": 8.97389634995e-20
    },
    "spectral_energy": {
        "kurt": 2.56603193283,
        "max": 0.00744740152732,
        "mean": 0.00157906615641,
        "median": 0.00103357667103,
        "min": 5.92297044744e-10,
        "skew": 1.57496321201,
        "var": 2.03760396289e-06
    },
    "spectral_energyband_high": {
        "kurt": 22.9334487915,
        "max": 0.001515311189,
        "mean": 0.000103172089439,
        "median": 3.45185253536e-05,
        "min": 4.3070044059e-12,
        "skew": 4.39608001709,
        "var": 4.27784279111e-08
    },
    "spectral_energyband_low": {
        "kurt": 0.820709228516,
        "max": 0.000170232364326,
        "mean": 5.09431229148e-05,
        "median": 4.17937553721e-05,
        "min": 1.36665762041e-10,
        "skew": 0.993455052376,
        "var": 1.20941046067e-09
    },
    "spectral_energyband_middle_high": {
        "kurt": 4.21110534668,
        "max": 0.0070559727028,
        "mean": 0.00113083724864,
        "median": 0.000666741863824,
        "min": 1.4751948274e-10,
        "skew": 1.8840290308,
        "var": 1.59147566592e-06
    },
    "spectral_energyband_middle_low": {
        "kurt": 15.173034668,
        "max": 0.00180225784425,
        "mean": 0.000320984196151,
        "median": 0.000264324829914,
        "min": 3.10481335086e-10,
        "skew": 3.38962078094,
        "var": 6.25650997677e-08
    },
    "spectral_flatness_db": {
        "kurt": 1.28693819046,
        "max": 0.249648883939,
        "mean": 0.163431495428,
        "median": 0.159008920193,
        "min": 0.0974022075534,
        "skew": 0.592700123787,
        "var": 0.000635524804238
    },
    "spectral_flux": {
        "kurt": 0.723205566406,
        "max": 0.0643292590976,
        "mean": 0.0243510659784,
        "median": 0.022219626233,
        "min": 0.00558512285352,
        "skew": 0.919865846634,
        "var": 0.000145376820001
    },
    "spectral_kurtosis": {
        "kurt": 7.95376300812,
        "max": 21.0803642273,
        "mean": 6.35025691986,
        "median": 5.88962650299,
        "min": 2.05290079117,
        "skew": 2.14724612236,
        "var": 7.33472537994
    },
    "spectral_rms": {
        "kurt": -0.0355713367462,
        "max": 0.00269550690427,
        "mean": 0.00112442614045,
        "median": 0.00100417505018,
        "min": 7.60164937219e-07,
        "skew": 0.601307630539,
        "var": 2.76218088402e-07
    },
    "spectral_rolloff": {
        "kurt": 1.16827726364,
        "max": 4220.5078125,
        "mean": 2334.23974609,
        "median": 2325.5859375,
        "min": 990.52734375,
        "skew": 0.724100351334,
        "var": 424512.03125
    },
    "spectral_skewness": {
        "kurt": 4.66747903824,
        "max": 3.4280025959,
        "mean": 1.6859588623,
        "median": 1.67323553562,
        "min": 0.875423967838,
        "skew": 1.39780461788,
        "var": 0.157345563173
    },
    "spectral_spread": {
        "kurt": 57.8281440735,
        "max": 10837352,
        "mean": 2926382,
        "median": 2753808.5,
        "min": 2255847.5,
        "skew": 6.95175361633,
        "var": 779141447680
    },
    "spectral_strongpeak": {
        "kurt": 4.41072845459,
        "max": 5.73640108109,
        "mean": 0.836053133011,
        "median": 0.350801497698,
        "min": 0,
        "skew": 2.15768790245,
        "var": 1.47050249577
    },
    "zerocrossingrate": {
        "kurt": 0.21398639679,
        "max": 0.13671875,
        "mean": 0.0779333412647,
        "median": 0.07861328125,
        "min": 0.0029296875,
        "skew": -0.062468111515,
        "var": 0.000526159768924
    },
    "barkbands": {
        "kurt": [3.86751413345, 0.293910264969, 2.59742498398, 7.84308624268, 25.8381824493, 54.3549804688, 11.9280767441, 16.2940444946, 9.69514751434, 3.26028203964, 1.66564750671, 5.01403427124, 8.93019676208, 13.5556316376, 64.2717590332, 9.75346755981, 9.00227355957, 5.75065898895, 13.0241928101, 24.2755470276, 9.79284572601, 10.711687088, 3.48748397827, 18.1300621033, 88.5538024902, 81.9495925903, 17.1714878082],
        "max": [4.13930109744e-07, 4.22976590926e-05, 9.97425377136e-05, 0.000276173785096, 0.000795473810285, 0.00119730329607, 0.000224719027756, 0.000258545973338, 0.000162480995641, 0.000415266025811, 0.000325678032823, 0.00053071975708, 0.000266311515588, 0.00112025765702, 0.000931812159251, 0.00310240057297, 0.00329947751015, 0.000412924884586, 0.000330089154886, 0.00148274039384, 0.000221420108574, 4.61992385681e-05, 3.08184326059e-06, 7.18926344234e-07, 1.96966311705e-06, 7.62477512239e-08, 7.60077778494e-10],
        "mean": [7.34030365379e-08, 1.22190403999e-05, 2.07642988244e-05, 4.38455826952e-05, 9.90489497781e-05, 7.24149795133e-05, 3.43597203027e-05, 3.23270614899e-05, 2.80128551822e-05, 7.7415308624e-05, 7.24557321519e-05, 8.73179669725e-05, 4.12064291595e-05, 9.61832192843e-05, 5.21053771081e-05, 0.00028537894832, 0.000306781410472, 5.7675424614e-05, 3.8125555875e-05, 9.07942667254e-05, 2.48801079579e-05, 5.02630655319e-06, 5.38334290923e-07, 7.51264721544e-08, 4.09531182299e-08, 1.79196824046e-09, 6.36226418771e-11],
        "median": [5.24185033157e-08, 8.55983307702e-06, 1.57613503688e-05, 2.97219594358e-05, 8.08347394923e-05, 4.21554032073e-05, 2.62828507402e-05, 2.19806097448e-05, 2.31670492212e-05, 3.65926789527e-05, 3.15688812407e-05, 5.50365439267e-05, 2.49084223469e-05, 3.19551290886e-05, 3.35940057994e-05, 7.34662098694e-05, 7.83131908975e-05, 2.49106506089e-05, 1.95265329239e-05, 2.60245142272e-05, 1.22148057926e-05, 2.09343102142e-06, 2.02646702974e-07, 4.69983199025e-08, 1.07401856297e-08, 4.20915385879e-10, 2.04130462533e-11],
        "min": [3.64030125488e-11, 5.68616889685e-11, 4.05389125047e-11, 4.23718976572e-11, 1.03878669555e-10, 7.70480901302e-11, 3.91317707404e-11, 1.77813146152e-11, 2.28205440655e-11, 2.63369135528e-11, 2.67970472201e-11, 2.79591003127e-11, 6.44706467032e-12, 4.82568629154e-12, 1.03357999243e-11, 2.48039852546e-11, 1.31710163609e-11, 2.26788574899e-12, 7.18135967359e-12, 2.05259051943e-12, 1.8817076803e-12, 9.42897778085e-13, 9.15885409506e-14, 8.20305872925e-14, 9.53712410152e-14, 8.06548160507e-14, 8.4243687872e-14],
        "skew": [1.79155421257, 1.05936944485, 1.50230658054, 2.39093875885, 4.1524772644, 6.76924324036, 2.9651927948, 3.57964015007, 2.40203237534, 1.94641673565, 1.63096487522, 2.06578922272, 2.75320506096, 3.46931028366, 7.40033483505, 3.04207372665, 2.99620747566, 2.29556012154, 3.28586530685, 4.55130910873, 2.76707077026, 2.84857487679, 1.93753004074, 3.90840029716, 9.2698431015, 8.80061531067, 3.69544434547],
        "var": [5.37647344654e-15, 1.01539394948e-10, 3.42862904734e-10, 1.87494464399e-09, 8.90545681642e-09, 1.63005680065e-08, 1.07145770034e-09, 1.38039724096e-09, 5.38291744512e-10, 8.88309603653e-09, 7.20170900692e-09, 8.97788687837e-09, 2.05993089253e-09, 3.11251895369e-08, 9.13654751855e-09, 2.85515397991e-07, 3.68904949255e-07, 5.82736081611e-09, 2.56300247692e-09, 3.99458315314e-08, 1.22405174885e-09, 4.98126574711e-11, 4.73567691138e-13, 1.08243475354e-14, 3.76138668281e-14, 5.82132326551e-17, 1.18659979755e-20],
        "cov": [[5.42719504998e-15, 2.88053082905e-13, 1.18435724552e-13, -4.44257288292e-13, -3.54685844497e-13, -9.24219901999e-13, -4.89347711657e-13, -3.88151086251e-14, -7.71812220255e-14, -1.02900240412e-12, 1.20173700635e-13, -1.7216845896e-13, -1.87302200117e-13, -1.83709235432e-13, 1.63413146946e-13, -1.00349394593e-12, 4.26343942789e-12, 3.18040000802e-14, -3.24872697103e-13, -6.69147558001e-14, -1.47718778399e-13, 6.06159951877e-14, 6.96660585733e-15, -1.59227966577e-17, 2.9970164432e-16, -3.26478757916e-18, -5.30281095342e-20], [2.88053082905e-13, 1.0249731619e-10, 8.91220083843e-11, -1.62445733948e-11, 2.13802430621e-11, 1.72894046302e-10, 6.27034708878e-12, 2.75004533035e-11, -7.59044303106e-12, -7.30248500558e-11, 8.47939496396e-11, -5.42331041187e-11, 2.45417523109e-11, -1.21733234604e-10, -1.08328936099e-10, -1.02336372709e-09, -1.322124632e-10, -1.333506916e-10, -4.90021564992e-11, 1.00272513816e-12, 1.68584052967e-11, 1.47727351185e-11, 7.46275003599e-13, 2.00449195003e-13, 7.11526107131e-14, -1.54302469989e-16, -6.02237977043e-17], [1.18435724552e-13, 8.91220083843e-11, 3.4609745625e-10, 1.18207166278e-10, -1.8731466378e-10, 8.19748019465e-11, 6.54886700424e-11, 4.08747341529e-11, -8.74014888241e-11, 5.16616610602e-11, -1.26350194196e-10, -1.26897978237e-10, -3.01392834301e-11, -2.99132420223e-11, -8.93005183689e-11, -1.49317336273e-10, -2.37486835752e-11, -1.44618678144e-10, -4.0302462756e-11, -2.1087398494e-10, 2.67544510851e-11, 7.87248684211e-13, 6.68320243981e-14, 5.66364548305e-14, -8.58394793099e-15, -4.89744963333e-15, 1.20346970541e-16], [-4.44257288292e-13, -1.62445733948e-11, 1.18207166278e-10, 1.89263293926e-09, 2.70060840357e-09, 2.94085422681e-09, 2.87786294795e-10, 3.22373544526e-10, 5.70967335911e-11, -2.61665732484e-12, 1.68439789894e-10, 7.49827699931e-10, 2.46110271052e-10, 3.1550040358e-10, -2.16731063651e-10, -3.7704656064e-10, -4.20202844742e-10, -3.992986497e-10, 1.53858079055e-10, 9.21391157815e-11, 3.16962046887e-11, -1.06114362089e-11, -3.8277700779e-13, 2.55005841747e-13, -2.68735093857e-13, -1.38991448965e-14, 1.04683266704e-15], [-3.54685844497e-13, 2.13802430621e-11, -1.8731466378e-10, 2.70060840357e-09, 8.98947050132e-09, 5.87692516874e-09, 1.15014310575e-10, 9.24882392894e-10, 2.86112966652e-10, 1.41051684222e-10, 2.19117968214e-09, 3.64364804994e-09, 5.19287890466e-10, 1.49875445388e-09, -5.3457205329e-10, 5.46605538609e-10, 8.21169177101e-09, -1.33351151302e-11, 5.4983911868e-10, 3.89096266318e-09, 5.48069867268e-10, 4.86646452302e-11, 3.26193651083e-12, 7.98562713351e-13, -9.53290384457e-14, -5.45561321711e-16, 2.15696622381e-15], [-9.24219901999e-13, 1.72894046302e-10, 8.19748019465e-11, 2.94085422681e-09, 5.87692516874e-09, 1.64543472181e-08, 6.80527079133e-10, 4.75823713764e-10, 3.15637405102e-10, -4.89270735038e-10, -1.08068075322e-10, 1.18983367603e-09, 1.81865383864e-10, -7.66008090292e-10, -5.49847278819e-10, -5.61107293962e-09, -2.69032018885e-09, -2.60583443712e-10, 2.93664537132e-10, -2.78098849504e-10, 3.57884527569e-10, 4.94422645186e-12, -1.73912848098e-12, 3.6406693632e-12, 2.43450355361e-12, 9.04669202506e-14, 1.42115611407e-15], [-4.89347711657e-13, 6.27034708878e-12, 6.54886700424e-11, 2.87786294795e-10, 1.15014310575e-10, 6.80527079133e-10, 1.08156583689e-09, 1.40036413021e-10, 1.61370208862e-10, 7.94763088674e-10, 9.08769926173e-14, 8.54672235762e-11, 1.58128996008e-10, 8.07331701491e-10, 2.13213474654e-11, 2.31055966027e-10, -7.33445582046e-10, 8.94891521996e-11, 8.04136444932e-12, -3.94680205185e-10, 5.8978585904e-11, -2.26131526698e-12, -2.24427437355e-13, 1.3941654092e-13, 2.07682341376e-13, 5.48069153334e-15, 2.74590955552e-16], [-3.88151086251e-14, 2.75004533035e-11, 4.08747341529e-11, 3.22373544526e-10, 9.24882392894e-10, 4.75823713764e-10, 1.40036413021e-10, 1.39341993499e-09, 2.29082211534e-10, -8.76543559958e-11, 1.04184083582e-09, 1.35434430337e-09, 1.32905839112e-10, 1.22704013616e-09, 2.85330065131e-10, 3.29482929828e-09, 6.07688876997e-09, 3.08035402741e-10, 5.23436238797e-10, 1.81969395108e-09, 7.69758201624e-10, 4.99262506337e-11, 7.66047815459e-12, 1.57557276145e-13, -3.96287766057e-13, -1.58682762703e-14, 1.35881194805e-15], [-7.71812220255e-14, -7.59044303106e-12, -8.74014888241e-11, 5.70967335911e-11, 2.86112966652e-10, 3.15637405102e-10, 1.61370208862e-10, 2.29082211534e-10, 5.43369960138e-10, -1.2491395418e-10, 5.1647353061e-10, 1.43711223477e-10, 8.80641462531e-11, 3.21709325846e-10, -2.47503007672e-11, -5.64288948901e-10, 1.58856860999e-09, 4.16272537274e-11, 9.60093740621e-11, 4.41812697538e-10, 1.09060878384e-10, -8.17877991895e-13, 2.87348893594e-13, 1.85178722399e-13, 8.36348744708e-14, 9.48918474721e-15, 1.06634784292e-16], [-1.02900240412e-12, -7.30248500558e-11, 5.16616610602e-11, -2.61665732484e-12, 1.41051684222e-10, -4.89270735038e-10, 7.94763088674e-10, -8.76543559958e-11, -1.2491395418e-10, 8.96689833496e-09, 1.67402081086e-09, 1.00389752067e-09, 1.53667034652e-09, 6.28387120116e-09, 1.85476722869e-09, 1.75626446719e-08, 8.26560819789e-10, 1.96708738187e-09, 5.01362618088e-10, 7.69409258528e-10, 9.54619605587e-10, 1.51910289903e-10, 1.57715836918e-11, 6.91264645351e-13, -8.05596745996e-13, -4.75993857773e-14, 6.77060804492e-16], [1.20173700635e-13, 8.47939496396e-11, -1.26350194196e-10, 1.68439789894e-10, 2.19117968214e-09, -1.08068075322e-10, 9.08769926173e-14, 1.04184083582e-09, 5.1647353061e-10, 1.67402081086e-09, 7.26964977105e-09, 2.50275111746e-09, 5.08074471384e-10, 5.811803927e-09, -5.14216336178e-10, -1.16686060814e-09, 2.08820303271e-08, 6.87243650876e-10, 1.24526122747e-09, 8.45872083488e-09, 1.41217482152e-09, 1.87813542496e-10, 2.00216926372e-11, 1.4865399493e-12, -8.77309835022e-13, -6.50421988878e-15, 6.52109331449e-16], [-1.7216845896e-13, -5.42331041187e-11, -1.26897978237e-10, 7.49827699931e-10, 3.64364804994e-09, 1.18983367603e-09, 8.54672235762e-11, 1.35434430337e-09, 1.43711223477e-10, 1.00389752067e-09, 2.50275111746e-09, 9.06258357247e-09, 3.40369454843e-10, 3.2736553468e-09, 1.13274778446e-09, 2.2547663292e-08, 2.19847073879e-08, 2.23340590466e-09, 1.39721056946e-09, 5.95357319e-09, 1.07723618914e-09, 2.46662468228e-10, 2.86011995337e-11, 9.52667415441e-13, -6.41979525096e-13, -1.50480908794e-14, 3.64274269318e-15], [-1.87302200117e-13, 2.45417523109e-11, -3.01392834301e-11, 2.46110271052e-10, 5.19287890466e-10, 1.81865383864e-10, 1.58128996008e-10, 1.32905839112e-10, 8.80641462531e-11, 1.53667034652e-09, 5.08074471384e-10, 3.40369454843e-10, 2.07936423635e-09, 1.84580850604e-09, 5.25801568951e-10, -1.18573895147e-09, 3.80401754541e-09, 6.16251216723e-10, 8.88953577416e-10, 2.47315923296e-09, 2.90417412341e-10, 5.85741802284e-11, 3.58941695811e-12, 9.96212010454e-13, 1.29379894385e-12, 4.3751599701e-14, 1.09126970952e-15], [-1.83709235432e-13, -1.21733234604e-10, -2.99132420223e-11, 3.1550040358e-10, 1.49875445388e-09, -7.66008090292e-10, 8.07331701491e-10, 1.22704013616e-09, 3.21709325846e-10, 6.28387120116e-09, 5.811803927e-09, 3.2736553468e-09, 1.84580850604e-09, 3.14188248751e-08, 1.37773759068e-09, 8.6705504998e-09, 4.60448035255e-08, 4.88923346254e-09, 3.16810755407e-09, 1.73577667795e-08, 2.04206784815e-09, 3.41997957731e-10, 4.52286888497e-11, 2.97772245229e-12, -2.39301363014e-13, -2.026719111e-14, 2.24197614446e-15], [1.63413146946e-13, -1.08328936099e-10, -8.93005183689e-11, -2.16731063651e-10, -5.3457205329e-10, -5.49847278819e-10, 2.13213474654e-11, 2.85330065131e-10, -2.47503007672e-11, 1.85476722869e-09, -5.14216336178e-10, 1.13274778446e-09, 5.25801568951e-10, 1.37773759068e-09, 9.22274168147e-09, 2.22692673191e-08, 7.28685867202e-09, 4.21573842502e-09, 8.5185558607e-10, 1.37753231044e-09, 7.29480365003e-10, 1.75532546831e-10, 2.33157746582e-11, 8.24351112545e-13, 2.0504023826e-12, 7.0371036472e-14, 1.86480041986e-15], [-1.00349394593e-12, -1.02336372709e-09, -1.49317336273e-10, -3.7704656064e-10, 5.46605538609e-10, -5.61107293962e-09, 2.31055966027e-10, 3.29482929828e-09, -5.64288948901e-10, 1.75626446719e-08, -1.16686060814e-09, 2.2547663292e-08, -1.18573895147e-09, 8.6705504998e-09, 2.22692673191e-08, 2.88208951815e-07, 1.34413880915e-07, 2.19082245678e-08, 5.39912647923e-09, 1.22458150287e-08, 7.68111441118e-09, 1.20583298902e-09, 1.91096888313e-10, -8.0523950138e-13, -3.26956343943e-12, -1.67218723677e-13, 1.5486953896e-14], [4.26343942789e-12, -1.322124632e-10, -2.37486835752e-11, -4.20202844742e-10, 8.21169177101e-09, -2.69032018885e-09, -7.33445582046e-10, 6.07688876997e-09, 1.58856860999e-09, 8.26560819789e-10, 2.08820303271e-08, 2.19847073879e-08, 3.80401754541e-09, 4.60448035255e-08, 7.28685867202e-09, 1.34413880915e-07, 3.72385187575e-07, 1.67683289476e-08, 1.29830217688e-08, 6.65896564556e-08, 1.11926459212e-08, 1.648688297e-09, 2.59680582593e-10, 7.66382183409e-12, -2.33784692993e-12, -1.20055170232e-13, 1.88584380994e-14], [3.18040000802e-14, -1.333506916e-10, -1.44618678144e-10, -3.992986497e-10, -1.33351151302e-11, -2.60583443712e-10, 8.94891521996e-11, 3.08035402741e-10, 4.16272537274e-11, 1.96708738187e-09, 6.87243650876e-10, 2.23340590466e-09, 6.16251216723e-10, 4.88923346254e-09, 4.21573842502e-09, 2.19082245678e-08, 1.67683289476e-08, 5.88233595167e-09, 1.91513960246e-09, 4.86006879186e-09, 1.1969252256e-09, 2.42262265804e-10, 2.73290747671e-11, 3.21676647992e-12, 7.3134970302e-12, 2.73969811681e-13, 3.48318942625e-15], [-3.24872697103e-13, -4.90021564992e-11, -4.0302462756e-11, 1.53858079055e-10, 5.4983911868e-10, 2.93664537132e-10, 8.04136444932e-12, 5.23436238797e-10, 9.60093740621e-11, 5.01362618088e-10, 1.24526122747e-09, 1.39721056946e-09, 8.88953577416e-10, 3.16810755407e-09, 8.5185558607e-10, 5.39912647923e-09, 1.29830217688e-08, 1.91513960246e-09, 2.58718180213e-09, 5.98989080558e-09, 7.10584369124e-10, 1.3099964169e-10, 1.40076856364e-11, 1.48436167871e-12, 1.17951926438e-12, 4.28448170497e-14, 1.83058134758e-15], [-6.69147558001e-14, 1.00272513816e-12, -2.1087398494e-10, 9.21391157815e-11, 3.89096266318e-09, -2.78098849504e-10, -3.94680205185e-10, 1.81969395108e-09, 4.41812697538e-10, 7.69409258528e-10, 8.45872083488e-09, 5.95357319e-09, 2.47315923296e-09, 1.73577667795e-08, 1.37753231044e-09, 1.22458150287e-08, 6.65896564556e-08, 4.86006879186e-09, 5.98989080558e-09, 4.03226785295e-08, 3.12507175693e-09, 4.34781627368e-10, 4.06818675969e-11, 3.49915148939e-12, 8.27640961407e-13, 3.12358916944e-14, 4.12558069575e-15], [-1.47718778399e-13, 1.68584052967e-11, 2.67544510851e-11, 3.16962046887e-11, 5.48069867268e-10, 3.57884527569e-10, 5.8978585904e-11, 7.69758201624e-10, 1.09060878384e-10, 9.54619605587e-10, 1.41217482152e-09, 1.07723618914e-09, 2.90417412341e-10, 2.04206784815e-09, 7.29480365003e-10, 7.68111441118e-09, 1.11926459212e-08, 1.1969252256e-09, 7.10584369124e-10, 3.12507175693e-09, 1.23559940057e-09, 9.63426075029e-11, 9.91295066866e-12, 9.73317455279e-13, 9.60056686927e-13, 3.61920847567e-14, 1.11618867767e-15], [6.06159951877e-14, 1.47727351185e-11, 7.87248684211e-13, -1.06114362089e-11, 4.86646452302e-11, 4.94422645186e-12, -2.26131526698e-12, 4.99262506337e-11, -8.17877991895e-13, 1.51910289903e-10, 1.87813542496e-10, 2.46662468228e-10, 5.85741802284e-11, 3.41997957731e-10, 1.75532546831e-10, 1.20583298902e-09, 1.648688297e-09, 2.42262265804e-10, 1.3099964169e-10, 4.34781627368e-10, 9.63426075029e-11, 5.02825871218e-11, 3.82868823451e-12, 4.58164701924e-13, 3.00825662124e-13, 1.05131950644e-14, 2.96733852632e-16], [6.96660585733e-15, 7.46275003599e-13, 6.68320243981e-14, -3.8277700779e-13, 3.26193651083e-12, -1.73912848098e-12, -2.24427437355e-13, 7.66047815459e-12, 2.87348893594e-13, 1.57715836918e-11, 2.00216926372e-11, 2.86011995337e-11, 3.58941695811e-12, 4.52286888497e-11, 2.33157746582e-11, 1.91096888313e-10, 2.59680582593e-10, 2.73290747671e-11, 1.40076856364e-11, 4.06818675969e-11, 9.91295066866e-12, 3.82868823451e-12, 4.7803530882e-13, 3.04320235461e-14, 2.48050837276e-14, 8.72245253506e-16, 3.40928081205e-17], [-1.59227966577e-17, 2.00449195003e-13, 5.66364548305e-14, 2.55005841747e-13, 7.98562713351e-13, 3.6406693632e-12, 1.3941654092e-13, 1.57557276145e-13, 1.85178722399e-13, 6.91264645351e-13, 1.4865399493e-12, 9.52667415441e-13, 9.96212010454e-13, 2.97772245229e-12, 8.24351112545e-13, -8.0523950138e-13, 7.66382183409e-12, 3.21676647992e-12, 1.48436167871e-12, 3.49915148939e-12, 9.73317455279e-13, 4.58164701924e-13, 3.04320235461e-14, 1.09264632864e-14, 1.31077289796e-14, 5.14756215727e-16, 4.93911653066e-18], [2.9970164432e-16, 7.11526107131e-14, -8.58394793099e-15, -2.68735093857e-13, -9.53290384457e-14, 2.43450355361e-12, 2.07682341376e-13, -3.96287766057e-13, 8.36348744708e-14, -8.05596745996e-13, -8.77309835022e-13, -6.41979525096e-13, 1.29379894385e-12, -2.39301363014e-13, 2.0504023826e-12, -3.26956343943e-12, -2.33784692993e-12, 7.3134970302e-12, 1.17951926438e-12, 8.27640961407e-13, 9.60056686927e-13, 3.00825662124e-13, 2.48050837276e-14, 1.31077289796e-14, 3.79687160347e-14, 1.46273727909e-15, 1.33689054678e-17], [-3.26478757916e-18, -1.54302469989e-16, -4.89744963333e-15, -1.38991448965e-14, -5.45561321711e-16, 9.04669202506e-14, 5.48069153334e-15, -1.58682762703e-14, 9.48918474721e-15, -4.75993857773e-14, -6.50421988878e-15, -1.50480908794e-14, 4.3751599701e-14, -2.026719111e-14, 7.0371036472e-14, -1.67218723677e-13, -1.20055170232e-13, 2.73969811681e-13, 4.28448170497e-14, 3.12358916944e-14, 3.61920847567e-14, 1.05131950644e-14, 8.72245253506e-16, 5.14756215727e-16, 1.46273727909e-15, 5.87624144074e-17, 5.25512702841e-19], [-5.30281095342e-20, -6.02237977043e-17, 1.20346970541e-16, 1.04683266704e-15, 2.15696622381e-15, 1.42115611407e-15, 2.74590955552e-16, 1.35881194805e-15, 1.06634784292e-16, 6.77060804492e-16, 6.52109331449e-16, 3.64274269318e-15, 1.09126970952e-15, 2.24197614446e-15, 1.86480041986e-15, 1.5486953896e-14, 1.88584380994e-14, 3.48318942625e-15, 1.83058134758e-15, 4.12558069575e-15, 1.11618867767e-15, 2.96733852632e-16, 3.40928081205e-17, 4.93911653066e-18, 1.33689054678e-17, 5.25512702841e-19, 1.19779412003e-20]]
    },
    "mfcc": {
        "kurt": [12.0665578842, 16.5745487213, 0.36260843277, 0.551665067673, -0.49569606781, 0.249063014984, 0.543551445007, 0.300403833389, -0.202483892441, 0.393002033234, -0.662575960159, 0.321465730667, 1.20087242126],
        "max": [-716.036376953, 166.525482178, 2.25833129883, 60.1361694336, 15.3919219971, 30.8201293945, 19.0757331848, 14.3543758392, 30.4025001526, 2.84046173096, 6.52855300903, 16.4871501923, 22.2488174438],
        "mean": [-789.029663086, 137.821090698, -71.6538391113, 37.4680938721, -11.7278404236, 2.36887860298, -1.37943434715, -7.39718866348, 3.23519182205, -13.8195505142, -12.3955497742, -3.91014623642, -0.0132873570547],
        "median": [-781.149658203, 141.536956787, -74.6165618896, 38.2019691467, -12.1948661804, 1.77374267578, -0.608089447021, -8.65686798096, 2.56418991089, -13.8737487793, -13.2696208954, -4.53800201416, -0.484312057495],
        "min": [-1138.42004395, 1.14440917969e-05, -108.987472534, 8.01086425781e-05, -30.2813835144, -24.791179657, -34.2935256958, -29.0740356445, -13.9586181641, -33.1472549438, -31.7178020477, -21.4915771484, -19.5395851135],
        "skew": [-2.56609296799, -2.88443565369, 0.612331867218, -0.475809544325, 0.385057717562, 0.445767432451, -0.579829990864, 0.385851830244, 0.512700676918, -0.490838170052, 0.095316812396, 0.494421243668, 0.444698691368],
        "var": [3246.98193359, 424.076141357, 509.994903564, 137.379959106, 121.461723328, 106.009735107, 96.278213501, 63.0416870117, 96.7513961792, 50.9803619385, 75.4917831421, 56.9690208435, 54.3377799988],
        "cov": [[3277.61376953, 100.082176208, -1083.31872559, 502.466949463, -356.013793945, 247.238845825, -198.591247559, 55.7612266541, 181.2134552, -114.057136536, -170.401153564, -4.29326725006, 43.3934860229], [100.082176208, 428.076873779, 95.4056243896, -16.4083099365, 39.8820495605, -68.2180023193, 55.7844085693, -69.8463439941, -35.6369094849, -6.7462182045, 23.1277084351, 4.2913403511, -12.018239975], [-1083.31872559, 95.4056243896, 514.806152344, -170.460693359, 131.412216187, -94.7207183838, 78.7610626221, -38.1159667969, -104.84941864, 25.845079422, 91.0430221558, 6.0676150322, -23.2216529846], [502.466949463, -16.4083099365, -170.460693359, 138.675994873, -41.5226364136, 28.6668930054, -22.29961586, 10.2399396896, 28.6668949127, -11.9612884521, -16.6992607117, 18.4318008423, 18.6692428589], [-356.013793945, 39.8820495605, 131.412216187, -41.5226364136, 122.607589722, -29.3736248016, 20.5473194122, -5.68417739868, -24.9581718445, 27.8470687866, 39.6695480347, -1.43807089329, 2.26640844345], [247.238845825, -68.2180023193, -94.7207183838, 28.6668930054, -29.3736248016, 107.00982666, -21.1525249481, 38.5894966125, 39.2309417725, -13.0416164398, -26.7851142883, -10.8385801315, 11.1920642853], [-198.591247559, 55.7844085693, 78.7610626221, -22.29961586, 20.5473194122, -21.1525249481, 97.1864929199, -13.0920295715, -30.9932193756, 7.39951086044, 21.3405284882, 30.0428352356, -17.3231773376], [55.7612266541, -69.8463439941, -38.1159667969, 10.2399396896, -5.68417739868, 38.5894966125, -13.0920295715, 63.6364212036, 28.1803245544, -0.621760070324, -2.91779589653, -0.268939763308, 13.4309978485], [181.2134552, -35.6369094849, -104.84941864, 28.6668949127, -24.9581718445, 39.2309417725, -30.9932193756, 28.1803245544, 97.6641464233, -8.37970924377, -30.1310768127, 0.544826090336, 24.1675796509], [-114.057136536, -6.7462182045, 25.845079422, -11.9612884521, 27.8470687866, -13.0416164398, 7.39951086044, -0.621760070324, -8.37970924377, 51.4613113403, 31.7780227661, -3.30430579185, 2.18239498138], [-170.401153564, 23.1277084351, 91.0430221558, -16.6992607117, 39.6695480347, -26.7851142883, 21.3405284882, -2.91779589653, -30.1310768127, 31.7780227661, 76.2039642334, 14.489481926, -9.63440513611], [-4.29326725006, 4.2913403511, 6.0676150322, 18.4318008423, -1.43807089329, -10.8385801315, 30.0428352356, -0.268939763308, 0.544826090336, -3.30430579185, 14.489481926, 57.5064620972, 4.66139268875], [43.3934860229, -12.018239975, -23.2216529846, 18.6692428589, 2.26640844345, 11.1920642853, -17.3231773376, 13.4309978485, 24.1675796509, 2.18239498138, -9.63440513611, 4.66139268875, 54.850402832]]
    },
    "sccoeffs": {
        "kurt": [5.41298961639, 0.828024625778, 0.720869541168, 0.317757129669, -0.113510847092, 0.127304553986],
        "max": [-0.432823270559, -0.647886097431, -0.696284234524, -0.624943435192, -0.630941987038, -0.623926639557],
        "mean": [-0.71252322197, -0.821543157101, -0.813624799252, -0.799458324909, -0.792318820953, -0.728026509285],
        "median": [-0.717421174049, -0.825677990913, -0.818317174911, -0.819243311882, -0.812619507313, -0.735637068748],
        "min": [-0.994691133499, -0.942722022533, -0.995411574841, -0.945567309856, -0.918387115002, -0.900133490562],
        "skew": [0.12196945399, 0.528901040554, -0.025424644351, 0.835347235203, 0.794948101044, 0.0466985590756],
        "var": [0.00400673178956, 0.00232421047986, 0.00246861856431, 0.00367121002637, 0.00319526111707, 0.00242539984174],
        "cov": [[0.0040445313789, 0.000773103151005, 0.00082897086395, 0.000876905512996, 0.000393339170842, 0.000356507691322], [0.000773103151005, 0.00234613707289, 0.000308953953208, 0.00014436825586, -0.000127846447867, 5.17086555192e-05], [0.00082897086395, 0.000308953953208, 0.00249190744944, 0.00179342925549, 0.00122348149307, 0.00167749554384], [0.000876905512996, 0.00014436825586, 0.00179342925549, 0.00370584405027, 0.0022794555407, 0.00223506754264], [0.000393339170842, -0.000127846447867, 0.00122348149307, 0.0022794555407, 0.00322540500201, 0.00224110507406], [0.000356507691322, 5.17086555192e-05, 0.00167749554384, 0.00223506754264, 0.00224110507406, 0.00244828104042]]
    },
    "scvalleys": {
        "kurt": [26.1618175507, 51.2812309265, 46.6889877319, 48.294002533, 42.0117874146, 30.2913589478],
        "max": [-6.50063323975, -5.86555290222, -6.2193775177, -6.31566619873, -6.56041622162, -9.61003398895],
        "mean": [-7.45337486267, -6.90998220444, -7.00063943863, -7.39346218109, -8.03208351135, -11.5609302521],
        "median": [-7.36976623535, -6.82396221161, -6.9304895401, -7.26323413849, -7.87831115723, -11.5263166428],
        "min": [-12.3525876999, -13.2346420288, -13.2064781189, -14.4021587372, -15.3483181, -17.6731472015],
        "skew": [-3.91397190094, -6.23719072342, -5.86993026733, -5.99232912064, -5.40763759613, -3.9698972702],
        "var": [0.435585319996, 0.526597201824, 0.530678927898, 0.666204690933, 0.777018725872, 0.637839913368],
        "cov": [[0.439694613218, 0.33197337389, 0.34850987792, 0.393532007933, 0.397106856108, 0.327690809965], [0.33197337389, 0.531565070152, 0.455848306417, 0.489004462957, 0.52657020092, 0.441342115402], [0.34850987792, 0.455848306417, 0.535685360432, 0.531692564487, 0.571960568428, 0.476291358471], [0.393532007933, 0.489004462957, 0.531692564487, 0.672489643097, 0.689836740494, 0.577937602997], [0.397106856108, 0.52657020092, 0.571960568428, 0.689836740494, 0.784349143505, 0.643409430981], [0.327690809965, 0.441342115402, 0.476291358471, 0.577937602997, 0.643409430981, 0.643857300282]]
    }
},
"rhythm": {
    "beats_loudness": {
        "kurt": -0.549926280975,
        "max": 0.0050637871027,
        "mean": 0.00228416570462,
        "median": 0.00217979354784,
        "min": 0.000471147679491,
        "skew": 0.647322714329,
        "var": 2.24766131396e-06
    },
    "bpm": 178.205841064,
    "confidence": 0,
    "first_peak_bpm": {
        "kurt": 0,
        "max": 178,
        "mean": 178,
        "median": 178,
        "min": 178,
        "skew": 0,
        "var": 0
    },
    "first_peak_spread": {
        "kurt": 0,
        "max": 0,
        "mean": 0,
        "median": 0,
        "min": 0,
        "skew": 0,
        "var": 0
    },
    "first_peak_weight": {
        "kurt": 0,
        "max": 0.40000000596,
        "mean": 0.40000000596,
        "median": 0.40000000596,
        "min": 0.40000000596,
        "skew": 0,
        "var": 0
    },
    "onset_rate": 2.45810270309,
    "second_peak_bpm": {
        "kurt": 0,
        "max": 167,
        "mean": 167,
        "median": 167,
        "min": 167,
        "skew": 0,
        "var": 0
    },
    "second_peak_spread": {
        "kurt": 0,
        "max": 0,
        "mean": 0,
        "median": 0,
        "min": 0,
        "skew": 0,
        "var": 0
    },
    "second_peak_weight": {
        "kurt": 0,
        "max": 0.20000000298,
        "mean": 0.20000000298,
        "median": 0.20000000298,
        "min": 0.20000000298,
        "skew": 0,
        "var": 0
    },
    "beats_loudness_band_ratio": {
        "kurt": [-1.08864176273, -1.30372524261, 0.281737089157, -1.23473405838, -0.283554315567, 0.639646291733],
        "max": [0.304072201252, 0.261721372604, 0.211886271834, 0.255265623331, 0.775534927845, 0.251152962446],
        "mean": [0.128416091204, 0.114237159491, 0.0792087465525, 0.17224805057, 0.443968981504, 0.0933449268341],
        "median": [0.0927329659462, 0.0845582783222, 0.0610383599997, 0.184857457876, 0.455957621336, 0.0766034498811],
        "min": [0.0105263413861, 0.0137706147507, 0.0217069666833, 0.0890896394849, 0.107643663883, 0.0304044783115],
        "skew": [0.615812659264, 0.499309718609, 1.28015685081, -0.175539568067, -0.0370737574995, 1.45024645329],
        "var": [0.0105687184259, 0.00819787289947, 0.00407531298697, 0.00327997724526, 0.0391063727438, 0.00543972058222],
        "cov": [[0.0126824621111, 0.00995835103095, 0.00453608622774, -0.00283922860399, -0.017998399213, -0.00369191612117], [0.00995835103095, 0.00983744673431, 0.00551512977108, -0.00107789901085, -0.0183821804821, -0.00427647167817], [0.00453608622774, 0.00551512977108, 0.00489037577063, 0.000788972247392, -0.0129633247852, -0.00245129968971], [-0.00283922860399, -0.00107789901085, 0.000788972247392, 0.00393597269431, -0.00285148131661, 0.00115336338058], [-0.017998399213, -0.0183821804821, -0.0129633247852, -0.00285148131661, 0.0469276458025, 0.00253275851719], [-0.00369191612117, -0.00427647167817, -0.00245129968971, 0.00115336338058, 0.00253275851719, 0.00652766460553]]
    },
    "beats_position": [0.336689323187, 0.696598649025, 1.04489791393, 1.369977355, 1.70666658878, 2.04335594177],
    "bpm_estimates": [178.205871582, 178.205810547],
    "bpm_intervals": [0.359909325838, 0.348299264908, 0.325079441071, 0.33668923378, 0.336689352989],
    "onset_times": [0.0116099771112, 0.487619042397, 0.684988677502, 0.99845802784, 1.38158726692, 1.95047616959],
    "histogram": [[0, 0, 0, 0, 0, 0, 0, 0, 0, 0, 0, 0, 0, 0, 0, 0, 0, 0, 0, 0, 0, 0, 0, 0, 0, 0, 0, 0, 0, 0, 0, 0, 0, 0, 0, 0, 0, 0, 0, 0, 0, 0, 0, 0, 0, 0, 0, 0, 0, 0, 0, 0, 0, 0, 0, 0, 0, 0, 0, 0, 0, 0, 0, 0, 0, 0, 0, 0, 0, 0, 0, 0, 0, 0, 0, 0, 0, 0, 0, 0, 0, 0, 0, 0, 0, 0, 0, 0, 0, 0, 0, 0, 0, 0, 0, 0, 0, 0, 0, 0, 0, 0, 0, 0, 0, 0, 0, 0, 0, 0, 0, 0, 0, 0, 0, 0, 0, 0, 0, 0, 0, 0, 0, 0, 0, 0, 0, 0, 0, 0, 0, 0, 0, 0, 0, 0, 0, 0, 0, 0, 0, 0, 0, 0, 0, 0, 0, 0, 0, 0, 0, 0, 0, 0, 0, 0, 0, 0, 0, 0, 0, 0, 0, 0, 0, 0, 0, 0.20000000298, 0, 0, 0, 0, 0.20000000298, 0, 0, 0, 0, 0, 0.40000000596, 0, 0, 0, 0, 0, 0, 0.20000000298, 0, 0, 0, 0, 0, 0, 0, 0, 0, 0, 0, 0, 0, 0, 0, 0, 0, 0, 0, 0, 0, 0, 0, 0, 0, 0, 0, 0, 0, 0, 0, 0, 0, 0, 0, 0, 0, 0, 0, 0, 0, 0, 0, 0, 0, 0, 0, 0, 0, 0, 0, 0, 0, 0, 0, 0, 0, 0, 0, 0, 0, 0, 0, 0]]
},
"sfx": {
    "inharmonicity": {
        "kurt": -0.952946662903,
        "max": 0.362875401974,
        "mean": 0.131906524301,
        "median": 0.104108944535,
        "min": 0,
        "skew": 0.573881864548,
        "var": 0.010914253071
    },
    "oddtoevenharmonicenergyratio": {
        "kurt": 17.8943939209,
        "max": 16.7558574677,
        "mean": 1.53321743011,
        "median": 0.700766265392,
        "min": 0,
        "skew": 3.73569440842,
        "var": 5.35033798218
    },
    "pitch_after_max_to_before_max_energy_ratio": 0.790729165077,
    "pitch_centroid": 51.7565917969,
    "pitch_max_to_total": 0.785046756268,
    "pitch_min_to_total": 0.943925261497,
    "tristimulus": {
        "kurt": [3.98897171021, 0.822292089462, -0.440752506256],
        "max": [1, 0.843854248524, 0.939121842384],
        "mean": [0.191250562668, 0.326424777508, 0.482324689627],
        "median": [0.117780037224, 0.301897257566, 0.540844619274],
        "min": [0, 0, 0],
        "skew": [2.06000733376, 0.989010155201, -0.755962848663],
        "var": [0.0484804734588, 0.0288376286626, 0.0649037510157],
        "cov": [[0.0489378385246, -0.00626573851332, -0.042672097683], [-0.00626573851332, 0.0291096828878, -0.022843953222], [-0.042672097683, -0.022843953222, 0.0655160546303]]
    }
},
"tonal": {
    "chords_changes_rate": 0,
    "chords_number_rate": 0.0185185186565,
    "chords_strength": {
        "kurt": 0.227287530899,
        "max": 0.63107073307,
        "mean": 0.540226101875,
        "median": 0.534846782684,
        "min": 0.418956279755,
        "skew": -0.298663318157,
        "var": 0.00208015763201
    },
    "key_strength": 0.536280453205,
    "tuning_diatonic_strength": 0.591655910015,
    "tuning_equal_tempered_deviation": 0.260034829378,
    "tuning_frequency": 455.253540039,
    "tuning_nontempered_energy_ratio": 0.911357104778,
    "hpcp": {
        "kurt": [0.647361278534, 2.27743339539, 0.246501922607, 3.86596059799, 1.87797498703, -0.0475871562958, -0.301025152206, -0.193283081055, -0.0207149982452, 1.39171981812, -0.211047887802, -0.235056400299, 0.0475337505341, 0.0863654613495, -0.365849256516, -0.121727466583, 2.32111644745, 1.40527391434, 0.927923440933, 0.284551143646, 0.895049571991, 0.113073587418, 0.130737066269, 1.4376168251, 3.80392026901, 0.750958681107, -0.0627965927124, -0.492251157761, 0.776252269745, 0.702043294907, 2.59742593765, 2.83442401886, 1.89281225204, 3.5084528923, 0.906825304031, 0.524606466293],
        "max": [0.804840862751, 0.873846590519, 0.720029652119, 0.888894498348, 0.877270519733, 1, 1, 1, 1, 1, 1, 1, 1, 1, 1, 1, 1, 1, 1, 1, 1, 0.796287178993, 0.767358183861, 0.78407484293, 1, 1, 1, 1, 1, 1, 1, 1, 1, 1, 0.748602807522, 0.802976429462],
        "mean": [0.215668335557, 0.205070614815, 0.205778315663, 0.204262346029, 0.233177870512, 0.330355972052, 0.401500821114, 0.390721470118, 0.346499413252, 0.331886231899, 0.360229253769, 0.344701498747, 0.332062900066, 0.35328066349, 0.356923520565, 0.307762086391, 0.251332879066, 0.257116734982, 0.261213034391, 0.291283220053, 0.287338763475, 0.243178009987, 0.225681141019, 0.216664612293, 0.222050979733, 0.251191645861, 0.318733423948, 0.341596245766, 0.29403835535, 0.25484251976, 0.233510792255, 0.225282326341, 0.235550314188, 0.24384726584, 0.235437214375, 0.223684147],
