{
"metadata": {
    "version": {
        "essentia": "2.1-beta3"
    }
},
"lowLevel": {
    "average_loudness": 0.942935168743,
    "barkbands_kurtosis": {
        "kurt": 8.81806659698,
        "max": 30.4499931335,
        "mean": 1.49990534782,
        "median": -0.796306371689,
        "min": -1.70294237137,
        "skew": 2.77736759186,
        "var": 29.7025756836
    },
    "barkbands_skewness": {
        "kurt": 0.468508958817,
        "max": 3.53049659729,
        "mean": 0.0915768742561,
        "median": 0.0794785916805,
        "min": -2.45272803307,
        "skew": 0.278890609741,
        "var": 1.41816461086
    },
    "barkbands_spread": {
        "kurt": -1.0338344574,
        "max": 53.0962524414,
        "mean": 23.7380123138,
        "median": 21.2195682526,
        "min": 0.830455482006,
        "skew": 0.177463650703,
        "var": 210.743682861
    },
    "dissonance": {
        "kurt": 10.9229860306,
        "max": 0.499831438065,
        "mean": 0.472931087017,
        "median": 0.484224498272,
        "min": 0.275957047939,
        "skew": -2.94536018372,
        "var": 0.00125754694454
    },
    "hfc": {
        "kurt": 64.9492111206,
        "max": 136.73614502,
        "mean": 3.18088388443,
        "median": 0.0293717756867,
        "min": 1.01522239504e-08,
        "skew": 7.85538005829,
        "var": 230.133773804
    },
    "pitch": {
        "kurt": -0.971699237823,
        "max": 4264.34423828,
        "mean": 1598.24487305,
        "median": 926.865783691,
        "min": 180.22769165,
        "skew": 0.811665058136,
        "var": 1762219.625
    },
    "pitch_instantaneous_confidence": {
        "kurt": -0.387192964554,
        "max": 0.986225903034,
        "mean": 0.51915705204,
        "median": 0.496438741684,
        "min": 0.1929718256,
        "skew": 0.62539857626,
        "var": 0.0442200414836
    },
    "pitch_salience": {
        "kurt": 0.53734254837,
        "max": 0.927650928497,
        "mean": 0.664780855179,
        "median": 0.692110776901,
        "min": 0.237676471472,
        "skew": -0.723221302032,
        "var": 0.0156038049608
    },
    "silence_rate_20dB": {
        "kurt": 0,
        "max": 1,
        "mean": 1,
        "median": 1,
        "min": 1,
        "skew": 0,
        "var": 0
    },
    "silence_rate_30dB": {
        "kurt": 0,
        "max": 1,
        "mean": 1,
        "median": 1,
        "min": 1,
        "skew": 0,
        "var": 0
    },
    "silence_rate_60dB": {
        "kurt": 6.22374343872,
        "max": 1,
        "mean": 0.910112380981,
        "median": 1,
        "min": 0,
        "skew": -2.86770558357,
        "var": 0.0818079784513
    },
    "spectral_centroid": {
        "kurt": -0.973547935486,
        "max": 3668.67944336,
        "mean": 1974.42028809,
        "median": 1908.98754883,
        "min": 705.393676758,
        "skew": 0.249598041177,
        "var": 476060.71875
    },
    "spectral_complexity": {
        "kurt": 5.03899288177,
        "max": 11,
        "mean": 1.21348309517,
        "median": 0,
        "min": 0,
        "skew": 2.38314390182,
        "var": 6.28026533127
    },
    "spectral_crest": {
        "kurt": 0.255245685577,
        "max": 24.5077095032,
        "mean": 10.0250377655,
        "median": 9.2110710144,
        "min": 3.0844643116,
        "skew": 0.796009778976,
        "var": 22.6544075012
    },
    "spectral_decrease": {
        "kurt": 24.8105278015,
        "max": -8.89321522095e-19,
        "mean": -2.84510970339e-10,
        "median": -4.13665933105e-12,
        "min": -6.58912302498e-09,
        "skew": -4.74877309799,
        "var": 8.74469494197e-19
    },
    "spectral_energy": {
        "kurt": 35.0643386841,
        "max": 0.0372712649405,
        "mean": 0.00136232620571,
        "median": 2.06017775781e-05,
        "min": 4.27734497127e-12,
        "skew": 5.54639005661,
        "var": 2.28281005548e-05
    },
    "spectral_energyband_high": {
        "kurt": 28.3287124634,
        "max": 0.000824857910629,
        "mean": 3.80613055313e-05,
        "median": 8.63041123011e-07,
        "min": 9.44942908643e-13,
        "skew": 4.89718008041,
        "var": 1.21565220113e-08
    },
    "spectral_energyband_low": {
        "kurt": 31.8683166504,
        "max": 1.25356709759e-05,
        "mean": 4.84791428335e-07,
        "median": 5.92394151511e-08,
        "min": 1.80212181983e-13,
        "skew": 5.53351020813,
        "var": 2.91101170946e-12
    },
    "spectral_energyband_middle_high": {
        "kurt": 36.6758499146,
        "max": 0.0366439856589,
        "mean": 0.00124817399774,
        "median": 9.51167839958e-06,
        "min": 1.8977165759e-12,
        "skew": 5.70797920227,
        "var": 2.17316883209e-05
    },
    "spectral_energyband_middle_low": {
        "kurt": 67.0105285645,
        "max": 0.00416318140924,
        "mean": 0.00010069450218,
        "median": 1.10301812128e-06,
        "min": 1.29620804108e-12,
        "skew": 7.94835710526,
        "var": 2.09237413173e-07
    },
    "spectral_flatness_db": {
        "kurt": 0.51136136055,
        "max": 0.467910796404,
        "mean": 0.184170112014,
        "median": 0.16086499393,
        "min": 0.0580064691603,
        "skew": 1.05153441429,
        "var": 0.00821323413402
    },
    "spectral_flux": {
        "kurt": 7.70693778992,
        "max": 0.181660562754,
        "mean": 0.0201611015946,
        "median": 0.00403112405911,
        "min": 6.21488725301e-05,
        "skew": 2.74991989136,
        "var": 0.00129722442944
    },
    "spectral_kurtosis": {
        "kurt": 2.42541837692,
        "max": 13.4075698853,
        "mean": 4.67807435989,
        "median": 3.85288190842,
        "min": 1.47354888916,
        "skew": 1.55168426037,
        "var": 5.63134717941
    },
    "spectral_rms": {
        "kurt": 10.6956586838,
        "max": 0.00603010877967,
        "mean": 0.000548820185941,
        "median": 0.000141771975905,
        "min": 6.45989146619e-08,
        "skew": 3.09291338921,
        "var": 1.02789465473e-06
    },
    "spectral_rolloff": {
        "kurt": 0.638108968735,
        "max": 4608.10546875,
        "mean": 3316.35522461,
        "median": 3617.578125,
        "min": 559.86328125,
        "skew": -1.04682826996,
        "var": 848766.625
    },
    "spectral_skewness": {
        "kurt": 0.798290014267,
        "max": 2.90781807899,
        "mean": 1.57855534554,
        "median": 1.43830382824,
        "min": 0.624616146088,
        "skew": 0.823648869991,
        "var": 0.182032465935
    },
    "spectral_spread": {
        "kurt": 5.00741004944,
        "max": 11534335,
        "mean": 4949932,
        "median": 4898379.5,
        "min": 2522495.25,
        "skew": 1.28971505165,
        "var": 1.81988111155e+12
    },
    "spectral_strongpeak": {
        "kurt": 23.9012756348,
        "max": 9.36664581299,
        "mean": 0.468015700579,
        "median": 0.0454098060727,
        "min": 3.40996302839e-06,
        "skew": 4.70550489426,
        "var": 1.91211628914
    },
    "zerocrossingrate": {
        "kurt": 27.2034683228,
        "max": 0.421875,
        "mean": 0.10884282738,
        "median": 0.107421875,
        "min": 0.03857421875,
        "skew": 4.01961374283,
        "var": 0.00190281949472
    },
    "barkbands": {
        "kurt": [22.4179458618, 39.8670883179, 28.4661655426, 63.8117446899, 8.5234746933, 26.8902683258, 36.7832832336, 49.0979957581, 52.6679649353, 54.0604858398, 78.7462081909, 61.998260498, 80.8985595703, 33.9582328796, 41.1071128845, 24.3450660706, 17.8191223145, 13.0719680786, 7.78264808655, 73.9831085205, 15.3798751831, 45.7783622742, 59.2309036255, 32.6870269775, 56.4309539795, 19.422662735, 26.675201416],
        "max": [7.48696820096e-08, 7.17441253073e-06, 4.97727478432e-06, 5.35629351361e-06, 1.09886868813e-05, 4.26706319558e-05, 0.000170768296812, 0.000705368816853, 0.00127026508562, 0.0158169846982, 0.00201334594749, 0.00136056402698, 0.00641230726615, 0.0022035613656, 0.00436426373199, 0.00104659947101, 0.00073402444832, 0.000655962212477, 0.000214468876948, 0.031818639487, 6.45118343527e-05, 0.000516558997333, 1.38962577694e-05, 6.89800663167e-06, 5.79799143452e-06, 4.62750548991e-08, 2.51089282699e-09],
        "mean": [4.6054293712e-09, 1.94003092702e-07, 2.24168331897e-07, 1.47240541537e-07, 8.88448141723e-07, 1.97030476556e-06, 5.1430761232e-06, 1.72135296452e-05, 3.30293369188e-05, 0.000338592246408, 3.39266953233e-05, 2.82271867036e-05, 9.79992837529e-05, 6.35388569208e-05, 9.47597363847e-05, 4.0529313992e-05, 3.7012861867e-05, 4.10067186749e-05, 1.85006629181e-05, 0.000490388425533, 4.62979687654e-06, 1.35332238642e-05, 3.8157369886e-07, 2.95099994219e-07, 1.87649845884e-07, 2.63632071729e-09, 1.23594787182e-10],
        "median": [7.37063576839e-10, 1.43215199699e-08, 3.265940407e-08, 1.85849238221e-08, 7.48449764387e-08, 1.10567128786e-07, 9.63350146321e-08, 6.4911858999e-08, 1.90802694533e-07, 1.22554439486e-07, 7.94075489807e-08, 9.34615371762e-08, 1.61024502177e-07, 4.3133550065e-08, 4.10692635455e-08, 2.02408642735e-07, 5.82173868224e-07, 7.91289323843e-07, 9.11482231913e-07, 2.36496748585e-06, 2.77005881344e-07, 1.85914487361e-07, 1.63108229145e-08, 6.71232358584e-09, 6.1653913086e-09, 7.51817427758e-11, 5.51279768363e-12],
        "min": [2.07564424226e-14, 7.77777365082e-14, 7.24896488322e-14, 2.76142701912e-14, 1.02767681788e-13, 4.18473768008e-13, 6.08949739592e-13, 6.55335838763e-14, 2.42025231236e-14, 2.82426154945e-13, 2.94634244303e-14, 3.83309039348e-14, 3.15131967288e-14, 1.30874396606e-13, 3.20137932006e-13, 1.12888919133e-13, 3.83864435464e-13, 4.73322078688e-14, 2.78072676647e-13, 3.64711678826e-13, 4.95975873219e-13, 1.9964042084e-13, 6.32683467248e-14, 2.1206818311e-14, 5.46526799511e-14, 4.11434480371e-15, 2.83223756532e-16],
        "skew": [4.27991199493, 6.43252182007, 5.17832660675, 7.7444319725, 3.10329079628, 4.90109300613, 5.92121219635, 6.73362112045, 6.94995927811, 7.15751838684, 8.86322116852, 7.74845838547, 9.02989959717, 5.89486837387, 6.51307249069, 4.76379537582, 4.16205596924, 3.73655104637, 2.98569297791, 8.55662631989, 3.91682195663, 6.65205097198, 7.45224285126, 5.43507766724, 7.1389746666, 4.34147357941, 4.91970920563],
        "var": [1.08988033726e-16, 9.85268941087e-13, 4.81735473994e-13, 3.52767402963e-13, 5.27088095392e-12, 3.46985495892e-11, 5.00095242995e-10, 7.07455694027e-09, 2.19869171758e-08, 3.42048610946e-06, 4.5939067661e-08, 2.35955450734e-08, 4.61418380837e-07, 1.11779627332e-07, 3.46062080325e-07, 2.27887202442e-08, 1.37249305254e-08, 1.63812270415e-08, 2.22957363682e-09, 1.18773568829e-05, 1.42280964788e-10, 4.06200051373e-09, 2.4737325903e-12, 8.35150633545e-13, 4.34294229268e-13, 5.59385918497e-17, 1.26627845473e-19],
        "cov": [[1.10226534861e-16, 6.26721202333e-15, 4.12673139001e-15, 3.38669580347e-16, -1.50506994762e-16, 1.1801372935e-14, 5.00003989221e-14, -3.81833372429e-14, 9.11072703825e-14, 7.52781083996e-12, 5.63228337667e-13, 4.49441157034e-13, 1.84273126272e-12, 8.29815437284e-13, 4.39764218964e-13, 6.66828354687e-13, -6.83368089221e-14, -7.55926761074e-14, 1.12093751707e-13, 2.92742371143e-12, 3.46092207356e-14, 1.00922349362e-13, 8.39865566213e-16, 1.03818668411e-15, 8.50461048411e-16, 4.07496838935e-18, 2.95883022098e-19], [6.26721202333e-15, 9.96465171661e-13, 5.51690258147e-13, 5.89571184299e-14, 2.69573073716e-13, 3.51925926552e-14, -4.46105663261e-13, -1.79901362904e-12, -4.86204089142e-12, -5.12450429313e-11, 9.93414985689e-13, 5.01271897255e-12, 1.31926726488e-11, 4.96703719821e-12, 2.43049302906e-10, 3.2746996087e-11, -4.62020482636e-12, -4.54053418128e-12, 1.58425477598e-11, 2.19491536058e-09, 1.64912799128e-12, 3.58662925748e-11, 1.00155215339e-13, 1.30759566044e-13, 4.1602675081e-13, -1.33070058882e-17, 4.38619997519e-17], [4.12673139001e-15, 5.51690258147e-13, 4.87209719183e-13, 2.63403854934e-13, 5.60842713417e-13, 5.19442995561e-13, 5.20604338718e-13, 4.10866566464e-12, -2.20510654007e-12, -3.33364794103e-11, -9.63376188719e-13, -1.95042726002e-13, 1.54332633912e-12, -3.1994580596e-12, 1.03191115375e-10, 1.50664133947e-11, -1.66407230877e-12, -4.66120197995e-13, 9.06518176497e-12, 8.16619161181e-10, 1.5948558663e-12, 1.44367408653e-11, 1.09489870783e-13, 8.7150115412e-14, 1.66159363287e-13, 2.00369799428e-16, 3.43167689257e-17], [3.38669580347e-16, 5.89571184299e-14, 2.63403854934e-13, 3.56776132075e-13, 5.77773994013e-13, 3.65682554767e-13, 1.74707655027e-12, 2.48636159404e-12, 2.7853346257e-13, -2.16180909979e-11, 1.29228940916e-12, -1.89081584591e-12, -1.19397276354e-12, -4.53910129969e-12, 2.56007593596e-11, 1.7351858882e-12, -7.24265970548e-13, -3.27582557434e-12, 1.90655369096e-12, 6.84247727922e-11, 2.46574679078e-13, 2.2752064989e-12, 1.85533046446e-14, 4.3080858027e-15, 6.97066145108e-15, -1.15491248292e-16, 5.5810045501e-18], [-1.50506994762e-16, 2.69573073716e-13, 5.60842713417e-13, 5.77773994013e-13, 5.3307774861e-12, 5.89821767816e-12, 1.22343741041e-11, 1.18306864305e-10, 9.53412487847e-11, -1.47177048326e-10, -8.02311082154e-12, -6.18356321008e-12, 3.97461751012e-12, -2.87344471134e-11, 7.74404845805e-11, 3.27392349342e-11, 1.97839869487e-11, 8.90785847862e-11, 7.7106050711e-11, 1.08084374784e-09, 1.44473183417e-11, 2.18880920333e-11, 1.69397211102e-12, 1.01986431453e-12, 5.30773504575e-13, 6.1780249597e-15, 3.56138840791e-16], [1.1801372935e-14, 3.51925926552e-14, 5.19442995561e-13, 3.65682554767e-13, 5.89821767816e-12, 3.50928487658e-11, 1.88607254814e-11, 1.1457194915e-10, 1.45748316194e-10, 4.71595873464e-10, 1.67217573122e-10, -1.35310686267e-11, 3.796744516e-11, -1.54984931139e-11, -1.64829774829e-10, 1.34215791259e-10, 4.96148365448e-11, 4.31671330625e-11, 9.9931597719e-11, -6.43167685777e-10, 1.60327098819e-11, -2.30637774504e-12, 1.07184660453e-12, 6.79766085001e-13, 1.17764291699e-13, 3.37305883772e-15, 1.59489937986e-16], [5.00003989221e-14, -4.46105663261e-13, 5.20604338718e-13, 1.74707655027e-12, 1.22343741041e-11, 1.88607254814e-11, 5.05778141591e-10, 4.63765803538e-10, 2.09099168536e-10, 2.25608580706e-08, 3.83048304187e-09, -8.46549011446e-11, -1.98396771234e-10, -2.69855804369e-10, -3.52435941542e-10, 1.36213040847e-09, -4.65841289155e-11, 2.48182429469e-11, 4.61428117937e-10, -1.8274189939e-09, 4.29129301538e-11, 1.5613726978e-10, 1.81978238901e-12, 1.77604968492e-12, 7.05409851625e-14, 2.65282227575e-15, 6.77221476055e-16], [-3.81833372429e-14, -1.79901362904e-12, 4.10866566464e-12, 2.48636159404e-12, 1.18306864305e-10, 1.1457194915e-10, 4.63765803538e-10, 7.15494952175e-09, 4.48325210289e-10, -1.72950964661e-09, 5.15369968923e-10, -1.9230100845e-10, -1.4426556616e-09, -9.52770973228e-10, -1.58973978426e-09, -3.26574073339e-10, -3.03651742639e-10, 6.55810072914e-09, 2.1436368236e-09, -3.91266485877e-09, 6.81737333252e-10, 2.56707654266e-12, 8.26477705718e-11, 5.47108157389e-11, 1.56007550628e-11, 4.4557405183e-13, 2.2270596825e-14], [9.11072703825e-14, -4.86204089142e-12, -2.20510654007e-12, 2.7853346257e-13, 9.53412487847e-11, 1.45748316194e-10, 2.09099168536e-10, 4.48325210289e-10, 2.22367688707e-08, 4.85707580822e-08, 7.54741824593e-10, -7.06368921688e-11, 4.04316491398e-09, 3.10118544178e-08, -2.89343438098e-09, 1.70823577506e-09, 9.54797463315e-10, 5.28040222658e-10, 2.27088126081e-09, -6.93840718213e-09, 4.00051103355e-10, 3.40148159639e-10, 1.51870842291e-11, 2.33503234109e-11, 1.62211927918e-11, 5.01744804558e-13, -2.4202236403e-15], [7.52781083996e-12, -5.12450429313e-11, -3.33364794103e-11, -2.16180909979e-11, -1.47177048326e-10, 4.71595873464e-10, 2.25608580706e-08, -1.72950964661e-09, 4.85707580822e-08, 3.45935541191e-06, 1.63782829077e-07, -4.52404824713e-09, 2.24890488454e-08, 7.18341155448e-08, -2.40371029747e-08, 2.15702129935e-07, -3.34714211903e-09, -7.34593452734e-09, 1.96608755942e-08, -1.1251074028e-07, 2.65231658858e-09, 1.56361910086e-08, -1.17552825113e-11, 1.37453465276e-10, 3.35138102166e-12, 7.61131446498e-13, -2.87514356398e-14], [5.63228337667e-13, 9.93414985689e-13, -9.63376188719e-13, 1.29228940916e-12, -8.02311082154e-12, 1.67217573122e-10, 3.83048304187e-09, 5.15369968923e-10, 7.54741824593e-10, 1.63782829077e-07, 4.6461103409e-08, 1.40264266868e-09, 8.36875679866e-10, -3.97824440057e-10, 4.47451964369e-10, 9.53811429838e-09, -3.42020217703e-10, -9.53551571037e-10, 4.36053104735e-09, 3.84098641781e-10, 3.02867425583e-10, 1.77864012407e-09, -4.22696339736e-12, 5.846139111e-12, -7.75186501361e-13, -3.21477599315e-14, -2.69617575133e-16], [4.49441157034e-13, 5.01271897255e-12, -1.95042726002e-13, -1.89081584591e-12, -6.18356321008e-12, -1.35310686267e-11, -8.46549011446e-11, -1.9230100845e-10, -7.06368921688e-11, -4.52404824713e-09, 1.40264266868e-09, 2.38636754801e-08, 9.87804469332e-08, 3.34533467594e-08, 6.82346401604e-09, 3.7715612855e-09, 4.56769455592e-10, 1.24083007758e-10, 9.2097357518e-10, 2.34427268708e-08, 8.45477132749e-10, 4.53225040831e-10, 3.64962877628e-12, 2.11982948556e-11, 9.49996418337e-12, 1.40441965783e-13, 7.42112416034e-15], [1.84273126272e-12, 1.31926726488e-11, 1.54332633912e-12, -1.19397276354e-12, 3.97461751012e-12, 3.796744516e-11, -1.98396771234e-10, -1.4426556616e-09, 4.04316491398e-09, 2.24890488454e-08, 8.36875679866e-10, 9.87804469332e-08, 4.66661759901e-07, 1.63977375678e-07, 3.20285060695e-08, 2.16884377124e-08, 4.86573581426e-09, 1.29046773267e-09, 5.28218713214e-09, 1.00345111775e-07, 4.09130240797e-09, 2.27730545532e-09, 2.44130757276e-11, 1.01367379768e-10, 3.89543258761e-11, 3.28745060688e-13, 2.92218980675e-14], [8.29815437284e-13, 4.96703719821e-12, -3.1994580596e-12, -4.53910129969e-12, -2.87344471134e-11, -1.54984931139e-11, -2.69855804369e-10, -9.52770973228e-10, 3.10118544178e-08, 7.18341155448e-08, -3.97824440057e-10, 3.34533467594e-08, 1.63977375678e-07, 1.1304985037e-07, 1.31798429948e-08, 1.29579396102e-08, 2.01845984371e-09, 1.95223592847e-09, 3.22956861254e-09, 6.66391031245e-08, 1.90290494473e-09, 1.84346760079e-09, 3.42135833553e-11, 7.50580084197e-11, 4.12060073562e-11, 9.76429223934e-13, 8.01562101063e-15], [4.39764218964e-13, 2.43049302906e-10, 1.03191115375e-10, 2.56007593596e-11, 7.74404845805e-11, -1.64829774829e-10, -3.52435941542e-10, -1.58973978426e-09, -2.89343438098e-09, -2.40371029747e-08, 4.47451964369e-10, 6.82346401604e-09, 3.20285060695e-08, 1.31798429948e-08, 3.49994593307e-07, 2.00609182599e-08, -2.45840414692e-09, -2.53384091486e-09, 7.91651100229e-09, 1.62818969329e-06, 4.99682462074e-10, 3.48137518813e-08, 8.82971404326e-11, 1.17007320499e-10, 2.60184734868e-10, 6.95997147177e-14, 6.01417922625e-14], [6.66828354687e-13, 3.2746996087e-11, 1.50664133947e-11, 1.7351858882e-12, 3.27392349342e-11, 1.34215791259e-10, 1.36213040847e-09, -3.26574073339e-10, 1.70823577506e-09, 2.15702129935e-07, 9.53811429838e-09, 3.7715612855e-09, 2.16884377124e-08, 1.29579396102e-08, 2.00609182599e-08, 2.30476828733e-08, 7.86860687718e-10, -6.06402261738e-10, 3.07169467639e-09, 1.81054488735e-07, 4.83831197329e-10, 4.16480849807e-09, 1.55218719822e-11, 2.46833057466e-11, 3.3712491132e-11, 7.79981342694e-16, 1.97156235836e-15], [-6.83368089221e-14, -4.62020482636e-12, -1.66407230877e-12, -7.24265970548e-13, 1.97839869487e-11, 4.96148365448e-11, -4.65841289155e-11, -3.03651742639e-10, 9.54797463315e-10, -3.34714211903e-09, -3.42020217703e-10, 4.56769455592e-10, 4.86573581426e-09, 2.01845984371e-09, -2.45840414692e-09, 7.86860687718e-10, 1.38808955441e-08, 7.93740717597e-09, 4.43697356634e-10, -9.30464771898e-09, 1.45951098429e-10, -1.18138263061e-10, 1.05112108253e-11, 8.02015138329e-12, 6.02716444462e-12, 1.59042050363e-13, 5.98327641501e-15], [-7.55926761074e-14, -4.54053418128e-12, -4.66120197995e-13, -3.27582557434e-12, 8.90785847862e-11, 4.31671330625e-11, 2.48182429469e-11, 6.55810072914e-09, 5.28040222658e-10, -7.34593452734e-09, -9.53551571037e-10, 1.24083007758e-10, 1.29046773267e-09, 1.95223592847e-09, -2.53384091486e-09, -6.06402261738e-10, 7.93740717597e-09, 1.65673768038e-08, 2.06780526035e-09, -6.37361052824e-09, 8.66089977514e-10, -4.42285062741e-11, 1.27875723899e-10, 8.02790403598e-11, 2.24165790097e-11, 6.51143472908e-13, 3.17052631436e-14], [1.12093751707e-13, 1.58425477598e-11, 9.06518176497e-12, 1.90655369096e-12, 7.7106050711e-11, 9.9931597719e-11, 4.61428117937e-10, 2.1436368236e-09, 2.27088126081e-09, 1.96608755942e-08, 4.36053104735e-09, 9.2097357518e-10, 5.28218713214e-09, 3.22956861254e-09, 7.91651100229e-09, 3.07169467639e-09, 4.43697356634e-10, 2.06780526035e-09, 2.25490959238e-09, 7.36106287036e-08, 4.09984296512e-10, 1.50239576335e-09, 4.05274772075e-11, 2.86416324685e-11, 2.06354464766e-11, 1.66925555409e-13, 8.99369080186e-15], [2.92742371143e-12, 2.19491536058e-09, 8.16619161181e-10, 6.84247727922e-11, 1.08084374784e-09, -6.43167685777e-10, -1.8274189939e-09, -3.91266485877e-09, -6.93840718213e-09, -1.1251074028e-07, 3.84098641781e-10, 2.34427268708e-08, 1.00345111775e-07, 6.66391031245e-08, 1.62818969329e-06, 1.81054488735e-07, -9.30464771898e-09, -6.37361052824e-09, 7.36106287036e-08, 1.20123268061e-05, 3.58260887623e-09, 2.09248113947e-07, 5.46982903415e-10, 7.54529716485e-10, 2.1118451432e-09, 4.48690889131e-13, 2.58142221791e-13], [3.46092207356e-14, 1.64912799128e-12, 1.5948558663e-12, 2.46574679078e-13, 1.44473183417e-11, 1.60327098819e-11, 4.29129301538e-11, 6.81737333252e-10, 4.00051103355e-10, 2.65231658858e-09, 3.02867425583e-10, 8.45477132749e-10, 4.09130240797e-09, 1.90290494473e-09, 4.99682462074e-10, 4.83831197329e-10, 1.45951098429e-10, 8.66089977514e-10, 4.09984296512e-10, 3.58260887623e-09, 1.43897796456e-10, 1.12039801048e-10, 1.43969029406e-11, 9.55543196651e-12, 3.1002631018e-12, 6.5780456711e-14, 3.31890293921e-15], [1.00922349362e-13, 3.58662925748e-11, 1.44367408653e-11, 2.2752064989e-12, 2.18880920333e-11, -2.30637774504e-12, 1.5613726978e-10, 2.56707654266e-12, 3.40148159639e-10, 1.56361910086e-08, 1.77864012407e-09, 4.53225040831e-10, 2.27730545532e-09, 1.84346760079e-09, 3.48137518813e-08, 4.16480849807e-09, -1.18138263061e-10, -4.42285062741e-11, 1.50239576335e-09, 2.09248113947e-07, 1.12039801048e-10, 4.10815959029e-09, 1.49688629547e-11, 1.70492439611e-11, 3.62603905235e-11, 2.77869158347e-14, 6.38291545337e-15], [8.39865566213e-16, 1.00155215339e-13, 1.09489870783e-13, 1.85533046446e-14, 1.69397211102e-12, 1.07184660453e-12, 1.81978238901e-12, 8.26477705718e-11, 1.51870842291e-11, -1.17552825113e-11, -4.22696339736e-12, 3.64962877628e-12, 2.44130757276e-11, 3.42135833553e-11, 8.82971404326e-11, 1.55218719822e-11, 1.05112108253e-11, 1.27875723899e-10, 4.05274772075e-11, 5.46982903415e-10, 1.43969029406e-11, 1.49688629547e-11, 2.5018431337e-12, 1.37109204199e-12, 3.78781207788e-13, 8.03158334652e-15, 5.05648123385e-16], [1.03818668411e-15, 1.30759566044e-13, 8.7150115412e-14, 4.3080858027e-15, 1.01986431453e-12, 6.79766085001e-13, 1.77604968492e-12, 5.47108157389e-11, 2.33503234109e-11, 1.37453465276e-10, 5.846139111e-12, 2.11982948556e-11, 1.01367379768e-10, 7.50580084197e-11, 1.17007320499e-10, 2.46833057466e-11, 8.02015138329e-12, 8.02790403598e-11, 2.86416324685e-11, 7.54529716485e-10, 9.55543196651e-12, 1.70492439611e-11, 1.37109204199e-12, 8.44640980421e-13, 3.20537243666e-13, 5.45260815598e-15, 3.02406088172e-16], [8.50461048411e-16, 4.1602675081e-13, 1.66159363287e-13, 6.97066145108e-15, 5.30773504575e-13, 1.17764291699e-13, 7.05409851625e-14, 1.56007550628e-11, 1.62211927918e-11, 3.35138102166e-12, -7.75186501361e-13, 9.49996418337e-12, 3.89543258761e-11, 4.12060073562e-11, 2.60184734868e-10, 3.3712491132e-11, 6.02716444462e-12, 2.24165790097e-11, 2.06354464766e-11, 2.1118451432e-09, 3.1002631018e-12, 3.62603905235e-11, 3.78781207788e-13, 3.20537243666e-13, 4.39229382032e-13, 1.80568387289e-15, 1.08773469692e-16], [4.07496838935e-18, -1.33070058882e-17, 2.00369799428e-16, -1.15491248292e-16, 6.1780249597e-15, 3.37305883772e-15, 2.65282227575e-15, 4.4557405183e-13, 5.01744804558e-13, 7.61131446498e-13, -3.21477599315e-14, 1.40441965783e-13, 3.28745060688e-13, 9.76429223934e-13, 6.95997147177e-14, 7.79981342694e-16, 1.59042050363e-13, 6.51143472908e-13, 1.66925555409e-13, 4.48690889131e-13, 6.5780456711e-14, 2.77869158347e-14, 8.03158334652e-15, 5.45260815598e-15, 1.80568387289e-15, 5.65742569894e-17, 1.97856722157e-18], [2.95883022098e-19, 4.38619997519e-17, 3.43167689257e-17, 5.5810045501e-18, 3.56138840791e-16, 1.59489937986e-16, 6.77221476055e-16, 2.2270596825e-14, -2.4202236403e-15, -2.87514356398e-14, -2.69617575133e-16, 7.42112416034e-15, 2.92218980675e-14, 8.01562101063e-15, 6.01417922625e-14, 1.97156235836e-15, 5.98327641501e-15, 3.17052631436e-14, 8.99369080186e-15, 2.58142221791e-13, 3.31890293921e-15, 6.38291545337e-15, 5.05648123385e-16, 3.02406088172e-16, 1.08773469692e-16, 1.97856722157e-18, 1.28066803697e-19]]
    },
    "mfcc": {
        "kurt": [-0.918631315231, 0.106198787689, -0.765468835831, 0.0985808372498, -0.380071640015, 0.478590726852, 0.70296049118, 0.944800853729, 2.15481996536, -0.0535824298859, -0.183901071548, 0.265976667404, 2.87446403503],
        "max": [-749.674438477, 122.755607605, 30.1364784241, 75.5168609619, 20.8462219238, 58.127494812, 47.7471237183, 26.940071106, 32.6952323914, 23.3624191284, 20.4947090149, 52.2649002075, 46.2813720703],
        "mean": [-993.362243652, 35.9136962891, -37.1734733582, 17.3598423004, -17.6380729675, -15.7282066345, 6.60866641998, -1.53210616112, -3.09873223305, -8.11801147461, -4.30429363251, 0.451562941074, 1.90444743633],
        "median": [-997.368041992, 34.8244743347, -34.5617637634, 17.493686676, -13.5272789001, -12.2678070068, 1.35489273071, -0.773170471191, -3.5867767334, -5.45083618164, -2.37041091919, -1.36251831055, 0.652168273926],
        "min": [-1138.42004395, -13.0021934509, -171.310501099, -37.1466293335, -82.8021392822, -72.9344558716, -17.9550285339, -31.9273376465, -23.4035720825, -37.3036308289, -28.4954147339, -47.0909614563, -28.4671325684],
        "skew": [0.462756663561, 0.651978433132, -0.466882258654, 0.0466289632022, -0.648347198963, 0.0388930402696, 1.04896426201, -0.291304320097, 1.14292061329, -0.373706609011, -0.116431377828, 0.561314582825, 1.07409656048],
        "var": [13203.8886719, 921.150878906, 2163.83691406, 477.64239502, 575.608581543, 622.324584961, 190.9790802, 108.062408447, 106.775688171, 163.290618896, 102.354164124, 428.020965576, 135.40864563],
        "cov": [[13353.9335938, 1311.40393066, -4735.63232422, -43.6660270691, -2049.34838867, -413.287963867, 580.569030762, -118.364776611, 350.706481934, -202.276626587, -83.7705383301, -260.766357422, 415.798950195], [1311.40393066, 931.618530273, -254.304550171, -131.535690308, -351.055541992, -224.509017944, 58.0409507751, 7.91845273972, 111.874389648, 40.987575531, -182.587371826, -298.213439941, 13.9116697311], [-4735.63232422, -254.304550171, 2188.42602539, 248.958297729, 719.971557617, -64.5481872559, -321.476928711, 78.9320983887, -156.921508789, 128.270492554, 7.50732469559, -20.9663906097, -174.629180908], [-43.6660270691, -131.535690308, 248.958297729, 483.070129395, 102.285308838, -190.687072754, -50.4948158264, 22.7266616821, -118.446624756, -87.3665542603, 54.7039794922, 153.321640015, -5.88496828079], [-2049.34838867, -351.055541992, 719.971557617, 102.285308838, 582.149597168, 301.386627197, -17.7915363312, -39.5231056213, -125.456520081, 88.252166748, 24.9852733612, 9.33893299103, -25.0553226471], [-413.287963867, -224.509017944, -64.5481872559, -190.687072754, 301.386627197, 629.39642334, 178.815963745, -135.858795166, -5.60666465759, 141.604232788, -19.3813247681, -151.020446777, 115.621238708], [580.569030762, 58.0409507751, -321.476928711, -50.4948158264, -17.7915363312, 178.815963745, 193.149307251, -33.9370880127, -5.75197076797, 25.1938667297, -27.0649909973, -39.5295143127, 45.0724105835], [-118.364776611, 7.91845273972, 78.9320983887, 22.7266616821, -39.5231056213, -135.858795166, -33.9370880127, 109.290397644, 16.8103256226, -30.1284790039, 10.4816455841, 42.6247711182, -49.5151596069], [350.706481934, 111.874389648, -156.921508789, -118.446624756, -125.456520081, -5.60666465759, -5.75197076797, 16.8103256226, 107.989044189, 31.1435871124, -30.6234912872, -101.552101135, 27.9755973816], [-202.276626587, 40.987575531, 128.270492554, -87.3665542603, 88.252166748, 141.604232788, 25.1938667297, -30.1284790039, 31.1435871124, 165.146194458, -18.6976394653, -182.06199646, 7.73407888412], [-83.7705383301, -182.587371826, 7.50732469559, 54.7039794922, 24.9852733612, -19.3813247681, -27.0649909973, 10.4816455841, -30.6234912872, -18.6976394653, 103.517280579, 121.046379089, -30.9096393585], [-260.766357422, -298.213439941, -20.9663906097, 153.321640015, 9.33893299103, -151.020446777, -39.5295143127, 42.6247711182, -101.552101135, -182.06199646, 121.046379089, 432.884857178, -48.3345680237], [415.798950195, 13.9116697311, -174.629180908, -5.88496828079, -25.0553226471, 115.621238708, 45.0724105835, -49.5151596069, 27.9755973816, 7.73407888412, -30.9096393585, -48.3345680237, 136.947372437]]
    },
    "sccoeffs": {
        "kurt": [0.907277345657, 0.385574102402, 9.49779987335, 1.79841947556, 2.93937492371, 1.49466896057],
        "max": [-0.64002263546, -0.629476964474, -0.294026166201, -0.489890396595, -0.496655583382, -0.646801829338],
        "mean": [-0.82714921236, -0.825069367886, -0.823928833008, -0.828375160694, -0.823230981827, -0.813590764999],
        "median": [-0.83140963316, -0.840971052647, -0.853172540665, -0.857006549835, -0.851094186306, -0.822731912136],
        "min": [-0.958393275738, -0.92510843277, -0.928063511848, -0.921096682549, -0.923156380653, -0.911758601665],
        "skew": [0.903763711452, 0.883102476597, 2.48282384872, 1.36844086647, 1.61571991444, 1.15673172474],
        "var": [0.00408912776038, 0.00450979918242, 0.00912398658693, 0.0077589340508, 0.00639375159517, 0.00248292274773],
        "cov": [[0.00413559516892, 0.00180333864409, 0.00110548664816, 0.000592691241764, 0.00199521332979, 0.00121040455997], [0.00180333864409, 0.00456104706973, 0.002619050676, 0.00142458523624, 0.00159734894987, 0.0013008461101], [0.00110548664816, 0.002619050676, 0.00922766793519, 0.00516332220286, 0.0032651827205, 0.00357781630009], [0.000592691241764, 0.00142458523624, 0.00516332220286, 0.00784710422158, 0.00482913758606, 0.00215126131661], [0.00199521332979, 0.00159734894987, 0.0032651827205, 0.00482913758606, 0.00646640779451, 0.00233427458443], [0.00121040455997, 0.0013008461101, 0.00357781630009, 0.00215126131661, 0.00233427458443, 0.00251113786362]]
    },
    "scvalleys": {
        "kurt": [8.93479537964, 4.10942745209, 1.08437585831, 1.70763492584, 1.90756893158, 0.506060600281],
        "max": [-8.0833272934, -6.56496238708, -6.38217592239, -5.47575712204, -6.9406170845, -9.04856204987],
        "mean": [-10.4426231384, -9.84161949158, -9.84732723236, -10.3177919388, -9.85063838959, -12.2874183655],
        "median": [-10.3799285889, -9.84464454651, -9.8778219223, -10.2637310028, -9.53491973877, -12.2250528336],
        "min": [-16.1668987274, -16.1858463287, -16.9283428192, -17.20154953, -16.9780540466, -18.2328643799],
        "skew": [-2.01103901863, -0.806929826736, -0.336608380079, -0.105903841555, -0.888516247272, -0.41784453392],
        "var": [1.14556932449, 1.91362226009, 3.47826838493, 3.22026729584, 2.90934872627, 2.61695027351],
        "cov": [[1.15858721733, 1.08505547047, 1.49024403095, 1.42554140091, 1.33112704754, 1.13751745224], [1.08505547047, 1.93536794186, 2.27290129662, 1.95668554306, 2.09459400177, 1.79431414604], [1.49024403095, 2.27290129662, 3.51779413223, 3.13303995132, 2.92058110237, 2.57421779633], [1.42554140091, 1.95668554306, 3.13303995132, 3.25686120987, 2.81831431389, 2.55602741241], [1.33112704754, 2.09459400177, 2.92058110237, 2.81831431389, 2.94240951538, 2.66460776329], [1.13751745224, 1.79431414604, 2.57421779633, 2.55602741241, 2.66460776329, 2.64668822289]]
    }
},
"rhythm": {
    "beats_loudness": {
        "kurt": -1.49999976158,
        "max": 0.00855423696339,
        "mean": 0.00566972745582,
        "median": 0.00845406670123,
        "min": 8.77900049545e-07,
        "skew": -0.706775903702,
        "var": 1.60695981322e-05
    },
    "bpm": 121.616104126,
    "confidence": 0,
    "first_peak_bpm": {
        "kurt": 0,
        "max": 120,
        "mean": 120,
        "median": 120,
        "min": 120,
        "skew": 0,
        "var": 0
    },
    "first_peak_spread": {
        "kurt": 0,
        "max": 0.5,
        "mean": 0.5,
        "median": 0.5,
        "min": 0.5,
        "skew": 0,
        "var": 0
    },
    "first_peak_weight": {
        "kurt": 0,
        "max": 0.5,
        "mean": 0.5,
        "median": 0.5,
        "min": 0.5,
        "skew": 0,
        "var": 0
    },
    "onset_rate": 3.93890666962,
    "second_peak_bpm": {
        "kurt": 0,
        "max": 0,
        "mean": 0,
        "median": 0,
        "min": 0,
        "skew": 0,
        "var": 0
    },
    "second_peak_spread": {
        "kurt": 0,
        "max": 0,
        "mean": 0,
        "median": 0,
        "min": 0,
        "skew": 0,
        "var": 0
    },
    "second_peak_weight": {
        "kurt": 0,
        "max": 0,
        "mean": 0,
        "median": 0,
        "min": 0,
        "skew": 0,
        "var": 0
    },
    "beats_loudness_band_ratio": {
        "kurt": [-1.49999988079, -1.5, -1.49999988079, -1.50000023842, -1.5, -1.5],
        "max": [0.0372054949403, 0.260609716177, 0.036682471633, 0.951782882214, 0.508661031723, 0.546161770821],
        "mean": [0.0124294729903, 0.0869185999036, 0.0136856138706, 0.341512411833, 0.220706284046, 0.333475351334],
        "median": [5.84850349696e-05, 0.000132379340357, 0.00422502402216, 0.0492718033493, 0.115455277264, 0.448028355837],
        "min": [2.44405946432e-05, 1.36986054713e-05, 0.000149345549289, 0.0234825592488, 0.0380025468767, 0.0062359473668],
        "skew": [0.707104921341, 0.707106411457, 0.674279868603, 0.705214202404, 0.632916748524, -0.615628778934],
        "var": [0.000306925823679, 0.0150843048468, 0.00026719624293, 0.186325892806, 0.0424587875605, 0.0551478415728],
        "cov": [[0.000460388720967, 0.0032275323756, 0.000427362683695, -0.00590195506811, -0.00195978186093, 0.00394838210195], [0.0032275323756, 0.0226264577359, 0.00299588334747, -0.0414024442434, -0.0137248393148, 0.0276931989938], [0.000427362683695, 0.00299588334747, 0.000400794378947, -0.00456567946821, -0.00229489500634, 0.00321818841621], [-0.00590195506811, -0.0414024442434, -0.00456567946821, 0.279488831758, -0.0810889005661, -0.150411099195], [-0.00195978186093, -0.0137248393148, -0.00229489500634, -0.0810889005661, 0.0636881813407, 0.0351942405105], [0.00394838210195, 0.0276931989938, 0.00321818841621, -0.150411099195, 0.0351942405105, 0.0827217623591]]
    },
    "beats_position": [0.49922901392, 0.99845802784, 1.48607707024],
    "bpm_estimates": [120.185325623, 123.046875],
    "bpm_intervals": [0.49922901392, 0.487619042397],
    "onset_times": [0.104489795864, 0.545668959618, 0.731428563595, 0.870748281479, 0.99845802784, 1.18421769142, 1.38158726692, 1.68344676495],
    "histogram": [[0, 0, 0, 0, 0, 0, 0, 0, 0, 0, 0, 0, 0, 0, 0, 0, 0, 0, 0, 0, 0, 0, 0, 0, 0, 0, 0, 0, 0, 0, 0, 0, 0, 0, 0, 0, 0, 0, 0, 0, 0, 0, 0, 0, 0, 0, 0, 0, 0, 0, 0, 0, 0, 0, 0, 0, 0, 0, 0, 0, 0, 0, 0, 0, 0, 0, 0, 0, 0, 0, 0, 0, 0, 0, 0, 0, 0, 0, 0, 0, 0, 0, 0, 0, 0, 0, 0, 0, 0, 0, 0, 0, 0, 0, 0, 0, 0, 0, 0, 0, 0, 0, 0, 0, 0, 0, 0, 0, 0, 0, 0, 0, 0, 0, 0, 0, 0, 0, 0, 0, 0.5, 0, 0, 0.5, 0, 0, 0, 0, 0, 0, 0, 0, 0, 0, 0, 0, 0, 0, 0, 0, 0, 0, 0, 0, 0, 0, 0, 0, 0, 0, 0, 0, 0, 0, 0, 0, 0, 0, 0, 0, 0, 0, 0, 0, 0, 0, 0, 0, 0, 0, 0, 0, 0, 0, 0, 0, 0, 0, 0, 0, 0, 0, 0, 0, 0, 0, 0, 0, 0, 0, 0, 0, 0, 0, 0, 0, 0, 0, 0, 0, 0, 0, 0, 0, 0, 0, 0, 0, 0, 0, 0, 0, 0, 0, 0, 0, 0, 0, 0, 0, 0, 0, 0, 0, 0, 0, 0, 0, 0, 0, 0, 0, 0, 0, 0, 0, 0, 0, 0, 0, 0, 0, 0, 0, 0, 0, 0, 0, 0, 0]]
},
"sfx": {
    "inharmonicity": {
        "kurt": 4.1564745903,
        "max": 0.300518125296,
        "mean": 0.0415744930506,
        "median": 0.0155677078292,
        "min": 0,
        "skew": 2.13007974625,
        "var": 0.0039355866611
    },
    "oddtoevenharmonicenergyratio": {
        "kurt": 7.5046339035,
        "max": 32.1503372192,
        "mean": 2.74250292778,
        "median": 0.175742954016,
        "min": 0,
        "skew": 2.7510778904,
        "var": 36.3582839966
    },
    "pitch_after_max_to_before_max_energy_ratio": 5.36633300781,
    "pitch_centroid": 49.1978492737,
    "pitch_max_to_total": 0.247191011906,
    "pitch_min_to_total": 0.539325833321,
    "tristimulus": {
        "kurt": [-1.37615656853, -0.926782846451, -0.503227949142],
        "max": [1, 0.970860660076, 0.685909748077],
        "mean": [0.491300165653, 0.34013620019, 0.168563649058],
        "median": [0.399690032005, 0.314090400934, 0.0433129779994],
        "min": [0, 0, 0],
        "skew": [0.355149209499, 0.458641946316, 0.834424853325],
        "var": [0.127854332328, 0.0872961506248, 0.0398252531886],
        "cov": [[0.129307210445, -0.0886587351561, -0.0406483858824], [-0.0886587351561, 0.0882881507277, 0.000370605121134], [-0.0406483858824, 0.000370605121134, 0.0402778126299]]
    }
},
"tonal": {
    "chords_changes_rate": 0.0444444455206,
    "chords_number_rate": 0.0666666701436,
    "chords_strength": {
        "kurt": 0.588733196259,
        "max": 0.585328221321,
        "mean": 0.474439948797,
        "median": 0.471223831177,
        "min": 0.40822249651,
        "skew": 0.776133835316,
        "var": 0.00157763808966
    },
    "key_strength": 0.590889334679,
    "tuning_diatonic_strength": 0.516476690769,
    "tuning_equal_tempered_deviation": 0.250099688768,
    "tuning_frequency": 437.718536377,
    "tuning_nontempered_energy_ratio": 0.896224439144,
    "hpcp": {
        "kurt": [1.73818826675, 1.4172668457, 1.32273721695, 1.32165002823, -0.133370161057, -0.145189285278, -0.398454666138, 0.740536928177, 1.61927080154, 4.45827627182, 3.53167009354, 1.46273088455, 1.80571365356, 3.23647022247, 2.55244493484, 1.2909412384, 1.69950246811, 1.94377088547, 2.73068714142, 2.26406002045, 1.14998149872, 1.10189294815, 1.93412685394, -0.431258916855, -0.1871509552, -0.0386462211609, -0.505537033081, -0.227785587311, -0.922667741776, -0.284868717194, 1.09022569656, 2.07212638855, 8.13147449493, 3.66285085678, 5.24855232239, 2.58209323883],
        "max": [1, 1, 1, 1, 1, 1, 0.990324020386, 0.886508405209, 0.922580242157, 1, 1, 0.862835288048, 0.934312403202, 1, 0.999479234219, 0.984102368355, 1, 1, 0.975922107697, 0.922738432884, 1, 1, 1, 0.825947344303, 1, 1, 0.798763394356, 1, 1, 0.991799592972, 1, 0.947903573513, 1, 0.812506556511, 1, 0.971932649612],
        "mean": [0.234701454639, 0.256637781858, 0.243031486869, 0.252678543329, 0.309420496225, 0.331406652927, 0.291099190712, 0.232221662998, 0.202334597707, 0.184943690896, 0.187880367041, 0.19989053905, 0.199695080519, 0.19775120914, 0.197228297591, 0.204849988222, 0.22306843102, 0.227335438132, 0.196281015873, 0.193005114794, 0.22539062798, 0.23164640367, 0.23218716681, 0.264272004366, 0.32293638587, 0.307140409946, 0.249165982008, 0.299249559641, 0.334849327803, 0.282252639532, 0.24779766798, 0.197048038244, 0.142311632633, 0.147376701236, 0.170296400785, 0.199969291687],
        "median": [0.123835042119, 0.182845875621, 0.154206782579, 0.199254468083, 0.214798152447, 0.249395832419, 0.197936356068, 0.151303291321, 0.10151681304, 0.11562012881, 0.113972872496, 0.0991538017988, 0.098317079246, 0.108163408935, 0.0812445804477, 0.0799105092883, 0.0996701195836, 0.121084235609, 0.112741589546, 0.0918422043324, 0.10144238919, 0.133610069752, 0.142037063837, 0.194222912192, 0.234369367361, 0.183729052544, 0.165161877871, 0.202569141984, 0.180718064308, 0.189879387617, 0.129861280322, 0.113448560238, 0.0650577619672, 0.0753823146224, 0.10319096595, 0.100038923323],
