{
"metadata": {
    "version": {
        "essentia": "2.1-beta3"
    }
},
"lowLevel": {
    "average_loudness": 0.796953976154,
    "barkbands_kurtosis": {
        "kurt": 6.94382190704,
        "max": 146.48979187,
        "mean": 16.5221748352,
        "median": 5.1193189621,
        "min": -1.82817399502,
        "skew": 2.51350069046,
        "var": 711.450500488
    },
    "barkbands_skewness": {
        "kurt": 0.469834327698,
        "max": 11.5128631592,
        "mean": 2.71458435059,
        "median": 2.47849321365,
        "min": -2.2384417057,
        "skew": 0.718315541744,
        "var": 7.8799533844
    },
    "barkbands_spread": {
        "kurt": -0.0360186100006,
        "max": 49.8772506714,
        "mean": 15.3849000931,
        "median": 11.6252059937,
        "min": 0.768089771271,
        "skew": 0.897612452507,
        "var": 162.288864136
    },
    "dissonance": {
        "kurt": -0.0627624988556,
        "max": 0.49993249774,
        "mean": 0.428584545851,
        "median": 0.44614803791,
        "min": 0.263238757849,
        "skew": -0.956643342972,
        "var": 0.00375083833933
    },
    "hfc": {
        "kurt": 9.62239265442,
        "max": 5.68561697006,
        "mean": 0.426551669836,
        "median": 0.0104013159871,
        "min": 7.87669094393e-08,
        "skew": 3.19228124619,
        "var": 1.19804942608
    },
    "pitch": {
        "kurt": 3.05834293365,
        "max": 4000.80444336,
        "mean": 784.965637207,
        "median": 383.898925781,
        "min": 128.596481323,
        "skew": 2.19081807137,
        "var": 1131980.75
    },
    "pitch_instantaneous_confidence": {
        "kurt": -0.858769893646,
        "max": 0.973411202431,
        "mean": 0.636780083179,
        "median": 0.670345723629,
        "min": 0.166242837906,
        "skew": -0.422019451857,
        "var": 0.0491463206708
    },
    "pitch_salience": {
        "kurt": -0.884402751923,
        "max": 0.810598254204,
        "mean": 0.472521871328,
        "median": 0.484010577202,
        "min": 0.042084556073,
        "skew": -0.170013591647,
        "var": 0.0426669344306
    },
    "silence_rate_20dB": {
        "kurt": 0,
        "max": 1,
        "mean": 1,
        "median": 1,
        "min": 1,
        "skew": 0,
        "var": 0
    },
    "silence_rate_30dB": {
        "kurt": 0,
        "max": 1,
        "mean": 1,
        "median": 1,
        "min": 1,
        "skew": 0,
        "var": 0
    },
    "silence_rate_60dB": {
        "kurt": 11.9519319534,
        "max": 1,
        "mean": 0.940789461136,
        "median": 1,
        "min": 0,
        "skew": -3.73523831367,
        "var": 0.0557044930756
    },
    "spectral_centroid": {
        "kurt": 1.48779582977,
        "max": 3584.06616211,
        "mean": 1024.83337402,
        "median": 636.110595703,
        "min": 312.024414062,
        "skew": 1.55586767197,
        "var": 642871.375
    },
    "spectral_complexity": {
        "kurt": 31.0221290588,
        "max": 10,
        "mean": 0.467105269432,
        "median": 0,
        "min": 0,
        "skew": 5.14912557602,
        "var": 1.82787084579
    },
    "spectral_crest": {
        "kurt": -0.958662033081,
        "max": 25.8981876373,
        "mean": 14.8756227493,
        "median": 15.0249376297,
        "min": 3.2283718586,
        "skew": -0.0198084991425,
        "var": 36.286190033
    },
    "spectral_decrease": {
        "kurt": 10.9706373215,
        "max": -4.72275544733e-18,
        "mean": -1.33562022553e-10,
        "median": -4.28684431703e-12,
        "min": -1.9550456809e-09,
        "skew": -3.34490823746,
        "var": 1.27488591524e-19
    },
    "spectral_energy": {
        "kurt": 10.8945770264,
        "max": 0.00781601108611,
        "mean": 0.000542782945558,
        "median": 1.70215098478e-05,
        "min": 2.49691586851e-11,
        "skew": 3.3258907795,
        "var": 2.05320907298e-06
    },
    "spectral_energyband_high": {
        "kurt": 37.0891342163,
        "max": 0.000329547241563,
        "mean": 1.04290784293e-05,
        "median": 1.30520049879e-07,
        "min": 1.12042796915e-11,
        "skew": 5.93842458725,
        "var": 1.79771575404e-09
    },
    "spectral_energyband_low": {
        "kurt": 112.015113831,
        "max": 1.51852800627e-05,
        "mean": 2.58307949252e-07,
        "median": 3.44758426252e-08,
        "min": 8.78768249574e-13,
        "skew": 10.1998577118,
        "var": 1.68942854498e-12
    },
    "spectral_energyband_middle_high": {
        "kurt": 22.5725631714,
        "max": 0.00116285739932,
        "mean": 5.19052846357e-05,
        "median": 8.55033931657e-07,
        "min": 1.05985350704e-11,
        "skew": 4.59817075729,
        "var": 2.84901791048e-08
    },
    "spectral_energyband_middle_low": {
        "kurt": 11.3153610229,
        "max": 0.00747673818842,
        "mean": 0.000480626011267,
        "median": 1.58394632308e-05,
        "min": 2.79161221049e-12,
        "skew": 3.41091036797,
        "var": 1.83256724995e-06
    },
    "spectral_flatness_db": {
        "kurt": -0.17990064621,
        "max": 0.492196440697,
        "mean": 0.238207638264,
        "median": 0.233478426933,
        "min": 0.0680930092931,
        "skew": 0.407985389233,
        "var": 0.00893221516162
    },
    "spectral_flux": {
        "kurt": 5.3113155365,
        "max": 0.0765044093132,
        "mean": 0.0096013462171,
        "median": 0.00231209816411,
        "min": 7.52153937356e-05,
        "skew": 2.38799858093,
        "var": 0.000246258598054
    },
    "spectral_kurtosis": {
        "kurt": 3.99627161026,
        "max": 28.6373405457,
        "mean": 6.827917099,
        "median": 5.33957672119,
        "min": 1.06045818329,
        "skew": 1.84171569347,
        "var": 25.0788249969
    },
    "spectral_rms": {
        "kurt": 4.28270101547,
        "max": 0.00276140845381,
        "mean": 0.000385959661799,
        "median": 0.000128864936414,
        "min": 1.56077405222e-07,
        "skew": 2.25539803505,
        "var": 3.80579422199e-07
    },
    "spectral_rolloff": {
        "kurt": -0.926139354706,
        "max": 5598.6328125,
        "mean": 1632.27307129,
        "median": 581.396484375,
        "min": 279.931640625,
        "skew": 0.797598958015,
        "var": 2313648.5
    },
    "spectral_skewness": {
        "kurt": 0.514555454254,
        "max": 4.16113948822,
        "mean": 1.9707262516,
        "median": 1.91842222214,
        "min": 0.718806326389,
        "skew": 0.786663651466,
        "var": 0.453986465931
    },
    "spectral_spread": {
        "kurt": 2.67742347717,
        "max": 11566330,
        "mean": 4963926.5,
        "median": 4676009,
        "min": 2460406,
        "skew": 1.17774295807,
        "var": 2.14527390515e+12
    },
    "spectral_strongpeak": {
        "kurt": 8.76279163361,
        "max": 1.68430221081,
        "mean": 0.150613948703,
        "median": 0.0395858623087,
        "min": 0.000101260869997,
        "skew": 2.94383263588,
        "var": 0.0856664404273
    },
    "zerocrossingrate": {
        "kurt": 12.8252792358,
        "max": 0.38427734375,
        "mean": 0.0586451478302,
        "median": 0.0419921875,
        "min": 0.01171875,
        "skew": 2.71156477928,
        "var": 0.00228583184071
    },
    "barkbands": {
        "kurt": [56.7034683228, 24.0258827209, 108.558113098, 99.4198226929, 41.5307312012, 29.5869483948, 19.420841217, 29.539352417, 119.612968445, 46.8952980042, 37.1417503357, 60.2379302979, 19.7177410126, 13.6175689697, 33.3605766296, 50.0891838074, 65.9257659912, 31.9539985657, 39.0153579712, 31.1148643494, 43.5980949402, 23.326625824, 15.5968208313, 14.6411399841, 22.6630878448, 14.2418994904, 39.3547897339],
        "max": [7.85890961197e-08, 3.69042851389e-07, 6.63547962176e-06, 3.16533914884e-05, 0.000143921235576, 0.00253060250543, 0.00483472645283, 0.00568999862298, 0.000527145864908, 2.81580250885e-05, 3.07892260025e-05, 3.83974147553e-05, 7.20809566701e-06, 1.85979915841e-05, 3.43942156178e-05, 0.000106586405309, 0.000302154687233, 0.000427886669058, 0.000626492896117, 0.000180168892257, 0.000287358823698, 7.79721176514e-06, 2.96915231957e-06, 2.30527848544e-06, 4.08279356634e-06, 2.03157952683e-08, 2.93842927768e-09],
        "mean": [2.63741739559e-09, 2.15060165232e-08, 1.06149457224e-07, 4.62199267304e-07, 6.05158948019e-06, 8.69116483955e-05, 0.000214655374293, 0.00016600638628, 5.99983104621e-06, 8.42283498059e-07, 8.53192489103e-07, 9.66066295405e-07, 3.91044892467e-07, 1.10596647573e-06, 1.15179489057e-06, 2.81450707007e-06, 5.94964876655e-06, 1.48931803778e-05, 1.90596292668e-05, 6.79371805745e-06, 6.91598825142e-06, 3.72976444396e-07, 1.52585414526e-07, 1.23540800701e-07, 1.7898940996e-07, 1.18184151354e-09, 9.97926047352e-11],
        "median": [8.41193004142e-10, 8.21026091558e-09, 1.41403280196e-08, 1.58613602252e-08, 1.40100223689e-06, 1.61305899837e-06, 4.92686694997e-07, 4.76812203942e-07, 5.18321883192e-08, 5.90146633783e-08, 2.02943972738e-08, 2.3490501988e-08, 2.29634569138e-08, 3.10105683354e-08, 2.05768948547e-08, 3.39002568239e-08, 1.56492887982e-07, 1.24109405419e-07, 1.28784648723e-07, 8.32813142893e-08, 5.13250455469e-08, 1.87925941475e-08, 3.35848682198e-09, 9.1982788053e-10, 8.09908917709e-10, 3.89486984331e-11, 1.2217687799e-12],
        "min": [2.59646582799e-14, 4.43888740868e-13, 3.32959517162e-13, 1.15557493045e-13, 1.57609670215e-13, 9.79208982779e-14, 1.08147843979e-12, 1.22676250668e-12, 8.3449957014e-14, 1.69438139734e-13, 1.32185690345e-12, 1.36349265212e-13, 4.75469707009e-13, 1.1594664031e-12, 1.74089177319e-13, 3.46734170239e-13, 3.02249327996e-12, 4.28877934685e-13, 1.88313709244e-12, 9.5532809094e-12, 8.52923255027e-13, 1.01507051462e-12, 2.86613940047e-13, 1.35769013762e-13, 4.14878255448e-13, 2.46418791134e-14, 2.2919036545e-15],
        "skew": [7.07969141006, 4.69242668152, 10.1097021103, 9.64595603943, 6.08637714386, 5.20675468445, 4.35811519623, 5.50587129593, 10.7000741959, 6.31674575806, 5.99300146103, 7.21993255615, 4.2369222641, 3.71316170692, 5.42422485352, 6.4704709053, 7.76886892319, 5.43714046478, 5.91347885132, 4.95808124542, 6.54486751556, 4.4293756485, 3.88871073723, 3.69190883636, 4.48399066925, 3.71160197258, 5.98920106888],
        "var": [6.57764295458e-17, 2.42975276096e-15, 3.30034854697e-13, 7.90846034493e-12, 2.97947749806e-10, 1.02015903281e-07, 5.664571745e-07, 7.02338581959e-07, 1.99631022824e-09, 9.14444821948e-12, 1.44382587483e-11, 1.49342153227e-11, 1.15892722936e-12, 1.00959622606e-11, 1.69305021391e-11, 1.25037966092e-10, 9.16841436105e-10, 3.093536316e-09, 5.32008082033e-09, 4.49024595284e-10, 1.24839127924e-09, 1.02622619604e-12, 2.20804982371e-13, 1.25144943778e-13, 3.15547555533e-13, 1.09932915522e-17, 1.34377765256e-19],
        "cov": [[6.62120294738e-17, 2.62960478503e-16, 8.15945779299e-16, 2.38019032211e-15, 2.77158006425e-14, 1.34845219301e-13, 9.63958838966e-13, 1.27626533473e-12, 1.01361363151e-13, 5.05338035211e-15, 4.61426915489e-15, 2.6002388939e-15, 9.16426333216e-16, 2.65061956657e-15, 3.36353289344e-15, 8.05578307783e-15, -1.35274081624e-17, 3.59049812451e-14, 3.56698482871e-14, 2.32895469674e-14, -1.2800011439e-15, 1.66605430318e-15, 7.39067957275e-16, 6.0432989696e-16, 7.60103544064e-16, 9.05888088608e-18, 1.08729880066e-19], [2.62960478503e-16, 2.44584384586e-15, 1.51778563269e-14, 2.37799400803e-14, 2.22419698219e-13, -9.56285492958e-14, 3.84001901457e-12, 5.28367193747e-12, 5.78395296068e-13, 3.11555048795e-14, 1.01692742768e-14, 9.71081430599e-15, 4.41188926687e-15, 1.05398588145e-14, 1.90499742717e-14, 4.98312464426e-14, -1.69631408936e-14, 3.11927607767e-14, 9.34827437899e-14, 9.80893561904e-14, -4.30857606537e-14, 9.05230971698e-15, 5.46683110971e-15, 4.39853833356e-15, 3.28569734185e-15, 4.77549598688e-17, 2.04181081457e-19], [8.15945779299e-16, 1.51778563269e-14, 3.32220524962e-13, 5.92879911832e-13, 2.18547554186e-12, 9.4792212274e-12, 6.02281211015e-11, 2.70805634861e-11, 2.15061432204e-12, 1.18248686125e-13, 3.11484846705e-14, 8.915843053e-14, 6.11439677643e-14, 8.90889331707e-14, 2.7668443708e-13, 4.77193967934e-13, 2.82077800787e-13, 9.1389005738e-13, 1.56685504415e-12, 1.0304127343e-12, 3.28650111682e-13, 1.02626599981e-13, 5.41939777288e-14, 3.87596381314e-14, 2.46214249618e-14, 4.22698795665e-16, 3.74448285127e-18], [2.38019032211e-15, 2.37799400803e-14, 5.92879911832e-13, 7.96083424875e-12, 3.50998431708e-11, -6.8692209039e-13, 1.85587684109e-10, 1.80740575284e-10, 2.26857820723e-11, 1.15933510621e-12, 2.81336477552e-13, 2.03662350114e-13, 1.97598922359e-13, 4.23265074248e-13, 1.14461294175e-12, 2.4854411064e-12, 7.35734932179e-13, 2.8144205716e-12, 4.11664062214e-12, 4.17337692182e-12, 5.36194251163e-14, 4.52513677571e-13, 2.18076113266e-13, 1.77224324083e-13, 1.17614441407e-13, 2.13621836352e-15, 4.165644838e-17], [2.77158006425e-14, 2.22419698219e-13, 2.18547554186e-12, 3.50998431708e-11, 2.99920921432e-10, -2.40981901101e-10, 1.7279654374e-09, 5.60866952881e-09, 5.10897935069e-10, 3.15918194382e-11, 3.83021912798e-12, 1.69744496237e-11, 3.85427583946e-12, 1.4431560981e-11, 1.84363305872e-11, 5.73655255243e-11, 2.96396067412e-11, 4.4644992564e-11, 1.14588311062e-10, 6.27103091677e-11, 1.21332839609e-11, 2.86293601673e-12, 1.11665050036e-12, 1.22360303313e-12, 1.39036601243e-12, 2.12361680026e-14, 5.3034130432e-16], [1.34845219301e-13, -9.56285492958e-14, 9.4792212274e-12, -6.8692209039e-13, -2.40981901101e-10, 1.02691501525e-07, 4.75119179555e-08, -1.03380832783e-08, -8.90315460245e-11, 1.30773641915e-10, -5.10103695395e-11, 1.54673759911e-10, 1.93196708631e-11, 2.59560484217e-10, -7.46504366569e-13, -7.67034769034e-11, 4.712624041e-11, 9.167577808e-11, 1.80509787673e-10, -2.02056663068e-10, -5.98511032401e-11, -1.47207593337e-12, -1.89388847487e-12, -1.90691191136e-12, -7.64045944568e-12, 1.56900605382e-14, 5.080795844e-15], [9.63958838966e-13, 3.84001901457e-12, 6.02281211015e-11, 1.85587684109e-10, 1.7279654374e-09, 4.75119179555e-08, 5.70208555928e-07, 1.55394332069e-07, 9.63394874987e-09, 5.68023572622e-10, 1.42473299825e-09, 4.02154948231e-10, 2.5655347291e-10, 8.16361866995e-10, 7.99530053275e-10, 9.53410017601e-10, 5.52491330463e-10, 4.29046398409e-09, 6.60861454449e-09, 2.22777951642e-09, -7.71973263092e-10, 7.05913522081e-11, 7.67612882979e-12, 1.84113540386e-11, 2.63975397097e-10, 3.45014137702e-13, 1.73294402916e-14], [1.27626533473e-12, 5.28367193747e-12, 2.70805634861e-11, 1.80740575284e-10, 5.60866952881e-09, -1.03380832783e-08, 1.55394332069e-07, 7.06989794708e-07, 1.92669205035e-08, 1.28985966352e-09, 2.26198304532e-09, 2.24727458864e-09, 1.89628618363e-10, 1.86354709442e-09, 5.75838099426e-10, 3.71442610003e-09, 1.32306610112e-09, 1.97528873258e-08, 2.68539999126e-08, 9.92671811417e-09, -1.78804485107e-10, 1.71944611327e-10, 1.74151318366e-11, 4.50039623623e-11, 2.6080973492e-10, 7.14301231011e-13, 2.14299217071e-14], [1.01361363151e-13, 5.78395296068e-13, 2.15061432204e-12, 2.26857820723e-11, 5.10897935069e-10, -8.90315460245e-11, 9.63394874987e-09, 1.92669205035e-08, 2.00953076401e-09, 1.0647391302e-10, 3.33278959985e-11, 3.68248521954e-11, 1.31660507149e-11, 5.15253534283e-11, 6.1849796118e-11, 1.72348066374e-10, 1.37307096248e-10, 3.10368647449e-10, 5.49514378445e-10, 2.22657087212e-10, 8.19035880784e-11, 6.96041531703e-12, 1.65359479581e-12, 2.32115910694e-12, 5.16448429161e-12, 5.50978059293e-14, 2.05996761058e-15], [5.05338035211e-15, 3.11555048795e-14, 1.18248686125e-13, 1.15933510621e-12, 3.15918194382e-11, 1.30773641915e-10, 5.68023572622e-10, 1.28985966352e-09, 1.0647391302e-10, 9.20500741602e-12, 1.28838704028e-12, 5.65295510055e-12, 1.67566383946e-12, 5.16156648672e-12, 6.51955746334e-12, 2.10315861948e-11, 2.23814976968e-11, 2.71564055965e-11, 6.79095252254e-11, 1.78473728851e-11, 1.5270720452e-11, 7.49656196494e-13, 1.2420395116e-13, 1.75728328373e-13, 3.6131980654e-13, 4.58292978288e-15, 3.13300334772e-16], [4.61426915489e-15, 1.01692742768e-14, 3.11484846705e-14, 2.81336477552e-13, 3.83021912798e-12, -5.10103695395e-11, 1.42473299825e-09, 2.26198304532e-09, 3.33278959985e-11, 1.28838704028e-12, 1.45338767063e-11, 4.37626757749e-12, 7.32039158024e-13, 6.28378425682e-12, 2.58205566303e-12, 1.08147813621e-11, 9.11198720643e-12, 1.06349720697e-10, 1.23700091836e-10, 4.04474995164e-11, 3.6021127487e-12, 8.91597776512e-13, 1.14087450424e-13, 1.87545278244e-13, 1.66176144026e-12, 1.86037149634e-15, 1.52253351706e-16], [2.6002388939e-15, 9.71081430599e-15, 8.915843053e-14, 2.03662350114e-13, 1.69744496237e-11, 1.54673759911e-10, 4.02154948231e-10, 2.24727458864e-09, 3.68248521954e-11, 5.65295510055e-12, 4.37626757749e-12, 1.5033118847e-11, 1.8714068923e-12, 8.3628182504e-12, 4.67550000452e-12, 2.02120490483e-11, 4.10039710519e-11, 5.51157695872e-11, 1.61981969504e-10, 5.27816609863e-11, 3.89098857301e-11, 1.70941570361e-12, 2.93276362397e-13, 2.95682857539e-13, 8.8821837255e-13, 5.373387282e-15, 4.80587753668e-16], [9.16426333216e-16, 4.41188926687e-15, 6.11439677643e-14, 1.97598922359e-13, 3.85427583946e-12, 1.93196708631e-11, 2.5655347291e-10, 1.89628618363e-10, 1.31660507149e-11, 1.67566383946e-12, 7.32039158024e-13, 1.8714068923e-12, 1.16660218812e-12, 1.90975013581e-12, 3.64983087156e-12, 9.68483713365e-12, 2.52278406498e-11, 3.09629509532e-11, 5.64179467033e-11, 1.16573651773e-11, 2.47264431152e-11, 7.56268366073e-13, 2.0143335242e-13, 1.44006754763e-13, 2.63979674708e-13, 2.58873745702e-15, 3.20937448522e-16], [2.65061956657e-15, 1.05398588145e-14, 8.90889331707e-14, 4.23265074248e-13, 1.4431560981e-11, 2.59560484217e-10, 8.16361866995e-10, 1.86354709442e-09, 5.15253534283e-11, 5.16156648672e-12, 6.28378425682e-12, 8.3628182504e-12, 1.90975013581e-12, 1.01628228402e-11, 5.89474866489e-12, 2.35446835639e-11, 3.87844652228e-11, 9.74487573968e-11, 1.76037379118e-10, 4.65566994678e-11, 3.91710622272e-11, 1.48271445035e-12, 2.5001420205e-13, 2.78170065107e-13, 8.76521186362e-13, 4.72232472446e-15, 5.96879289277e-16], [3.36353289344e-15, 1.90499742717e-14, 2.7668443708e-13, 1.14461294175e-12, 1.84363305872e-11, -7.46504366569e-13, 7.99530053275e-10, 5.75838099426e-10, 6.1849796118e-11, 6.51955746334e-12, 2.58205566303e-12, 4.67550000452e-12, 3.64983087156e-12, 5.89474866489e-12, 1.70426242563e-11, 3.9533792906e-11, 8.33228833153e-11, 9.18614420642e-11, 1.58567159403e-10, 3.46544182239e-11, 7.82539796851e-11, 2.56395816037e-12, 6.21101748591e-13, 4.13435832878e-13, 7.40679327767e-13, 8.29645817243e-15, 1.01437267043e-15], [8.05578307783e-15, 4.98312464426e-14, 4.77193967934e-13, 2.4854411064e-12, 5.73655255243e-11, -7.67034769034e-11, 9.53410017601e-10, 3.71442610003e-09, 1.72348066374e-10, 2.10315861948e-11, 1.08147813621e-11, 2.02120490483e-11, 9.68483713365e-12, 2.35446835639e-11, 3.9533792906e-11, 1.25866039813e-10, 1.95921834312e-10, 2.989236636e-10, 5.11659270508e-10, 1.07020406426e-10, 1.82200018961e-10, 6.26888775265e-12, 1.36764070121e-12, 1.09094970471e-12, 1.83559244193e-12, 2.20178980977e-14, 2.66945355591e-15], [-1.35274081624e-17, -1.69631408936e-14, 2.82077800787e-13, 7.35734932179e-13, 2.96396067412e-11, 4.712624041e-11, 5.52491330463e-10, 1.32306610112e-09, 1.37307096248e-10, 2.23814976968e-11, 9.11198720643e-12, 4.10039710519e-11, 2.52278406498e-11, 3.87844652228e-11, 8.33228833153e-11, 1.95921834312e-10, 9.22913245827e-10, 9.89851978161e-10, 1.66702607274e-09, 3.43440303974e-10, 9.40804434357e-10, 2.45233104657e-11, 5.93407788185e-12, 3.42207468959e-12, 3.85393236421e-12, 6.68064033455e-14, 1.04275617275e-14], [3.59049812451e-14, 3.11927607767e-14, 9.1389005738e-13, 2.8144205716e-12, 4.4644992564e-11, 9.167577808e-11, 4.29046398409e-09, 1.97528873258e-08, 3.10368647449e-10, 2.71564055965e-11, 1.06349720697e-10, 5.51157695872e-11, 3.09629509532e-11, 9.74487573968e-11, 9.18614420642e-11, 2.989236636e-10, 9.89851978161e-10, 3.11402326147e-09, 2.557885459e-09, 7.16021519853e-10, 1.41860378999e-09, 3.63697891248e-11, 1.09686400587e-11, 8.57228264067e-12, 1.46133972978e-11, 1.10484605948e-13, 1.40252867371e-14], [3.56698482871e-14, 9.34827437899e-14, 1.56685504415e-12, 4.11664062214e-12, 1.14588311062e-10, 1.80509787673e-10, 6.60861454449e-09, 2.68539999126e-08, 5.49514378445e-10, 6.79095252254e-11, 1.23700091836e-10, 1.61981969504e-10, 5.64179467033e-11, 1.76037379118e-10, 1.58567159403e-10, 5.11659270508e-10, 1.66702607274e-09, 2.557885459e-09, 5.35531308188e-09, 1.23552001963e-09, 1.73269765202e-09, 5.31520313873e-11, 1.23001617572e-11, 9.41592376985e-12, 2.15694944544e-11, 1.41246050771e-13, 2.1662430557e-14], [2.32895469674e-14, 9.80893561904e-14, 1.0304127343e-12, 4.17337692182e-12, 6.27103091677e-11, -2.02056663068e-10, 2.22777951642e-09, 9.92671811417e-09, 2.22657087212e-10, 1.78473728851e-11, 4.04474995164e-11, 5.27816609863e-11, 1.16573651773e-11, 4.65566994678e-11, 3.46544182239e-11, 1.07020406426e-10, 3.43440303974e-10, 7.16021519853e-10, 1.23552001963e-09, 4.51998244388e-10, 4.33479308004e-10, 1.64919206763e-11, 5.4159654192e-12, 4.43949304402e-12, 7.69211951079e-12, 4.55153018682e-14, 4.54610629604e-15], [-1.2800011439e-15, -4.30857606537e-14, 3.28650111682e-13, 5.36194251163e-14, 1.21332839609e-11, -5.98511032401e-11, -7.71973263092e-10, -1.78804485107e-10, 8.19035880784e-11, 1.5270720452e-11, 3.6021127487e-12, 3.89098857301e-11, 2.47264431152e-11, 3.91710622272e-11, 7.82539796851e-11, 1.82200018961e-10, 9.40804434357e-10, 1.41860378999e-09, 1.73269765202e-09, 4.33479308004e-10, 1.25665877704e-09, 2.9303941218e-11, 8.70618507842e-12, 5.71603138086e-12, 4.27859353849e-12, 8.1827116426e-14, 1.18058825384e-14], [1.66605430318e-15, 9.05230971698e-15, 1.02626599981e-13, 4.52513677571e-13, 2.86293601673e-12, -1.47207593337e-12, 7.05913522081e-11, 1.71944611327e-10, 6.96041531703e-12, 7.49656196494e-13, 8.91597776512e-13, 1.70941570361e-12, 7.56268366073e-13, 1.48271445035e-12, 2.56395816037e-12, 6.26888775265e-12, 2.45233104657e-11, 3.63697891248e-11, 5.31520313873e-11, 1.64919206763e-11, 2.9303941218e-11, 1.03302240893e-12, 3.21635350731e-13, 2.20910597215e-13, 2.45604995759e-13, 2.99281791264e-15, 3.012521646e-16], [7.39067957275e-16, 5.46683110971e-15, 5.41939777288e-14, 2.18076113266e-13, 1.11665050036e-12, -1.89388847487e-12, 7.67612882979e-12, 1.74151318366e-11, 1.65359479581e-12, 1.2420395116e-13, 1.14087450424e-13, 2.93276362397e-13, 2.0143335242e-13, 2.5001420205e-13, 6.21101748591e-13, 1.36764070121e-12, 5.93407788185e-12, 1.09686400587e-11, 1.23001617572e-11, 5.4159654192e-12, 8.70618507842e-12, 3.21635350731e-13, 2.22267272946e-13, 1.60321896817e-13, 8.94347665587e-14, 1.11772731302e-15, 9.26527187877e-17], [6.0432989696e-16, 4.39853833356e-15, 3.87596381314e-14, 1.77224324083e-13, 1.22360303313e-12, -1.90691191136e-12, 1.84113540386e-11, 4.50039623623e-11, 2.32115910694e-12, 1.75728328373e-13, 1.87545278244e-13, 2.95682857539e-13, 1.44006754763e-13, 2.78170065107e-13, 4.13435832878e-13, 1.09094970471e-12, 3.42207468959e-12, 8.57228264067e-12, 9.41592376985e-12, 4.43949304402e-12, 5.71603138086e-12, 2.20910597215e-13, 1.60321896817e-13, 1.25973721472e-13, 8.69624467922e-14, 8.17501249427e-16, 6.34606679378e-17], [7.60103544064e-16, 3.28569734185e-15, 2.46214249618e-14, 1.17614441407e-13, 1.39036601243e-12, -7.64045944568e-12, 2.63975397097e-10, 2.6080973492e-10, 5.16448429161e-12, 3.6131980654e-13, 1.66176144026e-12, 8.8821837255e-13, 2.63979674708e-13, 8.76521186362e-13, 7.40679327767e-13, 1.83559244193e-12, 3.85393236421e-12, 1.46133972978e-11, 2.15694944544e-11, 7.69211951079e-12, 4.27859353849e-12, 2.45604995759e-13, 8.94347665587e-14, 8.69624467922e-14, 3.17637273905e-13, 7.68629513014e-16, 5.88001073736e-17], [9.05888088608e-18, 4.77549598688e-17, 4.22698795665e-16, 2.13621836352e-15, 2.12361680026e-14, 1.56900605382e-14, 3.45014137702e-13, 7.14301231011e-13, 5.50978059293e-14, 4.58292978288e-15, 1.86037149634e-15, 5.373387282e-15, 2.58873745702e-15, 4.72232472446e-15, 8.29645817243e-15, 2.20178980977e-14, 6.68064033455e-14, 1.10484605948e-13, 1.41246050771e-13, 4.55153018682e-14, 8.1827116426e-14, 2.99281791264e-15, 1.11772731302e-15, 8.17501249427e-16, 7.68629513014e-16, 1.10660950266e-17, 8.97877051171e-19], [1.08729880066e-19, 2.04181081457e-19, 3.74448285127e-18, 4.165644838e-17, 5.3034130432e-16, 5.080795844e-15, 1.73294402916e-14, 2.14299217071e-14, 2.05996761058e-15, 3.13300334772e-16, 1.52253351706e-16, 4.80587753668e-16, 3.20937448522e-16, 5.96879289277e-16, 1.01437267043e-15, 2.66945355591e-15, 1.04275617275e-14, 1.40252867371e-14, 2.1662430557e-14, 4.54610629604e-15, 1.18058825384e-14, 3.012521646e-16, 9.26527187877e-17, 6.34606679378e-17, 5.88001073736e-17, 8.97877051171e-19, 1.35267682348e-19]]
    },
    "mfcc": {
        "kurt": [0.325414657593, -0.483597040176, 0.0762283802032, 0.518920660019, 0.168198347092, 0.15438580513, 0.119511127472, -0.66309928894, -0.20274066925, -0.361144781113, 1.07587099075, 0.394994974136, 0.516271591187],
        "max": [-771.761779785, 129.241363525, 52.232334137, 64.2711639404, 24.3453559875, 5.63437652588, 23.6536445618, 8.78176307678, 7.35958480835, 11.2860832214, 38.6476364136, 30.403345108, 34.8747062683],
        "mean": [-1022.70495605, 58.4802742004, -2.41847395897, 19.1544647217, -12.0778875351, -36.3494796753, -22.5193481445, -20.7833003998, -19.4663505554, -11.8439846039, -1.54184579849, -0.230949148536, -1.75771296024],
        "median": [-1054.09545898, 59.7253341675, 6.7526473999, 14.8845939636, -10.9826049805, -36.5627403259, -22.1077346802, -20.8141098022, -17.8036766052, -11.8732223511, -2.56042098999, -3.0517578125e-05, -2.80532073975],
        "min": [-1138.42004395, 1.14440917969e-05, -93.7668457031, -11.0696525574, -50.760181427, -104.069488525, -53.3873214722, -54.2211608887, -57.3290481567, -32.1658401489, -30.2993679047, -25.6367988586, -29.4987850189],
        "skew": [1.1064709425, 0.115275688469, -0.842273890972, 1.01507878304, -0.413177460432, -0.495768040419, 0.364861875772, -0.0553394705057, -0.549662351608, 0.0229665078223, 0.55018299818, 0.0312511250377, 0.478332132101],
        "var": [8092.68017578, 868.455078125, 989.093444824, 249.616241455, 181.010696411, 490.776763916, 204.917434692, 202.801208496, 194.969223022, 81.0094604492, 126.301849365, 86.0076980591, 129.581375122],
        "cov": [[8146.27392578, 1044.21606445, -2302.98925781, 843.136352539, -739.560119629, -1322.46972656, -285.120025635, -822.556640625, -353.93447876, 13.9785289764, 203.416442871, 104.127105713, 89.2723236084], [1044.21606445, 874.206420898, -70.6443557739, -67.8539428711, -163.086135864, -409.506256104, -246.274032593, -233.122055054, -190.342376709, -35.8536453247, 98.3692779541, 13.6592960358, 55.3507881165], [-2302.98925781, -70.6443557739, 995.643737793, -201.269714355, 200.268554688, 349.509521484, -11.3374423981, 205.876617432, 63.4128341675, -26.2768917084, -108.266326904, -64.7604217529, -44.6025733948], [843.136352539, -67.8539428711, -201.269714355, 251.269317627, -21.3221893311, -61.4730262756, -3.71825289726, -76.6192779541, -36.4753417969, -19.5615634918, -31.1275291443, 5.28429508209, -23.8427009583], [-739.560119629, -163.086135864, 200.268554688, -21.3221893311, 182.209457397, 233.060760498, 69.2903671265, 81.688117981, 27.7414798737, 0.0142620159313, -48.6543312073, -28.3309841156, -49.6142234802], [-1322.46972656, -409.506256104, 349.509521484, -61.4730262756, 233.060760498, 494.026947021, 181.603393555, 216.07258606, 119.985099792, 9.23617458344, -119.996330261, -58.6466255188, -118.282081604], [-285.120025635, -246.274032593, -11.3374423981, -3.71825289726, 69.2903671265, 181.603393555, 206.274505615, 118.739807129, 70.1621704102, 35.3261642456, -23.8317718506, -34.9752044678, -39.3798027039], [-822.556640625, -233.122055054, 205.876617432, -76.6192779541, 81.688117981, 216.07258606, 118.739807129, 204.144256592, 142.226730347, 27.7844486237, -39.5181159973, -17.9219970703, -30.2389030457], [-353.93447876, -190.342376709, 63.4128341675, -36.4753417969, 27.7414798737, 119.985099792, 70.1621704102, 142.226730347, 196.260406494, 69.6382293701, -18.1274204254, -6.8299036026, 3.01218271255], [13.9785289764, -35.8536453247, -26.2768917084, -19.5615634918, 0.0142620159313, 9.23617458344, 35.3261642456, 27.7844486237, 69.6382293701, 81.5459442139, 35.0310745239, -4.69723939896, 22.3860378265], [203.416442871, 98.3692779541, -108.266326904, -31.1275291443, -48.6543312073, -119.996330261, -23.8317718506, -39.5181159973, -18.1274204254, 35.0310745239, 127.138282776, 59.3236122131, 62.0844039917], [104.127105713, 13.6592960358, -64.7604217529, 5.28429508209, -28.3309841156, -58.6466255188, -34.9752044678, -17.9219970703, -6.8299036026, -4.69723939896, 59.3236122131, 86.5772857666, 35.2422485352], [89.2723236084, 55.3507881165, -44.6025733948, -23.8427009583, -49.6142234802, -118.282081604, -39.3798027039, -30.2389030457, 3.01218271255, 22.3860378265, 62.0844039917, 35.2422485352, 130.439529419]]
    },
    "sccoeffs": {
        "kurt": [-0.784469842911, 0.788927316666, 2.51633501053, 6.08777523041, 3.46332073212, 0.53163766861],
        "max": [-0.466617614031, -0.356292009354, -0.630451858044, -0.629307389259, -0.621376752853, -0.719831228256],
        "mean": [-0.746192276478, -0.7139570117, -0.843534052372, -0.866677641869, -0.847025334835, -0.828203380108],
        "median": [-0.75296664238, -0.732016742229, -0.856888949871, -0.874883174896, -0.862508893013, -0.836675882339],
        "min": [-0.928381323814, -0.914994060993, -0.933857500553, -0.930302679539, -0.907133638859, -0.921680212021],
        "skew": [0.217075884342, 0.942354798317, 1.40925955772, 1.97877216339, 1.53367233276, 0.714554727077],
        "var": [0.00927799008787, 0.0164054576308, 0.00347195728682, 0.00214634020813, 0.00237264670432, 0.00134842074476],
        "cov": [[0.00933943409473, 0.00128907244653, 4.50090265076e-05, 0.000215994645259, 0.000474531465443, 0.000403422949603], [0.00128907244653, 0.016514101997, 0.00497842859477, 0.00362582155503, 0.00403658626601, 0.00123051577248], [4.50090265076e-05, 0.00497842859477, 0.0034949502442, 0.00144739227835, 0.00188095343765, 0.000737710797694], [0.000215994645259, 0.00362582155503, 0.00144739227835, 0.00216055451892, 0.00178730254993, 0.000621760089416], [0.000474531465443, 0.00403658626601, 0.00188095343765, 0.00178730254993, 0.00238835974596, 0.000858797458932], [0.000403422949603, 0.00123051577248, 0.000737710797694, 0.000621760089416, 0.000858797458932, 0.00135735073127]]
    },
    "scvalleys": {
        "kurt": [9.68503761292, 3.85666370392, 3.89746284485, 2.32785892487, 2.19488716125, 0.79972076416],
        "max": [-8.44386291504, -5.9321475029, -7.64445829391, -7.53922939301, -6.7235660553, -9.57888698578],
        "mean": [-10.5587949753, -9.42306518555, -10.4781694412, -10.6543283463, -10.3785829544, -12.811668396],
        "median": [-10.5175209045, -9.64817810059, -10.643620491, -10.9072160721, -10.6959724426, -13.1945056915],
        "min": [-16.0044689178, -16.2414417267, -16.1302947998, -16.4371833801, -16.034696579, -17.2670593262],
        "skew": [-1.8823081255, -0.342749208212, -0.498926371336, -0.0113745369017, 0.239844545722, 0.518400132656],
        "var": [0.77832788229, 1.90004062653, 1.32533752918, 1.58716166019, 1.72842752934, 1.89157223701],
        "cov": [[0.783482372761, 0.920001626015, 0.757987618446, 0.767433941364, 0.780355989933, 0.821090221405], [0.920001626015, 1.91262376308, 1.41789937019, 1.47527801991, 1.5016285181, 1.48812234402], [0.757987618446, 1.41789937019, 1.33411467075, 1.34742796421, 1.3631708622, 1.35039913654], [0.767433941364, 1.47527801991, 1.34742796421, 1.59767258167, 1.53655052185, 1.49653458595], [0.780355989933, 1.5016285181, 1.3631708622, 1.53655052185, 1.73987400532, 1.7255667448], [0.821090221405, 1.48812234402, 1.35039913654, 1.49653458595, 1.7255667448, 1.904099226]]
    }
},
"rhythm": {
    "beats_loudness": {
        "kurt": -0.305147886276,
        "max": 0.00625621713698,
        "mean": 0.00155751232523,
        "median": 1.78780974238e-05,
        "min": 2.89326203529e-06,
        "skew": 1.1460609436,
        "var": 5.64514857615e-06
    },
    "bpm": 122.474563599,
    "confidence": 0,
    "first_peak_bpm": {
        "kurt": 0,
        "max": 123,
        "mean": 123,
        "median": 123,
        "min": 123,
        "skew": 0,
        "var": 0
    },
    "first_peak_spread": {
        "kurt": 0,
        "max": 0.199999988079,
        "mean": 0.199999988079,
        "median": 0.199999988079,
        "min": 0.199999988079,
        "skew": 0,
        "var": 0
    },
    "first_peak_weight": {
        "kurt": 0,
        "max": 0.800000011921,
        "mean": 0.800000011921,
        "median": 0.800000011921,
        "min": 0.800000011921,
        "skew": 0,
        "var": 0
    },
    "onset_rate": 3.42886018753,
    "second_peak_bpm": {
        "kurt": 0,
        "max": 0,
        "mean": 0,
        "median": 0,
        "min": 0,
        "skew": 0,
        "var": 0
    },
    "second_peak_spread": {
        "kurt": 0,
        "max": 0,
        "mean": 0,
        "median": 0,
        "min": 0,
        "skew": 0,
        "var": 0
    },
    "second_peak_weight": {
        "kurt": 0,
        "max": 0,
        "mean": 0,
        "median": 0,
        "min": 0,
        "skew": 0,
        "var": 0
    },
    "beats_loudness_band_ratio": {
        "kurt": [-1.87126135826, -1.64228510857, -0.52917098999, 0.752197742462, 1.07633018494, 0.659697532654],
        "max": [0.0115945627913, 0.956942141056, 0.930253922939, 0.0806250050664, 0.298119217157, 0.189146056771],
        "mean": [0.00518473284319, 0.51203751564, 0.447360366583, 0.0221993550658, 0.0628889277577, 0.0504893660545],
        "median": [0.00459362892434, 0.588627099991, 0.424745976925, 0.0112681277096, 0.0119798071682, 0.0273321475834],
        "min": [2.79514752037e-05, 0.00187558517791, 0.0320170745254, 0.00300435186364, 0.00420887488872, 0.000667773245368],
        "skew": [0.0881496295333, -0.230586081743, 0.313466489315, 1.55363059044, 1.72517228127, 1.49563741684],
        "var": [2.51387100434e-05, 0.155831098557, 0.0758564770222, 0.000728206185158, 0.011254328303, 0.00416559400037],
        "cov": [[3.01664513245e-05, 0.000221132024308, -0.000775736116339, 0.000105464670924, 0.000350850226823, 0.000193190498976], [0.000221132024308, 0.186997324228, -0.0966708064079, -0.0063579743728, -0.0267920102924, -0.0209061466157], [-0.000775736116339, -0.0966708064079, 0.0910277739167, -0.00103358866181, -0.00273116864264, 0.00239590113051], [0.000105464670924, -0.0063579743728, -0.00103358866181, 0.000873847398907, 0.00340351718478, 0.00202232110314], [0.000350850226823, -0.0267920102924, -0.00273116864264, 0.00340351718478, 0.0135051934049, 0.00797518528998], [0.000193190498976, -0.0209061466157, 0.00239590113051, 0.00202232110314, 0.00797518528998, 0.00499871280044]]
    },
    "beats_position": [0.46439909935, 0.952018141747, 1.43963718414, 1.92725622654, 2.41487526894, 2.91410422325],
    "bpm_estimates": [123.046875, 123.046875, 123.046875, 123.046875, 120.185333252],
    "bpm_intervals": [0.487619042397, 0.487619042397, 0.487619042397, 0.487619042397, 0.499228954315],
    "onset_times": [0.0928798168898, 0.452789127827, 0.684988677502, 1.05650794506, 1.19582772255, 1.74149656296, 1.86920630932, 2.0549659729, 2.29877543449, 2.55419492722, 2.69351482391, 3.25079369545],
    "histogram": [[0, 0, 0, 0, 0, 0, 0, 0, 0, 0, 0, 0, 0, 0, 0, 0, 0, 0, 0, 0, 0, 0, 0, 0, 0, 0, 0, 0, 0, 0, 0, 0, 0, 0, 0, 0, 0, 0, 0, 0, 0, 0, 0, 0, 0, 0, 0, 0, 0, 0, 0, 0, 0, 0, 0, 0, 0, 0, 0, 0, 0, 0, 0, 0, 0, 0, 0, 0, 0, 0, 0, 0, 0, 0, 0, 0, 0, 0, 0, 0, 0, 0, 0, 0, 0, 0, 0, 0, 0, 0, 0, 0, 0, 0, 0, 0, 0, 0, 0, 0, 0, 0, 0, 0, 0, 0, 0, 0, 0, 0, 0, 0, 0, 0, 0, 0, 0, 0, 0, 0, 0.20000000298, 0, 0, 0.800000011921, 0, 0, 0, 0, 0, 0, 0, 0, 0, 0, 0, 0, 0, 0, 0, 0, 0, 0, 0, 0, 0, 0, 0, 0, 0, 0, 0, 0, 0, 0, 0, 0, 0, 0, 0, 0, 0, 0, 0, 0, 0, 0, 0, 0, 0, 0, 0, 0, 0, 0, 0, 0, 0, 0, 0, 0, 0, 0, 0, 0, 0, 0, 0, 0, 0, 0, 0, 0, 0, 0, 0, 0, 0, 0, 0, 0, 0, 0, 0, 0, 0, 0, 0, 0, 0, 0, 0, 0, 0, 0, 0, 0, 0, 0, 0, 0, 0, 0, 0, 0, 0, 0, 0, 0, 0, 0, 0, 0, 0, 0, 0, 0, 0, 0, 0, 0, 0, 0, 0, 0, 0, 0, 0, 0, 0, 0]]
},
"sfx": {
    "inharmonicity": {
        "kurt": 12.191447258,
        "max": 0.351960480213,
        "mean": 0.0273055713624,
        "median": 0.00406984705478,
        "min": 0,
        "skew": 3.28553247452,
        "var": 0.00309361494146
    },
    "oddtoevenharmonicenergyratio": {
        "kurt": 146.156005859,
        "max": 452.146362305,
        "mean": 3.62746310234,
        "median": 0.0443164668977,
        "min": 0,
        "skew": 12.1550540924,
        "var": 1336.04016113
    },
    "pitch_after_max_to_before_max_energy_ratio": 0.206595525146,
    "pitch_centroid": 61.29895401,
    "pitch_max_to_total": 0.64473682642,
    "pitch_min_to_total": 0.467105269432,
    "tristimulus": {
        "kurt": [-0.771304368973, 1.88176774979, 0.339371442795],
        "max": [1, 0.919611513615, 0.669573009014],
        "mean": [0.571134865284, 0.208892524242, 0.219972714782],
        "median": [0.61056637764, 0.125049054623, 0.196010515094],
        "min": [0, 0, 0],
        "skew": [-0.216358855367, 1.49473154545, 0.723539113998],
        "var": [0.0757280662656, 0.0438971221447, 0.0245360769331],
        "cov": [[0.0762295722961, -0.0478594303131, -0.0283701624721], [-0.0478594303131, 0.0441878288984, 0.00367158721201], [-0.0283701624721, 0.00367158721201, 0.0246985666454]]
    }
},
"tonal": {
    "chords_changes_rate": 0.155844151974,
    "chords_number_rate": 0.0779220759869,
    "chords_strength": {
        "kurt": -0.706963539124,
        "max": 0.523263633251,
        "mean": 0.382024228573,
        "median": 0.380342304707,
        "min": 0.258241117001,
        "skew": 0.0249935667962,
        "var": 0.00380391231738
    },
    "key_strength": 0.451509237289,
    "tuning_diatonic_strength": 0.459947675467,
    "tuning_equal_tempered_deviation": 0.271797925234,
    "tuning_frequency": 454.202880859,
    "tuning_nontempered_energy_ratio": 0.914065241814,
    "hpcp": {
        "kurt": [9.6184720993, 5.36994743347, 6.73201274872, 6.65935325623, 6.35228061676, 5.03189277649, 8.43677902222, 6.26854610443, 2.03545475006, 0.966480016708, 0.79714179039, 2.28889513016, 1.85594463348, 1.27265071869, 1.53442144394, 3.96275520325, 6.60124588013, 8.11897373199, 9.31664466858, 6.6320772171, 7.14787769318, 4.39364290237, 5.95890235901, 7.40130805969, 10.72062397, 13.1104927063, 8.43978786469, 1.94613361359, 0.980462312698, 2.58865785599, 3.3560667038, 1.63273191452, 0.829244613647, 1.20358514786, 6.71495342255, 11.7725744247],
        "max": [0.802784800529, 0.569133639336, 0.845529735088, 1, 1, 0.933680593967, 1, 1, 1, 1, 1, 1, 1, 1, 1, 1, 1, 0.953419566154, 1, 1, 1, 0.915642142296, 1, 1, 1, 1, 1, 1, 1, 1, 1, 1, 1, 1, 1, 1],
        "mean": [0.0778944864869, 0.0690359547734, 0.0981646180153, 0.121837727726, 0.127030193806, 0.118831545115, 0.102428823709, 0.106910802424, 0.157066524029, 0.20906111598, 0.20227226615, 0.184418290854, 0.196967869997, 0.203557342291, 0.18121547997, 0.141019165516, 0.107233121991, 0.098505795002, 0.106972418725, 0.112341970205, 0.117906704545, 0.126292437315, 0.121080644429, 0.0983462110162, 0.0815096795559, 0.0829238221049, 0.101187869906, 0.161770895123, 0.206148728728, 0.175703287125, 0.151851475239, 0.187539920211, 0.212224408984, 0.181673511863, 0.122843667865, 0.0922292545438],
