{
"metadata": {
    "version": {
        "essentia": "2.1-beta3"
    }
},
"lowLevel": {
    "average_loudness": 0.969549953938,
    "barkbands_kurtosis": {
        "kurt": 8.90377426147,
        "max": 220.212295532,
        "mean": 18.9719047546,
        "median": 1.19569158554,
        "min": -1.70690405369,
        "skew": 2.90706801414,
        "var": 1604.12634277
    },
    "barkbands_skewness": {
        "kurt": 1.91472578049,
        "max": 14.6313734055,
        "mean": 2.46811199188,
        "median": 1.2090754509,
        "min": -1.50886535645,
        "skew": 1.45883834362,
        "var": 9.87070560455
    },
    "barkbands_spread": {
        "kurt": -0.810592889786,
        "max": 61.7636108398,
        "mean": 19.5652198792,
        "median": 18.9656429291,
        "min": 0.502192258835,
        "skew": 0.44974821806,
        "var": 234.988815308
    },
    "dissonance": {
        "kurt": 0.354040384293,
        "max": 0.498663663864,
        "mean": 0.399582922459,
        "median": 0.419225424528,
        "min": 0.121354274452,
        "skew": -0.911792516708,
        "var": 0.0071670259349
    },
    "hfc": {
        "kurt": 5.54831790924,
        "max": 8.75093841553,
        "mean": 0.977518439293,
        "median": 0.0819434225559,
        "min": 4.67108058899e-08,
        "skew": 2.42510175705,
        "var": 3.09323310852
    },
    "pitch": {
        "kurt": 1.03108406067,
        "max": 3830.58203125,
        "mean": 906.817382812,
        "median": 381.402282715,
        "min": 129.881637573,
        "skew": 1.6846114397,
        "var": 1287077.625
    },
    "pitch_instantaneous_confidence": {
        "kurt": -1.38340699673,
        "max": 0.962997019291,
        "mean": 0.686125338078,
        "median": 0.829349279404,
        "min": 0.144453585148,
        "skew": -0.55109423399,
        "var": 0.0769863948226
    },
    "pitch_salience": {
        "kurt": -1.12519788742,
        "max": 0.897523462772,
        "mean": 0.488268911839,
        "median": 0.525666356087,
        "min": 0.0555195696652,
        "skew": -0.253745853901,
        "var": 0.0495048686862
    },
    "silence_rate_20dB": {
        "kurt": 0,
        "max": 1,
        "mean": 1,
        "median": 1,
        "min": 1,
        "skew": 0,
        "var": 0
    },
    "silence_rate_30dB": {
        "kurt": 0,
        "max": 1,
        "mean": 1,
        "median": 1,
        "min": 1,
        "skew": 0,
        "var": 0
    },
    "silence_rate_60dB": {
        "kurt": 2.39127206802,
        "max": 1,
        "mean": 0.861702144146,
        "median": 1,
        "min": 0,
        "skew": -2.09553623199,
        "var": 0.11917141825
    },
    "spectral_centroid": {
        "kurt": 0.029266834259,
        "max": 3154.15600586,
        "mean": 1075.36486816,
        "median": 945.059631348,
        "min": 287.699584961,
        "skew": 0.857652366161,
        "var": 456370.5625
    },
    "spectral_complexity": {
        "kurt": 3.50241279602,
        "max": 10,
        "mean": 1.62765955925,
        "median": 1,
        "min": 0,
        "skew": 1.98328256607,
        "var": 5.34008026123
    },
    "spectral_crest": {
        "kurt": -1.3173866272,
        "max": 26.7684059143,
        "mean": 13.9535989761,
        "median": 13.1384773254,
        "min": 3.01588702202,
        "skew": 0.177177175879,
        "var": 54.6741027832
    },
    "spectral_decrease": {
        "kurt": 4.20657444,
        "max": -6.21900937015e-18,
        "mean": -2.61317939509e-10,
        "median": -5.37500183251e-11,
        "min": -2.0153714253e-09,
        "skew": -1.95184779167,
        "var": 1.48287194997e-19
    },
    "spectral_energy": {
        "kurt": 3.39782953262,
        "max": 0.00789029337466,
        "mean": 0.0010749369394,
        "median": 0.000208820434636,
        "min": 2.77087935929e-11,
        "skew": 1.8541932106,
        "var": 2.5070846732e-06
    },
    "spectral_energyband_high": {
        "kurt": 5.95299053192,
        "max": 0.000199608752155,
        "mean": 2.11958358705e-05,
        "median": 2.13777229874e-06,
        "min": 1.46051064038e-12,
        "skew": 2.64994382858,
        "var": 2.11006301321e-09
    },
    "spectral_energyband_low": {
        "kurt": 16.1223621368,
        "max": 7.10888116373e-07,
        "mean": 6.88395047632e-08,
        "median": 3.30592335729e-08,
        "min": 2.72102826382e-12,
        "skew": 3.97537946701,
        "var": 1.49748157532e-14
    },
    "spectral_energyband_middle_high": {
        "kurt": 7.24914360046,
        "max": 0.00342763168737,
        "mean": 0.00031538339681,
        "median": 4.92741583002e-06,
        "min": 1.28206655362e-11,
        "skew": 2.84201407433,
        "var": 5.51491041278e-07
    },
    "spectral_energyband_middle_low": {
        "kurt": 13.0533638,
        "max": 0.00779678765684,
        "mean": 0.000749068392906,
        "median": 0.000208062090678,
        "min": 1.05660879351e-11,
        "skew": 3.09085297585,
        "var": 1.43142563047e-06
    },
    "spectral_flatness_db": {
        "kurt": -1.22261798382,
        "max": 0.51281607151,
        "mean": 0.26634696126,
        "median": 0.288318365812,
        "min": 0.0478378944099,
        "skew": -0.0208742525429,
        "var": 0.0154529353604
    },
    "spectral_flux": {
        "kurt": -0.112680673599,
        "max": 0.0658690556884,
        "mean": 0.0176713746041,
        "median": 0.0125749940053,
        "min": 0.000177335634362,
        "skew": 0.906414151192,
        "var": 0.000296280602925
    },
    "spectral_kurtosis": {
        "kurt": 7.28102016449,
        "max": 47.5959014893,
        "mean": 7.79275178909,
        "median": 5.04993391037,
        "min": -0.707623720169,
        "skew": 2.65252637863,
        "var": 75.1331481934
    },
    "spectral_rms": {
        "kurt": -0.501846075058,
        "max": 0.00277449935675,
        "mean": 0.000721846008673,
        "median": 0.000449033541372,
        "min": 1.64417059523e-07,
        "skew": 0.785564005375,
        "var": 5.27657789462e-07
    },
    "spectral_rolloff": {
        "kurt": 0.0802719593048,
        "max": 6826.02539062,
        "mean": 1887.36218262,
        "median": 1765.72265625,
        "min": 279.931640625,
        "skew": 0.727047741413,
        "var": 2241411.25
    },
    "spectral_skewness": {
        "kurt": 3.03554582596,
        "max": 5.72090291977,
        "mean": 2.11260414124,
        "median": 1.808167696,
        "min": 0.262611806393,
        "skew": 1.66589784622,
        "var": 1.01389825344
    },
    "spectral_spread": {
        "kurt": 6.01620101929,
        "max": 19867176,
        "mean": 5806590,
        "median": 5226681.5,
        "min": 1923522,
        "skew": 1.90967690945,
        "var": 7.64875060019e+12
    },
    "spectral_strongpeak": {
        "kurt": 6.73431015015,
        "max": 1.90153253078,
        "mean": 0.264817118645,
        "median": 0.120324745774,
        "min": 0,
        "skew": 2.28154659271,
        "var": 0.126170709729
    },
    "zerocrossingrate": {
        "kurt": -0.000995397567749,
        "max": 0.17626953125,
        "mean": 0.0568068474531,
        "median": 0.055908203125,
        "min": 0.00634765625,
        "skew": 0.748889625072,
        "var": 0.00137748918496
    },
    "barkbands": {
        "kurt": [21.3516750336, 40.6327400208, 13.624502182, 31.4952964783, 6.23453712463, 28.2314987183, 5.16418647766, 83.6406173706, 23.0692119598, 11.7343406677, 68.5078430176, 17.8922214508, 15.5463256836, 19.2166099548, 50.2377128601, 41.1808586121, 15.7498912811, 6.2559337616, 8.41912746429, 24.1426181793, 9.01998710632, 4.10682249069, 19.0216884613, 12.0327367783, 16.6761989594, 10.7854404449, 8.15254402161],
        "max": [2.74456866123e-08, 2.89901038286e-07, 3.51654080077e-07, 6.19619413555e-07, 8.00032212283e-05, 0.00774457072839, 0.00273872027174, 7.13340996299e-05, 0.000556956510991, 0.00127222144511, 0.000995618058369, 0.000213697232539, 0.000697395589668, 0.000799066619948, 0.00142090546433, 0.0019047644455, 0.000179351278348, 8.10468627606e-05, 0.000269957061391, 0.000543581380043, 0.00012908813369, 2.76242735708e-06, 6.55361361623e-07, 3.96928635382e-06, 1.84633481695e-05, 1.15628168373e-07, 8.6171730862e-10],
        "mean": [2.12995998616e-09, 1.58820387952e-08, 3.21750199817e-08, 3.70907713432e-08, 6.93893161952e-06, 0.000424432946602, 0.000258588494034, 1.37040058235e-06, 2.96631933452e-05, 8.18101761979e-05, 1.55900779646e-05, 1.14505328384e-05, 3.57941789844e-05, 3.57598946721e-05, 3.6699919292e-05, 5.70076554141e-05, 1.09076854642e-05, 7.97553548182e-06, 2.21156096814e-05, 2.55764680333e-05, 1.13788892122e-05, 3.69751631979e-07, 3.78044795468e-08, 3.13267719321e-07, 1.06228799268e-06, 7.76636888133e-09, 1.00727294561e-10],
        "median": [9.28057852789e-10, 8.12953615537e-09, 1.10082458704e-08, 1.44404124214e-08, 1.54375015882e-07, 2.70733689831e-05, 5.32003014087e-07, 1.21151785493e-07, 4.69776239242e-07, 8.62814957259e-08, 3.60556029477e-08, 4.09533242873e-08, 5.21539149645e-08, 9.87559261034e-08, 1.12986327849e-07, 1.69354990476e-07, 2.35756075995e-07, 2.60264812368e-07, 5.48922685084e-07, 5.86192356877e-07, 4.76610949818e-07, 4.84576148096e-08, 3.97524591023e-09, 1.74953864729e-08, 1.65388964746e-08, 4.13081902018e-10, 3.18506609975e-11],
        "min": [1.00434959828e-12, 1.28408026399e-12, 6.46637257629e-13, 5.96125037354e-13, 2.39360137613e-12, 3.14444520769e-12, 8.46547062051e-13, 7.67120308248e-13, 2.60518017749e-12, 4.34773934519e-13, 3.3238928103e-13, 5.51294903825e-13, 5.47475313781e-13, 9.20899749686e-13, 7.74467946371e-13, 8.486227129e-13, 5.50186632364e-13, 4.52122410691e-12, 3.29195416586e-12, 3.31332942853e-13, 7.97530064992e-13, 2.26592101202e-13, 8.62703395592e-14, 4.33007748852e-14, 7.04546962221e-14, 4.06495787009e-14, 4.04319420555e-14],
        "skew": [4.26432037354, 6.20000171661, 3.67256069183, 5.24420118332, 2.58752298355, 4.97457551956, 2.48275351524, 9.12543392181, 4.49822854996, 3.24192404747, 8.17749023438, 4.16870546341, 3.94280099869, 4.2193274498, 6.72608947754, 6.28713560104, 3.86266756058, 2.51476144791, 2.79597187042, 4.60797405243, 3.05106329918, 2.19310235977, 4.1696767807, 3.12617230415, 3.85516309738, 3.36100697517, 2.68966436386],
        "var": [1.53904629202e-17, 1.2878872324e-15, 3.93842368386e-15, 6.44231067418e-15, 2.40409497865e-10, 1.09671248083e-06, 3.63352540944e-07, 5.42420795779e-11, 6.56932019893e-09, 4.37584688484e-08, 1.18226317625e-08, 1.15183440563e-09, 1.40040743446e-08, 1.47227661174e-08, 2.74215370411e-08, 5.84624544331e-08, 8.75743255691e-10, 2.52295351277e-10, 2.29186336576e-09, 5.80600545419e-09, 6.71711630762e-10, 4.19317223088e-13, 9.88660921793e-15, 3.94498561422e-13, 7.98717949418e-12, 4.46332576611e-16, 2.70518158693e-20],
        "cov": [[1.55559519822e-17, 1.21818756462e-17, 1.67365256592e-17, 6.58815071262e-18, 2.5861131372e-15, 1.13484666543e-12, 4.20730128254e-13, 6.13744445823e-15, 2.0819644633e-14, 7.72089640486e-14, 4.67737116129e-14, -5.51620804834e-15, -7.76003474803e-15, -3.05223985734e-14, -1.61226114653e-14, -4.88525032601e-14, 4.44747057989e-15, 7.35296341907e-15, 8.83182449971e-15, -8.75356966681e-15, -2.59799166255e-16, 2.27158433995e-16, 6.38357116275e-17, 1.14848456164e-16, -3.2973743263e-16, -2.32656810233e-18, 5.36946652427e-20], [1.21818756462e-17, 1.30173558581e-15, 1.39335585746e-15, 1.59148956932e-15, -1.78044377337e-14, -7.39379531992e-13, -1.89854100323e-12, 1.97132836551e-15, -1.73775341447e-13, -6.3094749694e-13, -1.19942101498e-13, -8.04959465511e-14, -3.27477167562e-13, -2.69620209405e-13, -3.35864067677e-13, -2.54197487712e-13, -6.50741396532e-14, -3.19830763978e-14, -1.36650524338e-13, -2.06584451152e-13, -9.49129623094e-14, -2.50906363218e-15, -9.94872555856e-17, -1.36244984868e-15, -8.80788396049e-15, -6.28817209184e-17, -6.93990782054e-19], [1.67365256592e-17, 1.39335585746e-15, 3.98077194309e-15, 3.02366769962e-15, 1.48282468661e-14, 1.37850520929e-11, -4.03087849557e-12, -9.15142358323e-15, -4.93574040146e-13, -1.81068690857e-12, -3.67091502595e-13, 2.50230608803e-13, -6.34736946163e-13, 3.94276950498e-13, -6.21497536595e-13, 2.83770207853e-12, -4.49152332352e-14, 2.56734683426e-13, 2.48204997272e-14, -2.94384471227e-13, -1.79116040034e-13, -3.78333872748e-15, 8.2173958392e-18, -3.8608795116e-15, -6.57709818005e-15, 4.44491457856e-18, -5.73355640399e-19], [6.58815071262e-18, 1.59148956932e-15, 3.02366769962e-15, 6.51158314619e-15, -8.96918986564e-14, 2.7177073092e-11, -4.21306566023e-12, 1.64878436018e-14, -5.29169535881e-13, -1.92897390769e-12, -4.63823478323e-13, -2.65282333454e-15, -5.55129076388e-13, -3.47057506431e-13, -8.07737340555e-13, 5.33329456986e-13, -7.70865305182e-14, 2.48613060477e-13, -2.71376345874e-13, -4.3862445143e-13, -2.34465441853e-13, -6.99187242663e-15, -6.13004202554e-16, -5.47636531256e-15, -1.39472114752e-14, -7.20407212642e-17, -7.11745696915e-19], [2.5861131372e-15, -1.78044377337e-14, 1.48282468661e-14, -8.96918986564e-14, 2.42994541155e-10, -2.16411488729e-09, -1.70657210585e-09, 2.3669842128e-12, -1.47860071409e-10, -4.80616546561e-10, -1.02496955368e-10, -6.78296446788e-11, -2.46102749291e-10, -2.40028524834e-10, -2.49024967314e-10, -3.81051856735e-10, -6.72666783386e-11, -4.69600851261e-11, -1.38215952572e-10, -1.68897798525e-10, -7.24012169662e-11, -1.81194133048e-12, 1.09167164783e-13, -1.65129693773e-12, -6.99093343978e-12, -3.76872673151e-14, -2.34905873787e-16], [1.13484666543e-12, -7.39379531992e-13, 1.37850520929e-11, 2.7177073092e-11, -2.16411488729e-09, 1.10850510282e-06, -4.62435458815e-08, -8.90464924019e-11, 1.14214904201e-08, -6.71141098252e-09, -6.36226404893e-09, -2.53528265048e-09, -1.41578988533e-08, -1.02292574411e-08, -1.41704799006e-08, -1.28833539392e-08, 6.26325158404e-10, 8.05562461181e-09, -2.50156495518e-09, -7.63953522664e-09, -2.54374521447e-09, -3.03586565609e-11, -6.5164844007e-12, 4.21607323706e-12, -3.06305453224e-10, -2.49481164893e-12, 8.61223205516e-15], [4.20730128254e-13, -1.89854100323e-12, -4.03087849557e-12, -4.21306566023e-12, -1.70657210585e-09, -4.62435458815e-08, 3.67259559653e-07, 1.42958522797e-09, -4.87831242069e-09, 7.73913768626e-08, 3.3244795361e-08, 5.38615774204e-09, 4.34475069255e-08, 2.96188247262e-08, 5.49700125418e-08, 1.97285370263e-08, 6.58235910223e-09, 2.61520471945e-09, 1.68022182834e-08, 2.06742445386e-08, 1.15245217813e-08, 2.0411837498e-10, -7.75639914709e-13, 1.28206209538e-10, 9.33409682879e-10, 6.91981194567e-12, 5.93381409546e-14], [6.13744445823e-15, 1.97132836551e-15, -9.15142358323e-15, 1.64878436018e-14, 2.3669842128e-12, -8.90464924019e-11, 1.42958522797e-09, 5.4825328305e-11, -2.04009487255e-12, -2.48533121167e-11, 1.55833375717e-12, -8.20143605806e-12, -6.65012923201e-12, -4.55734408544e-11, -4.45466927235e-11, -7.53557286015e-11, -1.27902194044e-11, -8.39074556364e-12, -2.34788265219e-11, -3.10766100353e-11, -1.07867881294e-11, -3.31948688372e-13, -6.93168692408e-15, -3.00721036614e-13, -1.22853365935e-12, -6.06393300983e-15, 1.70530281226e-17], [2.0819644633e-14, -1.73775341447e-13, -4.93574040146e-13, -5.29169535881e-13, -1.47860071409e-10, 1.14214904201e-08, -4.87831242069e-09, -2.04009487255e-12, 6.63995791683e-09, 4.73101824383e-09, -3.98400840096e-10, 2.7280080972e-11, -9.34509469808e-10, -8.2657869438e-10, -6.68930466574e-10, 3.67801900047e-10, 3.28551574835e-10, 2.95316771037e-10, 7.43835271155e-10, -1.55779278366e-10, 1.14246966054e-10, 1.62711372154e-11, -6.89353630602e-14, 7.46624203435e-12, -1.07983058259e-11, -1.63347159692e-13, 1.02471864849e-15], [7.72089640486e-14, -6.3094749694e-13, -1.81068690857e-12, -1.92897390769e-12, -4.80616546561e-10, -6.71141098252e-09, 7.73913768626e-08, -2.48533121167e-11, 4.73101824383e-09, 4.4228990248e-08, 1.29220802947e-08, 1.2558895035e-09, 1.03741903956e-08, 5.83428372281e-09, 1.49170524821e-08, 1.38124511828e-09, 1.74096725924e-09, 9.35893362808e-10, 5.87390847073e-09, 4.77795403242e-09, 3.66002739227e-09, 9.16305781251e-11, 1.04895053147e-12, 5.95359248012e-11, 2.38306707701e-10, 1.50513325761e-12, 1.58972447971e-14], [4.67737116129e-14, -1.19942101498e-13, -3.67091502595e-13, -4.63823478323e-13, -1.02496955368e-10, -6.36226404893e-09, 3.3244795361e-08, 1.55833375717e-12, -3.98400840096e-10, 1.29220802947e-08, 1.19497567397e-08, -1.5682476151e-10, 1.47839851472e-09, -4.75329664518e-10, 5.13779685463e-09, -7.97158339338e-10, -1.29817892547e-10, 1.0872321099e-10, 2.86974977115e-09, 1.46671452761e-10, 1.29407684568e-09, 2.55412600791e-11, -2.44365972905e-14, -3.26186506191e-13, 1.60355409506e-11, 8.51195809258e-14, 4.487617824e-15], [-5.51620804834e-15, -8.04959465511e-14, 2.50230608803e-13, -2.65282333454e-15, -6.78296446788e-11, -2.53528265048e-09, 5.38615774204e-09, -8.20143605806e-12, 2.7280080972e-11, 1.2558895035e-09, -1.5682476151e-10, 1.16421972063e-09, 1.41870581949e-09, 3.38640449016e-09, 4.23128997118e-11, 6.68143540494e-09, 4.17416740062e-10, 3.23731624841e-10, 9.58476742419e-10, 1.66423164139e-09, 3.91108812003e-10, 1.0575398196e-11, -2.15901949097e-13, 6.61961110926e-12, 6.19848616878e-11, 5.04404027227e-13, 1.57085923486e-15], [-7.76003474803e-15, -3.27477167562e-13, -6.34736946163e-13, -5.55129076388e-13, -2.46102749291e-10, -1.41578988533e-08, 4.34475069255e-08, -6.65012923201e-12, -9.34509469808e-10, 1.03741903956e-08, 1.47839851472e-09, 1.41870581949e-09, 1.41546552257e-08, 7.73785835406e-09, 9.60252588555e-09, 5.9914828654e-09, 2.93187385481e-09, 6.28656404711e-10, 2.91550561471e-09, 6.79571021678e-09, 2.13466599952e-09, 4.26053567426e-11, -8.08422827379e-13, 3.89145833612e-11, 2.90078738807e-10, 2.24335242223e-12, 1.49821307297e-14], [-3.05223985734e-14, -2.69620209405e-13, 3.94276950498e-13, -3.47057506431e-13, -2.40028524834e-10, -1.02292574411e-08, 2.96188247262e-08, -4.55734408544e-11, -8.2657869438e-10, 5.83428372281e-09, -4.75329664518e-10, 3.38640449016e-09, 7.73785835406e-09, 1.48810750389e-08, 2.77704947926e-09, 2.31750352242e-08, 2.22417462226e-09, 1.12363873761e-09, 3.48914497295e-09, 7.85131160086e-09, 1.71986902497e-09, 4.39303454725e-11, -8.248227947e-13, 3.17845194608e-11, 2.26165988715e-10, 2.03930600705e-12, 1.11876738478e-14], [-1.61226114653e-14, -3.35864067677e-13, -6.21497536595e-13, -8.07737340555e-13, -2.49024967314e-10, -1.41704799006e-08, 5.49700125418e-08, -4.45466927235e-11, -6.68930466574e-10, 1.49170524821e-08, 5.13779685463e-09, 4.23128997118e-11, 9.60252588555e-09, 2.77704947926e-09, 2.77163909601e-08, 2.56618815087e-09, 1.7067699476e-09, 7.4537126471e-10, 4.04566025125e-09, 4.10986489285e-09, 3.142788918e-09, 4.66510892416e-11, -6.99995996497e-13, 1.77673206009e-11, 1.91068938449e-10, 1.13030906249e-12, 1.18938528392e-14], [-4.88525032601e-14, -2.54197487712e-13, 2.83770207853e-12, 5.33329456986e-13, -3.81051856735e-10, -1.28833539392e-08, 1.97285370263e-08, -7.53557286015e-11, 3.67801900047e-10, 1.38124511828e-09, -7.97158339338e-10, 6.68143540494e-09, 5.9914828654e-09, 2.31750352242e-08, 2.56618815087e-09, 5.90910822496e-08, 3.33101302097e-09, 2.48032794303e-09, 6.94865009976e-09, 1.14292095788e-08, 1.71452696485e-09, 6.17876375064e-11, -1.60745971655e-12, 2.40891421394e-11, 2.33942476502e-10, 2.62573318123e-12, 1.35135289121e-14], [4.44747057989e-15, -6.50741396532e-14, -4.49152332352e-14, -7.70865305182e-14, -6.72666783386e-11, 6.26325158404e-10, 6.58235910223e-09, -1.27902194044e-11, 3.28551574835e-10, 1.74096725924e-09, -1.29817892547e-10, 4.17416740062e-10, 2.93187385481e-09, 2.22417462226e-09, 1.7067699476e-09, 3.33101302097e-09, 8.85159834318e-10, 2.48016246429e-10, 8.43937142392e-10, 1.90862570193e-09, 4.27183566298e-10, 1.22825968146e-11, -2.20853378446e-13, 7.8840328363e-12, 5.64004121184e-11, 4.96243942206e-13, 4.01090175206e-15], [7.35296341907e-15, -3.19830763978e-14, 2.56734683426e-13, 2.48613060477e-13, -4.69600851261e-11, 8.05562461181e-09, 2.61520471945e-09, -8.39074556364e-12, 2.95316771037e-10, 9.35893362808e-10, 1.0872321099e-10, 3.23731624841e-10, 6.28656404711e-10, 1.12363873761e-09, 7.4537126471e-10, 2.48032794303e-09, 2.48016246429e-10, 2.55008181238e-10, 4.82775042165e-10, 6.36840191692e-10, 1.92677276911e-10, 5.42767697106e-12, -1.28744630516e-13, 2.96347733679e-12, 2.07937608104e-11, 1.70526732925e-13, 1.2013148536e-15], [8.83182449971e-15, -1.36650524338e-13, 2.48204997272e-14, -2.71376345874e-13, -1.38215952572e-10, -2.50156495518e-09, 1.68022182834e-08, -2.34788265219e-11, 7.43835271155e-10, 5.87390847073e-09, 2.86974977115e-09, 9.58476742419e-10, 2.91550561471e-09, 3.48914497295e-09, 4.04566025125e-09, 6.94865009976e-09, 8.43937142392e-10, 4.82775042165e-10, 2.31650698623e-09, 2.35264985271e-09, 1.0327319e-09, 2.62816799573e-11, -3.60914396242e-13, 1.04969834908e-11, 8.2416365399e-11, 6.08823213198e-13, 4.81237957334e-15], [-8.75356966681e-15, -2.06584451152e-13, -2.94384471227e-13, -4.3862445143e-13, -1.68897798525e-10, -7.63953522664e-09, 2.06742445386e-08, -3.10766100353e-11, -1.55779278366e-10, 4.77795403242e-09, 1.46671452761e-10, 1.66423164139e-09, 6.79571021678e-09, 7.85131160086e-09, 4.10986489285e-09, 1.14292095788e-08, 1.90862570193e-09, 6.36840191692e-10, 2.35264985271e-09, 5.86843551531e-09, 1.33853650386e-09, 3.34756528053e-11, -5.11119087592e-13, 1.88654283167e-11, 1.55213508712e-10, 1.35281358598e-12, 9.11797848731e-15], [-2.59799166255e-16, -9.49129623094e-14, -1.79116040034e-13, -2.34465441853e-13, -7.24012169662e-11, -2.54374521447e-09, 1.15245217813e-08, -1.07867881294e-11, 1.14246966054e-10, 3.66002739227e-09, 1.29407684568e-09, 3.91108812003e-10, 2.13466599952e-09, 1.71986902497e-09, 3.142788918e-09, 1.71452696485e-09, 4.27183566298e-10, 1.92677276911e-10, 1.0327319e-09, 1.33853650386e-09, 6.78934353182e-10, 1.34647076475e-11, -1.31977409687e-13, 6.4675283358e-12, 5.46402645352e-11, 3.67127389687e-13, 2.64254247214e-15], [2.27158433995e-16, -2.50906363218e-15, -3.78333872748e-15, -6.99187242663e-15, -1.81194133048e-12, -3.03586565609e-11, 2.0411837498e-10, -3.31948688372e-13, 1.62711372154e-11, 9.16305781251e-11, 2.55412600791e-11, 1.0575398196e-11, 4.26053567426e-11, 4.39303454725e-11, 4.66510892416e-11, 6.17876375064e-11, 1.22825968146e-11, 5.42767697106e-12, 2.62816799573e-11, 3.34756528053e-11, 1.34647076475e-11, 4.23825986242e-13, 5.83353454247e-15, 1.74855532072e-13, 1.17295962439e-12, 8.07517674419e-15, 7.00921021167e-17], [6.38357116275e-17, -9.94872555856e-17, 8.2173958392e-18, -6.13004202554e-16, 1.09167164783e-13, -6.5164844007e-12, -7.75639914709e-13, -6.93168692408e-15, -6.89353630602e-14, 1.04895053147e-12, -2.44365972905e-14, -2.15901949097e-13, -8.08422827379e-13, -8.248227947e-13, -6.99995996497e-13, -1.60745971655e-12, -2.20853378446e-13, -1.28744630516e-13, -3.60914396242e-13, -5.11119087592e-13, -1.31977409687e-13, 5.83353454247e-15, 9.99291693501e-15, 6.91711795738e-15, -2.08241017203e-14, -1.5972242206e-16, -5.31163483798e-19], [1.14848456164e-16, -1.36244984868e-15, -3.8608795116e-15, -5.47636531256e-15, -1.65129693773e-12, 4.21607323706e-12, 1.28206209538e-10, -3.00721036614e-13, 7.46624203435e-12, 5.95359248012e-11, -3.26186506191e-13, 6.61961110926e-12, 3.89145833612e-11, 3.17845194608e-11, 1.77673206009e-11, 2.40891421394e-11, 7.8840328363e-12, 2.96347733679e-12, 1.04969834908e-11, 1.88654283167e-11, 6.4675283358e-12, 1.74855532072e-13, 6.91711795738e-15, 3.98740475317e-13, 9.96083640917e-13, 6.95204197283e-15, 4.91689821125e-17], [-3.2973743263e-16, -8.80788396049e-15, -6.57709818005e-15, -1.39472114752e-14, -6.99093343978e-12, -3.06305453224e-10, 9.33409682879e-10, -1.22853365935e-12, -1.07983058259e-11, 2.38306707701e-10, 1.60355409506e-11, 6.19848616878e-11, 2.90078738807e-10, 2.26165988715e-10, 1.91068938449e-10, 2.33942476502e-10, 5.64004121184e-11, 2.07937608104e-11, 8.2416365399e-11, 1.55213508712e-10, 5.46402645352e-11, 1.17295962439e-12, -2.08241017203e-14, 9.96083640917e-13, 8.07306305139e-12, 5.58413145097e-14, 2.62617641917e-16], [-2.32656810233e-18, -6.28817209184e-17, 4.44491457856e-18, -7.20407212642e-17, -3.76872673151e-14, -2.49481164893e-12, 6.91981194567e-12, -6.06393300983e-15, -1.63347159692e-13, 1.50513325761e-12, 8.51195809258e-14, 5.04404027227e-13, 2.24335242223e-12, 2.03930600705e-12, 1.13030906249e-12, 2.62573318123e-12, 4.96243942206e-13, 1.70526732925e-13, 6.08823213198e-13, 1.35281358598e-12, 3.67127389687e-13, 8.07517674419e-15, -1.5972242206e-16, 6.95204197283e-15, 5.58413145097e-14, 4.5113186529e-16, 2.49482946022e-18], [5.36946652427e-20, -6.93990782054e-19, -5.73355640399e-19, -7.11745696915e-19, -2.34905873787e-16, 8.61223205516e-15, 5.93381409546e-14, 1.70530281226e-17, 1.02471864849e-15, 1.58972447971e-14, 4.487617824e-15, 1.57085923486e-15, 1.49821307297e-14, 1.11876738478e-14, 1.18938528392e-14, 1.35135289121e-14, 4.01090175206e-15, 1.2013148536e-15, 4.81237957334e-15, 9.11797848731e-15, 2.64254247214e-15, 7.00921021167e-17, -5.31163483798e-19, 4.91689821125e-17, 2.62617641917e-16, 2.49482946022e-18, 2.73426942548e-20]]
    },
    "mfcc": {
        "kurt": [-1.17535829544, -0.870354413986, -0.392517566681, -0.0174036026001, 0.134863376617, -0.743722915649, 0.111759662628, -1.00994837284, -0.401519775391, -0.639723539352, -0.71772480011, -0.357912063599, 0.793001413345],
        "max": [-800.524536133, 145.109130859, 48.2643470764, 83.1400299072, 36.6149940491, 8.85822296143, 22.2391929626, 13.1175937653, 12.049571991, 12.2616825104, 13.0019950867, 21.3669242859, 25.4079799652],
        "mean": [-983.733886719, 58.9517326355, -25.8695774078, 11.7931098938, -20.4305915833, -36.9444236755, -14.1137199402, -34.6701087952, -10.9969882965, -13.3219709396, -11.4637813568, -4.51556491852, -2.37851881981],
        "median": [-984.234985352, 56.5982208252, -6.90547180176, 11.3581399918, -17.2394294739, -39.1246986389, -9.09156036377, -34.0844726562, -8.92227268219, -10.3057346344, -10.548617363, -2.52335929871, -1.73645019531],
        "min": [-1138.42004395, 1.14440917969e-05, -154.241317749, -42.1612319946, -110.250411987, -100.090507507, -66.2572250366, -85.2091903687, -49.8997573853, -43.1872634888, -41.7930259705, -33.295085907, -45.3160629272],
        "skew": [0.165683716536, 0.259602248669, -0.810794889927, 0.272636562586, -0.731196582317, -0.251537501812, -0.775352835655, -0.139744177461, -0.503594756126, -0.379570692778, -0.0626749321818, -0.216697737575, -0.30361995101],
        "var": [10724.5185547, 1122.30004883, 2596.70703125, 603.362487793, 955.35333252, 802.585632324, 369.096374512, 657.260375977, 175.148483276, 147.31741333, 146.047866821, 126.297012329, 183.991287231],
        "cov": [[10839.8359375, 1347.78515625, -4580.55957031, -374.405059814, -1678.06213379, -2006.86950684, 221.687774658, -2381.50024414, 131.315109253, -630.733825684, -109.968002319, 110.639335632, 247.696914673], [1347.78515625, 1134.36779785, 46.0513916016, -171.824356079, -664.25012207, -490.463989258, -271.496734619, -339.964263916, -240.894439697, -139.825012207, -150.005401611, -20.7493572235, -156.880477905], [-4580.55957031, 46.0513916016, 2624.62866211, 222.329742432, 364.439849854, 543.059936523, -366.449798584, 1012.92431641, -302.996276855, 186.293518066, -60.529460907, -100.520042419, -283.163085938], [-374.405059814, -171.824356079, 222.329742432, 609.850280762, 389.912750244, -219.06729126, -212.74369812, 158.31980896, -66.264465332, -53.3472518921, -49.9580230713, -48.7587471008, -75.7066879272], [-1678.06213379, -664.25012207, 364.439849854, 389.912750244, 965.625915527, 352.835021973, -41.0860443115, 399.834838867, 94.2947921753, 75.7977142334, 45.3601303101, -75.9723510742, 18.6389007568], [-2006.86950684, -490.463989258, 543.059936523, -219.06729126, 352.835021973, 811.215576172, 284.462463379, 422.766143799, 118.903747559, 170.842163086, 33.1677894592, -12.1363325119, 87.0268630981], [221.687774658, -271.496734619, -366.449798584, -212.74369812, -41.0860443115, 284.462463379, 373.065155029, -23.4197978973, 127.352874756, 28.9319820404, 50.6477241516, 45.4062461853, 141.504730225], [-2381.50024414, -339.964263916, 1012.92431641, 158.31980896, 399.834838867, 422.766143799, -23.4197978973, 664.327636719, 1.18933463097, 115.316825867, 15.5970573425, -31.1236095428, -77.5877685547], [131.315109253, -240.894439697, -302.996276855, -66.264465332, 94.2947921753, 118.903747559, 127.352874756, 1.18933463097, 177.031799316, 34.5310440063, 21.4125137329, 1.49155914783, 66.5704574585], [-630.733825684, -139.825012207, 186.293518066, -53.3472518921, 75.7977142334, 170.842163086, 28.9319820404, 115.316825867, 34.5310440063, 148.901473999, 60.8202552795, 2.14704942703, -2.18119239807], [-109.968002319, -150.005401611, -60.529460907, -49.9580230713, 45.3601303101, 33.1677894592, 50.6477241516, 15.5970573425, 21.4125137329, 60.8202552795, 147.618286133, 81.3763046265, 64.1679077148], [110.639335632, -20.7493572235, -100.520042419, -48.7587471008, -75.9723510742, -12.1363325119, 45.4062461853, -31.1236095428, 1.49155914783, 2.14704942703, 81.3763046265, 127.655044556, 74.0153579712], [247.696914673, -156.880477905, -283.163085938, -75.7066879272, 18.6389007568, 87.0268630981, 141.504730225, -77.5877685547, 66.5704574585, -2.18119239807, 64.1679077148, 74.0153579712, 185.969696045]]
    },
    "sccoeffs": {
        "kurt": [-0.418298006058, -1.57051169872, -1.02954149246, -0.413618326187, -0.828146934509, -0.800631999969],
        "max": [-0.512652635574, -0.337878197432, -0.431977957487, -0.470990359783, -0.654071092606, -0.627687811852],
        "mean": [-0.771919846535, -0.637109458447, -0.749941647053, -0.791776716709, -0.824080944061, -0.789744019508],
        "median": [-0.808858990669, -0.593870162964, -0.809916913509, -0.836294054985, -0.854164838791, -0.809696793556],
        "min": [-0.981998026371, -0.927749097347, -0.94281411171, -0.955613672733, -0.916888833046, -0.907997786999],
        "skew": [0.823916912079, -0.100076459348, 0.548530399799, 0.90217846632, 0.624706864357, 0.551064610481],
        "var": [0.012285253033, 0.0358825400472, 0.0198816824704, 0.0136730959639, 0.004890285898, 0.00547769293189],
        "cov": [[0.0124173527583, -0.00173038826324, -0.00182336440776, -0.00248712743632, -0.00162848585751, -0.0023884139955], [-0.00173038826324, 0.036268375814, 0.0225428566337, 0.0161306876689, 0.0109013374895, 0.0100701525807], [-0.00182336440776, 0.0225428566337, 0.0200954638422, 0.0136187747121, 0.00820368435234, 0.00769637292251], [-0.00248712743632, 0.0161306876689, 0.0136187747121, 0.0138201192021, 0.0069307917729, 0.00732089439407], [-0.00162848585751, 0.0109013374895, 0.00820368435234, 0.0069307917729, 0.00494286976755, 0.00422206846997], [-0.0023884139955, 0.0100701525807, 0.00769637292251, 0.00732089439407, 0.00422206846997, 0.00553659256548]]
    },
    "scvalleys": {
        "kurt": [17.5140132904, 3.68726968765, 1.69805955887, 2.94959259033, 2.8350315094, 1.24932765961],
        "max": [-9.50549221039, -6.27645158768, -7.46905612946, -7.83251571655, -7.69773054123, -10.1200494766],
        "mean": [-10.5734100342, -9.56164836884, -10.1995306015, -10.3630523682, -10.1008615494, -12.5406455994],
        "median": [-10.5437316895, -9.30960083008, -10.171254158, -10.4655361176, -9.96692848206, -12.3165073395],
        "min": [-14.3912906647, -15.236623764, -15.5113840103, -15.6831140518, -16.0804233551, -18.0243587494],
        "skew": [-2.85150671005, -0.852139472961, -0.437039941549, -0.575393915176, -0.938827931881, -0.709484577179],
        "var": [0.341399550438, 1.48104178905, 1.68346726894, 1.4150660038, 1.71659684181, 1.77019381523],
        "cov": [[0.345070511103, 0.431290894747, 0.373423367739, 0.318235039711, 0.395117610693, 0.374080121517], [0.431290894747, 1.49696695805, 1.15831398964, 0.782696485519, 0.91457349062, 1.0505810976], [0.373423367739, 1.15831398964, 1.70156908035, 1.27537763119, 1.19828510284, 1.13454508781], [0.318235039711, 0.782696485519, 1.27537763119, 1.43028175831, 1.33757710457, 1.16941213608], [0.395117610693, 0.91457349062, 1.19828510284, 1.33757710457, 1.73505496979, 1.56567180157], [0.374080121517, 1.0505810976, 1.13454508781, 1.16941213608, 1.56567180157, 1.78922820091]]
    }
},
"rhythm": {
    "beats_loudness": {
        "kurt": -1.2742446661,
        "max": 0.00395445385948,
        "mean": 0.00204121344723,
        "median": 0.00198062625714,
        "min": 0.000249147095019,
        "skew": 0.112918511033,
        "var": 1.86003342151e-06
    },
    "bpm": 135.999191284,
    "confidence": 0,
    "first_peak_bpm": {
        "kurt": 0,
        "max": 136,
        "mean": 136,
        "median": 136,
        "min": 136,
        "skew": 0,
        "var": 0
    },
    "first_peak_spread": {
        "kurt": 0,
        "max": 0,
        "mean": 0,
        "median": 0,
        "min": 0,
        "skew": 0,
        "var": 0
    },
    "first_peak_weight": {
        "kurt": 0,
        "max": 1,
        "mean": 1,
        "median": 1,
        "min": 1,
        "skew": 0,
        "var": 0
    },
    "onset_rate": 4.20502853394,
    "second_peak_bpm": {
        "kurt": 0,
        "max": 0,
        "mean": 0,
        "median": 0,
        "min": 0,
        "skew": 0,
        "var": 0
    },
    "second_peak_spread": {
        "kurt": 0,
        "max": 0,
        "mean": 0,
        "median": 0,
        "min": 0,
        "skew": 0,
        "var": 0
    },
    "second_peak_weight": {
        "kurt": 0,
        "max": 0,
        "mean": 0,
        "median": 0,
        "min": 0,
        "skew": 0,
        "var": 0
    },
    "beats_loudness_band_ratio": {
        "kurt": [-0.749990701675, -1.45566892624, -0.873562097549, -0.749998092651, -0.922468662262, -1.08862900734],
        "max": [0.00046442457824, 0.992574036121, 0.196475341916, 0.148285910487, 0.623820066452, 0.128553315997],
        "mean": [0.000151796775754, 0.61641985178, 0.131909444928, 0.0503266975284, 0.203531131148, 0.0501589179039],
        "median": [6.47617416689e-05, 0.652752995491, 0.161072224379, 0.0264835208654, 0.0944452956319, 0.0356749594212],
        "min": [1.32390532599e-05, 0.167599409819, 0.00901796016842, 5.38326930837e-05, 0.00141388981137, 0.000732433458325],
        "skew": [1.05792331696, -0.241017073393, -0.918101489544, 1.02548253536, 0.888771831989, 0.680845320225],
        "var": [3.35587309053e-08, 0.100752025843, 0.00543305184692, 0.00331962597556, 0.0643816962838, 0.00242415815592],
        "cov": [[4.47449757246e-08, 1.75058939931e-05, 3.22450227941e-06, -1.41588043334e-06, -1.87042041944e-05, -4.36468280895e-06], [1.75058939931e-05, 0.134336039424, -0.024890543893, -0.0218766089529, -0.100874125957, -0.0125512257218], [3.22450227941e-06, -0.024890543893, 0.00724406912923, 0.0031133685261, 0.0139159820974, 0.00367144192569], [-1.41588043334e-06, -0.0218766089529, 0.0031133685261, 0.0044261678122, 0.0190026462078, 0.000712505367119], [-1.87042041944e-05, -0.100874125957, 0.0139159820974, 0.0190026462078, 0.0858422592282, 0.00558099150658], [-4.36468280895e-06, -0.0125512257218, 0.00367144192569, 0.000712505367119, 0.00558099150658, 0.00323221087456]]
    },
    "beats_position": [0.46439909935, 0.905578196049, 1.34675729275, 1.78793644905],
    "bpm_estimates": [135.999191284, 135.999191284, 135.999176025],
    "bpm_intervals": [0.441179096699, 0.441179096699, 0.441179156303],
    "onset_times": [0.0696598663926, 0.255419492722, 0.476009070873, 0.661768734455, 0.917188227177, 1.10294783115, 1.34675741196, 1.54412698746, 1.74149656296],
    "histogram": [[0, 0, 0, 0, 0, 0, 0, 0, 0, 0, 0, 0, 0, 0, 0, 0, 0, 0, 0, 0, 0, 0, 0, 0, 0, 0, 0, 0, 0, 0, 0, 0, 0, 0, 0, 0, 0, 0, 0, 0, 0, 0, 0, 0, 0, 0, 0, 0, 0, 0, 0, 0, 0, 0, 0, 0, 0, 0, 0, 0, 0, 0, 0, 0, 0, 0, 0, 0, 0, 0, 0, 0, 0, 0, 0, 0, 0, 0, 0, 0, 0, 0, 0, 0, 0, 0, 0, 0, 0, 0, 0, 0, 0, 0, 0, 0, 0, 0, 0, 0, 0, 0, 0, 0, 0, 0, 0, 0, 0, 0, 0, 0, 0, 0, 0, 0, 0, 0, 0, 0, 0, 0, 0, 0, 0, 0, 0, 0, 0, 0, 0, 0, 0, 0, 0, 0, 1, 0, 0, 0, 0, 0, 0, 0, 0, 0, 0, 0, 0, 0, 0, 0, 0, 0, 0, 0, 0, 0, 0, 0, 0, 0, 0, 0, 0, 0, 0, 0, 0, 0, 0, 0, 0, 0, 0, 0, 0, 0, 0, 0, 0, 0, 0, 0, 0, 0, 0, 0, 0, 0, 0, 0, 0, 0, 0, 0, 0, 0, 0, 0, 0, 0, 0, 0, 0, 0, 0, 0, 0, 0, 0, 0, 0, 0, 0, 0, 0, 0, 0, 0, 0, 0, 0, 0, 0, 0, 0, 0, 0, 0, 0, 0, 0, 0, 0, 0, 0, 0, 0, 0, 0, 0, 0, 0, 0, 0, 0, 0, 0, 0]]
},
"sfx": {
    "inharmonicity": {
        "kurt": 6.74407958984,
        "max": 0.17544144392,
        "mean": 0.0174982380122,
        "median": 0.0025197644718,
        "min": 0,
        "skew": 2.6514980793,
        "var": 0.00120906240772
    },
    "oddtoevenharmonicenergyratio": {
        "kurt": 49.2179031372,
        "max": 5.81675624847,
        "mean": 0.308703243732,
        "median": 0.0867957919836,
        "min": 0,
        "skew": 6.36523532867,
        "var": 0.434481203556
    },
    "pitch_after_max_to_before_max_energy_ratio": 0.338517099619,
    "pitch_centroid": 47.9621162415,
    "pitch_max_to_total": 0.776595771313,
    "pitch_min_to_total": 0.478723406792,
    "tristimulus": {
        "kurt": [-1.21192228794, 2.29980659485, -1.0777169466],
        "max": [1, 0.936741650105, 0.695291817188],
        "mean": [0.567588925362, 0.208094209433, 0.224316865206],
        "median": [0.584092438221, 0.211976498365, 0.183221429586],
        "min": [0.0332484953105, 0, 0],
        "skew": [0.0310223866254, 0.960303664207, 0.441481798887],
        "var": [0.0817108973861, 0.0271185766906, 0.0368155501783],
        "cov": [[0.082589507103, -0.0363941378891, -0.0461954027414], [-0.0363941378891, 0.0274101737887, 0.00898396410048], [-0.0461954027414, 0.00898396410048, 0.0372114144266]]
    }
},
"tonal": {
    "chords_changes_rate": 0.145833328366,
    "chords_number_rate": 0.104166664183,
    "chords_strength": {
        "kurt": -0.737738132477,
        "max": 0.40270447731,
        "mean": 0.31730261445,
        "median": 0.319171249866,
        "min": 0.250300079584,
        "skew": 0.280807137489,
        "var": 0.0014840598451
    },
    "key_strength": 0.371595591307,
    "tuning_diatonic_strength": 0.223588183522,
    "tuning_equal_tempered_deviation": 0.227459430695,
    "tuning_frequency": 434.946166992,
    "tuning_nontempered_energy_ratio": 0.88449805975,
    "hpcp": {
        "kurt": [5.71225166321, 4.02743148804, 5.13069248199, 5.81145381927, 5.49096393585, 2.86258840561, 3.33383703232, 3.91193389893, 3.69607162476, 4.11966085434, 4.91606998444, 4.96828603745, 4.82453203201, 5.9890460968, 7.84759235382, 8.87629508972, 1.25706005096, 0.0945606231689, 3.64462089539, 1.13620758057, 5.62497425079, 3.59118747711, 4.55398654938, 3.52508831024, 2.9812002182, 3.82416343689, 1.10147190094, 0.149244785309, 0.775008678436, -0.0820896625519, -0.21636390686, 1.86088228226, 4.28570318222, 0.60796880722, 2.35759162903, 2.17870283127],
        "max": [1, 0.813463032246, 1, 1, 0.783093035221, 0.658902466297, 1, 1, 0.835937082767, 1, 1, 0.951193332672, 1, 1, 1, 0.953478395939, 1, 1, 0.957311987877, 0.425364434719, 1, 0.90423053503, 1, 1, 0.987021863461, 1, 1, 1, 1, 1, 1, 1, 1, 0.604048013687, 1, 1],
        "mean": [0.120463334024, 0.106026671827, 0.125323221087, 0.114504747093, 0.0943205952644, 0.0965380892158, 0.131091400981, 0.133354321122, 0.113854259253, 0.131759360433, 0.127816274762, 0.12703679502, 0.125093355775, 0.114896051586, 0.104635179043, 0.10058029741, 0.175840601325, 0.220928475261, 0.132177859545, 0.0812123045325, 0.11979803443, 0.12295165658, 0.131056949496, 0.136793032289, 0.140768349171, 0.155660659075, 0.210950776935, 0.248967409134, 0.206924974918, 0.232592880726, 0.245030418038, 0.181483149529, 0.128222450614, 0.121528081596, 0.168432608247, 0.174986705184],
