{
"metadata": {
    "version": {
        "essentia": "2.1-beta3"
    }
},
"lowLevel": {
    "average_loudness": 0.488232254982,
    "barkbands_kurtosis": {
        "kurt": 15.2535324097,
        "max": 138.132858276,
        "mean": 7.8203253746,
        "median": -0.248500227928,
        "min": -1.76595175266,
        "skew": 3.63554954529,
        "var": 410.549438477
    },
    "barkbands_skewness": {
        "kurt": 1.73972606659,
        "max": 10.7507457733,
        "mean": 1.05507969856,
        "median": 0.570302307606,
        "min": -2.79582881927,
        "skew": 1.19985461235,
        "var": 6.26503658295
    },
    "barkbands_spread": {
        "kurt": -1.33314704895,
        "max": 60.6005325317,
        "mean": 27.7989635468,
        "median": 29.6127204895,
        "min": 0.871705889702,
        "skew": -0.11233561486,
        "var": 273.970062256
    },
    "dissonance": {
        "kurt": 4.62879133224,
        "max": 0.499999970198,
        "mean": 0.466359257698,
        "median": 0.483473956585,
        "min": 0.279491633177,
        "skew": -2.28767871857,
        "var": 0.00204988312908
    },
    "hfc": {
        "kurt": 49.9046173096,
        "max": 27.825258255,
        "mean": 0.853031933308,
        "median": 0.00397719070315,
        "min": 9.75697039394e-05,
        "skew": 6.48199987411,
        "var": 8.75285053253
    },
    "pitch": {
        "kurt": -1.70365583897,
        "max": 4253.11523438,
        "mean": 2280.92822266,
        "median": 3005.17822266,
        "min": 55.5506706238,
        "skew": -0.306319594383,
        "var": 2470584
    },
    "pitch_instantaneous_confidence": {
        "kurt": -0.956022977829,
        "max": 0.940167665482,
        "mean": 0.476962924004,
        "median": 0.463293045759,
        "min": 0.136552274227,
        "skew": 0.375277429819,
        "var": 0.04750443995
    },
    "pitch_salience": {
        "kurt": 1.58562326431,
        "max": 0.901437044144,
        "mean": 0.65869396925,
        "median": 0.71680355072,
        "min": 0.110011234879,
        "skew": -1.47703289986,
        "var": 0.0273136049509
    },
    "silence_rate_20dB": {
        "kurt": 0,
        "max": 1,
        "mean": 1,
        "median": 1,
        "min": 1,
        "skew": 0,
        "var": 0
    },
    "silence_rate_30dB": {
        "kurt": 0,
        "max": 1,
        "mean": 1,
        "median": 1,
        "min": 1,
        "skew": 0,
        "var": 0
    },
    "silence_rate_60dB": {
        "kurt": 11.0666666031,
        "max": 1,
        "mean": 0.9375,
        "median": 1,
        "min": 0,
        "skew": -3.61478447914,
        "var": 0.05859375
    },
    "spectral_centroid": {
        "kurt": -0.778794765472,
        "max": 3578.27905273,
        "mean": 1536.56811523,
        "median": 1440.50402832,
        "min": 287.992034912,
        "skew": 0.469360291958,
        "var": 789531.4375
    },
    "spectral_complexity": {
        "kurt": 41.6266555786,
        "max": 25,
        "mean": 0.854166686535,
        "median": 0,
        "min": 0,
        "skew": 6.20873260498,
        "var": 8.63846302032
    },
    "spectral_crest": {
        "kurt": 0.028434753418,
        "max": 26.0923480988,
        "mean": 10.4584636688,
        "median": 9.36208629608,
        "min": 2.82352924347,
        "skew": 0.871298193932,
        "var": 30.3077907562
    },
    "spectral_decrease": {
        "kurt": 26.1996154785,
        "max": -2.42780920151e-14,
        "mean": -1.63030200451e-10,
        "median": -1.29571646381e-12,
        "min": -4.23512203085e-09,
        "skew": -4.98535394669,
        "var": 3.29983180959e-19
    },
    "spectral_energy": {
        "kurt": 23.7132339478,
        "max": 0.0168032310903,
        "mean": 0.000692685891408,
        "median": 5.64019137528e-06,
        "min": 1.07906998892e-07,
        "skew": 4.79535484314,
        "var": 5.63626281291e-06
    },
    "spectral_energyband_high": {
        "kurt": 21.5932559967,
        "max": 0.000422524317401,
        "mean": 2.24338928092e-05,
        "median": 1.47806801465e-07,
        "min": 4.13098222296e-09,
        "skew": 4.43841075897,
        "var": 4.12121892168e-09
    },
    "spectral_energyband_low": {
        "kurt": 45.1480026245,
        "max": 0.000245180330239,
        "mean": 6.05509058005e-06,
        "median": 1.34413738806e-07,
        "min": 1.05052500032e-08,
        "skew": 6.5892033577,
        "var": 8.41786806927e-10
    },
    "spectral_energyband_middle_high": {
        "kurt": 77.5252456665,
        "max": 0.00838476326317,
        "mean": 0.000183523865417,
        "median": 6.89496118866e-07,
        "min": 2.25402345677e-08,
        "skew": 8.32206821442,
        "var": 6.38129733943e-07
    },
    "spectral_energyband_middle_low": {
        "kurt": 37.9230766296,
        "max": 0.0164163764566,
        "mean": 0.000483829528093,
        "median": 2.31840363085e-06,
        "min": 4.02339814798e-08,
        "skew": 5.93801164627,
        "var": 4.03794092563e-06
    },
    "spectral_flatness_db": {
        "kurt": 0.765366792679,
        "max": 0.449496328831,
        "mean": 0.172001540661,
        "median": 0.149148911238,
        "min": 0.0695312693715,
        "skew": 1.15535283089,
        "var": 0.00756173348054
    },
    "spectral_flux": {
        "kurt": 9.65191078186,
        "max": 0.124787591398,
        "mean": 0.0117741469294,
        "median": 0.00276556611061,
        "min": 0.000189642581972,
        "skew": 3.01286649704,
        "var": 0.000468773156172
    },
    "spectral_kurtosis": {
        "kurt": 14.332036972,
        "max": 32.5731773376,
        "mean": 4.31195020676,
        "median": 2.84545183182,
        "min": 0.759603500366,
        "skew": 3.46238398552,
        "var": 20.8591499329
    },
    "spectral_rms": {
        "kurt": 9.97356987,
        "max": 0.00404887599871,
        "mean": 0.000395228591515,
        "median": 7.41760741221e-05,
        "min": 1.02603662526e-05,
        "skew": 3.05275726318,
        "var": 5.19585569236e-07
    },
    "spectral_rolloff": {
        "kurt": -1.15330672264,
        "max": 4844.97070312,
        "mean": 2697.48120117,
        "median": 3219.21386719,
        "min": 258.3984375,
        "skew": -0.653350174427,
        "var": 2166077.75
    },
    "spectral_skewness": {
        "kurt": 4.14508295059,
        "max": 4.12806749344,
        "mean": 1.57120358944,
        "median": 1.33540868759,
        "min": 0.741540968418,
        "skew": 1.99173009396,
        "var": 0.401059746742
    },
    "spectral_spread": {
        "kurt": 0.120395183563,
        "max": 9158153,
        "mean": 5932139.5,
        "median": 6143595,
        "min": 2301822,
        "skew": -0.442771464586,
        "var": 1.68986555187e+12
    },
    "spectral_strongpeak": {
        "kurt": 9.1481218338,
        "max": 1.54716897011,
        "mean": 0.138493135571,
        "median": 0.0111204665154,
        "min": 0.000255177466897,
        "skew": 2.85812449455,
        "var": 0.0689140856266
    },
    "zerocrossingrate": {
        "kurt": -0.725087881088,
        "max": 0.171875,
        "mean": 0.0920104980469,
        "median": 0.095458984375,
        "min": 0.013671875,
        "skew": -0.0828739628196,
        "var": 0.00145428208634
    },
    "barkbands": {
        "kurt": [34.4962539673, 55.1918182373, 50.7565116882, 59.9334182739, 30.7733078003, 30.3946647644, 43.6234283447, 65.9365005493, 35.7240333557, 118.375312805, 124.052581787, 62.9112701416, 26.3290729523, 28.0868434906, 35.6286315918, 49.508682251, 66.0177307129, 84.5863800049, 78.5662384033, 38.5766716003, 9.24470615387, 39.038318634, 13.018453598, 12.5128240585, 46.3520088196, 81.4783554077, 77.0957107544],
        "max": [2.96053576676e-06, 5.14492712682e-05, 0.000101480691228, 0.000174263812369, 0.000345492444467, 0.00349651719444, 0.0117042157799, 0.00399230327457, 5.17628359376e-05, 0.000250155804679, 0.000150021747686, 1.30181852001e-05, 6.88042382535e-06, 8.63910463522e-06, 3.97058211092e-05, 0.000302153232042, 0.00151499127969, 0.00460237218067, 0.00148038694169, 0.000696761824656, 9.96292801574e-05, 2.96514626825e-05, 2.02855590032e-05, 2.44571237999e-05, 7.57442603572e-06, 5.24468759977e-07, 2.1902391012e-08],
        "mean": [1.02889082143e-07, 1.21989114632e-06, 2.26790189117e-06, 3.3702995097e-06, 1.32832774398e-05, 0.000112483226985, 0.000286639056867, 6.54658942949e-05, 1.94237782125e-06, 3.19933292303e-06, 1.74483159299e-06, 2.90063127295e-07, 2.91789120865e-07, 3.76462963914e-07, 1.41649400121e-06, 8.83606935531e-06, 3.16347759508e-05, 9.3486320111e-05, 3.04343793687e-05, 2.19841185753e-05, 8.10271103546e-06, 1.01605883174e-06, 1.27242026338e-06, 1.56888131642e-06, 2.47599018621e-07, 9.04539465552e-09, 3.80284331802e-10],
        "median": [1.14477227697e-09, 2.01116208132e-08, 6.53710117149e-08, 6.0740887875e-08, 4.67860957087e-07, 2.28173490768e-07, 3.02663636376e-07, 6.1608986357e-08, 6.85531063027e-08, 3.58710821047e-08, 9.9887156324e-09, 6.19856876938e-09, 7.34125293889e-09, 8.86761242214e-09, 1.46615697361e-08, 3.75504640715e-08, 3.68254475802e-08, 1.61346463301e-07, 1.61914272212e-07, 6.26677518767e-08, 5.10655553398e-08, 1.38670479544e-08, 3.74773412304e-09, 2.86749068934e-09, 1.57286139668e-09, 5.04860112049e-11, 1.27825159311e-12],
        "min": [2.76455854736e-12, 8.96162255515e-10, 8.68227267858e-10, 1.62957786154e-10, 6.89844581458e-09, 4.45675629734e-09, 3.23063242824e-09, 5.26353904906e-10, 1.51019274863e-09, 8.47399705961e-10, 5.78336267765e-10, 5.03752373149e-10, 2.51191317746e-10, 3.39805572569e-10, 7.1624123299e-10, 1.85189652502e-09, 1.48073753259e-09, 2.45229370144e-09, 3.39867889387e-09, 2.9843059135e-09, 1.19476017968e-09, 8.6525370202e-10, 1.44022543891e-10, 9.30427332402e-11, 4.93359762765e-11, 4.4815852418e-12, 1.04757687442e-13],
        "skew": [5.27236604691, 6.94431591034, 6.82534599304, 7.61999320984, 5.37772893906, 5.2771024704, 6.48074245453, 8.13947582245, 5.49929618835, 10.6721467972, 10.9779720306, 7.52981185913, 4.98005723953, 4.96337509155, 5.63613510132, 6.48335981369, 7.8287858963, 8.67783641815, 8.35847187042, 5.97825670242, 3.1195037365, 5.96915149689, 3.55508899689, 3.65688967705, 6.1180305481, 8.65639686584, 8.51324462891],
        "var": [1.18087180659e-13, 2.8922648998e-11, 1.21885307403e-10, 3.55691781584e-10, 2.31117081029e-09, 2.01542832201e-07, 2.22584708354e-06, 1.90333835803e-07, 3.68722587185e-11, 4.61967797349e-10, 1.62601501708e-10, 1.73830546311e-12, 8.88227208798e-13, 1.31191422743e-12, 2.29818056946e-11, 1.03752340053e-09, 2.36277202248e-08, 1.83006989118e-07, 1.97171363681e-08, 7.12711933915e-09, 4.07777950295e-10, 1.25488933481e-11, 1.2883556201e-11, 2.36350435751e-11, 6.5894002494e-13, 2.45875389852e-15, 4.50231470921e-18],
        "cov": [[1.18912963244e-13, 1.49931705506e-12, 1.83552869085e-12, 1.43134234933e-12, 8.08701467337e-13, 2.02982491926e-11, 1.51277931154e-11, 1.24913256822e-11, 6.19836972547e-13, 2.85348838742e-13, 4.90402694581e-13, 7.44365981071e-14, 1.0828503079e-13, 1.49637938217e-13, 9.08237948825e-13, 5.09943823279e-12, 1.79249271676e-11, 6.33581312415e-11, 1.97047898831e-11, 1.35385877856e-11, 2.505704845e-12, 5.84540879242e-13, 4.71374295933e-13, 7.27168162924e-13, 1.37298213163e-13, 6.74608167654e-15, 2.62137771283e-16], [1.49931705506e-12, 2.91249038775e-11, 4.80595944985e-11, 4.18663020918e-11, 2.22343705947e-11, 1.0654530036e-10, -6.48135642378e-11, 7.00889086352e-12, 2.90980694401e-12, 6.70661171997e-14, -1.49892115863e-13, 6.11040244011e-13, 8.08185116052e-13, 1.1336485136e-12, 8.8795784961e-12, 2.81971807015e-11, 9.0235624528e-11, 3.56827373205e-10, 1.20250726043e-10, 9.53655210356e-11, 1.35487359179e-11, 3.97064889648e-12, 1.61862537262e-12, 3.27356826542e-12, 7.32907170283e-13, 3.17183955424e-14, 1.35488150342e-15], [1.83552869085e-12, 4.80595944985e-11, 1.22737653374e-10, 1.69166958219e-10, 4.73488817598e-11, -2.30554447062e-11, 3.92357785151e-10, 1.51169951557e-10, 1.56766811446e-13, 3.48244003079e-12, -6.1002700287e-13, 2.63379866961e-13, 7.00098778863e-13, 9.89646190518e-13, 9.91457783928e-12, 6.42396682723e-12, -8.92642990774e-12, 1.40862405074e-10, 6.41598857376e-11, 8.35933683385e-11, 6.02877556904e-12, 3.84769559963e-12, -1.05666300362e-12, -9.32118206405e-13, 3.71740073619e-13, 6.65398590177e-16, 2.31693342516e-16], [1.43134234933e-12, 4.18663020918e-11, 1.69166958219e-10, 3.58179125248e-10, 5.73465060161e-11, 4.53714482651e-10, 4.18349710429e-09, 1.46908563092e-09, 8.59926973379e-12, 2.73079128754e-12, 1.761347009e-13, 1.15166806213e-12, 1.18154325299e-12, 2.40800803776e-12, 1.16871443079e-11, 1.63159607353e-11, 8.67717356301e-11, 4.22730739302e-10, 1.59178517589e-10, 1.67864833145e-10, 1.01499381816e-11, 7.27574164111e-12, -7.0273219752e-13, 8.69489484752e-14, 1.58681759139e-12, 3.37997960512e-14, 1.99528881e-15], [8.08701467337e-13, 2.22343705947e-11, 4.73488817598e-11, 5.73465060161e-11, 2.32733299299e-09, 3.38613026507e-09, 1.1399113875e-09, 8.99475771643e-10, 2.28285307324e-11, -1.22672367056e-11, -1.01085997212e-11, 2.16247831274e-12, 1.18657904682e-12, 1.32545743044e-12, 9.70590881971e-12, 2.79077694114e-12, 4.23539189831e-11, 1.98801031193e-10, 2.44640030456e-10, 1.39034173063e-10, -6.32359182379e-12, 8.95609107709e-12, -4.58727326957e-12, -7.60631575086e-12, 1.17193060811e-12, 4.99830855687e-14, 1.71260892803e-15], [2.02982491926e-11, 1.0654530036e-10, -2.30554447062e-11, 4.53714482651e-10, 3.38613026507e-09, 2.02952222139e-07, 2.30068451401e-07, 1.59413531264e-08, 2.00835748032e-09, 2.22786722404e-09, 3.80812631429e-10, 4.33897445751e-10, 2.59098353883e-10, 3.22894960769e-10, 1.26112242871e-09, 6.82364387217e-09, 4.44537953115e-08, 1.0643977788e-07, 3.8847616679e-08, 2.46529445747e-08, 3.10906433931e-09, 1.00306507544e-09, 5.15946840807e-10, 8.48169312562e-10, 1.9870882717e-10, 1.32573266601e-11, 6.1165363139e-13], [1.51277931154e-11, -6.48135642378e-11, 3.92357785151e-10, 4.18349710429e-09, 1.1399113875e-09, 2.30068451401e-07, 2.24141240324e-06, 4.48484797744e-07, 2.17932671909e-09, 1.15644214205e-08, 7.6591772924e-09, 3.73992448122e-10, 4.88556139988e-10, 4.38133723746e-10, 9.94818560862e-10, 1.82851089825e-09, 1.01869490621e-08, 7.06349894131e-08, 3.53694460387e-08, 1.09418234473e-08, 9.51015599604e-10, 5.41754419103e-10, -9.24873858055e-11, 6.70104735589e-11, 2.69096134264e-10, 3.1920429841e-12, 2.25826518943e-13], [1.24913256822e-11, 7.00889086352e-12, 1.51169951557e-10, 1.46908563092e-09, 8.99475771643e-10, 1.59413531264e-08, 4.48484797744e-07, 1.91664838667e-07, 4.71363337251e-10, 3.5254893449e-10, 3.6731859776e-09, 2.38336086977e-11, 8.79157788236e-11, 1.55788354439e-10, 2.49185061474e-10, 8.73801586643e-10, 2.99898372802e-09, 3.09734922155e-08, 6.15129280845e-09, 2.47024822819e-09, 7.05518532484e-10, 1.13867477947e-10, 1.89072681123e-11, 3.37143195306e-11, 9.53618017885e-11, 1.21758365109e-12, 6.36896676891e-14], [6.19836972547e-13, 2.90980694401e-12, 1.56766811446e-13, 8.59926973379e-12, 2.28285307324e-11, 2.00835748032e-09, 2.17932671909e-09, 4.71363337251e-10, 3.7130108016e-11, 2.02638739122e-11, 7.34576722367e-12, 5.84358993486e-12, 4.04299380433e-12, 5.59805847511e-12, 2.10704110409e-11, 1.57231241915e-10, 8.21022694275e-10, 2.1930950389e-09, 7.58426987879e-10, 4.37981373391e-10, 6.45246564512e-11, 1.8368780455e-11, 1.2243737274e-11, 1.66492167275e-11, 4.04536820708e-12, 2.61795549432e-13, 1.13407631945e-14], [2.85348838742e-13, 6.70661171997e-14, 3.48244003079e-12, 2.73079128754e-12, -1.22672367056e-11, 2.22786722404e-09, 1.15644214205e-08, 3.5254893449e-10, 2.02638739122e-11, 4.65198352062e-10, 5.25041156385e-11, 6.35765311924e-12, 1.26948365015e-11, 4.26992859473e-12, 1.9307168711e-11, 7.04159439091e-11, 4.45163961249e-10, 1.32718314116e-09, 5.82722148312e-10, 2.68709138274e-10, 3.96223956423e-11, 1.46860006794e-11, 4.05392299591e-12, 9.14291645865e-12, 2.19312805763e-12, 1.17399023987e-13, 7.09222973725e-15], [4.90402694581e-13, -1.49892115863e-13, -6.1002700287e-13, 1.761347009e-13, -1.01085997212e-11, 3.80812631429e-10, 7.6591772924e-09, 3.6731859776e-09, 7.34576722367e-12, 5.25041156385e-11, 1.63738578252e-10, 2.18660831629e-12, 3.96222334456e-12, 4.14063835302e-12, 8.88362907542e-12, 2.81144742903e-11, 1.1691321522e-10, 1.12984821499e-09, 2.53944892892e-10, 7.63881527477e-11, 8.93773163119e-12, 4.6198366313e-12, 2.53501375707e-13, 1.75752207926e-12, 1.16607233851e-12, 3.35910566398e-14, 2.46290563051e-15], [7.44365981071e-14, 6.11040244011e-13, 2.63379866961e-13, 1.15166806213e-12, 2.16247831274e-12, 4.33897445751e-10, 3.73992448122e-10, 2.38336086977e-11, 5.84358993486e-12, 6.35765311924e-12, 2.18660831629e-12, 1.75046142945e-12, 9.84171945329e-13, 1.18123945955e-12, 4.993820895e-12, 2.2559345017e-11, 1.38161745933e-10, 3.02447844547e-10, 1.19228418805e-10, 8.47452941155e-11, 1.33094516311e-11, 3.4736805446e-12, 2.13170388459e-12, 3.16283197549e-12, 5.84941275104e-13, 3.95214663404e-14, 1.82573229572e-15], [1.0828503079e-13, 8.08185116052e-13, 7.00098778863e-13, 1.18154325299e-12, 1.18657904682e-12, 2.59098353883e-10, 4.88556139988e-10, 8.79157788236e-11, 4.04299380433e-12, 1.26948365015e-11, 3.96222334456e-12, 9.84171945329e-13, 8.94438548834e-13, 8.38196157447e-13, 3.67788135017e-12, 1.96566565108e-11, 1.03525736594e-10, 2.71227706961e-10, 9.52497386519e-11, 6.2742012974e-11, 1.00775256195e-11, 2.68712916501e-12, 1.67743737737e-12, 2.37450380539e-12, 5.08343746871e-13, 3.19694933775e-14, 1.43222609353e-15], [1.49637938217e-13, 1.1336485136e-12, 9.89646190518e-13, 2.40800803776e-12, 1.32545743044e-12, 3.22894960769e-10, 4.38133723746e-10, 1.55788354439e-10, 5.59805847511e-12, 4.26992859473e-12, 4.14063835302e-12, 1.18123945955e-12, 8.38196157447e-13, 1.32108842095e-12, 4.20710124724e-12, 2.74819802332e-11, 1.46732348494e-10, 3.86601223257e-10, 1.29628585643e-10, 8.17657330732e-11, 1.54570609784e-11, 3.35349695062e-12, 2.2928360599e-12, 3.63295960155e-12, 7.72470466499e-13, 4.43849702814e-14, 1.99706355579e-15], [9.08237948825e-13, 8.8795784961e-12, 9.91457783928e-12, 1.16871443079e-11, 9.70590881971e-12, 1.26112242871e-09, 9.94818560862e-10, 2.49185061474e-10, 2.10704110409e-11, 1.9307168711e-11, 8.88362907542e-12, 4.993820895e-12, 3.67788135017e-12, 4.20710124724e-12, 2.31425174163e-11, 1.19211765459e-10, 5.51839463014e-10, 1.40394995629e-09, 4.79369988149e-10, 3.56457335871e-10, 6.22279033857e-11, 1.53458478563e-11, 1.17818680159e-11, 1.53322441548e-11, 2.84262305535e-12, 1.80382848957e-13, 7.44895088672e-15], [5.09943823279e-12, 2.81971807015e-11, 6.42396682723e-12, 1.63159607353e-11, 2.79077694114e-12, 6.82364387217e-09, 1.82851089825e-09, 8.73801586643e-10, 1.57231241915e-10, 7.04159439091e-11, 2.81144742903e-11, 2.2559345017e-11, 1.96566565108e-11, 2.74819802332e-11, 1.19211765459e-10, 1.04477881901e-09, 4.45467529531e-09, 1.2673932126e-08, 3.98042576677e-09, 2.44264453109e-09, 4.48768716632e-10, 1.03356434522e-10, 9.22428661232e-11, 1.23017637743e-10, 2.34170686314e-11, 1.46081584329e-12, 6.04063375926e-14], [1.79249271676e-11, 9.0235624528e-11, -8.92642990774e-12, 8.67717356301e-11, 4.23539189831e-11, 4.44537953115e-08, 1.01869490621e-08, 2.99898372802e-09, 8.21022694275e-10, 4.45163961249e-10, 1.1691321522e-10, 1.38161745933e-10, 1.03525736594e-10, 1.46732348494e-10, 5.51839463014e-10, 4.45467529531e-09, 2.37929498326e-08, 6.3371437875e-08, 2.04556744876e-08, 1.21276020337e-08, 1.92819227252e-09, 4.99490004913e-10, 3.53494955529e-10, 5.03612040959e-10, 1.11105936951e-10, 7.48873185685e-12, 3.25238561126e-13], [6.33581312415e-11, 3.56827373205e-10, 1.40862405074e-10, 4.22730739302e-10, 1.98801031193e-10, 1.0643977788e-07, 7.06349894131e-08, 3.09734922155e-08, 2.1930950389e-09, 1.32718314116e-09, 1.12984821499e-09, 3.02447844547e-10, 2.71227706961e-10, 3.86601223257e-10, 1.40394995629e-09, 1.2673932126e-08, 6.3371437875e-08, 1.8428674764e-07, 5.76902294824e-08, 3.23278293024e-08, 4.90856377766e-09, 1.34669586593e-09, 9.55391099566e-10, 1.40090838929e-09, 3.20761556205e-10, 2.05925988067e-11, 8.8509408136e-13], [1.97047898831e-11, 1.20250726043e-10, 6.41598857376e-11, 1.59178517589e-10, 2.44640030456e-10, 3.8847616679e-08, 3.53694460387e-08, 6.15129280845e-09, 7.58426987879e-10, 5.82722148312e-10, 2.53944892892e-10, 1.19228418805e-10, 9.52497386519e-11, 1.29628585643e-10, 4.79369988149e-10, 3.98042576677e-09, 2.04556744876e-08, 5.76902294824e-08, 1.98550189623e-08, 1.06886162143e-08, 1.45900969084e-09, 4.53029835867e-10, 2.67059929726e-10, 3.94983684648e-10, 1.00175805151e-10, 6.7213214161e-12, 2.88467979972e-13], [1.35385877856e-11, 9.53655210356e-11, 8.35933683385e-11, 1.67864833145e-10, 1.39034173063e-10, 2.46529445747e-08, 1.09418234473e-08, 2.47024822819e-09, 4.37981373391e-10, 2.68709138274e-10, 7.63881527477e-11, 8.47452941155e-11, 6.2742012974e-11, 8.17657330732e-11, 3.56457335871e-10, 2.44264453109e-09, 1.21276020337e-08, 3.23278293024e-08, 1.06886162143e-08, 7.17695947117e-09, 1.09336806275e-09, 2.94123309041e-10, 2.0444396176e-10, 2.93905372262e-10, 6.08084624321e-11, 3.92207013394e-12, 1.66270372037e-13], [2.505704845e-12, 1.35487359179e-11, 6.02877556904e-12, 1.01499381816e-11, -6.32359182379e-12, 3.10906433931e-09, 9.51015599604e-10, 7.05518532484e-10, 6.45246564512e-11, 3.96223956423e-11, 8.93773163119e-12, 1.33094516311e-11, 1.00775256195e-11, 1.54570609784e-11, 6.22279033857e-11, 4.48768716632e-10, 1.92819227252e-09, 4.90856377766e-09, 1.45900969084e-09, 1.09336806275e-09, 4.10629558134e-10, 4.67254637759e-11, 6.037354644e-11, 7.55213044878e-11, 1.1109154395e-11, 5.73406881872e-13, 2.372347517e-14], [5.84540879242e-13, 3.97064889648e-12, 3.84769559963e-12, 7.27574164111e-12, 8.95609107709e-12, 1.00306507544e-09, 5.41754419103e-10, 1.13867477947e-10, 1.8368780455e-11, 1.46860006794e-11, 4.6198366313e-12, 3.4736805446e-12, 2.68712916501e-12, 3.35349695062e-12, 1.53458478563e-11, 1.03356434522e-10, 4.99490004913e-10, 1.34669586593e-09, 4.53029835867e-10, 2.94123309041e-10, 4.67254637759e-11, 1.26366478045e-11, 8.90751795241e-12, 1.2128308774e-11, 2.54588190807e-12, 1.64676405108e-13, 6.89921210439e-15], [4.71374295933e-13, 1.61862537262e-12, -1.05666300362e-12, -7.0273219752e-13, -4.58727326957e-12, 5.15946840807e-10, -9.24873858055e-11, 1.89072681123e-11, 1.2243737274e-11, 4.05392299591e-12, 2.53501375707e-13, 2.13170388459e-12, 1.67743737737e-12, 2.2928360599e-12, 1.17818680159e-11, 9.22428661232e-11, 3.53494955529e-10, 9.55391099566e-10, 2.67059929726e-10, 2.0444396176e-10, 6.037354644e-11, 8.90751795241e-12, 1.29736507995e-11, 1.52632038952e-11, 2.07412515982e-12, 1.09212647064e-13, 4.38634741186e-15], [7.27168162924e-13, 3.27356826542e-12, -9.32118206405e-13, 8.69489484752e-14, -7.60631575086e-12, 8.48169312562e-10, 6.70104735589e-11, 3.37143195306e-11, 1.66492167275e-11, 9.14291645865e-12, 1.75752207926e-12, 3.16283197549e-12, 2.37450380539e-12, 3.63295960155e-12, 1.53322441548e-11, 1.23017637743e-10, 5.03612040959e-10, 1.40090838929e-09, 3.94983684648e-10, 2.93905372262e-10, 7.55213044878e-11, 1.2128308774e-11, 1.52632038952e-11, 2.38003228237e-11, 3.19985466075e-12, 1.51250065532e-13, 6.41307406146e-15], [1.37298213163e-13, 7.32907170283e-13, 3.71740073619e-13, 1.58681759139e-12, 1.17193060811e-12, 1.9870882717e-10, 2.69096134264e-10, 9.53618017885e-11, 4.04536820708e-12, 2.19312805763e-12, 1.16607233851e-12, 5.84941275104e-13, 5.08343746871e-13, 7.72470466499e-13, 2.84262305535e-12, 2.34170686314e-11, 1.11105936951e-10, 3.20761556205e-10, 1.00175805151e-10, 6.08084624321e-11, 1.1109154395e-11, 2.54588190807e-12, 2.07412515982e-12, 3.19985466075e-12, 6.63547992594e-13, 3.62482091597e-14, 1.53591997282e-15], [6.74608167654e-15, 3.17183955424e-14, 6.65398590177e-16, 3.37997960512e-14, 4.99830855687e-14, 1.32573266601e-11, 3.1920429841e-12, 1.21758365109e-12, 2.61795549432e-13, 1.17399023987e-13, 3.35910566398e-14, 3.95214663404e-14, 3.19694933775e-14, 4.43849702814e-14, 1.80382848957e-13, 1.46081584329e-12, 7.48873185685e-12, 2.05925988067e-11, 6.7213214161e-12, 3.92207013394e-12, 5.73406881872e-13, 1.64676405108e-13, 1.09212647064e-13, 1.51250065532e-13, 3.62482091597e-14, 2.47594803208e-15, 1.04419369619e-16], [2.62137771283e-16, 1.35488150342e-15, 2.31693342516e-16, 1.99528881e-15, 1.71260892803e-15, 6.1165363139e-13, 2.25826518943e-13, 6.36896676891e-14, 1.13407631945e-14, 7.09222973725e-15, 2.46290563051e-15, 1.82573229572e-15, 1.43222609353e-15, 1.99706355579e-15, 7.44895088672e-15, 6.04063375926e-14, 3.25238561126e-13, 8.8509408136e-13, 2.88467979972e-13, 1.66270372037e-13, 2.372347517e-14, 6.89921210439e-15, 4.38634741186e-15, 6.41307406146e-15, 1.53591997282e-15, 1.04419369619e-16, 4.53379927128e-18]]
    },
    "mfcc": {
        "kurt": [-0.494224309921, -0.0953767299652, -0.640576839447, 0.829639673233, 1.13648939133, -0.653950929642, 0.393621206284, 0.265820503235, 0.724585294724, 0.956115484238, 1.54051113129, 0.982690811157, 0.40883564949],
        "max": [-690.971740723, 134.202606201, 62.0214576721, 117.308898926, 33.3806877136, 8.78119659424, 25.0651359558, 25.9412555695, 16.8269004822, 27.2321090698, 28.0553016663, 45.1232872009, 22.0084877014],
        "mean": [-1013.95678711, 46.7739067078, 4.50851631165, 35.0337944031, -0.93544459343, -25.875831604, -13.2629766464, -7.44342803955, -8.02164554596, -5.81504631042, -7.29161310196, -0.0847404897213, -5.58351230621],
        "median": [-1062.39001465, 37.1275138855, 12.9682922363, 27.8486213684, 3.56620788574, -19.4862136841, -8.72030448914, -7.20980453491, -5.88991546631, -5.2780380249, -6.16309070587, -3.48049545288, -4.03114128113],
        "min": [-1131.49035645, -2.63416290283, -63.130443573, -13.0800285339, -60.5929870605, -92.7134857178, -58.0421829224, -37.1319541931, -41.8589096069, -27.7170791626, -30.3579406738, -25.5799179077, -34.7222175598],
        "skew": [0.842383980751, 0.922039568424, -0.36636313796, 0.953291654587, -0.968560993671, -0.683250725269, -0.8596367836, -0.0353132523596, -0.791500031948, 0.287111580372, 0.280510425568, 1.14065206051, -0.350180953741],
        "var": [13507.5283203, 1023.6262207, 775.004089355, 587.58013916, 270.952758789, 713.087280273, 275.754333496, 132.893859863, 105.569412231, 95.3639755249, 83.533821106, 257.508148193, 125.89730072],
        "cov": [[13601.9873047, 1133.5793457, -2554.87890625, 2231.34667969, -578.096618652, -2360.54638672, -762.90057373, -135.09538269, 31.7158927917, 232.517807007, -198.091888428, 758.093688965, -136.41796875], [1133.5793457, 1030.78442383, 106.478538513, 205.632598877, -294.183319092, -458.485626221, -82.8029098511, -163.288635254, -181.089050293, -159.285614014, 36.0570640564, -207.797119141, 9.36349010468], [-2554.87890625, 106.478538513, 780.423706055, -367.791900635, 96.515953064, 380.986602783, 105.744392395, -27.9791202545, -105.42766571, -94.3530273438, 46.4266204834, -237.145675659, -11.0531635284], [2231.34667969, 205.632598877, -367.791900635, 591.689086914, 22.2839431763, -298.543579102, -79.9767608643, -16.7694778442, 18.3635406494, 39.98279953, -64.3326034546, 80.3495178223, -59.2697029114], [-578.096618652, -294.183319092, 96.515953064, 22.2839431763, 272.84753418, 258.483062744, 70.8122177124, 91.5382003784, 76.2536315918, 46.0707168579, -7.69050312042, 26.1556892395, -38.557258606], [-2360.54638672, -458.485626221, 380.986602783, -298.543579102, 258.483062744, 718.073913574, 322.240509033, 59.2869796753, 66.6681747437, 46.9314727783, 26.9124259949, -174.163787842, 70.9685516357], [-762.90057373, -82.8029098511, 105.744392395, -79.9767608643, 70.8122177124, 322.240509033, 277.682678223, 25.8418655396, 28.1547985077, 42.2121963501, 43.5287284851, -169.090179443, 89.6429214478], [-135.09538269, -163.288635254, -27.9791202545, -16.7694778442, 91.5382003784, 59.2869796753, 25.8418655396, 133.823181152, 71.9972991943, 33.9809265137, -6.74143266678, 50.8746299744, -30.325838089], [31.7158927917, -181.089050293, -105.42766571, 18.3635406494, 76.2536315918, 66.6681747437, 28.1547985077, 71.9972991943, 106.307655334, 59.7726325989, 1.36238253117, 68.2742767334, -11.3812656403], [232.517807007, -159.285614014, -94.3530273438, 39.98279953, 46.0707168579, 46.9314727783, 42.2121963501, 33.9809265137, 59.7726325989, 96.0308532715, 20.0947990417, 44.4306793213, 24.8951225281], [-198.091888428, 36.0570640564, 46.4266204834, -64.3326034546, -7.69050312042, 26.9124259949, 43.5287284851, -6.74143266678, 1.36238253117, 20.0947990417, 84.1179733276, -14.0440225601, 50.6511688232], [758.093688965, -207.797119141, -237.145675659, 80.3495178223, 26.1556892395, -174.163787842, -169.090179443, 50.8746299744, 68.2742767334, 44.4306793213, -14.0440225601, 259.308898926, -47.2008628845], [-136.41796875, 9.36349010468, -11.0531635284, -59.2697029114, -38.557258606, 70.9685516357, 89.6429214478, -30.325838089, -11.3812656403, 24.8951225281, 50.6511688232, -47.2008628845, 126.777702332]]
    },
    "sccoeffs": {
        "kurt": [2.30612707138, 2.34789037704, 6.09095096588, 1.70894002914, -0.424670934677, 0.0208899974823],
        "max": [-0.418358892202, -0.381922483444, -0.528097331524, -0.716438412666, -0.694412648678, -0.744586646557],
        "mean": [-0.787465810776, -0.793356001377, -0.853281259537, -0.869375765324, -0.845245242119, -0.837194979191],
        "median": [-0.809088468552, -0.840246796608, -0.871959149837, -0.884905636311, -0.868273496628, -0.848552465439],
        "min": [-0.926109015942, -0.925013244152, -0.94517749548, -0.936753153801, -0.924017429352, -0.885082125664],
        "skew": [1.42909729481, 1.65451693535, 1.95365822315, 1.39708423615, 0.854408502579, 0.940457105637],
        "var": [0.00838554184884, 0.014572288841, 0.00347114820033, 0.00214041769505, 0.00379328965209, 0.00113837898243],
        "cov": [[0.00844418164343, 0.00451572099701, 0.00192376261111, 0.000266333285253, 0.00205691368319, 0.000557539286092], [0.00451572099701, 0.0146741932258, 0.00503198010847, 0.00196420028806, 0.00399605836719, 0.0013545503607], [0.00192376261111, 0.00503198010847, 0.00349542195909, 0.00127193715889, 0.0023231501691, 0.000924006511923], [0.000266333285253, 0.00196420028806, 0.00127193715889, 0.00215538567863, 0.0019198745722, 0.000843589892611], [0.00205691368319, 0.00399605836719, 0.0023231501691, 0.0019198745722, 0.00381981628016, 0.00154590851162], [0.000557539286092, 0.0013545503607, 0.000924006511923, 0.000843589892611, 0.00154590851162, 0.00114633969497]]
    },
    "scvalleys": {
        "kurt": [0.402124643326, -0.734943151474, -0.511291503906, -0.566836833954, -0.631985425949, -0.945973157883],
        "max": [-6.69618177414, -5.76205348969, -6.96105337143, -7.41939306259, -6.08756637573, -8.42127799988],
        "mean": [-9.81893825531, -9.4327507019, -10.5088272095, -10.7340555191, -10.126947403, -12.2535324097],
        "median": [-10.0620746613, -9.56233596802, -10.8011608124, -11.0972442627, -10.6917285919, -12.8283615112],
        "min": [-11.3772602081, -12.0368022919, -12.2782239914, -12.472858429, -12.140868187, -14.3451328278],
        "skew": [1.03280699253, 0.368231683969, 0.630868673325, 0.749826610088, 0.775285542011, 0.647683382034],
        "var": [1.08098006248, 1.91420686245, 1.40366661549, 1.53154397011, 2.50006079674, 2.41589379311],
        "cov": [[1.08853936195, 1.05573153496, 0.923971831799, 0.996924877167, 1.28881287575, 1.14040088654], [1.05573153496, 1.92759287357, 1.46897161007, 1.48534739017, 1.8687223196, 1.76639354229], [0.923971831799, 1.46897161007, 1.4134824276, 1.3460496664, 1.69916534424, 1.57639944553], [0.996924877167, 1.48534739017, 1.3460496664, 1.54225409031, 1.92201387882, 1.8310867548], [1.28881287575, 1.8687223196, 1.69916534424, 1.92201387882, 2.51754379272, 2.39474701881], [1.14040088654, 1.76639354229, 1.57639944553, 1.8310867548, 2.39474701881, 2.43278813362]]
    }
},
"rhythm": {
    "beats_loudness": {
        "kurt": 3.00460910797,
        "max": 0.00595878995955,
        "mean": 0.000834859674796,
        "median": 4.79288428323e-06,
        "min": 3.07138947164e-07,
        "skew": 2.21695351601,
        "var": 3.79570928999e-06
    },
    "bpm": 163.731719971,
    "confidence": 0,
    "first_peak_bpm": {
        "kurt": 0,
        "max": 161,
        "mean": 161,
        "median": 161,
        "min": 161,
        "skew": 0,
        "var": 0
    },
    "first_peak_spread": {
        "kurt": 0,
        "max": 0,
        "mean": 0,
        "median": 0,
        "min": 0,
        "skew": 0,
        "var": 0
    },
    "first_peak_weight": {
        "kurt": 0,
        "max": 0.571428596973,
        "mean": 0.571428596973,
        "median": 0.571428596973,
        "min": 0.571428596973,
        "skew": 0,
        "var": 0
    },
    "onset_rate": 2.71460700035,
    "second_peak_bpm": {
        "kurt": 0,
        "max": 167,
        "mean": 167,
        "median": 167,
        "min": 167,
        "skew": 0,
        "var": 0
    },
    "second_peak_spread": {
        "kurt": 0,
        "max": 0,
        "mean": 0,
        "median": 0,
        "min": 0,
        "skew": 0,
        "var": 0
    },
    "second_peak_weight": {
        "kurt": 0,
        "max": 0.428571432829,
        "mean": 0.428571432829,
        "median": 0.428571432829,
        "min": 0.428571432829,
        "skew": 0,
        "var": 0
    },
    "beats_loudness_band_ratio": {
        "kurt": [-1.13613820076, -1.3737527132, -0.902404308319, -1.40008223057, 2.67184400558, -1.59249722958],
        "max": [0.266608834267, 0.801445364952, 0.867398440838, 0.0432878397405, 0.469339519739, 0.183269277215],
        "mean": [0.104385338724, 0.380100786686, 0.363587707281, 0.0198902599514, 0.101760014892, 0.0806011557579],
        "median": [0.0769318640232, 0.415706127882, 0.247016146779, 0.0152295827866, 0.0586784146726, 0.0710028931499],
        "min": [0.000885024026502, 0.000625493936241, 0.0997271612287, 0.00258437474258, 0.0052949259989, 0.00191764754709],
        "skew": [0.60641348362, 0.115885384381, 0.879424154758, 0.393994987011, 2.07407641411, 0.22061099112],
        "var": [0.0095353666693, 0.0882342606783, 0.084431476891, 0.000217933134991, 0.0201631393284, 0.00486271362752],
        "cov": [[0.0108975619078, 0.0153180016205, -0.0225773137063, 0.000582746695727, -0.0045790639706, 0.00313337077387], [0.0153180016205, 0.100839152932, -0.0737032070756, -0.00131533830427, -0.0269333813339, -0.00774976192042], [-0.0225773137063, -0.0737032070756, 0.0964931175113, 0.000931326008867, -0.000158060211106, -0.0073495558463], [0.000582746695727, -0.00131533830427, 0.000931326008867, 0.000249066448305, -0.000609150738455, 0.000185735902051], [-0.0045790639706, -0.0269333813339, -0.000158060211106, -0.000609150738455, 0.0230435878038, 0.00686292722821], [0.00313337077387, -0.00774976192042, -0.0073495558463, 0.000185735902051, 0.00686292722821, 0.00555738713592]]
    },
    "beats_position": [0.383129239082, 0.754648506641, 1.11455774307, 1.48607707024, 1.8575963974, 2.22911548615, 2.58902478218, 2.94893407822],
    "bpm_estimates": [161.499023438, 166.708694458, 161.49899292, 161.49899292, 161.499099731, 166.70866394, 166.70866394],
    "bpm_intervals": [0.371519267559, 0.359909236431, 0.371519327164, 0.371519327164, 0.371519088745, 0.359909296036, 0.359909296036],
    "onset_times": [0.0348299331963, 0.417959183455, 0.719818592072, 0.940408170223, 1.05650794506, 1.2190476656, 1.68344676495, 2.54258513451, 2.90249443054],
    "histogram": [[0, 0, 0, 0, 0, 0, 0, 0, 0, 0, 0, 0, 0, 0, 0, 0, 0, 0, 0, 0, 0, 0, 0, 0, 0, 0, 0, 0, 0, 0, 0, 0, 0, 0, 0, 0, 0, 0, 0, 0, 0, 0, 0, 0, 0, 0, 0, 0, 0, 0, 0, 0, 0, 0, 0, 0, 0, 0, 0, 0, 0, 0, 0, 0, 0, 0, 0, 0, 0, 0, 0, 0, 0, 0, 0, 0, 0, 0, 0, 0, 0, 0, 0, 0, 0, 0, 0, 0, 0, 0, 0, 0, 0, 0, 0, 0, 0, 0, 0, 0, 0, 0, 0, 0, 0, 0, 0, 0, 0, 0, 0, 0, 0, 0, 0, 0, 0, 0, 0, 0, 0, 0, 0, 0, 0, 0, 0, 0, 0, 0, 0, 0, 0, 0, 0, 0, 0, 0, 0, 0, 0, 0, 0, 0, 0, 0, 0, 0, 0, 0, 0, 0, 0, 0, 0, 0, 0, 0, 0, 0, 0, 0.571428596973, 0, 0, 0, 0, 0, 0.428571432829, 0, 0, 0, 0, 0, 0, 0, 0, 0, 0, 0, 0, 0, 0, 0, 0, 0, 0, 0, 0, 0, 0, 0, 0, 0, 0, 0, 0, 0, 0, 0, 0, 0, 0, 0, 0, 0, 0, 0, 0, 0, 0, 0, 0, 0, 0, 0, 0, 0, 0, 0, 0, 0, 0, 0, 0, 0, 0, 0, 0, 0, 0, 0, 0, 0, 0, 0, 0, 0, 0, 0, 0, 0, 0, 0, 0, 0, 0, 0, 0, 0, 0]]
},
"sfx": {
    "inharmonicity": {
        "kurt": 17.1906700134,
        "max": 0.333225697279,
        "mean": 0.0174814108759,
        "median": 0,
        "min": 0,
        "skew": 3.83544659615,
        "var": 0.00214392971247
    },
    "oddtoevenharmonicenergyratio": {
        "kurt": 98.1915359497,
        "max": 26.6618938446,
        "mean": 0.404866665602,
        "median": 0,
        "min": 0,
        "skew": 9.55844783783,
        "var": 5.75996589661
    },
    "pitch_after_max_to_before_max_energy_ratio": 1.92807745934,
    "pitch_centroid": 69.9404449463,
    "pitch_max_to_total": 0.361111104488,
    "pitch_min_to_total": 0.861111104488,
    "tristimulus": {
        "kurt": [0.752934932709, 11.0681304932, 1.27573394775],
        "max": [1, 0.988772630692, 0.782811641693],
        "mean": [0.785192191601, 0.0981132015586, 0.116694770753],
        "median": [1, 0, 0],
        "min": [0, 0, 0],
        "skew": [-1.32135295868, 2.9424021244, 1.51265823841],
        "var": [0.0829691886902, 0.0267214197665, 0.0345984213054],
        "cov": [[0.0835493952036, -0.0378086306155, -0.0457406938076], [-0.0378086306155, 0.0269082821906, 0.0109003344551], [-0.0457406938076, 0.0109003344551, 0.0348403677344]]
    }
},
"tonal": {
    "chords_changes_rate": 0.232876718044,
    "chords_number_rate": 0.0958904102445,
    "chords_strength": {
        "kurt": -1.21252548695,
        "max": 0.518733620644,
        "mean": 0.389630198479,
        "median": 0.386706531048,
        "min": 0.258777976036,
        "skew": 0.0058621331118,
        "var": 0.00519040832296
    },
    "key_strength": 0.497596532106,
    "tuning_diatonic_strength": 0.471015155315,
    "tuning_equal_tempered_deviation": 0.249169319868,
    "tuning_frequency": 452.108886719,
    "tuning_nontempered_energy_ratio": 0.903677761555,
    "hpcp": {
        "kurt": [1.19714403152, 0.0826785564423, 0.0387818813324, 0.965131998062, 0.792737960815, 0.0847930908203, 1.2446937561, 5.42579936981, 4.57851362228, 3.86550760269, 5.12132167816, 4.89111709595, 4.89763879776, 4.33863210678, 1.63588762283, -0.201717853546, 1.99464511871, 2.42007017136, 3.1830239296, 6.2621011734, 2.75822925568, 1.59412336349, 0.382829427719, 1.97053861618, 0.879878044128, 0.70846414566, 0.743412256241, 1.4478225708, 1.06913375854, 2.08729124069, 2.19518613815, 2.06606388092, 2.24543046951, 1.56594467163, 1.26039218903, 1.92237329483],
        "max": [1, 1, 1, 1, 1, 1, 1, 1, 1, 1, 1, 1, 1, 1, 1, 1, 1, 0.786289513111, 0.92655402422, 1, 0.82956802845, 1, 1, 1, 1, 1, 1, 1, 1, 1, 0.867709696293, 1, 1, 1, 1, 1],
        "mean": [0.226197704673, 0.266889154911, 0.273856192827, 0.237271144986, 0.2450376302, 0.265656471252, 0.215462639928, 0.163133308291, 0.178619787097, 0.194731548429, 0.194051399827, 0.187046229839, 0.17951233685, 0.193197011948, 0.246712356806, 0.292637616396, 0.232824146748, 0.150415718555, 0.153233364224, 0.147734582424, 0.148316130042, 0.228101730347, 0.262503743172, 0.229697704315, 0.229335844517, 0.242934584618, 0.256164848804, 0.258455723524, 0.253479868174, 0.218691632152, 0.177122280002, 0.19426573813, 0.202600672841, 0.208554953337, 0.227741271257, 0.223357364535],
        "median": [0.114156775177, 0.137871235609, 0.112811848521, 0.139367967844, 0.131865233183, 0.121114321053, 0.108575448394, 0.0934143513441, 0.110446549952, 0.145595088601, 0.140363052487, 0.138197645545, 0.117581941187, 0.12948974967, 0.162806734443, 0.179887115955, 0.130310326815, 0.0846687033772, 0.0513922534883, 0.0737668648362, 0.0667917355895, 0.131726711988, 0.187922984362, 0.159684211016, 0.130429178476, 0.140253171325, 0.168236002326, 0.167868256569, 0.158270120621, 0.130752190948, 0.0905172899365, 0.091388784349, 0.0922479704022, 0.104790113866, 0.106945663691, 0.115897729993],
