{
"metadata": {
    "version": {
        "essentia": "2.1-beta3"
    }
},
"lowLevel": {
    "average_loudness": 0.812551081181,
    "barkbands_kurtosis": {
        "kurt": 10.9681844711,
        "max": 28.2615795135,
        "mean": 1.94170475006,
        "median": 0.550279736519,
        "min": -1.8724360466,
        "skew": 2.75372743607,
        "var": 18.1481723785
    },
    "barkbands_skewness": {
        "kurt": 0.365275382996,
        "max": 4.9736533165,
        "mean": 0.379967719316,
        "median": 0.188389182091,
        "min": -3.60726189613,
        "skew": 0.392515540123,
        "var": 2.03133869171
    },
    "barkbands_spread": {
        "kurt": 2.56666851044,
        "max": 63.2578659058,
        "mean": 16.3726863861,
        "median": 12.9326610565,
        "min": 1.7780867815,
        "skew": 1.55012500286,
        "var": 116.981864929
    },
    "dissonance": {
        "kurt": 0.712162733078,
        "max": 0.49997445941,
        "mean": 0.453429877758,
        "median": 0.463069081306,
        "min": 0.31643179059,
        "skew": -1.1248575449,
        "var": 0.00143712072168
    },
    "hfc": {
        "kurt": 10.4757471085,
        "max": 25.9409160614,
        "mean": 2.08622002602,
        "median": 0.32355171442,
        "min": 1.14249286233e-16,
        "skew": 3.04431772232,
        "var": 15.5783100128
    },
    "pitch": {
        "kurt": 6.98620033264,
        "max": 4367.89599609,
        "mean": 676.861877441,
        "median": 395.788452148,
        "min": 92.7168121338,
        "skew": 2.87810635567,
        "var": 779787.625
    },
    "pitch_instantaneous_confidence": {
        "kurt": -1.1085524559,
        "max": 0.969504117966,
        "mean": 0.642580509186,
        "median": 0.679017424583,
        "min": 0.116383016109,
        "skew": -0.311672121286,
        "var": 0.0471028834581
    },
    "pitch_salience": {
        "kurt": -0.0270218849182,
        "max": 0.836005151272,
        "mean": 0.597912669182,
        "median": 0.622578024864,
        "min": 0.147570818663,
        "skew": -0.749843358994,
        "var": 0.0216388255358
    },
    "silence_rate_20dB": {
        "kurt": 0,
        "max": 1,
        "mean": 1,
        "median": 1,
        "min": 1,
        "skew": 0,
        "var": 0
    },
    "silence_rate_30dB": {
        "kurt": 0,
        "max": 1,
        "mean": 1,
        "median": 1,
        "min": 1,
        "skew": 0,
        "var": 0
    },
    "silence_rate_60dB": {
        "kurt": 7.47248458862,
        "max": 1,
        "mean": 0.919254660606,
        "median": 1,
        "min": 0,
        "skew": -3.07775163651,
        "var": 0.074225269258
    },
    "spectral_centroid": {
        "kurt": 33.3830680847,
        "max": 10873.1513672,
        "mean": 1697.97692871,
        "median": 1683.93701172,
        "min": 243.553222656,
        "skew": 3.50575566292,
        "var": 794324.375
    },
    "spectral_complexity": {
        "kurt": 2.79228258133,
        "max": 17,
        "mean": 2.54658389091,
        "median": 1,
        "min": 0,
        "skew": 1.78198289871,
        "var": 13.6701612473
    },
    "spectral_crest": {
        "kurt": 0.478051662445,
        "max": 23.5633430481,
        "mean": 10.2823581696,
        "median": 9.38558101654,
        "min": 3.02515912056,
        "skew": 0.965460121632,
        "var": 21.5734863281
    },
    "spectral_decrease": {
        "kurt": 8.55449104309,
        "max": 5.84575650275e-29,
        "mean": -1.91856086573e-10,
        "median": -5.52217438443e-11,
        "min": -1.92330706916e-09,
        "skew": -2.74457812309,
        "var": 1.01602801435e-19
    },
    "spectral_energy": {
        "kurt": 8.89286899567,
        "max": 0.00953680742532,
        "mean": 0.000913334544748,
        "median": 0.000257387931924,
        "min": 1.01421123815e-20,
        "skew": 2.80496788025,
        "var": 2.42330133915e-06
    },
    "spectral_energyband_high": {
        "kurt": 19.9299602509,
        "max": 0.00161400600336,
        "mean": 8.15347375465e-05,
        "median": 9.5095456345e-06,
        "min": 7.4103177124e-21,
        "skew": 4.14575147629,
        "var": 4.15048724278e-08
    },
    "spectral_energyband_low": {
        "kurt": 189.952026367,
        "max": 0.000185273311217,
        "mean": 1.46860600125e-06,
        "median": 2.82637806492e-08,
        "min": 5.98170946997e-23,
        "skew": 13.0177574158,
        "var": 1.37499983621e-10
    },
    "spectral_energyband_middle_high": {
        "kurt": 10.0457487106,
        "max": 0.00880456063896,
        "mean": 0.000751854735427,
        "median": 0.000107835687231,
        "min": 1.45041697741e-21,
        "skew": 2.93683505058,
        "var": 1.83618885785e-06
    },
    "spectral_energyband_middle_low": {
        "kurt": 30.6471633911,
        "max": 0.00132862944156,
        "mean": 8.1623227743e-05,
        "median": 3.54150542989e-05,
        "min": 2.34767479262e-22,
        "skew": 4.64443492889,
        "var": 1.90314946025e-08
    },
    "spectral_flatness_db": {
        "kurt": 0.49666428566,
        "max": 0.384130984545,
        "mean": 0.240059047937,
        "median": 0.25002849102,
        "min": 0.0560246370733,
        "skew": -0.755521953106,
        "var": 0.0040935697034
    },
    "spectral_flux": {
        "kurt": 1.83631515503,
        "max": 0.087602801621,
        "mean": 0.0175314955413,
        "median": 0.0106810582802,
        "min": 1.00708053008e-10,
        "skew": 1.49827611446,
        "var": 0.000346420216374
    },
    "spectral_kurtosis": {
        "kurt": 31.371307373,
        "max": 42.592716217,
        "mean": 5.98228979111,
        "median": 5.4950056076,
        "min": -1.17147862911,
        "skew": 4.08440208435,
        "var": 13.689997673
    },
    "spectral_rms": {
        "kurt": 1.17193126678,
        "max": 0.00305027910508,
        "mean": 0.000683396938257,
        "median": 0.000501105561852,
        "min": 3.14559120938e-12,
        "skew": 1.25080525875,
        "var": 4.24026666224e-07
    },
    "spectral_rolloff": {
        "kurt": 37.3309326172,
        "max": 18755.4199219,
        "mean": 2639.88989258,
        "median": 2939.28222656,
        "min": 172.265625,
        "skew": 3.61272859573,
        "var": 2329026.75
    },
    "spectral_skewness": {
        "kurt": 3.83846330643,
        "max": 4.54832315445,
        "mean": 1.60472989082,
        "median": 1.54588913918,
        "min": -0.00582198984921,
        "skew": 0.890835642815,
        "var": 0.22540050745
    },
    "spectral_spread": {
        "kurt": 111.151252747,
        "max": 40093756,
        "mean": 4002166.75,
        "median": 3666170.5,
        "min": 1395376.375,
        "skew": 8.59460735321,
        "var": 6.84304891904e+12
    },
    "spectral_strongpeak": {
        "kurt": 8.47217464447,
        "max": 4.94194173813,
        "mean": 0.515684127808,
        "median": 0.214159458876,
        "min": 3.10442338503e-09,
        "skew": 2.62945556641,
        "var": 0.569265544415
    },
    "zerocrossingrate": {
        "kurt": 37.2640228271,
        "max": 0.50634765625,
        "mean": 0.0865819677711,
        "median": 0.08642578125,
        "min": 0.02294921875,
        "skew": 4.24359798431,
        "var": 0.0017721822951
    },
    "barkbands": {
        "kurt": [35.4297027588, 86.0516662598, 221.815032959, 148.771697998, 25.5326824188, 11.0834703445, 27.9999732971, 33.7756500244, 43.1134605408, 108.865394592, 33.8055038452, 47.3436965942, 98.6746139526, 17.9147758484, 30.4018745422, 51.1572685242, 33.4979438782, 26.341293335, 19.9871349335, 28.5229988098, 24.8392505646, 46.270614624, 50.442111969, 20.4229240417, 47.9933624268, 16.360332489, 25.066493988],
        "max": [2.2989976145e-08, 2.47755961027e-05, 0.000150376901729, 1.45961093949e-05, 6.31030634395e-05, 9.1920082923e-05, 0.000601152365562, 0.000700641190633, 0.000307203124976, 0.000962079328019, 0.000895529054105, 0.00225840834901, 0.00195252860431, 0.00108062918298, 0.000901791325305, 0.00270114047453, 0.00417281268165, 0.00325966230594, 0.00118357979227, 0.000940342608374, 0.00107065448537, 0.000235662533669, 1.87312821254e-06, 9.05266517748e-07, 2.84946645479e-06, 1.31154065386e-08, 7.25240867361e-10],
        "mean": [1.48734424776e-09, 3.38370057307e-07, 1.04624905362e-06, 1.43076604786e-07, 3.26982831211e-06, 9.30713122216e-06, 2.29484212468e-05, 2.67878458544e-05, 1.33435314638e-05, 1.94489821297e-05, 3.07005902869e-05, 8.67501075845e-05, 4.13491798099e-05, 5.61684464628e-05, 3.50843693013e-05, 9.20313832466e-05, 0.000163326738402, 0.000146056932863, 6.52692833683e-05, 4.3612330046e-05, 4.87479701405e-05, 7.39392589821e-06, 6.62229666659e-08, 5.66810101077e-08, 8.57594883996e-08, 9.95312832153e-10, 3.89374539556e-11],
        "median": [8.37451885616e-10, 8.79909300977e-09, 1.17534479926e-08, 8.37329316994e-09, 4.99645238961e-07, 5.14622524861e-06, 2.09542849916e-06, 7.73301962909e-07, 3.74557339455e-06, 1.60762465384e-06, 6.23183495918e-07, 3.11825215249e-06, 4.62584722527e-07, 1.3250602251e-06, 2.34699564317e-06, 4.00688531954e-06, 6.19380080025e-06, 6.18146168563e-06, 3.06584411192e-06, 5.33485399501e-06, 3.92215588363e-06, 6.56001475363e-07, 1.36562707809e-08, 9.5087395735e-09, 1.15262741573e-08, 2.00936114969e-10, 9.05464418721e-12],
        "min": [1.18237596364e-23, 3.95259135214e-23, 2.40298509656e-24, 1.01598642384e-23, 2.30664569517e-23, 4.04089707296e-23, 4.14524254479e-23, 3.2566109299e-23, 6.54161012388e-23, 7.75831636748e-23, 5.06559741213e-23, 8.39439258585e-23, 8.68357132322e-23, 8.41090186687e-23, 1.66006298551e-22, 1.64085706237e-22, 1.13121984855e-22, 2.35371557388e-22, 3.31021636344e-22, 2.31772054498e-22, 4.61717384818e-22, 4.49853270213e-22, 6.42204670477e-22, 7.58469186878e-22, 1.26097171548e-21, 1.48158963019e-21, 2.54641553707e-21],
        "skew": [4.74829530716, 8.98589801788, 14.1965723038, 11.9949951172, 4.33502960205, 2.9478828907, 4.95397043228, 5.31046867371, 5.55316972733, 9.66893005371, 5.51810693741, 5.42257261276, 8.47622108459, 3.90736293793, 5.20142459869, 6.16827344894, 5.20434188843, 4.68907403946, 4.01478147507, 4.79718255997, 4.69663524628, 5.97551441193, 6.15026950836, 4.05988740921, 6.34507131577, 3.51198673248, 4.33765649796],
        "var": [4.61571165862e-18, 4.74655254337e-12, 8.33639546283e-11, 1.13209712872e-12, 4.78732088693e-11, 1.65327640467e-10, 4.74176697907e-09, 7.11999259551e-09, 8.00611577034e-10, 5.48422507407e-09, 1.09200906095e-08, 3.8642870237e-08, 2.05836059308e-08, 1.95622060772e-08, 1.09863318443e-08, 6.08260535273e-08, 1.9717987243e-07, 1.5088626526e-07, 2.334862792e-08, 1.18258745019e-08, 1.91120044235e-08, 4.72498984383e-10, 2.7613287633e-14, 1.32828233953e-14, 8.04002995907e-14, 3.38434619694e-18, 6.22712591512e-21],
        "cov": [[4.6300909528e-18, 1.02840292417e-15, 3.32976952489e-15, 4.73981002559e-16, 9.99329365292e-16, 3.68218181776e-15, 1.41382885556e-14, 2.70556977023e-14, 1.04984507619e-14, 3.36014073824e-14, 2.62085969924e-14, 1.00004551894e-13, 8.4592889063e-14, 2.01197074273e-14, 7.02691417965e-14, 1.10418876191e-13, 2.24159503893e-13, 7.70469232576e-14, 5.16185774408e-14, 5.66519894147e-14, 6.01637202514e-14, 1.23061961012e-14, 9.44911243904e-17, 4.64684160836e-17, 9.74942002956e-17, 9.91806821846e-19, 4.70658918453e-20], [1.02840292417e-15, 4.76133932628e-12, 1.7599314367e-11, 1.84802477141e-12, 4.80626996535e-12, 5.7658462423e-13, -4.40217653996e-12, 1.16622154642e-11, -2.49396922385e-12, 3.06760693236e-11, -5.20454382716e-12, 6.37398684181e-12, 5.77784131303e-13, -2.52804786653e-12, 1.20042335447e-11, 8.20567641613e-11, 3.79663011099e-12, -2.35447911168e-11, 7.08050632015e-12, 3.1148247176e-11, 1.58566996339e-11, 4.40373779109e-12, 4.35000546326e-14, 3.32720335387e-14, 1.1179812535e-14, 6.00629845288e-16, 1.85958076461e-17], [3.32976952489e-15, 1.7599314367e-11, 8.36236566104e-11, 8.52674701679e-12, 1.63123421021e-11, 2.26908531027e-12, -1.37544264173e-11, 1.78710986981e-11, -9.32612233967e-12, 5.5934250287e-11, -1.8137583449e-11, -1.30598795667e-11, -7.12082086005e-12, -1.52547210974e-11, 2.46500909962e-11, 1.42406086923e-10, -1.54515965994e-11, -9.80514697213e-11, -1.32184226672e-12, 6.48088874233e-11, 2.21653008448e-11, 9.42355742051e-12, 6.44082430077e-14, 5.7835267337e-14, 4.72413667351e-17, 7.83491023711e-16, 2.64337211444e-17], [4.73981002559e-16, 1.84802477141e-12, 8.52674701679e-12, 1.13562392996e-12, 3.01937749976e-12, 7.64211393819e-13, -8.73851934823e-13, 1.60766690759e-12, -1.13071357832e-12, 2.03420396847e-12, -1.02482020266e-12, -6.488166341e-12, -1.77724241573e-12, -7.27647109233e-13, -7.42529030883e-13, 2.39420115677e-12, -7.87100159355e-12, -1.48549453988e-11, -3.5203467745e-12, 1.48220671847e-12, -6.45443822087e-13, 6.04714683276e-13, -8.36168095345e-17, 1.30330005567e-15, -2.22495099398e-15, -2.80248460661e-17, 1.29528915223e-18], [9.99329365292e-16, 4.80626996535e-12, 1.63123421021e-11, 3.01937749976e-12, 4.8022346516e-11, -1.63883414218e-12, 2.46183108621e-11, 3.77690899389e-11, -2.52283367808e-11, -9.98277502329e-12, -2.64861396704e-11, -1.84150250604e-10, -2.08125721518e-11, -5.77895370446e-11, -4.35688117528e-11, -1.03253072758e-10, -6.45575745639e-11, -5.51131189297e-11, -3.43276379544e-11, -6.29511677161e-12, -3.1807070866e-11, 4.38518709192e-12, -6.27893055475e-14, -4.95481443147e-14, 2.22700360892e-14, -3.5086301667e-16, -7.21499273031e-18], [3.68218181776e-15, 5.7658462423e-13, 2.26908531027e-12, 7.64211393819e-13, -1.63883414218e-12, 1.65842672928e-10, 9.6341878919e-11, -5.46056255768e-11, 4.9449451478e-11, 9.26682341973e-11, 4.47847002538e-11, 3.28226307245e-10, 1.36623476421e-10, 2.50154230663e-10, 1.60302895957e-10, 2.84287510199e-10, 8.38698610561e-10, 1.34321254119e-09, 4.29539320779e-10, 1.77816525393e-10, 2.29934571383e-10, 4.6651457003e-11, 7.40517198884e-14, 2.51327035355e-13, 1.45268291753e-13, 5.20993575769e-15, 2.77625470938e-17], [1.41382885556e-14, -4.40217653996e-12, -1.37544264173e-11, -8.73851934823e-13, 2.46183108621e-11, 9.6341878919e-11, 4.75653916254e-09, 2.3861395082e-09, 4.99386816621e-11, 1.27378524395e-10, 1.94214067051e-09, -3.89896948061e-10, 5.27318688714e-10, 8.55151227608e-10, 9.53733536591e-10, 8.66849036996e-10, 8.34564239938e-09, 5.03766761639e-09, 1.90408178113e-09, 1.84804826997e-09, 2.01141170386e-09, 1.55533530499e-10, -4.23156328771e-13, 2.67720090888e-12, 8.09496653736e-12, 6.27454292408e-14, 8.71305893968e-16], [2.70556977023e-14, 1.16622154642e-11, 1.78710986981e-11, 1.60766690759e-12, 3.77690899389e-11, -5.46056255768e-11, 2.3861395082e-09, 7.14217351927e-09, 2.89642781981e-10, -1.90768012498e-10, 2.11079442813e-09, 1.56491264391e-09, 4.837757972e-10, 2.01865124616e-09, 1.12737397195e-09, 1.95344268539e-10, 5.81975001523e-09, 1.76720948986e-09, 1.3701053625e-09, 1.46724510319e-09, 8.39197544789e-10, 1.52976881163e-10, 2.27191529478e-12, 2.08634823827e-12, 7.615765657e-12, 5.0415387468e-14, 1.52928219913e-15], [1.04984507619e-14, -2.49396922385e-12, -9.32612233967e-12, -1.13071357832e-12, -2.52283367808e-11, 4.9449451478e-11, 4.99386816621e-11, 2.89642781981e-10, 8.03105693059e-10, 1.31836999651e-10, 1.86533358204e-10, 1.2223116963e-09, 2.53438559028e-09, 1.46087447694e-10, 9.31953070271e-10, 8.8021262501e-10, 1.31609156906e-09, 7.0408523456e-10, 1.95836249994e-10, 4.43246522819e-10, 3.89614479568e-10, 8.90350085325e-11, 1.3406064453e-12, 2.91954232057e-13, 2.54968572297e-13, 1.09869676969e-14, 5.15936820837e-16], [3.36014073824e-14, 3.06760693236e-11, 5.5934250287e-11, 2.03420396847e-12, -9.98277502329e-12, 9.26682341973e-11, 1.27378524395e-10, -1.90768012498e-10, 1.31836999651e-10, 5.50131007415e-09, 3.50132783877e-10, 1.05394892813e-09, 2.23634399887e-09, 4.03825334283e-10, 2.49955584009e-10, 1.45314222877e-08, 4.51534143409e-09, 4.39829861421e-09, 3.39714723019e-09, 1.30542843202e-09, 3.75918363105e-09, 2.5770180434e-10, 3.77761667433e-12, 3.95215587687e-12, 2.98793151679e-12, 3.501440064e-14, 1.40946293011e-15], [2.62085969924e-14, -5.20454382716e-12, -1.8137583449e-11, -1.02482020266e-12, -2.64861396704e-11, 4.47847002538e-11, 1.94214067051e-09, 2.11079442813e-09, 1.86533358204e-10, 3.50132783877e-10, 1.09541096194e-08, 1.85397719399e-09, 2.76234946028e-09, 3.43391226565e-09, 6.1203575541e-09, 3.69613051276e-09, 3.54574005712e-08, 1.45768312976e-08, 8.21921020133e-09, 6.21021811753e-09, 9.24663723367e-09, 9.27479648638e-10, 1.76606136399e-12, 6.60575153605e-12, 2.25758682582e-11, 2.96860755108e-14, 3.75756182083e-15], [1.00004551894e-13, 6.37398684181e-12, -1.30598795667e-11, -6.488166341e-12, -1.84150250604e-10, 3.28226307245e-10, -3.89896948061e-10, 1.56491264391e-09, 1.2223116963e-09, 1.05394892813e-09, 1.85397719399e-09, 3.876325394e-08, 4.97374941233e-09, 8.94441498644e-09, 4.1110936877e-09, 1.6102633893e-08, 1.32599780045e-08, 3.71389816678e-08, 1.38696440999e-08, 3.00302960277e-09, 4.72163330656e-09, 9.23256360252e-10, 1.31507929546e-11, 4.13487430059e-12, 2.9140541976e-12, 5.8367901983e-14, 3.30564962644e-15], [8.4592889063e-14, 5.77784131303e-13, -7.12082086005e-12, -1.77724241573e-12, -2.08125721518e-11, 1.36623476421e-10, 5.27318688714e-10, 4.837757972e-10, 2.53438559028e-09, 2.23634399887e-09, 2.76234946028e-09, 4.97374941233e-09, 2.06477306364e-08, 8.67017457828e-10, 7.43406358694e-09, 6.65984378756e-09, 1.79346404394e-08, 1.04854249727e-08, 4.78207917709e-09, 3.80955800239e-09, 3.85221055055e-09, 9.93317317288e-10, 6.49828411567e-12, 3.21617212029e-12, 6.25559890347e-12, 5.35647305048e-14, 3.99965611913e-15], [2.01197074273e-14, -2.52804786653e-12, -1.52547210974e-11, -7.27647109233e-13, -5.77895370446e-11, 2.50154230663e-10, 8.55151227608e-10, 2.01865124616e-09, 1.46087447694e-10, 4.03825334283e-10, 3.43391226565e-09, 8.94441498644e-09, 8.67017457828e-10, 1.96231475513e-08, 1.51785617408e-09, 3.18263682075e-09, 1.05792157257e-08, 9.9703720835e-09, 5.44138600844e-09, 3.4594149767e-09, 2.99072255849e-09, 3.39693800866e-10, 5.39842649749e-12, 5.69668140785e-12, 7.79536244583e-12, 8.48537752107e-14, 2.4923624718e-15], [7.02691417965e-14, 1.20042335447e-11, 2.46500909962e-11, -7.42529030883e-13, -4.35688117528e-11, 1.60302895957e-10, 9.53733536591e-10, 1.12737397195e-09, 9.31953070271e-10, 2.49955584009e-10, 6.1203575541e-09, 4.1110936877e-09, 7.43406358694e-09, 1.51785617408e-09, 1.10205569115e-08, 4.08286338072e-09, 3.3530827892e-08, 1.25845831533e-08, 6.37412345128e-09, 8.7562721518e-09, 8.68352056926e-09, 1.39865963256e-09, 6.1324556544e-12, 6.19510259064e-12, 1.77956243491e-11, 5.02760369957e-14, 4.27785519681e-15], [1.10418876191e-13, 8.20567641613e-11, 1.42406086923e-10, 2.39420115677e-12, -1.03253072758e-10, 2.84287510199e-10, 8.66849036996e-10, 1.95344268539e-10, 8.8021262501e-10, 1.45314222877e-08, 3.69613051276e-09, 1.6102633893e-08, 6.65984378756e-09, 3.18263682075e-09, 4.08286338072e-09, 6.10155481695e-08, 2.81944068092e-08, 3.33767324889e-08, 1.72961769351e-08, 7.20242754326e-09, 1.60161555129e-08, 1.68252733967e-09, 2.10696946001e-11, 1.41025221015e-11, 1.45945529967e-11, 1.15721668359e-13, 5.79458839107e-15], [2.24159503893e-13, 3.79663011099e-12, -1.54515965994e-11, -7.87100159355e-12, -6.45575745639e-11, 8.38698610561e-10, 8.34564239938e-09, 5.81975001523e-09, 1.31609156906e-09, 4.51534143409e-09, 3.54574005712e-08, 1.32599780045e-08, 1.79346404394e-08, 1.05792157257e-08, 3.3530827892e-08, 2.81944068092e-08, 1.97794136625e-07, 9.75575389361e-08, 4.38469882624e-08, 3.57299860809e-08, 4.73916053068e-08, 5.102773315e-09, 2.11658347099e-11, 3.00486822924e-11, 1.00587094209e-10, 1.72268950949e-13, 1.81306961903e-14], [7.70469232576e-14, -2.35447911168e-11, -9.80514697213e-11, -1.48549453988e-11, -5.51131189297e-11, 1.34321254119e-09, 5.03766761639e-09, 1.76720948986e-09, 7.0408523456e-10, 4.39829861421e-09, 1.45768312976e-08, 3.71389816678e-08, 1.04854249727e-08, 9.9703720835e-09, 1.25845831533e-08, 3.33767324889e-08, 9.75575389361e-08, 1.51356317701e-07, 4.55741009375e-08, 1.75361787313e-08, 2.17357793986e-08, 2.45438269708e-09, 2.04414141863e-11, 1.25834906731e-11, 3.89815159318e-11, 6.94907795044e-14, 8.05468362906e-15], [5.16185774408e-14, 7.08050632015e-12, -1.32184226672e-12, -3.5203467745e-12, -3.43276379544e-11, 4.29539320779e-10, 1.90408178113e-09, 1.3701053625e-09, 1.95836249994e-10, 3.39714723019e-09, 8.21921020133e-09, 1.38696440999e-08, 4.78207917709e-09, 5.44138600844e-09, 6.37412345128e-09, 1.72961769351e-08, 4.38469882624e-08, 4.55741009375e-08, 2.34213644035e-08, 7.84814435661e-09, 1.39021425483e-08, 1.68253366795e-09, 7.80788975141e-12, 7.41444319136e-12, 1.99889080982e-11, 5.63725803505e-14, 4.27649909706e-15], [5.66519894147e-14, 3.1148247176e-11, 6.48088874233e-11, 1.48220671847e-12, -6.29511677161e-12, 1.77816525393e-10, 1.84804826997e-09, 1.46724510319e-09, 4.43246522819e-10, 1.30542843202e-09, 6.21021811753e-09, 3.00302960277e-09, 3.80955800239e-09, 3.4594149767e-09, 8.7562721518e-09, 7.20242754326e-09, 3.57299860809e-08, 1.75361787313e-08, 7.84814435661e-09, 1.18627152546e-08, 1.13318394668e-08, 1.00000008274e-09, 5.57138536694e-12, 6.91266488495e-12, 2.13029108243e-11, 5.98852429234e-14, 5.01624049847e-15], [6.01637202514e-14, 1.58566996339e-11, 2.21653008448e-11, -6.45443822087e-13, -3.1807070866e-11, 2.29934571383e-10, 2.01141170386e-09, 8.39197544789e-10, 3.89614479568e-10, 3.75918363105e-09, 9.24663723367e-09, 4.72163330656e-09, 3.85221055055e-09, 2.99072255849e-09, 8.68352056926e-09, 1.60161555129e-08, 4.73916053068e-08, 2.17357793986e-08, 1.39021425483e-08, 1.13318394668e-08, 1.91715425757e-08, 1.39379818798e-09, 4.11686613619e-12, 9.06420251356e-12, 2.79530391889e-11, 6.88485862288e-14, 6.3213924858e-15], [1.23061961012e-14, 4.40373779109e-12, 9.42355742051e-12, 6.04714683276e-13, 4.38518709192e-12, 4.6651457003e-11, 1.55533530499e-10, 1.52976881163e-10, 8.90350085325e-11, 2.5770180434e-10, 9.27479648638e-10, 9.23256360252e-10, 9.93317317288e-10, 3.39693800866e-10, 1.39865963256e-09, 1.68252733967e-09, 5.102773315e-09, 2.45438269708e-09, 1.68253366795e-09, 1.00000008274e-09, 1.39379818798e-09, 4.73970918069e-10, 1.48045822563e-12, 1.05475990355e-12, 2.17287906418e-12, 7.55103190939e-15, 4.34482109223e-16], [9.44911243904e-17, 4.35000546326e-14, 6.44082430077e-14, -8.36168095345e-17, -6.27893055475e-14, 7.40517198884e-14, -4.23156328771e-13, 2.27191529478e-12, 1.3406064453e-12, 3.77761667433e-12, 1.76606136399e-12, 1.31507929546e-11, 6.49828411567e-12, 5.39842649749e-12, 6.1324556544e-12, 2.10696946001e-11, 2.11658347099e-11, 2.04414141863e-11, 7.80788975141e-12, 5.57138536694e-12, 4.11686613619e-12, 1.48045822563e-12, 2.76993106051e-14, 7.09988267993e-15, 6.63318489017e-15, 9.1269262522e-17, 4.7006684842e-18], [4.64684160836e-17, 3.32720335387e-14, 5.7835267337e-14, 1.30330005567e-15, -4.95481443147e-14, 2.51327035355e-13, 2.67720090888e-12, 2.08634823827e-12, 2.91954232057e-13, 3.95215587687e-12, 6.60575153605e-12, 4.13487430059e-12, 3.21617212029e-12, 5.69668140785e-12, 6.19510259064e-12, 1.41025221015e-11, 3.00486822924e-11, 1.25834906731e-11, 7.41444319136e-12, 6.91266488495e-12, 9.06420251356e-12, 1.05475990355e-12, 7.09988267993e-15, 1.33242026489e-14, 2.42557710028e-14, 1.097648622e-16, 3.70416730898e-18], [9.74942002956e-17, 1.1179812535e-14, 4.72413667351e-17, -2.22495099398e-15, 2.22700360892e-14, 1.45268291753e-13, 8.09496653736e-12, 7.615765657e-12, 2.54968572297e-13, 2.98793151679e-12, 2.25758682582e-11, 2.9140541976e-12, 6.25559890347e-12, 7.79536244583e-12, 1.77956243491e-11, 1.45945529967e-11, 1.00587094209e-10, 3.89815159318e-11, 1.99889080982e-11, 2.13029108243e-11, 2.79530391889e-11, 2.17287906418e-12, 6.63318489017e-15, 2.42557710028e-14, 8.06507706214e-14, 1.68472047412e-16, 1.04563007878e-17], [9.91806821846e-19, 6.00629845288e-16, 7.83491023711e-16, -2.80248460661e-17, -3.5086301667e-16, 5.20993575769e-15, 6.27454292408e-14, 5.0415387468e-14, 1.09869676969e-14, 3.501440064e-14, 2.96860755108e-14, 5.8367901983e-14, 5.35647305048e-14, 8.48537752107e-14, 5.02760369957e-14, 1.15721668359e-13, 1.72268950949e-13, 6.94907795044e-14, 5.63725803505e-14, 5.98852429234e-14, 6.88485862288e-14, 7.55103190939e-15, 9.1269262522e-17, 1.097648622e-16, 1.68472047412e-16, 3.39488923424e-18, 5.5808745018e-20], [4.70658918453e-20, 1.85958076461e-17, 2.64337211444e-17, 1.29528915223e-18, -7.21499273031e-18, 2.77625470938e-17, 8.71305893968e-16, 1.52928219913e-15, 5.15936820837e-16, 1.40946293011e-15, 3.75756182083e-15, 3.30564962644e-15, 3.99965611913e-15, 2.4923624718e-15, 4.27785519681e-15, 5.79458839107e-15, 1.81306961903e-14, 8.05468362906e-15, 4.27649909706e-15, 5.01624049847e-15, 6.3213924858e-15, 4.34482109223e-16, 4.7006684842e-18, 3.70416730898e-18, 1.04563007878e-17, 5.5808745018e-20, 6.24652507763e-21]]
    },
    "mfcc": {
        "kurt": [-0.889360666275, 0.318533658981, -1.35860228539, -0.233405828476, -0.580272912979, -0.476699352264, -0.158999204636, -0.0242965221405, 0.189691543579, -0.288143873215, 0.0723693370819, 0.604069948196, -0.20777797699],
        "max": [-727.614440918, 134.616851807, 40.4776344299, 77.8909912109, 22.7184143066, 32.5317764282, 25.9739227295, 28.7958164215, 36.4144592285, 26.3141803741, 32.9883766174, 57.0045776367, 26.2433280945],
        "mean": [-928.677307129, 59.6389198303, -73.8916702271, 14.8517551422, -31.2243118286, -28.0017375946, -9.29903507233, -20.0584583282, -2.78894925117, -18.3661975861, -5.79862689972, 4.23772907257, -0.877126395702],
        "median": [-917.905517578, 61.4574508667, -82.0154647827, 16.8576545715, -32.5182418823, -29.96276474, -10.3452396393, -17.734752655, -2.78983306885, -17.2022972107, -5.80460548401, 2.80171394348, -0.805652618408],
        "min": [-1138.42004395, 1.14440917969e-05, -192.845367432, -57.8799819946, -72.6338424683, -96.6158752441, -41.0126800537, -70.7984161377, -43.7521286011, -62.4467926025, -31.8634243011, -34.8020439148, -25.165517807],
        "skew": [-0.30922177434, -0.493369609118, 0.0557364560664, -0.362016052008, 0.35004851222, -0.100529156625, 0.104724749923, -0.515984475613, 0.0698404163122, -0.435376465321, 0.373874634504, 0.251849412918, 0.211842149496],
        "var": [11304.4492188, 583.695922852, 3945.44018555, 574.84777832, 409.873352051, 609.832458496, 158.242080688, 361.059356689, 171.635131836, 302.48034668, 161.191146851, 177.565307617, 79.9468231201],
        "cov": [[11339.6650391, 746.778869629, -6173.29785156, 595.640014648, -943.769165039, 130.232528687, -44.3679924011, -732.70489502, 544.374389648, -990.924865723, 255.738021851, 542.50390625, 240.486831665], [746.778869629, 585.514282227, -51.5024642944, -85.4446182251, -159.901885986, -123.641212463, -11.1807670593, -128.018798828, -23.2319145203, 29.0382556915, -52.7054748535, 24.8283596039, -12.4718418121], [-6173.29785156, -51.5024642944, 3957.73120117, -136.90612793, 445.667633057, -226.378723145, -24.8043384552, 351.097045898, -296.447906494, 614.481994629, -158.276046753, -326.707092285, -163.54850769], [595.640014648, -85.4446182251, -136.90612793, 576.63861084, 112.787452698, -122.09211731, -60.4310073853, 116.015419006, 34.3491210938, -131.023513794, 64.7849349976, 4.72529411316, -9.65567684174], [-943.769165039, -159.901885986, 445.667633057, 112.787452698, 411.15020752, 179.953216553, 68.9191131592, 164.444564819, -21.6965656281, 77.1352920532, 6.29004764557, -56.6915512085, -38.6613540649], [130.232528687, -123.641212463, -226.378723145, -122.09211731, 179.953216553, 611.73223877, 182.194320679, -47.4619674683, 100.290634155, 57.0595741272, -30.6665821075, -36.847782135, -16.183134079], [-44.3679924011, -11.1807670593, -24.8043384552, -60.4310073853, 68.9191131592, 182.194320679, 158.735046387, 31.5209827423, 30.1911907196, 36.2368011475, -23.5709819794, -20.7556495667, -12.4056539536], [-732.70489502, -128.018798828, 351.097045898, 116.015419006, 164.444564819, -47.4619674683, 31.5209827423, 362.184143066, 21.1992321014, -18.0840263367, 13.3871965408, -76.8506088257, -20.2350177765], [544.374389648, -23.2319145203, -296.447906494, 34.3491210938, -21.6965656281, 100.290634155, 30.1911907196, 21.1992321014, 172.169815063, -11.7550201416, 7.29126739502, 20.2027359009, 13.5251178741], [-990.924865723, 29.0382556915, 614.481994629, -131.023513794, 77.1352920532, 57.0595741272, 36.2368011475, -18.0840263367, -11.7550201416, 303.422668457, 35.0694313049, -11.5269536972, -16.9168987274], [255.738021851, -52.7054748535, -158.276046753, 64.7849349976, 6.29004764557, -30.6665821075, -23.5709819794, 13.3871965408, 7.29126739502, 35.0694313049, 161.69329834, 93.5524749756, 26.807264328], [542.50390625, 24.8283596039, -326.707092285, 4.72529411316, -56.6915512085, -36.847782135, -20.7556495667, -76.8506088257, 20.2027359009, -11.5269536972, 93.5524749756, 178.118469238, 66.1555480957], [240.486831665, -12.4718418121, -163.54850769, -9.65567684174, -38.6613540649, -16.183134079, -12.4056539536, -20.2350177765, 13.5251178741, -16.9168987274, 26.807264328, 66.1555480957, 80.1958770752]]
    },
    "sccoeffs": {
        "kurt": [-0.458426475525, -0.279377698898, -0.442250013351, -0.915457010269, -0.290121793747, -0.589431762695],
        "max": [-0.479758024216, -0.434277683496, -0.441712647676, -0.535867810249, -0.55457252264, -0.530183374882],
        "mean": [-0.763152360916, -0.717619121075, -0.730758309364, -0.768113553524, -0.792255401611, -0.739170789719],
        "median": [-0.775764584541, -0.713004827499, -0.729069828987, -0.783612072468, -0.798206567764, -0.753657341003],
        "min": [-0.95394718647, -0.962348997593, -0.964765906334, -0.956237018108, -0.957147240639, -0.960075318813],
        "skew": [0.431433647871, -0.0618643909693, 0.0543341934681, 0.311711668968, 0.512577593327, 0.320759147406],
        "var": [0.00862267706543, 0.00900797825307, 0.0105525860563, 0.0102279493585, 0.00586939137429, 0.0081576956436],
        "cov": [[0.00864953920245, 0.00120799895376, 6.83053876855e-05, -0.000139007577673, 0.000778658431955, 0.00132664234843], [0.00120799895376, 0.00903603993356, 0.0053804856725, 0.00435731140897, 0.00373915024102, 0.00396062200889], [6.83053876855e-05, 0.0053804856725, 0.0105854598805, 0.00680387672037, 0.00499175535515, 0.00463586626574], [-0.000139007577673, 0.00435731140897, 0.00680387672037, 0.0102598117664, 0.00526296999305, 0.00587057229131], [0.000778658431955, 0.00373915024102, 0.00499175535515, 0.00526296999305, 0.0058876760304, 0.00525919394568], [0.00132664234843, 0.00396062200889, 0.00463586626574, 0.00587057229131, 0.00525919394568, 0.0081831086427]]
    },
    "scvalleys": {
        "kurt": [89.458152771, 43.0533981323, 26.7133808136, 19.2902050018, 25.0174560547, 39.3867454529],
        "max": [-6.99035358429, -6.4805893898, -6.10435342789, -6.41584920883, -6.44558286667, -10.125869751],
        "mean": [-10.6402101517, -9.28822898865, -9.51249790192, -9.71395015717, -9.301612854, -12.4482679367],
        "median": [-10.5823726654, -9.09670829773, -9.45242118835, -9.65693759918, -9.12833976746, -12.3507652283],
        "min": [-27.676656723, -27.1204395294, -26.8297405243, -27.4254627228, -27.2833156586, -27.2472133636],
        "skew": [-7.46677970886, -4.71996545792, -3.33219861984, -2.627628088, -3.26307702065, -4.23671674728],
        "var": [1.72224497795, 2.71890807152, 3.24227666855, 3.9057636261, 3.56275749207, 1.91984391212],
        "cov": [[1.72761023045, 1.67650473118, 1.74519073963, 1.84129202366, 1.81987178326, 1.38701736927], [1.67650473118, 2.72737812996, 2.55065941811, 2.65442347527, 2.6234164238, 1.92894685268], [1.74519073963, 2.55065941811, 3.25237703323, 3.39507126808, 3.16096353531, 2.17502355576], [1.84129202366, 2.65442347527, 3.39507126808, 3.91793107986, 3.57906842232, 2.46356964111], [1.81987178326, 2.6234164238, 3.16096353531, 3.57906842232, 3.57385635376, 2.35779905319], [1.38701736927, 1.92894685268, 2.17502355576, 2.46356964111, 2.35779905319, 1.92582476139]]
    }
},
"rhythm": {
    "beats_loudness": {
        "kurt": -0.97105383873,
        "max": 0.00587804149836,
        "mean": 0.00211910018697,
        "median": 0.00123249331955,
        "min": 5.43218557141e-05,
        "skew": 0.707559525967,
        "var": 4.1235871322e-06
    },
    "bpm": 70.194770813,
    "confidence": 3.04573965073,
    "first_peak_bpm": {
        "kurt": 0,
        "max": 72,
        "mean": 72,
        "median": 72,
        "min": 72,
        "skew": 0,
        "var": 0
    },
    "first_peak_spread": {
        "kurt": 0,
        "max": 0.5,
        "mean": 0.5,
        "median": 0.5,
        "min": 0.5,
        "skew": 0,
        "var": 0
    },
    "first_peak_weight": {
        "kurt": 0,
        "max": 0.428571432829,
        "mean": 0.428571432829,
        "median": 0.428571432829,
        "min": 0.428571432829,
        "skew": 0,
        "var": 0
    },
    "onset_rate": 4.16140317917,
    "second_peak_bpm": {
        "kurt": 0,
        "max": 77,
        "mean": 77,
        "median": 77,
        "min": 77,
        "skew": 0,
        "var": 0
    },
    "second_peak_spread": {
        "kurt": 0,
        "max": 0,
        "mean": 0,
        "median": 0,
        "min": 0,
        "skew": 0,
        "var": 0
    },
    "second_peak_weight": {
        "kurt": 0,
        "max": 0.142857149243,
        "mean": 0.142857149243,
        "median": 0.142857149243,
        "min": 0.142857149243,
        "skew": 0,
        "var": 0
    },
    "beats_loudness_band_ratio": {
        "kurt": [3.09631490707, 0.490717411041, -0.00132083892822, -0.573315858841, -1.2534224987, 2.06336784363],
        "max": [0.0168269127607, 0.315615534782, 0.660059869289, 0.681587278843, 0.651492238045, 0.371284842491],
        "mean": [0.00232358649373, 0.0665780454874, 0.168117702007, 0.300189375877, 0.411652714014, 0.125941231847],
        "median": [9.51041729422e-05, 0.00645469035953, 0.0587804540992, 0.193893373013, 0.485059022903, 0.10345864296],
        "min": [3.12487441079e-06, 1.28961883092e-05, 0.00762447342277, 0.124890580773, 0.101442843676, 0.0237862318754],
        "skew": [2.24998521805, 1.45591008663, 1.29052090645, 1.03622615337, -0.44748750329, 1.77478516102],
        "var": [3.01710224448e-05, 0.0121072381735, 0.0525614507496, 0.037815246731, 0.0415958762169, 0.00961941573769],
        "cov": [[3.44811669493e-05, 0.000592647120357, 0.00116760388482, -0.000443023251137, -0.000749032362364, -5.52185047127e-05], [0.000592647120357, 0.0138368438929, 0.0283952523023, -0.010396075435, -0.0209165997803, -0.00263752043247], [0.00116760388482, 0.0283952523023, 0.0600702278316, -0.0201338883489, -0.0465660169721, -0.00647889077663], [-0.000443023251137, -0.010396075435, -0.0201338883489, 0.0432174243033, 0.00514263939112, -0.011651808396], [-0.000749032362364, -0.0209165997803, -0.0465660169721, 0.00514263939112, 0.0475381426513, 0.00464720884338], [-5.52185047127e-05, -0.00263752043247, -0.00647889077663, -0.011651808396, 0.00464720884338, 0.0109936175868]]
    },
    "beats_position": [0.812698423862, 1.67183673382, 2.55419492722, 3.39011335373, 4.22603178024, 5.06195020676, 5.83981847763, 6.72217655182],
    "bpm_estimates": [69.8374176025, 67.9995956421, 71.7773361206, 71.7773361206, 71.7773361206, 67.9996032715],
    "bpm_intervals": [0.859138309956, 0.882358193398, 0.835918426514, 0.835918426514, 0.835918426514, 0.777868270874, 0.882358074188],
    "onset_times": [0.267029464245, 0.49922901392, 0.592108845711, 0.766258478165, 1.1261677742, 1.46285712719, 1.71827661991, 2.11301589012, 2.26394557953, 2.56580495834, 2.72834467888, 2.89088439941, 3.01859402657, 3.14630389214, 3.30884361267, 3.41333341599, 3.77324271202, 4.1099319458, 4.26086187363, 4.31891155243, 4.67882108688, 4.92263031006, 5.36380958557, 5.47990942001, 5.85142850876, 6.1068482399, 6.23455762863, 6.39709758759, 6.54802703857, 6.7570066452, 6.91954660416],
    "histogram": [[0, 0, 0, 0, 0, 0, 0, 0, 0, 0, 0, 0, 0, 0, 0, 0, 0, 0, 0, 0, 0, 0, 0, 0, 0, 0, 0, 0, 0, 0, 0, 0, 0, 0, 0, 0, 0, 0, 0, 0, 0, 0, 0, 0, 0, 0, 0, 0, 0, 0, 0, 0, 0, 0, 0, 0, 0, 0, 0, 0, 0, 0, 0, 0, 0, 0, 0, 0, 0.285714298487, 0, 0.142857149243, 0, 0.428571432829, 0, 0, 0, 0, 0.142857149243, 0, 0, 0, 0, 0, 0, 0, 0, 0, 0, 0, 0, 0, 0, 0, 0, 0, 0, 0, 0, 0, 0, 0, 0, 0, 0, 0, 0, 0, 0, 0, 0, 0, 0, 0, 0, 0, 0, 0, 0, 0, 0, 0, 0, 0, 0, 0, 0, 0, 0, 0, 0, 0, 0, 0, 0, 0, 0, 0, 0, 0, 0, 0, 0, 0, 0, 0, 0, 0, 0, 0, 0, 0, 0, 0, 0, 0, 0, 0, 0, 0, 0, 0, 0, 0, 0, 0, 0, 0, 0, 0, 0, 0, 0, 0, 0, 0, 0, 0, 0, 0, 0, 0, 0, 0, 0, 0, 0, 0, 0, 0, 0, 0, 0, 0, 0, 0, 0, 0, 0, 0, 0, 0, 0, 0, 0, 0, 0, 0, 0, 0, 0, 0, 0, 0, 0, 0, 0, 0, 0, 0, 0, 0, 0, 0, 0, 0, 0, 0, 0, 0, 0, 0, 0, 0, 0, 0, 0, 0, 0, 0, 0, 0, 0, 0, 0, 0, 0, 0, 0, 0, 0]]
},
"sfx": {
    "inharmonicity": {
        "kurt": 0.920705795288,
        "max": 0.42680361867,
        "mean": 0.0827616006136,
        "median": 0.0336314514279,
        "min": 0,
        "skew": 1.44571113586,
        "var": 0.0108776232228
    },
    "oddtoevenharmonicenergyratio": {
        "kurt": 51.2536506653,
        "max": 32.983997345,
        "mean": 1.34372723103,
        "median": 0.552355051041,
        "min": 0,
        "skew": 6.43876457214,
        "var": 10.2551755905
    },
    "pitch_after_max_to_before_max_energy_ratio": 0.352554887533,
    "pitch_centroid": 166.902114868,
    "pitch_max_to_total": 0.940993785858,
    "pitch_min_to_total": 0.543478250504,
    "tristimulus": {
        "kurt": [0.804174900055, -0.323861837387, -0.828045845032],
        "max": [1, 0.949536859989, 0.970078408718],
        "mean": [0.267929077148, 0.337209582329, 0.394861459732],
        "median": [0.141228675842, 0.304665625095, 0.389752537012],
        "min": [0, 0, 0],
        "skew": [1.36136031151, 0.333619594574, -0.00583931291476],
        "var": [0.0869227573276, 0.0416986718774, 0.0536309480667],
        "cov": [[0.0871935486794, -0.0376120358706, -0.0495814457536], [-0.0376120358706, 0.0418285727501, -0.00421655271202], [-0.0495814457536, -0.00421655271202, 0.0537980236113]]
    }
},
"tonal": {
    "chords_changes_rate": 0.172839507461,
    "chords_number_rate": 0.0864197537303,
    "chords_strength": {
        "kurt": -0.405884981155,
        "max": 0.63271677494,
        "mean": 0.451053351164,
        "median": 0.449286788702,
        "min": 0.264586001635,
        "skew": 0.188434034586,
        "var": 0.00590265914798
    },
    "key_strength": 0.466804116964,
    "tuning_diatonic_strength": 0.477994292974,
    "tuning_equal_tempered_deviation": 0.262581080198,
    "tuning_frequency": 456.306610107,
    "tuning_nontempered_energy_ratio": 0.912068843842,
    "hpcp": {
        "kurt": [8.3984670639, 8.24338626862, 8.21822929382, 3.57322025299, 5.24722576141, 4.23260974884, 3.37108230591, 4.76339769363, 3.87321615219, 2.44961738586, 0.787246465683, -0.0092945098877, 0.207236766815, 0.00332093238831, 0.27920293808, 0.872915506363, 1.90476083755, 4.44098711014, 7.3167924881, 2.53748750687, 2.23952293396, 1.67606973648, 2.29464578629, 4.40980005264, 3.35919809341, 3.17244577408, 1.9413485527, 2.33998966217, 2.83780431747, 3.32265615463, 3.47569513321, 7.07385826111, 7.85290527344, 4.74198150635, 13.9979152679, 9.25057601929],
        "max": [1, 1, 0.95966809988, 0.885523319244, 1, 1, 0.911484122276, 1, 1, 1, 1, 1, 1, 1, 1, 1, 1, 1, 1, 1, 1, 1, 1, 1, 0.899791300297, 1, 1, 1, 1, 1, 1, 1, 1, 0.834692895412, 1, 1],
        "mean": [0.111532233655, 0.112531848252, 0.103177577257, 0.120363764465, 0.149911940098, 0.158565431833, 0.143548473716, 0.14428640902, 0.158968180418, 0.177159264684, 0.231963381171, 0.27349153161, 0.282603144646, 0.276297658682, 0.247898459435, 0.222791224718, 0.18772597611, 0.150539427996, 0.127536550164, 0.144079133868, 0.181904226542, 0.195627853274, 0.18619813025, 0.148232847452, 0.143247544765, 0.176834866405, 0.19449351728, 0.192436754704, 0.18326574564, 0.174254000187, 0.143907219172, 0.121770858765, 0.11885638535, 0.108118928969, 0.0956130623817, 0.0949698388577],
