{
"metadata": {
    "version": {
        "essentia": "2.1-beta3"
    }
},
"lowLevel": {
    "average_loudness": 0.785335242748,
    "barkbands_kurtosis": {
        "kurt": 12.9623880386,
        "max": 24.2125053406,
        "mean": 2.02690839767,
        "median": 1.17470693588,
        "min": -1.70112109184,
        "skew": 3.03217339516,
        "var": 15.0890541077
    },
    "barkbands_skewness": {
        "kurt": 5.53193664551,
        "max": 4.6595621109,
        "mean": -0.519318044186,
        "median": -0.453695356846,
        "min": -3.62878513336,
        "skew": 1.1567325592,
        "var": 1.18457603455
    },
    "barkbands_spread": {
        "kurt": 1.49288797379,
        "max": 52.0366401672,
        "mean": 14.2396497726,
        "median": 10.7372570038,
        "min": 1.81218862534,
        "skew": 1.42884075642,
        "var": 128.351013184
    },
    "dissonance": {
        "kurt": 9.23146438599,
        "max": 0.499997496605,
        "mean": 0.473968327045,
        "median": 0.487606436014,
        "min": 0.267885446548,
        "skew": -2.76749444008,
        "var": 0.00127455708571
    },
    "hfc": {
        "kurt": 5.27985858917,
        "max": 53.5056533813,
        "mean": 6.9021987915,
        "median": 2.30163264275,
        "min": 1.18406616583e-16,
        "skew": 2.37959194183,
        "var": 131.679794312
    },
    "pitch": {
        "kurt": 0.698278188705,
        "max": 4021.17700195,
        "mean": 1025.56970215,
        "median": 524.860107422,
        "min": 119.77141571,
        "skew": 1.54413032532,
        "var": 1342283
    },
    "pitch_instantaneous_confidence": {
        "kurt": -0.966918230057,
        "max": 0.970106482506,
        "mean": 0.578011929989,
        "median": 0.54149723053,
        "min": 0.129733502865,
        "skew": 0.176261633635,
        "var": 0.0470132566988
    },
    "pitch_salience": {
        "kurt": 1.09495735168,
        "max": 0.837375700474,
        "mean": 0.645804107189,
        "median": 0.655941784382,
        "min": 0.220954045653,
        "skew": -0.625314116478,
        "var": 0.0102916629985
    },
    "silence_rate_20dB": {
        "kurt": 0,
        "max": 1,
        "mean": 1,
        "median": 1,
        "min": 1,
        "skew": 0,
        "var": 0
    },
    "silence_rate_30dB": {
        "kurt": 0,
        "max": 1,
        "mean": 1,
        "median": 1,
        "min": 1,
        "skew": 0,
        "var": 0
    },
    "silence_rate_60dB": {
        "kurt": -0.742578268051,
        "max": 1,
        "mean": 0.744525551796,
        "median": 1,
        "min": 0,
        "skew": -1.121347785,
        "var": 0.190207466483
    },
    "spectral_centroid": {
        "kurt": 72.1864547729,
        "max": 11281.2324219,
        "mean": 2125.15600586,
        "median": 2045.06860352,
        "min": 1064.10205078,
        "skew": 7.43532991409,
        "var": 827210.5
    },
    "spectral_complexity": {
        "kurt": 0.155026674271,
        "max": 22,
        "mean": 4.9854016304,
        "median": 4,
        "min": 0,
        "skew": 0.864443957806,
        "var": 25.4158477783
    },
    "spectral_crest": {
        "kurt": 0.548826694489,
        "max": 25.0906143188,
        "mean": 9.6827583313,
        "median": 9.00278186798,
        "min": 3.38671946526,
        "skew": 0.927879273891,
        "var": 19.670249939
    },
    "spectral_decrease": {
        "kurt": 5.11657714844,
        "max": 2.80052557711e-30,
        "mean": -7.31643745588e-10,
        "median": -2.49861603629e-10,
        "min": -5.53751267063e-09,
        "skew": -2.31196546555,
        "var": 1.37238796879e-18
    },
    "spectral_energy": {
        "kurt": 5.15802574158,
        "max": 0.0257529653609,
        "mean": 0.00338744162582,
        "median": 0.00114558299538,
        "min": 1.07292579434e-20,
        "skew": 2.32596158981,
        "var": 2.97597271128e-05
    },
    "spectral_energyband_high": {
        "kurt": 11.7992773056,
        "max": 0.00100097956602,
        "mean": 9.1979476565e-05,
        "median": 3.08922426484e-05,
        "min": 8.05252975399e-21,
        "skew": 3.12636852264,
        "var": 2.5055255648e-08
    },
    "spectral_energyband_low": {
        "kurt": 122.570510864,
        "max": 0.000293332210276,
        "mean": 3.10035397888e-06,
        "median": 3.60421914536e-08,
        "min": 5.7578181233e-23,
        "skew": 10.9924983978,
        "var": 6.42315867161e-10
    },
    "spectral_energyband_middle_high": {
        "kurt": 5.52973937988,
        "max": 0.0253614522517,
        "mean": 0.00320562487468,
        "median": 0.0010453419527,
        "min": 1.63663661866e-21,
        "skew": 2.39544916153,
        "var": 2.84867292066e-05
    },
    "spectral_energyband_middle_low": {
        "kurt": -0.291080713272,
        "max": 0.0003545449581,
        "mean": 9.36882715905e-05,
        "median": 7.75815860834e-05,
        "min": 2.2705370703e-22,
        "skew": 0.779160439968,
        "var": 8.30217228298e-09
    },
    "spectral_flatness_db": {
        "kurt": -0.700263500214,
        "max": 0.407610058784,
        "mean": 0.24453343451,
        "median": 0.241357862949,
        "min": 0.0740038305521,
        "skew": -0.0348787866533,
        "var": 0.00727183651179
    },
    "spectral_flux": {
        "kurt": 2.57988357544,
        "max": 0.156767085195,
        "mean": 0.0336911976337,
        "median": 0.0247846543789,
        "min": 1.03582128985e-10,
        "skew": 1.63221633434,
        "var": 0.00118748529349
    },
    "spectral_kurtosis": {
        "kurt": 3.34100961685,
        "max": 30.4334983826,
        "mean": 8.23743534088,
        "median": 7.4009180069,
        "min": -1.22881174088,
        "skew": 1.39677464962,
        "var": 22.571723938
    },
    "spectral_rms": {
        "kurt": 0.594710588455,
        "max": 0.00501246890053,
        "mean": 0.00132911512628,
        "median": 0.00105718593113,
        "min": 3.2353622819e-12,
        "skew": 1.11564493179,
        "var": 1.53827443228e-06
    },
    "spectral_rolloff": {
        "kurt": 79.6860046387,
        "max": 18583.1542969,
        "mean": 3143.53369141,
        "median": 3057.71484375,
        "min": 1012.06054688,
        "skew": 7.92242431641,
        "var": 2241903
    },
    "spectral_skewness": {
        "kurt": 1.89986419678,
        "max": 3.71129012108,
        "mean": 1.81432783604,
        "median": 1.70540988445,
        "min": -0.0442323125899,
        "skew": 0.634493529797,
        "var": 0.273849189281
    },
    "spectral_spread": {
        "kurt": 89.1071929932,
        "max": 40904576,
        "mean": 3396680.5,
        "median": 2636366,
        "min": 1399442.75,
        "skew": 8.77702713013,
        "var": 1.25348201103e+13
    },
    "spectral_strongpeak": {
        "kurt": 1.40820980072,
        "max": 5.82189512253,
        "mean": 1.2089086771,
        "median": 0.568015515804,
        "min": 2.8518813977e-09,
        "skew": 1.50851941109,
        "var": 2.18773055077
    },
    "zerocrossingrate": {
        "kurt": 44.9872512817,
        "max": 0.494140625,
        "mean": 0.105019673705,
        "median": 0.09765625,
        "min": 0.05078125,
        "skew": 6.12622356415,
        "var": 0.00213719531894
    },
    "barkbands": {
        "kurt": [110.862564087, 124.432167053, 118.666145325, 82.212020874, 10.140955925, 5.12460231781, 43.1924819946, 0.804253101349, 10.1127195358, 17.9532775879, 16.8564758301, 38.9012756348, 2.77236890793, 13.3770370483, 12.3283462524, 34.0996170044, 14.5143795013, 9.09704399109, 10.6940755844, 17.6350688934, 22.7399482727, 15.2356872559, 13.9101524353, 23.6073074341, 12.6882867813, 27.7073802948, 48.8533592224],
        "max": [1.28454217929e-07, 0.000160419003805, 0.00012740722741, 1.64060675161e-05, 5.00942333019e-05, 0.000290178548312, 0.000215534877498, 0.000168044221937, 0.000140892196214, 0.000175664899871, 0.00281062722206, 0.00512482319027, 0.000596969737671, 0.00490116048604, 0.0189032647759, 0.00714787561446, 0.0062856269069, 0.00285931047983, 0.00121237989515, 0.00142500572838, 0.000505146512296, 0.000147431346704, 1.72686432052e-05, 6.1713822106e-06, 7.89653313404e-07, 2.66264770232e-08, 4.13454737114e-09],
        "mean": [3.34215988218e-09, 1.56962869369e-06, 1.39878704886e-06, 2.87918027198e-07, 3.96377026846e-06, 2.97933656839e-05, 1.13307223728e-05, 3.18757411151e-05, 1.29396576085e-05, 1.28105748445e-05, 0.000154829365783, 0.000193508458324, 9.02148894966e-05, 0.000350276241079, 0.00125368952285, 0.000301111460431, 0.000394501665141, 0.000259786465904, 0.000115097333037, 0.000125007849419, 3.10496361635e-05, 1.08403291961e-05, 1.15529167033e-06, 3.33240848249e-07, 6.76997728988e-08, 1.65627078719e-09, 1.6700692218e-10],
        "median": [1.39395306409e-09, 1.1845015635e-08, 1.48805732181e-08, 1.23234720206e-08, 2.47760397087e-07, 2.3697391498e-06, 3.76836192117e-06, 5.72424596612e-06, 2.05901437766e-06, 2.9447869565e-06, 4.62349589725e-06, 2.8345217288e-05, 2.40888475673e-05, 4.87787001475e-05, 4.29372084909e-05, 4.26323931606e-05, 3.95837050746e-05, 4.11961373175e-05, 4.57817950519e-05, 4.70551603939e-05, 6.75039746056e-06, 1.87103728422e-06, 1.40328111797e-07, 3.32692131622e-08, 1.63617244198e-08, 5.59073010109e-10, 3.23491684828e-11],
        "min": [5.4586057063e-23, 7.41397511137e-24, 2.58323263477e-23, 1.56506769266e-23, 2.53317104841e-23, 2.04170013372e-23, 7.2443078545e-23, 3.61088362927e-23, 2.6625355594e-23, 8.41675521479e-23, 6.8235382829e-23, 1.58550666851e-22, 7.84493960576e-23, 5.07420514678e-23, 1.78198225883e-22, 1.34238213566e-22, 1.26751014807e-22, 2.11316411598e-22, 4.33399222074e-22, 3.45338893794e-22, 5.60542799311e-22, 4.66452468759e-22, 6.48406303639e-22, 5.97674898638e-22, 1.28603835766e-21, 1.87459967879e-21, 2.51977329354e-21],
        "skew": [10.2265071869, 11.1116380692, 10.7644968033, 8.66766548157, 3.0765171051, 2.19272470474, 5.77395534515, 1.39672100544, 3.29934573174, 3.55474638939, 4.13586139679, 6.180331707, 1.76663160324, 3.53156495094, 3.52904129028, 5.42720079422, 3.83716511726, 2.97161149979, 2.88427805901, 3.76315021515, 4.16406726837, 3.5633854866, 3.51743507385, 4.45689153671, 3.03519296646, 4.49759149551, 6.43459653854],
        "var": [1.25360518852e-16, 1.910014924e-10, 1.23038385036e-10, 2.43971292821e-12, 7.06986483245e-11, 2.75860112531e-09, 5.40827715945e-10, 2.02580507924e-09, 8.44638858855e-10, 5.28660337729e-10, 2.60991441792e-07, 4.20455336325e-07, 1.61135016441e-08, 6.14298471646e-07, 1.1634191651e-05, 7.38258336241e-07, 1.23879249259e-06, 2.78069109072e-07, 3.25632463216e-08, 4.67115910396e-08, 4.13029610513e-09, 4.95288587921e-10, 7.0411901136e-12, 6.6177461731e-13, 1.2524252875e-14, 1.01022997456e-17, 2.00336061626e-19],
        "cov": [[1.26282289222e-16, 1.49000928783e-13, 1.18677921765e-13, 1.59130385735e-14, 4.60253173464e-14, -9.73433048171e-15, -8.60002292226e-15, -4.55288933589e-15, -6.24835114069e-15, -7.42050074409e-15, 2.49361918917e-13, -1.24590862258e-13, -8.22948547957e-14, -2.71739255446e-13, -1.23735169246e-12, -3.296122869e-13, -5.02415546232e-13, -1.70558350971e-13, 5.59255028084e-14, -1.22430115091e-13, -3.00431608844e-14, -1.34968567626e-14, -1.29191233297e-15, -3.73618900905e-16, -2.74477949446e-17, -9.57684794398e-19, -7.44013547321e-20], [1.49000928783e-13, 1.92405924526e-10, 1.52694426547e-10, 1.98401295393e-11, 5.56729488899e-11, -3.07928370302e-11, -1.46838912557e-11, -4.34625495316e-11, -1.27123971072e-11, -1.79238048015e-11, -2.38730507585e-10, -2.88725821029e-10, -1.17503382024e-10, -5.3095949859e-10, -1.92528815113e-09, -4.15847217772e-10, -5.85057724489e-10, -3.48756662438e-10, -4.37271122089e-11, -1.70429004243e-10, -4.43333703082e-11, -1.60040956182e-11, -1.68362806335e-12, -5.11567622031e-13, -1.0263782825e-13, -1.98400675466e-15, -2.55087783714e-16], [1.18677921765e-13, 1.52694426547e-10, 1.23943078023e-10, 1.59916663245e-11, 4.39171962685e-11, -2.86116425691e-11, -1.29215787376e-11, -3.88174735411e-11, -1.17058541679e-11, -1.57482273749e-11, -2.1291519936e-10, -2.57326548958e-10, -1.03033734322e-10, -4.69139393999e-10, -1.68296487857e-09, -3.67799513068e-10, -5.14048581479e-10, -3.09964692802e-10, -4.06296385425e-11, -1.50692375245e-10, -3.93247691355e-11, -1.41713602658e-11, -1.481113409e-12, -4.48843463481e-13, -9.10930876628e-14, -1.75551919362e-15, -2.24076425207e-16], [1.59130385735e-14, 1.98401295393e-11, 1.59916663245e-11, 2.45765192051e-12, 6.23315288273e-12, -5.80616978108e-12, -1.01798007957e-12, -6.24692615345e-12, -2.10175410062e-12, -2.13400651317e-12, -3.60084462248e-11, -4.5346719435e-11, -1.57804741496e-11, -8.08057579182e-11, -2.63382787802e-10, -6.66277588657e-11, -7.87940268587e-11, -5.23547039055e-11, -2.67078937091e-12, -1.76797795154e-11, -5.92457810242e-12, -2.54575267117e-12, -1.87494307189e-13, -6.66242573806e-14, -1.62055088858e-14, -2.88407359941e-16, -3.9764209863e-17], [4.60253173464e-14, 5.56729488899e-11, 4.39171962685e-11, 6.23315288273e-12, 7.12184894391e-11, 5.80992372268e-11, 6.69671262887e-12, -6.41683164937e-11, -3.32572060169e-11, -1.62352926242e-11, -5.67827118658e-10, -5.81329206994e-10, 2.54895160534e-10, -9.27117493887e-10, -3.81987730336e-09, -7.26031401665e-10, -1.04087938269e-09, -5.57833113035e-10, -1.29095817369e-10, -2.43457864979e-10, -8.21232665205e-11, -3.02665913166e-11, -3.4867785742e-12, -1.09493067824e-12, -1.41960919474e-13, -2.93455263378e-15, -4.75409258926e-16], [-9.73433048171e-15, -3.07928370302e-11, -2.86116425691e-11, -5.80616978108e-12, 5.80992372268e-11, 2.77888489997e-09, 1.84680867821e-10, 3.63035906892e-10, -3.94200713738e-11, 1.10424204502e-10, -3.89084320318e-09, -6.81119605161e-10, 1.57225743536e-09, -1.90811078049e-09, -6.91785739804e-10, -2.002038757e-09, -4.82715556416e-09, 3.44353301429e-09, 1.67223923597e-09, 1.49534204463e-10, -1.81572867852e-10, 5.97320595763e-11, 2.89783193101e-12, -5.79333326103e-12, 3.38400179189e-13, 2.84723315075e-14, 4.86959749596e-15], [-8.60002292226e-15, -1.46838912557e-11, -1.29215787376e-11, -1.01798007957e-12, 6.69671262887e-12, 1.84680867821e-10, 5.44804423797e-10, 1.64957755788e-10, 9.10985106795e-11, 9.00458665964e-11, -1.07064135335e-09, -6.00758276459e-10, 8.30358060089e-10, 7.72771624469e-09, -2.12369469232e-10, 1.18505036895e-08, 6.80680067866e-10, 3.73097952533e-09, 2.79401807246e-10, 1.50388945741e-09, 2.37689867788e-10, 1.60258417647e-10, 1.05469157713e-11, 2.03387306996e-12, 5.13456681686e-13, 2.16771841769e-14, 4.84175520535e-16], [-4.55288933589e-15, -4.34625495316e-11, -3.88174735411e-11, -6.24692615345e-12, -6.41683164937e-11, 3.63035906892e-10, 1.64957755788e-10, 2.04070071952e-09, 1.05093878044e-10, 6.48377879164e-11, 6.94361101949e-09, 1.16393366056e-08, -6.34137464761e-11, 1.08205453486e-08, 3.91551182588e-08, 1.47321843613e-08, 6.69137456555e-09, 1.04087876096e-08, 3.05002423318e-09, 3.04284375474e-09, 1.36780720084e-09, 4.29181218342e-10, 4.56704465912e-11, 8.7630961515e-12, 1.65569988275e-12, 6.12975856597e-14, 4.88881709705e-15], [-6.24835114069e-15, -1.27123971072e-11, -1.17058541679e-11, -2.10175410062e-12, -3.32572060169e-11, -3.94200713738e-11, 9.10985106795e-11, 1.05093878044e-10, 8.50849446454e-10, 1.02701923355e-10, -1.61618307626e-09, -5.57811130619e-10, 1.25233434733e-09, 3.63658020364e-10, 5.75931018432e-08, 1.68073210904e-09, 1.88233766352e-08, 4.72202188462e-09, 1.99045335769e-09, 2.84135337481e-09, 3.93460208858e-10, 1.70253061649e-10, 2.22410596884e-11, 1.3548951891e-11, 9.89691943849e-13, 1.14561324701e-14, 3.00536056477e-15], [-7.42050074409e-15, -1.79238048015e-11, -1.57482273749e-11, -2.13400651317e-12, -1.62352926242e-11, 1.10424204502e-10, 9.00458665964e-11, 6.48377879164e-11, 1.02701923355e-10, 5.32547561605e-10, -5.29284283068e-10, 1.50565226953e-09, 6.2320326677e-10, 3.71663211318e-09, -2.36691555244e-09, -8.53695780734e-10, 1.6858221763e-10, -2.75091532886e-10, 3.45488554432e-10, 5.59691737401e-10, -7.38153427271e-11, 2.61888015614e-12, -1.92837846386e-12, -2.56234730699e-13, 3.6533238457e-13, 7.41449866863e-15, 1.27269654352e-15], [2.49361918917e-13, -2.38730507585e-10, -2.1291519936e-10, -3.60084462248e-11, -5.67827118658e-10, -3.89084320318e-09, -1.07064135335e-09, 6.94361101949e-09, -1.61618307626e-09, -5.29284283068e-10, 2.62910504034e-07, 5.25341299351e-08, -1.0446767007e-08, 8.24122992071e-08, 3.53240920958e-08, 1.0642072823e-07, 1.02913757516e-08, 5.52130696718e-09, 1.13630616028e-08, 8.14911338409e-09, 9.90243176346e-09, 3.39201527977e-10, 8.94612231517e-11, 9.00079837052e-12, 7.85507856677e-12, -1.24858348487e-13, 7.3885127566e-16], [-1.24590862258e-13, -2.88725821029e-10, -2.57326548958e-10, -4.5346719435e-11, -5.81329206994e-10, -6.81119605161e-10, -6.00758276459e-10, 1.16393366056e-08, -5.57811130619e-10, 1.50565226953e-09, 5.25341299351e-08, 4.23546907768e-07, 9.40320177278e-09, 1.43670746411e-07, 1.00836068384e-07, 8.50565484711e-09, 3.47364554898e-08, 4.762619632e-09, 1.14827907183e-08, 1.34836675159e-08, 1.1982050907e-09, 7.53957896116e-10, 9.21384843422e-11, 6.15145920313e-11, 6.32445810132e-13, 6.12520017346e-15, 3.07180970656e-14], [-8.22948547957e-14, -1.17503382024e-10, -1.03033734322e-10, -1.57804741496e-11, 2.54895160534e-10, 1.57225743536e-09, 8.30358060089e-10, -6.34137464761e-11, 1.25233434733e-09, 6.2320326677e-10, -1.0446767007e-08, 9.40320177278e-09, 1.62319828689e-08, 3.83084008959e-09, 2.17730722341e-08, 7.70278507645e-09, 2.04332799569e-08, 2.29933672102e-09, 2.23183360681e-09, 5.62073942945e-09, 7.41120997905e-10, 4.51823051195e-10, 3.99162300435e-12, 1.37271791156e-11, 3.7637983008e-12, 8.50709680109e-14, -8.26386519165e-16], [-2.71739255446e-13, -5.3095949859e-10, -4.69139393999e-10, -8.08057579182e-11, -9.27117493887e-10, -1.90811078049e-09, 7.72771624469e-09, 1.08205453486e-08, 3.63658020364e-10, 3.71663211318e-09, 8.24122992071e-08, 1.43670746411e-07, 3.83084008959e-09, 6.18815363396e-07, -1.1818799095e-07, 2.699914603e-07, 2.80460232815e-09, 1.4196901077e-07, 2.13835278373e-08, 7.26552187302e-08, 1.00695514149e-08, 5.77052139406e-09, 6.70202227049e-10, 3.87530771362e-11, 1.4087494192e-11, 2.57853552963e-13, 4.10222325401e-14], [-1.23735169246e-12, -1.92528815113e-09, -1.68296487857e-09, -2.63382787802e-10, -3.81987730336e-09, -6.91785739804e-10, -2.12369469232e-10, 3.91551182588e-08, 5.75931018432e-08, -2.36691555244e-09, 3.53240920958e-08, 1.00836068384e-07, 2.17730722341e-08, -1.1818799095e-07, 1.17197378131e-05, 1.73385361624e-09, 3.29888121087e-06, 9.68821268543e-07, 3.30663539216e-07, 3.79524095706e-07, 5.81017580714e-08, 2.37426807104e-08, 5.57274537627e-09, 2.3258426296e-09, 1.15905771092e-10, -5.08819982675e-13, 5.51680500328e-13], [-3.296122869e-13, -4.15847217772e-10, -3.67799513068e-10, -6.66277588657e-11, -7.26031401665e-10, -2.002038757e-09, 1.18505036895e-08, 1.47321843613e-08, 1.68073210904e-09, -8.53695780734e-10, 1.0642072823e-07, 8.50565484711e-09, 7.70278507645e-09, 2.699914603e-07, 1.73385361624e-09, 7.43686712212e-07, -2.00948075957e-08, 1.87068238233e-07, 1.65731908197e-08, 3.37426122599e-08, 2.99319182773e-08, 1.29007826644e-08, 3.81419895668e-10, 4.71857310169e-11, 4.5134464742e-12, 8.37111630014e-13, 1.87923407304e-14], [-5.02415546232e-13, -5.85057724489e-10, -5.14048581479e-10, -7.87940268587e-11, -1.04087938269e-09, -4.82715556416e-09, 6.80680067866e-10, 6.69137456555e-09, 1.88233766352e-08, 1.6858221763e-10, 1.02913757516e-08, 3.47364554898e-08, 2.04332799569e-08, 2.80460232815e-09, 3.29888121087e-06, -2.00948075957e-08, 1.2479013094e-06, 1.98692021058e-07, 9.39580431236e-08, 1.44807529523e-07, 1.99032612613e-08, 8.36072100441e-09, 1.61858459968e-09, 7.35408067776e-10, 4.44146525114e-11, -1.49824055072e-13, 1.39490619034e-13], [-1.70558350971e-13, -3.48756662438e-10, -3.09964692802e-10, -5.23547039055e-11, -5.57833113035e-10, 3.44353301429e-09, 3.73097952533e-09, 1.04087876096e-08, 4.72202188462e-09, -2.75091532886e-10, 5.52130696718e-09, 4.762619632e-09, 2.29933672102e-09, 1.4196901077e-07, 9.68821268543e-07, 1.87068238233e-07, 1.98692021058e-07, 2.80113738427e-07, 5.94848934554e-08, 6.00938676598e-08, 1.2988578213e-08, 5.54532464392e-09, 1.08182107716e-09, 2.01198280259e-10, 1.08773641136e-11, 1.05932806743e-13, 8.51332825308e-14], [5.59255028084e-14, -4.37271122089e-11, -4.06296385425e-11, -2.67078937091e-12, -1.29095817369e-10, 1.67223923597e-09, 2.79401807246e-10, 3.05002423318e-09, 1.99045335769e-09, 3.45488554432e-10, 1.13630616028e-08, 1.14827907183e-08, 2.23183360681e-09, 2.13835278373e-08, 3.30663539216e-07, 1.65731908197e-08, 9.39580431236e-08, 5.94848934554e-08, 3.280268146e-08, 1.98430001319e-08, 5.38651168114e-09, 9.8678565319e-10, 2.88554985461e-10, 7.50768475166e-11, 5.42950710433e-12, 1.13494478233e-14, 4.59621862868e-14], [-1.22430115091e-13, -1.70429004243e-10, -1.50692375245e-10, -1.76797795154e-11, -2.43457864979e-10, 1.49534204463e-10, 1.50388945741e-09, 3.04284375474e-09, 2.84135337481e-09, 5.59691737401e-10, 8.14911338409e-09, 1.34836675159e-08, 5.62073942945e-09, 7.26552187302e-08, 3.79524095706e-07, 3.37426122599e-08, 1.44807529523e-07, 6.00938676598e-08, 1.98430001319e-08, 4.70550602927e-08, 5.91959858909e-09, 2.36509167806e-09, 3.84809129006e-10, 1.07049605291e-10, 9.87112822037e-12, 6.97016093931e-14, 1.38496688551e-14], [-3.00431608844e-14, -4.43333703082e-11, -3.93247691355e-11, -5.92457810242e-12, -8.21232665205e-11, -1.81572867852e-10, 2.37689867788e-10, 1.36780720084e-09, 3.93460208858e-10, -7.38153427271e-11, 9.90243176346e-09, 1.1982050907e-09, 7.41120997905e-10, 1.00695514149e-08, 5.81017580714e-08, 2.99319182773e-08, 1.99032612613e-08, 1.2988578213e-08, 5.38651168114e-09, 5.91959858909e-09, 4.16066558984e-09, 8.751882552e-10, 8.43525457817e-11, 1.61177911295e-11, 1.77158678352e-12, 5.26646326375e-14, 2.44937025577e-15], [-1.34968567626e-14, -1.60040956182e-11, -1.41713602658e-11, -2.54575267117e-12, -3.02665913166e-11, 5.97320595763e-11, 1.60258417647e-10, 4.29181218342e-10, 1.70253061649e-10, 2.61888015614e-12, 3.39201527977e-10, 7.53957896116e-10, 4.51823051195e-10, 5.77052139406e-09, 2.37426807104e-08, 1.29007826644e-08, 8.36072100441e-09, 5.54532464392e-09, 9.8678565319e-10, 2.36509167806e-09, 8.751882552e-10, 4.98930396997e-10, 2.53096398006e-11, 6.99308189481e-12, 8.64112384077e-13, 2.92550814303e-14, 1.17404356907e-15], [-1.29191233297e-15, -1.68362806335e-12, -1.481113409e-12, -1.87494307189e-13, -3.4867785742e-12, 2.89783193101e-12, 1.05469157713e-11, 4.56704465912e-11, 2.22410596884e-11, -1.92837846386e-12, 8.94612231517e-11, 9.21384843422e-11, 3.99162300435e-12, 6.70202227049e-10, 5.57274537627e-09, 3.81419895668e-10, 1.61858459968e-09, 1.08182107716e-09, 2.88554985461e-10, 3.84809129006e-10, 8.43525457817e-11, 2.53096398006e-11, 7.09296336943e-12, 1.24693105234e-12, 7.80795648405e-14, 2.5398449683e-16, 3.46575547649e-16], [-3.73618900905e-16, -5.11567622031e-13, -4.48843463481e-13, -6.66242573806e-14, -1.09493067824e-12, -5.79333326103e-12, 2.03387306996e-12, 8.7630961515e-12, 1.3548951891e-11, -2.56234730699e-13, 9.00079837052e-12, 6.15145920313e-11, 1.37271791156e-11, 3.87530771362e-11, 2.3258426296e-09, 4.71857310169e-11, 7.35408067776e-10, 2.01198280259e-10, 7.50768475166e-11, 1.07049605291e-10, 1.61177911295e-11, 6.99308189481e-12, 1.24693105234e-12, 6.66640625081e-13, 4.27237184433e-14, 2.47767592635e-17, 8.10856037728e-17], [-2.74477949446e-17, -1.0263782825e-13, -9.10930876628e-14, -1.62055088858e-14, -1.41960919474e-13, 3.38400179189e-13, 5.13456681686e-13, 1.65569988275e-12, 9.89691943849e-13, 3.6533238457e-13, 7.85507856677e-12, 6.32445810132e-13, 3.7637983008e-12, 1.4087494192e-11, 1.15905771092e-10, 4.5134464742e-12, 4.44146525114e-11, 1.08773641136e-11, 5.42950710433e-12, 9.87112822037e-12, 1.77158678352e-12, 8.64112384077e-13, 7.80795648405e-14, 4.27237184433e-14, 1.26163431441e-14, 2.38994395944e-16, 1.12251932913e-17], [-9.57684794398e-19, -1.98400675466e-15, -1.75551919362e-15, -2.88407359941e-16, -2.93455263378e-15, 2.84723315075e-14, 2.16771841769e-14, 6.12975856597e-14, 1.14561324701e-14, 7.41449866863e-15, -1.24858348487e-13, 6.12520017346e-15, 8.50709680109e-14, 2.57853552963e-13, -5.08819982675e-13, 8.37111630014e-13, -1.49824055072e-13, 1.05932806743e-13, 1.13494478233e-14, 6.97016093931e-14, 5.26646326375e-14, 2.92550814303e-14, 2.5398449683e-16, 2.47767592635e-17, 2.38994395944e-16, 1.01765813918e-17, 3.03061269604e-19], [-7.44013547321e-20, -2.55087783714e-16, -2.24076425207e-16, -3.9764209863e-17, -4.75409258926e-16, 4.86959749596e-15, 4.84175520535e-16, 4.88881709705e-15, 3.00536056477e-15, 1.27269654352e-15, 7.3885127566e-16, 3.07180970656e-14, -8.26386519165e-16, 4.10222325401e-14, 5.51680500328e-13, 1.87923407304e-14, 1.39490619034e-13, 8.51332825308e-14, 4.59621862868e-14, 1.38496688551e-14, 2.44937025577e-15, 1.17404356907e-15, 3.46575547649e-16, 8.10856037728e-17, 1.12251932913e-17, 3.03061269604e-19, 2.01809115201e-19]]
    },
    "mfcc": {
        "kurt": [-0.324085235596, -0.858668804169, -0.40403676033, 1.06452798843, -0.871960163116, -0.156187772751, 0.155089616776, -0.861196279526, -0.509984731674, -0.773145198822, -0.0175151824951, 0.170503139496, -0.0243031978607],
        "max": [-727.836608887, 131.569274902, 18.2008666992, 76.9456558228, 45.0945014954, 20.9873847961, 46.5956802368, 8.54937171936, 24.291759491, 32.7793655396, 28.3066825867, 31.7232322693, 38.6240501404],
        "mean": [-878.984985352, 49.8472595215, -110.883087158, 8.49545574188, -18.320148468, -13.3566217422, -11.9896936417, -23.3171100616, -12.6490688324, -3.5303812027, 0.918975293636, 3.1952688694, 6.30964756012],
        "median": [-829.062133789, 57.80311203, -131.451950073, 6.25053024292, -25.0293045044, -13.9826965332, -14.3795394897, -23.0507202148, -13.2506103516, -0.511512756348, 0.735912322998, 1.31733703613, 4.89181900024],
        "min": [-1138.42004395, -13.1565856934, -199.424926758, -51.9723091125, -66.9086608887, -47.1597251892, -63.9748382568, -67.1242523193, -45.7815628052, -39.1588821411, -27.4001693726, -25.5684356689, -16.0255718231],
        "skew": [-1.01704251766, -0.275911986828, 0.91903179884, 0.321409374475, 0.306903123856, 0.219182163477, 0.191659122705, -0.258901774883, -0.00562408240512, -0.230741143227, -0.0120063843206, 0.364604741335, 0.439142465591],
        "var": [15448.5693359, 1054.69641113, 3466.30737305, 519.028686523, 760.184448242, 182.129257202, 423.586090088, 349.303131104, 211.181762695, 261.053314209, 116.872650146, 122.135124207, 121.856582642],
        "cov": [[15562.1621094, 1464.81140137, -6973.97216797, -419.297790527, -1993.21325684, -319.621734619, -1296.70605469, -1160.9720459, -306.741699219, -76.4798965454, 335.497680664, 334.238098145, 373.730133057], [1464.81140137, 1062.45153809, -467.861206055, 85.4878158569, -84.9516220093, -161.197296143, -3.12113237381, -409.55960083, -250.228744507, -246.239776611, -64.309425354, -138.491073608, -29.1780395508], [-6973.97216797, -467.861206055, 3491.79492188, 379.712921143, 905.750793457, 153.434326172, 595.696777344, 517.35748291, 141.389770508, 36.225440979, -98.2181396484, -180.800582886, -201.459533691], [-419.297790527, 85.4878158569, 379.712921143, 522.845092773, 384.609436035, -3.75115060806, 60.7720222473, 56.8039245605, -56.0228843689, -49.6723861694, -17.7544612885, -24.2142868042, -27.2374954224], [-1993.21325684, -84.9516220093, 905.750793457, 384.609436035, 765.773986816, 25.7244567871, 188.748031616, 224.911560059, -44.9145812988, 31.5776290894, -94.6811904907, -46.9680595398, -131.422805786], [-319.621734619, -161.197296143, 153.434326172, -3.75115060806, 25.7244567871, 183.468444824, 116.612976074, 142.105880737, 116.036071777, 50.7553939819, 13.2360754013, 30.5530929565, 32.44272995], [-1296.70605469, -3.12113237381, 595.696777344, 60.7720222473, 188.748031616, 116.612976074, 426.700683594, 185.355194092, 81.8862075806, 74.3438034058, -37.4894752502, -42.8350410461, 2.90850639343], [-1160.9720459, -409.55960083, 517.35748291, 56.8039245605, 224.911560059, 142.105880737, 185.355194092, 351.871520996, 159.527175903, 187.76121521, 33.9136657715, 57.4633483887, -21.6215896606], [-306.741699219, -250.228744507, 141.389770508, -56.0228843689, -44.9145812988, 116.036071777, 81.8862075806, 159.527175903, 212.734573364, 120.581855774, 64.1394119263, 66.6411972046, 37.6696815491], [-76.4798965454, -246.239776611, 36.225440979, -49.6723861694, 31.5776290894, 50.7553939819, 74.3438034058, 187.76121521, 120.581855774, 262.972839355, 76.305557251, 67.3795089722, -6.09005689621], [335.497680664, -64.309425354, -98.2181396484, -17.7544612885, -94.6811904907, 13.2360754013, -37.4894752502, 33.9136657715, 64.1394119263, 76.305557251, 117.732002258, 61.282371521, 21.4623947144], [334.238098145, -138.491073608, -180.800582886, -24.2142868042, -46.9680595398, 30.5530929565, -42.8350410461, 57.4633483887, 66.6411972046, 67.3795089722, 61.282371521, 123.033172607, 62.6786384583], [373.730133057, -29.1780395508, -201.459533691, -27.2374954224, -131.422805786, 32.44272995, 2.90850639343, -21.6215896606, 37.6696815491, -6.09005689621, 21.4623947144, 62.6786384583, 122.752586365]]
    },
    "sccoeffs": {
        "kurt": [-0.517393112183, -0.588903665543, 0.797222852707, -0.568510055542, -0.389913320541, -0.530368328094],
        "max": [-0.52007496357, -0.477242618799, -0.337731391191, -0.460175216198, -0.57993710041, -0.616258084774],
        "mean": [-0.7863047719, -0.72852909565, -0.749784648418, -0.730894446373, -0.770183563232, -0.756813287735],
        "median": [-0.80457931757, -0.733192265034, -0.774173915386, -0.730858147144, -0.773873925209, -0.755303263664],
        "min": [-0.962953269482, -0.965746104717, -0.948163211346, -0.960763335228, -0.962556242943, -0.963870823383],
        "skew": [0.588086783886, 0.188546523452, 1.07394635677, 0.37125775218, 0.305976033211, -0.373919636011],
        "var": [0.00991472229362, 0.0127819338813, 0.0170118752867, 0.0141763566062, 0.00662777153775, 0.00511632720008],
        "cov": [[0.00998762436211, 0.000402180594392, -0.00150309456512, 0.000673308095429, 0.00125788955484, 0.00222505256534], [0.000402180594392, 0.0128759192303, 0.0110038882121, 0.0112895611674, 0.00707549415529, 0.00524826766923], [-0.00150309456512, 0.0110038882121, 0.0171369630843, 0.0123842479661, 0.00713411113247, 0.00562122371048], [0.000673308095429, 0.0112895611674, 0.0123842479661, 0.0142805948853, 0.00865819305182, 0.00603780988604], [0.00125788955484, 0.00707549415529, 0.00713411113247, 0.00865819305182, 0.00667650531977, 0.00444374559447], [0.00222505256534, 0.00524826766923, 0.00562122371048, 0.00603780988604, 0.00444374559447, 0.00515394750983]]
    },
    "scvalleys": {
        "kurt": [67.1266098022, 34.8631629944, 30.2431335449, 23.9254875183, 33.6411895752, 35.289188385],
        "max": [-6.82765340805, -6.35948324203, -6.62921094894, -5.96652603149, -6.38686752319, -9.60144519806],
        "mean": [-10.5446443558, -9.12476825714, -9.16194057465, -8.4717502594, -8.6839761734, -11.919301033],
        "median": [-10.4662971497, -8.68119430542, -8.57941913605, -7.71151208878, -7.94175338745, -11.5471773148],
        "min": [-27.3855209351, -27.1230697632, -27.5378627777, -27.2068252563, -27.2241954803, -27.2232608795],
        "skew": [-7.04038000107, -4.59922838211, -4.37453746796, -3.86189770699, -4.74078226089, -4.64241504669],
        "var": [2.91101408005, 4.56546926498, 5.11975049973, 5.95491027832, 4.95504713058, 3.28321027756],
        "cov": [[2.93241858482, 2.9752099514, 3.05856823921, 3.17666482925, 3.1129617691, 2.38000512123], [2.9752099514, 4.59903907776, 4.57059526443, 4.78707504272, 4.32968187332, 3.31979727745], [3.05856823921, 4.57059526443, 5.15739583969, 5.37803840637, 4.8024058342, 3.77080321312], [3.17666482925, 4.78707504272, 5.37803840637, 5.99869632721, 5.34277868271, 4.08026218414], [3.1129617691, 4.32968187332, 4.8024058342, 5.34277868271, 4.99148130417, 3.8416697979], [2.38000512123, 3.31979727745, 3.77080321312, 4.08026218414, 3.8416697979, 3.3073515892]]
    }
},
"rhythm": {
    "beats_loudness": {
        "kurt": 0.697378873825,
        "max": 0.0124264499173,
        "mean": 0.00358467339538,
        "median": 0.00202878704295,
        "min": 1.28291446799e-06,
        "skew": 1.49981212616,
        "var": 1.68801470863e-05
    },
    "bpm": 128.411422729,
    "confidence": 0,
    "first_peak_bpm": {
        "kurt": 0,
        "max": 129,
        "mean": 129,
        "median": 129,
        "min": 129,
        "skew": 0,
        "var": 0
    },
    "first_peak_spread": {
        "kurt": 0,
        "max": 0.25,
        "mean": 0.25,
        "median": 0.25,
        "min": 0.25,
        "skew": 0,
        "var": 0
    },
    "first_peak_weight": {
        "kurt": 0,
        "max": 0.600000023842,
        "mean": 0.600000023842,
        "median": 0.600000023842,
        "min": 0.600000023842,
        "skew": 0,
        "var": 0
    },
    "onset_rate": 4.12939214706,
    "second_peak_bpm": {
        "kurt": 0,
        "max": 123,
        "mean": 123,
        "median": 123,
        "min": 123,
        "skew": 0,
        "var": 0
    },
    "second_peak_spread": {
        "kurt": 0,
        "max": 0,
        "mean": 0,
        "median": 0,
        "min": 0,
        "skew": 0,
        "var": 0
    },
    "second_peak_weight": {
        "kurt": 0,
        "max": 0.20000000298,
        "mean": 0.20000000298,
        "median": 0.20000000298,
        "min": 0.20000000298,
        "skew": 0,
        "var": 0
    },
    "beats_loudness_band_ratio": {
        "kurt": [1.19986200333, -0.362349748611, 0.523503303528, -1.31851649284, -1.05007255077, 0.631233692169],
        "max": [0.0470399409533, 0.066970564425, 0.0792641490698, 0.531062483788, 0.860178411007, 0.551904141903],
        "mean": [0.00789117068052, 0.0231516454369, 0.0249376446009, 0.232758626342, 0.515209019184, 0.205603376031],
        "median": [3.10096438625e-05, 0.0161070898175, 0.0131088532507, 0.205810785294, 0.4705311656, 0.169633299112],
        "min": [5.32917010787e-06, 3.23216090692e-06, 0.00254459748976, 0.0364816747606, 0.259564936161, 0.0702766552567],
        "skew": [1.7887775898, 0.953277409077, 1.43366038799, 0.382868826389, 0.468728095293, 1.44618105888],
        "var": [0.000306531088427, 0.000510554935317, 0.000653554394376, 0.0330695398152, 0.041489854455, 0.0262286663055],
        "cov": [[0.000367837317754, -4.05655810027e-05, -0.000120974393212, -0.00184259412345, -0.0015964016784, 0.00325542129576], [-4.05655810027e-05, 0.000612665957306, 0.000544646580238, 0.00285242125392, -0.00311201391742, -0.000855254591443], [-0.000120974393212, 0.000544646580238, 0.000784265226685, 0.0023515750654, -0.00152192893438, -0.00192910735495], [-0.00184259412345, 0.00285242125392, 0.0023515750654, 0.0396834462881, -0.0275732781738, -0.0152127724141], [-0.0015964016784, -0.00311201391742, -0.00152192893438, -0.0275732781738, 0.0497878268361, -0.0165171008557], [0.00325542129576, -0.000855254591443, -0.00192910735495, -0.0152127724141, -0.0165171008557, 0.0314744003117]]
    },
    "beats_position": [0.510838985443, 0.99845802784, 1.47446703911, 1.93886613846, 2.40326523781, 2.86766433716],
    "bpm_estimates": [126.048034668, 129.19921875, 129.19921875, 129.19921875],
    "bpm_intervals": [0.487619042397, 0.476009011269, 0.46439909935, 0.46439909935, 0.46439909935],
    "onset_times": [0.18575963378, 0.522448956966, 0.905578255653, 1.01006805897, 1.17260766029, 1.45124721527, 1.50929701328, 1.55573701859, 1.91564631462, 2.12462592125, 2.28716564178, 2.38004541397, 2.89088439941],
    "histogram": [[0, 0, 0, 0, 0, 0, 0, 0, 0, 0, 0, 0, 0, 0, 0, 0, 0, 0, 0, 0, 0, 0, 0, 0, 0, 0, 0, 0, 0, 0, 0, 0, 0, 0, 0, 0, 0, 0, 0, 0, 0, 0, 0, 0, 0, 0, 0, 0, 0, 0, 0, 0, 0, 0, 0, 0, 0, 0, 0, 0, 0, 0, 0, 0, 0, 0, 0, 0, 0, 0, 0, 0, 0, 0, 0, 0, 0, 0, 0, 0, 0, 0, 0, 0, 0, 0, 0, 0, 0, 0, 0, 0, 0, 0, 0, 0, 0, 0, 0, 0, 0, 0, 0, 0, 0, 0, 0, 0, 0, 0, 0, 0, 0, 0, 0, 0, 0, 0, 0, 0, 0, 0, 0, 0.20000000298, 0, 0, 0.20000000298, 0, 0, 0.600000023842, 0, 0, 0, 0, 0, 0, 0, 0, 0, 0, 0, 0, 0, 0, 0, 0, 0, 0, 0, 0, 0, 0, 0, 0, 0, 0, 0, 0, 0, 0, 0, 0, 0, 0, 0, 0, 0, 0, 0, 0, 0, 0, 0, 0, 0, 0, 0, 0, 0, 0, 0, 0, 0, 0, 0, 0, 0, 0, 0, 0, 0, 0, 0, 0, 0, 0, 0, 0, 0, 0, 0, 0, 0, 0, 0, 0, 0, 0, 0, 0, 0, 0, 0, 0, 0, 0, 0, 0, 0, 0, 0, 0, 0, 0, 0, 0, 0, 0, 0, 0, 0, 0, 0, 0, 0, 0, 0, 0, 0, 0, 0, 0, 0, 0, 0, 0, 0, 0, 0, 0]]
},
"sfx": {
    "inharmonicity": {
        "kurt": 0.451277017593,
        "max": 0.358336120844,
        "mean": 0.0810989886522,
        "median": 0.0419386960566,
        "min": 0,
        "skew": 1.23775470257,
        "var": 0.00889591872692
    },
    "oddtoevenharmonicenergyratio": {
        "kurt": 21.031583786,
        "max": 24.6308822632,
        "mean": 1.78902077675,
        "median": 0.499752312899,
        "min": 0,
        "skew": 3.91998147964,
        "var": 9.92679023743
    },
    "pitch_after_max_to_before_max_energy_ratio": 20.2839317322,
    "pitch_centroid": 85.7653961182,
    "pitch_max_to_total": 0,
    "pitch_min_to_total": 0.335766434669,
    "tristimulus": {
        "kurt": [-0.0420897006989, -1.0603890419, -1.23822522163],
        "max": [1, 0.948706865311, 0.976685106754],
        "mean": [0.26152831316, 0.348740637302, 0.389731019735],
        "median": [0.0644813403487, 0.331475704908, 0.387793034315],
        "min": [0, 0, 0],
        "skew": [1.32417726517, 0.345891863108, 0.23744481802],
        "var": [0.137046918273, 0.0758989676833, 0.0997841954231],
        "cov": [[0.138054609299, -0.0569968260825, -0.0810578390956], [-0.0569968260825, 0.0764570459723, -0.0194602031261], [-0.0810578390956, -0.0194602031261, 0.100517906249]]
    }
},
"tonal": {
    "chords_changes_rate": 0.217391297221,
    "chords_number_rate": 0.101449273527,
    "chords_strength": {
        "kurt": -0.953510284424,
        "max": 0.637828230858,
        "mean": 0.415376216173,
        "median": 0.382818698883,
        "min": 0.276661276817,
        "skew": 0.482733398676,
        "var": 0.00904918741435
    },
    "key_strength": 0.430291116238,
    "tuning_diatonic_strength": 0.391269892454,
    "tuning_equal_tempered_deviation": 0.265526950359,
    "tuning_frequency": 452.631469727,
    "tuning_nontempered_energy_ratio": 0.918968200684,
    "hpcp": {
        "kurt": [-0.0311689376831, -0.643193483353, -0.331996679306, -0.143033742905, 1.32822275162, 1.94441509247, 1.36069297791, 1.76899242401, 2.95890188217, 3.36432981491, 1.54939699173, 1.02139043808, 0.310752868652, 0.724238395691, 1.67324590683, 1.31692361832, 0.524551868439, 1.78303003311, 1.93177080154, 1.66638994217, 2.88020324707, 2.07606983185, 1.80508041382, 3.05139017105, 1.22203493118, 1.69105195999, 3.47752285004, 2.36263895035, 1.18928337097, 0.564213514328, 0.214399814606, -0.000457763671875, 0.982748985291, -0.474432468414, -0.404495716095, 0.0458824634552],
        "max": [1, 1, 1, 1, 1, 1, 1, 1, 1, 0.920876681805, 1, 1, 1, 0.934244930744, 1, 1, 1, 1, 1, 1, 1, 1, 1, 1, 1, 1, 1, 1, 0.997464597225, 1, 1, 1, 1, 1, 1, 0.986361324787],
        "mean": [0.282883197069, 0.318577080965, 0.297007858753, 0.255692899227, 0.232436805964, 0.211157009006, 0.20830334723, 0.204999521375, 0.181502684951, 0.176932513714, 0.208844900131, 0.235000088811, 0.239826068282, 0.239590555429, 0.236991241574, 0.228054136038, 0.236316815019, 0.231879904866, 0.212641566992, 0.206602677703, 0.190662279725, 0.205850198865, 0.222849041224, 0.222488775849, 0.240384697914, 0.226318314672, 0.195712447166, 0.19355635345, 0.2278021276, 0.267852246761, 0.277029514313, 0.265475839376, 0.253463476896, 0.307927548885, 0.321663051844, 0.268365383148],
