{
"metadata": {
    "version": {
        "essentia": "2.1-beta3"
    }
},
"lowLevel": {
    "average_loudness": 0.373201489449,
    "barkbands_kurtosis": {
        "kurt": 36.4784507751,
        "max": 325.492889404,
        "mean": 12.448182106,
        "median": 1.28897452354,
        "min": -1.8813444376,
        "skew": 5.19855737686,
        "var": 1153.33093262
    },
    "barkbands_skewness": {
        "kurt": 3.49384069443,
        "max": 16.5177841187,
        "mean": 1.56143832207,
        "median": 0.928175330162,
        "min": -3.29988694191,
        "skew": 1.61207652092,
        "var": 8.7124710083
    },
    "barkbands_spread": {
        "kurt": -0.769809246063,
        "max": 63.4002075195,
        "mean": 21.8199291229,
        "median": 19.6019058228,
        "min": 0.466312915087,
        "skew": 0.44926956296,
        "var": 227.804595947
    },
    "dissonance": {
        "kurt": 1.67419433594,
        "max": 0.499985784292,
        "mean": 0.447811037302,
        "median": 0.475173711777,
        "min": 0.226266920567,
        "skew": -1.60870611668,
        "var": 0.0037323855795
    },
    "hfc": {
        "kurt": 38.0053024292,
        "max": 17.4974308014,
        "mean": 0.479480952024,
        "median": 0.021645642817,
        "min": 7.97808581865e-07,
        "skew": 5.64314460754,
        "var": 2.96216678619
    },
    "pitch": {
        "kurt": -1.55804181099,
        "max": 4478.01367188,
        "mean": 1558.74914551,
        "median": 628.494262695,
        "min": 110.213775635,
        "skew": 0.553624033928,
        "var": 2257887.75
    },
    "pitch_instantaneous_confidence": {
        "kurt": -0.835787296295,
        "max": 0.965693354607,
        "mean": 0.540076434612,
        "median": 0.517100155354,
        "min": 0.139627218246,
        "skew": 0.300128310919,
        "var": 0.0437713712454
    },
    "pitch_salience": {
        "kurt": -0.224269151688,
        "max": 0.919862627983,
        "mean": 0.589349269867,
        "median": 0.646868526936,
        "min": 0.0763439834118,
        "skew": -0.882945597172,
        "var": 0.0367736928165
    },
    "silence_rate_20dB": {
        "kurt": 0,
        "max": 1,
        "mean": 1,
        "median": 1,
        "min": 1,
        "skew": 0,
        "var": 0
    },
    "silence_rate_30dB": {
        "kurt": 0,
        "max": 1,
        "mean": 1,
        "median": 1,
        "min": 1,
        "skew": 0,
        "var": 0
    },
    "silence_rate_60dB": {
        "kurt": 8.22536849976,
        "max": 1,
        "mean": 0.923913061619,
        "median": 1,
        "min": 0,
        "skew": -3.19770097733,
        "var": 0.0702974945307
    },
    "spectral_centroid": {
        "kurt": -0.492946624756,
        "max": 3883.39428711,
        "mean": 1447.63012695,
        "median": 1193.8651123,
        "min": 135.495651245,
        "skew": 0.719135701656,
        "var": 920668.0625
    },
    "spectral_complexity": {
        "kurt": 16.7902774811,
        "max": 9,
        "mean": 0.491847813129,
        "median": 0,
        "min": 0,
        "skew": 3.60701274872,
        "var": 1.27710652351
    },
    "spectral_crest": {
        "kurt": -0.571862220764,
        "max": 26.6076259613,
        "mean": 11.9115772247,
        "median": 10.1915721893,
        "min": 2.6225771904,
        "skew": 0.75571346283,
        "var": 41.3415412903
    },
    "spectral_decrease": {
        "kurt": 35.2880020142,
        "max": -6.75759867765e-16,
        "mean": -2.00458413757e-10,
        "median": -3.52359547789e-12,
        "min": -6.80544554044e-09,
        "skew": -5.59055519104,
        "var": 5.7173772682e-19
    },
    "spectral_energy": {
        "kurt": 34.9410858154,
        "max": 0.0266962964088,
        "mean": 0.000800065870862,
        "median": 1.56747082656e-05,
        "min": 2.6228352823e-09,
        "skew": 5.56358194351,
        "var": 9.00223130884e-06
    },
    "spectral_energyband_high": {
        "kurt": 42.0547370911,
        "max": 0.00010914804443,
        "mean": 3.95520328311e-06,
        "median": 4.88672526444e-07,
        "min": 9.37807990986e-12,
        "skew": 6.00350856781,
        "var": 1.38858938237e-10
    },
    "spectral_energyband_low": {
        "kurt": 105.164054871,
        "max": 5.34710015927e-05,
        "mean": 1.00353065591e-06,
        "median": 1.40755958e-07,
        "min": 1.15632087239e-10,
        "skew": 9.25772666931,
        "var": 1.4970379103e-11
    },
    "spectral_energyband_middle_high": {
        "kurt": 21.7999782562,
        "max": 0.00168011488859,
        "mean": 7.02015749994e-05,
        "median": 4.05630453315e-06,
        "min": 7.88316703582e-11,
        "skew": 4.56854057312,
        "var": 5.30614983063e-08
    },
    "spectral_energyband_middle_low": {
        "kurt": 37.1006202698,
        "max": 0.0264997407794,
        "mean": 0.000725824851543,
        "median": 4.19615025748e-06,
        "min": 2.49824982923e-09,
        "skew": 5.74148702621,
        "var": 8.39364565763e-06
    },
    "spectral_flatness_db": {
        "kurt": 0.131726980209,
        "max": 0.468630135059,
        "mean": 0.194691762328,
        "median": 0.16801071167,
        "min": 0.0664439126849,
        "skew": 1.0053896904,
        "var": 0.00963538512588
    },
    "spectral_flux": {
        "kurt": 11.5309009552,
        "max": 0.149428009987,
        "mean": 0.0125317145139,
        "median": 0.00351351918653,
        "min": 0.000218455548747,
        "skew": 3.22681689262,
        "var": 0.000506987504195
    },
    "spectral_kurtosis": {
        "kurt": 1.99844694138,
        "max": 21.8924121857,
        "mean": 5.34457540512,
        "median": 4.21756458282,
        "min": 0.159060716629,
        "skew": 1.43726623058,
        "var": 15.0368118286
    },
    "spectral_rms": {
        "kurt": 12.6450662613,
        "max": 0.00510344654322,
        "mean": 0.000411798071582,
        "median": 0.000123660400277,
        "min": 1.59964486102e-06,
        "skew": 3.41598534584,
        "var": 6.10974439041e-07
    },
    "spectral_rolloff": {
        "kurt": -1.39381217957,
        "max": 5964.69726562,
        "mean": 2376.90258789,
        "median": 2971.58203125,
        "min": 129.19921875,
        "skew": 0.00782247353345,
        "var": 2580336.75
    },
    "spectral_skewness": {
        "kurt": 0.354829788208,
        "max": 3.65827178955,
        "mean": 1.74634373188,
        "median": 1.61626672745,
        "min": 0.613564133644,
        "skew": 0.894548654556,
        "var": 0.404507935047
    },
    "spectral_spread": {
        "kurt": 5.22267246246,
        "max": 16635984,
        "mean": 5289110,
        "median": 4967509.5,
        "min": 2394119.25,
        "skew": 1.53244554996,
        "var": 2.8175958016e+12
    },
    "spectral_strongpeak": {
        "kurt": 34.0741233826,
        "max": 3.50905680656,
        "mean": 0.144842192531,
        "median": 0.0335925444961,
        "min": 0,
        "skew": 4.99824142456,
        "var": 0.113548517227
    },
    "zerocrossingrate": {
        "kurt": -0.5034532547,
        "max": 0.20068359375,
        "mean": 0.0824253261089,
        "median": 0.077392578125,
        "min": 0.0029296875,
        "skew": 0.433375149965,
        "var": 0.00204062205739
    },
    "barkbands": {
        "kurt": [119.232017517, 59.808807373, 130.20010376, 14.8662986755, 26.7127285004, 38.6507568359, 240.438476562, 140.95765686, 166.186981201, 88.1821060181, 76.5040969849, 101.212409973, 81.222442627, 245.330230713, 120.088058472, 137.226409912, 87.027885437, 85.7153701782, 106.162414551, 56.7343444824, 20.2490558624, 54.5409584045, 16.043088913, 16.264787674, 12.0701637268, 19.1988506317, 34.9636726379],
        "max": [4.16229886468e-06, 1.55789311975e-05, 3.65781379514e-05, 3.39222219736e-06, 0.00156107253861, 0.0174012053758, 0.0168787483126, 0.00466384412721, 0.0222338121384, 0.000864305067807, 0.000914761156309, 6.09843700659e-05, 5.21830479556e-05, 0.00016781699378, 0.000417393428506, 0.00104383565485, 0.000316366087645, 0.000254363199929, 0.000805283314548, 0.000157246860908, 2.50669581874e-05, 7.08422112439e-06, 3.05250932797e-06, 3.14469298246e-06, 8.46007026212e-07, 3.07005301181e-08, 2.278339295e-09],
        "mean": [5.55130519331e-08, 3.6522277469e-07, 5.17506748565e-07, 2.254866871e-07, 5.54636317247e-05, 0.000369376095477, 8.09753328213e-05, 4.03064805141e-05, 0.000177383742994, 1.33914445541e-05, 1.3961644072e-05, 1.06160996438e-06, 9.77462377705e-07, 1.55350721798e-06, 5.20806861459e-06, 1.03610063888e-05, 4.59921966467e-06, 5.71428154217e-06, 1.27762223201e-05, 3.85843577533e-06, 1.33519392875e-06, 2.23287855761e-07, 1.62991582897e-07, 1.57533165179e-07, 5.43544835807e-08, 1.44488088161e-09, 7.41248659675e-11],
        "median": [3.3204652361e-09, 3.27422498003e-08, 4.46252954589e-08, 4.18712602368e-08, 3.08261121518e-07, 4.93971015203e-07, 2.82709720523e-07, 1.5230067163e-07, 1.72385369979e-07, 7.18867028127e-08, 4.19114130068e-08, 3.32689005234e-08, 4.26739390491e-08, 4.49846879746e-08, 6.74656064348e-08, 1.62881917731e-07, 2.04389081659e-07, 6.06954131399e-07, 1.09932193482e-06, 5.76295576593e-07, 1.87679177088e-07, 3.12883656761e-08, 1.13586677841e-08, 1.03139052854e-08, 5.62712365593e-09, 7.78543202129e-11, 3.79206865561e-12],
        "min": [1.11213607767e-11, 4.48907837985e-12, 2.34623067502e-11, 2.94649998844e-10, 1.93245019986e-09, 2.13647849412e-10, 3.32450074414e-11, 1.39296170085e-11, 6.5265358222e-12, 1.94076664461e-11, 1.10923874252e-11, 3.8430356987e-12, 2.59933134045e-12, 1.18455653272e-11, 4.9175238534e-12, 3.28192204316e-12, 2.86333023264e-12, 8.24421607371e-12, 1.08171891583e-11, 3.25737982594e-12, 3.716544867e-12, 1.28548896788e-12, 5.98769677503e-13, 4.27205715465e-13, 3.7776400931e-13, 3.33540324266e-13, 8.96790373081e-14],
        "skew": [9.82165336609, 7.23380041122, 10.4743061066, 3.64688873291, 4.94639348984, 5.97516489029, 15.1377696991, 11.2317848206, 12.1889829636, 8.50025081635, 8.30490875244, 9.40352153778, 8.35743713379, 14.6502771378, 10.3054332733, 10.8908243179, 8.98437690735, 8.47170162201, 9.32516098022, 7.00661659241, 4.29794311523, 6.44380950928, 3.65478277206, 3.85091161728, 3.36331391335, 3.97191691399, 5.08609342575],
        "var": [8.32601538712e-14, 1.95555485867e-12, 6.23631441626e-12, 2.36622543391e-13, 3.85598220021e-08, 3.20061781167e-06, 9.71853182818e-07, 9.94280995315e-08, 2.06951108339e-06, 4.3711807507e-09, 6.21342266527e-09, 2.46929959119e-11, 1.9402266252e-11, 9.16996617528e-11, 9.46201672569e-10, 4.98002394878e-09, 6.82144563058e-10, 4.59936561059e-10, 3.35814398511e-09, 1.97926203205e-10, 1.20710932569e-11, 3.92567543143e-13, 1.4784926213e-13, 1.7407105759e-13, 1.55062255896e-14, 1.32867474078e-17, 4.75554373651e-20],
        "cov": [[8.34870231758e-14, 1.33818235898e-13, 1.72197308902e-14, 1.73107056169e-14, 7.19426688361e-12, 7.57768359779e-13, -2.09266068016e-12, -1.51769775133e-12, -7.81771782726e-12, -4.36007810802e-13, -6.4999139968e-13, -4.15219142164e-14, -2.02827934569e-14, -5.97163987638e-14, -2.21910719509e-13, 5.03468198122e-13, 3.28746768306e-14, 6.40967584998e-14, -3.27679100217e-14, -6.09387486219e-14, -3.37340696826e-14, -5.70495705865e-15, -3.3710672515e-15, 9.86490039877e-16, -1.22588187956e-15, 7.18276130687e-17, -1.78444406183e-18], [1.33818235898e-13, 1.96088327867e-12, 2.82379046361e-12, 2.03230566599e-13, 1.17078048645e-11, -4.52139506391e-11, -1.21896139016e-11, -1.29639372154e-11, -5.92528942578e-11, -3.38882459421e-12, -4.1378437135e-12, -2.20358114893e-13, -1.42691034769e-13, -2.93060389324e-13, -1.38272412183e-12, -2.31850302845e-12, -9.50905695331e-13, -8.70892604993e-13, -2.69163467556e-12, -8.20428414875e-13, -3.06016713705e-13, -4.2597557968e-14, -3.0470045161e-14, -1.52676943354e-14, -9.90168640439e-15, -1.09513346354e-16, -1.59458601076e-17], [1.72197308902e-14, 2.82379046361e-12, 6.25330733375e-12, 3.5443794167e-13, -7.8811878898e-12, -1.38506012215e-10, -3.66078695135e-11, -1.84678557169e-11, -8.3344157964e-11, -4.59747647938e-12, -5.6978883417e-12, -2.62298348189e-13, -1.56363677973e-13, 5.17968263766e-13, -1.75935925984e-12, -4.2289596304e-12, -1.72976140789e-12, -1.94809229512e-12, -4.98255863651e-12, -1.14493668452e-12, -4.0664691124e-13, -4.95803857768e-14, -2.28987615409e-14, -3.28440900474e-15, -3.77032448976e-15, -1.71034825003e-16, -1.32476854577e-17], [1.73107056169e-14, 2.03230566599e-13, 3.5443794167e-13, 2.37267291318e-13, 1.29002320978e-11, -3.43194153651e-11, -2.8687024544e-12, -3.94007146787e-13, -2.39649654288e-11, 1.96626612561e-12, 8.15178165855e-13, -4.53364593317e-14, -2.51339764566e-14, 2.79623682065e-13, -2.03194869242e-13, -1.23801641681e-12, -5.46563608175e-13, -4.41851362356e-13, -1.13154548665e-12, -1.00112477444e-13, 8.25172856477e-14, -2.74354013967e-15, 1.77357243034e-15, 7.77808067909e-16, 3.06638717104e-15, 1.539468485e-17, 8.43315183991e-18], [7.19426688361e-12, 1.17078048645e-11, -7.8811878898e-12, 1.29002320978e-11, 3.86648899564e-08, 1.52868615544e-08, -1.18426241036e-10, 2.83771917076e-09, -6.14066308913e-09, -3.58389234956e-10, -3.52681550631e-10, -2.45245091596e-11, -2.54693297702e-11, -4.61200452828e-11, -1.41686135047e-10, -3.5397787479e-10, -1.05122709149e-10, -8.18698164817e-11, -1.1315211268e-10, -3.1119797711e-11, -2.06619599902e-11, -5.97937931807e-12, -3.92617579073e-12, -9.05370613549e-13, -1.0174268112e-12, -1.12235473872e-14, 7.06504252074e-16], [7.57768359779e-13, -4.52139506391e-11, -1.38506012215e-10, -3.43194153651e-11, 1.52868615544e-08, 3.20933895637e-06, 7.76126853452e-07, 1.07548703276e-09, 8.36215079403e-08, 3.18994386461e-09, -3.99437238841e-09, 3.40397904308e-10, 9.92221305118e-10, -1.92067944882e-10, -1.95588423929e-11, 7.27173743442e-09, 4.9950905634e-09, 1.72536527288e-08, 4.48879085013e-08, 1.61484459138e-09, 1.12784359629e-09, 4.54362450442e-11, 9.42367572865e-11, 4.53507315035e-10, 5.58158172459e-11, 2.25782326863e-12, 1.10002041113e-13], [-2.09266068016e-12, -1.21896139016e-11, -3.66078695135e-11, -2.8687024544e-12, -1.18426241036e-10, 7.76126853452e-07, 9.74501290329e-07, -2.76431877388e-09, -1.17652998455e-08, 4.37589431357e-09, -8.68537464171e-10, 7.71958608148e-11, -3.17271799111e-11, -2.63394705352e-11, -3.29170413149e-10, -4.46448433777e-10, 1.51026580131e-10, 3.50497453283e-09, 8.90832474454e-09, -5.69801601735e-11, 1.80508993169e-11, -6.14449376796e-12, 3.20324634873e-11, 1.8763968157e-10, 2.64850259779e-11, 7.72031689879e-13, 4.7426665595e-14], [-1.51769775133e-12, -1.29639372154e-11, -1.84678557169e-11, -3.94007146787e-13, 2.83771917076e-09, 1.07548703276e-09, -2.76431877388e-09, 9.96990152657e-08, 1.45510981042e-07, 1.7674307573e-09, 1.3260343934e-09, 1.07426445517e-09, 2.94575724924e-10, 2.74042344373e-10, 5.21912291163e-09, 6.10463457562e-09, 2.02845007458e-09, 9.02664443192e-10, 3.86972009991e-09, 2.38626141069e-09, 4.5994960618e-10, 1.22373125522e-10, 5.78805024742e-11, 3.27187143481e-14, 4.65152048823e-12, 1.43018057249e-13, 2.75767483257e-14], [-7.81771782726e-12, -5.92528942578e-11, -8.3344157964e-11, -2.39649654288e-11, -6.14066308913e-09, 8.36215079403e-08, -1.17652998455e-08, 1.45510981042e-07, 2.07514995054e-06, 1.26798238576e-09, 1.66631277665e-08, 2.49443843359e-09, 4.80482498233e-09, 1.33541844249e-09, 3.29755494022e-08, 4.66737652971e-08, 1.9168696852e-08, 6.9019354676e-09, 1.7310652467e-08, 1.21057999181e-08, 1.34458000289e-09, 6.09867711887e-10, 1.44380091216e-10, 4.08492024928e-11, 2.79271397674e-11, 2.56859827462e-13, 8.6265142165e-14], [-4.36007810802e-13, -3.38882459421e-12, -4.59747647938e-12, 1.96626612561e-12, -3.58389234956e-10, 3.18994386461e-09, 4.37589431357e-09, 1.7674307573e-09, 1.26798238576e-09, 4.3830912233e-09, 3.18485615658e-09, 9.95194690545e-11, 3.26426802255e-11, 1.19509777075e-10, 4.81503115157e-10, 1.14999607059e-10, 6.52804477141e-11, 1.6893070276e-10, 3.66814995045e-10, 1.83175752344e-10, 1.26323923544e-10, 9.30524407527e-12, 6.3980500585e-12, 9.92348889693e-13, 1.2754070803e-12, -4.66254452717e-15, 8.41341838761e-16], [-6.4999139968e-13, -4.1378437135e-12, -5.6978883417e-12, 8.15178165855e-13, -3.52681550631e-10, -3.99437238841e-09, -8.68537464171e-10, 1.3260343934e-09, 1.66631277665e-08, 3.18485615658e-09, 6.23035267822e-09, 1.28235783103e-10, 8.27541438153e-11, 1.78194473066e-10, 1.06492370477e-09, 4.95352037166e-10, 1.97025271098e-10, 2.83499224096e-10, 2.52185272664e-10, 3.29811428168e-10, 1.67021702024e-10, 1.76999422064e-11, 1.23074397895e-11, -8.14902724293e-13, 1.6178648048e-12, -1.24729319958e-14, 9.91725762282e-17], [-4.15219142164e-14, -2.20358114893e-13, -2.62298348189e-13, -4.53364593317e-14, -2.45245091596e-11, 3.40397904308e-10, 7.71958608148e-11, 1.07426445517e-09, 2.49443843359e-09, 9.95194690545e-11, 1.28235783103e-10, 2.47602806314e-11, 7.57085713565e-12, 1.02830816778e-11, 5.6124570269e-11, 5.81933529142e-11, 3.09363298867e-11, 2.32644268433e-11, 9.31697288764e-11, 3.56344502517e-11, 8.85971504494e-12, 1.55805479195e-12, 9.71071313638e-13, 1.11278296148e-13, 9.29603684069e-14, 1.3224114483e-15, 4.36930510896e-16], [-2.02827934569e-14, -1.42691034769e-13, -1.56363677973e-13, -2.51339764566e-14, -2.54693297702e-11, 9.92221305118e-10, -3.17271799111e-11, 2.94575724924e-10, 4.80482498233e-09, 3.26426802255e-11, 8.27541438153e-11, 7.57085713565e-12, 1.94551336846e-11, 1.71917098613e-11, 9.12913841744e-11, 1.45094589121e-10, 6.41448213989e-11, 2.91756098447e-11, 5.10294272116e-11, 3.52009081606e-11, 4.86194634899e-12, 1.67002165135e-12, 6.5562117367e-13, 4.10929509821e-13, 1.39650281356e-13, 1.74973120574e-15, 4.48308863295e-16], [-5.97163987638e-14, -2.93060389324e-13, 5.17968263766e-13, 2.79623682065e-13, -4.61200452828e-11, -1.92067944882e-10, -2.63394705352e-11, 2.74042344373e-10, 1.33541844249e-09, 1.19509777075e-10, 1.78194473066e-10, 1.02830816778e-11, 1.71917098613e-11, 9.19495243834e-11, 8.50378309436e-11, 5.50284574852e-11, 2.62343289453e-11, 3.34231253785e-11, 5.91627094537e-11, 2.8976687369e-11, 8.72514473865e-12, 1.34485565045e-12, 1.49997343105e-12, 1.21855780674e-12, 4.28632579734e-13, 6.22602419923e-15, 4.07624123833e-16], [-2.21910719509e-13, -1.38272412183e-12, -1.75935925984e-12, -2.03194869242e-13, -1.41686135047e-10, -1.95588423929e-11, -3.29170413149e-10, 5.21912291163e-09, 3.29755494022e-08, 4.81503115157e-10, 1.06492370477e-09, 5.6124570269e-11, 9.12913841744e-11, 8.50378309436e-11, 9.48779943499e-10, 8.84399942169e-10, 2.76301426183e-10, 1.41296002676e-10, 2.9278321434e-10, 2.6425547861e-10, 5.61305134317e-11, 1.57545400337e-11, 6.05515377422e-12, 6.81621263338e-13, 8.71400716342e-13, 7.15198198245e-15, 1.90212704427e-15], [5.03468198122e-13, -2.31850302845e-12, -4.2289596304e-12, -1.23801641681e-12, -3.5397787479e-10, 7.27173743442e-09, -4.46448433777e-10, 6.10463457562e-09, 4.66737652971e-08, 1.14999607059e-10, 4.95352037166e-10, 5.81933529142e-11, 1.45094589121e-10, 5.50284574852e-11, 8.84399942169e-10, 4.99359353867e-09, 1.56669077711e-09, 8.71981598038e-10, 1.45217604608e-09, 7.55961016008e-10, 1.14126937067e-10, 2.73987013633e-11, 8.19383016298e-12, 7.53984288199e-12, 1.12581981498e-12, 1.32831393386e-14, 3.68921854396e-15], [3.28746768306e-14, -9.50905695331e-13, -1.72976140789e-12, -5.46563608175e-13, -1.05122709149e-10, 4.9950905634e-09, 1.51026580131e-10, 2.02845007458e-09, 1.9168696852e-08, 6.52804477141e-11, 1.97025271098e-10, 3.09363298867e-11, 6.41448213989e-11, 2.62343289453e-11, 2.76301426183e-10, 1.56669077711e-09, 6.84003298446e-10, 3.17918857906e-10, 5.84329695741e-10, 3.12736142538e-10, 4.48442255552e-11, 1.01057807955e-11, 3.25673212356e-12, 2.9925274498e-12, 5.8948061276e-13, 6.11505780095e-15, 2.04879905765e-15], [6.40967584998e-14, -8.70892604993e-13, -1.94809229512e-12, -4.41851362356e-13, -8.18698164817e-11, 1.72536527288e-08, 3.50497453283e-09, 9.02664443192e-10, 6.9019354676e-09, 1.6893070276e-10, 2.83499224096e-10, 2.32644268433e-11, 2.91756098447e-11, 3.34231253785e-11, 1.41296002676e-10, 8.71981598038e-10, 3.17918857906e-10, 4.61189780809e-10, 1.03875441582e-09, 1.81504283825e-10, 4.69134488201e-11, 5.63705419149e-12, 2.63259119365e-12, 5.08153545284e-12, 6.7691593433e-13, 1.54747617037e-14, 1.5699250634e-15], [-3.27679100217e-14, -2.69163467556e-12, -4.98255863651e-12, -1.13154548665e-12, -1.1315211268e-10, 4.48879085013e-08, 8.90832474454e-09, 3.86972009991e-09, 1.7310652467e-08, 3.66814995045e-10, 2.52185272664e-10, 9.31697288764e-11, 5.10294272116e-11, 5.91627094537e-11, 2.9278321434e-10, 1.45217604608e-09, 5.84329695741e-10, 1.03875441582e-09, 3.36729422123e-09, 3.54768214805e-10, 1.19753373884e-10, 1.17197102717e-11, 6.78925015166e-12, 1.15608798576e-11, 1.86980530885e-12, 4.63351010121e-14, 4.69348537018e-15], [-6.09387486219e-14, -8.20428414875e-13, -1.14493668452e-12, -1.00112477444e-13, -3.1119797711e-11, 1.61484459138e-09, -5.69801601735e-11, 2.38626141069e-09, 1.21057999181e-08, 1.83175752344e-10, 3.29811428168e-10, 3.56344502517e-11, 3.52009081606e-11, 2.8976687369e-11, 2.6425547861e-10, 7.55961016008e-10, 3.12736142538e-10, 1.81504283825e-10, 3.54768214805e-10, 1.98465507917e-10, 3.52172943585e-11, 7.22119846558e-12, 2.94402371405e-12, 1.46779409373e-12, 4.76605896676e-13, 6.36942899479e-15, 1.3685850142e-15], [-3.37340696826e-14, -3.06016713705e-13, -4.0664691124e-13, 8.25172856477e-14, -2.06619599902e-11, 1.12784359629e-09, 1.80508993169e-11, 4.5994960618e-10, 1.34458000289e-09, 1.26323923544e-10, 1.67021702024e-10, 8.85971504494e-12, 4.86194634899e-12, 8.72514473865e-12, 5.61305134317e-11, 1.14126937067e-10, 4.48442255552e-11, 4.69134488201e-11, 1.19753373884e-10, 3.52172943585e-11, 1.21039844814e-11, 1.52395880203e-12, 8.49759010987e-13, 4.30683836034e-13, 1.66515740541e-13, 2.23838853641e-15, 2.56543436304e-16], [-5.70495705865e-15, -4.2597557968e-14, -4.95803857768e-14, -2.74354013967e-15, -5.97937931807e-12, 4.54362450442e-11, -6.14449376796e-12, 1.22373125522e-10, 6.09867711887e-10, 9.30524407527e-12, 1.76999422064e-11, 1.55805479195e-12, 1.67002165135e-12, 1.34485565045e-12, 1.57545400337e-11, 2.73987013633e-11, 1.01057807955e-11, 5.63705419149e-12, 1.17197102717e-11, 7.22119846558e-12, 1.52395880203e-12, 3.93637217006e-13, 1.79545465409e-13, 7.76540154878e-14, 3.61424011921e-14, 6.48311976867e-16, 6.38609968845e-17], [-3.3710672515e-15, -3.0470045161e-14, -2.28987615409e-14, 1.77357243034e-15, -3.92617579073e-12, 9.42367572865e-11, 3.20324634873e-11, 5.78805024742e-11, 1.44380091216e-10, 6.3980500585e-12, 1.23074397895e-11, 9.71071313638e-13, 6.5562117367e-13, 1.49997343105e-12, 6.05515377422e-12, 8.19383016298e-12, 3.25673212356e-12, 2.63259119365e-12, 6.78925015166e-12, 2.94402371405e-12, 8.49759010987e-13, 1.79545465409e-13, 1.48252111e-13, 9.07035067172e-14, 3.70518740201e-14, 8.48612293124e-16, 5.35276217532e-17], [9.86490039877e-16, -1.52676943354e-14, -3.28440900474e-15, 7.77808067909e-16, -9.05370613549e-13, 4.53507315035e-10, 1.8763968157e-10, 3.27187143481e-14, 4.08492024928e-11, 9.92348889693e-13, -8.14902724293e-13, 1.11278296148e-13, 4.10929509821e-13, 1.21855780674e-12, 6.81621263338e-13, 7.53984288199e-12, 2.9925274498e-12, 5.08153545284e-12, 1.15608798576e-11, 1.46779409373e-12, 4.30683836034e-13, 7.76540154878e-14, 9.07035067172e-14, 1.74545355383e-13, 3.8726824075e-14, 1.0254213682e-15, 5.35632236068e-17], [-1.22588187956e-15, -9.90168640439e-15, -3.77032448976e-15, 3.06638717104e-15, -1.0174268112e-12, 5.58158172459e-11, 2.64850259779e-11, 4.65152048823e-12, 2.79271397674e-11, 1.2754070803e-12, 1.6178648048e-12, 9.29603684069e-14, 1.39650281356e-13, 4.28632579734e-13, 8.71400716342e-13, 1.12581981498e-12, 5.8948061276e-13, 6.7691593433e-13, 1.86980530885e-12, 4.76605896676e-13, 1.66515740541e-13, 3.61424011921e-14, 3.70518740201e-14, 3.8726824075e-14, 1.5548477287e-14, 3.68369864201e-16, 1.66813543667e-17], [7.18276130687e-17, -1.09513346354e-16, -1.71034825003e-16, 1.539468485e-17, -1.12235473872e-14, 2.25782326863e-12, 7.72031689879e-13, 1.43018057249e-13, 2.56859827462e-13, -4.66254452717e-15, -1.24729319958e-14, 1.3224114483e-15, 1.74973120574e-15, 6.22602419923e-15, 7.15198198245e-15, 1.32831393386e-14, 6.11505780095e-15, 1.54747617037e-14, 4.63351010121e-14, 6.36942899479e-15, 2.23838853641e-15, 6.48311976867e-16, 8.48612293124e-16, 1.0254213682e-15, 3.68369864201e-16, 1.33229514489e-17, 4.59241473705e-19], [-1.78444406183e-18, -1.59458601076e-17, -1.32476854577e-17, 8.43315183991e-18, 7.06504252074e-16, 1.10002041113e-13, 4.7426665595e-14, 2.75767483257e-14, 8.6265142165e-14, 8.41341838761e-16, 9.91725762282e-17, 4.36930510896e-16, 4.48308863295e-16, 4.07624123833e-16, 1.90212704427e-15, 3.68921854396e-15, 2.04879905765e-15, 1.5699250634e-15, 4.69348537018e-15, 1.3685850142e-15, 2.56543436304e-16, 6.38609968845e-17, 5.35276217532e-17, 5.35632236068e-17, 1.66813543667e-17, 4.59241473705e-19, 4.76850139156e-20]]
    },
    "mfcc": {
        "kurt": [-0.241230487823, -0.948132514954, 0.235178947449, -0.343745946884, 0.201801300049, 0.353007793427, 0.333678245544, 0.00973868370056, 0.252747297287, 0.859320640564, -0.0902345180511, 0.109745979309, 2.30378103256],
        "max": [-765.913574219, 133.606964111, 74.6900634766, 90.2547454834, 39.1646156311, 13.9328155518, 21.2750587463, 32.370475769, 31.09582901, 44.395401001, 36.2197685242, 25.8396396637, 22.7685699463],
        "mean": [-1003.69146729, 62.5865211487, -9.11910247803, 28.7338752747, -7.55535268784, -30.1654510498, -7.23889541626, -8.94485664368, -10.0634317398, -1.78408586979, -5.24819087982, -6.2511100769, -4.5788602829],
        "median": [-1011.94213867, 60.8495368958, -3.48257446289, 27.5416145325, -3.5689163208, -27.2255821228, -4.3663520813, -7.50720596313, -8.59245681763, -2.17214584351, -4.89965438843, -4.49492645264, -3.99575042725],
        "min": [-1138.42004395, -10.6520233154, -116.964309692, -16.8502960205, -72.9783477783, -104.730178833, -58.0274543762, -47.9250030518, -60.7715759277, -32.8996047974, -34.6479263306, -40.4128303528, -53.0348167419],
        "skew": [0.613252520561, 0.132265239954, -0.572052061558, 0.422482520342, -0.607159078121, -0.74835819006, -0.719927787781, -0.135712072253, -0.440270841122, 0.370898544788, 0.246378898621, -0.287355214357, -0.694452106953],
        "var": [7277.40136719, 1175.41809082, 1202.69677734, 528.149291992, 442.301513672, 587.405090332, 230.20362854, 165.267242432, 248.949157715, 150.699676514, 179.633407593, 150.107757568, 109.676322937],
        "cov": [[7297.23095703, 1807.19958496, -2147.5078125, 26.9805450439, -1042.34436035, -1251.86279297, -407.201934814, -375.782440186, -97.8228149414, -74.0332260132, -516.854003906, -355.818664551, -149.297729492], [1807.19958496, 1178.62097168, -134.785842896, 26.7601585388, -244.010848999, -431.876861572, -185.199203491, -167.471832275, -119.208236694, -84.612991333, -164.96711731, -175.808334351, -88.5397567749], [-2147.5078125, -134.785842896, 1205.97387695, 199.790618896, 430.897125244, 244.704376221, -17.8706512451, 15.6754484177, -173.331680298, -104.466575623, 118.315704346, 105.994750977, 11.7275362015], [26.9805450439, 26.7601585388, 199.790618896, 529.588378906, 257.71774292, -123.511962891, -30.7393531799, -51.3344955444, -122.428092957, -92.1037521362, -36.3777122498, 83.7441329956, 53.3124351501], [-1042.34436035, -244.010848999, 430.897125244, 257.71774292, 443.50668335, 245.312332153, 101.040740967, 85.7346572876, -33.0875434875, -10.8456468582, 62.0382118225, 104.000762939, 38.7634849548], [-1251.86279297, -431.876861572, 244.704376221, -123.511962891, 245.312332153, 589.005615234, 260.35055542, 168.464019775, 178.922485352, 86.2976379395, 88.8317947388, 30.3030586243, 22.0822162628], [-407.201934814, -185.199203491, -17.8706512451, -30.7393531799, 101.040740967, 260.35055542, 230.830886841, 140.765960693, 110.54132843, 77.0665206909, 50.9358673096, 14.6445655823, 0.471288532019], [-375.782440186, -167.471832275, 15.6754484177, -51.3344955444, 85.7346572876, 168.464019775, 140.765960693, 165.717559814, 111.009597778, 71.9071350098, 55.2056617737, 13.3027248383, 8.22508049011], [-97.8228149414, -119.208236694, -173.331680298, -122.428092957, -33.0875434875, 178.922485352, 110.54132843, 111.009597778, 249.627487183, 129.036376953, 0.60604095459, -29.6125946045, 11.0567951202], [-74.0332260132, -84.612991333, -104.466575623, -92.1037521362, -10.8456468582, 86.2976379395, 77.0665206909, 71.9071350098, 129.036376953, 151.110305786, 75.4578018188, 6.23552894592, -9.84011936188], [-516.854003906, -164.96711731, 118.315704346, -36.3777122498, 62.0382118225, 88.8317947388, 50.9358673096, 55.2056617737, 0.60604095459, 75.4578018188, 180.12286377, 91.6144943237, 4.41121482849], [-355.818664551, -175.808334351, 105.994750977, 83.7441329956, 104.000762939, 30.3030586243, 14.6445655823, 13.3027248383, -29.6125946045, 6.23552894592, 91.6144943237, 150.516769409, 64.0283889771], [-149.297729492, -88.5397567749, 11.7275362015, 53.3124351501, 38.7634849548, 22.0822162628, 0.471288532019, 8.22508049011, 11.0567951202, -9.84011936188, 4.41121482849, 64.0283889771, 109.975166321]]
    },
    "sccoeffs": {
        "kurt": [0.41711473465, 2.92152690887, 3.89192056656, 4.21805667877, 4.71043300629, 0.52071928978],
        "max": [-0.394682556391, -0.237006351352, -0.3422729671, -0.60283946991, -0.623321592808, -0.721379816532],
        "mean": [-0.765328884125, -0.7718719244, -0.820312261581, -0.851412594318, -0.848884403706, -0.835963845253],
        "median": [-0.811705470085, -0.819127559662, -0.851838588715, -0.863476991653, -0.855459809303, -0.841903269291],
        "min": [-0.923300623894, -0.942284166813, -0.939976632595, -0.92655134201, -0.917900979519, -0.922585844994],
        "skew": [1.17453181744, 1.69642114639, 1.85043561459, 1.87458837032, 1.65615355968, 0.81877797842],
        "var": [0.0151338456199, 0.0191112421453, 0.00920717138797, 0.00324401748367, 0.00182739936281, 0.000977686606348],
        "cov": [[0.0151750827208, 0.00743969902396, 0.00312495627441, 0.00168903649319, 0.00167847448029, 0.000626145396382], [0.00743969902396, 0.0191633161157, 0.00860155280679, 0.00432048598304, 0.00395819870755, 0.00126976426691], [0.00312495627441, 0.00860155280679, 0.00923225842416, 0.00403733877465, 0.00228362600319, 0.00137569918297], [0.00168903649319, 0.00432048598304, 0.00403733877465, 0.00325285666622, 0.0014362167567, 0.000797697575763], [0.00167847448029, 0.00395819870755, 0.00228362600319, 0.0014362167567, 0.00183237867896, 0.000432889646618], [0.000626145396382, 0.00126976426691, 0.00137569918297, 0.000797697575763, 0.000432889646618, 0.000980350654572]]
    },
    "scvalleys": {
        "kurt": [1.31062269211, 0.364517450333, 1.07880449295, 0.852297782898, 0.854009628296, -0.0754935741425],
        "max": [-7.38707351685, -5.9488902092, -6.29367637634, -7.40664768219, -6.72528076172, -9.71886634827],
        "mean": [-9.83152484894, -9.35172748566, -10.1272678375, -10.3955307007, -9.93663692474, -12.2966547012],
        "median": [-9.9228105545, -9.47157478333, -10.2775506973, -10.4756307602, -9.80561637878, -12.3443212509],
        "min": [-13.4049482346, -13.584318161, -14.6000528336, -15.3166685104, -15.5237436295, -16.944562912],
        "skew": [0.258705109358, 0.295909017324, 0.762942492962, 0.241358071566, -0.251471489668, 0.137694731355],
        "var": [0.571105897427, 1.1498477459, 1.40624403954, 1.21075510979, 1.21071922779, 1.25451290607],
        "cov": [[0.572661995888, 0.325666695833, 0.263057768345, 0.275076538324, 0.307520240545, 0.240077167749], [0.325666695833, 1.15298092365, 0.96625906229, 0.872881650925, 0.887199044228, 0.785313487053], [0.263057768345, 0.96625906229, 1.41007578373, 1.18938779831, 1.02763020992, 0.841306269169], [0.275076538324, 0.872881650925, 1.18938779831, 1.21405410767, 1.08339750767, 0.924001276493], [0.307520240545, 0.887199044228, 1.02763020992, 1.08339750767, 1.21401822567, 1.08064520359], [0.240077167749, 0.785313487053, 0.841306269169, 0.924001276493, 1.08064520359, 1.25793111324]]
    }
},
"rhythm": {
    "beats_loudness": {
        "kurt": 13.0206546783,
        "max": 0.0160161107779,
        "mean": 0.00116884661838,
        "median": 3.28271671606e-05,
        "min": 2.07838454003e-07,
        "skew": 3.72792339325,
        "var": 1.17779118227e-05
    },
    "bpm": 164.7550354,
    "confidence": 2.37473678589,
    "first_peak_bpm": {
        "kurt": 0,
        "max": 167,
        "mean": 167,
        "median": 167,
        "min": 167,
        "skew": 0,
        "var": 0
    },
    "first_peak_spread": {
        "kurt": 0,
        "max": 0,
        "mean": 0,
        "median": 0,
        "min": 0,
        "skew": 0,
        "var": 0
    },
    "first_peak_weight": {
        "kurt": 0,
        "max": 0.238095238805,
        "mean": 0.238095238805,
        "median": 0.238095238805,
        "min": 0.238095238805,
        "skew": 0,
        "var": 0
    },
    "onset_rate": 4.58328342438,
    "second_peak_bpm": {
        "kurt": 0,
        "max": 172,
        "mean": 172,
        "median": 172,
        "min": 172,
        "skew": 0,
        "var": 0
    },
    "second_peak_spread": {
        "kurt": 0,
        "max": 0,
        "mean": 0,
        "median": 0,
        "min": 0,
        "skew": 0,
        "var": 0
    },
    "second_peak_weight": {
        "kurt": 0,
        "max": 0.238095238805,
        "mean": 0.238095238805,
        "median": 0.238095238805,
        "min": 0.238095238805,
        "skew": 0,
        "var": 0
    },
    "beats_loudness_band_ratio": {
        "kurt": [1.23573446274, -1.06486153603, 5.25182437897, 4.29041576385, 4.88661623001, 0.591111421585],
        "max": [0.572027146816, 0.982983887196, 0.944998562336, 0.735341846943, 0.70426762104, 0.607803225517],
        "mean": [0.123119145632, 0.347153484821, 0.166843160987, 0.105871684849, 0.130110040307, 0.1666136235],
        "median": [0.0432395525277, 0.219058156013, 0.0967702120543, 0.0229997821152, 0.074723765254, 0.0872102603316],
        "min": [2.72709439741e-06, 0.00521255750209, 0.00755616929382, 0.000287932663923, 0.000735721318051, 0.00187703606207],
        "skew": [1.59041583538, 0.733970046043, 2.39831471443, 2.27714800835, 2.07976388931, 1.366091609],
        "var": [0.0286438949406, 0.121631197631, 0.0470201931894, 0.033770326525, 0.0254306122661, 0.036363504827],
        "cov": [[0.0300078894943, -0.00755443936214, -0.00804533157498, -0.00625111954287, -0.00193983037025, -0.00360308261588], [-0.00755443936214, 0.127423167229, -0.024566790089, -0.0250804536045, -0.0326395332813, -0.0374207422137], [-0.00804533157498, -0.024566790089, 0.049259249121, 0.000838682346512, -0.00760964350775, -0.0106675866991], [-0.00625111954287, -0.0250804536045, 0.000838682346512, 0.0353784374893, -0.000196992856218, -0.00449043419212], [-0.00193983037025, -0.0326395332813, -0.00760964350775, -0.000196992856218, 0.0266415923834, 0.0164568331093], [-0.00360308261588, -0.0374207422137, -0.0106675866991, -0.00449043419212, 0.0164568331093, 0.0380950979888]]
    },
    "beats_position": [0.429569154978, 0.812698423862, 1.17260766029, 1.55573689938, 1.92725622654, 2.32199549675, 2.69351458549, 3.04181408882, 3.36689329147, 3.76163268089, 4.15637159348, 4.52789115906, 4.87619018555, 5.22448968887, 5.58439922333, 5.94430828094, 6.29260778427, 6.64090681076, 7.00081634521, 7.38394546509, 7.74385452271, 8.12698364258],
    "bpm_estimates": [166.708694458, 161.49899292, 161.499099731, 161.498901367, 166.708557129, 166.708786011, 166.708557129, 166.708786011],
    "bpm_intervals": [0.383129268885, 0.359909236431, 0.383129239082, 0.371519327164, 0.39473927021, 0.371519088745, 0.348299503326, 0.325079202652, 0.39473938942, 0.394738912582, 0.371519565582, 0.348299026489, 0.348299503326, 0.359909534454, 0.359909057617, 0.348299503326, 0.348299026489, 0.359909534454, 0.383129119873, 0.359909057617, 0.383129119873],
    "onset_times": [0.0812698379159, 0.31346938014, 0.476009070873, 0.847528338432, 0.99845802784, 1.81115651131, 1.95047616959, 2.12462592125, 2.54258513451, 2.72834467888, 2.93732428551, 3.05342411995, 3.21596360207, 3.39011335373, 3.58748292923, 3.79646253586, 4.06349229813, 4.23764181137, 4.42340135574, 4.55111122131, 4.67882108688, 4.81814050674, 4.8994102478, 5.0387301445, 5.24770975113, 5.39863967896, 5.60761928558, 5.74693870544, 5.95591831207, 6.09523820877, 6.28099775314, 6.38548755646, 6.46675729752, 6.76861667633, 7.0356464386, 7.17496585846, 7.40716552734, 7.61614513397, 8.15020370483],
    "histogram": [[0, 0, 0, 0, 0, 0, 0, 0, 0, 0, 0, 0, 0, 0, 0, 0, 0, 0, 0, 0, 0, 0, 0, 0, 0, 0, 0, 0, 0, 0, 0, 0, 0, 0, 0, 0, 0, 0, 0, 0, 0, 0, 0, 0, 0, 0, 0, 0, 0, 0, 0, 0, 0, 0, 0, 0, 0, 0, 0, 0, 0, 0, 0, 0, 0, 0, 0, 0, 0, 0, 0, 0, 0, 0, 0, 0, 0, 0, 0, 0, 0, 0, 0, 0, 0, 0, 0, 0, 0, 0, 0, 0, 0, 0, 0, 0, 0, 0, 0, 0, 0, 0, 0, 0, 0, 0, 0, 0, 0, 0, 0, 0, 0, 0, 0, 0, 0, 0, 0, 0, 0, 0, 0, 0, 0, 0, 0, 0, 0, 0, 0, 0, 0, 0, 0, 0, 0, 0, 0, 0, 0, 0, 0, 0, 0, 0, 0, 0, 0, 0, 0, 0, 0.142857149243, 0, 0, 0, 0, 0.190476194024, 0, 0, 0, 0.142857149243, 0, 0, 0, 0, 0, 0.238095238805, 0, 0, 0, 0, 0.238095238805, 0, 0, 0, 0, 0, 0, 0, 0, 0, 0, 0, 0, 0.047619048506, 0, 0, 0, 0, 0, 0, 0, 0, 0, 0, 0, 0, 0, 0, 0, 0, 0, 0, 0, 0, 0, 0, 0, 0, 0, 0, 0, 0, 0, 0, 0, 0, 0, 0, 0, 0, 0, 0, 0, 0, 0, 0, 0, 0, 0, 0, 0, 0, 0, 0, 0, 0, 0, 0, 0, 0, 0, 0, 0, 0, 0, 0, 0, 0]]
},
"sfx": {
    "inharmonicity": {
        "kurt": 6.6144618988,
        "max": 0.358247041702,
        "mean": 0.0342121496797,
        "median": 0.00238534552045,
        "min": 0,
        "skew": 2.6450304985,
        "var": 0.00481546157971
    },
    "oddtoevenharmonicenergyratio": {
        "kurt": 51.4434967041,
        "max": 39.2484703064,
        "mean": 1.05124723911,
        "median": 0.0286079961807,
        "min": 0,
        "skew": 6.60530424118,
        "var": 14.8739547729
    },
    "pitch_after_max_to_before_max_energy_ratio": 1.42136967182,
    "pitch_centroid": 182.139770508,
    "pitch_max_to_total": 0.323369562626,
    "pitch_min_to_total": 0.945652186871,
    "tristimulus": {
        "kurt": [-1.24328935146, 0.907801151276, 0.909219026566],
        "max": [1, 0.962346315384, 0.914732575417],
        "mean": [0.647234499454, 0.189344465733, 0.163421154022],
        "median": [0.683515906334, 0.118350148201, 0.103675872087],
        "min": [0, 0, 0],
        "skew": [-0.391550540924, 1.23089456558, 1.17873609066],
        "var": [0.10829475522, 0.0468201674521, 0.0360821299255],
        "cov": [[0.108589835465, -0.0596785843372, -0.04891128093], [-0.0596785843372, 0.0469477437437, 0.0127308778465], [-0.04891128093, 0.0127308778465, 0.036180447787]]
    }
},
"tonal": {
    "chords_changes_rate": 0.0648648664355,
    "chords_number_rate": 0.0540540553629,
    "chords_strength": {
        "kurt": -0.201764345169,
        "max": 0.633645236492,
        "mean": 0.504378020763,
        "median": 0.501889884472,
        "min": 0.336867421865,
        "skew": -0.368328481913,
        "var": 0.00378310121596
    },
    "key_strength": 0.420702338219,
    "tuning_diatonic_strength": 0.45541074872,
    "tuning_equal_tempered_deviation": 0.287775784731,
    "tuning_frequency": 449.245300293,
    "tuning_nontempered_energy_ratio": 0.907470881939,
    "hpcp": {
        "kurt": [-0.312280893326, -0.49559545517, -0.20916557312, 1.00255775452, 1.4795589447, 2.77807569504, 2.18266868591, 3.22217464447, 2.66175031662, 1.68532276154, 1.923432827, 2.88227081299, 5.19023132324, 6.59874343872, 6.2105922699, 6.32745552063, 4.28434944153, 4.56801700592, 6.61818027496, 5.21774196625, 3.72699403763, 2.65916490555, 1.15509843826, 1.4205083847, 2.68232107162, 2.18021059036, 2.27226829529, 2.53558969498, 2.13372802734, 1.09988689423, 0.247991085052, -0.0606553554535, 0.674279212952, 0.980477571487, 1.06132888794, 0.6063580513],
        "max": [1, 1, 1, 1, 1, 1, 1, 1, 1, 1, 1, 1, 1, 1, 1, 1, 1, 1, 1, 1, 1, 1, 1, 1, 1, 1, 1, 1, 1, 1, 1, 1, 1, 1, 1, 1],
