{
"metadata": {
    "version": {
        "essentia": "2.1-beta3"
    }
},
"lowLevel": {
    "average_loudness": 0.957512557507,
    "barkbands_kurtosis": {
        "kurt": 8.23505020142,
        "max": 86.3189086914,
        "mean": 7.23190593719,
        "median": 0.350404024124,
        "min": -1.7861713171,
        "skew": 2.83681941032,
        "var": 273.865081787
    },
    "barkbands_skewness": {
        "kurt": 0.954809904099,
        "max": 8.49748134613,
        "mean": 1.33200848103,
        "median": 1.10986983776,
        "min": -2.64983797073,
        "skew": 0.97172743082,
        "var": 5.33324384689
    },
    "barkbands_spread": {
        "kurt": -1.15612137318,
        "max": 51.2176513672,
        "mean": 24.1162605286,
        "median": 26.5594825745,
        "min": 1.37828397751,
        "skew": -0.248704224825,
        "var": 175.388305664
    },
    "dissonance": {
        "kurt": 1.85542964935,
        "max": 0.499911099672,
        "mean": 0.452940046787,
        "median": 0.478089213371,
        "min": 0.239114373922,
        "skew": -1.67447698116,
        "var": 0.0032810496632
    },
    "hfc": {
        "kurt": 11.5783643723,
        "max": 7.33668804169,
        "mean": 0.553259849548,
        "median": 0.0018461139407,
        "min": 1.0075254977e-06,
        "skew": 3.22919154167,
        "var": 1.72638010979
    },
    "pitch": {
        "kurt": -1.57623040676,
        "max": 3901.7578125,
        "mean": 1511.31311035,
        "median": 478.787841797,
        "min": 88.3240127563,
        "skew": 0.435709416866,
        "var": 1930339.125
    },
    "pitch_instantaneous_confidence": {
        "kurt": -1.39669203758,
        "max": 0.945579826832,
        "mean": 0.510032892227,
        "median": 0.543866097927,
        "min": 0.121882677078,
        "skew": 0.0913184955716,
        "var": 0.0599415563047
    },
    "pitch_salience": {
        "kurt": 1.36663961411,
        "max": 0.851246774197,
        "mean": 0.64592051506,
        "median": 0.708352208138,
        "min": 0.164757296443,
        "skew": -1.42587971687,
        "var": 0.0256574805826
    },
    "silence_rate_20dB": {
        "kurt": 0,
        "max": 1,
        "mean": 1,
        "median": 1,
        "min": 1,
        "skew": 0,
        "var": 0
    },
    "silence_rate_30dB": {
        "kurt": 0,
        "max": 1,
        "mean": 1,
        "median": 1,
        "min": 1,
        "skew": 0,
        "var": 0
    },
    "silence_rate_60dB": {
        "kurt": 46.5196456909,
        "max": 1,
        "mean": 0.980582535267,
        "median": 1,
        "min": 0,
        "skew": -6.96562290192,
        "var": 0.0190404560417
    },
    "spectral_centroid": {
        "kurt": -0.741200208664,
        "max": 2928.64990234,
        "mean": 1267.05786133,
        "median": 1075.99108887,
        "min": 227.930603027,
        "skew": 0.642289340496,
        "var": 535696.375
    },
    "spectral_complexity": {
        "kurt": 13.1924114227,
        "max": 11,
        "mean": 0.796116530895,
        "median": 0,
        "min": 0,
        "skew": 3.45028591156,
        "var": 3.59920430183
    },
    "spectral_crest": {
        "kurt": 0.140977859497,
        "max": 25.3174781799,
        "mean": 10.8053817749,
        "median": 8.70463466644,
        "min": 2.8512878418,
        "skew": 1.00587391853,
        "var": 27.0460147858
    },
    "spectral_decrease": {
        "kurt": 7.02080249786,
        "max": -2.79887267283e-16,
        "mean": -1.16957846186e-10,
        "median": -2.58402240577e-13,
        "min": -1.39977762714e-09,
        "skew": -2.66069769859,
        "var": 6.92833621001e-20
    },
    "spectral_energy": {
        "kurt": 5.94527339935,
        "max": 0.00556537508965,
        "mean": 0.000491607817821,
        "median": 1.16548869755e-06,
        "min": 1.14774456605e-09,
        "skew": 2.51523447037,
        "var": 1.17812476219e-06
    },
    "spectral_energyband_high": {
        "kurt": 26.2316131592,
        "max": 0.00034673200571,
        "mean": 1.41658865687e-05,
        "median": 2.14455670999e-08,
        "min": 6.12212225359e-11,
        "skew": 4.74607419968,
        "var": 2.14852113878e-09
    },
    "spectral_energyband_low": {
        "kurt": 17.4207878113,
        "max": 4.6363616093e-06,
        "mean": 3.11778251216e-07,
        "median": 5.14534512774e-08,
        "min": 4.6130796405e-10,
        "skew": 4.10456180573,
        "var": 5.99380896478e-13
    },
    "spectral_energyband_middle_high": {
        "kurt": 18.8771076202,
        "max": 0.00200362852775,
        "mean": 0.000116035378596,
        "median": 3.00042245271e-07,
        "min": 1.88955434632e-10,
        "skew": 4.23633813858,
        "var": 1.15575964799e-07
    },
    "spectral_energyband_middle_low": {
        "kurt": 11.090470314,
        "max": 0.00530892470852,
        "mean": 0.000361490703654,
        "median": 3.83242792168e-07,
        "min": 5.25023857723e-10,
        "skew": 3.25904417038,
        "var": 8.48916158702e-07
    },
    "spectral_flatness_db": {
        "kurt": -0.319543600082,
        "max": 0.459185898304,
        "mean": 0.18877632916,
        "median": 0.163406863809,
        "min": 0.0579241961241,
        "skew": 0.926039159298,
        "var": 0.010542971082
    },
    "spectral_flux": {
        "kurt": 1.99397134781,
        "max": 0.0687804445624,
        "mean": 0.0105131147429,
        "median": 0.00104351330083,
        "min": 0.000134773406899,
        "skew": 1.72401797771,
        "var": 0.000274274440017
    },
    "spectral_kurtosis": {
        "kurt": 3.30595541,
        "max": 20.1722888947,
        "mean": 5.27083539963,
        "median": 3.60138893127,
        "min": 1.30233383179,
        "skew": 1.88480961323,
        "var": 16.7099132538
    },
    "spectral_rms": {
        "kurt": 1.56274318695,
        "max": 0.00233015767299,
        "mean": 0.000360306090442,
        "median": 3.37203528034e-05,
        "min": 1.05818276097e-06,
        "skew": 1.68961489201,
        "var": 3.4979694874e-07
    },
    "spectral_rolloff": {
        "kurt": -1.28815603256,
        "max": 4500.43945312,
        "mean": 2247.39746094,
        "median": 2863.91601562,
        "min": 236.865234375,
        "skew": -0.473493754864,
        "var": 1554656.75
    },
    "spectral_skewness": {
        "kurt": 1.80712270737,
        "max": 3.67013120651,
        "mean": 1.78898215294,
        "median": 1.57851457596,
        "min": 1.1285225153,
        "skew": 1.58208048344,
        "var": 0.35918071866
    },
    "spectral_spread": {
        "kurt": 35.8904876709,
        "max": 25926790,
        "mean": 5920609,
        "median": 6019968,
        "min": 2285053.5,
        "skew": 4.76953077316,
        "var": 6.35659616256e+12
    },
    "spectral_strongpeak": {
        "kurt": 5.6641664505,
        "max": 1.07078897953,
        "mean": 0.11459133029,
        "median": 0.00583248212934,
        "min": 0,
        "skew": 2.42492890358,
        "var": 0.0478798896074
    },
    "zerocrossingrate": {
        "kurt": -0.63803935051,
        "max": 0.142578125,
        "mean": 0.0754323452711,
        "median": 0.07275390625,
        "min": 0.01513671875,
        "skew": 0.110304057598,
        "var": 0.00101941684261
    },
    "barkbands": {
        "kurt": [28.2753105164, 2.65662956238, 16.79088974, 27.4434185028, 13.3285427094, 24.8212432861, 18.8253479004, 35.2855796814, 97.6527633667, 18.0694141388, 32.9132957458, 32.7611122131, 19.0402641296, 23.2006340027, 13.222743988, 13.9913921356, 33.1994438171, 13.5913848877, 29.5521697998, 25.3410949707, 25.5525856018, 51.0893211365, 20.666633606, 32.0898971558, 19.5998344421, 21.4657993317, 31.0365333557],
        "max": [2.80746874637e-08, 1.48375022491e-07, 2.70473378805e-06, 5.96581867285e-06, 9.31881877477e-05, 0.00111468113028, 0.00521856918931, 0.002148226602, 0.00115932652261, 3.87843647331e-05, 0.000114848015073, 5.49389778826e-06, 4.88744581162e-06, 6.39369545752e-06, 8.20784043754e-06, 7.0685717219e-05, 0.0013268715702, 0.000806115160231, 0.000266385264695, 9.96835588012e-05, 0.000215505788219, 4.3270893002e-06, 2.48347187153e-05, 3.81029276468e-05, 4.33081504525e-06, 7.64723111502e-08, 1.71017120465e-08],
        "mean": [2.2666613031e-09, 2.55525165471e-08, 1.68821088664e-07, 2.8234006777e-07, 6.05266723142e-06, 4.31253065472e-05, 0.000235583400354, 6.31589646218e-05, 1.27684925246e-05, 2.08463166018e-06, 3.13084228765e-06, 2.08531218959e-07, 2.4931051712e-07, 2.63541181766e-07, 5.20977039287e-07, 4.0339973566e-06, 4.24147183367e-05, 5.16649015481e-05, 1.03013580883e-05, 3.83815540772e-06, 9.01028579392e-06, 1.37611365858e-07, 1.06183949811e-06, 1.28985573156e-06, 2.26528200642e-07, 3.13309400646e-09, 5.43756817351e-10],
        "median": [1.14093945403e-09, 1.15815206314e-08, 2.80661165419e-08, 2.45984743685e-08, 6.18803426278e-08, 6.51377476402e-08, 4.9777849398e-08, 2.12434034808e-08, 3.4253503145e-08, 7.44629335969e-09, 3.28798099858e-09, 2.11126827132e-09, 1.94237625983e-09, 3.03090863518e-09, 3.89072640772e-09, 9.16077524948e-09, 1.71193725862e-08, 8.18874923425e-08, 1.50996299908e-08, 1.00477510756e-08, 1.18977165897e-08, 1.60224633561e-09, 4.43377723425e-10, 3.21331378172e-10, 1.59735460969e-10, 1.01528022101e-11, 2.86196549315e-13],
        "min": [2.13262584675e-11, 1.50368786866e-10, 1.13912518307e-10, 1.71413466754e-10, 1.92140733879e-10, 1.27468053474e-11, 1.88528880007e-11, 3.2618154705e-11, 7.96713250928e-11, 2.85324784632e-11, 6.16457839636e-12, 1.80413305823e-11, 2.42037188902e-11, 8.75147263685e-12, 1.43480340456e-11, 1.310330143e-11, 2.5184484706e-11, 1.92618924283e-11, 3.53633511363e-11, 2.30060484552e-11, 2.09516952399e-11, 7.69410837126e-12, 3.68051596145e-12, 5.25014667158e-12, 3.68529989511e-12, 1.92093975275e-12, 6.8537515073e-14],
        "skew": [4.60164213181, 1.79193246365, 4.10115194321, 4.80902671814, 3.72394800186, 4.84764671326, 4.18167829514, 5.78284406662, 9.97391605377, 4.04729223251, 5.73190736771, 5.27425909042, 4.0464553833, 4.63366603851, 3.56787991524, 3.5999147892, 5.65661048889, 3.65430808067, 5.02175426483, 4.87207174301, 4.8083896637, 6.61313819885, 4.41622829437, 5.42690992355, 4.29309844971, 4.49717760086, 5.43375349045],
        "var": [1.21023298226e-17, 9.243692788e-16, 2.04577416747e-13, 6.1414409799e-13, 3.25978938287e-10, 2.52693723723e-08, 6.08736797858e-07, 7.90090126657e-08, 1.29110286906e-08, 3.41218407696e-11, 2.5630197964e-10, 4.78460478702e-13, 5.03807932872e-13, 8.20118495684e-13, 2.02898483605e-12, 1.24897120424e-10, 3.17807931083e-08, 2.170001423e-08, 1.19100018736e-09, 1.99723057537e-10, 9.17030118508e-10, 2.37636082687e-13, 1.41141759738e-11, 2.54563817942e-11, 4.83198116935e-13, 1.28796362418e-16, 5.42328684988e-18],
        "cov": [[1.22209797825e-17, 2.57529647352e-17, 2.17077193441e-16, 3.41477732796e-16, 1.05411429165e-14, 2.44881209494e-13, 6.93772676027e-13, 2.04460051862e-13, 7.46236094294e-14, 2.5797091446e-15, 1.05892145774e-14, 3.39998389753e-16, 4.83194974019e-16, 4.28050535115e-16, 1.56832607695e-15, 6.51513136721e-15, 6.88403259635e-14, 1.04177029416e-13, 3.31251580256e-14, 2.44269267153e-15, 9.89821949854e-15, 2.62818785772e-16, 2.78634346735e-16, 5.06277257107e-16, 3.28173968628e-16, 3.53829857101e-18, -1.45421156346e-19], [2.57529647352e-17, 9.33431684303e-16, 6.07098032395e-15, 8.50977664393e-15, 1.50485052479e-13, 4.51291890143e-13, 1.03908396644e-12, 2.35360645903e-12, 4.94197402185e-13, 8.27784801154e-15, 3.61362618973e-14, 7.16849065459e-15, 5.85520333932e-15, 1.16013926913e-14, 1.39673522246e-14, 1.61383872845e-13, 1.6759632961e-12, 1.64320000749e-12, 1.77818900555e-13, 1.56689277438e-13, 1.9800842552e-13, 3.16052831862e-15, 4.26761626255e-14, 5.67977536206e-14, 8.36613510267e-15, 1.40884104911e-16, 2.51970232629e-17], [2.17077193441e-16, 6.07098032395e-15, 2.06583082346e-13, 2.94856017857e-13, 4.77472705471e-12, -1.31889356207e-12, -1.72901866435e-11, 2.607134994e-11, -4.25942809669e-13, 8.25482599485e-14, -2.73144950668e-13, 1.4754095569e-13, 1.359880226e-13, 2.56987925948e-13, 1.9795367331e-13, 2.7091818372e-12, 5.25638456372e-11, 3.99827046471e-11, 1.94258368072e-12, 4.16207086157e-12, 7.49790073779e-12, 4.4935744985e-14, 1.36398726515e-12, 1.4224432179e-12, 2.19225597961e-13, 3.45146274842e-15, 5.99752795611e-16], [3.41477732796e-16, 8.50977664393e-15, 2.94856017857e-13, 6.20165160545e-13, 8.44455755322e-12, -3.92378534178e-12, -2.41668386691e-11, 4.28832698518e-11, -1.15226716515e-13, 1.69197270669e-13, -4.06882020481e-13, 1.89540440634e-13, 2.25126164997e-13, 3.48630141683e-13, 2.44818813659e-13, 3.90465047448e-12, 5.93561033657e-11, 4.64414548484e-11, 2.23702219943e-12, 5.22747600415e-12, 9.72913936914e-12, 5.5720388698e-14, 1.88960609313e-12, 1.75606122525e-12, 2.79666589366e-13, 4.37816253249e-15, 7.54951042646e-16], [1.05411429165e-14, 1.50485052479e-13, 4.77472705471e-12, 8.44455755322e-12, 3.2917479853e-10, 4.59803389807e-10, -8.85057027666e-10, 1.07028907959e-09, 6.21436999082e-11, 9.69041687171e-13, -1.47220031305e-11, 3.70365023372e-12, 4.54262452307e-12, 7.57092825932e-12, 4.86405750746e-12, 7.88610565738e-11, 1.59321011939e-09, 9.39229138908e-10, 2.35326905532e-12, 1.57067317486e-10, 2.87308593583e-10, 1.10296624264e-12, 4.75203938699e-11, 4.39624343873e-11, 6.92925361187e-12, 1.07017286742e-13, 2.38981960442e-14], [2.44881209494e-13, 4.51291890143e-13, -1.31889356207e-12, -3.92378534178e-12, 4.59803389807e-10, 2.55171102026e-08, 4.63316389698e-08, -2.0875339235e-09, -3.35022509734e-10, 1.81140491495e-10, -1.11240683331e-10, 1.3479217742e-11, -3.12407391623e-12, -3.48067711806e-12, -9.41931688897e-12, -1.13079559605e-10, -9.47183664834e-10, -4.43806380535e-10, 2.95415775176e-11, -8.23330570388e-11, -2.16079543147e-10, -3.19363199081e-12, -3.11046119417e-11, -3.46233319792e-11, 4.16827206431e-12, -8.52606220759e-14, -1.19226866878e-14], [6.93772676027e-13, 1.03908396644e-12, -1.72901866435e-11, -2.41668386691e-11, -8.85057027666e-10, 4.63316389698e-08, 6.14704788404e-07, 1.75272618641e-09, -2.44924014403e-09, 2.48118126045e-09, 8.13161182833e-09, 4.07048353357e-11, 2.29365165749e-10, -1.06455530155e-11, 7.05393854439e-10, 6.48631148792e-11, -5.51707568519e-09, 1.88818560787e-08, 1.42817828674e-08, -2.79278156157e-10, 3.17565351793e-09, 2.03605757254e-10, -2.04915598379e-10, -2.19305240634e-10, 7.33544197606e-11, -4.08443000558e-13, -1.04256284595e-13], [2.04460051862e-13, 2.35360645903e-12, 2.607134994e-11, 4.28832698518e-11, 1.07028907959e-09, -2.0875339235e-09, 1.75272618641e-09, 7.97836108291e-08, 1.7628524418e-08, 2.36313135726e-10, 1.92542492367e-11, 9.07551048202e-11, 6.11500711178e-11, 1.55367968491e-10, 1.86982609951e-10, 2.12254924747e-09, 1.98457605904e-08, 1.77339476437e-08, 1.67748148705e-09, 1.64607927289e-09, 2.14306838942e-09, 2.2054707019e-11, 3.71313896297e-10, 5.63568802736e-10, 7.46022479903e-11, 1.34357271402e-12, 2.53835581027e-13], [7.46236094294e-14, 4.94197402185e-13, -4.25942809669e-13, -1.15226716515e-13, 6.21436999082e-11, -3.35022509734e-10, -2.44924014403e-09, 1.7628524418e-08, 1.30376074381e-08, 1.25677773744e-10, -9.4013035204e-12, 8.62286630987e-12, 6.47669027784e-12, 9.29754537249e-12, 6.01744834516e-11, 1.0403020459e-11, 7.20923043485e-10, 1.76024739229e-09, 5.16709175447e-10, 1.55725529694e-10, 2.16720426327e-11, -4.19528967772e-13, 1.43177982491e-12, 9.12570800177e-12, 4.91368393456e-13, 1.26419684318e-14, 3.78454913756e-15], [2.5797091446e-15, 8.27784801154e-15, 8.25482599485e-14, 1.69197270669e-13, 9.69041687171e-13, 1.81140491495e-10, 2.48118126045e-09, 2.36313135726e-10, 1.25677773744e-10, 3.44563717836e-11, 2.68227939859e-11, 1.35536883366e-12, 2.25505334892e-12, 7.25873517109e-13, 2.91690955244e-12, 5.20125956194e-12, 6.08830416637e-11, 3.76617459441e-10, 1.16717649434e-10, 6.096624941e-12, 5.09612872734e-11, 8.53879304503e-13, 7.43860376941e-13, 1.31023523194e-12, 5.61544951164e-13, 3.60608226019e-15, 6.72402335041e-16], [1.05892145774e-14, 3.61362618973e-14, -2.73144950668e-13, -4.06882020481e-13, -1.47220031305e-11, -1.11240683331e-10, 8.13161182833e-09, 1.92542492367e-11, -9.4013035204e-12, 2.68227939859e-11, 2.58814747411e-10, 1.49121437854e-13, 7.80941023654e-12, -3.28351495299e-13, 1.57979462845e-11, 1.22401015105e-12, -1.23104061667e-11, 2.47527942587e-10, 4.52475640289e-10, 5.25130980367e-12, 1.72308139978e-10, 6.57976667942e-12, -2.17040860111e-12, -1.84444603687e-12, 1.39669146474e-12, -1.96956547819e-15, -8.37061675399e-16], [3.39998389753e-16, 7.16849065459e-15, 1.4754095569e-13, 1.89540440634e-13, 3.70365023372e-12, 1.3479217742e-11, 4.07048353357e-11, 9.07551048202e-11, 8.62286630987e-12, 1.35536883366e-12, 1.49121437854e-13, 4.83151279401e-13, 2.11045631383e-13, 5.66616957347e-13, 4.26916287695e-13, 4.08329056331e-12, 9.78431988208e-11, 8.75039624093e-11, 9.52348790106e-12, 7.19158500112e-12, 1.02602917482e-11, 8.76237491311e-14, 1.73808222589e-12, 2.97501368159e-12, 3.95427560054e-13, 6.57377823441e-15, 1.32581239146e-15], [4.83194974019e-16, 5.85520333932e-15, 1.359880226e-13, 2.25126164997e-13, 4.54262452307e-12, -3.12407391623e-12, 2.29365165749e-10, 6.11500711178e-11, 6.47669027784e-12, 2.25505334892e-12, 7.80941023654e-12, 2.11045631383e-13, 5.08747232709e-13, 2.97955480818e-13, 6.27815291074e-13, 3.40342077437e-12, 4.80585293783e-11, 5.68212595031e-11, 2.06859737673e-11, 4.36686103944e-12, 1.56813902141e-11, 2.36834071235e-13, 1.25710086871e-12, 1.38055701853e-12, 2.58262459812e-13, 3.46987893876e-15, 6.73726300477e-16], [4.28050535115e-16, 1.16013926913e-14, 2.56987925948e-13, 3.48630141683e-13, 7.57092825932e-12, -3.48067711806e-12, -1.06455530155e-11, 1.55367968491e-10, 9.29754537249e-12, 7.25873517109e-13, -3.28351495299e-13, 5.66616957347e-13, 2.97955480818e-13, 8.28158884785e-13, 6.15520275807e-13, 7.57703535331e-12, 1.45766079762e-10, 1.1430106861e-10, 8.95623419178e-12, 1.12608091254e-11, 1.6546519363e-11, 1.10052727565e-13, 2.85930914362e-12, 4.29429972484e-12, 5.84412672335e-13, 9.8469655349e-15, 1.93532967701e-15], [1.56832607695e-15, 1.39673522246e-14, 1.9795367331e-13, 2.44818813659e-13, 4.86405750746e-12, -9.41931688897e-12, 7.05393854439e-10, 1.86982609951e-10, 6.01744834516e-11, 2.91690955244e-12, 1.57979462845e-11, 4.26916287695e-13, 6.27815291074e-13, 6.15520275807e-13, 2.04887691015e-12, 6.18863684257e-12, 1.09349626576e-10, 1.19878440508e-10, 3.27816385148e-11, 8.84061487211e-12, 1.76741416641e-11, 5.02522502777e-13, 1.92969468529e-12, 2.80089059584e-12, 5.31202414954e-13, 7.03881499256e-15, 1.23379020267e-15], [6.51513136721e-15, 1.61383872845e-13, 2.7091818372e-12, 3.90465047448e-12, 7.88610565738e-11, -1.13079559605e-10, 6.48631148792e-11, 2.12254924747e-09, 1.0403020459e-11, 5.20125956194e-12, 1.22401015105e-12, 4.08329056331e-12, 3.40342077437e-12, 7.57703535331e-12, 6.18863684257e-12, 1.26121599275e-10, 1.07741682243e-09, 9.91870696687e-10, 7.73181935143e-11, 9.560983949e-11, 1.58847490717e-10, 1.29180032556e-12, 2.64237000336e-11, 3.4155300116e-11, 5.02527273266e-12, 8.90731715816e-14, 1.49427945196e-14], [6.88403259635e-14, 1.6759632961e-12, 5.25638456372e-11, 5.93561033657e-11, 1.59321011939e-09, -9.47183664834e-10, -5.51707568519e-09, 1.98457605904e-08, 7.20923043485e-10, 6.08830416637e-11, -1.23104061667e-11, 9.78431988208e-11, 4.80585293783e-11, 1.45766079762e-10, 1.09349626576e-10, 1.07741682243e-09, 3.20923696506e-08, 2.0953912383e-08, 1.55597990048e-09, 2.37246422508e-09, 3.95408106257e-09, 2.29314362638e-11, 5.8757382293e-10, 8.437490151e-10, 1.17151649492e-10, 1.90665517229e-12, 3.77750483888e-13], [1.04177029416e-13, 1.64320000749e-12, 3.99827046471e-11, 4.64414548484e-11, 9.39229138908e-10, -4.43806380535e-10, 1.88818560787e-08, 1.77339476437e-08, 1.76024739229e-09, 3.76617459441e-10, 2.47527942587e-10, 8.75039624093e-11, 5.68212595031e-11, 1.1430106861e-10, 1.19878440508e-10, 9.91870696687e-10, 2.0953912383e-08, 2.19127596068e-08, 2.21560148006e-09, 1.54014179188e-09, 2.40965580822e-09, 2.8771323865e-11, 3.82660014786e-10, 5.71078184741e-10, 8.35819191636e-11, 1.37322423398e-12, 2.51156788509e-13], [3.31251580256e-14, 1.77818900555e-13, 1.94258368072e-12, 2.23702219943e-12, 2.35326905532e-12, 2.95415775176e-11, 1.42817828674e-08, 1.67748148705e-09, 5.16709175447e-10, 1.16717649434e-10, 4.52475640289e-10, 9.52348790106e-12, 2.06859737673e-11, 8.95623419178e-12, 3.27816385148e-11, 7.73181935143e-11, 1.55597990048e-09, 2.21560148006e-09, 1.20267662496e-09, 1.12785600304e-10, 5.86476478492e-10, 1.16418073098e-11, 1.90122171478e-11, 4.17521225926e-11, 8.73276624624e-12, 1.03634894449e-13, 1.72057734813e-14], [2.44269267153e-15, 1.56689277438e-13, 4.16207086157e-12, 5.22747600415e-12, 1.57067317486e-10, -8.23330570388e-11, -2.79278156157e-10, 1.64607927289e-09, 1.55725529694e-10, 6.096624941e-12, 5.25130980367e-12, 7.19158500112e-12, 4.36686103944e-12, 1.12608091254e-11, 8.84061487211e-12, 9.560983949e-11, 2.37246422508e-09, 1.54014179188e-09, 1.12785600304e-10, 2.0168113013e-10, 3.35974276178e-10, 2.0349876298e-12, 4.94209846658e-11, 6.7030547779e-11, 9.40338952538e-12, 1.51943914265e-13, 3.13029428225e-14], [9.89821949854e-15, 1.9800842552e-13, 7.49790073779e-12, 9.72913936914e-12, 2.87308593583e-10, -2.16079543147e-10, 3.17565351793e-09, 2.14306838942e-09, 2.16720426327e-11, 5.09612872734e-11, 1.72308139978e-10, 1.02602917482e-11, 1.56813902141e-11, 1.6546519363e-11, 1.76741416641e-11, 1.58847490717e-10, 3.95408106257e-09, 2.40965580822e-09, 5.86476478492e-10, 3.35974276178e-10, 9.26020593539e-10, 6.24581549674e-12, 8.84410114588e-11, 1.06160441549e-10, 1.63034776651e-11, 2.42650219579e-13, 4.86253019186e-14], [2.62818785772e-16, 3.16052831862e-15, 4.4935744985e-14, 5.5720388698e-14, 1.10296624264e-12, -3.19363199081e-12, 2.03605757254e-10, 2.2054707019e-11, -4.19528967772e-13, 8.53879304503e-13, 6.57976667942e-12, 8.76237491311e-14, 2.36834071235e-13, 1.10052727565e-13, 5.02522502777e-13, 1.29180032556e-12, 2.29314362638e-11, 2.8771323865e-11, 1.16418073098e-11, 2.0349876298e-12, 6.24581549674e-12, 2.3996584342e-13, 4.36696848388e-13, 5.61487922129e-13, 1.17868049847e-13, 1.42358180467e-15, 2.45736857614e-16], [2.78634346735e-16, 4.26761626255e-14, 1.36398726515e-12, 1.88960609313e-12, 4.75203938699e-11, -3.11046119417e-11, -2.04915598379e-10, 3.71313896297e-10, 1.43177982491e-12, 7.43860376941e-13, -2.17040860111e-12, 1.73808222589e-12, 1.25710086871e-12, 2.85930914362e-12, 1.92969468529e-12, 2.64237000336e-11, 5.8757382293e-10, 3.82660014786e-10, 1.90122171478e-11, 4.94209846658e-11, 8.84410114588e-11, 4.36696848388e-13, 1.42525505287e-11, 1.70340165584e-11, 2.40229776176e-12, 3.8901489045e-14, 7.91905163135e-15], [5.06277257107e-16, 5.67977536206e-14, 1.4224432179e-12, 1.75606122525e-12, 4.39624343873e-11, -3.46233319792e-11, -2.19305240634e-10, 5.63568802736e-10, 9.12570800177e-12, 1.31023523194e-12, -1.84444603687e-12, 2.97501368159e-12, 1.38055701853e-12, 4.29429972484e-12, 2.80089059584e-12, 3.4155300116e-11, 8.437490151e-10, 5.71078184741e-10, 4.17521225926e-11, 6.7030547779e-11, 1.06160441549e-10, 5.61487922129e-13, 1.70340165584e-11, 2.57059529912e-11, 3.38802185092e-12, 5.6307911079e-14, 1.15372045346e-14], [3.28173968628e-16, 8.36613510267e-15, 2.19225597961e-13, 2.79666589366e-13, 6.92925361187e-12, 4.16827206431e-12, 7.33544197606e-11, 7.46022479903e-11, 4.91368393456e-13, 5.61544951164e-13, 1.39669146474e-12, 3.95427560054e-13, 2.58262459812e-13, 5.84412672335e-13, 5.31202414954e-13, 5.02527273266e-12, 1.17151649492e-10, 8.35819191636e-11, 8.73276624624e-12, 9.40338952538e-12, 1.63034776651e-11, 1.17868049847e-13, 2.40229776176e-12, 3.38802185092e-12, 4.87935321487e-13, 7.75699559382e-15, 1.53455487334e-15], [3.53829857101e-18, 1.40884104911e-16, 3.45146274842e-15, 4.37816253249e-15, 1.07017286742e-13, -8.52606220759e-14, -4.08443000558e-13, 1.34357271402e-12, 1.26419684318e-14, 3.60608226019e-15, -1.96956547819e-15, 6.57377823441e-15, 3.46987893876e-15, 9.8469655349e-15, 7.03881499256e-15, 8.90731715816e-14, 1.90665517229e-12, 1.37322423398e-12, 1.03634894449e-13, 1.51943914265e-13, 2.42650219579e-13, 1.42358180467e-15, 3.8901489045e-14, 5.6307911079e-14, 7.75699559382e-15, 1.3005906355e-16, 2.53388301441e-17], [-1.45421156346e-19, 2.51970232629e-17, 5.99752795611e-16, 7.54951042646e-16, 2.38981960442e-14, -1.19226866878e-14, -1.04256284595e-13, 2.53835581027e-13, 3.78454913756e-15, 6.72402335041e-16, -8.37061675399e-16, 1.32581239146e-15, 6.73726300477e-16, 1.93532967701e-15, 1.23379020267e-15, 1.49427945196e-14, 3.77750483888e-13, 2.51156788509e-13, 1.72057734813e-14, 3.13029428225e-14, 4.86253019186e-14, 2.45736857614e-16, 7.91905163135e-15, 1.15372045346e-14, 1.53455487334e-15, 2.53388301441e-17, 5.4764563653e-18]]
    },
    "mfcc": {
        "kurt": [-0.217864274979, 0.0894384384155, 0.594218254089, -0.939196825027, 0.549336671829, -1.09037184715, -0.813116073608, 1.63180017471, 1.68142175674, 1.4602022171, 0.492707252502, 0.689018726349, 0.644498586655],
        "max": [-761.032043457, 128.335037231, 52.8161354065, 57.4196014404, 29.9756240845, 16.442276001, 10.1265602112, 19.0341434479, 19.0815925598, 23.62458992, 26.2706565857, 42.7882766724, 19.5328426361],
        "mean": [-1040.92956543, 40.754524231, -0.914620697498, 22.7207241058, -1.34750008583, -29.165430069, -14.7605524063, -4.06169319153, -5.50158262253, -8.32715034485, -3.9167098999, 3.76756930351, -6.71190452576],
        "median": [-1098.09472656, 31.9303703308, 6.78073120117, 20.8272590637, 3.99220275879, -17.649559021, -10.7676067352, -1.89231872559, -3.23225402832, -4.6463470459, -3.67656326294, -0.961708068848, -5.39763641357],
        "min": [-1138.42004395, 1.14440917969e-05, -80.0202713013, -3.61222457886, -53.6532363892, -103.920730591, -58.8368148804, -45.0504798889, -46.5597915649, -51.0740966797, -29.892583847, -24.4605026245, -35.6099395752],
        "skew": [1.03815436363, 1.0593316555, -0.907491743565, 0.401699870825, -1.05543017387, -0.564899027348, -0.516611039639, -0.934952259064, -1.04877185822, -0.899455547333, 0.0104618966579, 1.15711915493, -0.516480445862],
        "var": [11707.0019531, 1063.49414062, 763.001220703, 231.118530273, 334.335632324, 1228.94482422, 267.99710083, 114.276298523, 146.788650513, 152.768753052, 147.289352417, 197.087249756, 102.081359863],
        "cov": [[11821.7773438, 1993.62756348, -2246.51757812, 1206.03320312, -988.166381836, -3310.54248047, -1425.07910156, -436.661804199, -175.92137146, -345.820587158, -302.950775146, 1141.97790527, -447.224304199], [1993.62756348, 1073.92053223, -204.798019409, 258.579376221, -383.441741943, -935.46307373, -370.071960449, -202.090209961, -210.638916016, -206.584518433, 56.400554657, -12.2903623581, -38.5971908569], [-2246.51757812, -204.798019409, 770.481628418, -187.011520386, 234.726715088, 630.026123047, 209.907165527, 31.2807617188, -65.2972717285, 89.8018798828, 1.51734256744, -269.171508789, 21.9653053284], [1206.03320312, 258.579376221, -187.011520386, 233.384399414, -29.2286434174, -351.558135986, -171.472808838, -25.3256072998, -22.0271282196, -64.7021026611, -76.3609466553, 113.75630188, -69.3731689453], [-988.166381836, -383.441741943, 234.726715088, -29.2286434174, 337.613433838, 451.769561768, 124.532447815, 126.784240723, 91.9992752075, 98.5789108276, -115.092590332, -19.6452312469, -15.2004575729], [-3310.54248047, -935.46307373, 630.026123047, -351.558135986, 451.769561768, 1240.99328613, 504.205413818, 197.517333984, 162.56161499, 194.235794067, -12.1716651917, -228.968505859, 77.151725769], [-1425.07910156, -370.071960449, 209.907165527, -171.472808838, 124.532447815, 504.205413818, 270.624511719, 75.1200637817, 63.5393218994, 66.0403823853, 43.8205528259, -127.143585205, 55.1158943176], [-436.661804199, -202.090209961, 31.2807617188, -25.3256072998, 126.784240723, 197.517333984, 75.1200637817, 115.396659851, 87.8725128174, 61.6457099915, -31.6652011871, -1.06216883659, -27.2870807648], [-175.92137146, -210.638916016, -65.2972717285, -22.0271282196, 91.9992752075, 162.56161499, 63.5393218994, 87.8725128174, 148.227752686, 78.0608444214, -32.4780883789, 42.6426544189, -8.01502037048], [-345.820587158, -206.584518433, 89.8018798828, -64.7021026611, 98.5789108276, 194.235794067, 66.0403823853, 61.6457099915, 78.0608444214, 154.266479492, -31.0432949066, 13.2928876877, -27.3254013062], [-302.950775146, 56.400554657, 1.51734256744, -76.3609466553, -115.092590332, -12.1716651917, 43.8205528259, -31.6652011871, -32.4780883789, -31.0432949066, 148.733352661, -49.0382575989, 68.7347335815], [1141.97790527, -12.2903623581, -269.171508789, 113.75630188, -19.6452312469, -228.968505859, -127.143585205, -1.06216883659, 42.6426544189, 13.2928876877, -49.0382575989, 199.019470215, -37.0803985596], [-447.224304199, -38.5971908569, 21.9653053284, -69.3731689453, -15.2004575729, 77.151725769, 55.1158943176, -27.2870807648, -8.01502037048, -27.3254013062, 68.7347335815, -37.0803985596, 103.08215332]]
    },
    "sccoeffs": {
        "kurt": [0.768181085587, 0.551659584045, 1.22675561905, 1.56048345566, -0.523362636566, 2.98176336288],
        "max": [-0.512180864811, -0.3738668859, -0.585000753403, -0.67300093174, -0.593253076077, -0.643659234047],
        "mean": [-0.805268466473, -0.777727425098, -0.839854717255, -0.870331406593, -0.830196261406, -0.838457405567],
        "median": [-0.841973006725, -0.854189574718, -0.866630673409, -0.892006337643, -0.855567634106, -0.861432790756],
        "min": [-0.940221190453, -0.925144672394, -0.929129302502, -0.932217359543, -0.924015760422, -0.924216151237],
        "skew": [1.25545012951, 1.32437968254, 1.39282441139, 1.42313694954, 0.740682959557, 1.71592354774],
        "var": [0.010466539301, 0.0217468868941, 0.00573945371434, 0.0028900555335, 0.00697158137336, 0.00273819128051],
        "cov": [[0.0105691524222, 0.005859144032, 0.00247426703572, 0.00184352567885, 0.00433337828144, 0.00190080073662], [0.005859144032, 0.0219600927085, 0.00895785260946, 0.00552141852677, 0.00879115704447, 0.00577041972429], [0.00247426703572, 0.00895785260946, 0.00579572329298, 0.00286668725312, 0.00415516830981, 0.00300595606677], [0.00184352567885, 0.00552141852677, 0.00286668725312, 0.00291838939302, 0.00378717132844, 0.0023879155051], [0.00433337828144, 0.00879115704447, 0.00415516830981, 0.00378717132844, 0.00703993020579, 0.0037725714501], [0.00190080073662, 0.00577041972429, 0.00300595606677, 0.0023879155051, 0.0037725714501, 0.0027650364209]]
    },
    "scvalleys": {
        "kurt": [-0.383130073547, -0.899627685547, -0.684528112411, -0.455769777298, -0.507052659988, 0.0376048088074],
        "max": [-8.92941188812, -6.50290298462, -7.80377864838, -8.18138217926, -7.27550506592, -9.11174583435],
        "mean": [-10.3313083649, -9.93785858154, -10.9333639145, -11.366353035, -10.8751478195, -13.0346136093],
        "median": [-10.2887573242, -10.3453845978, -11.3646373749, -11.9000883102, -11.4979724884, -13.7105741501],
        "min": [-12.3044204712, -13.8443279266, -13.9289245605, -14.5676393509, -14.6346035004, -15.764175415],
        "skew": [-0.175985708833, 0.367717862129, 0.520491659641, 0.612630188465, 0.621022224426, 1.03537726402],
        "var": [0.442785024643, 2.531904459, 1.69778418541, 1.75882422924, 2.34744668007, 2.31576085091],
        "cov": [[0.447126060724, 0.730452954769, 0.614870548248, 0.633814871311, 0.70451682806, 0.686996638775], [0.730452954769, 2.55672717094, 1.96371877193, 1.90717887878, 2.19007706642, 2.01894664764], [0.614870548248, 1.96371877193, 1.71442902088, 1.65879774094, 1.89657497406, 1.78817820549], [0.633814871311, 1.90717887878, 1.65879774094, 1.77606749535, 2.01434469223, 1.94901323318], [0.70451682806, 2.19007706642, 1.89657497406, 2.01434469223, 2.37046098709, 2.26622748375], [0.686996638775, 2.01894664764, 1.78817820549, 1.94901323318, 2.26622748375, 2.33846449852]]
    }
},
"rhythm": {
    "beats_loudness": {
        "kurt": -0.666823387146,
        "max": 0.00156407023314,
        "mean": 0.000395526818465,
        "median": 8.72358032211e-06,
        "min": 5.89815954299e-07,
        "skew": 1.15449881554,
        "var": 4.55191184301e-07
    },
    "bpm": 126.048019409,
    "confidence": 0,
    "first_peak_bpm": {
        "kurt": 0,
        "max": 126,
        "mean": 126,
        "median": 126,
        "min": 126,
        "skew": 0,
        "var": 0
    },
    "first_peak_spread": {
        "kurt": 0,
        "max": 0,
        "mean": 0,
        "median": 0,
        "min": 0,
        "skew": 0,
        "var": 0
    },
    "first_peak_weight": {
        "kurt": 0,
        "max": 0.666666686535,
        "mean": 0.666666686535,
        "median": 0.666666686535,
        "min": 0.666666686535,
        "skew": 0,
        "var": 0
    },
    "onset_rate": 3.39606308937,
    "second_peak_bpm": {
        "kurt": 0,
        "max": 140,
        "mean": 140,
        "median": 140,
        "min": 140,
        "skew": 0,
        "var": 0
    },
    "second_peak_spread": {
        "kurt": 0,
        "max": 0,
        "mean": 0,
        "median": 0,
        "min": 0,
        "skew": 0,
        "var": 0
    },
    "second_peak_weight": {
        "kurt": 0,
        "max": 0.333333343267,
        "mean": 0.333333343267,
        "median": 0.333333343267,
        "min": 0.333333343267,
        "skew": 0,
        "var": 0
    },
    "beats_loudness_band_ratio": {
        "kurt": [-0.66778254509, -1.96577250957, -1.48140251637, -0.943780660629, -1.61578512192, -0.882495880127],
        "max": [0.661372721195, 0.269552737474, 0.704652130604, 0.0137247545645, 0.849047541618, 0.0682664960623],
        "mean": [0.173729836941, 0.134525686502, 0.296563982964, 0.00942400377244, 0.375880330801, 0.043993242085],
        "median": [0.01565396972, 0.13104480505, 0.221872150898, 0.00862103886902, 0.314508110285, 0.0401716046035],
        "min": [0.00223867222667, 0.00646042777225, 0.037859428674, 0.00672918232158, 0.0254575498402, 0.0273632537574],
        "skew": [1.15323495865, 0.0151364486665, 0.403551012278, 0.774565279484, 0.275509953499, 0.716316998005],
        "var": [0.0792986601591, 0.0147262373939, 0.0777145922184, 6.96666756994e-06, 0.114991441369, 0.000223754730541],
        "cov": [[0.105731546879, 0.0294425915927, -0.0567466132343, 0.000938865181524, -0.0755077973008, -0.00353705510497], [0.0294425915927, 0.019634982571, 0.00799883622676, 0.000263509893557, -0.0512379966676, -0.00162650505081], [-0.0567466132343, 0.00799883622676, 0.103619456291, -0.000649547262583, -0.0438637696207, -0.00128162058536], [0.000938865181524, 0.000263509893557, -0.000649547262583, 9.28889039642e-06, -0.00053942296654, -1.98166944756e-05], [-0.0755077973008, -0.0512379966676, -0.0438637696207, -0.00053942296654, 0.153321921825, 0.00590037181973], [-0.00353705510497, -0.00162650505081, -0.00128162058536, -1.98166944756e-05, 0.00590037181973, 0.000298339640722]]
    },
    "beats_position": [0.452789098024, 0.9287981987, 1.40480720997, 1.83437633514],
    "bpm_estimates": [126.04801178, 126.048034668],
    "bpm_intervals": [0.476009100676, 0.476009011269, 0.429569125175],
    "onset_times": [0.0348299331963, 0.18575963378, 0.359909296036, 0.592108845711, 1.16099774837, 1.20743763447, 1.25387752056, 1.42802715302],
    "histogram": [[0, 0, 0, 0, 0, 0, 0, 0, 0, 0, 0, 0, 0, 0, 0, 0, 0, 0, 0, 0, 0, 0, 0, 0, 0, 0, 0, 0, 0, 0, 0, 0, 0, 0, 0, 0, 0, 0, 0, 0, 0, 0, 0, 0, 0, 0, 0, 0, 0, 0, 0, 0, 0, 0, 0, 0, 0, 0, 0, 0, 0, 0, 0, 0, 0, 0, 0, 0, 0, 0, 0, 0, 0, 0, 0, 0, 0, 0, 0, 0, 0, 0, 0, 0, 0, 0, 0, 0, 0, 0, 0, 0, 0, 0, 0, 0, 0, 0, 0, 0, 0, 0, 0, 0, 0, 0, 0, 0, 0, 0, 0, 0, 0, 0, 0, 0, 0, 0, 0, 0, 0, 0, 0, 0, 0, 0, 0.666666686535, 0, 0, 0, 0, 0, 0, 0, 0, 0, 0, 0, 0, 0, 0.333333343267, 0, 0, 0, 0, 0, 0, 0, 0, 0, 0, 0, 0, 0, 0, 0, 0, 0, 0, 0, 0, 0, 0, 0, 0, 0, 0, 0, 0, 0, 0, 0, 0, 0, 0, 0, 0, 0, 0, 0, 0, 0, 0, 0, 0, 0, 0, 0, 0, 0, 0, 0, 0, 0, 0, 0, 0, 0, 0, 0, 0, 0, 0, 0, 0, 0, 0, 0, 0, 0, 0, 0, 0, 0, 0, 0, 0, 0, 0, 0, 0, 0, 0, 0, 0, 0, 0, 0, 0, 0, 0, 0, 0, 0, 0, 0, 0, 0, 0, 0, 0, 0, 0, 0, 0, 0, 0, 0, 0, 0]]
},
"sfx": {
    "inharmonicity": {
        "kurt": 3.54886627197,
        "max": 0.209960788488,
        "mean": 0.027857305482,
        "median": 0.00318737304769,
        "min": 0,
        "skew": 1.9819457531,
        "var": 0.00211984547786
    },
    "oddtoevenharmonicenergyratio": {
        "kurt": 32.9169006348,
        "max": 5.58491563797,
        "mean": 0.24613635242,
        "median": 0.0231555569917,
        "min": 0,
        "skew": 5.30453777313,
        "var": 0.491416186094
    },
    "pitch_after_max_to_before_max_energy_ratio": 0.0363929718733,
    "pitch_centroid": 55.3254623413,
    "pitch_max_to_total": 0.912621378899,
    "pitch_min_to_total": 0.388349503279,
    "tristimulus": {
        "kurt": [-0.875799417496, 2.80431318283, -0.961598157883],
        "max": [1, 0.791555643082, 0.624023079872],
        "mean": [0.666065335274, 0.147530853748, 0.186403870583],
        "median": [0.755548775196, 0.107939615846, 0.136511608958],
        "min": [0, 0, 0],
        "skew": [-0.610839903355, 1.57673954964, 0.658889889717],
        "var": [0.0958945527673, 0.0242496021092, 0.0411421135068],
        "cov": [[0.0968346968293, -0.0398882962763, -0.0569464303553], [-0.0398882962763, 0.0244873426855, 0.0154009582475], [-0.0569464303553, 0.0154009582475, 0.0415454655886]]
    }
},
"tonal": {
    "chords_changes_rate": 0.0769230797887,
    "chords_number_rate": 0.0769230797887,
    "chords_strength": {
        "kurt": 1.14493227005,
        "max": 0.534671425819,
        "mean": 0.428000956774,
        "median": 0.426862329245,
        "min": 0.328088909388,
        "skew": 0.150566518307,
        "var": 0.00124362274073
    },
    "key_strength": 0.412880629301,
    "tuning_diatonic_strength": 0.294792294502,
    "tuning_equal_tempered_deviation": 0.234298706055,
    "tuning_frequency": 446.657836914,
    "tuning_nontempered_energy_ratio": 0.91659617424,
    "hpcp": {
        "kurt": [2.57119655609, 3.20422267914, 3.82672595978, 2.18600511551, 2.17289733887, 3.96706819534, 5.05675983429, 2.34155750275, 6.19260692596, 2.6234664917, 1.88153982162, 0.537625312805, 1.52347373962, 0.991873979568, 0.762169599533, -0.989413499832, -0.687814235687, 1.5140786171, 1.35992908478, 1.13409805298, 0.470857858658, 0.779289245605, 0.0486950874329, -0.358941316605, -1.13384461403, 0.20476937294, 1.3045372963, 0.713508605957, 0.531365871429, 0.476442813873, 2.73594474792, 2.10949087143, 2.60441827774, 5.0008649826, 5.52792453766, 7.12142658234],
        "max": [1, 1, 1, 1, 1, 1, 1, 0.835192859173, 1, 0.933049082756, 1, 1, 1, 1, 1, 1, 1, 1, 1, 1, 0.868229866028, 1, 1, 1, 0.808856844902, 0.922113001347, 1, 0.834142684937, 1, 1, 1, 0.893223881721, 1, 1, 0.829215347767, 1],
        "mean": [0.182108670473, 0.175152033567, 0.170373275876, 0.187971919775, 0.196359485388, 0.161402851343, 0.135779440403, 0.144299998879, 0.137039795518, 0.167003124952, 0.217626705766, 0.227540552616, 0.214440330863, 0.208078220487, 0.250266432762, 0.338347494602, 0.3030141294, 0.212509170175, 0.190700143576, 0.197766140103, 0.212298169732, 0.222791031003, 0.306633025408, 0.344563603401, 0.271059304476, 0.220827877522, 0.198100790381, 0.197283670306, 0.236293166876, 0.240134134889, 0.192095011473, 0.172350034118, 0.183367997408, 0.158478036523, 0.113994546235, 0.135050609708],
        "median": [0.0838366746902, 0.0743436515331, 0.0656605511904, 0.0731023102999, 0.0599166601896, 0.0688529461622, 0.0502062216401, 0.0443724915385, 0.0607394017279, 0.0867723971605, 0.110605031252, 0.121143341064, 0.0827347487211, 0.11235769093, 0.172485530376, 0.191285610199, 0.273905217648, 0.128964394331, 0.0611001700163, 0.0608165487647, 0.128607735038, 0.182293206453, 0.288325667381, 0.312905073166, 0.168850913644, 0.11117041111, 0.0981730818748, 0.102880604565, 0.0905722379684, 0.100397258997, 0.0651247128844, 0.0636129975319, 0.0749035179615, 0.0715448111296, 0.0380685925484, 0.0502815246582],
