{
"metadata": {
    "version": {
        "essentia": "2.1-beta3"
    }
},
"lowLevel": {
    "average_loudness": 0.0603825524449,
    "barkbands_kurtosis": {
        "kurt": 60.9728240967,
        "max": 753.491333008,
        "mean": 17.5104808807,
        "median": 1.11686372757,
        "min": -1.84145975113,
        "skew": 6.46644926071,
        "var": 3004.77416992
    },
    "barkbands_skewness": {
        "kurt": 8.14225006104,
        "max": 26.776725769,
        "mean": 2.18502855301,
        "median": 1.31465923786,
        "min": -2.80430936813,
        "skew": 2.39776968956,
        "var": 11.4075813293
    },
    "barkbands_spread": {
        "kurt": -0.697531223297,
        "max": 66.0761184692,
        "mean": 21.5596904755,
        "median": 21.4753437042,
        "min": 0.195092231035,
        "skew": 0.28808966279,
        "var": 195.848693848
    },
    "dissonance": {
        "kurt": 4.48947572708,
        "max": 0.499999970198,
        "mean": 0.451370805502,
        "median": 0.4699896276,
        "min": 0.12421964854,
        "skew": -1.93468940258,
        "var": 0.00264755613171
    },
    "hfc": {
        "kurt": 25.5746135712,
        "max": 12.8702144623,
        "mean": 0.47766944766,
        "median": 0.0141831347719,
        "min": 1.06531129404e-11,
        "skew": 4.89283847809,
        "var": 2.79841971397
    },
    "pitch": {
        "kurt": 0.685384511948,
        "max": 4433.85888672,
        "mean": 1015.0960083,
        "median": 390.121337891,
        "min": 63.0024223328,
        "skew": 1.51774072647,
        "var": 1566940.75
    },
    "pitch_instantaneous_confidence": {
        "kurt": -0.917153120041,
        "max": 0.973748385906,
        "mean": 0.50122988224,
        "median": 0.465594291687,
        "min": 0.125099182129,
        "skew": 0.422921210527,
        "var": 0.0508292093873
    },
    "pitch_salience": {
        "kurt": 0.237807035446,
        "max": 0.972042143345,
        "mean": 0.571994543076,
        "median": 0.632147192955,
        "min": 0.0232485979795,
        "skew": -1.00625908375,
        "var": 0.0391788221896
    },
    "silence_rate_20dB": {
        "kurt": 0,
        "max": 1,
        "mean": 1,
        "median": 1,
        "min": 1,
        "skew": 0,
        "var": 0
    },
    "silence_rate_30dB": {
        "kurt": 0,
        "max": 1,
        "mean": 1,
        "median": 1,
        "min": 1,
        "skew": 0,
        "var": 0
    },
    "silence_rate_60dB": {
        "kurt": 10.3205728531,
        "max": 1,
        "mean": 0.934426248074,
        "median": 1,
        "min": 0,
        "skew": -3.51004600525,
        "var": 0.0612732432783
    },
    "spectral_centroid": {
        "kurt": 0.703314304352,
        "max": 4388.82910156,
        "mean": 1159.33642578,
        "median": 879.913635254,
        "min": 295.147186279,
        "skew": 1.150390625,
        "var": 641730.6875
    },
    "spectral_complexity": {
        "kurt": 21.1854801178,
        "max": 9,
        "mean": 0.423248887062,
        "median": 0,
        "min": 0,
        "skew": 4.14266061783,
        "var": 1.22473430634
    },
    "spectral_crest": {
        "kurt": -0.494807004929,
        "max": 26.9497108459,
        "mean": 12.1156806946,
        "median": 10.0858945847,
        "min": 3.03370475769,
        "skew": 0.795287370682,
        "var": 42.5779075623
    },
    "spectral_decrease": {
        "kurt": 40.2281341553,
        "max": -4.03684687175e-22,
        "mean": -2.38675884612e-10,
        "median": -3.86901968796e-12,
        "min": -9.57897228204e-09,
        "skew": -6.13512849808,
        "var": 1.1625061912e-18
    },
    "spectral_energy": {
        "kurt": 39.9351348877,
        "max": 0.037320561707,
        "mean": 0.000944142520893,
        "median": 1.61957104865e-05,
        "min": 2.48986774801e-15,
        "skew": 6.10968971252,
        "var": 1.77084566531e-05
    },
    "spectral_energyband_high": {
        "kurt": 104.031326294,
        "max": 0.000917216821108,
        "mean": 1.33408111651e-05,
        "median": 3.42971219425e-07,
        "min": 1.12538565553e-15,
        "skew": 9.64811038971,
        "var": 5.37609112783e-09
    },
    "spectral_energyband_low": {
        "kurt": 626.922302246,
        "max": 0.000371426518541,
        "mean": 1.42207761655e-06,
        "median": 2.38171253386e-07,
        "min": 4.24454562616e-17,
        "skew": 24.7437057495,
        "var": 2.1059068378e-10
    },
    "spectral_energyband_middle_high": {
        "kurt": 95.4774169922,
        "max": 0.00299423304386,
        "mean": 4.80915587104e-05,
        "median": 1.81352834261e-06,
        "min": 1.30982570337e-15,
        "skew": 8.55437088013,
        "var": 3.85707714656e-08
    },
    "spectral_energyband_middle_low": {
        "kurt": 40.8709373474,
        "max": 0.0371887236834,
        "mean": 0.000882668828126,
        "median": 8.98003509064e-06,
        "min": 4.11225661603e-17,
        "skew": 6.18826293945,
        "var": 1.73565986188e-05
    },
    "spectral_flatness_db": {
        "kurt": 1.16667795181,
        "max": 0.564536213875,
        "mean": 0.197242334485,
        "median": 0.168156176805,
        "min": 0.0754849612713,
        "skew": 1.22488713264,
        "var": 0.00815915968269
    },
    "spectral_flux": {
        "kurt": 13.0006008148,
        "max": 0.1577231884,
        "mean": 0.0111170364544,
        "median": 0.00307614309713,
        "min": 5.34880518899e-06,
        "skew": 3.47601318359,
        "var": 0.000538397871424
    },
    "spectral_kurtosis": {
        "kurt": 11.2585678101,
        "max": 35.0752677917,
        "mean": 5.12983608246,
        "median": 4.00125455856,
        "min": 0.223612785339,
        "skew": 2.75405287743,
        "var": 17.4863510132
    },
    "spectral_rms": {
        "kurt": 18.4474029541,
        "max": 0.00603409530595,
        "mean": 0.000393034977606,
        "median": 0.000125700811623,
        "min": 1.55856960671e-09,
        "skew": 4.13507509232,
        "var": 7.66639402627e-07
    },
    "spectral_rolloff": {
        "kurt": -1.21067798138,
        "max": 6481.49414062,
        "mean": 2032.46533203,
        "median": 1981.0546875,
        "min": 301.46484375,
        "skew": 0.36967086792,
        "var": 2331502.5
    },
    "spectral_skewness": {
        "kurt": 2.58617210388,
        "max": 4.76035833359,
        "mean": 1.73338484764,
        "median": 1.64560723305,
        "min": 0.265323936939,
        "skew": 1.21530139446,
        "var": 0.419164031744
    },
    "spectral_spread": {
        "kurt": 8.00699996948,
        "max": 16382791,
        "mean": 5219387,
        "median": 5153323.5,
        "min": 2071734.75,
        "skew": 1.47244882584,
        "var": 2.09139243418e+12
    },
    "spectral_strongpeak": {
        "kurt": 22.3621044159,
        "max": 2.55545806885,
        "mean": 0.132041409612,
        "median": 0.0255179256201,
        "min": 2.75011586837e-08,
        "skew": 4.50386333466,
        "var": 0.114143975079
    },
    "zerocrossingrate": {
        "kurt": 15.2970161438,
        "max": 0.49267578125,
        "mean": 0.0712512210011,
        "median": 0.0634765625,
        "min": 0.0087890625,
        "skew": 2.15045619011,
        "var": 0.00179394276347
    },
    "barkbands": {
        "kurt": [77.8838195801, 645.423278809, 630.072021484, 99.0623321533, 81.9132614136, 44.320022583, 285.392852783, 315.236846924, 275.564300537, 385.926300049, 85.6346054077, 302.18270874, 139.271011353, 98.0661849976, 197.333221436, 430.742584229, 97.669418335, 85.3871917725, 69.0225067139, 389.865234375, 155.764785767, 111.317230225, 71.7584381104, 114.984619141, 56.9180335999, 131.998382568, 188.116699219],
        "max": [1.58002308126e-07, 0.00012939341832, 0.000211185935768, 3.92684924009e-05, 0.00227583199739, 0.0371705815196, 0.00391272082925, 0.00230962829664, 0.0029279559385, 0.00106515898369, 0.00017530626792, 0.000124731552205, 0.000183121068403, 0.000151564541738, 0.000398332136683, 0.00196937471628, 0.000683089427184, 0.000390603701817, 0.000319515296724, 0.000724993064068, 0.000904423592146, 6.8135021138e-05, 5.65324762647e-06, 1.01177120087e-05, 5.11381222168e-06, 2.50950442648e-08, 3.24510707195e-09],
        "mean": [4.21019619168e-09, 3.82220207484e-07, 7.19723800557e-07, 6.7069436227e-07, 3.05744324578e-05, 0.000794513558503, 2.7037845939e-05, 1.33067351271e-05, 1.50056321218e-05, 4.11035171055e-06, 2.48258311331e-06, 9.01172541035e-07, 2.32521551879e-06, 2.14319675251e-06, 3.10275777338e-06, 7.71232862462e-06, 1.11148510769e-05, 7.05920183464e-06, 6.02373620495e-06, 5.28015107193e-06, 8.35632272356e-06, 9.49198636135e-07, 1.11404226288e-07, 1.45406374941e-07, 1.09060209752e-07, 4.8102638539e-10, 3.71868959237e-11],
        "median": [1.24246912758e-09, 5.73091369915e-08, 7.63488330335e-08, 5.63727766689e-08, 3.41313409535e-07, 1.94344465854e-06, 7.05274601387e-07, 1.97983879957e-07, 1.32037641265e-07, 4.72634020809e-08, 1.5201386816e-08, 2.56867078718e-08, 4.66425014167e-08, 3.45465025475e-08, 3.99357773517e-08, 7.0014955611e-08, 1.64141269465e-07, 3.07632092245e-07, 2.72044076155e-07, 2.52273878232e-07, 1.2357354251e-07, 3.63088688005e-08, 6.7592154096e-09, 4.73466643669e-09, 2.57037879869e-09, 5.58588973687e-11, 1.22270195271e-12],
        "min": [1.46945227836e-17, 2.00688574984e-17, 1.06979979997e-17, 7.99565684111e-18, 9.31465588483e-18, 2.83137905938e-18, 5.79292284636e-18, 7.476666354e-18, 5.59031446789e-18, 1.52663659759e-17, 3.88562467919e-17, 4.19232869194e-17, 6.06631348343e-18, 1.85901381502e-17, 1.46751899183e-17, 6.14576004537e-17, 1.08191677171e-16, 1.94281869234e-16, 4.40536806609e-16, 7.07338791285e-16, 1.51116209974e-16, 3.12932643064e-16, 1.15007102788e-16, 7.75196480044e-17, 7.82248757249e-17, 1.99195596697e-17, 3.03519470795e-18],
        "skew": [7.70305252075, 25.2762870789, 24.8365459442, 8.56116771698, 8.56524372101, 6.4534778595, 15.9014787674, 17.2509975433, 15.6715116501, 18.5889720917, 8.11213111877, 15.7777376175, 10.4583053589, 9.11033153534, 13.5364570618, 20.02617836, 8.8643693924, 8.45395469666, 7.68928146362, 17.9966087341, 11.7691793442, 9.52513408661, 7.74769258499, 9.62755584717, 6.85330963135, 9.82737350464, 11.6761550903],
        "var": [1.29546198335e-16, 2.52343666796e-11, 6.79686654181e-11, 6.30947117469e-12, 3.06194394284e-08, 1.65287274285e-05, 3.73007367216e-08, 1.31886706001e-08, 2.11601705047e-08, 2.25146323807e-09, 1.43407161146e-10, 3.48299063202e-11, 1.23177371081e-10, 1.11237082046e-10, 5.86692250337e-10, 7.3285923996e-09, 2.31556041008e-09, 8.52635295701e-10, 6.36338759463e-10, 1.01305419609e-09, 3.34209282471e-09, 2.0407163806e-11, 1.98907269778e-13, 4.64384498737e-13, 1.91066035064e-13, 2.27303090514e-18, 2.97186090057e-20],
        "cov": [[1.2973954684e-16, 7.25205384297e-15, 1.10539646149e-14, 4.40343418399e-15, 3.24189243159e-13, 1.25140878562e-11, 2.68857581597e-13, 4.10290257444e-14, 7.86942397097e-14, 6.63559258132e-15, 5.47710477233e-15, 6.25632807347e-15, 9.23044582798e-15, 1.14717678512e-14, 3.5658147374e-15, 3.13290111085e-14, 7.39979637895e-14, 4.05028387131e-14, 6.68512689867e-14, 1.07115650985e-14, 6.48460557034e-15, 3.51538938374e-15, 7.01179366216e-17, 6.38317676304e-16, 3.53184363401e-16, 2.71975331046e-18, 3.08433626737e-19], [7.25205384297e-15, 2.52720292609e-11, 4.12369895175e-11, 7.63284314226e-12, -2.19061054019e-12, -1.91389161464e-11, 1.71443553798e-11, 4.12780643e-11, -1.90750540363e-12, -1.20164755967e-13, -3.9995461912e-13, -1.06069544966e-13, -2.34924845419e-13, -1.45716121461e-13, -6.80231316153e-13, -1.31490304756e-12, -8.60083000914e-13, -7.45123689312e-13, -3.9636130207e-13, -6.44323515982e-13, -1.57205672091e-12, -8.54416431812e-14, -1.25962608399e-14, -4.89847539023e-15, 1.86715030102e-15, 1.98666045595e-16, 2.54015072734e-17], [1.10539646149e-14, 4.12369895175e-11, 6.8070112047e-11, 1.35186679559e-11, 5.82677732019e-13, -2.70062583407e-10, 4.41736924817e-11, 6.64374041892e-11, -2.14090377371e-12, -1.03159310521e-12, -5.9567406346e-13, -4.43398369778e-14, -2.99229743631e-13, -1.94740016756e-13, -1.27920775101e-12, 8.19248233705e-14, -2.15423612651e-13, -5.85060754184e-13, -5.0336237999e-13, -6.86714428404e-15, -2.57098335676e-12, -1.04698537437e-13, -8.8809795157e-15, 1.49133770654e-14, 2.19176229493e-14, 3.86437923998e-16, 3.78003937533e-17], [4.40343418399e-15, 7.63284314226e-12, 1.35186679559e-11, 6.31888855476e-12, 2.99283792193e-11, -5.06996528093e-11, 4.34292393714e-11, 2.37190198038e-11, -3.34668122208e-12, -5.42985849426e-13, 7.34481486048e-13, 7.1243283896e-14, 2.28073582156e-13, 1.95521645207e-13, -2.56524375309e-13, -2.32086615551e-12, 7.88327628003e-13, 1.21717848474e-12, 7.63537020068e-13, 1.32449552628e-13, -3.34840228461e-13, -3.37249471378e-15, 1.23357312931e-14, -6.38859735038e-15, 2.38148361437e-14, 3.27130450507e-16, 2.20063229425e-17], [3.24189243159e-13, -2.19061054019e-12, 5.82677732019e-13, 2.99283792193e-11, 3.06651379844e-08, 1.77747523367e-07, 2.5314486618e-10, 1.11733489128e-09, 9.529124885e-12, 7.29936684013e-12, 9.1283626491e-11, 8.42351466357e-11, 3.75598892266e-11, 6.59606258502e-11, -1.32428980976e-11, -1.18640965108e-11, 3.8941039282e-10, 2.69624128579e-10, 2.84057721789e-10, 3.37076829122e-12, -1.31820526716e-10, 1.5112971638e-11, -1.23582632842e-12, 1.44421573225e-12, 5.89051203648e-12, 2.1337832285e-14, 8.47643403899e-15], [1.25140878562e-11, -1.91389161464e-11, -2.70062583407e-10, -5.06996528093e-11, 1.77747523367e-07, 1.65533965628e-05, 1.32940854769e-07, 5.00096630773e-09, 3.24225410964e-08, 2.32739250094e-09, 4.65281191353e-09, 1.66971636517e-09, 9.16114029081e-09, 5.17429876723e-09, 1.59607382866e-09, 3.11904257977e-09, 3.06065999212e-08, 2.84804571038e-08, 3.15413508645e-08, 7.52217843569e-09, 2.31154317909e-09, 5.03759478576e-10, 2.5439997331e-12, 3.00126645758e-10, 4.45070785782e-10, 1.19412878023e-12, 3.93490036561e-13], [2.68857581597e-13, 1.71443553798e-11, 4.41736924817e-11, 4.34292393714e-11, 2.5314486618e-10, 1.32940854769e-07, 3.73564077449e-08, 1.43429745858e-09, 1.09771258749e-09, 1.40125566706e-09, 2.03318265002e-10, 1.26578039716e-10, 2.19580784111e-10, 7.86930021146e-10, 1.69705388631e-10, 2.03359454276e-10, 2.79390754976e-09, 1.23748611358e-09, 1.64459024177e-09, 3.46461248579e-10, 1.83162138234e-10, 9.58548657115e-11, 4.20254065922e-12, 1.86716041933e-11, 1.04669797135e-11, 1.30228957501e-13, 3.59724770655e-15], [4.10290257444e-14, 4.12780643e-11, 6.64374041892e-11, 2.37190198038e-11, 1.11733489128e-09, 5.00096630773e-09, 1.43429745858e-09, 1.32083552984e-08, 7.71730590543e-09, 1.15519614707e-10, 1.37239594689e-10, 2.48396494346e-11, 1.72020758749e-10, 7.98484334208e-11, 3.581820604e-11, 1.22654303381e-10, 4.99971730683e-10, 6.05751074301e-11, 1.79217560931e-11, 8.53550979896e-11, 3.5574061058e-11, 9.03413593933e-11, 1.39117294073e-11, 1.68052117361e-11, 8.35911461577e-12, 2.10639069121e-14, 1.02347562764e-15], [7.86942397097e-14, -1.90750540363e-12, -2.14090377371e-12, -3.34668122208e-12, 9.529124885e-12, 3.24225410964e-08, 1.09771258749e-09, 7.71730590543e-09, 2.11917541293e-08, 5.88231963139e-10, 1.17742246508e-10, 6.96944325168e-12, 9.37308564097e-10, 1.13997103424e-10, 4.59747032111e-11, 3.49282630596e-10, 9.22565523975e-10, 3.49430928637e-10, 3.38757771834e-10, 3.67654323652e-10, 2.2762557117e-10, 1.1665995947e-10, 1.22839897976e-11, 2.52169656684e-11, 1.43907585501e-11, 1.55062052608e-14, 8.11993894144e-16], [6.63559258132e-15, -1.20164755967e-13, -1.03159310521e-12, -5.42985849426e-13, 7.29936684013e-12, 2.32739250094e-09, 1.40125566706e-09, 1.15519614707e-10, 5.88231963139e-10, 2.25482366112e-09, 5.97262170277e-11, 1.36583678395e-11, 4.382082891e-11, 9.12901629291e-11, 6.5336638877e-11, 2.12880019168e-10, 1.30165989098e-09, 1.46986312011e-10, 1.91209492684e-10, 3.00627800431e-10, 3.23460508378e-10, 4.28288064735e-11, 4.04946692498e-12, 9.33958119176e-12, 1.98999996169e-12, 8.27083796687e-15, 1.30303842836e-16], [5.47710477233e-15, -3.9995461912e-13, -5.9567406346e-13, 7.34481486048e-13, 9.1283626491e-11, 4.65281191353e-09, 2.03318265002e-10, 1.37239594689e-10, 1.17742246508e-10, 5.97262170277e-11, 1.43621212145e-10, 2.34358487478e-11, 3.35490940584e-11, 3.07299810598e-11, 1.70932185073e-10, 3.13002929131e-10, 2.59883170539e-10, 2.15199039144e-10, 1.43232356531e-10, 1.57519414179e-10, 4.70341876557e-10, 2.50356783915e-11, 9.07210070955e-13, 2.50587419738e-12, 4.36077497896e-13, 2.61072389124e-15, 2.15228517564e-16], [6.25632807347e-15, -1.06069544966e-13, -4.43398369778e-14, 7.1243283896e-14, 8.42351466357e-11, 1.66971636517e-09, 1.26578039716e-10, 2.48396494346e-11, 6.96944325168e-12, 1.36583678395e-11, 2.34358487478e-11, 3.48818925133e-11, 7.63954784849e-12, 7.03219036821e-12, 8.29691437082e-12, 4.5549661265e-10, 6.75769509795e-11, 7.93404925092e-11, 8.13750664075e-11, 1.46233775089e-10, 5.88468856977e-11, 6.63634251719e-12, 6.14489687432e-13, 2.49529541994e-12, 3.46983618053e-13, 1.36709105984e-15, 9.35035170611e-17], [9.23044582798e-15, -2.34924845419e-13, -2.99229743631e-13, 2.28073582156e-13, 3.75598892266e-11, 9.16114029081e-09, 2.19580784111e-10, 1.72020758749e-10, 9.37308564097e-10, 4.382082891e-11, 3.35490940584e-11, 7.63954784849e-12, 1.23361210136e-10, 2.73381282889e-11, 1.19424720113e-10, 9.33348259791e-11, 1.76206688129e-10, 1.7552514997e-10, 1.07631834001e-10, 8.0301265637e-11, 2.96621310847e-10, 1.18803343899e-11, 9.93396554252e-13, 2.11476712877e-12, 1.35425720117e-12, 2.22223307701e-15, 2.25466273925e-16], [1.14717678512e-14, -1.45716121461e-13, -1.94740016756e-13, 1.95521645207e-13, 6.59606258502e-11, 5.17429876723e-09, 7.86930021146e-10, 7.98484334208e-11, 1.13997103424e-10, 9.12901629291e-11, 3.07299810598e-11, 7.03219036821e-12, 2.73381282889e-11, 1.1140310896e-10, 5.940507114e-11, 5.02306876649e-11, 1.96526878105e-10, 7.66432056709e-11, 8.32204444245e-11, 3.78447412297e-11, 6.84488021818e-11, 1.04994832273e-11, 2.54653638671e-13, 8.55791078194e-13, 3.82104748233e-13, 3.93419826e-15, 1.49023694487e-16], [3.5658147374e-15, -6.80231316153e-13, -1.27920775101e-12, -2.56524375309e-13, -1.32428980976e-11, 1.59607382866e-09, 1.69705388631e-10, 3.581820604e-11, 4.59747032111e-11, 6.5336638877e-11, 1.70932185073e-10, 8.29691437082e-12, 1.19424720113e-10, 5.940507114e-11, 5.87567938748e-10, 1.55236157262e-10, 4.6423917488e-10, 4.87487827883e-10, 2.39161662696e-10, 1.91391513749e-10, 1.21590215674e-09, 5.3683477802e-11, 1.90578672635e-12, 3.35483355506e-12, 4.34094600543e-13, 2.04099936652e-15, 3.91700559552e-17], [3.13290111085e-14, -1.31490304756e-12, 8.19248233705e-14, -2.32086615551e-12, -1.18640965108e-11, 3.11904257977e-09, 2.03359454276e-10, 1.22654303381e-10, 3.49282630596e-10, 2.12880019168e-10, 3.13002929131e-10, 4.5549661265e-10, 9.33348259791e-11, 5.02306876649e-11, 1.55236157262e-10, 7.33953076093e-09, 9.57734114237e-10, 1.19850362967e-09, 1.16350751256e-09, 2.29473529068e-09, 9.81887904317e-10, 1.25140856011e-10, 9.51173168007e-12, 3.96192974261e-11, 3.77022718601e-12, 8.99635980268e-15, 3.31093797076e-16], [7.39979637895e-14, -8.60083000914e-13, -2.15423612651e-13, 7.88327628003e-13, 3.8941039282e-10, 3.06065999212e-08, 2.79390754976e-09, 4.99971730683e-10, 9.22565523975e-10, 1.30165989098e-09, 2.59883170539e-10, 6.75769509795e-11, 1.76206688129e-10, 1.96526878105e-10, 4.6423917488e-10, 9.57734114237e-10, 2.31901653436e-09, 7.4997186239e-10, 6.76048383941e-10, 4.9763970722e-10, 1.15728737704e-09, 1.1946325873e-10, 5.79461565536e-12, 1.31890479441e-11, 5.13499008939e-12, 1.70943818725e-14, 7.66559523309e-16], [4.05028387131e-14, -7.45123689312e-13, -5.85060754184e-13, 1.21717848474e-12, 2.69624128579e-10, 2.84804571038e-08, 1.23748611358e-09, 6.05751074301e-11, 3.49430928637e-10, 1.46986312011e-10, 2.15199039144e-10, 7.93404925092e-11, 1.7552514997e-10, 7.66432056709e-11, 4.87487827883e-10, 1.19850362967e-09, 7.4997186239e-10, 8.53907888843e-10, 5.41456490755e-10, 5.63696644917e-10, 1.18694731821e-09, 6.70090372079e-11, 2.67711113694e-12, 8.43276230095e-12, 2.53972125448e-12, 9.59601931879e-15, 7.97232386274e-16], [6.68512689867e-14, -3.9636130207e-13, -5.0336237999e-13, 7.63537020068e-13, 2.84057721789e-10, 3.15413508645e-08, 1.64459024177e-09, 1.79217560931e-11, 3.38757771834e-10, 1.91209492684e-10, 1.43232356531e-10, 8.13750664075e-11, 1.07631834001e-10, 8.32204444245e-11, 2.39161662696e-10, 1.16350751256e-09, 6.76048383941e-10, 5.41456490755e-10, 6.3728849975e-10, 4.14989070885e-10, 5.93480098399e-10, 6.55043380648e-11, 2.2418297687e-12, 8.70821123544e-12, 2.78997463153e-12, 1.04764490811e-14, 5.49475302142e-16], [1.07115650985e-14, -6.44323515982e-13, -6.86714428404e-15, 1.32449552628e-13, 3.37076829122e-12, 7.52217843569e-09, 3.46461248579e-10, 8.53550979896e-11, 3.67654323652e-10, 3.00627800431e-10, 1.57519414179e-10, 1.46233775089e-10, 8.0301265637e-11, 3.78447412297e-11, 1.91391513749e-10, 2.29473529068e-09, 4.9763970722e-10, 5.63696644917e-10, 4.14989070885e-10, 1.01456620882e-09, 6.48775866363e-10, 6.67022617695e-11, 6.24689145898e-12, 1.64945106185e-11, 3.11595996401e-12, 1.18990485393e-14, 2.5765119658e-16], [6.48460557034e-15, -1.57205672091e-12, -2.57098335676e-12, -3.34840228461e-13, -1.31820526716e-10, 2.31154317909e-09, 1.83162138234e-10, 3.5574061058e-11, 2.2762557117e-10, 3.23460508378e-10, 4.70341876557e-10, 5.88468856977e-11, 2.96621310847e-10, 6.84488021818e-11, 1.21590215674e-09, 9.81887904317e-10, 1.15728737704e-09, 1.18694731821e-09, 5.93480098399e-10, 6.48775866363e-10, 3.34708105676e-09, 1.06153613677e-10, 7.25762202072e-12, 1.4282362619e-11, 1.98268766856e-12, 7.33849863743e-15, 1.73027072965e-16], [3.51538938374e-15, -8.54416431812e-14, -1.04698537437e-13, -3.37249471378e-15, 1.5112971638e-11, 5.03759478576e-10, 9.58548657115e-11, 9.03413593933e-11, 1.1665995947e-10, 4.28288064735e-11, 2.50356783915e-11, 6.63634251719e-12, 1.18803343899e-11, 1.04994832273e-11, 5.3683477802e-11, 1.25140856011e-10, 1.1946325873e-10, 6.70090372079e-11, 6.55043380648e-11, 6.67022617695e-11, 1.06153613677e-10, 2.04376238155e-11, 1.0988238314e-12, 1.55583120172e-12, 5.52836801945e-13, 3.19562703461e-15, 3.1035661073e-17], [7.01179366216e-17, -1.25962608399e-14, -8.8809795157e-15, 1.23357312931e-14, -1.23582632842e-12, 2.5439997331e-12, 4.20254065922e-12, 1.39117294073e-11, 1.22839897976e-11, 4.04946692498e-12, 9.07210070955e-13, 6.14489687432e-13, 9.93396554252e-13, 2.54653638671e-13, 1.90578672635e-12, 9.51173168007e-12, 5.79461565536e-12, 2.67711113694e-12, 2.2418297687e-12, 6.24689145898e-12, 7.25762202072e-12, 1.0988238314e-12, 1.99204151438e-13, 2.07825090145e-13, 1.25019000144e-13, 3.41500576215e-16, 4.67388272161e-18], [6.38317676304e-16, -4.89847539023e-15, 1.49133770654e-14, -6.38859735038e-15, 1.44421573225e-12, 3.00126645758e-10, 1.86716041933e-11, 1.68052117361e-11, 2.52169656684e-11, 9.33958119176e-12, 2.50587419738e-12, 2.49529541994e-12, 2.11476712877e-12, 8.55791078194e-13, 3.35483355506e-12, 3.96192974261e-11, 1.31890479441e-11, 8.43276230095e-12, 8.70821123544e-12, 1.64945106185e-11, 1.4282362619e-11, 1.55583120172e-12, 2.07825090145e-13, 4.65077629186e-13, 1.10663302794e-13, 3.03997213094e-16, 9.6908071694e-18], [3.53184363401e-16, 1.86715030102e-15, 2.19176229493e-14, 2.38148361437e-14, 5.89051203648e-12, 4.45070785782e-10, 1.04669797135e-11, 8.35911461577e-12, 1.43907585501e-11, 1.98999996169e-12, 4.36077497896e-13, 3.46983618053e-13, 1.35425720117e-12, 3.82104748233e-13, 4.34094600543e-13, 3.77022718601e-12, 5.13499008939e-12, 2.53972125448e-12, 2.78997463153e-12, 3.11595996401e-12, 1.98268766856e-12, 5.52836801945e-13, 1.25019000144e-13, 1.10663302794e-13, 1.9135120734e-13, 2.60210665449e-16, 1.27433815624e-17], [2.71975331046e-18, 1.98666045595e-16, 3.86437923998e-16, 3.27130450507e-16, 2.1337832285e-14, 1.19412878023e-12, 1.30228957501e-13, 2.10639069121e-14, 1.55062052608e-14, 8.27083796687e-15, 2.61072389124e-15, 1.36709105984e-15, 2.22223307701e-15, 3.93419826e-15, 2.04099936652e-15, 8.99635980268e-15, 1.70943818725e-14, 9.59601931879e-15, 1.04764490811e-14, 1.18990485393e-14, 7.33849863743e-15, 3.19562703461e-15, 3.41500576215e-16, 3.03997213094e-16, 2.60210665449e-16, 2.27642358642e-18, 6.40345004478e-20], [3.08433626737e-19, 2.54015072734e-17, 3.78003937533e-17, 2.20063229425e-17, 8.47643403899e-15, 3.93490036561e-13, 3.59724770655e-15, 1.02347562764e-15, 8.11993894144e-16, 1.30303842836e-16, 2.15228517564e-16, 9.35035170611e-17, 2.25466273925e-16, 1.49023694487e-16, 3.91700559552e-17, 3.31093797076e-16, 7.66559523309e-16, 7.97232386274e-16, 5.49475302142e-16, 2.5765119658e-16, 1.73027072965e-16, 3.1035661073e-17, 4.67388272161e-18, 9.6908071694e-18, 1.27433815624e-17, 6.40345004478e-20, 2.9762966566e-20]]
    },
    "mfcc": {
        "kurt": [-0.508318185806, -0.573254346848, 0.561821222305, -0.281720161438, 0.471188306808, -0.702276468277, -0.723350286484, 0.314588785172, -0.211142778397, 0.638282299042, 1.41007614136, -0.0193953514099, 0.938468694687],
        "max": [-755.661682129, 154.809112549, 67.3195495605, 83.0522842407, 37.8236427307, 21.917755127, 26.6191482544, 20.0711765289, 39.5900344849, 29.122133255, 48.6235466003, 35.3635940552, 32.817943573],
        "mean": [-1011.73052979, 63.0725822449, -2.16343569756, 29.8036689758, -3.85610294342, -23.0441627502, -13.9642658234, -17.0596523285, -10.0129489899, -7.91929626465, -0.846498310566, 4.06389713287, -1.40258729458],
        "median": [-1029.25415039, 60.49634552, 5.60507202148, 28.97539711, -1.73583984375, -23.8278121948, -13.0161437988, -14.7856903076, -7.70903396606, -5.82236480713, -0.523410797119, 2.60835647583, -1.09561157227],
        "min": [-1138.42004395, -8.78508758545, -131.408004761, -29.6376800537, -56.1384658813, -78.453704834, -55.8136482239, -77.6596221924, -47.7045555115, -58.3303718567, -45.547203064, -21.7514343262, -35.0675697327],
        "skew": [0.632974922657, 0.237290665507, -0.869929969311, 0.164103582501, -0.611971318722, -0.216941326857, -0.243341445923, -0.777998447418, -0.257452964783, -0.682067632675, -0.048932634294, 0.421039581299, -0.210367053747],
        "var": [8789.36035156, 1180.28320312, 1118.76708984, 324.331512451, 228.751800537, 425.974853516, 226.494949341, 282.008758545, 214.217895508, 173.93069458, 130.65977478, 100.652061462, 96.2998352051],
        "cov": [[8802.47851562, 2062.04638672, -2343.58666992, 772.296569824, -774.638549805, -1224.48754883, -635.272399902, -988.15447998, -188.418121338, -543.166442871, -181.370574951, 295.92086792, -130.741424561], [2062.04638672, 1182.04492188, -203.995773315, 238.212356567, -132.607772827, -474.629241943, -240.341537476, -354.804138184, -254.14906311, -212.969116211, -17.9263496399, 78.7666091919, -79.4731140137], [-2343.58666992, -203.995773315, 1120.43688965, -96.7743606567, 217.233169556, 200.272781372, 60.5097961426, 223.105895996, -76.9411392212, 102.709854126, 91.2245483398, -95.9487380981, 13.4470920563], [772.296569824, 238.212356567, -96.7743606567, 324.815582275, -10.7149200439, -143.708145142, -58.3050765991, -89.9784622192, -56.2327537537, -72.9285125732, -9.47112464905, 11.8247289658, -17.1959991455], [-774.638549805, -132.607772827, 217.233169556, -10.7149200439, 229.093215942, 161.523010254, 57.9598350525, 90.6644821167, 6.31965875626, 25.9419517517, 7.31433868408, -30.654504776, -1.44422376156], [-1224.48754883, -474.629241943, 200.272781372, -143.708145142, 161.523010254, 426.610626221, 212.635803223, 197.680709839, 130.911376953, 98.7668991089, 5.07199144363, -43.7801971436, 7.66606760025], [-635.272399902, -240.341537476, 60.5097961426, -58.3050765991, 57.9598350525, 212.635803223, 226.832992554, 144.225006104, 70.6026535034, 62.6029891968, -3.06021714211, -24.9993171692, -1.38753712177], [-988.15447998, -354.804138184, 223.105895996, -89.9784622192, 90.6644821167, 197.680709839, 144.225006104, 282.429656982, 135.411346436, 106.069473267, 17.0549678802, -40.9483528137, 16.2414913177], [-188.418121338, -254.14906311, -76.9411392212, -56.2327537537, 6.31965875626, 130.911376953, 70.6026535034, 135.411346436, 214.537612915, 108.105155945, -6.46610403061, 8.65527820587, 21.5756225586], [-543.166442871, -212.969116211, 102.709854126, -72.9285125732, 25.9419517517, 98.7668991089, 62.6029891968, 106.069473267, 108.105155945, 174.190292358, 69.9279022217, 4.53420639038, 27.8232078552], [-181.370574951, -17.9263496399, 91.2245483398, -9.47112464905, 7.31433868408, 5.07199144363, -3.06021714211, 17.0549678802, -6.46610403061, 69.9279022217, 130.854797363, 45.1013755798, 4.59026479721], [295.92086792, 78.7666091919, -95.9487380981, 11.8247289658, -30.654504776, -43.7801971436, -24.9993171692, -40.9483528137, 8.65527820587, 4.53420639038, 45.1013755798, 100.802284241, 36.3126716614], [-130.741424561, -79.4731140137, 13.4470920563, -17.1959991455, -1.44422376156, 7.66606760025, -1.38753712177, 16.2414913177, 21.5756225586, 27.8232078552, 4.59026479721, 36.3126716614, 96.443572998]]
    },
    "sccoeffs": {
        "kurt": [3.18273735046, 2.38284158707, 4.66218328476, 5.41721534729, 2.1391210556, 11.3189983368],
        "max": [-0.370552390814, -0.205574378371, -0.468494951725, -0.545996963978, -0.63099104166, -0.46695959568],
        "mean": [-0.781215786934, -0.761220693588, -0.83660787344, -0.852226853371, -0.851953625679, -0.825716674328],
        "median": [-0.802643597126, -0.792412817478, -0.854328870773, -0.864994168282, -0.858628690243, -0.830314338207],
        "min": [-0.966702461243, -0.97809278965, -0.959788560867, -0.957850933075, -0.965397000313, -0.943846046925],
        "skew": [1.54530072212, 1.38135695457, 1.78808677197, 1.87526321411, 1.14407718182, 2.35232162476],
        "var": [0.00784628745168, 0.0164279602468, 0.00459584593773, 0.00329132471234, 0.00210390868597, 0.00243712635711],
        "cov": [[0.00785799790174, 0.00563701847568, 0.00171304633841, 0.00110233342275, 0.00163760501891, 0.0010203308193], [0.00563701847568, 0.0164524782449, 0.00419913139194, 0.00237729796208, 0.00290359789506, 0.00215652701445], [0.00171304633841, 0.00419913139194, 0.00460270512849, 0.0020457089413, 0.00182842637878, 0.00176970288157], [0.00110233342275, 0.00237729796208, 0.0020457089413, 0.00329623720609, 0.00157908094116, 0.0017230976373], [0.00163760501891, 0.00290359789506, 0.00182842637878, 0.00157908094116, 0.00210704887286, 0.00146246980876], [0.0010203308193, 0.00215652701445, 0.00176970288157, 0.0017230976373, 0.00146246980876, 0.00244076387025]]
    },
    "scvalleys": {
        "kurt": [22.0188980103, 5.6250333786, 5.5897026062, 4.07600736618, 2.51892995834, 1.65049552917],
        "max": [-6.94144105911, -6.10833835602, -7.15977191925, -7.34885883331, -6.66310882568, -9.3922586441],
        "mean": [-9.98843860626, -9.31073474884, -10.5665693283, -10.6390419006, -10.3445463181, -12.6690120697],
        "median": [-9.96252441406, -9.29573917389, -10.5764627457, -10.6649055481, -10.2658939362, -12.6050548553],
        "min": [-20.43201828, -20.9795227051, -20.673286438, -21.0601825714, -19.8749694824, -21.1691913605],
        "skew": [-2.54063010216, -1.03288555145, -0.901298940182, -0.766012072563, -0.710254251957, -0.366821885109],
        "var": [0.93981808424, 2.27106571198, 1.71193134785, 2.03956747055, 2.11217164993, 1.90945386887],
        "cov": [[0.941220760345, 1.15544939041, 0.939389109612, 1.0032864809, 1.00206041336, 0.904151678085], [1.15544939041, 2.27445530891, 1.73796129227, 1.89686334133, 1.89763855934, 1.73777806759], [0.939389109612, 1.73796129227, 1.71448647976, 1.75474870205, 1.7375177145, 1.51663434505], [1.0032864809, 1.89686334133, 1.75474870205, 2.04261159897, 1.97130179405, 1.73308885098], [1.00206041336, 1.89763855934, 1.7375177145, 1.97130179405, 2.1153242588, 1.89109063148], [0.904151678085, 1.73777806759, 1.51663434505, 1.73308885098, 1.89109063148, 1.91230380535]]
    }
},
"rhythm": {
    "beats_loudness": {
        "kurt": 16.5157794952,
        "max": 0.0372472852468,
        "mean": 0.00219025975093,
        "median": 2.86697359115e-05,
        "min": 6.11074213452e-08,
        "skew": 4.20237398148,
        "var": 5.68352515984e-05
    },
    "bpm": 88.9728164673,
    "confidence": 1.15869998932,
    "first_peak_bpm": {
        "kurt": 0,
        "max": 105,
        "mean": 105,
        "median": 105,
        "min": 105,
        "skew": 0,
        "var": 0
    },
    "first_peak_spread": {
        "kurt": 0,
        "max": 0.444444477558,
        "mean": 0.444444477558,
        "median": 0.444444477558,
        "min": 0.444444477558,
        "skew": 0,
        "var": 0
    },
    "first_peak_weight": {
        "kurt": 0,
        "max": 0.217391297221,
        "mean": 0.217391297221,
        "median": 0.217391297221,
        "min": 0.217391297221,
        "skew": 0,
        "var": 0
    },
    "onset_rate": 3.7974293232,
    "second_peak_bpm": {
        "kurt": 0,
        "max": 89,
        "mean": 89,
        "median": 89,
        "min": 89,
        "skew": 0,
        "var": 0
    },
    "second_peak_spread": {
        "kurt": 0,
        "max": 0.399999976158,
        "mean": 0.399999976158,
        "median": 0.399999976158,
        "min": 0.399999976158,
        "skew": 0,
        "var": 0
    },
    "second_peak_weight": {
        "kurt": 0,
        "max": 0.260869562626,
        "mean": 0.260869562626,
        "median": 0.260869562626,
        "min": 0.260869562626,
        "skew": 0,
        "var": 0
    },
    "beats_loudness_band_ratio": {
        "kurt": [4.42710447311, -1.26376855373, 0.990771532059, 2.80136013031, 1.21489906311, 2.54639339447],
        "max": [0.555054724216, 0.996349573135, 0.779680252075, 0.289688378572, 0.650694549084, 0.74079567194],
        "mean": [0.0898179933429, 0.393223613501, 0.194445356727, 0.0586835034192, 0.153670817614, 0.14496190846],
        "median": [0.0365550816059, 0.243133068085, 0.122893899679, 0.0289988089353, 0.0667425319552, 0.0642156004906],
        "min": [3.50781301677e-05, 0.0213379915804, 0.000407192710554, 0.000503545626998, 0.00222823536023, 0.000499179121107],
        "skew": [2.34102201462, 0.628880620003, 1.60052001476, 1.92797648907, 1.49888002872, 1.70629715919],
        "var": [0.0221279617399, 0.121906585991, 0.0562186576426, 0.00596011243761, 0.0326744653285, 0.0328874439001],
        "cov": [[0.0230900458992, -0.00810616184026, -0.00504896370694, -0.000648741552141, -0.00279756938107, -0.00316106760874], [-0.00810616184026, 0.127206876874, -0.0336010977626, -0.011770083569, -0.0383123867214, -0.0389630272985], [-0.00504896370694, -0.0336010977626, 0.0586629472673, 0.000503268965986, -0.011217482388, -0.00610438967124], [-0.000648741552141, -0.011770083569, 0.000503268965986, 0.00621924782172, 0.00444587925449, 0.000777420704253], [-0.00279756938107, -0.0383123867214, -0.011217482388, 0.00444587925449, 0.0340950973332, 0.0129686687142], [-0.00316106760874, -0.0389630272985, -0.00610438967124, 0.000777420704253, 0.0129686687142, 0.0343173332512]]
    },
    "beats_position": [0.603718817234, 1.20743763447, 1.79954648018, 2.41487526894, 3.08825397491, 3.75002264977, 4.43501138687, 5.0967798233, 5.79337835312, 6.47836732864, 7.19818592072, 7.85995435715, 8.53333282471, 9.2067117691, 9.8800907135, 10.4257593155, 10.9946479797, 11.5519275665, 12.1208162308, 12.6780948639, 13.2469835281, 13.8158731461, 14.3847618103, 14.9652605057],
    "bpm_estimates": [89.1029052734, 90.6661224365, 87.5926818848, 90.6661529541, 86.1328277588, 87.5926513672, 90.6661529541, 89.102935791, 89.1028747559, 89.1028747559],
    "bpm_intervals": [0.603718817234, 0.592108845711, 0.615328788757, 0.673378705978, 0.66176867485, 0.684988737106, 0.661768436432, 0.696598529816, 0.684988975525, 0.719818592072, 0.661768436432, 0.67337846756, 0.673378944397, 0.673378944397, 0.54566860199, 0.568888664246, 0.557279586792, 0.568888664246, 0.557278633118, 0.568888664246, 0.56888961792, 0.568888664246, 0.580498695374],
    "onset_times": [0.197369620204, 0.545668959618, 0.661768734455, 0.789478480816, 0.940408170223, 1.19582772255, 1.369977355, 1.52090704441, 1.74149656296, 1.93886625767, 2.07818603516, 2.13623571396, 2.2523355484, 2.41487526894, 2.56580495834, 3.03020405769, 3.09986400604, 3.40172338486, 3.7151927948, 4.14476203918, 4.29569149017, 4.46984148026, 4.60916090012, 4.7020406723, 4.9806804657, 5.06195020676, 5.47990942001, 5.66566896439, 5.78176879883, 6.04879808426, 6.14167785645, 6.39709758759, 6.59446716309, 6.64090681076, 6.86149644852, 7.10530614853, 7.20979595184, 7.46521520615, 7.70902490616, 7.83673477173, 8.0224943161, 8.37079334259, 8.70748329163, 8.87002277374, 9.19510173798, 9.54340171814, 9.86848068237, 10.0078001022, 10.1471204758, 10.1935596466, 10.4141492844, 10.6463489532, 10.9830389023, 11.1339683533, 11.3777780533, 11.5287075043, 11.6796369553, 12.5736055374, 12.7941951752],
    "histogram": [[0, 0, 0, 0, 0, 0, 0, 0, 0, 0, 0, 0, 0, 0, 0, 0, 0, 0, 0, 0, 0, 0, 0, 0, 0, 0, 0, 0, 0, 0, 0, 0, 0, 0, 0, 0, 0, 0, 0, 0, 0, 0, 0, 0, 0, 0, 0, 0, 0, 0, 0, 0, 0, 0, 0, 0, 0, 0, 0, 0, 0, 0, 0, 0, 0, 0, 0, 0, 0, 0, 0, 0, 0, 0, 0, 0, 0, 0, 0, 0, 0, 0, 0, 0.0434782616794, 0, 0, 0.0434782616794, 0, 0.0869565233588, 0.173913046718, 0, 0.130434781313, 0, 0, 0, 0, 0, 0, 0.0434782616794, 0.0434782616794, 0, 0.0434782616794, 0, 0.0434782616794, 0, 0.217391297221, 0, 0, 0.0869565233588, 0, 0.0434782616794, 0, 0, 0, 0, 0, 0, 0, 0, 0, 0, 0, 0, 0, 0, 0, 0, 0, 0, 0, 0, 0, 0, 0, 0, 0, 0, 0, 0, 0, 0, 0, 0, 0, 0, 0, 0, 0, 0, 0, 0, 0, 0, 0, 0, 0, 0, 0, 0, 0, 0, 0, 0, 0, 0, 0, 0, 0, 0, 0, 0, 0, 0, 0, 0, 0, 0, 0, 0, 0, 0, 0, 0, 0, 0, 0, 0, 0, 0, 0, 0, 0, 0, 0, 0, 0, 0, 0, 0, 0, 0, 0, 0, 0, 0, 0, 0, 0, 0, 0, 0, 0, 0, 0, 0, 0, 0, 0, 0, 0, 0, 0, 0, 0, 0, 0, 0, 0, 0, 0, 0, 0, 0, 0, 0, 0, 0, 0, 0, 0, 0, 0, 0, 0, 0, 0, 0, 0, 0, 0]]
},
"sfx": {
    "inharmonicity": {
        "kurt": 4.36349916458,
        "max": 0.371369034052,
        "mean": 0.0458676591516,
        "median": 0.0105484900996,
        "min": 0,
        "skew": 2.11313843727,
        "var": 0.00504232104868
    },
    "oddtoevenharmonicenergyratio": {
        "kurt": 416.666046143,
        "max": 172.526184082,
        "mean": 1.0181504488,
        "median": 0.0590252876282,
        "min": 0,
        "skew": 19.0709781647,
        "var": 55.921875
    },
    "pitch_after_max_to_before_max_energy_ratio": 4.63915681839,
    "pitch_centroid": 351.643432617,
    "pitch_max_to_total": 0.207153499126,
    "pitch_min_to_total": 0.979135632515,
    "tristimulus": {
        "kurt": [-1.21393060684, 2.18658161163, -0.9397315979],
        "max": [1, 0.948111414909, 0.766845881939],
        "mean": [0.551500737667, 0.203159183264, 0.245340004563],
        "median": [0.547063231468, 0.142596423626, 0.221974045038],
        "min": [0, 0, 0],
        "skew": [-0.0732422471046, 1.50580203533, 0.377975553274],
        "var": [0.0991282910109, 0.0414813607931, 0.0412986427546],
        "cov": [[0.0992762446404, -0.0497295819223, -0.0495465174317], [-0.0497295819223, 0.0415432751179, 0.00818634591997], [-0.0495465174317, 0.00818634591997, 0.0413602814078]]
    }
},
"tonal": {
    "chords_changes_rate": 0.199404761195,
    "chords_number_rate": 0.0505952388048,
    "chords_strength": {
        "kurt": -0.159868478775,
        "max": 0.621852755547,
        "mean": 0.405642092228,
        "median": 0.403144001961,
        "min": 0.221801862121,
        "skew": 0.282412856817,
        "var": 0.00736144324765
    },
    "key_strength": 0.271213710308,
    "tuning_diatonic_strength": 0.318830609322,
    "tuning_equal_tempered_deviation": 0.246621891856,
    "tuning_frequency": 442.293365479,
    "tuning_nontempered_energy_ratio": 0.893767535686,
    "hpcp": {
