{
"metadata": {
    "version": {
        "essentia": "2.1-beta3"
    }
},
"lowLevel": {
    "average_loudness": 0.966516256332,
    "barkbands_kurtosis": {
        "kurt": 24.1090621948,
        "max": 87.686126709,
        "mean": 4.17449760437,
        "median": 0.257283210754,
        "min": -1.82381117344,
        "skew": 4.5053229332,
        "var": 144.788894653
    },
    "barkbands_skewness": {
        "kurt": 5.95043182373,
        "max": 4.49093770981,
        "mean": -0.837692916393,
        "median": -0.802974164486,
        "min": -8.12674045563,
        "skew": -1.21301555634,
        "var": 2.6183154583
    },
    "barkbands_spread": {
        "kurt": -1.12468290329,
        "max": 53.0764083862,
        "mean": 19.6288127899,
        "median": 13.6271123886,
        "min": 0.946337580681,
        "skew": 0.500085532665,
        "var": 227.90965271
    },
    "dissonance": {
        "kurt": 2.64271259308,
        "max": 0.499962687492,
        "mean": 0.480114609003,
        "median": 0.486945748329,
        "min": 0.386816203594,
        "skew": -1.70978474617,
        "var": 0.000518820248544
    },
    "hfc": {
        "kurt": 14.6925430298,
        "max": 630.587341309,
        "mean": 37.4473152161,
        "median": 0.322342157364,
        "min": 1.02880328257e-07,
        "skew": 3.85330653191,
        "var": 13940.3789062
    },
    "pitch": {
        "kurt": -1.04063785076,
        "max": 4187.06787109,
        "mean": 1562.73461914,
        "median": 1237.88964844,
        "min": 84.4395065308,
        "skew": 0.753473997116,
        "var": 1885336.875
    },
    "pitch_instantaneous_confidence": {
        "kurt": -0.704229354858,
        "max": 0.944586873055,
        "mean": 0.519774615765,
        "median": 0.479178011417,
        "min": 0.137613475323,
        "skew": 0.418672025204,
        "var": 0.0422488749027
    },
    "pitch_salience": {
        "kurt": -0.567226409912,
        "max": 0.914837777615,
        "mean": 0.659166872501,
        "median": 0.678213477135,
        "min": 0.349213540554,
        "skew": -0.349155426025,
        "var": 0.0159822516143
    },
    "silence_rate_20dB": {
        "kurt": 0,
        "max": 1,
        "mean": 1,
        "median": 1,
        "min": 1,
        "skew": 0,
        "var": 0
    },
    "silence_rate_30dB": {
        "kurt": 21.2896137238,
        "max": 1,
        "mean": 0.961904764175,
        "median": 1,
        "min": 0,
        "skew": -4.82592725754,
        "var": 0.0366439968348
    },
    "silence_rate_60dB": {
        "kurt": -1.09999668598,
        "max": 1,
        "mean": 0.714285731316,
        "median": 1,
        "min": 0,
        "skew": -0.948681116104,
        "var": 0.204081654549
    },
    "spectral_centroid": {
        "kurt": 0.35277056694,
        "max": 3976.2746582,
        "mean": 2346.39379883,
        "median": 2541.94482422,
        "min": 156.21711731,
        "skew": -0.569422543049,
        "var": 637392.25
    },
    "spectral_complexity": {
        "kurt": 5.12100601196,
        "max": 40,
        "mean": 4.67619037628,
        "median": 0,
        "min": 0,
        "skew": 2.39165401459,
        "var": 77.5522689819
    },
    "spectral_crest": {
        "kurt": 0.149260520935,
        "max": 23.1809997559,
        "mean": 10.2489690781,
        "median": 9.59721755981,
        "min": 3.13813233376,
        "skew": 0.851679325104,
        "var": 23.5130977631
    },
    "spectral_decrease": {
        "kurt": 12.820892334,
        "max": -7.58979736484e-18,
        "mean": -2.71844147193e-09,
        "median": -3.50735308852e-11,
        "min": -4.3830404195e-08,
        "skew": -3.63126468658,
        "var": 6.91480640447e-17
    },
    "spectral_energy": {
        "kurt": 13.1671619415,
        "max": 0.222622171044,
        "mean": 0.013656610623,
        "median": 0.000163272634381,
        "min": 3.79772220616e-11,
        "skew": 3.67571949959,
        "var": 0.00176772091072
    },
    "spectral_energyband_high": {
        "kurt": 42.7493286133,
        "max": 0.0538425520062,
        "mean": 0.00157911609858,
        "median": 1.67656598933e-05,
        "min": 1.17522875112e-11,
        "skew": 6.29221200943,
        "var": 4.18717572757e-05
    },
    "spectral_energyband_low": {
        "kurt": 89.1226501465,
        "max": 0.000273958808975,
        "mean": 4.24056634074e-06,
        "median": 1.18877785837e-07,
        "min": 1.52883185712e-12,
        "skew": 9.33947849274,
        "var": 7.40023042844e-10
    },
    "spectral_energyband_middle_high": {
        "kurt": 11.1915664673,
        "max": 0.183204680681,
        "mean": 0.0119447149336,
        "median": 9.01973180589e-05,
        "min": 1.20929004657e-11,
        "skew": 3.45541930199,
        "var": 0.00134304689709
    },
    "spectral_energyband_middle_low": {
        "kurt": 24.809841156,
        "max": 0.00620060181245,
        "mean": 0.000317846483085,
        "median": 5.76151160203e-06,
        "min": 1.301955245e-11,
        "skew": 4.76037979126,
        "var": 9.0171647571e-07
    },
    "spectral_flatness_db": {
        "kurt": -0.524623394012,
        "max": 0.472308963537,
        "mean": 0.216387122869,
        "median": 0.21970719099,
        "min": 0.0492546632886,
        "skew": 0.155176788568,
        "var": 0.00815422553569
    },
    "spectral_flux": {
        "kurt": 6.69106388092,
        "max": 0.561185419559,
        "mean": 0.0599270649254,
        "median": 0.0138814430684,
        "min": 3.1997122278e-05,
        "skew": 2.64209079742,
        "var": 0.0121732437983
    },
    "spectral_kurtosis": {
        "kurt": 36.5774879456,
        "max": 69.0018768311,
        "mean": 6.55699253082,
        "median": 5.09721946716,
        "min": 1.06190538406,
        "skew": 5.67213106155,
        "var": 67.6117095947
    },
    "spectral_rms": {
        "kurt": 6.66865158081,
        "max": 0.0147374477237,
        "mean": 0.00171316950582,
        "median": 0.000399112002924,
        "min": 1.92486226069e-07,
        "skew": 2.72403740883,
        "var": 1.03885749922e-05
    },
    "spectral_rolloff": {
        "kurt": 6.00260639191,
        "max": 5124.90234375,
        "mean": 3557.6953125,
        "median": 3768.31054688,
        "min": 193.798828125,
        "skew": -2.24841952324,
        "var": 720053.5625
    },
    "spectral_skewness": {
        "kurt": 23.7025470734,
        "max": 6.86979818344,
        "mean": 1.65046334267,
        "median": 1.46962404251,
        "min": 0.863850533962,
        "skew": 4.4074921608,
        "var": 0.625266671181
    },
    "spectral_spread": {
        "kurt": 4.96187829971,
        "max": 13516062,
        "mean": 4316593,
        "median": 3823107.5,
        "min": 932986.5625,
        "skew": 1.77535009384,
        "var": 3.45565088973e+12
    },
    "spectral_strongpeak": {
        "kurt": 15.7600288391,
        "max": 24.9280719757,
        "mean": 1.65421903133,
        "median": 0.186611264944,
        "min": 7.66598532209e-06,
        "skew": 3.6384768486,
        "var": 13.8555431366
    },
    "zerocrossingrate": {
        "kurt": 6.75478363037,
        "max": 0.30908203125,
        "mean": 0.117861792445,
        "median": 0.11669921875,
        "min": 0.01171875,
        "skew": 0.838580012321,
        "var": 0.00134160835296
    },
    "barkbands": {
        "kurt": [43.029586792, 33.822429657, 92.4650878906, 80.6834564209, 15.4834365845, 41.0888824463, 19.1113529205, 50.4191398621, 28.1808738708, 26.5330066681, 33.8197441101, 32.0086975098, 37.3288078308, 30.2158088684, 27.7128334045, 11.1298866272, 23.3503799438, 40.1413764954, 15.7585792542, 29.4369812012, 65.0620574951, 17.2860298157, 21.7551860809, 24.3157997131, 14.780330658, 33.0046043396, 29.3441085815],
        "max": [7.14185773631e-07, 6.49987487122e-06, 0.000203015501029, 9.14393240237e-05, 9.42181504797e-05, 0.0013748370111, 0.00219776621088, 0.00589175475761, 0.000709761981852, 0.00577454455197, 0.0204647034407, 0.031996153295, 0.0159033574164, 0.00713904481381, 0.000698497286066, 0.00137305993121, 0.104392118752, 0.0827315673232, 0.0240590907633, 0.0688882470131, 0.00737099722028, 0.00155532790814, 0.000173287946382, 0.000115622155135, 3.07114860334e-05, 7.49308981085e-07, 4.1764039338e-08],
        "mean": [2.2828379187e-08, 2.72431037729e-07, 2.82220457848e-06, 1.61536650012e-06, 5.58575675313e-06, 3.81053505407e-05, 0.000105088860437, 0.000131379376398, 2.63715701294e-05, 0.000193239087821, 0.00056996953208, 0.000944682804402, 0.000425093690865, 0.000209984791582, 2.75041948044e-05, 9.9106640846e-05, 0.00405940227211, 0.00278730806895, 0.00119217799511, 0.00255238916725, 0.000189224723727, 8.07239630376e-05, 7.52009236749e-06, 5.10414110977e-06, 1.89776892512e-06, 2.88528489989e-08, 1.84033677186e-09],
        "median": [1.23560006671e-09, 3.61990935005e-08, 3.86936918062e-08, 3.14269357204e-08, 2.00125128913e-07, 6.28984196283e-07, 3.50241890601e-07, 2.57607638332e-07, 2.56133716903e-07, 4.72085361025e-07, 1.88066536566e-07, 8.20349953301e-07, 1.54103736349e-06, 9.49874845446e-07, 9.52191214765e-07, 1.22273365832e-06, 7.91920137999e-06, 1.6098296328e-05, 8.02048634796e-06, 1.8968286895e-05, 5.26117764821e-06, 1.27507780689e-06, 6.11692385633e-08, 1.05329355904e-07, 7.35166381105e-08, 2.92608381969e-10, 2.43116065474e-11],
        "min": [2.86641966673e-13, 1.0626686163e-12, 2.10646834719e-13, 4.83859046579e-13, 7.3826760677e-12, 2.58430386466e-12, 8.15786023803e-13, 5.05207366826e-13, 9.36564411094e-13, 3.66413198611e-13, 3.71013224483e-13, 2.8306214794e-13, 7.0082589905e-13, 4.75374676689e-13, 6.50731530293e-13, 8.30270422726e-13, 1.31445245313e-12, 1.74271263653e-12, 3.19173788961e-12, 5.21715049634e-12, 4.44446346046e-12, 1.94631268567e-12, 5.48670321416e-13, 6.38891283627e-13, 8.60421217781e-13, 1.20760823216e-13, 5.51408834839e-15],
        "skew": [6.1044383049, 5.5905790329, 9.57035255432, 8.76051807404, 3.83569383621, 6.42378377914, 4.32856035233, 7.01396512985, 5.32351970673, 5.14775037766, 5.68455982208, 5.61084842682, 5.94583129883, 5.63393592834, 5.0493350029, 3.38823246956, 4.67007017136, 5.89300060272, 3.88127017021, 5.29376268387, 7.62661600113, 4.12745094299, 4.66613292694, 4.90847730637, 3.78602051735, 5.428814888, 5.20576286316],
        "var": [7.05132397513e-15, 7.30924923451e-13, 4.00389721378e-10, 8.61983956435e-11, 2.57944499094e-10, 3.40884085404e-08, 1.24176992244e-07, 4.85198938804e-07, 1.19105800778e-08, 7.22110030438e-07, 7.1149897849e-06, 1.92013321794e-05, 4.02548130296e-06, 1.19242315577e-06, 8.8402982712e-09, 7.58317781901e-08, 0.000225109237363, 9.89869440673e-05, 1.44580926644e-05, 9.05536144273e-05, 6.1277921759e-07, 6.92888662002e-08, 7.93724364012e-10, 3.39448080755e-10, 2.6217229776e-11, 9.46101836062e-15, 3.51104884281e-17],
        "cov": [[7.11912557442e-15, 2.20721437817e-14, -2.86823821259e-14, 9.64470135158e-14, -6.01887111115e-14, 1.44867809155e-12, 1.06834853464e-11, 5.02886551845e-11, 8.07094029196e-13, 5.45565459129e-12, 1.71838862584e-10, 1.75580883166e-10, 1.8578071373e-11, 7.95014123978e-11, 1.91191138442e-12, 1.08582691449e-11, 6.21815987589e-10, 7.49626916097e-10, 2.45018144662e-10, 5.88978699145e-10, 3.84451567803e-11, 7.40002416982e-12, 1.39039138276e-12, 1.19943584145e-12, 2.45479038572e-13, 3.7106683828e-15, 2.48631036845e-16], [2.20721437817e-14, 7.37953047194e-13, 1.05909048892e-11, 4.89568541956e-12, 5.3836757101e-12, 6.78604871948e-12, 1.64994851115e-10, 2.72014327729e-10, -1.5863623349e-12, 1.57708318627e-10, 1.34343847158e-09, 3.43821388027e-10, 3.70266040051e-10, 4.34687202899e-10, 1.73377718432e-11, 7.37295016706e-11, 7.57721263511e-09, 2.02827465934e-09, 1.28621435724e-09, 3.77405307006e-09, 1.16587864363e-10, 6.2329849615e-11, 1.22724391413e-11, 8.14789902215e-12, 2.35129754209e-12, 2.41438965852e-14, 1.09444153027e-15], [-2.86823821259e-14, 1.05909048892e-11, 4.04239614005e-10, 1.83684928379e-10, 1.88317680894e-10, 2.07264233554e-10, 2.5336086007e-10, 5.90981638626e-11, -6.08813277569e-11, -4.19403733964e-10, 5.87382573136e-11, -2.07027661681e-09, -9.60411528084e-10, -2.02699905472e-11, -6.29748961312e-11, -1.97427643678e-10, -2.79526957137e-09, -5.07375563785e-09, -1.71985981012e-09, -2.25107021912e-09, -3.53059026459e-10, -1.50032000712e-10, -6.37171522141e-12, 5.55807136426e-13, 1.17638776324e-12, 3.30490368687e-14, 1.64759671411e-15], [9.64470135158e-14, 4.89568541956e-12, 1.83684928379e-10, 8.70272257036e-11, 8.98360413837e-11, 1.90091470342e-10, 2.16941409281e-10, 9.48337963713e-10, -2.69971388994e-11, -1.99697827719e-10, 1.81153003709e-09, 2.08947570357e-09, -4.69837835304e-10, 1.05043507226e-09, -2.77399093279e-11, 2.53873658207e-11, 2.14228590423e-09, 1.04862731831e-08, 1.7137028463e-09, 4.53355797347e-09, 1.5673926046e-10, -4.02158063795e-11, 5.03677221458e-12, 1.42907543438e-11, 3.4744704943e-12, 6.01791226985e-14, 4.09000700603e-15], [-6.01887111115e-14, 5.3836757101e-12, 1.88317680894e-10, 8.98360413837e-11, 2.60424737331e-10, 2.67520505748e-10, 1.02316721762e-09, 5.16178155774e-10, 3.70498007274e-11, -6.96679158807e-10, -1.27536925465e-09, -3.62898733286e-09, -2.00237537662e-09, -4.60682297865e-10, -9.78961425813e-11, -4.86244343401e-11, -1.20446710383e-08, -9.61907531405e-09, -3.95172339296e-09, -7.89078313801e-09, -6.38989361423e-10, -2.48368714484e-10, -1.9304665505e-11, 1.37487521368e-11, 1.24969279716e-11, 2.43900413104e-13, 1.52354664258e-14], [1.44867809155e-12, 6.78604871948e-12, 2.07264233554e-10, 1.90091470342e-10, 2.67520505748e-10, 3.44161819044e-08, 9.36695343512e-09, -1.80318882048e-09, 1.00232995237e-08, -9.16091591474e-10, 5.60216095735e-09, 4.54173317621e-07, -3.14742165664e-09, -2.11565209796e-09, 8.33665192435e-10, 1.73226553102e-08, 8.42634619858e-07, 1.21707515177e-07, 1.69943717765e-07, 2.06597377428e-07, 1.33519417744e-08, 2.3980344821e-08, 6.79510170354e-10, 4.613925908e-10, 1.33786620671e-10, 2.08044779321e-12, 8.19976410989e-14], [1.06834853464e-11, 1.64994851115e-10, 2.5336086007e-10, 2.16941409281e-10, 1.02316721762e-09, 9.36695343512e-09, 1.25371002468e-07, 9.78566916388e-08, -7.34616326103e-11, 8.72878160862e-08, 6.69589212521e-07, 6.83156642367e-08, 1.92692368728e-07, 2.27502923167e-07, 1.36986386678e-08, 3.96431261152e-08, 3.14399449053e-06, 1.36223889058e-06, 8.14173290564e-07, 2.3443592454e-06, 1.59358123142e-07, 3.02267899599e-08, 7.02395874796e-09, 4.86409046374e-09, 1.56356416703e-09, 2.97031010899e-11, 1.66446034473e-12], [5.02886551845e-11, 2.72014327729e-10, 5.90981638626e-11, 9.48337963713e-10, 5.16178155774e-10, -1.80318882048e-09, 9.78566916388e-08, 4.89864362407e-07, 1.14065712431e-09, -2.16541948816e-08, 1.51456561071e-06, 1.00825479876e-06, -3.90915353421e-08, 6.69364339956e-07, 1.97752458853e-09, 5.82887231815e-08, 5.33621323484e-06, 5.19348941452e-06, 1.55565555815e-06, 4.4357684601e-06, 1.96321494172e-07, 2.61998618356e-08, 9.80309788901e-09, 9.772995746e-09, 2.07785544326e-09, 2.24604571053e-11, 1.49371986134e-12], [8.07094029196e-13, -1.5863623349e-12, -6.08813277569e-11, -2.69971388994e-11, 3.70498007274e-11, 1.00232995237e-08, -7.34616326103e-11, 1.14065712431e-09, 1.20251053559e-08, -1.98527216888e-09, 2.90114399171e-09, 2.31039393839e-07, -5.60044810527e-09, -9.4270535822e-10, 3.22427390342e-10, 9.36294330955e-09, 4.14781681002e-07, 6.86569165964e-08, 8.9435197026e-08, 9.8777682922e-08, 6.74229960751e-09, 1.24476020602e-08, 3.0338875856e-10, 2.11749520695e-10, 4.44966043178e-11, 2.59421146674e-13, 6.31483221562e-15], [5.45565459129e-12, 1.57708318627e-10, -4.19403733964e-10, -1.99697827719e-10, -6.96679158807e-10, -9.16091591474e-10, 8.72878160862e-08, -2.16541948816e-08, -1.98527216888e-09, 7.29053397208e-07, 8.02709863024e-08, 4.39955954334e-07, 1.55864358931e-06, -2.75213398737e-08, 6.82354936998e-08, 1.81743544658e-07, 5.98087581238e-06, 2.31101535064e-06, 1.11622568966e-06, 1.40635506796e-06, 1.33761233201e-07, 1.17806884248e-07, 9.45001410457e-09, 1.04235553522e-09, 1.11653741808e-09, 2.00510441584e-11, 3.20964554847e-13], [1.71838862584e-10, 1.34343847158e-09, 5.87382573136e-11, 1.81153003709e-09, -1.27536925465e-09, 5.60216095735e-09, 6.69589212521e-07, 1.51456561071e-06, 2.90114399171e-09, 8.02709863024e-08, 7.18340288586e-06, 2.54596920968e-06, 2.92968422855e-07, 2.73575165011e-06, 5.34160307097e-08, 2.75042623343e-07, 2.66745137196e-05, 1.8177608581e-05, 7.64553442423e-06, 2.22386643145e-05, 1.28768726881e-06, 1.86804371083e-07, 5.60336346211e-08, 4.45754650968e-08, 1.00587458363e-08, 1.47695286556e-10, 8.72095364673e-12], [1.75580883166e-10, 3.43821388027e-10, -2.07027661681e-09, 2.08947570357e-09, -3.62898733286e-09, 4.54173317621e-07, 6.83156642367e-08, 1.00825479876e-06, 2.31039393839e-07, 4.39955954334e-07, 2.54596920968e-06, 1.93859614228e-05, 4.10940970141e-07, 1.36866628964e-06, 4.64859795102e-08, 6.63946934765e-07, 2.75148086075e-05, 2.2005286155e-05, 9.04238277144e-06, 1.47964601638e-05, 9.34322656576e-07, 8.89833358997e-07, 2.9589513062e-08, 2.64441926134e-08, 5.48386935861e-09, 5.37821454039e-11, 3.02142555766e-12], [1.8578071373e-11, 3.70266040051e-10, -9.60411528084e-10, -4.69837835304e-10, -2.00237537662e-09, -3.14742165664e-09, 1.92692368728e-07, -3.90915353421e-08, -5.60044810527e-09, 1.55864358931e-06, 2.92968422855e-07, 4.10940970141e-07, 4.06418803323e-06, -1.93241387336e-08, 1.79224628027e-07, 4.15957742916e-07, 1.46460861288e-05, 6.06357525612e-06, 2.7889809644e-06, 3.59953378393e-06, 3.93350831018e-07, 2.49688753229e-07, 3.00074844972e-08, 3.95437993461e-09, 2.8840867472e-09, 4.86555275236e-11, 1.01745640992e-12], [7.95014123978e-11, 4.34687202899e-10, -2.02699905472e-11, 1.05043507226e-09, -4.60682297865e-10, -2.11565209796e-09, 2.27502923167e-07, 6.69364339956e-07, -9.4270535822e-10, -2.75213398737e-08, 2.73575165011e-06, 1.36866628964e-06, -1.93241387336e-08, 1.20388881442e-06, 1.85833144428e-08, 9.97067033381e-08, 9.63568709267e-06, 8.68445840752e-06, 3.31539877152e-06, 9.5731793408e-06, 6.13221004642e-07, 6.81946588088e-08, 2.27407586095e-08, 1.88829254455e-08, 4.10635747627e-09, 6.46239450841e-11, 3.86688988122e-12], [1.91191138442e-12, 1.73377718432e-11, -6.29748961312e-11, -2.77399093279e-11, -9.78961425813e-11, 8.33665192435e-10, 1.36986386678e-08, 1.97752458853e-09, 3.22427390342e-10, 6.82354936998e-08, 5.34160307097e-08, 4.64859795102e-08, 1.79224628027e-07, 1.85833144428e-08, 8.92530138685e-09, 2.07935286767e-08, 7.90847991539e-07, 4.23217642265e-07, 2.08148932757e-07, 3.7854636048e-07, 3.92439609698e-08, 1.37132794009e-08, 1.86912263445e-09, 5.44283951243e-10, 2.07863531942e-10, 4.29455386183e-12, 1.65405463306e-13], [1.08582691449e-11, 7.37295016706e-11, -1.97427643678e-10, 2.53873658207e-11, -4.86244343401e-11, 1.73226553102e-08, 3.96431261152e-08, 5.82887231815e-08, 9.36294330955e-09, 1.81743544658e-07, 2.75042623343e-07, 6.63946934765e-07, 4.15957742916e-07, 9.97067033381e-08, 2.07935286767e-08, 7.65609300402e-08, 3.22028290611e-06, 1.53439339101e-06, 7.148230452e-07, 1.33945206926e-06, 9.68238182963e-08, 5.56070105517e-08, 5.13231013244e-09, 2.27723528923e-09, 7.15454917533e-10, 1.04375058943e-11, 4.19486738098e-13], [6.21815987589e-10, 7.57721263511e-09, -2.79526957137e-09, 2.14228590423e-09, -1.20446710383e-08, 8.42634619858e-07, 3.14399449053e-06, 5.33621323484e-06, 4.14781681002e-07, 5.98087581238e-06, 2.66745137196e-05, 2.75148086075e-05, 1.46460861288e-05, 9.63568709267e-06, 7.90847991539e-07, 3.22028290611e-06, 0.000227273747441, 7.14589259587e-05, 4.16820766986e-05, 0.0001035659443, 5.64931542613e-06, 2.71699150289e-06, 3.4753858813e-07, 1.99468871642e-07, 5.65168676303e-08, 6.5903282831e-10, 2.71804592722e-11], [7.49626916097e-10, 2.02827465934e-09, -5.07375563785e-09, 1.04862731831e-08, -9.61907531405e-09, 1.21707515177e-07, 1.36223889058e-06, 5.19348941452e-06, 6.86569165964e-08, 2.31101535064e-06, 1.8177608581e-05, 2.2005286155e-05, 6.06357525612e-06, 8.68445840752e-06, 4.23217642265e-07, 1.53439339101e-06, 7.14589259587e-05, 9.99387411866e-05, 3.25909859384e-05, 7.29809689801e-05, 5.63785033592e-06, 1.23847041777e-06, 1.81421967227e-07, 1.37552902402e-07, 2.97704900731e-08, 5.28953547629e-10, 3.00952873733e-11], [2.45018144662e-10, 1.28621435724e-09, -1.71985981012e-09, 1.7137028463e-09, -3.95172339296e-09, 1.69943717765e-07, 8.14173290564e-07, 1.55565555815e-06, 8.9435197026e-08, 1.11622568966e-06, 7.64553442423e-06, 9.04238277144e-06, 2.7889809644e-06, 3.31539877152e-06, 2.08148932757e-07, 7.148230452e-07, 4.16820766986e-05, 3.25909859384e-05, 1.45971125676e-05, 3.37246419804e-05, 2.594407988e-06, 7.24129563423e-07, 9.33040880113e-08, 6.08692616311e-08, 1.46002454571e-08, 2.62061206069e-10, 1.3505816257e-11], [5.88978699145e-10, 3.77405307006e-09, -2.25107021912e-09, 4.53355797347e-09, -7.89078313801e-09, 2.06597377428e-07, 2.3443592454e-06, 4.4357684601e-06, 9.8777682922e-08, 1.40635506796e-06, 2.22386643145e-05, 1.47964601638e-05, 3.59953378393e-06, 9.5731793408e-06, 3.7854636048e-07, 1.33945206926e-06, 0.0001035659443, 7.29809689801e-05, 3.37246419804e-05, 9.14243209991e-05, 6.63438231641e-06, 1.23671202346e-06, 2.39942181679e-07, 1.68311117932e-07, 4.02766282548e-08, 7.01435742823e-10, 3.75825343069e-11], [3.84451567803e-11, 1.16587864363e-10, -3.53059026459e-10, 1.5673926046e-10, -6.38989361423e-10, 1.33519417744e-08, 1.59358123142e-07, 1.96321494172e-07, 6.74229960751e-09, 1.33761233201e-07, 1.28768726881e-06, 9.34322656576e-07, 3.93350831018e-07, 6.13221004642e-07, 3.92439609698e-08, 9.68238182963e-08, 5.64931542613e-06, 5.63785033592e-06, 2.594407988e-06, 6.63438231641e-06, 6.18671322172e-07, 9.39541848766e-08, 1.78855721344e-08, 1.13450280281e-08, 2.72265210377e-09, 6.21399459666e-11, 3.33176975592e-12], [7.40002416982e-12, 6.2329849615e-11, -1.50032000712e-10, -4.02158063795e-11, -2.48368714484e-10, 2.3980344821e-08, 3.02267899599e-08, 2.61998618356e-08, 1.24476020602e-08, 1.17806884248e-07, 1.86804371083e-07, 8.89833358997e-07, 2.49688753229e-07, 6.81946588088e-08, 1.37132794009e-08, 5.56070105517e-08, 2.71699150289e-06, 1.23847041777e-06, 7.24129563423e-07, 1.23671202346e-06, 9.39541848766e-08, 6.99551065964e-08, 4.01479915979e-09, 2.00300354081e-09, 6.06481198595e-10, 9.0530733951e-12, 3.21270489595e-13], [1.39039138276e-12, 1.22724391413e-11, -6.37171522141e-12, 5.03677221458e-12, -1.9304665505e-11, 6.79510170354e-10, 7.02395874796e-09, 9.80309788901e-09, 3.0338875856e-10, 9.45001410457e-09, 5.60336346211e-08, 2.9589513062e-08, 3.00074844972e-08, 2.27407586095e-08, 1.86912263445e-09, 5.13231013244e-09, 3.4753858813e-07, 1.81421967227e-07, 9.33040880113e-08, 2.39942181679e-07, 1.78855721344e-08, 4.01479915979e-09, 8.01356314639e-10, 4.42402975365e-10, 1.17690510115e-10, 1.97710185897e-12, 9.79710832859e-14], [1.19943584145e-12, 8.14789902215e-12, 5.55807136426e-13, 1.42907543438e-11, 1.37487521368e-11, 4.613925908e-10, 4.86409046374e-09, 9.772995746e-09, 2.11749520695e-10, 1.04235553522e-09, 4.45754650968e-08, 2.64441926134e-08, 3.95437993461e-09, 1.88829254455e-08, 5.44283951243e-10, 2.27723528923e-09, 1.99468871642e-07, 1.37552902402e-07, 6.08692616311e-08, 1.68311117932e-07, 1.13450280281e-08, 2.00300354081e-09, 4.42402975365e-10, 3.42712025425e-10, 8.58412160798e-11, 1.39348352735e-12, 7.85256123906e-14], [2.45479038572e-13, 2.35129754209e-12, 1.17638776324e-12, 3.4744704943e-12, 1.24969279716e-11, 1.33786620671e-10, 1.56356416703e-09, 2.07785544326e-09, 4.44966043178e-11, 1.11653741808e-09, 1.00587458363e-08, 5.48386935861e-09, 2.8840867472e-09, 4.10635747627e-09, 2.07863531942e-10, 7.15454917533e-10, 5.65168676303e-08, 2.97704900731e-08, 1.46002454571e-08, 4.02766282548e-08, 2.72265210377e-09, 6.06481198595e-10, 1.17690510115e-10, 8.58412160798e-11, 2.64693180568e-11, 4.33427707787e-13, 2.37662977677e-14], [3.7106683828e-15, 2.41438965852e-14, 3.30490368687e-14, 6.01791226985e-14, 2.43900413104e-13, 2.08044779321e-12, 2.97031010899e-11, 2.24604571053e-11, 2.59421146674e-13, 2.00510441584e-11, 1.47695286556e-10, 5.37821454039e-11, 4.86555275236e-11, 6.46239450841e-11, 4.29455386183e-12, 1.04375058943e-11, 6.5903282831e-10, 5.28953547629e-10, 2.62061206069e-10, 7.01435742823e-10, 6.21399459666e-11, 9.0530733951e-12, 1.97710185897e-12, 1.39348352735e-12, 4.33427707787e-13, 9.55198969915e-15, 5.45208585428e-16], [2.48631036845e-16, 1.09444153027e-15, 1.64759671411e-15, 4.09000700603e-15, 1.52354664258e-14, 8.19976410989e-14, 1.66446034473e-12, 1.49371986134e-12, 6.31483221562e-15, 3.20964554847e-13, 8.72095364673e-12, 3.02142555766e-12, 1.01745640992e-12, 3.86688988122e-12, 1.65405463306e-13, 4.19486738098e-13, 2.71804592722e-11, 3.00952873733e-11, 1.3505816257e-11, 3.75825343069e-11, 3.33176975592e-12, 3.21270489595e-13, 9.79710832859e-14, 7.85256123906e-14, 2.37662977677e-14, 5.45208585428e-16, 3.54480873059e-17]]
    },
    "mfcc": {
        "kurt": [-0.721140861511, 1.12981748581, -0.646067619324, -0.638688802719, -1.15637350082, -0.0978729724884, 0.425469636917, 0.126077890396, 0.993532896042, -0.224175691605, 0.337183952332, 0.0444617271423, 0.134506225586],
        "max": [-578.737121582, 146.173370361, 99.4719238281, 76.6369934082, 24.8621101379, 11.3363037109, 40.0748672485, 16.0865268707, 41.951877594, 20.6380901337, 31.219909668, 44.103969574, 36.5321846008],
        "mean": [-916.780517578, 29.2177200317, -58.7525215149, 32.2779769897, -17.9173488617, -23.7280769348, 4.72535657883, -9.29076194763, -7.0319609642, -14.4040269852, 0.810329020023, 8.17964363098, 0.531788527966],
        "median": [-917.021972656, 23.1838645935, -67.9687805176, 31.3743286133, -10.4794921875, -22.3077468872, 4.51504898071, -2.85475921631, -8.00774383545, -10.9013900757, 0.259212493896, 6.07714080811, -0.0625610351562],
        "min": [-1138.42004395, -47.9604644775, -165.80267334, -0.477703094482, -64.7085876465, -74.6786804199, -33.3876113892, -58.2404632568, -40.6419525146, -56.6841430664, -31.7244796753, -25.5157241821, -35.2225151062],
        "skew": [0.301988303661, 0.73574411869, 0.27169084549, 0.140302553773, -0.339596569538, -0.544274628162, -0.101140543818, -0.914237618446, 0.399973720312, -0.547245144844, -0.06305655092, 0.413479447365, -0.0530589073896],
        "var": [23908.0214844, 1099.93322754, 3276.72558594, 355.28616333, 548.307250977, 397.036315918, 209.126373291, 292.643676758, 181.476669312, 253.463790894, 138.180221558, 186.636688232, 210.56098938],
        "cov": [[24137.90625, -242.969238281, -7143.07519531, 884.844726562, -2818.77441406, -1642.8848877, 736.045654297, -232.385253906, -699.10144043, -1357.29614258, 582.157531738, 889.647399902, 575.017272949], [-242.969238281, 1110.50952148, 461.889953613, 83.1113967896, -28.5055961609, -217.996505737, -286.360778809, -53.5136299133, 99.3967132568, -112.728569031, -191.639633179, -218.834442139, 10.0744180679], [-7143.07519531, 461.889953613, 3308.23266602, -92.2816925049, 930.877502441, 299.683776855, -345.972351074, 32.2032966614, 168.929916382, 564.481506348, -251.701690674, -323.530395508, -241.67930603], [884.844726562, 83.1113967896, -92.2816925049, 358.702362061, -35.8194656372, -180.8775177, 13.4167890549, -154.067184448, -22.3189163208, 9.10052871704, -26.158454895, 34.3037567139, -77.133895874], [-2818.77441406, -28.5055961609, 930.877502441, -35.8194656372, 553.579467773, 285.971008301, -68.3333511353, -19.2302589417, 28.7542610168, 233.967956543, -86.8766403198, -36.3770866394, -100.525672913], [-1642.8848877, -217.996505737, 299.683776855, -180.8775177, 285.971008301, 400.853973389, 76.3803863525, 113.700111389, 16.8631801605, 95.779838562, 19.3415851593, -8.20399284363, 15.9759016037], [736.045654297, -286.360778809, -345.972351074, 13.4167890549, -68.3333511353, 76.3803863525, 211.137207031, 11.7953958511, -82.9139862061, -4.47893953323, 80.5888824463, 92.0504302979, 15.6624107361], [-232.385253906, -53.5136299133, 32.2032966614, -154.067184448, -19.2302589417, 113.700111389, 11.7953958511, 295.457550049, 77.852722168, -35.8613014221, 16.6137504578, -18.3411502838, 138.147842407], [-699.10144043, 99.3967132568, 168.929916382, -22.3189163208, 28.7542610168, 16.8631801605, -82.9139862061, 77.852722168, 183.22164917, 47.1777153015, -25.8321113586, -97.9347991943, -13.5297660828], [-1357.29614258, -112.728569031, 564.481506348, 9.10052871704, 233.967956543, 95.779838562, -4.47893953323, -35.8613014221, 47.1777153015, 255.900939941, -14.7959375381, -10.5357189178, -62.6259307861], [582.157531738, -191.639633179, -251.701690674, -26.158454895, -86.8766403198, 19.3415851593, 80.5888824463, 16.6137504578, -25.8321113586, -14.7959375381, 139.508880615, 95.032951355, -12.0749559402], [889.647399902, -218.834442139, -323.530395508, 34.3037567139, -36.3770866394, -8.20399284363, 92.0504302979, -18.3411502838, -97.9347991943, -10.5357189178, 95.032951355, 188.431259155, 23.7357749939], [575.017272949, 10.0744180679, -241.67930603, -77.133895874, -100.525672913, 15.9759016037, 15.6624107361, 138.147842407, -13.5297660828, -62.6259307861, -12.0749559402, 23.7357749939, 212.585617065]]
    },
    "sccoeffs": {
        "kurt": [1.42697238922, -0.0232512950897, 2.30371332169, 1.65643072128, 0.758207798004, -0.696254253387],
        "max": [-0.472614228725, -0.444260329008, -0.371342152357, -0.464371144772, -0.402657777071, -0.621355235577],
        "mean": [-0.804036915302, -0.779775321484, -0.801714897156, -0.801275253296, -0.783492743969, -0.775428771973],
        "median": [-0.828397154808, -0.820344865322, -0.847729086876, -0.820970237255, -0.809977531433, -0.787362754345],
        "min": [-0.915573060513, -0.927384972572, -0.926092386246, -0.933092057705, -0.924144804478, -0.912885069847],
        "skew": [1.34248912334, 0.919261395931, 1.76080060005, 1.30064356327, 1.0439324379, 0.320038080215],
        "var": [0.00870759226382, 0.013617226854, 0.0182250253856, 0.011052663438, 0.0117396516725, 0.00493076629937],
        "cov": [[0.0087913190946, 0.00120407482609, -0.00134732178412, -0.00196410389617, -0.000598577666096, 0.000678665644955], [0.00120407482609, 0.0137481624261, 0.0115620391443, 0.00753998989239, 0.00740045728162, 0.00419867876917], [-0.00134732178412, 0.0115620391443, 0.0184002667665, 0.0107159623876, 0.00993008259684, 0.00605030916631], [-0.00196410389617, 0.00753998989239, 0.0107159623876, 0.0111589385197, 0.00957421399653, 0.00427924655378], [-0.000598577666096, 0.00740045728162, 0.00993008259684, 0.00957421399653, 0.0118525326252, 0.00456661498174], [0.000678665644955, 0.00419867876917, 0.00605030916631, 0.00427924655378, 0.00456661498174, 0.00497817760333]]
    },
    "scvalleys": {
        "kurt": [3.21713447571, 1.39471817017, 0.831057786942, 0.446170330048, 0.199951648712, -0.586814880371],
        "max": [-7.59225082397, -5.79300737381, -5.85685825348, -6.00747728348, -4.76116228104, -7.91568517685],
        "mean": [-10.0612306595, -9.21901416779, -9.41025829315, -9.5650062561, -8.77527523041, -11.6233692169],
        "median": [-10.1073770523, -9.08913516998, -9.39406490326, -9.1418838501, -8.39295101166, -11.4269351959],
        "min": [-14.8964242935, -15.4520521164, -16.1916046143, -16.0488891602, -15.7667121887, -16.8466434479],
        "skew": [-0.573579311371, -0.736919462681, -0.385854095221, -0.632310271263, -0.589318394661, -0.141071632504],
        "var": [1.1726269722, 2.56970787048, 3.29318261147, 3.44098114967, 4.54378318787, 3.68138885498],
        "cov": [[1.18390226364, 1.45851159096, 1.47859489918, 1.45444941521, 1.70681524277, 1.53402900696], [1.45851159096, 2.59441661835, 2.59044098854, 2.53442335129, 2.93128490448, 2.43102288246], [1.47859489918, 2.59044098854, 3.32484793663, 3.20752167702, 3.63569307327, 2.86451506615], [1.45444941521, 2.53442335129, 3.20752167702, 3.47406744957, 3.85722494125, 3.19073700905], [1.70681524277, 2.93128490448, 3.63569307327, 3.85722494125, 4.58747339249, 3.81877851486], [1.53402900696, 2.43102288246, 2.86451506615, 3.19073700905, 3.81877851486, 3.71678686142]]
    }
},
"rhythm": {
    "beats_loudness": {
        "kurt": 2.15729427338,
        "max": 0.198661401868,
        "mean": 0.0303645841777,
        "median": 0.00190242694225,
        "min": 2.32863882843e-07,
        "skew": 2.03697061539,
        "var": 0.00472536776215
    },
    "bpm": 184.570358276,
    "confidence": 0,
    "first_peak_bpm": {
        "kurt": 0,
        "max": 185,
        "mean": 185,
        "median": 185,
        "min": 185,
        "skew": 0,
        "var": 0
    },
    "first_peak_spread": {
        "kurt": 0,
        "max": 0,
        "mean": 0,
        "median": 0,
        "min": 0,
        "skew": 0,
        "var": 0
    },
    "first_peak_weight": {
        "kurt": 0,
        "max": 0.5,
        "mean": 0.5,
        "median": 0.5,
        "min": 0.5,
        "skew": 0,
        "var": 0
    },
    "onset_rate": 3.31491708755,
    "second_peak_bpm": {
        "kurt": 0,
        "max": 207,
        "mean": 207,
        "median": 207,
        "min": 207,
        "skew": 0,
        "var": 0
    },
    "second_peak_spread": {
        "kurt": 0,
        "max": 0,
        "mean": 0,
        "median": 0,
        "min": 0,
        "skew": 0,
        "var": 0
    },
    "second_peak_weight": {
        "kurt": 0,
        "max": 0.333333343267,
        "mean": 0.333333343267,
        "median": 0.333333343267,
        "min": 0.333333343267,
        "skew": 0,
        "var": 0
    },
    "beats_loudness_band_ratio": {
        "kurt": [2.12934494019, 2.10515403748, 1.95985078812, 1.14391040802, -1.09757912159, 0.33053445816],
        "max": [0.127960637212, 0.187665566802, 0.662629067898, 0.456894397736, 0.66969782114, 0.851855039597],
        "mean": [0.0196268018335, 0.0311806518584, 0.130000591278, 0.128894612193, 0.370598077774, 0.328351259232],
        "median": [0.000411300570704, 0.00405305763707, 0.0659157112241, 0.0981373488903, 0.359408527613, 0.271643161774],
        "min": [1.27422335936e-05, 4.88854084324e-06, 0.00153026962653, 0.0118778198957, 0.134911075234, 0.11343345046],
        "skew": [2.0248799324, 2.0136077404, 1.94588780403, 1.56729197502, 0.349517077208, 1.24204361439],
        "var": [0.00196375721134, 0.00410816911608, 0.0483673512936, 0.0203128512949, 0.0312947109342, 0.0585803985596],
        "cov": [[0.00229105004109, 0.00330969062634, -0.00118108012248, -0.00156912172679, -0.00208543310873, -0.000632791605312], [0.00330969062634, 0.00479286396876, -0.000980052165687, -0.00255581899546, -0.0033995648846, -0.000974824011791], [-0.00118108012248, -0.000980052165687, 0.0564285777509, -0.0106059787795, -0.0172161553055, -0.0266272649169], [-0.00156912172679, -0.00255581899546, -0.0106059787795, 0.0236983280629, 0.00893052387983, -0.018047740683], [-0.00208543310873, -0.0033995648846, -0.0172161553055, 0.00893052387983, 0.0365104973316, -0.0223478320986], [-0.000632791605312, -0.000974824011791, -0.0266272649169, -0.018047740683, -0.0223478320986, 0.068343795836]]
    },
    "beats_position": [0.278639435768, 0.568888902664, 0.859138309956, 1.16099774837, 1.48607707024, 1.8111563921, 2.13623571396],
    "bpm_estimates": [184.570343018, 184.570343018, 184.570343018],
    "bpm_intervals": [0.290249466896, 0.290249407291, 0.301859438419, 0.325079321861, 0.325079321861, 0.325079321861],
    "onset_times": [0.127709746361, 0.255419492722, 0.824308395386, 0.99845802784, 1.14938771725, 1.28870749474, 1.48607707024, 1.78793644905],
    "histogram": [[0, 0, 0, 0, 0, 0, 0, 0, 0, 0, 0, 0, 0, 0, 0, 0, 0, 0, 0, 0, 0, 0, 0, 0, 0, 0, 0, 0, 0, 0, 0, 0, 0, 0, 0, 0, 0, 0, 0, 0, 0, 0, 0, 0, 0, 0, 0, 0, 0, 0, 0, 0, 0, 0, 0, 0, 0, 0, 0, 0, 0, 0, 0, 0, 0, 0, 0, 0, 0, 0, 0, 0, 0, 0, 0, 0, 0, 0, 0, 0, 0, 0, 0, 0, 0, 0, 0, 0, 0, 0, 0, 0, 0, 0, 0, 0, 0, 0, 0, 0, 0, 0, 0, 0, 0, 0, 0, 0, 0, 0, 0, 0, 0, 0, 0, 0, 0, 0, 0, 0, 0, 0, 0, 0, 0, 0, 0, 0, 0, 0, 0, 0, 0, 0, 0, 0, 0, 0, 0, 0, 0, 0, 0, 0, 0, 0, 0, 0, 0, 0, 0, 0, 0, 0, 0, 0, 0, 0, 0, 0, 0, 0, 0, 0, 0, 0, 0, 0, 0, 0, 0, 0, 0, 0, 0, 0, 0, 0, 0, 0, 0, 0, 0, 0, 0, 0.5, 0, 0, 0, 0, 0, 0, 0, 0, 0, 0, 0, 0, 0, 0.166666671634, 0, 0, 0, 0, 0, 0, 0, 0.333333343267, 0, 0, 0, 0, 0, 0, 0, 0, 0, 0, 0, 0, 0, 0, 0, 0, 0, 0, 0, 0, 0, 0, 0, 0, 0, 0, 0, 0, 0, 0, 0, 0, 0, 0, 0, 0, 0, 0, 0, 0, 0, 0]]
},
"sfx": {
    "inharmonicity": {
        "kurt": 4.03644275665,
        "max": 0.424755394459,
        "mean": 0.0625381246209,
        "median": 0.0251686666161,
        "min": 0,
        "skew": 2.0788128376,
        "var": 0.00886487495154
    },
    "oddtoevenharmonicenergyratio": {
        "kurt": 12.3367834091,
        "max": 25.9065151215,
        "mean": 2.13817048073,
        "median": 0.495842576027,
        "min": 0,
        "skew": 3.47223210335,
        "var": 20.7761993408
    },
    "pitch_after_max_to_before_max_energy_ratio": 0.0385829955339,
    "pitch_centroid": 57.1137924194,
    "pitch_max_to_total": 0.990476191044,
    "pitch_min_to_total": 0.809523820877,
    "tristimulus": {
        "kurt": [-1.37632250786, -1.100654006, -0.699445724487],
        "max": [1, 0.97589725256, 0.990953981876],
        "mean": [0.427095383406, 0.343763440847, 0.229141175747],
        "median": [0.243781030178, 0.27114328742, 0],
        "min": [0, 0, 0],
        "skew": [0.563553571701, 0.543094575405, 0.850095570087],
        "var": [0.151637762785, 0.106677703559, 0.0864470079541],
        "cov": [[0.153095826507, -0.0867605507374, -0.0663353726268], [-0.0867605507374, 0.107703447342, -0.0209428966045], [-0.0663353726268, -0.0209428966045, 0.0872782319784]]
    }
},
"tonal": {
    "chords_changes_rate": 0.415094345808,
    "chords_number_rate": 0.113207548857,
    "chords_strength": {
        "kurt": -0.818222761154,
        "max": 0.474757909775,
        "mean": 0.368655085564,
        "median": 0.366659998894,
        "min": 0.263705313206,
        "skew": 0.323969095945,
        "var": 0.00291060726158
    },
    "key_strength": 0.551849663258,
    "tuning_diatonic_strength": 0.318552672863,
    "tuning_equal_tempered_deviation": 0.246478766203,
    "tuning_frequency": 450.544708252,
    "tuning_nontempered_energy_ratio": 0.90600669384,
    "hpcp": {
        "kurt": [2.70466136932, 0.710645914078, 1.54210042953, 1.47884559631, 4.34836339951, 2.56356477737, 4.52951002121, 2.66776561737, 1.16648483276, 2.39370536804, 2.78353261948, 3.44889831543, 0.963591575623, 2.19712114334, 0.727490186691, -0.0525724887848, -0.159040689468, -0.134432554245, -0.0782070159912, -0.960973024368, -1.17911815643, -0.604619264603, 0.562714338303, 1.93664360046, 1.27339935303, 6.31765365601, 0.489471912384, 6.42805480957, 6.60336494446, 2.71530437469, 2.39086103439, 2.35935878754, 0.88782286644, 0.11557507515, 1.55136394501, 1.6326007843],
        "max": [1, 0.92300516367, 1, 1, 1, 0.866275548935, 1, 1, 1, 1, 1, 0.978156507015, 0.879506289959, 1, 1, 1, 1, 1, 1, 1, 1, 1, 1, 1, 0.692795872688, 1, 0.594011247158, 0.920728623867, 1, 0.826442360878, 0.845376431942, 1, 0.858397424221, 0.620302438736, 0.857444286346, 1],
        "mean": [0.218788936734, 0.231823801994, 0.250354498625, 0.236095070839, 0.203613907099, 0.196334466338, 0.215489134192, 0.236676067114, 0.260021358728, 0.23702211678, 0.195101797581, 0.186151221395, 0.193757042289, 0.197085887194, 0.217240229249, 0.249523237348, 0.273412108421, 0.289436101913, 0.304328382015, 0.370356231928, 0.37803542614, 0.323357671499, 0.300583362579, 0.240308836102, 0.172597169876, 0.159482613206, 0.16098985076, 0.169882163405, 0.186111360788, 0.169005975127, 0.168386638165, 0.198330461979, 0.199716970325, 0.177136227489, 0.207494392991, 0.238014727831],
