{
"metadata": {
    "version": {
        "essentia": "2.1-beta3"
    }
},
"lowLevel": {
    "average_loudness": 0.783259868622,
    "barkbands_kurtosis": {
        "kurt": 24.2164802551,
        "max": 55.0662345886,
        "mean": 1.57731974125,
        "median": -0.427088499069,
        "min": -1.94268715382,
        "skew": 4.4304766655,
        "var": 42.59349823
    },
    "barkbands_skewness": {
        "kurt": 3.21894598007,
        "max": 7.39117717743,
        "mean": 0.600708544254,
        "median": 0.22543400526,
        "min": -2.05298256874,
        "skew": 1.58564341068,
        "var": 2.02851748466
    },
    "barkbands_spread": {
        "kurt": -0.418634653091,
        "max": 51.8642807007,
        "mean": 21.5171985626,
        "median": 19.8979759216,
        "min": 1.87772810459,
        "skew": 0.59217441082,
        "var": 133.920318604
    },
    "dissonance": {
        "kurt": 2.38464021683,
        "max": 0.499903202057,
        "mean": 0.458567678928,
        "median": 0.467119753361,
        "min": 0.297919601202,
        "skew": -1.46343100071,
        "var": 0.0012655176688
    },
    "hfc": {
        "kurt": 46.966293335,
        "max": 30.9865341187,
        "mean": 1.10929334164,
        "median": 0.194493532181,
        "min": 1.18651236392e-07,
        "skew": 6.3904671669,
        "var": 10.9416561127
    },
    "pitch": {
        "kurt": 2.40128040314,
        "max": 4420.84814453,
        "mean": 905.311645508,
        "median": 424.241790771,
        "min": 113.12776947,
        "skew": 2.02008056641,
        "var": 1357987.125
    },
    "pitch_instantaneous_confidence": {
        "kurt": -1.10632801056,
        "max": 0.975716233253,
        "mean": 0.580177903175,
        "median": 0.573536992073,
        "min": 0.170805335045,
        "skew": -0.0644482150674,
        "var": 0.0465593263507
    },
    "pitch_salience": {
        "kurt": 0.211146116257,
        "max": 0.843384206295,
        "mean": 0.577714502811,
        "median": 0.599289059639,
        "min": 0.134079545736,
        "skew": -0.797214150429,
        "var": 0.0241356492043
    },
    "silence_rate_20dB": {
        "kurt": 0,
        "max": 1,
        "mean": 1,
        "median": 1,
        "min": 1,
        "skew": 0,
        "var": 0
    },
    "silence_rate_30dB": {
        "kurt": 0,
        "max": 1,
        "mean": 1,
        "median": 1,
        "min": 1,
        "skew": 0,
        "var": 0
    },
    "silence_rate_60dB": {
        "kurt": 28.1430110931,
        "max": 1,
        "mean": 0.96979868412,
        "median": 1,
        "min": 0,
        "skew": -5.49026346207,
        "var": 0.0292889196426
    },
    "spectral_centroid": {
        "kurt": 0.247549772263,
        "max": 4468.27441406,
        "mean": 1647.73535156,
        "median": 1671.69506836,
        "min": 359.468353271,
        "skew": 0.294850289822,
        "var": 451908.25
    },
    "spectral_complexity": {
        "kurt": 18.8512134552,
        "max": 24,
        "mean": 1.58724832535,
        "median": 1,
        "min": 0,
        "skew": 3.56583714485,
        "var": 7.54440402985
    },
    "spectral_crest": {
        "kurt": 0.125039339066,
        "max": 26.1236438751,
        "mean": 10.681552887,
        "median": 9.52849006653,
        "min": 2.93193531036,
        "skew": 0.887277841568,
        "var": 28.6425647736
    },
    "spectral_decrease": {
        "kurt": 69.0378036499,
        "max": -4.18418394076e-18,
        "mean": -1.30833205381e-10,
        "median": -4.0879501173e-11,
        "min": -4.32295976793e-09,
        "skew": -7.61057329178,
        "var": 1.42598118162e-19
    },
    "spectral_energy": {
        "kurt": 62.553604126,
        "max": 0.018605152145,
        "mean": 0.000594410812482,
        "median": 0.000170865154359,
        "min": 2.65540488903e-11,
        "skew": 7.29317760468,
        "var": 2.93090602099e-06
    },
    "spectral_energyband_high": {
        "kurt": 41.5317726135,
        "max": 0.00222838157788,
        "mean": 6.88816217007e-05,
        "median": 8.30400131235e-06,
        "min": 1.62470505799e-11,
        "skew": 6.2600479126,
        "var": 6.92854271733e-08
    },
    "spectral_energyband_low": {
        "kurt": 111.541679382,
        "max": 4.81275583297e-06,
        "mean": 9.64532560488e-08,
        "median": 3.21486623989e-08,
        "min": 1.2857979655e-12,
        "skew": 9.88063144684,
        "var": 1.29525405158e-13
    },
    "spectral_energyband_middle_high": {
        "kurt": 59.9041748047,
        "max": 0.0125937433913,
        "mean": 0.000367097294657,
        "median": 4.44411307399e-05,
        "min": 8.40164222915e-12,
        "skew": 7.0716881752,
        "var": 1.31126626002e-06
    },
    "spectral_energyband_middle_low": {
        "kurt": 73.2758483887,
        "max": 0.00562436785549,
        "mean": 0.000161449526786,
        "median": 4.64906624984e-05,
        "min": 8.39644217869e-13,
        "skew": 7.78297805786,
        "var": 2.26473261478e-07
    },
    "spectral_flatness_db": {
        "kurt": -0.492328882217,
        "max": 0.369568496943,
        "mean": 0.210256427526,
        "median": 0.22346226871,
        "min": 0.0515092760324,
        "skew": -0.324263513088,
        "var": 0.00507387751713
    },
    "spectral_flux": {
        "kurt": 14.2777729034,
        "max": 0.11076169461,
        "mean": 0.0136023750529,
        "median": 0.0104300575331,
        "min": 1.38622908707e-05,
        "skew": 3.16611886024,
        "var": 0.00025588896824
    },
    "spectral_kurtosis": {
        "kurt": 0.488001346588,
        "max": 11.6065750122,
        "mean": 4.65359115601,
        "median": 4.42233085632,
        "min": 0.918585062027,
        "skew": 0.59809589386,
        "var": 3.40907788277
    },
    "spectral_rms": {
        "kurt": 12.4046545029,
        "max": 0.00426044221967,
        "mean": 0.000514526444022,
        "median": 0.000408286170568,
        "min": 1.60954613193e-07,
        "skew": 2.81477618217,
        "var": 3.15174901289e-07
    },
    "spectral_rolloff": {
        "kurt": -0.607813119888,
        "max": 5921.63085938,
        "mean": 2822.87255859,
        "median": 2810.08300781,
        "min": 258.3984375,
        "skew": -0.469472259283,
        "var": 1497049.625
    },
    "spectral_skewness": {
        "kurt": 0.207673311234,
        "max": 2.42346787453,
        "mean": 1.55421686172,
        "median": 1.53169584274,
        "min": 0.553242683411,
        "skew": 0.163599058986,
        "var": 0.110592260957
    },
    "spectral_spread": {
        "kurt": 7.88516616821,
        "max": 14035983,
        "mean": 4597418.5,
        "median": 4250078,
        "min": 2634560.75,
        "skew": 1.95431470871,
        "var": 2.07879654605e+12
    },
    "spectral_strongpeak": {
        "kurt": 23.193031311,
        "max": 5.46339845657,
        "mean": 0.333854049444,
        "median": 0.118501245975,
        "min": 1.3809637494e-05,
        "skew": 4.16692686081,
        "var": 0.381383955479
    },
    "zerocrossingrate": {
        "kurt": 14.113451004,
        "max": 0.38134765625,
        "mean": 0.0895766690373,
        "median": 0.088623046875,
        "min": 0.01611328125,
        "skew": 1.85854101181,
        "var": 0.00126595958136
    },
    "barkbands": {
        "kurt": [12.2790126801, 99.6358642578, 173.171798706, 208.359771729, 48.5705070496, 19.896478653, 12.9486112595, 94.8339538574, 121.606864929, 45.8758811951, 44.7675666809, 161.456542969, 162.506896973, 64.8574905396, 68.6535797119, 23.1608085632, 100.791519165, 112.680007935, 198.941802979, 38.5186958313, 49.2943305969, 32.047077179, 41.7798080444, 34.8688278198, 48.5438270569, 35.9222679138, 41.0553207397],
        "max": [1.48867664862e-08, 8.39936546981e-07, 3.69112740373e-06, 4.63859078081e-06, 6.37336197542e-05, 0.000303672248265, 0.000489739235491, 0.00511502567679, 0.00166197412182, 0.000295825768262, 0.000514122482855, 0.00604919809848, 0.00232047913596, 0.0022093965672, 0.00149350485299, 0.00116158614401, 0.00298501993529, 0.000979914679192, 0.00173315312713, 0.00196903222241, 0.000879390747286, 5.85839952691e-05, 1.06980985493e-06, 2.21570144276e-06, 4.70020313514e-06, 3.02401090835e-08, 1.09258913028e-09],
        "mean": [1.4681555971e-09, 2.20995932665e-08, 5.07066388877e-08, 5.00586914143e-08, 2.09606400858e-06, 1.81845607585e-05, 3.91701614717e-05, 6.91110981279e-05, 2.89987729047e-05, 9.70425753621e-06, 1.50884479808e-05, 7.63848511269e-05, 2.74983522104e-05, 4.00603821618e-05, 3.23349995597e-05, 5.81954991503e-05, 5.04077397636e-05, 1.85393109859e-05, 2.18275345105e-05, 5.85980596952e-05, 2.50134999078e-05, 2.77169579022e-06, 4.78087578415e-08, 9.98839837507e-08, 1.52734472181e-07, 1.38305278341e-09, 4.03331638921e-11],
        "median": [7.28322180343e-10, 8.34980085074e-09, 1.21292647037e-08, 9.83245040942e-09, 1.9843118082e-07, 2.57220631283e-06, 5.228511327e-06, 5.45402940588e-07, 1.1426304809e-06, 6.1249124883e-07, 4.11209839513e-07, 6.84002088747e-07, 8.50346850712e-07, 6.60520015572e-07, 1.29937188831e-06, 2.91373225991e-06, 3.23857193507e-06, 2.52509062193e-06, 2.76949913314e-06, 6.52221433484e-06, 3.34150604431e-06, 6.15600924903e-07, 1.73238703383e-08, 2.42597657518e-08, 2.56556234035e-08, 3.81618625589e-10, 7.31833864343e-12],
        "min": [7.09159497076e-14, 5.97906598364e-13, 4.94330000111e-13, 2.13851817656e-13, 6.16613151597e-14, 1.27430880721e-14, 6.83427720341e-14, 2.94518315985e-13, 1.49286981973e-13, 2.28602943866e-13, 1.24207176662e-13, 6.60995983968e-14, 1.73781223244e-13, 1.55617624906e-13, 4.37960675755e-13, 1.2337883536e-12, 9.24972013046e-13, 5.99360784528e-13, 3.67694763526e-12, 4.371193945e-12, 6.16965940142e-12, 2.95961432445e-12, 1.03927554496e-12, 8.11409912784e-13, 1.4730161535e-12, 1.29640615192e-13, 1.41122981966e-14],
        "skew": [3.06214404106, 9.30114173889, 12.3683290482, 13.7395868301, 6.22805213928, 3.99708604813, 3.4893682003, 9.30604934692, 10.0061235428, 5.8394036293, 5.9979429245, 11.5898237228, 11.913230896, 7.62415838242, 7.8602437973, 4.39744853973, 9.53007125854, 9.87841701508, 13.3566207886, 5.98959875107, 6.74614906311, 4.78883695602, 5.71146678925, 5.45173454285, 6.24671411514, 5.51503658295, 5.94181537628],
        "var": [4.46464283617e-18, 4.43361015625e-15, 5.86730777895e-14, 8.42588531499e-14, 3.72341220356e-11, 1.6195365049e-09, 7.20780901631e-09, 1.75129059699e-07, 1.42720031349e-08, 7.51758988393e-10, 2.53853826848e-09, 1.62117402169e-07, 2.41464910289e-08, 3.99604154211e-08, 1.88753137564e-08, 2.31939178974e-08, 5.66497213583e-08, 5.49506573577e-09, 1.20205125853e-08, 4.74718078181e-08, 8.80706441109e-09, 3.46781284244e-11, 1.08732450534e-14, 6.7515281831e-14, 1.92067715898e-13, 1.22261306361e-17, 1.34595234593e-20],
        "cov": [[4.47967518944e-18, 5.32770191148e-17, 9.57163575486e-17, 6.14778961572e-17, 1.75112595136e-15, 5.63225240914e-15, 1.55563801044e-14, 1.16106926048e-13, 5.59165852455e-14, 1.81761496723e-14, 2.68173036674e-14, 1.66359073327e-13, 6.30479419757e-14, 1.43066981872e-14, 7.27362370638e-14, 7.91014524932e-14, 1.01552711281e-13, 2.32143948162e-14, 2.39244811706e-14, 1.81151683823e-14, 1.2862296948e-14, 1.84846941288e-15, 2.14209983606e-17, 1.00708392545e-16, 1.59988708043e-16, 2.23161128353e-18, 5.23061004129e-20], [5.32770191148e-17, 4.44853826492e-15, 1.30664903336e-14, 5.2098358078e-15, 7.77569537079e-14, -1.74638644203e-14, -8.73361102947e-14, 9.98628913937e-13, 7.10800775877e-13, 1.48647736373e-13, 2.50563133609e-13, 4.73689392832e-13, 3.26751917624e-13, -2.4326967849e-13, 3.81501091568e-13, 2.88163536002e-13, 6.89191108696e-13, 3.89708230963e-13, 1.74062356867e-13, -2.71536807796e-13, -7.4884543011e-14, 3.22709282629e-15, 2.0245093291e-16, 8.42368389753e-16, 4.7224654378e-16, 2.56449945042e-17, 2.25846777007e-19], [9.57163575486e-17, 1.30664903336e-14, 5.88706329779e-14, 3.65145230946e-14, 1.81827046909e-13, -8.20696321232e-14, 2.7890762074e-15, 2.88496440279e-12, 1.22697143244e-12, 2.62562053262e-13, 1.00945380527e-12, -1.20980612681e-12, 5.38169606535e-13, 2.33412739989e-15, 7.18016412386e-14, 6.13112601596e-14, 3.51950429521e-13, 1.32237070686e-12, 1.50057944586e-13, -4.06890151997e-13, -3.85660009787e-13, 1.23658729605e-14, 6.35787324192e-16, 3.02380147788e-16, -1.05680129192e-15, 8.4678790327e-17, 3.88219953106e-19], [6.14778961572e-17, 5.2098358078e-15, 3.65145230946e-14, 8.45425549771e-14, 1.75898561667e-13, -4.25934752692e-15, 6.41009218361e-13, 8.87555307028e-12, 1.41976247382e-13, 2.16226708305e-13, 7.11005852718e-13, -2.09402287177e-12, 3.37192106918e-13, -7.13197946881e-13, 4.41799944068e-13, -4.95146133296e-13, 1.09131508084e-12, 1.78316823113e-12, 3.88035442537e-13, 9.23216039207e-13, -4.99148465616e-13, 2.43918595513e-15, 2.3097341745e-16, -9.22389127528e-16, -1.68850639376e-15, 5.4104179875e-17, -1.1596623701e-19], [1.75112595136e-15, 7.77569537079e-14, 1.81827046909e-13, 1.75898561667e-13, 3.73594905012e-11, 2.84826016939e-11, -5.62572211038e-11, 1.08609553642e-11, 1.85835079963e-11, -1.05672302506e-11, -5.98709146496e-12, -3.96826425886e-11, -2.02499666341e-11, -1.73865331854e-11, 1.45401477317e-11, -2.92175728056e-11, -5.98736121446e-12, 3.63665781516e-12, -8.85160000852e-12, -3.07191251603e-11, -1.34361488949e-11, -2.72812545124e-12, -3.25525400364e-14, -6.68286972527e-14, -5.84632982217e-14, 2.46242245115e-16, -2.33058799331e-18], [5.63225240914e-15, -1.74638644203e-14, -8.20696321232e-14, -4.25934752692e-15, 2.84826016939e-11, 1.62498947631e-09, 6.18875339864e-10, -9.22145637627e-10, -2.4394586351e-10, 8.74120845151e-11, -1.56696530751e-10, -7.35786820361e-10, -2.84352458246e-10, -2.2747889683e-10, -1.31882366139e-10, 1.35407990376e-10, -2.35443997632e-10, -2.03070633226e-11, -4.82409390212e-11, -4.72642369687e-10, -5.04702286908e-11, 1.08804397783e-11, 2.54051709953e-14, -2.83888526836e-13, -3.39282692653e-13, 3.3393847782e-16, -1.91164827693e-16], [1.55563801044e-14, -8.73361102947e-14, 2.7890762074e-15, 6.41009218361e-13, -5.62572211038e-11, 6.18875339864e-10, 7.23207760345e-09, -5.06343300621e-10, -6.11559622388e-11, 8.42368452769e-10, 1.55998478024e-10, 6.55216381151e-10, 5.65643476502e-10, 8.01408828188e-10, 4.52595100287e-10, 1.99476501983e-09, 1.00458741326e-09, 4.81196693602e-10, 5.00232411049e-10, 7.19268478111e-10, 9.34010202513e-10, 8.45726058629e-11, -1.63773142725e-13, 1.66824355979e-12, 4.03221596737e-12, 2.09684615455e-14, 9.41955165093e-16], [1.16106926048e-13, 9.98628913937e-13, 2.88496440279e-12, 8.87555307028e-12, 1.08609553642e-11, -9.22145637627e-10, -5.06343300621e-10, 1.75718724904e-07, 1.43596690094e-08, 1.62273361415e-10, 3.7725040869e-09, 1.34770189675e-07, 3.98567259197e-08, 7.78232855936e-09, 4.58513653712e-08, 1.83113630925e-08, 7.98867532126e-08, 2.30627161812e-08, 3.31412941534e-08, 4.27890434196e-08, 1.18470575572e-08, 6.6560701395e-10, 1.0275056847e-11, 7.40738095861e-11, 1.22690135829e-10, 9.78112122546e-13, 2.95022795256e-14], [5.59165852455e-14, 7.10800775877e-13, 1.22697143244e-12, 1.41976247382e-13, 1.85835079963e-11, -2.4394586351e-10, -6.11559622388e-11, 1.43596690094e-08, 1.43200571401e-08, 1.44551356995e-10, 5.62578705843e-10, 1.2780217773e-08, 3.95473964687e-09, 5.24471399643e-09, 3.54583118423e-09, 3.80263198707e-09, 4.49441639461e-09, 1.61614721605e-09, 1.79845571768e-09, 4.06113942475e-09, 2.39541142477e-09, 3.5623701905e-11, 1.54344592662e-12, 9.40791108212e-12, 1.62870689158e-11, 1.50276031853e-13, 5.46524842865e-15], [1.81761496723e-14, 1.48647736373e-13, 2.62562053262e-13, 2.16226708305e-13, -1.05672302506e-11, 8.74120845151e-11, 8.42368452769e-10, 1.62273361415e-10, 1.44551356995e-10, 7.54290185867e-10, 8.72694971843e-11, 8.43018710395e-10, 6.12067230232e-10, -9.97928684132e-11, 2.66979827135e-10, 1.13709597294e-09, 1.08808095867e-09, 2.14492354433e-10, 2.35312574981e-10, 2.81669132463e-11, 1.40185016373e-10, 4.10585627997e-11, -9.35157069241e-15, 1.01731600574e-12, 1.40343487699e-12, 8.38033899816e-15, 2.43647147923e-16], [2.68173036674e-14, 2.50563133609e-13, 1.00945380527e-12, 7.11005852718e-13, -5.98709146496e-12, -1.56696530751e-10, 1.55998478024e-10, 3.7725040869e-09, 5.62578705843e-10, 8.72694971843e-11, 2.54708543146e-09, 6.42807984619e-09, 2.26772933765e-09, 2.07845918254e-09, 1.04126463008e-09, 1.7441927902e-09, 1.50252932318e-09, 1.81283099643e-10, 5.00576302631e-10, 4.74322303656e-10, 1.14334521018e-10, 5.65343015457e-11, 1.67899646009e-12, 3.21743781791e-12, 3.18772352265e-12, 8.54601152757e-14, 1.58583710671e-15], [1.66359073327e-13, 4.73689392832e-13, -1.20980612681e-12, -2.09402287177e-12, -3.96826425886e-11, -7.35786820361e-10, 6.55216381151e-10, 1.34770189675e-07, 1.2780217773e-08, 8.43018710395e-10, 6.42807984619e-09, 1.6266325531e-07, 5.16572953302e-08, 2.3772527058e-08, 3.59285330376e-08, 1.77316916705e-08, 5.38935402972e-08, 1.49615075884e-08, 1.98204332946e-08, 3.83109437507e-08, 1.40158205042e-08, 6.09665595785e-10, 9.51355487444e-12, 6.35404159843e-11, 1.01624861304e-10, 9.64999889892e-13, 3.02460998142e-14], [6.30479419757e-14, 3.26751917624e-13, 5.38169606535e-13, 3.37192106918e-13, -2.02499666341e-11, -2.84352458246e-10, 5.65643476502e-10, 3.98567259197e-08, 3.95473964687e-09, 6.12067230232e-10, 2.26772933765e-09, 5.16572953302e-08, 2.42277913287e-08, 2.69809641296e-09, 9.22673848436e-09, 3.38861227966e-09, 1.11523537072e-08, 2.10222372843e-09, 2.94194713035e-09, 3.55342599789e-09, 1.23135168728e-09, 1.10445839974e-10, 2.73393352228e-12, 1.66489790704e-11, 2.02919347991e-11, 2.75056588834e-13, 7.29015931417e-15], [1.43066981872e-14, -2.4326967849e-13, 2.33412739989e-15, -7.13197946881e-13, -1.73865331854e-11, -2.2747889683e-10, 8.01408828188e-10, 7.78232855936e-09, 5.24471399643e-09, -9.97928684132e-11, 2.07845918254e-09, 2.3772527058e-08, 2.69809641296e-09, 4.00949637935e-08, 3.14574521987e-09, 1.85972766076e-08, 4.40882974573e-09, 3.23995630325e-09, 2.82038548072e-09, 1.44618352849e-08, 1.03001793761e-08, 2.46813430804e-10, 1.85774095759e-12, 1.38342132888e-11, 3.52154728989e-11, 3.02220379798e-13, 1.37613190835e-14], [7.27362370638e-14, 3.81501091568e-13, 7.18016412386e-14, 4.41799944068e-13, 1.45401477317e-11, -1.31882366139e-10, 4.52595100287e-10, 4.58513653712e-08, 3.54583118423e-09, 2.66979827135e-10, 1.04126463008e-09, 3.59285330376e-08, 9.22673848436e-09, 3.14574521987e-09, 1.89388682514e-08, 1.00302726125e-08, 2.86753643053e-08, 8.60060467289e-09, 1.1045335313e-08, 1.88698017212e-08, 5.81278891687e-09, 3.33519989404e-10, 3.02065534044e-12, 2.13385611264e-11, 4.63617720603e-11, 2.87154875616e-13, 1.0174830813e-14], [7.91014524932e-14, 2.88163536002e-13, 6.13112601596e-14, -4.95146133296e-13, -2.92175728056e-11, 1.35407990376e-10, 1.99476501983e-09, 1.83113630925e-08, 3.80263198707e-09, 1.13709597294e-09, 1.7441927902e-09, 1.77316916705e-08, 3.38861227966e-09, 1.85972766076e-08, 1.00302726125e-08, 2.32720118731e-08, 1.60660675874e-08, 5.64951152526e-09, 5.65584867829e-09, 1.55165551519e-08, 8.09266786916e-09, 4.36255004344e-10, 1.92927574957e-12, 1.56983644833e-11, 4.49708291439e-11, 2.46177102141e-13, 1.13428147083e-14], [1.01552711281e-13, 6.89191108696e-13, 3.51950429521e-13, 1.09131508084e-12, -5.98736121446e-12, -2.35443997632e-10, 1.00458741326e-09, 7.98867532126e-08, 4.49441639461e-09, 1.08808095867e-09, 1.50252932318e-09, 5.38935402972e-08, 1.11523537072e-08, 4.40882974573e-09, 2.86753643053e-08, 1.60660675874e-08, 5.68404594503e-08, 1.64952744797e-08, 2.36870967285e-08, 3.4320507325e-08, 8.94570373333e-09, 6.56668053267e-10, 5.26825805203e-12, 3.94406243776e-11, 7.89027315706e-11, 4.56737783445e-13, 1.53070898377e-14], [2.32143948162e-14, 3.89708230963e-13, 1.32237070686e-12, 1.78316823113e-12, 3.63665781516e-12, -2.03070633226e-11, 4.81196693602e-10, 2.30627161812e-08, 1.61614721605e-09, 2.14492354433e-10, 1.81283099643e-10, 1.49615075884e-08, 2.10222372843e-09, 3.23995630325e-09, 8.60060467289e-09, 5.64951152526e-09, 1.64952744797e-08, 5.51356782452e-09, 7.56138351932e-09, 1.15911280574e-08, 3.76488396014e-09, 1.96750365999e-10, 1.39227540087e-12, 1.20697644587e-11, 2.62384090149e-11, 1.44388637873e-13, 5.3514139768e-15], [2.39244811706e-14, 1.74062356867e-13, 1.50057944586e-13, 3.88035442537e-13, -8.85160000852e-12, -4.82409390212e-11, 5.00232411049e-10, 3.31412941534e-08, 1.79845571768e-09, 2.35312574981e-10, 5.00576302631e-10, 1.98204332946e-08, 2.94194713035e-09, 2.82038548072e-09, 1.1045335313e-08, 5.65584867829e-09, 2.36870967285e-08, 7.56138351932e-09, 1.20609850995e-08, 1.339704081e-08, 3.62109542351e-09, 2.60140964325e-10, 2.60455177391e-12, 1.76521210843e-11, 3.05422666325e-11, 1.88403193871e-13, 6.05133043013e-15], [1.81151683823e-14, -2.71536807796e-13, -4.06890151997e-13, 9.23216039207e-13, -3.07191251603e-11, -4.72642369687e-10, 7.19268478111e-10, 4.27890434196e-08, 4.06113942475e-09, 2.81669132463e-11, 4.74322303656e-10, 3.83109437507e-08, 3.55342599789e-09, 1.44618352849e-08, 1.88698017212e-08, 1.55165551519e-08, 3.4320507325e-08, 1.15911280574e-08, 1.339704081e-08, 4.76316444065e-08, 1.61177471369e-08, 7.85579712392e-10, 2.96034247463e-12, 2.59237353806e-11, 7.23125656577e-11, 3.83867932016e-13, 1.69708370349e-14], [1.2862296948e-14, -7.4884543011e-14, -3.85660009787e-13, -4.99148465616e-13, -1.34361488949e-11, -5.04702286908e-11, 9.34010202513e-10, 1.18470575572e-08, 2.39541142477e-09, 1.40185016373e-10, 1.14334521018e-10, 1.40158205042e-08, 1.23135168728e-09, 1.03001793761e-08, 5.81278891687e-09, 8.09266786916e-09, 8.94570373333e-09, 3.76488396014e-09, 3.62109542351e-09, 1.61177471369e-08, 8.83671802399e-09, 2.09182948741e-10, 1.04165623609e-12, 1.06317177284e-11, 3.00508506967e-11, 1.71386451038e-13, 7.84910534463e-15], [1.84846941288e-15, 3.22709282629e-15, 1.23658729605e-14, 2.43918595513e-15, -2.72812545124e-12, 1.08804397783e-11, 8.45726058629e-11, 6.6560701395e-10, 3.5623701905e-11, 4.10585627997e-11, 5.65343015457e-11, 6.09665595785e-10, 1.10445839974e-10, 2.46813430804e-10, 3.33519989404e-10, 4.36255004344e-10, 6.56668053267e-10, 1.96750365999e-10, 2.60140964325e-10, 7.85579712392e-10, 2.09182948741e-10, 3.47948891921e-11, 1.02530803943e-13, 4.87840508007e-13, 1.0695147025e-12, 6.10291600716e-15, 2.58584044553e-16], [2.14209983606e-17, 2.0245093291e-16, 6.35787324192e-16, 2.3097341745e-16, -3.25525400364e-14, 2.54051709953e-14, -1.63773142725e-13, 1.0275056847e-11, 1.54344592662e-12, -9.35157069241e-15, 1.67899646009e-12, 9.51355487444e-12, 2.73393352228e-12, 1.85774095759e-12, 3.02065534044e-12, 1.92927574957e-12, 5.26825805203e-12, 1.39227540087e-12, 2.60455177391e-12, 2.96034247463e-12, 1.04165623609e-12, 1.02530803943e-13, 1.09098555114e-14, 1.96573409406e-14, 1.60699124634e-14, 1.6948895017e-16, 3.72888842877e-18], [1.00708392545e-16, 8.42368389753e-16, 3.02380147788e-16, -9.22389127528e-16, -6.68286972527e-14, -2.83888526836e-13, 1.66824355979e-12, 7.40738095861e-11, 9.40791108212e-12, 1.01731600574e-12, 3.21743781791e-12, 6.35404159843e-11, 1.66489790704e-11, 1.38342132888e-11, 2.13385611264e-11, 1.56983644833e-11, 3.94406243776e-11, 1.20697644587e-11, 1.76521210843e-11, 2.59237353806e-11, 1.06317177284e-11, 4.87840508007e-13, 1.96573409406e-14, 6.77426051452e-14, 8.54335116649e-14, 6.46585511962e-16, 1.96134267424e-17], [1.59988708043e-16, 4.7224654378e-16, -1.05680129192e-15, -1.68850639376e-15, -5.84632982217e-14, -3.39282692653e-13, 4.03221596737e-12, 1.22690135829e-10, 1.62870689158e-11, 1.40343487699e-12, 3.18772352265e-12, 1.01624861304e-10, 2.02919347991e-11, 3.52154728989e-11, 4.63617720603e-11, 4.49708291439e-11, 7.89027315706e-11, 2.62384090149e-11, 3.05422666325e-11, 7.23125656577e-11, 3.00508506967e-11, 1.0695147025e-12, 1.60699124634e-14, 8.54335116649e-14, 1.92714415389e-13, 1.10646960988e-15, 4.13176021139e-17], [2.23161128353e-18, 2.56449945042e-17, 8.4678790327e-17, 5.4104179875e-17, 2.46242245115e-16, 3.3393847782e-16, 2.09684615455e-14, 9.78112122546e-13, 1.50276031853e-13, 8.38033899816e-15, 8.54601152757e-14, 9.64999889892e-13, 2.75056588834e-13, 3.02220379798e-13, 2.87154875616e-13, 2.46177102141e-13, 4.56737783445e-13, 1.44388637873e-13, 1.88403193871e-13, 3.83867932016e-13, 1.71386451038e-13, 6.10291600716e-15, 1.6948895017e-16, 6.46585511962e-16, 1.10646960988e-15, 1.22672961065e-17, 3.36261352561e-19], [5.23061004129e-20, 2.25846777007e-19, 3.88219953106e-19, -1.1596623701e-19, -2.33058799331e-18, -1.91164827693e-16, 9.41955165093e-16, 2.95022795256e-14, 5.46524842865e-15, 2.43647147923e-16, 1.58583710671e-15, 3.02460998142e-14, 7.29015931417e-15, 1.37613190835e-14, 1.0174830813e-14, 1.13428147083e-14, 1.53070898377e-14, 5.3514139768e-15, 6.05133043013e-15, 1.69708370349e-14, 7.84910534463e-15, 2.58584044553e-16, 3.72888842877e-18, 1.96134267424e-17, 4.13176021139e-17, 3.36261352561e-19, 1.35048414862e-20]]
    },
    "mfcc": {
        "kurt": [-0.634981155396, -0.109875202179, -1.05095255375, 0.457266569138, -1.0026832819, -0.693921804428, -0.720674753189, -0.517818212509, 0.241811513901, -0.416563510895, -0.109852075577, 0.419219255447, -0.445151090622],
        "max": [-717.262084961, 119.901618958, 38.7536659241, 66.5122833252, 17.8988494873, 18.5617980957, 18.4501609802, 5.93604278564, 44.6544494629, 16.2561435699, 29.5371494293, 47.6815109253, 35.2747573853],
        "mean": [-945.407104492, 55.2433204651, -64.4048690796, 12.8516511917, -29.9143714905, -27.1634559631, -14.3060178757, -29.0159225464, 1.1759262085, -11.6560621262, -6.99666070938, 6.36832952499, 4.69634819031],
        "median": [-926.68145752, 57.2570495605, -65.9538803101, 11.0636024475, -33.7849693298, -26.4641304016, -13.8898572922, -30.0622138977, -4.57763671875e-05, -10.5528926849, -6.85840415955, 4.81157970428, 3.32905769348],
        "min": [-1138.42004395, 1.14440917969e-05, -163.158721924, -41.7617721558, -80.6849899292, -83.9263381958, -47.6183586121, -87.1159515381, -42.9053573608, -44.650478363, -36.6583747864, -25.3187179565, -19.4333572388],
        "skew": [-0.457680583, -0.259796440601, 0.190779238939, 0.301829755306, 0.162541106343, -0.189343318343, -0.0535857789218, 0.0326818823814, 0.0448812283576, -0.301546007395, 0.00465793535113, 0.513200581074, 0.221873253584],
        "var": [10072.8105469, 672.639709473, 2363.42553711, 324.519104004, 498.883087158, 420.599151611, 166.635894775, 305.185119629, 212.980789185, 131.803619385, 138.335891724, 143.650619507, 130.722961426],
        "cov": [[10106.7255859, 1519.94958496, -4487.93164062, 35.940864563, -1760.65234375, -970.755371094, -278.177185059, -1216.09643555, 593.389587402, -369.661102295, 210.629882812, 571.473083496, 455.623474121], [1519.94958496, 674.904541016, -439.429290771, -40.5169944763, -266.384063721, -248.219146729, -127.504814148, -147.795516968, 53.1222839355, -81.6737594604, -57.843788147, 22.5573730469, -22.7153301239], [-4487.93164062, -439.429290771, 2371.38330078, 77.7878952026, 752.180358887, 228.046539307, 10.9442090988, 553.747924805, -285.145263672, 179.700073242, -101.230636597, -288.9737854, -292.969787598], [35.940864563, -40.5169944763, 77.7878952026, 325.611755371, -2.80166697502, -132.468429565, -56.1471214294, -47.6672935486, -76.3058776855, -62.5250015259, -25.2848205566, -1.79220736027, -2.67734384537], [-1760.65234375, -266.384063721, 752.180358887, -2.80166697502, 500.562805176, 294.414001465, 85.6800842285, 238.764709473, -131.475219727, 25.1903514862, -57.7302436829, -137.662460327, -97.3793869019], [-970.755371094, -248.219146729, 228.046539307, -132.468429565, 294.414001465, 422.015319824, 153.950408936, 120.437866211, -35.2032165527, 32.7359657288, -22.9860973358, -75.4590835571, -6.54109621048], [-278.177185059, -127.504814148, 10.9442090988, -56.1471214294, 85.6800842285, 153.950408936, 167.196960449, 81.7947998047, 19.7737731934, 38.3323402405, 0.518247485161, 2.97133040428, -0.046457413584], [-1216.09643555, -147.795516968, 553.747924805, -47.6672935486, 238.764709473, 120.437866211, 81.7947998047, 306.212677002, 10.8214530945, 60.5273895264, -15.5611028671, -90.334777832, -97.4901657104], [593.389587402, 53.1222839355, -285.145263672, -76.3058776855, -131.475219727, -35.2032165527, 19.7737731934, 10.8214530945, 213.697891235, 38.9207763672, 20.1744403839, 33.190990448, 16.2071208954], [-369.661102295, -81.6737594604, 179.700073242, -62.5250015259, 25.1903514862, 32.7359657288, 38.3323402405, 60.5273895264, 38.9207763672, 132.247406006, 44.7380599976, -7.72099590302, -29.7496089935], [210.629882812, -57.843788147, -101.230636597, -25.2848205566, -57.7302436829, -22.9860973358, 0.518247485161, -15.5611028671, 20.1744403839, 44.7380599976, 138.801681519, 77.1391448975, 32.8904190063], [571.473083496, 22.5573730469, -288.9737854, -1.79220736027, -137.662460327, -75.4590835571, 2.97133040428, -90.334777832, 33.190990448, -7.72099590302, 77.1391448975, 144.134292603, 88.7704162598], [455.623474121, -22.7153301239, -292.969787598, -2.67734384537, -97.3793869019, -6.54109621048, -0.046457413584, -97.4901657104, 16.2071208954, -29.7496089935, 32.8904190063, 88.7704162598, 131.163101196]]
    },
    "sccoeffs": {
        "kurt": [0.280595779419, -0.699723243713, -0.400571346283, -0.124620199203, 2.00813913345, -0.592462778091],
        "max": [-0.510283172131, -0.387439519167, -0.444656461477, -0.547397315502, -0.582889258862, -0.583721101284],
        "mean": [-0.787277400494, -0.720970332623, -0.762811303139, -0.790088653564, -0.823219239712, -0.769756138325],
        "median": [-0.79705029726, -0.712897837162, -0.756857514381, -0.802225351334, -0.832671999931, -0.766963839531],
        "min": [-0.939435660839, -0.937880218029, -0.9426009655, -0.940320014954, -0.924343824387, -0.913349509239],
        "skew": [0.689523518085, 0.0837838500738, 0.358958303928, 0.698470890522, 1.15477859974, 0.134070008993],
        "var": [0.0064980648458, 0.0133101856336, 0.0109021235257, 0.0079586179927, 0.00377801270224, 0.00411231769249],
        "cov": [[0.00651994394138, 0.00118260725867, 0.00142946385313, 0.0010938916821, 0.000333747128025, 0.000692508532666], [0.00118260725867, 0.0133550008759, 0.00608945963904, 0.00442612590268, 0.0035853004083, 0.00405316799879], [0.00142946385313, 0.00608945963904, 0.010938831605, 0.00669984379783, 0.00442881416529, 0.00419867131859], [0.0010938916821, 0.00442612590268, 0.00669984379783, 0.00798541493714, 0.00436783535406, 0.00415770057589], [0.000333747128025, 0.0035853004083, 0.00442881416529, 0.00436783535406, 0.00379073340446, 0.00299836788327], [0.000692508532666, 0.00405316799879, 0.00419867131859, 0.00415770057589, 0.00299836788327, 0.00412616366521]]
    },
    "scvalleys": {
        "kurt": [13.3146648407, 4.18059873581, 2.76406288147, 2.14295148849, 2.16571140289, 0.600124120712],
        "max": [-8.178565979, -6.70959234238, -6.28240251541, -5.9822268486, -6.36371707916, -9.93270969391],
        "mean": [-10.6335468292, -9.154504776, -9.65763568878, -9.54924583435, -9.34563446045, -12.1348543167],
        "median": [-10.5715770721, -8.93511009216, -9.38290214539, -9.28600692749, -8.9858751297, -11.8796577454],
        "min": [-16.0898551941, -16.8127040863, -16.5183773041, -16.4346923828, -15.8353633881, -16.6494178772],
        "skew": [-1.99805927277, -1.43630254269, -1.10901498795, -1.13563299179, -1.23975670338, -0.871810376644],
        "var": [0.498619526625, 1.86772620678, 1.92494678497, 2.20035505295, 1.95203125477, 1.38658070564],
        "cov": [[0.500298380852, 0.606320440769, 0.611837863922, 0.600676178932, 0.571273267269, 0.409751415253], [0.606320440769, 1.87401485443, 1.67165279388, 1.74718356133, 1.69522070885, 1.31518530846], [0.611837863922, 1.67165279388, 1.93142807484, 1.94140732288, 1.72961771488, 1.35602462292], [0.600676178932, 1.74718356133, 1.94140732288, 2.20776367188, 1.93178403378, 1.50962460041], [0.571273267269, 1.69522070885, 1.72961771488, 1.93178403378, 1.95860373974, 1.44437110424], [0.409751415253, 1.31518530846, 1.35602462292, 1.50962460041, 1.44437110424, 1.39124929905]]
    }
},
"rhythm": {
    "beats_loudness": {
        "kurt": 0.262358665466,
        "max": 0.00307768885978,
        "mean": 0.000812102283817,
        "median": 0.000303483830066,
        "min": 1.1189581528e-06,
        "skew": 1.35487210751,
        "var": 1.0489137594e-06
    },
    "bpm": 78.3145523071,
    "confidence": 2.99273252487,
    "first_peak_bpm": {
        "kurt": 0,
        "max": 77,
        "mean": 77,
        "median": 77,
        "min": 77,
        "skew": 0,
        "var": 0
    },
    "first_peak_spread": {
        "kurt": 0,
        "max": 0.33333337307,
        "mean": 0.33333337307,
        "median": 0.33333337307,
        "min": 0.33333337307,
        "skew": 0,
        "var": 0
    },
    "first_peak_weight": {
        "kurt": 0,
        "max": 0.571428596973,
        "mean": 0.571428596973,
        "median": 0.571428596973,
        "min": 0.571428596973,
        "skew": 0,
        "var": 0
    },
    "onset_rate": 3.62782597542,
    "second_peak_bpm": {
        "kurt": 0,
        "max": 83,
        "mean": 83,
        "median": 83,
        "min": 83,
        "skew": 0,
        "var": 0
    },
    "second_peak_spread": {
        "kurt": 0,
        "max": 0,
        "mean": 0,
        "median": 0,
        "min": 0,
        "skew": 0,
        "var": 0
    },
    "second_peak_weight": {
        "kurt": 0,
        "max": 0.142857149243,
        "mean": 0.142857149243,
        "median": 0.142857149243,
        "min": 0.142857149243,
        "skew": 0,
        "var": 0
    },
    "beats_loudness_band_ratio": {
        "kurt": [3.14242267609, 0.0313704013824, -0.549773454666, -0.94017291069, 0.880385160446, 0.834647655487],
        "max": [0.156813547015, 0.3651483953, 0.88475561142, 0.782451808453, 0.643413484097, 0.253669679165],
        "mean": [0.0199295282364, 0.0929548814893, 0.311636120081, 0.279253363609, 0.212385267019, 0.0974822565913],
        "median": [0.000268832489382, 0.0355807617307, 0.195529147983, 0.165181919932, 0.201568692923, 0.0915129780769],
        "min": [6.33424788248e-05, 0.00274487538263, 0.00854082312435, 0.0186985991895, 0.0177095066756, 0.0118887554854],
        "skew": [2.26761484146, 1.29230940342, 0.835916697979, 0.686043977737, 1.25641310215, 1.16071093082],
        "var": [0.00267684948631, 0.0159585848451, 0.0803135111928, 0.070472471416, 0.0346795246005, 0.00465082935989],
        "cov": [[0.00305925658904, 0.00332887773402, -0.00499293208122, -0.00508725224063, 0.000652259564959, 0.00348376529291], [0.00332887773402, 0.018238382414, 0.00690037338063, -0.0216602180153, -0.00696979882196, 0.000347427499946], [-0.00499293208122, 0.00690037338063, 0.0917868688703, -0.0511144213378, -0.0289904009551, -0.0145454201847], [-0.00508725224063, -0.0216602180153, -0.0511144213378, 0.0805399641395, -0.00645430618897, 0.00192949757911], [0.000652259564959, -0.00696979882196, -0.0289904009551, -0.00645430618897, 0.0396337434649, 0.00400201138109], [0.00348376529291, 0.000347427499946, -0.0145454201847, 0.00192949757911, 0.00400201138109, 0.00531523348764]]
    },
    "beats_position": [0.731428563595, 1.48607707024, 2.2523355484, 3.03020405769, 3.75002264977, 4.5046710968, 5.27092981339, 6.04879808426],
    "bpm_estimates": [79.5072097778, 78.3025588989, 77.1338577271, 79.5072174072, 78.3025360107, 77.1338806152],
    "bpm_intervals": [0.754648506641, 0.766258478165, 0.777868509293, 0.719818592072, 0.754648447037, 0.766258716583, 0.777868270874],
    "onset_times": [0.150929704309, 0.290249437094, 0.580498874187, 0.754648506641, 1.02167797089, 1.26548755169, 1.60217690468, 1.72988665104, 2.13623571396, 2.48453521729, 2.68190479279, 2.87927436829, 3.06503391266, 3.23918366432, 3.41333341599, 3.58748292923, 3.92417240143, 4.1099319458, 4.27247142792, 4.38857126236, 4.446621418, 4.94585037231, 5.42185926437, 5.67727899551, 6.17650794983],
    "histogram": [[0, 0, 0, 0, 0, 0, 0, 0, 0, 0, 0, 0, 0, 0, 0, 0, 0, 0, 0, 0, 0, 0, 0, 0, 0, 0, 0, 0, 0, 0, 0, 0, 0, 0, 0, 0, 0, 0, 0, 0, 0, 0, 0, 0, 0, 0, 0, 0, 0, 0, 0, 0, 0, 0, 0, 0, 0, 0, 0, 0, 0, 0, 0, 0, 0, 0, 0, 0, 0, 0, 0, 0, 0, 0, 0, 0, 0, 0.285714298487, 0.285714298487, 0, 0.285714298487, 0, 0, 0.142857149243, 0, 0, 0, 0, 0, 0, 0, 0, 0, 0, 0, 0, 0, 0, 0, 0, 0, 0, 0, 0, 0, 0, 0, 0, 0, 0, 0, 0, 0, 0, 0, 0, 0, 0, 0, 0, 0, 0, 0, 0, 0, 0, 0, 0, 0, 0, 0, 0, 0, 0, 0, 0, 0, 0, 0, 0, 0, 0, 0, 0, 0, 0, 0, 0, 0, 0, 0, 0, 0, 0, 0, 0, 0, 0, 0, 0, 0, 0, 0, 0, 0, 0, 0, 0, 0, 0, 0, 0, 0, 0, 0, 0, 0, 0, 0, 0, 0, 0, 0, 0, 0, 0, 0, 0, 0, 0, 0, 0, 0, 0, 0, 0, 0, 0, 0, 0, 0, 0, 0, 0, 0, 0, 0, 0, 0, 0, 0, 0, 0, 0, 0, 0, 0, 0, 0, 0, 0, 0, 0, 0, 0, 0, 0, 0, 0, 0, 0, 0, 0, 0, 0, 0, 0, 0, 0, 0, 0, 0, 0, 0, 0, 0, 0, 0, 0, 0]]
},
"sfx": {
    "inharmonicity": {
        "kurt": 1.75507307053,
        "max": 0.38840007782,
        "mean": 0.0699663236737,
        "median": 0.0320592559874,
        "min": 0,
        "skew": 1.59931266308,
        "var": 0.00787647627294
    },
    "oddtoevenharmonicenergyratio": {
        "kurt": 92.784072876,
        "max": 62.2708816528,
        "mean": 1.75769519806,
        "median": 0.416622698307,
        "min": 0,
        "skew": 8.20675086975,
        "var": 22.0906581879
    },
    "pitch_after_max_to_before_max_energy_ratio": 0.0301176868379,
    "pitch_centroid": 170.320999146,
    "pitch_max_to_total": 0.996644318104,
    "pitch_min_to_total": 0.0201342273504,
    "tristimulus": {
        "kurt": [-0.314588069916, -0.972610473633, -0.672963619232],
        "max": [1, 0.834773421288, 0.922598302364],
        "mean": [0.342588037252, 0.313381373882, 0.344030588865],
        "median": [0.219915062189, 0.307922422886, 0.372108578682],
        "min": [0, 0, 0],
        "skew": [0.963882625103, 0.152725890279, -0.123619534075],
        "var": [0.102102182806, 0.0435272008181, 0.046656370163],
        "cov": [[0.102445960045, -0.0496531203389, -0.0527928285301], [-0.0496531203389, 0.0436737574637, 0.005979353562], [-0.0527928285301, 0.005979353562, 0.0468134619296]]
    }
},
"tonal": {
    "chords_changes_rate": 0.133333340287,
    "chords_number_rate": 0.0533333346248,
    "chords_strength": {
        "kurt": -0.830047130585,
        "max": 0.653132677078,
        "mean": 0.431511878967,
        "median": 0.406796991825,
        "min": 0.20924501121,
        "skew": 0.173751533031,
        "var": 0.0121002262458
    },
    "key_strength": 0.379065066576,
    "tuning_diatonic_strength": 0.384414255619,
    "tuning_equal_tempered_deviation": 0.233522668481,
    "tuning_frequency": 434.444000244,
    "tuning_nontempered_energy_ratio": 0.886044919491,
    "hpcp": {
        "kurt": [5.66376018524, 4.65145778656, 4.38937330246, 6.88857364655, 5.00737571716, 3.6305770874, 1.9355340004, 1.95473527908, 1.1447687149, 0.661723136902, 1.1357049942, 1.18274068832, 1.33223342896, 2.25536489487, 3.26588821411, 2.01582145691, 1.93442678452, 1.15809583664, 1.46642494202, 3.12420558929, 2.63652849197, 1.75535917282, 1.97468137741, 3.61003732681, 3.84899187088, 4.69139099121, 5.63178634644, 13.0064144135, 4.70385980606, 5.5508480072, 4.54720497131, 3.62131500244, 4.97710227966, 3.59374189377, 3.75247478485, 4.25479030609],
        "max": [1, 1, 1, 1, 0.980148732662, 1, 1, 1, 1, 1, 1, 1, 1, 1, 1, 1, 1, 1, 1, 1, 1, 1, 1, 1, 1, 1, 1, 1, 0.795156896114, 1, 1, 1, 1, 1, 1, 1],
        "mean": [0.142492726445, 0.160072341561, 0.166693150997, 0.142451748252, 0.141235604882, 0.169904276729, 0.20932520926, 0.218180954456, 0.227252274752, 0.244738087058, 0.237688466907, 0.21903668344, 0.215240374207, 0.201887086034, 0.183398321271, 0.196698322892, 0.204544857144, 0.220135018229, 0.224880471826, 0.186825841665, 0.176145687699, 0.203775838017, 0.200649350882, 0.156068056822, 0.136652633548, 0.145205914974, 0.135292246938, 0.10462385416, 0.103564314544, 0.13743712008, 0.159248277545, 0.156628921628, 0.154346942902, 0.164410158992, 0.163298651576, 0.153869345784],
