{
"metadata": {
    "version": {
        "essentia": "2.1-beta3"
    }
},
"lowLevel": {
    "average_loudness": 0.99068403244,
    "barkbands_kurtosis": {
        "kurt": 3.19278717041,
        "max": 74.8550186157,
        "mean": 10.4573993683,
        "median": 2.38525676727,
        "min": -1.79575896263,
        "skew": 1.89040136337,
        "var": 284.914611816
    },
    "barkbands_skewness": {
        "kurt": -0.599141120911,
        "max": 7.92974710464,
        "mean": 1.94577896595,
        "median": 1.77689957619,
        "min": -2.21329092979,
        "skew": 0.427710145712,
        "var": 6.20269489288
    },
    "barkbands_spread": {
        "kurt": -1.05947947502,
        "max": 57.4145355225,
        "mean": 21.2694816589,
        "median": 18.1584892273,
        "min": 1.66809082031,
        "skew": 0.366294622421,
        "var": 227.789260864
    },
    "dissonance": {
        "kurt": 4.86125421524,
        "max": 0.498968571424,
        "mean": 0.424825280905,
        "median": 0.467573165894,
        "min": 0,
        "skew": -2.11862802505,
        "var": 0.0096880113706
    },
    "hfc": {
        "kurt": 8.55375862122,
        "max": 3.37525105476,
        "mean": 0.301290273666,
        "median": 0.0202755667269,
        "min": 4.28426893961e-09,
        "skew": 2.847209692,
        "var": 0.41323402524
    },
    "pitch": {
        "kurt": -1.57648074627,
        "max": 4167.42724609,
        "mean": 1606.32849121,
        "median": 441.341766357,
        "min": 148.210037231,
        "skew": 0.593028843403,
        "var": 2675669.25
    },
    "pitch_instantaneous_confidence": {
        "kurt": -0.736741304398,
        "max": 0.961302936077,
        "mean": 0.515440583229,
        "median": 0.493627399206,
        "min": 0.0238107442856,
        "skew": 0.446796238422,
        "var": 0.0576934888959
    },
    "pitch_salience": {
        "kurt": -0.0894229412079,
        "max": 0.985540568829,
        "mean": 0.60304069519,
        "median": 0.685105204582,
        "min": 0.111646287143,
        "skew": -0.768220245838,
        "var": 0.0329865776002
    },
    "silence_rate_20dB": {
        "kurt": 0,
        "max": 1,
        "mean": 1,
        "median": 1,
        "min": 1,
        "skew": 0,
        "var": 0
    },
    "silence_rate_30dB": {
        "kurt": 0,
        "max": 1,
        "mean": 1,
        "median": 1,
        "min": 1,
        "skew": 0,
        "var": 0
    },
    "silence_rate_60dB": {
        "kurt": 23.0370349884,
        "max": 1,
        "mean": 0.964285731316,
        "median": 1,
        "min": 0,
        "skew": -5.00370025635,
        "var": 0.0344387926161
    },
    "spectral_centroid": {
        "kurt": -0.821190834045,
        "max": 3430.8527832,
        "mean": 1329.34179688,
        "median": 880.593383789,
        "min": 335.759887695,
        "skew": 0.844054400921,
        "var": 985584.125
    },
    "spectral_complexity": {
        "kurt": 0.233728170395,
        "max": 2,
        "mean": 0.428571432829,
        "median": 0,
        "min": 0,
        "skew": 1.35772776604,
        "var": 0.530612289906
    },
    "spectral_crest": {
        "kurt": -0.626346349716,
        "max": 25.1455173492,
        "mean": 12.0356168747,
        "median": 10.7715740204,
        "min": 2.72539043427,
        "skew": 0.685401976109,
        "var": 36.5860176086
    },
    "spectral_decrease": {
        "kurt": 9.23641395569,
        "max": -7.24050784008e-19,
        "mean": -1.27317031917e-10,
        "median": -1.75324251644e-12,
        "min": -1.55639046096e-09,
        "skew": -3.02526593208,
        "var": 8.86213003203e-20
    },
    "spectral_energy": {
        "kurt": 9.27401065826,
        "max": 0.00618031527847,
        "mean": 0.000507851305883,
        "median": 8.02597969596e-06,
        "min": 3.12133175209e-12,
        "skew": 3.0249941349,
        "var": 1.39066753491e-06
    },
    "spectral_energyband_high": {
        "kurt": 28.8775310516,
        "max": 0.000145981757669,
        "mean": 7.38954940971e-06,
        "median": 1.10402584141e-06,
        "min": 1.59492875179e-13,
        "skew": 5.11467885971,
        "var": 4.58446919316e-10
    },
    "spectral_energyband_low": {
        "kurt": 22.1929283142,
        "max": 6.42530812911e-06,
        "mean": 3.46369148474e-07,
        "median": 7.34360270371e-08,
        "min": 1.30059821962e-13,
        "skew": 4.82265710831,
        "var": 1.19909019779e-12
    },
    "spectral_energyband_middle_high": {
        "kurt": 8.37960720062,
        "max": 0.0004040064523,
        "mean": 3.5714598198e-05,
        "median": 4.01749457524e-06,
        "min": 1.72122201474e-12,
        "skew": 2.88281846046,
        "var": 6.1452039013e-09
    },
    "spectral_energyband_middle_low": {
        "kurt": 9.71388912201,
        "max": 0.00589154567569,
        "mean": 0.00046688443399,
        "median": 3.53073960468e-06,
        "min": 1.16145038465e-12,
        "skew": 3.08669829369,
        "var": 1.24247549138e-06
    },
    "spectral_flatness_db": {
        "kurt": -0.344928979874,
        "max": 0.449401557446,
        "mean": 0.196701318026,
        "median": 0.157780051231,
        "min": 0.0503222756088,
        "skew": 0.943917453289,
        "var": 0.0106857223436
    },
    "spectral_flux": {
        "kurt": 2.16558933258,
        "max": 0.0753137990832,
        "mean": 0.0125063564628,
        "median": 0.00217112572864,
        "min": 0.00025845572236,
        "skew": 1.6303306818,
        "var": 0.000290045049042
    },
    "spectral_kurtosis": {
        "kurt": 0.449998378754,
        "max": 13.3731441498,
        "mean": 4.44463443756,
        "median": 3.67999744415,
        "min": 0.569366931915,
        "skew": 1.02354514599,
        "var": 10.1712818146
    },
    "spectral_rms": {
        "kurt": 2.60251760483,
        "max": 0.0024555195123,
        "mean": 0.00039396592183,
        "median": 8.84651162778e-05,
        "min": 5.51833458928e-08,
        "skew": 1.85299670696,
        "var": 3.40255468245e-07
    },
    "spectral_rolloff": {
        "kurt": -1.67876005173,
        "max": 4694.23828125,
        "mean": 2101.41064453,
        "median": 2024.12109375,
        "min": 215.33203125,
        "skew": 0.231956154108,
        "var": 2706323.5
    },
    "spectral_skewness": {
        "kurt": -0.67570400238,
        "max": 3.06247353554,
        "mean": 1.68463778496,
        "median": 1.64142870903,
        "min": 0.898361027241,
        "skew": 0.487881362438,
        "var": 0.305166453123
    },
    "spectral_spread": {
        "kurt": 7.67833328247,
        "max": 18629904,
        "mean": 6400612.5,
        "median": 5819426.5,
        "min": 3077547.75,
        "skew": 2.02146196365,
        "var": 6.29512234598e+12
    },
    "spectral_strongpeak": {
        "kurt": 4.24597930908,
        "max": 1.02757847309,
        "mean": 0.131792590022,
        "median": 0.0202222913504,
        "min": 0,
        "skew": 2.24235105515,
        "var": 0.055586874485
    },
    "zerocrossingrate": {
        "kurt": -1.11828160286,
        "max": 0.1669921875,
        "mean": 0.0802350714803,
        "median": 0.068603515625,
        "min": 0.0009765625,
        "skew": 0.435915708542,
        "var": 0.00221284921281
    },
    "barkbands": {
        "kurt": [8.11724472046, 24.1647453308, 21.7902240753, 15.5703754425, 9.75401496887, 25.752122879, 16.7508792877, 22.7271213531, 18.3117904663, 14.6280460358, 37.4202156067, 14.6041984558, 9.26193714142, 35.1143035889, 22.6440849304, 25.8941001892, 10.1551942825, 16.2977352142, 18.8786258698, 37.6714401245, 23.7053661346, 10.9604129791, 20.4806518555, 41.2989807129, 34.5971450806, 30.4878005981, 20.785692215],
        "max": [1.75461245533e-08, 9.21401522191e-07, 4.46736066806e-06, 1.90727178051e-06, 3.98798874812e-05, 0.00280684512109, 0.00556180998683, 0.000199078000151, 9.23327825149e-05, 0.000215132924495, 0.000315449869959, 7.25417385183e-06, 4.37372773376e-06, 3.35291110787e-06, 6.36335289528e-06, 1.50619689521e-05, 1.29622885652e-05, 6.81095698383e-05, 6.93393594702e-05, 0.000120337877888, 7.30491155991e-05, 2.10775542655e-05, 2.93616699309e-06, 1.08976164483e-05, 2.7837138532e-06, 7.70115562432e-08, 3.42548345245e-09],
        "mean": [2.22958673746e-09, 4.11411278378e-08, 2.30747971841e-07, 1.42888325172e-07, 3.17005151373e-06, 0.000143347730045, 0.000302773725707, 8.45953036333e-06, 5.58830424779e-06, 1.27274252009e-05, 8.5937563199e-06, 5.41508484275e-07, 3.48679094486e-07, 1.84978688367e-07, 3.46202426726e-07, 8.42241092869e-07, 1.19429478218e-06, 4.72621832159e-06, 4.08036066801e-06, 4.71779912914e-06, 3.65612299902e-06, 1.54493022819e-06, 1.40122196512e-07, 3.43320891716e-07, 1.04297157577e-07, 3.24728977041e-09, 1.63194222025e-10],
        "median": [1.11992448648e-09, 9.49003364781e-09, 3.50361446522e-08, 4.40503349353e-08, 2.69145743914e-07, 9.52651816988e-07, 4.16732007125e-07, 1.21045019341e-07, 1.24780200395e-07, 1.15921466204e-07, 4.52394957051e-08, 2.8692367593e-08, 2.49542022601e-08, 3.07587342263e-08, 4.49289778715e-08, 1.42999340369e-07, 2.28382504019e-07, 6.22890354407e-07, 5.15245233146e-07, 7.48543072859e-07, 2.47803313869e-07, 7.24110194028e-08, 1.34402231566e-08, 1.4782361113e-08, 9.14607412028e-09, 3.48401973937e-10, 1.36860141275e-11],
        "min": [3.47825609461e-14, 5.38740262796e-14, 3.84453550267e-14, 4.15033506423e-14, 1.21965927483e-13, 1.54169523827e-13, 1.88715091731e-13, 2.19003526251e-13, 3.37658910164e-13, 3.38397604209e-13, 2.99793718496e-13, 2.8648326658e-13, 1.78924827428e-13, 8.56958004992e-14, 7.17672517009e-14, 1.26364183332e-13, 1.49920616828e-13, 1.26387385258e-13, 9.6212683545e-14, 2.15661805092e-14, 1.12238045464e-13, 1.33424485856e-14, 4.99671850662e-15, 4.22366499346e-15, 5.93827990727e-15, 4.07617326394e-15, 3.66603609923e-15],
        "skew": [2.7925350666, 5.06049966812, 4.82425832748, 3.97827315331, 3.16378068924, 4.79889249802, 3.95696473122, 4.94454097748, 4.32261800766, 3.82255768776, 6.09492826462, 3.81404423714, 3.16724777222, 5.64261627197, 4.64841365814, 4.83575344086, 3.05169487, 3.99690055847, 4.29811096191, 6.00685691833, 4.69568920135, 3.29889154434, 4.64808702469, 6.36825656891, 5.78059864044, 5.42220497131, 4.56042146683],
        "var": [1.13084374394e-17, 2.33425627596e-14, 6.65420518166e-13, 1.22800830919e-13, 6.12491099505e-11, 1.79534382028e-07, 8.78078424194e-07, 1.25769916703e-09, 2.90920648682e-10, 1.48353962448e-09, 2.0017814073e-09, 1.95938556179e-12, 7.97328457598e-13, 2.17476169993e-13, 1.00908203234e-12, 5.1032645991e-12, 5.59297053115e-12, 1.41691783306e-10, 1.35995464889e-10, 2.81142498171e-10, 1.28190444371e-10, 1.55722310047e-11, 2.73823525703e-13, 2.24161791559e-12, 1.58207445083e-13, 1.28566128275e-16, 3.15262700627e-19],
        "cov": [[1.15140447612e-17, 6.34357532578e-17, 2.7995611518e-16, 1.36890185746e-17, 2.21079389706e-15, 1.36340903303e-13, 2.25936131783e-12, 6.83840530318e-14, -3.74339180666e-15, 6.70287325535e-14, 7.73321836255e-14, 4.12294425277e-16, 2.22589988264e-15, 9.50705081612e-17, 4.07995388962e-16, 6.09018700779e-16, 3.0895679217e-15, 2.34141184089e-14, 4.31568834692e-15, -2.42208795982e-15, 6.25843252683e-15, 9.83119039329e-15, -9.72557406686e-17, -2.14530483006e-16, 2.67392138339e-17, 4.9434112524e-19, 3.03840919644e-20], [6.34357532578e-17, 2.37669737e-14, 1.25353110596e-13, 1.84923843409e-14, 1.50757566695e-13, -4.11043985307e-12, -5.96608266262e-12, -1.16299060226e-13, -1.61970778586e-13, -3.95951283913e-13, -1.98761783399e-13, -1.30141928253e-14, -6.31404405146e-15, 1.06794608822e-17, -3.00370292129e-15, 2.35119134448e-14, 9.36272611632e-15, 1.57662951976e-14, 1.961959783e-13, 1.34163689815e-13, 3.65113836517e-13, 5.94935359251e-15, 1.14684915278e-14, 3.45363928428e-14, 1.51793047532e-14, 1.80122906192e-16, 2.53236943932e-17], [2.7995611518e-16, 1.25353110596e-13, 6.77519075998e-13, 1.20559337795e-13, 9.15659583746e-13, -2.18578193739e-11, -5.64826935223e-11, -1.56157855744e-12, -9.48857203746e-13, -2.28057199861e-12, -1.85579286313e-12, -6.69514289386e-14, -4.62405450301e-14, 2.48151457379e-16, -7.03261725249e-15, 1.8445673862e-13, 6.23147570328e-14, -1.04986826795e-13, 1.2107397333e-12, 1.15263170102e-12, 2.33075993401e-12, 1.50360918107e-14, 7.4541101644e-14, 2.36921322404e-13, 9.58591794267e-14, 1.25794737057e-15, 1.59619600201e-16], [1.36890185746e-17, 1.84923843409e-14, 1.20559337795e-13, 1.2503356911e-13, 1.06672255664e-12, -9.55547598512e-13, -3.15346221358e-11, -5.59842970593e-13, -1.57213109718e-13, -1.30817687412e-12, -8.25671291321e-13, 3.00237299486e-14, 2.89848880845e-14, 3.73199057378e-14, 2.14625192618e-13, 5.58706943557e-13, 1.78041988704e-13, 7.32379163825e-13, 2.7624506415e-12, 4.4073238982e-12, 3.31542952814e-12, 3.97560510988e-13, 1.2907182918e-13, 4.36006536864e-13, 1.20845946639e-13, 3.00387486898e-15, 1.71984944507e-16], [2.21079389706e-15, 1.50757566695e-13, 9.15659583746e-13, 1.06672255664e-12, 6.23627260943e-11, 2.54477772188e-10, -6.48862574781e-10, -7.57364136683e-12, 5.91722157384e-12, -2.97543517602e-11, -1.96257871066e-11, 1.61481247753e-13, 4.13528830319e-13, 6.26967336555e-13, 2.73909193937e-12, 7.36524296413e-12, 4.73163695724e-12, 6.76561714638e-12, 3.58241353249e-11, 5.56315167544e-11, 3.71150367384e-11, 3.65281112649e-12, 1.42846487677e-12, 5.1608686942e-12, 1.3732243424e-12, 3.37795146943e-14, 1.98118761725e-15], [1.36340903303e-13, -4.11043985307e-12, -2.18578193739e-11, -9.55547598512e-13, 2.54477772188e-10, 1.82798643777e-07, 5.93042592811e-08, -4.65184946119e-10, 3.06942360417e-09, 5.31047295027e-09, -7.65900287636e-10, 2.2421627055e-10, 1.22389273195e-12, 5.86997395136e-11, 5.87164067367e-11, 3.25419108327e-10, 6.76565303781e-10, 9.87686044063e-10, 7.65793872759e-10, 1.40076483746e-09, 5.83701142975e-10, 1.56098536874e-10, 2.47652003071e-11, 1.31915832424e-11, 3.28656047689e-12, 2.88879299171e-13, 1.19994778477e-14], [2.25936131783e-12, -5.96608266262e-12, -5.64826935223e-11, -3.15346221358e-11, -6.48862574781e-10, 5.93042592811e-08, 8.94043466815e-07, 2.78725256209e-08, -8.900695736e-10, 1.75534520253e-08, 2.76838960644e-08, 1.03999496515e-10, 6.76422307055e-10, 5.84843978801e-11, 2.28426472182e-10, 1.18219767309e-10, 1.15105158738e-09, 9.72721103665e-09, 2.26503282796e-09, -2.60843950606e-11, 1.83538950704e-09, 2.56323651193e-09, -2.44501658503e-11, -8.02695271362e-11, 1.73957593122e-12, 5.35273594112e-13, -2.5605690799e-14], [6.83840530318e-14, -1.16299060226e-13, -1.56157855744e-12, -5.59842970593e-13, -7.57364136683e-12, -4.65184946119e-10, 2.78725256209e-08, 1.28056643067e-09, -3.03445150951e-11, 2.40109633565e-11, 1.45022516218e-09, -2.44136069867e-12, 1.90052782539e-11, 2.20882318512e-12, 1.07887084683e-11, 1.1293051997e-12, 4.296765721e-11, 3.9157563303e-10, 1.07841090224e-10, 1.89416364538e-11, 8.13412046052e-11, 7.17603684808e-11, -5.25018498457e-14, -6.41589808625e-13, 7.00956816462e-13, 4.07665099052e-14, 7.3649905193e-17], [-3.74339180666e-15, -1.61970778586e-13, -9.48857203746e-13, -1.57213109718e-13, 5.91722157384e-12, 3.06942360417e-09, -8.900695736e-10, -3.03445150951e-11, 2.96210111994e-10, -1.23938890834e-12, -2.86258933224e-11, 1.3444905779e-11, 3.66242545189e-14, 1.77983398419e-12, 1.82355064209e-12, 6.04422198056e-12, 8.34802105915e-12, 8.31692440612e-12, 1.54109312117e-11, 2.76674932964e-11, 9.98216093118e-12, 1.04001193508e-12, 6.07353035052e-13, 1.96434584094e-13, 1.91881804025e-15, 6.26833900066e-15, 5.75442632387e-16], [6.70287325535e-14, -3.95951283913e-13, -2.28057199861e-12, -1.30817687412e-12, -2.97543517602e-11, 5.31047295027e-09, 1.75534520253e-08, 2.40109633565e-11, -1.23938890834e-12, 1.51051304798e-09, 4.48855917712e-11, 2.20880553431e-11, 1.65290385545e-11, 2.15673008966e-12, 2.66225491088e-13, 7.5504992883e-12, 1.50823763201e-11, 9.24606918806e-11, -8.76304497716e-12, -2.59251092816e-11, 7.43260574615e-12, 7.22830337252e-11, -9.71986055011e-13, -3.26019268006e-12, -7.33556282124e-13, -1.31715486771e-14, -1.2252575104e-15], [7.73321836255e-14, -1.98761783399e-13, -1.85579286313e-12, -8.25671291321e-13, -1.96257871066e-11, -7.65900287636e-10, 2.76838960644e-08, 1.45022516218e-09, -2.86258933224e-11, 4.48855917712e-11, 2.03817740463e-09, -3.57878657264e-12, 2.05302719269e-11, 2.11404158068e-12, 9.81111546172e-12, -1.55536160665e-13, 5.20917822766e-11, 4.23898610658e-10, 8.25640597557e-11, -1.68610167061e-12, 7.12100864386e-11, 7.84683776289e-11, -5.84479296559e-13, -1.58237182038e-12, 4.16559961438e-13, 3.59031414896e-14, -2.71563792148e-16], [4.12294425277e-16, -1.30141928253e-14, -6.69514289386e-14, 3.00237299486e-14, 1.61481247753e-13, 2.2421627055e-10, 1.03999496515e-10, -2.44136069867e-12, 1.3444905779e-11, 2.20880553431e-11, -3.57878657264e-12, 1.99501092729e-12, 7.92680808145e-14, 2.44970168282e-13, 3.38114790072e-13, 8.55095183029e-13, 7.26378159011e-13, 1.94075137905e-12, 3.10684551003e-12, 5.22058611618e-12, 3.02048100073e-12, 5.26226794344e-13, 1.3492088306e-13, 3.11131762715e-13, 7.82539655362e-14, 2.71305627093e-15, 1.47255248512e-16], [2.22589988264e-15, -6.31404405146e-15, -4.62405450301e-14, 2.89848880845e-14, 4.13528830319e-13, 1.22389273195e-12, 6.76422307055e-10, 1.90052782539e-11, 3.66242545189e-14, 1.65290385545e-11, 2.05302719269e-11, 7.92680808145e-14, 8.11825379057e-13, 1.08352664677e-13, 4.05526496714e-13, 7.17292490595e-13, 1.00713556418e-12, 7.16997815287e-12, 4.12500112193e-12, 3.72195546952e-12, 3.87489389533e-12, 3.3787699201e-12, 1.05281756891e-13, 2.76452146765e-13, 8.61937542282e-14, 3.17467588642e-15, 1.05986413658e-16], [9.50705081612e-17, 1.06794608822e-17, 2.48151457379e-16, 3.73199057378e-14, 6.26967336555e-13, 5.86997395136e-11, 5.84843978801e-11, 2.20882318512e-12, 1.77983398419e-12, 2.15673008966e-12, 2.11404158068e-12, 2.44970168282e-13, 1.08352664677e-13, 2.21430282422e-13, 3.11409020315e-13, 5.66162080325e-13, 5.1498584043e-13, 1.7519246687e-12, 3.87569143445e-12, 3.7333651795e-12, 2.69450499239e-12, 6.08900625233e-13, 1.84778407852e-13, 2.30289637186e-13, 6.41518901803e-14, 3.03548846791e-15, 1.40118863583e-16], [4.07995388962e-16, -3.00370292129e-15, -7.03261725249e-15, 2.14625192618e-13, 2.73909193937e-12, 5.87164067367e-11, 2.28426472182e-10, 1.07887084683e-11, 1.82355064209e-12, 2.66225491088e-13, 9.81111546172e-12, 3.38114790072e-13, 4.05526496714e-13, 3.11409020315e-13, 1.02742900993e-12, 2.07029055357e-12, 1.24207230872e-12, 6.82629950829e-12, 1.16731017213e-11, 1.586136604e-11, 1.05190448366e-11, 2.42040979273e-12, 4.84113075148e-13, 1.30336334173e-12, 3.43692684989e-13, 1.10157337828e-14, 4.8129968486e-16], [6.09018700779e-16, 2.35119134448e-14, 1.8445673862e-13, 5.58706943557e-13, 7.36524296413e-12, 3.25419108327e-10, 1.18219767309e-10, 1.1293051997e-12, 6.04422198056e-12, 7.5504992883e-12, -1.55536160665e-13, 8.55095183029e-13, 7.17292490595e-13, 5.66162080325e-13, 2.07029055357e-12, 5.1960510547e-12, 3.08842101199e-12, 9.35704118354e-12, 2.38971967215e-11, 3.72313048447e-11, 2.37927750418e-11, 5.06675864459e-12, 1.04800185457e-12, 3.10333985072e-12, 8.12163595924e-13, 2.40064739599e-14, 1.12657478391e-15], [3.0895679217e-15, 9.36272611632e-15, 6.23147570328e-14, 1.78041988704e-13, 4.73163695724e-12, 6.76565303781e-10, 1.15105158738e-09, 4.296765721e-11, 8.34802105915e-12, 1.50823763201e-11, 5.20917822766e-11, 7.26378159011e-13, 1.00713556418e-12, 5.1498584043e-13, 1.24207230872e-12, 3.08842101199e-12, 5.69466088868e-12, 1.88658481198e-11, 1.44666527022e-11, 1.7720696438e-11, 1.28068302491e-11, 4.93244637842e-12, 4.4110965965e-13, 1.00444598385e-12, 2.98516148866e-13, 1.00628310345e-14, 4.39614414199e-16], [2.34141184089e-14, 1.57662951976e-14, -1.04986826795e-13, 7.32379163825e-13, 6.76561714638e-12, 9.87686044063e-10, 9.72721103665e-09, 3.9157563303e-10, 8.31692440612e-12, 9.24606918806e-11, 4.23898610658e-10, 1.94075137905e-12, 7.16997815287e-12, 1.7519246687e-12, 6.82629950829e-12, 9.35704118354e-12, 1.88658481198e-11, 1.44268000324e-10, 7.46491549131e-11, 6.92388160695e-11, 6.66340455036e-11, 3.15282383534e-11, 1.76247991895e-12, 5.0098432347e-12, 1.60052418367e-12, 5.36434063131e-14, 1.91992659462e-15], [4.31568834692e-15, 1.961959783e-13, 1.2107397333e-12, 2.7624506415e-12, 3.58241353249e-11, 7.65793872759e-10, 2.26503282796e-09, 1.07841090224e-10, 1.54109312117e-11, -8.76304497716e-12, 8.25640597557e-11, 3.10684551003e-12, 4.12500112193e-12, 3.87569143445e-12, 1.16731017213e-11, 2.38971967215e-11, 1.44666527022e-11, 7.46491549131e-11, 1.38468111976e-10, 1.82169182517e-10, 1.25885649127e-10, 2.61691883441e-11, 5.87330488064e-12, 1.51472185489e-11, 4.0811507819e-12, 1.2860548672e-13, 5.93995618547e-15], [-2.42208795982e-15, 1.34163689815e-13, 1.15263170102e-12, 4.4073238982e-12, 5.56315167544e-11, 1.40076483746e-09, -2.60843950606e-11, 1.89416364538e-11, 2.76674932964e-11, -2.59251092816e-11, -1.68610167061e-12, 5.22058611618e-12, 3.72195546952e-12, 3.7333651795e-12, 1.586136604e-11, 3.72313048447e-11, 1.7720696438e-11, 6.92388160695e-11, 1.82169182517e-10, 2.86254187021e-10, 1.80920653459e-10, 3.04011815722e-11, 7.96966746069e-12, 2.46715373825e-11, 6.42524878788e-12, 1.87127779092e-13, 8.68068925796e-15], [6.25843252683e-15, 3.65113836517e-13, 2.33075993401e-12, 3.31542952814e-12, 3.71150367384e-11, 5.83701142975e-10, 1.83538950704e-09, 8.13412046052e-11, 9.98216093118e-12, 7.43260574615e-12, 7.12100864386e-11, 3.02048100073e-12, 3.87489389533e-12, 2.69450499239e-12, 1.05190448366e-11, 2.37927750418e-11, 1.28068302491e-11, 6.66340455036e-11, 1.25885649127e-10, 1.80920653459e-10, 1.30521191077e-10, 2.60420626036e-11, 5.39345781578e-12, 1.62003813142e-11, 4.41907274662e-12, 1.25052867909e-13, 6.22836624533e-15], [9.83119039329e-15, 5.94935359251e-15, 1.50360918107e-14, 3.97560510988e-13, 3.65281112649e-12, 1.56098536874e-10, 2.56323651193e-09, 7.17603684808e-11, 1.04001193508e-12, 7.22830337252e-11, 7.84683776289e-11, 5.26226794344e-13, 3.3787699201e-12, 6.08900625233e-13, 2.42040979273e-12, 5.06675864459e-12, 4.93244637842e-12, 3.15282383534e-11, 2.61691883441e-11, 3.04011815722e-11, 2.60420626036e-11, 1.58553621621e-11, 8.73801953103e-13, 2.4848335195e-12, 7.08948850146e-13, 2.30069124017e-14, 9.29409230715e-16], [-9.72557406686e-17, 1.14684915278e-14, 7.4541101644e-14, 1.2907182918e-13, 1.42846487677e-12, 2.47652003071e-11, -2.44501658503e-11, -5.25018498457e-14, 6.07353035052e-13, -9.71986055011e-13, -5.84479296559e-13, 1.3492088306e-13, 1.05281756891e-13, 1.84778407852e-13, 4.84113075148e-13, 1.04800185457e-12, 4.4110965965e-13, 1.76247991895e-12, 5.87330488064e-12, 7.96966746069e-12, 5.39345781578e-12, 8.73801953103e-13, 2.78802127869e-13, 6.78427366368e-13, 1.8076726639e-13, 5.75436449047e-15, 2.77013575661e-16], [-2.14530483006e-16, 3.45363928428e-14, 2.36921322404e-13, 4.36006536864e-13, 5.1608686942e-12, 1.31915832424e-11, -8.02695271362e-11, -6.41589808625e-13, 1.96434584094e-13, -3.26019268006e-12, -1.58237182038e-12, 3.11131762715e-13, 2.76452146765e-13, 2.30289637186e-13, 1.30336334173e-12, 3.10333985072e-12, 1.00444598385e-12, 5.0098432347e-12, 1.51472185489e-11, 2.46715373825e-11, 1.62003813142e-11, 2.4848335195e-12, 6.78427366368e-13, 2.28237459314e-12, 6.00142656924e-13, 1.64558969072e-14, 7.98894794312e-16], [2.67392138339e-17, 1.51793047532e-14, 9.58591794267e-14, 1.20845946639e-13, 1.3732243424e-12, 3.28656047689e-12, 1.73957593122e-12, 7.00956816462e-13, 1.91881804025e-15, -7.33556282124e-13, 4.16559961438e-13, 7.82539655362e-14, 8.61937542282e-14, 6.41518901803e-14, 3.43692684989e-13, 8.12163595924e-13, 2.98516148866e-13, 1.60052418367e-12, 4.0811507819e-12, 6.42524878788e-12, 4.41907274662e-12, 7.08948850146e-13, 1.8076726639e-13, 6.00142656924e-13, 1.61083941867e-13, 4.35493011282e-15, 2.17923313181e-16], [4.9434112524e-19, 1.80122906192e-16, 1.25794737057e-15, 3.00387486898e-15, 3.37795146943e-14, 2.88879299171e-13, 5.35273594112e-13, 4.07665099052e-14, 6.26833900066e-15, -1.31715486771e-14, 3.59031414896e-14, 2.71305627093e-15, 3.17467588642e-15, 3.03548846791e-15, 1.10157337828e-14, 2.40064739599e-14, 1.00628310345e-14, 5.36434063131e-14, 1.2860548672e-13, 1.87127779092e-13, 1.25052867909e-13, 2.30069124017e-14, 5.75436449047e-15, 1.64558969072e-14, 4.35493011282e-15, 1.30903687747e-16, 6.1065529251e-18], [3.03840919644e-20, 2.53236943932e-17, 1.59619600201e-16, 1.71984944507e-16, 1.98118761725e-15, 1.19994778477e-14, -2.5605690799e-14, 7.3649905193e-17, 5.75442632387e-16, -1.2252575104e-15, -2.71563792148e-16, 1.47255248512e-16, 1.05986413658e-16, 1.40118863583e-16, 4.8129968486e-16, 1.12657478391e-15, 4.39614414199e-16, 1.91992659462e-15, 5.93995618547e-15, 8.68068925796e-15, 6.22836624533e-15, 9.29409230715e-16, 2.77013575661e-16, 7.98894794312e-16, 2.17923313181e-16, 6.1065529251e-18, 3.2099475208e-19]]
    },
    "mfcc": {
        "kurt": [-0.771018743515, -1.00958859921, -0.797874450684, -0.569759368896, -1.06453382969, -0.978883266449, -0.98342871666, -0.16755437851, 0.943561077118, 0.487180948257, 0.4229991436, 1.28739118576, -0.41282081604],
        "max": [-800.967590332, 114.752998352, 48.2588539124, 67.9198455811, 22.2746582031, 16.6617126465, 11.7845954895, 12.247674942, 14.3828239441, 17.5893650055, 15.6811637878, 26.1551971436, 14.6800537109],
        "mean": [-1011.02642822, 56.358455658, -5.97788858414, 24.2155704498, -21.5603370667, -34.3434371948, -13.6076641083, -15.2450275421, -9.64766597748, -12.9881591797, -8.67698955536, -2.36840605736, -2.43431258202],
        "median": [-1028.09326172, 48.7211112976, -6.95677185059, 23.6402263641, -12.0171546936, -38.0767555237, -13.4039001465, -14.3346748352, -10.1067428589, -9.03779602051, -8.8113155365, -3.9991569519, -3.06074905396],
        "min": [-1138.42004395, 1.14440917969e-05, -69.0998077393, -8.47190475464, -80.1835479736, -70.3491210938, -41.2891387939, -48.1157836914, -38.0869369507, -48.4808502197, -29.7231788635, -16.4300956726, -17.0824298859],
        "skew": [0.439070403576, 0.410238057375, -0.0678815096617, 0.223349198699, -0.477238595486, 0.330392628908, -0.157440975308, -0.199952721596, -0.146091043949, -0.878165185452, 0.437800765038, 1.12361371517, 0.268044710159],
        "var": [7568.73583984, 910.642456055, 787.980102539, 326.159240723, 793.419799805, 563.15625, 204.262710571, 181.085296631, 89.0603179932, 202.814041138, 85.6803131104, 80.7858734131, 59.3591880798],
        "cov": [[7706.34960938, 1542.97949219, -1853.80895996, 381.89630127, -1933.32788086, -1615.04174805, -698.49609375, -697.569885254, -194.402557373, -715.655029297, -93.0616989136, 111.551216125, 28.1782722473], [1542.97949219, 927.199584961, -290.846435547, -144.101791382, -692.649658203, -545.200622559, -343.70135498, -200.926498413, -99.6958618164, -283.510467529, 32.190372467, 51.6648788452, -9.61513900757], [-1853.80895996, -290.846435547, 802.307006836, -52.0449562073, 559.652832031, 465.588684082, 123.275505066, 121.503112793, -15.8283882141, 170.785552979, -18.6827831268, -109.282066345, -79.8142242432], [381.89630127, -144.101791382, -52.0449562073, 332.089416504, 160.637542725, -8.36594200134, 73.2548904419, -53.2418861389, -35.1636734009, 9.83937835693, -71.6806793213, -21.9922103882, -16.9021759033], [-1933.32788086, -692.649658203, 559.652832031, 160.637542725, 807.845581055, 583.174072266, 312.556488037, 186.050125122, 32.2702560425, 257.944213867, -45.594745636, -94.6036987305, -34.3274040222], [-1615.04174805, -545.200622559, 465.588684082, -8.36594200134, 583.174072266, 573.395446777, 228.83656311, 174.230026245, 74.1876373291, 167.200485229, 4.51344776154, -57.58335495, -19.8194561005], [-698.49609375, -343.70135498, 123.275505066, 73.2548904419, 312.556488037, 228.83656311, 207.976577759, 140.7940979, 58.0649108887, 133.232147217, -12.7752866745, -32.5376815796, -8.33854007721], [-697.569885254, -200.926498413, 121.503112793, -53.2418861389, 186.050125122, 174.230026245, 140.7940979, 184.377746582, 88.7978591919, 85.2378540039, 48.9878692627, -7.01634979248, 1.52632629871], [-194.402557373, -99.6958618164, -15.8283882141, -35.1636734009, 32.2702560425, 74.1876373291, 58.0649108887, 88.7978591919, 90.6795959473, 29.2607364655, 31.8062438965, 21.8974285126, 14.4517774582], [-715.655029297, -283.510467529, 170.785552979, 9.83937835693, 257.944213867, 167.200485229, 133.232147217, 85.2378540039, 29.2607364655, 206.501556396, -3.05086779594, -53.2177734375, 18.540845871], [-93.0616989136, 32.190372467, -18.6827831268, -71.6806793213, -45.594745636, 4.51344776154, -12.7752866745, 48.9878692627, 31.8062438965, -3.05086779594, 87.2381362915, 47.0095405579, 34.8397254944], [111.551216125, 51.6648788452, -109.282066345, -21.9922103882, -94.6036987305, -57.58335495, -32.5376815796, -7.01634979248, 21.8974285126, -53.2177734375, 47.0095405579, 82.2547073364, 37.3998908997], [28.1782722473, -9.61513900757, -79.8142242432, -16.9021759033, -34.3274040222, -19.8194561005, -8.33854007721, 1.52632629871, 14.4517774582, 18.540845871, 34.8397254944, 37.3998908997, 60.4384460449]]
    },
    "sccoeffs": {
        "kurt": [0.938443899155, 0.329254865646, 0.318972826004, 1.00247001648, 0.420063972473, 1.01088523865],
        "max": [-0.521824359894, -0.358320266008, -0.567012965679, -0.732901036739, -0.740225732327, -0.659874737263],
        "mean": [-0.770501792431, -0.744563519955, -0.817372918129, -0.869572043419, -0.858632087708, -0.827597022057],
        "median": [-0.793255388737, -0.813354849815, -0.858430504799, -0.87926107645, -0.85817027092, -0.847308754921],
        "min": [-0.98996078968, -0.988354802132, -0.990914225578, -0.967208564281, -0.939209997654, -0.909757435322],
        "skew": [0.862912774086, 1.23203587532, 1.18257880211, 1.11949026585, 0.636385321617, 1.24988698959],
        "var": [0.00848124269396, 0.0248703695834, 0.0112802609801, 0.00222568586469, 0.00157212349586, 0.00275506777689],
        "cov": [[0.00863544642925, -9.91770502878e-05, -0.000342614279361, 0.000109533728391, 0.000408726045862, 0.000288145150989], [-9.91770502878e-05, 0.0253225583583, 0.0159029308707, 0.00571825215593, 0.00487788068131, 0.00741673121229], [-0.000342614279361, 0.0159029308707, 0.0114853568375, 0.00392489414662, 0.0030632019043, 0.00503224879503], [0.000109533728391, 0.00571825215593, 0.00392489414662, 0.00226615299471, 0.00150257349014, 0.00192294688895], [0.000408726045862, 0.00487788068131, 0.0030632019043, 0.00150257349014, 0.00160070753191, 0.00161038502119], [0.000288145150989, 0.00741673121229, 0.00503224879503, 0.00192294688895, 0.00161038502119, 0.00280515989289]]
    },
    "scvalleys": {
        "kurt": [21.5068416595, 3.83441209793, 3.24057292938, 6.73279666901, 7.79466533661, 5.8430814743],
        "max": [-8.48408794403, -6.70558214188, -7.80284261703, -8.11373329163, -7.45566225052, -9.01745319366],
        "mean": [-10.492609024, -9.34141635895, -10.2028522491, -10.7195730209, -10.1573991776, -12.3501663208],
        "median": [-10.4203948975, -9.41118621826, -10.163236618, -10.5705499649, -9.86192703247, -12.1265277863],
        "min": [-15.8317747116, -15.5445966721, -15.4662542343, -16.4026489258, -17.3154354095, -19.2774944305],
        "skew": [-3.67320871353, -1.08135378361, -1.07117152214, -1.59451019764, -1.8733522892, -1.37874209881],
        "var": [0.780559420586, 2.14675879478, 1.62809669971, 1.46271026134, 2.16451716423, 2.30359387398],
        "cov": [[0.794751405716, 0.81349337101, 0.66008234024, 0.693037986755, 0.870078504086, 0.875975191593], [0.81349337101, 2.18579077721, 1.68862390518, 1.56206440926, 1.8082113266, 1.63449501991], [0.66008234024, 1.68862390518, 1.65769851208, 1.46282970905, 1.72061264515, 1.57339131832], [0.693037986755, 1.56206440926, 1.46282970905, 1.48930501938, 1.75383687019, 1.67683053017], [0.870078504086, 1.8082113266, 1.72061264515, 1.75383687019, 2.20387220383, 2.1561934948], [0.875975191593, 1.63449501991, 1.57339131832, 1.67683053017, 2.1561934948, 2.34547734261]]
    }
},
"rhythm": {
    "beats_loudness": {
        "kurt": -1.49999976158,
        "max": 8.1582882558e-05,
        "mean": 2.90403695544e-05,
        "median": 4.93969491799e-06,
        "min": 5.98537269525e-07,
        "skew": 0.699889779091,
        "var": 1.38349864898e-09
    },
    "bpm": 166.708679199,
    "confidence": 0,
    "first_peak_bpm": {
        "kurt": 0,
        "max": 167,
        "mean": 167,
        "median": 167,
        "min": 167,
        "skew": 0,
        "var": 0
    },
    "first_peak_spread": {
        "kurt": 0,
        "max": 0,
        "mean": 0,
        "median": 0,
        "min": 0,
        "skew": 0,
        "var": 0
    },
    "first_peak_weight": {
        "kurt": 0,
        "max": 1,
        "mean": 1,
        "median": 1,
        "min": 1,
        "skew": 0,
        "var": 0
    },
    "onset_rate": 4.78186988831,
    "second_peak_bpm": {
        "kurt": 0,
        "max": 0,
        "mean": 0,
        "median": 0,
        "min": 0,
        "skew": 0,
        "var": 0
    },
    "second_peak_spread": {
        "kurt": 0,
        "max": 0,
        "mean": 0,
        "median": 0,
        "min": 0,
        "skew": 0,
        "var": 0
    },
    "second_peak_weight": {
        "kurt": 0,
        "max": 0,
        "mean": 0,
        "median": 0,
        "min": 0,
        "skew": 0,
        "var": 0
    },
    "beats_loudness_band_ratio": {
        "kurt": [-1.50000011921, -1.49999988079, -1.50000023842, -1.49999988079, -1.5, -1.5],
        "max": [0.116803720593, 0.656104624271, 0.15152195096, 0.14012208581, 0.30589646101, 0.297672837973],
        "mean": [0.0535345859826, 0.346555948257, 0.142864331603, 0.0583631694317, 0.213159069419, 0.234390839934],
        "median": [0.0326101519167, 0.294882893562, 0.142736136913, 0.0229129754007, 0.220012187958, 0.24905307591],
        "min": [0.0111898826435, 0.0886803865433, 0.134334906936, 0.0120544442907, 0.113568544388, 0.156446620822],
        "skew": [0.591817617416, 0.319814473391, 0.027397044003, 0.688552558422, -0.130012556911, -0.359760016203],
        "var": [0.00207796320319, 0.0549967624247, 4.92406361445e-05, 0.00336191151291, 0.0061884871684, 0.00343163125217],
        "cov": [[0.00311694480479, -0.0141710415483, -0.000451785628684, 0.00393776036799, 0.00497057428584, 0.00145202595741], [-0.0141710415483, 0.0824951454997, 0.00244305445813, -0.016793306917, -0.0275484733284, -0.0155892679468], [-0.000451785628684, 0.00244305445813, 7.38609523978e-05, -0.000546867668163, -0.000827045994811, -0.000403992104111], [0.00393776036799, -0.016793306917, -0.000546867668163, 0.00504286726937, 0.00597553700209, 0.00128245353699], [0.00497057428584, -0.0275484733284, -0.000827045994811, 0.00597553700209, 0.00928273051977, 0.00477796094492], [0.00145202595741, -0.0155892679468, -0.000403992104111, 0.00128245353699, 0.00477796094492, 0.00514744687825]]
    },
    "beats_position": [0.348299324512, 0.708208620548, 1.06811785698],
    "bpm_estimates": [166.70866394, 166.708694458],
    "bpm_intervals": [0.359909296036, 0.359909236431],
    "onset_times": [0.0232199542224, 0.452789127827, 0.650158703327, 0.719818592072, 0.835918366909, 1.05650794506],
    "histogram": [[0, 0, 0, 0, 0, 0, 0, 0, 0, 0, 0, 0, 0, 0, 0, 0, 0, 0, 0, 0, 0, 0, 0, 0, 0, 0, 0, 0, 0, 0, 0, 0, 0, 0, 0, 0, 0, 0, 0, 0, 0, 0, 0, 0, 0, 0, 0, 0, 0, 0, 0, 0, 0, 0, 0, 0, 0, 0, 0, 0, 0, 0, 0, 0, 0, 0, 0, 0, 0, 0, 0, 0, 0, 0, 0, 0, 0, 0, 0, 0, 0, 0, 0, 0, 0, 0, 0, 0, 0, 0, 0, 0, 0, 0, 0, 0, 0, 0, 0, 0, 0, 0, 0, 0, 0, 0, 0, 0, 0, 0, 0, 0, 0, 0, 0, 0, 0, 0, 0, 0, 0, 0, 0, 0, 0, 0, 0, 0, 0, 0, 0, 0, 0, 0, 0, 0, 0, 0, 0, 0, 0, 0, 0, 0, 0, 0, 0, 0, 0, 0, 0, 0, 0, 0, 0, 0, 0, 0, 0, 0, 0, 0, 0, 0, 0, 0, 0, 1, 0, 0, 0, 0, 0, 0, 0, 0, 0, 0, 0, 0, 0, 0, 0, 0, 0, 0, 0, 0, 0, 0, 0, 0, 0, 0, 0, 0, 0, 0, 0, 0, 0, 0, 0, 0, 0, 0, 0, 0, 0, 0, 0, 0, 0, 0, 0, 0, 0, 0, 0, 0, 0, 0, 0, 0, 0, 0, 0, 0, 0, 0, 0, 0, 0, 0, 0, 0, 0, 0, 0, 0, 0, 0, 0, 0, 0, 0, 0, 0, 0, 0]]
},
"sfx": {
    "inharmonicity": {
        "kurt": 14.2382888794,
        "max": 0.322461247444,
        "mean": 0.023725958541,
        "median": 0.00182973931078,
        "min": 0,
        "skew": 3.66507816315,
        "var": 0.00317991757765
    },
    "oddtoevenharmonicenergyratio": {
        "kurt": 0,
        "max": 3.40282346639e+38,
        "mean": 6.07647047569e+36,
        "median": 0.0374935977161,
        "min": 0,
        "skew": 0,
        "var": inf
    },
    "pitch_after_max_to_before_max_energy_ratio": 5.59437704086,
    "pitch_centroid": 22.1881523132,
    "pitch_max_to_total": 0.125,
    "pitch_min_to_total": 0.785714268684,
    "tristimulus": {
        "kurt": [-0.659257411957, 3.03313922882, -1.01258444786],
        "max": [1, 1, 0.50608587265],
        "mean": [0.663395762444, 0.181089550257, 0.1555146873],
        "median": [0.660825371742, 0.124221354723, 0.100152850151],
        "min": [0, 0, 0],
        "skew": [-0.571457445621, 1.76560711861, 0.624709427357],
        "var": [0.0994523689151, 0.049475543201, 0.0260063558817],
        "cov": [[0.101260595024, -0.0625782385468, -0.038682334125], [-0.0625782385468, 0.0503750964999, 0.0122031373903], [-0.038682334125, 0.0122031373903, 0.0264791995287]]
    }
},
"tonal": {
    "chords_changes_rate": 0.0344827584922,
    "chords_number_rate": 0.0689655169845,
    "chords_strength": {
        "kurt": 0.696427345276,
        "max": 0.573828279972,
        "mean": 0.463865697384,
        "median": 0.453591763973,
        "min": 0.407454937696,
        "skew": 1.2048317194,
        "var": 0.00184539915062
    },
    "key_strength": 0.619435608387,
    "tuning_diatonic_strength": 0.511596858501,
    "tuning_equal_tempered_deviation": 0.252838224173,
    "tuning_frequency": 451.84777832,
    "tuning_nontempered_energy_ratio": 0.886065602303,
    "hpcp": {
        "kurt": [-0.667446374893, 4.04775857925, 1.56604337692, 1.28963708878, 0.561663866043, 0.642325162888, 1.44108104706, 2.46486616135, 2.30507326126, 2.3399105072, 3.76139497757, 0.1173787117, 3.06123256683, 2.92067956924, 0.0993323326111, 1.13321971893, -0.0364129543304, 3.52971839905, 4.15624952316, 7.99340629578, 3.68295907974, 4.86608982086, 1.82037734985, 1.82959985733, 1.09560394287, 2.74761772156, -0.342909097672, -0.825927734375, -0.100926876068, 4.05876159668, 2.35197591782, 1.00303936005, 0.305148363113, 1.17568159103, 1.54361104965, 1.91364002228],
        "max": [0.671681046486, 1, 1, 1, 0.915185034275, 0.921397924423, 0.954274773598, 1, 0.652898848057, 0.456206083298, 0.53743314743, 0.511355221272, 0.784100294113, 0.858332037926, 1, 1, 0.653833925724, 1, 0.84762519598, 1, 0.747506678104, 0.80786126852, 1, 0.949740231037, 0.596972048283, 0.850487112999, 0.873952388763, 1, 0.901448786259, 1, 1, 1, 1, 0.617010474205, 0.629511058331, 1],
        "mean": [0.189018279314, 0.175021857023, 0.20563852787, 0.216751605272, 0.225483596325, 0.212948694825, 0.208519011736, 0.202911645174, 0.138090789318, 0.0926023572683, 0.0953642353415, 0.129934251308, 0.14773362875, 0.171290099621, 0.251053094864, 0.2392437011, 0.176092892885, 0.162006914616, 0.129657253623, 0.124718360603, 0.10946175456, 0.123601570725, 0.221414521337, 0.215548709035, 0.145805820823, 0.152745053172, 0.251787722111, 0.338231831789, 0.274030447006, 0.200621947646, 0.220474421978, 0.258219599724, 0.243287742138, 0.145638033748, 0.137505874038, 0.208383262157],
        "median": [0.0783557072282, 0.076166190207, 0.113247603178, 0.101032674313, 0.136127844453, 0.120019905269, 0.118675775826, 0.0671979561448, 0.0959299057722, 0.05047429353, 0.0414188280702, 0.0529515631497, 0.0592844858766, 0.0959714055061, 0.153252467513, 0.124866232276, 0.116360187531, 0.0478567071259, 0.0363074168563, 0.0267853178084, 0.0303106438369, 0.0452151559293, 0.0672438070178, 0.147531673312, 0.111883811653, 0.0654043480754, 0.134141132236, 0.156433627009, 0.233525454998, 0.1534576267, 0.131696239114, 0.19680558145, 0.104455843568, 0.0776007920504, 0.0992164686322, 0.0601592510939],
        "min": [0, 0, 0, 0, 0, 0, 0, 0, 0, 0, 0, 0, 0, 0, 0, 0, 0, 0, 0, 0, 0, 0, 0, 0, 0, 0, 0, 0, 0, 0, 0, 0, 0, 0, 0, 0],
