{
"metadata": {
    "version": {
        "essentia": "2.1-beta3"
    }
},
"lowLevel": {
    "average_loudness": 0.99068403244,
    "barkbands_kurtosis": {
        "kurt": 42.9821739197,
        "max": 505.947174072,
        "mean": 13.4211263657,
        "median": -0.38865852356,
        "min": -1.82409405708,
        "skew": 6.47410345078,
        "var": 4667.97021484
    },
    "barkbands_skewness": {
        "kurt": 10.0067281723,
        "max": 11.3814287186,
        "mean": 1.20755279064,
        "median": 0.816529035568,
        "min": -2.15312314034,
        "skew": 2.79338884354,
        "var": 4.98375654221
    },
    "barkbands_spread": {
        "kurt": -0.22553396225,
        "max": 47.3245124817,
        "mean": 28.2167167664,
        "median": 30.5613193512,
        "min": 0.147184804082,
        "skew": -0.623789250851,
        "var": 138.704803467
    },
    "dissonance": {
        "kurt": 12.4285306931,
        "max": 0.499985277653,
        "mean": 0.458174496889,
        "median": 0.481282830238,
        "min": 0.140902191401,
        "skew": -3.51406311989,
        "var": 0.00451790494844
    },
    "hfc": {
        "kurt": 12.6312875748,
        "max": 6.38284921646,
        "mean": 0.379400730133,
        "median": 0.00131423806306,
        "min": 3.44136856256e-06,
        "skew": 3.6309337616,
        "var": 1.42177033424
    },
    "pitch": {
        "kurt": -1.32745051384,
        "max": 4036.44628906,
        "mean": 1328.07983398,
        "median": 389.749145508,
        "min": 92.4029006958,
        "skew": 0.740222752094,
        "var": 2080099.125
    },
    "pitch_instantaneous_confidence": {
        "kurt": -0.516345500946,
        "max": 0.972993373871,
        "mean": 0.417283862829,
        "median": 0.317275941372,
        "min": 0.14294141531,
        "skew": 0.778175890446,
        "var": 0.0548493377864
    },
    "pitch_salience": {
        "kurt": 0.861820936203,
        "max": 0.875205397606,
        "mean": 0.63450473547,
        "median": 0.729061067104,
        "min": 0.0272941067815,
        "skew": -1.40151250362,
        "var": 0.0434488728642
    },
    "silence_rate_20dB": {
        "kurt": 0,
        "max": 1,
        "mean": 1,
        "median": 1,
        "min": 1,
        "skew": 0,
        "var": 0
    },
    "silence_rate_30dB": {
        "kurt": 0,
        "max": 1,
        "mean": 1,
        "median": 1,
        "min": 1,
        "skew": 0,
        "var": 0
    },
    "silence_rate_60dB": {
        "kurt": 6.89262199402,
        "max": 1,
        "mean": 0.915254235268,
        "median": 1,
        "min": 0,
        "skew": -2.98205184937,
        "var": 0.0775637626648
    },
    "spectral_centroid": {
        "kurt": -0.312777996063,
        "max": 2619.95947266,
        "mean": 1232.8137207,
        "median": 1080.8614502,
        "min": 394.039398193,
        "skew": 0.716591417789,
        "var": 344153.6875
    },
    "spectral_complexity": {
        "kurt": 22.9719867706,
        "max": 9,
        "mean": 0.389830499887,
        "median": 0,
        "min": 0,
        "skew": 4.92839241028,
        "var": 2.6785364151
    },
    "spectral_crest": {
        "kurt": 0.150140523911,
        "max": 25.6861896515,
        "mean": 9.82754230499,
        "median": 7.09397506714,
        "min": 3.03876781464,
        "skew": 1.16333591938,
        "var": 40.2761039734
    },
    "spectral_decrease": {
        "kurt": 14.2037982941,
        "max": -6.37740529229e-16,
        "mean": -1.44587758433e-10,
        "median": -1.47806666537e-13,
        "min": -2.59438670547e-09,
        "skew": -3.83993697166,
        "var": 2.34743466386e-19
    },
    "spectral_energy": {
        "kurt": 13.5653839111,
        "max": 0.0101547427475,
        "mean": 0.000580120016821,
        "median": 6.65458003368e-07,
        "min": 2.71912092842e-09,
        "skew": 3.76882600784,
        "var": 3.69879899154e-06
    },
    "spectral_energyband_high": {
        "kurt": 24.4161510468,
        "max": 0.000155345056555,
        "mean": 5.98476117375e-06,
        "median": 2.52165666126e-08,
        "min": 2.73364580972e-10,
        "skew": 5.07637453079,
        "var": 6.78452294345e-10
    },
    "spectral_energyband_low": {
        "kurt": 19.6890888214,
        "max": 5.76592310608e-06,
        "mean": 3.63524037539e-07,
        "median": 3.56486786757e-08,
        "min": 4.1704681375e-10,
        "skew": 4.21371889114,
        "var": 8.36363422095e-13
    },
    "spectral_energyband_middle_high": {
        "kurt": 22.9388942719,
        "max": 0.00122027797624,
        "mean": 5.32388512511e-05,
        "median": 2.31128765904e-07,
        "min": 6.66353028311e-10,
        "skew": 4.91927719116,
        "var": 4.65227856239e-08
    },
    "spectral_energyband_middle_low": {
        "kurt": 16.3192558289,
        "max": 0.0100905960426,
        "mean": 0.000520676549058,
        "median": 3.69324538951e-07,
        "min": 1.40507294688e-09,
        "skew": 4.08407735825,
        "var": 3.3193082345e-06
    },
    "spectral_flatness_db": {
        "kurt": 5.1056804657,
        "max": 0.559867739677,
        "mean": 0.163292557001,
        "median": 0.131251186132,
        "min": 0.0700649544597,
        "skew": 2.21817779541,
        "var": 0.00992742925882
    },
    "spectral_flux": {
        "kurt": 5.07879924774,
        "max": 0.0914651229978,
        "mean": 0.00936438329518,
        "median": 0.000725549180061,
        "min": 0.000184942051419,
        "skew": 2.46200990677,
        "var": 0.0004301489098
    },
    "spectral_kurtosis": {
        "kurt": 22.3192882538,
        "max": 44.8044662476,
        "mean": 5.84889554977,
        "median": 4.36179113388,
        "min": 2.29180717468,
        "skew": 4.80728721619,
        "var": 50.0168190002
    },
    "spectral_rms": {
        "kurt": 7.5672750473,
        "max": 0.00314754922874,
        "mean": 0.000288456038106,
        "median": 2.54799397226e-05,
        "min": 1.62874209764e-06,
        "skew": 2.92004728317,
        "var": 4.8276359621e-07
    },
    "spectral_rolloff": {
        "kurt": -0.802103281021,
        "max": 4069.77539062,
        "mean": 2490.91699219,
        "median": 2928.515625,
        "min": 344.53125,
        "skew": -0.825501978397,
        "var": 1345980.25
    },
    "spectral_skewness": {
        "kurt": 18.5514698029,
        "max": 5.74289131165,
        "mean": 1.78861665726,
        "median": 1.62747573853,
        "min": 1.08526301384,
        "skew": 4.29119920731,
        "var": 0.597548604012
    },
    "spectral_spread": {
        "kurt": 1.85450029373,
        "max": 9081383,
        "mean": 5226343,
        "median": 5303430.5,
        "min": 2328429.25,
        "skew": 0.243259653449,
        "var": 1.16680451686e+12
    },
    "spectral_strongpeak": {
        "kurt": 10.0562162399,
        "max": 1.06558322906,
        "mean": 0.0862867385149,
        "median": 0.00309098931029,
        "min": 0,
        "skew": 3.29014897346,
        "var": 0.0526589378715
    },
    "zerocrossingrate": {
        "kurt": 0.118244409561,
        "max": 0.1240234375,
        "mean": 0.0746573731303,
        "median": 0.07373046875,
        "min": 0.017578125,
        "skew": -0.280902117491,
        "var": 0.000560919754207
    },
    "barkbands": {
        "kurt": [21.8833389282, 21.8592033386, 21.8366413116, 12.1308956146, 41.61095047, 23.4208450317, 47.3411903381, 35.6004867554, 16.7655143738, 13.9908084869, 15.9105587006, 20.4089641571, 20.9397087097, 23.9219074249, 29.7413291931, 38.0433769226, 24.3644161224, 21.8922309875, 20.2750759125, 32.9128608704, 29.5930709839, 32.5639190674, 11.0062208176, 21.1578617096, 34.0482635498, 24.9351463318, 29.2511863708],
        "max": [5.73443116991e-07, 3.39868665833e-06, 2.16484158955e-06, 1.31990623231e-06, 3.82052712666e-05, 0.00883896742016, 0.00600403314456, 4.26851729571e-05, 3.30875518557e-05, 4.06482013204e-06, 5.91945024553e-07, 2.06295499083e-06, 6.45147520117e-06, 8.2221804405e-06, 1.19225214803e-05, 0.000278038089164, 0.000383924198104, 0.00033006380545, 4.56140187453e-05, 0.000404901860747, 0.000128933985252, 8.72499185789e-06, 1.89754518942e-06, 2.87015927825e-06, 2.01054240279e-06, 1.34217952308e-08, 1.65316527134e-09],
        "mean": [2.73360036829e-08, 1.80883205303e-07, 1.26121889821e-07, 1.00590305863e-07, 1.11643112177e-06, 0.000372920680093, 0.000143254874274, 1.4986972019e-06, 1.6308836166e-06, 2.4085915129e-07, 3.51425981648e-08, 1.03821292896e-07, 3.13334339808e-07, 3.31515934704e-07, 4.66241687036e-07, 7.76210436015e-06, 1.50694731929e-05, 1.56232981681e-05, 2.25697181122e-06, 1.2180322301e-05, 4.28458952229e-06, 2.59884501475e-07, 1.32023643573e-07, 1.40111737323e-07, 6.38922728058e-08, 5.60876289857e-10, 6.78732001158e-11],
        "median": [1.51437107299e-09, 1.16389626825e-08, 1.50695456114e-08, 1.6251362922e-08, 4.07442009021e-08, 9.54212637794e-08, 4.07073770248e-08, 1.91093647572e-08, 1.46492551423e-08, 1.09125615211e-08, 4.90917884122e-09, 5.37285504976e-09, 5.29539967431e-09, 3.60255580922e-09, 3.8377581113e-09, 1.20144756366e-08, 2.22801155303e-08, 5.89348623237e-08, 2.97011268913e-08, 2.53433842801e-08, 8.547096364e-09, 1.79781722842e-09, 5.61910074026e-10, 3.48480855283e-10, 1.69577421549e-10, 7.68428116277e-12, 1.68347798267e-13],
        "min": [3.68573435661e-11, 1.36872402301e-10, 1.19542709065e-10, 1.98784141925e-10, 6.8301886369e-10, 3.20462212322e-10, 5.63610234872e-11, 1.91800186844e-11, 8.60364557376e-11, 9.62345272915e-11, 7.56577370198e-11, 2.783813631e-11, 6.40734965085e-11, 1.85798633423e-11, 5.05544130863e-12, 2.11765275454e-11, 1.13757362905e-11, 4.77835618296e-11, 2.39816250192e-10, 1.23951668374e-10, 1.28191665616e-10, 6.83723633266e-11, 8.44867752148e-12, 5.4437530872e-12, 1.55601725081e-12, 5.13770287165e-13, 7.32618040669e-14],
        "skew": [4.72505617142, 4.52977466583, 4.63389492035, 3.50912976265, 6.3915271759, 4.6886973381, 6.86488771439, 5.79032611847, 4.02827787399, 3.87359166145, 3.99016427994, 4.36344671249, 4.625477314, 5.01321220398, 5.32864952087, 6.11571788788, 5.02269887924, 4.66217756271, 4.5684928894, 5.72299909592, 5.46374559402, 5.7132358551, 3.44124078751, 4.67340946198, 5.76900005341, 4.97277259827, 5.22809886932],
        "var": [9.17476442313e-15, 2.8765122337e-13, 1.23169080187e-13, 5.82510791989e-14, 2.69742006509e-11, 1.90248010767e-06, 6.30733836715e-07, 3.57958523933e-11, 3.14197314e-11, 6.23357377001e-13, 1.05837232628e-14, 1.08062484742e-13, 1.25010602998e-12, 1.91333841132e-12, 3.08260209893e-12, 1.50485601758e-09, 3.95701071909e-09, 2.95301050279e-09, 6.59471990905e-11, 3.4723548481e-09, 3.77378184258e-10, 1.62924003715e-12, 1.54360167226e-13, 2.5998051368e-13, 8.29826862065e-14, 4.44897727614e-18, 5.89769953981e-20],
        "cov": [[9.33294952009e-15, 3.50891123341e-14, 1.25572998655e-14, 7.41577514728e-15, 1.54112969131e-14, -4.52583933871e-12, 2.15016936547e-12, 1.89785202663e-14, -1.62095390685e-14, -7.18007118317e-16, 4.85878427336e-16, 1.27306532049e-15, 3.87544381962e-15, 6.98087709194e-16, 1.82930808766e-14, -5.75041452172e-14, 1.52636353535e-13, 4.13977906859e-13, 4.07592830201e-14, -1.08366352729e-13, -4.70808144193e-15, -2.50611511049e-15, 1.00788840029e-14, 3.61724149576e-15, -2.16442673119e-16, 4.58338006361e-18, 5.86841941407e-19], [3.50891123341e-14, 2.92610743578e-13, 1.51288500499e-13, 4.56912848214e-14, 2.20688295112e-13, 3.73087151451e-11, 5.30527219378e-11, 2.50479921093e-13, 9.57059274496e-14, 2.2357080583e-14, 4.03283397616e-15, 1.43572237026e-14, 2.73901334149e-14, 1.27478619498e-14, 6.88952679086e-14, -9.84192924641e-14, 4.95964055415e-13, 3.09927300837e-12, 3.80587922288e-13, -5.33033361373e-13, -1.44202277072e-13, -2.04840298505e-14, 5.13108673118e-14, 2.65417858725e-14, -4.62097659704e-16, 5.58620941867e-17, 8.34529367833e-18], [1.25572998655e-14, 1.51288500499e-13, 1.2529269343e-13, 2.29532494763e-14, 2.1420427823e-13, 1.66774545562e-11, 3.31335913567e-12, 5.02705082422e-13, 1.66600904621e-13, 1.30663412558e-14, 5.14560275831e-15, 1.16012741067e-14, 6.34417242048e-14, 3.46280147026e-14, 1.04123476605e-13, 9.55390822878e-13, 2.6157888789e-12, 3.32754830634e-12, 6.54341923527e-13, 1.38525898651e-12, 4.17509722541e-13, 1.57532813834e-14, 3.69636335158e-14, 2.86592005282e-14, 7.47952623502e-15, 1.30514899624e-16, 1.08362951535e-17], [7.41577514728e-15, 4.56912848214e-14, 2.29532494763e-14, 5.92554095526e-14, 8.34828300239e-13, 1.49332837762e-10, -9.93404577349e-13, 8.70430626448e-13, 9.6221381557e-13, 8.58990884065e-14, 1.89913138519e-14, 3.86951653716e-14, 1.79594972791e-13, 1.9751676694e-13, 2.53555097925e-13, 5.03543474278e-12, 9.04487335723e-12, 9.28161107e-12, 1.19159109663e-12, 7.52590177677e-12, 2.73442900267e-12, 1.66031522298e-13, 8.76218111197e-14, 8.72805991435e-14, 3.78315576836e-14, 3.0844140968e-16, 3.75177957689e-17], [1.54112969131e-14, 2.20688295112e-13, 2.1420427823e-13, 8.34828300239e-13, 2.74392730759e-11, 1.83439752277e-09, -1.12422487986e-10, 4.52480023935e-12, 1.48872632971e-11, 7.58257118118e-14, 2.30885135229e-13, 1.01786363626e-13, 9.61541284962e-13, 4.07004101645e-13, 8.30942790703e-13, 6.01612076129e-12, 2.65652430609e-11, 6.20963974685e-11, 4.61035246438e-12, 9.64719883839e-12, 9.02885145121e-12, 2.68864683121e-13, 1.27452584077e-12, 5.44591064952e-13, 1.3185440695e-13, 1.36829268195e-15, 3.07306888456e-16], [-4.52583933871e-12, 3.73087151451e-11, 1.66774545562e-11, 1.49332837762e-10, 1.83439752277e-09, 1.93528148884e-06, 3.87695365589e-07, 2.78779577201e-09, 6.24904439306e-09, 9.65676982823e-10, 6.58812171483e-11, 3.70195069044e-10, 8.21215095925e-10, 1.08773767771e-09, 1.37285549595e-09, 1.78905263937e-08, 4.11059772887e-08, 3.94852648355e-08, 5.18936627003e-09, 3.92883734435e-08, 1.35328885875e-08, 8.58948356885e-10, 2.97051272469e-10, 3.73563624478e-10, 2.00553823548e-10, 1.51721788345e-12, 1.86456156504e-13], [2.15016936547e-12, 5.30527219378e-11, 3.31335913567e-12, -9.93404577349e-13, -1.12422487986e-10, 3.87695365589e-07, 6.41608551177e-07, -7.63122204317e-11, 2.33888491907e-10, 2.29439106603e-10, -2.32352635396e-12, 1.07383463233e-10, 5.00405663087e-12, 2.26544581705e-11, 1.44750227429e-11, -5.21123255659e-10, -6.27723484303e-10, 1.61487299227e-11, -1.05090158797e-10, -3.00080543747e-10, -6.96559268598e-11, -5.43000496997e-12, -8.22885488048e-13, 7.3948329014e-13, -8.59001455036e-13, 2.29450603618e-14, 2.12166811626e-14], [1.89785202663e-14, 2.50479921093e-13, 5.02705082422e-13, 8.70430626448e-13, 4.52480023935e-12, 2.78779577201e-09, -7.63122204317e-11, 3.64130219033e-11, 1.73536046644e-11, 3.18499024897e-12, 5.49012441411e-13, 1.06745699519e-12, 6.21306912169e-12, 6.86440054104e-12, 7.56503800575e-12, 2.28374957834e-10, 3.13255421602e-10, 3.06070946365e-10, 4.28347426973e-11, 2.48979337147e-10, 8.72932906515e-11, 5.40258549703e-12, 1.72214998338e-12, 2.65903206571e-12, 1.1686109979e-12, 1.00825558907e-14, 9.84637049426e-16], [-1.62095390685e-14, 9.57059274496e-14, 1.66600904621e-13, 9.6221381557e-13, 1.48872632971e-11, 6.24904439306e-09, 2.33888491907e-10, 1.73536046644e-11, 3.19614508471e-11, 3.10849826782e-12, 4.55110667034e-13, 1.55890946853e-12, 4.86930764806e-12, 6.20985944957e-12, 8.26128835479e-12, 1.1466134292e-10, 2.74426509295e-10, 2.34691904799e-10, 3.45790653056e-11, 2.63123245414e-10, 8.89628162803e-11, 5.72313117037e-12, 1.85101044735e-12, 2.34443237393e-12, 1.34357477401e-12, 9.74945849015e-15, 1.20638646337e-15], [-7.18007118317e-16, 2.2357080583e-14, 1.30663412558e-14, 8.58990884065e-14, 7.58257118118e-14, 9.65676982823e-10, 2.29439106603e-10, 3.18499024897e-12, 3.10849826782e-12, 6.34104910507e-13, 5.24625780101e-14, 2.22473461094e-13, 6.75221814225e-13, 8.49521679131e-13, 9.62162315966e-13, 2.13447749059e-11, 3.40845719704e-11, 3.27528386357e-11, 4.43114381993e-12, 2.99321192831e-11, 1.0301703067e-11, 6.54658131091e-13, 1.80593102863e-13, 2.93234485088e-13, 1.43971260694e-13, 1.15078732659e-15, 1.23674380656e-16], [4.85878427336e-16, 4.03283397616e-15, 5.14560275831e-15, 1.89913138519e-14, 2.30885135229e-13, 6.58812171483e-11, -2.32352635396e-12, 5.49012441411e-13, 4.55110667034e-13, 5.24625780101e-14, 1.07662012646e-14, 2.27975055283e-14, 1.09762825456e-13, 1.26149904325e-13, 1.4850276499e-13, 3.56570545659e-12, 5.81398340929e-12, 5.43583277349e-12, 7.71319911153e-13, 4.9723532583e-12, 1.72015993029e-12, 1.08376103773e-13, 3.53894803815e-14, 4.96626123472e-14, 2.46210573495e-14, 1.93889190054e-16, 2.17069546983e-17], [1.27306532049e-15, 1.43572237026e-14, 1.16012741067e-14, 3.86951653716e-14, 1.01786363626e-13, 3.70195069044e-10, 1.07383463233e-10, 1.06745699519e-12, 1.55890946853e-12, 2.22473461094e-13, 2.27975055283e-14, 1.09925625189e-13, 2.9301607256e-13, 3.90910177492e-13, 5.12733247787e-13, 7.57075738905e-12, 1.71068974958e-11, 1.36237167381e-11, 2.14305483082e-12, 1.65978741168e-11, 5.45355340748e-12, 3.58486189952e-13, 8.31939091185e-14, 1.37069175454e-13, 8.20266299545e-14, 5.97476235746e-16, 7.1006633002e-17], [3.87544381962e-15, 2.73901334149e-14, 6.34417242048e-14, 1.79594972791e-13, 9.61541284962e-13, 8.21215095925e-10, 5.00405663087e-12, 6.21306912169e-12, 4.86930764806e-12, 6.75221814225e-13, 1.09762825456e-13, 2.9301607256e-13, 1.27165964391e-12, 1.52762156223e-12, 1.84353335549e-12, 4.10410351537e-11, 6.95534047024e-11, 6.12754222362e-11, 9.08225578078e-12, 6.12132081135e-11, 2.07482486053e-11, 1.32723942513e-12, 3.62371320017e-13, 5.71470876263e-13, 2.95892244083e-13, 2.30826875456e-15, 2.48157783656e-16], [6.98087709194e-16, 1.27478619498e-14, 3.46280147026e-14, 1.9751676694e-13, 4.07004101645e-13, 1.08773767771e-09, 2.26544581705e-11, 6.86440054104e-12, 6.20985944957e-12, 8.49521679131e-13, 1.26149904325e-13, 3.90910177492e-13, 1.52762156223e-12, 1.94632699714e-12, 2.37392614247e-12, 4.80410503045e-11, 8.72767899618e-11, 7.31616781047e-11, 1.10841891221e-11, 8.02229532804e-11, 2.68169410289e-11, 1.74410442685e-12, 4.16695839075e-13, 7.04184052649e-13, 3.87870210125e-13, 2.89624874512e-15, 3.18697522833e-16], [1.82930808766e-14, 6.88952679086e-14, 1.04123476605e-13, 2.53555097925e-13, 8.30942790703e-13, 1.37285549595e-09, 1.44750227429e-11, 7.56503800575e-12, 8.26128835479e-12, 9.62162315966e-13, 1.4850276499e-13, 5.12733247787e-13, 1.84353335549e-12, 2.37392614247e-12, 3.13575055678e-12, 5.1975635601e-11, 1.09200884446e-10, 8.66206134598e-11, 1.38139864131e-11, 1.03010634744e-10, 3.40437816826e-11, 2.22412930087e-12, 5.43085324975e-13, 8.66811993277e-13, 5.02923766001e-13, 3.70100881907e-15, 4.16872029552e-16], [-5.75041452172e-14, -9.84192924641e-14, 9.55390822878e-13, 5.03543474278e-12, 6.01612076129e-12, 1.78905263937e-08, -5.21123255659e-10, 2.28374957834e-10, 1.1466134292e-10, 2.13447749059e-11, 3.56570545659e-12, 7.57075738905e-12, 4.10410351537e-11, 4.80410503045e-11, 5.1975635601e-11, 1.53080181864e-09, 2.15820916694e-09, 2.01785299581e-09, 2.85396178912e-10, 1.7964899568e-09, 6.19577111838e-10, 3.92584263709e-11, 1.0287870382e-11, 1.78859808908e-11, 8.44705035086e-12, 6.86219269884e-14, 6.87857753477e-15], [1.52636353535e-13, 4.95964055415e-13, 2.6157888789e-12, 9.04487335723e-12, 2.65652430609e-11, 4.11059772887e-08, -6.27723484303e-10, 3.13255421602e-10, 2.74426509295e-10, 3.40845719704e-11, 5.81398340929e-12, 1.71068974958e-11, 6.95534047024e-11, 8.72767899618e-11, 1.09200884446e-10, 2.15820916694e-09, 4.02523481213e-09, 3.30227156731e-09, 5.13923681389e-10, 3.69769548314e-09, 1.23059473722e-09, 8.00615893026e-11, 1.9132412668e-11, 3.20711235346e-11, 1.7916888459e-11, 1.34038084993e-13, 1.47700980542e-14], [4.13977906859e-13, 3.09927300837e-12, 3.32754830634e-12, 9.28161107e-12, 6.20963974685e-11, 3.94852648355e-08, 1.61487299227e-11, 3.06070946365e-10, 2.34691904799e-10, 3.27528386357e-11, 5.43583277349e-12, 1.36237167381e-11, 6.12754222362e-11, 7.31616781047e-11, 8.66206134598e-11, 2.01785299581e-09, 3.30227156731e-09, 3.00392444252e-09, 4.3347764267e-10, 2.86670065464e-09, 9.81350556373e-10, 6.23842297265e-11, 1.82840669688e-11, 2.77002535493e-11, 1.38822252305e-11, 1.09090931818e-13, 1.17699852821e-14], [4.07592830201e-14, 3.80587922288e-13, 6.54341923527e-13, 1.19159109663e-12, 4.61035246438e-12, 5.18936627003e-09, -1.05090158797e-10, 4.28347426973e-11, 3.45790653056e-11, 4.43114381993e-12, 7.71319911153e-13, 2.14305483082e-12, 9.08225578078e-12, 1.10841891221e-11, 1.38139864131e-11, 2.85396178912e-10, 5.13923681389e-10, 4.3347764267e-10, 6.70842201234e-11, 4.62356014586e-10, 1.54440432665e-10, 9.9726416361e-12, 2.51454391163e-12, 4.13212823333e-12, 2.24245145022e-12, 1.7186176527e-14, 1.86320228045e-15], [-1.08366352729e-13, -5.33033361373e-13, 1.38525898651e-12, 7.52590177677e-12, 9.64719883839e-12, 3.92883734435e-08, -3.00080543747e-10, 2.48979337147e-10, 2.63123245414e-10, 2.99321192831e-11, 4.9723532583e-12, 1.65978741168e-11, 6.12132081135e-11, 8.02229532804e-11, 1.03010634744e-10, 1.7964899568e-09, 3.69769548314e-09, 2.86670065464e-09, 4.62356014586e-10, 3.53222318061e-09, 1.15936915623e-09, 7.64351706928e-11, 1.64270853864e-11, 2.88795393849e-11, 1.71988742692e-11, 1.24194139131e-13, 1.40599761244e-14], [-4.70808144193e-15, -1.44202277072e-13, 4.17509722541e-13, 2.73442900267e-12, 9.02885145121e-12, 1.35328885875e-08, -6.96559268598e-11, 8.72932906515e-11, 8.89628162803e-11, 1.0301703067e-11, 1.72015993029e-12, 5.45355340748e-12, 2.07482486053e-11, 2.68169410289e-11, 3.40437816826e-11, 6.19577111838e-10, 1.23059473722e-09, 9.81350556373e-10, 1.54440432665e-10, 1.15936915623e-09, 3.83884701805e-10, 2.5147748467e-11, 5.82148175152e-12, 9.75510297541e-12, 5.64354942986e-12, 4.11792860011e-14, 4.65412036099e-15], [-2.50611511049e-15, -2.04840298505e-14, 1.57532813834e-14, 1.66031522298e-13, 2.68864683121e-13, 8.58948356885e-10, -5.43000496997e-12, 5.40258549703e-12, 5.72313117037e-12, 6.54658131091e-13, 1.08376103773e-13, 3.58486189952e-13, 1.32723942513e-12, 1.74410442685e-12, 2.22412930087e-12, 3.92584263709e-11, 8.00615893026e-11, 6.23842297265e-11, 9.9726416361e-12, 7.64351706928e-11, 2.5147748467e-11, 1.6573304144e-12, 3.59378271499e-13, 6.27542072126e-13, 3.72040668672e-13, 2.6803231062e-15, 3.04307121273e-16], [1.00788840029e-14, 5.13108673118e-14, 3.69636335158e-14, 8.76218111197e-14, 1.27452584077e-12, 2.97051272469e-10, -8.22885488048e-13, 1.72214998338e-12, 1.85101044735e-12, 1.80593102863e-13, 3.53894803815e-14, 8.31939091185e-14, 3.62371320017e-13, 4.16695839075e-13, 5.43085324975e-13, 1.0287870382e-11, 1.9132412668e-11, 1.82840669688e-11, 2.51454391163e-12, 1.64270853864e-11, 5.82148175152e-12, 3.59378271499e-13, 1.57021544747e-13, 1.7298338597e-13, 8.20437196913e-14, 6.5189534975e-16, 7.66501422143e-17], [3.61724149576e-15, 2.65417858725e-14, 2.86592005282e-14, 8.72805991435e-14, 5.44591064952e-13, 3.73563624478e-10, 7.3948329014e-13, 2.65903206571e-12, 2.34443237393e-12, 2.93234485088e-13, 4.96626123472e-14, 1.37069175454e-13, 5.71470876263e-13, 7.04184052649e-13, 8.66811993277e-13, 1.78859808908e-11, 3.20711235346e-11, 2.77002535493e-11, 4.13212823333e-12, 2.88795393849e-11, 9.75510297541e-12, 6.27542072126e-13, 1.7298338597e-13, 2.64462930721e-13, 1.40397188233e-13, 1.06835471544e-15, 1.18522104231e-16], [-2.16442673119e-16, -4.62097659704e-16, 7.47952623502e-15, 3.78315576836e-14, 1.3185440695e-13, 2.00553823548e-10, -8.59001455036e-13, 1.1686109979e-12, 1.34357477401e-12, 1.43971260694e-13, 2.46210573495e-14, 8.20266299545e-14, 2.95892244083e-13, 3.87870210125e-13, 5.02923766001e-13, 8.44705035086e-12, 1.7916888459e-11, 1.38822252305e-11, 2.24245145022e-12, 1.71988742692e-11, 5.64354942986e-12, 3.72040668672e-13, 8.20437196913e-14, 1.40397188233e-13, 8.44134264984e-14, 6.06222486202e-16, 6.96958495161e-17], [4.58338006361e-18, 5.58620941867e-17, 1.30514899624e-16, 3.0844140968e-16, 1.36829268195e-15, 1.51721788345e-12, 2.29450603618e-14, 1.00825558907e-14, 9.74945849015e-15, 1.15078732659e-15, 1.93889190054e-16, 5.97476235746e-16, 2.30826875456e-15, 2.89624874512e-15, 3.70100881907e-15, 6.86219269884e-14, 1.34038084993e-13, 1.09090931818e-13, 1.7186176527e-14, 1.24194139131e-13, 4.11792860011e-14, 2.6803231062e-15, 6.5189534975e-16, 1.06835471544e-15, 6.06222486202e-16, 4.52568380229e-18, 5.0568725151e-19], [5.86841941407e-19, 8.34529367833e-18, 1.08362951535e-17, 3.75177957689e-17, 3.07306888456e-16, 1.86456156504e-13, 2.12166811626e-14, 9.84637049426e-16, 1.20638646337e-15, 1.23674380656e-16, 2.17069546983e-17, 7.1006633002e-17, 2.48157783656e-16, 3.18697522833e-16, 4.16872029552e-16, 6.87857753477e-15, 1.47700980542e-14, 1.17699852821e-14, 1.86320228045e-15, 1.40599761244e-14, 4.65412036099e-15, 3.04307121273e-16, 7.66501422143e-17, 1.18522104231e-16, 6.96958495161e-17, 5.0568725151e-19, 5.99938394778e-20]]
    },
    "mfcc": {
        "kurt": [2.22485256195, 1.19523668289, 1.79569864273, 0.100391864777, 0.138894796371, -0.426522016525, 0.382699728012, 2.35129308701, -0.0501079559326, 1.73592329025, 3.61847400665, 1.20291042328, 4.75586509705],
        "max": [-770.020080566, 115.506278992, 58.6137428284, 70.3291244507, 22.131362915, 8.78038787842, 3.78158950806, 9.01706504822, 4.40458297729, 22.229341507, 23.9167442322, 40.6215057373, 34.5059318542],
        "mean": [-1064.9654541, 38.5624961853, 6.33803701401, 23.5336742401, 1.82332730293, -19.5380077362, -12.9267320633, -8.92252635956, -10.1487178802, -5.57624292374, -1.03929257393, 5.16053819656, 0.869741082191],
        "median": [-1100.91906738, 31.7493400574, 12.7421264648, 17.1416969299, 2.40866088867, -14.2459793091, -7.82556915283, -5.16925048828, -5.83656311035, -4.27215576172, -0.317752838135, 0.784980773926, -0.319892883301],
        "min": [-1138.42004395, 1.14440917969e-05, -66.2492980957, 8.01086425781e-05, -25.6246910095, -75.6725158691, -49.9958724976, -53.1049613953, -41.9361801147, -30.9233169556, -16.893157959, -13.0513381958, -19.5100231171],
        "skew": [1.81605160236, 1.14119398594, -1.40205574036, 1.03915131092, -0.423162490129, -0.730192482471, -1.14123368263, -1.58691489697, -0.907248556614, -0.104568466544, 0.44825604558, 1.37777376175, 1.51458013058],
        "var": [8431.9296875, 632.57434082, 603.996582031, 355.693878174, 99.3855056763, 474.202758789, 197.611831665, 160.382049561, 123.082435608, 70.3168869019, 38.0080451965, 136.002380371, 72.8970336914],
        "cov": [[8577.30859375, 1575.95129395, -1827.76831055, 1487.43469238, -331.674713135, -1708.42541504, -1074.11901855, -807.577331543, -457.181243896, -214.17628479, -187.513397217, 737.666503906, -65.5098495483], [1575.95129395, 643.480834961, -116.849807739, 324.512420654, -61.4580764771, -412.049102783, -268.093536377, -187.008407593, -199.361465454, -71.7969818115, 12.9951162338, 197.969558716, 44.2380599976], [-1827.76831055, -116.849807739, 614.41027832, -285.192138672, 59.3251457214, 338.329681396, 178.714706421, 119.91557312, 15.6446828842, 24.1094074249, 70.7847747803, -122.45199585, 58.5913238525], [1487.43469238, 324.512420654, -285.192138672, 361.826538086, 9.0764131546, -295.779083252, -163.592086792, -111.568695068, -89.008026123, -16.3256664276, -16.5199718475, 155.217346191, 7.47376298904], [-331.674713135, -61.4580764771, 59.3251457214, 9.0764131546, 101.0990448, 125.984321594, 86.1028900146, 86.9680404663, 56.2535896301, 46.7014808655, 13.6968002319, -5.72965717316, -5.44781589508], [-1708.42541504, -412.049102783, 338.329681396, -295.779083252, 125.984321594, 482.378662109, 280.860870361, 203.775482178, 172.693756104, 97.0498123169, 29.3868217468, -136.410949707, -10.9420032501], [-1074.11901855, -268.093536377, 178.714706421, -163.592086792, 86.1028900146, 280.860870361, 201.018920898, 152.178878784, 112.454208374, 73.3990859985, 25.3152751923, -89.9052886963, -0.15100389719], [-807.577331543, -187.008407593, 119.91557312, -111.568695068, 86.9680404663, 203.775482178, 152.178878784, 163.147262573, 100.388114929, 68.8636627197, 22.5295124054, -68.2058334351, -24.8717041016], [-457.181243896, -199.361465454, 15.6446828842, -89.008026123, 56.2535896301, 172.693756104, 112.454208374, 100.388114929, 125.204544067, 63.5335464478, 6.56778144836, -39.0953445435, -19.9493255615], [-214.17628479, -71.7969818115, 24.1094074249, -16.3256664276, 46.7014808655, 97.0498123169, 73.3990859985, 68.8636627197, 63.5335464478, 71.5292434692, 27.7374820709, 13.0259618759, 3.78341388702], [-187.513397217, 12.9951162338, 70.7847747803, -16.5199718475, 13.6968002319, 29.3868217468, 25.3152751923, 22.5295124054, 6.56778144836, 27.7374820709, 38.663356781, 22.466293335, 34.2672805786], [737.666503906, 197.969558716, -122.45199585, 155.217346191, -5.72965717316, -136.410949707, -89.9052886963, -68.2058334351, -39.0953445435, 13.0259618759, 22.466293335, 138.347259521, 43.2613792419], [-65.5098495483, 44.2380599976, 58.5913238525, 7.47376298904, -5.44781589508, -10.9420032501, -0.15100389719, -24.8717041016, -19.9493255615, 3.78341388702, 34.2672805786, 43.2613792419, 74.1538772583]]
    },
    "sccoeffs": {
        "kurt": [2.18818378448, 3.25762796402, 3.15987014771, 1.42173910141, 0.415957927704, 1.71346092224],
        "max": [-0.662407100201, -0.279491692781, -0.644525766373, -0.777906596661, -0.732758760452, -0.768457114697],
        "mean": [-0.844295322895, -0.794129490852, -0.86807012558, -0.881979227066, -0.860555529594, -0.853687107563],
        "median": [-0.847642421722, -0.854618728161, -0.88891851902, -0.885057806969, -0.876143157482, -0.86072999239],
        "min": [-0.956285059452, -0.927613258362, -0.9454818964, -0.933807373047, -0.911960601807, -0.886780619621],
        "skew": [0.940869748592, 1.94200134277, 1.67339086533, 1.14663136005, 1.16104483604, 1.41736793518],
        "var": [0.00233009643853, 0.0212413202971, 0.00316448905505, 0.000904814398382, 0.0018866523169, 0.000611902738456],
        "cov": [[0.00237027043477, 0.00338979484513, 0.00138411100488, 0.000750470906496, 0.00132897496223, 0.000571482465602], [0.00338979484513, 0.0216075498611, 0.00608956441283, 0.00250176619738, 0.00445607723668, 0.00191282399464], [0.00138411100488, 0.00608956441283, 0.0032190491911, 0.000963830505498, 0.00175072718412, 0.000921973783989], [0.000750470906496, 0.00250176619738, 0.000963830505498, 0.000920414691791, 0.00098082900513, 0.000549635558855], [0.00132897496223, 0.00445607723668, 0.00175072718412, 0.00098082900513, 0.00191918085329, 0.000884713605046], [0.000571482465602, 0.00191282399464, 0.000921973783989, 0.000549635558855, 0.000884713605046, 0.000622452760581]]
    },
    "scvalleys": {
        "kurt": [0.661146879196, 0.952909469604, 1.1571893692, 1.09316539764, 1.07354545593, 1.38724374771],
        "max": [-7.95713806152, -6.63731861115, -8.5483379364, -8.01516151428, -7.11569452286, -9.42120742798],
        "mean": [-10.3071422577, -10.0078964233, -11.0629062653, -11.3199310303, -10.9297714233, -13.2934656143],
        "median": [-10.5430603027, -10.2162837982, -11.1544065475, -11.6596317291, -11.2152967453, -13.7466583252],
        "min": [-11.8658065796, -13.1941366196, -13.1271972656, -14.4012746811, -14.0960178375, -16.0032405853],
        "skew": [0.964781403542, 0.757743954659, 0.894467294216, 1.05216777325, 1.11909914017, 1.41333973408],
        "var": [0.604644596577, 1.4564447403, 0.759756803513, 1.49621582031, 1.85726952553, 1.728053689],
        "cov": [[0.615069508553, 0.701315045357, 0.458994954824, 0.756875634193, 0.801539003849, 0.808036267757], [0.701315045357, 1.48155581951, 0.994762659073, 1.41442990303, 1.56445288658, 1.48357176781], [0.458994954824, 0.994762659073, 0.772856116295, 0.984412133694, 1.10104715824, 1.03908979893], [0.756875634193, 1.41442990303, 0.984412133694, 1.52201259136, 1.66445636749, 1.58974587917], [0.801539003849, 1.56445288658, 1.10104715824, 1.66445636749, 1.88929140568, 1.78232860565], [0.808036267757, 1.48357176781, 1.03908979893, 1.58974587917, 1.78232860565, 1.75784778595]]
    }
},
"rhythm": {
    "beats_loudness": {
        "kurt": -1.99999988079,
        "max": 3.22686332765e-06,
        "mean": 1.9970257199e-06,
        "median": 1.9970257199e-06,
        "min": 7.67188339523e-07,
        "skew": 2.77931121673e-07,
        "var": 1.51250019453e-12
    },
    "bpm": 139.674835205,
    "confidence": 0,
    "first_peak_bpm": {
        "kurt": 0,
        "max": 140,
        "mean": 140,
        "median": 140,
        "min": 140,
        "skew": 0,
        "var": 0
    },
    "first_peak_spread": {
        "kurt": 0,
        "max": 0,
        "mean": 0,
        "median": 0,
        "min": 0,
        "skew": 0,
        "var": 0
    },
    "first_peak_weight": {
        "kurt": 0,
        "max": 1,
        "mean": 1,
        "median": 1,
        "min": 1,
        "skew": 0,
        "var": 0
    },
    "onset_rate": 2.99903106689,
    "second_peak_bpm": {
        "kurt": 0,
        "max": 0,
        "mean": 0,
        "median": 0,
        "min": 0,
        "skew": 0,
        "var": 0
    },
    "second_peak_spread": {
        "kurt": 0,
        "max": 0,
        "mean": 0,
        "median": 0,
        "min": 0,
        "skew": 0,
        "var": 0
    },
    "second_peak_weight": {
        "kurt": 0,
        "max": 0,
        "mean": 0,
        "median": 0,
        "min": 0,
        "skew": 0,
        "var": 0
    },
    "beats_loudness_band_ratio": {
        "kurt": [-2, -2, -2, -2, -2, -1.99999988079],
        "max": [0.110921427608, 0.817365348339, 0.238884270191, 0.00908207707107, 0.208895072341, 0.317686647177],
        "mean": [0.0659771487117, 0.519648551941, 0.133642658591, 0.00878843571991, 0.136321306229, 0.195632606745],
        "median": [0.0659771487117, 0.519648551941, 0.133642658591, 0.00878843571991, 0.136321306229, 0.195632606745],
        "min": [0.0210328660905, 0.221931770444, 0.0284010451287, 0.00849479436874, 0.0637475326657, 0.073578581214],
        "skew": [-1.60286461437e-07, 0, 0, 0, -1.90349197737e-07, 1.92076825556e-07],
        "var": [0.00201998837292, 0.0886352881789, 0.0110757965595, 8.62252420575e-08, 0.00526695232838, 0.0148971872404],
        "cov": [[0.00403997674584, -0.0267613343894, 0.00946001708508, -2.63949987129e-05, 0.00652355141938, 0.0109712611884], [-0.0267613343894, 0.177270576358, -0.0626643896103, 0.000174843924469, -0.0432128608227, -0.0726750716567], [0.00946001708508, -0.0626643896103, 0.0221515931189, -6.18065751041e-05, 0.0152755612507, 0.0256903264672], [-2.63949987129e-05, 0.000174843924469, -6.18065751041e-05, 1.72450484115e-07, -4.26213227911e-05, -7.16802169336e-05], [0.00652355141938, -0.0432128608227, 0.0152755612507, -4.26213227911e-05, 0.0105339046568, 0.0177158415318], [0.0109712611884, -0.0726750716567, 0.0256903264672, -7.16802169336e-05, 0.0177158415318, 0.0297943744808]]
    },
    "beats_position": [0.406349211931, 0.835918366909],
    "bpm_estimates": [139.674835205],
    "bpm_intervals": [0.429569154978],
    "onset_times": [0.0580498874187, 0.243809521198, 0.719818592072, 0.882358253002],
    "histogram": [[0, 0, 0, 0, 0, 0, 0, 0, 0, 0, 0, 0, 0, 0, 0, 0, 0, 0, 0, 0, 0, 0, 0, 0, 0, 0, 0, 0, 0, 0, 0, 0, 0, 0, 0, 0, 0, 0, 0, 0, 0, 0, 0, 0, 0, 0, 0, 0, 0, 0, 0, 0, 0, 0, 0, 0, 0, 0, 0, 0, 0, 0, 0, 0, 0, 0, 0, 0, 0, 0, 0, 0, 0, 0, 0, 0, 0, 0, 0, 0, 0, 0, 0, 0, 0, 0, 0, 0, 0, 0, 0, 0, 0, 0, 0, 0, 0, 0, 0, 0, 0, 0, 0, 0, 0, 0, 0, 0, 0, 0, 0, 0, 0, 0, 0, 0, 0, 0, 0, 0, 0, 0, 0, 0, 0, 0, 0, 0, 0, 0, 0, 0, 0, 0, 0, 0, 0, 0, 0, 0, 1, 0, 0, 0, 0, 0, 0, 0, 0, 0, 0, 0, 0, 0, 0, 0, 0, 0, 0, 0, 0, 0, 0, 0, 0, 0, 0, 0, 0, 0, 0, 0, 0, 0, 0, 0, 0, 0, 0, 0, 0, 0, 0, 0, 0, 0, 0, 0, 0, 0, 0, 0, 0, 0, 0, 0, 0, 0, 0, 0, 0, 0, 0, 0, 0, 0, 0, 0, 0, 0, 0, 0, 0, 0, 0, 0, 0, 0, 0, 0, 0, 0, 0, 0, 0, 0, 0, 0, 0, 0, 0, 0, 0, 0, 0, 0, 0, 0, 0, 0, 0, 0, 0, 0, 0, 0, 0, 0, 0, 0]]
},
"sfx": {
    "inharmonicity": {
        "kurt": 2.077272892,
        "max": 0.377099454403,
        "mean": 0.0593112520874,
        "median": 0.00839226879179,
        "min": 0,
        "skew": 1.56089401245,
        "var": 0.00715404609218
    },
    "oddtoevenharmonicenergyratio": {
        "kurt": -0.0239872932434,
        "max": 1.09890770912,
        "mean": 0.24189221859,
        "median": 0.0611030720174,
        "min": 0,
        "skew": 1.13779199123,
        "var": 0.101384803653
    },
    "pitch_after_max_to_before_max_energy_ratio": 0.0718413814902,
    "pitch_centroid": 27.5097141266,
    "pitch_max_to_total": 0.983050823212,
    "pitch_min_to_total": 0.423728823662,
    "tristimulus": {
        "kurt": [-1.59913098812, 0.295871973038, -1.35109186172],
        "max": [1, 0.651742815971, 0.766072392464],
        "mean": [0.590554475784, 0.145374819636, 0.264070630074],
        "median": [0.516145050526, 0.0720970481634, 0.353672713041],
        "min": [0, 0, 0],
        "skew": [-0.0122778080404, 0.971581399441, 0.0523675642908],
        "var": [0.125633120537, 0.024876318872, 0.051705930382],
        "cov": [[0.127799212933, -0.0502535402775, -0.0775457173586], [-0.0502535402775, 0.0253052227199, 0.024948310107], [-0.0775457173586, 0.024948310107, 0.0525974109769]]
    }
},
"tonal": {
    "chords_changes_rate": 0.20000000298,
    "chords_number_rate": 0.20000000298,
    "chords_strength": {
        "kurt": -0.0655884742737,
        "max": 0.383690267801,
        "mean": 0.357626885176,
        "median": 0.361782759428,
        "min": 0.325294107199,
        "skew": -0.526489317417,
        "var": 0.000217862456338
    },
    "key_strength": 0.295325875282,
    "tuning_diatonic_strength": 0.422898620367,
    "tuning_equal_tempered_deviation": 0.282738924026,
    "tuning_frequency": 453.416503906,
    "tuning_nontempered_energy_ratio": 0.928747296333,
    "hpcp": {
        "kurt": [0.437720060349, 1.17658472061, 1.47183036804, 0.431441068649, -0.816146612167, 0.827585220337, 1.9279499054, 2.3385591507, 4.82164907455, 4.85113763809, 2.32362031937, 13.8211612701, 1.00130414963, 0.0161826610565, -0.0342047214508, -0.77854681015, 3.33794641495, 2.63648462296, 0.91951084137, 2.88057088852, 0.327310800552, 0.235522270203, -0.982183456421, -0.849260091782, 1.71678209305, 0.942726612091, -0.172733783722, -0.629463434219, -0.47979927063, 3.18226242065, 1.73354005814, 1.51746368408, 0.606173038483, 2.85872030258, 0.251178264618, 0.827280759811],
        "max": [0.775907278061, 0.976423859596, 1, 0.878238260746, 0.781944930553, 1, 0.808158516884, 0.945235490799, 1, 0.906026959419, 0.644104361534, 0.795368373394, 0.428039163351, 0.52806442976, 1, 1, 0.917234539986, 0.589604198933, 0.695024311543, 1, 0.691511869431, 1, 1, 0.858014941216, 1, 1, 1, 1, 0.918282032013, 1, 1, 1, 0.787028551102, 1, 1, 1],
        "mean": [0.199356853962, 0.207260340452, 0.229141443968, 0.242189690471, 0.281440854073, 0.251118242741, 0.179960280657, 0.18287320435, 0.176294818521, 0.148612469435, 0.128536298871, 0.101365216076, 0.106027334929, 0.153618395329, 0.277538359165, 0.299940794706, 0.181296676397, 0.124150723219, 0.163730233908, 0.194921970367, 0.194993257523, 0.332993358374, 0.407298594713, 0.297119528055, 0.240195244551, 0.292516499758, 0.358908206224, 0.34913790226, 0.273822396994, 0.198286563158, 0.213433265686, 0.235524311662, 0.208564609289, 0.222214624286, 0.280020266771, 0.266715049744],
        "median": [0.119144946337, 0.100564286113, 0.110962972045, 0.184322297573, 0.254840433598, 0.144070267677, 0.0963711217046, 0.0968211367726, 0.0841590315104, 0.0822319984436, 0.0712659806013, 0.052562661469, 0.0689880773425, 0.0900442674756, 0.170059025288, 0.159993976355, 0.106773026288, 0.0747977793217, 0.0846583470702, 0.0895954445004, 0.146251544356, 0.329410910606, 0.322278946638, 0.248935490847, 0.133648574352, 0.210347920656, 0.239735722542, 0.311862468719, 0.194545790553, 0.10392896831, 0.116623915732, 0.155424386263, 0.124590530992, 0.146800354123, 0.169479876757, 0.169496387243],
