{
"metadata": {
    "version": {
        "essentia": "2.1-beta3"
    }
},
"lowLevel": {
    "average_loudness": 0.357129365206,
    "barkbands_kurtosis": {
        "kurt": 63.6418991089,
        "max": 718.651489258,
        "mean": 15.0008535385,
        "median": 0.745036959648,
        "min": -1.73157048225,
        "skew": 7.159471035,
        "var": 3826.28222656
    },
    "barkbands_skewness": {
        "kurt": 13.7892475128,
        "max": 25.9111671448,
        "mean": 0.847920298576,
        "median": -0.235391408205,
        "min": -4.12379360199,
        "skew": 3.31591510773,
        "var": 12.7533302307
    },
    "barkbands_spread": {
        "kurt": 0.779451847076,
        "max": 50.6997032166,
        "mean": 14.1015605927,
        "median": 9.28329658508,
        "min": 0.21036913991,
        "skew": 1.30463945866,
        "var": 140.257705688
    },
    "dissonance": {
        "kurt": 6.2316904068,
        "max": 0.499966830015,
        "mean": 0.46668151021,
        "median": 0.485565066338,
        "min": 0.252504885197,
        "skew": -2.46464729309,
        "var": 0.00211159233004
    },
    "hfc": {
        "kurt": 14.1188621521,
        "max": 153.543838501,
        "mean": 10.4061307907,
        "median": 0.613025903702,
        "min": 2.88734327114e-06,
        "skew": 3.44756913185,
        "var": 474.009521484
    },
    "pitch": {
        "kurt": 4.68356990814,
        "max": 4389.38769531,
        "mean": 806.917907715,
        "median": 478.811401367,
        "min": 103.784339905,
        "skew": 2.41773915291,
        "var": 854596.3125
    },
    "pitch_instantaneous_confidence": {
        "kurt": -1.37404668331,
        "max": 0.973537683487,
        "mean": 0.602049350739,
        "median": 0.611469447613,
        "min": 0.139831542969,
        "skew": -0.028310008347,
        "var": 0.061579592526
    },
    "pitch_salience": {
        "kurt": 1.15904664993,
        "max": 0.894229412079,
        "mean": 0.585501611233,
        "median": 0.643839597702,
        "min": 0.029323970899,
        "skew": -1.42173576355,
        "var": 0.0399731881917
    },
    "silence_rate_20dB": {
        "kurt": 0,
        "max": 1,
        "mean": 1,
        "median": 1,
        "min": 1,
        "skew": 0,
        "var": 0
    },
    "silence_rate_30dB": {
        "kurt": 0,
        "max": 1,
        "mean": 1,
        "median": 1,
        "min": 1,
        "skew": 0,
        "var": 0
    },
    "silence_rate_60dB": {
        "kurt": -1.23808848858,
        "max": 1,
        "mean": 0.699999988079,
        "median": 1,
        "min": 0,
        "skew": -0.872869372368,
        "var": 0.210000067949
    },
    "spectral_centroid": {
        "kurt": -0.929919719696,
        "max": 3526.51904297,
        "mean": 1902.09814453,
        "median": 2187.46044922,
        "min": 302.122589111,
        "skew": -0.591613352299,
        "var": 714779.4375
    },
    "spectral_complexity": {
        "kurt": 1.40759515762,
        "max": 45,
        "mean": 6.63870954514,
        "median": 1,
        "min": 0,
        "skew": 1.55576515198,
        "var": 92.5403900146
    },
    "spectral_crest": {
        "kurt": 0.73207449913,
        "max": 26.9174060822,
        "mean": 10.8476705551,
        "median": 8.91166496277,
        "min": 3.01377534866,
        "skew": 1.21102893353,
        "var": 34.4289894104
    },
    "spectral_decrease": {
        "kurt": 12.9595537186,
        "max": -8.52799176982e-16,
        "mean": -8.36132663107e-10,
        "median": -8.71162447735e-11,
        "min": -1.14789333594e-08,
        "skew": -3.28694581985,
        "var": 2.75280537979e-18
    },
    "spectral_energy": {
        "kurt": 13.0166683197,
        "max": 0.0561043545604,
        "mean": 0.00409961957484,
        "median": 0.000398839474656,
        "min": 3.48054962629e-09,
        "skew": 3.30695390701,
        "var": 6.75766495988e-05
    },
    "spectral_energyband_high": {
        "kurt": 33.7285385132,
        "max": 0.0091561768204,
        "mean": 0.000369634974049,
        "median": 1.87038640433e-05,
        "min": 2.61433374948e-10,
        "skew": 5.01693820953,
        "var": 8.68622294092e-07
    },
    "spectral_energyband_low": {
        "kurt": 223.126876831,
        "max": 0.00102714844979,
        "mean": 7.43766395317e-06,
        "median": 5.74724339231e-08,
        "min": 5.58433577158e-10,
        "skew": 14.2543010712,
        "var": 3.9401277796e-09
    },
    "spectral_energyband_middle_high": {
        "kurt": 13.8718490601,
        "max": 0.0523815229535,
        "mean": 0.00364063680172,
        "median": 0.000236197724007,
        "min": 3.46199652279e-10,
        "skew": 3.3579864502,
        "var": 5.44584981981e-05
    },
    "spectral_energyband_middle_low": {
        "kurt": 61.8683013916,
        "max": 0.00202915607952,
        "mean": 9.79499382083e-05,
        "median": 3.92587462557e-05,
        "min": 2.37507857825e-09,
        "skew": 6.11199808121,
        "var": 2.68690385496e-08
    },
    "spectral_flatness_db": {
        "kurt": 0.176913738251,
        "max": 0.50762450695,
        "mean": 0.251891046762,
        "median": 0.257498443127,
        "min": 0.0665916576982,
        "skew": -0.0234825890511,
        "var": 0.00736011005938
    },
    "spectral_flux": {
        "kurt": 2.76187324524,
        "max": 0.206625655293,
        "mean": 0.0336992703378,
        "median": 0.0154256783426,
        "min": 0.000139303258038,
        "skew": 1.67040407658,
        "var": 0.00162197847385
    },
    "spectral_kurtosis": {
        "kurt": 3.36523246765,
        "max": 24.7950325012,
        "mean": 6.59279441833,
        "median": 5.83672809601,
        "min": 1.25502204895,
        "skew": 1.38472163677,
        "var": 10.8981838226
    },
    "spectral_rms": {
        "kurt": 2.0232219696,
        "max": 0.00739837531,
        "mean": 0.00131134840194,
        "median": 0.000623742875177,
        "min": 1.8427311943e-06,
        "skew": 1.53518819809,
        "var": 2.27999839808e-06
    },
    "spectral_rolloff": {
        "kurt": -0.0644364356995,
        "max": 4780.37109375,
        "mean": 2857.73193359,
        "median": 3240.74707031,
        "min": 301.46484375,
        "skew": -1.08529484272,
        "var": 1509313.5
    },
    "spectral_skewness": {
        "kurt": 4.20347690582,
        "max": 4.15714931488,
        "mean": 1.62587833405,
        "median": 1.52549803257,
        "min": 0.693129777908,
        "skew": 1.51988530159,
        "var": 0.219801202416
    },
    "spectral_spread": {
        "kurt": 48.2111663818,
        "max": 24580466,
        "mean": 3603339.25,
        "median": 3046748.5,
        "min": 1887389.75,
        "skew": 5.01625347137,
        "var": 3.54338603008e+12
    },
    "spectral_strongpeak": {
        "kurt": 4.7605266571,
        "max": 9.05085754395,
        "mean": 1.0694000721,
        "median": 0.244220688939,
        "min": 0,
        "skew": 2.05939793587,
        "var": 2.437738657
    },
    "zerocrossingrate": {
        "kurt": -0.25439119339,
        "max": 0.15673828125,
        "mean": 0.0947612151504,
        "median": 0.10498046875,
        "min": 0.013671875,
        "skew": -0.850345611572,
        "var": 0.00133578886744
    },
    "barkbands": {
        "kurt": [244.028656006, 227.076843262, 207.291946411, 129.706375122, 276.050292969, 24.5254306793, 55.6055221558, 8.66381263733, 14.1163978577, 95.2310943604, 36.8916320801, 24.2501316071, 66.2374267578, 31.0725746155, 32.189868927, 159.035079956, 18.37200737, 53.8563117981, 73.8254318237, 16.2889213562, 50.9538230896, 40.3141174316, 50.7695541382, 101.85383606, 72.0353469849, 65.2091064453, 41.0888442993],
        "max": [8.10533265394e-07, 0.000291527423542, 0.000682133482769, 9.62623671512e-05, 0.000840528868139, 0.000721486401744, 0.000731858657673, 0.000101225879916, 0.000350864924258, 0.000566217873711, 0.000397454074118, 0.00547965615988, 0.00931798387319, 0.00864443928003, 0.0115413889289, 0.0249131303281, 0.0159396082163, 0.0138767203316, 0.0133326565847, 0.00673342868686, 0.005559832789, 0.00115221564192, 6.74359835102e-05, 3.00928604702e-05, 7.04495187165e-06, 1.39106404617e-07, 5.0272586094e-09],
        "mean": [6.23662455013e-09, 1.90246760212e-06, 4.99173256685e-06, 1.02543617686e-06, 6.36796858089e-06, 3.76641619368e-05, 2.05476935662e-05, 8.36892104417e-06, 2.0824272724e-05, 1.23931504277e-05, 1.58685197675e-05, 0.000227010124945, 0.000237746440689, 0.000360194186214, 0.00039803708205, 0.000382709637051, 0.000849871372338, 0.000486754259327, 0.000364517909475, 0.000439845112851, 0.00017757670139, 4.24928439315e-05, 2.26716178986e-06, 4.82161397031e-07, 1.55756282538e-07, 4.25752233468e-09, 1.8484730413e-10],
        "median": [1.14657239259e-09, 1.48296086522e-08, 2.48147387083e-08, 1.89668902806e-08, 2.67142240773e-07, 6.00563362241e-06, 1.75509273959e-06, 9.22240644741e-07, 5.93092977397e-07, 7.51691572987e-07, 9.2729590051e-07, 1.92125025933e-06, 3.63975186701e-06, 6.51786194794e-06, 4.07782863476e-06, 1.12508332677e-05, 2.22772760026e-05, 2.74787635135e-05, 2.01966104214e-05, 2.40582376136e-05, 8.54812242324e-06, 2.07160292121e-06, 5.64897604249e-08, 1.23942243135e-08, 1.32444730738e-08, 5.04443542493e-10, 1.99858081473e-11],
        "min": [1.70004592001e-12, 2.09608788659e-10, 1.05702585573e-10, 1.14723508471e-10, 9.3560847958e-10, 6.42918329685e-10, 4.39981245881e-10, 8.38112634849e-11, 3.30515372016e-11, 1.261870608e-10, 1.66183386496e-11, 1.89850808685e-11, 2.06757284904e-11, 1.49517152132e-11, 8.64919247334e-12, 1.0653538815e-11, 3.04235976689e-11, 4.79020156874e-11, 2.64959547358e-11, 1.14529427608e-10, 1.16716691867e-10, 1.86283037606e-11, 2.04175287788e-11, 7.12097178099e-12, 6.43715549614e-12, 1.83702814245e-12, 5.38779395718e-14],
        "skew": [15.2216701508, 14.5358161926, 13.6962327957, 10.738732338, 16.3445529938, 4.19637012482, 6.62679815292, 2.90494418144, 3.66556596756, 8.38693714142, 5.23965740204, 4.52115011215, 7.23580598831, 4.89945745468, 5.08416938782, 11.6860761642, 3.99875068665, 6.19776964188, 7.37107467651, 3.75360417366, 6.41768550873, 5.89579677582, 6.20643138885, 9.52670669556, 7.6546459198, 6.72966003418, 5.91360521317],
        "var": [2.34972360579e-15, 3.16170256642e-10, 1.80855896925e-09, 4.79539220832e-11, 2.36677077936e-09, 6.1152292119e-09, 4.34905267355e-09, 2.84650997218e-10, 3.15710946275e-09, 1.79617332119e-09, 1.5529911801e-09, 4.49991233609e-07, 6.27485746918e-07, 9.02711747131e-07, 1.45659657846e-06, 2.75471347777e-06, 4.54134942629e-06, 1.52993357005e-06, 1.15938757972e-06, 1.03717297861e-06, 2.89698505185e-07, 1.71660143877e-08, 3.97063493196e-11, 5.85031198833e-12, 3.4948709508e-13, 1.30561565846e-16, 2.99918577813e-19],
        "cov": [[2.35732784408e-15, 8.55891583735e-13, 1.87203464536e-12, 2.84981754991e-13, 2.31225433765e-12, 1.87004773645e-12, 3.77087792415e-13, 2.57215228934e-13, 3.58821750524e-13, 3.6068389486e-13, 5.7031405965e-14, 8.76392708404e-12, -5.14576174639e-13, -1.18995701422e-13, 2.58693812899e-11, 3.34394213708e-11, 4.28036460443e-11, 6.85082069199e-12, 8.92185023776e-12, 3.64620616686e-12, 1.06566500416e-11, 3.86279896958e-12, 8.31362634442e-14, 3.89343810284e-14, 6.90199714872e-15, 9.68228803628e-17, 6.50636447033e-18], [8.55891583735e-13, 3.17193438182e-10, 7.08859249077e-10, 1.05288840146e-10, 8.38577762785e-10, 6.68490818256e-10, 1.35554831249e-10, 9.78405967356e-11, 1.24970284121e-10, 1.28249827425e-10, 1.78371276083e-11, 3.02436586885e-09, -2.99478802868e-10, -1.04317665617e-10, 9.27242638227e-09, 1.19904690621e-08, 1.50659733578e-08, 2.57691046279e-09, 3.38881522843e-09, 1.23052124046e-09, 3.90371113212e-09, 1.39618749895e-09, 2.97331152754e-11, 1.45027028581e-11, 2.51346686519e-12, 3.58091682663e-14, 2.3246410544e-15], [1.87203464536e-12, 7.08859249077e-10, 1.81441195402e-09, 2.40713365907e-10, 1.88565452142e-09, 1.47573331333e-09, 2.42712766552e-10, 2.30745811347e-10, 2.84859774657e-10, 2.94202218143e-10, 4.6991188718e-11, 5.35296784676e-09, -8.30510937799e-10, -8.6527729426e-11, 1.48457086624e-08, 2.68119180191e-08, 3.36602923312e-08, 5.7400799669e-09, 7.71857600057e-09, 2.65274513467e-09, 6.42633724013e-09, 2.61204258223e-09, 4.76500922053e-11, 1.60716735059e-11, 3.43866146495e-12, 7.44435979874e-14, 5.10822615896e-15], [2.84981754991e-13, 1.05288840146e-10, 2.40713365907e-10, 4.81091139148e-11, 2.82434048371e-10, 2.38260383645e-10, 4.55065082838e-11, 4.24832981294e-11, 4.80430660532e-11, 3.94696601791e-11, 3.07089336599e-12, 1.58792679006e-09, -1.31656976987e-10, 5.83163378698e-11, 4.50874892977e-09, 4.16923739976e-09, 5.43753797544e-09, 1.60841640007e-09, 1.81704840063e-09, 1.8112015221e-09, 2.27363239347e-09, 5.21592269376e-10, 1.25542536436e-11, 8.96949788748e-12, 2.07313918636e-12, 2.01354300529e-14, 1.14581174918e-15], [2.31225433765e-12, 8.38577762785e-10, 1.88565452142e-09, 2.82434048371e-10, 2.37443020801e-09, 1.94823912558e-09, 3.3041258618e-10, 2.40187647549e-10, 3.37294164821e-10, 3.65949270886e-10, 3.65813525305e-11, 7.878691477e-09, -7.46865846946e-10, -2.25842483603e-10, 2.17405151659e-08, 3.34052181472e-08, 4.27479065479e-08, 5.85751092075e-09, 7.17611703394e-09, 3.01485592047e-09, 9.19632814345e-09, 3.52962392647e-09, 7.03445843242e-11, 2.86966683055e-11, 5.62641469873e-12, 7.87012192612e-14, 6.46566379606e-15], [1.87004773645e-12, 6.68490818256e-10, 1.47573331333e-09, 2.38260383645e-10, 1.94823912558e-09, 6.13501960345e-09, 4.59093402183e-10, 1.58711627174e-10, 3.0820873631e-10, 2.6426608124e-10, -1.87761417525e-10, 1.03899857606e-08, 3.01283153981e-09, -7.35414751318e-09, 2.07986818879e-08, 3.05921687982e-08, 3.94593726583e-08, 4.6759556227e-09, 1.10437197165e-08, 7.55561213595e-09, 8.86710704862e-09, 2.76705680591e-09, 3.74692291083e-11, 2.95426183516e-11, 6.24875108254e-12, 8.07195971305e-14, 5.26803925325e-15], [3.77087792415e-13, 1.35554831249e-10, 2.42712766552e-10, 4.55065082838e-11, 3.3041258618e-10, 4.59093402183e-10, 4.36312719287e-09, 1.44701514659e-10, 1.75976691552e-10, 1.11493550503e-10, 6.5307925734e-10, 2.03421515743e-10, -2.25699303691e-09, 4.6773385165e-09, 5.0602046997e-09, 6.08512573663e-09, -3.62651714214e-11, 2.46525111436e-09, 1.86696169635e-09, 1.29280774974e-09, 3.22096704863e-09, 7.88497045434e-10, 3.38213554385e-11, 1.04316564067e-11, 1.34490237957e-12, 4.73117918337e-15, 2.76001704808e-15], [2.57215228934e-13, 9.78405967356e-11, 2.30745811347e-10, 4.24832981294e-11, 2.40187647549e-10, 1.58711627174e-10, 1.44701514659e-10, 2.85572204772e-10, 3.3790412135e-10, 5.13778776468e-11, 1.54527612928e-10, 6.5598886323e-09, 1.98169280985e-09, 2.37129915703e-09, 8.22120593824e-09, 1.17134355548e-08, 1.54132795416e-08, 7.82266429411e-09, 6.93614277125e-09, 6.11813977258e-09, 4.17596757174e-09, 1.07055564413e-09, 3.13986683875e-11, 1.25104085077e-11, 3.5120816845e-12, 8.40369440702e-14, 3.76828441091e-15], [3.58821750524e-13, 1.24970284121e-10, 2.84859774657e-10, 4.80430660532e-11, 3.37294164821e-10, 3.0820873631e-10, 1.75976691552e-10, 3.3790412135e-10, 3.1673266232e-09, 3.64149321808e-10, 8.30306878807e-10, 1.76038188471e-08, 2.16746158799e-08, 1.02765502774e-08, 2.86228285518e-08, 1.39940112831e-08, 5.21158476374e-08, 2.02921413006e-08, 1.78298051878e-08, 2.02542196348e-08, 7.55011786424e-09, 2.28498953092e-09, 1.14595138934e-10, 2.51621484065e-11, 1.01207002848e-11, 2.96581037723e-13, 8.51636063103e-15], [3.6068389486e-13, 1.28249827425e-10, 2.94202218143e-10, 3.94696601791e-11, 3.65949270886e-10, 2.6426608124e-10, 1.11493550503e-10, 5.13778776468e-11, 3.64149321808e-10, 1.8019862269e-09, 1.55698273718e-10, 3.32577565487e-09, 2.6676674203e-09, 4.16292733618e-09, 6.68613031607e-09, 6.82182710321e-09, 1.21023955302e-08, 5.64346303022e-09, 1.28416755008e-09, 2.67448219127e-09, 1.6969732286e-09, 7.81462006216e-10, 3.51883799876e-11, 3.3197806483e-12, 1.11637196883e-12, 3.17265778807e-14, 2.82381324033e-15], [5.7031405965e-14, 1.78371276083e-11, 4.6991188718e-11, 3.07089336599e-12, 3.65813525305e-11, -1.87761417525e-10, 6.5307925734e-10, 1.54527612928e-10, 8.30306878807e-10, 1.55698273718e-10, 1.55801704871e-09, 3.82551368361e-09, 3.98523480882e-09, 1.41825413635e-08, 4.66479654904e-09, 5.90058446548e-09, 1.3706450197e-08, 7.74359243394e-09, 4.83198103751e-09, 5.44567191341e-09, 2.22647078552e-09, 8.99454843939e-10, 1.16311717202e-10, 5.59655273513e-12, 1.88569667693e-12, 5.16701041491e-14, 8.03919309052e-15], [8.76392708404e-12, 3.02436586885e-09, 5.35296784676e-09, 1.58792679006e-09, 7.878691477e-09, 1.03899857606e-08, 2.03421515743e-10, 6.5598886323e-09, 1.76038188471e-08, 3.32577565487e-09, 3.82551368361e-09, 4.51447505156e-07, 1.9960883435e-07, 6.10106027921e-08, 5.06917217535e-07, 6.6488524908e-07, 8.33344870443e-07, 3.6746467913e-07, 3.96512092493e-07, 3.80337382921e-07, 2.2366160124e-07, 4.73146535285e-08, 1.73277803217e-09, 7.54568962869e-10, 2.05013353516e-10, 3.88711198646e-12, 1.82419414318e-13], [-5.14576174639e-13, -2.99478802868e-10, -8.30510937799e-10, -1.31656976987e-10, -7.46865846946e-10, 3.01283153981e-09, -2.25699303691e-09, 1.98169280985e-09, 2.16746158799e-08, 2.6676674203e-09, 3.98523480882e-09, 1.9960883435e-07, 6.29516478057e-07, 2.15462137021e-08, 2.90025496952e-07, 1.54592044055e-07, 9.53013113758e-07, 2.16994067159e-07, 2.72059054396e-07, 4.11821048374e-07, 1.15887097252e-07, 2.9702420079e-08, 8.85648998583e-10, 3.93449495206e-10, 1.86936924274e-10, 5.69559113414e-12, 1.04334252284e-13], [-1.18995701422e-13, -1.04317665617e-10, -8.6527729426e-11, 5.83163378698e-11, -2.25842483603e-10, -7.35414751318e-09, 4.6773385165e-09, 2.37129915703e-09, 1.02765502774e-08, 4.16292733618e-09, 1.41825413635e-08, 6.10106027921e-08, 2.15462137021e-08, 9.05633100956e-07, 1.00127266478e-07, 2.70212893838e-07, 4.19381592565e-07, 3.70474452893e-07, 2.0742690765e-07, 2.20075847324e-07, 1.22831423255e-07, 3.44871686764e-08, 4.35582858671e-09, 2.41534320322e-10, 1.07355652146e-10, 1.7627842545e-12, 1.6274614577e-13], [2.58693812899e-11, 9.27242638227e-09, 1.48457086624e-08, 4.50874892977e-09, 2.17405151659e-08, 2.07986818879e-08, 5.0602046997e-09, 8.22120593824e-09, 2.86228285518e-08, 6.68613031607e-09, 4.66479654904e-09, 5.06917217535e-07, 2.90025496952e-07, 1.00127266478e-07, 1.4613104895e-06, 5.21021206623e-07, 1.48691276536e-06, 6.39436166239e-07, 5.41140309451e-07, 6.5932022153e-07, 4.64168834924e-07, 1.02770556509e-07, 3.66889829628e-09, 2.13894146839e-09, 4.61815113928e-10, 6.90036526182e-12, 2.15069092093e-13], [3.34394213708e-11, 1.19904690621e-08, 2.68119180191e-08, 4.16923739976e-09, 3.34052181472e-08, 3.05921687982e-08, 6.08512573663e-09, 1.17134355548e-08, 1.39940112831e-08, 6.82182710321e-09, 5.90058446548e-09, 6.6488524908e-07, 1.54592044055e-07, 2.70212893838e-07, 5.21021206623e-07, 2.76362834484e-06, 1.56474743562e-06, 4.82505583932e-07, 8.72680345765e-07, 4.87353190692e-07, 4.32229228409e-07, 9.51701011331e-08, 3.59796170635e-09, 7.57408413765e-10, 2.64257060678e-10, 5.12514336526e-12, 3.0180675667e-13], [4.28036460443e-11, 1.50659733578e-08, 3.36602923312e-08, 5.43753797544e-09, 4.27479065479e-08, 3.94593726583e-08, -3.62651714214e-11, 1.54132795416e-08, 5.21158476374e-08, 1.21023955302e-08, 1.3706450197e-08, 8.33344870443e-07, 9.53013113758e-07, 4.19381592565e-07, 1.48691276536e-06, 1.56474743562e-06, 4.55604640592e-06, 1.40846350405e-06, 1.36833705255e-06, 1.44163186633e-06, 6.42714383048e-07, 1.80612843792e-07, 5.95721383334e-09, 1.91595139754e-09, 6.00750726942e-10, 1.42484860716e-11, 4.76974525414e-13], [6.85082069199e-12, 2.57691046279e-09, 5.7400799669e-09, 1.60841640007e-09, 5.85751092075e-09, 4.6759556227e-09, 2.46525111436e-09, 7.82266429411e-09, 2.02921413006e-08, 5.64346303022e-09, 7.74359243394e-09, 3.6746467913e-07, 2.16994067159e-07, 3.70474452893e-07, 6.39436166239e-07, 4.82505583932e-07, 1.40846350405e-06, 1.53488474552e-06, 1.06795926058e-06, 9.23448453705e-07, 3.95467225189e-07, 7.79563009701e-08, 3.64670116326e-09, 1.39394495946e-09, 3.1763841557e-10, 7.82889204853e-12, 2.61734535954e-13], [8.92185023776e-12, 3.38881522843e-09, 7.71857600057e-09, 1.81704840063e-09, 7.17611703394e-09, 1.10437197165e-08, 1.86696169635e-09, 6.93614277125e-09, 1.78298051878e-08, 1.28416755008e-09, 4.83198103751e-09, 3.96512092493e-07, 2.72059054396e-07, 2.0742690765e-07, 5.41140309451e-07, 8.72680345765e-07, 1.36833705255e-06, 1.06795926058e-06, 1.16313970011e-06, 8.39895506033e-07, 3.80404742373e-07, 7.59569829256e-08, 3.20860671366e-09, 1.38614419942e-09, 3.6799202574e-10, 8.48401383868e-12, 2.0258747208e-13], [3.64620616686e-12, 1.23052124046e-09, 2.65274513467e-09, 1.8112015221e-09, 3.01485592047e-09, 7.55561213595e-09, 1.29280774974e-09, 6.11813977258e-09, 2.02542196348e-08, 2.67448219127e-09, 5.44567191341e-09, 3.80337382921e-07, 4.11821048374e-07, 2.20075847324e-07, 6.5932022153e-07, 4.87353190692e-07, 1.44163186633e-06, 9.23448453705e-07, 8.39895506033e-07, 1.0405295825e-06, 3.73087658545e-07, 7.81697764296e-08, 2.9132589674e-09, 1.24920707112e-09, 4.04777711349e-10, 8.56292727697e-12, 2.7379460461e-13], [1.06566500416e-11, 3.90371113212e-09, 6.42633724013e-09, 2.27363239347e-09, 9.19632814345e-09, 8.86710704862e-09, 3.22096704863e-09, 4.17596757174e-09, 7.55011786424e-09, 1.6969732286e-09, 2.22647078552e-09, 2.2366160124e-07, 1.15887097252e-07, 1.22831423255e-07, 4.64168834924e-07, 4.32229228409e-07, 6.42714383048e-07, 3.95467225189e-07, 3.80404742373e-07, 3.73087658545e-07, 2.90636023692e-07, 5.18372438307e-08, 2.02755323642e-09, 1.14755938085e-09, 2.69783945184e-10, 3.77331629484e-12, 1.33126528464e-13], [3.86279896958e-12, 1.39618749895e-09, 2.61204258223e-09, 5.21592269376e-10, 3.52962392647e-09, 2.76705680591e-09, 7.88497045434e-10, 1.07055564413e-09, 2.28498953092e-09, 7.81462006216e-10, 8.99454843939e-10, 4.73146535285e-08, 2.9702420079e-08, 3.44871686764e-08, 1.02770556509e-07, 9.51701011331e-08, 1.80612843792e-07, 7.79563009701e-08, 7.59569829256e-08, 7.81697764296e-08, 5.18372438307e-08, 1.72215681715e-08, 5.31899913003e-10, 2.05598787995e-10, 4.99025612499e-11, 9.23995363729e-13, 4.10990956979e-14], [8.31362634442e-14, 2.97331152754e-11, 4.76500922053e-11, 1.25542536436e-11, 7.03445843242e-11, 3.74692291083e-11, 3.38213554385e-11, 3.13986683875e-11, 1.14595138934e-10, 3.51883799876e-11, 1.16311717202e-10, 1.73277803217e-09, 8.85648998583e-10, 4.35582858671e-09, 3.66889829628e-09, 3.59796170635e-09, 5.95721383334e-09, 3.64670116326e-09, 3.20860671366e-09, 2.9132589674e-09, 2.02755323642e-09, 5.31899913003e-10, 3.98348472264e-11, 8.02817881618e-12, 2.06777000036e-12, 3.04812293841e-14, 1.6639104628e-15], [3.89343810284e-14, 1.45027028581e-11, 1.60716735059e-11, 8.96949788748e-12, 2.86966683055e-11, 2.95426183516e-11, 1.04316564067e-11, 1.25104085077e-11, 2.51621484065e-11, 3.3197806483e-12, 5.59655273513e-12, 7.54568962869e-10, 3.93449495206e-10, 2.41534320322e-10, 2.13894146839e-09, 7.57408413765e-10, 1.91595139754e-09, 1.39394495946e-09, 1.38614419942e-09, 1.24920707112e-09, 1.14755938085e-09, 2.05598787995e-10, 8.02817881618e-12, 5.86924519402e-12, 1.221789705e-12, 1.50044449657e-14, 4.12217795265e-16], [6.90199714872e-15, 2.51346686519e-12, 3.43866146495e-12, 2.07313918636e-12, 5.62641469873e-12, 6.24875108254e-12, 1.34490237957e-12, 3.5120816845e-12, 1.01207002848e-11, 1.11637196883e-12, 1.88569667693e-12, 2.05013353516e-10, 1.86936924274e-10, 1.07355652146e-10, 4.61815113928e-10, 2.64257060678e-10, 6.00750726942e-10, 3.1763841557e-10, 3.6799202574e-10, 4.04777711349e-10, 2.69783945184e-10, 4.99025612499e-11, 2.06777000036e-12, 1.221789705e-12, 3.50618134786e-13, 4.86176625285e-15, 1.0443754774e-16], [9.68228803628e-17, 3.58091682663e-14, 7.44435979874e-14, 2.01354300529e-14, 7.87012192612e-14, 8.07195971305e-14, 4.73117918337e-15, 8.40369440702e-14, 2.96581037723e-13, 3.17265778807e-14, 5.16701041491e-14, 3.88711198646e-12, 5.69559113414e-12, 1.7627842545e-12, 6.90036526182e-12, 5.12514336526e-12, 1.42484860716e-11, 7.82889204853e-12, 8.48401383868e-12, 8.56292727697e-12, 3.77331629484e-12, 9.23995363729e-13, 3.04812293841e-14, 1.50044449657e-14, 4.86176625285e-15, 1.30984102937e-16, 2.15328720569e-18], [6.50636447033e-18, 2.3246410544e-15, 5.10822615896e-15, 1.14581174918e-15, 6.46566379606e-15, 5.26803925325e-15, 2.76001704808e-15, 3.76828441091e-15, 8.51636063103e-15, 2.82381324033e-15, 8.03919309052e-15, 1.82419414318e-13, 1.04334252284e-13, 1.6274614577e-13, 2.15069092093e-13, 3.0180675667e-13, 4.76974525414e-13, 2.61734535954e-13, 2.0258747208e-13, 2.7379460461e-13, 1.33126528464e-13, 4.10990956979e-14, 1.6639104628e-15, 4.12217795265e-16, 1.0443754774e-16, 2.15328720569e-18, 3.00889170864e-19]]
    },
    "mfcc": {
        "kurt": [-1.07230615616, -0.254492759705, -1.1983602047, -0.141667127609, -0.859112501144, -0.0283045768738, 0.200133323669, 0.0125017166138, 0.356073617935, -0.122287988663, -0.232395887375, 0.295275211334, 0.843116283417],
        "max": [-597.838134766, 127.402275085, 52.3420753479, 94.0023880005, 23.8159942627, 30.0170593262, 21.528339386, 11.410036087, 37.8428840637, 28.2196445465, 29.8603477478, 46.6669692993, 38.6356773376],
        "mean": [-896.480041504, 43.2516441345, -85.5125427246, 30.054391861, -20.981798172, -13.8026237488, -13.4376811981, -21.1533088684, -11.519402504, -14.6805896759, 0.0117359161377, 3.8341319561, 2.44713759422],
        "median": [-881.221557617, 43.3521156311, -107.237915039, 25.443775177, -20.2368965149, -11.5591011047, -11.8194856644, -20.355594635, -9.11525058746, -14.4220342636, 0.430397033691, 2.8805847168, 1.407371521],
        "min": [-1138.42004395, -33.1842498779, -189.784881592, -17.14245224, -69.5054168701, -82.4992218018, -57.0867004395, -73.7883911133, -50.685798645, -48.2743225098, -37.217792511, -23.1571350098, -32.7393302917],
        "skew": [-0.151490628719, 0.121023409069, 0.439762145281, 0.547764241695, -0.123550765216, -0.447144716978, -0.447270750999, -0.346226334572, -0.371535122395, -0.0180048402399, -0.289183109999, 0.291731268167, 0.30864572525],
        "var": [19784.2539062, 755.143981934, 4582.58691406, 472.557220459, 437.35333252, 355.941680908, 201.444198608, 209.629135132, 189.056488037, 174.693267822, 161.090560913, 127.828216553, 114.091079712],
        "cov": [[19848.28125, -78.0184326172, -8635.76660156, 1237.50561523, -1795.44299316, 835.187438965, -453.107055664, -473.991394043, 399.753570557, 10.869764328, 663.790527344, 454.900634766, 485.630828857], [-78.0184326172, 757.58782959, 344.880310059, 26.1800785065, -6.61455392838, -170.668945312, -24.2439517975, -69.1980209351, -57.8744049072, -117.393623352, -79.9512023926, 4.84427547455, -2.04715681076], [-8635.76660156, 344.880310059, 4597.41699219, -361.794250488, 940.253051758, -333.913909912, 186.509277344, 251.999038696, -265.118438721, -47.8093528748, -342.285980225, -219.832626343, -239.606948853], [1237.50561523, 26.1800785065, -361.794250488, 474.086517334, 60.144367218, 106.82183075, -62.2389068604, -66.1447372437, 3.17126703262, 4.69453525543, 57.3591537476, 13.8639621735, 28.3310222626], [-1795.44299316, -6.61455392838, 940.253051758, 60.144367218, 438.768707275, 86.0250549316, 86.3357315063, 75.6093597412, -22.9562473297, 38.9725532532, -70.3244400024, -55.0325469971, -46.2693595886], [835.187438965, -170.668945312, -333.913909912, 106.82183075, 86.0250549316, 357.093597412, 67.4931106567, 92.2978363037, 103.194465637, 93.6536102295, 67.3492889404, -12.215628624, 15.0127315521], [-453.107055664, -24.2439517975, 186.509277344, -62.2389068604, 86.3357315063, 67.4931106567, 202.096130371, 129.245925903, 72.2160186768, 57.0243873596, 9.6036195755, 34.0529098511, -28.9487380981], [-473.991394043, -69.1980209351, 251.999038696, -66.1447372437, 75.6093597412, 92.2978363037, 129.245925903, 210.307540894, 93.5783691406, 81.7562026978, 21.3277645111, -7.40752220154, -30.6376438141], [399.753570557, -57.8744049072, -265.118438721, 3.17126703262, -22.9562473297, 103.194465637, 72.2160186768, 93.5783691406, 189.668319702, 107.314308167, 43.247844696, 9.37803649902, 9.11630153656], [10.869764328, -117.393623352, -47.8093528748, 4.69453525543, 38.9725532532, 93.6536102295, 57.0243873596, 81.7562026978, 107.314308167, 175.258621216, 81.1731033325, 8.35670375824, 15.2955141068], [663.790527344, -79.9512023926, -342.285980225, 57.3591537476, -70.3244400024, 67.3492889404, 9.6036195755, 21.3277645111, 43.247844696, 81.1731033325, 161.6118927, 72.0259552002, 17.9494686127], [454.900634766, 4.84427547455, -219.832626343, 13.8639621735, -55.0325469971, -12.215628624, 34.0529098511, -7.40752220154, 9.37803649902, 8.35670375824, 72.0259552002, 128.241897583, 46.6486740112], [485.630828857, -2.04715681076, -239.606948853, 28.3310222626, -46.2693595886, 15.0127315521, -28.9487380981, -30.6376438141, 9.11630153656, 15.2955141068, 17.9494686127, 46.6486740112, 114.46030426]]
    },
    "sccoeffs": {
        "kurt": [-0.241512537003, -0.422702312469, -0.22841334343, -0.880667924881, -0.831454277039, -1.251765728],
        "max": [-0.546163737774, -0.389831066132, -0.44088897109, -0.456834852695, -0.590808451176, -0.554004013538],
        "mean": [-0.784299790859, -0.727837026119, -0.780277967453, -0.753536164761, -0.786631643772, -0.725433588028],
        "median": [-0.805461764336, -0.741449654102, -0.785038650036, -0.771153569221, -0.792922258377, -0.706204175949],
        "min": [-0.95556396246, -0.938128650188, -0.948183238506, -0.926213502884, -0.932304918766, -0.911821603775],
        "skew": [0.676877975464, 0.385525643826, 0.398422390223, 0.439676493406, 0.345659226179, -0.0990193411708],
        "var": [0.00706924218684, 0.0120439659804, 0.00843054521829, 0.013939846307, 0.00711286067963, 0.00896582752466],
        "cov": [[0.00709212012589, 0.00180923298467, 0.000395188486436, 0.00117193581536, 0.000844583439175, 0.00125893298537], [0.00180923298467, 0.0120829436928, 0.00211537512951, 0.00182757852599, 0.00151763192844, 0.0010023387149], [0.000395188486436, 0.00211537512951, 0.00845782924443, 0.00734181562439, 0.0053338073194, 0.00596589967608], [0.00117193581536, 0.00182757852599, 0.00734181562439, 0.0139849595726, 0.00878840778023, 0.00908103398979], [0.000844583439175, 0.00151763192844, 0.0053338073194, 0.00878840778023, 0.00713587971404, 0.00681024324149], [0.00125893298537, 0.0010023387149, 0.00596589967608, 0.00908103398979, 0.00681024324149, 0.00899484287947]]
    },
    "scvalleys": {
        "kurt": [3.69919729233, -0.444629430771, -0.65891122818, -0.797106266022, -0.655473470688, -0.376389503479],
        "max": [-5.95761585236, -5.64352846146, -6.16448450089, -5.53421974182, -5.47769975662, -9.14648532867],
        "mean": [-10.2345695496, -9.02370738983, -9.31633090973, -8.93333053589, -8.60423660278, -11.9539146423],
        "median": [-10.3835678101, -8.9118976593, -9.29993247986, -8.79477500916, -8.46570205688, -11.947675705],
        "min": [-12.4420814514, -12.8340873718, -13.8060684204, -14.4585924149, -14.0274677277, -15.3486270905],
        "skew": [1.43567454815, -0.289632290602, -0.123051851988, -0.220734134316, -0.400574475527, 0.127978459001],
        "var": [0.771921157837, 1.59669518471, 2.27550506592, 3.61697411537, 3.29186701775, 1.56186497211],
        "cov": [[0.774419307709, 0.652166843414, 0.666085124016, 0.84449005127, 0.813020765781, 0.532708227634], [0.652166843414, 1.60186254978, 1.67378509045, 2.07839870453, 1.98831009865, 1.24538195133], [0.666085124016, 1.67378509045, 2.28286910057, 2.70016217232, 2.51572060585, 1.67371153831], [0.84449005127, 2.07839870453, 2.70016217232, 3.62867951393, 3.36709427834, 2.14576792717], [0.813020765781, 1.98831009865, 2.51572060585, 3.36709427834, 3.30252027512, 2.11950302124], [0.532708227634, 1.24538195133, 1.67371153831, 2.14576792717, 2.11950302124, 1.5669195652]]
    }
},
"rhythm": {
    "beats_loudness": {
        "kurt": 5.52941226959,
        "max": 0.0406982898712,
        "mean": 0.00522186793387,
        "median": 0.000803840579465,
        "min": 1.09014763439e-06,
        "skew": 2.61123728752,
        "var": 0.000120054690342
    },
    "bpm": 111.749565125,
    "confidence": 3.01273226738,
    "first_peak_bpm": {
        "kurt": 0,
        "max": 112,
        "mean": 112,
        "median": 112,
        "min": 112,
        "skew": 0,
        "var": 0
    },
    "first_peak_spread": {
        "kurt": 0,
        "max": 0.25,
        "mean": 0.25,
        "median": 0.25,
        "min": 0.25,
        "skew": 0,
        "var": 0
    },
    "first_peak_weight": {
        "kurt": 0,
        "max": 0.25,
        "mean": 0.25,
        "median": 0.25,
        "min": 0.25,
        "skew": 0,
        "var": 0
    },
    "onset_rate": 3.90881967545,
    "second_peak_bpm": {
        "kurt": 0,
        "max": 117,
        "mean": 117,
        "median": 117,
        "min": 117,
        "skew": 0,
        "var": 0
    },
    "second_peak_spread": {
        "kurt": 0,
        "max": 0.400000035763,
        "mean": 0.400000035763,
        "median": 0.400000035763,
        "min": 0.400000035763,
        "skew": 0,
        "var": 0
    },
    "second_peak_weight": {
        "kurt": 0,
        "max": 0.25,
        "mean": 0.25,
        "median": 0.25,
        "min": 0.25,
        "skew": 0,
        "var": 0
    },
    "beats_loudness_band_ratio": {
        "kurt": [7.63798427582, 1.35955286026, -1.00587272644, -1.24594247341, -1.19123017788, -0.872272491455],
        "max": [0.331032186747, 0.97773629427, 0.157871633768, 0.411226093769, 0.759342730045, 0.26945695281],
        "mean": [0.0302982106805, 0.183494701982, 0.0615522861481, 0.194640263915, 0.402663975954, 0.152126967907],
        "median": [0.000227865661145, 0.00899318326265, 0.0613746717572, 0.158311977983, 0.454290628433, 0.165818139911],
        "min": [8.74995566846e-06, 0.000885885208845, 0.00085773790488, 0.0012023152085, 0.00811585504562, 0.00520546548069],
        "skew": [3.0688123703, 1.73021996021, 0.548979699612, 0.198138535023, -0.189141049981, -0.168740302324],
        "var": [0.00769456708804, 0.10031761229, 0.00264989864081, 0.017547506839, 0.0592427775264, 0.00665394961834],
        "cov": [[0.00833578128368, 0.00185797957238, 0.000385318620829, -0.00257785129361, -0.0052306894213, -0.000456566456705], [0.00185797957238, 0.10867741704, 0.00333402934484, -0.0285304952413, -0.0641041472554, -0.0206417236477], [0.000385318620829, 0.00333402934484, 0.00287072360516, 0.000281686923699, -0.00539924949408, -0.000415638001869], [-0.00257785129361, -0.0285304952413, 0.000281686923699, 0.0190097987652, 0.00282879476435, 0.00770789990202], [-0.0052306894213, -0.0641041472554, -0.00539924949408, 0.00282879476435, 0.0641796737909, 0.0065711773932], [-0.000456566456705, -0.0206417236477, -0.000415638001869, 0.00770789990202, 0.0065711773932, 0.00720844557509]]
    },
    "beats_position": [0.49922901392, 1.01006805897, 1.54412698746, 2.07818579674, 2.62385487556, 3.15791368484, 3.66875267029, 4.1679816246, 4.67882061005, 5.17804956436, 5.66566896439, 6.15328788757, 6.62929677963],
    "bpm_estimates": [112.34715271, 112.347175598, 109.956756592, 112.347175598],
    "bpm_intervals": [0.510839045048, 0.53405892849, 0.53405880928, 0.545669078827, 0.53405880928, 0.510838985443, 0.499228954315, 0.510838985443, 0.499228954315, 0.487619400024, 0.487618923187, 0.476008892059],
    "onset_times": [0.174149662256, 0.487619042397, 0.696598649025, 0.940408170223, 1.13777780533, 1.369977355, 1.63700675964, 2.04335594177, 2.18267583847, 2.33360552788, 2.54258513451, 2.69351482391, 2.86766433716, 3.14630389214, 3.36689352989, 3.68036270142, 3.80807256699, 3.95900225639, 4.13315200806, 4.33052158356, 4.46984148026, 4.56272125244, 4.67882108688, 4.8994102478, 5.1780500412, 5.29414987564, 5.44507932663, 5.66566896439],
    "histogram": [[0, 0, 0, 0, 0, 0, 0, 0, 0, 0, 0, 0, 0, 0, 0, 0, 0, 0, 0, 0, 0, 0, 0, 0, 0, 0, 0, 0, 0, 0, 0, 0, 0, 0, 0, 0, 0, 0, 0, 0, 0, 0, 0, 0, 0, 0, 0, 0, 0, 0, 0, 0, 0, 0, 0, 0, 0, 0, 0, 0, 0, 0, 0, 0, 0, 0, 0, 0, 0, 0, 0, 0, 0, 0, 0, 0, 0, 0, 0, 0, 0, 0, 0, 0, 0, 0, 0, 0, 0, 0, 0, 0, 0, 0, 0, 0, 0, 0, 0, 0, 0, 0, 0, 0, 0, 0, 0, 0, 0, 0, 0.0833333358169, 0, 0.25, 0, 0, 0, 0, 0.25, 0, 0, 0.166666671634, 0, 0, 0.166666671634, 0, 0, 0.0833333358169, 0, 0, 0, 0, 0, 0, 0, 0, 0, 0, 0, 0, 0, 0, 0, 0, 0, 0, 0, 0, 0, 0, 0, 0, 0, 0, 0, 0, 0, 0, 0, 0, 0, 0, 0, 0, 0, 0, 0, 0, 0, 0, 0, 0, 0, 0, 0, 0, 0, 0, 0, 0, 0, 0, 0, 0, 0, 0, 0, 0, 0, 0, 0, 0, 0, 0, 0, 0, 0, 0, 0, 0, 0, 0, 0, 0, 0, 0, 0, 0, 0, 0, 0, 0, 0, 0, 0, 0, 0, 0, 0, 0, 0, 0, 0, 0, 0, 0, 0, 0, 0, 0, 0, 0, 0, 0, 0, 0, 0, 0, 0, 0, 0, 0, 0, 0, 0, 0, 0, 0, 0, 0, 0]]
},
"sfx": {
    "inharmonicity": {
        "kurt": 2.06751441956,
        "max": 0.410282433033,
        "mean": 0.0717517212033,
        "median": 0.0334126725793,
        "min": 0,
        "skew": 1.65557980537,
        "var": 0.00857462733984
    },
    "oddtoevenharmonicenergyratio": {
        "kurt": 284.312774658,
        "max": 848.013122559,
        "mean": 4.82007312775,
        "median": 0.406811833382,
        "min": 0,
        "skew": 16.6921291351,
        "var": 2383.02685547
    },
    "pitch_after_max_to_before_max_energy_ratio": 0.0412766262889,
    "pitch_centroid": 160.663040161,
    "pitch_max_to_total": 0.996774196625,
    "pitch_min_to_total": 0.00645161280409,
    "tristimulus": {
        "kurt": [-0.706746101379, -0.395355463028, -0.89296913147],
        "max": [1, 0.954578876495, 0.970492064953],
        "mean": [0.303837954998, 0.325001269579, 0.371160805225],
        "median": [0.111266113818, 0.332990676165, 0.426861286163],
        "min": [0, 0, 0],
        "skew": [0.888154625893, 0.485270828009, -0.0258903186768],
        "var": [0.117770336568, 0.0547384135425, 0.0648999512196],
        "cov": [[0.118151471019, -0.0539785027504, -0.0641729533672], [-0.0539785027504, 0.0549155622721, -0.000937057833653], [-0.0641729533672, -0.000937057833653, 0.0651099830866]]
    }
},
"tonal": {
    "chords_changes_rate": 0.0769230797887,
    "chords_number_rate": 0.0448717959225,
    "chords_strength": {
        "kurt": -0.0885169506073,
        "max": 0.678401350975,
        "mean": 0.54743719101,
        "median": 0.56162250042,
        "min": 0.305396914482,
        "skew": -0.660399854183,
        "var": 0.00664127245545
    },
    "key_strength": 0.485643029213,
    "tuning_diatonic_strength": 0.362577021122,
    "tuning_equal_tempered_deviation": 0.231593042612,
    "tuning_frequency": 449.504882812,
    "tuning_nontempered_energy_ratio": 0.876767396927,
    "hpcp": {
        "kurt": [5.54051017761, 7.12945365906, 3.58557319641, 2.09176635742, 3.13117456436, 4.43155145645, 4.02003479004, 5.63478660583, 8.89515113831, 2.49777603149, 5.35496330261, 4.49528551102, 3.19886159897, 3.26822710037, 2.05042600632, 1.29529571533, 1.45409822464, 1.02427101135, 0.122711896896, 0.218230962753, 0.24614405632, 0.32203745842, 1.44202423096, 0.481090068817, 2.64247751236, 2.0216345787, 2.74476146698, 2.70794963837, 1.82321596146, 1.33320856094, 2.24183034897, 1.62395763397, 1.24138307571, 2.83921718597, 3.23725318909, 4.27409744263],
        "max": [1, 1, 1, 1, 1, 1, 1, 0.971689224243, 1, 0.63636636734, 0.819506883621, 1, 1, 1, 1, 1, 1, 1, 1, 1, 1, 1, 1, 0.970313072205, 1, 1, 1, 1, 1, 1, 1, 1, 1, 1, 1, 1],
        "mean": [0.147298127413, 0.144115924835, 0.178945168853, 0.213212519884, 0.193546965718, 0.164831191301, 0.1523886621, 0.132626488805, 0.119694232941, 0.118763126433, 0.130820587277, 0.152836367488, 0.166491359472, 0.173320412636, 0.195567011833, 0.233149573207, 0.225342556834, 0.229548379779, 0.27460154891, 0.265321493149, 0.264976471663, 0.258904486895, 0.222628086805, 0.216889828444, 0.206267848611, 0.201513901353, 0.194653749466, 0.182641714811, 0.199984446168, 0.211421310902, 0.20350804925, 0.215238720179, 0.217250019312, 0.191426366568, 0.172014340758, 0.160217702389],
