{
"metadata": {
    "version": {
        "essentia": "2.1-beta3"
    }
},
"lowLevel": {
    "average_loudness": 0.980633974075,
    "barkbands_kurtosis": {
        "kurt": 22.7204875946,
        "max": 98.5053634644,
        "mean": 4.85982608795,
        "median": -0.24553334713,
        "min": -1.73220133781,
        "skew": 4.47273635864,
        "var": 206.817230225
    },
    "barkbands_skewness": {
        "kurt": 2.24893140793,
        "max": 8.59003448486,
        "mean": 1.06961238384,
        "median": 0.710671663284,
        "min": -2.74195575714,
        "skew": 1.13114774227,
        "var": 4.11365795135
    },
    "barkbands_spread": {
        "kurt": -1.13201212883,
        "max": 53.7446098328,
        "mean": 25.1173667908,
        "median": 25.5923080444,
        "min": 0.961553633213,
        "skew": 0.0486281141639,
        "var": 199.087402344
    },
    "dissonance": {
        "kurt": 3.76561784744,
        "max": 0.499504268169,
        "mean": 0.450704395771,
        "median": 0.474988698959,
        "min": 0.214397132397,
        "skew": -2.05262064934,
        "var": 0.00353184854612
    },
    "hfc": {
        "kurt": 57.9327697754,
        "max": 44.5493621826,
        "mean": 1.10482144356,
        "median": 0.00126984529197,
        "min": 1.98697944143e-06,
        "skew": 7.2590546608,
        "var": 24.1030845642
    },
    "pitch": {
        "kurt": -1.2636436224,
        "max": 3996.66601562,
        "mean": 1484.63989258,
        "median": 437.664978027,
        "min": 118.748840332,
        "skew": 0.701548159122,
        "var": 2131603.75
    },
    "pitch_instantaneous_confidence": {
        "kurt": -0.601486682892,
        "max": 0.970842838287,
        "mean": 0.474071502686,
        "median": 0.43898332119,
        "min": 0.136363983154,
        "skew": 0.659157931805,
        "var": 0.0457037054002
    },
    "pitch_salience": {
        "kurt": -0.212192773819,
        "max": 0.915125966072,
        "mean": 0.643746316433,
        "median": 0.706622719765,
        "min": 0.196284145117,
        "skew": -0.846588730812,
        "var": 0.0264218728989
    },
    "silence_rate_20dB": {
        "kurt": 0,
        "max": 1,
        "mean": 1,
        "median": 1,
        "min": 1,
        "skew": 0,
        "var": 0
    },
    "silence_rate_30dB": {
        "kurt": 0,
        "max": 1,
        "mean": 1,
        "median": 1,
        "min": 1,
        "skew": 0,
        "var": 0
    },
    "silence_rate_60dB": {
        "kurt": 5.50636863708,
        "max": 1,
        "mean": 0.903846144676,
        "median": 1,
        "min": 0,
        "skew": -2.73977279663,
        "var": 0.0869083851576
    },
    "spectral_centroid": {
        "kurt": -0.585599899292,
        "max": 3223.05419922,
        "mean": 1420.21459961,
        "median": 1263.10632324,
        "min": 349.901611328,
        "skew": 0.684729993343,
        "var": 620692.625
    },
    "spectral_complexity": {
        "kurt": 30.9006271362,
        "max": 24,
        "mean": 0.913461565971,
        "median": 0,
        "min": 0,
        "skew": 5.48142623901,
        "var": 11.2521352768
    },
    "spectral_crest": {
        "kurt": -0.243814706802,
        "max": 23.6074142456,
        "mean": 10.5039834976,
        "median": 9.27013969421,
        "min": 3.59261775017,
        "skew": 0.843379855156,
        "var": 28.3601055145
    },
    "spectral_decrease": {
        "kurt": 14.9020252228,
        "max": -1.01798230134e-15,
        "mean": -1.95717470008e-10,
        "median": -3.70476137832e-13,
        "min": -3.50018880546e-09,
        "skew": -3.71027874947,
        "var": 3.16681005185e-19
    },
    "spectral_energy": {
        "kurt": 20.0190486908,
        "max": 0.0172512531281,
        "mean": 0.000838893116452,
        "median": 1.50377127284e-06,
        "min": 4.02230737606e-09,
        "skew": 4.18172883987,
        "var": 6.29913211014e-06
    },
    "spectral_energyband_high": {
        "kurt": 69.4650192261,
        "max": 0.00430023344234,
        "mean": 7.56627268856e-05,
        "median": 5.92647424469e-08,
        "min": 1.05968511743e-10,
        "skew": 8.10312366486,
        "var": 2.07451748224e-07
    },
    "spectral_energyband_low": {
        "kurt": 7.65954971313,
        "max": 1.83025144906e-06,
        "mean": 1.9587619704e-07,
        "median": 4.30059969858e-08,
        "min": 1.10794651231e-09,
        "skew": 2.839179039,
        "var": 1.42949427252e-13
    },
    "spectral_energyband_middle_high": {
        "kurt": 63.0943603516,
        "max": 0.0087805390358,
        "mean": 0.00019498540496,
        "median": 2.51193654321e-07,
        "min": 2.40567205045e-10,
        "skew": 7.63483047485,
        "var": 8.99944382127e-07
    },
    "spectral_energyband_middle_low": {
        "kurt": 8.65787506104,
        "max": 0.00809940323234,
        "mean": 0.000577954226173,
        "median": 8.86180941961e-07,
        "min": 3.32604899178e-09,
        "skew": 3.06454801559,
        "var": 2.56701196122e-06
    },
    "spectral_flatness_db": {
        "kurt": -0.11783862114,
        "max": 0.40737375617,
        "mean": 0.183864608407,
        "median": 0.158237993717,
        "min": 0.0797588974237,
        "skew": 0.917652547359,
        "var": 0.00724158762023
    },
    "spectral_flux": {
        "kurt": 4.79726314545,
        "max": 0.113442152739,
        "mean": 0.0130904959515,
        "median": 0.00153715535998,
        "min": 0.000245319068199,
        "skew": 2.29354023933,
        "var": 0.00056596804643
    },
    "spectral_kurtosis": {
        "kurt": 2.55527353287,
        "max": 16.9948234558,
        "mean": 5.04199171066,
        "median": 4.22717142105,
        "min": 1.32388401031,
        "skew": 1.65599548817,
        "var": 9.17097377777
    },
    "spectral_rms": {
        "kurt": 5.93732833862,
        "max": 0.00410249829292,
        "mean": 0.000404520018492,
        "median": 3.82932266803e-05,
        "min": 1.98095995074e-06,
        "skew": 2.52384877205,
        "var": 6.54795599075e-07
    },
    "spectral_rolloff": {
        "kurt": -1.41129863262,
        "max": 4349.70703125,
        "mean": 2541.12548828,
        "median": 2885.44921875,
        "min": 279.931640625,
        "skew": -0.35513433814,
        "var": 1993564.875
    },
    "spectral_skewness": {
        "kurt": 1.96894931793,
        "max": 3.48909115791,
        "mean": 1.64786148071,
        "median": 1.51815366745,
        "min": 0.818345487118,
        "skew": 1.36284434795,
        "var": 0.223477602005
    },
    "spectral_spread": {
        "kurt": 0.787263393402,
        "max": 10590800,
        "mean": 5063168.5,
        "median": 5287132,
        "min": 2351428,
        "skew": 0.514688074589,
        "var": 2.45335667507e+12
    },
    "spectral_strongpeak": {
        "kurt": 10.3946027756,
        "max": 2.06659173965,
        "mean": 0.154087841511,
        "median": 0.00869942642748,
        "min": 0.000122405530419,
        "skew": 3.24803376198,
        "var": 0.146699458361
    },
    "zerocrossingrate": {
        "kurt": -0.897582292557,
        "max": 0.158203125,
        "mean": 0.078758828342,
        "median": 0.07666015625,
        "min": 0.01953125,
        "skew": 0.300812661648,
        "var": 0.00134797219653
    },
    "barkbands": {
        "kurt": [31.9784812927, 23.9950885773, 10.9785776138, 26.1249389648, 21.7423667908, 15.3754138947, 48.7178840637, 36.3634986877, 33.3480682373, 27.1768283844, 29.4574661255, 20.2599449158, 59.9230194092, 97.3737869263, 28.9416732788, 68.5742721558, 63.7163543701, 36.7336959839, 35.2024917603, 71.1795959473, 73.370880127, 53.1185684204, 25.0066566467, 40.5124511719, 32.3655319214, 62.525390625, 69.8164901733],
        "max": [3.47088828789e-08, 1.82613177913e-07, 1.0150045e-06, 3.95043252865e-06, 8.64443427417e-05, 0.00212043337524, 0.00718285515904, 0.00412088818848, 0.00649697473273, 0.0009791291086, 5.63208268431e-05, 1.60155723279e-05, 0.000176147193997, 0.000430863408837, 8.09426273918e-05, 0.00219551892951, 0.0028337482363, 0.00101474742405, 0.000152372929733, 0.00360832829028, 0.00216367118992, 0.000109830361907, 3.424577244e-06, 1.86443458006e-06, 3.78199729312e-06, 1.83473005677e-08, 1.62948532445e-09],
        "mean": [1.86791693224e-09, 1.45650025374e-08, 9.05687613795e-08, 1.94888741589e-07, 3.79267976314e-06, 0.00011395803449, 0.000152320062625, 0.000107134619611, 0.000182004645467, 3.25645014527e-05, 1.9158608211e-06, 7.40085795314e-07, 3.28488772539e-06, 5.39448728887e-06, 3.31351384375e-06, 4.2404353735e-05, 5.32677768206e-05, 3.18422353303e-05, 5.55462929697e-06, 6.01649917371e-05, 3.59600016964e-05, 2.66512665803e-06, 1.24938921431e-07, 4.91768084032e-08, 1.34952514941e-07, 5.19951359745e-10, 3.48804145289e-11],
        "median": [6.20785811645e-10, 6.8982228818e-09, 2.24588756481e-08, 1.85545268039e-08, 8.23083539103e-08, 1.60838624197e-07, 7.91531107325e-08, 1.91284232898e-08, 1.89026554409e-08, 9.06742414486e-09, 8.09199640628e-09, 7.76561037696e-09, 7.60681828638e-09, 8.18637779787e-09, 1.44783527389e-08, 2.40324666834e-08, 3.04531226902e-08, 4.54853790188e-08, 4.17164827127e-08, 4.77463331094e-08, 2.06609040987e-08, 7.28283122697e-09, 1.22788534895e-09, 5.68664559886e-10, 3.64933805397e-10, 1.81672211996e-11, 3.60792857179e-13],
        "min": [1.90306039156e-12, 1.1249924603e-11, 3.42112782548e-10, 8.52583337263e-10, 1.27420440865e-09, 2.00071639811e-10, 1.71339123445e-11, 1.75318492363e-11, 2.20476172041e-11, 4.96993028329e-12, 7.68382427997e-13, 1.78142960452e-12, 1.2066806972e-12, 1.31232470637e-12, 2.34883488527e-12, 2.3311961736e-11, 1.92360502527e-11, 1.0316467125e-10, 6.52559048464e-11, 6.42969288922e-11, 1.67304451543e-11, 3.83379699515e-12, 1.40888811034e-11, 1.74782115864e-11, 4.19383711786e-12, 2.0884688293e-13, 2.93891531933e-14],
        "skew": [5.30511713028, 4.4851436615, 3.27334094048, 4.9371471405, 4.5561337471, 3.8866379261, 6.89643096924, 5.99619483948, 5.66685438156, 5.07835292816, 5.33067512512, 4.39872026443, 7.58030319214, 9.92975997925, 5.02882909775, 8.08183002472, 7.7263212204, 5.92470312119, 5.81817960739, 8.21335601807, 8.35060405731, 6.85578918457, 4.86990451813, 6.23621320724, 5.33269739151, 7.45530557632, 8.09748458862],
        "var": [1.93771459091e-17, 6.06433873861e-16, 3.33417443502e-14, 3.32624607111e-13, 1.61417310074e-10, 1.24374849975e-07, 7.39758320378e-07, 3.06445542719e-07, 7.36269498702e-07, 1.85081496795e-08, 6.07686123644e-11, 6.20029635273e-12, 3.82305936908e-10, 1.77178249849e-09, 1.16107061465e-10, 5.45329008617e-08, 9.40953981399e-08, 1.74838525879e-08, 4.62161309223e-10, 1.44427659166e-07, 5.11213080756e-08, 1.52281270926e-10, 2.31800093443e-13, 5.37842916092e-14, 2.33570893746e-13, 3.86950747854e-18, 2.94798769261e-20],
        "cov": [[1.95652732502e-17, 8.65884889723e-18, 5.02709785943e-17, -2.13751196151e-17, 1.62985097152e-14, 5.38774753978e-13, 2.75131046418e-12, 3.388796676e-13, 5.31842527917e-13, 1.68177619183e-13, 6.6918620388e-16, 1.74392130087e-15, 8.60605294981e-15, 2.40055727168e-14, 9.6244381212e-15, 1.45226427997e-13, 1.8485706672e-13, 1.1061944004e-13, 1.8573240412e-14, 2.08894208355e-13, 1.277905055e-13, 1.20820635601e-14, 7.36056278692e-16, 1.4943773478e-16, 4.85130497243e-16, 4.07906872365e-18, 1.19939159643e-19], [8.65884889723e-18, 6.12321599878e-16, 1.93970926086e-15, 5.47409992295e-15, 1.87405734648e-14, 1.79057859035e-13, 3.10411933787e-13, 2.86989914255e-13, -8.46764498796e-13, -1.56862600708e-13, 1.80412867805e-14, 4.20190725815e-15, -1.85906571035e-14, -3.82576491374e-14, 9.08826118339e-15, -7.19338596935e-14, -2.44465716117e-13, -1.17910916491e-13, -1.89235359696e-14, -3.64963511886e-13, -2.37775755032e-13, -1.01613756946e-14, -4.42957176786e-16, -1.92143640438e-16, -2.89697073483e-16, -8.46166630659e-19, -5.60399419992e-20], [5.02709785943e-17, 1.93970926086e-15, 3.36654498495e-14, 3.83978568071e-14, 1.29305081724e-13, -1.27739941021e-12, 4.70291774274e-12, 2.62120837188e-12, -2.64229762202e-12, 5.9203569781e-13, 8.35955518133e-14, 5.83015284813e-14, 5.85439831921e-14, 7.61164460454e-13, 8.1107450129e-14, 4.5901832682e-12, 5.1492668636e-12, 1.50354305829e-12, 1.48963835516e-13, 6.32001135453e-12, 3.59401527636e-12, 1.48301862327e-13, -2.01383184353e-15, 3.77261486685e-15, 5.10071382375e-15, 1.14601241658e-17, -1.03343171672e-21], [-2.13751196151e-17, 5.47409992295e-15, 3.83978568071e-14, 3.35853984597e-13, 5.17659374567e-13, -9.69245170235e-12, -1.71332271287e-11, -1.11077304039e-12, -1.29163624241e-11, 6.23216409035e-12, 2.21273867285e-12, 5.48873067222e-13, 4.86127902256e-13, 1.12232868398e-12, 2.88571076756e-12, 3.62019511591e-11, 4.11720310622e-11, 1.47728947131e-11, 1.66200831309e-12, 3.47784682997e-11, 1.7701732441e-11, 1.3129485563e-12, -4.61999594465e-15, 3.50018408354e-14, 5.86633538513e-14, 8.15306269424e-17, 2.11878905921e-17], [1.62985097152e-14, 1.87405734648e-14, 1.29305081724e-13, 5.17659374567e-13, 1.62984459262e-10, 7.87818588144e-10, 1.0101057768e-09, 5.13555509229e-09, 7.12970127381e-10, -1.62232206835e-11, 1.45284244704e-11, 1.05479730853e-11, 1.94654210285e-12, 1.11458325208e-11, 2.95513197246e-11, 2.59250787504e-10, 2.49233439442e-10, 2.32169256043e-10, 2.32051478727e-11, 1.26009411239e-10, 9.68077770724e-11, 2.13241707278e-12, -1.91298135644e-13, 2.12490805116e-13, 4.06897849832e-13, 8.15315745605e-16, 3.06651099666e-16], [5.38774753978e-13, 1.79057859035e-13, -1.27739941021e-12, -9.69245170235e-12, 7.87818588144e-10, 1.25582374721e-07, 6.77161082763e-08, 1.07979083452e-08, 1.6274505299e-07, 1.9052315281e-08, -3.76967589089e-11, 1.33553543225e-10, 3.33859695445e-09, 3.06567349284e-09, 1.37129729794e-09, 1.49593724075e-08, 3.11953165522e-08, 2.12761985807e-08, 4.21083612423e-09, 4.00222610608e-08, 2.45638513974e-08, 1.79639891851e-09, 8.90057541558e-11, 3.17432191643e-11, 1.02289884896e-10, 2.0682324668e-13, 2.5227153469e-14], [2.75131046418e-12, 3.10411933787e-13, 4.70291774274e-12, -1.71332271287e-11, 1.0101057768e-09, 6.77161082763e-08, 7.46940429508e-07, -4.34314184616e-09, -2.29656222928e-08, 5.33792388069e-08, -1.1016406537e-10, -1.25445973054e-11, -2.11872339118e-10, 6.81910972133e-10, 6.08356476306e-10, 2.12853734638e-09, -1.72237091256e-09, 7.09888370309e-09, 2.22622298374e-09, -3.53917606333e-09, -2.17951479087e-09, 2.53631604608e-09, 2.7900876054e-10, -1.18405545785e-12, 6.57865012466e-11, 1.39195675385e-12, 1.02968950369e-14], [3.388796676e-13, 2.86989914255e-13, 2.62120837188e-12, -1.11077304039e-12, 5.13555509229e-09, 1.07979083452e-08, -4.34314184616e-09, 3.09420727262e-07, 6.41693631565e-08, -2.13037454344e-09, 3.05204667095e-10, 5.2830406716e-10, -1.75709974348e-10, -5.75838821071e-11, 1.20378218504e-09, 6.99573154961e-09, 5.36910338411e-09, 1.01701003175e-08, 8.46110626007e-10, -3.36182282012e-09, 5.24370769028e-10, -1.89975604692e-10, -9.22062079467e-12, 5.42139467e-12, 6.34765981097e-12, -1.07825371421e-14, 9.67628331383e-15], [5.31842527917e-13, -8.46764498796e-13, -2.64229762202e-12, -1.29163624241e-11, 7.12970127381e-10, 1.6274505299e-07, -2.29656222928e-08, 6.41693631565e-08, 7.43417729154e-07, 2.25833325374e-08, 2.28509072775e-10, 6.09705563814e-10, 1.45033762777e-08, 1.20274323834e-08, 4.76268935401e-09, 6.48875442266e-08, 1.34185256684e-07, 8.3500047765e-08, 1.44488696563e-08, 1.71024737483e-07, 1.05305950626e-07, 3.115275371e-09, 6.72270711322e-11, 1.3630385709e-10, 2.57568355533e-10, 4.19706993769e-13, 1.02035764007e-13], [1.68177619183e-13, -1.56862600708e-13, 5.9203569781e-13, 6.23216409035e-12, -1.62232206835e-11, 1.9052315281e-08, 5.33792388069e-08, -2.13037454344e-09, 2.25833325374e-08, 1.86878406083e-08, 9.16507633675e-11, 1.80668327521e-10, 8.33851543369e-10, 4.17124912389e-09, 5.11783171397e-10, 2.25456915359e-08, 2.83852408245e-08, 1.10735474124e-08, 1.83210846494e-09, 3.4867991161e-08, 2.07061869872e-08, 1.53769996736e-09, 5.68617826435e-11, 1.90071951234e-11, 5.00519556357e-11, 1.86669066706e-13, 2.37011041828e-15], [6.6918620388e-16, 1.80412867805e-14, 8.35955518133e-14, 2.21273867285e-12, 1.45284244704e-11, -3.76967589089e-11, -1.1016406537e-10, 3.05204667095e-10, 2.28509072775e-10, 9.16507633675e-11, 6.13585987574e-11, 1.15839959153e-11, 7.8136863299e-12, 9.34699106309e-12, 5.66993951789e-11, 6.31171725995e-10, 5.4931159621e-10, 2.15154047356e-10, 2.6027192554e-11, 4.56199744647e-10, 2.15705661666e-10, 1.7389910692e-11, -3.50736217955e-14, 4.32109751626e-13, 7.82341964649e-13, 1.13820560507e-15, 3.01276860905e-16], [1.74392130087e-15, 4.20190725815e-15, 5.83015284813e-14, 5.48873067222e-13, 1.05479730853e-11, 1.33553543225e-10, -1.25445973054e-11, 5.2830406716e-10, 6.09705563814e-10, 1.80668327521e-10, 1.15839959153e-11, 6.26049299207e-12, 1.59431183533e-11, 6.82799997098e-11, 1.99219859359e-11, 4.86489903917e-10, 5.74057246183e-10, 2.22989057774e-10, 3.02428915244e-11, 6.53264831119e-10, 3.8344089015e-10, 2.12588002757e-11, 2.72625970193e-13, 3.99678310196e-13, 7.86234738339e-13, 1.06953907926e-15, 9.80173754894e-17], [8.60605294981e-15, -1.85906571035e-14, 5.85439831921e-14, 4.86127902256e-13, 1.94654210285e-12, 3.33859695445e-09, -2.11872339118e-10, -1.75709974348e-10, 1.45033762777e-08, 8.33851543369e-10, 7.8136863299e-12, 1.59431183533e-11, 3.86017662279e-10, 3.87698456672e-10, 8.30436899801e-11, 2.11505368775e-09, 4.09409883773e-09, 2.25669394283e-09, 3.8903474886e-10, 5.33005284353e-09, 3.17921289295e-09, 1.06246414444e-10, 2.07524232174e-12, 3.79322528249e-12, 7.03402527197e-12, 1.21821870896e-14, 2.86938530695e-15], [2.40055727168e-14, -3.82576491374e-14, 7.61164460454e-13, 1.12232868398e-12, 1.11458325208e-11, 3.06567349284e-09, 6.81910972133e-10, -5.75838821071e-11, 1.20274323834e-08, 4.17124912389e-09, 9.34699106309e-12, 6.82799997098e-11, 3.87698456672e-10, 1.78898418302e-09, 1.40544853533e-10, 9.23825549393e-09, 1.19158709566e-08, 4.28528101892e-09, 6.1243021765e-10, 1.50716026326e-08, 9.03251518025e-09, 4.64206117989e-10, 7.03271859151e-12, 7.87971510957e-12, 1.60161519464e-11, 2.37475004125e-14, 4.71635780086e-16], [9.6244381212e-15, 9.08826118339e-15, 8.1107450129e-14, 2.88571076756e-12, 2.95513197246e-11, 1.37129729794e-09, 6.08356476306e-10, 1.20378218504e-09, 4.76268935401e-09, 5.11783171397e-10, 5.66993951789e-11, 1.99219859359e-11, 8.30436899801e-11, 1.40544853533e-10, 1.17234319474e-10, 1.42110656576e-09, 1.81916259834e-09, 8.54857351573e-10, 1.22491128351e-10, 1.8691019843e-09, 1.0966557662e-09, 6.49673856379e-11, 1.19491406787e-12, 1.527904539e-12, 3.22599347409e-12, 5.85479295186e-15, 8.08258531786e-16], [1.45226427997e-13, -7.19338596935e-14, 4.5901832682e-12, 3.62019511591e-11, 2.59250787504e-10, 1.49593724075e-08, 2.12853734638e-09, 6.99573154961e-09, 6.48875442266e-08, 2.25456915359e-08, 6.31171725995e-10, 4.86489903917e-10, 2.11505368775e-09, 9.23825549393e-09, 1.42110656576e-09, 5.50623440176e-08, 6.92330885954e-08, 2.52936480649e-08, 3.5311185087e-09, 8.37123010911e-08, 4.95014980118e-08, 2.62779531468e-09, 3.55873247537e-11, 4.70310144995e-11, 9.38562283448e-11, 1.34455042044e-13, 7.33953625279e-15], [1.8485706672e-13, -2.44465716117e-13, 5.1492668636e-12, 4.11720310622e-11, 2.49233439442e-10, 3.11953165522e-08, -1.72237091256e-09, 5.36910338411e-09, 1.34185256684e-07, 2.83852408245e-08, 5.4931159621e-10, 5.74057246183e-10, 4.09409883773e-09, 1.19158709566e-08, 1.81916259834e-09, 6.92330885954e-08, 9.50089429352e-08, 3.80933968813e-08, 5.64122260016e-09, 1.16550531004e-07, 6.91285322318e-08, 3.36941541335e-09, 4.74304033549e-11, 6.91911111739e-11, 1.35159272663e-10, 1.93937151494e-13, 2.14208415139e-14], [1.1061944004e-13, -1.17910916491e-13, 1.50354305829e-12, 1.47728947131e-11, 2.32169256043e-10, 2.12761985807e-08, 7.09888370309e-09, 1.01701003175e-08, 8.3500047765e-08, 1.10735474124e-08, 2.15154047356e-10, 2.22989057774e-10, 2.25669394283e-09, 4.28528101892e-09, 8.54857351573e-10, 2.52936480649e-08, 3.80933968813e-08, 1.76535976948e-08, 2.78625433836e-09, 4.69729677377e-08, 2.79513301393e-08, 1.28138466504e-09, 2.43136205613e-11, 3.05012404223e-11, 6.04208905131e-11, 1.09683163702e-13, 1.53322992323e-14], [1.8573240412e-14, -1.89235359696e-14, 1.48963835516e-13, 1.66200831309e-12, 2.32051478727e-11, 4.21083612423e-09, 2.22622298374e-09, 8.46110626007e-10, 1.44488696563e-08, 1.83210846494e-09, 2.6027192554e-11, 3.02428915244e-11, 3.8903474886e-10, 6.1243021765e-10, 1.22491128351e-10, 3.5311185087e-09, 5.64122260016e-09, 2.78625433836e-09, 4.66648331088e-10, 7.07660019472e-09, 4.20596935058e-09, 1.94891353056e-10, 4.89244192034e-12, 4.72351064512e-12, 9.62719574199e-12, 2.04070955419e-14, 2.75890404679e-15], [2.08894208355e-13, -3.64963511886e-13, 6.32001135453e-12, 3.47784682997e-11, 1.26009411239e-10, 4.00222610608e-08, -3.53917606333e-09, -3.36182282012e-09, 1.71024737483e-07, 3.4867991161e-08, 4.56199744647e-10, 6.53264831119e-10, 5.33005284353e-09, 1.50716026326e-08, 1.8691019843e-09, 8.37123010911e-08, 1.16550531004e-07, 4.69729677377e-08, 7.07660019472e-09, 1.45829872622e-07, 8.6630038254e-08, 4.11136591438e-09, 5.90671608847e-11, 8.49325679231e-11, 1.65713914813e-10, 2.40230470065e-13, 2.6207506014e-14], [1.277905055e-13, -2.37775755032e-13, 3.59401527636e-12, 1.7701732441e-11, 9.68077770724e-11, 2.45638513974e-08, -2.17951479087e-09, 5.24370769028e-10, 1.05305950626e-07, 2.07061869872e-08, 2.15705661666e-10, 3.8344089015e-10, 3.17921289295e-09, 9.03251518025e-09, 1.0966557662e-09, 4.95014980118e-08, 6.91285322318e-08, 2.79513301393e-08, 4.20596935058e-09, 8.6630038254e-08, 5.1617629282e-08, 2.43604447725e-09, 3.51603711424e-11, 5.03663950824e-11, 9.84763520728e-11, 1.41877368144e-13, 1.51034986926e-14], [1.20820635601e-14, -1.01613756946e-14, 1.48301862327e-13, 1.3129485563e-12, 2.13241707278e-12, 1.79639891851e-09, 2.53631604608e-09, -1.89975604692e-10, 3.115275371e-09, 1.53769996736e-09, 1.7389910692e-11, 2.12588002757e-11, 1.06246414444e-10, 4.64206117989e-10, 6.49673856379e-11, 2.62779531468e-09, 3.36941541335e-09, 1.28138466504e-09, 1.94891353056e-10, 4.11136591438e-09, 2.43604447725e-09, 1.53759727173e-10, 3.94612250862e-12, 2.29837698353e-12, 5.36815123603e-12, 1.29800997492e-14, 3.72827692723e-16], [7.36056278692e-16, -4.42957176786e-16, -2.01383184353e-15, -4.61999594465e-15, -1.91298135644e-13, 8.90057541558e-11, 2.7900876054e-10, -9.22062079467e-12, 6.72270711322e-11, 5.68617826435e-11, -3.50736217955e-14, 2.72625970193e-13, 2.07524232174e-12, 7.03271859151e-12, 1.19491406787e-12, 3.55873247537e-11, 4.74304033549e-11, 2.43136205613e-11, 4.89244192034e-12, 5.90671608847e-11, 3.51603711424e-11, 3.94612250862e-12, 2.34050598997e-13, 3.49917475908e-14, 1.3517792029e-13, 8.15636135817e-16, 1.24715675316e-17], [1.4943773478e-16, -1.92143640438e-16, 3.77261486685e-15, 3.50018408354e-14, 2.12490805116e-13, 3.17432191643e-11, -1.18405545785e-12, 5.42139467e-12, 1.3630385709e-10, 1.90071951234e-11, 4.32109751626e-13, 3.99678310196e-13, 3.79322528249e-12, 7.87971510957e-12, 1.527904539e-12, 4.70310144995e-11, 6.91911111739e-11, 3.05012404223e-11, 4.72351064512e-12, 8.49325679231e-11, 5.03663950824e-11, 2.29837698353e-12, 3.49917475908e-14, 5.43064704805e-14, 1.04771951477e-13, 1.59538298273e-16, 2.46786920388e-17], [4.85130497243e-16, -2.89697073483e-16, 5.10071382375e-15, 5.86633538513e-14, 4.06897849832e-13, 1.02289884896e-10, 6.57865012466e-11, 6.34765981097e-12, 2.57568355533e-10, 5.00519556357e-11, 7.82341964649e-13, 7.86234738339e-13, 7.03402527197e-12, 1.60161519464e-11, 3.22599347409e-12, 9.38562283448e-11, 1.35159272663e-10, 6.04208905131e-11, 9.62719574199e-12, 1.65713914813e-10, 9.84763520728e-11, 5.36815123603e-12, 1.3517792029e-13, 1.04771951477e-13, 2.358385568e-13, 4.83584979752e-16, 4.45069392406e-17], [4.07906872365e-18, -8.46166630659e-19, 1.14601241658e-17, 8.15306269424e-17, 8.15315745605e-16, 2.0682324668e-13, 1.39195675385e-12, -1.07825371421e-14, 4.19706993769e-13, 1.86669066706e-13, 1.13820560507e-15, 1.06953907926e-15, 1.21821870896e-14, 2.37475004125e-14, 5.85479295186e-15, 1.34455042044e-13, 1.93937151494e-13, 1.09683163702e-13, 2.04070955419e-14, 2.40230470065e-13, 1.41877368144e-13, 1.29800997492e-14, 8.15636135817e-16, 1.59538298273e-16, 4.83584979752e-16, 3.90707554042e-18, 1.00820307963e-19], [1.19939159643e-19, -5.60399419992e-20, -1.03343171672e-21, 2.11878905921e-17, 3.06651099666e-16, 2.5227153469e-14, 1.02968950369e-14, 9.67628331383e-15, 1.02035764007e-13, 2.37011041828e-15, 3.01276860905e-16, 9.80173754894e-17, 2.86938530695e-15, 4.71635780086e-16, 8.08258531786e-16, 7.33953625279e-15, 2.14208415139e-14, 1.53322992323e-14, 2.75890404679e-15, 2.6207506014e-14, 1.51034986926e-14, 3.72827692723e-16, 1.24715675316e-17, 2.46786920388e-17, 4.45069392406e-17, 1.00820307963e-19, 2.97660911115e-20]]
    },
    "mfcc": {
        "kurt": [0.175446033478, -0.272949457169, 0.0343971252441, 1.90865850449, -0.080057144165, -0.521877288818, 0.550234794617, 2.27292203903, 0.0720331668854, 0.788510799408, 2.35673141479, 1.56019067764, 6.04089546204],
        "max": [-706.292663574, 131.419464111, 37.9715614319, 76.0043869019, 28.16563797, 7.32488250732, 14.1874732971, 4.64649200439, 33.7805519104, 11.3775348663, 22.7525520325, 25.7760238647, 31.5564422607],
        "mean": [-1035.36669922, 46.2578392029, -10.7724494934, 19.6793556213, -6.99140405655, -24.7781105042, -17.5613079071, -14.6964435577, -2.41501951218, -8.98204898834, -8.08839225769, -1.96596229076, -2.6441090107],
        "median": [-1094.89379883, 35.7599411011, 9.99508666992, 13.7915306091, 0.673126220703, -13.8372192383, -11.2993965149, -11.3527259827, -5.30790710449, -7.83491706848, -6.05000400543, -2.70840454102, -1.86641693115],
        "min": [-1138.42004395, 1.14440917969e-05, -118.718650818, -20.29920578, -64.6300506592, -90.6699981689, -76.0547561646, -66.1649169922, -29.9577121735, -32.7456855774, -50.8491859436, -41.6865081787, -50.6918029785],
        "skew": [1.16925573349, 0.905451834202, -1.11607050896, 1.37267231941, -0.908770382404, -0.800157427788, -1.14737296104, -1.42233037949, 0.699220955372, -0.578092813492, -0.944539248943, -0.567631840706, -1.34262156487],
        "var": [12260.5898438, 1062.9029541, 1625.19714355, 343.94241333, 397.806091309, 695.225830078, 396.816253662, 193.735671997, 162.888412476, 68.8690490723, 149.900787354, 144.866622925, 105.177444458],
        "cov": [[12379.625, 2680.17114258, -4127.41796875, 748.54119873, -1796.26171875, -2506.86376953, -1398.78479004, -1160.46887207, 996.600097656, -417.167449951, -216.166275024, 65.5261077881, -414.276885986], [2680.17114258, 1073.22241211, -689.725219727, 54.9559593201, -411.636657715, -645.084655762, -455.018280029, -285.167388916, 161.765258789, -92.4170761108, -76.8529205322, -12.3773536682, -74.54347229], [-4127.41796875, -689.725219727, 1640.97570801, -277.622924805, 545.435058594, 754.626525879, 313.932922363, 341.553070068, -411.977813721, 110.453788757, 143.350418091, -94.2037200928, 117.24005127], [748.54119873, 54.9559593201, -277.622924805, 347.281677246, 19.8167438507, -205.211868286, -11.0280036926, -57.1795501709, 75.6660995483, 4.39188146591, -39.2261009216, 89.3350067139, -30.2535152435], [-1796.26171875, -411.636657715, 545.435058594, 19.8167438507, 401.668273926, 407.18548584, 305.434509277, 193.636642456, -117.805900574, 70.234046936, -37.755241394, 57.5660552979, 48.7879295349], [-2506.86376953, -645.084655762, 754.626525879, -205.211868286, 407.18548584, 701.975585938, 411.53326416, 281.142150879, -149.676986694, 63.8130607605, -6.19444084167, -7.93657064438, 89.1022262573], [-1398.78479004, -455.018280029, 313.932922363, -11.0280036926, 305.434509277, 411.53326416, 400.66885376, 158.512207031, -32.3646125793, 76.0950088501, -85.7427215576, 96.9873352051, 8.10220909119], [-1160.46887207, -285.167388916, 341.553070068, -57.1795501709, 193.636642456, 281.142150879, 158.512207031, 195.616592407, -49.7834243774, 46.4019393921, 17.7388515472, -31.6673412323, 60.8404846191], [996.600097656, 161.765258789, -411.977813721, 75.6660995483, -117.805900574, -149.676986694, -32.3646125793, -49.7834243774, 164.469848633, 2.33513236046, -58.5430526733, 33.8918495178, -37.0990447998], [-417.167449951, -92.4170761108, 110.453788757, 4.39188146591, 70.234046936, 63.8130607605, 76.0950088501, 46.4019393921, 2.33513236046, 69.5376815796, -1.31683290005, 25.7252178192, 9.82300281525], [-216.166275024, -76.8529205322, 143.350418091, -39.2261009216, -37.755241394, -6.19444084167, -85.7427215576, 17.7388515472, -58.5430526733, -1.31683290005, 151.356124878, -51.5040855408, 11.9881086349], [65.5261077881, -12.3773536682, -94.2037200928, 89.3350067139, 57.5660552979, -7.93657064438, 96.9873352051, -31.6673412323, 33.8918495178, 25.7252178192, -51.5040855408, 146.273101807, -0.859420776367], [-414.276885986, -74.54347229, 117.24005127, -30.2535152435, 48.7879295349, 89.1022262573, 8.10220909119, 60.8404846191, -37.0990447998, 9.82300281525, 11.9881086349, -0.859420776367, 106.19858551]]
    },
    "sccoeffs": {
        "kurt": [0.278081178665, 1.95624113083, 3.05109214783, 2.05945730209, 0.894926309586, 0.362016439438],
        "max": [-0.518772304058, -0.358648091555, -0.391342014074, -0.582798659801, -0.648257732391, -0.625587463379],
        "mean": [-0.793447077274, -0.785534858704, -0.821486413479, -0.8494322896, -0.848654031754, -0.817189216614],
        "median": [-0.816385269165, -0.837544322014, -0.873045325279, -0.876654565334, -0.874164223671, -0.842080950737],
        "min": [-0.925777614117, -0.927331626415, -0.932093441486, -0.927384257317, -0.922740280628, -0.90502345562],
        "skew": [0.903865814209, 1.71256053448, 1.94747626781, 1.54855239391, 1.25960111618, 1.19587802887],
        "var": [0.00809834711254, 0.0181016474962, 0.0157569218427, 0.00507680606097, 0.00384907703847, 0.00406454596668],
        "cov": [[0.00817697122693, 0.00351716205478, 0.00314311147667, 0.00219099596143, 0.00272480980493, 0.00208015972748], [0.00351716205478, 0.0182773917913, 0.0137862777337, 0.00786052551121, 0.00610448606312, 0.00566889578477], [0.00314311147667, 0.0137862777337, 0.0159099027514, 0.00749167287722, 0.00642420211807, 0.00648667383939], [0.00219099596143, 0.00786052551121, 0.00749167287722, 0.00512609537691, 0.00384688866325, 0.00365259195678], [0.00272480980493, 0.00610448606312, 0.00642420211807, 0.00384688866325, 0.00388644682243, 0.00339294481091], [0.00208015972748, 0.00566889578477, 0.00648667383939, 0.00365259195678, 0.00339294481091, 0.00410400796682]]
    },
    "scvalleys": {
        "kurt": [3.49769020081, -0.18066072464, 1.27575683594, 0.663553953171, 0.228685855865, 0.332955598831],
        "max": [-8.97292518616, -6.2236700058, -6.96903562546, -7.07169008255, -6.20501184464, -9.78922367096],
        "mean": [-10.5380687714, -9.6684179306, -10.7309732437, -10.8408870697, -10.4502162933, -13.0850744247],
        "median": [-10.5508537292, -10.0792732239, -11.0734729767, -11.285946846, -11.0657329559, -13.4935817719],
        "min": [-13.5388898849, -13.6395597458, -14.9163789749, -15.5559673309, -14.1622676849, -15.9256296158],
        "skew": [-0.944358348846, 0.625057518482, 0.68475407362, 0.464791089296, 0.776184737682, 0.895351409912],
        "var": [0.481465876102, 2.16941404343, 1.63370764256, 2.05449175835, 2.00655293465, 1.20523273945],
        "cov": [[0.486140310764, 0.631379187107, 0.548810958862, 0.68924510479, 0.577361285686, 0.39910748601], [0.631379187107, 2.19047617912, 1.68396914005, 1.89773881435, 1.6804087162, 1.16143465042], [0.548810958862, 1.68396914005, 1.64956891537, 1.73923790455, 1.537733078, 1.00325107574], [0.68924510479, 1.89773881435, 1.73923790455, 2.07443833351, 1.86633253098, 1.22178375721], [0.577361285686, 1.6804087162, 1.537733078, 1.86633253098, 2.02603411674, 1.4208728075], [0.39910748601, 1.16143465042, 1.00325107574, 1.22178375721, 1.4208728075, 1.21693396568]]
    }
},
"rhythm": {
    "beats_loudness": {
        "kurt": -0.66667842865,
        "max": 0.00120799522847,
        "mean": 0.000303222681396,
        "median": 2.28491080634e-06,
        "min": 3.25626871245e-07,
        "skew": 1.15468561649,
        "var": 2.7287231319e-07
    },
    "bpm": 123.046875,
    "confidence": 0,
    "first_peak_bpm": {
        "kurt": 0,
        "max": 123,
        "mean": 123,
        "median": 123,
        "min": 123,
        "skew": 0,
        "var": 0
    },
    "first_peak_spread": {
        "kurt": 0,
        "max": 0,
        "mean": 0,
        "median": 0,
        "min": 0,
        "skew": 0,
        "var": 0
    },
    "first_peak_weight": {
        "kurt": 0,
        "max": 1,
        "mean": 1,
        "median": 1,
        "min": 1,
        "skew": 0,
        "var": 0
    },
    "onset_rate": 3.34512209892,
    "second_peak_bpm": {
        "kurt": 0,
        "max": 0,
        "mean": 0,
        "median": 0,
        "min": 0,
        "skew": 0,
        "var": 0
    },
    "second_peak_spread": {
        "kurt": 0,
        "max": 0,
        "mean": 0,
        "median": 0,
        "min": 0,
        "skew": 0,
        "var": 0
    },
    "second_peak_weight": {
        "kurt": 0,
        "max": 0,
        "mean": 0,
        "median": 0,
        "min": 0,
        "skew": 0,
        "var": 0
    },
    "beats_loudness_band_ratio": {
        "kurt": [-0.759562730789, -0.912351608276, -1.59759116173, -1.97087812424, -1.51280319691, -0.673542261124],
        "max": [0.381249338388, 0.823322355747, 0.863281726837, 0.0521499961615, 0.155511915684, 0.439280927181],
        "mean": [0.11436547339, 0.345640838146, 0.402033239603, 0.029004894197, 0.098905608058, 0.126538082957],
        "median": [0.037831813097, 0.26763650775, 0.327799737453, 0.0278156194836, 0.113792099059, 0.0299360193312],
        "min": [0.000548933981918, 0.0239679906517, 0.0892517268658, 0.00823834352195, 0.0125262951478, 0.00699936551973],
        "skew": [1.0503693819, 0.722145736217, 0.30979898572, 0.0217728950083, -0.377092689276, 1.14530360699],
        "var": [0.0245226807892, 0.086846806109, 0.106763288379, 0.000429208535934, 0.00354820443317, 0.0326903909445],
        "cov": [[0.0326969064772, -0.00670100888237, -0.045684505254, 0.00281610898674, 0.00833466555923, -0.00510607426986], [-0.00670100888237, 0.115795738995, -0.00855646748096, -0.00225064484403, -0.0139850834385, -0.0200726073235], [-0.045684505254, -0.00855646748096, 0.142351046205, -0.0084801344201, -0.019602144137, -0.0438230037689], [0.00281610898674, -0.00225064484403, -0.0084801344201, 0.000572278047912, 0.00152471021283, 0.00331468321383], [0.00833466555923, -0.0139850834385, -0.019602144137, 0.00152471021283, 0.00473093939945, 0.00804509501904], [-0.00510607426986, -0.0200726073235, -0.0438230037689, 0.00331468321383, 0.00804509501904, 0.0435871891677]]
    },
    "beats_position": [0.476009070873, 0.96362811327, 1.45124709606, 1.93886613846],
    "bpm_estimates": [123.046875, 123.046890259, 123.046875],
    "bpm_intervals": [0.487619042397, 0.487618982792, 0.487619042397],
    "onset_times": [0.0348299331963, 0.127709746361, 0.290249437094, 0.684988677502, 0.789478480816, 1.06811785698, 1.75310659409, 2.10140585899],
    "histogram": [[0, 0, 0, 0, 0, 0, 0, 0, 0, 0, 0, 0, 0, 0, 0, 0, 0, 0, 0, 0, 0, 0, 0, 0, 0, 0, 0, 0, 0, 0, 0, 0, 0, 0, 0, 0, 0, 0, 0, 0, 0, 0, 0, 0, 0, 0, 0, 0, 0, 0, 0, 0, 0, 0, 0, 0, 0, 0, 0, 0, 0, 0, 0, 0, 0, 0, 0, 0, 0, 0, 0, 0, 0, 0, 0, 0, 0, 0, 0, 0, 0, 0, 0, 0, 0, 0, 0, 0, 0, 0, 0, 0, 0, 0, 0, 0, 0, 0, 0, 0, 0, 0, 0, 0, 0, 0, 0, 0, 0, 0, 0, 0, 0, 0, 0, 0, 0, 0, 0, 0, 0, 0, 0, 1, 0, 0, 0, 0, 0, 0, 0, 0, 0, 0, 0, 0, 0, 0, 0, 0, 0, 0, 0, 0, 0, 0, 0, 0, 0, 0, 0, 0, 0, 0, 0, 0, 0, 0, 0, 0, 0, 0, 0, 0, 0, 0, 0, 0, 0, 0, 0, 0, 0, 0, 0, 0, 0, 0, 0, 0, 0, 0, 0, 0, 0, 0, 0, 0, 0, 0, 0, 0, 0, 0, 0, 0, 0, 0, 0, 0, 0, 0, 0, 0, 0, 0, 0, 0, 0, 0, 0, 0, 0, 0, 0, 0, 0, 0, 0, 0, 0, 0, 0, 0, 0, 0, 0, 0, 0, 0, 0, 0, 0, 0, 0, 0, 0, 0, 0, 0, 0, 0, 0, 0, 0, 0, 0, 0, 0, 0]]
},
"sfx": {
    "inharmonicity": {
        "kurt": 9.48157596588,
        "max": 0.331132471561,
        "mean": 0.0308396928012,
        "median": 0.00464400555938,
        "min": 0,
        "skew": 2.82829594612,
        "var": 0.00295549281873
    },
    "oddtoevenharmonicenergyratio": {
        "kurt": 16.2663784027,
        "max": 16.4533596039,
        "mean": 0.91673386097,
        "median": 0.0882721841335,
        "min": 0,
        "skew": 3.96946191788,
        "var": 6.76947498322
    },
    "pitch_after_max_to_before_max_energy_ratio": 0.422909110785,
    "pitch_centroid": 65.9059677124,
    "pitch_max_to_total": 0.836538434029,
    "pitch_min_to_total": 0.355769217014,
    "tristimulus": {
        "kurt": [-1.30536091328, 1.88660764694, -1.21795237064],
        "max": [1, 0.971133112907, 0.667116999626],
        "mean": [0.570564866066, 0.224500477314, 0.204934597015],
        "median": [0.559576153755, 0.178863927722, 0.18270367384],
        "min": [0, 0, 0],
        "skew": [-0.0642088279128, 1.41997730732, 0.462423682213],
        "var": [0.110289178789, 0.0543897077441, 0.0434976629913],
        "cov": [[0.11135994643, -0.0611788779497, -0.0501810386777], [-0.0611788779497, 0.0549177601933, 0.00626110844314], [-0.0501810386777, 0.00626110844314, 0.0439199693501]]
    }
},
"tonal": {
    "chords_changes_rate": 0.0566037744284,
    "chords_number_rate": 0.0754716992378,
    "chords_strength": {
        "kurt": -0.0132839679718,
        "max": 0.532209575176,
        "mean": 0.454838603735,
        "median": 0.45306622982,
        "min": 0.350322365761,
        "skew": -0.420949310064,
        "var": 0.00156283029355
    },
    "key_strength": 0.560004174709,
    "tuning_diatonic_strength": 0.45442584157,
    "tuning_equal_tempered_deviation": 0.272816002369,
    "tuning_frequency": 440,
    "tuning_nontempered_energy_ratio": 0.911273002625,
    "hpcp": {
        "kurt": [0.314162731171, 4.95359754562, 5.74580383301, 7.36740398407, 4.22857284546, 0.709323883057, 1.32396650314, 0.820641756058, -0.627840280533, -0.313319444656, 1.70532846451, 1.34263849258, 0.947343111038, 1.02449083328, 0.981426000595, -0.00578308105469, -0.290142059326, -0.205859184265, 0.872202396393, 3.10027265549, 3.36700248718, 3.51593065262, 3.43743896484, 1.9330534935, 1.40580892563, 0.550350904465, 4.48342466354, 2.65064334869, 3.62208366394, 2.7388010025, 1.55060720444, 2.94330310822, 4.24315595627, 6.11658668518, 6.67172718048, 5.54586791992],
        "max": [0.572284519672, 1, 0.965323984623, 1, 0.893939554691, 0.639164686203, 0.871605992317, 1, 1, 1, 1, 1, 1, 1, 1, 1, 1, 1, 1, 0.830022156239, 0.937203168869, 1, 1, 1, 1, 0.711250007153, 1, 0.910751283169, 0.84992480278, 1, 1, 1, 0.902746737003, 0.782399713993, 1, 1],
        "mean": [0.140533477068, 0.153534799814, 0.146347492933, 0.158126547933, 0.183450296521, 0.183272048831, 0.214072480798, 0.260907977819, 0.311239928007, 0.286316156387, 0.221808582544, 0.232775807381, 0.258675068617, 0.256709486246, 0.263903945684, 0.277593374252, 0.28634545207, 0.285695463419, 0.234928935766, 0.174771457911, 0.184730440378, 0.19843031466, 0.18996873498, 0.236617341638, 0.242603063583, 0.190388143063, 0.195130005479, 0.196481272578, 0.183973312378, 0.227074041963, 0.23041896522, 0.189986333251, 0.147169828415, 0.107919849455, 0.136755630374, 0.155455395579],
        "median": [0.0569590888917, 0.056993201375, 0.0695765167475, 0.110909111798, 0.149797335267, 0.150152251124, 0.15095923841, 0.191423997283, 0.152320161462, 0.149654462934, 0.145730495453, 0.151052996516, 0.15654489398, 0.177069380879, 0.197199717164, 0.179339081049, 0.135320216417, 0.18261988461, 0.124890983105, 0.137825921178, 0.103565149009, 0.107333801687, 0.0982647687197, 0.135632649064, 0.14748826623, 0.139895439148, 0.121681697667, 0.139481037855, 0.151981666684, 0.156336560845, 0.138815760612, 0.101764075458, 0.0601317025721, 0.0464179068804, 0.0544606857002, 0.0579563491046],
        "min": [0, 0, 0, 0, 0, 0, 0, 0, 0, 0, 0, 0, 0, 0, 0, 0, 0, 0, 0, 0, 0, 0, 0, 0, 0, 0, 0, 0, 0, 0, 0, 0, 0, 0, 0, 0],
