{
"metadata": {
    "version": {
        "essentia": "2.1-beta3"
    }
},
"lowLevel": {
    "average_loudness": 0.293350189924,
    "barkbands_kurtosis": {
        "kurt": 31.2064361572,
        "max": 41.7766265869,
        "mean": 0.828721940517,
        "median": -0.294945955276,
        "min": -1.75601756573,
        "skew": 4.67494297028,
        "var": 12.7939291
    },
    "barkbands_skewness": {
        "kurt": 1.74837827682,
        "max": 1.90409076214,
        "mean": -0.514003932476,
        "median": -0.393841177225,
        "min": -4.34914159775,
        "skew": -0.812157571316,
        "var": 0.613410115242
    },
    "barkbands_spread": {
        "kurt": -0.388610839844,
        "max": 53.4853210449,
        "mean": 22.6940059662,
        "median": 23.2373752594,
        "min": 2.43633031845,
        "skew": 0.193809792399,
        "var": 99.9027862549
    },
    "dissonance": {
        "kurt": 25.6223583221,
        "max": 0.499999910593,
        "mean": 0.48669013381,
        "median": 0.491113424301,
        "min": 0.329752653837,
        "skew": -3.92004060745,
        "var": 0.000223663373617
    },
    "hfc": {
        "kurt": 46.3529472351,
        "max": 0.146754711866,
        "mean": 0.00498156109825,
        "median": 0.00188749120571,
        "min": 8.76231297298e-07,
        "skew": 5.86310529709,
        "var": 0.000112519512186
    },
    "pitch": {
        "kurt": 3.66052627563,
        "max": 5197.52880859,
        "mean": 884.237121582,
        "median": 604.865966797,
        "min": 69.322227478,
        "skew": 1.95632493496,
        "var": 719456.6875
    },
    "pitch_instantaneous_confidence": {
        "kurt": -0.15661239624,
        "max": 0.961827456951,
        "mean": 0.399122416973,
        "median": 0.348864644766,
        "min": 0.0211709737778,
        "skew": 0.858423113823,
        "var": 0.0396580211818
    },
    "pitch_salience": {
        "kurt": 1.06699323654,
        "max": 0.925314128399,
        "mean": 0.676250755787,
        "median": 0.694584965706,
        "min": 0.338449835777,
        "skew": -0.93898588419,
        "var": 0.00717475963756
    },
    "silence_rate_20dB": {
        "kurt": 0,
        "max": 1,
        "mean": 1,
        "median": 1,
        "min": 1,
        "skew": 0,
        "var": 0
    },
    "silence_rate_30dB": {
        "kurt": 0,
        "max": 1,
        "mean": 1,
        "median": 1,
        "min": 1,
        "skew": 0,
        "var": 0
    },
    "silence_rate_60dB": {
        "kurt": 0,
        "max": 1,
        "mean": 1,
        "median": 1,
        "min": 1,
        "skew": 0,
        "var": 0
    },
    "spectral_centroid": {
        "kurt": 1.45448446274,
        "max": 3937.90234375,
        "mean": 1709.08276367,
        "median": 1663.43945312,
        "min": 508.279205322,
        "skew": 0.766578614712,
        "var": 251141.34375
    },
    "spectral_complexity": {
        "kurt": 0,
        "max": 0,
        "mean": 0,
        "median": 0,
        "min": 0,
        "skew": 0,
        "var": 0
    },
    "spectral_crest": {
        "kurt": 1.75925779343,
        "max": 22.3958644867,
        "mean": 7.30569505692,
        "median": 6.0735244751,
        "min": 2.13296675682,
        "skew": 1.40422987938,
        "var": 14.9657297134
    },
    "spectral_decrease": {
        "kurt": 0,
        "max": -3.79954694115e-17,
        "mean": -5.30209285764e-13,
        "median": -2.51169853145e-13,
        "min": -1.27101870695e-11,
        "skew": -6.0403418541,
        "var": 8.03599390728e-25
    },
    "spectral_energy": {
        "kurt": 50.8210372925,
        "max": 6.12822914263e-05,
        "mean": 2.45297428592e-06,
        "median": 1.12934822027e-06,
        "min": 2.23085258599e-10,
        "skew": 5.82669210434,
        "var": 1.83436842105e-11
    },
    "spectral_energyband_high": {
        "kurt": 284.061096191,
        "max": 1.3975717593e-05,
        "mean": 1.50857019321e-07,
        "median": 3.9728757173e-08,
        "min": 8.3646832516e-11,
        "skew": 13.9664096832,
        "var": 3.40657759163e-13
    },
    "spectral_energyband_low": {
        "kurt": 720.680236816,
        "max": 7.10908761903e-06,
        "mean": 1.05446545717e-07,
        "median": 7.45233705857e-08,
        "min": 1.0071067244e-12,
        "skew": 24.5397033691,
        "var": 5.371201937e-14
    },
    "spectral_energyband_middle_high": {
        "kurt": 23.6870479584,
        "max": 3.64647239621e-05,
        "mean": 1.99016926672e-06,
        "median": 7.66504172134e-07,
        "min": 1.21956278409e-10,
        "skew": 4.34421491623,
        "var": 1.24028079473e-11
    },
    "spectral_energyband_middle_low": {
        "kurt": 459.868835449,
        "max": 2.31760877796e-05,
        "mean": 2.39056788587e-07,
        "median": 1.51693939188e-07,
        "min": 9.51865322674e-12,
        "skew": 20.7104568481,
        "var": 8.54115118475e-13
    },
    "spectral_flatness_db": {
        "kurt": 1.86639785767,
        "max": 0.302654445171,
        "mean": 0.139616832137,
        "median": 0.128446310759,
        "min": 0.0452579297125,
        "skew": 1.32204473019,
        "var": 0.0015131571563
    },
    "spectral_flux": {
        "kurt": 27.998468399,
        "max": 0.00698911538348,
        "mean": 0.000867452879902,
        "median": 0.000703251280356,
        "min": 9.69525171968e-06,
        "skew": 4.15614700317,
        "var": 3.57562640829e-07
    },
    "spectral_kurtosis": {
        "kurt": 4.93240356445,
        "max": 24.6047859192,
        "mean": 7.10634183884,
        "median": 6.84704351425,
        "min": 0.761514425278,
        "skew": 1.13564109802,
        "var": 5.35082197189
    },
    "spectral_rms": {
        "kurt": 9.41962814331,
        "max": 0.000244515045779,
        "mean": 4.13781344832e-05,
        "median": 3.3193417039e-05,
        "min": 4.66523488285e-07,
        "skew": 2.54983878136,
        "var": 6.80996259383e-10
    },
    "spectral_rolloff": {
        "kurt": 0.842868328094,
        "max": 5555.56640625,
        "mean": 2817.73632812,
        "median": 2842.3828125,
        "min": 689.0625,
        "skew": 0.575464189053,
        "var": 533533.4375
    },
    "spectral_skewness": {
        "kurt": 1.37166929245,
        "max": 3.61585831642,
        "mean": 1.9074805975,
        "median": 1.92979204655,
        "min": 0.668713867664,
        "skew": -0.0118720186874,
        "var": 0.112041279674
    },
    "spectral_spread": {
        "kurt": 49.6987991333,
        "max": 20121984,
        "mean": 3776654.75,
        "median": 3657575.75,
        "min": 1869236.5,
        "skew": 5.05063247681,
        "var": 1.30639947366e+12
    },
    "spectral_strongpeak": {
        "kurt": 11.5075473785,
        "max": 0.316259235144,
        "mean": 0.0268012974411,
        "median": 0.0138351079077,
        "min": 0,
        "skew": 2.99914813042,
        "var": 0.00154920853674
    },
    "zerocrossingrate": {
        "kurt": 2.08902549744,
        "max": 0.19677734375,
        "mean": 0.0923830643296,
        "median": 0.0908203125,
        "min": 0.02099609375,
        "skew": 0.797657966614,
        "var": 0.000424764846684
    },
    "barkbands": {
        "kurt": [971.719116211, 382.99697876, 658.845092773, 774.354248047, 747.257995605, 538.545715332, 788.757568359, 760.806762695, 464.101165771, 126.964523315, 82.3064804077, 82.1642684937, 92.2550125122, 32.6888198853, 67.18699646, 42.9947814941, 82.984413147, 61.1788482666, 129.166275024, 499.045013428, 262.735473633, 155.13230896, 119.56804657, 69.1452026367, 395.945892334, 946.623596191, nan],
        "max": [8.98460328358e-08, 2.07227367355e-06, 3.14949556923e-06, 3.55797192242e-06, 6.5075355451e-06, 4.14108671976e-06, 5.16382806381e-06, 7.05899128661e-06, 3.95365896111e-06, 5.05376920046e-06, 1.11735425889e-05, 4.46173589808e-06, 3.94996868636e-06, 1.75829507043e-06, 1.0653920981e-05, 8.94333970791e-06, 1.14434833449e-05, 1.98999950953e-05, 5.00773012391e-06, 7.04045351085e-06, 6.6127977334e-06, 5.44520617041e-06, 3.31320109126e-08, 1.7715704459e-08, 4.00393460609e-08, 7.21313053731e-09, 2.43186252386e-11],
        "mean": [7.00910107732e-10, 4.53240360798e-08, 3.96996924223e-08, 3.4541521643e-08, 5.67363898085e-08, 3.16004857837e-08, 2.59426968796e-08, 2.518659592e-08, 4.41590302103e-08, 1.07140429861e-07, 2.26706191597e-07, 1.19698512435e-07, 8.94798617423e-08, 8.9745896048e-08, 2.86095911406e-07, 3.28160126628e-07, 1.90513389953e-07, 3.84934367048e-07, 1.27032322439e-07, 8.3201086909e-08, 6.61285213255e-08, 4.85569700004e-08, 7.37118255323e-10, 5.57399570944e-10, 3.75459802138e-10, 2.17739021258e-11, 2.65429009067e-13],
        "median": [3.66243174676e-10, 2.7898202859e-08, 2.28160459415e-08, 1.85333224323e-08, 3.18883266459e-08, 1.77430763415e-08, 1.32019444266e-08, 1.07759827728e-08, 2.43672282352e-08, 4.01709385756e-08, 3.55192781853e-08, 4.58097311196e-08, 3.25183933114e-08, 3.5205232507e-08, 6.04966103879e-08, 7.46498329818e-08, 3.11477776904e-08, 4.66002987309e-08, 5.24985530603e-08, 3.59105492009e-08, 1.64266680258e-08, 3.92649912584e-09, 2.74354261531e-10, 2.15413520355e-10, 1.45614326152e-10, 6.73413495106e-12, 1.73045930883e-13],
        "min": [2.90999022838e-13, 5.89846774939e-14, 2.71238381148e-13, 9.41928352265e-14, 9.50746642872e-13, 1.07747881797e-12, 6.89383120901e-13, 6.91034143969e-13, 1.30946533998e-12, 1.44769743068e-12, 7.06384278328e-13, 5.86924714559e-13, 1.37564363113e-12, 7.62746257214e-13, 4.09875258733e-12, 5.09314855915e-12, 8.50884120107e-12, 2.1469130293e-11, 2.05346226134e-11, 3.77608881663e-11, 3.08095736423e-11, 1.3983915588e-11, 4.87885599976e-12, 3.75186643906e-12, 4.5032454328e-12, 5.43666023659e-13, 8.19824216109e-14],
        "skew": [29.9599151611, 15.8515806198, 23.150724411, 25.7866630554, 25.4795722961, 22.7120552063, 26.8811531067, 26.6479988098, 20.7124271393, 9.3812713623, 8.40156078339, 7.37554550171, 8.53082561493, 5.05509662628, 7.33709096909, 5.50584697723, 8.50958919525, 7.52414512634, 9.61633205414, 19.3046455383, 14.0749673843, 11.11622715, 9.09118270874, 7.37779760361, 18.581243515, 29.6923770905, 26.5368556976],
        "var": [7.46780311374e-18, 6.17713472807e-15, 1.10920336636e-14, 1.31042637679e-14, 4.49172254567e-14, 2.59567622387e-14, 2.78687781809e-14, 5.38419305072e-14, 2.88317208107e-14, 7.58283138971e-14, 7.34025741665e-13, 7.0452148347e-14, 6.44292697536e-14, 2.78988800378e-14, 6.49869860616e-13, 5.60449148028e-13, 7.07497753959e-13, 3.33371893459e-12, 8.16210163693e-14, 6.38870466946e-14, 8.32323847431e-14, 8.47320870694e-14, 3.52164039424e-18, 1.90210967678e-18, 2.85330079318e-18, 4.92970209084e-20, 5.96152194748e-25],
        "cov": [[7.47423527018e-18, 1.68221537418e-16, 2.46011878624e-16, 2.78461552014e-16, 5.10234859734e-16, 2.67978063454e-16, 1.5530335853e-16, 1.00097900166e-16, 8.80760211027e-17, 4.45968537732e-17, -1.4278503875e-17, 2.81804585916e-17, 2.23244615692e-17, 1.17439165991e-17, 8.44376953025e-18, -6.67971588412e-18, 4.51242277358e-17, 2.90675899463e-17, 4.77266967616e-17, 4.69206952814e-17, 2.93236552854e-17, 8.05522542575e-18, 2.54007582614e-18, 1.2199213145e-18, 8.71871733483e-19, 6.09104589941e-20, 1.89117923785e-21], [1.68221537418e-16, 6.18245494201e-15, 6.39404207817e-15, 6.80818994388e-15, 1.23170669221e-14, 6.47447802091e-15, 3.76256609148e-15, 2.69733428064e-15, 2.45489036949e-15, 1.30859284692e-15, -4.72199268754e-16, -3.04452195518e-17, -2.94970356505e-16, 3.62921562995e-16, -1.6457602408e-15, -1.25543761195e-15, 2.47126494573e-16, 1.15319869704e-16, 1.56995555658e-15, 1.74233586695e-15, 1.45666606456e-15, 3.82547263444e-16, 6.25149953569e-17, 3.05602737576e-17, 2.52803666727e-17, 2.29788685536e-18, 4.30007999666e-20], [2.46011878624e-16, 6.39404207817e-15, 1.11015873482e-14, 1.11101813445e-14, 1.96205593818e-14, 1.19082320705e-14, 8.46372769775e-15, 8.25323746926e-15, 6.3931327883e-15, 5.50923019092e-15, 9.81827398788e-15, 1.06596311791e-15, 7.35424921509e-16, 1.20930766825e-15, 1.35705350765e-15, 1.41292644783e-15, 2.30741706293e-15, 2.83815562571e-15, 6.18368313978e-15, 5.08832723745e-15, 3.76912255001e-15, 1.55267174341e-15, 1.14649681354e-16, 6.22852641397e-17, 5.53764432141e-17, 4.81736257553e-18, 6.75438852824e-20], [2.78461552014e-16, 6.80818994388e-15, 1.11101813445e-14, 1.31155513289e-14, 2.14635048694e-14, 1.15732110581e-14, 7.21299715377e-15, 5.99057953308e-15, 5.23342059318e-15, 3.67713477194e-15, 6.02003171569e-15, 1.08386410046e-15, 1.07203242662e-15, 1.17324704046e-15, 1.23211000694e-15, 1.97504747542e-15, 3.13958437021e-15, 1.52338917915e-15, 4.86194158867e-15, 4.50412819021e-15, 3.2364123063e-15, 1.0614393267e-15, 1.15242922055e-16, 6.10134706392e-17, 5.18370498696e-17, 4.76910113628e-18, 7.61029298757e-20], [5.10234859734e-16, 1.23170669221e-14, 1.96205593818e-14, 2.14635048694e-14, 4.49559145336e-14, 2.8591864797e-14, 2.22412928732e-14, 2.31310213632e-14, 1.66244005595e-14, 1.57435828561e-14, 2.09718141019e-14, 2.19161558882e-15, 1.9844755874e-15, 2.91835715207e-15, -6.35968853941e-16, 7.42226754894e-16, 5.30525279876e-15, 2.36042480829e-15, 1.49387897479e-14, 1.11875789801e-14, 7.22799726023e-15, 2.79557866758e-15, 2.49248100348e-16, 1.38793468778e-16, 1.16566741907e-16, 1.01219667919e-17, 1.38585141893e-19], [2.67978063454e-16, 6.47447802091e-15, 1.19082320705e-14, 1.15732110581e-14, 2.8591864797e-14, 2.59791205204e-14, 2.51247404094e-14, 3.12167351972e-14, 1.99170683472e-14, 2.19837067658e-14, 3.38416903008e-14, 2.11875360294e-15, 2.17930629428e-15, 3.12991040691e-15, -4.66574387649e-16, 1.46539600963e-15, 3.3623146483e-15, 6.1034902955e-15, 1.98501849317e-14, 1.22920955437e-14, 7.60940603199e-15, 4.37688351274e-15, 1.96570155211e-16, 1.19350965675e-16, 9.50203280766e-17, 8.44286045876e-18, 7.61949278694e-20], [1.5530335853e-16, 3.76256609148e-15, 8.46372769775e-15, 7.21299715377e-15, 2.22412928732e-14, 2.51247404094e-14, 2.78927814006e-14, 3.70397851659e-14, 2.32392704798e-14, 2.75574918787e-14, 4.63366324477e-14, 2.58077788842e-15, 2.44473952665e-15, 3.94239796245e-15, 1.56929127099e-15, 4.52715859253e-15, 5.36354687674e-15, 1.00398823708e-14, 2.44007864315e-14, 1.52366675185e-14, 1.00810515602e-14, 6.03289052287e-15, 1.82250097091e-16, 1.22061682864e-16, 1.01678099686e-16, 1.010308474e-17, 4.83655412217e-20], [1.00097900166e-16, 2.69733428064e-15, 8.25323746926e-15, 5.99057953308e-15, 2.31310213632e-14, 3.12167351972e-14, 3.70397851659e-14, 5.3888303867e-14, 3.58841239058e-14, 4.13532597922e-14, 7.40538476352e-14, 4.69879330215e-15, 4.59544681225e-15, 6.42599173742e-15, 1.28067432334e-15, 1.27937736766e-14, 1.14167632257e-14, 1.69640319722e-14, 3.94709492955e-14, 2.98381551943e-14, 2.26004229844e-14, 1.24332036095e-14, 2.21977133457e-16, 1.68839514128e-16, 1.73964711968e-16, 2.29939931375e-17, 3.94774047604e-20], [8.80760211027e-17, 2.45489036949e-15, 6.3931327883e-15, 5.23342059318e-15, 1.66244005595e-14, 1.99170683472e-14, 2.32392704798e-14, 3.58841239058e-14, 2.88565558167e-14, 3.16527538772e-14, 6.07833214642e-14, 3.86069189381e-15, 4.26351747011e-15, 6.36916514402e-15, 4.7459675316e-15, 1.4889587298e-14, 1.16051399651e-14, 1.24500892113e-14, 3.14469214828e-14, 3.04097431915e-14, 2.45206991918e-14, 1.21457892368e-14, 1.63058328974e-16, 1.33406061301e-16, 1.61095938924e-16, 2.60093344768e-17, 3.52714692266e-20], [4.45968537732e-17, 1.30859284692e-15, 5.50923019092e-15, 3.67713477194e-15, 1.57435828561e-14, 2.19837067658e-14, 2.75574918787e-14, 4.13532597922e-14, 3.16527538772e-14, 7.58936303017e-14, 9.91559671827e-14, 1.70731804261e-15, 3.96087979784e-15, 1.28366801306e-14, 4.40946717616e-14, 1.66717903588e-14, 7.65754122031e-15, 8.27581428544e-15, 3.6814271114e-14, 3.17128525588e-14, 2.26195727052e-14, 1.13320412963e-14, 1.72725463062e-16, 1.40926416854e-16, 1.53879721139e-16, 2.40069568613e-17, 2.91861890345e-20], [-1.4278503875e-17, -4.72199268754e-16, 9.81827398788e-15, 6.02003171569e-15, 2.09718141019e-14, 3.38416903008e-14, 4.63366324477e-14, 7.40538476352e-14, 6.07833214642e-14, 9.91559671827e-14, 7.34657994161e-13, 2.69025033235e-14, 1.05651605357e-14, 2.41259581215e-14, 4.43546756398e-13, 1.19313196476e-13, 3.01477694534e-14, 1.37321040701e-14, 8.02270847412e-14, 7.77131112825e-14, 5.91085543684e-14, 2.55768950669e-14, 3.09945819603e-16, 2.57631556003e-16, 3.49576055986e-16, 6.09600215367e-17, 7.92256982468e-20], [2.81804585916e-17, -3.04452195518e-17, 1.06596311791e-15, 1.08386410046e-15, 2.19161558882e-15, 2.11875360294e-15, 2.58077788842e-15, 4.69879330215e-15, 3.86069189381e-15, 1.70731804261e-15, 2.69025033235e-14, 7.05128297873e-14, 7.06211686894e-15, 7.96930355501e-15, 1.11562760305e-14, 3.4468372709e-14, -1.57074785003e-15, -1.70729011169e-14, 1.01657294439e-14, 7.72486255193e-15, 4.84288504142e-15, 6.07345453366e-18, 2.95804022214e-17, 1.97791705761e-17, 3.8231146403e-17, 5.2985442912e-18, 9.18407728904e-21], [2.23244615692e-17, -2.94970356505e-16, 7.35424921509e-16, 1.07203242662e-15, 1.9844755874e-15, 2.17930629428e-15, 2.44473952665e-15, 4.59544681225e-15, 4.26351747011e-15, 3.96087979784e-15, 1.05651605357e-14, 7.06211686894e-15, 6.44847673523e-14, 4.22490462618e-15, 1.87485321864e-14, 2.64515954984e-14, -1.34949469151e-15, -1.00891254783e-14, 5.39607633004e-15, 9.30590968732e-15, 5.72081944466e-15, 7.19732312672e-16, 2.29832563332e-17, 1.71794213202e-17, 2.57773268586e-17, 5.84043734152e-18, 1.06598272786e-20], [1.17439165991e-17, 3.62921562995e-16, 1.20930766825e-15, 1.17324704046e-15, 2.91835715207e-15, 3.12991040691e-15, 3.94239796245e-15, 6.42599173742e-15, 6.36916514402e-15, 1.28366801306e-14, 2.41259581215e-14, 7.96930355501e-15, 4.22490462618e-15, 2.79229103625e-14, 1.40025803249e-14, 2.892399658e-14, 5.32328549493e-16, -7.57598126486e-15, 1.10250138757e-14, 1.03496872124e-14, 5.35317580533e-15, 1.62094704589e-15, 3.62774450578e-17, 3.72970047198e-17, 3.59373282422e-17, 6.42037780488e-18, 1.0550826038e-20], [8.44376953025e-18, -1.6457602408e-15, 1.35705350765e-15, 1.23211000694e-15, -6.35968853941e-16, -4.66574387649e-16, 1.56929127099e-15, 1.28067432334e-15, 4.7459675316e-15, 4.40946717616e-14, 4.43546756398e-13, 1.11562760305e-14, 1.87485321864e-14, 1.40025803249e-14, 6.50429634198e-13, 8.34940772662e-14, 5.53614974501e-15, -2.43398305525e-14, 1.27905879857e-14, 2.3560378976e-14, 4.516797262e-15, -3.91391436201e-15, 5.76854583371e-17, 3.62319583959e-18, -6.79357698524e-19, 3.66677088708e-18, 3.86876023718e-20], [-6.67971588412e-18, -1.25543761195e-15, 1.41292644783e-15, 1.97504747542e-15, 7.42226754894e-16, 1.46539600963e-15, 4.52715859253e-15, 1.27937736766e-14, 1.4889587298e-14, 1.66717903588e-14, 1.19313196476e-13, 3.4468372709e-14, 2.64515954984e-14, 2.892399658e-14, 8.34940772662e-14, 5.60931889045e-13, 2.4846726239e-13, 3.51912590865e-13, 6.27274247085e-14, 4.98826681187e-14, 6.8476250874e-14, 3.51034746247e-14, 2.77781252209e-16, 2.05274001079e-16, 1.66795451572e-16, 2.76420980161e-17, 6.18717462634e-20], [4.51242277358e-17, 2.47126494573e-16, 2.30741706293e-15, 3.13958437021e-15, 5.30525279876e-15, 3.3623146483e-15, 5.36354687674e-15, 1.14167632257e-14, 1.16051399651e-14, 7.65754122031e-15, 3.01477694534e-14, -1.57074785003e-15, -1.34949469151e-15, 5.32328549493e-16, 5.53614974501e-15, 2.4846726239e-13, 7.0810712979e-13, 8.819999852e-13, 5.55506975055e-14, 2.86966732657e-14, 1.23782969009e-13, 8.58105904042e-14, 5.23709248101e-16, 3.83934200485e-16, 1.56902927312e-16, 2.04436927386e-17, 9.68500284305e-20], [2.90675899463e-17, 1.15319869704e-16, 2.83815562571e-15, 1.52338917915e-15, 2.36042480829e-15, 6.1034902955e-15, 1.00398823708e-14, 1.69640319722e-14, 1.24500892113e-14, 8.27581428544e-15, 1.37321040701e-14, -1.70729011169e-14, -1.00891254783e-14, -7.57598126486e-15, -2.43398305525e-14, 3.51912590865e-13, 8.819999852e-13, 3.33659033562e-12, 1.03132251545e-13, 2.76161963442e-14, 1.76674931737e-13, 3.94576352928e-13, 8.99707279266e-16, 1.29418396945e-15, 2.05499735359e-16, 1.39338888513e-17, 2.01592975492e-19], [4.77266967616e-17, 1.56995555658e-15, 6.18368313978e-15, 4.86194158867e-15, 1.49387897479e-14, 1.98501849317e-14, 2.44007864315e-14, 3.94709492955e-14, 3.14469214828e-14, 3.6814271114e-14, 8.02270847412e-14, 1.01657294439e-14, 5.39607633004e-15, 1.10250138757e-14, 1.27905879857e-14, 6.27274247085e-14, 5.55506975055e-14, 1.03132251545e-13, 8.16913201039e-14, 4.33681749908e-14, 3.62206975296e-14, 2.16711126447e-14, 2.04359761361e-16, 1.86579970698e-16, 1.98265531359e-16, 3.21691135792e-17, 4.65078551246e-20], [4.69206952814e-17, 1.74233586695e-15, 5.08832723745e-15, 4.50412819021e-15, 1.11875789801e-14, 1.22920955437e-14, 1.52366675185e-14, 2.98381551943e-14, 3.04097431915e-14, 3.17128525588e-14, 7.77131112825e-14, 7.72486255193e-15, 9.30590968732e-15, 1.03496872124e-14, 2.3560378976e-14, 4.98826681187e-14, 2.86966732657e-14, 2.76161963442e-14, 4.33681749908e-14, 6.39420767311e-14, 4.32990537142e-14, 1.95756547772e-14, 1.33982837799e-16, 1.46414131561e-16, 2.39356317241e-16, 4.55654359484e-17, 3.55726340554e-20], [2.93236552854e-17, 1.45666606456e-15, 3.76912255001e-15, 3.2364123063e-15, 7.22799726023e-15, 7.60940603199e-15, 1.00810515602e-14, 2.26004229844e-14, 2.45206991918e-14, 2.26195727052e-14, 5.91085543684e-14, 4.84288504142e-15, 5.72081944466e-15, 5.35317580533e-15, 4.516797262e-15, 6.8476250874e-14, 1.23782969009e-13, 1.76674931737e-13, 3.62206975296e-14, 4.32990537142e-14, 8.33040776117e-14, 3.77079145903e-14, 2.0405721178e-16, 1.88093724454e-16, 2.45485712345e-16, 4.27407663577e-17, 3.59880532063e-20], [8.05522542575e-18, 3.82547263444e-16, 1.55267174341e-15, 1.0614393267e-15, 2.79557866758e-15, 4.37688351274e-15, 6.03289052287e-15, 1.24332036095e-14, 1.21457892368e-14, 1.13320412963e-14, 2.55768950669e-14, 6.07345453366e-18, 7.19732312672e-16, 1.62094704589e-15, -3.91391436201e-15, 3.51034746247e-14, 8.58105904042e-14, 3.94576352928e-13, 2.16711126447e-14, 1.95756547772e-14, 3.77079145903e-14, 8.48050674281e-14, 1.33202138119e-16, 2.56692196465e-16, 1.17713703927e-16, 1.93300396276e-17, 3.16927175428e-20], [2.54007582614e-18, 6.25149953569e-17, 1.14649681354e-16, 1.15242922055e-16, 2.49248100348e-16, 1.96570155211e-16, 1.82250097091e-16, 2.21977133457e-16, 1.63058328974e-16, 1.72725463062e-16, 3.09945819603e-16, 2.95804022214e-17, 2.29832563332e-17, 3.62774450578e-17, 5.76854583371e-17, 2.77781252209e-16, 5.23709248101e-16, 8.99707279266e-16, 2.04359761361e-16, 1.33982837799e-16, 2.0405721178e-16, 1.33202138119e-16, 3.52467366555e-18, 1.87592754924e-18, 1.4837068337e-18, 1.09159652093e-19, 8.1553096714e-22], [1.2199213145e-18, 3.05602737576e-17, 6.22852641397e-17, 6.10134706392e-17, 1.38793468778e-16, 1.19350965675e-16, 1.22061682864e-16, 1.68839514128e-16, 1.33406061301e-16, 1.40926416854e-16, 2.57631556003e-16, 1.97791705761e-17, 1.71794213202e-17, 3.72970047198e-17, 3.62319583959e-18, 2.05274001079e-16, 3.83934200485e-16, 1.29418396945e-15, 1.86579970698e-16, 1.46414131561e-16, 1.88093724454e-16, 2.56692196465e-16, 1.87592754924e-18, 1.90374790798e-18, 1.29032213945e-18, 1.34361867879e-19, 4.90622914459e-22], [8.71871733483e-19, 2.52803666727e-17, 5.53764432141e-17, 5.18370498696e-17, 1.16566741907e-16, 9.50203280766e-17, 1.01678099686e-16, 1.73964711968e-16, 1.61095938924e-16, 1.53879721139e-16, 3.49576055986e-16, 3.8231146403e-17, 2.57773268586e-17, 3.59373282422e-17, -6.79357698524e-19, 1.66795451572e-16, 1.56902927312e-16, 2.05499735359e-16, 1.98265531359e-16, 2.39356317241e-16, 2.45485712345e-16, 1.17713703927e-16, 1.4837068337e-18, 1.29032213945e-18, 2.85575834678e-18, 2.84340181939e-19, 3.45187760666e-22], [6.09104589941e-20, 2.29788685536e-18, 4.81736257553e-18, 4.76910113628e-18, 1.01219667919e-17, 8.44286045876e-18, 1.010308474e-17, 2.29939931375e-17, 2.60093344768e-17, 2.40069568613e-17, 6.09600215367e-17, 5.2985442912e-18, 5.84043734152e-18, 6.42037780488e-18, 3.66677088708e-18, 2.76420980161e-17, 2.04436927386e-17, 1.39338888513e-17, 3.21691135792e-17, 4.55654359484e-17, 4.27407663577e-17, 1.93300396276e-17, 1.09159652093e-19, 1.34361867879e-19, 2.84340181939e-19, 4.93394817695e-20, 3.2871893874e-23], [1.89117923785e-21, 4.30007999666e-20, 6.75438852824e-20, 7.61029298757e-20, 1.38585141893e-19, 7.61949278694e-20, 4.83655412217e-20, 3.94774047604e-20, 3.52714692266e-20, 2.91861890345e-20, 7.92256982468e-20, 9.18407728904e-21, 1.06598272786e-20, 1.0550826038e-20, 3.86876023718e-20, 6.18717462634e-20, 9.68500284305e-20, 2.01592975492e-19, 4.65078551246e-20, 3.55726340554e-20, 3.59880532063e-20, 3.16927175428e-20, 8.1553096714e-22, 4.90622914459e-22, 3.45187760666e-22, 3.2871893874e-23, 5.96665693894e-25]]
    },
    "mfcc": {
        "kurt": [4.0751953125, 3.16750240326, -0.77907204628, 2.32671928406, 1.37070274353, 0.581420660019, 0.338351011276, 1.17211723328, 2.15081977844, 3.65989112854, 1.27958631516, 1.10604810715, 0.62838435173],
        "max": [-907.155456543, 113.982460022, 42.6714515686, 55.5424118042, 41.0436286926, 33.5575561523, 38.1991958618, 38.592754364, 42.8282966614, 28.5533924103, 29.7395744324, 25.811372757, 27.557144165],
        "mean": [-1081.00158691, 35.7043380737, -11.5222377777, 0.705932915211, 10.2706384659, 5.64473104477, 6.12926054001, 5.78382062912, 3.64937496185, -0.747531533241, -6.36606693268, -6.71258020401, -0.0176856201142],
        "median": [-1083.90600586, 35.4083213806, -8.0438079834, 8.01086425781e-05, 9.73749542236, 5.82572937012, 6.10655593872, 5.6078453064, 2.79660797119, -0.215293884277, -6.33291625977, -6.54675674438, -3.81469726562e-05],
        "min": [-1138.42004395, -2.97523880005, -69.0049743652, -33.3871536255, -41.6970977783, -35.6074943542, -17.8723678589, -29.0466766357, -21.6291351318, -42.1942138672, -34.8558578491, -39.8369255066, -28.796169281],
        "skew": [1.0229254961, 0.461622238159, -0.331948518753, 0.717511534691, 0.089811399579, -0.202803686261, 0.17043800652, 0.126389577985, 0.890285074711, -1.12377345562, -0.0283233802766, 0.0100388312712, -0.100530803204],
        "var": [553.732910156, 142.003219604, 443.601226807, 142.151397705, 86.3882064819, 79.3840408325, 56.3200683594, 80.6145095825, 65.4148406982, 83.9920196533, 63.036655426, 72.2110900879, 63.8829612732],
        "cov": [[554.209838867, 102.798202515, -368.01751709, 28.487651825, 69.5563659668, -30.3698596954, 10.9521093369, 50.7389335632, 61.8831481934, -32.3992004395, -53.815738678, -35.9370002747, -5.46319198608], [102.798202515, 142.125518799, 51.48695755, -40.1642494202, -12.8569850922, 19.6804637909, 15.9218730927, -13.1295423508, -4.3253159523, 24.6146087646, -21.8231277466, -32.0827178955, 2.55714297295], [-368.01751709, 51.48695755, 443.983306885, 26.6553058624, -98.4963912964, 15.9744987488, -0.421581208706, -47.0765686035, -47.0617446899, 25.1593112946, 45.421497345, 23.5885181427, -19.0665588379], [28.487651825, -40.1642494202, 26.6553058624, 142.273834229, 17.168548584, -47.8763885498, -13.9574747086, 26.972820282, 13.453496933, -35.5997810364, 27.9518566132, 31.8756198883, -25.2961273193], [69.5563659668, -12.8569850922, -98.4963912964, 17.168548584, 86.4626159668, 23.3065567017, -8.07694530487, 10.4339370728, 9.3482170105, -1.41066014767, -2.07316184044, 2.48896360397, 11.9919557571], [-30.3698596954, 19.6804637909, 15.9744987488, -47.8763885498, 23.3065567017, 79.4524154663, 24.0002670288, -31.0642700195, -7.30070877075, 21.745388031, -4.82348012924, 3.67366290092, 19.8241214752], [10.9521093369, 15.9218730927, -0.421581208706, -13.9574747086, -8.07694530487, 24.0002670288, 56.3685760498, 10.9519510269, -13.8092670441, 17.036611557, -6.62409353256, -10.1792545319, 17.3619022369], [50.7389335632, -13.1295423508, -47.0765686035, 26.972820282, 10.4339370728, -31.0642700195, 10.9519510269, 80.6839447021, 37.975479126, -33.7654762268, 1.71476221085, 5.52900934219, -11.0912714005], [61.8831481934, -4.3253159523, -47.0617446899, 13.453496933, 9.3482170105, -7.30070877075, -13.8092670441, 37.975479126, 65.4711837769, -4.05539941788, -9.40481758118, 3.59492349625, -9.7937335968], [-32.3992004395, 24.6146087646, 25.1593112946, -35.5997810364, -1.41066014767, 21.745388031, 17.036611557, -33.7654762268, -4.05539941788, 84.0643615723, 8.24273872375, -32.1786460876, 15.339132309], [-53.815738678, -21.8231277466, 45.421497345, 27.9518566132, -2.07316184044, -4.82348012924, -6.62409353256, 1.71476221085, -9.40481758118, 8.24273872375, 63.0909500122, 32.8914108276, -19.7018108368], [-35.9370002747, -32.0827178955, 23.5885181427, 31.8756198883, 2.48896360397, 3.67366290092, -10.1792545319, 5.52900934219, 3.59492349625, -32.1786460876, 32.8914108276, 72.2732925415, 10.4770298004], [-5.46319198608, 2.55714297295, -19.0665588379, -25.2961273193, 11.9919557571, 19.8241214752, 17.3619022369, -11.0912714005, -9.7937335968, 15.339132309, -19.7018108368, 10.4770298004, 63.9379844666]]
    },
    "sccoeffs": {
        "kurt": [0.0803880691528, 0.366490364075, 1.78698968887, 0.958222150803, 4.80415010452, 2.60119962692],
        "max": [-0.694087207317, -0.774254500866, -0.692614018917, -0.715024828911, -0.688647806644, -0.664225637913],
        "mean": [-0.843091964722, -0.886541604996, -0.870755553246, -0.86205881834, -0.861197531223, -0.825212240219],
        "median": [-0.84550434351, -0.887647271156, -0.878113806248, -0.869629144669, -0.867582082748, -0.831809997559],
        "min": [-0.934309303761, -0.963642120361, -0.97350615263, -0.987103760242, -0.971177101135, -0.918409645557],
        "skew": [0.215394154191, 0.378399968147, 1.17916440964, 0.966547250748, 1.69659519196, 1.27827525139],
        "var": [0.00100402021781, 0.000632994284388, 0.00148817512672, 0.00138977589086, 0.00105038553011, 0.00123357295524],
        "cov": [[0.00100488506723, 7.3639654147e-05, 6.32279843558e-05, 1.56223632075e-05, 1.67781831806e-06, 9.4280760095e-05], [7.3639654147e-05, 0.000633539515547, 3.99206619477e-05, -2.83712433884e-05, -4.13191010011e-05, -5.3896845202e-05], [6.32279843558e-05, 3.99206619477e-05, 0.00148945697583, 0.000541642948519, 0.000188394333236, 0.000209339166759], [1.56223632075e-05, -2.83712433884e-05, 0.000541642948519, 0.0013909728732, 0.000399521610234, 0.000522763701156], [1.67781831806e-06, -4.13191010011e-05, 0.000188394333236, 0.000399521610234, 0.00105129030999, 0.000654357194435], [9.4280760095e-05, -5.3896845202e-05, 0.000209339166759, 0.000522763701156, 0.000654357194435, 0.00123463536147]]
    },
    "scvalleys": {
        "kurt": [24.170173645, 29.3171310425, 37.1699943542, 24.822347641, 9.33948993683, 5.52582550049],
        "max": [-7.51405715942, -7.05463457108, -8.20973110199, -8.58387184143, -8.24205684662, -11.2954006195],
        "mean": [-10.5480890274, -10.6629180908, -10.3586368561, -10.5358886719, -11.1325798035, -13.9522590637],
        "median": [-10.529756546, -10.6486301422, -10.3558549881, -10.5510501862, -11.1551036835, -13.984085083],
        "min": [-15.6235694885, -15.3305101395, -15.6186342239, -15.4537525177, -14.705950737, -15.8831748962],
        "skew": [-2.6575717926, -2.39717078209, -4.01609945297, -3.00627708435, -0.968245506287, 0.57400727272],
        "var": [0.281122148037, 0.246705725789, 0.280446648598, 0.299493044615, 0.272762209177, 0.16403695941],
        "cov": [[0.281364291906, 0.155706971884, 0.154568478465, 0.125454485416, 0.105970256031, 0.0922334045172], [0.155706971884, 0.246918231249, 0.165793210268, 0.13300730288, 0.114675395191, 0.0972471684217], [0.154568478465, 0.165793210268, 0.280688196421, 0.207333937287, 0.183818295598, 0.122828990221], [0.125454485416, 0.13300730288, 0.207333937287, 0.299751013517, 0.21761199832, 0.113920658827], [0.105970256031, 0.114675395191, 0.183818295598, 0.21761199832, 0.272997140884, 0.143938317895], [0.0922334045172, 0.0972471684217, 0.122828990221, 0.113920658827, 0.143938317895, 0.16417825222]]
    }
},
"rhythm": {
    "beats_loudness": {
        "kurt": 13.8724212646,
        "max": 2.37681124418e-05,
        "mean": 2.87447596747e-06,
        "median": 1.23912366234e-06,
        "min": 2.67874554538e-07,
        "skew": 3.49735713005,
        "var": 1.67802872292e-11
    },
    "bpm": 94.0495071411,
    "confidence": 0.592717409134,
    "first_peak_bpm": {
        "kurt": 0,
        "max": 94,
        "mean": 94,
        "median": 94,
        "min": 94,
        "skew": 0,
        "var": 0
    },
    "first_peak_spread": {
        "kurt": 0,
        "max": 0.5,
        "mean": 0.5,
        "median": 0.5,
        "min": 0.5,
        "skew": 0,
        "var": 0
    },
    "first_peak_weight": {
        "kurt": 0,
        "max": 0.325581401587,
        "mean": 0.325581401587,
        "median": 0.325581401587,
        "min": 0.325581401587,
        "skew": 0,
        "var": 0
    },
    "onset_rate": 1.11336648464,
    "second_peak_bpm": {
        "kurt": 0,
        "max": 103,
        "mean": 103,
        "median": 103,
        "min": 103,
        "skew": 0,
        "var": 0
    },
    "second_peak_spread": {
        "kurt": 0,
        "max": 0.5,
        "mean": 0.5,
        "median": 0.5,
        "min": 0.5,
        "skew": 0,
        "var": 0
    },
    "second_peak_weight": {
        "kurt": 0,
        "max": 0.0930232554674,
        "mean": 0.0930232554674,
        "median": 0.0930232554674,
        "min": 0.0930232554674,
        "skew": 0,
        "var": 0
    },
    "beats_loudness_band_ratio": {
        "kurt": [0.238446712494, 14.7335700989, 0.857633590698, 0.0624530315399, -0.551179647446, 2.5070271492],
        "max": [0.355752080679, 0.436295896769, 0.296312510967, 0.627021849155, 0.927546858788, 0.503690421581],
        "mean": [0.102599821985, 0.0557172186673, 0.0779881328344, 0.249040231109, 0.404104441404, 0.13687852025],
        "median": [0.0707476660609, 0.0385087020695, 0.060568228364, 0.215117409825, 0.386441469193, 0.0991836339235],
        "min": [0.00146880163811, 0.00113631214481, 0.00170304940548, 0.0120639745146, 0.0431969836354, 0.0250046458095],
        "skew": [0.990547418594, 3.58069896698, 1.16832327843, 0.699488520622, 0.660301506519, 1.72091853619],
        "var": [0.00783149432391, 0.00542345456779, 0.00498858047649, 0.0204955041409, 0.0505073517561, 0.0134990662336],
        "cov": [[0.00801795907319, 0.00333095202222, 0.00289922230877, 0.00045644651982, -0.0117603708059, -0.00244205677882], [0.00333095202222, 0.00555258430541, 0.00243065319955, -3.9060756535e-05, -0.00819046981633, -0.00196007150225], [0.00289922230877, 0.00243065319955, 0.00510735576972, 0.0002259741741, -0.0087316473946, -0.000672205584124], [0.00045644651982, -3.9060756535e-05, 0.0002259741741, 0.0209834929556, -0.0184188708663, -0.00291452952661], [-0.0117603708059, -0.00819046981633, -0.0087316473946, -0.0184188708663, 0.0517099089921, -0.00642440840602], [-0.00244205677882, -0.00196007150225, -0.000672205584124, -0.00291452952661, -0.00642440840602, 0.0138204721734]]
    },
    "beats_position": [0.545668900013, 1.09133780003, 1.63700675964, 2.18267560005, 2.73995471001, 3.27401351929, 3.80807256699, 4.34213161469, 4.92263031006, 5.4915189743, 6.06040811539, 6.65251684189, 7.23301553726, 7.81351470947, 8.39401340485, 9.03256225586, 9.65950107574, 10.3096599579, 10.9482088089, 11.5983667374, 12.2136955261, 12.8174142838, 13.4443531036, 14.0712919235, 14.7098407745, 15.3367795944, 15.9753284454, 16.6138763428, 17.2524261475, 17.8909740448, 18.5295238495, 19.1680717468, 19.7950115204, 20.4335594177, 21.0721092224, 21.6990470886, 22.3375968933, 22.9877548218, 23.6379127502, 24.2996826172, 24.9614505768, 25.5883903503, 26.2269382477, 26.865486145],
    "bpm_estimates": [93.9630508423, 95.7031173706, 92.2851333618, 93.9630508423, 92.2852706909, 97.5088424683, 95.7031173706, 95.7031173706, 93.9630508423, 95.7031173706, 93.9630508423, 93.9631958008, 93.9629135132, 93.9631958008, 93.9629135132, 93.9631958008, 95.7029724121, 93.9631958008, 93.9629135132, 95.7032623291, 93.9629135132, 92.2852706909, 92.2852706909, 90.6659622192, 90.6662216187, 95.7029724121, 93.9631958008, 93.9631958008],
    "bpm_intervals": [0.545668900013, 0.545668959618, 0.545668840408, 0.557279109955, 0.53405880928, 0.534059047699, 0.534059047699, 0.580498695374, 0.568888664246, 0.568889141083, 0.592108726501, 0.580498695374, 0.580499172211, 0.580498695374, 0.638548851013, 0.626938819885, 0.650158882141, 0.638548851013, 0.650157928467, 0.615328788757, 0.603718757629, 0.626938819885, 0.626938819885, 0.638548851013, 0.626938819885, 0.638548851013, 0.638547897339, 0.638549804688, 0.638547897339, 0.638549804688, 0.638547897339, 0.62693977356, 0.638547897339, 0.638549804688, 0.626937866211, 0.638549804688, 0.650157928467, 0.650157928467, 0.661769866943, 0.661767959595, 0.62693977356, 0.638547897339, 0.638547897339],
    "onset_times": [0.0116099771112, 0.255419492722, 1.33514738083, 1.64861679077, 2.26394557953, 2.77478456497, 2.90249443054, 3.32045340538, 3.84290242195, 5.54956912994, 6.03718805313, 7.47682523727, 8.3011341095, 8.68426322937, 9.4040813446, 10.4025392532, 10.9365987778, 12.051156044, 15.2439002991, 16.5442180634, 19.7253513336, 20.7586402893, 20.8631286621, 21.4900684357, 22.2911567688, 25.7857589722, 26.2849884033, 26.3894786835, 26.7145576477, 26.8887081146],
    "histogram": [[0, 0, 0, 0, 0, 0, 0, 0, 0, 0, 0, 0, 0, 0, 0, 0, 0, 0, 0, 0, 0, 0, 0, 0, 0, 0, 0, 0, 0, 0, 0, 0, 0, 0, 0, 0, 0, 0, 0, 0, 0, 0, 0, 0, 0, 0, 0, 0, 0, 0, 0, 0, 0, 0, 0, 0, 0, 0, 0, 0, 0, 0, 0, 0, 0, 0, 0, 0, 0, 0, 0, 0, 0, 0, 0, 0, 0, 0, 0, 0, 0, 0, 0, 0, 0, 0, 0, 0, 0, 0, 0, 0.0465116277337, 0.0930232554674, 0, 0.325581401587, 0, 0.162790700793, 0, 0.0232558138669, 0.0232558138669, 0, 0.0232558138669, 0, 0.0930232554674, 0, 0.0465116277337, 0, 0, 0.0232558138669, 0, 0.0697674453259, 0, 0.0697674453259, 0, 0, 0, 0, 0, 0, 0, 0, 0, 0, 0, 0, 0, 0, 0, 0, 0, 0, 0, 0, 0, 0, 0, 0, 0, 0, 0, 0, 0, 0, 0, 0, 0, 0, 0, 0, 0, 0, 0, 0, 0, 0, 0, 0, 0, 0, 0, 0, 0, 0, 0, 0, 0, 0, 0, 0, 0, 0, 0, 0, 0, 0, 0, 0, 0, 0, 0, 0, 0, 0, 0, 0, 0, 0, 0, 0, 0, 0, 0, 0, 0, 0, 0, 0, 0, 0, 0, 0, 0, 0, 0, 0, 0, 0, 0, 0, 0, 0, 0, 0, 0, 0, 0, 0, 0, 0, 0, 0, 0, 0, 0, 0, 0, 0, 0, 0, 0, 0, 0, 0, 0, 0, 0, 0, 0, 0, 0, 0, 0, 0, 0, 0, 0, 0, 0, 0, 0]]
},
"sfx": {
    "inharmonicity": {
        "kurt": -0.559432268143,
        "max": 0.438964039087,
        "mean": 0.111091144383,
        "median": 0.0772815346718,
        "min": 0,
        "skew": 0.766726613045,
        "var": 0.011120066978
    },
    "oddtoevenharmonicenergyratio": {
        "kurt": 467.481903076,
        "max": 224.469406128,
        "mean": 2.13966178894,
        "median": 0.785827219486,
        "min": 0,
        "skew": 20.1084251404,
        "var": 75.5180587769
    },
    "pitch_after_max_to_before_max_energy_ratio": 3.70156478882,
    "pitch_centroid": 559.791870117,
    "pitch_max_to_total": 0.135972455144,
    "pitch_min_to_total": 0.229776248336,
    "tristimulus": {
        "kurt": [0.633871555328, -0.984620094299, -1.31291258335],
        "max": [1, 0.95096039772, 1],
        "mean": [0.273466825485, 0.408362388611, 0.318170845509],
        "median": [0.152588933706, 0.397555649281, 0.260831534863],
        "min": [0, 0, 0],
        "skew": [1.33771944046, 0.128460213542, 0.361252784729],
        "var": [0.0840023756027, 0.0589443854988, 0.0871480703354],
        "cov": [[0.0840747281909, -0.0279235765338, -0.0561512708664], [-0.0279235765338, 0.0589951574802, -0.0310716088861], [-0.0561512708664, -0.0310716088861, 0.0872231349349]]
    }
},
"tonal": {
    "chords_changes_rate": 0.115120276809,
    "chords_number_rate": 0.0240549836308,
    "chords_strength": {
        "kurt": -0.418687820435,
        "max": 0.763392150402,
        "mean": 0.474121302366,
        "median": 0.46121892333,
        "min": 0.231744274497,
        "skew": 0.489361763,
        "var": 0.0143760386854
    },
    "key_strength": 0.263545900583,
    "tuning_diatonic_strength": 0.380149871111,
    "tuning_equal_tempered_deviation": 0.243014544249,
    "tuning_frequency": 451.326080322,
    "tuning_nontempered_energy_ratio": 0.894447207451,
    "hpcp": {
