{
"metadata": {
    "version": {
        "essentia": "2.1-beta3"
    }
},
"lowLevel": {
    "average_loudness": 0.944669127464,
    "barkbands_kurtosis": {
        "kurt": 8.60075378418,
        "max": 9.46879959106,
        "mean": -0.460330337286,
        "median": -0.934271335602,
        "min": -1.79269826412,
        "skew": 2.4323182106,
        "var": 1.85812675953
    },
    "barkbands_skewness": {
        "kurt": 0.356526136398,
        "max": 2.99784493446,
        "mean": 0.377955019474,
        "median": 0.382228463888,
        "min": -2.86205101013,
        "skew": -0.188233926892,
        "var": 0.651416897774
    },
    "barkbands_spread": {
        "kurt": -0.490309476852,
        "max": 49.4487457275,
        "mean": 29.5180034637,
        "median": 29.5414447784,
        "min": 9.80248260498,
        "skew": 0.0242176335305,
        "var": 55.6486206055
    },
    "dissonance": {
        "kurt": 283.111816406,
        "max": 0.499936908484,
        "mean": 0.478877425194,
        "median": 0.482374221087,
        "min": 0,
        "skew": -12.906080246,
        "var": 0.000440183852334
    },
    "hfc": {
        "kurt": 18.1455554962,
        "max": 2.23394656181,
        "mean": 0.217378467321,
        "median": 0.147921130061,
        "min": 1.36686639962e-06,
        "skew": 3.49845671654,
        "var": 0.0497996769845
    },
    "pitch": {
        "kurt": 5.04141712189,
        "max": 4338.44628906,
        "mean": 677.216369629,
        "median": 311.870056152,
        "min": 72.9684143066,
        "skew": 2.50018930435,
        "var": 905296.9375
    },
    "pitch_instantaneous_confidence": {
        "kurt": 0.725925683975,
        "max": 0.949910163879,
        "mean": 0.387263864279,
        "median": 0.35204064846,
        "min": 0.00446605682373,
        "skew": 1.0189602375,
        "var": 0.024985441938
    },
    "pitch_salience": {
        "kurt": 0.782920837402,
        "max": 0.958334982395,
        "mean": 0.657536506653,
        "median": 0.668768703938,
        "min": 0.321435213089,
        "skew": -0.749521136284,
        "var": 0.00767498929054
    },
    "silence_rate_20dB": {
        "kurt": 0,
        "max": 1,
        "mean": 1,
        "median": 1,
        "min": 1,
        "skew": 0,
        "var": 0
    },
    "silence_rate_30dB": {
        "kurt": 0,
        "max": 1,
        "mean": 1,
        "median": 1,
        "min": 1,
        "skew": 0,
        "var": 0
    },
    "silence_rate_60dB": {
        "kurt": 0,
        "max": 1,
        "mean": 1,
        "median": 1,
        "min": 1,
        "skew": 0,
        "var": 0
    },
    "spectral_centroid": {
        "kurt": 0.710471391678,
        "max": 3445.84448242,
        "mean": 1378.61523438,
        "median": 1314.4654541,
        "min": 382.520172119,
        "skew": 0.794259488583,
        "var": 269681.375
    },
    "spectral_complexity": {
        "kurt": 5.51059150696,
        "max": 2,
        "mean": 0.173137456179,
        "median": 0,
        "min": 0,
        "skew": 2.45825600624,
        "var": 0.183035582304
    },
    "spectral_crest": {
        "kurt": 2.10663557053,
        "max": 21.438501358,
        "mean": 7.36966085434,
        "median": 6.70128011703,
        "min": 2.59861564636,
        "skew": 1.28280186653,
        "var": 8.5873670578
    },
    "spectral_decrease": {
        "kurt": 8.29824542999,
        "max": -2.5174343294e-16,
        "mean": -3.14083412056e-11,
        "median": -2.71588307399e-11,
        "min": -1.59102814257e-10,
        "skew": -2.27579879761,
        "var": 2.81478394706e-22
    },
    "spectral_energy": {
        "kurt": 10.0783262253,
        "max": 0.000751204264816,
        "mean": 0.000138259187224,
        "median": 0.000115651258966,
        "min": 1.07411868289e-09,
        "skew": 2.52596116066,
        "var": 6.70996813668e-09
    },
    "spectral_energyband_high": {
        "kurt": 37.4148597717,
        "max": 0.000184242468094,
        "mean": 1.00649285741e-05,
        "median": 5.23680046172e-06,
        "min": 6.8626812566e-11,
        "skew": 5.40395641327,
        "var": 3.03935432378e-10
    },
    "spectral_energyband_low": {
        "kurt": 5.79749584198,
        "max": 4.97636901855e-05,
        "mean": 9.47594344325e-06,
        "median": 7.75809803599e-06,
        "min": 1.47633613667e-10,
        "skew": 2.02906990051,
        "var": 5.07157163487e-11
    },
    "spectral_energyband_middle_high": {
        "kurt": 11.6666259766,
        "max": 0.000608499976806,
        "mean": 6.9954447099e-05,
        "median": 4.69520200568e-05,
        "min": 3.22845278289e-10,
        "skew": 2.75071668625,
        "var": 4.75974326619e-09
    },
    "spectral_energyband_middle_low": {
        "kurt": 1.99712991714,
        "max": 0.000143202662002,
        "mean": 5.11404796271e-05,
        "median": 4.78723595734e-05,
        "min": 5.44711609152e-10,
        "skew": 1.09841811657,
        "var": 3.40899364293e-10
    },
    "spectral_flatness_db": {
        "kurt": 5.19819927216,
        "max": 0.265418618917,
        "mean": 0.145065039396,
        "median": 0.142307296395,
        "min": 0.0371294654906,
        "skew": 1.27381873131,
        "var": 0.000381389894756
    },
    "spectral_flux": {
        "kurt": 4.86730051041,
        "max": 0.0231835395098,
        "mean": 0.00780601520091,
        "median": 0.00718079833314,
        "min": 0.00372727238573,
        "skew": 1.79784166813,
        "var": 6.70868848829e-06
    },
    "spectral_kurtosis": {
        "kurt": 1.40811109543,
        "max": 10.3567552567,
        "mean": 4.20926856995,
        "median": 4.06717443466,
        "min": 0.461792469025,
        "skew": 0.794755578041,
        "var": 1.84703588486
    },
    "spectral_rms": {
        "kurt": 3.01960277557,
        "max": 0.000856085389387,
        "mean": 0.000355074822437,
        "median": 0.000335902499501,
        "min": 1.02367994259e-06,
        "skew": 1.32397949696,
        "var": 8.80891626309e-09
    },
    "spectral_rolloff": {
        "kurt": -0.448716878891,
        "max": 5555.56640625,
        "mean": 2721.34106445,
        "median": 2799.31640625,
        "min": 387.59765625,
        "skew": -0.228514820337,
        "var": 858874.5
    },
    "spectral_skewness": {
        "kurt": 0.660174846649,
        "max": 2.82961177826,
        "mean": 1.44216370583,
        "median": 1.44844126701,
        "min": 0.419112384319,
        "skew": -0.27874237299,
        "var": 0.0950900614262
    },
    "spectral_spread": {
        "kurt": 617.028198242,
        "max": 35546568,
        "mean": 3867204.5,
        "median": 3808017.5,
        "min": 2601838.75,
        "skew": 22.6347961426,
        "var": 1.30814692557e+12
    },
    "spectral_strongpeak": {
        "kurt": 10.4044551849,
        "max": 2.12953257561,
        "mean": 0.159824222326,
        "median": 0.0374067239463,
        "min": 0,
        "skew": 2.8054356575,
        "var": 0.0636599957943
    },
    "zerocrossingrate": {
        "kurt": 0.899518013,
        "max": 0.181640625,
        "mean": 0.0834253877401,
        "median": 0.08203125,
        "min": 0.00048828125,
        "skew": 0.552576541901,
        "var": 0.000520409084857
    },
    "barkbands": {
        "kurt": [9.53896903992, 7.80818271637, 6.26290988922, 4.99050378799, 4.32133388519, 2.99400234222, 25.9815444946, 9.10884380341, 8.35652065277, 303.941162109, 50.3443412781, 26.1777114868, 95.4946975708, 200.457626343, 77.3926467896, 181.045349121, 95.943572998, 30.2342033386, 185.831008911, 35.3829841614, 76.6898269653, 556.036621094, 36.3649330139, 167.751373291, 2.12835550308, 908.270080566, 946.851989746],
        "max": [4.29457514883e-07, 1.33611438287e-05, 4.02155092161e-05, 2.39820201386e-05, 0.000114450245746, 5.66106973565e-05, 6.59693469061e-05, 2.32185575442e-05, 1.72285690496e-05, 0.000211560647585, 0.000187627287232, 7.51083207433e-05, 0.000153720437083, 0.000100933968497, 0.000245032540988, 0.000596470606979, 0.000409880565712, 0.000108544787508, 0.000543317466509, 0.000154591791215, 0.000178907503141, 3.49151196133e-05, 9.82054075394e-07, 2.55920838299e-07, 1.27037518283e-08, 9.14231623739e-09, 9.7023749035e-09],
        "mean": [4.68975898116e-08, 1.70969724422e-06, 5.92000196775e-06, 3.90617378798e-06, 2.11676197068e-05, 1.3288041373e-05, 6.56334350424e-06, 3.09096435558e-06, 2.51935784945e-06, 3.94126664105e-06, 8.18506305222e-06, 5.05331581735e-06, 3.17161470775e-06, 2.04746606869e-06, 7.13136842023e-06, 9.72884299699e-06, 9.0668863777e-06, 6.68314578434e-06, 1.00526131064e-05, 9.43454233493e-06, 4.92443950861e-06, 5.07387881044e-07, 8.95520528843e-08, 2.40132056462e-08, 5.47700107489e-09, 2.46034442819e-10, 1.89937232609e-11],
        "median": [2.66686974726e-08, 1.28479109662e-06, 4.05243554269e-06, 2.9404441193e-06, 1.84004147741e-05, 1.14021868285e-05, 5.3488197409e-06, 2.49575668931e-06, 2.01766260943e-06, 1.86530041901e-06, 3.08963308271e-06, 2.64033656094e-06, 9.68828885561e-07, 8.53369556353e-07, 2.24243831326e-06, 3.35213189828e-06, 2.58706086242e-06, 3.48723460775e-06, 4.58591239294e-06, 4.72897409054e-06, 1.85719068213e-06, 3.17662511407e-07, 6.47050910629e-08, 2.20518288074e-08, 5.42607203613e-09, 2.34797487009e-10, 6.11238273537e-12],
        "min": [4.24640704544e-11, 6.34959376744e-11, 4.20284917979e-11, 4.16539164272e-11, 1.01774338956e-10, 9.71112287806e-11, 9.10014702482e-11, 8.36888683353e-11, 1.0319114313e-10, 8.56238135949e-11, 6.77940342753e-11, 6.24896454027e-11, 4.16968855277e-11, 2.13403149318e-11, 7.02550908074e-12, 2.19822228996e-12, 8.92700410121e-12, 1.96014975085e-11, 1.68449212912e-11, 3.98601637808e-12, 1.52098680872e-11, 1.00664719616e-11, 1.10224060781e-11, 7.44593189189e-12, 8.83096634013e-12, 6.69806094269e-12, 2.82101533973e-12],
        "skew": [2.62381243706, 2.15274453163, 2.17977762222, 1.95351576805, 1.63367784023, 1.46263968945, 3.45747947693, 2.22609567642, 2.25551366806, 14.3971071243, 6.13457393646, 4.48551416397, 8.80850505829, 11.3817272186, 7.6235499382, 11.5096416473, 8.5099773407, 4.74631404877, 12.3924722672, 5.25096416473, 7.65114164352, 21.3919067383, 4.99567604065, 10.6514406204, 0.535312592983, 29.8501586914, 30.7941474915],
        "var": [3.11018724474e-15, 2.09760290734e-12, 3.30835185636e-11, 1.17104190928e-11, 1.83720164082e-10, 6.94762650189e-11, 2.54231791869e-11, 5.42220218377e-12, 3.32316444328e-12, 8.0639259159e-11, 2.78394779452e-10, 6.10968012293e-11, 1.0643752546e-10, 2.28544249498e-11, 2.94095386932e-10, 9.18688070062e-10, 7.09926062381e-10, 1.05722444688e-10, 8.43015934837e-10, 2.39910036282e-10, 1.56455529088e-10, 1.62835055769e-12, 7.96162011915e-15, 1.59053557199e-16, 1.29891437466e-18, 8.49273443492e-20, 9.85552160268e-20],
        "cov": [[3.11345425082e-15, 1.7445112805e-14, 3.10342072204e-15, 1.10521414823e-16, 1.27621158202e-14, 1.4224990001e-14, -4.96899342419e-15, -5.85289760976e-16, -8.59880573592e-15, 3.01081905684e-15, 3.28447731794e-14, 1.24523397778e-14, 3.35434364475e-14, 1.97552867484e-14, 7.19587760147e-14, 1.05948121099e-13, 6.05296046033e-14, 2.80289622756e-14, 2.90007140481e-14, 6.76146421838e-14, 5.81320609054e-14, 5.92916371518e-15, 2.17152460259e-16, -2.19003892302e-17, 4.82624649531e-18, 4.15034020789e-19, 5.74859506451e-19], [1.7445112805e-14, 2.099806223e-12, 2.47569261098e-12, 1.54511399877e-13, 1.53619616485e-13, 7.68891989466e-14, -7.20282869265e-14, -4.36805946231e-14, -1.74123139952e-13, 7.52946966928e-13, 2.2163014154e-13, 3.37572824511e-13, 2.42333578334e-13, 7.58757545184e-14, 2.23090426341e-12, 8.29466595235e-13, 1.52671289239e-12, 6.79747003043e-13, -6.95599394057e-13, 5.29852257989e-13, -1.57402411417e-13, -9.07628329048e-15, 4.06940081201e-15, -2.04778817677e-16, -1.29491319864e-18, -1.22865048947e-17, -9.3559024189e-18], [3.10342072204e-15, 2.47569261098e-12, 3.31182685442e-11, 3.94925498554e-12, 1.54241647666e-12, 4.33963439185e-13, -1.24069591406e-13, 2.18019788963e-13, -2.06969261608e-13, 2.06953464782e-12, 2.10531483739e-12, 2.91743056579e-13, -1.20729912612e-12, 5.71596535295e-14, 6.3394206334e-13, -8.46912817654e-12, 9.41935418552e-12, 2.37669844742e-12, 1.56886569708e-12, 4.43660429575e-12, 2.14031578376e-13, -1.7733225641e-13, 1.19177993076e-14, 5.15000987073e-15, 3.7516158613e-16, -4.24498734061e-17, -4.32435101904e-17], [1.10521414823e-16, 1.54511399877e-13, 3.94925498554e-12, 1.17227200169e-11, 4.12363069038e-12, 2.61896810526e-14, 6.37077738654e-14, 4.14414155932e-14, -1.76481293229e-13, 1.65524684887e-13, 1.15488586576e-12, -5.83816632191e-13, 7.05343010561e-13, -5.80749424245e-13, -2.1764920866e-13, -3.65572112512e-12, -1.5180644285e-12, 1.46544679603e-12, 1.53986881839e-12, -1.89992878201e-12, -1.40878140317e-12, 5.75807034432e-14, -6.40752387807e-15, 4.88268796665e-15, 1.08368197514e-16, 3.25620673835e-17, 3.97936905801e-17], [1.27621158202e-14, 1.53619616485e-13, 1.54241647666e-12, 4.12363069038e-12, 1.83913148599e-10, 1.62852474561e-11, -1.84601699839e-14, -8.65912498497e-14, -9.04854099634e-13, -1.02294648446e-11, -4.19447072561e-12, -9.60056578507e-13, 1.63994848517e-13, -7.95679819775e-13, -5.43792398264e-12, 8.534336432e-12, 4.56964240753e-12, 5.13240231564e-12, 1.19362904977e-11, -9.40374774577e-12, 4.03959157791e-12, 5.961032991e-14, 5.94005300134e-14, -3.04359563201e-15, 4.00300968139e-16, 3.63431066548e-17, 5.1482556655e-17], [1.4224990001e-14, 7.68891989466e-14, 4.33963439185e-13, 2.61896810526e-14, 1.62852474561e-11, 6.9549241366e-11, 1.19961126536e-12, -6.51539206701e-13, -3.90816122953e-13, -3.31240070095e-12, 2.42138058736e-12, 1.68020697182e-12, 2.7516725877e-13, -5.59722136261e-13, -4.7219650065e-12, 1.23746594569e-11, 1.27673817699e-11, 3.11314050981e-14, 2.6906749398e-12, -2.06086580093e-12, 7.74337885479e-12, -3.9075201103e-15, 4.22582670625e-14, -1.36918217242e-15, 5.05572578634e-16, -3.85611683063e-17, -4.14368253099e-17], [-4.96899342419e-15, -7.20282869265e-14, -1.24069591406e-13, 6.37077738654e-14, -1.84601699839e-14, 1.19961126536e-12, 2.54498852548e-11, 7.33341067993e-13, -3.05908930457e-14, 2.41990520504e-12, 2.32888838422e-12, -2.18517478418e-12, -2.78183877843e-12, -1.12469864151e-12, -8.03889127574e-13, 1.37669877668e-12, -1.14000920249e-12, -8.63601833274e-13, -8.34137880296e-12, -3.35965998945e-12, -1.37390890765e-12, -1.31291340104e-13, 5.43401917091e-15, -1.8866473054e-15, 9.65742695753e-17, -1.44149572432e-17, -2.39652901195e-17], [-5.85289760976e-16, -4.36805946231e-14, 2.18019788963e-13, 4.14414155932e-14, -8.65912498497e-14, -6.51539206701e-13, 7.33341067993e-13, 5.42789771463e-12, 5.6330471971e-13, -3.84224715846e-13, -1.12875615972e-12, 7.51627601304e-13, 5.25904840509e-13, -1.75672884985e-13, 1.78972700375e-12, 1.38013580599e-12, -1.48644031112e-12, -7.80423902585e-14, 4.21325707612e-13, -1.06532328532e-12, -9.78943597192e-13, -7.3865474284e-15, 7.08332572691e-15, 3.89176990322e-16, 8.84974067591e-17, -9.68137152016e-18, -1.781289774e-17], [-8.59880573592e-15, -1.74123139952e-13, -2.06969261608e-13, -1.76481293229e-13, -9.04854099634e-13, -3.90816122953e-13, -3.05908930457e-14, 5.6330471971e-13, 3.32665514059e-12, 6.13460129049e-13, -1.46068628113e-12, 4.0498789218e-13, -8.1926306017e-13, 1.43117044908e-13, 1.81207620523e-12, 4.8221665376e-12, -3.12707498784e-12, -1.14658540366e-13, -1.43385975836e-12, -6.77775272972e-13, -1.94951129892e-12, 8.55101241009e-14, 5.44627192601e-15, 5.31523285858e-16, 8.08133554722e-17, 1.47657850137e-18, 6.03673671005e-19], [3.01081905684e-15, 7.52946966928e-13, 2.06953464782e-12, 1.65524684887e-13, -1.02294648446e-11, -3.31240070095e-12, 2.41990520504e-12, -3.84224715846e-13, 6.13460129049e-13, 8.07239622369e-11, 1.86824705012e-11, -2.33279189151e-13, -2.20157919673e-12, 3.3496979062e-12, 5.2764602583e-12, 9.42832791007e-12, -6.90229210593e-12, 1.20583950811e-11, 2.68809085234e-12, 6.55243749341e-14, -4.72643148577e-12, 2.36745627442e-13, 3.86660511551e-14, -3.35156114152e-15, 1.3914457717e-16, -4.72045902851e-17, -3.48417010511e-17], [3.28447731794e-14, 2.2163014154e-13, 2.10531483739e-12, 1.15488586576e-12, -4.19447072561e-12, 2.42138058736e-12, 2.32888838422e-12, -1.12875615972e-12, -1.46068628113e-12, 1.86824705012e-11, 2.78687212196e-10, 9.22830561967e-12, 1.86582628688e-12, 1.85702907045e-12, 2.44257947202e-11, 4.53091522634e-11, -1.10538130298e-12, 8.70408020832e-13, 5.14560562128e-13, 2.18157106963e-11, 7.55070485303e-12, 2.09308633793e-12, -1.91760686784e-14, -5.92485655264e-15, 3.2471365375e-16, -8.14010639887e-17, -7.30807850792e-17], [1.24523397778e-14, 3.37572824511e-13, 2.91743056579e-13, -5.83816632191e-13, -9.60056578507e-13, 1.68020697182e-12, -2.18517478418e-12, 7.51627601304e-13, 4.0498789218e-13, -2.33279189151e-13, 9.22830561967e-12, 6.11609790591e-11, 9.94005138616e-12, 7.62559893702e-12, 4.59022750365e-11, 6.10078220581e-12, -5.68573074906e-13, 5.34699281379e-12, 2.05005491749e-11, 2.26149498433e-11, 4.91218003773e-12, 7.37700644928e-13, 2.49215050181e-14, 2.4235041989e-15, -1.7596229359e-16, -3.81686611795e-17, -3.56437684603e-17], [3.35434364475e-14, 2.42333578334e-13, -1.20729912612e-12, 7.05343010561e-13, 1.63994848517e-13, 2.7516725877e-13, -2.78183877843e-12, 5.25904840509e-13, -8.1926306017e-13, -2.20157919673e-12, 1.86582628688e-12, 9.94005138616e-12, 1.06549331857e-10, 3.66649419159e-12, 1.85493929244e-11, -3.27914626876e-12, 1.89847025904e-13, 7.26804074281e-14, -5.29498493662e-12, 1.45876939001e-11, -1.74464782898e-12, 1.79036296964e-13, -2.3184246796e-15, -4.7645628694e-15, -4.20244444909e-17, -2.85631719e-17, -1.60177007438e-17], [1.97552867484e-14, 7.58757545184e-14, 5.71596535295e-14, -5.80749424245e-13, -7.95679819775e-13, -5.59722136261e-13, -1.12469864151e-12, -1.75672884985e-13, 1.43117044908e-13, 3.3496979062e-12, 1.85702907045e-12, 7.62559893702e-12, 3.66649419159e-12, 2.28784317879e-11, 1.13267858634e-11, 1.2797373404e-11, -4.38771631875e-12, 5.24204334454e-12, 1.67317357885e-11, 1.29236014251e-11, 9.04562709458e-12, 4.40592630739e-13, 3.35115134698e-14, 1.6309276351e-15, 3.46200788509e-16, -6.02968303078e-18, -1.04537299104e-17], [7.19587760147e-14, 2.23090426341e-12, 6.3394206334e-13, -2.1764920866e-13, -5.43792398264e-12, -4.7219650065e-12, -8.03889127574e-13, 1.78972700375e-12, 1.81207620523e-12, 5.2764602583e-12, 2.44257947202e-11, 4.59022750365e-11, 1.85493929244e-11, 1.13267858634e-11, 2.94404306489e-10, 2.28762009336e-11, -6.28357348792e-12, 9.9375455781e-12, 2.47452214969e-11, 3.79237787007e-11, 1.16330235375e-11, 1.45680743944e-12, 1.10918930562e-13, 1.4239989684e-15, -9.32617579761e-16, -5.71313796756e-17, -2.85479087633e-17], [1.05948121099e-13, 8.29466595235e-13, -8.46912817654e-12, -3.65572112512e-12, 8.534336432e-12, 1.23746594569e-11, 1.37669877668e-12, 1.38013580599e-12, 4.8221665376e-12, 9.42832791007e-12, 4.53091522634e-11, 6.10078220581e-12, -3.27914626876e-12, 1.2797373404e-11, 2.28762009336e-11, 9.19653075915e-10, 2.41622815506e-11, 1.23731198898e-11, 3.37487364444e-11, 1.08679794331e-10, 3.52576717821e-11, 3.88360394191e-12, 3.2196380978e-13, 2.40265638873e-14, 1.70378697401e-15, -1.1985943856e-17, -4.87396555223e-17], [6.05296046033e-14, 1.52671289239e-12, 9.41935418552e-12, -1.5180644285e-12, 4.56964240753e-12, 1.27673817699e-11, -1.14000920249e-12, -1.48644031112e-12, -3.12707498784e-12, -6.90229210593e-12, -1.10538130298e-12, -5.68573074906e-13, 1.89847025904e-13, -4.38771631875e-12, -6.28357348792e-12, 2.41622815506e-11, 7.10671743676e-10, 2.42465127837e-11, 1.38540567907e-11, 2.74844348669e-11, 9.40679548145e-11, 3.32445469807e-13, 3.81952580458e-13, 2.7215753048e-15, -1.30971664788e-15, -1.38690104289e-16, -6.78067145808e-17], [2.80289622756e-14, 6.79747003043e-13, 2.37669844742e-12, 1.46544679603e-12, 5.13240231564e-12, 3.11314050981e-14, -8.63601833274e-13, -7.80423902585e-14, -1.14658540366e-13, 1.20583950811e-11, 8.70408020832e-13, 5.34699281379e-12, 7.26804074281e-14, 5.24204334454e-12, 9.9375455781e-12, 1.23731198898e-11, 2.42465127837e-11, 1.05833494746e-10, 6.03413014e-11, 2.39093658067e-11, 4.49728969343e-11, 1.47953307592e-12, 1.46024793819e-13, 6.98348002418e-15, 8.23116019077e-16, -2.36969940878e-17, -7.21584307198e-18], [2.90007140481e-14, -6.95599394057e-13, 1.56886569708e-12, 1.53986881839e-12, 1.19362904977e-11, 2.6906749398e-12, -8.34137880296e-12, 4.21325707612e-13, -1.43385975836e-12, 2.68809085234e-12, 5.14560562128e-13, 2.05005491749e-11, -5.29498493662e-12, 1.67317357885e-11, 2.47452214969e-11, 3.37487364444e-11, 1.38540567907e-11, 6.03413014e-11, 8.43901448722e-10, 4.93294433079e-11, 1.39474126692e-10, 3.22117354491e-12, 7.56258825094e-13, 2.17444843327e-14, 1.3118664175e-15, -6.76433828058e-17, -6.51620527264e-17], [6.76146421838e-14, 5.29852257989e-13, 4.43660429575e-12, -1.89992878201e-12, -9.40374774577e-12, -2.06086580093e-12, -3.35965998945e-12, -1.06532328532e-12, -6.77775272972e-13, 6.55243749341e-14, 2.18157106963e-11, 2.26149498433e-11, 1.45876939001e-11, 1.29236014251e-11, 3.79237787007e-11, 1.08679794331e-10, 2.74844348669e-11, 2.39093658067e-11, 4.93294433079e-11, 2.40162056908e-10, 4.57599062809e-11, 1.82920020277e-12, 1.6750076532e-13, 5.55634597509e-15, 1.26732561348e-15, -6.33623260891e-17, -6.8430369058e-17], [5.81320609054e-14, -1.57402411417e-13, 2.14031578376e-13, -1.40878140317e-12, 4.03959157791e-12, 7.74337885479e-12, -1.37390890765e-12, -9.78943597192e-13, -1.94951129892e-12, -4.72643148577e-12, 7.55070485303e-12, 4.91218003773e-12, -1.74464782898e-12, 9.04562709458e-12, 1.16330235375e-11, 3.52576717821e-11, 9.40679548145e-11, 4.49728969343e-11, 1.39474126692e-10, 4.57599062809e-11, 1.56619869851e-10, 9.31247808901e-13, 2.04201388329e-13, 4.89801629838e-15, 6.22152423082e-16, -1.92545891752e-17, -2.31472118024e-17], [5.92916371518e-15, -9.07628329048e-15, -1.7733225641e-13, 5.75807034432e-14, 5.961032991e-14, -3.9075201103e-15, -1.31291340104e-13, -7.3865474284e-15, 8.55101241009e-14, 2.36745627442e-13, 2.09308633793e-12, 7.37700644928e-13, 1.79036296964e-13, 4.40592630739e-13, 1.45680743944e-12, 3.88360394191e-12, 3.32445469807e-13, 1.47953307592e-12, 3.22117354491e-12, 1.82920020277e-12, 9.31247808901e-13, 1.63006099504e-12, 2.12408199075e-14, 3.96415919178e-16, 7.9910888189e-17, -3.81997094038e-18, -2.50712984273e-18], [2.17152460259e-16, 4.06940081201e-15, 1.19177993076e-14, -6.40752387807e-15, 5.94005300134e-14, 4.22582670625e-14, 5.43401917091e-15, 7.08332572691e-15, 5.44627192601e-15, 3.86660511551e-14, -1.91760686784e-14, 2.49215050181e-14, -2.3184246796e-15, 3.35115134698e-14, 1.10918930562e-13, 3.2196380978e-13, 3.81952580458e-13, 1.46024793819e-13, 7.56258825094e-13, 1.6750076532e-13, 2.04201388329e-13, 2.12408199075e-14, 7.96998287544e-15, 1.51707888958e-16, 9.44020453103e-18, 1.18600574616e-19, 3.95671150828e-20], [-2.19003892302e-17, -2.04778817677e-16, 5.15000987073e-15, 4.88268796665e-15, -3.04359563201e-15, -1.36918217242e-15, -1.8866473054e-15, 3.89176990322e-16, 5.31523285858e-16, -3.35156114152e-15, -5.92485655264e-15, 2.4235041989e-15, -4.7645628694e-15, 1.6309276351e-15, 1.4239989684e-15, 2.40265638873e-14, 2.7215753048e-15, 6.98348002418e-15, 2.17444843327e-14, 5.55634597509e-15, 4.89801629838e-15, 3.96415919178e-16, 1.51707888958e-16, 1.59220621213e-16, 1.64121277568e-18, 5.7970788344e-20, 1.98648942757e-20], [4.82624649531e-18, -1.29491319864e-18, 3.7516158613e-16, 1.08368197514e-16, 4.00300968139e-16, 5.05572578634e-16, 9.65742695753e-17, 8.84974067591e-17, 8.08133554722e-17, 1.3914457717e-16, 3.2471365375e-16, -1.7596229359e-16, -4.20244444909e-17, 3.46200788509e-16, -9.32617579761e-16, 1.70378697401e-15, -1.30971664788e-15, 8.23116019077e-16, 1.3118664175e-15, 1.26732561348e-15, 6.22152423082e-16, 7.9910888189e-17, 9.44020453103e-18, 1.64121277568e-18, 1.30027880908e-18, 7.07917388718e-20, 7.33560310824e-20], [4.15034020789e-19, -1.22865048947e-17, -4.24498734061e-17, 3.25620673835e-17, 3.63431066548e-17, -3.85611683063e-17, -1.44149572432e-17, -9.68137152016e-18, 1.47657850137e-18, -4.72045902851e-17, -8.14010639887e-17, -3.81686611795e-17, -2.85631719e-17, -6.02968303078e-18, -5.71313796756e-17, -1.1985943856e-17, -1.38690104289e-16, -2.36969940878e-17, -6.76433828058e-17, -6.33623260891e-17, -1.92545891752e-17, -3.81997094038e-18, 1.18600574616e-19, 5.7970788344e-20, 7.07917388718e-20, 8.50165506083e-20, 9.06327321514e-20], [5.74859506451e-19, -9.3559024189e-18, -4.32435101904e-17, 3.97936905801e-17, 5.1482556655e-17, -4.14368253099e-17, -2.39652901195e-17, -1.781289774e-17, 6.03673671005e-19, -3.48417010511e-17, -7.30807850792e-17, -3.56437684603e-17, -1.60177007438e-17, -1.04537299104e-17, -2.85479087633e-17, -4.87396555223e-17, -6.78067145808e-17, -7.21584307198e-18, -6.51620527264e-17, -6.8430369058e-17, -2.31472118024e-17, -2.50712984273e-18, 3.95671150828e-20, 1.98648942757e-20, 7.33560310824e-20, 9.06327321514e-20, 9.86587428503e-20]]
    },
    "mfcc": {
        "kurt": [15.8317089081, 13.8900127411, -0.468081712723, 0.356771230698, -0.042736530304, 0.756728172302, 0.335146903992, 0.375688076019, 1.01614427567, 0.0405054092407, 0.84215760231, 0.791826963425, 0.126202821732],
        "max": [-836.519958496, 143.702392578, 9.69450378418, 86.4080734253, 21.0451812744, 27.1786880493, 29.7054824829, 21.9228000641, 31.7471656799, 12.914308548, 11.0562477112, 28.9575557709, 25.6594161987],
        "mean": [-890.013305664, 116.025886536, -36.3862419128, 43.4072036743, -7.78638267517, -12.5077342987, 5.09355354309, -12.940123558, -2.81183314323, -11.417842865, -15.687789917, -5.62912845612, 1.94166719913],
        "median": [-888.551818848, 117.09740448, -35.9753684998, 42.4505500793, -8.11555480957, -12.8414306641, 5.18378067017, -12.8331069946, -2.95351409912, -10.919342041, -15.3596019745, -6.01348114014, 1.87121582031],
        "min": [-1138.42004395, 1.14440917969e-05, -83.6307678223, 8.01086425781e-05, -37.5724754333, -40.5831718445, -27.2309761047, -41.9178009033, -27.4386520386, -41.4516372681, -47.5957756042, -32.0079612732, -21.0207710266],
        "skew": [-1.44753038883, -1.6741642952, -0.0593087039888, 0.388536334038, -0.0630464181304, 0.364345282316, -0.186968356371, 0.0124984709546, 0.449048608541, -0.305333405733, -0.291021585464, 0.460200250149, 0.0874656066298],
        "var": [484.886016846, 115.404518127, 265.610839844, 151.942443848, 85.8412322998, 90.1709976196, 83.412437439, 84.7791442871, 68.7789077759, 64.1862945557, 64.60597229, 67.3975372314, 53.2004432678],
        "cov": [[485.395355225, -53.3827629089, -294.407623291, 117.802902222, -18.0788574219, 58.0521469116, 34.2257156372, -26.809633255, 20.1104660034, -17.7437019348, -22.6861286163, -0.766436338425, 33.5001945496], [-53.3827629089, 115.525741577, 71.1429443359, -76.5936813354, 26.9038677216, -2.16630077362, 3.59335112572, 6.85586690903, -9.43321323395, 10.3600063324, -5.29048967361, -10.2448396683, 1.02100205421], [-294.407623291, 71.1429443359, 265.889831543, -47.4682121277, -9.63157463074, -32.8891372681, -29.1233139038, 23.3736000061, -7.176653862, 9.12098026276, 20.1730175018, -7.77060842514, -29.0276355743], [117.802902222, -76.5936813354, -47.4682121277, 152.102050781, -3.34394598007, -21.8597812653, 2.91726136208, 1.75678050518, 15.7734079361, -17.0306777954, 0.806807935238, 21.7908191681, -3.83019566536], [-18.0788574219, 26.9038677216, -9.63157463074, -3.34394598007, 85.9314041138, 4.18821287155, -20.0939979553, 8.79288196564, -4.6900844574, 2.53963828087, -0.957325220108, 13.414059639, 7.15877199173], [58.0521469116, -2.16630077362, -32.8891372681, -21.8597812653, 4.18821287155, 90.2657165527, 22.7314071655, -37.2482299805, -1.85509228706, 13.4270105362, 3.04710245132, -4.48163414001, 4.56902980804], [34.2257156372, 3.59335112572, -29.1233139038, 2.91726136208, -20.0939979553, 22.7314071655, 83.5000610352, -2.07680654526, -20.380197525, 6.93680238724, -1.81297445297, 1.52841746807, 2.68514299393], [-26.809633255, 6.85586690903, 23.3736000061, 1.75678050518, 8.79288196564, -37.2482299805, -2.07680654526, 84.8681945801, 15.4496793747, -27.1360282898, 3.40323972702, -5.62476158142, 2.19195556641], [20.1104660034, -9.43321323395, -7.176653862, 15.7734079361, -4.6900844574, -1.85509228706, -20.380197525, 15.4496793747, 68.8511505127, 4.96696949005, -23.5845031738, 2.37845277786, -0.480540573597], [-17.7437019348, 10.3600063324, 9.12098026276, -17.0306777954, 2.53963828087, 13.4270105362, 6.93680238724, -27.1360282898, 4.96696949005, 64.2537155151, 14.668094635, -19.7359104156, -0.0729440897703], [-22.6861286163, -5.29048967361, 20.1730175018, 0.806807935238, -0.957325220108, 3.04710245132, -1.81297445297, 3.40323972702, -23.5845031738, 14.668094635, 64.6738357544, 5.15360975266, -20.148607254], [-0.766436338425, -10.2448396683, -7.77060842514, 21.7908191681, 13.414059639, -4.48163414001, 1.52841746807, -5.62476158142, 2.37845277786, -19.7359104156, 5.15360975266, 67.4683303833, 8.60438919067], [33.5001945496, 1.02100205421, -29.0276355743, -3.83019566536, 7.15877199173, 4.56902980804, 2.68514299393, 2.19195556641, -0.480540573597, -0.0729440897703, -20.148607254, 8.60438919067, 53.2563285828]]
    },
    "sccoeffs": {
        "kurt": [0.442935943604, 0.516269922256, 1.47201871872, 1.17397737503, 0.812019348145, 2.41701078415],
        "max": [-0.614688873291, -0.660478949547, -0.633886396885, -0.611373722553, -0.673484444618, -0.63790422678],
        "mean": [-0.750947713852, -0.820960283279, -0.837087452412, -0.825526356697, -0.829957127571, -0.775613307953],
        "median": [-0.752330362797, -0.822722136974, -0.842849135399, -0.831290543079, -0.834336936474, -0.780447661877],
        "min": [-0.99836152792, -0.993070542812, -0.979974091053, -0.908457815647, -0.937219917774, -0.939319014549],
        "skew": [0.0169972907752, 0.233978226781, 0.89996534586, 0.917831599712, 0.784499764442, 0.922877311707],
        "var": [0.00214184867218, 0.00145705754403, 0.00191889272537, 0.00171267369296, 0.00112907134462, 0.00106769974809],
        "cov": [[0.00214409851469, 8.35103128338e-05, -5.97501366428e-06, -0.000108188323793, -5.69523326703e-05, -2.93622451863e-05], [8.35103128338e-05, 0.00145858805627, 5.98564547545e-05, -6.71349116601e-05, -5.77205391892e-05, -3.3692434954e-05], [-5.97501366428e-06, 5.98564547545e-05, 0.00192090834025, 0.00047969041043, 0.000218370070797, 0.000188080884982], [-0.000108188323793, -6.71349116601e-05, 0.00047969041043, 0.00171447277535, 0.000495377113111, 0.000370440568076], [-5.69523326703e-05, -5.77205391892e-05, 0.000218370070797, 0.000495377113111, 0.00113025738392, 0.00059048779076], [-2.93622451863e-05, -3.3692434954e-05, 0.000188080884982, 0.000370440568076, 0.00059048779076, 0.00106882117689]]
    },
    "scvalleys": {
        "kurt": [15.8019294739, 40.294467926, 44.9482841492, 60.9924812317, 63.0332946777, 274.134368896],
        "max": [-7.22000598907, -6.97077608109, -7.34588336945, -7.49885416031, -7.90855550766, -11.4767332077],
        "mean": [-8.11358737946, -7.81893157959, -8.2950334549, -8.85432910919, -8.88690090179, -11.9147863388],
        "median": [-8.09357643127, -7.80446863174, -8.27950286865, -8.8842792511, -8.89964675903, -11.9173402786],
        "min": [-12.3088655472, -12.421380043, -12.7705726624, -14.6019802094, -14.8325309753, -15.3880357742],
        "skew": [-1.74708485603, -3.10833191872, -3.29257750511, -3.56451797485, -3.91506147385, -12.0565433502],
        "var": [0.139939829707, 0.107176698744, 0.0959435850382, 0.136013776064, 0.142400979996, 0.0235033743083],
        "cov": [[0.140086829662, 0.021171245724, 0.023885877803, 0.0378038845956, 0.0357585065067, 0.0157251060009], [0.021171245724, 0.107289284468, 0.0261123515666, 0.0331856235862, 0.0344621911645, 0.0175233148038], [0.023885877803, 0.0261123515666, 0.0960443615913, 0.0486087575555, 0.0446081794798, 0.0191982835531], [0.0378038845956, 0.0331856235862, 0.0486087575555, 0.136156648397, 0.0892181545496, 0.024237152189], [0.0357585065067, 0.0344621911645, 0.0446081794798, 0.0892181545496, 0.142550557852, 0.0276427324861], [0.0157251060009, 0.0175233148038, 0.0191982835531, 0.024237152189, 0.0276427324861, 0.0235280636698]]
    }
},
"rhythm": {
    "beats_loudness": {
        "kurt": -0.0209932327271,
        "max": 0.000451939209597,
        "mean": 0.000180945979082,
        "median": 0.000140221876791,
        "min": 6.03679618507e-05,
        "skew": 1.05037093163,
        "var": 1.09924434e-08
    },
    "bpm": 103.265167236,
    "confidence": 0.704919934273,
    "first_peak_bpm": {
        "kurt": 0,
        "max": 103,
        "mean": 103,
        "median": 103,
        "min": 103,
        "skew": 0,
        "var": 0
    },
    "first_peak_spread": {
        "kurt": 0,
        "max": 0.5,
        "mean": 0.5,
        "median": 0.5,
        "min": 0.5,
        "skew": 0,
        "var": 0
    },
    "first_peak_weight": {
        "kurt": 0,
        "max": 0.236842110753,
        "mean": 0.236842110753,
        "median": 0.236842110753,
        "min": 0.236842110753,
        "skew": 0,
        "var": 0
    },
    "onset_rate": 1.6755232811,
    "second_peak_bpm": {
        "kurt": 0,
        "max": 123,
        "mean": 123,
        "median": 123,
        "min": 123,
        "skew": 0,
        "var": 0
    },
    "second_peak_spread": {
        "kurt": 0,
        "max": 0.571428596973,
        "mean": 0.571428596973,
        "median": 0.571428596973,
        "min": 0.571428596973,
        "skew": 0,
        "var": 0
    },
    "second_peak_weight": {
        "kurt": 0,
        "max": 0.157894730568,
        "mean": 0.157894730568,
        "median": 0.157894730568,
        "min": 0.157894730568,
        "skew": 0,
        "var": 0
    },
    "beats_loudness_band_ratio": {
        "kurt": [2.7007689476, 0.0889613628387, -0.628247022629, 0.400763988495, 0.983652830124, 4.43738222122],
        "max": [0.399278581142, 0.594521582127, 0.245686471462, 0.57028657198, 0.66353058815, 0.730264186859],
        "mean": [0.117125719786, 0.239232599735, 0.102595314384, 0.181432619691, 0.224024429917, 0.172849684954],
        "median": [0.0965919345617, 0.224270522594, 0.0759961530566, 0.125998318195, 0.17495508492, 0.118925482035],
        "min": [0.0126384301111, 0.0293291825801, 0.0195095930248, 0.0139569388703, 0.0663056075573, 0.0439125150442],
        "skew": [1.66486644745, 0.689021289349, 0.741305470467, 1.16207790375, 1.15884268284, 1.94111609459],
        "var": [0.00713847298175, 0.0184647012502, 0.00389201357029, 0.0196866057813, 0.019355667755, 0.0194047950208],
        "cov": [[0.00732632772997, 0.00359303341247, 0.000683377496898, -0.00200573611073, -0.00451081991196, -0.00436613615602], [0.00359303341247, 0.0189506150782, 0.0048241885379, -0.00588831072673, -0.0124860769138, -0.00788916833699], [0.000683377496898, 0.0048241885379, 0.00399443507195, -0.00336464936845, -0.00336388195865, -0.00237703393213], [-0.00200573611073, -0.00588831072673, -0.00336464936845, 0.0202046744525, -0.00264370208606, -0.0072765131481], [-0.00451081991196, -0.0124860769138, -0.00336388195865, -0.00264370208606, 0.0198650266975, 0.00222444813699], [-0.00436613615602, -0.00788916833699, -0.00237703393213, -0.0072765131481, 0.00222444813699, 0.0199154466391]]
    },
    "beats_position": [0.638548731804, 1.27709746361, 1.92725622654, 2.56580495834, 3.14630389214, 3.73841261864, 4.31891155243, 4.8994102478, 5.46829938889, 6.03718805313, 6.60607719421, 7.17496585846, 7.75546455383, 8.33596324921, 8.91646194458, 9.49696159363, 10.0890703201, 10.6811790466, 11.261677742, 11.8537864685, 12.4342851639, 13.0263938904, 13.5604534149, 14.0945119858, 14.6285715103, 15.1045799255, 15.5805892944, 16.0682086945, 16.5558280945, 17.031835556, 17.5194549561, 18.0186843872, 18.5063037872, 19.0055332184, 19.5047607422, 20.0039901733, 20.5032196045, 20.9908390045, 21.4784584045],
    "bpm_estimates": [103.359359741, 101.332740784, 103.359359741, 103.359405518, 105.468704224, 105.468788147, 105.468704224, 105.468788147, 103.359405518, 103.359405518, 103.359405518, 103.359237671, 101.332740784, 101.332740784, 103.359405518, 101.332740784, 103.359405518, 101.332740784],
    "bpm_intervals": [0.638548731804, 0.650158762932, 0.638548731804, 0.580498933792, 0.592108726501, 0.580498933792, 0.580498695374, 0.568889141083, 0.568888664246, 0.568889141083, 0.568888664246, 0.580498695374, 0.580498695374, 0.580498695374, 0.580499649048, 0.592108726501, 0.592108726501, 0.580498695374, 0.592108726501, 0.580498695374, 0.592108726501, 0.534059524536, 0.534058570862, 0.534059524536, 0.476008415222, 0.476009368896, 0.487619400024, 0.487619400024, 0.476007461548, 0.487619400024, 0.499229431152, 0.487619400024, 0.499229431152, 0.499227523804, 0.499229431152, 0.499229431152, 0.487619400024, 0.487619400024],
    "onset_times": [0.0116099771112, 0.452789127827, 0.626938760281, 0.801088452339, 1.10294783115, 1.53251695633, 2.3916554451, 2.71673464775, 3.64553284645, 5.74693870544, 6.84988641739, 7.18657588959, 7.83673477173, 8.24308395386, 8.92807292938, 9.16027164459, 9.26476192474, 10.71600914, 10.9249887466, 11.4822673798, 11.656416893, 11.8770065308, 12.3530158997, 13.2818136215, 13.572063446, 13.7810430527, 13.8158731461, 13.8507032394, 14.4428119659, 16.9737873077, 17.5194549561, 17.7400455475, 17.9606342316, 18.2508850098, 20.3290710449, 20.5032196045, 21.1417694092],
    "histogram": [[0, 0, 0, 0, 0, 0, 0, 0, 0, 0, 0, 0, 0, 0, 0, 0, 0, 0, 0, 0, 0, 0, 0, 0, 0, 0, 0, 0, 0, 0, 0, 0, 0, 0, 0, 0, 0, 0, 0, 0, 0, 0, 0, 0, 0, 0, 0, 0, 0, 0, 0, 0, 0, 0, 0, 0, 0, 0, 0, 0, 0, 0, 0, 0, 0, 0, 0, 0, 0, 0, 0, 0, 0, 0, 0, 0, 0, 0, 0, 0, 0, 0, 0, 0, 0, 0, 0, 0, 0, 0, 0, 0, 0.0263157896698, 0, 0.0526315793395, 0, 0, 0, 0, 0, 0, 0.131578952074, 0, 0.236842110753, 0, 0.105263158679, 0, 0, 0, 0, 0, 0, 0.078947365284, 0, 0, 0, 0, 0, 0, 0, 0.131578952074, 0, 0, 0.157894730568, 0, 0, 0.078947365284, 0, 0, 0, 0, 0, 0, 0, 0, 0, 0, 0, 0, 0, 0, 0, 0, 0, 0, 0, 0, 0, 0, 0, 0, 0, 0, 0, 0, 0, 0, 0, 0, 0, 0, 0, 0, 0, 0, 0, 0, 0, 0, 0, 0, 0, 0, 0, 0, 0, 0, 0, 0, 0, 0, 0, 0, 0, 0, 0, 0, 0, 0, 0, 0, 0, 0, 0, 0, 0, 0, 0, 0, 0, 0, 0, 0, 0, 0, 0, 0, 0, 0, 0, 0, 0, 0, 0, 0, 0, 0, 0, 0, 0, 0, 0, 0, 0, 0, 0, 0, 0, 0, 0, 0, 0, 0, 0, 0, 0, 0, 0, 0, 0, 0, 0, 0, 0, 0, 0, 0, 0, 0, 0]]
},
"sfx": {
    "inharmonicity": {
        "kurt": 5.90198421478,
        "max": 1,
        "mean": 0.124847300351,
        "median": 0.111948050559,
        "min": 0,
        "skew": 1.23455858231,
        "var": 0.00955669861287
    },
    "oddtoevenharmonicenergyratio": {
        "kurt": 0,
        "max": 3.40282346639e+38,
        "mean": 3.57064373625e+35,
        "median": 0.759280383587,
        "min": 0,
        "skew": 0,
        "var": inf
    },
    "pitch_after_max_to_before_max_energy_ratio": 2.21601772308,
    "pitch_centroid": 478.922821045,
    "pitch_max_to_total": 0.380902409554,
    "pitch_min_to_total": 0.865687310696,
    "tristimulus": {
        "kurt": [3.04242277145, 1.34587001801, -0.201529741287],
        "max": [1, 0.975058317184, 0.900432407856],
        "mean": [0.258997261524, 0.297250598669, 0.442702889442],
        "median": [0.184805199504, 0.268903970718, 0.48443993926],
        "min": [0, 0, 0],
        "skew": [1.9770154953, 0.919878542423, -0.771570205688],
        "var": [0.0646490603685, 0.0328588709235, 0.0512069091201],
        "cov": [[0.0647169724107, -0.0231152307242, -0.0413296967745], [-0.0231152307242, 0.0328933857381, -0.009465909563], [-0.0413296967745, -0.009465909563, 0.0512606985867]]
    }
},
"tonal": {
    "chords_changes_rate": 0.106918238103,
    "chords_number_rate": 0.0188679248095,
    "chords_strength": {
        "kurt": -0.187740802765,
        "max": 0.653466880322,
        "mean": 0.437425285578,
        "median": 0.441892534494,
        "min": 0.235134854913,
        "skew": 0.176394999027,
        "var": 0.0068974471651
    },
    "key_strength": 0.338480085135,
    "tuning_diatonic_strength": 0.347247600555,
    "tuning_equal_tempered_deviation": 0.216785401106,
    "tuning_frequency": 438.224517822,
    "tuning_nontempered_energy_ratio": 0.893891394138,
