{
"metadata": {
    "version": {
        "essentia": "2.1-beta3"
    }
},
"lowLevel": {
    "average_loudness": 0.801318526268,
    "barkbands_kurtosis": {
        "kurt": 14.3207569122,
        "max": 18.7824745178,
        "mean": 0.471576958895,
        "median": -0.485296010971,
        "min": -1.71434223652,
        "skew": 3.38685417175,
        "var": 8.03511047363
    },
    "barkbands_skewness": {
        "kurt": 1.42454338074,
        "max": 3.08876824379,
        "mean": -0.431262761354,
        "median": -0.562090873718,
        "min": -3.90490794182,
        "skew": 0.384076327085,
        "var": 0.996879339218
    },
    "barkbands_spread": {
        "kurt": -0.157471656799,
        "max": 44.0557022095,
        "mean": 20.2503223419,
        "median": 19.7628555298,
        "min": 2.10458159447,
        "skew": 0.338695824146,
        "var": 72.3569641113
    },
    "dissonance": {
        "kurt": 15.1056060791,
        "max": 0.499914824963,
        "mean": 0.483994245529,
        "median": 0.490693449974,
        "min": 0.335512965918,
        "skew": -3.25641393661,
        "var": 0.000411196757341
    },
    "hfc": {
        "kurt": 43.2471504211,
        "max": 3.53198456764,
        "mean": 0.205588012934,
        "median": 0.1183937639,
        "min": 1.13616422937e-07,
        "skew": 5.82767724991,
        "var": 0.114599347115
    },
    "pitch": {
        "kurt": -1.19061517715,
        "max": 4470.3046875,
        "mean": 1598.46643066,
        "median": 1184.14990234,
        "min": 88.2639465332,
        "skew": 0.406172692776,
        "var": 1587793.625
    },
    "pitch_instantaneous_confidence": {
        "kurt": 0.681358575821,
        "max": 0.864330351353,
        "mean": 0.341664791107,
        "median": 0.301832079887,
        "min": 0.10322535038,
        "skew": 1.06375277042,
        "var": 0.0227443538606
    },
    "pitch_salience": {
        "kurt": 1.89589929581,
        "max": 0.954240202904,
        "mean": 0.742776036263,
        "median": 0.769072413445,
        "min": 0.32808059454,
        "skew": -1.36243534088,
        "var": 0.0108133079484
    },
    "silence_rate_20dB": {
        "kurt": 0,
        "max": 1,
        "mean": 1,
        "median": 1,
        "min": 1,
        "skew": 0,
        "var": 0
    },
    "silence_rate_30dB": {
        "kurt": 0,
        "max": 1,
        "mean": 1,
        "median": 1,
        "min": 1,
        "skew": 0,
        "var": 0
    },
    "silence_rate_60dB": {
        "kurt": 0,
        "max": 1,
        "mean": 1,
        "median": 1,
        "min": 1,
        "skew": 0,
        "var": 0
    },
    "spectral_centroid": {
        "kurt": 5.06746006012,
        "max": 4941.23388672,
        "mean": 2011.4543457,
        "median": 2022.82861328,
        "min": 812.413146973,
        "skew": 1.11154007912,
        "var": 302365.40625
    },
    "spectral_complexity": {
        "kurt": 16.0026016235,
        "max": 4,
        "mean": 0.194767445326,
        "median": 0,
        "min": 0,
        "skew": 3.59933018684,
        "var": 0.278925597668
    },
    "spectral_crest": {
        "kurt": 1.6790561676,
        "max": 21.9844970703,
        "mean": 7.06705284119,
        "median": 6.02254104614,
        "min": 2.2902033329,
        "skew": 1.40484750271,
        "var": 12.7375278473
    },
    "spectral_decrease": {
        "kurt": 60.878326416,
        "max": -3.74455605675e-18,
        "mean": -2.64805278399e-11,
        "median": -1.18509820013e-11,
        "min": -6.76391109788e-10,
        "skew": -7.16507673264,
        "var": 3.5915556157e-21
    },
    "spectral_energy": {
        "kurt": 56.5341682434,
        "max": 0.00279884482734,
        "mean": 0.000118590964121,
        "median": 5.65648660995e-05,
        "min": 2.44381685027e-11,
        "skew": 6.83468008041,
        "var": 6.28984864193e-08
    },
    "spectral_energyband_high": {
        "kurt": 305.773834229,
        "max": 0.000632606679574,
        "mean": 7.50711933506e-06,
        "median": 3.9210799514e-06,
        "min": 1.29288706477e-11,
        "skew": 17.1716384888,
        "var": 1.19936349741e-09
    },
    "spectral_energyband_low": {
        "kurt": 7.06482887268,
        "max": 4.01668330596e-06,
        "mean": 6.75799356031e-07,
        "median": 4.86754402118e-07,
        "min": 2.22876179521e-15,
        "skew": 2.38806796074,
        "var": 4.13487955897e-13
    },
    "spectral_energyband_middle_high": {
        "kurt": 41.2700881958,
        "max": 0.00128296669573,
        "mean": 7.36584406695e-05,
        "median": 3.67357642972e-05,
        "min": 1.14976535237e-11,
        "skew": 5.45494604111,
        "var": 1.39828282286e-08
    },
    "spectral_energyband_middle_low": {
        "kurt": 67.8007049561,
        "max": 0.00188881740905,
        "mean": 4.14666137658e-05,
        "median": 9.00149007066e-06,
        "min": 6.61690618747e-14,
        "skew": 7.97679758072,
        "var": 3.18331814242e-08
    },
    "spectral_flatness_db": {
        "kurt": 3.09097957611,
        "max": 0.307659685612,
        "mean": 0.157208070159,
        "median": 0.148673266172,
        "min": 0.100186675787,
        "skew": 1.54175448418,
        "var": 0.00124957528897
    },
    "spectral_flux": {
        "kurt": 11.1055221558,
        "max": 0.0349313057959,
        "mean": 0.00692007644102,
        "median": 0.006180124823,
        "min": 5.15210604135e-06,
        "skew": 2.9447479248,
        "var": 2.2557183911e-05
    },
    "spectral_kurtosis": {
        "kurt": 3.37071418762,
        "max": 18.3715305328,
        "mean": 6.32270431519,
        "median": 5.80609750748,
        "min": 0.773334264755,
        "skew": 1.24706149101,
        "var": 5.79048585892
    },
    "spectral_rms": {
        "kurt": 14.427942276,
        "max": 0.00165244680829,
        "mean": 0.000279423577012,
        "median": 0.000234910388826,
        "min": 1.54408922981e-07,
        "skew": 3.04899692535,
        "var": 3.76209960962e-08
    },
    "spectral_rolloff": {
        "kurt": 2.13671636581,
        "max": 6503.02734375,
        "mean": 3240.74780273,
        "median": 3273.046875,
        "min": 839.794921875,
        "skew": -0.0885658636689,
        "var": 563952.0625
    },
    "spectral_skewness": {
        "kurt": 2.59086084366,
        "max": 3.40966057777,
        "mean": 1.80804562569,
        "median": 1.79975414276,
        "min": 0.602519273758,
        "skew": 0.669264495373,
        "var": 0.123483970761
    },
    "spectral_spread": {
        "kurt": 13.190662384,
        "max": 11813165,
        "mean": 3942493.5,
        "median": 3811398.75,
        "min": 1867898.25,
        "skew": 2.37253308296,
        "var": 1.0072400855e+12
    },
    "spectral_strongpeak": {
        "kurt": 9.10192298889,
        "max": 0.896370708942,
        "mean": 0.106131240726,
        "median": 0.0591302588582,
        "min": 6.50427828077e-05,
        "skew": 2.57549095154,
        "var": 0.0179588384926
    },
    "zerocrossingrate": {
        "kurt": 40.1272583008,
        "max": 0.38427734375,
        "mean": 0.10100608319,
        "median": 0.103515625,
        "min": 0.0390625,
        "skew": 3.96206593513,
        "var": 0.000703173573129
    },
    "barkbands": {
        "kurt": [5.12386322021, 5.5826625824, 12.8340711594, 7.81621551514, 2.91051387787, 6.81419944763, 14.069688797, 7.35633182526, 63.326965332, 124.998535156, 13.2249755859, 113.602638245, 70.1659469604, 31.1744155884, 78.1519546509, 15.221446991, 12.1341943741, 79.6154327393, 203.492538452, 141.563873291, 323.05947876, 284.926300049, 21.8676433563, 113.329399109, 62.0998916626, 14.8227062225, 39],
        "max": [3.53122397989e-09, 4.27300705041e-07, 2.11973656405e-06, 5.48690695723e-06, 4.30325826528e-06, 7.86286545917e-06, 1.37040897243e-05, 3.27037560055e-05, 0.00100130867213, 0.00151289231144, 0.00019304396119, 0.000561309803743, 6.88602667651e-05, 3.85285238735e-05, 0.000120949269331, 9.73051937763e-05, 7.77532259235e-05, 0.000174469518242, 0.000396888994146, 0.000284049339825, 0.000394240836613, 3.03395099763e-05, 7.79990443789e-07, 2.36119763031e-06, 8.18303476535e-07, 2.25766356721e-08, 6.71713726308e-11],
        "mean": [5.62892177314e-10, 6.82889975678e-08, 2.50654750289e-07, 7.05472643858e-07, 1.0729341966e-06, 1.25184737954e-06, 1.54829547228e-06, 3.69266558664e-06, 2.02872597583e-05, 1.68325459526e-05, 1.07017986011e-05, 7.82445749792e-06, 2.7110463634e-06, 2.5992526389e-06, 5.38107906323e-06, 8.60943418957e-06, 8.89729653863e-06, 7.1481017585e-06, 7.81742801337e-06, 6.87089323037e-06, 3.75119134333e-06, 4.18793291601e-07, 5.78145424868e-08, 5.38858486721e-08, 3.60292098378e-08, 2.09856199085e-09, 2.97103422593e-12],
        "median": [4.07185452023e-10, 4.88159628276e-08, 1.68083374774e-07, 4.08562669918e-07, 9.08240792796e-07, 9.27307496568e-07, 1.00865304375e-06, 2.03134595722e-06, 1.34130664264e-06, 1.04966272829e-06, 8.09102459698e-07, 9.89275690699e-07, 1.34022684506e-06, 1.54220060722e-06, 2.92416552838e-06, 4.88966816192e-06, 4.95095355291e-06, 3.48677372131e-06, 3.46326237377e-06, 3.41314353136e-06, 1.77997958417e-06, 1.96568876731e-07, 3.13748671488e-08, 1.63164415312e-08, 1.66280713643e-08, 1.03231645454e-09, 7.34973822254e-13],
        "min": [1.10756071901e-18, 2.23191752233e-16, 2.42488195093e-16, 3.98257146459e-15, 1.22091803356e-14, 1.01435863086e-14, 8.79895708025e-15, 6.97463318857e-15, 1.41688689861e-14, 8.27608618301e-15, 3.35031041267e-14, 4.49628873088e-14, 3.97686508832e-14, 9.21345925985e-14, 2.47025978232e-13, 4.60840838146e-13, 6.62956777149e-13, 1.19501912706e-12, 5.97251371623e-12, 5.01041395873e-12, 4.33886780671e-12, 2.88509125444e-12, 1.15939658048e-12, 1.30221181061e-12, 8.1527048567e-13, 6.847110769e-14, 3.40129785739e-15],
        "skew": [1.90999031067, 2.03900456429, 2.97413468361, 2.4687166214, 1.43212282658, 2.23366093636, 3.12725234032, 2.31895709038, 7.50903129578, 10.9947528839, 3.55935239792, 10.1557455063, 7.63110494614, 4.66488742828, 7.67547178268, 2.99511885643, 3.09543466568, 7.61954307556, 13.2322492599, 11.0260057449, 17.8294696808, 16.3215198517, 4.08914327621, 10.0330781937, 7.0439043045, 3.41280627251, 5.5649895668],
        "var": [2.76240972218e-19, 3.83673102579e-15, 7.50569447089e-14, 6.60358161382e-13, 5.25967832656e-13, 1.2379117913e-12, 2.86250320322e-12, 2.06254024276e-11, 8.21556067621e-09, 1.43213831905e-08, 8.35325419946e-10, 1.80083881141e-09, 3.63560050121e-11, 1.41087619018e-11, 8.8987955893e-11, 1.12188119905e-10, 1.31369443102e-10, 1.80945619599e-10, 5.7416604804e-10, 3.65928842783e-10, 4.55306403691e-10, 2.84566337508e-12, 7.41869910501e-15, 3.35375478745e-14, 5.6882294285e-15, 9.34274776562e-18, 5.48383978894e-23],
        "cov": [[2.77046335942e-19, 1.21250346896e-18, 9.32822226726e-19, 4.02515118881e-17, 8.69065399178e-18, -1.39914870917e-17, 3.79045424099e-17, -5.48944682323e-17, 2.64064257724e-15, -3.22045552906e-16, 1.2703370009e-16, -1.25102147333e-16, 3.26375002997e-16, 4.86834469453e-17, 1.68624195705e-16, 1.74751433522e-17, 1.67780418541e-16, 6.85892922913e-16, 1.38331375248e-15, 2.87035457734e-16, 2.12308708968e-17, -8.17548756064e-18, -9.67597300344e-20, -1.37877845601e-18, -2.09956495268e-19, -1.04272882291e-19, 1.07357082445e-23], [1.21250346896e-18, 3.8479169429e-15, 4.48149843448e-15, 3.47023204562e-16, -3.71911414832e-15, 1.21838379568e-14, 1.77356806812e-14, 1.25873221012e-14, 1.14856962916e-12, 1.29562398136e-12, 1.01069177441e-13, 4.84673065571e-13, 7.35931430271e-14, 5.57969604765e-14, 1.22819479196e-13, 6.01572692485e-14, 2.03650674612e-14, 4.34457869257e-14, 8.42772710343e-14, 1.81670305156e-14, -4.14047458428e-14, -3.85551864008e-15, 2.13293404621e-16, 2.57969336861e-16, 2.68185745345e-16, 2.23036811379e-17, 8.74624202821e-20], [9.32822226726e-19, 4.48149843448e-15, 7.52757705886e-14, 9.07188956118e-14, 1.6296260631e-15, 4.30190246219e-16, -3.23883782749e-14, -1.81231020317e-13, 1.2228896281e-12, 6.01010777604e-13, -5.19187862461e-14, 3.93571656656e-15, 5.53836931015e-14, -3.31648211904e-15, -6.24766148647e-14, -1.31351242274e-13, -2.8040243738e-13, -3.2832195079e-13, -1.96822836892e-13, -2.57579276918e-13, -2.95551506446e-13, -3.05971373726e-14, -2.68914643666e-15, -1.35907759876e-15, -1.72293796543e-15, -7.87618350565e-17, 7.33837287083e-20], [4.02515118881e-17, 3.47023204562e-16, 9.07188956118e-14, 6.6228337918e-13, 1.05246981106e-13, 2.01865755963e-14, -1.47213662159e-13, -6.63062432651e-13, -8.77357301393e-12, -4.70613825687e-12, -3.69335031308e-12, -2.59090231908e-12, -2.97141353406e-13, -1.72771112738e-13, -2.9109958259e-13, 2.68757943418e-13, 1.13502049014e-13, -2.51413310743e-13, -4.32199577776e-13, 9.89077526478e-14, -1.60746118022e-13, 1.40563237184e-14, 9.20538466417e-16, 5.31869669394e-16, 1.28163305875e-15, 1.39048366138e-17, -1.37956180898e-20], [8.69065399178e-18, -3.71911414832e-15, 1.6296260631e-15, 1.05246981106e-13, 5.27501273998e-13, 2.86603314865e-13, 1.61844455481e-13, 3.05153932722e-13, -1.0915063341e-12, -3.29579435574e-13, -2.75547813733e-13, -2.04270153852e-13, 2.66130406558e-13, 1.53452337642e-13, 2.48906093219e-13, 3.32159999375e-13, 2.50968652327e-13, -1.31923782337e-13, -5.16238798671e-13, 6.35555464593e-13, 6.51198929849e-13, 8.55192856092e-14, 1.13306953609e-14, 9.25027741037e-15, 8.16589058471e-15, 3.66622726398e-16, 1.07361678096e-20], [-1.39914870917e-17, 1.21838379568e-14, 4.30190246219e-16, 2.01865755963e-14, 2.86603314865e-13, 1.24152077507e-12, 6.95850820541e-13, 1.35172732382e-12, 2.29936087531e-11, 2.06814895071e-11, 5.68215049665e-12, 6.99884421251e-12, 1.90796510535e-12, 1.3972489615e-12, 1.5971629401e-12, 1.47435243267e-12, 1.13289596888e-12, 1.85648740304e-12, 2.31680299945e-12, 2.73549347236e-12, 1.53533869646e-12, 1.86791296948e-13, 2.16487391165e-14, 1.42652731939e-14, 1.72730363677e-14, 9.94989380228e-16, 8.66703405618e-19], [3.79045424099e-17, 1.77356806812e-14, -3.23883782749e-14, -1.47213662159e-13, 1.61844455481e-13, 6.95850820541e-13, 2.87084874102e-12, 2.05402968939e-12, 1.8505714322e-11, 3.19958677608e-11, 1.80468296557e-11, 9.18487855217e-12, 1.75787205972e-12, 1.46784158179e-12, 3.87323593337e-12, 3.58034110172e-12, 2.0822829138e-12, 3.15721363983e-12, 2.20041996776e-12, 1.59112957185e-12, 2.58879669004e-13, 1.139478865e-13, 3.31702676123e-14, 2.5353024259e-14, 2.10597750854e-14, 1.25335274623e-15, 1.72727006167e-18], [-5.48944682323e-17, 1.25873221012e-14, -1.81231020317e-13, -6.63062432651e-13, 3.05153932722e-13, 1.35172732382e-12, 2.05402968939e-12, 2.06855348822e-11, 1.24467824936e-10, 3.29810831423e-11, 4.6616859678e-11, 9.77860327434e-12, 7.54491087662e-12, 3.52801728803e-12, 4.67901325324e-12, 7.47050078048e-12, 1.05423291624e-11, 9.75884043714e-12, 1.18572842517e-11, 7.89235777426e-12, 9.79099180204e-13, 2.47053218811e-13, 7.91815953625e-14, 9.97316988651e-14, 9.1241894411e-14, 4.01593312776e-15, 3.14598686561e-18], [2.64064257724e-15, 1.14856962916e-12, 1.2228896281e-12, -8.77357301393e-12, -1.0915063341e-12, 2.29936087531e-11, 1.8505714322e-11, 1.24467824936e-10, 8.23951307183e-09, 5.8992046803e-09, 3.74622416421e-10, 1.92446081293e-09, 4.49675435776e-10, 2.35716085539e-10, 2.38089603588e-10, 2.08451884226e-11, 1.27864602587e-11, 2.86330317095e-11, 4.89400566513e-13, -2.82418706476e-11, -1.56412591212e-11, -5.45197730278e-13, 1.44884009846e-13, 1.23285157582e-13, 2.40233180571e-13, 1.09304875399e-14, 3.16234403962e-16], [-3.22045552906e-16, 1.29562398136e-12, 6.01010777604e-13, -4.70613825687e-12, -3.29579435574e-13, 2.06814895071e-11, 3.19958677608e-11, 3.29810831423e-11, 5.8992046803e-09, 1.4363136458e-08, 2.48759429722e-10, 3.93659904674e-09, 4.00397465183e-10, 2.23737459115e-10, 6.64608756917e-10, 6.42389613725e-11, 8.80711215762e-12, 3.40178232805e-11, -2.97641658499e-13, -1.60520173542e-11, 8.96217041552e-12, 1.19194530548e-12, 1.62233968664e-13, -3.72375842997e-14, 3.5190454744e-14, 1.19344604457e-14, 5.39711500419e-16], [1.2703370009e-16, 1.01069177441e-13, -5.19187862461e-14, -3.69335031308e-12, -2.75547813733e-13, 5.68215049665e-12, 1.80468296557e-11, 4.6616859678e-11, 3.74622416421e-10, 2.48759429722e-10, 8.37760805172e-10, 5.6568784379e-11, 3.758458475e-11, 1.0868673149e-11, 4.0361193554e-11, 3.72956596162e-11, 4.5119807196e-11, 5.65473362579e-11, 3.15359474645e-11, 2.2400680269e-11, 7.08305896574e-12, -3.01834769743e-14, 1.90682823806e-13, 4.33494901217e-13, 3.65666020683e-13, 1.29900786444e-14, 2.81577342858e-17], [-1.25102147333e-16, 4.84673065571e-13, 3.93571656656e-15, -2.59090231908e-12, -2.04270153852e-13, 6.99884421251e-12, 9.18487855217e-12, 9.77860327434e-12, 1.92446081293e-09, 3.93659904674e-09, 5.6568784379e-11, 1.80608905609e-09, 1.02557823345e-10, 8.77732123095e-11, 2.99462565856e-10, 2.16055107832e-11, 1.05839850773e-11, 1.33645108868e-11, 5.09254530906e-12, 4.10322904126e-12, 1.45888752467e-11, 1.16549510928e-12, 1.40916995412e-13, 8.17937568804e-14, 9.50012976814e-14, 1.80332230268e-14, 1.88715261349e-16], [3.26375002997e-16, 7.35931430271e-14, 5.53836931015e-14, -2.97141353406e-13, 2.66130406558e-13, 1.90796510535e-12, 1.75787205972e-12, 7.54491087662e-12, 4.49675435776e-10, 4.00397465183e-10, 3.758458475e-11, 1.02557823345e-10, 3.64619966164e-11, 1.50518174313e-11, 2.01922333021e-11, 1.22339057287e-11, 4.87121497653e-12, 6.52085330177e-12, 8.17177315399e-12, 6.58189605249e-12, 2.89768057639e-12, 4.54466108843e-13, 7.41182018104e-14, 9.1950942303e-14, 4.58649773976e-14, 2.17788878464e-15, 2.36193019759e-17], [4.86834469453e-17, 5.57969604765e-14, -3.31648211904e-15, -1.72771112738e-13, 1.53452337642e-13, 1.3972489615e-12, 1.46784158179e-12, 3.52801728803e-12, 2.35716085539e-10, 2.23737459115e-10, 1.0868673149e-11, 8.77732123095e-11, 1.50518174313e-11, 1.41498956649e-11, 2.11662579824e-11, 1.57716877752e-11, 9.23039769618e-12, 8.43975236919e-12, 9.83839312102e-12, 7.32799931846e-12, 3.38211511748e-12, 4.62974602232e-13, 5.42669004893e-14, 2.45451615033e-14, 2.78957697328e-14, 2.07083949022e-15, 1.02507770112e-17], [1.68624195705e-16, 1.22819479196e-13, -6.24766148647e-14, -2.9109958259e-13, 2.48906093219e-13, 1.5971629401e-12, 3.87323593337e-12, 4.67901325324e-12, 2.38089603588e-10, 6.64608756917e-10, 4.0361193554e-11, 2.99462565856e-10, 2.01922333021e-11, 2.11662579824e-11, 8.9247401136e-11, 4.72489131154e-11, 2.46549395483e-11, 2.48569290151e-11, 3.08513423142e-11, 1.66068964136e-11, 6.01955074328e-12, 6.65095636985e-13, 9.08279392453e-14, 7.14164445355e-14, 6.58825885557e-14, 5.55539433358e-15, 3.23732948416e-17], [1.74751433522e-17, 6.01572692485e-14, -1.31351242274e-13, 2.68757943418e-13, 3.32159999375e-13, 1.47435243267e-12, 3.58034110172e-12, 7.47050078048e-12, 2.08451884226e-11, 6.42389613725e-11, 3.72956596162e-11, 2.16055107832e-11, 1.22339057287e-11, 1.57716877752e-11, 4.72489131154e-11, 1.12515198547e-10, 7.33016564114e-11, 4.71365654842e-11, 4.71259593848e-11, 3.43609862785e-11, 1.38231596308e-11, 1.687594617e-12, 1.91630931501e-13, 2.57513980842e-13, 1.76370636845e-13, 9.17413761875e-15, 9.20048510797e-18], [1.67780418541e-16, 2.03650674612e-14, -2.8040243738e-13, 1.13502049014e-13, 2.50968652327e-13, 1.13289596888e-12, 2.0822829138e-12, 1.05423291624e-11, 1.27864602587e-11, 8.80711215762e-12, 4.5119807196e-11, 1.05839850773e-11, 4.87121497653e-12, 9.23039769618e-12, 2.46549395483e-11, 7.33016564114e-11, 1.31752442289e-10, 9.05451685851e-11, 9.45627673388e-11, 4.03642050339e-11, 7.60683009637e-12, 9.06346937606e-13, 2.02842991427e-13, 2.81703154727e-13, 2.39080863397e-13, 8.91977277765e-15, 1.18577622939e-18], [6.85892922913e-16, 4.34457869257e-14, -3.2832195079e-13, -2.51413310743e-13, -1.31923782337e-13, 1.85648740304e-12, 3.15721363983e-12, 9.75884043714e-12, 2.86330317095e-11, 3.40178232805e-11, 5.65473362579e-11, 1.33645108868e-11, 6.52085330177e-12, 8.43975236919e-12, 2.48569290151e-11, 4.71365654842e-11, 9.05451685851e-11, 1.81473155947e-10, 2.28826457782e-10, 9.47323261502e-11, 3.02411359843e-11, 2.88885105074e-12, 2.66998798288e-13, 2.6895637952e-13, 2.46026506459e-13, 9.64707507671e-15, 3.07262194233e-18], [1.38331375248e-15, 8.42772710343e-14, -1.96822836892e-13, -4.32199577776e-13, -5.16238798671e-13, 2.31680299945e-12, 2.20041996776e-12, 1.18572842517e-11, 4.89400566513e-13, -2.97641658499e-13, 3.15359474645e-11, 5.09254530906e-12, 8.17177315399e-12, 9.83839312102e-12, 3.08513423142e-11, 4.71259593848e-11, 9.45627673388e-11, 2.28826457782e-10, 5.75839986805e-10, 2.69245015172e-10, 6.54755832885e-11, 5.81715882061e-12, 3.89145801086e-13, 4.39693230827e-13, 3.10254697367e-13, 1.38960108746e-14, 2.75748748055e-19], [2.87035457734e-16, 1.81670305156e-14, -2.57579276918e-13, 9.89077526478e-14, 6.35555464593e-13, 2.73549347236e-12, 1.59112957185e-12, 7.89235777426e-12, -2.82418706476e-11, -1.60520173542e-11, 2.2400680269e-11, 4.10322904126e-12, 6.58189605249e-12, 7.32799931846e-12, 1.66068964136e-11, 3.43609862785e-11, 4.03642050339e-11, 9.47323261502e-11, 2.69245015172e-10, 3.66995683843e-10, 3.38565092628e-10, 2.6922495483e-11, 7.33582194556e-13, 1.10299779293e-12, 5.4483435992e-13, 1.84289076919e-14, -1.73163705832e-18], [2.12308708968e-17, -4.14047458428e-14, -2.95551506446e-13, -1.60746118022e-13, 6.51198929849e-13, 1.53533869646e-12, 2.58879669004e-13, 9.79099180204e-13, -1.56412591212e-11, 8.96217041552e-12, 7.08305896574e-12, 1.45888752467e-11, 2.89768057639e-12, 3.38211511748e-12, 6.01955074328e-12, 1.38231596308e-11, 7.60683009637e-12, 3.02411359843e-11, 6.54755832885e-11, 3.38565092628e-10, 4.5663384185e-10, 3.54209647724e-11, 6.87456981532e-13, 1.21924009517e-12, 4.26923389219e-13, 1.13221072939e-14, -1.59702458056e-18], [-8.17548756064e-18, -3.85551864008e-15, -3.05971373726e-14, 1.40563237184e-14, 8.55192856092e-14, 1.86791296948e-13, 1.139478865e-13, 2.47053218811e-13, -5.45197730278e-13, 1.19194530548e-12, -3.01834769743e-14, 1.16549510928e-12, 4.54466108843e-13, 4.62974602232e-13, 6.65095636985e-13, 1.687594617e-12, 9.06346937606e-13, 2.88885105074e-12, 5.81715882061e-12, 2.6922495483e-11, 3.54209647724e-11, 2.8539596901e-12, 6.72574721069e-14, 1.05916462395e-13, 4.35949223227e-14, 1.26097996028e-15, 9.9534300604e-20], [-9.67597300344e-20, 2.13293404621e-16, -2.68914643666e-15, 9.20538466417e-16, 1.13306953609e-14, 2.16487391165e-14, 3.31702676123e-14, 7.91815953625e-14, 1.44884009846e-13, 1.62233968664e-13, 1.90682823806e-13, 1.40916995412e-13, 7.41182018104e-14, 5.42669004893e-14, 9.08279392453e-14, 1.91630931501e-13, 2.02842991427e-13, 2.66998798288e-13, 3.89145801086e-13, 7.33582194556e-13, 6.87456981532e-13, 6.72574721069e-14, 7.44032809132e-15, 1.00838018762e-14, 4.60194736661e-15, 1.8240927311e-16, 6.95323370021e-20], [-1.37877845601e-18, 2.57969336861e-16, -1.35907759876e-15, 5.31869669394e-16, 9.25027741037e-15, 1.42652731939e-14, 2.5353024259e-14, 9.97316988651e-14, 1.23285157582e-13, -3.72375842997e-14, 4.33494901217e-13, 8.17937568804e-14, 9.1950942303e-14, 2.45451615033e-14, 7.14164445355e-14, 2.57513980842e-13, 2.81703154727e-13, 2.6895637952e-13, 4.39693230827e-13, 1.10299779293e-12, 1.21924009517e-12, 1.05916462395e-13, 1.00838018762e-14, 3.36353259698e-14, 8.52514182159e-15, 2.91867701289e-16, 1.11932289208e-21], [-2.09956495268e-19, 2.68185745345e-16, -1.72293796543e-15, 1.28163305875e-15, 8.16589058471e-15, 1.72730363677e-14, 2.10597750854e-14, 9.1241894411e-14, 2.40233180571e-13, 3.5190454744e-14, 3.65666020683e-13, 9.50012976814e-14, 4.58649773976e-14, 2.78957697328e-14, 6.58825885557e-14, 1.76370636845e-13, 2.39080863397e-13, 2.46026506459e-13, 3.10254697367e-13, 5.4483435992e-13, 4.26923389219e-13, 4.35949223227e-14, 4.60194736661e-15, 8.52514182159e-15, 5.70481306305e-15, 1.77342308785e-16, 9.00221468435e-21], [-1.04272882291e-19, 2.23036811379e-17, -7.87618350565e-17, 1.39048366138e-17, 3.66622726398e-16, 9.94989380228e-16, 1.25335274623e-15, 4.01593312776e-15, 1.09304875399e-14, 1.19344604457e-14, 1.29900786444e-14, 1.80332230268e-14, 2.17788878464e-15, 2.07083949022e-15, 5.55539433358e-15, 9.17413761875e-15, 8.91977277765e-15, 9.64707507671e-15, 1.38960108746e-14, 1.84289076919e-14, 1.13221072939e-14, 1.26097996028e-15, 1.8240927311e-16, 2.91867701289e-16, 1.77342308785e-16, 9.36998682319e-18, 3.50103871146e-21], [1.07357082445e-23, 8.74624202821e-20, 7.33837287083e-20, -1.37956180898e-20, 1.07361678096e-20, 8.66703405618e-19, 1.72727006167e-18, 3.14598686561e-18, 3.16234403962e-16, 5.39711500419e-16, 2.81577342858e-17, 1.88715261349e-16, 2.36193019759e-17, 1.02507770112e-17, 3.23732948416e-17, 9.20048510797e-18, 1.18577622939e-18, 3.07262194233e-18, 2.75748748055e-19, -1.73163705832e-18, -1.59702458056e-18, 9.9534300604e-20, 6.95323370021e-20, 1.11932289208e-21, 9.00221468435e-21, 3.50103871146e-21, 5.49982715959e-23]]
    },
    "mfcc": {
        "kurt": [4.49078989029, 6.22863674164, 0.619545459747, 1.07290124893, -0.694318771362, -0.229128360748, 0.0442950725555, -0.449182987213, 0.24898815155, -0.0170185565948, -0.044960975647, 0.721122980118, 1.25625801086],
        "max": [-825.201416016, 137.898925781, 18.7258300781, 64.9768829346, 29.0355262756, 7.93420410156, 31.7621536255, 11.8016223907, 33.9536628723, 21.9676532745, 15.6060142517, 25.5952854156, 19.7118835449],
        "mean": [-926.298706055, 79.6966705322, -66.3102264404, 20.2334003448, -10.6432056427, -22.3697776794, -1.95791637897, -13.38975811, 3.66986942291, -3.33272957802, -10.791431427, -1.6519895792, -5.58715867996],
        "median": [-921.77911377, 79.1941299438, -69.1305618286, 21.596370697, -10.395565033, -21.7738990784, -2.4481010437, -13.5605163574, 3.69850921631, -3.37359619141, -11.3171777725, -2.02464103699, -5.03756332397],
        "min": [-1138.42004395, 1.14440917969e-05, -118.435379028, -42.0425491333, -60.6550750732, -57.6510887146, -30.1162796021, -38.3425292969, -22.5390701294, -21.6588134766, -31.901517868, -17.0500411987, -33.4849967957],
        "skew": [-1.22480726242, -1.04403686523, 0.651108562946, -0.580969274044, -0.0836907848716, -0.210367336869, 0.345649212599, 0.315998673439, 0.271793544292, 0.222443267703, 0.407706439495, 0.286035478115, -0.420726627111],
        "var": [1968.30578613, 267.435211182, 524.760437012, 241.523345947, 330.117584229, 142.223342896, 98.5631713867, 92.1642913818, 80.4962615967, 61.3225135803, 62.4703788757, 40.377456665, 47.2626800537],
        "cov": [[1974.04431152, 313.584289551, -875.081115723, -122.213569641, -476.111114502, -154.978317261, 82.1739120483, 26.8131999969, 151.193557739, -56.0028343201, -3.03845119476, -11.7394933701, -6.09759998322], [313.584289551, 268.214904785, -108.642951965, -143.320297241, -88.4065093994, -54.8429985046, 30.9356517792, 43.4672012329, 37.0739631653, 5.27589988708, -25.6749477386, -11.2824392319, -7.99411058426], [-875.081115723, -108.642951965, 526.290344238, 73.5848770142, 164.10836792, 71.8265914917, -19.5714092255, -18.2585716248, -83.0959854126, 28.6296386719, 7.19135713577, 0.21918271482, -5.37102270126], [-122.213569641, -143.320297241, 73.5848770142, 242.227493286, 124.286872864, 22.6378746033, -42.1943435669, -76.4003753662, -48.3952941895, -1.5632879734, 20.2087650299, 12.5491294861, 8.98047542572], [-476.111114502, -88.4065093994, 164.10836792, 124.286872864, 331.08001709, 100.203773499, -78.2411422729, -50.9956169128, -62.1325263977, -11.1278276443, -22.2252006531, 9.47260761261, 14.4614582062], [-154.978317261, -54.8429985046, 71.8265914917, 22.6378746033, 100.203773499, 142.637985229, -5.73122692108, -50.342666626, -31.8407344818, -21.9649868011, -2.95012497902, 6.28676843643, 13.8119478226], [82.1739120483, 30.9356517792, -19.5714092255, -42.1943435669, -78.2411422729, -5.73122692108, 98.8505249023, 38.362121582, 5.20716953278, 9.4686794281, -13.3548364639, -5.86414575577, -1.82304942608], [26.8131999969, 43.4672012329, -18.2585716248, -76.4003753662, -50.9956169128, -50.342666626, 38.362121582, 92.4329910278, 37.848323822, 8.25113677979, -4.96439409256, -8.9360666275, -8.34781742096], [151.193557739, 37.0739631653, -83.0959854126, -48.3952941895, -62.1325263977, -31.8407344818, 5.20716953278, 37.848323822, 80.7309417725, 21.7784137726, -3.35351324081, 2.60895228386, -11.4236631393], [-56.0028343201, 5.27589988708, 28.6296386719, -1.5632879734, -11.1278276443, -21.9649868011, 9.4686794281, 8.25113677979, 21.7784137726, 61.5012969971, 22.1379451752, -2.45744562149, -3.516695261], [-3.03845119476, -25.6749477386, 7.19135713577, 20.2087650299, -22.2252006531, -2.95012497902, -13.3548364639, -4.96439409256, -3.35351324081, 22.1379451752, 62.652507782, 12.990196228, -1.95808756351], [-11.7394933701, -11.2824392319, 0.21918271482, 12.5491294861, 9.47260761261, 6.28676843643, -5.86414575577, -8.9360666275, 2.60895228386, -2.45744562149, 12.990196228, 40.495174408, 14.8851184845], [-6.09759998322, -7.99411058426, -5.37102270126, 8.98047542572, 14.4614582062, 13.8119478226, -1.82304942608, -8.34781742096, -11.4236631393, -3.516695261, -1.95808756351, 14.8851184845, 47.4004707336]]
    },
    "sccoeffs": {
        "kurt": [1.32206821442, 0.760984897614, 1.80040407181, 2.50833034515, 3.12897634506, 1.61015701294],
        "max": [-0.645641446114, -0.677617490292, -0.581708312035, -0.709450960159, -0.700508654118, -0.641352057457],
        "mean": [-0.759669005871, -0.84548419714, -0.846331298351, -0.853368520737, -0.845804154873, -0.787117063999],
        "median": [-0.758814454079, -0.85005736351, -0.866545498371, -0.857600688934, -0.848230361938, -0.788227558136],
        "min": [-0.963321387768, -0.958316206932, -0.965647935867, -0.932823240757, -0.922490417957, -0.915962278843],
        "skew": [-0.163479089737, 0.652181267738, 1.48859715462, 0.763528883457, 0.951128184795, 0.123039484024],
        "var": [0.00175201229285, 0.00196972256526, 0.00429310230538, 0.000754030479584, 0.000738058763091, 0.00127045589034],
        "cov": [[0.00175712024793, -6.18875274085e-05, -0.000346337648807, 1.5368369759e-06, 6.92584435456e-05, 0.0002595433034], [-6.18875274085e-05, 0.00197546533309, 0.00150932511315, 0.000346613291185, 0.000193506042706, 9.80934873951e-06], [-0.000346337648807, 0.00150932511315, 0.00430561881512, 0.000905312772375, 0.000207116041565, -0.000155478541274], [1.5368369759e-06, 0.000346613291185, 0.000905312772375, 0.000756228808314, 0.000245462520979, 0.000129544991069], [6.92584435456e-05, 0.000193506042706, 0.000207116041565, 0.000245462520979, 0.000740210525692, 0.0001285605249], [0.0002595433034, 9.80934873951e-06, -0.000155478541274, 0.000129544991069, 0.0001285605249, 0.00127415976021]]
    },
    "scvalleys": {
        "kurt": [76.1011505127, 58.332572937, 30.9392242432, 40.1079788208, 31.2297668457, 5.63204097748],
        "max": [-8.95436859131, -6.99793481827, -6.55062675476, -7.13552808762, -7.20234203339, -9.70899963379],
        "mean": [-9.88087177277, -8.51998996735, -8.67061424255, -8.68019676208, -8.84642124176, -12.0898504257],
        "median": [-9.79383182526, -8.43577671051, -8.65111160278, -8.56146812439, -8.7465133667, -12.0394659042],
        "min": [-19.360748291, -17.5714664459, -17.3301143646, -16.8208694458, -15.7669410706, -16.5862178802],
        "skew": [-7.92311525345, -6.68279886246, -4.12418031693, -5.24413776398, -4.37159061432, -1.09552776814],
        "var": [0.718073129654, 0.933585584164, 1.14752852917, 0.908774077892, 0.722238063812, 0.655224978924],
        "cov": [[0.720166623592, 0.659292221069, 0.642261981964, 0.619348585606, 0.515619158745, 0.330042511225], [0.659292221069, 0.936307430267, 0.897634804249, 0.782718241215, 0.700707376003, 0.53131622076], [0.642261981964, 0.897634804249, 1.15087413788, 0.894883334637, 0.77504748106, 0.635767877102], [0.619348585606, 0.782718241215, 0.894883334637, 0.911423563957, 0.720820784569, 0.521066308022], [0.515619158745, 0.700707376003, 0.77504748106, 0.720820784569, 0.724343717098, 0.552690923214], [0.330042511225, 0.53131622076, 0.635767877102, 0.521066308022, 0.552690923214, 0.657135248184]]
    }
},
"rhythm": {
    "beats_loudness": {
        "kurt": 5.70006942749,
        "max": 0.00152742641512,
        "mean": 0.00022045490914,
        "median": 6.82173340465e-05,
        "min": 1.42436938404e-05,
        "skew": 2.7334587574,
        "var": 1.74790557139e-07
    },
    "bpm": 90.2415618896,
    "confidence": 2.78496289253,
    "first_peak_bpm": {
        "kurt": 0,
        "max": 89,
        "mean": 89,
        "median": 89,
        "min": 89,
        "skew": 0,
        "var": 0
    },
    "first_peak_spread": {
        "kurt": 0,
        "max": 0.333333313465,
        "mean": 0.333333313465,
        "median": 0.333333313465,
        "min": 0.333333313465,
        "skew": 0,
        "var": 0
    },
    "first_peak_weight": {
        "kurt": 0,
        "max": 0.600000023842,
        "mean": 0.600000023842,
        "median": 0.600000023842,
        "min": 0.600000023842,
        "skew": 0,
        "var": 0
    },
    "onset_rate": 5.40045642853,
    "second_peak_bpm": {
        "kurt": 0,
        "max": 94,
        "mean": 94,
        "median": 94,
        "min": 94,
        "skew": 0,
        "var": 0
    },
    "second_peak_spread": {
        "kurt": 0,
        "max": 0,
        "mean": 0,
        "median": 0,
        "min": 0,
        "skew": 0,
        "var": 0
    },
    "second_peak_weight": {
        "kurt": 0,
        "max": 0.10000000149,
        "mean": 0.10000000149,
        "median": 0.10000000149,
        "min": 0.10000000149,
        "skew": 0,
        "var": 0
    },
    "beats_loudness_band_ratio": {
        "kurt": [0.256694316864, -0.896220207214, 0.364269256592, -0.454410552979, -0.84684753418, -0.825334787369],
        "max": [0.0585849173367, 0.0602302439511, 0.684002041817, 0.49012362957, 0.639766275883, 0.418697237968],
        "mean": [0.0186179988086, 0.0318959280849, 0.231578439474, 0.199431315064, 0.358621686697, 0.177607402205],
        "median": [0.0148049630225, 0.0271265152842, 0.1547485888, 0.176686659455, 0.382904559374, 0.158607423306],
        "min": [0.000610361283179, 0.00223488709889, 0.0274029970169, 0.0598488487303, 0.0869482755661, 0.00822960119694],
        "skew": [1.24497318268, 0.144131869078, 1.2202848196, 0.931603252888, 0.14989861846, 0.578987836838],
        "var": [0.000322192587191, 0.000322197738569, 0.0366195589304, 0.0200108811259, 0.0268710032105, 0.0152813792229],
        "cov": [[0.000354411837179, 0.000236907013459, -0.00187800638378, -0.000924172694795, 0.00262182648294, -0.000325329834595], [0.000236907013459, 0.000354417512426, -0.00182297104038, -0.000624824024271, 0.0017709484091, 0.000174174667336], [-0.00187800638378, -0.00182297104038, 0.0402815155685, 0.00233368505724, -0.0259860567749, -0.0132752256468], [-0.000924172694795, -0.000624824024271, 0.00233368505724, 0.0220119692385, -0.013434285298, -0.00949344784021], [0.00262182648294, 0.0017709484091, -0.0259860567749, -0.013434285298, 0.0295581035316, 0.00598243437707], [-0.000325329834595, 0.000174174667336, -0.0132752256468, -0.00949344784021, 0.00598243437707, 0.0168095175177]]
    },
    "beats_position": [0.66176867485, 1.30031740665, 1.97369611263, 2.65868473053, 3.34367346764, 4.01705217361, 4.69043064117, 5.34058952332, 5.99074840546, 6.66412687302, 7.31428575516],
    "bpm_estimates": [93.9630737305, 89.1029052734, 87.5926971436, 87.5926818848, 89.1029052734, 89.102935791, 92.2851333618, 92.2851333618, 89.102935791, 92.2851333618],
    "bpm_intervals": [0.638548731804, 0.673378705978, 0.684988617897, 0.684988737106, 0.673378705978, 0.67337846756, 0.650158882141, 0.650158882141, 0.67337846756, 0.650158882141],
    "onset_times": [0.0232199542224, 0.18575963378, 0.336689352989, 0.53405892849, 0.905578255653, 1.02167797089, 1.34675741196, 1.52090704441, 1.66022670269, 1.78793644905, 1.89242625237, 1.99691605568, 2.15945577621, 2.48453521729, 2.63546490669, 2.89088439941, 3.06503391266, 3.27401351929, 3.39011335373, 3.48299312592, 3.5758728981, 3.75002264977, 3.78485250473, 4.06349229813, 4.33052158356, 4.43501138687, 4.62077093124, 5.08517026901, 5.39863967896, 5.49151945114, 5.68888902664, 5.78176879883, 6.1068482399, 6.35065746307, 6.42031764984, 6.59446716309, 6.68734693527, 6.94276666641, 7.22140598297, 7.37233543396, 7.47682523727, 7.65097522736, 7.7670750618],
    "histogram": [[0, 0, 0, 0, 0, 0, 0, 0, 0, 0, 0, 0, 0, 0, 0, 0, 0, 0, 0, 0, 0, 0, 0, 0, 0, 0, 0, 0, 0, 0, 0, 0, 0, 0, 0, 0, 0, 0, 0, 0, 0, 0, 0, 0, 0, 0, 0, 0, 0, 0, 0, 0, 0, 0, 0, 0, 0, 0, 0, 0, 0, 0, 0, 0, 0, 0, 0, 0, 0, 0, 0, 0, 0, 0, 0, 0, 0, 0, 0, 0, 0, 0, 0, 0, 0, 0, 0, 0, 0.20000000298, 0.40000000596, 0, 0, 0.300000011921, 0, 0.10000000149, 0, 0, 0, 0, 0, 0, 0, 0, 0, 0, 0, 0, 0, 0, 0, 0, 0, 0, 0, 0, 0, 0, 0, 0, 0, 0, 0, 0, 0, 0, 0, 0, 0, 0, 0, 0, 0, 0, 0, 0, 0, 0, 0, 0, 0, 0, 0, 0, 0, 0, 0, 0, 0, 0, 0, 0, 0, 0, 0, 0, 0, 0, 0, 0, 0, 0, 0, 0, 0, 0, 0, 0, 0, 0, 0, 0, 0, 0, 0, 0, 0, 0, 0, 0, 0, 0, 0, 0, 0, 0, 0, 0, 0, 0, 0, 0, 0, 0, 0, 0, 0, 0, 0, 0, 0, 0, 0, 0, 0, 0, 0, 0, 0, 0, 0, 0, 0, 0, 0, 0, 0, 0, 0, 0, 0, 0, 0, 0, 0, 0, 0, 0, 0, 0, 0, 0, 0, 0, 0, 0, 0, 0, 0, 0, 0, 0, 0, 0, 0, 0, 0, 0, 0, 0, 0]]
},
"sfx": {
    "inharmonicity": {
        "kurt": 0.114551305771,
        "max": 0.44903871417,
        "mean": 0.0776045918465,
        "median": 0.0114632695913,
        "min": 0,
        "skew": 1.1697781086,
        "var": 0.0110635226592
    },
    "oddtoevenharmonicenergyratio": {
        "kurt": 48.7541694641,
        "max": 21.569437027,
        "mean": 0.82699906826,
        "median": 0.182028591633,
        "min": 0,
        "skew": 6.24387741089,
        "var": 4.52811288834
    },
    "pitch_after_max_to_before_max_energy_ratio": 1.0332467556,
    "pitch_centroid": 196.890380859,
    "pitch_max_to_total": 0.581395328045,
    "pitch_min_to_total": 0.62790697813,
    "tristimulus": {
        "kurt": [-1.66679048538, -0.10466337204, -0.854743003845],
        "max": [1, 0.884048402309, 0.944999277592],
        "mean": [0.504324615002, 0.266384482384, 0.229291021824],
        "median": [0.48708871007, 0.225302308798, 0],
        "min": [0, 0, 0],
        "skew": [0.0309577062726, 0.750164449215, 0.850291907787],
        "var": [0.148879528046, 0.0505981333554, 0.0877349078655],
        "cov": [[0.14931358397, -0.0560341589153, -0.0932793542743], [-0.0560341589153, 0.0507456511259, 0.00528859673068], [-0.0932793542743, 0.00528859673068, 0.087990693748]]
    }
},
"tonal": {
    "chords_changes_rate": 0.156069368124,
    "chords_number_rate": 0.0520231202245,
    "chords_strength": {
        "kurt": -0.365211248398,
        "max": 0.557083487511,
        "mean": 0.433074325323,
        "median": 0.433253884315,
        "min": 0.297743976116,
        "skew": -0.0292118117213,
        "var": 0.00295864744112
    },
    "key_strength": 0.215729892254,
    "tuning_diatonic_strength": 0.422238975763,
    "tuning_equal_tempered_deviation": 0.230398520827,
    "tuning_frequency": 434.193115234,
    "tuning_nontempered_energy_ratio": 0.890529036522,
    "hpcp": {
        "kurt": [1.02656793594, 0.461157083511, 0.542277812958, 0.342363357544, -0.282365560532, -0.546069383621, -0.611791610718, -0.380509138107, -0.370482206345, -0.614899396896, -0.916410923004, -1.20556473732, -0.970276832581, -0.767686128616, -0.730892181396, -0.580624103546, -0.476269960403, -0.706574201584, -0.470327138901, -0.250841140747, -0.371092319489, -0.35439324379, -0.17644405365, -0.000104665756226, -0.0825097560883, 0.72799372673, 1.23641490936, 0.709217786789, 0.905928373337, 1.54438591003, 1.22581911087, 0.0745267868042, 0.903802871704, 0.508156776428, 0.193721532822, 0.639841079712],
        "max": [1, 1, 1, 1, 1, 1, 1, 1, 1, 1, 1, 1, 1, 1, 1, 1, 1, 1, 1, 1, 1, 1, 1, 1, 1, 1, 1, 1, 1, 1, 1, 0.890352845192, 1, 1, 1, 1],
