{
"metadata": {
    "version": {
        "essentia": "2.1-beta3"
    }
},
"lowLevel": {
    "average_loudness": 0.99068403244,
    "barkbands_kurtosis": {
        "kurt": 8.54992961884,
        "max": 11.5750112534,
        "mean": 0.914260864258,
        "median": 0.0948401689529,
        "min": -1.5452221632,
        "skew": 2.46741056442,
        "var": 4.89973402023
    },
    "barkbands_skewness": {
        "kurt": 4.07155942917,
        "max": 2.8712682724,
        "mean": 0.787451982498,
        "median": 0.744191646576,
        "min": -1.06377589703,
        "skew": 0.383850306273,
        "var": 0.316008061171
    },
    "barkbands_spread": {
        "kurt": 7.25283432007,
        "max": 54.9485702515,
        "mean": 9.01587200165,
        "median": 5.53409862518,
        "min": 2.40870428085,
        "skew": 2.88871335983,
        "var": 127.085090637
    },
    "dissonance": {
        "kurt": 3.95431041718,
        "max": 0.499834626913,
        "mean": 0.456467062235,
        "median": 0.484890073538,
        "min": 0.222273290157,
        "skew": -2.03759932518,
        "var": 0.00356512051076
    },
    "hfc": {
        "kurt": 15.1808891296,
        "max": 146.287719727,
        "mean": 10.2844114304,
        "median": 2.15193200111,
        "min": 4.5725378186e-06,
        "skew": 3.89235377312,
        "var": 675.946716309
    },
    "pitch": {
        "kurt": 11.2564792633,
        "max": 4848.94726562,
        "mean": 951.088439941,
        "median": 992.536499023,
        "min": 89.491355896,
        "skew": 3.13021683693,
        "var": 753633.25
    },
    "pitch_instantaneous_confidence": {
        "kurt": 0.170926809311,
        "max": 0.957122981548,
        "mean": 0.579158782959,
        "median": 0.588639855385,
        "min": 0.129492580891,
        "skew": -0.191288530827,
        "var": 0.0337586775422
    },
    "pitch_salience": {
        "kurt": -0.247053384781,
        "max": 0.861185610294,
        "mean": 0.682039260864,
        "median": 0.696076869965,
        "min": 0.450360894203,
        "skew": -0.528744459152,
        "var": 0.0102470656857
    },
    "silence_rate_20dB": {
        "kurt": 0,
        "max": 1,
        "mean": 1,
        "median": 1,
        "min": 1,
        "skew": 0,
        "var": 0
    },
    "silence_rate_30dB": {
        "kurt": 0,
        "max": 1,
        "mean": 1,
        "median": 1,
        "min": 1,
        "skew": 0,
        "var": 0
    },
    "silence_rate_60dB": {
        "kurt": -1.75551724434,
        "max": 1,
        "mean": 0.620000004768,
        "median": 1,
        "min": 0,
        "skew": -0.494451344013,
        "var": 0.235599949956
    },
    "spectral_centroid": {
        "kurt": 7.66278457642,
        "max": 3087.94213867,
        "mean": 1237.90625,
        "median": 1197.44262695,
        "min": 529.872680664,
        "skew": 2.10426139832,
        "var": 161759.421875
    },
    "spectral_complexity": {
        "kurt": 2.25077581406,
        "max": 38,
        "mean": 8.35999965668,
        "median": 6,
        "min": 0,
        "skew": 1.53711664677,
        "var": 77.790397644
    },
    "spectral_crest": {
        "kurt": -0.130390644073,
        "max": 21.6135635376,
        "mean": 10.8384790421,
        "median": 9.87539863586,
        "min": 4.04448652267,
        "skew": 0.574913263321,
        "var": 16.3454036713
    },
    "spectral_decrease": {
        "kurt": 13.7547283173,
        "max": -2.82448456688e-16,
        "mean": -1.67116320782e-09,
        "median": -4.66220950734e-10,
        "min": -2.14430588841e-08,
        "skew": -3.71239972115,
        "var": 1.50845169357e-17
    },
    "spectral_energy": {
        "kurt": 13.9514274597,
        "max": 0.0941999703646,
        "mean": 0.00724018318579,
        "median": 0.00195481046103,
        "min": 1.48076950701e-09,
        "skew": 3.73748517036,
        "var": 0.000289472955046
    },
    "spectral_energyband_high": {
        "kurt": 19.1358070374,
        "max": 0.000285396061372,
        "mean": 1.38757013701e-05,
        "median": 8.83769473603e-07,
        "min": 6.58593346525e-10,
        "skew": 4.32323741913,
        "var": 2.33145858175e-09
    },
    "spectral_energyband_low": {
        "kurt": 15.8670578003,
        "max": 6.53302549836e-06,
        "mean": 4.14881043298e-07,
        "median": 4.11888834151e-08,
        "min": 6.96352350782e-11,
        "skew": 3.99512624741,
        "var": 1.33886792712e-12
    },
    "spectral_energyband_middle_high": {
        "kurt": 13.9747276306,
        "max": 0.093627139926,
        "mean": 0.00707384478301,
        "median": 0.00176739948802,
        "min": 5.86999171492e-10,
        "skew": 3.74208521843,
        "var": 0.000286647904431
    },
    "spectral_energyband_middle_low": {
        "kurt": 0.200717449188,
        "max": 0.000553265330382,
        "mean": 0.000181406488991,
        "median": 0.000173922220711,
        "min": 1.69966554719e-10,
        "skew": 0.572570443153,
        "var": 1.74190635249e-08
    },
    "spectral_flatness_db": {
        "kurt": 1.09154701233,
        "max": 0.468504726887,
        "mean": 0.30927374959,
        "median": 0.337149858475,
        "min": 0.0555308461189,
        "skew": -1.29359555244,
        "var": 0.00946327485144
    },
    "spectral_flux": {
        "kurt": 4.3561501503,
        "max": 0.228143304586,
        "mean": 0.0478613264859,
        "median": 0.0382639765739,
        "min": 0.000197078974452,
        "skew": 2.08610153198,
        "var": 0.00242802035064
    },
    "spectral_kurtosis": {
        "kurt": -0.632537126541,
        "max": 82.5156707764,
        "mean": 35.112903595,
        "median": 34.3868408203,
        "min": -0.385627269745,
        "skew": 0.251970797777,
        "var": 468.91809082
    },
    "spectral_rms": {
        "kurt": 5.30086708069,
        "max": 0.00958657450974,
        "mean": 0.00179975258652,
        "median": 0.00138098746538,
        "min": 1.20193726616e-06,
        "skew": 2.21355462074,
        "var": 3.8244861571e-06
    },
    "spectral_rolloff": {
        "kurt": 3.70266437531,
        "max": 5103.36914062,
        "mean": 1921.62280273,
        "median": 1959.52148438,
        "min": 753.662109375,
        "skew": 1.73092782497,
        "var": 850768.3125
    },
    "spectral_skewness": {
        "kurt": -0.0810453891754,
        "max": 7.57755899429,
        "mean": 4.36142730713,
        "median": 4.49041366577,
        "min": 0.634823799133,
        "skew": -0.285651773214,
        "var": 2.40046858788
    },
    "spectral_spread": {
        "kurt": 5.32647037506,
        "max": 14142757,
        "mean": 2792505,
        "median": 1491578.5,
        "min": 998680.375,
        "skew": 2.45111966133,
        "var": 8.90539029299e+12
    },
    "spectral_strongpeak": {
        "kurt": 13.1447887421,
        "max": 7.65791416168,
        "mean": 0.861988842487,
        "median": 0.522207438946,
        "min": 0.00026580246049,
        "skew": 3.49637699127,
        "var": 1.84283924103
    },
    "zerocrossingrate": {
        "kurt": 4.91154766083,
        "max": 0.14208984375,
        "mean": 0.0583007819951,
        "median": 0.055419921875,
        "min": 0.01513671875,
        "skew": 1.85608398914,
        "var": 0.000433464098023
    },
    "barkbands": {
        "kurt": [37.867099762, 30.9821510315, 29.5991821289, 15.4935874939, 2.4523973465, 4.47207832336, 0.0768423080444, -0.648269891739, 1.34817314148, 4.63774347305, 10.1652126312, 25.8421821594, 8.42567539215, 18.6951141357, 14.1270580292, 11.2417068481, 5.34897899628, 21.0517158508, 18.7845668793, 24.8687515259, 33.5855407715, 21.6873130798, 20.6615371704, 12.9179859161, 15.1269073486, 9.14817714691, 6.55394363403],
        "max": [2.55349874578e-08, 1.11192116492e-06, 4.11526025346e-06, 5.94966422796e-06, 9.54887764237e-06, 5.20470784977e-05, 0.000154868874233, 0.000107586638478, 0.000241119996645, 0.00326019758359, 0.0225291289389, 0.0502847060561, 0.00219439086504, 0.00280578713864, 0.0063559464179, 0.00466863019392, 0.00178905238863, 0.0131387170404, 0.00302345049568, 0.000222132715862, 5.31160221726e-05, 8.17276759335e-06, 9.93985736386e-07, 6.70693116263e-05, 3.33860625688e-05, 3.51764022355e-08, 1.49274215211e-09],
        "mean": [1.17551979262e-09, 4.1210064694e-08, 1.77923553224e-07, 4.51406037882e-07, 1.75422826487e-06, 8.53090932651e-06, 3.48592730006e-05, 3.29094655172e-05, 5.50643089809e-05, 0.000574006873649, 0.0018102650065, 0.0025310779456, 0.000238828768488, 0.000152843262185, 0.000414153793827, 0.000472429906949, 0.000212090220884, 0.000546539726201, 0.00013656738156, 9.19316698855e-06, 2.34445360547e-06, 3.75898480343e-07, 5.18924281323e-08, 3.91840512748e-06, 1.70788973719e-06, 3.13530534868e-09, 1.78717027288e-10],
        "median": [3.92976706731e-10, 1.92893034878e-09, 1.23510872641e-08, 8.58078976762e-08, 9.94701849777e-07, 5.02366856381e-06, 1.63421791513e-05, 2.63343772531e-05, 4.54389810329e-05, 0.000363977887901, 0.000438083894551, 0.000123874357087, 4.24501704401e-05, 1.64684279298e-05, 6.34869647911e-05, 0.000134726025863, 1.46377633428e-05, 1.1887641449e-06, 3.11184720658e-07, 2.26330840292e-07, 3.46257081674e-07, 5.9854285972e-09, 2.48449572027e-09, 4.87408726713e-08, 2.24681357963e-08, 1.9472734536e-10, 3.88428803011e-11],
        "min": [1.45305278226e-11, 2.45424305878e-11, 1.68877082457e-11, 1.5631957534e-11, 8.03171765207e-11, 3.29333504911e-11, 1.76053269185e-11, 9.27691300515e-13, 2.19525387452e-11, 7.71170106939e-12, 1.67279679691e-11, 4.81229535387e-11, 7.96050170226e-11, 4.99559144052e-11, 4.09452576011e-11, 8.25637058721e-11, 6.97178911824e-11, 8.10608732915e-11, 4.89031419526e-11, 3.33390454132e-10, 2.02946867645e-10, 7.80193964989e-11, 1.34105582542e-11, 2.82220809222e-11, 7.5349188694e-12, 7.56004037584e-13, 1.13419703859e-13],
        "skew": [6.10371685028, 5.47284984589, 5.31199264526, 3.85762810707, 1.51100051403, 2.21720790863, 1.18087053299, 0.771703958511, 1.08701753616, 2.12103819847, 3.28620386124, 4.94999790192, 2.7342300415, 4.25279760361, 3.77236890793, 3.20610022545, 2.20176410675, 4.69094371796, 4.37596750259, 4.89481067657, 5.67555618286, 4.5235080719, 4.40002536774, 3.73031377792, 3.9371740818, 3.15298438072, 2.72502112389],
        "var": [1.31339067645e-17, 2.80138105503e-14, 3.8695148431e-13, 1.07957208711e-12, 4.13532966551e-12, 1.34192518209e-10, 1.87293403009e-09, 1.05450015386e-09, 2.77697531637e-09, 4.95024210068e-07, 1.95463708224e-05, 6.10000861343e-05, 1.7185817569e-07, 2.2497293628e-07, 1.33209391606e-06, 7.45416571135e-07, 1.31345856857e-07, 5.16283307661e-06, 2.8160218335e-07, 1.23982790701e-09, 6.03993521864e-11, 1.76973268939e-12, 2.64873165718e-14, 1.84822740446e-10, 3.68877914325e-11, 6.18962576412e-17, 1.19015638338e-19],
        "cov": [[1.3401945543e-17, 5.54301325299e-16, 2.0283953045e-15, 1.81060619311e-15, 2.12416466117e-15, 6.50919959548e-15, 4.24762188042e-14, 1.45626156397e-14, 4.40222199514e-14, 8.72810870345e-14, 6.80786330087e-12, 2.50731119894e-11, 5.38659991178e-13, 1.40123611499e-12, 1.82136337262e-12, 2.22853137853e-12, 8.37735208894e-13, 6.53236839621e-12, 1.08931234259e-12, 1.10733064428e-13, 2.65668428012e-14, 4.27800639219e-15, 5.21528244141e-16, 3.18680289948e-14, 1.70263922319e-14, 1.79417923317e-17, 5.2909155146e-19], [5.54301325299e-16, 2.85855222143e-14, 1.04583957597e-13, 1.34996113138e-13, 8.6349005203e-14, 8.52831463761e-14, 2.37623636046e-12, -6.58508078795e-14, 1.92102778997e-12, 1.15705741429e-12, 5.37170141701e-10, 1.30700261725e-09, 3.68354652336e-11, 7.85899054168e-11, 1.41372732965e-10, 1.2304005037e-10, 4.45071202115e-11, 3.68366781522e-10, 6.80277084664e-11, 5.95815280793e-12, 1.30607872607e-12, 2.18481198302e-13, 2.67670746137e-14, 1.8482810768e-12, 9.7329316915e-13, 1.12610372772e-15, 4.0883358762e-17], [2.0283953045e-15, 1.04583957597e-13, 3.94848433463e-13, 4.75999881872e-13, 2.93366974593e-13, 1.71449727787e-13, 1.06533263114e-11, -1.57955069922e-13, 7.20159131981e-12, 1.45353173941e-11, 1.97649119293e-09, 4.86139706268e-09, 1.45410072871e-10, 2.88826546013e-10, 5.05554154095e-10, 4.67471394927e-10, 1.66297392523e-10, 1.29420518746e-09, 2.70953648407e-10, 2.19197351242e-11, 4.79627665709e-12, 7.98677259311e-13, 9.78486768607e-14, 7.19562603946e-12, 3.60656708491e-12, 4.05681390241e-15, 1.55821742694e-16], [1.81060619311e-15, 1.34996113138e-13, 4.75999881872e-13, 1.10160415945e-12, 6.00587450866e-13, 2.46765363135e-13, 1.56841779148e-11, 4.32222530336e-12, 1.81469613642e-11, 6.52072840168e-11, 4.18656087575e-09, 6.26912388668e-09, 2.66207056399e-10, 4.30284863295e-10, 1.14925535755e-09, 6.59158505556e-10, 2.086505968e-10, 2.09623474134e-09, 3.83374276769e-10, 2.99382567348e-11, 5.68905599713e-12, 1.09003583069e-12, 1.36966840322e-13, 1.02683894374e-11, 5.4373740753e-12, 7.34503857882e-15, 2.98598780953e-16], [2.12416466117e-15, 8.6349005203e-14, 2.93366974593e-13, 6.00587450866e-13, 4.21972396261e-12, 5.36820371141e-12, -4.50256321214e-14, 4.04330735559e-11, 3.08182195041e-11, 6.81445844197e-10, 1.9499342141e-09, 4.4756616191e-09, 2.13548942418e-10, 2.57947524451e-10, 5.65901103755e-10, 6.6590888359e-10, 2.24614896127e-10, 1.27021060337e-09, 1.34163305465e-10, 1.77533734241e-11, 4.71163819765e-12, 7.49063246326e-13, 9.6184351987e-14, 4.91012048728e-12, 2.90993878299e-12, 4.65096728085e-15, 1.53552342905e-16], [6.50919959548e-15, 8.52831463761e-14, 1.71449727787e-13, 2.46765363135e-13, 5.36820371141e-12, 1.36931133099e-10, 2.97868014976e-11, 7.03921504419e-11, 2.82159517973e-10, 3.11088627081e-10, 1.63469870973e-09, 3.66689412168e-09, 1.22007751124e-10, 2.80673817521e-10, 1.0127605421e-09, 2.65069299843e-10, 1.58845436804e-11, 1.16888487778e-09, 1.62621902056e-10, 1.57815358004e-11, 5.8137769772e-12, 1.94642088905e-12, 2.76106584427e-13, 1.41702413692e-11, 4.79586943075e-12, 8.85470963588e-15, 9.42684804567e-17], [4.24762188042e-14, 2.37623636046e-12, 1.06533263114e-11, 1.56841779148e-11, -4.50256321214e-14, 2.97868014976e-11, 1.91115701043e-09, -3.10084943833e-11, 4.95854135529e-10, 2.13969331142e-09, 6.08281069958e-08, 1.21698647604e-07, 2.5167510298e-09, 7.11760073102e-09, 1.87397279916e-08, 1.22748291531e-08, 1.93706517493e-09, 2.4825903111e-08, 1.15991678484e-08, 5.58424806396e-10, 1.06617846496e-10, 2.29741902585e-11, 2.76298081636e-12, 3.01039804196e-10, 1.13542890368e-10, 1.16008006153e-13, 4.68537121807e-15], [1.45626156397e-14, -6.58508078795e-14, -1.57955069922e-13, 4.32222530336e-12, 4.04330735559e-11, 7.03921504419e-11, -3.10084943833e-11, 1.07602060595e-09, 5.98043559119e-10, 1.33616824272e-08, 6.29144869535e-09, 1.11165290306e-08, 3.35532890361e-09, 3.24834326104e-10, 1.24111210198e-09, 6.62431398624e-09, 1.40766742707e-09, -1.04509367826e-09, -6.88227919099e-10, -2.05778363099e-11, 7.39582700637e-12, 1.32332513003e-13, 2.1463833857e-13, -8.43455166821e-12, -4.35681872524e-12, 5.9479187187e-15, 1.08972874483e-15], [4.40222199514e-14, 1.92102778997e-12, 7.20159131981e-12, 1.81469613642e-11, 3.08182195041e-11, 2.82159517973e-10, 4.95854135529e-10, 5.98043559119e-10, 2.83364820497e-09, -3.77511133465e-10, 6.52405987012e-08, 9.88828503523e-08, 8.22417156598e-09, 6.86821977069e-09, 1.96115088613e-08, 1.32183872736e-08, 6.43753361729e-09, 2.79348846277e-08, 5.31074473287e-09, 4.20134899093e-10, 1.06803420274e-10, 2.40537294943e-11, 3.0015293636e-12, 2.10625836217e-10, 8.73383448896e-11, 1.5414256785e-13, 4.67434454316e-15], [8.72810870345e-14, 1.15705741429e-12, 1.45353173941e-11, 6.52072840168e-11, 6.81445844197e-10, 3.11088627081e-10, 2.13969331142e-09, 1.33616824272e-08, -3.77511133465e-10, 5.05126763528e-07, 3.9791663653e-07, 6.16192551206e-07, 5.28425658786e-08, 1.80422041751e-08, 1.01393602847e-07, 1.91171409369e-07, 5.29219548184e-08, 1.39250655451e-09, 4.29372200017e-08, 9.60031942832e-10, 3.76480319142e-10, 2.07003216651e-11, 4.11784321919e-12, 9.27731502731e-10, 2.51218990055e-10, 5.66704018781e-13, 5.41162404331e-14], [6.80786330087e-12, 5.37170141701e-10, 1.97649119293e-09, 4.18656087575e-09, 1.9499342141e-09, 1.63469870973e-09, 6.08281069958e-08, 6.29144869535e-09, 6.52405987012e-08, 3.9791663653e-07, 1.99452751986e-05, 2.55363538599e-05, 1.50531991494e-06, 1.8333035996e-06, 4.93636753163e-06, 2.75293973573e-06, 1.08770655061e-06, 8.23309073894e-06, 1.74256433638e-06, 1.20728913089e-07, 2.27303740274e-08, 4.4564947288e-09, 5.70132108191e-10, 4.6323844316e-08, 2.26119034608e-08, 3.22282651954e-11, 1.47011146746e-12], [2.50731119894e-11, 1.30700261725e-09, 4.86139706268e-09, 6.26912388668e-09, 4.4756616191e-09, 3.66689412168e-09, 1.21698647604e-07, 1.11165290306e-08, 9.88828503523e-08, 6.16192551206e-07, 2.55363538599e-05, 6.22449879302e-05, 1.76231446858e-06, 3.63737535736e-06, 6.85114855514e-06, 6.24167751084e-06, 2.18341415348e-06, 1.63392687682e-05, 3.559481911e-06, 2.77994558928e-07, 6.06959815741e-08, 1.02257642354e-08, 1.2473053701e-09, 9.48310230342e-08, 4.67138505655e-08, 5.42252562297e-11, 2.03527299181e-12], [5.38659991178e-13, 3.68354652336e-11, 1.45410072871e-10, 2.66207056399e-10, 2.13548942418e-10, 1.22007751124e-10, 2.5167510298e-09, 3.35532890361e-09, 8.22417156598e-09, 5.28425658786e-08, 1.50531991494e-06, 1.76231446858e-06, 1.75365485688e-07, 1.34130104357e-07, 3.11409394271e-07, 2.20046885602e-07, 1.08013722411e-07, 5.40261112292e-07, 1.09373537782e-07, 7.95149102117e-09, 1.63091162797e-09, 2.97495500456e-10, 3.98595080553e-11, 2.99605762422e-09, 1.42704592587e-09, 2.24167299306e-12, 1.12019707475e-13], [1.40123611499e-12, 7.85899054168e-11, 2.88826546013e-10, 4.30284863295e-10, 2.57947524451e-10, 2.80673817521e-10, 7.11760073102e-09, 3.24834326104e-10, 6.86821977069e-09, 1.80422041751e-08, 1.8333035996e-06, 3.63737535736e-06, 1.34130104357e-07, 2.29564221854e-07, 4.70288398446e-07, 3.57487067504e-07, 1.32050075763e-07, 1.05655328753e-06, 2.04336970455e-07, 1.66903291188e-08, 3.5319727143e-09, 6.15627326894e-10, 7.63505439427e-11, 5.53242163193e-09, 2.83267453938e-09, 3.50003186156e-12, 1.37426731778e-13], [1.82136337262e-12, 1.41372732965e-10, 5.05554154095e-10, 1.14925535755e-09, 5.65901103755e-10, 1.0127605421e-09, 1.87397279916e-08, 1.24111210198e-09, 1.96115088613e-08, 1.01393602847e-07, 4.93636753163e-06, 6.85114855514e-06, 3.11409394271e-07, 4.70288398446e-07, 1.35927950851e-06, 7.40421057799e-07, 2.48494274047e-07, 2.1737289444e-06, 4.83067537971e-07, 3.24215605474e-08, 6.06928507452e-09, 1.23605359281e-09, 1.5431662892e-10, 1.30280923827e-08, 6.24179596898e-09, 8.71914606487e-12, 3.58899135454e-13], [2.22853137853e-12, 1.2304005037e-10, 4.67471394927e-10, 6.59158505556e-10, 6.6590888359e-10, 2.65069299843e-10, 1.22748291531e-08, 6.62431398624e-09, 1.32183872736e-08, 1.91171409369e-07, 2.75293973573e-06, 6.24167751084e-06, 2.20046885602e-07, 3.57487067504e-07, 7.40421057799e-07, 7.60629120578e-07, 2.45153557898e-07, 1.49397669702e-06, 4.00489113872e-07, 2.70848037331e-08, 5.90698245873e-09, 9.90720838701e-10, 1.21065574232e-10, 1.04162838355e-08, 4.74087702429e-09, 5.83127253082e-12, 2.25529650836e-13], [8.37735208894e-13, 4.45071202115e-11, 1.66297392523e-10, 2.086505968e-10, 2.24614896127e-10, 1.58845436804e-11, 1.93706517493e-09, 1.40766742707e-09, 6.43753361729e-09, 5.29219548184e-08, 1.08770655061e-06, 2.18341415348e-06, 1.08013722411e-07, 1.32050075763e-07, 2.48494274047e-07, 2.45153557898e-07, 1.34026379328e-07, 5.68763823594e-07, 1.18437831986e-07, 9.47093958814e-09, 2.18857709733e-09, 3.50678097671e-10, 4.36754972466e-11, 3.22236815009e-09, 1.57976065562e-09, 2.26638998367e-12, 8.96587830563e-14], [6.53236839621e-12, 3.68366781522e-10, 1.29420518746e-09, 2.09623474134e-09, 1.27021060337e-09, 1.16888487778e-09, 2.4825903111e-08, -1.04509367826e-09, 2.79348846277e-08, 1.39250655451e-09, 8.23309073894e-06, 1.63392687682e-05, 5.40261112292e-07, 1.05655328753e-06, 2.1737289444e-06, 1.49397669702e-06, 5.68763823594e-07, 5.26819712832e-06, 7.87086833043e-07, 7.68654615513e-08, 1.62794862035e-08, 2.81642620337e-09, 3.49614587281e-10, 2.20403180151e-08, 1.26691812596e-08, 1.59611455997e-11, 5.86457802893e-13], [1.08931234259e-12, 6.80277084664e-11, 2.70953648407e-10, 3.83374276769e-10, 1.34163305465e-10, 1.62621902056e-10, 1.15991678484e-08, -6.88227919099e-10, 5.31074473287e-09, 4.29372200017e-08, 1.74256433638e-06, 3.559481911e-06, 1.09373537782e-07, 2.04336970455e-07, 4.83067537971e-07, 4.00489113872e-07, 1.18437831986e-07, 7.87086833043e-07, 2.87349166683e-07, 1.5719550106e-08, 3.13314374445e-09, 5.76881376002e-10, 6.96331325933e-11, 7.20839210544e-09, 2.97140556604e-09, 3.43423098119e-12, 1.46725933812e-13], [1.10733064428e-13, 5.95815280793e-12, 2.19197351242e-11, 2.99382567348e-11, 1.77533734241e-11, 1.57815358004e-11, 5.58424806396e-10, -2.05778363099e-11, 4.20134899093e-10, 9.60031942832e-10, 1.20728913089e-07, 2.77994558928e-07, 7.95149102117e-09, 1.66903291188e-08, 3.24215605474e-08, 2.70848037331e-08, 9.47093958814e-09, 7.68654615513e-08, 1.5719550106e-08, 1.26513044485e-09, 2.71830863374e-10, 4.63749663671e-11, 5.66885427489e-12, 4.20308621241e-10, 2.12646497633e-10, 2.49564393673e-13, 9.2935845109e-15], [2.65668428012e-14, 1.30607872607e-12, 4.79627665709e-12, 5.68905599713e-12, 4.71163819765e-12, 5.8137769772e-12, 1.06617846496e-10, 7.39582700637e-12, 1.06803420274e-10, 3.76480319142e-10, 2.27303740274e-08, 6.06959815741e-08, 1.63091162797e-09, 3.5319727143e-09, 6.06928507452e-09, 5.90698245873e-09, 2.18857709733e-09, 1.62794862035e-08, 3.13314374445e-09, 2.71830863374e-10, 6.16319911773e-11, 1.01686549805e-11, 1.2369239747e-12, 8.64167071235e-11, 4.42916779642e-11, 5.13922637899e-14, 1.79290256923e-15], [4.27800639219e-15, 2.18481198302e-13, 7.98677259311e-13, 1.09003583069e-12, 7.49063246326e-13, 1.94642088905e-12, 2.29741902585e-11, 1.32332513003e-13, 2.40537294943e-11, 2.07003216651e-11, 4.4564947288e-09, 1.02257642354e-08, 2.97495500456e-10, 6.15627326894e-10, 1.23605359281e-09, 9.90720838701e-10, 3.50678097671e-10, 2.81642620337e-09, 5.76881376002e-10, 4.63749663671e-11, 1.01686549805e-11, 1.80584974058e-12, 2.20040294579e-13, 1.62131072456e-11, 7.96206330034e-12, 9.61144887095e-15, 3.36118846506e-16], [5.21528244141e-16, 2.67670746137e-14, 9.78486768607e-14, 1.36966840322e-13, 9.6184351987e-14, 2.76106584427e-13, 2.76298081636e-12, 2.1463833857e-13, 3.0015293636e-12, 4.11784321919e-12, 5.70132108191e-10, 1.2473053701e-09, 3.98595080553e-11, 7.63505439427e-11, 1.5431662892e-10, 1.21065574232e-10, 4.36754972466e-11, 3.49614587281e-10, 6.96331325933e-11, 5.66885427489e-12, 1.2369239747e-12, 2.20040294579e-13, 2.7027874364e-14, 1.9593738524e-12, 9.71820388919e-13, 1.18708925289e-15, 4.27805735975e-17], [3.18680289948e-14, 1.8482810768e-12, 7.19562603946e-12, 1.02683894374e-11, 4.91012048728e-12, 1.41702413692e-11, 3.01039804196e-10, -8.43455166821e-12, 2.10625836217e-10, 9.27731502731e-10, 4.6323844316e-08, 9.48310230342e-08, 2.99605762422e-09, 5.53242163193e-09, 1.30280923827e-08, 1.04162838355e-08, 3.22236815009e-09, 2.20403180151e-08, 7.20839210544e-09, 4.20308621241e-10, 8.64167071235e-11, 1.62131072456e-11, 1.9593738524e-12, 1.88594626027e-10, 7.91306464798e-11, 9.45155886607e-14, 3.77150059501e-15], [1.70263922319e-14, 9.7329316915e-13, 3.60656708491e-12, 5.4373740753e-12, 2.90993878299e-12, 4.79586943075e-12, 1.13542890368e-10, -4.35681872524e-12, 8.73383448896e-11, 2.51218990055e-10, 2.26119034608e-08, 4.67138505655e-08, 1.42704592587e-09, 2.83267453938e-09, 6.24179596898e-09, 4.74087702429e-09, 1.57976065562e-09, 1.26691812596e-08, 2.97140556604e-09, 2.12646497633e-10, 4.42916779642e-11, 7.96206330034e-12, 9.71820388919e-13, 7.91306464798e-11, 3.76406024405e-11, 4.55795137418e-14, 1.74443809685e-15], [1.79417923317e-17, 1.12610372772e-15, 4.05681390241e-15, 7.34503857882e-15, 4.65096728085e-15, 8.85470963588e-15, 1.16008006153e-13, 5.9479187187e-15, 1.5414256785e-13, 5.66704018781e-13, 3.22282651954e-11, 5.42252562297e-11, 2.24167299306e-12, 3.50003186156e-12, 8.71914606487e-12, 5.83127253082e-12, 2.26638998367e-12, 1.59611455997e-11, 3.43423098119e-12, 2.49564393673e-13, 5.13922637899e-14, 9.61144887095e-15, 1.18708925289e-15, 9.45155886607e-14, 4.55795137418e-14, 6.31594418459e-17, 2.39561038652e-18], [5.2909155146e-19, 4.0883358762e-17, 1.55821742694e-16, 2.98598780953e-16, 1.53552342905e-16, 9.42684804567e-17, 4.68537121807e-15, 1.08972874483e-15, 4.67434454316e-15, 5.41162404331e-14, 1.47011146746e-12, 2.03527299181e-12, 1.12019707475e-13, 1.37426731778e-13, 3.58899135454e-13, 2.25529650836e-13, 8.96587830563e-14, 5.86457802893e-13, 1.46725933812e-13, 9.2935845109e-15, 1.79290256923e-15, 3.36118846506e-16, 4.27805735975e-17, 3.77150059501e-15, 1.74443809685e-15, 2.39561038652e-18, 1.2144452496e-19]]
    },
    "mfcc": {
        "kurt": [-0.366183280945, 0.221091270447, -0.759136199951, -0.0837762355804, -0.0720331668854, 0.0376493930817, 1.1560883522, 1.56777477264, 0.119096040726, -0.925086736679, -0.917925357819, -0.504390716553, 0.187832832336],
        "max": [-638.271484375, 177.603729248, 38.0518531799, 4.59334182739, 17.0684986115, 2.19930267334, 40.3076133728, 29.5150547028, 21.876033783, 8.23643684387, 1.26801300049, 24.8391742706, 22.977230072],
        "mean": [-902.588623047, 112.958938599, -91.033164978, -68.8087005615, -19.0061721802, -22.7342510223, -13.3178825378, -5.60675477982, 5.26082897186, -15.7552175522, -24.0963840485, 0.0429077148438, 0.973376691341],
        "median": [-872.327575684, 132.22265625, -107.517669678, -77.0902328491, -22.599237442, -25.4859046936, -16.135219574, -4.6915435791, 6.61768341064, -17.0495166779, -22.4108142853, -0.300689697266, -0.366212844849],
        "min": [-1138.42004395, 1.14440917969e-05, -162.533432007, -106.699714661, -50.3817749023, -61.5952377319, -40.4053726196, -35.4457855225, -24.2869281769, -43.5949249268, -54.2316322327, -24.2356338501, -12.0876712799],
        "skew": [-0.286707162857, -1.15746796131, 0.689048886299, 1.09672117233, 0.572246909142, -0.115557335317, 1.15770685673, 0.237617045641, -0.586395025253, -0.0136833740398, -0.16185849905, -0.0704595148563, 0.676154851913],
        "var": [15851.0097656, 2302.69262695, 3387.51489258, 1131.72094727, 242.946975708, 185.432327271, 352.913818359, 127.767112732, 103.93396759, 169.766799927, 214.367950439, 132.847015381, 65.9360580444],
        "cov": [[16174.5, 3672.39648438, -6657.52148438, -2258.45581055, 405.912078857, -1250.27905273, 611.301879883, 24.9503440857, 36.1393661499, -1039.06237793, -788.133911133, 629.143188477, -24.0960273743], [3672.39648438, 2349.6862793, -1772.7121582, -1431.16296387, -370.279663086, -287.984130859, -521.020629883, -209.677322388, 151.132171631, -227.628585815, -475.381500244, 79.5649185181, 40.2608833313], [-6657.52148438, -1772.7121582, 3456.64794922, 1165.67565918, -53.8609848022, 486.545166016, -155.529174805, -85.8937606812, -169.747314453, 565.589599609, 541.334838867, -468.891937256, -32.4161491394], [-2258.45581055, -1431.16296387, 1165.67565918, 1154.81726074, 276.439819336, 123.670059204, 320.836334229, 131.364379883, -132.814102173, 60.4669075012, 244.565475464, -18.4113903046, -92.1109619141], [405.912078857, -370.279663086, -53.8609848022, 276.439819336, 247.905075073, -13.0107803345, 193.256698608, 67.9184799194, -70.5956878662, -44.2474784851, 88.7171173096, 35.8427467346, -30.6727962494], [-1250.27905273, -287.984130859, 486.545166016, 123.670059204, -13.0107803345, 189.216659546, -35.4700546265, -35.6934432983, 9.9578704834, 110.624015808, 53.7711868286, -56.0900268555, 6.55094814301], [611.301879883, -521.020629883, -155.529174805, 320.836334229, 193.256698608, -35.4700546265, 360.116149902, 113.677635193, -62.2185325623, -50.7035598755, 96.3978118896, 56.5049476624, -36.5384140015], [24.9503440857, -209.677322388, -85.8937606812, 131.364379883, 67.9184799194, -35.6934432983, 113.677635193, 130.374603271, 22.9992218018, -55.8343276978, 18.32878685, 66.6484146118, -10.1246452332], [36.1393661499, 151.132171631, -169.747314453, -132.814102173, -70.5956878662, 9.9578704834, -62.2185325623, 22.9992218018, 106.05506897, -3.88167715073, -89.9456939697, 40.0421409607, 34.5916366577], [-1039.06237793, -227.628585815, 565.589599609, 60.4669075012, -44.2474784851, 110.624015808, -50.7035598755, -55.8343276978, -3.88167715073, 173.231430054, 104.402496338, -113.627700806, 27.3620700836], [-788.133911133, -475.381500244, 541.334838867, 244.565475464, 88.7171173096, 53.7711868286, 96.3978118896, 18.32878685, -89.9456939697, 104.402496338, 218.742797852, -82.0234909058, -8.25023460388], [629.143188477, 79.5649185181, -468.891937256, -18.4113903046, 35.8427467346, -56.0900268555, 56.5049476624, 66.6484146118, 40.0421409607, -113.627700806, -82.0234909058, 135.558181763, -2.71837878227], [-24.0960273743, 40.2608833313, -32.4161491394, -92.1109619141, -30.6727962494, 6.55094814301, -36.5384140015, -10.1246452332, 34.5916366577, 27.3620700836, -8.25023460388, -2.71837878227, 67.2816848755]]
    },
    "sccoeffs": {
        "kurt": [-0.759523153305, 0.416674137115, -0.15102314949, -0.410101175308, -1.16176354885, -0.624801635742],
        "max": [-0.588912248611, -0.548379957676, -0.443832010031, -0.659202814102, -0.595256149769, -0.758358478546],
        "mean": [-0.727961957455, -0.762522757053, -0.725931942463, -0.786475121975, -0.727770030499, -0.822090744972],
        "median": [-0.706305265427, -0.768655657768, -0.728438138962, -0.780512094498, -0.712041258812, -0.812255263329],
        "min": [-0.956841826439, -0.953452348709, -0.928189277649, -0.933592915535, -0.913796544075, -0.901871144772],
        "skew": [-0.533701002598, 0.39487978816, 0.390687227249, -0.406179904938, -0.362558990717, -0.446869075298],
        "var": [0.00869989860803, 0.00755319837481, 0.0118283219635, 0.00446604052559, 0.00929649546742, 0.00126508693211],
        "cov": [[0.0088774478063, 0.000683109043166, 0.00110499560833, 0.00222087209113, 0.00522413617, 0.00205765780993], [0.000683109043166, 0.00770734529942, 0.00529040116817, 0.00396886793897, 0.00117615028284, 0.00136835174635], [0.00110499560833, 0.00529040116817, 0.0120697170496, 0.0054018041119, 0.00536270951852, 0.00235578650609], [0.00222087209113, 0.00396886793897, 0.0054018041119, 0.00455718394369, 0.00373122002929, 0.0016442273045], [0.00522413617, 0.00117615028284, 0.00536270951852, 0.00373122002929, 0.00948621984571, 0.00274000968784], [0.00205765780993, 0.00136835174635, 0.00235578650609, 0.0016442273045, 0.00274000968784, 0.00129090505652]]
    },
    "scvalleys": {
        "kurt": [1.29552078247, 1.92774391174, 1.06364250183, 0.0924296379089, -0.569309234619, 0.446664094925],
        "max": [-8.34290409088, -6.27290582657, -5.00919532776, -5.03493309021, -6.36714935303, -8.79249572754],
        "mean": [-10.9000148773, -8.35490608215, -7.21324014664, -7.9847612381, -10.246638298, -12.4303646088],
        "median": [-11.0572185516, -7.7486782074, -6.20338153839, -7.08393859863, -9.78268051147, -12.4814662933],
        "min": [-12.8666133881, -14.5155572891, -13.9289121628, -13.7276821136, -14.0075731277, -15.354352951],
        "skew": [0.907384693623, -1.54815459251, -1.44941151142, -1.05997645855, -0.0465559959412, 0.488812088966],
        "var": [0.76435059309, 3.15973210335, 4.65517044067, 4.81407499313, 3.09626960754, 1.99900710583],
        "cov": [[0.779949605465, 1.03040957451, 1.01759040356, 1.23759162426, 1.19339025021, 1.07210242748], [1.03040957451, 3.22421646118, 3.5162525177, 3.54257416725, 2.42256712914, 1.86515104771], [1.01759040356, 3.5162525177, 4.75017404556, 4.67211055756, 3.16925740242, 2.15559077263], [1.23759162426, 3.54257416725, 4.67211055756, 4.91232156754, 3.52510762215, 2.54219794273], [1.19339025021, 2.42256712914, 3.16925740242, 3.52510762215, 3.15945863724, 2.23315358162], [1.07210242748, 1.86515104771, 2.15559077263, 2.54219794273, 2.23315358162, 2.03980326653]]
    }
},
"rhythm": {
    "bpm": 0,
    "confidence": 0,
    "first_peak_bpm": {
        "kurt": 0,
        "max": 0,
        "mean": 0,
        "median": 0,
        "min": 0,
        "skew": 0,
        "var": 0
    },
    "first_peak_spread": {
        "kurt": 0,
        "max": 0,
        "mean": 0,
        "median": 0,
        "min": 0,
        "skew": 0,
        "var": 0
    },
    "first_peak_weight": {
        "kurt": 0,
        "max": 0,
        "mean": 0,
        "median": 0,
        "min": 0,
        "skew": 0,
        "var": 0
    },
    "onset_rate": 4.42433452606,
    "second_peak_bpm": {
        "kurt": 0,
        "max": 0,
        "mean": 0,
        "median": 0,
        "min": 0,
        "skew": 0,
        "var": 0
    },
    "second_peak_spread": {
        "kurt": 0,
        "max": 0,
        "mean": 0,
        "median": 0,
        "min": 0,
        "skew": 0,
        "var": 0
    },
    "second_peak_weight": {
        "kurt": 0,
        "max": 0,
        "mean": 0,
        "median": 0,
        "min": 0,
        "skew": 0,
        "var": 0
    },
    "beats_position": [],
    "bpm_estimates": [],
    "bpm_intervals": [],
    "onset_times": [0.0348299331963, 0.267029464245, 0.487619042397, 0.696598649025, 0.859138309956],
    "histogram": [[0, 0, 0, 0, 0, 0, 0, 0, 0, 0, 0, 0, 0, 0, 0, 0, 0, 0, 0, 0, 0, 0, 0, 0, 0, 0, 0, 0, 0, 0, 0, 0, 0, 0, 0, 0, 0, 0, 0, 0, 0, 0, 0, 0, 0, 0, 0, 0, 0, 0, 0, 0, 0, 0, 0, 0, 0, 0, 0, 0, 0, 0, 0, 0, 0, 0, 0, 0, 0, 0, 0, 0, 0, 0, 0, 0, 0, 0, 0, 0, 0, 0, 0, 0, 0, 0, 0, 0, 0, 0, 0, 0, 0, 0, 0, 0, 0, 0, 0, 0, 0, 0, 0, 0, 0, 0, 0, 0, 0, 0, 0, 0, 0, 0, 0, 0, 0, 0, 0, 0, 0, 0, 0, 0, 0, 0, 0, 0, 0, 0, 0, 0, 0, 0, 0, 0, 0, 0, 0, 0, 0, 0, 0, 0, 0, 0, 0, 0, 0, 0, 0, 0, 0, 0, 0, 0, 0, 0, 0, 0, 0, 0, 0, 0, 0, 0, 0, 0, 0, 0, 0, 0, 0, 0, 0, 0, 0, 0, 0, 0, 0, 0, 0, 0, 0, 0, 0, 0, 0, 0, 0, 0, 0, 0, 0, 0, 0, 0, 0, 0, 0, 0, 0, 0, 0, 0, 0, 0, 0, 0, 0, 0, 0, 0, 0, 0, 0, 0, 0, 0, 0, 0, 0, 0, 0, 0, 0, 0, 0, 0, 0, 0, 0, 0, 0, 0, 0, 0, 0, 0, 0, 0, 0, 0, 0, 0, 0, 0, 0, 0]]
},
"sfx": {
    "inharmonicity": {
        "kurt": 4.76882791519,
        "max": 0.352230668068,
        "mean": 0.0428659021854,
        "median": 0.00980708189309,
        "min": 0,
        "skew": 2.30734539032,
        "var": 0.00591689301655
    },
    "oddtoevenharmonicenergyratio": {
        "kurt": 2.49932432175,
        "max": 6.60606575012,
        "mean": 1.09316027164,
        "median": 0.321440339088,
        "min": 0,
        "skew": 1.793836236,
        "var": 2.38361907005
    },
    "pitch_after_max_to_before_max_energy_ratio": 0.846682727337,
    "pitch_centroid": 28.5798892975,
    "pitch_max_to_total": 0.899999976158,
    "pitch_min_to_total": 0.939999997616,
    "tristimulus": {
        "kurt": [-1.25351059437, -0.849705457687, 3.07765674591],
        "max": [1, 0.825204372406, 0.806631028652],
        "mean": [0.458983182907, 0.426893383265, 0.114123404026],
        "median": [0.562157034874, 0.381856679916, 0.00319103058428],
        "min": [0, 0, 0],
        "skew": [-0.185351520777, 0.0584099851549, 1.97754323483],
        "var": [0.0866813212633, 0.0404811874032, 0.0413809791207],
        "cov": [[0.0884503275156, -0.0437660813332, -0.0446842499077], [-0.0437660813332, 0.0413073338568, 0.00245874887332], [-0.0446842499077, 0.00245874887332, 0.0422254875302]]
    }
},
"tonal": {
    "chords_changes_rate": 0,
    "chords_number_rate": 0.0384615398943,
    "chords_strength": {
        "kurt": 1.63317298889,
        "max": 0.563783049583,
        "mean": 0.499461352825,
        "median": 0.492912322283,
        "min": 0.457389473915,
        "skew": 1.46769249439,
        "var": 0.000568279298022
    },
    "key_strength": 0.388284355402,
    "tuning_diatonic_strength": 0.463449567556,
    "tuning_equal_tempered_deviation": 0.272477120161,
    "tuning_frequency": 431.941772461,
    "tuning_nontempered_energy_ratio": 0.893397092819,
    "hpcp": {
        "kurt": [2.40904903412, -0.150363683701, 0.770434379578, 0.789164543152, 0.469004392624, 4.96900463104, -0.269548177719, 1.12374734879, -0.431715726852, 0.0090446472168, -0.478307247162, 3.47171449661, 1.5810046196, -0.217811107635, 0.0243980884552, 0.0707583427429, -0.825489044189, 1.25453853607, 4.98747205734, 1.96781253815, 0.426152706146, 6.71194553375, 11.3082809448, 2.43556833267, 1.23425006866, 6.35165405273, 3.77578735352, 1.385201931, 1.82208681107, 3.02330827713, 5.85732555389, 7.68607997894, 6.79378509521, 4.82624483109, 3.8689661026, 4.18342971802],
        "max": [1, 1, 0.980614006519, 1, 1, 0.90853959322, 0.711223304272, 1, 0.756312549114, 1, 1, 1, 1, 1, 1, 1, 0.769055306911, 1, 0.852574408054, 0.418107628822, 0.312150329351, 0.601455152035, 1, 0.626821100712, 0.443143516779, 0.475020200014, 0.314626693726, 0.343081504107, 0.600570380688, 0.676670372486, 1, 0.996641933918, 1, 0.971686899662, 0.678270816803, 0.702608764172],
        "mean": [0.236534371972, 0.320198237896, 0.301542669535, 0.298787653446, 0.259014546871, 0.181085646152, 0.246097266674, 0.294814407825, 0.269074499607, 0.335278064013, 0.352484226227, 0.250939875841, 0.268670290709, 0.297197967768, 0.325784146786, 0.330622404814, 0.287649840117, 0.258949071169, 0.170540958643, 0.102300018072, 0.0923304632306, 0.111559085548, 0.146237194538, 0.136628612876, 0.107627511024, 0.0964334532619, 0.0794927179813, 0.0891844779253, 0.115675918758, 0.12496997416, 0.14037053287, 0.135218024254, 0.150545343757, 0.165234237909, 0.139125242829, 0.159396544099],
        "median": [0.175048515201, 0.175874203444, 0.227729678154, 0.20160189271, 0.15242767334, 0.107229284942, 0.215029329062, 0.222779721022, 0.211612462997, 0.241861820221, 0.267055630684, 0.226765394211, 0.227026090026, 0.181772083044, 0.256140768528, 0.285774797201, 0.249424383044, 0.166106492281, 0.120569579303, 0.0852451771498, 0.0669027194381, 0.0856319218874, 0.0931854993105, 0.0706661641598, 0.0549501664937, 0.0762121006846, 0.0702547803521, 0.0561304166913, 0.0415008813143, 0.0481216236949, 0.0620056986809, 0.0531813018024, 0.0742981061339, 0.0698941498995, 0.091472953558, 0.12495033443],
        "min": [0, 0, 0, 0, 0, 0, 0, 0, 0, 0, 0, 0, 0, 0, 0, 0, 0, 0, 0, 0, 0, 0, 0, 0, 0, 0, 0, 0, 0, 0, 0, 0, 0, 0, 0, 0],
        "skew": [1.60768067837, 1.07099032402, 1.23085856438, 1.34999907017, 1.25292646885, 2.11315345764, 0.951367735863, 1.37807643414, 0.819039106369, 1.09800899029, 0.920854330063, 1.74007594585, 1.42181837559, 0.933988749981, 1.00200343132, 0.939513266087, 0.584534525871, 1.27992069721, 2.07145237923, 1.40491163731, 1.10712063313, 2.35056138039, 3.19495034218, 1.75616717339, 1.62141215801, 2.27347397804, 1.60194039345, 1.37493562698, 1.73816788197, 1.99687099457, 2.59936022758, 2.89257287979, 2.8068318367, 2.42061161995, 1.8708422184, 1.73888921738],
        "var": [0.0572649873793, 0.111750729382, 0.0669863000512, 0.0837229117751, 0.0725523233414, 0.0378968939185, 0.0449415482581, 0.0741671100259, 0.0452070832253, 0.0960619822145, 0.0996479839087, 0.0489023402333, 0.0636605545878, 0.078504525125, 0.0842683240771, 0.0889591053128, 0.0529640987515, 0.0588929690421, 0.0332237072289, 0.00954922102392, 0.00766436522827, 0.0154253337532, 0.0379956923425, 0.0252110343426, 0.0158042553812, 0.00939907040447, 0.00434246100485, 0.00795009825379, 0.0255192704499, 0.0325209274888, 0.055165681988, 0.0485898852348, 0.055043913424, 0.0627131089568, 0.0225221849978, 0.0222807712853],
