{
"metadata": {
    "version": {
        "essentia": "2.1-beta3"
    }
},
"lowLevel": {
    "average_loudness": 0.99068403244,
    "barkbands_kurtosis": {
        "kurt": -0.520328760147,
        "max": 2.91121435165,
        "mean": 0.380420416594,
        "median": 0.105383634567,
        "min": -1.17366564274,
        "skew": 0.7427688241,
        "var": 1.278819561
    },
    "barkbands_skewness": {
        "kurt": -0.220912456512,
        "max": 1.93898975849,
        "mean": 0.485191345215,
        "median": 0.430082261562,
        "min": -0.472145348787,
        "skew": 0.655507445335,
        "var": 0.341471582651
    },
    "barkbands_spread": {
        "kurt": -0.789195775986,
        "max": 32.3563194275,
        "mean": 15.0187978745,
        "median": 14.2450847626,
        "min": 2.51873683929,
        "skew": 0.39042031765,
        "var": 67.9534225464
    },
    "dissonance": {
        "kurt": 2.64460325241,
        "max": 0.499985486269,
        "mean": 0.46528378129,
        "median": 0.478301614523,
        "min": 0.352121978998,
        "skew": -1.90890550613,
        "var": 0.00138591649011
    },
    "hfc": {
        "kurt": 3.39381456375,
        "max": 45.9722824097,
        "mean": 5.68765830994,
        "median": 0.000792691600509,
        "min": 1.61049007463e-10,
        "skew": 2.1351749897,
        "var": 147.467697144
    },
    "pitch": {
        "kurt": -0.996743917465,
        "max": 700.246887207,
        "mean": 470.534698486,
        "median": 549.963134766,
        "min": 163.809616089,
        "skew": -0.69600135088,
        "var": 25398.2421875
    },
    "pitch_instantaneous_confidence": {
        "kurt": -0.431712865829,
        "max": 0.641053676605,
        "mean": 0.385282963514,
        "median": 0.373857855797,
        "min": 0.194339752197,
        "skew": 0.48199519515,
        "var": 0.0125762782991
    },
    "pitch_salience": {
        "kurt": -0.72225856781,
        "max": 0.819507181644,
        "mean": 0.696565926075,
        "median": 0.70722681284,
        "min": 0.558536052704,
        "skew": -0.142689630389,
        "var": 0.00457182666287
    },
    "silence_rate_20dB": {
        "kurt": 0,
        "max": 1,
        "mean": 1,
        "median": 1,
        "min": 1,
        "skew": 0,
        "var": 0
    },
    "silence_rate_30dB": {
        "kurt": 0,
        "max": 1,
        "mean": 1,
        "median": 1,
        "min": 1,
        "skew": 0,
        "var": 0
    },
    "silence_rate_60dB": {
        "kurt": -0.51754283905,
        "max": 1,
        "mean": 0.759999990463,
        "median": 1,
        "min": 0,
        "skew": -1.21756148338,
        "var": 0.182400017977
    },
    "spectral_centroid": {
        "kurt": -0.318791151047,
        "max": 1350.65161133,
        "mean": 1002.49505615,
        "median": 1023.19122314,
        "min": 499.40625,
        "skew": -0.465711265802,
        "var": 47259.9765625
    },
    "spectral_complexity": {
        "kurt": -0.0486555099487,
        "max": 20,
        "mean": 4.19999980927,
        "median": 0,
        "min": 0,
        "skew": 1.33723545074,
        "var": 55.5200080872
    },
    "spectral_crest": {
        "kurt": -0.503045558929,
        "max": 14.4674339294,
        "mean": 7.91926336288,
        "median": 6.93718147278,
        "min": 4.24271011353,
        "skew": 0.741031587124,
        "var": 8.1406211853
    },
    "spectral_decrease": {
        "kurt": 3.30504274368,
        "max": -8.15729201701e-20,
        "mean": -1.2032717045e-09,
        "median": -2.46180625798e-13,
        "min": -9.62689128414e-09,
        "skew": -2.10986042023,
        "var": 6.44416007467e-18
    },
    "spectral_energy": {
        "kurt": 3.31206607819,
        "max": 0.0405038781464,
        "mean": 0.00505730928853,
        "median": 9.80126628747e-07,
        "min": 3.22484172612e-13,
        "skew": 2.11192631721,
        "var": 0.000114087873953
    },
    "spectral_energyband_high": {
        "kurt": 6.43390846252,
        "max": 4.61524432467e-05,
        "mean": 5.06428295921e-06,
        "median": 4.06657285623e-09,
        "min": 7.25761207317e-15,
        "skew": 2.54263591766,
        "var": 1.12912686145e-10
    },
    "spectral_energyband_low": {
        "kurt": 3.26591777802,
        "max": 1.53778910317e-06,
        "mean": 2.25540262022e-07,
        "median": 3.33081935366e-08,
        "min": 1.79910922857e-13,
        "skew": 2.08273768425,
        "var": 1.68847059815e-13
    },
    "spectral_energyband_middle_high": {
        "kurt": 3.69514274597,
        "max": 0.0334493592381,
        "mean": 0.00399485975504,
        "median": 4.15081814253e-07,
        "min": 3.40183745973e-14,
        "skew": 2.21696519852,
        "var": 7.74587679189e-05
    },
    "spectral_energyband_middle_low": {
        "kurt": 2.29742908478,
        "max": 0.00828474294394,
        "mean": 0.00117067305837,
        "median": 6.48640423151e-07,
        "min": 1.30839268456e-13,
        "skew": 1.88764429092,
        "var": 5.22176696904e-06
    },
    "spectral_flatness_db": {
        "kurt": -1.06456840038,
        "max": 0.34192982316,
        "mean": 0.184334874153,
        "median": 0.154082506895,
        "min": 0.0749430581927,
        "skew": 0.601631760597,
        "var": 0.0074600582011
    },
    "spectral_flux": {
        "kurt": 0.0547213554382,
        "max": 0.145369753242,
        "mean": 0.0296329334378,
        "median": 0.00099001347553,
        "min": 4.69953511129e-06,
        "skew": 1.27786743641,
        "var": 0.00211112922989
    },
    "spectral_kurtosis": {
        "kurt": 1.41732406616,
        "max": 44.028377533,
        "mean": 14.5968799591,
        "median": 11.5732250214,
        "min": 4.11085557938,
        "skew": 1.43558597565,
        "var": 103.777389526
    },
    "spectral_rms": {
        "kurt": 0.931410312653,
        "max": 0.00628617359325,
        "mean": 0.00110418547411,
        "median": 3.09228234983e-05,
        "min": 1.77374950283e-08,
        "skew": 1.58188211918,
        "var": 3.7147351577e-06
    },
    "spectral_rolloff": {
        "kurt": 0.757364749908,
        "max": 3100.78125,
        "mean": 1635.6619873,
        "median": 1658.05664062,
        "min": 689.0625,
        "skew": 0.86381059885,
        "var": 294472.40625
    },
    "spectral_skewness": {
        "kurt": 0.235538482666,
        "max": 5.16330242157,
        "mean": 2.88917994499,
        "median": 2.64885187149,
        "min": 1.76886034012,
        "skew": 1.00444936752,
        "var": 0.789744734764
    },
    "spectral_spread": {
        "kurt": -1.05753588676,
        "max": 8382666,
        "mean": 3911118,
        "median": 2470255,
        "min": 1374677.25,
        "skew": 0.59250164032,
        "var": 5.16144391782e+12
    },
    "spectral_strongpeak": {
        "kurt": 3.26391649246,
        "max": 3.07323670387,
        "mean": 0.426966518164,
        "median": 0.00593990227208,
        "min": 0,
        "skew": 2.20723199844,
        "var": 0.809869408607
    },
    "zerocrossingrate": {
        "kurt": 17.071855545,
        "max": 0.298828125,
        "mean": 0.0650390610099,
        "median": 0.056640625,
        "min": 0.01513671875,
        "skew": 4.17745304108,
        "var": 0.00244317972101
    },
    "barkbands": {
        "kurt": [0.890397548676, 6.85275745392, 6.48445224762, 10.7222137451, 5.68620300293, 13.5006980896, 15.6011981964, 1.24518680573, 4.33657073975, 10.0735111237, 9.82145214081, 6.06930446625, 7.42259979248, 7.42099380493, 4.22947072983, 4.05461215973, 9.81925392151, 4.07998752594, 2.2450428009, 11.5765476227, 2.26041793823, 11.5822610855, 10.6132526398, 7.08132648468, 8.83603000641, 5.93367004395, 11.4790306091],
        "max": [2.27446577128e-08, 1.20654590319e-07, 1.06250479348e-06, 1.82993812814e-06, 1.58100083354e-05, 0.000116568342492, 0.00398416910321, 0.00195423164405, 0.00271557318047, 0.00549072492868, 0.0103966714814, 0.0143772577867, 0.00431607477367, 0.00709243491292, 0.00229152687825, 0.000347600493114, 0.000205082498724, 0.000203062474611, 1.13542355393e-05, 3.15822726407e-05, 1.56287424034e-05, 1.60152958415e-05, 6.79118829794e-06, 1.0255325833e-06, 2.726709738e-07, 1.49957752882e-08, 2.45085041151e-09],
        "mean": [5.6184408237e-09, 1.40812925764e-08, 1.23995164358e-07, 1.7659620255e-07, 1.855764026e-06, 9.33043975238e-06, 0.000272680335911, 0.000301624386339, 0.000302007276332, 0.000417191360611, 0.0008717784076, 0.00148489256389, 0.000398366741138, 0.000626868393738, 0.000278068851912, 4.38145143562e-05, 1.63101540238e-05, 2.38445827563e-05, 1.61163507073e-06, 2.47416733146e-06, 2.22068183575e-06, 1.34660547246e-06, 5.75861463403e-07, 1.05690524776e-07, 2.53045246978e-08, 1.55873647323e-09, 1.64884994547e-10],
        "median": [3.79537778983e-09, 2.32484920204e-09, 1.14805951412e-08, 3.74522590718e-09, 1.07510524927e-08, 2.17446789463e-08, 7.84032891943e-08, 6.51533795804e-08, 3.70542174721e-08, 2.45206841498e-08, 9.71797078364e-08, 5.77051437745e-08, 5.03639192573e-08, 4.72514614103e-08, 9.3335223994e-08, 1.17561791413e-08, 4.62012330615e-08, 9.24643472899e-09, 1.79492900543e-08, 5.45963940723e-09, 1.90178450765e-09, 7.18208659212e-10, 1.88316445771e-10, 7.49557776958e-11, 4.67298907902e-11, 7.16703302608e-12, 2.07865436018e-13],
        "min": [1.55364646658e-14, 5.56746760239e-14, 8.01276295206e-14, 6.10308244914e-14, 3.48446992831e-14, 2.80847537948e-15, 5.75261282633e-15, 1.09469877417e-14, 1.34635395687e-14, 5.85820183596e-15, 7.69277493218e-16, 1.53290887657e-15, 3.76071066581e-15, 1.79046967885e-15, 1.35872279783e-15, 4.44189625606e-15, 1.7877562088e-15, 6.11204956343e-15, 6.71978215056e-15, 4.59653567311e-15, 2.2460571492e-15, 9.3644288643e-16, 1.91219990713e-16, 1.01441109132e-16, 7.74417672954e-17, 9.5357256938e-18, 5.03600998607e-18],
        "skew": [1.23379087448, 2.88606667519, 2.60224032402, 3.2373509407, 2.58502221107, 3.68512439728, 4.02615594864, 1.71408104897, 2.35273098946, 3.32465457916, 3.18407487869, 2.55967831612, 2.80142068863, 3.04852199554, 2.27487683296, 2.28808355331, 3.21464657784, 2.28032374382, 1.86119663715, 3.4781255722, 1.82186937332, 3.38578271866, 3.25396227837, 2.68840694427, 2.98458743095, 2.6098959446, 3.54198527336],
        "var": [3.70294945097e-17, 9.20382929992e-16, 5.9476695216e-14, 1.48505787203e-13, 1.53814738724e-11, 5.6782817337e-10, 6.4013698875e-07, 3.67254472167e-07, 4.83940880258e-07, 1.4863501292e-06, 5.163239166e-06, 1.15292405098e-05, 9.79122319222e-07, 3.46172168975e-06, 3.44185679069e-07, 8.72727223822e-09, 2.03166372614e-09, 2.76617129202e-09, 9.49171297115e-12, 4.51778892074e-11, 1.78654244176e-11, 1.13260737594e-11, 2.11103725646e-12, 5.47098207937e-14, 3.61400286528e-15, 1.31479018333e-17, 2.83103004086e-19],
        "cov": [[3.85723881841e-17, 4.6412452352e-17, 3.61693788738e-16, 1.11136376625e-15, 8.8774626349e-15, 1.8737491959e-14, -3.60350448482e-13, 4.27590824076e-13, 5.69648928722e-13, 6.7912206891e-13, 7.79837728681e-13, 1.35621939026e-12, 1.46571313029e-13, 1.69156388116e-12, 3.77600538727e-13, 5.50072106734e-14, 3.70327107467e-14, 4.63533799831e-14, 2.78396118719e-15, 3.85037164438e-15, 2.73451606241e-15, 1.27854276493e-15, 1.39333775214e-15, 1.97012015242e-16, -7.19234121641e-18, 2.28129568023e-18, 5.20029891247e-19], [4.6412452352e-17, 9.587322408e-16, 5.38649554038e-15, 2.83842667625e-15, 1.71235824863e-14, 4.72555208939e-14, 6.91933977563e-13, 2.95074815276e-12, 6.07417371609e-12, 1.06606069458e-11, 1.00516704335e-11, 2.05706545547e-11, 6.28259944069e-12, 2.55683547251e-11, 3.41575834457e-12, 2.47339231344e-13, 7.54720667472e-13, 4.99624267739e-13, 4.22784264466e-14, 4.83909075733e-14, 2.28645312454e-14, 1.40909495782e-14, 2.52348851857e-14, 3.86654065631e-15, 3.23559068434e-16, 5.42703538426e-17, 9.69229113142e-18], [3.61693788738e-16, 5.38649554038e-15, 6.1954890003e-14, 5.12081052746e-14, 3.7058016703e-13, 4.81836738477e-13, 7.83324186765e-12, 3.55899164306e-11, 5.3610487577e-11, 7.90996088074e-11, 1.77455050654e-10, 2.738495819e-10, 6.90336468545e-11, 9.96632013028e-11, 1.7344748901e-11, 5.28947328646e-12, 1.64169968852e-12, 2.96163506046e-12, 2.09905403063e-13, 4.29079108398e-13, 2.23078622089e-13, 2.17451775445e-13, 6.86315899403e-14, 8.16956755473e-15, 2.51151134564e-15, 1.52883517749e-16, 2.53735320251e-17], [1.11136376625e-15, 2.83842667625e-15, 5.12081052746e-14, 1.54693532289e-13, 1.40095931817e-12, 2.73988991217e-12, 8.23279569517e-11, 6.84092435477e-11, 7.53912557383e-11, 1.29387764392e-10, 2.28376720313e-10, 3.73392955444e-10, 1.2754454437e-10, 2.10816988866e-10, 6.84488368763e-11, 8.27418602384e-12, 6.37982765575e-12, 6.52048337199e-12, 4.58193541702e-13, 6.98971479654e-13, 3.92242797487e-13, 3.56527497412e-13, 2.04294711031e-13, 3.21505924097e-14, 8.7295215544e-15, 5.52194913177e-16, 6.32782448342e-17], [8.8774626349e-15, 1.71235824863e-14, 3.7058016703e-13, 1.40095931817e-12, 1.60223691953e-11, 5.20909045065e-11, 2.01701300107e-09, 8.50701120658e-10, 3.09261560805e-10, 6.37264019332e-10, 1.06015030088e-09, 2.1997730304e-09, 1.16127518712e-09, 1.10984821333e-09, 1.19562559853e-09, 1.00404386194e-10, 6.6558737688e-11, 6.31914728877e-11, 4.57129256323e-12, 4.39301936841e-12, 5.35354009387e-12, 3.14517856204e-12, 1.77237857637e-12, 4.0067328253e-13, 1.3978930318e-13, 6.65361871299e-15, 3.22044785282e-16], [1.8737491959e-14, 4.72555208939e-14, 4.81836738477e-13, 2.73988991217e-12, 5.20909045065e-11, 5.91487692159e-10, 9.3035357196e-09, 2.6578821366e-09, 4.23959978235e-10, 2.67698863077e-10, 1.92520777098e-09, 7.10305059215e-09, 2.45552800315e-09, 4.36690572592e-10, 4.70689931475e-09, 6.04732208753e-10, 1.38013406259e-10, 1.7583938472e-10, 1.54333473085e-11, 1.05207969073e-11, 5.79768490161e-11, 9.22692911659e-12, 3.39852191528e-12, 2.39896644216e-12, 3.9368147956e-13, 2.25871160968e-14, 8.48714519413e-16], [-3.60350448482e-13, 6.91933977563e-13, 7.83324186765e-12, 8.23279569517e-11, 2.01701300107e-09, 9.3035357196e-09, 6.66809398808e-07, 2.65723258508e-07, 5.66421753945e-08, 1.35177359084e-07, 2.64850768872e-07, 5.5311130609e-07, 3.4267534943e-07, 1.95026885308e-07, 3.76582875106e-07, 3.00364035866e-08, 1.70232148378e-08, 1.75604970565e-08, 1.20988530306e-09, 1.08179609715e-09, 1.49490231305e-09, 9.39475941486e-10, 4.21071816303e-10, 1.02180132411e-10, 4.45762211865e-11, 1.81715851134e-12, 2.47469484683e-14], [4.27590824076e-13, 2.95074815276e-12, 3.55899164306e-11, 6.84092435477e-11, 8.50701120658e-10, 2.6578821366e-09, 2.65723258508e-07, 3.82556748946e-07, 3.16325355243e-07, 3.95476462245e-07, 9.41188375236e-07, 1.74691342636e-06, 4.12303847952e-07, 5.66210985653e-07, 3.35153544029e-07, 5.43514282469e-08, 1.47207019907e-08, 2.57206576038e-08, 1.63391888908e-09, 2.42062259126e-09, 1.9797685713e-09, 1.43489098381e-09, 5.56462931289e-10, 8.56046136755e-11, 2.87266252452e-11, 1.4372240377e-12, 1.3700340504e-13], [5.69648928722e-13, 6.07417371609e-12, 5.3610487577e-11, 7.53912557383e-11, 3.09261560805e-10, 4.23959978235e-10, 5.66421753945e-08, 3.16325355243e-07, 5.04105059917e-07, 8.06645573448e-07, 1.58207342338e-06, 2.1344264951e-06, 6.34248010556e-07, 1.15531759093e-06, 2.03110957386e-07, 4.15724343839e-08, 2.05497148187e-08, 3.3379510711e-08, 1.89591342625e-09, 4.40989067485e-09, 2.41073871976e-09, 2.14813256072e-09, 7.72997388321e-10, 1.02968550353e-10, 2.138583928e-11, 1.70409378882e-12, 2.33745450296e-13], [6.7912206891e-13, 1.06606069458e-11, 7.90996088074e-11, 1.29387764392e-10, 6.37264019332e-10, 2.67698863077e-10, 1.35177359084e-07, 3.95476462245e-07, 8.06645573448e-07, 1.54828137511e-06, 2.69504107564e-06, 2.6774480375e-06, 1.18423986351e-06, 2.24533209803e-06, 2.69822237442e-07, 3.50443691843e-08, 4.05671585213e-08, 6.01112901677e-08, 2.93455593159e-09, 8.44488923235e-09, 3.98039956551e-09, 4.00902466779e-09, 1.33443889272e-09, 1.82062628862e-10, 3.7318526741e-11, 3.17623943639e-12, 3.29371214547e-13], [7.79837728681e-13, 1.00516704335e-11, 1.77455050654e-10, 2.28376720313e-10, 1.06015030088e-09, 1.92520777098e-09, 2.64850768872e-07, 9.41188375236e-07, 1.58207342338e-06, 2.69504107564e-06, 5.37837377124e-06, 6.41758197162e-06, 2.18365835281e-06, 3.55916859007e-06, 5.71503733227e-07, 1.16583997567e-07, 5.58849961863e-08, 1.06260330313e-07, 5.42698730399e-09, 1.50007757327e-08, 7.96924393143e-09, 7.52690265671e-09, 2.04660621783e-09, 2.67725425163e-10, 7.05571573389e-11, 4.81101226565e-12, 5.13494303502e-13], [1.35621939026e-12, 2.05706545547e-11, 2.738495819e-10, 3.73392955444e-10, 2.1997730304e-09, 7.10305059215e-09, 5.5311130609e-07, 1.74691342636e-06, 2.1344264951e-06, 2.6774480375e-06, 6.41758197162e-06, 1.20096256069e-05, 2.44177977038e-06, 3.63419098903e-06, 1.13878979846e-06, 2.83552054725e-07, 7.19277792882e-08, 1.21923235952e-07, 8.92114737638e-09, 1.45650140837e-08, 1.00117887314e-08, 7.66218377635e-09, 3.18336268457e-09, 4.32978625176e-10, 1.1300223951e-10, 6.93948024044e-12, 1.18953425669e-12], [1.46571313029e-13, 6.28259944069e-12, 6.90336468545e-11, 1.2754454437e-10, 1.16127518712e-09, 2.45552800315e-09, 3.4267534943e-07, 4.12303847952e-07, 6.34248010556e-07, 1.18423986351e-06, 2.18365835281e-06, 2.44177977038e-06, 1.01991906831e-06, 1.64787388712e-06, 3.32847093887e-07, 4.29313296024e-08, 3.3336082339e-08, 4.96495253799e-08, 2.59656207646e-09, 6.5869696364e-09, 3.43409300996e-09, 3.34380056977e-09, 1.07616826561e-09, 1.56848631305e-10, 4.47913824086e-11, 2.84734887578e-12, 2.3949698019e-13], [1.69156388116e-12, 2.55683547251e-11, 9.96632013028e-11, 2.10816988866e-10, 1.10984821333e-09, 4.36690572592e-10, 1.95026885308e-07, 5.66210985653e-07, 1.15531759093e-06, 2.24533209803e-06, 3.55916859007e-06, 3.63419098903e-06, 1.64787388712e-06, 3.60596004612e-06, 4.55308196479e-07, 4.45714647412e-08, 7.49091881858e-08, 9.13377178335e-08, 4.80452966301e-09, 1.19875300797e-08, 5.51830803275e-09, 5.41545830401e-09, 2.43698949909e-09, 3.44433176425e-10, 5.65223423621e-11, 5.65200664049e-12, 6.78094462091e-13], [3.77600538727e-13, 3.41575834457e-12, 1.7344748901e-11, 6.84488368763e-11, 1.19562559853e-09, 4.70689931475e-09, 3.76582875106e-07, 3.35153544029e-07, 2.03110957386e-07, 2.69822237442e-07, 5.71503733227e-07, 1.13878979846e-06, 3.32847093887e-07, 4.55308196479e-07, 3.58526762056e-07, 4.34976357155e-08, 1.6819315718e-08, 2.3000424676e-08, 1.46912026988e-09, 1.7669473662e-09, 1.71562597462e-09, 1.12387710249e-09, 5.45370915095e-10, 9.71148161888e-11, 3.19744127009e-11, 1.60127206633e-12, 1.09020899133e-13], [5.50072106734e-14, 2.47339231344e-13, 5.28947328646e-12, 8.27418602384e-12, 1.00404386194e-10, 6.04732208753e-10, 3.00364035866e-08, 5.43514282469e-08, 4.15724343839e-08, 3.50443691843e-08, 1.16583997567e-07, 2.83552054725e-07, 4.29313296024e-08, 4.45714647412e-08, 4.34976357155e-08, 9.09090847045e-09, 1.22069920838e-09, 2.71457456513e-09, 2.12320661053e-10, 2.24055218823e-10, 2.6531385422e-10, 1.47761816671e-10, 6.1114877048e-11, 9.89290940834e-12, 3.31749276487e-12, 1.47345311408e-13, 2.09939809542e-14], [3.70327107467e-14, 7.54720667472e-13, 1.64169968852e-12, 6.37982765575e-12, 6.6558737688e-11, 1.38013406259e-10, 1.70232148378e-08, 1.47207019907e-08, 2.05497148187e-08, 4.05671585213e-08, 5.58849961863e-08, 7.19277792882e-08, 3.3336082339e-08, 7.49091881858e-08, 1.6819315718e-08, 1.22069920838e-09, 2.11631645541e-09, 1.97308458461e-09, 1.24531149281e-10, 2.12282427747e-10, 1.06974352987e-10, 9.62582583086e-11, 6.61091251186e-11, 1.02898479667e-11, 2.00223691793e-12, 1.66094948125e-13, 1.90945637801e-14], [4.63533799831e-14, 4.99624267739e-13, 2.96163506046e-12, 6.52048337199e-12, 6.31914728877e-11, 1.7583938472e-10, 1.75604970565e-08, 2.57206576038e-08, 3.3379510711e-08, 6.01112901677e-08, 1.06260330313e-07, 1.21923235952e-07, 4.96495253799e-08, 9.13377178335e-08, 2.3000424676e-08, 2.71457456513e-09, 1.97308458461e-09, 2.88142842919e-09, 1.49405474104e-10, 3.41724343267e-10, 1.95426300142e-10, 1.72329026049e-10, 6.41167327564e-11, 9.60336931505e-12, 2.33581860451e-12, 1.62659612884e-13, 1.42316087165e-14], [2.78396118719e-15, 4.22784264466e-14, 2.09905403063e-13, 4.58193541702e-13, 4.57129256323e-12, 1.54333473085e-11, 1.20988530306e-09, 1.63391888908e-09, 1.89591342625e-09, 2.93455593159e-09, 5.42698730399e-09, 8.92114737638e-09, 2.59656207646e-09, 4.80452966301e-09, 1.46912026988e-09, 2.12320661053e-10, 1.24531149281e-10, 1.49405474104e-10, 9.88720130074e-12, 1.60365939278e-11, 1.03391531447e-11, 8.04106867897e-12, 4.3200707768e-12, 6.64811033915e-13, 1.50717600293e-13, 1.06087513923e-14, 1.31215059705e-15], [3.85037164438e-15, 4.83909075733e-14, 4.29079108398e-13, 6.98971479654e-13, 4.39301936841e-12, 1.05207969073e-11, 1.08179609715e-09, 2.42062259126e-09, 4.40989067485e-09, 8.44488923235e-09, 1.50007757327e-08, 1.45650140837e-08, 6.5869696364e-09, 1.19875300797e-08, 1.7669473662e-09, 2.24055218823e-10, 2.12282427747e-10, 3.41724343267e-10, 1.60365939278e-11, 4.70603001013e-11, 2.36894687894e-11, 2.29560485204e-11, 6.90422502156e-12, 9.67981879547e-13, 2.20244504058e-13, 1.7020739134e-14, 1.48744417137e-15], [2.73451606241e-15, 2.28645312454e-14, 2.23078622089e-13, 3.92242797487e-13, 5.35354009387e-12, 5.79768490161e-11, 1.49490231305e-09, 1.9797685713e-09, 2.41073871976e-09, 3.98039956551e-09, 7.96924393143e-09, 1.00117887314e-08, 3.43409300996e-09, 5.51830803275e-09, 1.71562597462e-09, 2.6531385422e-10, 1.06974352987e-10, 1.95426300142e-10, 1.03391531447e-11, 2.36894687894e-11, 1.86098168126e-11, 1.25015961125e-11, 3.67548396232e-12, 6.86351312156e-13, 1.57364776049e-13, 1.01198617628e-14, 8.03821349692e-16], [1.27854276493e-15, 1.40909495782e-14, 2.17451775445e-13, 3.56527497412e-13, 3.14517856204e-12, 9.22692911659e-12, 9.39475941486e-10, 1.43489098381e-09, 2.14813256072e-09, 4.00902466779e-09, 7.52690265671e-09, 7.66218377635e-09, 3.34380056977e-09, 5.41545830401e-09, 1.12387710249e-09, 1.47761816671e-10, 9.62582583086e-11, 1.72329026049e-10, 8.04106867897e-12, 2.29560485204e-11, 1.25015961125e-11, 1.1797993138e-11, 3.10616701631e-12, 4.48579622883e-13, 1.32115970724e-13, 8.2310028544e-15, 5.32454810342e-16], [1.39333775214e-15, 2.52348851857e-14, 6.86315899403e-14, 2.04294711031e-13, 1.77237857637e-12, 3.39852191528e-12, 4.21071816303e-10, 5.56462931289e-10, 7.72997388321e-10, 1.33443889272e-09, 2.04660621783e-09, 3.18336268457e-09, 1.07616826561e-09, 2.43698949909e-09, 5.45370915095e-10, 6.1114877048e-11, 6.61091251186e-11, 6.41167327564e-11, 4.3200707768e-12, 6.90422502156e-12, 3.67548396232e-12, 3.10616701631e-12, 2.19899727767e-12, 3.31353298749e-13, 6.02551862572e-14, 5.22193059125e-15, 7.04300431164e-16], [1.97012015242e-16, 3.86654065631e-15, 8.16956755473e-15, 3.21505924097e-14, 4.0067328253e-13, 2.39896644216e-12, 1.02180132411e-10, 8.56046136755e-11, 1.02968550353e-10, 1.82062628862e-10, 2.67725425163e-10, 4.32978625176e-10, 1.56848631305e-10, 3.44433176425e-10, 9.71148161888e-11, 9.89290940834e-12, 1.02898479667e-11, 9.60336931505e-12, 6.64811033915e-13, 9.67981879547e-13, 6.86351312156e-13, 4.48579622883e-13, 3.31353298749e-13, 5.69893999071e-14, 1.0426005728e-14, 8.50203126878e-16, 1.03205220681e-16], [-7.19234121641e-18, 3.23559068434e-16, 2.51151134564e-15, 8.7295215544e-15, 1.3978930318e-13, 3.9368147956e-13, 4.45762211865e-11, 2.87266252452e-11, 2.138583928e-11, 3.7318526741e-11, 7.05571573389e-11, 1.1300223951e-10, 4.47913824086e-11, 5.65223423621e-11, 3.19744127009e-11, 3.31749276487e-12, 2.00223691793e-12, 2.33581860451e-12, 1.50717600293e-13, 2.20244504058e-13, 1.57364776049e-13, 1.32115970724e-13, 6.02551862572e-14, 1.0426005728e-14, 3.76458626506e-15, 1.87551186616e-16, 1.19944869774e-17], [2.28129568023e-18, 5.42703538426e-17, 1.52883517749e-16, 5.52194913177e-16, 6.65361871299e-15, 2.25871160968e-14, 1.81715851134e-12, 1.4372240377e-12, 1.70409378882e-12, 3.17623943639e-12, 4.81101226565e-12, 6.93948024044e-12, 2.84734887578e-12, 5.65200664049e-12, 1.60127206633e-12, 1.47345311408e-13, 1.66094948125e-13, 1.62659612884e-13, 1.06087513923e-14, 1.7020739134e-14, 1.01198617628e-14, 8.2310028544e-15, 5.22193059125e-15, 8.50203126878e-16, 1.87551186616e-16, 1.36957311453e-17, 1.47746110309e-18], [5.20029891247e-19, 9.69229113142e-18, 2.53735320251e-17, 6.32782448342e-17, 3.22044785282e-16, 8.48714519413e-16, 2.47469484683e-14, 1.3700340504e-13, 2.33745450296e-13, 3.29371214547e-13, 5.13494303502e-13, 1.18953425669e-12, 2.3949698019e-13, 6.78094462091e-13, 1.09020899133e-13, 2.09939809542e-14, 1.90945637801e-14, 1.42316087165e-14, 1.31215059705e-15, 1.48744417137e-15, 8.03821349692e-16, 5.32454810342e-16, 7.04300431164e-16, 1.03205220681e-16, 1.19944869774e-17, 1.47746110309e-18, 2.94898961512e-19]]
    },
    "mfcc": {
        "kurt": [-1.12470519543, -1.68090426922, -0.779055356979, -1.23756814003, -0.13050532341, 4.54060125351, 0.0157375335693, 1.26393318176, -0.250771522522, 0.424744606018, 1.77475452423, 0.454716920853, 0.960579156876],
        "max": [-714.67010498, 160.948181152, 24.7974891663, 8.01086425781e-05, -6.103515625e-05, 2.28881835938e-05, -2.67028808594e-05, 3.00262832642, 9.25100326538, 16.3931522369, 14.0393714905, 9.36841583252, 8.65445709229],
        "mean": [-1001.43005371, 62.2473526001, -39.853843689, -27.2822418213, -18.3131465912, -5.74050283432, -13.1978712082, -6.94831037521, -2.97752523422, -1.55081820488, 2.58579826355, 1.12732112408, 1.33654248714],
        "median": [-1089.25305176, 48.2717399597, -13.7953491211, -23.3975944519, -5.79649353027, -1.64249420166, -5.55222702026, -2.09437561035, -4.57763671875e-05, -2.28881835938e-05, 1.40522384644, 0.0379219055176, 0.0620422363281],
        "min": [-1138.42004395, 1.14440917969e-05, -144.869277954, -81.7854919434, -80.1146240234, -34.1526298523, -48.9472694397, -36.5376052856, -17.1047706604, -25.1447525024, -20.5209712982, -12.4492454529, -12.7929534912],
        "skew": [0.724876701832, 0.283282697201, -0.864979863167, -0.539824724197, -1.18055391312, -2.02019143105, -1.01774358749, -1.37281155586, -1.00618982315, -0.923004090786, -0.904913365841, -0.633087515831, -0.593777418137],
        "var": [25733.4921875, 3915.28271484, 2744.17333984, 846.544189453, 626.794128418, 60.3655776978, 232.10043335, 94.2540588379, 55.4595108032, 97.7074279785, 54.7210121155, 30.4743289948, 23.3564109802],
        "cov": [[26805.7207031, 9694.09863281, -8558.68652344, -4665.23583984, -3885.39453125, -503.205535889, -2222.41723633, -941.458740234, -620.720031738, -581.774597168, 158.589202881, -119.4661026, 13.3009557724], [9694.09863281, 4078.41967773, -2910.59155273, -1738.58630371, -1280.51586914, -303.885437012, -857.369934082, -456.436981201, -211.36328125, -213.463317871, 16.3099956512, -60.2888832092, 33.7696762085], [-8558.68652344, -2910.59155273, 2858.51391602, 1518.19104004, 1292.30407715, 130.74331665, 691.333557129, 247.811599731, 160.852798462, 145.162490845, -98.9887771606, 38.1903076172, 8.20914936066], [-4665.23583984, -1738.58630371, 1518.19104004, 881.816894531, 683.800231934, 100.923423767, 383.958709717, 152.128189087, 85.7934570312, 71.0340499878, -49.9677772522, 20.0428237915, -5.12091016769], [-3885.39453125, -1280.51586914, 1292.30407715, 683.800231934, 652.910583496, 57.9520683289, 289.332611084, 102.629386902, 73.4163665771, 76.4269943237, -38.0633583069, 34.2832679749, 16.1357116699], [-503.205535889, -303.885437012, 130.74331665, 100.923423767, 57.9520683289, 62.8808097839, 67.5911865234, 44.6029472351, -10.390709877, -8.27505588531, -9.06566238403, 13.4751672745, -5.04624795914], [-2222.41723633, -857.369934082, 691.333557129, 383.958709717, 289.332611084, 67.5911865234, 241.771286011, 122.613853455, 53.9292793274, 59.8039894104, -15.0900640488, 3.83515071869, -19.4359359741], [-941.458740234, -456.436981201, 247.811599731, 152.128189087, 102.629386902, 44.6029472351, 122.613853455, 98.181312561, 32.072177887, 54.1762580872, 15.8746948242, 5.16030263901, -14.380645752], [-620.720031738, -211.36328125, 160.852798462, 85.7934570312, 73.4163665771, -10.390709877, 53.9292793274, 32.072177887, 57.770324707, 58.5953941345, 28.6022663116, -6.50400924683, 0.847410857677], [-581.774597168, -213.463317871, 145.162490845, 71.0340499878, 76.4269943237, -8.27505588531, 59.8039894104, 54.1762580872, 58.5953941345, 101.778572083, 49.5312004089, 15.6749000549, 0.58708935976], [158.589202881, 16.3099956512, -98.9887771606, -49.9677772522, -38.0633583069, -9.06566238403, -15.0900640488, 15.8746948242, 28.6022663116, 49.5312004089, 57.0010528564, 11.6675100327, 6.72216653824], [-119.4661026, -60.2888832092, 38.1903076172, 20.0428237915, 34.2832679749, 13.4751672745, 3.83515071869, 5.16030263901, -6.50400924683, 15.6749000549, 11.6675100327, 31.7440929413, 6.71645975113], [13.3009557724, 33.7696762085, 8.20914936066, -5.12091016769, 16.1357116699, -5.04624795914, -19.4359359741, -14.380645752, 0.847410857677, 0.58708935976, 6.72216653824, 6.71645975113, 24.3295955658]]
    },
    "sccoeffs": {
        "kurt": [-0.708553791046, -1.125877738, -0.0538585186005, 0.520039558411, -1.21281671524, -1.46695375443],
        "max": [-0.604773461819, -0.55101788044, -0.636499345303, -0.620072901249, -0.72982865572, -0.73232960701],
        "mean": [-0.829696714878, -0.774456262589, -0.837118983269, -0.847802221775, -0.856802821159, -0.835806369781],
        "median": [-0.853583037853, -0.815937280655, -0.875560045242, -0.885881662369, -0.857065796852, -0.837043702602],
        "min": [-0.949769198895, -0.95928144455, -0.939460039139, -0.956073522568, -0.942710042, -0.913161993027],
        "skew": [0.66010004282, 0.510660707951, 0.972324430943, 1.13769543171, 0.500366687775, 0.278601884842],
        "var": [0.0100487340242, 0.0142791382968, 0.00660525495186, 0.00770320603624, 0.00498007237911, 0.00377220334485],
        "cov": [[0.010467431508, 0.00975621398538, 0.00592437945306, 0.00696270540357, 0.00585342338309, 0.00456614186987], [0.00975621398538, 0.0148741016164, 0.00931443180889, 0.00928182061762, 0.00751663884148, 0.00679189385846], [0.00592437945306, 0.00931443180889, 0.00688047381118, 0.00602513225749, 0.0049416734837, 0.00459033390507], [0.00696270540357, 0.00928182061762, 0.00602513225749, 0.0080241728574, 0.00539618497714, 0.00452815927565], [0.00585342338309, 0.00751663884148, 0.0049416734837, 0.00539618497714, 0.00518757523969, 0.00411043548957], [0.00456614186987, 0.00679189385846, 0.00459033390507, 0.00452815927565, 0.00411043548957, 0.00392937846482]]
    },
    "scvalleys": {
        "kurt": [-0.275902032852, -0.848443746567, -0.866196393967, -0.954095125198, -0.483788728714, -0.442938089371],
        "max": [-9.43804359436, -6.00166797638, -4.34196996689, -5.54077291489, -7.72285890579, -10.2010097504],
        "mean": [-11.4813156128, -10.3705749512, -10.1746473312, -10.6830825806, -11.9946155548, -14.3765830994],
        "median": [-10.6244029999, -10.1089601517, -10.1008195877, -10.4101352692, -12.029838562, -14.3873691559],
        "min": [-16.4681110382, -17.5914649963, -18.5392837524, -18.5845966339, -18.9076652527, -21.0663223267],
        "skew": [-0.899889647961, -0.343915432692, -0.175331622362, -0.246770277619, -0.418291985989, -0.284727841616],
        "var": [3.84937810898, 10.239575386, 14.8163833618, 14.1092672348, 8.17845726013, 7.61106824875],
        "cov": [[4.00976896286, 6.18515920639, 7.3025894165, 7.18315172195, 5.50540542603, 5.13447809219], [6.18515920639, 10.6662244797, 12.6699151993, 12.3941278458, 9.39422988892, 9.02071475983], [7.3025894165, 12.6699151993, 15.4337320328, 14.9606256485, 11.3582267761, 10.9174757004], [7.18315172195, 12.3941278458, 14.9606256485, 14.6971540451, 11.0904150009, 10.6132640839], [5.50540542603, 9.39422988892, 11.3582267761, 11.0904150009, 8.51922702789, 8.09111690521], [5.13447809219, 9.02071475983, 10.9174757004, 10.6132640839, 8.09111690521, 7.92819595337]]
    }
},
"rhythm": {
    "bpm": 0,
    "confidence": 0,
    "first_peak_bpm": {
        "kurt": 0,
        "max": 0,
        "mean": 0,
        "median": 0,
        "min": 0,
        "skew": 0,
        "var": 0
    },
    "first_peak_spread": {
        "kurt": 0,
        "max": 0,
        "mean": 0,
        "median": 0,
        "min": 0,
        "skew": 0,
        "var": 0
    },
    "first_peak_weight": {
        "kurt": 0,
        "max": 0,
        "mean": 0,
        "median": 0,
        "min": 0,
        "skew": 0,
        "var": 0
    },
    "onset_rate": 1.81146025658,
    "second_peak_bpm": {
        "kurt": 0,
        "max": 0,
        "mean": 0,
        "median": 0,
        "min": 0,
        "skew": 0,
        "var": 0
    },
    "second_peak_spread": {
        "kurt": 0,
        "max": 0,
        "mean": 0,
        "median": 0,
        "min": 0,
        "skew": 0,
        "var": 0
    },
    "second_peak_weight": {
        "kurt": 0,
        "max": 0,
        "mean": 0,
        "median": 0,
        "min": 0,
        "skew": 0,
        "var": 0
    },
    "beats_position": [],
    "bpm_estimates": [],
    "bpm_intervals": [],
    "onset_times": [0.0348299331963],
    "histogram": [[0, 0, 0, 0, 0, 0, 0, 0, 0, 0, 0, 0, 0, 0, 0, 0, 0, 0, 0, 0, 0, 0, 0, 0, 0, 0, 0, 0, 0, 0, 0, 0, 0, 0, 0, 0, 0, 0, 0, 0, 0, 0, 0, 0, 0, 0, 0, 0, 0, 0, 0, 0, 0, 0, 0, 0, 0, 0, 0, 0, 0, 0, 0, 0, 0, 0, 0, 0, 0, 0, 0, 0, 0, 0, 0, 0, 0, 0, 0, 0, 0, 0, 0, 0, 0, 0, 0, 0, 0, 0, 0, 0, 0, 0, 0, 0, 0, 0, 0, 0, 0, 0, 0, 0, 0, 0, 0, 0, 0, 0, 0, 0, 0, 0, 0, 0, 0, 0, 0, 0, 0, 0, 0, 0, 0, 0, 0, 0, 0, 0, 0, 0, 0, 0, 0, 0, 0, 0, 0, 0, 0, 0, 0, 0, 0, 0, 0, 0, 0, 0, 0, 0, 0, 0, 0, 0, 0, 0, 0, 0, 0, 0, 0, 0, 0, 0, 0, 0, 0, 0, 0, 0, 0, 0, 0, 0, 0, 0, 0, 0, 0, 0, 0, 0, 0, 0, 0, 0, 0, 0, 0, 0, 0, 0, 0, 0, 0, 0, 0, 0, 0, 0, 0, 0, 0, 0, 0, 0, 0, 0, 0, 0, 0, 0, 0, 0, 0, 0, 0, 0, 0, 0, 0, 0, 0, 0, 0, 0, 0, 0, 0, 0, 0, 0, 0, 0, 0, 0, 0, 0, 0, 0, 0, 0, 0, 0, 0, 0, 0, 0]]
},
"sfx": {
    "inharmonicity": {
        "kurt": 0.788949251175,
        "max": 0.382764935493,
        "mean": 0.101854637265,
        "median": 0.0639347136021,
        "min": 0.00493244687095,
        "skew": 1.3320710659,
        "var": 0.0102688632905
    },
    "oddtoevenharmonicenergyratio": {
        "kurt": 18.0712890625,
        "max": 18.8766670227,
        "mean": 1.67756581306,
        "median": 0.887055456638,
        "min": 0.0224023014307,
        "skew": 4.36600732803,
        "var": 12.8922586441
    },
    "pitch_after_max_to_before_max_energy_ratio": 0.079472206533,
    "pitch_centroid": 13.0404186249,
    "pitch_max_to_total": 0.959999978542,
    "pitch_min_to_total": 0,
    "tristimulus": {
        "kurt": [-1.02741122246, -0.926006317139, -0.0661294460297],
        "max": [0.646640062332, 0.855429470539, 0.654963314533],
        "mean": [0.257114708424, 0.489663422108, 0.253221869469],
        "median": [0.238696992397, 0.448854386806, 0.244297504425],
        "min": [0.00388169544749, 0.1739449054, 0.0266734324396],
        "skew": [0.379473268986, 0.303382396698, 0.681544482708],
        "var": [0.0353745706379, 0.0373811647296, 0.0256045274436],
        "cov": [[0.0368485115469, -0.0245579238981, -0.0122905932367], [-0.0245579238981, 0.0389387123287, -0.0143807902932], [-0.0122905932367, -0.0143807902932, 0.0266713816673]]
    }
},
"tonal": {
    "chords_changes_rate": 0,
    "chords_number_rate": 0.0769230797887,
    "chords_strength": {
        "kurt": -2,
        "max": 0.435501813889,
        "mean": 0.435501843691,
        "median": 0.435501813889,
        "min": 0.435501813889,
        "skew": -1,
        "var": 8.881784197e-16
    },
    "key_strength": 0.353539317846,
    "tuning_diatonic_strength": 0.424494564533,
    "tuning_equal_tempered_deviation": 0.253935098648,
    "tuning_frequency": 447.691040039,
    "tuning_nontempered_energy_ratio": 0.897442221642,
    "hpcp": {
        "kurt": [-0.362876653671, 0.983386993408, 2.03634214401, -1.01471102238, -0.723525047302, -1.09768891335, -0.113226413727, 2.84430742264, -1.2844851017, -1.32328414917, -1.3524684906, -1.48586332798, -1.30378258228, 0.735508918762, -0.62132358551, -0.909073591232, 1.05080604553, 4.90604305267, -0.437267065048, -0.844156980515, -0.621746063232, -1.23597455025, 2.31401062012, 3.75640916824, 1.50049686432, -0.948729038239, 1.78949689865, -0.174312591553, 0.221494436264, 0.444874048233, -0.398638963699, -1.63214457035, -0.909058094025, 1.54191303253, -0.173264026642, -0.527310609818],
        "max": [0.415515691042, 0.75965076685, 1, 0.64308154583, 1, 0.971727788448, 0.775722265244, 1, 0.775458991528, 1, 1, 1, 0.818060696125, 0.850471615791, 0.97856092453, 1, 0.520132124424, 0.484983831644, 0.251398205757, 0.224812418222, 0.220620915294, 0.165168732405, 0.442849516869, 0.952044546604, 0.607439100742, 0.259647727013, 0.506349027157, 0.524614989758, 0.629378974438, 0.49350181222, 0.296579152346, 0.203433781862, 0.253457546234, 0.480549007654, 0.597041964531, 0.536825716496],
        "mean": [0.142811909318, 0.204897075891, 0.236414089799, 0.259249538183, 0.345175862312, 0.334032386541, 0.269783198833, 0.241422265768, 0.300182759762, 0.440053731203, 0.545621156693, 0.511086881161, 0.369780808687, 0.247957795858, 0.323361545801, 0.320491015911, 0.135906875134, 0.0824620649219, 0.0742251127958, 0.0754956752062, 0.0835049450397, 0.0742118954659, 0.107887230814, 0.187893167138, 0.145946726203, 0.0869390070438, 0.126706600189, 0.178999722004, 0.188800603151, 0.135478451848, 0.0908459722996, 0.0842003673315, 0.0974134653807, 0.122862778604, 0.173437178135, 0.170072332025],
        "median": [0.118103444576, 0.139020636678, 0.123402833939, 0.247071698308, 0.181644290686, 0.134888976812, 0.217372149229, 0.16362889111, 0.261131435633, 0.35376265645, 0.660180211067, 0.435490518808, 0.289928913116, 0.276729822159, 0.289083391428, 0.183964118361, 0.114347025752, 0.0215846467763, 0.0380274355412, 0.0475758761168, 0.0915890261531, 0.0818459540606, 0.0909388661385, 0.101899512112, 0.0735597237945, 0.0523906871676, 0.0800221711397, 0.116633236408, 0.144170835614, 0.0833744332194, 0.0368361994624, 0.0710065513849, 0.109406977892, 0.109586343169, 0.107172183692, 0.148541852832],
        "min": [0, 0, 0, 0, 0, 0, 0, 0, 0, 0, 0, 0, 0, 0, 0, 0, 0, 0, 0, 0, 0, 0, 0, 0, 0, 0, 0, 0, 0, 0, 0, 0, 0, 0, 0, 0],
        "skew": [0.814009308815, 1.25079703331, 1.6038132906, 0.272485047579, 0.784064114094, 0.774173676968, 0.972424983978, 1.75866401196, 0.310663580894, 0.361648529768, -0.197811216116, -0.000990541419014, 0.315091878176, 1.02680706978, 0.603502750397, 0.675169706345, 1.30577552319, 2.36341285706, 0.834973335266, 0.619134426117, 0.307938486338, 0.0313497819006, 1.60892224312, 2.0380051136, 1.40716540813, 0.682623744011, 1.58216381073, 0.939718067646, 1.21916055679, 1.3088401556, 0.957606434822, 0.168530464172, 0.438469409943, 1.34233272076, 0.981046617031, 0.922536253929],
        "var": [0.0176821127534, 0.0449389815331, 0.0741009265184, 0.0424945391715, 0.12160114944, 0.133697807789, 0.059132155031, 0.0673767253757, 0.0702640339732, 0.135585933924, 0.127925142646, 0.12889097631, 0.0781775191426, 0.0555841699243, 0.0904225185513, 0.106881514192, 0.0217923242599, 0.0160597544163, 0.00621597887948, 0.00506219593808, 0.00429356889799, 0.00341539573856, 0.0138737205416, 0.0628830045462, 0.0287239849567, 0.00790318474174, 0.0190205592662, 0.0285243988037, 0.0436422564089, 0.0241434257478, 0.0105685051531, 0.00577978882939, 0.00756957894191, 0.0172441694885, 0.0342192873359, 0.0316974259913],
