{
"metadata": {
    "version": {
        "essentia": "2.1-beta3"
    }
},
"lowLevel": {
    "average_loudness": 0.973540306091,
    "barkbands_kurtosis": {
        "kurt": 3.37436199188,
        "max": 139.620315552,
        "mean": 23.7967567444,
        "median": 11.8832321167,
        "min": -1.59376621246,
        "skew": 1.94193232059,
        "var": 924.564086914
    },
    "barkbands_skewness": {
        "kurt": 0.283071279526,
        "max": 9.98780059814,
        "mean": 3.27174139023,
        "median": 2.69833660126,
        "min": -1.06804156303,
        "skew": 0.903858542442,
        "var": 5.8744802475
    },
    "barkbands_spread": {
        "kurt": 4.28952121735,
        "max": 57.3665542603,
        "mean": 9.67207527161,
        "median": 5.65855312347,
        "min": 0.840971767902,
        "skew": 2.03888988495,
        "var": 115.219009399
    },
    "dissonance": {
        "kurt": 1.26767730713,
        "max": 0.497998595238,
        "mean": 0.446096509695,
        "median": 0.463355094194,
        "min": 0.289428174496,
        "skew": -1.42340636253,
        "var": 0.00238275760785
    },
    "hfc": {
        "kurt": 10.5285730362,
        "max": 280.778656006,
        "mean": 19.242017746,
        "median": 0.308434098959,
        "min": 2.17597814767e-10,
        "skew": 3.32632136345,
        "var": 2776.19213867
    },
    "pitch": {
        "kurt": 3.12462425232,
        "max": 3726.14379883,
        "mean": 641.786499023,
        "median": 224.004425049,
        "min": 48.1705970764,
        "skew": 2.2214717865,
        "var": 1136922.875
    },
    "pitch_instantaneous_confidence": {
        "kurt": -0.688845157623,
        "max": 0.924303174019,
        "mean": 0.432294130325,
        "median": 0.393598854542,
        "min": 0.0379033684731,
        "skew": 0.650166928768,
        "var": 0.0497852116823
    },
    "pitch_salience": {
        "kurt": -0.565745353699,
        "max": 0.868046820164,
        "mean": 0.497329682112,
        "median": 0.492974162102,
        "min": 0.204644724727,
        "skew": -0.04241104424,
        "var": 0.0211264751852
    },
    "silence_rate_20dB": {
        "kurt": 109.008773804,
        "max": 1,
        "mean": 0.991228044033,
        "median": 1,
        "min": 0,
        "skew": -10.5360851288,
        "var": 0.0086949840188
    },
    "silence_rate_30dB": {
        "kurt": 4.61760091782,
        "max": 1,
        "mean": 0.89473682642,
        "median": 1,
        "min": 0,
        "skew": -2.57247066498,
        "var": 0.0941830277443
    },
    "silence_rate_60dB": {
        "kurt": -1.96897947788,
        "max": 1,
        "mean": 0.543859660625,
        "median": 1,
        "min": 0,
        "skew": -0.176118537784,
        "var": 0.248075902462
    },
    "spectral_centroid": {
        "kurt": 1.2102599144,
        "max": 1375.7142334,
        "mean": 380.396850586,
        "median": 299.357055664,
        "min": 77.7787475586,
        "skew": 1.13285005093,
        "var": 72923.28125
    },
    "spectral_complexity": {
        "kurt": 4.53127861023,
        "max": 53,
        "mean": 7.21052646637,
        "median": 2,
        "min": 0,
        "skew": 2.27121090889,
        "var": 139.183609009
    },
    "spectral_crest": {
        "kurt": -0.817576408386,
        "max": 25.2205982208,
        "mean": 14.2840061188,
        "median": 13.4431877136,
        "min": 5.67931032181,
        "skew": 0.368579745293,
        "var": 26.2768154144
    },
    "spectral_decrease": {
        "kurt": 9.66675567627,
        "max": -3.12016456163e-19,
        "mean": -7.46411732422e-09,
        "median": -4.31182534122e-10,
        "min": -9.61646904329e-08,
        "skew": -3.18574738503,
        "var": 3.55799657035e-16
    },
    "spectral_energy": {
        "kurt": 9.58700180054,
        "max": 0.385334223509,
        "mean": 0.0299165900797,
        "median": 0.00167829776183,
        "min": 1.1973586185e-12,
        "skew": 3.17992639542,
        "var": 0.00575292529538
    },
    "spectral_energyband_high": {
        "kurt": 33.1546478271,
        "max": 0.00247645750642,
        "mean": 8.60086365719e-05,
        "median": 9.71892859525e-07,
        "min": 6.80684527908e-15,
        "skew": 5.44586467743,
        "var": 9.86669661529e-08
    },
    "spectral_energyband_low": {
        "kurt": 17.8012084961,
        "max": 0.0126038249582,
        "mean": 0.00105280440766,
        "median": 0.000484093267005,
        "min": 8.16014465201e-13,
        "skew": 3.80640792847,
        "var": 3.27559018842e-06
    },
    "spectral_energyband_middle_high": {
        "kurt": 28.6731681824,
        "max": 0.148807838559,
        "mean": 0.00597881246358,
        "median": 1.06392326416e-05,
        "min": 3.76383528565e-14,
        "skew": 5.16908597946,
        "var": 0.000462760042865
    },
    "spectral_energyband_middle_low": {
        "kurt": 12.2354240417,
        "max": 0.342143803835,
        "mean": 0.0235616173595,
        "median": 0.000531796191353,
        "min": 2.48706898175e-13,
        "skew": 3.46959400177,
        "var": 0.00392738264054
    },
    "spectral_flatness_db": {
        "kurt": -0.577166795731,
        "max": 0.403692632914,
        "mean": 0.264854103327,
        "median": 0.275899350643,
        "min": 0.0961363390088,
        "skew": -0.417733043432,
        "var": 0.00561009487137
    },
    "spectral_flux": {
        "kurt": 4.10168743134,
        "max": 0.494286686182,
        "mean": 0.0671305209398,
        "median": 0.0253283344209,
        "min": 8.15913808765e-05,
        "skew": 2.16434025764,
        "var": 0.0103692812845
    },
    "spectral_kurtosis": {
        "kurt": 1.5299654007,
        "max": 54.335849762,
        "mean": 13.9855461121,
        "median": 11.2232112885,
        "min": 1.53101158142,
        "skew": 1.28260052204,
        "var": 126.080245972
    },
    "spectral_rms": {
        "kurt": 3.88324356079,
        "max": 0.0193890649825,
        "mean": 0.00299826310948,
        "median": 0.00127940787934,
        "min": 3.41782779856e-08,
        "skew": 2.1582531929,
        "var": 2.01973398362e-05
    },
    "spectral_rolloff": {
        "kurt": 8.39716339111,
        "max": 3380.71289062,
        "mean": 535.68560791,
        "median": 430.6640625,
        "min": 64.599609375,
        "skew": 2.68462610245,
        "var": 343359.4375
    },
    "spectral_skewness": {
        "kurt": -0.0743205547333,
        "max": 5.97081041336,
        "mean": 2.73276972771,
        "median": 2.65429782867,
        "min": 1.23983776569,
        "skew": 0.56311416626,
        "var": 1.11943006516
    },
    "spectral_spread": {
        "kurt": 24.3923435211,
        "max": 18087008,
        "mean": 3351977.25,
        "median": 2847122.75,
        "min": 1285390.625,
        "skew": 3.74775767326,
        "var": 3.92423564902e+12
    },
    "spectral_strongpeak": {
        "kurt": 8.69616603851,
        "max": 10.6037740707,
        "mean": 0.928203999996,
        "median": 0.0580086708069,
        "min": 0,
        "skew": 2.92144370079,
        "var": 4.16518831253
    },
    "zerocrossingrate": {
        "kurt": 75.4518203735,
        "max": 0.4453125,
        "mean": 0.0294296536595,
        "median": 0.021484375,
        "min": 0.00537109375,
        "skew": 8.10942077637,
        "var": 0.00183011905756
    },
    "barkbands": {
        "kurt": [7.81630706787, 9.98250293732, 22.3945980072, 15.3635902405, 28.6468009949, 25.3036689758, 15.3244056702, 16.1911659241, 62.3160705566, 36.7818374634, 20.6083374023, 29.0154876709, 29.1075172424, 21.3609352112, 33.3597679138, 31.998916626, 38.8489494324, 24.0543613434, 25.79088974, 58.5746688843, 27.8940410614, 35.3669815063, 84.6821899414, 108.005683899, 55.9591064453, 50.7754898071, 24.613866806],
        "max": [0.000130542000988, 0.0051036728546, 0.0058258632198, 0.00342330150306, 0.00700444495305, 0.0184803903103, 0.33662122488, 0.00441717728972, 0.0658749714494, 0.106489680707, 0.00560719938949, 0.0124508589506, 0.0187803450972, 0.0034503354691, 0.00915336702019, 0.0151922116056, 0.00926885567605, 0.00321567174979, 0.00594632839784, 0.00375463208184, 0.000952905218583, 0.000235100727878, 0.000130794840516, 6.06631947448e-05, 2.69105862571e-06, 1.23290803344e-07, 3.09427434786e-08],
        "mean": [1.53567762027e-05, 0.000520279980265, 0.000386476342101, 0.000258631655015, 0.000400658464059, 0.000912993680686, 0.0190112609416, 0.000286341150058, 0.0016929381527, 0.00323696271516, 0.000272584584309, 0.000480664166389, 0.000669716158882, 0.000142582925037, 0.000302140571875, 0.000554045545869, 0.000282842112938, 0.000136060829391, 0.000216748303501, 9.00849190657e-05, 3.59408732038e-05, 8.06667685538e-06, 2.48302171713e-06, 6.82359029724e-07, 8.20233410082e-08, 3.63904617551e-09, 1.30315425118e-09],
        "median": [6.84989572619e-06, 0.000211177597521, 0.000130164131406, 5.40018008905e-05, 2.6888861612e-05, 2.12628492591e-05, 9.16549834074e-06, 2.62424077846e-06, 4.03664216719e-06, 2.27117334362e-06, 1.0839960396e-06, 9.63942966337e-07, 6.64210176637e-07, 5.01098611494e-07, 4.90837464895e-07, 5.85034626965e-07, 8.86561792868e-07, 9.98247969619e-07, 1.34728952617e-06, 7.79568949838e-07, 3.95035499423e-07, 9.56854933065e-08, 2.88366592827e-08, 8.75567085501e-09, 2.79812750748e-09, 5.68345162599e-11, 9.91852780463e-12],
        "min": [3.12300315816e-13, 4.04404970882e-13, 1.89164981422e-13, 1.18598707244e-13, 9.62953675132e-14, 1.41106168362e-14, 6.18110307743e-15, 5.6908467603e-15, 4.72008093418e-15, 9.85900864935e-15, 6.44782994087e-15, 2.58061102293e-15, 3.02174689359e-16, 2.32582462412e-16, 1.42691360877e-15, 5.39643420146e-15, 2.22878000642e-15, 5.44151922415e-15, 2.9381895815e-15, 5.42757070909e-15, 1.50994549573e-15, 8.73041623295e-16, 2.83589780645e-16, 2.8312198023e-16, 2.23059165107e-16, 1.87671094718e-16, 1.94123302019e-16],
        "skew": [2.59104347229, 2.9085521698, 4.41112232208, 3.79102492332, 4.56906032562, 4.80077362061, 3.89330434799, 3.90304923058, 7.41239261627, 5.9524936676, 4.22029972076, 5.02268743515, 5.25513505936, 4.47441196442, 5.72579240799, 5.47407627106, 6.13998699188, 4.72516536713, 5.01778030396, 7.21049880981, 5.16109514236, 5.73877906799, 8.91703224182, 10.4651203156, 6.86474609375, 6.57101392746, 4.9496512413],
        "var": [5.0114717931e-10, 6.86994496846e-07, 6.43132750611e-07, 3.29427848555e-07, 7.44643330108e-07, 7.30471538191e-06, 0.00341359782033, 5.79267464218e-07, 4.82800751342e-05, 0.000207065284485, 6.15354110778e-07, 2.59734929386e-06, 6.84849737809e-06, 2.48557455507e-07, 1.65968037891e-06, 4.51345158581e-06, 1.63561730915e-06, 2.13347504996e-07, 7.51037362079e-07, 1.63090462024e-07, 1.80071797473e-08, 9.22336151898e-10, 1.65024938159e-10, 3.19816152727e-11, 8.37917856302e-14, 1.85858894197e-16, 2.23887864424e-17],
        "cov": [[5.05582131716e-10, 9.81822356749e-09, 6.43425801528e-09, 4.84827022973e-09, 6.06050587493e-09, -4.64774718711e-10, -1.55335428076e-07, -7.39754368873e-10, -5.37767386177e-09, -2.21103988451e-08, -7.50651818482e-10, -1.3666028309e-09, -6.29733998281e-09, -8.72494465565e-10, -1.78348902313e-09, -3.95800148212e-09, -2.05375694229e-09, -7.09112601971e-10, -1.52344281634e-09, -4.1639708348e-10, -1.52730078584e-10, 6.11658779182e-11, 4.56214441225e-11, 1.91782111025e-11, 5.9833886977e-13, 3.43387834443e-14, -7.86706921938e-15], [9.81822356749e-09, 6.93074127867e-07, 5.20450953445e-07, 4.04957290812e-07, 4.33771077724e-07, 2.54040969594e-07, -6.04106617175e-06, 2.79939094128e-09, -9.50359506646e-08, -4.6952897037e-07, -1.75880749964e-08, -2.56701842005e-08, -2.15389064806e-07, -2.42514843762e-08, -3.55792444395e-08, -8.97514382814e-08, -7.2803921114e-08, -9.13917652667e-09, -4.68804373099e-08, -1.2285879869e-08, 5.49232381797e-10, 9.33414501247e-09, 5.78608849722e-09, 2.47898879202e-09, 1.03015769526e-10, 5.25566482695e-12, -2.09238754253e-13], [6.43425801528e-09, 5.20450953445e-07, 6.48824197924e-07, 3.90938168948e-07, 3.52856318386e-07, 2.70772346767e-07, -4.0650425035e-06, 4.19849754962e-08, 6.59446683926e-08, -2.00747351187e-07, 1.71645375691e-09, -8.08314803979e-10, -1.49482872303e-07, -1.03211741376e-08, -8.23587242849e-09, -3.21574162854e-08, -4.60567761706e-08, 4.87802642724e-09, -2.65314668013e-08, -6.2229696951e-09, 4.3655297155e-09, 1.1133535871e-08, 6.50258114021e-09, 2.94105917398e-09, 1.29704025298e-10, 6.02233020397e-12, 2.06474631636e-14], [4.84827022973e-09, 4.04957290812e-07, 3.90938168948e-07, 3.32343148557e-07, 3.19123643067e-07, 2.33145797779e-07, -5.12228666594e-07, 3.66484869119e-08, 4.76291546647e-07, -2.39987059558e-07, 4.03608027e-08, 1.38676403694e-08, -1.70079488271e-08, 1.58610617973e-08, 1.49454528753e-08, -1.21608927373e-08, 6.02196115196e-09, 1.75780101586e-08, 1.30763737616e-08, 5.54912515938e-09, 7.04125824313e-09, 7.65638485944e-09, 4.3219938739e-09, 1.73857006569e-09, 8.3489999636e-11, 4.22194787811e-12, 9.40767917127e-14], [6.06050587493e-09, 4.33771077724e-07, 3.52856318386e-07, 3.19123643067e-07, 7.5123307397e-07, 3.57949687668e-07, 8.12516009319e-06, 8.88942537358e-08, 4.59310399492e-07, 9.17724833016e-07, 1.46447547422e-07, 1.17112413989e-07, 3.33699347266e-07, 7.78546649371e-08, 2.01318371751e-07, 2.06473998787e-07, 2.13141348127e-07, 9.3407216184e-08, 1.6888603227e-07, 6.11575501352e-08, 2.80646474948e-08, 6.8222227867e-09, 2.26435048489e-09, 7.88635989846e-10, 6.23587848025e-11, 3.06176026373e-12, 8.45301910066e-13], [-4.64774718711e-10, 2.54040969594e-07, 2.70772346767e-07, 2.33145797779e-07, 3.57949687668e-07, 7.36935862733e-06, 3.54535477527e-05, 9.82582264442e-07, 6.65720017423e-06, 2.05987380468e-05, 7.69780967858e-07, 2.84053271571e-06, 1.58329407896e-06, 4.53826913827e-07, 1.5553554249e-06, 3.06078777612e-06, 4.35058325365e-07, 4.51832079307e-07, 4.58567456008e-07, 2.41105425403e-07, 8.40000637936e-08, 1.77362249332e-08, 5.82025094786e-09, 2.08940797997e-09, 2.35889446865e-10, 6.72492833989e-12, 1.71854349328e-12], [-1.55335428076e-07, -6.04106617175e-06, -4.0650425035e-06, -5.12228666594e-07, 8.12516009319e-06, 3.54535477527e-05, 0.00344380666502, 2.17404431169e-05, 9.56215590122e-05, 0.000201451577595, 2.93673383567e-05, 2.28279623116e-05, 0.00014237537107, 2.17851229536e-05, 3.07526315737e-05, 5.56564991712e-05, 5.33088386874e-05, 1.85761764442e-05, 3.77568903787e-05, 1.21162747746e-05, 5.07097774971e-06, 7.18485807738e-07, 7.96637564804e-08, 3.51709816826e-09, 5.64752999921e-09, 2.69143624054e-10, 1.90587212678e-10], [-7.39754368873e-10, 2.79939094128e-09, 4.19849754962e-08, 3.66484869119e-08, 8.88942537358e-08, 9.82582264442e-07, 2.17404431169e-05, 5.84393717418e-07, 2.07007042263e-06, 4.00564204028e-06, 2.99100406664e-07, 5.67182553368e-07, 9.97342567643e-07, 1.40884097277e-07, 2.21507107767e-07, 6.04289652983e-07, 2.03681437938e-07, 1.26048618654e-07, 1.73979515239e-07, 6.9104459044e-08, 2.76960570034e-08, 5.35794164591e-09, 1.37416622525e-09, 3.02499358895e-10, 7.27732873962e-11, 2.33936741506e-12, 1.41546767796e-12], [-5.37767386177e-09, -9.50359506646e-08, 6.59446683926e-08, 4.76291546647e-07, 4.59310399492e-07, 6.65720017423e-06, 9.56215590122e-05, 2.07007042263e-06, 4.87073339173e-05, 2.37381718762e-05, 2.85065539174e-06, 5.5014179452e-06, 2.96317421089e-06, 1.64185746598e-06, 2.18203172153e-06, 4.4024577619e-06, 2.2709489258e-06, 8.47042940677e-07, 1.54914846462e-06, 6.95748440194e-07, 2.55646654068e-07, 4.13364098506e-08, 9.07997588229e-09, 3.22876253511e-10, 4.94113860938e-10, 1.05122239039e-11, 7.10025050907e-12], [-2.21103988451e-08, -4.6952897037e-07, -2.00747351187e-07, -2.39987059558e-07, 9.17724833016e-07, 2.05987380468e-05, 0.000201451577595, 4.00564204028e-06, 2.37381718762e-05, 0.000208897719858, 5.77269975111e-06, 1.93395953829e-05, 7.73065676185e-06, 4.67750078315e-06, 1.54771387315e-05, 2.92070089927e-05, 9.68567019299e-06, 4.90886077387e-06, 7.84010626376e-06, 4.61456829726e-06, 1.34684796649e-06, 2.04586001473e-07, 2.89774799711e-08, 2.32812258361e-09, 1.41050182645e-09, 3.85975522377e-11, 1.95848719187e-11], [-7.50651818482e-10, -1.75880749964e-08, 1.71645375691e-09, 4.03608027e-08, 1.46447547422e-07, 7.69780967858e-07, 2.93673383567e-05, 2.99100406664e-07, 2.85065539174e-06, 5.77269975111e-06, 6.20799710305e-07, 8.3601685219e-07, 1.01623322735e-06, 2.75596789834e-07, 7.77039645072e-07, 1.02110050193e-06, 5.65511072637e-07, 3.06399130068e-07, 4.98230122048e-07, 2.08180921391e-07, 7.96946508785e-08, 1.25943264706e-08, 2.09049666466e-09, 3.31122657071e-10, 1.07998589238e-10, 4.31310542837e-12, 2.51721213318e-12], [-1.3666028309e-09, -2.56701842005e-08, -8.08314803979e-10, 1.38676403694e-08, 1.17112413989e-07, 2.84053271571e-06, 2.28279623116e-05, 5.67182553368e-07, 5.5014179452e-06, 1.93395953829e-05, 8.3601685219e-07, 2.62033472609e-06, 7.386935863e-07, 4.23791703952e-07, 1.71809585936e-06, 2.77842036667e-06, 6.99855320363e-07, 4.80399762637e-07, 6.53683514429e-07, 3.52202988552e-07, 1.16664416794e-07, 1.57591362182e-08, 2.38661534979e-09, 1.97796654056e-10, 1.50699328016e-10, 4.13620309878e-12, 2.59404000016e-12], [-6.29733998281e-09, -2.15389064806e-07, -1.49482872303e-07, -1.70079488271e-08, 3.33699347266e-07, 1.58329407896e-06, 0.00014237537107, 9.97342567643e-07, 2.96317421089e-06, 7.73065676185e-06, 1.01623322735e-06, 7.386935863e-07, 6.90910337653e-06, 9.31432680318e-07, 9.51830998019e-07, 2.21717436943e-06, 2.45564206125e-06, 7.1845391858e-07, 1.61463412951e-06, 4.80174435324e-07, 2.06244919809e-07, 2.91853563539e-08, 3.23424620419e-09, 3.68718056087e-10, 2.22113799575e-10, 1.08784040803e-11, 7.38206371032e-12], [-8.72494465565e-10, -2.42514843762e-08, -1.03211741376e-08, 1.58610617973e-08, 7.78546649371e-08, 4.53826913827e-07, 2.17851229536e-05, 1.40884097277e-07, 1.64185746598e-06, 4.67750078315e-06, 2.75596789834e-07, 4.23791703952e-07, 9.31432680318e-07, 2.50757096865e-07, 4.15195216874e-07, 8.26855000469e-07, 5.79672530421e-07, 1.91058902033e-07, 3.99294890485e-07, 1.74466464387e-07, 5.91841029518e-08, 9.50352418982e-09, 1.40328559883e-09, 1.69373806647e-10, 6.39410469017e-11, 2.46312584044e-12, 1.34639272387e-12], [-1.78348902313e-09, -3.55792444395e-08, -8.23587242849e-09, 1.49454528753e-08, 2.01318371751e-07, 1.5553554249e-06, 3.07526315737e-05, 2.21507107767e-07, 2.18203172153e-06, 1.54771387315e-05, 7.77039645072e-07, 1.71809585936e-06, 9.51830998019e-07, 4.15195216874e-07, 1.67436780885e-06, 2.39066366703e-06, 8.79202445958e-07, 5.37703158443e-07, 8.1709231381e-07, 3.92174058561e-07, 1.37212452955e-07, 1.94096205774e-08, 2.78023049027e-09, 3.4391822723e-10, 1.53248566614e-10, 5.65018691556e-12, 3.19662460564e-12], [-3.95800148212e-09, -8.97514382814e-08, -3.21574162854e-08, -1.21608927373e-08, 2.06473998787e-07, 3.06078777612e-06, 5.56564991712e-05, 6.04289652983e-07, 4.4024577619e-06, 2.92070089927e-05, 1.02110050193e-06, 2.77842036667e-06, 2.21717436943e-06, 8.26855000469e-07, 2.39066366703e-06, 4.55339386463e-06, 1.70214013906e-06, 8.41934252094e-07, 1.37129745781e-06, 7.25429572412e-07, 2.22183217602e-07, 3.37425447583e-08, 4.90078422288e-09, 4.90915530449e-10, 2.4183632874e-10, 7.59106926623e-12, 4.05229886105e-12], [-2.05375694229e-09, -7.2803921114e-08, -4.60567761706e-08, 6.02196115196e-09, 2.13141348127e-07, 4.35058325365e-07, 5.33088386874e-05, 2.03681437938e-07, 2.2709489258e-06, 9.68567019299e-06, 5.65511072637e-07, 6.99855320363e-07, 2.45564206125e-06, 5.79672530421e-07, 8.79202445958e-07, 1.70214013906e-06, 1.65009180364e-06, 4.50923124617e-07, 1.06472907646e-06, 4.45053586873e-07, 1.56540025387e-07, 2.44641835678e-08, 3.31583427382e-09, 3.51490642148e-10, 1.40213521349e-10, 6.38955858709e-12, 3.71327925006e-12], [-7.09112601971e-10, -9.13917652667e-09, 4.87802642724e-09, 1.75780101586e-08, 9.3407216184e-08, 4.51832079307e-07, 1.85761764442e-05, 1.26048618654e-07, 8.47042940677e-07, 4.90886077387e-06, 3.06399130068e-07, 4.80399762637e-07, 7.1845391858e-07, 1.91058902033e-07, 5.37703158443e-07, 8.41934252094e-07, 4.50923124617e-07, 2.15235544943e-07, 3.68728166222e-07, 1.64413208381e-07, 5.8289163718e-08, 9.26388032951e-09, 1.57514146171e-09, 2.81583256712e-10, 6.96672788902e-11, 2.89870037695e-12, 1.50806331398e-12], [-1.52344281634e-09, -4.68804373099e-08, -2.65314668013e-08, 1.30763737616e-08, 1.6888603227e-07, 4.58567456008e-07, 3.77568903787e-05, 1.73979515239e-07, 1.54914846462e-06, 7.84010626376e-06, 4.98230122048e-07, 6.53683514429e-07, 1.61463412951e-06, 3.99294890485e-07, 8.1709231381e-07, 1.37129745781e-06, 1.06472907646e-06, 3.68728166222e-07, 7.57683721986e-07, 3.21757795518e-07, 1.14433838405e-07, 1.755340584e-08, 2.42228748171e-09, 2.53575022091e-10, 1.11219228272e-10, 4.94253292807e-12, 2.8669117861e-12], [-4.1639708348e-10, -1.2285879869e-08, -6.2229696951e-09, 5.54912515938e-09, 6.11575501352e-08, 2.41105425403e-07, 1.21162747746e-05, 6.9104459044e-08, 6.95748440194e-07, 4.61456829726e-06, 2.08180921391e-07, 3.52202988552e-07, 4.80174435324e-07, 1.74466464387e-07, 3.92174058561e-07, 7.25429572412e-07, 4.45053586873e-07, 1.64413208381e-07, 3.21757795518e-07, 1.64533744851e-07, 5.09117228376e-08, 8.48177084123e-09, 1.28269284083e-09, 1.36585243116e-10, 4.91601238883e-11, 1.92895872886e-12, 9.45759638139e-13], [-1.52730078584e-10, 5.49232381797e-10, 4.3655297155e-09, 7.04125824313e-09, 2.80646474948e-08, 8.40000637936e-08, 5.07097774971e-06, 2.76960570034e-08, 2.55646654068e-07, 1.34684796649e-06, 7.96946508785e-08, 1.16664416794e-07, 2.06244919809e-07, 5.91841029518e-08, 1.37212452955e-07, 2.22183217602e-07, 1.56540025387e-07, 5.8289163718e-08, 1.14433838405e-07, 5.09117228376e-08, 1.8166534943e-08, 3.06026137764e-09, 5.73306513374e-10, 1.18251533565e-10, 2.12786333692e-11, 9.47861364051e-13, 4.56398807636e-13], [6.11658779182e-11, 9.33414501247e-09, 1.1133535871e-08, 7.65638485944e-09, 6.8222227867e-09, 1.77362249332e-08, 7.18485807738e-07, 5.35794164591e-09, 4.13364098506e-08, 2.04586001473e-07, 1.25943264706e-08, 1.57591362182e-08, 2.91853563539e-08, 9.50352418982e-09, 1.94096205774e-08, 3.37425447583e-08, 2.44641835678e-08, 9.26388032951e-09, 1.755340584e-08, 8.48177084123e-09, 3.06026137764e-09, 9.30498400553e-10, 3.38840927538e-10, 1.29161834006e-10, 8.13439940406e-12, 3.70104120961e-13, 6.49136980605e-14], [4.56214441225e-11, 5.78608849722e-09, 6.50258114021e-09, 4.3219938739e-09, 2.26435048489e-09, 5.82025094786e-09, 7.96637564804e-08, 1.37416622525e-09, 9.07997588229e-09, 2.89774799711e-08, 2.09049666466e-09, 2.38661534979e-09, 3.23424620419e-09, 1.40328559883e-09, 2.78023049027e-09, 4.90078422288e-09, 3.31583427382e-09, 1.57514146171e-09, 2.42228748171e-09, 1.28269284083e-09, 5.73306513374e-10, 3.38840927538e-10, 1.66485339403e-10, 7.01506214229e-11, 3.49729425107e-12, 1.63964694144e-13, 1.07095203609e-14], [1.91782111025e-11, 2.47898879202e-09, 2.94105917398e-09, 1.73857006569e-09, 7.88635989846e-10, 2.08940797997e-09, 3.51709816826e-09, 3.02499358895e-10, 3.22876253511e-10, 2.32812258361e-09, 3.31122657071e-10, 1.97796654056e-10, 3.68718056087e-10, 1.69373806647e-10, 3.4391822723e-10, 4.90915530449e-10, 3.51490642148e-10, 2.81583256712e-10, 2.53575022091e-10, 1.36585243116e-10, 1.18251533565e-10, 1.29161834006e-10, 7.01506214229e-11, 3.22646388773e-11, 1.45075531449e-12, 6.63926921253e-14, 2.03810971362e-15], [5.9833886977e-13, 1.03015769526e-10, 1.29704025298e-10, 8.3489999636e-11, 6.23587848025e-11, 2.35889446865e-10, 5.64752999921e-09, 7.27732873962e-11, 4.94113860938e-10, 1.41050182645e-09, 1.07998589238e-10, 1.50699328016e-10, 2.22113799575e-10, 6.39410469017e-11, 1.53248566614e-10, 2.4183632874e-10, 1.40213521349e-10, 6.96672788902e-11, 1.11219228272e-10, 4.91601238883e-11, 2.12786333692e-11, 8.13439940406e-12, 3.49729425107e-12, 1.45075531449e-12, 8.45333053773e-14, 3.74727841733e-15, 5.53371336062e-16], [3.43387834443e-14, 5.25566482695e-12, 6.02233020397e-12, 4.22194787811e-12, 3.06176026373e-12, 6.72492833989e-12, 2.69143624054e-10, 2.33936741506e-12, 1.05122239039e-11, 3.85975522377e-11, 4.31310542837e-12, 4.13620309878e-12, 1.08784040803e-11, 2.46312584044e-12, 5.65018691556e-12, 7.59106926623e-12, 6.38955858709e-12, 2.89870037695e-12, 4.94253292807e-12, 1.92895872886e-12, 9.47861364051e-13, 3.70104120961e-13, 1.63964694144e-13, 6.63926921253e-14, 3.74727841733e-15, 1.87503660127e-16, 3.18260189134e-17], [-7.86706921938e-15, -2.09238754253e-13, 2.06474631636e-14, 9.40767917127e-14, 8.45301910066e-13, 1.71854349328e-12, 1.90587212678e-10, 1.41546767796e-12, 7.10025050907e-12, 1.95848719187e-11, 2.51721213318e-12, 2.59404000016e-12, 7.38206371032e-12, 1.34639272387e-12, 3.19662460564e-12, 4.05229886105e-12, 3.71327925006e-12, 1.50806331398e-12, 2.8669117861e-12, 9.45759638139e-13, 4.56398807636e-13, 6.49136980605e-14, 1.07095203609e-14, 2.03810971362e-15, 5.53371336062e-16, 3.18260189134e-17, 2.25869160514e-17]]
    },
    "mfcc": {
        "kurt": [-0.821530103683, -0.722924947739, 0.275466918945, -1.11392760277, -0.96333861351, -0.901893854141, -0.626223802567, 0.28213596344, -0.449842691422, -0.800379276276, 0.578914880753, -0.483012199402, -0.616931438446],
        "max": [-528.924743652, 238.531402588, 63.6161842346, 86.2716445923, 55.1497383118, 32.4394073486, 48.448890686, 29.0455417633, 32.3088722229, 28.0402851105, 20.6388206482, 25.2413063049, 35.4786949158],
        "mean": [-878.09197998, 142.15322876, -1.85810291767, 42.1762771606, 5.84487533569, 0.506419718266, 9.9753446579, 7.23449802399, 5.24999523163, 5.60927343369, 3.76839971542, 3.85676670074, 6.65008926392],
        "median": [-905.100463867, 162.742202759, 7.90850830078, 44.3783378601, 9.59146118164, -0.0641632080078, 12.1113090515, 6.76591682434, 6.78677749634, 6.4434299469, 4.44937133789, 3.60333251953, 4.26732254028],
        "min": [-1138.42004395, 1.14440917969e-05, -107.114593506, 8.01086425781e-05, -51.4110946655, -27.9926986694, -36.6336174011, -26.9251747131, -21.3458194733, -14.6238632202, -21.4966716766, -21.4636306763, -17.3956871033],
        "skew": [0.421732366085, -0.554874360561, -1.02587628365, 0.0242512412369, -0.385072976351, 0.0123024974018, -0.404892444611, -0.374180555344, -0.27977013588, -0.109829008579, -0.460137397051, -0.0288797523826, 0.168246120214],
        "var": [24282.6582031, 3192.11157227, 1656.8927002, 539.188781738, 843.496582031, 216.157287598, 362.984344482, 123.654647827, 120.029777527, 84.4773330688, 56.927116394, 93.0948867798, 111.713142395],
        "cov": [[24497.5488281, 7089.67382812, -5157.07226562, -803.954711914, -3661.76757812, -1324.89379883, -2173.96826172, -1058.85144043, -441.391113281, -642.700927734, -179.383056641, 126.484779358, 594.670837402], [7089.67382812, 3220.36035156, -1019.50592041, -86.5241317749, -941.691711426, -419.87588501, -508.790557861, -295.741241455, -54.5552177429, -213.254730225, -79.3526077271, 44.6683731079, 205.418930054], [-5157.07226562, -1019.50592041, 1671.55541992, 536.901611328, 1009.98181152, 392.464233398, 572.06842041, 269.82901001, 39.4971084595, 96.2050247192, 2.42261815071, -84.7765884399, -210.96937561], [-803.954711914, -86.5241317749, 536.901611328, 543.960327148, 448.647247314, 200.837722778, 261.130737305, 89.1245727539, -83.4348983765, -23.8417434692, -26.6357879639, -122.165763855, -161.743347168], [-3661.76757812, -941.691711426, 1009.98181152, 448.647247314, 850.961120605, 347.290863037, 492.332733154, 229.969650269, 40.9585189819, 85.4880828857, -10.1262559891, -102.149650574, -186.963790894], [-1324.89379883, -419.87588501, 392.464233398, 200.837722778, 347.290863037, 218.07019043, 202.111801147, 113.616790771, 11.5837373734, 33.1432685852, -9.48460483551, -72.0631103516, -99.2007217407], [-2173.96826172, -508.790557861, 572.06842041, 261.130737305, 492.332733154, 202.111801147, 366.196594238, 162.664962769, 58.1512031555, 72.3266677856, -12.0847740173, -72.7064285278, -117.21421051], [-1058.85144043, -295.741241455, 269.82901001, 89.1245727539, 229.969650269, 113.616790771, 162.664962769, 124.748939514, 60.1348190308, 50.1996879578, -4.5035405159, -30.2839584351, -48.3032913208], [-441.391113281, -54.5552177429, 39.4971084595, -83.4348983765, 40.9585189819, 11.5837373734, 58.1512031555, 60.1348190308, 121.09198761, 66.5452194214, -0.640733897686, 22.9039325714, 29.4295063019], [-642.700927734, -213.254730225, 96.2050247192, -23.8417434692, 85.4880828857, 33.1432685852, 72.3266677856, 50.1996879578, 66.5452194214, 85.2249221802, 32.7150993347, 29.3628368378, 18.4179039001], [-179.383056641, -79.3526077271, 2.42261815071, -26.6357879639, -10.1262559891, -9.48460483551, -12.0847740173, -4.5035405159, -0.640733897686, 32.7150993347, 57.430896759, 44.9147491455, 26.6331729889], [126.484779358, 44.6683731079, -84.7765884399, -122.165763855, -102.149650574, -72.0631103516, -72.7064285278, -30.2839584351, 22.9039325714, 29.3628368378, 44.9147491455, 93.9187393188, 78.4401779175], [594.670837402, 205.418930054, -210.96937561, -161.743347168, -186.963790894, -99.2007217407, -117.21421051, -48.3032913208, 29.4295063019, 18.4179039001, 26.6331729889, 78.4401779175, 112.701751709]]
    },
    "sccoeffs": {
        "kurt": [0.0816321372986, -0.314077377319, 0.595403432846, 1.0060095787, 0.565671205521, 1.18342542648],
        "max": [-0.531961321831, -0.257485896349, -0.498639464378, -0.593331694603, -0.70433485508, -0.630179584026],
        "mean": [-0.690686881542, -0.71918284893, -0.819967985153, -0.840537965298, -0.848259449005, -0.798207044601],
        "median": [-0.692248523235, -0.781119465828, -0.859507918358, -0.864347457886, -0.866556167603, -0.808033823967],
        "min": [-0.933479309082, -0.965223133564, -0.968775510788, -0.926771461964, -0.938275873661, -0.940714776516],
        "skew": [-0.130419969559, 0.886403143406, 1.10921800137, 1.24415659904, 1.03029739857, 0.756978869438],
        "var": [0.00554280914366, 0.0289996843785, 0.00904432311654, 0.00448262644932, 0.00223857071251, 0.00224108435214],
        "cov": [[0.00559186050668, -0.000529792159796, -0.000540634675417, -0.00026255386183, -0.000438247341663, -0.000139955765917], [-0.000529792159796, 0.0292563177645, 0.0136059261858, 0.0092780534178, 0.00637867534533, 0.00615419261158], [-0.000540634675417, 0.0136059261858, 0.0091243609786, 0.00543919159099, 0.0036069129128, 0.00341513077728], [-0.00026255386183, 0.0092780534178, 0.00543919159099, 0.00452229566872, 0.002632179996, 0.00245588365942], [-0.000438247341663, 0.00637867534533, 0.0036069129128, 0.002632179996, 0.00225838087499, 0.00205366592854], [-0.000139955765917, 0.00615419261158, 0.00341513077728, 0.00245588365942, 0.00205366592854, 0.00226091709919]]
    },
    "scvalleys": {
        "kurt": [2.81063461304, 1.37234973907, 1.47823381424, 4.29877567291, 7.31360912323, 9.13460254669],
        "max": [-4.20176792145, -4.14439964294, -3.99079942703, -4.60549545288, -5.43041372299, -8.25175952911],
        "mean": [-7.18914222717, -7.91581773758, -8.25832462311, -8.89062213898, -9.20357990265, -12.0225830078],
        "median": [-6.84533119202, -7.697016716, -8.52847766876, -9.35192775726, -9.40533256531, -12.1961317062],
        "min": [-15.8313312531, -17.4199695587, -17.678653717, -19.4797554016, -19.0436420441, -20.5212879181],
        "skew": [-1.29829263687, -0.62106782198, -0.469243764877, -0.882765948772, -1.26312291622, -1.58193099499],
        "var": [3.7013964653, 4.9860701561, 5.07432508469, 4.50707483292, 3.16457891464, 2.16778755188],
        "cov": [[3.73415207863, 3.72488451004, 3.57950973511, 3.35943651199, 2.81452012062, 2.30253505707], [3.72488451004, 5.03019475937, 4.90050792694, 4.5514755249, 3.70518183708, 3.00854849815], [3.57950973511, 4.90050792694, 5.11923074722, 4.72006464005, 3.81393361092, 3.04277348518], [3.35943651199, 4.5514755249, 4.72006464005, 4.54696035385, 3.73906064034, 3.01116800308], [2.81452012062, 3.70518183708, 3.81393361092, 3.73906064034, 3.19258403778, 2.57806825638], [2.30253505707, 3.00854849815, 3.04277348518, 3.01116800308, 2.57806825638, 2.18697142601]]
    }
},
"rhythm": {
    "beats_loudness": {
        "kurt": -1.34479105473,
        "max": 0.258828908205,
        "mean": 0.0808419957757,
        "median": 0.0087701017037,
        "min": 2.90376810881e-05,
        "skew": 0.753387033939,
        "var": 0.0119289159775
    },
    "bpm": 161.499023438,
    "confidence": 0,
    "first_peak_bpm": {
        "kurt": 0,
        "max": 161,
        "mean": 161,
        "median": 161,
        "min": 161,
        "skew": 0,
        "var": 0
    },
    "first_peak_spread": {
        "kurt": 0,
        "max": 0.199999988079,
        "mean": 0.199999988079,
        "median": 0.199999988079,
        "min": 0.199999988079,
        "skew": 0,
        "var": 0
    },
    "first_peak_weight": {
        "kurt": 0,
        "max": 0.800000011921,
        "mean": 0.800000011921,
        "median": 0.800000011921,
        "min": 0.800000011921,
        "skew": 0,
        "var": 0
    },
    "onset_rate": 1.53496742249,
    "second_peak_bpm": {
        "kurt": 0,
        "max": 0,
        "mean": 0,
        "median": 0,
        "min": 0,
        "skew": 0,
        "var": 0
    },
    "second_peak_spread": {
        "kurt": 0,
        "max": 0,
        "mean": 0,
        "median": 0,
        "min": 0,
        "skew": 0,
        "var": 0
    },
    "second_peak_weight": {
        "kurt": 0,
        "max": 0,
        "mean": 0,
        "median": 0,
        "min": 0,
        "skew": 0,
        "var": 0
    },
    "beats_loudness_band_ratio": {
        "kurt": [-1.69365310669, 1.18770074844, -1.44588696957, 0.422175645828, -1.51862049103, 0.200015068054],
        "max": [0.975609183311, 0.463276356459, 0.928590357304, 0.118202388287, 0.0486483499408, 0.028683366254],
        "mean": [0.517456889153, 0.0898880064487, 0.351970672607, 0.0330265723169, 0.0232899039984, 0.00935823563486],
        "median": [0.612127184868, 0.0175932534039, 0.171373575926, 0.0130445379764, 0.0182641595602, 0.00620390707627],
        "min": [0.00301354937255, 0.00511820521206, 0.00227038934827, 0.00313535891473, 0.0021767236758, 0.00150266429409],
        "skew": [-0.231062784791, 1.78199350834, 0.628622353077, 1.41879701614, 0.365999847651, 1.25714528561],
        "var": [0.164498403668, 0.0279314760119, 0.142952546477, 0.00162560038734, 0.000346787506714, 8.76000776771e-05],
        "cov": [[0.197398096323, -0.0112752439454, -0.172916516662, -0.015472327359, -0.00261334283277, 0.00114786555059], [-0.0112752439454, 0.0335177704692, -0.0143897440284, -0.00157959875651, -0.00024947692873, -0.000205841264687], [-0.172916516662, -0.0143897440284, 0.171543046832, 0.0144889028743, 0.00172635982744, -0.00129676959477], [-0.015472327359, -0.00157959875651, 0.0144889028743, 0.00195072055794, 0.000502028909978, 1.203517877e-05], [-0.00261334283277, -0.00024947692873, 0.00172635982744, 0.000502028909978, 0.000416145019699, 0.000173796841409], [0.00114786555059, -0.000205841264687, -0.00129676959477, 1.203517877e-05, 0.000173796841409, 0.000105120088847]]
    },
    "beats_position": [0.348299324512, 0.719818592072, 1.09133780003, 1.46285712719, 1.83437633514, 2.21750569344],
    "bpm_estimates": [161.499023438, 161.499053955, 161.49899292, 161.499053955],
    "bpm_intervals": [0.371519267559, 0.371519207954, 0.371519327164, 0.371519207954, 0.383129358292],
    "onset_times": [0.0116099771112, 0.301859408617, 0.708208620548, 1.02167797089],
    "histogram": [[0, 0, 0, 0, 0, 0, 0, 0, 0, 0, 0, 0, 0, 0, 0, 0, 0, 0, 0, 0, 0, 0, 0, 0, 0, 0, 0, 0, 0, 0, 0, 0, 0, 0, 0, 0, 0, 0, 0, 0, 0, 0, 0, 0, 0, 0, 0, 0, 0, 0, 0, 0, 0, 0, 0, 0, 0, 0, 0, 0, 0, 0, 0, 0, 0, 0, 0, 0, 0, 0, 0, 0, 0, 0, 0, 0, 0, 0, 0, 0, 0, 0, 0, 0, 0, 0, 0, 0, 0, 0, 0, 0, 0, 0, 0, 0, 0, 0, 0, 0, 0, 0, 0, 0, 0, 0, 0, 0, 0, 0, 0, 0, 0, 0, 0, 0, 0, 0, 0, 0, 0, 0, 0, 0, 0, 0, 0, 0, 0, 0, 0, 0, 0, 0, 0, 0, 0, 0, 0, 0, 0, 0, 0, 0, 0, 0, 0, 0, 0, 0, 0, 0, 0, 0, 0, 0, 0, 0.20000000298, 0, 0, 0, 0.800000011921, 0, 0, 0, 0, 0, 0, 0, 0, 0, 0, 0, 0, 0, 0, 0, 0, 0, 0, 0, 0, 0, 0, 0, 0, 0, 0, 0, 0, 0, 0, 0, 0, 0, 0, 0, 0, 0, 0, 0, 0, 0, 0, 0, 0, 0, 0, 0, 0, 0, 0, 0, 0, 0, 0, 0, 0, 0, 0, 0, 0, 0, 0, 0, 0, 0, 0, 0, 0, 0, 0, 0, 0, 0, 0, 0, 0, 0, 0, 0, 0, 0, 0, 0, 0, 0, 0, 0, 0]]
},
"sfx": {
    "inharmonicity": {
        "kurt": 3.72657155991,
        "max": 0.33464384079,
        "mean": 0.0485423207283,
        "median": 0.0180343352258,
        "min": 0,
        "skew": 1.87568151951,
        "var": 0.00432596309111
    },
    "oddtoevenharmonicenergyratio": {
        "kurt": 108.855796814,
        "max": 2245.98535156,
        "mean": 21.1283092499,
        "median": 0.0654831379652,
        "min": 0,
        "skew": 10.5252084732,
        "var": 43835.1523438
    },
    "pitch_after_max_to_before_max_energy_ratio": 2.27768588066,
    "pitch_centroid": 79.7382278442,
    "pitch_max_to_total": 0.780701756477,
    "pitch_min_to_total": 0.105263158679,
    "tristimulus": {
        "kurt": [-0.984445571899, 0.127758264542, 5.55112171173],
        "max": [1, 0.906375050545, 1],
        "mean": [0.537570297718, 0.267118155956, 0.19531160593],
        "median": [0.574795424938, 0.225804939866, 0.143008619547],
        "min": [0, 0, 0],
        "skew": [-0.244261130691, 0.858505308628, 2.0232899189],
        "var": [0.0984182655811, 0.0534733384848, 0.0360231660306],
        "cov": [[0.0992892310023, -0.0584469102323, -0.0408422909677], [-0.0584469102323, 0.0539465546608, 0.00450034439564], [-0.0408422909677, 0.00450034439564, 0.0363419540226]]
    }
},
"tonal": {
    "chords_changes_rate": 0.0172413792461,
    "chords_number_rate": 0.0344827584922,
    "chords_strength": {
        "kurt": 1.93842697144,
        "max": 0.641309320927,
        "mean": 0.559062957764,
        "median": 0.574535250664,
        "min": 0.404453039169,
        "skew": -1.52373695374,
        "var": 0.00280106253922
    },
    "key_strength": 0.595678150654,
    "tuning_diatonic_strength": 0.542805314064,
    "tuning_equal_tempered_deviation": 0.271383821964,
    "tuning_frequency": 436.960693359,
    "tuning_nontempered_energy_ratio": 0.91855430603,
    "hpcp": {
        "kurt": [0.673550128937, 0.121841192245, 0.00620102882385, 0.405328989029, 2.05938482285, 3.89948654175, 4.39531040192, 6.29978752136, 3.44190406799, 1.32873392105, 4.02231407166, 10.7562456131, 16.2236118317, 8.00622177124, 20.7267837524, 7.74582672119, 6.44879150391, 7.83760070801, 9.53999423981, 11.2280540466, 11.7069978714, 20.2018985748, 9.14488887787, 1.57242441177, 2.39035129547, 7.03771686554, 5.78909301758, 5.26338005066, 3.53352975845, 3.77162122726, 3.29446268082, 4.55245399475, 2.67205381393, 11.953455925, 4.70568227768, 2.0111746788],
        "max": [1, 1, 1, 1, 1, 1, 1, 1, 1, 1, 1, 1, 1, 0.624701321125, 1, 0.532768368721, 0.62853205204, 1, 0.870666980743, 0.732617139816, 1, 1, 0.939184606075, 1, 1, 1, 1, 1, 1, 1, 0.881095588207, 1, 0.673266589642, 1, 1, 1],
        "mean": [0.237904801965, 0.253282636404, 0.26172721386, 0.240461796522, 0.17606574297, 0.144143611193, 0.127544656396, 0.126396432519, 0.160455062985, 0.185497790575, 0.148324847221, 0.0977108925581, 0.0733011066914, 0.0674273744226, 0.0673759579659, 0.0534251704812, 0.0674230307341, 0.0972333997488, 0.0814414918423, 0.071627676487, 0.0834533497691, 0.0734794139862, 0.102176241577, 0.186978489161, 0.183035641909, 0.121375180781, 0.115396112204, 0.122077845037, 0.158839061856, 0.153922334313, 0.130860120058, 0.141081377864, 0.114926628768, 0.102434933186, 0.134409308434, 0.186104089022],
