{
"metadata": {
    "version": {
        "essentia": "2.1-beta3"
    }
},
"lowLevel": {
    "average_loudness": 0.99068403244,
    "barkbands_kurtosis": {
        "kurt": -0.324219465256,
        "max": 11.4502000809,
        "mean": 3.09285283089,
        "median": 1.73886203766,
        "min": -1.83945155144,
        "skew": 0.736744701862,
        "var": 11.5367097855
    },
    "barkbands_skewness": {
        "kurt": 0.137306690216,
        "max": 3.46014380455,
        "mean": 1.84344482422,
        "median": 1.80356562138,
        "min": 0.152204439044,
        "skew": -0.00613266136497,
        "var": 0.507758378983
    },
    "barkbands_spread": {
        "kurt": 0.273106336594,
        "max": 29.5301990509,
        "mean": 13.3599948883,
        "median": 14.3185691833,
        "min": 4.56319046021,
        "skew": 0.576371490955,
        "var": 35.5629386902
    },
    "dissonance": {
        "kurt": 14.3796138763,
        "max": 0.492215067148,
        "mean": 0.435025930405,
        "median": 0.454712510109,
        "min": 0.0740926861763,
        "skew": -3.82899522781,
        "var": 0.0065219765529
    },
    "hfc": {
        "kurt": 3.23435783386,
        "max": 182.840881348,
        "mean": 34.8385620117,
        "median": 20.0622997284,
        "min": 1.38809855343e-06,
        "skew": 1.97526371479,
        "var": 2068.24951172
    },
    "pitch": {
        "kurt": 16.507806778,
        "max": 3007.87109375,
        "mean": 449.744445801,
        "median": 270.465515137,
        "min": 228.187194824,
        "skew": 4.20660543442,
        "var": 309033.96875
    },
    "pitch_instantaneous_confidence": {
        "kurt": -0.523690700531,
        "max": 0.86202275753,
        "mean": 0.536520957947,
        "median": 0.518780946732,
        "min": 0.202076196671,
        "skew": -0.00553689198568,
        "var": 0.0255627892911
    },
    "pitch_salience": {
        "kurt": 0.455262184143,
        "max": 0.95830488205,
        "mean": 0.509957194328,
        "median": 0.469878584146,
        "min": 0.257655352354,
        "skew": 0.879643797874,
        "var": 0.0275617893785
    },
    "silence_rate_20dB": {
        "kurt": 0,
        "max": 1,
        "mean": 1,
        "median": 1,
        "min": 1,
        "skew": 0,
        "var": 0
    },
    "silence_rate_30dB": {
        "kurt": 6.59524059296,
        "max": 1,
        "mean": 0.913043498993,
        "median": 1,
        "min": 0,
        "skew": -2.93176102638,
        "var": 0.0793951004744
    },
    "silence_rate_60dB": {
        "kurt": -0.122221708298,
        "max": 1,
        "mean": 0.217391297221,
        "median": 0,
        "min": 0,
        "skew": 1.37032043934,
        "var": 0.170132309198
    },
    "spectral_centroid": {
        "kurt": 2.69453763962,
        "max": 1608.24206543,
        "mean": 865.350769043,
        "median": 886.454223633,
        "min": 604.464294434,
        "skew": 1.35785281658,
        "var": 50607.7890625
    },
    "spectral_complexity": {
        "kurt": -0.830855607986,
        "max": 51,
        "mean": 20.5217399597,
        "median": 21,
        "min": 0,
        "skew": 0.199878260493,
        "var": 213.553878784
    },
    "spectral_crest": {
        "kurt": -1.1266105175,
        "max": 22.4916954041,
        "mean": 15.6547670364,
        "median": 16.7363510132,
        "min": 6.38799333572,
        "skew": -0.400141149759,
        "var": 24.4852275848
    },
    "spectral_decrease": {
        "kurt": 1.69217443466,
        "max": -5.49507701152e-16,
        "mean": -8.85506157289e-09,
        "median": -8.31177526806e-09,
        "min": -3.70642290193e-08,
        "skew": -1.41785562038,
        "var": 8.59470765817e-17
    },
    "spectral_energy": {
        "kurt": 1.5713429451,
        "max": 0.152120038867,
        "mean": 0.0365810021758,
        "median": 0.0331902503967,
        "min": 2.19987517092e-09,
        "skew": 1.42550337315,
        "var": 0.00150587107055
    },
    "spectral_energyband_high": {
        "kurt": 2.85954809189,
        "max": 0.00256524258293,
        "mean": 0.000409277534345,
        "median": 5.88840011915e-05,
        "min": 8.25252539915e-12,
        "skew": 1.85324549675,
        "var": 4.22621582175e-07
    },
    "spectral_energyband_low": {
        "kurt": 4.64021635056,
        "max": 5.1835540944e-05,
        "mean": 7.07733806848e-06,
        "median": 2.96871405681e-07,
        "min": 2.83005702206e-11,
        "skew": 2.23537755013,
        "var": 1.57299270831e-10
    },
    "spectral_energyband_middle_high": {
        "kurt": 3.33043193817,
        "max": 0.0542577914894,
        "mean": 0.00971365254372,
        "median": 0.003852247959,
        "min": 3.06731001709e-10,
        "skew": 2.14222669601,
        "var": 0.000226949428907
    },
    "spectral_energyband_middle_low": {
        "kurt": 1.43433523178,
        "max": 0.106350533664,
        "mean": 0.0269329212606,
        "median": 0.0241123847663,
        "min": 1.88433646464e-09,
        "skew": 1.21580147743,
        "var": 0.000681875040755
    },
    "spectral_flatness_db": {
        "kurt": 0.179819107056,
        "max": 0.372850447893,
        "mean": 0.282185554504,
        "median": 0.27468624711,
        "min": 0.137452378869,
        "skew": -0.353916466236,
        "var": 0.00305708055384
    },
    "spectral_flux": {
        "kurt": -0.18564414978,
        "max": 0.342620164156,
        "mean": 0.118095844984,
        "median": 0.0812247619033,
        "min": 0.00929310359061,
        "skew": 0.974251866341,
        "var": 0.00953422207385
    },
    "spectral_kurtosis": {
        "kurt": 5.12606143951,
        "max": 44.6454315186,
        "mean": 10.1311006546,
        "median": 6.92995071411,
        "min": 2.70749902725,
        "skew": 2.33669090271,
        "var": 91.7068405151
    },
    "spectral_rms": {
        "kurt": -0.667639970779,
        "max": 0.0121823558584,
        "mean": 0.00497202947736,
        "median": 0.00569040700793,
        "min": 1.46499814946e-06,
        "skew": 0.260949581861,
        "var": 1.09677039291e-05
    },
    "spectral_rolloff": {
        "kurt": -1.06095552444,
        "max": 2993.11523438,
        "mean": 1477.36499023,
        "median": 1378.125,
        "min": 495.263671875,
        "skew": 0.396993637085,
        "var": 544912.9375
    },
    "spectral_skewness": {
        "kurt": 2.80795192719,
        "max": 5.38132715225,
        "mean": 2.07439565659,
        "median": 1.61252272129,
        "min": 1.17685413361,
        "skew": 1.79811704159,
        "var": 1.02627182007
    },
    "spectral_spread": {
        "kurt": 14.9608325958,
        "max": 14066834,
        "mean": 3194209.75,
        "median": 2479872,
        "min": 2031620.125,
        "skew": 3.94882154465,
        "var": 5.81951343821e+12
    },
    "spectral_strongpeak": {
        "kurt": -0.448867559433,
        "max": 4.35188674927,
        "mean": 1.5606726408,
        "median": 1.34859871864,
        "min": 2.05165597436e-05,
        "skew": 0.656413018703,
        "var": 1.46869492531
    },
    "zerocrossingrate": {
        "kurt": -0.10399723053,
        "max": 0.06298828125,
        "mean": 0.0388714335859,
        "median": 0.03857421875,
        "min": 0.0009765625,
        "skew": -0.524798154831,
        "var": 0.000224336094107
    },
    "barkbands": {
        "kurt": [6.02104759216, 1.79495573044, 6.36225509644, 1.9413433075, 15.1768455505, 4.99491977692, -0.490159511566, 17.9703178406, 7.71285438538, 16.0729999542, 15.0890636444, 3.09656953812, 3.86022043228, 11.3642892838, 4.28308296204, 8.31375694275, 16.3457202911, 9.26850986481, 13.1652526855, 1.63116025925, 0.137055635452, 11.4390573502, 2.23852300644, 1.09863805771, 3.43306589127, 11.6562871933, 3.49059963226],
        "max": [2.95399274819e-07, 4.56569887319e-06, 2.02985502256e-05, 6.34286989225e-05, 0.00224090740085, 0.0126697840169, 0.0617914609611, 0.035990472883, 0.0164830386639, 0.0258099939674, 0.00582635961473, 0.00515275774524, 0.00522458087653, 0.00196811021306, 0.00249449512921, 0.00808755401522, 0.0206880606711, 0.0118789505213, 0.0132673410699, 0.00251518632285, 0.000700264063198, 0.000544892915059, 5.09323836013e-05, 1.2013378182e-05, 5.78605431656e-06, 3.91418353729e-07, 6.2412803814e-09],
        "mean": [3.57134481987e-08, 7.5788813092e-07, 2.46140598392e-06, 1.12214820547e-05, 0.000161610092619, 0.00171076355036, 0.0202668923885, 0.00183887826279, 0.00212954171002, 0.00172699464019, 0.00055670493748, 0.00087831413839, 0.000829353171866, 0.000230528501561, 0.000426750659244, 0.000946644460782, 0.00146301637869, 0.00144265673589, 0.00128428055905, 0.00046191396541, 0.000147086655488, 5.16040963703e-05, 1.00577844933e-05, 2.11227120417e-06, 8.16491592559e-07, 3.46657778039e-08, 1.00531816205e-09],
        "median": [5.07253217208e-09, 7.59391625138e-08, 1.57940291956e-07, 2.61794781409e-07, 4.61041872768e-06, 0.000390175147913, 0.0202511660755, 0.000165579782333, 0.0010031334823, 0.00023687830253, 0.000308176327962, 0.000297816790408, 0.000211050297366, 3.6648758396e-05, 0.00018609885592, 0.000242163936491, 0.000306095374981, 0.000445193756605, 0.000469811318908, 0.000108600375825, 2.47198986472e-05, 2.56524003817e-06, 2.3842048904e-06, 7.759567211e-08, 2.10728945405e-08, 7.3561656766e-10, 2.85245355114e-10],
        "min": [8.26390345043e-12, 9.27679981444e-12, 7.58178329147e-12, 1.94303670376e-11, 1.90179136328e-10, 4.57913623686e-10, 5.36500621706e-10, 3.70331432187e-10, 2.58817717258e-10, 1.42850287155e-10, 3.89680995805e-11, 1.36144585189e-11, 6.11258960115e-12, 1.30142147059e-11, 3.8011069986e-11, 2.70574430916e-11, 1.43133109531e-11, 7.70116956317e-12, 2.86859112852e-11, 4.7645533352e-12, 3.40700319519e-12, 6.09696266998e-13, 5.49773226076e-13, 4.65554678142e-13, 4.34555549097e-13, 4.24856655933e-13, 4.60925405916e-13],
        "skew": [2.77665495872, 1.77575802803, 2.5713789463, 1.74671530724, 4.01623439789, 2.38909649849, 0.576266586781, 4.46408557892, 2.87918615341, 4.15630292892, 3.97672438622, 2.01067233086, 2.04160714149, 3.31985282898, 2.28888130188, 2.90435862541, 4.19500637054, 3.00330328941, 3.69420218468, 1.66830551624, 1.28703629971, 3.38933134079, 1.77308988571, 1.55514335632, 2.0057528019, 3.43815231323, 2.0254445076],
        "var": [6.3263336525e-15, 1.7243643579e-12, 2.22671308475e-11, 3.4893274381e-10, 2.11640326597e-07, 9.4102406365e-06, 0.000312762305839, 5.31105033588e-05, 1.37183396873e-05, 2.77007093246e-05, 1.36229084546e-06, 1.74977651568e-06, 1.59546516443e-06, 1.66500626619e-07, 4.08667716556e-07, 3.20488857142e-06, 1.75263830897e-05, 6.52362632536e-06, 7.47102467358e-06, 5.05469415657e-07, 4.60605420471e-08, 1.33995285978e-08, 2.1797733063e-10, 1.21802047615e-11, 2.15135483213e-12, 6.95697128107e-15, 2.40927478985e-18],
        "cov": [[6.61389456183e-15, 8.38214859935e-14, 1.31291191027e-13, 9.52239914524e-13, 2.51809285229e-11, 2.19254739364e-10, 5.31838406648e-10, 4.01918609505e-10, 2.0262708178e-10, 3.3970506963e-10, 6.36033933854e-11, 9.11146436078e-11, 7.8395449854e-11, 2.78806405046e-11, 4.91873243524e-11, 1.22656829138e-10, 4.5662938708e-11, 4.64376453957e-11, 5.03351388348e-11, 3.88510577876e-11, 1.0582979805e-11, 2.30461201338e-12, 7.22007306372e-13, 1.40628529871e-13, 5.15493104745e-14, 1.93247877586e-15, 1.71674040402e-17], [8.38214859935e-14, 1.80274447713e-12, 4.86469848779e-12, 2.23960971296e-11, 4.65763927426e-10, 3.05453085048e-09, 1.1887005158e-08, 6.34770325192e-09, 3.21999427122e-09, 5.04115638122e-09, 9.6470909039e-10, 1.06065978223e-09, 1.23687005082e-09, 3.74944408854e-10, 6.91947499298e-10, 2.13797246573e-09, 3.38056604932e-09, 2.00561367514e-09, 2.33748109757e-09, 7.22575554946e-10, 1.89841378728e-10, 1.03190164746e-10, 1.58103929254e-11, 3.3160867715e-12, 1.40152375382e-12, 7.65764337249e-14, 2.84540442779e-16], [1.31291191027e-13, 4.86469848779e-12, 2.32792726068e-11, 6.72122288381e-11, 5.67310476374e-10, 6.39918606993e-09, 4.13116865161e-08, 2.56102894447e-09, 1.97041671868e-09, 2.9807416535e-09, 1.59111945841e-10, 1.71914116276e-09, 1.53604406972e-09, 1.10950404419e-09, 1.16775322745e-09, 3.8098457722e-09, 1.77287677872e-08, 9.86156489802e-09, 1.16939897765e-08, 2.43796960397e-09, 5.95844207307e-10, 4.98773411461e-10, 5.80899564562e-11, 1.2141379048e-11, 5.70769169775e-12, 3.59659269597e-13, 1.07124563889e-15], [9.52239914524e-13, 2.23960971296e-11, 6.72122288381e-11, 3.64793334429e-10, 6.7216721078e-09, 2.84810148798e-08, 1.52069716819e-07, 8.78379537994e-08, 3.6916848245e-08, 6.2996811323e-08, 1.24932508783e-08, 1.08782129971e-08, 1.62339919285e-08, 3.72786645997e-09, 8.07194222574e-09, 2.80468963609e-08, 5.26637791154e-08, 2.92933339807e-08, 3.45244437483e-08, 9.42042088781e-09, 2.48291009974e-09, 1.54571389022e-09, 1.94527643993e-10, 4.805092782e-11, 2.05067282599e-11, 1.15432544166e-12, 4.7631847468e-15], [2.51809285229e-11, 4.65763927426e-10, 5.67310476374e-10, 6.7216721078e-09, 2.21260336275e-07, 6.2747596985e-07, 2.23352913054e-06, 3.39983876074e-06, 1.45200328916e-06, 2.38488019022e-06, 5.21430933986e-07, 2.68923770363e-07, 4.72415166541e-07, 4.4695685375e-08, 2.20819728725e-07, 7.73762053541e-07, 5.32634771844e-07, 3.14744426078e-07, 3.10132037384e-07, 1.36438771392e-07, 3.62759315919e-08, 1.52816337362e-08, 2.45358067197e-09, 7.08708092212e-10, 2.55819837536e-10, 1.30753160035e-11, -1.15589309297e-14], [2.19254739364e-10, 3.05453085048e-09, 6.39918606993e-09, 2.84810148798e-08, 6.2747596985e-07, 9.83797872323e-06, 2.02901737794e-05, 9.75257444225e-06, 8.0507425082e-06, 1.0001177543e-05, 1.79147275503e-06, 3.30842544827e-06, 2.2080691906e-06, 1.13215037345e-06, 1.7488478079e-06, 3.67084567188e-06, 2.37904305322e-06, 1.94031417777e-06, 2.33701871366e-06, 1.36235166792e-06, 3.59775611969e-07, 1.01798882213e-07, 3.07007006484e-08, 4.80609996245e-09, 1.85135251574e-09, 8.07693772975e-11, 2.23176034944e-12], [5.31838406648e-10, 1.1887005158e-08, 4.13116865161e-08, 1.52069716819e-07, 2.23352913054e-06, 2.02901737794e-05, 0.000326978770318, 1.86988963833e-05, 1.37049491968e-05, 1.88943940884e-05, 5.96684094489e-06, 1.028974566e-05, 1.13905525723e-05, 3.77773676519e-06, 5.84869849263e-06, 1.46906331793e-05, 3.94960479753e-05, 3.13903401548e-05, 2.89825129585e-05, 9.07785215531e-06, 2.62793514594e-06, 1.25485223634e-06, 1.86159070381e-07, 4.23371453451e-08, 1.76512084948e-08, 8.67638405566e-10, 4.07627794366e-12], [4.01918609505e-10, 6.34770325192e-09, 2.56102894447e-09, 8.78379537994e-08, 3.39983876074e-06, 9.75257444225e-06, 1.86988963833e-05, 5.55246151634e-05, 2.36356008827e-05, 3.91760331695e-05, 8.58066323417e-06, 4.36679010818e-06, 7.13212239134e-06, 5.26443500348e-07, 3.38045879289e-06, 1.16828050523e-05, 1.8843423959e-06, 1.57985766691e-06, 7.91762090557e-07, 1.44039847783e-06, 3.75679547915e-07, 5.55472325914e-08, 2.10674890866e-08, 6.7295826689e-09, 1.94234983653e-09, 7.71849736902e-11, -1.53564105334e-13], [2.0262708178e-10, 3.21999427122e-09, 1.97041671868e-09, 3.6916848245e-08, 1.45200328916e-06, 8.0507425082e-06, 1.37049491968e-05, 2.36356008827e-05, 1.43419010783e-05, 1.82955918717e-05, 4.00308817916e-06, 2.71724184131e-06, 3.0990711366e-06, 5.07247250425e-07, 1.83735198789e-06, 5.18365732205e-06, 4.01697917596e-07, 4.6933925546e-07, 1.76281844233e-07, 6.20759919912e-07, 1.60322414899e-07, 1.58573421061e-08, 1.51335903809e-08, 2.68451016971e-09, 7.01155022931e-10, 2.77722220221e-11, 2.21673135577e-12], [3.3970506963e-10, 5.04115638122e-09, 2.9807416535e-09, 6.2996811323e-08, 2.38488019022e-06, 1.0001177543e-05, 1.88943940884e-05, 3.91760331695e-05, 1.82955918717e-05, 2.89598319796e-05, 6.22160587227e-06, 4.13459792981e-06, 5.399786005e-06, 7.56930432999e-07, 2.84065231426e-06, 8.79932576936e-06, 1.26590293803e-06, 1.43691238463e-06, 9.03558259324e-07, 1.38280915962e-06, 3.67726926243e-07, 5.26673282764e-08, 2.37055832741e-08, 5.71417757556e-09, 1.72857961278e-09, 6.43307004888e-11, 7.65987804869e-13], [6.36033933854e-11, 9.6470909039e-10, 1.59111945841e-10, 1.24932508783e-08, 5.21430933986e-07, 1.79147275503e-06, 5.96684094489e-06, 8.58066323417e-06, 4.00308817916e-06, 6.22160587227e-06, 1.42421311011e-06, 7.93276910827e-07, 1.16717933452e-06, 1.01842879019e-07, 5.84579765928e-07, 1.85086275906e-06, 2.29218045433e-07, 3.74874701947e-07, 1.25603506262e-07, 2.60276124209e-07, 7.1331236029e-08, 8.2112601163e-09, 4.15864453984e-09, 1.15770559805e-09, 3.25083820973e-10, 1.13773070826e-11, 1.78729223804e-13], [9.11146436078e-11, 1.06065978223e-09, 1.71914116276e-09, 1.08782129971e-08, 2.68923770363e-07, 3.30842544827e-06, 1.028974566e-05, 4.36679010818e-06, 2.71724184131e-06, 4.13459792981e-06, 7.93276910827e-07, 1.82931182735e-06, 9.07666048988e-07, 4.61717831968e-07, 6.93648530614e-07, 1.7485222088e-06, 7.45450279283e-07, 1.26452061977e-06, 9.850226661e-07, 5.50294259938e-07, 1.47445447851e-07, 3.00584908075e-08, 1.06051567528e-08, 1.68410785317e-09, 6.32614793883e-10, 2.47640363077e-11, 2.49412957735e-13], [7.8395449854e-11, 1.23687005082e-09, 1.53604406972e-09, 1.62339919285e-08, 4.72415166541e-07, 2.2080691906e-06, 1.13905525723e-05, 7.13212239134e-06, 3.0990711366e-06, 5.399786005e-06, 1.16717933452e-06, 9.07666048988e-07, 1.66798633927e-06, 2.64253259274e-07, 7.14210216302e-07, 1.93714799934e-06, 9.10007145194e-07, 7.54487302856e-07, 7.86922157658e-07, 6.50752724596e-07, 2.17052999574e-07, 5.15199154449e-08, 1.1894402796e-08, 3.15727910483e-09, 1.11947617842e-09, 3.80246389931e-11, 2.93021358046e-13], [2.78806405046e-11, 3.74944408854e-10, 1.10950404419e-09, 3.72786645997e-09, 4.4695685375e-08, 1.13215037345e-06, 3.77773676519e-06, 5.26443500348e-07, 5.07247250425e-07, 7.56930432999e-07, 1.01842879019e-07, 4.61717831968e-07, 2.64253259274e-07, 1.74068830461e-07, 2.09361118664e-07, 4.16955856508e-07, 5.55687051929e-07, 4.56379183333e-07, 5.09252629399e-07, 2.34111041664e-07, 6.46614495281e-08, 2.18459828005e-08, 4.9146162695e-09, 8.69425476058e-10, 3.58269053313e-10, 1.59025223545e-11, 1.33536655041e-13], [4.91873243524e-11, 6.91947499298e-10, 1.16775322745e-09, 8.07194222574e-09, 2.20819728725e-07, 1.7488478079e-06, 5.84869849263e-06, 3.38045879289e-06, 1.83735198789e-06, 2.84065231426e-06, 5.84579765928e-07, 6.93648530614e-07, 7.14210216302e-07, 2.09361118664e-07, 4.27243520562e-07, 1.03720356037e-06, 6.8662546937e-07, 5.87495208038e-07, 5.86679504977e-07, 3.57227719405e-07, 1.02672487401e-07, 2.87676868993e-08, 6.98116808806e-09, 1.47454504162e-09, 5.470072173e-10, 2.25414704264e-11, 2.77469101298e-13], [1.22656829138e-10, 2.13797246573e-09, 3.8098457722e-09, 2.80468963609e-08, 7.73762053541e-07, 3.67084567188e-06, 1.46906331793e-05, 1.16828050523e-05, 5.18365732205e-06, 8.79932576936e-06, 1.85086275906e-06, 1.7485222088e-06, 1.93714799934e-06, 4.16955856508e-07, 1.03720356037e-06, 3.35056529366e-06, 3.15714646604e-06, 2.32612205764e-06, 2.29618876801e-06, 8.76291608165e-07, 2.34048556536e-07, 9.69901279291e-08, 1.66519367184e-08, 3.81184062093e-09, 1.49828272011e-09, 7.59838442166e-11, 9.75414885039e-14], [4.5662938708e-11, 3.38056604932e-09, 1.77287677872e-08, 5.26637791154e-08, 5.32634771844e-07, 2.37904305322e-06, 3.94960479753e-05, 1.8843423959e-06, 4.01697917596e-07, 1.26590293803e-06, 2.29218045433e-07, 7.45450279283e-07, 9.10007145194e-07, 5.55687051929e-07, 6.8662546937e-07, 3.15714646604e-06, 1.83230367838e-05, 1.04001283034e-05, 1.17338968266e-05, 2.03959416467e-06, 4.720633342e-07, 4.87063175569e-07, 4.68048604318e-08, 1.10919726737e-08, 5.29963806173e-09, 3.53837681377e-10, -1.28938187709e-13], [4.64376453957e-11, 2.00561367514e-09, 9.86156489802e-09, 2.92933339807e-08, 3.14744426078e-07, 1.94031417777e-06, 3.13903401548e-05, 1.57985766691e-06, 4.6933925546e-07, 1.43691238463e-06, 3.74874701947e-07, 1.26452061977e-06, 7.54487302856e-07, 4.56379183333e-07, 5.87495208038e-07, 2.32612205764e-06, 1.04001283034e-05, 6.8201547947e-06, 6.99119664205e-06, 1.35450090966e-06, 3.26138064111e-07, 2.77904860013e-07, 2.94121136335e-08, 6.64151666996e-09, 3.1187739058e-09, 2.01171065917e-10, -1.92535616898e-13], [5.03351388348e-11, 2.33748109757e-09, 1.16939897765e-08, 3.45244437483e-08, 3.10132037384e-07, 2.33701871366e-06, 2.89825129585e-05, 7.91762090557e-07, 1.76281844233e-07, 9.03558259324e-07, 1.25603506262e-07, 9.850226661e-07, 7.86922157658e-07, 5.09252629399e-07, 5.86679504977e-07, 2.29618876801e-06, 1.17338968266e-05, 6.99119664205e-06, 7.81061680755e-06, 1.5037275034e-06, 3.64101623518e-07, 3.20751439631e-07, 3.3572185032e-08, 7.61342100475e-09, 3.60522300902e-09, 2.31122843086e-10, 1.8241391538e-14], [3.88510577876e-11, 7.22575554946e-10, 2.43796960397e-09, 9.42042088781e-09, 1.36438771392e-07, 1.36235166792e-06, 9.07785215531e-06, 1.44039847783e-06, 6.20759919912e-07, 1.38280915962e-06, 2.60276124209e-07, 5.50294259938e-07, 6.50752724596e-07, 2.34111041664e-07, 3.57227719405e-07, 8.76291608165e-07, 2.03959416467e-06, 1.35450090966e-06, 1.5037275034e-06, 5.28445298187e-07, 1.52840982537e-07, 6.92104720201e-08, 1.05517523608e-08, 2.45147502298e-09, 1.01782282602e-09, 4.98178061303e-11, 1.47807845607e-13], [1.0582979805e-11, 1.89841378728e-10, 5.95844207307e-10, 2.48291009974e-09, 3.62759315919e-08, 3.59775611969e-07, 2.62793514594e-06, 3.75679547915e-07, 1.60322414899e-07, 3.67726926243e-07, 7.1331236029e-08, 1.47445447851e-07, 2.17052999574e-07, 6.46614495281e-08, 1.02672487401e-07, 2.34048556536e-07, 4.720633342e-07, 3.26138064111e-07, 3.64101623518e-07, 1.52840982537e-07, 4.81542059561e-08, 1.82483415045e-08, 3.02410030351e-09, 7.33229144068e-10, 2.93353036307e-10, 1.28198363383e-11, 5.7149075782e-14], [2.30461201338e-12, 1.03190164746e-10, 4.98773411461e-10, 1.54571389022e-09, 1.52816337362e-08, 1.01798882213e-07, 1.25485223634e-06, 5.55472325914e-08, 1.58573421061e-08, 5.26673282764e-08, 8.2112601163e-09, 3.00584908075e-08, 5.15199154449e-08, 2.18459828005e-08, 2.87676868993e-08, 9.69901279291e-08, 4.87063175569e-07, 2.77904860013e-07, 3.20751439631e-07, 6.92104720201e-08, 1.82483415045e-08, 1.40085978373e-08, 1.5354436611e-09, 3.660909631e-10, 1.66835129045e-10, 1.00251508484e-11, 1.01631409113e-14], [7.22007306372e-13, 1.58103929254e-11, 5.80899564562e-11, 1.94527643993e-10, 2.45358067197e-09, 3.07007006484e-08, 1.86159070381e-07, 2.10674890866e-08, 1.51335903809e-08, 2.37055832741e-08, 4.15864453984e-09, 1.06051567528e-08, 1.1894402796e-08, 4.9146162695e-09, 6.98116808806e-09, 1.66519367184e-08, 4.68048604318e-08, 2.94121136335e-08, 3.3572185032e-08, 1.05517523608e-08, 3.02410030351e-09, 1.5354436611e-09, 2.27885391113e-10, 5.00923295899e-11, 2.12612982775e-11, 1.09550877484e-12, 5.61198799291e-15], [1.40628529871e-13, 3.3160867715e-12, 1.2141379048e-11, 4.805092782e-11, 7.08708092212e-10, 4.80609996245e-09, 4.23371453451e-08, 6.7295826689e-09, 2.68451016971e-09, 5.71417757556e-09, 1.15770559805e-09, 1.68410785317e-09, 3.15727910483e-09, 8.69425476058e-10, 1.47454504162e-09, 3.81184062093e-09, 1.10919726737e-08, 6.64151666996e-09, 7.61342100475e-09, 2.45147502298e-09, 7.33229144068e-10, 3.660909631e-10, 5.00923295899e-11, 1.27338504324e-11, 5.26135688836e-12, 2.63550222228e-13, 7.62069825172e-16], [5.15493104745e-14, 1.40152375382e-12, 5.70769169775e-12, 2.05067282599e-11, 2.55819837536e-10, 1.85135251574e-09, 1.76512084948e-08, 1.94234983653e-09, 7.01155022931e-10, 1.72857961278e-09, 3.25083820973e-10, 6.32614793883e-10, 1.11947617842e-09, 3.58269053313e-10, 5.470072173e-10, 1.49828272011e-09, 5.29963806173e-09, 3.1187739058e-09, 3.60522300902e-09, 1.01782282602e-09, 2.93353036307e-10, 1.66835129045e-10, 2.12612982775e-11, 5.26135688836e-12, 2.24914357971e-12, 1.1950734998e-13, 2.45112673741e-16], [1.93247877586e-15, 7.65764337249e-14, 3.59659269597e-13, 1.15432544166e-12, 1.30753160035e-11, 8.07693772975e-11, 8.67638405566e-10, 7.71849736902e-11, 2.77722220221e-11, 6.43307004888e-11, 1.13773070826e-11, 2.47640363077e-11, 3.80246389931e-11, 1.59025223545e-11, 2.25414704264e-11, 7.59838442166e-11, 3.53837681377e-10, 2.01171065917e-10, 2.31122843086e-10, 4.98178061303e-11, 1.28198363383e-11, 1.00251508484e-11, 1.09550877484e-12, 2.63550222228e-13, 1.1950734998e-13, 7.2731974794e-15, 7.64218105867e-18], [1.71674040402e-17, 2.84540442779e-16, 1.07124563889e-15, 4.7631847468e-15, -1.15589309297e-14, 2.23176034944e-12, 4.07627794366e-12, -1.53564105334e-13, 2.21673135577e-12, 7.65987804869e-13, 1.78729223804e-13, 2.49412957735e-13, 2.93021358046e-13, 1.33536655041e-13, 2.77469101298e-13, 9.75414885039e-14, -1.28938187709e-13, -1.92535616898e-13, 1.8241391538e-14, 1.47807845607e-13, 5.7149075782e-14, 1.01631409113e-14, 5.61198799291e-15, 7.62069825172e-16, 2.45112673741e-16, 7.64218105867e-18, 2.5187872991e-18]]
    },
    "mfcc": {
        "kurt": [1.34116220474, 2.22766494751, 0.705315828323, 0.500831365585, 0.0593914985657, -1.00274002552, 0.548410892487, 0.890527009964, 1.69744205475, 1.14314651489, 1.70900630951, -0.7741355896, -1.0594369173],
        "max": [-558.681640625, 190.649536133, -6.103515625e-05, 43.9436683655, -6.103515625e-05, 2.28881835938e-05, -2.67028808594e-05, -5.34057617188e-05, 10.5361976624, 11.693239212, 11.528591156, 21.33177948, 30.6939353943],
        "mean": [-738.964233398, 110.592094421, -104.460876465, -1.54042649269, -57.2586631775, -51.6590843201, -33.55991745, -18.5088920593, -19.2030658722, -7.64348697662, 3.18046307564, 6.75318908691, 14.016658783],
        "median": [-726.943115234, 111.545158386, -95.756362915, -2.57601547241, -60.3151016235, -59.7720985413, -35.6264419556, -16.5352172852, -22.0340671539, -8.61617279053, 6.08810043335, 5.23664474487, 15.3552246094],
        "min": [-1138.42004395, 1.14440917969e-05, -156.477172852, -26.6260452271, -89.8006591797, -81.2333679199, -50.2966384888, -50.7940673828, -29.0463161469, -18.2989940643, -18.0152492523, -3.45547485352, -3.81469726562e-05],
        "skew": [-1.10417199135, -0.744641780853, 0.754343152046, 0.9175735116, 0.640826404095, 0.4036013484, 0.970973312855, -0.989431917667, 1.38863062859, 0.923502743244, -1.53174138069, 0.523789227009, 0.0968762934208],
        "var": [17803.0078125, 1314.7199707, 1391.22106934, 278.406738281, 467.045318604, 526.005187988, 152.930892944, 126.062858582, 95.6864624023, 42.8232536316, 62.1665878296, 51.2731208801, 72.8206329346],
        "cov": [[18612.2363281, 1820.08239746, -2018.3503418, 1258.67687988, -1222.23278809, 202.828659058, -1162.79284668, -492.853546143, -631.095153809, -540.043945312, -216.512161255, 174.505111694, -14.9537687302], [1820.08239746, 1374.47998047, -333.469940186, -211.981246948, -434.503204346, -177.124862671, -228.665542603, -154.716598511, 45.8256072998, 68.6378707886, -97.8538589478, -51.3920783997, 41.1815223694], [-2018.3503418, -333.469940186, 1454.45849609, 92.1105880737, 710.778381348, 716.745849609, 292.808563232, -36.0336418152, 238.789291382, 123.152656555, -126.55620575, -72.1502456665, -256.619934082], [1258.67687988, -211.981246948, 92.1105880737, 291.061584473, 124.90688324, 174.611251831, -15.3194942474, -29.8736038208, -53.3020019531, -59.3711280823, 5.82026052475, 46.7250366211, -35.9441413879], [-1222.23278809, -434.503204346, 710.778381348, 124.90688324, 488.274627686, 327.436401367, 221.337402344, 29.7395515442, 75.7117004395, 40.0120697021, -21.4896564484, 12.9445981979, -113.483009338], [202.828659058, -177.124862671, 716.745849609, 174.611251831, 327.436401367, 549.914489746, 94.3909988403, -61.34141922, 86.1651687622, 28.4498615265, -96.3260574341, -18.5144710541, -163.847473145], [-1162.79284668, -228.665542603, 292.808563232, -15.3194942474, 221.337402344, 94.3909988403, 159.88230896, 21.771604538, 54.5924949646, 40.6687583923, -9.69450759888, 3.59873199463, -27.1104660034], [-492.853546143, -154.716598511, -36.0336418152, -29.8736038208, 29.7395515442, -61.34141922, 21.771604538, 131.792984009, -15.8672266006, -2.25174093246, 39.6290054321, 9.73568439484, 19.7548809052], [-631.095153809, 45.8256072998, 238.789291382, -53.3020019531, 75.7117004395, 86.1651687622, 54.5924949646, -15.8672266006, 100.035842896, 55.6335830688, -46.8496856689, -47.1827545166, -43.933807373], [-540.043945312, 68.6378707886, 123.152656555, -59.3711280823, 40.0120697021, 28.4498615265, 40.6687583923, -2.25174093246, 55.6335830688, 44.7697677612, -17.4217319489, -17.8021945953, -14.3585329056], [-216.512161255, -97.8538589478, -126.55620575, 5.82026052475, -21.4896564484, -96.3260574341, -9.69450759888, 39.6290054321, -46.8496856689, -17.4217319489, 64.9923400879, 27.0233478546, 37.5231666565], [174.505111694, -51.3920783997, -72.1502456665, 46.7250366211, 12.9445981979, -18.5144710541, 3.59873199463, 9.73568439484, -47.1827545166, -17.8021945953, 27.0233478546, 53.6037139893, 27.201631546], [-14.9537687302, 41.1815223694, -256.619934082, -35.9441413879, -113.483009338, -163.847473145, -27.1104660034, 19.7548809052, -43.933807373, -14.3585329056, 37.5231666565, 27.201631546, 76.1306686401]]
    },
    "sccoeffs": {
        "kurt": [-0.851039171219, 0.64214015007, 0.424048900604, 0.860893726349, 1.29807806015, 5.65112018585],
        "max": [-0.512595355511, -0.363788992167, -0.654009222984, -0.636673212051, -0.648070216179, -0.675360321999],
        "mean": [-0.714731037617, -0.560019552708, -0.739156663418, -0.787678837776, -0.765782952309, -0.733465373516],
        "median": [-0.723218798637, -0.523660898209, -0.726117908955, -0.795275330544, -0.769482553005, -0.716785252094],
        "min": [-0.90821325779, -0.974968850613, -0.904656946659, -0.939203500748, -0.909214198589, -0.936919927597],
        "skew": [0.155737638474, -0.964698553085, -0.969717085361, 0.190997973084, -0.373086303473, -2.2941160202],
        "var": [0.0107082221657, 0.0216482784599, 0.00374973216094, 0.00383120286278, 0.00261585065164, 0.00301542575471],
        "cov": [[0.0111949602142, 0.00641270680353, 0.00295478175394, 0.00486512854695, 0.00234167324379, 0.00220958213322], [0.00641270680353, 0.0226322915405, 0.00464513292536, 0.00663778139278, 0.00513031659648, 0.00655747810379], [0.00295478175394, 0.00464513292536, 0.00392017466947, 0.00237180641852, 0.0012482375605, 0.00227737566456], [0.00486512854695, 0.00663778139278, 0.00237180641852, 0.00400534830987, 0.00174066796899, 0.00193397933617], [0.00234167324379, 0.00513031659648, 0.0012482375605, 0.00174066796899, 0.00273475283757, 0.00235963263549], [0.00220958213322, 0.00655747810379, 0.00227737566456, 0.00193397933617, 0.00235963263549, 0.00315249059349]]
    },
    "scvalleys": {
        "kurt": [-0.312152862549, 4.38616323471, 7.79530334473, 8.29172420502, 7.33150291443, 1.33136749268],
        "max": [-7.17482471466, -3.49761629105, -4.11865186691, -4.87776708603, -5.2586774826, -8.45683479309],
        "mean": [-9.40528774261, -6.16503381729, -6.44436359406, -7.01496362686, -7.3592915535, -11.0308647156],
        "median": [-9.20921325684, -6.15969562531, -6.01595115662, -6.85806655884, -6.974817276, -11.1292648315],
        "min": [-13.2244644165, -11.7695398331, -13.4221420288, -14.1928224564, -15.0543899536, -16.7905445099],
        "skew": [-0.373489886522, -1.70183181763, -2.53734970093, -2.66923260689, -2.4885532856, -0.915970146656],
        "var": [2.28087377548, 2.51470637321, 3.13107538223, 3.23201084137, 3.88889718056, 3.62629103661],
        "cov": [[2.38454985619, 2.03222441673, 2.00414252281, 2.25704455376, 2.22148990631, 2.6622774601], [2.03222441673, 2.62901139259, 2.7409760952, 2.77678418159, 2.72176194191, 2.5824944973], [2.00414252281, 2.7409760952, 3.27339696884, 3.2131998539, 3.30335092545, 2.83291912079], [2.25704455376, 2.77678418159, 3.2131998539, 3.37892055511, 3.55483984947, 3.20484566689], [2.22148990631, 2.72176194191, 3.30335092545, 3.55483984947, 4.06566524506, 3.5555832386], [2.6622774601, 2.5824944973, 2.83291912079, 3.20484566689, 3.5555832386, 3.79112243652]]
    }
},
"rhythm": {
    "bpm": 0,
    "confidence": 0,
    "first_peak_bpm": {
        "kurt": 0,
        "max": 0,
        "mean": 0,
        "median": 0,
        "min": 0,
        "skew": 0,
        "var": 0
    },
    "first_peak_spread": {
        "kurt": 0,
        "max": 0,
        "mean": 0,
        "median": 0,
        "min": 0,
        "skew": 0,
        "var": 0
    },
    "first_peak_weight": {
        "kurt": 0,
        "max": 0,
        "mean": 0,
        "median": 0,
        "min": 0,
        "skew": 0,
        "var": 0
    },
    "onset_rate": 4.07616233826,
    "second_peak_bpm": {
        "kurt": 0,
        "max": 0,
        "mean": 0,
        "median": 0,
        "min": 0,
        "skew": 0,
        "var": 0
    },
    "second_peak_spread": {
        "kurt": 0,
        "max": 0,
        "mean": 0,
        "median": 0,
        "min": 0,
        "skew": 0,
        "var": 0
    },
    "second_peak_weight": {
        "kurt": 0,
        "max": 0,
        "mean": 0,
        "median": 0,
        "min": 0,
        "skew": 0,
        "var": 0
    },
    "beats_position": [],
    "bpm_estimates": [],
    "bpm_intervals": [],
    "onset_times": [0.0116099771112, 0.208979591727],
    "histogram": [[0, 0, 0, 0, 0, 0, 0, 0, 0, 0, 0, 0, 0, 0, 0, 0, 0, 0, 0, 0, 0, 0, 0, 0, 0, 0, 0, 0, 0, 0, 0, 0, 0, 0, 0, 0, 0, 0, 0, 0, 0, 0, 0, 0, 0, 0, 0, 0, 0, 0, 0, 0, 0, 0, 0, 0, 0, 0, 0, 0, 0, 0, 0, 0, 0, 0, 0, 0, 0, 0, 0, 0, 0, 0, 0, 0, 0, 0, 0, 0, 0, 0, 0, 0, 0, 0, 0, 0, 0, 0, 0, 0, 0, 0, 0, 0, 0, 0, 0, 0, 0, 0, 0, 0, 0, 0, 0, 0, 0, 0, 0, 0, 0, 0, 0, 0, 0, 0, 0, 0, 0, 0, 0, 0, 0, 0, 0, 0, 0, 0, 0, 0, 0, 0, 0, 0, 0, 0, 0, 0, 0, 0, 0, 0, 0, 0, 0, 0, 0, 0, 0, 0, 0, 0, 0, 0, 0, 0, 0, 0, 0, 0, 0, 0, 0, 0, 0, 0, 0, 0, 0, 0, 0, 0, 0, 0, 0, 0, 0, 0, 0, 0, 0, 0, 0, 0, 0, 0, 0, 0, 0, 0, 0, 0, 0, 0, 0, 0, 0, 0, 0, 0, 0, 0, 0, 0, 0, 0, 0, 0, 0, 0, 0, 0, 0, 0, 0, 0, 0, 0, 0, 0, 0, 0, 0, 0, 0, 0, 0, 0, 0, 0, 0, 0, 0, 0, 0, 0, 0, 0, 0, 0, 0, 0, 0, 0, 0, 0, 0, 0]]
},
"sfx": {
    "inharmonicity": {
        "kurt": -0.410796642303,
        "max": 0.243386045098,
        "mean": 0.0735982730985,
        "median": 0.0264486968517,
        "min": 0,
        "skew": 1.06395697594,
        "var": 0.00730781955644
    },
    "oddtoevenharmonicenergyratio": {
        "kurt": 3.87356328964,
        "max": 29.8835849762,
        "mean": 4.56714439392,
        "median": 0.522652506828,
        "min": 0,
        "skew": 2.18058204651,
        "var": 60.4549179077
    },
    "pitch_after_max_to_before_max_energy_ratio": 1.02615582943,
    "pitch_centroid": 10.2859172821,
    "pitch_max_to_total": 0.391304343939,
    "pitch_min_to_total": 0.826086938381,
    "tristimulus": {
        "kurt": [-1.19429302216, -1.14794409275, -0.658008337021],
        "max": [1, 0.680920064449, 0.590357482433],
        "mean": [0.299338161945, 0.371290326118, 0.329371511936],
        "median": [0.076911829412, 0.409642577171, 0.31666046381],
        "min": [0, 0, 0],
        "skew": [0.452702492476, -0.118964701891, -0.295791476965],
        "var": [0.099639415741, 0.0359804593027, 0.0232710521668],
        "cov": [[0.104168482125, -0.0587277971208, -0.0454406887293], [-0.0587277971208, 0.0376159325242, 0.0211118608713], [-0.0454406887293, 0.0211118608713, 0.024328827858]]
    }
},
"tonal": {
    "chords_changes_rate": 0,
    "chords_number_rate": 0.0833333358169,
    "chords_strength": {
        "kurt": 0,
        "max": 0.595319330692,
        "mean": 0.595319330692,
        "median": 0.595319330692,
        "min": 0.595319330692,
        "skew": 0,
        "var": 0
    },
    "key_strength": 0.499347597361,
    "tuning_diatonic_strength": 0.640699148178,
    "tuning_equal_tempered_deviation": 0.25929158926,
    "tuning_frequency": 447.432556152,
    "tuning_nontempered_energy_ratio": 0.901838243008,
    "hpcp": {
        "kurt": [0.226689338684, -1.03382480145, 0.644468069077, -0.834526062012, 1.0237326622, 3.11848497391, 2.18473482132, 6.66490077972, 6.84544086456, 4.74026584625, 3.92553424835, 3.80046796799, 1.16462993622, 0.719164848328, -0.92897605896, -0.985313892365, 2.84977960587, 0.471429109573, 2.79615592957, 1.33842802048, -0.288459539413, -0.28450012207, 2.58091831207, 1.81751298904, 2.07854175568, -1.10032451153, -0.756520271301, 2.46534633636, -1.18513071537, 0.933683872223, 0.194948196411, 1.01937007904, -0.185051441193, 0.681569576263, 0.573265552521, -0.742324590683],
        "max": [0.737982690334, 0.953470230103, 1, 1, 0.809808671474, 0.477129995823, 0.15733371675, 0.735744714737, 1, 0.385193377733, 0.155586600304, 0.118042200804, 0.134797021747, 0.149158269167, 0.12141982466, 0.123691417277, 0.240652471781, 0.130189299583, 0.0967989042401, 0.142293572426, 0.177201315761, 0.179930135608, 0.200188592076, 0.42058083415, 0.532001256943, 0.202335119247, 0.246715843678, 0.286260694265, 0.091864913702, 0.379451602697, 0.939774990082, 0.921804428101, 0.314423650503, 0.685908377171, 1, 0.749140620232],
        "mean": [0.197558656335, 0.482405036688, 0.790826559067, 0.518020629883, 0.188838854432, 0.0829443633556, 0.03368505463, 0.0824991315603, 0.106791198254, 0.0599413961172, 0.0325886271894, 0.0284892395139, 0.037613350898, 0.050385043025, 0.0632600560784, 0.0630534663796, 0.0517136119306, 0.0346946232021, 0.0243387371302, 0.0408550985157, 0.062024962157, 0.0639874860644, 0.0624197758734, 0.128882154822, 0.164761379361, 0.109530098736, 0.0870583727956, 0.0666789785028, 0.0430696494877, 0.107487894595, 0.252890586853, 0.240336462855, 0.127618968487, 0.194003939629, 0.254086881876, 0.226950213313],
        "median": [0.107961907983, 0.488050758839, 1, 0.503930926323, 0.0798420011997, 0.0135090611875, 0.0138768739998, 0.0140547771007, 0.0207475349307, 0.0206066798419, 0.0189229249954, 0.0240502990782, 0.0251182168722, 0.0361138060689, 0.0676748901606, 0.065036162734, 0.0211458895355, 0.0156652405858, 0.0141305867583, 0.0219836570323, 0.0527288652956, 0.046050272882, 0.0515929013491, 0.0901944041252, 0.119595721364, 0.116143092513, 0.0493100434542, 0.0401346087456, 0.0457626804709, 0.0771694928408, 0.114205658436, 0.13593120873, 0.107639923692, 0.0884360596538, 0.0768182203174, 0.0517430827022],
        "min": [0.00497321225703, 0.0801243185997, 0.0181948300451, 0.0579729340971, 0.00827128905803, 0.00230451091193, 0.0029381532222, 0.00394602399319, 0.00321625289507, 0.00155972084031, 0.000875776691828, 0.00263091083616, 0.0054022250697, 0.00764305284247, 0.0106576671824, 0.00853322632611, 0.00568362511694, 0.00574472965673, 0.00449926918373, 0.00476959301159, 0.00653049070388, 0.00891866069287, 0.00632898975164, 0.0347202755511, 0.0384782776237, 0.0152383884415, 0.00380521197803, 0.00801504962146, 0.00409600883722, 0.00658516492695, 0.00835248548537, 0.0151823898777, 0.0159560516477, 0.00687465677038, 0.00469365762547, 0.00327108683996],
        "skew": [1.24541270733, 0.0937307029963, -1.47645580769, 0.303007811308, 1.49261558056, 2.03968954086, 1.80330407619, 2.90622425079, 2.95150971413, 2.47076249123, 2.22462081909, 2.06740570068, 1.49091494083, 1.43609404564, -0.0155417667702, -0.00752748455852, 1.9280756712, 1.3457839489, 1.85120284557, 1.39951324463, 0.773752748966, 0.979264676571, 1.69314265251, 1.60208034515, 1.65515935421, -0.146195575595, 0.820848703384, 1.85807609558, 0.114555381238, 1.35995602608, 1.15389442444, 1.33105480671, 0.774353682995, 1.20283377171, 1.48121440411, 0.95086479187],
        "var": [0.0515214987099, 0.0803435817361, 0.108309544623, 0.0833221152425, 0.0597552955151, 0.0183526165783, 0.00199452601373, 0.0396516621113, 0.0734417513013, 0.0110304243863, 0.00167552113999, 0.00089645391563, 0.00142325193156, 0.0017721921904, 0.00100295327138, 0.0011104340665, 0.00431582005695, 0.00153060734738, 0.000637820863631, 0.0014688273659, 0.00259212660603, 0.00308169447817, 0.00237827724777, 0.0114778466523, 0.0176935866475, 0.00353961647488, 0.00644519366324, 0.00611549848691, 0.000744800141547, 0.0113674430177, 0.082540884614, 0.069927982986, 0.00686787767336, 0.0380516164005, 0.121819861233, 0.0764117911458],
