{
"metadata": {
    "version": {
        "essentia": "2.1-beta3"
    }
},
"lowLevel": {
    "average_loudness": 0.957305371761,
    "barkbands_kurtosis": {
        "kurt": 3.95442390442,
        "max": 15.7766819,
        "mean": 1.16165590286,
        "median": -0.475389957428,
        "min": -1.72227263451,
        "skew": 2.11010575294,
        "var": 14.0457019806
    },
    "barkbands_skewness": {
        "kurt": 0.0259466171265,
        "max": 3.22017478943,
        "mean": 0.0397491417825,
        "median": 0.370420664549,
        "min": -3.68313407898,
        "skew": -0.590237796307,
        "var": 1.52854156494
    },
    "barkbands_spread": {
        "kurt": -0.637497901917,
        "max": 39.8304405212,
        "mean": 17.867357254,
        "median": 19.0970687866,
        "min": 2.38153004646,
        "skew": 0.0610328391194,
        "var": 74.3135986328
    },
    "dissonance": {
        "kurt": 3.69501161575,
        "max": 0.499988794327,
        "mean": 0.473790109158,
        "median": 0.483073562384,
        "min": 0.360777288675,
        "skew": -1.82339394093,
        "var": 0.000733598717488
    },
    "hfc": {
        "kurt": 3.73623323441,
        "max": 2611.12792969,
        "mean": 445.628875732,
        "median": 292.369171143,
        "min": 0.0132601307705,
        "skew": 1.95527410507,
        "var": 312393.09375
    },
    "pitch": {
        "kurt": -0.147540569305,
        "max": 4310.04003906,
        "mean": 1218.06848145,
        "median": 441.593353271,
        "min": 100.979728699,
        "skew": 1.24945306778,
        "var": 1946326.75
    },
    "pitch_instantaneous_confidence": {
        "kurt": -0.766557693481,
        "max": 0.841542840004,
        "mean": 0.447808206081,
        "median": 0.417920291424,
        "min": 0.162427663803,
        "skew": 0.446824967861,
        "var": 0.029732901603
    },
    "pitch_salience": {
        "kurt": 1.09362316132,
        "max": 0.852796196938,
        "mean": 0.67732077837,
        "median": 0.708964288235,
        "min": 0.290013372898,
        "skew": -1.21761143208,
        "var": 0.015592048876
    },
    "silence_rate_20dB": {
        "kurt": -0.645469427109,
        "max": 1,
        "mean": 0.751479268074,
        "median": 1,
        "min": 0,
        "skew": -1.16384506226,
        "var": 0.186757728457
    },
    "silence_rate_30dB": {
        "kurt": -1.6646951437,
        "max": 1,
        "mean": 0.36094674468,
        "median": 0,
        "min": 0,
        "skew": 0.579056620598,
        "var": 0.230664223433
    },
    "silence_rate_60dB": {
        "kurt": 0.222439527512,
        "max": 1,
        "mean": 0.201183438301,
        "median": 0,
        "min": 0,
        "skew": 1.49078500271,
        "var": 0.160708680749
    },
    "spectral_centroid": {
        "kurt": 0.878235578537,
        "max": 4683.57666016,
        "mean": 1854.67456055,
        "median": 1631.48266602,
        "min": 556.129211426,
        "skew": 1.29096066952,
        "var": 908872.5
    },
    "spectral_complexity": {
        "kurt": -1.06813025475,
        "max": 66,
        "mean": 38.6863899231,
        "median": 49,
        "min": 0,
        "skew": -0.712304294109,
        "var": 509.316101074
    },
    "spectral_crest": {
        "kurt": 0.643315315247,
        "max": 22.5706481934,
        "mean": 9.24386310577,
        "median": 8.33190536499,
        "min": 3.05870652199,
        "skew": 1.09728944302,
        "var": 17.6757850647
    },
    "spectral_decrease": {
        "kurt": -1.2687432766,
        "max": -1.732746867e-12,
        "mean": -4.28729620694e-08,
        "median": -4.47524115543e-08,
        "min": -1.32131916075e-07,
        "skew": -0.127309411764,
        "var": 1.23364080724e-15
    },
    "spectral_energy": {
        "kurt": -0.401906728745,
        "max": 0.735532879829,
        "mean": 0.202232196927,
        "median": 0.211560696363,
        "min": 7.74251202529e-06,
        "skew": 0.471505910158,
        "var": 0.030189557001
    },
    "spectral_energyband_high": {
        "kurt": 7.28628921509,
        "max": 0.333279103041,
        "mean": 0.0330078676343,
        "median": 0.00965597759932,
        "min": 3.77158869469e-07,
        "skew": 2.78069710732,
        "var": 0.00414492562413
    },
    "spectral_energyband_low": {
        "kurt": 23.0800991058,
        "max": 0.00518752587959,
        "mean": 0.000271264376352,
        "median": 3.94986564061e-05,
        "min": 2.92309039196e-08,
        "skew": 4.75263166428,
        "var": 5.92771925767e-07
    },
    "spectral_energyband_middle_high": {
        "kurt": 2.28583526611,
        "max": 0.552729725838,
        "mean": 0.105055011809,
        "median": 0.0878484100103,
        "min": 3.64049083146e-06,
        "skew": 1.37132322788,
        "var": 0.0115716559812
    },
    "spectral_energyband_middle_low": {
        "kurt": -1.008644104,
        "max": 0.233685776591,
        "mean": 0.0674330666661,
        "median": 0.0278849434108,
        "min": 2.53564007835e-06,
        "skew": 0.743295371532,
        "var": 0.00584572693333
    },
    "spectral_flatness_db": {
        "kurt": 1.20824241638,
        "max": 0.383446961641,
        "mean": 0.194305896759,
        "median": 0.185545951128,
        "min": 0.0836388096213,
        "skew": 1.03793025017,
        "var": 0.00281487521715
    },
    "spectral_flux": {
        "kurt": -1.1988158226,
        "max": 0.635580480099,
        "mean": 0.275723397732,
        "median": 0.306695610285,
        "min": 0.00192500452977,
        "skew": -0.142077088356,
        "var": 0.0338418632746
    },
    "spectral_kurtosis": {
        "kurt": 10.0792207718,
        "max": 32.01146698,
        "mean": 5.98999500275,
        "median": 4.35840082169,
        "min": 0.345212221146,
        "skew": 3.02893543243,
        "var": 26.7508907318
    },
    "spectral_rms": {
        "kurt": -1.28642213345,
        "max": 0.0267879273742,
        "mean": 0.0117420833558,
        "median": 0.0143666518852,
        "min": 8.69118521223e-05,
        "skew": -0.30477103591,
        "var": 5.94231751165e-05
    },
    "spectral_rolloff": {
        "kurt": -0.0487456321716,
        "max": 6416.89453125,
        "mean": 3038.60351562,
        "median": 3014.6484375,
        "min": 602.9296875,
        "skew": 0.239433407784,
        "var": 1378478.5
    },
    "spectral_skewness": {
        "kurt": 4.56861209869,
        "max": 4.12299442291,
        "mean": 1.72010409832,
        "median": 1.59605824947,
        "min": 0.638696312904,
        "skew": 1.84428012371,
        "var": 0.331644058228
    },
    "spectral_spread": {
        "kurt": 10.4759750366,
        "max": 14407066,
        "mean": 4251430,
        "median": 4309468,
        "min": 1573793.875,
        "skew": 1.75770699978,
        "var": 2.30545267098e+12
    },
    "spectral_strongpeak": {
        "kurt": 2.17347764969,
        "max": 20.1931037903,
        "mean": 4.43177700043,
        "median": 3.80140304565,
        "min": 0.00335742626339,
        "skew": 1.48896193504,
        "var": 19.398191452
    },
    "zerocrossingrate": {
        "kurt": 1.17815160751,
        "max": 0.24462890625,
        "mean": 0.0822363868356,
        "median": 0.0712890625,
        "min": 0.0244140625,
        "skew": 1.32831466198,
        "var": 0.00246169255115
    },
    "barkbands": {
        "kurt": [21.0076332092, 5.38177680969, 22.9673595428, 31.8662910461, 19.4598007202, 6.12646579742, 1.95714044571, 15.5123004913, 14.8008155823, 10.8214206696, 7.87691402435, 17.9089374542, 8.9751329422, 49.1246299744, 13.652261734, 2.93644618988, 10.3879776001, 17.6830806732, 13.2832527161, 8.0717086792, 10.0575094223, 13.7206707001, 17.1662731171, 16.0287246704, 22.3864650726, 6.5117931366, 7.23839950562],
        "max": [3.78479148821e-06, 9.87831444945e-05, 0.00111433828715, 0.0185775570571, 0.0603617615998, 0.033214058727, 0.215299457312, 0.072716794908, 0.212478965521, 0.156622081995, 0.0198874250054, 0.0596807822585, 0.0482750311494, 0.102933943272, 0.0888415798545, 0.0521196462214, 0.127139732242, 0.182142391801, 0.254739373922, 0.210540860891, 0.171580567956, 0.0461076460779, 0.0245625451207, 0.0108883939683, 0.0058078635484, 0.000124442478409, 2.33792684412e-06],
        "mean": [2.54315864368e-07, 1.22245419334e-05, 7.0885536843e-05, 0.000630030059256, 0.00390728423372, 0.00346439308487, 0.0353400930762, 0.00496368343011, 0.0144063327461, 0.0133926272392, 0.00229149800725, 0.00432392815128, 0.0051728785038, 0.00538240931928, 0.0083045233041, 0.00899577978998, 0.012577040121, 0.0152024831623, 0.0211586225778, 0.0211871545762, 0.015213932842, 0.00391348311678, 0.00137189251836, 0.000635111064184, 0.000302041764371, 1.17369690997e-05, 2.22092864988e-07],
        "median": [7.38497689667e-08, 3.91829826185e-06, 1.59376486408e-05, 3.63488943549e-05, 0.000397759111365, 0.000609294802416, 0.00431043701246, 0.000884185079485, 0.00227809650823, 0.00196800217964, 0.00109253893606, 0.00121000711806, 0.00170129281469, 0.00220187962987, 0.00399709260091, 0.00476041529328, 0.00654239300638, 0.00933029316366, 0.00871290359646, 0.00688842171803, 0.00326950172894, 0.00130766443908, 0.000231195241213, 7.84920848673e-05, 3.6980582081e-05, 1.49333357058e-06, 1.87141786512e-08],
        "min": [3.26551390095e-11, 1.17936704846e-09, 8.53940562706e-09, 3.75833542066e-09, 1.74691958676e-08, 1.20370685863e-07, 5.2606776535e-07, 1.08372688601e-07, 1.00210868936e-07, 2.48220629828e-07, 4.1764870673e-08, 4.76923744941e-08, 6.60915233652e-08, 2.4128877385e-07, 1.73129194536e-07, 9.16890314784e-08, 2.37851025986e-07, 3.16942077916e-07, 4.76567691976e-07, 4.65616722067e-07, 1.54401149643e-07, 4.26480113447e-08, 1.78347097091e-08, 4.7569277406e-09, 2.42752351554e-09, 8.0234485722e-11, 1.48007224966e-12],
        "skew": [4.05079841614, 2.35897636414, 4.35082912445, 5.58308601379, 4.02736186981, 2.36711096764, 1.73487436771, 3.68202614784, 3.59505271912, 3.11600613594, 2.57981085777, 3.76971650124, 2.78948545456, 5.86963939667, 3.32535004616, 1.77047169209, 2.99764060974, 3.66306447983, 3.27030539513, 2.69625401497, 3.17990088463, 3.59029865265, 3.81133723259, 3.98025655746, 4.51457214355, 2.67612457275, 2.7817363739],
        "var": [2.40459643299e-13, 3.89008492085e-10, 2.33745414135e-08, 6.04557226325e-06, 7.73647043388e-05, 3.25973232975e-05, 0.0031097587198, 0.000108971398731, 0.000943253922742, 0.000662519538309, 1.1128981896e-05, 6.46359185339e-05, 6.80341036059e-05, 0.000103190330265, 0.000169543112861, 0.000129061299958, 0.000419320451329, 0.000597897451371, 0.00136391783599, 0.00130592728965, 0.00106001982931, 6.78790966049e-05, 1.09094780782e-05, 2.98761869999e-06, 6.70407473535e-07, 5.67874858248e-10, 2.1353077184e-13],
        "cov": [[2.41890952797e-13, 5.79182665369e-12, 9.77727187407e-12, -1.70037040004e-11, -9.86991044449e-11, 5.34655708595e-10, 9.44298594874e-09, 6.57125132086e-10, 2.83871304241e-09, 4.82818940384e-09, 4.45382869474e-10, 2.25634844142e-09, 1.87309812105e-09, 6.69440780587e-10, 4.48017400956e-10, 7.77285180664e-10, 1.09965558881e-09, 4.35718461311e-10, -2.94877705587e-10, -8.4566909031e-10, -9.56136170238e-10, -2.51061282874e-10, -1.52729023872e-10, -7.25236884436e-11, -3.29563737411e-11, -1.00358588627e-12, -1.76884585944e-14], [5.79182665369e-12, 3.91324000981e-10, 8.94710083799e-10, 1.73122471914e-09, -7.2809038798e-09, 3.44993758006e-08, 4.69368160338e-07, 4.05920737023e-08, 1.43066273495e-07, 2.39889288878e-07, 3.22864188718e-08, 6.70986253226e-08, 6.56097967067e-08, 2.20028049114e-08, 3.111746949e-08, 4.15527487974e-08, 5.14919626937e-08, 2.66435069562e-08, 1.86942035185e-08, -5.88467319318e-09, -6.31047081256e-09, 1.20344068044e-10, -2.71282973863e-09, -1.65384950179e-09, -8.32125979233e-10, -1.15965171493e-11, -1.52357808444e-13], [9.77727187407e-12, 8.94710083799e-10, 2.3513674563e-08, 9.17349893825e-08, 1.11365373812e-07, 2.12785138842e-07, 1.16775174774e-06, 1.65903202287e-07, 5.7734615666e-07, 3.72205079202e-07, 1.39139274324e-07, 7.49254738253e-08, 1.05181889865e-07, 3.2970109487e-07, 2.99311210483e-07, 6.92272180913e-07, 3.94864400732e-07, -7.7805580645e-08, -4.35982883573e-07, -5.03666456098e-07, -5.05522564254e-07, -1.12835223831e-07, -4.5419774608e-08, -1.94146405619e-08, -8.61349924719e-09, -3.37758793156e-10, -6.7299854925e-12], [-1.70037040004e-11, 1.73122471914e-09, 9.17349893825e-08, 6.08155778536e-06, 4.93172365168e-06, 4.1797020458e-06, -1.02787962533e-05, 1.70884459294e-06, 2.06282379622e-06, -3.65475852959e-06, 1.1701152971e-06, -6.44420765639e-07, -2.66564484264e-07, 5.20132152815e-06, 2.13423095374e-06, 6.90645947543e-06, 9.4665110737e-06, -4.23183678322e-07, -3.91705862057e-06, -5.61542447031e-06, -5.57221483177e-06, -1.47251319049e-06, -5.98109977545e-07, -2.79273763226e-07, -1.35017089065e-07, -4.80966777516e-09, -9.78137917884e-11], [-9.86991044449e-11, -7.2809038798e-09, 1.11365373812e-07, 4.93172365168e-06, 7.78252142482e-05, 6.52102016829e-06, 1.18850011859e-05, 1.24073858387e-05, 2.31496615015e-05, -2.30647110584e-05, 3.08515200231e-06, -4.29653056244e-07, -1.24684652292e-06, 3.8954342017e-05, 7.0555775892e-05, 3.95016031689e-05, 7.72383864387e-05, 3.48857101926e-05, 9.35584903345e-05, 2.97217266052e-05, 1.26933605316e-06, 1.85459396107e-06, -9.34743468406e-07, -6.90049489549e-07, -2.61741718077e-07, 3.43542438941e-09, -3.24849556976e-11], [5.34655708595e-10, 3.44993758006e-08, 2.12785138842e-07, 4.1797020458e-06, 6.52102016829e-06, 3.27913548972e-05, 5.61511551496e-05, 2.22818252951e-05, 6.38862184132e-05, 5.91418211116e-05, 8.58943622006e-06, 1.32474797283e-05, 9.45688407228e-06, 1.44795612869e-05, 1.87409259524e-05, 1.95568336494e-05, 2.73813820968e-05, 1.390808211e-05, 1.85555575172e-06, -6.91246395945e-06, -1.53741730173e-05, -3.0400842661e-06, -1.91982485376e-06, -1.01505963812e-06, -4.34536900684e-07, -1.19374004015e-08, -1.98210295399e-10], [9.44298594874e-09, 4.69368160338e-07, 1.16775174774e-06, -1.02787962533e-05, 1.18850011859e-05, 5.61511551496e-05, 0.00312826922163, 6.74496914144e-05, 0.000127034785692, 0.000192747625988, 4.70095619676e-05, 6.39151403448e-05, 0.000162029144121, 3.07509762933e-05, 5.78425097046e-05, -2.46659201366e-05, -7.64846554375e-05, -4.34021640103e-05, -0.000154893816216, -0.000248206459219, -0.00029160946724, -6.4546977228e-05, -3.04334134853e-05, -1.48073331729e-05, -6.67835320201e-06, -2.23362235374e-07, -4.20782519939e-09], [6.57125132086e-10, 4.05920737023e-08, 1.65903202287e-07, 1.70884459294e-06, 1.24073858387e-05, 2.22818252951e-05, 6.74496914144e-05, 0.000109620035801, 0.000125228587422, 6.23702217126e-05, 1.4836500668e-05, 1.81654504559e-05, 8.21750927571e-06, 4.72986575915e-05, 2.03743329621e-05, 1.87014666153e-05, 2.98093764286e-05, 1.67973084899e-05, 3.14496060128e-06, -7.59680642659e-06, -1.88659414562e-05, -5.2152090575e-06, -3.03567503579e-06, -1.6287683593e-06, -6.39372046862e-07, -1.1396948274e-08, -2.49281789655e-10], [2.83871304241e-09, 1.43066273495e-07, 5.7734615666e-07, 2.06282379622e-06, 2.31496615015e-05, 6.38862184132e-05, 0.000127034785692, 0.000125228587422, 0.000948868517298, 0.000120096265164, 5.12338883709e-05, 4.94702471769e-05, 3.45489752362e-05, 4.04784295824e-05, 6.85937629896e-05, 9.36621436267e-05, 1.31015176521e-05, 2.29327433772e-05, 2.02479131985e-05, -2.86253161903e-05, -6.96814968251e-05, -1.52176862684e-05, -1.01089181044e-05, -5.16425234309e-06, -2.2187898594e-06, -5.60060513521e-08, -1.07176245656e-09], [4.82818940384e-09, 2.39889288878e-07, 3.72205079202e-07, -3.65475852959e-06, -2.30647110584e-05, 5.91418211116e-05, 0.000192747625988, 6.23702217126e-05, 0.000120096265164, 0.000666463107336, 3.89809174521e-05, 0.000113466179755, 6.7007036705e-05, 2.57461269939e-05, 3.76128664357e-05, 3.58528341167e-05, 2.5785422622e-05, -3.30713328367e-06, -4.36093105236e-05, -5.58903848287e-05, -8.20175482659e-05, -1.38433852044e-05, -9.12574341783e-06, -4.79783284391e-06, -2.12446639125e-06, -5.30188728476e-08, -7.99037613852e-10], [4.45382869474e-10, 3.22864188718e-08, 1.39139274324e-07, 1.1701152971e-06, 3.08515200231e-06, 8.58943622006e-06, 4.70095619676e-05, 1.4836500668e-05, 5.12338883709e-05, 3.89809174521e-05, 1.11952258521e-05, 1.05155158963e-05, 9.44104067457e-06, 5.95164829065e-06, 1.05049402919e-05, 1.29519057737e-05, 9.57091833698e-06, 5.25134601048e-06, 6.64795652483e-06, 8.09915320588e-07, -7.61072033129e-06, -1.66318307038e-06, -1.14972920073e-06, -5.87921135775e-07, -2.44788651571e-07, -4.98264540738e-09, -1.09988747277e-10], [2.25634844142e-09, 6.70986253226e-08, 7.49254738253e-08, -6.44420765639e-07, -4.29653056244e-07, 1.32474797283e-05, 6.39151403448e-05, 1.81654504559e-05, 4.94702471769e-05, 0.000113466179755, 1.05155158963e-05, 6.50206566206e-05, 3.88748667319e-05, 1.50019686771e-05, 1.71331612364e-05, 1.47723521877e-05, 1.53270466399e-05, 1.79229737114e-05, 1.26614195324e-05, 7.80606478656e-06, -1.34218007588e-05, -1.37604627071e-06, -1.75895456778e-06, -9.62691615314e-07, -3.83101053103e-07, -6.53269527362e-09, -4.02835438618e-11], [1.87309812105e-09, 6.56097967067e-08, 1.05181889865e-07, -2.66564484264e-07, -1.24684652292e-06, 9.45688407228e-06, 0.000162029144121, 8.21750927571e-06, 3.45489752362e-05, 6.7007036705e-05, 9.44104067457e-06, 3.88748667319e-05, 6.84390688548e-05, 1.44822479342e-05, 1.09941802293e-05, 8.83283337316e-06, -1.29249986003e-06, -2.73818704954e-06, -1.51561089297e-05, -2.45520750468e-05, -3.3069314668e-05, -7.4069052971e-06, -3.65876667274e-06, -1.82020278316e-06, -8.41439828037e-07, -2.5562078676e-08, -4.61674476426e-10], [6.69440780587e-10, 2.20028049114e-08, 3.2970109487e-07, 5.20132152815e-06, 3.8954342017e-05, 1.44795612869e-05, 3.07509762933e-05, 4.72986575915e-05, 4.04784295824e-05, 2.57461269939e-05, 5.95164829065e-06, 1.50019686771e-05, 1.44822479342e-05, 0.00010380455933, 4.13485904573e-05, 4.69373007945e-05, 3.57900316885e-05, 3.36906814482e-05, 2.05058240681e-05, 9.55929590418e-06, -1.24594880617e-05, -2.16917146645e-06, -2.14607325688e-06, -1.28673184463e-06, -4.28707664923e-07, -7.48240935877e-09, -1.40034719931e-10], [4.48017400956e-10, 3.111746949e-08, 2.99311210483e-07, 2.13423095374e-06, 7.0555775892e-05, 1.87409259524e-05, 5.78425097046e-05, 2.03743329621e-05, 6.85937629896e-05, 3.76128664357e-05, 1.05049402919e-05, 1.71331612364e-05, 1.09941802293e-05, 4.13485904573e-05, 0.000170552288182, 7.51824554754e-05, 0.000104543090856, 6.43867824692e-05, 0.000145161553519, 6.84220503899e-05, 4.72451620226e-06, 3.03180104311e-06, -7.78978119342e-07, -1.04334844764e-06, -3.6280363247e-07, 1.10087103877e-08, 9.58814208585e-11], [7.77285180664e-10, 4.15527487974e-08, 6.92272180913e-07, 6.90645947543e-06, 3.95016031689e-05, 1.95568336494e-05, -2.46659201366e-05, 1.87014666153e-05, 9.36621436267e-05, 3.58528341167e-05, 1.29519057737e-05, 1.47723521877e-05, 8.83283337316e-06, 4.69373007945e-05, 7.51824554754e-05, 0.000129829510115, 0.000110653192678, 9.93683497654e-05, 0.000137421127874, 8.88951253728e-05, 6.32176161162e-05, 1.78751924977e-05, 1.99457213057e-06, 7.79505597848e-08, 2.17535699676e-07, 3.88107039839e-08, 7.71365360475e-10], [1.09965558881e-09, 5.14919626937e-08, 3.94864400732e-07, 9.4665110737e-06, 7.72383864387e-05, 2.73813820968e-05, -7.64846554375e-05, 2.98093764286e-05, 1.31015176521e-05, 2.5785422622e-05, 9.57091833698e-06, 1.53270466399e-05, -1.29249986003e-06, 3.57900316885e-05, 0.000104543090856, 0.000110653192678, 0.000421816395829, 0.000283869507257, 0.000408876920119, 0.00030848669121, 0.000303043721942, 6.58376011415e-05, 1.23081763377e-05, 3.90210880141e-06, 2.19000071411e-06, 1.72396170228e-07, 3.32016969473e-09], [4.35718461311e-10, 2.66435069562e-08, -7.7805580645e-08, -4.23183678322e-07, 3.48857101926e-05, 1.390808211e-05, -4.34021640103e-05, 1.67973084899e-05, 2.29327433772e-05, -3.30713328367e-06, 5.25134601048e-06, 1.79229737114e-05, -2.73818704954e-06, 3.36906814482e-05, 6.43867824692e-05, 9.93683497654e-05, 0.000283869507257, 0.000601456384175, 0.000800013542175, 0.000629357178695, 0.00051456381334, 0.000114845002827, 2.69713600574e-05, 1.08037756945e-05, 5.76911952521e-06, 3.24820689457e-07, 6.37046948526e-09], [-2.94877705587e-10, 1.86942035185e-08, -4.35982883573e-07, -3.91705862057e-06, 9.35584903345e-05, 1.85555575172e-06, -0.000154893816216, 3.14496060128e-06, 2.02479131985e-05, -4.36093105236e-05, 6.64795652483e-06, 1.26614195324e-05, -1.51561089297e-05, 2.05058240681e-05, 0.000145161553519, 0.000137421127874, 0.000408876920119, 0.000800013542175, 0.0013720364077, 0.000984634738415, 0.000843785528559, 0.000190450693481, 4.81520037283e-05, 1.71755182237e-05, 8.36668004922e-06, 5.31992043307e-07, 1.00449861762e-08], [-8.4566909031e-10, -5.88467319318e-09, -5.03666456098e-07, -5.61542447031e-06, 2.97217266052e-05, -6.91246395945e-06, -0.000248206459219, -7.59680642659e-06, -2.86253161903e-05, -5.58903848287e-05, 8.09915320588e-07, 7.80606478656e-06, -2.45520750468e-05, 9.55929590418e-06, 6.84220503899e-05, 8.88951253728e-05, 0.00030848669121, 0.000629357178695, 0.000984634738415, 0.00131370068993, 0.00102552352473, 0.000227086711675, 7.55779401516e-05, 3.36155644618e-05, 1.57869362738e-05, 7.23729499441e-07, 1.29983144248e-08], [-9.56136170238e-10, -6.31047081256e-09, -5.05522564254e-07, -5.57221483177e-06, 1.26933605316e-06, -1.53741730173e-05, -0.00029160946724, -1.88659414562e-05, -6.96814968251e-05, -8.20175482659e-05, -7.61072033129e-06, -1.34218007588e-05, -3.3069314668e-05, -1.24594880617e-05, 4.72451620226e-06, 6.32176161162e-05, 0.000303043721942, 0.00051456381334, 0.000843785528559, 0.00102552352473, 0.00106632953975, 0.000234311199165, 7.31083782739e-05, 2.97952465189e-05, 1.38590958159e-05, 6.87052022386e-07, 1.29515580483e-08], [-2.51061282874e-10, 1.20344068044e-10, -1.12835223831e-07, -1.47251319049e-06, 1.85459396107e-06, -3.0400842661e-06, -6.4546977228e-05, -5.2152090575e-06, -1.52176862684e-05, -1.38433852044e-05, -1.66318307038e-06, -1.37604627071e-06, -7.4069052971e-06, -2.16917146645e-06, 3.03180104311e-06, 1.78751924977e-05, 6.58376011415e-05, 0.000114845002827, 0.000190450693481, 0.000227086711675, 0.000234311199165, 6.82831378072e-05, 2.14218016481e-05, 8.4294761109e-06, 3.80205096917e-06, 1.7000232333e-07, 3.5879914595e-09], [-1.52729023872e-10, -2.71282973863e-09, -4.5419774608e-08, -5.98109977545e-07, -9.34743468406e-07, -1.91982485376e-06, -3.04334134853e-05, -3.03567503579e-06, -1.01089181044e-05, -9.12574341783e-06, -1.14972920073e-06, -1.75895456778e-06, -3.65876667274e-06, -2.14607325688e-06, -7.78978119342e-07, 1.99457213057e-06, 1.23081763377e-05, 2.69713600574e-05, 4.81520037283e-05, 7.55779401516e-05, 7.31083782739e-05, 2.14218016481e-05, 1.0974416e-05, 5.07168078911e-06, 2.20745323531e-06, 6.50042792927e-08, 1.33167377125e-09], [-7.25236884436e-11, -1.65384950179e-09, -1.94146405619e-08, -2.79273763226e-07, -6.90049489549e-07, -1.01505963812e-06, -1.48073331729e-05, -1.6287683593e-06, -5.16425234309e-06, -4.79783284391e-06, -5.87921135775e-07, -9.62691615314e-07, -1.82020278316e-06, -1.28673184463e-06, -1.04334844764e-06, 7.79505597848e-08, 3.90210880141e-06, 1.08037756945e-05, 1.71755182237e-05, 3.36155644618e-05, 2.97952465189e-05, 8.4294761109e-06, 5.07168078911e-06, 3.00540227727e-06, 1.38168172725e-06, 3.2613481693e-08, 6.19289952652e-10], [-3.29563737411e-11, -8.32125979233e-10, -8.61349924719e-09, -1.35017089065e-07, -2.61741718077e-07, -4.34536900684e-07, -6.67835320201e-06, -6.39372046862e-07, -2.2187898594e-06, -2.12446639125e-06, -2.44788651571e-07, -3.83101053103e-07, -8.41439828037e-07, -4.28707664923e-07, -3.6280363247e-07, 2.17535699676e-07, 2.19000071411e-06, 5.76911952521e-06, 8.36668004922e-06, 1.57869362738e-05, 1.38590958159e-05, 3.80205096917e-06, 2.20745323531e-06, 1.38168172725e-06, 6.74397995226e-07, 1.51586938557e-08, 2.81028672555e-10], [-1.00358588627e-12, -1.15965171493e-11, -3.37758793156e-10, -4.80966777516e-09, 3.43542438941e-09, -1.19374004015e-08, -2.23362235374e-07, -1.1396948274e-08, -5.60060513521e-08, -5.30188728476e-08, -4.98264540738e-09, -6.53269527362e-09, -2.5562078676e-08, -7.48240935877e-09, 1.10087103877e-08, 3.88107039839e-08, 1.72396170228e-07, 3.24820689457e-07, 5.31992043307e-07, 7.23729499441e-07, 6.87052022386e-07, 1.7000232333e-07, 6.50042792927e-08, 3.2613481693e-08, 1.51586938557e-08, 5.71255043269e-10, 1.02821457945e-11], [-1.76884585944e-14, -1.52357808444e-13, -6.7299854925e-12, -9.78137917884e-11, -3.24849556976e-11, -1.98210295399e-10, -4.20782519939e-09, -2.49281789655e-10, -1.07176245656e-09, -7.99037613852e-10, -1.09988747277e-10, -4.02835438618e-11, -4.61674476426e-10, -1.40034719931e-10, 9.58814208585e-11, 7.71365360475e-10, 3.32016969473e-09, 6.37046948526e-09, 1.00449861762e-08, 1.29983144248e-08, 1.29515580483e-08, 3.5879914595e-09, 1.33167377125e-09, 6.19289952652e-10, 2.81028672555e-10, 1.02821457945e-11, 2.14801782047e-13]]
    },
    "mfcc": {
        "kurt": [-0.550373077393, 0.435457229614, 0.881789445877, 0.870593070984, 0.0843632221222, 0.958540439606, -0.287225723267, -0.137768745422, 0.423510313034, -0.468202590942, -0.464996099472, 0.664802312851, 0.494941234589],
        "max": [-425.385437012, 159.339294434, -24.6655845642, 73.3442611694, 0.22327041626, 2.61207962036, 10.5597724915, 5.01272583008, 16.4517822266, 13.0292301178, 11.9714221954, 19.9852218628, 26.8307037354],
        "mean": [-602.346069336, 73.7918395996, -83.1127624512, 11.8391695023, -41.7178344727, -26.7899837494, -21.6865062714, -17.8078708649, -8.4806098938, -5.51065206528, -4.80203056335, -6.51281738281, -2.56057548523],
        "median": [-506.150543213, 80.3337173462, -80.8128967285, 11.9549884796, -44.2480201721, -27.2130699158, -20.0378322601, -17.5298042297, -8.34204483032, -4.60324859619, -4.1047744751, -5.793800354, -2.85134887695],
        "min": [-1002.29388428, -69.2124328613, -163.467803955, -50.0408706665, -95.5155639648, -50.0540161133, -58.0975189209, -43.5963287354, -40.4435501099, -22.7832965851, -27.9305839539, -43.3752403259, -30.1710548401],
        "skew": [-0.968069434166, -0.86384510994, -0.351256161928, -0.496304810047, -0.162614360452, 0.598718285561, -0.262703567743, -0.0132996337488, -0.309076189995, -0.184057414532, -0.330363154411, -0.618131518364, 0.0197110008448],
        "var": [30994.5800781, 2639.67871094, 607.846374512, 511.850372314, 375.249572754, 86.1790084839, 190.275253296, 89.0234680176, 87.9327163696, 51.6363792419, 80.0162887573, 125.519981384, 90.4806289673],
        "cov": [[31179.0722656, -3057.87207031, -171.69670105, 1319.19250488, -291.062469482, 46.8195419312, -788.971191406, -87.2693634033, -49.4845619202, -355.864105225, -363.480377197, -63.3981513977, -428.762634277], [-3057.87207031, 2655.39111328, -576.882324219, -553.445678711, -250.060668945, -21.064250946, -250.107391357, -72.8675918579, -35.72423172, 1.48808431625, 111.864463806, -14.2272644043, 104.005653381], [-171.69670105, -576.882324219, 611.464538574, 273.446380615, 256.079101562, 17.5686817169, 126.740257263, -5.20082950592, -7.2979054451, 5.43148994446, -66.5113067627, -16.6762542725, -30.2852516174], [1319.19250488, -553.445678711, 273.446380615, 514.897094727, 295.094818115, 20.8053779602, 24.0106716156, -6.7146859169, -51.213809967, -40.4059753418, -102.42276001, -79.3294830322, -83.9441986084], [-291.062469482, -250.060668945, 256.079101562, 295.094818115, 377.483215332, 79.2412490845, 12.2286157608, -17.5845584869, -3.32123160362, -26.7558555603, -94.1005859375, -104.784820557, -55.0591239929], [46.8195419312, -21.064250946, 17.5686817169, 20.8053779602, 79.2412490845, 86.6919784546, 1.48006272316, 7.08618688583, 19.9915523529, -15.6820116043, -27.29022789, -27.7340145111, -3.25572896004], [-788.971191406, -250.107391357, 126.740257263, 24.0106716156, 12.2286157608, 1.48006272316, 191.407836914, 61.2656784058, 25.9844970703, 29.9669837952, 16.3469676971, 52.3173294067, 6.3726143837], [-87.2693634033, -72.8675918579, -5.20082950592, -6.7146859169, -17.5845584869, 7.08618688583, 61.2656784058, 89.5533676147, 35.8046798706, 7.65563440323, 11.6449222565, 26.2599086761, 3.85720324516], [-49.4845619202, -35.72423172, -7.2979054451, -51.213809967, -3.32123160362, 19.9915523529, 25.9844970703, 35.8046798706, 88.4561233521, 16.870426178, 3.38995909691, 1.98780536652, -0.579946756363], [-355.864105225, 1.48808431625, 5.43148994446, -40.4059753418, -26.7558555603, -15.6820116043, 29.9669837952, 7.65563440323, 16.870426178, 51.94373703, 29.8140602112, 28.7241916656, 15.6370954514], [-363.480377197, 111.864463806, -66.5113067627, -102.42276001, -94.1005859375, -27.29022789, 16.3469676971, 11.6449222565, 3.38995909691, 29.8140602112, 80.4925765991, 67.6296539307, 36.8030471802], [-63.3981513977, -14.2272644043, -16.6762542725, -79.3294830322, -104.784820557, -27.7340145111, 52.3173294067, 26.2599086761, 1.98780536652, 28.7241916656, 67.6296539307, 126.267127991, 49.9962844849], [-428.762634277, 104.005653381, -30.2852516174, -83.9441986084, -55.0591239929, -3.25572896004, 6.3726143837, 3.85720324516, -0.579946756363, 15.6370954514, 36.8030471802, 49.9962844849, 91.019203186]]
    },
    "sccoeffs": {
        "kurt": [-0.847841978073, -0.584224700928, -0.445188522339, -0.502396345139, -0.691266536713, 0.700049161911],
        "max": [-0.220569863915, -0.168484717607, -0.426188290119, -0.512256920338, -0.570109605789, -0.563276946545],
        "mean": [-0.604038417339, -0.635858952999, -0.715288877487, -0.726869881153, -0.743997275829, -0.712083876133],
        "median": [-0.63432264328, -0.666920185089, -0.72484433651, -0.719772219658, -0.735021829605, -0.703416347504],
        "min": [-0.916336357594, -0.904751360416, -0.910276949406, -0.891575932503, -0.893344044685, -0.852388858795],
        "skew": [0.323612391949, 0.539250195026, 0.385258287191, 0.12824639678, -0.176954194903, -0.248606309295],
        "var": [0.0300767626613, 0.0254095960408, 0.01162248943, 0.00723871029913, 0.00530302152038, 0.00264774542302],
        "cov": [[0.0302557907999, 0.0119663942605, 0.00639810785651, 0.00972020626068, 0.00827022641897, 0.00393144972622], [0.0119663942605, 0.0255608446896, 0.0109508531168, 0.00789843779057, 0.00440030312166, 0.00290446425788], [0.00639810785651, 0.0109508531168, 0.0116916708648, 0.00481768837199, 0.0028005593922, 0.00234512868337], [0.00972020626068, 0.00789843779057, 0.00481768837199, 0.00728179793805, 0.00379368313588, 0.0023163498845], [0.00827022641897, 0.00440030312166, 0.0028005593922, 0.00379368313588, 0.0053345868364, 0.00264255004004], [0.00393144972622, 0.00290446425788, 0.00234512868337, 0.0023163498845, 0.00264255004004, 0.00266350596212]]
    },
    "scvalleys": {
        "kurt": [-1.02096414566, -0.270948648453, 0.264142513275, 0.0930545330048, -0.895364046097, -1.2592318058],
        "max": [-5.88619613647, -3.27941036224, -3.70231199265, -3.86121201515, -3.46332192421, -5.19155359268],
        "mean": [-7.8870306015, -5.51824712753, -5.57167243958, -5.73130273819, -5.84570884705, -8.52017498016],
        "median": [-7.4371638298, -5.29117107391, -5.12439584732, -5.10171699524, -4.9746594429, -7.61598062515],
        "min": [-10.8735923767, -9.18453121185, -9.80680656433, -9.77530670166, -9.74362659454, -12.3540897369],
        "skew": [-0.521920442581, -0.856468141079, -1.10721755028, -1.15666687489, -0.724989652634, -0.430919021368],
        "var": [1.81688570976, 2.16614413261, 2.23648905754, 2.40863752365, 3.2445166111, 4.62736034393],
        "cov": [[1.82770049572, 1.60800409317, 1.58591330051, 1.70406830311, 2.03360724449, 2.33915233612], [1.60800409317, 2.17903780937, 2.08678531647, 2.12955117226, 2.16691255569, 2.34482002258], [1.58591330051, 2.08678531647, 2.24980139732, 2.23833918571, 2.26155352592, 2.43362617493], [1.70406830311, 2.12955117226, 2.23833918571, 2.42297458649, 2.56743717194, 2.83342790604], [2.03360724449, 2.16691255569, 2.26155352592, 2.56743717194, 3.26382923126, 3.76342821121], [2.33915233612, 2.34482002258, 2.43362617493, 2.83342790604, 3.76342821121, 4.65490436554]]
    }
},
"rhythm": {
    "beats_loudness": {
        "kurt": 0.205028772354,
        "max": 0.678959786892,
        "mean": 0.257590413094,
        "median": 0.286316454411,
        "min": 4.23775163654e-05,
        "skew": 0.706482112408,
        "var": 0.0366519242525
    },
    "bpm": 155.289093018,
    "confidence": 0,
    "first_peak_bpm": {
        "kurt": 0,
        "max": 157,
        "mean": 157,
        "median": 157,
        "min": 157,
        "skew": 0,
        "var": 0
    },
    "first_peak_spread": {
        "kurt": 0,
        "max": 0.166666686535,
        "mean": 0.166666686535,
        "median": 0.166666686535,
        "min": 0.166666686535,
        "skew": 0,
        "var": 0
    },
    "first_peak_weight": {
        "kurt": 0,
        "max": 0.625,
        "mean": 0.625,
        "median": 0.625,
        "min": 0.625,
        "skew": 0,
        "var": 0
    },
    "onset_rate": 2.56581807137,
    "second_peak_bpm": {
        "kurt": 0,
        "max": 152,
        "mean": 152,
        "median": 152,
        "min": 152,
        "skew": 0,
        "var": 0
    },
    "second_peak_spread": {
        "kurt": 0,
        "max": 0,
        "mean": 0,
        "median": 0,
        "min": 0,
        "skew": 0,
        "var": 0
    },
    "second_peak_weight": {
        "kurt": 0,
        "max": 0.25,
        "mean": 0.25,
        "median": 0.25,
        "min": 0.25,
        "skew": 0,
        "var": 0
    },
    "beats_loudness_band_ratio": {
        "kurt": [-0.1912317276, -0.614354372025, -1.24932205677, 2.1945643425, -0.0187044143677, 0.632157325745],
        "max": [0.0040207398124, 0.141779661179, 0.771466493607, 0.756731212139, 0.778343379498, 0.874674618244],
        "mean": [0.00148970657028, 0.0459386892617, 0.295092284679, 0.179338127375, 0.272163063288, 0.238844096661],
        "median": [0.00159624079242, 0.0231568552554, 0.183909475803, 0.0989960283041, 0.160135447979, 0.111936427653],
        "min": [6.9764755608e-05, 0.0021078181453, 0.00537025323138, 0.00641074636951, 0.0551828332245, 0.00614915555343],
        "skew": [0.544207930565, 0.914331674576, 0.408493638039, 1.83225309849, 1.11207604408, 1.42116129398],
        "var": [1.44191301388e-06, 0.00229387683794, 0.0706093236804, 0.0492840409279, 0.0520606301725, 0.0740488171577],
        "cov": [[1.6221521264e-06, 3.64740953955e-05, 0.000152470282046, -1.90652463061e-05, 3.95688621211e-05, -0.000188137768419], [3.64740953955e-05, 0.00258061150089, 0.00180813891347, -0.00116428826004, 0.00499634537846, -0.006540204864], [0.000152470282046, 0.00180813891347, 0.0794354900718, 0.00317094568163, -0.0368875600398, -0.0431398376822], [-1.90652463061e-05, -0.00116428826004, 0.00317094568163, 0.0554445460439, -0.0239748898894, -0.0331609845161], [3.95688621211e-05, 0.00499634537846, -0.0368875600398, -0.0239748898894, 0.0585682094097, -0.0038833534345], [-0.000188137768419, -0.006540204864, -0.0431398376822, -0.0331609845161, -0.0038833534345, 0.0833049193025]]
    },
    "beats_position": [0.406349211931, 0.789478421211, 1.18421769142, 1.55573689938, 1.93886613846, 2.32199549675, 2.71673464775, 3.09986400604, 3.48299312592],
    "bpm_estimates": [156.605133057, 151.999069214, 156.605117798, 156.605072021, 151.99911499, 156.605072021, 156.605163574],
    "bpm_intervals": [0.38312920928, 0.39473927021, 0.371519207954, 0.383129239082, 0.383129358292, 0.394739151001, 0.383129358292, 0.383129119873],
    "onset_times": [0.0116099771112, 0.116099774837, 0.220589563251, 0.441179126501, 0.638548731804, 0.952018141747, 1.20743763447, 1.46285712719, 2.18267583847, 2.71673464775],
    "histogram": [[0, 0, 0, 0, 0, 0, 0, 0, 0, 0, 0, 0, 0, 0, 0, 0, 0, 0, 0, 0, 0, 0, 0, 0, 0, 0, 0, 0, 0, 0, 0, 0, 0, 0, 0, 0, 0, 0, 0, 0, 0, 0, 0, 0, 0, 0, 0, 0, 0, 0, 0, 0, 0, 0, 0, 0, 0, 0, 0, 0, 0, 0, 0, 0, 0, 0, 0, 0, 0, 0, 0, 0, 0, 0, 0, 0, 0, 0, 0, 0, 0, 0, 0, 0, 0, 0, 0, 0, 0, 0, 0, 0, 0, 0, 0, 0, 0, 0, 0, 0, 0, 0, 0, 0, 0, 0, 0, 0, 0, 0, 0, 0, 0, 0, 0, 0, 0, 0, 0, 0, 0, 0, 0, 0, 0, 0, 0, 0, 0, 0, 0, 0, 0, 0, 0, 0, 0, 0, 0, 0, 0, 0, 0, 0, 0, 0, 0, 0, 0, 0, 0, 0, 0.25, 0, 0, 0, 0, 0.625, 0, 0, 0, 0.125, 0, 0, 0, 0, 0, 0, 0, 0, 0, 0, 0, 0, 0, 0, 0, 0, 0, 0, 0, 0, 0, 0, 0, 0, 0, 0, 0, 0, 0, 0, 0, 0, 0, 0, 0, 0, 0, 0, 0, 0, 0, 0, 0, 0, 0, 0, 0, 0, 0, 0, 0, 0, 0, 0, 0, 0, 0, 0, 0, 0, 0, 0, 0, 0, 0, 0, 0, 0, 0, 0, 0, 0, 0, 0, 0, 0, 0, 0, 0, 0, 0, 0, 0, 0, 0, 0, 0, 0]]
},
"sfx": {
    "inharmonicity": {
        "kurt": 1.408618927,
        "max": 0.321269989014,
        "mean": 0.0651529282331,
        "median": 0.035598244518,
        "min": 0,
        "skew": 1.40513896942,
        "var": 0.00600263476372
    },
    "oddtoevenharmonicenergyratio": {
        "kurt": 29.453994751,
        "max": 20.2630691528,
        "mean": 1.13313126564,
        "median": 0.335700839758,
        "min": 0,
        "skew": 4.75190544128,
        "var": 5.48666095734
    },
    "pitch_after_max_to_before_max_energy_ratio": 0.786391973495,
    "pitch_centroid": 68.0204772949,
    "pitch_max_to_total": 0.307692319155,
    "pitch_min_to_total": 0.337278097868,
    "tristimulus": {
        "kurt": [-1.13025820255, -0.354492902756, -0.974630832672],
        "max": [1, 0.928336918354, 0.940661251545],
        "mean": [0.419690191746, 0.307065308094, 0.273244589567],
        "median": [0.279246747494, 0.302229225636, 0.243890941143],
        "min": [0, 0, 0],
        "skew": [0.644217967987, 0.426509976387, 0.430274426937],
        "var": [0.127881601453, 0.0518505945802, 0.0580573007464],
        "cov": [[0.12864279747, -0.0611995868385, -0.067443177104], [-0.0611995868385, 0.0521592311561, 0.00904030632228], [-0.067443177104, 0.00904030632228, 0.058402877301]]
    }
},
"tonal": {
    "chords_changes_rate": 0.20000000298,
    "chords_number_rate": 0.117647059262,
    "chords_strength": {
        "kurt": -0.991913557053,
        "max": 0.47069594264,
        "mean": 0.365531504154,
        "median": 0.370515465736,
        "min": 0.248478457332,
        "skew": -0.0255086347461,
        "var": 0.0028748717159
    },
    "key_strength": 0.382117301226,
    "tuning_diatonic_strength": 0.333653628826,
    "tuning_equal_tempered_deviation": 0.180230244994,
    "tuning_frequency": 433.191070557,
    "tuning_nontempered_energy_ratio": 0.839904487133,
    "hpcp": {
        "kurt": [-0.836963176727, -0.36657166481, -0.272251605988, 0.0792908668518, 0.17728471756, -0.168234348297, -0.11450958252, 0.411927938461, 0.511987924576, 0.517118692398, 0.855357408524, 1.92970371246, 2.04930591583, 1.90491342545, 2.32367753983, 1.47481107712, 2.65241479874, 2.48968696594, 3.25407075882, 4.3080163002, 2.37131166458, 1.96094942093, 6.96766376495, 7.19106006622, 10.0701751709, 0.852772712708, 6.42073345184, 3.43797445297, 1.41520309448, 4.15207386017, 3.61694955826, 3.0701084137, 0.000104188919067, -0.213995218277, -0.374071121216, -0.551239728928],
        "max": [1, 1, 1, 1, 1, 1, 1, 1, 1, 1, 0.985596776009, 1, 1, 0.927231490612, 1, 1, 1, 1, 1, 1, 1, 0.894776403904, 1, 1, 1, 0.601543426514, 1, 1, 0.844864964485, 1, 1, 1, 0.825604438782, 1, 1, 1],
        "mean": [0.426261842251, 0.379571229219, 0.358063191175, 0.31773096323, 0.299984157085, 0.331762820482, 0.310207158327, 0.2810305655, 0.271022945642, 0.254533231258, 0.231190428138, 0.224266275764, 0.22781740129, 0.22258785367, 0.228230804205, 0.238429367542, 0.214854761958, 0.211370557547, 0.217238530517, 0.215441137552, 0.231349244714, 0.207931920886, 0.17618894577, 0.176972687244, 0.173732414842, 0.161631479859, 0.18475882709, 0.210902452469, 0.206133827567, 0.203191325068, 0.204389452934, 0.21212631464, 0.284849524498, 0.368230760098, 0.365238457918, 0.393801033497],
