{
"metadata": {
    "version": {
        "essentia": "2.1-beta3"
    }
},
"lowLevel": {
    "average_loudness": 0.298539549112,
    "barkbands_kurtosis": {
        "kurt": 31.7280769348,
        "max": 50.9728164673,
        "mean": 1.65267658234,
        "median": 0.571056008339,
        "min": -1.83748579025,
        "skew": 4.19582033157,
        "var": 16.0166606903
    },
    "barkbands_skewness": {
        "kurt": 0.429353952408,
        "max": 4.32377195358,
        "mean": 0.593110263348,
        "median": 0.672271132469,
        "min": -4.65321540833,
        "skew": -0.185237646103,
        "var": 1.49865567684
    },
    "barkbands_spread": {
        "kurt": -0.477439403534,
        "max": 57.1613807678,
        "mean": 15.5198717117,
        "median": 7.93650197983,
        "min": 0.633945405483,
        "skew": 0.88460201025,
        "var": 187.153121948
    },
    "dissonance": {
        "kurt": 15.8064918518,
        "max": 0.499999344349,
        "mean": 0.485609799623,
        "median": 0.492686271667,
        "min": 0.318637013435,
        "skew": -3.4173104763,
        "var": 0.000438009097707
    },
    "hfc": {
        "kurt": 93.4072647095,
        "max": 139.320480347,
        "mean": 2.06572675705,
        "median": 0.00248866761103,
        "min": 5.10499512529e-06,
        "skew": 8.23528766632,
        "var": 71.9299468994
    },
    "pitch": {
        "kurt": 0.567402839661,
        "max": 4191.75341797,
        "mean": 1156.50708008,
        "median": 1133.19458008,
        "min": 59.3085594177,
        "skew": 1.09734797478,
        "var": 810658.5
    },
    "pitch_instantaneous_confidence": {
        "kurt": -0.838491439819,
        "max": 0.940916121006,
        "mean": 0.501856088638,
        "median": 0.517152965069,
        "min": 0.0417087078094,
        "skew": -0.064698792994,
        "var": 0.0354915894568
    },
    "pitch_salience": {
        "kurt": 3.99055147171,
        "max": 0.94351452589,
        "mean": 0.672664880753,
        "median": 0.693449616432,
        "min": 0.132046565413,
        "skew": -1.54652142525,
        "var": 0.00916363950819
    },
    "silence_rate_20dB": {
        "kurt": 0,
        "max": 1,
        "mean": 1,
        "median": 1,
        "min": 1,
        "skew": 0,
        "var": 0
    },
    "silence_rate_30dB": {
        "kurt": 0,
        "max": 1,
        "mean": 1,
        "median": 1,
        "min": 1,
        "skew": 0,
        "var": 0
    },
    "silence_rate_60dB": {
        "kurt": 5.5688533783,
        "max": 1,
        "mean": 0.904424786568,
        "median": 1,
        "min": 0,
        "skew": -2.75118899345,
        "var": 0.0864397361875
    },
    "spectral_centroid": {
        "kurt": 0.297178506851,
        "max": 2980.32714844,
        "mean": 1378.52819824,
        "median": 1372.98730469,
        "min": 186.504623413,
        "skew": 0.327104628086,
        "var": 225341.1875
    },
    "spectral_complexity": {
        "kurt": 8.74247837067,
        "max": 29,
        "mean": 1.83451330662,
        "median": 0,
        "min": 0,
        "skew": 3.03122425079,
        "var": 22.2247104645
    },
    "spectral_crest": {
        "kurt": 0.217537403107,
        "max": 25.8594837189,
        "mean": 10.5661077499,
        "median": 9.57634544373,
        "min": 2.84964442253,
        "skew": 0.887262940407,
        "var": 22.3016719818
    },
    "spectral_decrease": {
        "kurt": 128.515563965,
        "max": -1.30354251885e-15,
        "mean": -3.29137467281e-10,
        "median": -5.69953697953e-13,
        "min": -2.62322981115e-08,
        "skew": -9.65578651428,
        "var": 2.11143703657e-18
    },
    "spectral_energy": {
        "kurt": 124.061172485,
        "max": 0.111643508077,
        "mean": 0.00142960820813,
        "median": 2.30629757425e-06,
        "min": 5.41338529558e-09,
        "skew": 9.47814559937,
        "var": 3.90131390304e-05
    },
    "spectral_energyband_high": {
        "kurt": 35.6787757874,
        "max": 5.85279703955e-05,
        "mean": 1.52339669057e-06,
        "median": 2.21806217837e-09,
        "min": 8.05062266851e-11,
        "skew": 5.60248613358,
        "var": 3.23570857608e-11
    },
    "spectral_energyband_low": {
        "kurt": 368.257446289,
        "max": 5.23296603205e-06,
        "mean": 2.74043152615e-08,
        "median": 3.39594996568e-09,
        "min": 3.00129671116e-10,
        "skew": 17.931142807,
        "var": 4.61787522826e-14
    },
    "spectral_energyband_middle_high": {
        "kurt": 124.407211304,
        "max": 0.111583694816,
        "mean": 0.00142441818025,
        "median": 1.50927655795e-06,
        "min": 1.10122544417e-09,
        "skew": 9.49349308014,
        "var": 3.89136985177e-05
    },
    "spectral_energyband_middle_low": {
        "kurt": 83.5318527222,
        "max": 0.000211317732465,
        "mean": 4.16752573074e-06,
        "median": 3.98412254299e-08,
        "min": 9.01180075008e-10,
        "skew": 6.9596786499,
        "var": 1.48978468451e-10
    },
    "spectral_flatness_db": {
        "kurt": -1.5114415884,
        "max": 0.461762726307,
        "mean": 0.227916002274,
        "median": 0.240799605846,
        "min": 0.0453266128898,
        "skew": 0.0427832938731,
        "var": 0.0116675328463
    },
    "spectral_flux": {
        "kurt": 11.1542644501,
        "max": 0.181096926332,
        "mean": 0.0120858559385,
        "median": 0.00109069491737,
        "min": 4.32526576333e-05,
        "skew": 3.12666845322,
        "var": 0.000657523516566
    },
    "spectral_kurtosis": {
        "kurt": 0.661677598953,
        "max": 77.8853912354,
        "mean": 20.354133606,
        "median": 15.6701517105,
        "min": -0.00390148162842,
        "skew": 1.12708008289,
        "var": 278.725402832
    },
    "spectral_rms": {
        "kurt": 18.1594924927,
        "max": 0.01043649856,
        "mean": 0.000488159974338,
        "median": 4.74344851682e-05,
        "min": 2.29811917052e-06,
        "skew": 3.73494529724,
        "var": 1.15644593279e-06
    },
    "spectral_rolloff": {
        "kurt": -0.475347995758,
        "max": 5038.76953125,
        "mean": 2053.14355469,
        "median": 2024.12109375,
        "min": 193.798828125,
        "skew": 0.326349526644,
        "var": 634496.1875
    },
    "spectral_skewness": {
        "kurt": 0.426765441895,
        "max": 7.18502807617,
        "mean": 2.93372702599,
        "median": 2.67847824097,
        "min": 0.910705208778,
        "skew": 0.950754582882,
        "var": 1.29847478867
    },
    "spectral_spread": {
        "kurt": -0.469004631042,
        "max": 13114849,
        "mean": 3288390.75,
        "median": 1933779,
        "min": 731809.875,
        "skew": 0.804270803928,
        "var": 5.2320796672e+12
    },
    "spectral_strongpeak": {
        "kurt": 45.0533065796,
        "max": 10.1310634613,
        "mean": 0.307407051325,
        "median": 0.0172370988876,
        "min": 0,
        "skew": 5.7170085907,
        "var": 0.714693725109
    },
    "zerocrossingrate": {
        "kurt": 0.552532434464,
        "max": 0.14453125,
        "mean": 0.072942301631,
        "median": 0.06787109375,
        "min": 0.02294921875,
        "skew": 0.868005394936,
        "var": 0.000440291623818
    },
    "barkbands": {
        "kurt": [86.8269805908, 443.913146973, 507.128723145, 272.385498047, 24.1174297333, 29.2390441895, 76.9315643311, 82.4046630859, 127.256439209, 104.012313843, 45.1154136658, 220.582321167, 124.219810486, 57.6011009216, 509.70916748, 73.8843231201, 50.0537033081, 68.2581253052, 100.690216064, 96.0910720825, 82.4815368652, 88.8835754395, 64.9231109619, 110.330596924, 98.5314559937, 44.3761901855, 167.47505188],
        "max": [2.02857606268e-08, 1.29951490635e-06, 3.03793922285e-06, 2.69666816166e-06, 4.64088179797e-06, 9.41350390349e-06, 6.07475158176e-05, 3.23921231029e-05, 8.46635957714e-05, 0.000313823431497, 0.00547423027456, 0.103234834969, 0.011109797284, 0.00335125648417, 0.00937442667782, 0.00248162588105, 0.00255006784573, 0.0060182926245, 0.00159523624461, 0.000129163337988, 3.85231833206e-05, 1.31824281198e-05, 1.86134968772e-06, 1.41757902838e-06, 2.24519268954e-07, 5.32033395118e-09, 4.65119942561e-09],
        "mean": [6.22040474685e-10, 5.90046722593e-09, 1.19550760402e-08, 2.2261103183e-08, 1.86908224009e-07, 3.33568095812e-07, 1.01411103515e-06, 6.28321856766e-07, 1.21150935684e-06, 4.94600908496e-06, 0.000123157471535, 0.000820742745418, 0.000134041634738, 6.6434891778e-05, 4.82982359244e-05, 4.40202784375e-05, 5.97026482865e-05, 0.000100656550785, 2.12836130231e-05, 2.07248967854e-06, 5.88400780543e-07, 1.97775861466e-07, 3.25948832369e-08, 1.98560794473e-08, 3.45071393681e-09, 1.38900835278e-10, 4.79689066246e-11],
        "median": [2.79736234177e-10, 9.43430222833e-10, 1.33755717613e-09, 2.23672302901e-09, 5.09240560831e-09, 3.81100262459e-09, 3.74396957881e-09, 4.94595386868e-09, 7.84383757946e-09, 1.99252543354e-08, 1.31364885192e-07, 4.9248490086e-07, 1.30184361069e-07, 5.60759332302e-08, 3.4811062477e-08, 3.84310254731e-08, 3.78341624696e-08, 3.75091104843e-08, 1.19202621107e-08, 2.63807864442e-09, 7.1329842033e-10, 3.16967035952e-10, 4.72320862976e-11, 2.04650393854e-11, 1.34917320371e-11, 9.90237189122e-13, 4.46946136785e-13],
        "min": [3.44784617523e-12, 8.8236518786e-12, 9.86633864886e-12, 5.28534230271e-11, 1.71390068804e-10, 8.2293470649e-11, 6.7138197779e-11, 2.56665817072e-11, 2.79961956395e-11, 1.44557785881e-11, 2.9417576014e-11, 3.81187685583e-11, 3.46337195034e-11, 1.69124644844e-11, 2.64303266773e-11, 2.29736177998e-11, 3.67356943476e-11, 5.24444133954e-11, 1.17926432508e-10, 9.11475409038e-11, 3.11536699216e-11, 1.30889942981e-11, 4.25373928789e-12, 2.27604198509e-12, 1.23910853366e-12, 3.01176537052e-13, 2.55275537037e-14],
        "skew": [8.18529129028, 19.6525478363, 20.9538249969, 14.7103710175, 4.6070098877, 4.90893697739, 7.56327486038, 7.72530174255, 9.14783668518, 8.68169689178, 6.10928344727, 13.024096489, 10.036236763, 6.78820180893, 20.4064025879, 7.44456195831, 6.46497106552, 7.67377185822, 9.06731891632, 8.65028572083, 7.67358255386, 7.97681236267, 7.23490190506, 9.37538814545, 8.56062412262, 6.15305519104, 11.0607204437],
        "var": [1.99722986376e-18, 2.5223425677e-15, 1.25513435298e-14, 1.47148223782e-14, 2.96475056961e-13, 9.14897606459e-13, 1.6088724103e-11, 4.92176134917e-12, 1.99056413713e-11, 3.51442042135e-10, 2.22661114435e-07, 2.39394557866e-05, 4.52953770491e-07, 7.02996914015e-08, 1.17534945332e-07, 2.99640809942e-08, 5.53666765768e-08, 2.22882079015e-07, 1.13051701334e-08, 8.22352325125e-11, 5.62940145887e-12, 6.65540214086e-13, 1.91208268836e-14, 8.7424015374e-15, 2.09365249624e-16, 2.88899084488e-19, 5.51876487002e-20],
        "cov": [[1.9989987895e-18, 5.07974757455e-17, 1.03931855835e-16, 1.00848186069e-16, 1.21690655963e-16, 1.54932080167e-16, 7.15490001095e-16, 5.48886402485e-16, 6.85822566238e-16, 2.89760675069e-15, 1.49146550687e-13, 4.5706563534e-12, 3.85080856091e-13, 1.3470535722e-13, 6.3945647822e-14, 8.32117781255e-14, 1.23490451263e-13, 2.8261317982e-13, 5.1321543315e-14, 5.83054155155e-15, 1.47612590537e-15, 3.42612704005e-16, 1.04412573503e-16, 7.99844940286e-17, 7.83338716599e-18, 4.37574976824e-19, 1.56711331602e-19], [5.07974757455e-17, 2.52457682885e-15, 4.49114910436e-15, 4.00183934655e-15, 4.23869686366e-15, 4.53410256863e-15, 2.03039574222e-14, 2.0257214756e-14, 1.68397417457e-14, 7.42269743934e-14, 3.73244794447e-12, 1.73028161243e-10, 1.32851308079e-11, 3.6681465157e-12, 2.04080567549e-12, 2.10178575932e-12, 3.9952286271e-12, 9.87758399379e-12, 6.6988900321e-13, 1.54713346084e-13, 3.43794816834e-14, 9.08300110879e-15, 3.08736140088e-15, 2.67345705713e-15, 1.2967293564e-16, 1.30606524766e-17, 4.57065347629e-18], [1.03931855835e-16, 4.49114910436e-15, 1.25624608372e-14, 1.16357805349e-14, 1.00930175947e-14, 1.05226335525e-14, 5.29213141137e-14, 2.90800132726e-14, 3.48793937526e-14, 2.03488633821e-13, 7.47871469614e-12, 4.17822720866e-10, 3.62660561304e-11, 6.10269473844e-12, 3.17210407247e-12, 3.9613746311e-12, 7.74903492068e-12, 1.97706902932e-11, 1.29706911444e-12, 2.65418248361e-13, 7.38064055944e-14, 1.83441315523e-14, 5.69852723155e-15, 3.95451265118e-15, 2.48085732916e-16, 3.18727049872e-17, 1.163454926e-17], [1.00848186069e-16, 4.00183934655e-15, 1.16357805349e-14, 1.47278565212e-14, 2.18987476671e-14, 2.11763505359e-14, 7.17313510565e-14, 4.0412135037e-14, 6.59900126622e-14, 3.0037972977e-13, 6.93978641914e-12, 4.64605215411e-10, 4.41606994028e-11, 1.205791543e-11, 5.22750766285e-12, 4.97818019446e-12, 8.87550276329e-12, 2.7676102729e-11, 2.04933487714e-12, 3.60284854251e-13, 9.35172824053e-14, 2.49403599715e-14, 7.2160058148e-15, 3.99621674185e-15, 3.2027239531e-16, 3.68387532778e-17, 1.35967771829e-17], [1.21690655963e-16, 4.23869686366e-15, 1.00930175947e-14, 2.18987476671e-14, 2.96737650727e-13, 2.90373844761e-13, 6.92252949842e-13, 3.63868413482e-13, 7.72009409525e-13, 2.21610512059e-12, 3.6131972414e-11, 4.82374917787e-10, 9.44787928447e-11, 4.3497018487e-11, 4.72749790703e-11, 2.02974529545e-11, 2.35180538238e-11, 7.3582515081e-11, 8.09568991705e-12, 9.05750734831e-13, 2.3377523875e-13, 7.92245568736e-14, 1.87444511816e-14, 9.31986116699e-15, 9.61315479531e-16, 7.19904617702e-17, 2.30312543154e-17], [1.54932080167e-16, 4.53410256863e-15, 1.05226335525e-14, 2.11763505359e-14, 2.90373844761e-13, 9.15708047583e-13, 2.15241323029e-12, 8.86810048138e-13, 1.71008129532e-12, 6.8140671057e-12, 1.02834199489e-10, 7.47563233539e-10, 1.28522414933e-10, 7.42639977291e-11, 8.41960320908e-11, 4.65180984011e-11, 4.67551899974e-11, 9.43855549274e-11, 1.76868727997e-11, 1.86135785604e-12, 4.96602325234e-13, 1.6046445585e-13, 3.52922782687e-14, 1.76797748127e-14, 2.46579485989e-15, 1.22837829742e-16, 4.44729851308e-17], [7.15490001095e-16, 2.03039574222e-14, 5.29213141137e-14, 7.17313510565e-14, 6.92252949842e-13, 2.15241323029e-12, 1.61029748563e-11, 3.1582967578e-12, 6.4849358522e-12, 2.36456340619e-11, 5.66405311542e-10, 3.54084939147e-09, 8.55184201232e-10, 4.96895247171e-10, 4.57616167182e-10, 2.47293213684e-10, 2.93705060272e-10, 7.43005990067e-10, 1.17628282115e-10, 1.0207562226e-11, 2.73952648761e-12, 1.01430008056e-12, 1.99238046309e-13, 1.04535968098e-13, 1.54225234878e-14, 7.58080776447e-16, 1.96535943021e-16], [5.48886402485e-16, 2.0257214756e-14, 2.90800132726e-14, 4.0412135037e-14, 3.63868413482e-13, 8.86810048138e-13, 3.1582967578e-12, 4.92612070926e-12, 4.81190001039e-12, 1.50349281636e-11, 4.14287104622e-10, 3.22099791283e-09, 3.91227245045e-10, 2.98694013967e-10, 3.4620861733e-10, 1.84565640549e-10, 2.22925358728e-10, 4.35342595306e-10, 8.54228840441e-11, 8.06408585741e-12, 2.43145976443e-12, 8.57251173259e-13, 1.47553857696e-13, 7.28255075601e-14, 1.12847336591e-14, 4.5705516669e-16, 1.2551798757e-16], [6.85822566238e-16, 1.68397417457e-14, 3.48793937526e-14, 6.59900126622e-14, 7.72009409525e-13, 1.71008129532e-12, 6.4849358522e-12, 4.81190001039e-12, 1.9923271366e-11, 5.72771899354e-11, 6.795273233e-10, 2.61064991847e-09, 5.90090198926e-10, 3.66433133836e-10, 4.36470110055e-10, 2.91770080318e-10, 3.64263452735e-10, 6.03995686799e-10, 1.12975212518e-10, 1.05408373002e-11, 2.83646196808e-12, 1.13027198278e-12, 1.92820219969e-13, 9.38551265785e-14, 1.80916649121e-14, 7.37243818884e-16, 2.06077597118e-16], [2.89760675069e-15, 7.42269743934e-14, 2.03488633821e-13, 3.0037972977e-13, 2.21610512059e-12, 6.8140671057e-12, 2.36456340619e-11, 1.50349281636e-11, 5.72771899354e-11, 3.51753320915e-10, 4.17142320686e-09, 1.63770650374e-08, 2.88390911152e-09, 1.65638247562e-09, 1.16079301726e-09, 1.10005848875e-09, 1.20771181944e-09, 2.16809614706e-09, 4.23616280942e-10, 4.42521783106e-11, 1.22109084996e-11, 3.67373275897e-12, 1.00640155931e-12, 4.76888656602e-13, 7.72827372301e-14, 3.06881286164e-15, 9.63521470963e-16], [1.49146550687e-13, 3.73244794447e-12, 7.47871469614e-12, 6.93978641914e-12, 3.6131972414e-11, 1.02834199489e-10, 5.66405311542e-10, 4.14287104622e-10, 6.795273233e-10, 4.17142320686e-09, 2.22858346888e-07, 6.81158667248e-07, 8.48281018762e-08, 5.56145067776e-08, 1.93309102059e-08, 4.1402589801e-08, 4.18940224733e-08, 6.17146440618e-08, 1.57636002029e-08, 1.52739310089e-09, 4.01384869786e-10, 1.54375040529e-10, 2.95618078627e-11, 1.92382672293e-11, 2.58115750995e-12, 1.0524702854e-13, 3.95140564962e-14], [4.5706563534e-12, 1.73028161243e-10, 4.17822720866e-10, 4.64605215411e-10, 4.82374917787e-10, 7.47563233539e-10, 3.54084939147e-09, 3.22099791283e-09, 2.61064991847e-09, 1.63770650374e-08, 6.81158667248e-07, 2.39606597461e-05, 1.56597764089e-06, 5.37852713478e-07, 3.24740511815e-07, 3.90006334783e-07, 5.13186080298e-07, 1.26176655613e-06, 2.08106840205e-07, 2.55992667064e-08, 6.97298707664e-09, 1.76667613871e-09, 4.45734865684e-10, 2.78461864678e-10, 2.62719776489e-11, 1.78401022254e-12, 6.90838824948e-13], [3.85080856091e-13, 1.32851308079e-11, 3.62660561304e-11, 4.41606994028e-11, 9.44787928447e-11, 1.28522414933e-10, 8.55184201232e-10, 3.91227245045e-10, 5.90090198926e-10, 2.88390911152e-09, 8.48281018762e-08, 1.56597764089e-06, 4.53354971341e-07, 1.09066434106e-07, 6.82927279172e-08, 4.45096439705e-08, 5.522922919e-08, 2.00216618396e-07, 2.03295247303e-08, 2.38336039793e-09, 6.37481734067e-10, 1.82558926309e-10, 4.30023759657e-11, 2.44177698894e-11, 2.31524825353e-12, 2.32635091746e-13, 7.04003370357e-14], [1.3470535722e-13, 3.6681465157e-12, 6.10269473844e-12, 1.205791543e-11, 4.3497018487e-11, 7.42639977291e-11, 4.96895247171e-10, 2.98694013967e-10, 3.66433133836e-10, 1.65638247562e-09, 5.56145067776e-08, 5.37852713478e-07, 1.09066434106e-07, 7.03619562614e-08, 3.44076269698e-08, 2.57874273046e-08, 3.15242445481e-08, 8.53587849292e-08, 1.16395790783e-08, 1.23242394068e-09, 3.29741789429e-10, 1.00341887577e-10, 2.5669343387e-11, 1.22549349141e-11, 1.53506395963e-12, 8.72170716724e-14, 2.67310536905e-14], [6.3945647822e-14, 2.04080567549e-12, 3.17210407247e-12, 5.22750766285e-12, 4.72749790703e-11, 8.41960320908e-11, 4.57616167182e-10, 3.4620861733e-10, 4.36470110055e-10, 1.16079301726e-09, 1.93309102059e-08, 3.24740511815e-07, 6.82927279172e-08, 3.44076269698e-08, 1.17639046948e-07, 2.31376500182e-08, 2.98730391535e-08, 1.01515560402e-07, 1.47044092458e-08, 1.58953550322e-09, 2.96540098033e-10, 1.28398486288e-10, 1.48276616679e-11, 8.38281961207e-12, 1.12961614888e-12, 7.99390461052e-14, 1.48489974792e-14], [8.32117781255e-14, 2.10178575932e-12, 3.9613746311e-12, 4.97818019446e-12, 2.02974529545e-11, 4.65180984011e-11, 2.47293213684e-10, 1.84565640549e-10, 2.91770080318e-10, 1.10005848875e-09, 4.1402589801e-08, 3.90006334783e-07, 4.45096439705e-08, 2.57874273046e-08, 2.31376500182e-08, 2.99906197654e-08, 2.43975701864e-08, 4.5295383444e-08, 8.43633340963e-09, 9.4871488443e-10, 2.55023807627e-10, 7.37027106013e-11, 1.69400882211e-11, 8.29727259122e-12, 1.27370932811e-12, 5.58124916726e-14, 1.67522415482e-14], [1.23490451263e-13, 3.9952286271e-12, 7.74903492068e-12, 8.87550276329e-12, 2.35180538238e-11, 4.67551899974e-11, 2.93705060272e-10, 2.22925358728e-10, 3.64263452735e-10, 1.20771181944e-09, 4.18940224733e-08, 5.13186080298e-07, 5.522922919e-08, 3.15242445481e-08, 2.98730391535e-08, 2.43975701864e-08, 5.54157182364e-08, 7.08479745981e-08, 1.04158557335e-08, 1.18533460824e-09, 3.37302463738e-10, 1.21615009729e-10, 1.95790311047e-11, 1.11413248419e-11, 2.07972744928e-12, 6.98316323386e-14, 1.99838501189e-14], [2.8261317982e-13, 9.87758399379e-12, 1.97706902932e-11, 2.7676102729e-11, 7.3582515081e-11, 9.43855549274e-11, 7.43005990067e-10, 4.35342595306e-10, 6.03995686799e-10, 2.16809614706e-09, 6.17146440618e-08, 1.26176655613e-06, 2.00216618396e-07, 8.53587849292e-08, 1.01515560402e-07, 4.5295383444e-08, 7.08479745981e-08, 2.23079496209e-07, 2.74346128037e-08, 2.48395304325e-09, 7.2144407115e-10, 2.36502289974e-10, 4.27957044802e-11, 2.30472568113e-11, 2.80030447615e-12, 1.90847608984e-13, 4.8708223056e-14], [5.1321543315e-14, 6.6988900321e-13, 1.29706911444e-12, 2.04933487714e-12, 8.09568991705e-12, 1.76868727997e-11, 1.17628282115e-10, 8.54228840441e-11, 1.12975212518e-10, 4.23616280942e-10, 1.57636002029e-08, 2.08106840205e-07, 2.03295247303e-08, 1.16395790783e-08, 1.47044092458e-08, 8.43633340963e-09, 1.04158557335e-08, 2.74346128037e-08, 1.13151834569e-08, 6.00174243637e-10, 2.12177733716e-10, 6.14572490121e-11, 7.22000627687e-12, 6.89244711652e-12, 8.44845894632e-13, 3.38421002647e-14, 7.25041652828e-15], [5.83054155155e-15, 1.54713346084e-13, 2.65418248361e-13, 3.60284854251e-13, 9.05750734831e-13, 1.86135785604e-12, 1.0207562226e-11, 8.06408585741e-12, 1.05408373002e-11, 4.42521783106e-11, 1.52739310089e-09, 2.55992667064e-08, 2.38336039793e-09, 1.23242394068e-09, 1.58953550322e-09, 9.4871488443e-10, 1.18533460824e-09, 2.48395304325e-09, 6.00174243637e-10, 8.23080700818e-11, 1.62486066269e-11, 4.9277973195e-12, 8.73738852537e-13, 6.12117182028e-13, 8.86329041844e-14, 3.14686546542e-15, 8.69422304451e-16], [1.47612590537e-15, 3.43794816834e-14, 7.38064055944e-14, 9.35172824053e-14, 2.3377523875e-13, 4.96602325234e-13, 2.73952648761e-12, 2.43145976443e-12, 2.83646196808e-12, 1.22109084996e-11, 4.01384869786e-10, 6.97298707664e-09, 6.37481734067e-10, 3.29741789429e-10, 2.96540098033e-10, 2.55023807627e-10, 3.37302463738e-10, 7.2144407115e-10, 2.12177733716e-10, 1.62486066269e-11, 5.63438748782e-12, 1.58541951269e-12, 2.31196897564e-13, 1.63342036836e-13, 2.25929487656e-14, 8.55997573391e-16, 2.19170383907e-16], [3.42612704005e-16, 9.08300110879e-15, 1.83441315523e-14, 2.49403599715e-14, 7.92245568736e-14, 1.6046445585e-13, 1.01430008056e-12, 8.57251173259e-13, 1.13027198278e-12, 3.67373275897e-12, 1.54375040529e-10, 1.76667613871e-09, 1.82558926309e-10, 1.00341887577e-10, 1.28398486288e-10, 7.37027106013e-11, 1.21615009729e-10, 2.36502289974e-10, 6.14572490121e-11, 4.9277973195e-12, 1.58541951269e-12, 6.66129694807e-13, 5.62803960608e-14, 4.4653256109e-14, 7.25322274844e-15, 2.44634020716e-16, 5.84612875772e-17], [1.04412573503e-16, 3.08736140088e-15, 5.69852723155e-15, 7.2160058148e-15, 1.87444511816e-14, 3.52922782687e-14, 1.99238046309e-13, 1.47553857696e-13, 1.92820219969e-13, 1.00640155931e-12, 2.95618078627e-11, 4.45734865684e-10, 4.30023759657e-11, 2.5669343387e-11, 1.48276616679e-11, 1.69400882211e-11, 1.95790311047e-11, 4.27957044802e-11, 7.22000627687e-12, 8.73738852537e-13, 2.31196897564e-13, 5.62803960608e-14, 1.91377624604e-14, 8.65048491009e-15, 1.09487108185e-15, 4.90623452967e-17, 1.63476035331e-17], [7.99844940286e-17, 2.67345705713e-15, 3.95451265118e-15, 3.99621674185e-15, 9.31986116699e-15, 1.76797748127e-14, 1.04535968098e-13, 7.28255075601e-14, 9.38551265785e-14, 4.76888656602e-13, 1.92382672293e-11, 2.78461864678e-10, 2.44177698894e-11, 1.22549349141e-11, 8.38281961207e-12, 8.29727259122e-12, 1.11413248419e-11, 2.30472568113e-11, 6.89244711652e-12, 6.12117182028e-13, 1.63342036836e-13, 4.4653256109e-14, 8.65048491009e-15, 8.7501451126e-15, 8.6291428562e-16, 3.01346727888e-17, 8.02255427309e-18], [7.83338716599e-18, 1.2967293564e-16, 2.48085732916e-16, 3.2027239531e-16, 9.61315479531e-16, 2.46579485989e-15, 1.54225234878e-14, 1.12847336591e-14, 1.80916649121e-14, 7.72827372301e-14, 2.58115750995e-12, 2.62719776489e-11, 2.31524825353e-12, 1.53506395963e-12, 1.12961614888e-12, 1.27370932811e-12, 2.07972744928e-12, 2.80030447615e-12, 8.44845894632e-13, 8.86329041844e-14, 2.25929487656e-14, 7.25322274844e-15, 1.09487108185e-15, 8.6291428562e-16, 2.09550683665e-16, 3.46202631468e-18, 9.93098360975e-19], [4.37574976824e-19, 1.30606524766e-17, 3.18727049872e-17, 3.68387532778e-17, 7.19904617702e-17, 1.22837829742e-16, 7.58080776447e-16, 4.5705516669e-16, 7.37243818884e-16, 3.06881286164e-15, 1.0524702854e-13, 1.78401022254e-12, 2.32635091746e-13, 8.72170716724e-14, 7.99390461052e-14, 5.58124916726e-14, 6.98316323386e-14, 1.90847608984e-13, 3.38421002647e-14, 3.14686546542e-15, 8.55997573391e-16, 2.44634020716e-16, 4.90623452967e-17, 3.01346727888e-17, 3.46202631468e-18, 2.8915499349e-19, 1.00430505561e-19], [1.56711331602e-19, 4.57065347629e-18, 1.163454926e-17, 1.35967771829e-17, 2.30312543154e-17, 4.44729851308e-17, 1.96535943021e-16, 1.2551798757e-16, 2.06077597118e-16, 9.63521470963e-16, 3.95140564962e-14, 6.90838824948e-13, 7.04003370357e-14, 2.67310536905e-14, 1.48489974792e-14, 1.67522415482e-14, 1.99838501189e-14, 4.8708223056e-14, 7.25041652828e-15, 8.69422304451e-16, 2.19170383907e-16, 5.84612875772e-17, 1.63476035331e-17, 8.02255427309e-18, 9.93098360975e-19, 1.00430505561e-19, 5.52365363669e-20]]
    },
    "mfcc": {
        "kurt": [-0.338114023209, -0.921999454498, -1.14203023911, -1.11522889137, 1.93698120117, 0.449119091034, 1.32327222824, 1.77820777893, -0.714083194733, -1.3257972002, 1.67442035675, 1.81293296814, 1.07307291031],
        "max": [-734.156616211, 134.016571045, 25.7457618713, 13.5531044006, 30.1817970276, 29.256729126, 40.9233322144, 36.1440391541, 13.7338142395, 5.00024414062, 17.0583152771, 38.1071395874, 23.4895019531],
        "mean": [-1042.76965332, 34.394695282, -57.7532348633, -23.458946228, -0.565876603127, -2.04767346382, 5.10108995438, 3.49930477142, -10.5881528854, -14.0841722488, -2.82316303253, 3.04125404358, 2.24667668343],
        "median": [-1086.71875, 20.6273155212, -12.8612136841, -21.3207607269, 0.0362548828125, 2.28881835938e-05, 0.538509368896, 0.220119476318, -6.26264190674, -13.4042205811, -0.306499481201, 0.0628471374512, -3.81469726562e-05],
        "min": [-1138.42004395, -2.00969314575, -206.413146973, -88.2578811646, -44.5416564941, -42.7403068542, -46.3020782471, -40.7559661865, -44.2825698853, -48.7710647583, -33.9188308716, -23.273109436, -25.0760612488],
        "skew": [0.944557309151, 0.640583992004, -0.648465573788, -0.450678706169, -0.821406662464, -0.25318723917, 0.149029567838, 0.177712187171, -0.711176276207, -0.327445209026, -0.903623104095, 0.503809452057, 0.0860743895173],
        "var": [12629.3251953, 1349.31628418, 4720.26757812, 580.309020996, 123.58241272, 131.623779297, 120.602394104, 84.2770996094, 148.822097778, 191.371505737, 44.4554367065, 56.7994842529, 52.9205741882],
        "cov": [[12640.5107422, 3564.89282227, -7355.87158203, -1836.28857422, -287.280212402, -613.477783203, 333.818237305, 143.857147217, -1021.45458984, -1229.65600586, -152.996353149, 325.941497803, 156.998428345], [3564.89282227, 1350.51135254, -1900.73010254, -726.165222168, -130.613479614, -207.755371094, 30.5264759064, 14.8800582886, -339.783660889, -416.446655273, -105.188392639, 34.8305473328, -0.122563272715], [-7355.87158203, -1900.73010254, 4724.44873047, 1182.38269043, -0.722208023071, 305.530853271, -294.601409912, -186.197921753, 602.609741211, 750.113037109, 39.3710250854, -266.016418457, -179.211761475], [-1836.28857422, -726.165222168, 1182.38269043, 580.822998047, -13.3829145432, 47.256980896, -70.7649765015, -88.2612075806, 200.111801147, 279.311767578, 57.682723999, -54.1371612549, -47.38230896], [-287.280212402, -130.613479614, -0.722208023071, -13.3829145432, 123.691871643, 63.8172187805, 22.4782829285, 39.9573554993, 3.39316701889, 9.5640630722, 28.5000991821, 29.0385437012, 23.3110389709], [-613.477783203, -207.755371094, 305.530853271, 47.256980896, 63.8172187805, 131.740371704, 45.7775497437, 25.6844501495, 27.443277359, 29.2884960175, 11.7105474472, 20.0362586975, 12.1467599869], [333.818237305, 30.5264759064, -294.601409912, -70.7649765015, 22.4782829285, 45.7775497437, 120.709213257, 58.4931755066, -56.9402351379, -66.7043380737, -0.764227867126, 44.1959228516, 40.2651786804], [143.857147217, 14.8800582886, -186.197921753, -88.2612075806, 39.9573554993, 25.6844501495, 58.4931755066, 84.3517456055, -7.58774089813, -44.8407325745, -5.45621824265, 29.7849140167, 33.2229728699], [-1021.45458984, -339.783660889, 602.609741211, 200.111801147, 3.39316701889, 27.443277359, -56.9402351379, -7.58774089813, 148.953918457, 137.677581787, 9.7583732605, -32.0457649231, -19.7654323578], [-1229.65600586, -416.446655273, 750.113037109, 279.311767578, 9.5640630722, 29.2884960175, -66.7043380737, -44.8407325745, 137.677581787, 191.541000366, 38.3466911316, -44.8967094421, -32.7187309265], [-152.996353149, -105.188392639, 39.3710250854, 57.682723999, 28.5000991821, 11.7105474472, -0.764227867126, -5.45621824265, 9.7583732605, 38.3466911316, 44.4948120117, 14.9433250427, 1.28367161751], [325.941497803, 34.8305473328, -266.016418457, -54.1371612549, 29.0385437012, 20.0362586975, 44.1959228516, 29.7849140167, -32.0457649231, -44.8967094421, 14.9433250427, 56.8497962952, 35.8388595581], [156.998428345, -0.122563272715, -179.211761475, -47.38230896, 23.3110389709, 12.1467599869, 40.2651786804, 33.2229728699, -19.7654323578, -32.7187309265, 1.28367161751, 35.8388595581, 52.9674491882]]
    },
    "sccoeffs": {
        "kurt": [1.56521034241, 1.86109733582, -0.178508043289, 0.415652751923, -0.824032068253, -1.01144492626],
        "max": [-0.510438919067, -0.645121395588, -0.32163926959, -0.563982009888, -0.572520315647, -0.716724455357],
        "mean": [-0.841334581375, -0.87319624424, -0.786688506603, -0.83460444212, -0.799851417542, -0.846518576145],
        "median": [-0.864881634712, -0.881740450859, -0.822360634804, -0.843279600143, -0.804613053799, -0.858211517334],
        "min": [-0.947039186954, -0.952161490917, -0.974215149879, -0.975844919682, -0.972471952438, -0.906617462635],
        "skew": [1.37568557262, 1.14543139935, 0.803321897984, 0.77281922102, 0.364638805389, 0.507814228535],
        "var": [0.00551426550373, 0.0017128281761, 0.0183733124286, 0.00386758730747, 0.00775939552113, 0.00196933909319],
        "cov": [[0.00551914982498, 0.00148675579112, 0.00315081770532, 0.00224245898426, 0.00300909997895, 0.00147191341966], [0.00148675579112, 0.00171434530057, 0.00263534113765, 0.00134947116021, 0.0020661316812, 0.000992420013063], [0.00315081770532, 0.00263534113765, 0.0183895863593, 0.00640792632475, 0.00968381483108, 0.004954343196], [0.00224245898426, 0.00134947116021, 0.00640792632475, 0.00387101294473, 0.00433271052316, 0.0020695971325], [0.00300909997895, 0.0020661316812, 0.00968381483108, 0.00433271052316, 0.00776626821607, 0.00329371215776], [0.00147191341966, 0.000992420013063, 0.004954343196, 0.0020695971325, 0.00329371215776, 0.00197108346038]]
    },
    "scvalleys": {
        "kurt": [2.96967744827, -1.26379001141, -1.44500434399, -1.35603797436, -0.893034696579, -0.0233192443848],
        "max": [-8.26830482483, -7.17680168152, -5.9145989418, -5.13118124008, -6.90498685837, -10.1101436615],
        "mean": [-11.4347276688, -10.8655824661, -10.5234632492, -10.5063905716, -11.6411676407, -14.3975172043],
        "median": [-11.514175415, -11.2998657227, -10.5279226303, -10.6609382629, -12.4366378784, -15.124671936],
        "min": [-13.0568313599, -13.5191984177, -13.7327165604, -14.1247472763, -14.0460357666, -16.2372398376],
        "skew": [1.19958972931, 0.412568330765, 0.201947018504, 0.262299418449, 0.664468288422, 1.13177919388],
        "var": [0.334594577551, 2.56318759918, 5.07122278214, 6.46759128571, 3.76105237007, 2.05641579628],
        "cov": [[0.334890961647, 0.557661056519, 0.761851549149, 0.850776016712, 0.664278268814, 0.520247161388], [0.557661056519, 2.56545782089, 3.44416379929, 3.69618105888, 2.70101261139, 1.97338974476], [0.761851549149, 3.44416379929, 5.07571458817, 5.51112699509, 3.95424342155, 2.75041532516], [0.850776016712, 3.69618105888, 5.51112699509, 6.47332000732, 4.70138263702, 3.20820641518], [0.664278268814, 2.70101261139, 3.95424342155, 4.70138263702, 3.76438379288, 2.62069416046], [0.520247161388, 1.97338974476, 2.75041532516, 3.20820641518, 2.62069416046, 2.05823707581]]
    }
},
"rhythm": {
    "beats_loudness": {
        "kurt": 2.97137880325,
        "max": 0.0288515910506,
        "mean": 0.00404791114852,
        "median": 4.01881334255e-05,
        "min": 7.95793564379e-09,
        "skew": 1.89894843102,
        "var": 4.55627523479e-05
    },
    "bpm": 128.800628662,
    "confidence": 0.780004143715,
    "first_peak_bpm": {
        "kurt": 0,
        "max": 129,
        "mean": 129,
        "median": 129,
        "min": 129,
        "skew": 0,
        "var": 0
    },
    "first_peak_spread": {
        "kurt": 0,
        "max": 0.399999976158,
        "mean": 0.399999976158,
        "median": 0.399999976158,
        "min": 0.399999976158,
        "skew": 0,
        "var": 0
    },
    "first_peak_weight": {
        "kurt": 0,
        "max": 0.152542367578,
        "mean": 0.152542367578,
        "median": 0.152542367578,
        "min": 0.152542367578,
        "skew": 0,
        "var": 0
    },
    "onset_rate": 1.14461612701,
    "second_peak_bpm": {
        "kurt": 0,
        "max": 152,
        "mean": 152,
        "median": 152,
        "min": 152,
        "skew": 0,
        "var": 0
    },
    "second_peak_spread": {
        "kurt": 0,
        "max": 0.25,
        "mean": 0.25,
        "median": 0.25,
        "min": 0.25,
        "skew": 0,
        "var": 0
    },
    "second_peak_weight": {
        "kurt": 0,
        "max": 0.101694911718,
        "mean": 0.101694911718,
        "median": 0.101694911718,
        "min": 0.101694911718,
        "skew": 0,
        "var": 0
    },
    "beats_loudness_band_ratio": {
        "kurt": [2.78915309906, 3.82989168167, 15.5388355255, -1.55025672913, 0.0214161872864, 4.58078527451],
        "max": [0.622171640396, 0.634889662266, 0.731100738049, 0.941551446915, 0.803970456123, 0.318959325552],
        "mean": [0.0892165601254, 0.0826020613313, 0.0556670278311, 0.484610825777, 0.262196838856, 0.0524486489594],
        "median": [0.000163433811394, 0.00100647087675, 0.00679621193558, 0.535697579384, 0.229225128889, 0.0289605781436],
        "min": [4.25728921982e-06, 3.49295150954e-05, 0.000347060820786, 0.010988574475, 0.0119662843645, 0.000595414778218],
        "skew": [1.8801561594, 2.00197005272, 3.77259397507, -0.163013324142, 0.858405172825, 2.29275679588],
        "var": [0.0230421945453, 0.0186093430966, 0.0150582427159, 0.112850733101, 0.043175265193, 0.00571987777948],
        "cov": [[0.023432739079, 0.0141719020903, 0.00311583792791, -0.0340282358229, -0.00569163495675, 0.00416177371517], [0.0141719020903, 0.0189247559756, 0.0061629395932, -0.0298637188971, -0.0083538684994, 0.00229672738351], [0.00311583792791, 0.0061629395932, 0.0153134670109, -0.0161293093115, -0.00658187828958, -0.000714036694262], [-0.0340282358229, -0.0298637188971, -0.0161293093115, 0.114763453603, -0.0284903235734, -0.0148585252464], [-0.00569163495675, -0.0083538684994, -0.00658187828958, -0.0284903235734, 0.0439070500433, 0.00446039857343], [0.00416177371517, 0.00229672738351, -0.000714036694262, -0.0148585252464, 0.00446039857343, 0.00581682473421]]
    },
    "beats_position": [0.452789098024, 0.9287981987, 1.42802715302, 1.82276642323, 2.21750569344, 2.65868473053, 3.08825397491, 3.51782298088, 3.95900225639, 4.42340135574, 4.73687076569, 5.07355976105, 5.38702917099, 5.72371864319, 6.06040811539, 6.39709758759, 6.74539661407, 7.0936961174, 7.4884352684, 7.90639448166, 8.31274318695, 8.67265319824, 8.99773216248, 9.35764122009, 9.74077033997, 10.1355104446, 10.5186395645, 10.9365987778, 11.2848978043, 11.6331968307, 11.9931058884, 12.3530158997, 12.689704895, 13.0380039215, 13.4327430725, 13.8158731461, 14.2222223282, 14.6169614792, 15.0929698944, 15.5341491699, 16.0101585388, 16.4745578766, 16.9389572144, 17.4033565521, 17.8677539825, 18.2973232269, 18.7501125336, 19.2145118713, 19.6905212402, 20.1781406403, 20.6309299469, 21.0953292847, 21.5597267151, 22.0241260529, 22.6046257019, 23.1851234436, 23.7656230927, 24.3461227417, 24.9382305145, 25.5419502258],
    "bpm_estimates": [126.04801178, 129.19921875, 126.048194885, 126.047935486, 129.199157715, 129.199157715, 129.199157715, 129.199676514, 132.511962891, 129.199157715, 126.047935486, 132.511962891, 129.199157715, 129.199676514, 129.199157715],
    "bpm_intervals": [0.476009100676, 0.499228954315, 0.39473927021, 0.39473927021, 0.441179037094, 0.429569244385, 0.429569005966, 0.441179275513, 0.46439909935, 0.313469409943, 0.336688995361, 0.313469409943, 0.336689472198, 0.336689472198, 0.336689472198, 0.348299026489, 0.348299503326, 0.394739151001, 0.417959213257, 0.406348705292, 0.359910011292, 0.325078964233, 0.359909057617, 0.383129119873, 0.394740104675, 0.383129119873, 0.417959213257, 0.348299026489, 0.348299026489, 0.359909057617, 0.359910011292, 0.336688995361, 0.348299026489, 0.394739151001, 0.383130073547, 0.406349182129, 0.394739151001, 0.476008415222, 0.441179275513, 0.476009368896, 0.464399337769, 0.464399337769, 0.464399337769, 0.46439743042, 0.429569244385, 0.452789306641, 0.464399337769, 0.476009368896, 0.487619400024, 0.452789306641, 0.464399337769, 0.46439743042, 0.464399337769, 0.580499649048, 0.580497741699, 0.580499649048, 0.580499649048, 0.592107772827, 0.603719711304],
    "onset_times": [0.162539675832, 1.46285712719, 1.764716506, 2.14784574509, 2.61224484444, 3.9125623703, 4.40018129349, 6.03718805313, 6.3622674942, 6.72217702866, 7.31428575516, 8.31274414062, 8.67265319824, 9.22993183136, 9.69433116913, 11.2965078354, 11.6215877533, 11.9582767487, 12.3297958374, 17.8561458588, 18.1928348541, 18.668844223, 19.0868034363, 19.5163726807, 20.1665306091, 21.5248985291, 23.7888431549, 24.2184123993, 24.8453521729, 25.37940979],
    "histogram": [[0, 0, 0, 0, 0, 0, 0, 0, 0, 0, 0, 0, 0, 0, 0, 0, 0, 0, 0, 0, 0, 0, 0, 0, 0, 0, 0, 0, 0, 0, 0, 0, 0, 0, 0, 0, 0, 0, 0, 0, 0, 0, 0, 0, 0, 0, 0, 0, 0, 0, 0, 0, 0, 0, 0, 0, 0, 0, 0, 0, 0, 0, 0, 0, 0, 0, 0, 0, 0, 0, 0, 0, 0, 0, 0, 0, 0, 0, 0, 0, 0, 0, 0, 0, 0, 0, 0, 0, 0, 0, 0, 0, 0, 0, 0, 0, 0, 0, 0, 0.0169491525739, 0, 0.0169491525739, 0, 0.0677966102958, 0, 0, 0, 0, 0, 0, 0, 0, 0, 0, 0, 0, 0, 0, 0, 0, 0.0169491525739, 0, 0, 0.0169491525739, 0, 0, 0.0677966102958, 0, 0, 0.152542367578, 0, 0, 0, 0.0338983051479, 0, 0, 0.0508474558592, 0, 0, 0, 0.0508474558592, 0, 0, 0, 0.0338983051479, 0, 0, 0, 0.0338983051479, 0, 0, 0, 0.101694911718, 0, 0, 0, 0, 0.0508474558592, 0, 0, 0, 0, 0, 0, 0, 0, 0, 0.0677966102958, 0, 0, 0, 0, 0.0847457647324, 0, 0, 0, 0, 0, 0.0847457647324, 0, 0, 0, 0, 0, 0, 0.0169491525739, 0, 0, 0, 0, 0, 0.0338983051479, 0, 0, 0, 0, 0, 0, 0, 0, 0, 0, 0, 0, 0, 0, 0, 0, 0, 0, 0, 0, 0, 0, 0, 0, 0, 0, 0, 0, 0, 0, 0, 0, 0, 0, 0, 0, 0, 0, 0, 0, 0, 0, 0, 0, 0, 0, 0, 0, 0, 0, 0, 0, 0, 0, 0, 0, 0, 0]]
},
"sfx": {
    "inharmonicity": {
        "kurt": 3.74554252625,
        "max": 0.402464538813,
        "mean": 0.0502373240888,
        "median": 0.0077857170254,
        "min": 0,
        "skew": 1.95096123219,
        "var": 0.00580904772505
    },
    "oddtoevenharmonicenergyratio": {
        "kurt": 52.455657959,
        "max": 83.7773208618,
        "mean": 2.06949090958,
        "median": 0.151840239763,
        "min": 0,
        "skew": 6.79536819458,
        "var": 59.7267990112
    },
    "pitch_after_max_to_before_max_energy_ratio": 8.0517616272,
    "pitch_centroid": 623.003479004,
    "pitch_max_to_total": 0.220353975892,
    "pitch_min_to_total": 0.420353978872,
    "tristimulus": {
        "kurt": [-1.55073869228, -0.585804700851, 1.22079658508],
        "max": [1, 0.969417273998, 0.981545388699],
        "mean": [0.528219938278, 0.323377221823, 0.148402824998],
        "median": [0.605923712254, 0.250456213951, 0],
        "min": [0, 0, 0],
        "skew": [-0.149886354804, 0.724382102489, 1.43714046478],
        "var": [0.129071131349, 0.0686190649867, 0.0500827468932],
        "cov": [[0.129185453057, -0.0738687217236, -0.0553165711462], [-0.0738687217236, 0.0686798468232, 0.00518907606602], [-0.0553165711462, 0.00518907606602, 0.0501271039248]]
    }
},
"tonal": {
    "chords_changes_rate": 0.106007069349,
    "chords_number_rate": 0.0194346290082,
    "chords_strength": {
        "kurt": -0.40762090683,
        "max": 0.722097992897,
        "mean": 0.52047508955,
