{
"metadata": {
    "version": {
        "essentia": "2.1-beta3"
    }
},
"lowLevel": {
    "average_loudness": 0.980218172073,
    "barkbands_kurtosis": {
        "kurt": 46.9640731812,
        "max": 13070.0488281,
        "mean": 325.156707764,
        "median": 8.5492401123,
        "min": -1.98448443413,
        "skew": 6.89615106583,
        "var": 2873314.25
    },
    "barkbands_skewness": {
        "kurt": 40.3849601746,
        "max": 16.8373279572,
        "mean": -2.29337191582,
        "median": 0.235523164272,
        "min": -114.021202087,
        "skew": -6.17000770569,
        "var": 241.508285522
    },
    "barkbands_spread": {
        "kurt": 32.1761322021,
        "max": 103.867248535,
        "mean": 5.34879636765,
        "median": 0.940707445145,
        "min": 0.0033224276267,
        "skew": 5.44741201401,
        "var": 205.321853638
    },
    "dissonance": {
        "kurt": 1.4527258873,
        "max": 0.500000119209,
        "mean": 0.401949524879,
        "median": 0.471546769142,
        "min": 0.00291055999696,
        "skew": -1.63543105125,
        "var": 0.0205858964473
    },
    "hfc": {
        "kurt": 16.8709564209,
        "max": 8.01017951965,
        "mean": 0.48382383585,
        "median": 0.00139534578193,
        "min": 1.13835815041e-16,
        "skew": 3.99046707153,
        "var": 1.80823934078
    },
    "pitch": {
        "kurt": 19.3373088837,
        "max": 15202.4121094,
        "mean": 1402.41394043,
        "median": 633.559448242,
        "min": 43.3047027588,
        "skew": 4.48380422592,
        "var": 7591072
    },
    "pitch_instantaneous_confidence": {
        "kurt": 1.10786914825,
        "max": 0.997836232185,
        "mean": 0.795564413071,
        "median": 0.897576987743,
        "min": 0.0638548731804,
        "skew": -1.29731714725,
        "var": 0.0492810346186
    },
    "pitch_salience": {
        "kurt": -0.447012662888,
        "max": 0.819449007511,
        "mean": 0.389887750149,
        "median": 0.397654891014,
        "min": 0.015153599903,
        "skew": -0.0530233159661,
        "var": 0.0353216677904
    },
    "silence_rate_20dB": {
        "kurt": 0,
        "max": 1,
        "mean": 1,
        "median": 1,
        "min": 1,
        "skew": 0,
        "var": 0
    },
    "silence_rate_30dB": {
        "kurt": 0,
        "max": 1,
        "mean": 1,
        "median": 1,
        "min": 1,
        "skew": 0,
        "var": 0
    },
    "silence_rate_60dB": {
        "kurt": 17.0476131439,
        "max": 1,
        "mean": 0.95454543829,
        "median": 1,
        "min": 0,
        "skew": -4.36435317993,
        "var": 0.0433884449303
    },
    "spectral_centroid": {
        "kurt": 5.11484050751,
        "max": 15089.0898438,
        "mean": 2408.82446289,
        "median": 1037.00756836,
        "min": 14.6849603653,
        "skew": 2.51291584969,
        "var": 13497730
    },
    "spectral_complexity": {
        "kurt": 5.11159896851,
        "max": 10,
        "mean": 1.01818180084,
        "median": 0,
        "min": 0,
        "skew": 2.41088414192,
        "var": 4.70875740051
    },
    "spectral_crest": {
        "kurt": -1.09993636608,
        "max": 26.9977893829,
        "mean": 18.9014663696,
        "median": 19.8569793701,
        "min": 5.17502498627,
        "skew": -0.403028249741,
        "var": 42.3314666748
    },
    "spectral_decrease": {
        "kurt": 26.9946975708,
        "max": 1.12090781586e-17,
        "mean": -1.36680805563e-10,
        "median": -2.25415308164e-13,
        "min": -2.98224311912e-09,
        "skew": -5.0369348526,
        "var": 1.98781621234e-19
    },
    "spectral_energy": {
        "kurt": 26.3279666901,
        "max": 0.0119626820087,
        "mean": 0.000559749023523,
        "median": 9.71453914644e-07,
        "min": 1.05667339167e-20,
        "skew": 4.96793270111,
        "var": 3.24382926919e-06
    },
    "spectral_energyband_high": {
        "kurt": 60.8315315247,
        "max": 6.14685559412e-05,
        "mean": 1.29537534121e-06,
        "median": 4.86523234894e-12,
        "min": 7.42526997132e-21,
        "skew": 7.354596138,
        "var": 4.36033396889e-11
    },
    "spectral_energyband_low": {
        "kurt": 20.1368923187,
        "max": 1.74217955617e-08,
        "mean": 8.0328271812e-10,
        "median": 1.3186266315e-12,
        "min": 2.22758447753e-23,
        "skew": 4.4230389595,
        "var": 7.57404619162e-18
    },
    "spectral_energyband_middle_high": {
        "kurt": 11.2356452942,
        "max": 0.00318595231511,
        "mean": 0.000238110427745,
        "median": 2.45547738587e-07,
        "min": 1.90123990283e-21,
        "skew": 3.32870101929,
        "var": 3.6960616967e-07
    },
    "spectral_energyband_middle_low": {
        "kurt": 37.608165741,
        "max": 0.0107937064022,
        "mean": 0.00032993016066,
        "median": 6.54580167847e-09,
        "min": 3.91168556944e-22,
        "skew": 6.01416397095,
        "var": 1.96879568648e-06
    },
    "spectral_flatness_db": {
        "kurt": 1.08339691162,
        "max": 1,
        "mean": 0.592743456364,
        "median": 0.607430160046,
        "min": 0.0769924968481,
        "skew": -0.533058941364,
        "var": 0.0296722613275
    },
    "spectral_flux": {
        "kurt": 5.91384124756,
        "max": 0.0888832658529,
        "mean": 0.00992159917951,
        "median": 0.001597713097,
        "min": 1.02794620038e-10,
        "skew": 2.38500618935,
        "var": 0.000304318004055
    },
    "spectral_kurtosis": {
        "kurt": 46.0505638123,
        "max": 5252.01025391,
        "mean": 268.771972656,
        "median": 131.198730469,
        "min": -1.66856408119,
        "skew": 6.24796819687,
        "var": 347485.90625
    },
    "spectral_rms": {
        "kurt": 8.153840065,
        "max": 0.00341627118178,
        "mean": 0.000348237808794,
        "median": 3.07713853545e-05,
        "min": 3.21076455354e-12,
        "skew": 2.71944904327,
        "var": 4.2482716367e-07
    },
    "spectral_rolloff": {
        "kurt": 3.37194395065,
        "max": 18626.2207031,
        "mean": 2933.80151367,
        "median": 1141.25976562,
        "min": 21.533203125,
        "skew": 2.20944476128,
        "var": 20085572
    },
    "spectral_skewness": {
        "kurt": 8.71398925781,
        "max": 64.2474365234,
        "mean": 10.4394073486,
        "median": 9.90221881866,
        "min": -6.87252807617,
        "skew": 2.08033490181,
        "var": 91.7587890625
    },
    "spectral_spread": {
        "kurt": 6.72840023041,
        "max": 40828660,
        "mean": 4280104,
        "median": 1143073,
        "min": 30665.53125,
        "skew": 2.63487482071,
        "var": 5.91924549386e+13
    },
    "spectral_strongpeak": {
        "kurt": 6.22046661377,
        "max": 1.49390971661,
        "mean": 0.154863759875,
        "median": 0.029383931309,
        "min": 0,
        "skew": 2.49978637695,
        "var": 0.0787876993418
    },
    "zerocrossingrate": {
        "kurt": 4.91585922241,
        "max": 0.67041015625,
        "mean": 0.111217148602,
        "median": 0.053466796875,
        "min": 0.0009765625,
        "skew": 2.40724086761,
        "var": 0.0234786979854
    },
    "barkbands": {
        "kurt": [37.109462738, 55.6779594421, 30.6840171814, 48.3534812927, 35.3966789246, 20.8091449738, 55.3894920349, 91.9255447388, 38.8070907593, 36.4394378662, 14.6384162903, 21.6762809753, 53.1601219177, 59.5610809326, 18.6260948181, 35.1661071777, 17.4359455109, 81.4608840942, 24.1835918427, 89.9073944092, 29.1145324707, 53.9818992615, 34.1298103333, 33.0257377625, 104.737564087, 54.7805175781, 59.8943634033],
        "max": [2.14952748934e-08, 1.36767397407e-08, 1.51686507799e-09, 1.66799762891e-09, 4.87691842466e-09, 7.21222477296e-08, 0.00467762863263, 0.00917887222022, 0.00202695932239, 0.00122816616204, 0.00169362931047, 0.000124415368191, 0.00232182489708, 0.000489282538183, 4.45552796009e-05, 0.000196480730665, 0.000173111024196, 0.000263972615357, 1.62164474204e-06, 3.79594021069e-05, 3.02669268422e-05, 6.04950258776e-08, 3.01152340398e-07, 4.36056950548e-08, 8.17731447e-08, 3.37848971022e-09, 1.84008142057e-09],
        "mean": [6.51712073196e-10, 3.65006219694e-10, 5.99181121386e-11, 5.23521261064e-11, 1.69819797113e-10, 3.17523385363e-09, 0.00010144218686, 0.000146482576383, 6.50291913189e-05, 4.39597461082e-05, 9.5505893114e-05, 6.84932092554e-06, 6.406702596e-05, 1.34191550387e-05, 1.90147852663e-06, 6.0765391936e-06, 8.30430963106e-06, 5.20765888723e-06, 5.69430795849e-08, 5.07555682816e-07, 9.24386711176e-07, 1.17465448479e-09, 7.85866216546e-09, 1.25161403464e-09, 8.12461320443e-10, 8.20624262987e-11, 4.54133085304e-11],
        "median": [3.38001274105e-13, 5.26989259522e-13, 4.25825065313e-13, 4.26062288748e-13, 7.75649293058e-13, 1.44179286565e-12, 9.78460090728e-11, 2.47964226929e-09, 5.56360013615e-10, 1.4036607987e-10, 8.24235790731e-10, 1.88356413799e-10, 2.78615086557e-09, 1.06576181214e-09, 3.94116770469e-12, 3.16120784064e-12, 2.28042498079e-12, 1.80665129124e-12, 1.21971321389e-13, 2.65214011776e-13, 1.85096295929e-12, 3.15869699103e-14, 2.77632815826e-13, 2.18701616604e-13, 1.2121673023e-13, 2.82774400683e-13, 8.84270480732e-14],
        "min": [7.89909459136e-24, 1.18088848751e-23, 3.73722025545e-24, 3.54381601617e-24, 1.54030001615e-22, 5.18983006738e-23, 7.40086708302e-23, 8.14695847432e-23, 1.79198021883e-23, 1.10686562981e-22, 3.00450265973e-23, 1.72786804156e-22, 9.16959042019e-23, 2.64304577255e-22, 1.40789633964e-22, 2.6078264779e-22, 2.09942304253e-22, 2.20770562448e-22, 2.38990725004e-22, 2.68034765998e-22, 3.56661004159e-22, 4.87967898953e-22, 5.81424263016e-22, 7.51562299445e-22, 1.29957697784e-21, 1.55081228822e-21, 2.47941996591e-21],
        "skew": [6.04283428192, 6.92716836929, 5.31781291962, 6.44200372696, 5.79093694687, 4.60396003723, 7.28907823563, 9.44578361511, 5.82117271423, 5.90250444412, 3.88916754723, 4.48638916016, 6.73900747299, 7.26281833649, 4.24064731598, 5.69619703293, 4.02168989182, 8.70925426483, 5.03499317169, 9.36149597168, 5.15740680695, 7.26175498962, 5.91998004913, 5.66141891479, 10.3248958588, 7.07010555267, 7.29258680344],
        "var": [9.16531256114e-18, 2.22679171569e-18, 4.19411525214e-20, 3.54921325797e-20, 4.23148610899e-19, 1.39380925832e-16, 2.79006883375e-07, 7.9882022419e-07, 5.97140754621e-08, 2.93791462269e-08, 9.3185917649e-08, 3.93075821892e-10, 6.55427356833e-08, 2.7709670114e-09, 4.71714819983e-11, 6.17180917484e-10, 6.95452806454e-10, 6.95505986137e-10, 7.15696694075e-14, 1.39025544549e-11, 1.58787167442e-11, 4.84907932719e-17, 1.77165771237e-15, 3.35587836257e-17, 6.02099937143e-17, 1.40834077958e-19, 3.91757132502e-20],
        "cov": [[9.24939795195e-18, 1.88388895584e-18, 5.68871882039e-20, 1.99479839219e-20, 1.93756597564e-21, -7.9411903065e-19, -3.47645259205e-14, 3.43371469767e-14, -1.84366834543e-14, -1.25245713594e-14, -2.56192365499e-14, -1.87007235293e-15, -3.58648183309e-14, -6.45072382893e-15, -5.1879846871e-16, -4.51884136426e-16, -2.61238068768e-15, -2.52703153033e-15, -2.72681048458e-17, -2.51427172014e-16, -2.85929232705e-16, -5.59449183338e-19, -4.19694526966e-18, -5.06390096536e-19, -1.51649981455e-19, -2.54854686001e-20, -1.64415927703e-20], [1.88388895584e-18, 2.24722100887e-18, 2.14515410741e-19, 9.38176360036e-20, 1.3574757635e-19, 9.19328222599e-19, 1.52402047281e-14, 1.49002460218e-13, 1.09001154795e-14, 4.42872108208e-15, 3.82413098719e-15, 4.37295237989e-16, -1.46020839869e-14, -1.41817085232e-15, 4.82935040784e-16, 3.22393911087e-15, 5.72002302193e-16, -8.9264249509e-16, -6.40729759785e-18, -7.88363143988e-17, 1.77776174942e-16, -6.26989914995e-20, -1.83814338642e-18, -2.02531528219e-19, -1.60094461533e-19, -3.31912218654e-21, 5.42504062142e-21], [5.68871882039e-20, 2.14515410741e-19, 4.23259336779e-20, 3.46732948591e-20, 9.82419019828e-20, 1.32032821957e-18, 3.74522664943e-14, 1.31257540102e-13, 2.14879468521e-14, 1.14717390521e-14, 1.7262890607e-14, 1.18354293769e-15, 2.19395022339e-15, 1.62514716463e-15, 7.46643608197e-16, 3.47086763796e-15, 1.61829858562e-15, 2.47979350872e-16, 6.61146107587e-18, 3.87279113742e-17, 3.20847398332e-16, 2.45138748542e-19, 1.42488736451e-19, 7.8293737115e-20, -2.76006195096e-20, 1.25001716633e-20, 1.46753747544e-20], [1.99479839219e-20, 9.38176360036e-20, 3.46732948591e-20, 3.58177477042e-20, 1.16547706207e-19, 1.62209477057e-18, 5.37778982045e-14, 1.50609410468e-13, 2.93669406013e-14, 1.59315496315e-14, 2.34854182542e-14, 1.63292684462e-15, 3.4055656329e-15, 2.06451363641e-15, 9.15085480061e-16, 4.15120640702e-15, 2.13072175497e-15, 3.06250029566e-16, 8.46502310891e-18, 4.8955361065e-17, 3.9842124321e-16, 3.81314313311e-19, 2.50226090255e-19, 1.25175471414e-19, -1.84279555359e-20, 1.90377718242e-20, 2.1348029114e-20], [1.93756597564e-21, 1.3574757635e-19, 9.82419019828e-20, 1.16547706207e-19, 4.27030698761e-19, 6.10839960582e-18, 2.56864814792e-13, 4.75844840961e-13, 1.27318606504e-13, 7.31048454736e-14, 1.0151972443e-13, 7.19776665435e-15, 1.06588711788e-14, 6.71310626039e-15, 3.22354291121e-15, 1.45218022042e-14, 9.18416733587e-15, 8.69413145908e-16, 3.23649767134e-17, 1.43199959163e-16, 1.44366781459e-15, 1.88377852723e-18, 6.77535006045e-19, 5.7524311146e-19, -3.27327032926e-20, 9.15963523285e-20, 1.01350207618e-19], [-7.9411903065e-19, 9.19328222599e-19, 1.32032821957e-18, 1.62209477057e-18, 6.10839960582e-18, 1.4065964118e-16, 4.43317865056e-12, 6.12843499906e-12, 1.79330758143e-12, 1.31041911263e-12, 1.86810224408e-12, 9.83150260964e-14, -5.01092053864e-14, 6.93074341408e-14, 4.36401742109e-14, 2.16477958606e-13, 1.81736136556e-13, 8.54407046687e-15, 7.3195510398e-16, -8.67830253087e-16, 1.59427524893e-14, 2.26352465602e-17, -1.70095730163e-17, 7.11648461834e-18, -1.07789802224e-18, 1.22096749118e-18, 1.4275158343e-18], [-3.47645259205e-14, 1.52402047281e-14, 3.74522664943e-14, 5.37778982045e-14, 2.56864814792e-13, 4.43317865056e-12, 2.81566570948e-07, 1.29681708927e-07, 1.06746895767e-07, 8.37356353145e-08, 1.04139957102e-07, 6.31840002541e-09, -1.91387883319e-09, 1.46026013503e-09, 1.64201707786e-09, 8.56680060224e-09, 9.95248772284e-09, 3.98111932309e-10, 3.82407022714e-11, -3.51927827158e-11, 7.73953345856e-10, 1.86587767806e-12, -4.19470746115e-13, 5.64848732024e-13, 1.57585329876e-14, 8.78142434528e-14, 9.76241385908e-14], [3.43371469767e-14, 1.49002460218e-13, 1.31257540102e-13, 1.50609410468e-13, 4.75844840961e-13, 6.12843499906e-12, 1.29681708927e-07, 8.06148875654e-07, 1.1625375862e-07, 4.06692208799e-08, 8.87822722007e-08, 6.77362255175e-09, 3.50712658914e-09, 8.08641242855e-09, 4.48174208856e-09, 1.86439148564e-08, 5.8057416652e-09, 8.12805489581e-10, 1.37398876998e-11, 1.53018526669e-12, 1.6192278629e-09, 1.7904388909e-12, -2.14741465678e-15, 1.19824302932e-13, -5.5684061149e-14, 5.05004973386e-14, 5.93969250412e-14], [-1.84366834543e-14, 1.09001154795e-14, 2.14879468521e-14, 2.93669406013e-14, 1.27318606504e-13, 1.79330758143e-12, 1.06746895767e-07, 1.1625375862e-07, 6.02619110168e-08, 3.5121701103e-08, 5.97237530542e-08, 4.13161949098e-09, 1.0424395791e-09, 1.96720062462e-09, 1.28879618089e-09, 4.5054959763e-09, 4.53768445041e-09, 1.01346409043e-09, 1.53006045334e-11, -9.13747267954e-13, 4.22052864879e-10, 1.38610119476e-12, 2.29709182448e-13, 2.05375172706e-13, -1.04369231356e-14, 3.65623872324e-14, 4.13154685702e-14], [-1.25245713594e-14, 4.42872108208e-15, 1.14717390521e-14, 1.59315496315e-14, 7.31048454736e-14, 1.31041911263e-12, 8.37356353145e-08, 4.06692208799e-08, 3.5121701103e-08, 2.96486799556e-08, 4.39614069592e-08, 2.51839593624e-09, 2.53841725417e-09, 1.36323996536e-09, 6.88906987012e-10, 3.01230596023e-09, 3.95433241707e-09, 6.46952158512e-10, 1.79753260887e-11, 3.01230429489e-11, 2.63361665809e-10, 7.29853189604e-13, 5.52298441356e-13, 2.22616955252e-13, -7.22441854603e-15, 2.50047971559e-14, 2.77306643767e-14], [-2.56192365499e-14, 3.82413098719e-15, 1.7262890607e-14, 2.34854182542e-14, 1.0151972443e-13, 1.86810224408e-12, 1.04139957102e-07, 8.87822722007e-08, 5.97237530542e-08, 4.39614069592e-08, 9.40408355632e-08, 5.49245360304e-09, 1.00026331662e-09, 2.44009945582e-09, 1.47398504513e-09, 4.80679585024e-09, 6.56268372978e-09, 1.83977788559e-09, 3.01372052314e-11, 2.55656815162e-11, 3.47432138614e-10, 1.58927992294e-12, 7.70013827006e-13, 2.5442592911e-13, -4.0732465957e-14, 2.93640505249e-14, 3.43801864148e-14], [-1.87007235293e-15, 4.37295237989e-16, 1.18354293769e-15, 1.63292684462e-15, 7.19776665435e-15, 9.83150260964e-14, 6.31840002541e-09, 6.77362255175e-09, 4.13161949098e-09, 2.51839593624e-09, 5.49245360304e-09, 3.96682020565e-10, 6.67274735466e-10, 2.53167847797e-10, 9.43525466091e-11, 2.87507434527e-10, 4.05446370921e-10, 1.20010126836e-10, 1.36542014674e-12, 7.96752334248e-12, 3.08984018926e-11, 1.14575029694e-13, 1.31537779258e-13, 1.90512905609e-14, -2.90526922249e-15, 2.21543606113e-15, 2.48100735987e-15], [-3.58648183309e-14, -1.46020839869e-14, 2.19395022339e-15, 3.4055656329e-15, 1.06588711788e-14, -5.01092053864e-14, -1.91387883319e-09, 3.50712658914e-09, 1.0424395791e-09, 2.53841725417e-09, 1.00026331662e-09, 6.67274735466e-10, 6.61440466843e-08, 1.21483409998e-08, 2.14466860937e-10, 2.50747977937e-10, 1.85774895467e-09, 9.67307567379e-10, 9.96099557005e-12, 8.51143433511e-10, 7.21960435879e-10, -2.79846370415e-14, 7.04879167188e-12, 7.16152885692e-13, -4.41781350001e-14, 1.68788746678e-14, 5.37388999606e-15], [-6.45072382893e-15, -1.41817085232e-15, 1.62514716463e-15, 2.06451363641e-15, 6.71310626039e-15, 6.93074341408e-14, 1.46026013503e-09, 8.08641242855e-09, 1.96720062462e-09, 1.36323996536e-09, 2.44009945582e-09, 2.53167847797e-10, 1.21483409998e-08, 2.79638867617e-09, 1.17476334216e-10, 2.75796857574e-10, 4.70900152205e-10, 2.23591783977e-10, 3.46371911188e-12, 1.68463493155e-10, 1.568105229e-10, 1.87187945537e-14, 1.23113129934e-12, 1.21091626852e-13, -8.46413427357e-15, 4.32918454638e-15, 1.93849398034e-15], [-5.1879846871e-16, 4.82935040784e-16, 7.46643608197e-16, 9.15085480061e-16, 3.22354291121e-15, 4.36401742109e-14, 1.64201707786e-09, 4.48174208856e-09, 1.28879618089e-09, 6.88906987012e-10, 1.47398504513e-09, 9.43525466091e-11, 2.14466860937e-10, 1.17476334216e-10, 4.76042504027e-11, 1.42540451664e-10, 1.08920344966e-10, 3.07976491531e-11, 5.86914143588e-13, 3.59075291202e-12, 1.35704529211e-11, 3.20340338999e-14, 4.01990486525e-14, 7.1036663761e-15, -7.84551085444e-16, 6.66299939112e-16, 7.09018934076e-16], [-4.51884136426e-16, 3.22393911087e-15, 3.47086763796e-15, 4.15120640702e-15, 1.45218022042e-14, 2.16477958606e-13, 8.56680060224e-09, 1.86439148564e-08, 4.5054959763e-09, 3.01230596023e-09, 4.80679585024e-09, 2.87507434527e-10, 2.50747977937e-10, 2.75796857574e-10, 1.42540451664e-10, 6.2284311042e-10, 4.2251821486e-10, 6.56033213864e-11, 1.9946537911e-12, 3.58853897119e-12, 5.54463523705e-11, 7.46943942787e-14, 1.28277596878e-13, 2.37895318814e-14, -1.72681970567e-15, 2.72396245541e-15, 3.0713918652e-15], [-2.61238068768e-15, 5.72002302193e-16, 1.61829858562e-15, 2.13072175497e-15, 9.18416733587e-15, 1.81736136556e-13, 9.95248772284e-09, 5.8057416652e-09, 4.53768445041e-09, 3.95433241707e-09, 6.56268372978e-09, 4.05446370921e-10, 1.85774895467e-09, 4.70900152205e-10, 1.08920344966e-10, 4.2251821486e-10, 7.01833091643e-10, 1.53845519657e-10, 2.2297925225e-12, 3.33516651796e-11, 5.89040760612e-11, 1.07612561169e-13, 4.51356562802e-13, 5.70919112225e-14, -3.13828798628e-15, 3.42280444744e-15, 3.39331605417e-15], [-2.52703153033e-15, -8.9264249509e-16, 2.47979350872e-16, 3.06250029566e-16, 8.69413145908e-16, 8.54407046687e-15, 3.98111932309e-10, 8.12805489581e-10, 1.01346409043e-09, 6.46952158512e-10, 1.83977788559e-09, 1.20010126836e-10, 9.67307567379e-10, 2.23591783977e-10, 3.07976491531e-11, 6.56033213864e-11, 1.53845519657e-10, 7.01886770926e-10, 4.54344851672e-12, 1.61258506548e-11, 2.95558855168e-11, 3.01703716806e-14, 2.00731250198e-13, 1.06438583668e-14, -3.97078965981e-15, -6.77200607942e-18, 6.27069409636e-17], [-2.72681048458e-17, -6.40729759785e-18, 6.61146107587e-18, 8.46502310891e-18, 3.23649767134e-17, 7.3195510398e-16, 3.82407022714e-11, 1.37398876998e-11, 1.53006045334e-11, 1.79753260887e-11, 3.01372052314e-11, 1.36542014674e-12, 9.96099557005e-12, 3.46371911188e-12, 5.86914143588e-13, 1.9946537911e-12, 2.2297925225e-12, 4.54344851672e-12, 7.22262690194e-14, 2.8702799008e-14, 1.75664157157e-13, 2.57448120431e-16, -1.35511202873e-16, 1.53340081742e-16, -3.49043186235e-17, 6.69561594985e-18, 9.49907911112e-18], [-2.51427172014e-16, -7.88363143988e-17, 3.87279113742e-17, 4.8955361065e-17, 1.43199959163e-16, -8.67830253087e-16, -3.51927827158e-11, 1.53018526669e-12, -9.13747267954e-13, 3.01230429489e-11, 2.55656815162e-11, 7.96752334248e-12, 8.51143433511e-10, 1.68463493155e-10, 3.59075291202e-12, 3.58853897119e-12, 3.33516651796e-11, 1.61258506548e-11, 2.8702799008e-14, 1.40301008658e-11, 1.18313006961e-11, -2.96686683484e-16, 1.17253944184e-13, 1.18804180496e-14, -3.10738086577e-16, 2.9081666575e-16, 8.08362716839e-17], [-2.85929232705e-16, 1.77776174942e-16, 3.20847398332e-16, 3.9842124321e-16, 1.44366781459e-15, 1.59427524893e-14, 7.73953345856e-10, 1.6192278629e-09, 4.22052864879e-10, 2.63361665809e-10, 3.47432138614e-10, 3.08984018926e-11, 7.21960435879e-10, 1.568105229e-10, 1.35704529211e-11, 5.54463523705e-11, 5.89040760612e-11, 2.95558855168e-11, 1.75664157157e-13, 1.18313006961e-11, 1.60243936176e-11, 6.23260141007e-15, 1.24789718489e-13, 1.24583147482e-14, -2.38001858618e-16, 5.13971492641e-16, 3.77235599241e-16], [-5.59449183338e-19, -6.26989914995e-20, 2.45138748542e-19, 3.81314313311e-19, 1.88377852723e-18, 2.26352465602e-17, 1.86587767806e-12, 1.7904388909e-12, 1.38610119476e-12, 7.29853189604e-13, 1.58927992294e-12, 1.14575029694e-13, -2.79846370415e-14, 1.87187945537e-14, 3.20340338999e-14, 7.46943942787e-14, 1.07612561169e-13, 3.01703716806e-14, 2.57448120431e-16, -2.96686683484e-16, 6.23260141007e-15, 4.89356609315e-17, 5.11820485559e-18, 3.96660896988e-18, -2.32149195341e-19, 6.16569571851e-19, 7.02330210195e-19], [-4.19694526966e-18, -1.83814338642e-18, 1.42488736451e-19, 2.50226090255e-19, 6.77535006045e-19, -1.70095730163e-17, -4.19470746115e-13, -2.14741465678e-15, 2.29709182448e-13, 5.52298441356e-13, 7.70013827006e-13, 1.31537779258e-13, 7.04879167188e-12, 1.23113129934e-12, 4.01990486525e-14, 1.28277596878e-13, 4.51356562802e-13, 2.00731250198e-13, -1.35511202873e-16, 1.17253944184e-13, 1.24789718489e-13, 5.11820485559e-18, 1.78791142759e-15, 1.59343824803e-16, 1.78295852816e-17, 2.93594316741e-18, 6.72865364692e-19], [-5.06390096536e-19, -2.02531528219e-19, 7.8293737115e-20, 1.25175471414e-19, 5.7524311146e-19, 7.11648461834e-18, 5.64848732024e-13, 1.19824302932e-13, 2.05375172706e-13, 2.22616955252e-13, 2.5442592911e-13, 1.90512905609e-14, 7.16152885692e-13, 1.21091626852e-13, 7.1036663761e-15, 2.37895318814e-14, 5.70919112225e-14, 1.06438583668e-14, 1.53340081742e-16, 1.18804180496e-14, 1.24583147482e-14, 3.96660896988e-18, 1.59343824803e-16, 3.38666602497e-17, 3.20424556838e-17, 1.73573118876e-18, 2.98422492428e-19], [-1.51649981455e-19, -1.60094461533e-19, -2.76006195096e-20, -1.84279555359e-20, -3.27327032926e-20, -1.07789802224e-18, 1.57585329876e-14, -5.5684061149e-14, -1.04369231356e-14, -7.22441854603e-15, -4.0732465957e-14, -2.90526922249e-15, -4.41781350001e-14, -8.46413427357e-15, -7.84551085444e-16, -1.72681970567e-15, -3.13828798628e-15, -3.97078965981e-15, -3.49043186235e-17, -3.10738086577e-16, -2.38001858618e-16, -2.32149195341e-19, 1.78295852816e-17, 3.20424556838e-17, 6.07623783099e-17, 2.50909005398e-18, 4.82584730311e-20], [-2.54854686001e-20, -3.31912218654e-21, 1.25001716633e-20, 1.90377718242e-20, 9.15963523285e-20, 1.22096749118e-18, 8.78142434528e-14, 5.05004973386e-14, 3.65623872324e-14, 2.50047971559e-14, 2.93640505249e-14, 2.21543606113e-15, 1.68788746678e-14, 4.32918454638e-15, 6.66299939112e-16, 2.72396245541e-15, 3.42280444744e-15, -6.77200607942e-18, 6.69561594985e-18, 2.9081666575e-16, 5.13971492641e-16, 6.16569571851e-19, 2.93594316741e-18, 1.73573118876e-18, 2.50909005398e-18, 1.4212612115e-19, 3.88422334476e-20], [-1.64415927703e-20, 5.42504062142e-21, 1.46753747544e-20, 2.1348029114e-20, 1.01350207618e-19, 1.4275158343e-18, 9.76241385908e-14, 5.93969250412e-14, 4.13154685702e-14, 2.77306643767e-14, 3.43801864148e-14, 2.48100735987e-15, 5.37388999606e-15, 1.93849398034e-15, 7.09018934076e-16, 3.0713918652e-15, 3.39331605417e-15, 6.27069409636e-17, 9.49907911112e-18, 8.08362716839e-17, 3.77235599241e-16, 7.02330210195e-19, 6.72865364692e-19, 2.98422492428e-19, 4.82584730311e-20, 3.88422334476e-20, 3.95351232264e-20]]
    },
    "mfcc": {
        "kurt": [0.464120388031, -0.470080137253, 0.819852113724, -0.86523103714, -0.498604774475, 0.377485275269, 0.381229877472, 3.5198559761, 1.29373598099, 1.47981548309, -0.162295103073, 0.311847925186, 1.04365873337],
        "max": [-863.906982422, 130.663085938, 15.612121582, 4.07886123657, 6.5447845459, 36.5020446777, 41.7035140991, 63.0516052246, 63.2157249451, 31.5289020538, 45.7737998962, 63.5403747559, 32.3574485779],
        "mean": [-1079.99462891, 33.6614494324, -29.2252922058, -34.3595542908, -19.6193599701, -8.33080482483, -1.38624632359, 1.81563973427, 3.1245598793, 2.52199649811, 9.20619392395, 13.0961360931, 0.672909975052],
        "median": [-1121.30517578, 10.4321708679, -3.30635070801, -10.9145469666, -4.65898895264, 2.28881835938e-05, -2.67028808594e-05, -5.34057617188e-05, -4.57763671875e-05, -2.28881835938e-05, 3.82299804688, 3.93718338013, -3.81469726562e-05],
        "min": [-1138.42004395, -4.47313308716, -159.512695312, -125.838417053, -89.816986084, -78.4995727539, -52.120262146, -22.5072860718, -32.84740448, -21.4153518677, -18.4014644623, -6.41939544678, -21.4065971375],
        "skew": [1.36222147942, 1.00760650635, -1.45902001858, -0.847468614578, -0.913188040257, -0.940683364868, -0.540457189083, 1.53476381302, 1.04556715488, 0.708124101162, 0.699970722198, 1.11231851578, 0.660974442959],
        "var": [6768.3203125, 1803.04968262, 2098.30004883, 1736.9473877, 657.575439453, 763.308532715, 439.744995117, 208.997360229, 394.265136719, 83.7995452881, 154.945022583, 298.35836792, 100.837730408],
        "cov": [[6830.41503906, 3313.49902344, -3670.18139648, -3065.35253906, -1861.75842285, -1443.00061035, -610.654907227, 436.82824707, 1028.10925293, 228.190185547, 382.483612061, 1205.42797852, 109.261390686], [3313.49902344, 1819.59143066, -1663.58398438, -1689.68688965, -1017.49871826, -769.829833984, -346.501251221, 247.882522583, 476.165283203, 113.93838501, 258.718719482, 589.319030762, 117.07485199], [-3670.18139648, -1663.58398438, 2117.55053711, 1631.34204102, 885.365844727, 607.62121582, 196.95980835, -226.559387207, -489.714355469, -94.1485900879, -184.768371582, -612.35949707, 29.4344596863], [-3065.35253906, -1689.68688965, 1631.34204102, 1752.88269043, 932.33404541, 443.489898682, 101.788513184, -197.929977417, -307.049621582, -78.9937744141, -263.358276367, -510.73626709, -26.3956394196], [-1861.75842285, -1017.49871826, 885.365844727, 932.33404541, 663.608215332, 451.922515869, 144.902740479, -137.180160522, -270.41619873, -80.7822647095, -132.46156311, -337.508178711, -79.0875244141], [-1443.00061035, -769.829833984, 607.62121582, 443.489898682, 451.922515869, 770.311340332, 455.944519043, -228.273910522, -429.021850586, -78.6379318237, -58.5219192505, -280.748596191, -159.455093384], [-610.654907227, -346.501251221, 196.95980835, 101.788513184, 144.902740479, 455.944519043, 443.77935791, -44.8526954651, -318.594360352, -69.9943313599, -7.62468290329, -163.775619507, -127.006416321], [436.82824707, 247.882522583, -226.559387207, -197.929977417, -137.180160522, -228.273910522, -44.8526954651, 210.914764404, 128.29624939, -33.0563545227, -16.1932601929, 18.6463928223, 17.2995014191], [1028.10925293, 476.165283203, -489.714355469, -307.049621582, -270.41619873, -429.021850586, -318.594360352, 128.29624939, 397.882232666, 72.4456176758, -48.2454833984, 166.398101807, 66.3601531982], [228.190185547, 113.93838501, -94.1485900879, -78.9937744141, -80.7822647095, -78.6379318237, -69.9943313599, -33.0563545227, 72.4456176758, 84.5683517456, 41.0494766235, 49.4945220947, 0.341228544712], [382.483612061, 258.718719482, -184.768371582, -263.358276367, -132.46156311, -58.5219192505, -7.62468290329, -16.1932601929, -48.2454833984, 41.0494766235, 156.366546631, 112.134155273, -10.6695413589], [1205.42797852, 589.319030762, -612.35949707, -510.73626709, -337.508178711, -280.748596191, -163.775619507, 18.6463928223, 166.398101807, 49.4945220947, 112.134155273, 301.095611572, 47.7592849731], [109.261390686, 117.07485199, 29.4344596863, -26.3956394196, -79.0875244141, -159.455093384, -127.006416321, 17.2995014191, 66.3601531982, 0.341228544712, -10.6695413589, 47.7592849731, 101.7628479]]
    },
    "sccoeffs": {
        "kurt": [5.19169998169, -1.09367716312, -0.587297916412, -0.965631961823, -0.0381226539612, 2.21052026749],
        "max": [-0.610223293304, -0.269698113203, -0.501879870892, -0.369533061981, -0.364786088467, -0.460359066725],
        "mean": [-0.937349975109, -0.673805177212, -0.803139746189, -0.751549780369, -0.801516652107, -0.892960071564],
        "median": [-0.9621758461, -0.690065145493, -0.797092914581, -0.769100487232, -0.847201943398, -0.936908364296],
        "min": [-0.998222351074, -0.971829295158, -0.989370584488, -0.99395108223, -0.97188615799, -0.977246582508],
        "skew": [2.13270831108, 0.297613531351, 0.256317079067, 0.463563203812, 1.05363345146, 1.71075391769],
        "var": [0.00558847608045, 0.0370735526085, 0.0123205268756, 0.0324106551707, 0.0272490475327, 0.011404838413],
        "cov": [[0.00563974678516, -0.00405182316899, -0.0031695724465, -0.0057753440924, -0.00088445370784, 0.00185388349928], [-0.00405182316899, 0.037413675338, 0.0109873209149, 0.00654582493007, 0.0216542780399, 0.00309531437233], [-0.0031695724465, 0.0109873209149, 0.0124335596338, 0.00602778885514, 0.00549364415929, -0.0013942073565], [-0.0057753440924, 0.00654582493007, 0.00602778885514, 0.0327080003917, 0.00867101829499, -0.00162072619423], [-0.00088445370784, 0.0216542780399, 0.00549364415929, 0.00867101829499, 0.0274990387261, 0.00965770054609], [0.00185388349928, 0.00309531437233, -0.0013942073565, -0.00162072619423, 0.00965770054609, 0.0115094697103]]
    },
    "scvalleys": {
        "kurt": [0.0395534038544, -0.614178419113, -0.947514533997, -0.804462194443, -0.69918346405, -0.900202274323],
        "max": [-10.5328264236, -8.29854774475, -5.51977062225, -6.85203027725, -10.8024206161, -12.3538827896],
        "mean": [-16.073474884, -15.1429386139, -13.8465108871, -15.2860565186, -16.9976425171, -18.1225299835],
        "median": [-14.9711780548, -14.6775779724, -13.8386325836, -14.8124065399, -17.1462993622, -18.2263069153],
        "min": [-27.1570949554, -27.0501155853, -27.3465213776, -27.0479660034, -27.2657833099, -27.1753425598],
        "skew": [-0.949633300304, -0.426676988602, -0.238967850804, -0.170848563313, -0.206699222326, -0.230320751667],
        "var": [14.02739048, 17.4004631042, 28.7037620544, 20.8484477997, 11.1033840179, 10.394452095],
        "cov": [[14.1560821533, 14.4027338028, 16.9193267822, 14.2921247482, 10.8460741043, 10.6869277954], [14.4027338028, 17.5601005554, 21.5879421234, 18.2243309021, 13.2142734528, 12.7375249863], [16.9193267822, 21.5879421234, 28.9671001434, 24.2429695129, 17.1068515778, 16.1827888489], [14.2921247482, 18.2243309021, 24.2429695129, 21.0397186279, 14.5090246201, 13.8415765762], [10.8460741043, 13.2142734528, 17.1068515778, 14.5090246201, 11.2052497864, 10.6270227432], [10.6869277954, 12.7375249863, 16.1827888489, 13.8415765762, 10.6270227432, 10.4898147583]]
    }
},
"rhythm": {
    "beats_loudness": {
        "kurt": -0.15571308136,
        "max": 0.0110487574711,
        "mean": 0.00307940877974,
        "median": 0.00115165906027,
        "min": 4.64488643104e-08,
        "skew": 1.23091232777,
        "var": 1.72406817001e-05
    },
    "bpm": 139.674835205,
    "confidence": 0,
    "first_peak_bpm": {
        "kurt": 0,
        "max": 140,
        "mean": 140,
        "median": 140,
        "min": 140,
        "skew": 0,
        "var": 0
    },
    "first_peak_spread": {
        "kurt": 0,
        "max": 0,
        "mean": 0,
        "median": 0,
        "min": 0,
        "skew": 0,
        "var": 0
    },
    "first_peak_weight": {
        "kurt": 0,
        "max": 0.5,
        "mean": 0.5,
        "median": 0.5,
        "min": 0.5,
        "skew": 0,
        "var": 0
    },
    "onset_rate": 1.58041846752,
    "second_peak_bpm": {
        "kurt": 0,
        "max": 129,
        "mean": 129,
        "median": 129,
        "min": 129,
        "skew": 0,
        "var": 0
    },
    "second_peak_spread": {
        "kurt": 0,
        "max": 0,
        "mean": 0,
        "median": 0,
        "min": 0,
        "skew": 0,
        "var": 0
    },
    "second_peak_weight": {
        "kurt": 0,
        "max": 0.25,
        "mean": 0.25,
        "median": 0.25,
        "min": 0.25,
        "skew": 0,
        "var": 0
    },
    "beats_loudness_band_ratio": {
        "kurt": [0.249994754791, -1.13845038414, -1.79225420952, 0.15753364563, -0.394634008408, 0.248610496521],
        "max": [0.00175338890404, 2.32948514167e-05, 0.999915063381, 0.930886507034, 0.106408648193, 0.998241126537],
        "mean": [0.000351269176463, 1.05610888568e-05, 0.538479566574, 0.225459292531, 0.0340959429741, 0.203563123941],
        "median": [4.78982542518e-07, 1.01269406514e-05, 0.828253388405, 0.0671165436506, 0.0280603244901, 0.00197288068011],
        "min": [4.13969907243e-08, 1.73928242475e-07, 3.06693891616e-07, 2.63463277861e-08, 1.45476718671e-07, 4.27412601312e-07],
        "skew": [1.49999594688, 0.297576457262, -0.34844660759, 1.43328714371, 1.00928664207, 1.49897193909],
        "var": [4.9148547987e-07, 6.53287632324e-11, 0.189276963472, 0.126718580723, 0.00151872157585, 0.157921805978],
        "cov": [[6.14356849837e-07, -1.84131002112e-10, -0.000235813233303, -9.89402178675e-05, -1.49125899043e-05, 0.000348194764229], [-1.84131002112e-10, 8.16609557752e-11, 1.9343999611e-06, -2.06588924812e-06, 2.75183737131e-07, -1.51937896931e-07], [-0.000235813233303, 1.9343999611e-06, 0.236596211791, -0.105576075613, 0.00519138621166, -0.136505201459], [-9.89402178675e-05, -2.06588924812e-06, -0.105576075613, 0.158398225904, 0.00146115501411, -0.0532108582556], [-1.49125899043e-05, 2.75183737131e-07, 0.00519138621166, 0.00146115501411, 0.00189840199891, -0.00850360933691], [0.000348194764229, -1.51937896931e-07, -0.136505201459, -0.0532108582556, -0.00850360933691, 0.197402253747]]
    },
    "beats_position": [0.476009070873, 0.940408170223, 1.369977355, 1.79954648018, 2.20589566231],
    "bpm_estimates": [139.674819946, 139.674835205],
    "bpm_intervals": [0.46439909935, 0.42956918478, 0.429569125175, 0.406349182129],
    "onset_times": [0.18575963378, 0.53405892849, 0.952018141747, 2.13623571396],
    "histogram": [[0, 0, 0, 0, 0, 0, 0, 0, 0, 0, 0, 0, 0, 0, 0, 0, 0, 0, 0, 0, 0, 0, 0, 0, 0, 0, 0, 0, 0, 0, 0, 0, 0, 0, 0, 0, 0, 0, 0, 0, 0, 0, 0, 0, 0, 0, 0, 0, 0, 0, 0, 0, 0, 0, 0, 0, 0, 0, 0, 0, 0, 0, 0, 0, 0, 0, 0, 0, 0, 0, 0, 0, 0, 0, 0, 0, 0, 0, 0, 0, 0, 0, 0, 0, 0, 0, 0, 0, 0, 0, 0, 0, 0, 0, 0, 0, 0, 0, 0, 0, 0, 0, 0, 0, 0, 0, 0, 0, 0, 0, 0, 0, 0, 0, 0, 0, 0, 0, 0, 0, 0, 0, 0, 0, 0, 0, 0, 0, 0, 0.25, 0, 0, 0, 0, 0, 0, 0, 0, 0, 0, 0.5, 0, 0, 0, 0, 0, 0, 0, 0.25, 0, 0, 0, 0, 0, 0, 0, 0, 0, 0, 0, 0, 0, 0, 0, 0, 0, 0, 0, 0, 0, 0, 0, 0, 0, 0, 0, 0, 0, 0, 0, 0, 0, 0, 0, 0, 0, 0, 0, 0, 0, 0, 0, 0, 0, 0, 0, 0, 0, 0, 0, 0, 0, 0, 0, 0, 0, 0, 0, 0, 0, 0, 0, 0, 0, 0, 0, 0, 0, 0, 0, 0, 0, 0, 0, 0, 0, 0, 0, 0, 0, 0, 0, 0, 0, 0, 0, 0, 0, 0, 0, 0, 0, 0, 0, 0, 0, 0, 0, 0, 0]]
},
"sfx": {
    "inharmonicity": {
        "kurt": 18.564956665,
        "max": 1,
        "mean": 0.074373498559,
        "median": 0.0132557339966,
        "min": 0,
        "skew": 4.34884738922,
        "var": 0.0352017506957
    },
    "oddtoevenharmonicenergyratio": {
        "kurt": 0,
        "max": 3.40282346639e+38,
        "mean": 0,
        "median": 0.00822734832764,
        "min": 0,
        "skew": 0,
        "var": 0
    },
    "pitch_after_max_to_before_max_energy_ratio": 0.62222468853,
    "pitch_centroid": 56.6892280579,
    "pitch_max_to_total": 0.654545426369,
    "pitch_min_to_total": 0.0454545468092,
    "tristimulus": {
        "kurt": [-1.73312950134, -0.715347528458, 3.67861938477],
        "max": [1, 0.999643445015, 1],
        "mean": [0.554611325264, 0.277266353369, 0.13175855577],
        "median": [0.621479153633, 0.00744689814746, 0.00212214863859],
        "min": [0, 0, 0],
        "skew": [-0.200786858797, 0.942547619343, 2.28762078285],
        "var": [0.187198534608, 0.133802443743, 0.0867115780711],
        "cov": [[0.18891595304, -0.105373188853, -0.0631900951266], [-0.105373188853, 0.135030001402, -0.0194818731397], [-0.0631900951266, -0.0194818731397, 0.0875070989132]]
    }
},
"tonal": {
    "chords_changes_rate": 0.142857149243,
    "chords_number_rate": 0.0714285746217,
    "chords_strength": {
        "kurt": 0.892668247223,
        "max": 0.654069185257,
        "mean": 0.555334210396,
        "median": 0.610796868801,
        "min": 0.227292075753,
        "skew": -1.53009164333,
        "var": 0.01653358154
    },
    "key_strength": 0.671601057053,
    "tuning_diatonic_strength": 0.651146948338,
    "tuning_equal_tempered_deviation": 0.237327381968,
    "tuning_frequency": 438.224517822,
    "tuning_nontempered_energy_ratio": 0.861977517605,
    "hpcp": {
        "kurt": [17.4933662415, 16.9136257172, 12.6780977249, 7.07353496552, 2.54849815369, 1.44004631042, 0.354028463364, -0.153312444687, 5.16584587097, 5.45373249054, 2.90023851395, 7.81297016144, 10.0388536453, 6.40810680389, 8.9207983017, 11.2041482925, 20.6364154816, 28.454284668, 9.77683734894, 13.2033367157, 10.0645332336, 16.0997180939, 5.62857246399, 6.76185512543, 2.99547767639, -0.145817995071, 0.025771856308, 4.05312633514, 5.1370716095, 4.82659721375, 9.99735736847, 36.3957939148, 19.9393310547, 36.4740066528, 29.6467819214, 12.8151035309],
        "max": [0.241756215692, 0.337994426489, 0.602887094021, 1, 1, 1, 1, 0.774236738682, 1, 1, 0.662031769753, 0.911958217621, 1, 0.915113151073, 1, 1, 0.885580897331, 0.55805939436, 0.435581058264, 1, 1, 1, 0.652720630169, 0.991271793842, 1, 1, 1, 0.850403308868, 0.3640152812, 0.201344460249, 0.447146564722, 0.85172188282, 0.405094414949, 0.337020307779, 0.252764493227, 0.212463796139],
        "mean": [0.0135243618861, 0.0198285672814, 0.0419041253626, 0.098097205162, 0.142681494355, 0.17697788775, 0.214779168367, 0.156865984201, 0.112155675888, 0.114267237484, 0.0819912403822, 0.0776652619243, 0.0869041532278, 0.0837985053658, 0.0913766399026, 0.0833894237876, 0.0451405122876, 0.023340433836, 0.0321244709194, 0.0654720142484, 0.0795751139522, 0.0739110484719, 0.0777335166931, 0.107957318425, 0.159742504358, 0.23364174366, 0.224767223001, 0.114288978279, 0.0435790494084, 0.0246658232063, 0.0362839624286, 0.0363157056272, 0.0223727617413, 0.0135632436723, 0.0115820216015, 0.0141715770587],
        "median": [2.41103316512e-06, 2.55934742199e-06, 0, 3.02941007249e-05, 2.91850774374e-05, 0.000511297606863, 0.00189732131548, 0.00377888558432, 0.00314855435863, 0.00225939624943, 0.000593540200498, 0.000332740048179, 9.16688586585e-05, 1.47852251757e-05, 8.06434254628e-05, 4.60763340016e-06, 1.02045487438e-05, 0, 3.68732653442e-05, 7.84107251093e-05, 0.000301043706713, 0.000355328462319, 0.00055763986893, 0.00552373751998, 0.0123914703727, 0.0162266045809, 0.0100280195475, 0.00589064974338, 0.00106879114173, 0.000289728224743, 6.38138371869e-05, 6.50494712318e-06, 0, 0, 0, 0],
