{
"metadata": {
    "version": {
        "essentia": "2.1-beta3"
    }
},
"lowLevel": {
    "average_loudness": 0.99068403244,
    "barkbands_kurtosis": {
        "kurt": 0.851865053177,
        "max": 13.3689689636,
        "mean": 2.75228881836,
        "median": 1.97149896622,
        "min": -1.30564558506,
        "skew": 0.979836940765,
        "var": 10.7352428436
    },
    "barkbands_skewness": {
        "kurt": 1.45771217346,
        "max": 2.21338582039,
        "mean": 1.01856911182,
        "median": 0.942753851414,
        "min": -1.26500332355,
        "skew": -0.524846434593,
        "var": 0.421879202127
    },
    "barkbands_spread": {
        "kurt": 5.88652229309,
        "max": 38.3495597839,
        "mean": 9.51904296875,
        "median": 7.29709196091,
        "min": 2.31407594681,
        "skew": 1.9165828228,
        "var": 41.1918373108
    },
    "dissonance": {
        "kurt": 5.26205158234,
        "max": 0.498290389776,
        "mean": 0.451301068068,
        "median": 0.479193359613,
        "min": 0.208174929023,
        "skew": -2.43690490723,
        "var": 0.00501473294571
    },
    "hfc": {
        "kurt": 1.04308462143,
        "max": 682.922119141,
        "mean": 129.751159668,
        "median": 27.7852516174,
        "min": 5.75679114263e-05,
        "skew": 1.43491601944,
        "var": 31972.4082031
    },
    "pitch": {
        "kurt": 16.495557785,
        "max": 3990.73144531,
        "mean": 621.22845459,
        "median": 441.770141602,
        "min": 161.756912231,
        "skew": 3.97096014023,
        "var": 413583.78125
    },
    "pitch_instantaneous_confidence": {
        "kurt": 0.0603251457214,
        "max": 0.725730538368,
        "mean": 0.423977762461,
        "median": 0.440092504025,
        "min": 0.199883639812,
        "skew": 0.303089678288,
        "var": 0.0129225002602
    },
    "pitch_salience": {
        "kurt": 0.506595373154,
        "max": 0.851224422455,
        "mean": 0.693938195705,
        "median": 0.7011282444,
        "min": 0.45774641633,
        "skew": -0.400981605053,
        "var": 0.00702146114781
    },
    "silence_rate_20dB": {
        "kurt": 19.54255867,
        "max": 1,
        "mean": 0.959183692932,
        "median": 1,
        "min": 0,
        "skew": -4.64140415192,
        "var": 0.0391503348947
    },
    "silence_rate_30dB": {
        "kurt": -1.69713282585,
        "max": 1,
        "mean": 0.632653057575,
        "median": 1,
        "min": 0,
        "skew": -0.550333440304,
        "var": 0.232403233647
    },
    "silence_rate_60dB": {
        "kurt": -1.58639705181,
        "max": 1,
        "mean": 0.346938788891,
        "median": 0,
        "min": 0,
        "skew": 0.643119573593,
        "var": 0.226572275162
    },
    "spectral_centroid": {
        "kurt": 2.14739942551,
        "max": 2380.80493164,
        "mean": 1071.25195312,
        "median": 980.694213867,
        "min": 597.772094727,
        "skew": 1.32129716873,
        "var": 128304.59375
    },
    "spectral_complexity": {
        "kurt": -1.49167215824,
        "max": 64,
        "mean": 26.2857151031,
        "median": 21,
        "min": 0,
        "skew": 0.266777932644,
        "var": 523.877563477
    },
    "spectral_crest": {
        "kurt": 0.944724321365,
        "max": 19.9273891449,
        "mean": 9.49924945831,
        "median": 8.3581867218,
        "min": 4.75124931335,
        "skew": 0.923588931561,
        "var": 9.51540851593
    },
    "spectral_decrease": {
        "kurt": -0.647860765457,
        "max": -2.41327123622e-14,
        "mean": -2.27730581059e-08,
        "median": -7.89706167126e-09,
        "min": -8.09826445902e-08,
        "skew": -0.876312255859,
        "var": 7.01269694339e-16
    },
    "spectral_energy": {
        "kurt": -0.502609968185,
        "max": 0.36336004734,
        "mean": 0.0977195203304,
        "median": 0.0315736457705,
        "min": 9.63040847068e-08,
        "skew": 0.935307264328,
        "var": 0.0133789144456
    },
    "spectral_energyband_high": {
        "kurt": 9.67159557343,
        "max": 0.0317577756941,
        "mean": 0.00285172881559,
        "median": 7.44533099351e-05,
        "min": 7.45488726306e-10,
        "skew": 2.96603131294,
        "var": 3.5943234252e-05
    },
    "spectral_energyband_low": {
        "kurt": 5.9916677475,
        "max": 0.000979782897048,
        "mean": 0.000109803302621,
        "median": 7.20297248336e-06,
        "min": 1.39119238352e-09,
        "skew": 2.5366590023,
        "var": 4.57829436584e-08
    },
    "spectral_energyband_middle_high": {
        "kurt": 0.903704166412,
        "max": 0.305378198624,
        "mean": 0.0673195570707,
        "median": 0.0193743295968,
        "min": 1.2155470408e-08,
        "skew": 1.35751187801,
        "var": 0.00769795337692
    },
    "spectral_energyband_middle_low": {
        "kurt": 3.83980464935,
        "max": 0.192968800664,
        "mean": 0.0313907340169,
        "median": 0.0181077700108,
        "min": 8.22199197614e-08,
        "skew": 1.88282167912,
        "var": 0.00169287540484
    },
    "spectral_flatness_db": {
        "kurt": -0.886965751648,
        "max": 0.323909193277,
        "mean": 0.222359135747,
        "median": 0.213554829359,
        "min": 0.124382421374,
        "skew": 0.144359707832,
        "var": 0.00269661238417
    },
    "spectral_flux": {
        "kurt": -1.21430897713,
        "max": 0.466707736254,
        "mean": 0.171578556299,
        "median": 0.148190811276,
        "min": 0.000212220125832,
        "skew": 0.366939723492,
        "var": 0.0224420297891
    },
    "spectral_kurtosis": {
        "kurt": 3.22664403915,
        "max": 46.1554412842,
        "mean": 12.6145944595,
        "median": 10.2895879745,
        "min": 1.63677120209,
        "skew": 1.46231901646,
        "var": 69.7469177246
    },
    "spectral_rms": {
        "kurt": -1.35306882858,
        "max": 0.0188281070441,
        "mean": 0.00732748536393,
        "median": 0.00555009534582,
        "min": 9.69304892351e-06,
        "skew": 0.338782608509,
        "var": 4.164407801e-05
    },
    "spectral_rolloff": {
        "kurt": -0.0598809719086,
        "max": 3962.109375,
        "mean": 1663.33007812,
        "median": 1335.05859375,
        "min": 689.0625,
        "skew": 1.02317023277,
        "var": 703306.75
    },
    "spectral_skewness": {
        "kurt": -0.346120834351,
        "max": 4.95011138916,
        "mean": 2.60857200623,
        "median": 2.56084156036,
        "min": 0.98625177145,
        "skew": 0.320362329483,
        "var": 0.700938403606
    },
    "spectral_spread": {
        "kurt": 24.3998794556,
        "max": 24821844,
        "mean": 3526211,
        "median": 2797414.75,
        "min": 1412752.75,
        "skew": 4.83172130585,
        "var": 1.27643523482e+13
    },
    "spectral_strongpeak": {
        "kurt": 0.590542554855,
        "max": 10.1486587524,
        "mean": 2.34791564941,
        "median": 1.42383766174,
        "min": 0.000233835773543,
        "skew": 1.237803936,
        "var": 7.2062625885
    },
    "zerocrossingrate": {
        "kurt": 17.20221138,
        "max": 0.2412109375,
        "mean": 0.0561623089015,
        "median": 0.04833984375,
        "min": 0.015625,
        "skew": 4.18276309967,
        "var": 0.00134953169618
    },
    "barkbands": {
        "kurt": [12.4742612839, 11.409658432, 13.5385150909, 14.2864437103, 1.24782276154, 2.56677627563, 6.81475067139, 4.37842082977, 10.0197191238, 6.00204277039, 2.54319810867, 15.2669754028, 6.75998878479, 11.4320993423, 7.70534420013, 4.23013830185, 3.45821380615, 3.64754724503, 6.62341976166, 7.85941791534, 6.32466697693, 7.92529582977, 13.5105075836, 14.6343746185, 19.3543815613, 16.9526233673, 12.261384964],
        "max": [3.43438296113e-06, 0.000202235169127, 0.000609143229667, 0.00133191084024, 0.00173664104659, 0.0127140600234, 0.0959965363145, 0.0136400172487, 0.0691500753164, 0.186851710081, 0.0770060941577, 0.0342106558383, 0.0817860588431, 0.0269781351089, 0.012507702224, 0.0354982130229, 0.0231597907841, 0.0268093924969, 0.0408942215145, 0.0291079580784, 0.0114881265908, 0.00348032475449, 0.000660596706439, 0.000244447553996, 0.00011630087829, 4.18680519942e-06, 6.14962942791e-08],
        "mean": [2.88057179887e-07, 1.71221236087e-05, 4.90958009323e-05, 9.40998506849e-05, 0.000323964195559, 0.00222787400708, 0.0116863343865, 0.00234192842618, 0.00767658604309, 0.0250591989607, 0.011720912531, 0.0031515955925, 0.010196287185, 0.00224657403305, 0.00139947154094, 0.00434941099957, 0.00308280368336, 0.00368548207916, 0.00408431515098, 0.00272883987054, 0.00117980968207, 0.000340006547049, 5.26348740095e-05, 1.7433980247e-05, 7.25784730093e-06, 2.97189416187e-07, 5.99903149379e-09],
        "median": [1.50940948629e-08, 1.79468656825e-06, 3.90723926103e-06, 6.17406931269e-06, 5.58771753276e-05, 0.00070561945904, 0.00400885567069, 0.00129648915026, 0.00189640745521, 0.00947460625321, 0.00332899577916, 0.000579761108384, 0.00348539627157, 0.00027744070394, 0.000123421370517, 0.000229718687478, 0.000234023682424, 7.76726810727e-05, 6.39179270365e-05, 3.93002083001e-05, 4.04036982218e-05, 1.9226454242e-05, 1.31916942792e-06, 3.66385819461e-07, 1.06020088708e-07, 7.87284548665e-09, 2.19876516994e-09],
        "min": [2.43125138077e-11, 7.62312102331e-10, 5.9755755899e-11, 6.42604691681e-10, 1.50290233591e-08, 9.99385996181e-09, 7.62538210353e-09, 2.03177066282e-08, 1.16193481503e-08, 5.75715652928e-09, 1.76520631445e-09, 8.57623749795e-10, 1.34868083368e-09, 9.6005114969e-10, 2.84982787369e-10, 5.07748398881e-10, 2.04911240753e-10, 3.51568663071e-10, 2.05436848089e-10, 1.78687328822e-10, 1.6455060925e-10, 1.11091087718e-10, 4.13482650896e-11, 3.50727849541e-11, 4.4982007702e-11, 1.81657976422e-12, 1.06199601793e-13],
        "skew": [3.28530478477, 3.33296585083, 3.46932482719, 3.73171710968, 1.52182424068, 1.88594949245, 2.60821580887, 2.12667322159, 3.13086414337, 2.51749920845, 1.98126316071, 3.51801371574, 2.67605853081, 3.40643525124, 2.70943069458, 2.26760005951, 1.92259812355, 2.14406347275, 2.60111856461, 2.73302745819, 2.5899066925, 2.76214718819, 3.4189453125, 3.69081640244, 4.20266485214, 3.8865916729, 3.23654460907],
        "var": [3.72246233404e-13, 1.46424794512e-09, 1.1490983276e-08, 5.70463853933e-08, 2.24730428044e-07, 1.16304645417e-05, 0.000389596330933, 1.04201544673e-05, 0.00020559906261, 0.0017204741016, 0.000398095959099, 3.2751562685e-05, 0.00033430280746, 2.68889216386e-05, 6.69851397106e-06, 6.87228748575e-05, 2.61989644059e-05, 4.52180975117e-05, 7.12639230187e-05, 3.33627904183e-05, 5.99115401201e-06, 4.80234746192e-07, 1.34176003641e-08, 1.85490078852e-09, 3.68750557866e-10, 4.99131552062e-13, 1.18044337944e-16],
        "cov": [[3.80001368913e-13, 1.02656182166e-11, 4.36692244865e-11, 9.27027898889e-11, 1.54373888672e-10, 8.31581747907e-10, 6.76859768234e-09, 1.45644551974e-09, 5.81255577004e-09, 6.20649709404e-09, 5.7443476642e-09, 1.80880188605e-09, 4.19643209071e-09, 1.11424802718e-09, 7.18363202257e-10, 4.35015468092e-10, 1.27002941497e-09, 2.05017713917e-09, 2.30988494998e-09, 1.71138081484e-09, 6.5023098017e-10, 2.2321272608e-10, 3.24346799419e-11, 1.11815895085e-11, 5.3150973206e-12, 2.04151650554e-13, 3.22884237285e-15], [1.02656182166e-11, 1.49475309907e-09, 1.28255572829e-09, 4.30815783048e-09, 1.06483595275e-08, 5.21102485607e-08, 3.34318656314e-07, 4.43764314184e-08, 1.38191850851e-07, 1.91436456021e-07, 3.17715347364e-07, 8.0453105511e-08, 5.64854190088e-07, 1.33217284315e-07, 6.82800305185e-08, 1.48512384612e-07, 9.3103949439e-08, 1.18611104938e-07, 2.17647652789e-07, 1.51312846697e-07, 6.71440361089e-08, 1.59309063719e-08, 3.0698503739e-09, 9.5512653342e-10, 4.42253789146e-10, 1.90178896936e-11, 2.7753491237e-13], [4.36692244865e-11, 1.28255572829e-09, 1.17303784464e-08, 1.49311478737e-08, 2.4754463368e-08, 1.08473606986e-07, 1.52747907123e-06, 1.86281454262e-07, 4.6290267619e-07, 1.05022206753e-06, 7.7355736039e-07, 3.60728222404e-07, 6.36936363207e-07, 2.04091591627e-07, 1.50815239408e-07, 2.25967369261e-07, 2.34769103713e-07, 4.29375546673e-07, 3.45293614146e-07, 2.29009401664e-07, 1.01422415355e-07, 3.44633015459e-08, 4.32701030562e-09, 1.44685641246e-09, 6.83787415579e-10, 2.59824817911e-11, 4.15704471714e-13], [9.27027898889e-11, 4.30815783048e-09, 1.49311478737e-08, 5.82348498313e-08, 7.32818037363e-08, 1.69203147493e-07, 1.812249252e-06, 5.28808016043e-07, 1.13393366519e-06, 1.61997388659e-06, 1.77013862412e-06, 1.10269911602e-06, 2.05788319363e-06, 7.72356997913e-07, 3.79686724727e-07, 4.3388374138e-07, 4.91174716899e-07, 7.57172472277e-07, 1.020231025e-06, 7.46446460198e-07, 2.89151785182e-07, 7.64606298276e-08, 1.11972218164e-08, 4.11372180764e-09, 1.95057059393e-09, 8.2803215673e-11, 1.27190651674e-12], [1.54373888672e-10, 1.06483595275e-08, 2.4754463368e-08, 7.32818037363e-08, 2.29412307817e-07, 8.36394576709e-07, 5.49917058379e-06, 9.10150845357e-07, 1.45791830164e-06, 7.43618647903e-06, 5.16922182214e-06, 1.8638719439e-06, 6.32194860373e-06, 1.27194380184e-06, 8.8697282763e-07, 2.55023769569e-06, 1.56511271143e-06, 2.23255574383e-06, 3.0613330182e-06, 2.09288896258e-06, 8.26255927677e-07, 2.36451526803e-07, 3.82497269413e-08, 1.41880320825e-08, 6.28805585379e-09, 2.43760678309e-10, 3.83452080852e-12], [8.31581747907e-10, 5.21102485607e-08, 1.08473606986e-07, 1.69203147493e-07, 8.36394576709e-07, 1.18727657537e-05, 2.99327821267e-05, 5.45718421563e-06, 1.76389548869e-05, 2.30811656365e-05, 1.959038309e-05, 4.39317454948e-06, 1.86400993698e-05, 6.38899155092e-06, 2.93232574222e-06, 1.58985421876e-05, 6.14523969489e-06, 6.11544737694e-06, 7.26950202079e-06, 4.64963522973e-06, 1.73581292984e-06, 4.3316165943e-07, 9.94688491573e-08, 3.16701012082e-08, 1.34708875166e-08, 5.82606352051e-10, 9.77813923581e-12], [6.76859768234e-09, 3.34318656314e-07, 1.52747907123e-06, 1.812249252e-06, 5.49917058379e-06, 2.99327821267e-05, 0.000397712923586, 3.01744948956e-05, 7.04100166331e-05, 0.000113522313768, 0.000175738226972, 2.56124567386e-05, 0.000124645594042, 2.6930400054e-05, 4.16113616666e-05, 8.98552243598e-05, 4.36394875578e-05, 5.48178832105e-05, 5.44411013834e-05, 3.08603412122e-05, 1.62281485245e-05, 4.26286578659e-06, 6.85276290824e-07, 1.80993637855e-07, 7.17425976404e-08, 3.30448224339e-09, 5.4562576679e-11], [1.45644551974e-09, 4.43764314184e-08, 1.86281454262e-07, 5.28808016043e-07, 9.10150845357e-07, 5.45718421563e-06, 3.01744948956e-05, 1.06372417576e-05, 2.62367375399e-05, 3.46083797922e-05, 2.96384023386e-05, 1.15700941024e-05, 1.92792231246e-05, 8.61166608956e-06, 3.74957198801e-06, 8.06964999356e-06, 5.44195245311e-06, 8.52366156323e-06, 9.76729825197e-06, 7.23533821656e-06, 2.57945362137e-06, 7.44669989672e-07, 1.13455847384e-07, 3.9422673126e-08, 1.9395326234e-08, 8.0374124023e-10, 1.37122301361e-11], [5.81255577004e-09, 1.38191850851e-07, 4.6290267619e-07, 1.13393366519e-06, 1.45791830164e-06, 1.76389548869e-05, 7.04100166331e-05, 2.62367375399e-05, 0.000209882375202, 0.000218186702114, 7.24851634004e-05, 2.35958850681e-05, 2.32272232097e-05, 1.9520679416e-05, 7.85350403021e-06, 1.67232337844e-05, 4.00943827117e-05, 1.43950701386e-05, 8.69099676493e-06, 1.93313917407e-05, 3.35701952281e-06, 1.65129051766e-06, 1.37071353379e-07, 2.18435420862e-08, 1.56133559415e-08, 1.13384623912e-09, 2.55236509011e-11], [6.20649709404e-09, 1.91436456021e-07, 1.05022206753e-06, 1.61997388659e-06, 7.43618647903e-06, 2.30811656365e-05, 0.000113522313768, 3.46083797922e-05, 0.000218186702114, 0.00175631733146, 8.63794339239e-05, 9.41213511396e-05, 0.000327602960169, 2.23852712224e-05, 2.71774042631e-05, 0.0001014333684, 0.000163701144629, 0.00020627338381, 0.000200886570383, 0.000134254412842, 5.97294711042e-05, 1.71652809513e-05, 2.47972297984e-06, 9.53137259785e-07, 3.53483045501e-07, 1.21540439935e-08, 2.29831820242e-10], [5.7443476642e-09, 3.17715347364e-07, 7.7355736039e-07, 1.77013862412e-06, 5.16922182214e-06, 1.959038309e-05, 0.000175738226972, 2.96384023386e-05, 7.24851634004e-05, 8.63794339239e-05, 0.000406389619457, 6.03804546699e-05, 0.00012653626618, 6.11625437159e-05, 2.97253300232e-05, 3.22987434629e-05, 3.25657492795e-05, 5.80440246267e-05, 8.71220036061e-05, 5.96085774305e-05, 2.35556653934e-05, 6.82174368194e-06, 1.24091502585e-06, 3.93234017793e-07, 1.88083348007e-07, 7.64245733365e-09, 1.23057716794e-10], [1.80880188605e-09, 8.0453105511e-08, 3.60728222404e-07, 1.10269911602e-06, 1.8638719439e-06, 4.39317454948e-06, 2.56124567386e-05, 1.15700941024e-05, 2.35958850681e-05, 9.41213511396e-05, 6.03804546699e-05, 3.34338874382e-05, 5.30081124452e-05, 1.83960310096e-05, 6.71338375469e-06, 1.32678515001e-05, 1.5513100152e-05, 2.65275793936e-05, 3.05719804601e-05, 2.10613816307e-05, 8.71408246894e-06, 2.47971797762e-06, 3.6838113715e-07, 1.28983202785e-07, 6.10626500475e-08, 2.3919508596e-09, 3.93667598519e-11], [4.19643209071e-09, 5.64854190088e-07, 6.36936363207e-07, 2.05788319363e-06, 6.32194860373e-06, 1.86400993698e-05, 0.000124645594042, 1.92792231246e-05, 2.32272232097e-05, 0.000327602960169, 0.00012653626618, 5.30081124452e-05, 0.000341267441399, 4.00087337766e-05, 2.74268895737e-05, 6.93342881277e-05, 5.37083360541e-05, 9.28251538426e-05, 0.000134724366944, 8.6840154836e-05, 3.87763466279e-05, 1.08574995465e-05, 1.77496156084e-06, 6.54139967082e-07, 2.80537477693e-07, 1.06926769661e-08, 1.60359059365e-10], [1.11424802718e-09, 1.33217284315e-07, 2.04091591627e-07, 7.72356997913e-07, 1.27194380184e-06, 6.38899155092e-06, 2.6930400054e-05, 8.61166608956e-06, 1.9520679416e-05, 2.23852712224e-05, 6.11625437159e-05, 1.83960310096e-05, 4.00087337766e-05, 2.74491085293e-05, 8.83726443135e-06, 1.51301865117e-05, 1.04648233901e-05, 1.38646837513e-05, 2.30158966588e-05, 1.75271325134e-05, 6.57702230455e-06, 1.42385613344e-06, 2.78064675285e-07, 8.74230750014e-08, 4.25770529944e-08, 1.93553195693e-09, 3.11808877329e-11], [7.18363202257e-10, 6.82800305185e-08, 1.50815239408e-07, 3.79686724727e-07, 8.8697282763e-07, 2.93232574222e-06, 4.16113616666e-05, 3.74957198801e-06, 7.85350403021e-06, 2.71774042631e-05, 2.97253300232e-05, 6.71338375469e-06, 2.74268895737e-05, 8.83726443135e-06, 6.83806638335e-06, 1.32939303512e-05, 8.12026428321e-06, 9.6315443443e-06, 1.31696733661e-05, 8.52442917676e-06, 3.89149136026e-06, 8.83318080014e-07, 1.55457811957e-07, 4.7479886689e-08, 1.93573743701e-08, 8.80985062679e-10, 1.4149521832e-11], [4.35015468092e-10, 1.48512384612e-07, 2.25967369261e-07, 4.3388374138e-07, 2.55023769569e-06, 1.58985421876e-05, 8.98552243598e-05, 8.06964999356e-06, 1.67232337844e-05, 0.0001014333684, 3.22987434629e-05, 1.32678515001e-05, 6.93342881277e-05, 1.51301865117e-05, 1.32939303512e-05, 7.0154601417e-05, 2.41088782786e-05, 2.00333852263e-05, 2.48253982136e-05, 1.51713711602e-05, 7.20546449884e-06, 1.22354651921e-06, 2.6495033012e-07, 7.35237719596e-08, 2.6739890302e-08, 1.30371347051e-09, 2.38856070339e-11], [1.27002941497e-09, 9.3103949439e-08, 2.34769103713e-07, 4.91174716899e-07, 1.56511271143e-06, 6.14523969489e-06, 4.36394875578e-05, 5.44195245311e-06, 4.00943827117e-05, 0.000163701144629, 3.25657492795e-05, 1.5513100152e-05, 5.37083360541e-05, 1.04648233901e-05, 8.12026428321e-06, 2.41088782786e-05, 2.67447758233e-05, 2.51476249105e-05, 2.76449991361e-05, 1.9884608264e-05, 8.28210886539e-06, 2.36618075178e-06, 3.41888863886e-07, 1.18378771674e-07, 4.62617286701e-08, 1.85377146966e-09, 3.19525135517e-11], [2.05017713917e-09, 1.18611104938e-07, 4.29375546673e-07, 7.57172472277e-07, 2.23255574383e-06, 6.11544737694e-06, 5.48178832105e-05, 8.52366156323e-06, 1.43950701386e-05, 0.00020627338381, 5.80440246267e-05, 2.65275793936e-05, 9.28251538426e-05, 1.38646837513e-05, 9.6315443443e-06, 2.00333852263e-05, 2.51476249105e-05, 4.61601412098e-05, 5.22405607626e-05, 3.22855739796e-05, 1.49866000356e-05, 4.24426207246e-06, 6.73576266763e-07, 2.47105418794e-07, 1.02608119334e-07, 3.67572838833e-09, 5.92410634437e-11], [2.30988494998e-09, 2.17647652789e-07, 3.45293614146e-07, 1.020231025e-06, 3.0613330182e-06, 7.26950202079e-06, 5.44411013834e-05, 9.76729825197e-06, 8.69099676493e-06, 0.000200886570383, 8.71220036061e-05, 3.05719804601e-05, 0.000134724366944, 2.30158966588e-05, 1.31696733661e-05, 2.48253982136e-05, 2.76449991361e-05, 5.22405607626e-05, 7.27485821699e-05, 4.71804814879e-05, 2.07722387131e-05, 5.59950785828e-06, 9.73096916823e-07, 3.55820333198e-07, 1.53892528942e-07, 5.69854874399e-09, 8.81457337676e-11], [1.71138081484e-09, 1.51312846697e-07, 2.29009401664e-07, 7.46446460198e-07, 2.09288896258e-06, 4.64963522973e-06, 3.08603412122e-05, 7.23533821656e-06, 1.93313917407e-05, 0.000134254412842, 5.96085774305e-05, 2.10613816307e-05, 8.6840154836e-05, 1.75271325134e-05, 8.52442917676e-06, 1.51713711602e-05, 1.9884608264e-05, 3.22855739796e-05, 4.71804814879e-05, 3.40578480973e-05, 1.33809298859e-05, 3.76495631826e-06, 6.36470474547e-07, 2.37551944338e-07, 1.06852951376e-07, 4.0184122696e-09, 6.19706924665e-11], [6.5023098017e-10, 6.71440361089e-08, 1.01422415355e-07, 2.89151785182e-07, 8.26255927677e-07, 1.73581292984e-06, 1.62281485245e-05, 2.57945362137e-06, 3.35701952281e-06, 5.97294711042e-05, 2.35556653934e-05, 8.71408246894e-06, 3.87763466279e-05, 6.57702230455e-06, 3.89149136026e-06, 7.20546449884e-06, 8.28210886539e-06, 1.49866000356e-05, 2.07722387131e-05, 1.33809298859e-05, 6.11596988165e-06, 1.58688737883e-06, 2.8123574225e-07, 9.90466801909e-08, 4.28837445554e-08, 1.60959501283e-09, 2.49861815266e-11], [2.2321272608e-10, 1.59309063719e-08, 3.44633015459e-08, 7.64606298276e-08, 2.36451526803e-07, 4.3316165943e-07, 4.26286578659e-06, 7.44669989672e-07, 1.65129051766e-06, 1.71652809513e-05, 6.82174368194e-06, 2.47971797762e-06, 1.08574995465e-05, 1.42385613344e-06, 8.83318080014e-07, 1.22354651921e-06, 2.36618075178e-06, 4.24426207246e-06, 5.59950785828e-06, 3.76495631826e-06, 1.58688737883e-06, 4.90239642659e-07, 7.64374945561e-08, 2.89743837811e-08, 1.26362449393e-08, 4.60186527773e-10, 7.10119766809e-12], [3.24346799419e-11, 3.0698503739e-09, 4.32701030562e-09, 1.11972218164e-08, 3.82497269413e-08, 9.94688491573e-08, 6.85276290824e-07, 1.13455847384e-07, 1.37071353379e-07, 2.47972297984e-06, 1.24091502585e-06, 3.6838113715e-07, 1.77496156084e-06, 2.78064675285e-07, 1.55457811957e-07, 2.6495033012e-07, 3.41888863886e-07, 6.73576266763e-07, 9.73096916823e-07, 6.36470474547e-07, 2.8123574225e-07, 7.64374945561e-08, 1.36971332054e-08, 4.91131890712e-09, 2.16836837375e-09, 8.01315125365e-11, 1.22609203606e-12], [1.11815895085e-11, 9.5512653342e-10, 1.44685641246e-09, 4.11372180764e-09, 1.41880320825e-08, 3.16701012082e-08, 1.80993637855e-07, 3.9422673126e-08, 2.18435420862e-08, 9.53137259785e-07, 3.93234017793e-07, 1.28983202785e-07, 6.54139967082e-07, 8.74230750014e-08, 4.7479886689e-08, 7.35237719596e-08, 1.18378771674e-07, 2.47105418794e-07, 3.55820333198e-07, 2.37551944338e-07, 9.90466801909e-08, 2.89743837811e-08, 4.91131890712e-09, 1.89354465441e-09, 8.29006585601e-10, 2.9828271797e-11, 4.53744274142e-13], [5.3150973206e-12, 4.42253789146e-10, 6.83787415579e-10, 1.95057059393e-09, 6.28805585379e-09, 1.34708875166e-08, 7.17425976404e-08, 1.9395326234e-08, 1.56133559415e-08, 3.53483045501e-07, 1.88083348007e-07, 6.10626500475e-08, 2.80537477693e-07, 4.25770529944e-08, 1.93573743701e-08, 2.6739890302e-08, 4.62617286701e-08, 1.02608119334e-07, 1.53892528942e-07, 1.06852951376e-07, 4.28837445554e-08, 1.26362449393e-08, 2.16836837375e-09, 8.29006585601e-10, 3.76432857108e-10, 1.36645521287e-11, 2.05798445234e-13], [2.04151650554e-13, 1.90178896936e-11, 2.59824817911e-11, 8.2803215673e-11, 2.43760678309e-10, 5.82606352051e-10, 3.30448224339e-09, 8.0374124023e-10, 1.13384623912e-09, 1.21540439935e-08, 7.64245733365e-09, 2.3919508596e-09, 1.06926769661e-08, 1.93553195693e-09, 8.80985062679e-10, 1.30371347051e-09, 1.85377146966e-09, 3.67572838833e-09, 5.69854874399e-09, 4.0184122696e-09, 1.60959501283e-09, 4.60186527773e-10, 8.01315125365e-11, 2.9828271797e-11, 1.36645521287e-11, 5.09530080888e-13, 7.6672922636e-15], [3.22884237285e-15, 2.7753491237e-13, 4.15704471714e-13, 1.27190651674e-12, 3.83452080852e-12, 9.77813923581e-12, 5.4562576679e-11, 1.37122301361e-11, 2.55236509011e-11, 2.29831820242e-10, 1.23057716794e-10, 3.93667598519e-11, 1.60359059365e-10, 3.11808877329e-11, 1.4149521832e-11, 2.38856070339e-11, 3.19525135517e-11, 5.92410634437e-11, 8.81457337676e-11, 6.19706924665e-11, 2.49861815266e-11, 7.10119766809e-12, 1.22609203606e-12, 4.53744274142e-13, 2.05798445234e-13, 7.6672922636e-15, 1.20503605462e-16]]
    },
    "mfcc": {
        "kurt": [-0.883466720581, -0.176792144775, 0.27111697197, -0.749931097031, -0.341947078705, 0.345554351807, 0.00625681877136, -0.0749154090881, 0.220500230789, -0.236619472504, -0.179585456848, 1.0090303421, -0.00216484069824],
        "max": [-455.481536865, 179.700866699, 24.1135292053, 37.3456306458, -4.53353881836, 4.70387268066, 14.8378486633, 11.0625743866, 15.5077819824, 8.63659858704, 19.3718147278, 20.4169692993, 17.4789505005],
        "mean": [-722.474182129, 120.285438538, -73.78490448, -9.89322662354, -51.3578338623, -20.1069488525, -10.0403633118, -6.26544427872, -3.67114067078, -10.0371675491, -2.8395755291, -0.286272257566, -2.48204445839],
        "median": [-673.067993164, 127.582771301, -93.7239379883, -7.46139907837, -53.2370758057, -18.9535560608, -8.67550086975, -4.8205871582, -2.92527389526, -9.93000984192, -2.78342819214, 0.0958938598633, -1.99488449097],
        "min": [-1128.07348633, 12.7932853699, -125.565338135, -49.1541824341, -91.9716949463, -46.1067657471, -51.0075149536, -30.6481437683, -21.549533844, -29.8364219666, -23.6537818909, -10.8458976746, -20.4504146576],
        "skew": [-0.548708319664, -0.795589625835, 1.25881147385, 0.0538151338696, 0.393461883068, -0.251275599003, -0.505315601826, -0.581577479839, -0.24980866909, 0.220135420561, 0.0181304756552, 0.775361597538, 0.100436359644],
        "var": [42234.8554688, 1778.60266113, 1687.6307373, 407.201416016, 398.011474609, 92.1523513794, 213.33782959, 93.475769043, 54.133190155, 66.0770111084, 100.539916992, 42.147228241, 57.4977684021],
        "cov": [[43114.7460938, 3562.62817383, -7194.76953125, 1130.05932617, -2383.34301758, -175.815612793, -648.425598145, 181.066635132, -520.601135254, -709.508605957, -114.641319275, 26.9320678711, 458.53036499], [3562.62817383, 1815.65686035, -1175.49523926, -442.684570312, -633.375305176, -22.5033168793, -198.715133667, -89.6379165649, 6.69001913071, -162.320953369, 37.3243484497, 93.743812561, 50.370098114], [-7194.76953125, -1175.49523926, 1722.78967285, 92.8042907715, 610.369567871, 22.5459270477, 127.620201111, 3.3845911026, 53.1196174622, 188.341308594, 1.4079297781, -39.2319068909, -107.705574036], [1130.05932617, -442.684570312, 92.8042907715, 415.684783936, 194.53352356, -27.8286685944, 10.1957454681, 12.2913770676, -31.6131744385, 34.428768158, -17.4226703644, -26.4851703644, 32.9794235229], [-2383.34301758, -633.375305176, 610.369567871, 194.53352356, 406.303375244, 5.20032262802, 37.8058128357, -59.3395195007, 22.7189121246, 112.250587463, -27.888053894, -0.574815094471, 14.0942258835], [-175.815612793, -22.5033168793, 22.5459270477, -27.8286685944, 5.20032262802, 94.0721969604, 43.9573707581, 6.53239059448, -13.3141326904, 6.42408132553, 36.4648551941, 6.66544961929, -14.2700872421], [-648.425598145, -198.715133667, 127.620201111, 10.1957454681, 37.8058128357, 43.9573707581, 217.782363892, 60.8682250977, -5.98340988159, 9.27593994141, 24.0284633636, -21.6583042145, -44.8058357239], [181.066635132, -89.6379165649, 3.3845911026, 12.2913770676, -59.3395195007, 6.53239059448, 60.8682250977, 95.4231796265, 1.13708221912, -19.0445842743, 28.9281005859, -20.5965385437, -37.3556175232], [-520.601135254, 6.69001913071, 53.1196174622, -31.6131744385, 22.7189121246, -13.3141326904, -5.98340988159, 1.13708221912, 55.2609672546, 25.39777565, 1.85348987579, 9.5136346817, 7.93456983566], [-709.508605957, -162.320953369, 188.341308594, 34.428768158, 112.250587463, 6.42408132553, 9.27593994141, -19.0445842743, 25.39777565, 67.4536132812, 13.3749608994, 8.29393959045, 12.3251161575], [-114.641319275, 37.3243484497, 1.4079297781, -17.4226703644, -27.888053894, 36.4648551941, 24.0284633636, 28.9281005859, 1.85348987579, 13.3749608994, 102.634498596, 27.6527423859, 2.32565426826], [26.9320678711, 93.743812561, -39.2319068909, -26.4851703644, -0.574815094471, 6.66544961929, -21.6583042145, -20.5965385437, 9.5136346817, 8.29393959045, 27.6527423859, 43.0252952576, 20.1777477264], [458.53036499, 50.370098114, -107.705574036, 32.9794235229, 14.0942258835, -14.2700872421, -44.8058357239, -37.3556175232, 7.93456983566, 12.3251161575, 2.32565426826, 20.1777477264, 58.6956367493]]
    },
    "sccoeffs": {
        "kurt": [-0.679866790771, -0.43820643425, -0.757793426514, -0.573656320572, -0.834743261337, 0.4318318367],
        "max": [-0.486440032721, -0.411640524864, -0.422183781862, -0.558258712292, -0.680660307407, -0.646379292011],
        "mean": [-0.712763428688, -0.721584558487, -0.682307183743, -0.71927523613, -0.796758592129, -0.743685424328],
        "median": [-0.70801538229, -0.718877434731, -0.676856577396, -0.712833702564, -0.76503264904, -0.725160777569],
        "min": [-0.875999450684, -0.951833426952, -0.914407789707, -0.934277236462, -0.965292513371, -0.962304592133],
        "skew": [0.100116699934, 0.208668872714, -0.0346638485789, -0.464075863361, -0.498604595661, -1.08350098133],
        "var": [0.00855737458915, 0.0139184817672, 0.0146523984149, 0.0090573085472, 0.00526499422267, 0.00564572541043],
        "cov": [[0.00873565301299, 0.00690881768242, 0.00642941147089, 0.00460513075814, 0.00452461605892, 0.00427415361628], [0.00690881768242, 0.0142084499821, 0.0103614991531, 0.00638797879219, 0.00704544736072, 0.00668592238799], [0.00642941147089, 0.0103614991531, 0.0149576561525, 0.00703969737515, 0.00742238620296, 0.00689777219668], [0.00460513075814, 0.00638797879219, 0.00703969737515, 0.0092460019514, 0.00521936872974, 0.00602689059451], [0.00452461605892, 0.00704544736072, 0.00742238620296, 0.00521936872974, 0.00537468167022, 0.00492140790448], [0.00427415361628, 0.00668592238799, 0.00689777219668, 0.00602689059451, 0.00492140790448, 0.00576334446669]]
    },
    "scvalleys": {
        "kurt": [-0.972811460495, -0.355509519577, 0.0751435756683, -0.226649045944, -0.314729213715, -0.896898508072],
        "max": [-5.86754560471, -3.51862072945, -3.14561319351, -3.92782330513, -4.31657648087, -6.94971132278],
        "mean": [-8.21398830414, -5.95301675797, -5.93702316284, -6.97539615631, -7.60750722885, -10.4889984131],
        "median": [-8.41366577148, -5.0003080368, -5.06057500839, -6.29209899902, -7.67994022369, -10.3633823395],
        "min": [-11.495139122, -10.2594251633, -11.6350326538, -12.4529457092, -13.3842496872, -14.8279752731],
        "skew": [-0.211808338761, -0.950794041157, -1.10076546669, -0.889470934868, -0.635440707207, -0.304739296436],
        "var": [2.3377995491, 3.82330608368, 4.98135852814, 5.45755577087, 5.82835006714, 4.57528305054],
        "cov": [[2.38650369644, 2.72240257263, 3.13392066956, 3.3823363781, 3.56880187988, 3.16275715828], [2.72240257263, 3.90295815468, 4.2366065979, 4.48442173004, 4.41072130203, 3.86621403694], [3.13392066956, 4.2366065979, 5.08513689041, 5.12607479095, 5.12250375748, 4.386241436], [3.3823363781, 4.48442173004, 5.12607479095, 5.57125473022, 5.57960367203, 4.80786514282], [3.56880187988, 4.41072130203, 5.12250375748, 5.57960367203, 5.94977378845, 5.15214633942], [3.16275715828, 3.86621403694, 4.386241436, 4.80786514282, 5.15214633942, 4.67060136795]]
    }
},
"rhythm": {
    "beats_loudness": {
        "kurt": -2,
        "max": 0.256465107203,
        "mean": 0.129986435175,
        "median": 0.129986435175,
        "min": 0.0035077505745,
        "skew": -1.72615358451e-07,
        "var": 0.0159968566149
    },
    "bpm": 129.19921875,
    "confidence": 0,
    "first_peak_bpm": {
        "kurt": 0,
        "max": 129,
        "mean": 129,
        "median": 129,
        "min": 129,
        "skew": 0,
        "var": 0
    },
    "first_peak_spread": {
        "kurt": 0,
        "max": 0,
        "mean": 0,
        "median": 0,
        "min": 0,
        "skew": 0,
        "var": 0
    },
    "first_peak_weight": {
        "kurt": 0,
        "max": 1,
        "mean": 1,
        "median": 1,
        "min": 1,
        "skew": 0,
        "var": 0
    },
    "onset_rate": 2.71769285202,
    "second_peak_bpm": {
        "kurt": 0,
        "max": 0,
        "mean": 0,
        "median": 0,
        "min": 0,
        "skew": 0,
        "var": 0
    },
    "second_peak_spread": {
        "kurt": 0,
        "max": 0,
        "mean": 0,
        "median": 0,
        "min": 0,
        "skew": 0,
        "var": 0
    },
    "second_peak_weight": {
        "kurt": 0,
        "max": 0,
        "mean": 0,
        "median": 0,
        "min": 0,
        "skew": 0,
        "var": 0
    },
    "beats_loudness_band_ratio": {
        "kurt": [-1.99999988079, -2, -2, -1.99999988079, -2, -2.00000023842],
        "max": [0.00351085374132, 0.0635760873556, 0.240074768662, 0.819445610046, 0.293506115675, 0.0978386476636],
        "mean": [0.00230440869927, 0.0364709161222, 0.201485514641, 0.600235342979, 0.156575843692, 0.0514379404485],
        "median": [0.00230440869927, 0.0364709161222, 0.201485514641, 0.600235342979, 0.156575843692, 0.0514379404485],
        "min": [0.00109796377365, 0.00936574768275, 0.162896245718, 0.381025016308, 0.0196455623955, 0.00503723043948],
        "skew": [1.26449663185e-07, 2.28356711318e-07, -6.01428951086e-07, -4.42066209416e-07, -1.81372584507e-07, -7.28309998976e-08],
        "var": [1.45550950492e-06, 0.000734690227546, 0.00148913112935, 0.0480531528592, 0.0187499020249, 0.00215302594006],
        "cov": [[2.91101900984e-06, 6.54017931083e-05, 9.31116373977e-05, -0.000528930337168, 0.000330397684593, 0.00011195980187], [6.54017931083e-05, 0.00146938045509, 0.00209193699993, -0.0118834637105, 0.00742303673178, 0.00251539819874], [9.31116373977e-05, 0.00209193699993, 0.00297826225869, -0.0169183276594, 0.0105680767447, 0.00358113832772], [-0.000528930337168, -0.0118834637105, -0.0169183276594, 0.0961063057184, -0.0600330531597, -0.0203430261463], [0.000330397684593, 0.00742303673178, 0.0105680767447, -0.0600330531597, 0.0374998040497, 0.0127073246986], [0.00011195980187, 0.00251539819874, 0.00358113832772, -0.0203430261463, 0.0127073246986, 0.00430605188012]]
    },
    "beats_position": [0.452789098024, 0.917188167572],
    "bpm_estimates": [129.19921875],
    "bpm_intervals": [0.464399069548],
    "onset_times": [0.162539675832, 0.406349211931, 0.650158703327],
    "histogram": [[0, 0, 0, 0, 0, 0, 0, 0, 0, 0, 0, 0, 0, 0, 0, 0, 0, 0, 0, 0, 0, 0, 0, 0, 0, 0, 0, 0, 0, 0, 0, 0, 0, 0, 0, 0, 0, 0, 0, 0, 0, 0, 0, 0, 0, 0, 0, 0, 0, 0, 0, 0, 0, 0, 0, 0, 0, 0, 0, 0, 0, 0, 0, 0, 0, 0, 0, 0, 0, 0, 0, 0, 0, 0, 0, 0, 0, 0, 0, 0, 0, 0, 0, 0, 0, 0, 0, 0, 0, 0, 0, 0, 0, 0, 0, 0, 0, 0, 0, 0, 0, 0, 0, 0, 0, 0, 0, 0, 0, 0, 0, 0, 0, 0, 0, 0, 0, 0, 0, 0, 0, 0, 0, 0, 0, 0, 0, 0, 0, 1, 0, 0, 0, 0, 0, 0, 0, 0, 0, 0, 0, 0, 0, 0, 0, 0, 0, 0, 0, 0, 0, 0, 0, 0, 0, 0, 0, 0, 0, 0, 0, 0, 0, 0, 0, 0, 0, 0, 0, 0, 0, 0, 0, 0, 0, 0, 0, 0, 0, 0, 0, 0, 0, 0, 0, 0, 0, 0, 0, 0, 0, 0, 0, 0, 0, 0, 0, 0, 0, 0, 0, 0, 0, 0, 0, 0, 0, 0, 0, 0, 0, 0, 0, 0, 0, 0, 0, 0, 0, 0, 0, 0, 0, 0, 0, 0, 0, 0, 0, 0, 0, 0, 0, 0, 0, 0, 0, 0, 0, 0, 0, 0, 0, 0, 0, 0, 0, 0, 0, 0]]
},
"sfx": {
    "inharmonicity": {
        "kurt": 0.875165700912,
        "max": 0.423387825489,
        "mean": 0.100137636065,
        "median": 0.06855276227,
        "min": 0,
        "skew": 1.3383821249,
        "var": 0.012616279535
    },
    "oddtoevenharmonicenergyratio": {
        "kurt": 18.3246307373,
        "max": 15.534198761,
        "mean": 1.39636445045,
        "median": 0.456245452166,
        "min": 0,
        "skew": 3.90357351303,
        "var": 6.24733924866
    },
    "pitch_after_max_to_before_max_energy_ratio": 2.25418400764,
    "pitch_centroid": 20.7865638733,
    "pitch_max_to_total": 0.0612244904041,
    "pitch_min_to_total": 0.714285731316,
    "tristimulus": {
        "kurt": [-0.704390764236, -0.657562017441, -0.253494739532],
        "max": [1, 0.792982816696, 0.630056679249],
        "mean": [0.354854106903, 0.432218313217, 0.212927505374],
        "median": [0.285571873188, 0.458944141865, 0.178118571639],
        "min": [0, 0, 0],
        "skew": [0.692399680614, -0.338854491711, 0.699987590313],
        "var": [0.0883309021592, 0.0410823784769, 0.0277893468738],
        "cov": [[0.0901711285114, -0.0518705435097, -0.038300588727], [-0.0518705435097, 0.0419382601976, 0.00993229355663], [-0.038300588727, 0.00993229355663, 0.0283682923764]]
    }
},
"tonal": {
    "chords_changes_rate": 0,
    "chords_number_rate": 0.0399999991059,
    "chords_strength": {
        "kurt": 4.07352924347,
        "max": 0.547183573246,
        "mean": 0.525309979916,
        "median": 0.531879961491,
        "min": 0.46050748229,
        "skew": -2.26480913162,
        "var": 0.000371453352273
    },
    "key_strength": 0.312504529953,
    "tuning_diatonic_strength": 0.394644826651,
    "tuning_equal_tempered_deviation": 0.258763849735,
    "tuning_frequency": 455.516601562,
    "tuning_nontempered_energy_ratio": 0.882281005383,
    "hpcp": {
        "kurt": [0.116819381714, -0.340438604355, -0.448868513107, -0.835665464401, -0.84358549118, -0.288425207138, 2.549492836, 4.4037065506, 2.72219800949, 3.80101680756, 3.96659612656, 3.06404018402, 6.03360080719, 2.94702100754, 5.39778137207, -0.359053611755, 5.34527683258, 11.6066379547, 0.287004947662, 0.684155464172, -0.70387506485, 2.27544498444, -1.06588506699, -0.671484708786, 1.54040050507, 4.17548513412, -0.233943223953, 1.61206912994, 2.2131857872, -0.44709277153, -1.29301381111, -1.4031239748, -0.587033510208, 0.330013751984, -0.228478193283, 0.321548461914],
        "max": [1, 1, 0.656907558441, 1, 1, 0.846584439278, 0.998765647411, 1, 0.566391766071, 0.767249107361, 0.983460485935, 0.714021205902, 0.5347610116, 0.529268205166, 0.882767796516, 0.407724678516, 0.553159177303, 1, 0.46999886632, 0.538367986679, 0.626441419125, 0.741710782051, 0.559011101723, 0.807511985302, 1, 0.951456308365, 0.573480248451, 1, 1, 0.65138053894, 1, 1, 1, 0.950947344303, 0.987866163254, 1],
        "mean": [0.332549065351, 0.333516836166, 0.291803926229, 0.412144780159, 0.429303199053, 0.285041093826, 0.222813904285, 0.184589937329, 0.127503111959, 0.14991350472, 0.176532462239, 0.142231866717, 0.105094708502, 0.127851694822, 0.182199656963, 0.160863950849, 0.136240839958, 0.147265210748, 0.147826716304, 0.176438137889, 0.245246559381, 0.219696879387, 0.227594122291, 0.303852528334, 0.294885128736, 0.225009977818, 0.214698702097, 0.297882646322, 0.251317679882, 0.272184461355, 0.536922216415, 0.560624837875, 0.37562379241, 0.27783241868, 0.305762350559, 0.326977431774],
        "median": [0.272789567709, 0.283774733543, 0.25727429986, 0.322552144527, 0.414583206177, 0.232103034854, 0.142037779093, 0.0793711990118, 0.0741024166346, 0.0647109001875, 0.0931708887219, 0.0564371198416, 0.0615539811552, 0.0663229674101, 0.1192638129, 0.117694690824, 0.102644853294, 0.0861518830061, 0.108415082097, 0.130175337195, 0.225317552686, 0.157570973039, 0.18085578084, 0.252718597651, 0.245140075684, 0.178671449423, 0.212956801057, 0.219303265214, 0.171692430973, 0.244443789124, 0.473003864288, 0.585732460022, 0.26673284173, 0.237455680966, 0.201800301671, 0.282445669174],
