{
"metadata": {
    "version": {
        "essentia": "2.1-beta3"
    }
},
"lowLevel": {
    "average_loudness": 0.99068403244,
    "barkbands_kurtosis": {
        "kurt": 0.352593898773,
        "max": 24.7808647156,
        "mean": 6.66177797318,
        "median": 5.75903606415,
        "min": -1.41047811508,
        "skew": 0.980725347996,
        "var": 44.1008262634
    },
    "barkbands_skewness": {
        "kurt": -0.145768165588,
        "max": 4.42531633377,
        "mean": 1.71915328503,
        "median": 2.11530256271,
        "min": -2.00957489014,
        "skew": -0.808714270592,
        "var": 2.88021111488
    },
    "barkbands_spread": {
        "kurt": -0.457530260086,
        "max": 31.6069602966,
        "mean": 13.1869897842,
        "median": 13.1530914307,
        "min": 1.38310086727,
        "skew": 0.503186047077,
        "var": 61.3434333801
    },
    "dissonance": {
        "kurt": 3.36649084091,
        "max": 0.499794065952,
        "mean": 0.450103789568,
        "median": 0.457807451487,
        "min": 0.276002377272,
        "skew": -1.54377233982,
        "var": 0.00219537015073
    },
    "hfc": {
        "kurt": 9.54971218109,
        "max": 69.4999237061,
        "mean": 5.31839513779,
        "median": 0.00147976004519,
        "min": 4.41446354671e-06,
        "skew": 3.19066429138,
        "var": 220.695327759
    },
    "pitch": {
        "kurt": 0.739749908447,
        "max": 4015.83789062,
        "mean": 940.273681641,
        "median": 477.262512207,
        "min": 106.038040161,
        "skew": 1.56520831585,
        "var": 1578855.875
    },
    "pitch_instantaneous_confidence": {
        "kurt": -0.0528135299683,
        "max": 0.935810089111,
        "mean": 0.494783133268,
        "median": 0.490296274424,
        "min": 0.110992968082,
        "skew": 0.102551713586,
        "var": 0.0349897406995
    },
    "pitch_salience": {
        "kurt": -0.158751964569,
        "max": 0.925131201744,
        "mean": 0.621192216873,
        "median": 0.609553933144,
        "min": 0.420438617468,
        "skew": 0.397685527802,
        "var": 0.0130094224587
    },
    "silence_rate_20dB": {
        "kurt": 0,
        "max": 1,
        "mean": 1,
        "median": 1,
        "min": 1,
        "skew": 0,
        "var": 0
    },
    "silence_rate_30dB": {
        "kurt": 0,
        "max": 1,
        "mean": 1,
        "median": 1,
        "min": 1,
        "skew": 0,
        "var": 0
    },
    "silence_rate_60dB": {
        "kurt": 0.880959272385,
        "max": 1,
        "mean": 0.823529422283,
        "median": 1,
        "min": 0,
        "skew": -1.69733917713,
        "var": 0.145328640938
    },
    "spectral_centroid": {
        "kurt": 0.899045467377,
        "max": 3092.16015625,
        "mean": 952.01348877,
        "median": 697.446533203,
        "min": 219.114700317,
        "skew": 1.46976566315,
        "var": 717449.5625
    },
    "spectral_complexity": {
        "kurt": 3.01200056076,
        "max": 22,
        "mean": 2.88235282898,
        "median": 0,
        "min": 0,
        "skew": 2.13053202629,
        "var": 42.6920623779
    },
    "spectral_crest": {
        "kurt": -0.614365339279,
        "max": 21.4638347626,
        "mean": 11.982383728,
        "median": 11.4637851715,
        "min": 4.29968547821,
        "skew": 0.349188387394,
        "var": 19.0365352631
    },
    "spectral_decrease": {
        "kurt": 11.4912166595,
        "max": -1.76264072901e-15,
        "mean": -1.47216105972e-09,
        "median": -9.09462880439e-13,
        "min": -2.11415187579e-08,
        "skew": -3.4362616539,
        "var": 1.84562440788e-17
    },
    "spectral_energy": {
        "kurt": 11.3394289017,
        "max": 0.0860966593027,
        "mean": 0.00603866018355,
        "median": 3.56583177563e-06,
        "min": 7.0530266072e-09,
        "skew": 3.41750884056,
        "var": 0.000308176619001
    },
    "spectral_energyband_high": {
        "kurt": 10.4109106064,
        "max": 0.000611533061601,
        "mean": 4.38473762188e-05,
        "median": 2.68237627665e-08,
        "min": 1.47607578938e-10,
        "skew": 3.37344551086,
        "var": 1.74129493047e-08
    },
    "spectral_energyband_low": {
        "kurt": 4.08859539032,
        "max": 1.27596322272e-05,
        "mean": 2.11360065805e-06,
        "median": 1.24486223285e-06,
        "min": 1.37122124766e-09,
        "skew": 2.1930706501,
        "var": 9.60065707489e-12
    },
    "spectral_energyband_middle_high": {
        "kurt": 6.38247013092,
        "max": 0.0201387647539,
        "mean": 0.00178241031244,
        "median": 2.88293449557e-07,
        "min": 9.37991129213e-10,
        "skew": 2.72930932045,
        "var": 2.21753871301e-05
    },
    "spectral_energyband_middle_low": {
        "kurt": 14.9987354279,
        "max": 0.0713311806321,
        "mean": 0.00434944732115,
        "median": 2.0308564217e-06,
        "min": 4.46944303789e-09,
        "skew": 3.84724903107,
        "var": 0.000184999444173
    },
    "spectral_flatness_db": {
        "kurt": 0.455961465836,
        "max": 0.417552351952,
        "mean": 0.234002709389,
        "median": 0.230146810412,
        "min": 0.0727520808578,
        "skew": 0.35261964798,
        "var": 0.00514842895791
    },
    "spectral_flux": {
        "kurt": 2.96024990082,
        "max": 0.221805736423,
        "mean": 0.0289190039039,
        "median": 0.00129735725932,
        "min": 0.000250078650424,
        "skew": 2.04832410812,
        "var": 0.00339706265368
    },
    "spectral_kurtosis": {
        "kurt": 2.5357708931,
        "max": 34.9186820984,
        "mean": 10.2925653458,
        "median": 7.86990308762,
        "min": 2.01980447769,
        "skew": 1.71670341492,
        "var": 52.9132995605
    },
    "spectral_rms": {
        "kurt": 4.98917293549,
        "max": 0.00916497316211,
        "mean": 0.000993592082523,
        "median": 5.89816045249e-05,
        "min": 2.62316621047e-06,
        "skew": 2.45269942284,
        "var": 4.9041514103e-06
    },
    "spectral_rolloff": {
        "kurt": -0.73864865303,
        "max": 4048.2421875,
        "mean": 1440.82495117,
        "median": 775.1953125,
        "min": 236.865234375,
        "skew": 0.874133884907,
        "var": 1552106.625
    },
    "spectral_skewness": {
        "kurt": 0.305301427841,
        "max": 4.74780750275,
        "mean": 2.35674071312,
        "median": 2.29015779495,
        "min": 0.707886278629,
        "skew": 0.60428160429,
        "var": 0.777602136135
    },
    "spectral_spread": {
        "kurt": 12.9979820251,
        "max": 29321116,
        "mean": 4932594.5,
        "median": 4254628.5,
        "min": 1568410.875,
        "skew": 3.69636130333,
        "var": 2.78861048709e+13
    },
    "spectral_strongpeak": {
        "kurt": 7.69305992126,
        "max": 4.41667509079,
        "mean": 0.385990798473,
        "median": 0.00848761480302,
        "min": 0,
        "skew": 2.93632030487,
        "var": 0.974525809288
    },
    "zerocrossingrate": {
        "kurt": 0.557415485382,
        "max": 0.14111328125,
        "mean": 0.0497472435236,
        "median": 0.03515625,
        "min": 0.0029296875,
        "skew": 1.1759159565,
        "var": 0.00132814212702
    },
    "barkbands": {
        "kurt": [12.4350738525, 0.424677371979, 4.61230516434, 2.92587947845, 13.774766922, 16.1086750031, 7.93023967743, 14.5501842499, 16.2971878052, 6.41060447693, 5.40099048615, 6.47000408173, 9.66090202332, 15.2174091339, 7.07530784607, 8.57214641571, 9.48025226593, 6.51637935638, 4.08832216263, 8.72748088837, 12.4848060608, 10.7440471649, 19.8624000549, 22.3812160492, 24.072555542, 11.86307621, 9.93608570099],
        "max": [1.22547616499e-08, 5.98467579493e-07, 1.09438879008e-05, 4.70163013233e-06, 0.000173990236362, 4.32508059021e-05, 0.000109365922981, 0.00348702352494, 0.0681460127234, 0.00603135023266, 0.00167143787257, 0.00828597974032, 0.00210433569737, 0.000851508055348, 0.000709845335223, 0.00100732035935, 0.000465254299343, 0.000260245491518, 0.000209428355447, 0.000439575902419, 0.0002052335185, 2.54765418504e-05, 8.56064343679e-06, 6.71041652822e-06, 1.92073775906e-06, 1.62071103205e-07, 4.1063645817e-09],
        "mean": [8.32394209116e-10, 1.44285664305e-07, 1.59222599905e-06, 7.62900128848e-07, 1.12966517918e-05, 2.7574892556e-06, 9.4932029242e-06, 0.000226274496526, 0.00385304540396, 0.000550478638615, 0.000160896466696, 0.00074244471034, 0.000153193584993, 5.53280406166e-05, 6.07462134212e-05, 7.70839251345e-05, 3.49138827005e-05, 2.3322607376e-05, 2.26688498515e-05, 3.66057138308e-05, 1.2939143744e-05, 1.7997571149e-06, 4.66258512688e-07, 3.18871713034e-07, 8.98574015196e-08, 1.07017275042e-08, 3.13780584849e-10],
        "median": [1.06324202914e-11, 9.64348174648e-08, 4.86127134991e-07, 1.29466400267e-07, 5.75087199195e-07, 2.01504178676e-07, 1.75848100525e-08, 6.20006375129e-08, 2.4476236149e-07, 3.46382478256e-08, 1.96331555458e-08, 1.75210317366e-08, 4.64759342123e-09, 6.86793377724e-09, 7.34935978741e-09, 3.15736485845e-08, 1.88361219955e-08, 1.56785802119e-08, 6.97711612929e-08, 5.58220207836e-08, 3.49934148325e-09, 1.12876152869e-09, 1.31718180807e-09, 4.22222978802e-10, 3.90564275365e-10, 1.4313123603e-11, 2.13950547816e-13],
        "min": [6.22301580926e-13, 3.85060178187e-11, 1.9872821444e-10, 4.9202220076e-10, 8.29119772838e-10, 2.64857413779e-10, 3.40907135854e-10, 1.64086799703e-10, 1.88599497131e-10, 1.70800623644e-10, 1.0092855024e-10, 8.24562709778e-11, 1.13716841499e-10, 1.04558584013e-10, 6.24010981776e-11, 4.50515319494e-11, 6.65578633874e-11, 4.75308334358e-11, 3.96319053964e-11, 1.01570925282e-10, 1.30682990471e-11, 1.75893570542e-11, 6.41626899181e-12, 2.68454724596e-12, 1.09369143516e-12, 1.88025634017e-13, 1.16757003507e-14],
        "skew": [3.65720820427, 0.870463967323, 2.36230063438, 2.01197004318, 3.81801557541, 3.97897696495, 2.87753391266, 3.75460958481, 4.0196428299, 2.74653601646, 2.6063580513, 2.89255356789, 3.21553015709, 3.81865358353, 2.88716411591, 3.07637357712, 3.13090634346, 2.77245616913, 2.35572504997, 3.13496398926, 3.65919613838, 3.47725629807, 4.40795183182, 4.7398481369, 4.93199872971, 3.53143143654, 3.28777503967],
        "var": [6.31227439781e-18, 2.15046503418e-14, 7.35324214712e-12, 1.68535985948e-12, 1.18856946507e-09, 6.52219389607e-11, 5.62314528274e-10, 4.42101509179e-07, 0.000163942531799, 2.13681232708e-06, 1.76018659204e-07, 5.03503906657e-06, 1.98454884526e-07, 2.57801442416e-08, 2.970692492e-08, 4.85268181194e-08, 9.53663281678e-09, 3.78004116897e-09, 2.97873814503e-09, 1.08049951208e-08, 1.76746484115e-09, 3.22627619065e-11, 2.35749722695e-12, 1.39398594664e-12, 1.10559185505e-13, 1.09830685924e-15, 7.80198821712e-19],
        "cov": [[6.50355536497e-18, 1.93480837455e-17, -9.67177582801e-16, 1.08150934887e-15, 1.10470392735e-14, 7.31918120404e-15, 4.38242107534e-14, 4.77949494218e-13, 2.39221715354e-11, 1.83563906263e-12, 7.48042903662e-13, 4.63746055446e-12, 7.47988097242e-13, 1.80455571818e-13, 2.32376428213e-13, 2.41636382127e-13, 7.32318800869e-14, 5.18555569307e-14, 6.14182167039e-14, 9.85571487703e-14, 3.25600040907e-14, 4.49923615142e-15, 1.47703625403e-15, 6.22654607741e-16, 1.87324830296e-16, 2.28368470191e-17, 8.50227053491e-19], [1.93480837455e-17, 2.21563066695e-14, 9.20633469632e-14, -7.98857778973e-15, -6.13353823026e-13, 7.23096238377e-14, 6.80777103527e-13, 6.86703433917e-14, 3.95989130375e-10, 6.09697015097e-11, 1.5383640542e-11, 1.19773302387e-10, 2.81986413386e-11, 1.51453849462e-12, 7.93324780868e-12, 1.11970771197e-11, -3.76870640272e-14, 1.19884440916e-12, 1.01532822948e-12, 4.34200245203e-12, 1.24785609363e-12, 2.16214280637e-13, 1.10895559229e-13, 1.21848018803e-15, -2.53329555074e-15, 1.7693357833e-15, 4.62860426108e-17], [-9.67177582801e-16, 9.20633469632e-14, 7.57606737761e-12, 6.1177842306e-13, -1.04816823623e-11, -2.280349954e-12, -8.0821373899e-12, -2.4737881188e-10, -3.05656966404e-09, -3.6196581843e-10, -1.23310070488e-10, -4.05393441039e-10, -6.23221405038e-11, -5.54543425069e-11, -3.6128215003e-11, -3.91343693562e-11, -3.72141518989e-11, -2.00766382685e-11, -2.01607706224e-11, -2.20095209419e-11, -8.97688434004e-12, -1.06321646366e-12, -5.18853216685e-14, -3.36071529763e-13, -1.06752511019e-13, -4.15223851667e-15, -1.51209118901e-16], [1.08150934887e-15, -7.98857778973e-15, 6.1177842306e-13, 1.73643141966e-12, 1.89526536826e-11, 2.35950495253e-12, 1.80360518187e-11, 1.18331996979e-10, 8.56847837127e-09, 6.37054409225e-10, 2.40601955026e-10, 1.17394982624e-09, 1.94942381682e-10, 3.52476936527e-11, 5.13525125201e-11, 1.05426216368e-10, 6.48351788923e-11, 2.53605608735e-11, 3.59846041853e-11, 3.38324403215e-11, 7.98628784632e-12, 1.16443671112e-12, 4.30000517615e-13, 1.52172897764e-13, 4.27955332847e-14, 1.1052478072e-14, 1.96863427134e-16], [1.10470392735e-14, -6.13353823026e-13, -1.04816823623e-11, 1.89526536826e-11, 1.2245866543e-09, 1.7588122625e-10, 3.85624365773e-10, 2.99058289244e-09, 4.7610679843e-08, 3.00217983806e-08, 6.41409769742e-09, 1.06636175445e-08, 3.28811111672e-09, 3.63432284267e-09, 2.62284349795e-09, 3.79008513463e-09, 3.31259775166e-09, 1.78580394916e-09, 1.63367419592e-09, 2.15218354249e-09, 8.19461387636e-10, 1.06356895513e-10, 1.51709426272e-11, 2.70471232217e-11, 7.96488222599e-12, 5.98259939852e-13, 1.47921056643e-14], [7.31918120404e-15, 7.23096238377e-14, -2.280349954e-12, 2.35950495253e-12, 1.7588122625e-10, 6.71983579892e-11, 1.14032540355e-10, 2.0437904702e-09, 4.30885656044e-08, 1.06372421982e-08, 2.73741762591e-09, 8.2425062331e-09, 1.96508032069e-09, 1.30232880036e-09, 1.24727594919e-09, 1.47076395507e-09, 5.34787991668e-10, 4.53670240264e-10, 3.29284738365e-10, 7.75241204565e-10, 3.36827066238e-10, 4.39540071007e-11, 7.3166412165e-12, 9.57321201478e-12, 2.65549973504e-12, 2.23908009646e-13, 5.72997460027e-15], [4.38242107534e-14, 6.80777103527e-13, -8.0821373899e-12, 1.80360518187e-11, 3.85624365773e-10, 1.14032540355e-10, 5.79354342278e-10, 7.26587989774e-09, 2.84359373381e-07, 2.8809450825e-08, 9.53635126422e-09, 4.86329803095e-08, 9.2258396478e-09, 2.21873630579e-09, 3.1192965988e-09, 4.50487780412e-09, 1.6420381721e-09, 1.00253128021e-09, 1.09407938265e-09, 1.78676251572e-09, 5.86032500305e-10, 8.35691446599e-11, 2.58760339544e-11, 1.16835638386e-11, 3.04894629509e-12, 5.65900624971e-13, 1.26923050588e-14], [4.77949494218e-13, 6.86703433917e-14, -2.4737881188e-10, 1.18331996979e-10, 2.99058289244e-09, 2.0437904702e-09, 7.26587989774e-09, 4.55498508245e-07, 4.57697615275e-06, 4.33884167705e-07, 1.43477890902e-07, 6.77114996961e-07, 1.47220831082e-07, 4.07534912483e-08, 5.24622336684e-08, 6.81379148659e-08, 1.66411950886e-08, 1.56027510911e-08, 1.2908501823e-08, 2.91649655537e-08, 1.04220490016e-08, 1.48803758204e-09, 4.21835483211e-10, 2.21651016985e-10, 5.89719523214e-11, 9.20892789108e-12, 2.04668814991e-13], [2.39221715354e-11, 3.95989130375e-10, -3.05656966404e-09, 8.56847837127e-09, 4.7610679843e-08, 4.30885656044e-08, 2.84359373381e-07, 4.57697615275e-06, 0.000168910482898, 1.19945789265e-05, 4.71236944577e-06, 2.6321346013e-05, 4.67392237624e-06, 7.61907529068e-07, 1.37348445151e-06, 2.02517617254e-06, 4.77985111047e-07, 3.07720711135e-07, 3.90853301724e-07, 6.84669544171e-07, 2.12542957456e-07, 3.10691916638e-08, 1.13726974504e-08, 3.0029994047e-09, 6.84778067583e-10, 2.25137408716e-10, 4.40006494781e-12], [1.83563906263e-12, 6.09697015097e-11, -3.6196581843e-10, 6.37054409225e-10, 3.00217983806e-08, 1.06372421982e-08, 2.8809450825e-08, 4.33884167705e-07, 1.19945789265e-05, 2.20156425712e-06, 5.89581986787e-07, 2.54135170508e-06, 5.69555595575e-07, 2.13620637624e-07, 2.53748794421e-07, 3.23958715853e-07, 1.0752581403e-07, 8.58605204712e-08, 7.20416366562e-08, 1.54426587073e-07, 5.88883359853e-08, 8.1459603507e-09, 2.02041583464e-09, 1.40588285458e-09, 3.74207609344e-10, 4.8045074863e-11, 1.22845787362e-12], [7.48042903662e-13, 1.5383640542e-11, -1.23310070488e-10, 2.40601955026e-10, 6.41409769742e-09, 2.73741762591e-09, 9.53635126422e-09, 1.43477890902e-07, 4.71236944577e-06, 5.89581986787e-07, 1.81352561412e-07, 8.60646309775e-07, 1.72416335431e-07, 5.37837792081e-08, 6.84088163894e-08, 8.91063294262e-08, 2.7018899118e-08, 2.07460004731e-08, 1.90900681929e-08, 3.89767507158e-08, 1.44435601257e-08, 2.00090100044e-09, 5.2547699525e-10, 3.25268256773e-10, 8.61049079259e-11, 1.20376347779e-11, 2.94167901843e-13], [4.63746055446e-12, 1.19773302387e-10, -4.05393441039e-10, 1.17394982624e-09, 1.06636175445e-08, 8.2425062331e-09, 4.86329803095e-08, 6.77114996961e-07, 2.6321346013e-05, 2.54135170508e-06, 8.60646309775e-07, 5.18761589774e-06, 9.90979401649e-07, 1.77779412525e-07, 3.05811198587e-07, 3.98844349547e-07, 8.95893350616e-08, 7.25560838077e-08, 7.86714338119e-08, 1.57061805339e-07, 4.95903975661e-08, 7.44492378857e-09, 2.83373591259e-09, 7.08741398903e-10, 1.63848712376e-10, 5.06085659491e-11, 1.32929832506e-12], [7.47988097242e-13, 2.81986413386e-11, -6.23221405038e-11, 1.94942381682e-10, 3.28811111672e-09, 1.96508032069e-09, 9.2258396478e-09, 1.47220831082e-07, 4.67392237624e-06, 5.69555595575e-07, 1.72416335431e-07, 9.90979401649e-07, 2.04468676657e-07, 4.19061976231e-08, 6.82675960206e-08, 8.90650539986e-08, 2.04640855372e-08, 1.79125301258e-08, 1.7271331032e-08, 3.75439093148e-08, 1.24500845189e-08, 1.85372850403e-09, 6.55592025112e-10, 2.04460171016e-10, 4.82724728246e-11, 1.23704952532e-11, 3.24789836952e-13], [1.80455571818e-13, 1.51453849462e-12, -5.54543425069e-11, 3.52476936527e-11, 3.63432284267e-09, 1.30232880036e-09, 2.21873630579e-09, 4.07534912483e-08, 7.61907529068e-07, 2.13620637624e-07, 5.37837792081e-08, 1.77779412525e-07, 4.19061976231e-08, 2.65613611106e-08, 2.53349270452e-08, 2.84079071378e-08, 1.0893395519e-08, 9.29073440403e-09, 6.769113714e-09, 1.55605874852e-08, 6.65185329041e-09, 8.74393890626e-10, 1.54552592946e-10, 1.87795501372e-10, 5.25160470666e-11, 4.3910361458e-12, 1.22176859016e-13], [2.32376428213e-13, 7.93324780868e-12, -3.6128215003e-11, 5.13525125201e-11, 2.62284349795e-09, 1.24727594919e-09, 3.1192965988e-09, 5.24622336684e-08, 1.37348445151e-06, 2.53748794421e-07, 6.84088163894e-08, 3.05811198587e-07, 6.82675960206e-08, 2.53349270452e-08, 3.06071363809e-08, 3.70795234517e-08, 1.01177484169e-08, 9.41424005418e-09, 7.41461514409e-09, 1.79398433886e-08, 7.01345959087e-09, 9.69291757968e-10, 2.4085167194e-10, 1.64970426209e-10, 4.36344016475e-11, 5.5390761422e-12, 1.47662941987e-13], [2.41636382127e-13, 1.11970771197e-11, -3.91343693562e-11, 1.05426216368e-10, 3.79008513463e-09, 1.47076395507e-09, 4.50487780412e-09, 6.81379148659e-08, 2.02517617254e-06, 3.23958715853e-07, 8.91063294262e-08, 3.98844349547e-07, 8.90650539986e-08, 2.84079071378e-08, 3.70795234517e-08, 4.99973289436e-08, 1.49496770518e-08, 1.1947637546e-08, 1.03795478879e-08, 2.25268284026e-08, 8.3559843489e-09, 1.17361897978e-09, 3.1496202868e-10, 1.85866919078e-10, 4.78480345623e-11, 7.31082729077e-12, 1.75437572456e-13], [7.32318800869e-14, -3.76870640272e-14, -3.72141518989e-11, 6.48351788923e-11, 3.31259775166e-09, 5.34787991668e-10, 1.6420381721e-09, 1.66411950886e-08, 4.77985111047e-07, 1.0752581403e-07, 2.7018899118e-08, 8.95893350616e-08, 2.04640855372e-08, 1.0893395519e-08, 1.01177484169e-08, 1.49496770518e-08, 9.82562209373e-09, 5.4357451873e-09, 5.24475085584e-09, 7.36747729491e-09, 2.62652544158e-09, 3.54797635715e-10, 7.38777650167e-11, 7.4791214888e-11, 2.13668995691e-11, 2.18761987691e-12, 5.16624097018e-14], [5.18555569307e-14, 1.19884440916e-12, -2.00766382685e-11, 2.53605608735e-11, 1.78580394916e-09, 4.53670240264e-10, 1.00253128021e-09, 1.56027510911e-08, 3.07720711135e-07, 8.58605204712e-08, 2.07460004731e-08, 7.25560838077e-08, 1.79125301258e-08, 9.29073440403e-09, 9.41424005418e-09, 1.1947637546e-08, 5.4357451873e-09, 3.8945877634e-09, 3.2089424451e-09, 6.19486995035e-09, 2.4177952973e-09, 3.27695259816e-10, 6.9739304609e-11, 6.48422149307e-11, 1.79150826118e-11, 1.8592720679e-12, 4.85230514894e-14], [6.14182167039e-14, 1.01532822948e-12, -2.01607706224e-11, 3.59846041853e-11, 1.63367419592e-09, 3.29284738365e-10, 1.09407938265e-09, 1.2908501823e-08, 3.90853301724e-07, 7.20416366562e-08, 1.90900681929e-08, 7.86714338119e-08, 1.7271331032e-08, 6.769113714e-09, 7.41461514409e-09, 1.03795478879e-08, 5.24475085584e-09, 3.2089424451e-09, 3.06900282965e-09, 4.90724838542e-09, 1.73413949867e-09, 2.40451603073e-10, 5.98438174015e-11, 4.36399354153e-11, 1.2045089752e-11, 1.50349047448e-12, 3.7028323116e-14], [9.85571487703e-14, 4.34200245203e-12, -2.20095209419e-11, 3.38324403215e-11, 2.15218354249e-09, 7.75241204565e-10, 1.78676251572e-09, 2.91649655537e-08, 6.84669544171e-07, 1.54426587073e-07, 3.89767507158e-08, 1.57061805339e-07, 3.75439093148e-08, 1.55605874852e-08, 1.79398433886e-08, 2.25268284026e-08, 7.36747729491e-09, 6.19486995035e-09, 4.90724838542e-09, 1.11324194307e-08, 4.35040181657e-09, 5.99264249335e-10, 1.42597003649e-10, 1.06577989489e-10, 2.83881477353e-11, 3.47135861722e-12, 8.9828785957e-14], [3.25600040907e-14, 1.24785609363e-12, -8.97688434004e-12, 7.98628784632e-12, 8.19461387636e-10, 3.36827066238e-10, 5.86032500305e-10, 1.04220490016e-08, 2.12542957456e-07, 5.88883359853e-08, 1.44435601257e-08, 4.95903975661e-08, 1.24500845189e-08, 6.65185329041e-09, 7.01345959087e-09, 8.3559843489e-09, 2.62652544158e-09, 2.4177952973e-09, 1.73413949867e-09, 4.35040181657e-09, 1.82102433133e-09, 2.44377962311e-10, 4.93688666336e-11, 4.80792003432e-11, 1.30165409701e-11, 1.31608786369e-12, 3.44622435786e-14], [4.49923615142e-15, 2.16214280637e-13, -1.06321646366e-12, 1.16443671112e-12, 1.06356895513e-10, 4.39540071007e-11, 8.35691446599e-11, 1.48803758204e-09, 3.10691916638e-08, 8.1459603507e-09, 2.00090100044e-09, 7.44492378857e-09, 1.85372850403e-09, 8.74393890626e-10, 9.69291757968e-10, 1.17361897978e-09, 3.54797635715e-10, 3.27695259816e-10, 2.40451603073e-10, 5.99264249335e-10, 2.44377962311e-10, 3.32404208325e-11, 7.31143357663e-12, 6.20026772979e-12, 1.65940254159e-12, 1.84757021965e-13, 4.84186733134e-15], [1.47703625403e-15, 1.10895559229e-13, -5.18853216685e-14, 4.30000517615e-13, 1.51709426272e-11, 7.3166412165e-12, 2.58760339544e-11, 4.21835483211e-10, 1.13726974504e-08, 2.02041583464e-09, 5.2547699525e-10, 2.83373591259e-09, 6.55592025112e-10, 1.54552592946e-10, 2.4085167194e-10, 3.1496202868e-10, 7.38777650167e-11, 6.9739304609e-11, 5.98438174015e-11, 1.42597003649e-10, 4.93688666336e-11, 7.31143357663e-12, 2.4289363923e-12, 8.93910976057e-13, 2.12369266053e-13, 4.81754494966e-14, 1.27096139653e-15], [6.22654607741e-16, 1.21848018803e-15, -3.36071529763e-13, 1.52172897764e-13, 2.70471232217e-11, 9.57321201478e-12, 1.16835638386e-11, 2.21651016985e-10, 3.0029994047e-09, 1.40588285458e-09, 3.25268256773e-10, 7.08741398903e-10, 2.04460171016e-10, 1.87795501372e-10, 1.64970426209e-10, 1.85866919078e-10, 7.4791214888e-11, 6.48422149307e-11, 4.36399354153e-11, 1.06577989489e-10, 4.80792003432e-11, 6.20026772979e-12, 8.93910976057e-13, 1.43622787274e-12, 4.02140045439e-13, 3.01302019901e-14, 7.98754451541e-16], [1.87324830296e-16, -2.53329555074e-15, -1.06752511019e-13, 4.27955332847e-14, 7.96488222599e-12, 2.65549973504e-12, 3.04894629509e-12, 5.89719523214e-11, 6.84778067583e-10, 3.74207609344e-10, 8.61049079259e-11, 1.63848712376e-10, 4.82724728246e-11, 5.25160470666e-11, 4.36344016475e-11, 4.78480345623e-11, 2.13668995691e-11, 1.79150826118e-11, 1.2045089752e-11, 2.83881477353e-11, 1.30165409701e-11, 1.65940254159e-12, 2.12369266053e-13, 4.02140045439e-13, 1.13909465085e-13, 7.77031857504e-15, 2.10140575938e-16], [2.28368470191e-17, 1.7693357833e-15, -4.15223851667e-15, 1.1052478072e-14, 5.98259939852e-13, 2.23908009646e-13, 5.65900624971e-13, 9.20892789108e-12, 2.25137408716e-10, 4.8045074863e-11, 1.20376347779e-11, 5.06085659491e-11, 1.23704952532e-11, 4.3910361458e-12, 5.5390761422e-12, 7.31082729077e-12, 2.18761987691e-12, 1.8592720679e-12, 1.50349047448e-12, 3.47135861722e-12, 1.31608786369e-12, 1.84757021965e-13, 4.81754494966e-14, 3.01302019901e-14, 7.77031857504e-15, 1.13158890132e-15, 2.80794333691e-17], [8.50227053491e-19, 4.62860426108e-17, -1.51209118901e-16, 1.96863427134e-16, 1.47921056643e-14, 5.72997460027e-15, 1.26923050588e-14, 2.04668814991e-13, 4.40006494781e-12, 1.22845787362e-12, 2.94167901843e-13, 1.32929832506e-12, 3.24789836952e-13, 1.22176859016e-13, 1.47662941987e-13, 1.75437572456e-13, 5.16624097018e-14, 4.85230514894e-14, 3.7028323116e-14, 8.9828785957e-14, 3.44622435786e-14, 4.84186733134e-15, 1.27096139653e-15, 7.98754451541e-16, 2.10140575938e-16, 2.80794333691e-17, 8.03841194582e-19]]
    },
    "mfcc": {
        "kurt": [0.711047410965, -0.887052297592, -0.439105272293, 0.100204229355, -0.309141159058, -0.222333908081, 0.290038585663, 1.29134082794, -0.729306697845, 3.43172502518, 0.571213245392, -0.494557857513, 0.81440782547],
        "max": [-658.776916504, 138.034942627, 54.466709137, 39.2700386047, 26.0018959045, 10.3533935547, 21.8130073547, 16.3713779449, 18.7444496155, 39.2742462158, 26.5554542542, 12.2021179199, 15.0465431213],
        "mean": [-1013.7989502, 65.623336792, -6.38015365601, 5.81496047974, -11.0075397491, -12.2158279419, 2.82811784744, 3.15124559402, 2.3241353035, 3.84899902344, -5.00778007507, -10.0141716003, -7.64086484909],
        "median": [-1076.77868652, 67.9561691284, 4.27955627441, 14.3622627258, 3.35265350342, -6.30023193359, 2.78538131714, 4.37968826294, 2.33916854858, 4.10224533081, -3.74184036255, -9.22270202637, -7.17798423767],
        "min": [-1138.42004395, -1.88896560669, -127.854995728, -68.8500137329, -79.9214324951, -50.4356956482, -9.12233734131, -24.3200302124, -14.0068283081, -25.1564865112, -29.7417850494, -26.4293441772, -31.4373874664],
        "skew": [1.48080658913, -0.215101882815, -0.966798663139, -1.03795039654, -1.07979869843, -0.957430899143, 0.457617551088, -1.00694167614, -0.127856761217, 0.637545347214, 0.386894524097, 0.114115722477, -0.227483898401],
        "var": [20941.5527344, 1720.61828613, 3624.12158203, 850.272094727, 1019.18804932, 310.065216064, 47.5523796082, 71.353263855, 71.6172180176, 109.300186157, 125.236946106, 83.1658325195, 79.462852478],
        "cov": [[21576.1464844, 4554.60351562, -7674.16210938, -2747.25195312, -3853.96826172, -1498.91821289, -350.03427124, -635.126647949, 179.958099365, -228.59854126, -477.305175781, -24.4212245941, -483.441955566], [4554.60351562, 1772.75830078, -1049.57849121, -346.102874756, -602.293212891, -279.775146484, -83.1469421387, -122.131065369, -2.5380897522, -4.79607582092, -127.179702759, -105.28591156, -138.840194702], [-7674.16210938, -1049.57849121, 3733.94335938, 1576.36584473, 1825.7668457, 806.179260254, 142.431930542, 217.840530396, -10.1473379135, -5.50309753418, -18.4173984528, -160.640106201, 39.5331687927], [-2747.25195312, -346.102874756, 1576.36584473, 876.037963867, 879.168457031, 373.68371582, 76.6171569824, 91.7293243408, -20.5536575317, -116.135498047, -141.941619873, -151.262908936, -44.1327056885], [-3853.96826172, -602.293212891, 1825.7668457, 879.168457031, 1050.07250977, 426.639678955, 58.1025810242, 109.216888428, -33.4245109558, -102.603919983, -79.3191986084, -95.7435913086, -2.74951386452], [-1498.91821289, -279.775146484, 806.179260254, 373.68371582, 426.639678955, 319.461151123, 31.0035076141, 51.9369125366, 52.8915405273, -38.3369827271, -27.8714523315, -0.476177334785, -4.81289577484], [-350.03427124, -83.1469421387, 142.431930542, 76.6171569824, 58.1025810242, 31.0035076141, 48.9933586121, 39.0006141663, 3.30084466934, 17.8729457855, -8.38495063782, -25.2618770599, 21.2110443115], [-635.126647949, -122.131065369, 217.840530396, 91.7293243408, 109.216888428, 51.9369125366, 39.0006141663, 73.5154876709, 21.833902359, 13.8515863419, -1.08630871773, -13.4055290222, 15.0391988754], [179.958099365, -2.5380897522, -10.1473379135, -20.5536575317, -33.4245109558, 52.8915405273, 3.30084466934, 21.833902359, 73.787437439, 1.95959377289, -14.4762783051, 11.1655702591, -24.3201351166], [-228.59854126, -4.79607582092, -5.50309753418, -116.135498047, -102.603919983, -38.3369827271, 17.8729457855, 13.8515863419, 1.95959377289, 112.612312317, 93.4090499878, 31.0493164062, 57.6072120667], [-477.305175781, -127.179702759, -18.4173984528, -141.941619873, -79.3191986084, -27.8714523315, -8.38495063782, -1.08630871773, -14.4762783051, 93.4090499878, 129.031997681, 75.869468689, 59.6476249695], [-24.4212245941, -105.28591156, -160.640106201, -151.262908936, -95.7435913086, -0.476177334785, -25.2618770599, -13.4055290222, 11.1655702591, 31.0493164062, 75.869468689, 85.6860046387, 33.43592453], [-483.441955566, -138.840194702, 39.5331687927, -44.1327056885, -2.74951386452, -4.81289577484, 21.2110443115, 15.0391988754, -24.3201351166, 57.6072120667, 59.6476249695, 33.43592453, 81.8708190918]]
    },
    "sccoeffs": {
        "kurt": [-0.170510053635, 1.89633750916, 1.76731491089, 0.285249471664, 4.34025526047, -0.0564329624176],
        "max": [-0.448603183031, -0.351734608412, -0.558382749557, -0.706894099712, -0.662450015545, -0.740164637566],
        "mean": [-0.709546506405, -0.776866793633, -0.826125562191, -0.846655845642, -0.840288639069, -0.842396318913],
        "median": [-0.672512769699, -0.815099537373, -0.848085641861, -0.859299957752, -0.849338054657, -0.858857452869],
        "min": [-0.975204885006, -0.935523927212, -0.952435076237, -0.957100749016, -0.942672550678, -0.96186286211],
        "skew": [-0.0825217068195, 1.51273477077, 1.44842803478, 0.662844598293, 1.35510981083, 0.351936042309],
        "var": [0.0121098710224, 0.0171698257327, 0.00705153867602, 0.00272938655689, 0.00219265720807, 0.00250372150913],
        "cov": [[0.0124768372625, 0.00235554948449, 0.0039465050213, 0.00246244901791, 0.00163193768822, 0.00139810726978], [0.00235554948449, 0.0176901239902, 0.00821866095066, 0.00548498192802, 0.00259672966786, 0.00302230473608], [0.0039465050213, 0.00821866095066, 0.0072652217932, 0.00367672229186, 0.00178832246456, 0.00300941360183], [0.00246244901791, 0.00548498192802, 0.00367672229186, 0.00281209521927, 0.0012275709305, 0.00168139464222], [0.00163193768822, 0.00259672966786, 0.00178832246456, 0.0012275709305, 0.00225910148583, 0.00120778137352], [0.00139810726978, 0.00302230473608, 0.00300941360183, 0.00168139464222, 0.00120778137352, 0.0025795919355]]
    },
    "scvalleys": {
        "kurt": [-0.801376581192, -0.429440736771, 0.172762155533, 0.121646642685, 0.176718711853, 0.0692934989929],
        "max": [-8.74216175079, -6.5167593956, -4.42014074326, -5.58339929581, -6.50908279419, -9.26829624176],
        "mean": [-10.7767486572, -9.89047813416, -9.63155460358, -10.6685714722, -10.8603162766, -13.5493898392],
        "median": [-10.6000022888, -10.2631435394, -10.6088495255, -11.6028022766, -11.3503131866, -13.8743457794],
        "min": [-12.867559433, -12.2647972107, -12.6544017792, -13.224814415, -13.9115619659, -16.2585906982],
        "skew": [-0.361942470074, 0.782898008823, 1.22225534916, 1.22580122948, 1.04040813446, 0.848794043064],
        "var": [1.39046120644, 2.80030727386, 5.26659202576, 5.14234972, 3.59515285492, 3.18038320541],
        "cov": [[1.43259632587, 1.37941968441, 1.54395401478, 1.53394758701, 1.23403477669, 1.66197109222], [1.37941968441, 2.88516521454, 3.74924230576, 3.63710284233, 2.95268535614, 2.92997288704], [1.54395401478, 3.74924230576, 5.42618560791, 5.26791906357, 4.2713136673, 3.81533479691], [1.53394758701, 3.63710284233, 5.26791906357, 5.29817867279, 4.25484228134, 3.7467918396], [1.23403477669, 2.95268535614, 4.2713136673, 4.25484228134, 3.70409703255, 3.09475421906], [1.66197109222, 2.92997288704, 3.81533479691, 3.7467918396, 3.09475421906, 3.27675843239]]
    }
},
"rhythm": {
    "bpm": 0,
    "confidence": 0,
    "first_peak_bpm": {
        "kurt": 0,
        "max": 0,
        "mean": 0,
        "median": 0,
        "min": 0,
        "skew": 0,
        "var": 0
    },
    "first_peak_spread": {
        "kurt": 0,
        "max": 0,
        "mean": 0,
        "median": 0,
        "min": 0,
        "skew": 0,
        "var": 0
    },
    "first_peak_weight": {
        "kurt": 0,
        "max": 0,
        "mean": 0,
        "median": 0,
        "min": 0,
        "skew": 0,
        "var": 0
    },
    "onset_rate": 1.33337366581,
    "second_peak_bpm": {
        "kurt": 0,
        "max": 0,
        "mean": 0,
        "median": 0,
        "min": 0,
        "skew": 0,
        "var": 0
    },
    "second_peak_spread": {
        "kurt": 0,
        "max": 0,
        "mean": 0,
        "median": 0,
        "min": 0,
        "skew": 0,
        "var": 0
    },
    "second_peak_weight": {
        "kurt": 0,
        "max": 0,
        "mean": 0,
        "median": 0,
        "min": 0,
        "skew": 0,
        "var": 0
    },
    "beats_position": [],
    "bpm_estimates": [],
    "bpm_intervals": [],
    "onset_times": [0.0116099771112],
    "histogram": [[0, 0, 0, 0, 0, 0, 0, 0, 0, 0, 0, 0, 0, 0, 0, 0, 0, 0, 0, 0, 0, 0, 0, 0, 0, 0, 0, 0, 0, 0, 0, 0, 0, 0, 0, 0, 0, 0, 0, 0, 0, 0, 0, 0, 0, 0, 0, 0, 0, 0, 0, 0, 0, 0, 0, 0, 0, 0, 0, 0, 0, 0, 0, 0, 0, 0, 0, 0, 0, 0, 0, 0, 0, 0, 0, 0, 0, 0, 0, 0, 0, 0, 0, 0, 0, 0, 0, 0, 0, 0, 0, 0, 0, 0, 0, 0, 0, 0, 0, 0, 0, 0, 0, 0, 0, 0, 0, 0, 0, 0, 0, 0, 0, 0, 0, 0, 0, 0, 0, 0, 0, 0, 0, 0, 0, 0, 0, 0, 0, 0, 0, 0, 0, 0, 0, 0, 0, 0, 0, 0, 0, 0, 0, 0, 0, 0, 0, 0, 0, 0, 0, 0, 0, 0, 0, 0, 0, 0, 0, 0, 0, 0, 0, 0, 0, 0, 0, 0, 0, 0, 0, 0, 0, 0, 0, 0, 0, 0, 0, 0, 0, 0, 0, 0, 0, 0, 0, 0, 0, 0, 0, 0, 0, 0, 0, 0, 0, 0, 0, 0, 0, 0, 0, 0, 0, 0, 0, 0, 0, 0, 0, 0, 0, 0, 0, 0, 0, 0, 0, 0, 0, 0, 0, 0, 0, 0, 0, 0, 0, 0, 0, 0, 0, 0, 0, 0, 0, 0, 0, 0, 0, 0, 0, 0, 0, 0, 0, 0, 0, 0]]
},
"sfx": {
    "inharmonicity": {
        "kurt": 2.58364582062,
        "max": 0.15595382452,
        "mean": 0.0292422324419,
        "median": 0.0133632225916,
        "min": 0,
        "skew": 1.94499409199,
        "var": 0.00176607107278
    },
    "oddtoevenharmonicenergyratio": {
        "kurt": 22.9410438538,
        "max": 11.7298517227,
        "mean": 0.665507256985,
        "median": 0.206573411822,
        "min": 0,
        "skew": 4.83742856979,
        "var": 4.1377863884
    },
    "pitch_after_max_to_before_max_energy_ratio": 0.195584878325,
    "pitch_centroid": 13.1965284348,
    "pitch_max_to_total": 0.794117629528,
    "pitch_min_to_total": 0.941176474094,
    "tristimulus": {
        "kurt": [-0.594499588013, 0.818414926529, 0.165691375732],
        "max": [1, 0.848232805729, 0.574794352055],
        "mean": [0.538920044899, 0.2875174582, 0.173562586308],
        "median": [0.466968268156, 0.299462765455, 0.145608872175],
        "min": [0, 0, 0],
        "skew": [0.284140259027, 0.392501413822, 0.851500034332],
        "var": [0.0765964314342, 0.0345438197255, 0.0218634847552],
        "cov": [[0.0789175331593, -0.045991063118, -0.0329264774919], [-0.045991063118, 0.0355906002223, 0.0104004591703], [-0.0329264774919, 0.0104004591703, 0.0225260145962]]
    }
},
"tonal": {
    "chords_changes_rate": 0,
    "chords_number_rate": 0.0555555559695,
    "chords_strength": {
        "kurt": -2,
        "max": 0.31831112504,
        "mean": 0.318311154842,
        "median": 0.31831112504,
        "min": 0.31831112504,
        "skew": -1,
        "var": 8.881784197e-16
    },
    "key_strength": 0.536509633064,
    "tuning_diatonic_strength": 0.467649191618,
    "tuning_equal_tempered_deviation": 0.285798311234,
    "tuning_frequency": 446.657836914,
    "tuning_nontempered_energy_ratio": 0.923424601555,
    "hpcp": {
        "kurt": [0.134895563126, 0.00162816047668, -0.00562238693237, 1.89324378967, 5.30647373199, 6.88528823853, 10.7638158798, 7.82164669037, 0.771668195724, 0.0687575340271, -0.945730209351, 5.57849788666, 3.53154230118, -0.354046106339, 1.18566226959, 5.12452507019, 2.09164094925, 2.58334350586, 1.4018406868, 3.24307870865, 0.343951702118, 1.15355491638, -0.717608690262, -0.282933950424, 2.27422523499, 0.231021404266, 3.31597423553, 1.76225566864, 1.17430353165, 1.60309362411, 1.98799276352, 2.1581120491, 0.953643798828, 0.706127405167, -0.75698184967, 0.0912823677063],
        "max": [0.855789780617, 1, 1, 0.942921638489, 1, 0.823461472988, 1, 0.887584328651, 0.33353126049, 0.325023144484, 0.267087161541, 0.429672807455, 0.655682742596, 0.413412809372, 0.342905133963, 0.512162327766, 0.895003020763, 1, 0.532097756863, 0.861042797565, 1, 0.947598457336, 0.387991547585, 0.581539332867, 1, 0.712499916553, 0.901884198189, 0.474817812443, 0.277871459723, 0.265058904886, 0.43132519722, 1, 1, 1, 1, 1],
        "mean": [0.194120809436, 0.224329307675, 0.229546174407, 0.176900193095, 0.145342648029, 0.121988840401, 0.119460038841, 0.114811807871, 0.0787342041731, 0.0816834494472, 0.0816537737846, 0.075869448483, 0.122216001153, 0.116416916251, 0.0745834857225, 0.084450468421, 0.165364101529, 0.18777808547, 0.131557181478, 0.195261523128, 0.275505155325, 0.197360426188, 0.105645358562, 0.154630452394, 0.198388174176, 0.170732021332, 0.137878835201, 0.0902380123734, 0.0609674267471, 0.0553251281381, 0.0829334631562, 0.173129811883, 0.218846023083, 0.250910967588, 0.312401205301, 0.263327300549],
        "median": [0.0278617478907, 0.0161582753062, 0.0240172315389, 0.0158570893109, 0.0164911150932, 0.0247841030359, 0.0473221391439, 0.0359362885356, 0.0333956666291, 0.0329343266785, 0.0331148356199, 0.0385308489203, 0.0676535069942, 0.0627555623651, 0.0245341435075, 0.0267606377602, 0.0487070418894, 0.0492636784911, 0.066020488739, 0.133017078042, 0.127376407385, 0.0524302013218, 0.0366896577179, 0.0511687472463, 0.112146861851, 0.0394164137542, 0.0282292626798, 0.0311552248895, 0.0237935595214, 0.0188516303897, 0.0200592838228, 0.0135962115601, 0.0547676831484, 0.137368679047, 0.10320623219, 0.0662242099643],
        "min": [0, 0, 0, 0, 0, 0, 0, 0, 0, 0, 0, 0, 0, 0, 0, 0, 0, 0, 0, 0, 0, 0, 0, 0, 0, 0, 0, 0, 0, 0, 0, 0, 0, 0, 0, 0],
        "skew": [1.24654555321, 1.22409713268, 1.14797985554, 1.64688718319, 2.3891146183, 2.64065551758, 3.41461515427, 2.8843960762, 1.29920983315, 1.22986543179, 0.868840813637, 2.34650206566, 2.00340509415, 1.10427200794, 1.57299387455, 2.28310418129, 1.90562164783, 1.99885571003, 1.56267333031, 1.83356153965, 1.30258786678, 1.45259356499, 1.03131341934, 1.05628204346, 1.74430751801, 1.25351333618, 2.06946277618, 1.69932186604, 1.53726327419, 1.55439436436, 1.65624833107, 1.91438555717, 1.56955480576, 1.21078050137, 0.93242508173, 1.15259850025],
        "var": [0.0716525390744, 0.102436363697, 0.0960503071547, 0.0676571577787, 0.0608455389738, 0.0370826534927, 0.0493094660342, 0.0430109240115, 0.00899535883218, 0.0106792980805, 0.00949241966009, 0.0101732620969, 0.027545440942, 0.0197573509067, 0.010622494854, 0.0153264291584, 0.0755623579025, 0.0936513096094, 0.0228313971311, 0.0433223620057, 0.105477362871, 0.070571936667, 0.0192201510072, 0.0353234261274, 0.0706912428141, 0.0483979731798, 0.0577219538391, 0.0173609368503, 0.0064402371645, 0.0053339600563, 0.013624384068, 0.0927475765347, 0.10752659291, 0.0755111426115, 0.138714686036, 0.108121134341],
