{
"metadata": {
    "version": {
        "essentia": "2.1-beta3"
    }
},
"lowLevel": {
    "average_loudness": 0.485440313816,
    "barkbands_kurtosis": {
        "kurt": 98.5521240234,
        "max": 584.703918457,
        "mean": 13.7933721542,
        "median": 1.27010536194,
        "min": -1.86285960674,
        "skew": 8.53751277924,
        "var": 1766.73547363
    },
    "barkbands_skewness": {
        "kurt": 11.0580234528,
        "max": 21.5865345001,
        "mean": 1.78319227695,
        "median": 1.12362647057,
        "min": -2.6933836937,
        "skew": 2.38956093788,
        "var": 7.09248018265
    },
    "barkbands_spread": {
        "kurt": -0.455059289932,
        "max": 62.3726234436,
        "mean": 18.7381649017,
        "median": 15.6634464264,
        "min": 0.138470724225,
        "skew": 0.699047446251,
        "var": 246.350067139
    },
    "dissonance": {
        "kurt": 1.64114761353,
        "max": 0.499983549118,
        "mean": 0.441361397505,
        "median": 0.473367661238,
        "min": 0.170629322529,
        "skew": -1.48091590405,
        "var": 0.00437510712072
    },
    "hfc": {
        "kurt": 53.0415840149,
        "max": 57.4786682129,
        "mean": 1.12145292759,
        "median": 0.00182728294749,
        "min": 7.96032327344e-05,
        "skew": 6.91256713867,
        "var": 33.2238616943
    },
    "pitch": {
        "kurt": 0.588891029358,
        "max": 4969.67871094,
        "mean": 1068.61328125,
        "median": 392.892578125,
        "min": 70.8688964844,
        "skew": 1.54170620441,
        "var": 2051884.875
    },
    "pitch_instantaneous_confidence": {
        "kurt": -1.11420822144,
        "max": 0.98734164238,
        "mean": 0.485473304987,
        "median": 0.421767711639,
        "min": 0.136233270168,
        "skew": 0.444374501705,
        "var": 0.0621260926127
    },
    "pitch_salience": {
        "kurt": -0.0515396595001,
        "max": 0.902643918991,
        "mean": 0.609021365643,
        "median": 0.658783197403,
        "min": 0.0824634507298,
        "skew": -0.895799398422,
        "var": 0.0299452338368
    },
    "silence_rate_20dB": {
        "kurt": 0,
        "max": 1,
        "mean": 1,
        "median": 1,
        "min": 1,
        "skew": 0,
        "var": 0
    },
    "silence_rate_30dB": {
        "kurt": 0,
        "max": 1,
        "mean": 1,
        "median": 1,
        "min": 1,
        "skew": 0,
        "var": 0
    },
    "silence_rate_60dB": {
        "kurt": 13.4075889587,
        "max": 1,
        "mean": 0.945504069328,
        "median": 1,
        "min": 0,
        "skew": -3.92525553703,
        "var": 0.0515260584652
    },
    "spectral_centroid": {
        "kurt": 1.34633684158,
        "max": 4653.359375,
        "mean": 1219.80993652,
        "median": 954.781555176,
        "min": 236.315887451,
        "skew": 1.33158969879,
        "var": 747977.75
    },
    "spectral_complexity": {
        "kurt": 33.0708694458,
        "max": 16,
        "mean": 0.561307907104,
        "median": 0,
        "min": 0,
        "skew": 5.23478841782,
        "var": 3.28166103363
    },
    "spectral_crest": {
        "kurt": -0.650904417038,
        "max": 26.725315094,
        "mean": 11.0921869278,
        "median": 8.81611061096,
        "min": 2.83537530899,
        "skew": 0.757854938507,
        "var": 42.0297966003
    },
    "spectral_decrease": {
        "kurt": 30.2444038391,
        "max": -1.76888939694e-14,
        "mean": -2.69807981512e-10,
        "median": -6.16277157344e-13,
        "min": -9.13211906095e-09,
        "skew": -5.40566730499,
        "var": 1.43786407056e-18
    },
    "spectral_energy": {
        "kurt": 31.7878875732,
        "max": 0.0393107868731,
        "mean": 0.00112003600225,
        "median": 2.65206017502e-06,
        "min": 7.88733274248e-08,
        "skew": 5.51833629608,
        "var": 2.53484995483e-05
    },
    "spectral_energyband_high": {
        "kurt": 186.141418457,
        "max": 0.00241501932032,
        "mean": 1.60503750521e-05,
        "median": 6.6909606744e-08,
        "min": 1.97980831729e-09,
        "skew": 13.0494556427,
        "var": 2.28655832046e-08
    },
    "spectral_energyband_low": {
        "kurt": 207.832199097,
        "max": 4.3278447265e-05,
        "mean": 4.15925768493e-07,
        "median": 1.60334572286e-08,
        "min": 6.55559717622e-10,
        "skew": 13.2711572647,
        "var": 6.65063880703e-12
    },
    "spectral_energyband_middle_high": {
        "kurt": 45.5070533752,
        "max": 0.0382460430264,
        "mean": 0.000793447019532,
        "median": 2.83231599951e-07,
        "min": 9.03143870801e-09,
        "skew": 6.55089330673,
        "var": 1.79561866389e-05
    },
    "spectral_energyband_middle_low": {
        "kurt": 74.2537612915,
        "max": 0.0237968750298,
        "mean": 0.000404636899475,
        "median": 1.05119306681e-06,
        "min": 2.51834020304e-08,
        "skew": 7.86889028549,
        "var": 3.79504012926e-06
    },
    "spectral_flatness_db": {
        "kurt": -0.216998815536,
        "max": 0.602083444595,
        "mean": 0.208983466029,
        "median": 0.169322729111,
        "min": 0.0612480156124,
        "skew": 0.845170974731,
        "var": 0.0133084533736
    },
    "spectral_flux": {
        "kurt": 20.1038970947,
        "max": 0.212295681238,
        "mean": 0.00912241730839,
        "median": 0.000992133049294,
        "min": 0.000177711772267,
        "skew": 4.31359529495,
        "var": 0.000710117048584
    },
    "spectral_kurtosis": {
        "kurt": 5.48074913025,
        "max": 55.3832817078,
        "mean": 9.22249889374,
        "median": 5.91067123413,
        "min": 0.13436794281,
        "skew": 2.207873106,
        "var": 80.7739639282
    },
    "spectral_rms": {
        "kurt": 17.3119258881,
        "max": 0.00619289791211,
        "mean": 0.000354278774466,
        "median": 5.08662560605e-05,
        "min": 8.77209095052e-06,
        "skew": 4.13618993759,
        "var": 9.6720430065e-07
    },
    "spectral_rolloff": {
        "kurt": -0.389895200729,
        "max": 8570.21484375,
        "mean": 2119.17285156,
        "median": 1787.25585938,
        "min": 193.798828125,
        "skew": 0.701670765877,
        "var": 2680421.25
    },
    "spectral_skewness": {
        "kurt": 0.848384618759,
        "max": 6.04571723938,
        "mean": 2.24977254868,
        "median": 2.01448369026,
        "min": 0.584327399731,
        "skew": 1.06288337708,
        "var": 1.11719167233
    },
    "spectral_spread": {
        "kurt": 4.98882961273,
        "max": 21910656,
        "mean": 5399018.5,
        "median": 5092233.5,
        "min": 1327024.375,
        "skew": 1.54273962975,
        "var": 6.80385891533e+12
    },
    "spectral_strongpeak": {
        "kurt": 26.557888031,
        "max": 5.37341356277,
        "mean": 0.185703292489,
        "median": 0.011223106645,
        "min": 0.000162896350957,
        "skew": 4.98959255219,
        "var": 0.425114780664
    },
    "zerocrossingrate": {
        "kurt": -0.201593875885,
        "max": 0.2158203125,
        "mean": 0.0702113881707,
        "median": 0.06298828125,
        "min": 0.00439453125,
        "skew": 0.704876184464,
        "var": 0.00200201408006
    },
    "barkbands": {
        "kurt": [45.8864326477, 229.733779907, 232.245117188, 119.09349823, 101.798065186, 169.701644897, 54.5887107849, 118.363777161, 130.43951416, 37.8610191345, 211.741531372, 74.3205566406, 304.363739014, 256.705841064, 122.24155426, 218.153030396, 126.817108154, 297.743011475, 267.164093018, 189.730255127, 145.712722778, 134.340103149, 256.922241211, 201.340240479, 106.486068726, 112.695976257, 178.092941284],
        "max": [4.19697077092e-09, 2.50186099038e-06, 2.44588536589e-05, 3.11426738335e-05, 0.000186685312656, 0.000837277504615, 0.000539293105248, 0.00365562643856, 0.0225776694715, 0.0292029734701, 0.000393340305891, 4.34883550042e-05, 0.00162150862161, 0.00300571974367, 0.000178125381353, 0.000769274483901, 0.00625177985057, 0.00114722491708, 0.00460269721225, 0.00188347930089, 0.000470756436698, 9.62029735092e-05, 3.5479071812e-05, 6.80138828102e-06, 3.86809233532e-06, 4.56734682075e-07, 2.24899157075e-08],
        "mean": [1.18576204411e-10, 2.11746495893e-08, 2.03795039511e-07, 4.04747396487e-07, 3.17645390169e-06, 9.23674815567e-06, 1.16705923574e-05, 3.99746932089e-05, 0.000215303894947, 0.000705471786205, 2.9928019103e-06, 7.95272001142e-07, 7.80080154072e-06, 1.64526736626e-05, 1.75881177711e-06, 5.09802521265e-06, 5.42390589544e-05, 5.49386913917e-06, 2.26273168664e-05, 1.20409886222e-05, 4.09658650824e-06, 8.82842016381e-07, 2.03412739097e-07, 4.90798868213e-08, 3.73291548783e-08, 4.55964155321e-09, 1.83947315713e-10],
        "median": [1.72346199812e-11, 2.00868011113e-09, 8.5199287625e-09, 1.27085879598e-08, 6.89176857804e-08, 6.14466699744e-08, 1.69799292848e-07, 5.85868562553e-08, 8.356788328e-08, 4.63436471421e-08, 2.05358787753e-08, 1.13348992414e-08, 8.62872795437e-09, 8.06542566067e-09, 8.58236859358e-09, 1.23733707724e-08, 1.67436731147e-08, 1.67803850815e-08, 2.34369625929e-08, 2.13879225441e-08, 2.9347337005e-08, 1.07149427109e-08, 1.41629863393e-09, 4.96507279735e-10, 2.65750615958e-10, 3.93566047807e-11, 1.46913557708e-12],
        "min": [1.93051534502e-13, 1.3872448329e-11, 8.94493784598e-11, 9.88932824519e-11, 1.67651181826e-09, 1.28752364326e-09, 9.92899762409e-10, 6.6655453379e-10, 9.92079418616e-10, 4.34247027226e-10, 1.6293190408e-10, 2.50951315284e-10, 9.77942102298e-11, 2.52541404455e-10, 1.81210185746e-10, 4.28151541998e-10, 3.07203429362e-10, 2.53295079355e-10, 6.19864992668e-10, 7.77280517728e-10, 5.53558143768e-10, 3.76050884876e-10, 5.91361890012e-11, 4.97476469741e-11, 4.60543027325e-11, 7.63573579365e-12, 5.4366201211e-13],
        "skew": [6.20510196686, 14.2906684875, 14.26841259, 10.2207174301, 9.47831821442, 12.0035514832, 6.6367316246, 10.2253112793, 10.7616825104, 6.04731416702, 13.6580381393, 8.12426948547, 16.9783382416, 15.4510478973, 10.444890976, 13.9360761642, 10.6585655212, 16.7542686462, 15.769197464, 13.2574367523, 11.3930864334, 11.1918029785, 15.3340616226, 13.2774219513, 9.94716835022, 10.1923751831, 12.4049243927],
        "var": [1.58882448066e-19, 2.1262968125e-14, 2.01328797383e-12, 5.33041319417e-12, 2.42962233665e-10, 2.8146531772e-09, 2.20946461127e-09, 6.91160053634e-08, 2.48851506512e-06, 1.31110282382e-05, 5.49706113961e-10, 1.52649039242e-11, 7.76318564988e-09, 2.92931989776e-08, 1.60052485154e-10, 2.07961581289e-09, 1.9723890432e-07, 3.93129884202e-09, 6.71108040251e-08, 1.39364253471e-08, 9.97244953282e-10, 5.06391040211e-11, 4.05596129599e-12, 1.69263407001e-13, 8.74744273869e-14, 1.22954328536e-15, 1.97738869599e-18],
        "cov": [[1.59316562791e-19, 1.35056971529e-17, 1.81459524183e-16, 1.77126434497e-16, 1.23728709879e-16, 5.60032138461e-16, 3.49021069411e-15, 3.34675897293e-14, 3.16271396008e-13, 6.99370032373e-13, 3.27201098349e-15, 7.07149902938e-16, 1.27570073645e-14, 1.46541646547e-14, 2.00203288633e-15, 6.60730591605e-15, 5.53600439416e-14, 8.49713975939e-15, 1.83637810226e-14, 1.21434327912e-14, 3.80025905764e-15, 8.78560519403e-16, 2.35272030248e-16, 5.19830141605e-17, 3.17695787259e-17, 4.35815449924e-18, 1.95321666904e-19], [1.35056971529e-17, 2.13210644208e-14, 1.01126131937e-13, 8.33242776535e-14, 4.58115973813e-14, 3.46285500274e-13, 4.05320872351e-12, 1.49916429097e-12, 3.59155309659e-11, 2.14116266384e-10, 1.32750689781e-12, 2.2534835868e-13, 2.57701997762e-12, 1.83811364567e-12, 1.45139759586e-12, 3.62199983547e-12, 1.90783448067e-11, 2.38733815702e-12, 3.08993542558e-12, 2.84785563187e-12, 1.39639905541e-12, 2.53131960922e-13, 1.00571169502e-13, 1.8717261424e-14, 1.51358790681e-14, 1.41710782598e-15, 6.09229770802e-17], [1.81459524183e-16, 1.01126131937e-13, 2.01878878198e-12, 2.1040020854e-12, 1.37597366227e-12, 7.47823938191e-12, 2.88646172936e-11, 7.76397141022e-11, 1.20058774034e-09, 1.340060507e-09, 1.45549631375e-11, 4.14185179209e-12, 2.08142860586e-11, 2.09327485901e-11, 1.1089804422e-11, 6.12138326139e-11, 1.34523850392e-10, 1.86408926489e-11, 2.99641561563e-11, 3.1563678754e-11, 8.82521226236e-12, 1.98002291646e-12, 5.90854459543e-13, 1.25828817851e-13, 1.11052097693e-13, 1.07151404245e-14, 5.84874132497e-16], [1.77126434497e-16, 8.33242776535e-14, 2.1040020854e-12, 5.34497706511e-12, 1.92461428739e-11, 4.46641577889e-11, 3.30748449462e-11, 8.23663359739e-11, 1.21287768717e-09, 1.23326993062e-09, 1.4891523778e-11, 4.20029896281e-12, 2.05057481412e-11, 2.73137051171e-11, 1.04854441102e-11, 6.01943148104e-11, 1.36598912737e-10, 1.83409537557e-11, 4.18810333636e-11, 3.59885246604e-11, 9.64157313016e-12, 2.24945691414e-12, 7.55188012819e-13, 1.52819908963e-13, 1.10244163787e-13, 1.22028826456e-14, 6.52238186336e-16], [1.23728709879e-16, 4.58115973813e-14, 1.37597366227e-12, 1.92461428739e-11, 2.43626091523e-10, 2.58109034146e-10, 1.8868444307e-10, 2.81335871266e-10, 9.30925114773e-10, -1.08386993825e-10, 7.6679790989e-12, 4.92361793697e-12, 8.85915906607e-12, 2.50753463132e-11, 8.88930422327e-12, 2.55960409118e-11, 2.44354120271e-11, 9.80298394543e-12, 4.12877024236e-11, 8.02709287928e-12, 4.59738974321e-12, 1.28978761265e-12, 9.82677481054e-13, 4.12166665815e-13, 8.63378785783e-14, 2.00566763176e-14, 5.63036617265e-16], [5.60032138461e-16, 3.46285500274e-13, 7.47823938191e-12, 4.46641577889e-11, 2.58109034146e-10, 2.82234347004e-09, 3.46169204413e-10, 2.90308804773e-10, 2.3897286372e-09, 4.07756228782e-09, 8.7307841512e-11, 1.52475948534e-11, 3.54359493138e-11, 2.91508588102e-11, 5.19339363181e-11, 1.82820411587e-10, 9.75010516768e-10, 4.89689469529e-11, 1.9960628983e-10, 2.71669381435e-10, 7.29782553832e-11, 1.39080916922e-11, 7.4108739978e-12, 1.22716040888e-12, 5.5318884239e-13, 7.01883619584e-14, 4.21003242169e-15], [3.49021069411e-15, 4.05320872351e-12, 2.88646172936e-11, 3.30748449462e-11, 1.8868444307e-10, 3.46169204413e-10, 2.21550133794e-09, 1.89198390288e-09, 1.19357226325e-08, 4.77432848811e-08, 4.17576528911e-10, 7.24202017799e-11, 5.76150349652e-10, 3.81544018602e-10, 3.71255859388e-10, 9.96856375224e-10, 5.64143798343e-09, 5.52858647751e-10, 1.02017028158e-09, 1.16675125117e-09, 4.29011021152e-10, 7.66704130739e-11, 3.14640292987e-11, 6.09630141507e-12, 4.05786472132e-12, 4.13712331537e-13, 2.02854040125e-14], [3.34675897293e-14, 1.49916429097e-12, 7.76397141022e-11, 8.23663359739e-11, 2.81335871266e-10, 2.90308804773e-10, 1.89198390288e-09, 6.93048463063e-08, 1.23221028048e-07, 3.86593796975e-08, 3.4516153824e-10, 4.65717020504e-10, 5.07945852046e-10, 1.45155332198e-10, 5.55763657317e-10, 1.70670311217e-09, -1.15320764049e-09, 1.88154505865e-10, -1.67532779316e-10, -9.18868453548e-11, 1.19615178873e-10, -7.39350204323e-13, 1.91939324677e-12, -1.46132306017e-13, 1.16437689026e-13, 1.00316924093e-14, 6.13929607225e-15], [3.16271396008e-13, 3.59155309659e-11, 1.20058774034e-09, 1.21287768717e-09, 9.30925114773e-10, 2.3897286372e-09, 1.19357226325e-08, 1.23221028048e-07, 2.49531444751e-06, 8.67360881784e-07, 8.29007174019e-09, 3.81133213878e-09, 1.14779957983e-07, 8.34440712083e-08, 9.22557141791e-09, 4.82621977937e-08, 6.88807659799e-08, 7.77558142318e-08, 4.35844924596e-08, 1.81754824524e-08, 5.02139529956e-09, 1.55464841001e-09, 3.13702092081e-10, 1.15446811833e-10, 8.45760197987e-11, 1.2191844756e-11, 4.47106652916e-13], [6.99370032373e-13, 2.14116266384e-10, 1.340060507e-09, 1.23326993062e-09, -1.08386993825e-10, 4.07756228782e-09, 4.77432848811e-08, 3.86593796975e-08, 8.67360881784e-07, 1.31468514155e-05, 5.12550215603e-08, 5.73657521485e-09, 4.38922889145e-08, 3.20805384035e-07, 2.41037767523e-08, 5.011444415e-08, 1.27959253859e-06, 5.09002973104e-08, 5.47672527773e-07, 2.79293715266e-07, 8.57840660728e-08, 1.98402823059e-08, 4.58407800608e-09, 1.0180890575e-09, 8.25967516604e-10, 9.80047223931e-11, 3.67678717333e-12], [3.27201098349e-15, 1.32750689781e-12, 1.45549631375e-11, 1.4891523778e-11, 7.6679790989e-12, 8.7307841512e-11, 4.17576528911e-10, 3.4516153824e-10, 8.29007174019e-09, 5.12550215603e-08, 5.51208023669e-10, 3.74086699118e-11, 3.09780368024e-10, 7.9619211224e-10, 2.10587505767e-10, 4.88917184516e-10, 8.57864268511e-09, 3.08293585105e-10, 2.16086881721e-09, 2.32784325149e-09, 6.07298378252e-10, 1.11440329187e-10, 4.39299013832e-11, 8.63153992725e-12, 4.0819079887e-12, 5.37651303686e-13, 2.9345310768e-14], [7.07149902938e-16, 2.2534835868e-13, 4.14185179209e-12, 4.20029896281e-12, 4.92361793697e-12, 1.52475948534e-11, 7.24202017799e-11, 4.65717020504e-10, 3.81133213878e-09, 5.73657521485e-09, 3.74086699118e-11, 1.53066118808e-11, 9.32808968956e-11, 1.63696500799e-10, 3.20908299933e-11, 1.31819166693e-10, 6.95196122891e-10, 7.44736078362e-11, 2.56413973387e-10, 1.73879161069e-10, 4.86814963341e-11, 1.00688398591e-11, 2.28781186704e-12, 5.40500261735e-13, 6.00325399201e-13, 5.61499191056e-14, 2.29966162927e-15], [1.27570073645e-14, 2.57701997762e-12, 2.08142860586e-11, 2.05057481412e-11, 8.85915906607e-12, 3.54359493138e-11, 5.76150349652e-10, 5.07945852046e-10, 1.14779957983e-07, 4.38922889145e-08, 3.09780368024e-10, 9.32808968956e-11, 7.7843971269e-09, 5.70350833229e-09, 4.93228347054e-10, 1.61478952432e-09, 4.60129356838e-09, 5.40175992825e-09, 3.28500937563e-09, 1.0925698124e-09, 4.07213956999e-10, 1.12155076892e-10, 3.03936563417e-11, 9.14279155856e-12, 5.27927614818e-12, 8.54486349299e-13, 2.76003127823e-14], [1.46541646547e-14, 1.83811364567e-12, 2.09327485901e-11, 2.73137051171e-11, 2.50753463132e-11, 2.91508588102e-11, 3.81544018602e-10, 1.45155332198e-10, 8.34440712083e-08, 3.20805384035e-07, 7.9619211224e-10, 1.63696500799e-10, 5.70350833229e-09, 2.93732345114e-08, 6.30203167429e-10, 1.33628474952e-09, 2.88608088539e-08, 4.84449813598e-09, 4.18837764471e-08, 7.9231368133e-09, 3.0404749829e-09, 9.60683643747e-10, 1.23375906713e-10, 3.54987463036e-11, 3.07841460656e-11, 4.84151174013e-12, 1.21284221815e-13], [2.00203288633e-15, 1.45139759586e-12, 1.1089804422e-11, 1.04854441102e-11, 8.88930422327e-12, 5.19339363181e-11, 3.71255859388e-10, 5.55763657317e-10, 9.22557141791e-09, 2.41037767523e-08, 2.10587505767e-10, 3.20908299933e-11, 4.93228347054e-10, 6.30203167429e-10, 1.60489788126e-10, 4.17728962532e-10, 3.09871017734e-09, 3.99721450384e-10, 1.03479991242e-09, 7.40926764387e-10, 2.44375381042e-10, 4.88598050907e-11, 1.73068052944e-11, 3.4706462964e-12, 2.02426031666e-12, 2.53149416577e-13, 1.16598311884e-14], [6.60730591605e-15, 3.62199983547e-12, 6.12138326139e-11, 6.01943148104e-11, 2.55960409118e-11, 1.82820411587e-10, 9.96856375224e-10, 1.70670311217e-09, 4.82621977937e-08, 5.011444415e-08, 4.88917184516e-10, 1.31819166693e-10, 1.61478952432e-09, 1.33628474952e-09, 4.17728962532e-10, 2.08529771228e-09, 5.05716402088e-09, 1.28135613231e-09, 1.31329358499e-09, 1.10515419038e-09, 3.33817640197e-10, 7.81411949036e-11, 2.32153532509e-11, 5.18971627825e-12, 4.30352758637e-12, 4.5359888263e-13, 2.18059721484e-14], [5.53600439416e-14, 1.90783448067e-11, 1.34523850392e-10, 1.36598912737e-10, 2.44354120271e-11, 9.75010516768e-10, 5.64143798343e-09, -1.15320764049e-09, 6.88807659799e-08, 1.27959253859e-06, 8.57864268511e-09, 6.95196122891e-10, 4.60129356838e-09, 2.88608088539e-08, 3.09871017734e-09, 5.05716402088e-09, 1.97777808353e-07, 5.89612803026e-09, 6.31369090343e-08, 4.9996629059e-08, 1.28266224309e-08, 2.61600319185e-09, 7.79331044143e-10, 1.64443098027e-10, 1.16579315645e-10, 1.31167654863e-11, 5.84979601651e-13], [8.49713975939e-15, 2.38733815702e-12, 1.86408926489e-11, 1.83409537557e-11, 9.80298394543e-12, 4.89689469529e-11, 5.52858647751e-10, 1.88154505865e-10, 7.77558142318e-08, 5.09002973104e-08, 3.08293585105e-10, 7.44736078362e-11, 5.40175992825e-09, 4.84449813598e-09, 3.99721450384e-10, 1.28135613231e-09, 5.89612803026e-09, 3.94204002774e-09, 3.79194498024e-09, 1.42861411589e-09, 4.71009176106e-10, 1.24000740231e-10, 3.10371520151e-11, 8.66591954446e-12, 5.87482276368e-12, 8.37920715886e-13, 2.7467877487e-14], [1.83637810226e-14, 3.08993542558e-12, 2.99641561563e-11, 4.18810333636e-11, 4.12877024236e-11, 1.9960628983e-10, 1.02017028158e-09, -1.67532779316e-10, 4.35844924596e-08, 5.47672527773e-07, 2.16086881721e-09, 2.56413973387e-10, 3.28500937563e-09, 4.18837764471e-08, 1.03479991242e-09, 1.31329358499e-09, 6.31369090343e-08, 3.79194498024e-09, 6.72941666835e-08, 1.78357790759e-08, 5.93971227758e-09, 1.67168312526e-09, 2.77566331031e-10, 6.92637891486e-11, 5.5124578513e-11, 8.14988614789e-12, 2.40575951087e-13], [1.21434327912e-14, 2.84785563187e-12, 3.1563678754e-11, 3.59885246604e-11, 8.02709287928e-12, 2.71669381435e-10, 1.16675125117e-09, -9.18868453548e-11, 1.81754824524e-08, 2.79293715266e-07, 2.32784325149e-09, 1.73879161069e-10, 1.0925698124e-09, 7.9231368133e-09, 7.40926764387e-10, 1.10515419038e-09, 4.9996629059e-08, 1.42861411589e-09, 1.78357790759e-08, 1.39745024441e-08, 3.52924578451e-09, 6.91043056111e-10, 2.14941467402e-10, 4.50808557151e-11, 2.94894907105e-11, 3.44772474459e-12, 1.59068735289e-13], [3.80025905764e-15, 1.39639905541e-12, 8.82521226236e-12, 9.64157313016e-12, 4.59738974321e-12, 7.29782553832e-11, 4.29011021152e-10, 1.19615178873e-10, 5.02139529956e-09, 8.57840660728e-08, 6.07298378252e-10, 4.86814963341e-11, 4.07213956999e-10, 3.0404749829e-09, 2.44375381042e-10, 3.33817640197e-10, 1.28266224309e-08, 4.71009176106e-10, 5.93971227758e-09, 3.52924578451e-09, 9.99969662629e-10, 2.06496569843e-10, 5.89359117065e-11, 1.24462272086e-11, 8.01035539982e-12, 1.01515020348e-12, 4.2890638144e-14], [8.78560519403e-16, 2.53131960922e-13, 1.98002291646e-12, 2.24945691414e-12, 1.28978761265e-12, 1.39080916922e-11, 7.66704130739e-11, -7.39350204323e-13, 1.55464841001e-09, 1.98402823059e-08, 1.11440329187e-10, 1.00688398591e-11, 1.12155076892e-10, 9.60683643747e-10, 4.88598050907e-11, 7.81411949036e-11, 2.61600319185e-09, 1.24000740231e-10, 1.67168312526e-09, 6.91043056111e-10, 2.06496569843e-10, 5.07774620961e-11, 1.16029781269e-11, 2.59429673924e-12, 1.79671392781e-12, 2.46666294161e-13, 9.02759498964e-15], [2.35272030248e-16, 1.00571169502e-13, 5.90854459543e-13, 7.55188012819e-13, 9.82677481054e-13, 7.4108739978e-12, 3.14640292987e-11, 1.91939324677e-12, 3.13702092081e-10, 4.58407800608e-09, 4.39299013832e-11, 2.28781186704e-12, 3.03936563417e-11, 1.23375906713e-10, 1.73068052944e-11, 2.32153532509e-11, 7.79331044143e-10, 3.10371520151e-11, 2.77566331031e-10, 2.14941467402e-10, 5.89359117065e-11, 1.16029781269e-11, 4.06704314324e-12, 8.13124090629e-13, 4.03519692703e-13, 5.56380198261e-14, 2.71464318716e-15], [5.19830141605e-17, 1.8717261424e-14, 1.25828817851e-13, 1.52819908963e-13, 4.12166665815e-13, 1.22716040888e-12, 6.09630141507e-12, -1.46132306017e-13, 1.15446811833e-10, 1.0180890575e-09, 8.63153992725e-12, 5.40500261735e-13, 9.14279155856e-12, 3.54987463036e-11, 3.4706462964e-12, 5.18971627825e-12, 1.64443098027e-10, 8.66591954446e-12, 6.92637891486e-11, 4.50808557151e-11, 1.24462272086e-11, 2.59429673924e-12, 8.13124090629e-13, 1.69725873438e-13, 9.35595595138e-14, 1.27259432782e-14, 5.70365463962e-16], [3.17695787259e-17, 1.51358790681e-14, 1.11052097693e-13, 1.10244163787e-13, 8.63378785783e-14, 5.5318884239e-13, 4.05786472132e-12, 1.16437689026e-13, 8.45760197987e-11, 8.25967516604e-10, 4.0819079887e-12, 6.00325399201e-13, 5.27927614818e-12, 3.07841460656e-11, 2.02426031666e-12, 4.30352758637e-12, 1.16579315645e-10, 5.87482276368e-12, 5.5124578513e-11, 2.94894907105e-11, 8.01035539982e-12, 1.79671392781e-12, 4.03519692703e-13, 9.35595595138e-14, 8.77134329795e-14, 9.40454497996e-15, 3.45022459801e-16], [4.35815449924e-18, 1.41710782598e-15, 1.07151404245e-14, 1.22028826456e-14, 2.00566763176e-14, 7.01883619584e-14, 4.13712331537e-13, 1.00316924093e-14, 1.2191844756e-11, 9.80047223931e-11, 5.37651303686e-13, 5.61499191056e-14, 8.54486349299e-13, 4.84151174013e-12, 2.53149416577e-13, 4.5359888263e-13, 1.31167654863e-11, 8.37920715886e-13, 8.14988614789e-12, 3.44772474459e-12, 1.01515020348e-12, 2.46666294161e-13, 5.56380198261e-14, 1.27259432782e-14, 9.40454497996e-15, 1.23290261802e-15, 4.43998921432e-17], [1.95321666904e-19, 6.09229770802e-17, 5.84874132497e-16, 6.52238186336e-16, 5.63036617265e-16, 4.21003242169e-15, 2.02854040125e-14, 6.13929607225e-15, 4.47106652916e-13, 3.67678717333e-12, 2.9345310768e-14, 2.29966162927e-15, 2.76003127823e-14, 1.21284221815e-13, 1.16598311884e-14, 2.18059721484e-14, 5.84979601651e-13, 2.7467877487e-14, 2.40575951087e-13, 1.59068735289e-13, 4.2890638144e-14, 9.02759498964e-15, 2.71464318716e-15, 5.70365463962e-16, 3.45022459801e-16, 4.43998921432e-17, 1.98279142616e-18]]
    },
    "mfcc": {
        "kurt": [5.77671146393, -0.243486166, 3.1162519455, -0.00427913665771, -0.0810165405273, 0.04523229599, -0.0323145389557, 0.628210067749, 2.56593894958, 1.49792861938, 1.15981435776, 1.44584369659, 2.28998756409],
        "max": [-673.379272461, 161.194488525, 57.3345069885, 47.5248031616, 30.2619819641, 19.9764404297, 18.6767311096, 36.2451171875, 51.9470863342, 42.1313171387, 24.8522338867, 21.8620700836, 19.2614974976],
        "mean": [-1059.11181641, 53.1679573059, 3.12213587761, -2.64792180061, -21.908788681, -19.6697731018, -11.586268425, -9.39752388, -0.479173332453, -3.13446521759, -6.24518299103, -4.70353078842, -6.891726017],
        "median": [-1091.09326172, 47.9636650085, 9.796875, 2.13698196411, -9.64361572266, -13.9219284058, -9.60980987549, -8.34080505371, -3.11333465576, -3.66313171387, -5.93410301208, -4.46844482422, -4.80236053467],
        "min": [-1135.15319824, -5.94777297974, -129.378067017, -63.364692688, -99.9859466553, -85.913482666, -61.498790741, -59.2870407104, -35.404838562, -30.8598861694, -35.9156112671, -48.0770568848, -51.1017608643],
        "skew": [2.16492152214, 0.751978814602, -1.63361299038, -0.526168048382, -0.965948283672, -0.865122377872, -0.507140576839, -0.237023845315, 1.41331231594, 0.524530291557, 0.105091318488, -0.351920306683, -1.15236794949],
        "var": [6755.75634766, 1416.56738281, 1087.453125, 493.749664307, 887.124938965, 419.661560059, 196.109817505, 172.772827148, 209.660812378, 118.124404907, 93.1336975098, 87.2079925537, 125.873672485],
        "cov": [[6774.21435547, 2067.28100586, -1962.02062988, -762.184997559, -1696.09716797, -922.856140137, -351.609893799, -23.2114639282, 615.291687012, 145.297348022, -32.934715271, -194.580444336, -481.493377686], [2067.28100586, 1420.43774414, -154.624725342, -524.208129883, -753.159851074, -518.405212402, -385.648529053, -200.493911743, 106.375061035, 1.10754215717, -67.0596466064, -85.4830627441, -166.474868774], [-1962.02062988, -154.624725342, 1090.42431641, 256.290374756, 412.406036377, 123.487190247, -62.3982658386, -126.832489014, -305.402648926, -118.8960495, -93.0439300537, -15.0492153168, 120.30632019], [-762.184997559, -524.208129883, 256.290374756, 495.098693848, 421.384521484, 224.319732666, 155.808502197, 9.59940242767, -139.427932739, -70.2502059937, -52.4942092896, -0.414210557938, 60.4003372192], [-1696.09716797, -753.159851074, 412.406036377, 421.384521484, 889.54876709, 541.522216797, 152.671066284, 35.3874511719, -237.684356689, -124.795272827, -24.8767127991, 16.2417201996, 146.523712158], [-922.856140137, -518.405212402, 123.487190247, 224.319732666, 541.522216797, 420.808197021, 162.45552063, 57.004196167, -98.6209335327, -59.0152664185, -5.06118583679, 7.13463497162, 74.9875793457], [-351.609893799, -385.648529053, -62.3982658386, 155.808502197, 152.671066284, 162.45552063, 196.645645142, 103.45967865, 23.9878883362, 33.4602127075, 25.2085227966, 21.4838848114, 18.3282203674], [-23.2114639282, -200.493911743, -126.832489014, 9.59940242767, 35.3874511719, 57.004196167, 103.45967865, 173.244888306, 114.233230591, 63.4675559998, 59.6763305664, -4.67411327362, -27.1712741852], [615.291687012, 106.375061035, -305.402648926, -139.427932739, -237.684356689, -98.6209335327, 23.9878883362, 114.233230591, 210.233642578, 114.704704285, 59.5795860291, -4.11000156403, -74.738319397], [145.297348022, 1.10754215717, -118.8960495, -70.2502059937, -124.795272827, -59.0152664185, 33.4602127075, 63.4675559998, 114.704704285, 118.447151184, 65.4855041504, 12.2084550858, -25.7898406982], [-32.934715271, -67.0596466064, -93.0439300537, -52.4942092896, -24.8767127991, -5.06118583679, 25.2085227966, 59.6763305664, 59.5795860291, 65.4855041504, 93.3881607056, 44.0016288757, -3.0484688282], [-194.580444336, -85.4830627441, -15.0492153168, -0.414210557938, 16.2417201996, 7.13463497162, 21.4838848114, -4.67411327362, -4.11000156403, 12.2084550858, 44.0016288757, 87.4462661743, 64.8293304443], [-481.493377686, -166.474868774, 120.30632019, 60.4003372192, 146.523712158, 74.9875793457, 18.3282203674, -27.1712741852, -74.738319397, -25.7898406982, -3.0484688282, 64.8293304443, 126.217590332]]
    },
    "sccoeffs": {
        "kurt": [0.972691059113, 2.74549627304, 3.41358041763, 5.59993267059, 6.90070819855, 0.15616440773],
        "max": [-0.382254391909, -0.372154921293, -0.323068022728, -0.616525769234, -0.624527812004, -0.658072829247],
        "mean": [-0.747328937054, -0.812792956829, -0.811842501163, -0.869380414486, -0.870107293129, -0.81249332428],
        "median": [-0.779702782631, -0.845978796482, -0.858019530773, -0.880719006062, -0.885230660439, -0.822976469994],
        "min": [-0.895954370499, -0.950121283531, -0.939960002899, -0.959118187428, -0.92248415947, -0.938706874847],
        "skew": [1.19028401375, 1.64462280273, 2.0367064476, 2.01848101616, 2.25482130051, 0.610090732574],
        "var": [0.0104884980246, 0.0114212362096, 0.0162054561079, 0.00204855785705, 0.00213590241037, 0.00223800051026],
        "cov": [[0.0105171548203, 0.00204747286625, 0.000794102030341, -2.52434456343e-05, 3.76106800104e-05, 0.000101571873529], [0.00204747286625, 0.0114524420351, 0.0091900639236, 0.00241140066646, 0.00191016425379, 0.00232557347044], [0.000794102030341, 0.0091900639236, 0.0162497330457, 0.00409512361512, 0.00375616550446, 0.00320887705311], [-2.52434456343e-05, 0.00241140066646, 0.00409512361512, 0.00205415510572, 0.001523210085, 0.00137841736432], [3.76106800104e-05, 0.00191016425379, 0.00375616550446, 0.001523210085, 0.00214173831046, 0.00140514678787], [0.000101571873529, 0.00232557347044, 0.00320887705311, 0.00137841736432, 0.00140514678787, 0.00224411510862]]
    },
    "scvalleys": {
        "kurt": [2.64624595642, -0.293610572815, -0.0084924697876, 1.63488483429, 3.64028120041, 6.18991374969],
        "max": [-8.0578212738, -5.64894533157, -5.97601413727, -6.57951784134, -6.94377088547, -9.13312339783],
        "mean": [-11.2634029388, -9.69589519501, -10.4281682968, -11.1053447723, -11.2023763657, -13.4628143311],
        "median": [-11.3455495834, -10.0352582932, -10.6823587418, -11.4291763306, -11.3415164948, -13.6255474091],
        "min": [-13.3767461777, -11.7408227921, -12.3983850479, -13.0399389267, -12.9418869019, -14.6509685516],
        "skew": [1.07282364368, 0.715225040913, 0.768759191036, 1.26769268513, 1.51092159748, 2.07089066505],
        "var": [0.456223607063, 1.64071428776, 1.72433125973, 1.44948899746, 1.08467304707, 0.793280422688],
        "cov": [[0.457470118999, 0.254041194916, 0.298755407333, 0.342491477728, 0.292059510946, 0.261612445116], [0.254041194916, 1.64519715309, 1.43032884598, 1.12476825714, 0.757559835911, 0.599158644676], [0.298755407333, 1.43032884598, 1.72904264927, 1.40013003349, 0.999875187874, 0.777524530888], [0.342491477728, 1.12476825714, 1.40013003349, 1.45344936848, 1.02766120434, 0.773709595203], [0.292059510946, 0.757559835911, 0.999875187874, 1.02766120434, 1.08763659, 0.783498048782], [0.261612445116, 0.599158644676, 0.777524530888, 0.773709595203, 0.783498048782, 0.795447826385]]
    }
},
"rhythm": {
    "beats_loudness": {
        "kurt": 0.800921678543,
        "max": 0.000142962919199,
        "mean": 2.75669444818e-05,
        "median": 2.68591702479e-06,
        "min": 9.60321600019e-08,
        "skew": 1.65020692348,
        "var": 2.53717802323e-09
    },
    "bpm": 88.9207611084,
    "confidence": 3.32336497307,
    "first_peak_bpm": {
        "kurt": 0,
        "max": 89,
        "mean": 89,
        "median": 89,
        "min": 89,
        "skew": 0,
        "var": 0
    },
    "first_peak_spread": {
        "kurt": 0,
        "max": 0.125,
        "mean": 0.125,
        "median": 0.125,
        "min": 0.125,
        "skew": 0,
        "var": 0
    },
    "first_peak_weight": {
        "kurt": 0,
        "max": 0.699999988079,
        "mean": 0.699999988079,
        "median": 0.699999988079,
        "min": 0.699999988079,
        "skew": 0,
        "var": 0
    },
    "onset_rate": 1.17713952065,
    "second_peak_bpm": {
        "kurt": 0,
        "max": 76,
        "mean": 76,
        "median": 76,
        "min": 76,
        "skew": 0,
        "var": 0
    },
    "second_peak_spread": {
        "kurt": 0,
        "max": 0,
        "mean": 0,
        "median": 0,
        "min": 0,
        "skew": 0,
        "var": 0
    },
    "second_peak_weight": {
        "kurt": 0,
        "max": 0.20000000298,
        "mean": 0.20000000298,
        "median": 0.20000000298,
        "min": 0.20000000298,
        "skew": 0,
        "var": 0
    },
    "beats_loudness_band_ratio": {
        "kurt": [3.71189641953, 0.44389462471, -0.731884002686, -0.210625171661, 1.08736276627, 0.909139871597],
        "max": [0.74960231781, 0.794121921062, 0.810715675354, 0.646487295628, 0.427592694759, 0.175602212548],
        "mean": [0.122199654579, 0.235975697637, 0.324532717466, 0.208000645041, 0.105104900897, 0.0523773990571],
        "median": [0.0227573476732, 0.169053256512, 0.18070499599, 0.129654496908, 0.0548143275082, 0.0370909720659],
        "min": [3.31798255502e-05, 0.000178049362148, 0.0119894454256, 0.00841997284442, 0.000430007639807, 0.000940560421441],
        "skew": [2.22178149223, 1.34470808506, 0.849545896053, 1.05400836468, 1.39795076847, 1.25122392178],
        "var": [0.0460649244487, 0.059101626277, 0.071098677814, 0.0402949489653, 0.0159715730697, 0.00241852900945],
        "cov": [[0.0506714172661, -0.00402575079352, -0.0275464002043, -0.0212462022901, -0.00391852390021, 0.00566111924127], [-0.00402575079352, 0.0650117844343, -0.0168490223587, -0.0252046342939, -0.0143668549135, -0.00452920328826], [-0.0275464002043, -0.0168490223587, 0.0782085433602, -0.00923026353121, -0.0111243724823, -0.00624643592164], [-0.0212462022901, -0.0252046342939, -0.00923026353121, 0.0443244464695, 0.00832399446517, 0.000648970890325], [-0.00391852390021, -0.0143668549135, -0.0111243724823, 0.00832399446517, 0.0175687298179, 0.00139657990076], [0.00566111924127, -0.00452920328826, -0.00624643592164, 0.000648970890325, 0.00139657990076, 0.00266038207337]]
    },
    "beats_position": [0.766258478165, 1.55573689938, 2.34521532059, 3.03020405769, 3.7151927948, 4.38857126236, 5.06195020676, 5.73532867432, 6.40870714188, 7.08208608627, 7.74385452271],
    "bpm_estimates": [87.5926818848, 87.5926818848, 89.102935791, 89.1028747559, 89.102935791, 89.102935791, 89.1028747559, 90.6661529541],
    "bpm_intervals": [0.789478421211, 0.789478421211, 0.684988737106, 0.684988737106, 0.67337846756, 0.673378944397, 0.67337846756, 0.67337846756, 0.673378944397, 0.661768436432],
    "onset_times": [0.684988677502, 0.859138309956, 1.27709746361, 4.00544214249, 4.46984148026, 4.55111122131, 5.9675283432, 6.1648979187, 6.66412687302, 7.24462604523],
    "histogram": [[0, 0, 0, 0, 0, 0, 0, 0, 0, 0, 0, 0, 0, 0, 0, 0, 0, 0, 0, 0, 0, 0, 0, 0, 0, 0, 0, 0, 0, 0, 0, 0, 0, 0, 0, 0, 0, 0, 0, 0, 0, 0, 0, 0, 0, 0, 0, 0, 0, 0, 0, 0, 0, 0, 0, 0, 0, 0, 0, 0, 0, 0, 0, 0, 0, 0, 0, 0, 0, 0, 0, 0, 0, 0, 0, 0, 0.20000000298, 0, 0, 0, 0, 0, 0, 0, 0, 0, 0, 0, 0.20000000298, 0.5, 0, 0.10000000149, 0, 0, 0, 0, 0, 0, 0, 0, 0, 0, 0, 0, 0, 0, 0, 0, 0, 0, 0, 0, 0, 0, 0, 0, 0, 0, 0, 0, 0, 0, 0, 0, 0, 0, 0, 0, 0, 0, 0, 0, 0, 0, 0, 0, 0, 0, 0, 0, 0, 0, 0, 0, 0, 0, 0, 0, 0, 0, 0, 0, 0, 0, 0, 0, 0, 0, 0, 0, 0, 0, 0, 0, 0, 0, 0, 0, 0, 0, 0, 0, 0, 0, 0, 0, 0, 0, 0, 0, 0, 0, 0, 0, 0, 0, 0, 0, 0, 0, 0, 0, 0, 0, 0, 0, 0, 0, 0, 0, 0, 0, 0, 0, 0, 0, 0, 0, 0, 0, 0, 0, 0, 0, 0, 0, 0, 0, 0, 0, 0, 0, 0, 0, 0, 0, 0, 0, 0, 0, 0, 0, 0, 0, 0, 0, 0, 0, 0, 0, 0, 0, 0, 0, 0, 0, 0, 0, 0, 0]]
},
"sfx": {
    "inharmonicity": {
        "kurt": 2.09385061264,
        "max": 0.417001187801,
        "mean": 0.06601267308,
        "median": 0.0249770004302,
        "min": 0,
        "skew": 1.62847399712,
        "var": 0.00799294468015
    },
    "oddtoevenharmonicenergyratio": {
        "kurt": 206.860946655,
        "max": 155.043014526,
        "mean": 1.4491058588,
        "median": 0.124908514321,
        "min": 0,
        "skew": 13.9104595184,
        "var": 89.6120071411
    },
    "pitch_after_max_to_before_max_energy_ratio": 11.5834341049,
    "pitch_centroid": 154.530593872,
    "pitch_max_to_total": 0.0245231613517,
    "pitch_min_to_total": 0.31880107522,
    "tristimulus": {
        "kurt": [-1.32719254494, -0.00347256660461, -0.410634279251],
        "max": [1, 0.96891272068, 0.890997350216],
        "mean": [0.485638082027, 0.300127357244, 0.214234560728],
        "median": [0.442597866058, 0.283623427153, 0.134714871645],
        "min": [0, 0, 0],
        "skew": [0.229594558477, 0.638409614563, 0.815649986267],
        "var": [0.120400838554, 0.0565247237682, 0.0451179854572],
        "cov": [[0.120729804039, -0.0660838484764, -0.0546458922327], [-0.0660838484764, 0.0566791631281, 0.00940469745547], [-0.0546458922327, 0.00940469745547, 0.0452412553132]]
    }
},
"tonal": {
    "chords_changes_rate": 0.135869562626,
    "chords_number_rate": 0.0543478243053,
    "chords_strength": {
        "kurt": -0.38698387146,
        "max": 0.698033750057,
        "mean": 0.490208297968,
        "median": 0.491410702467,
        "min": 0.274950921535,
        "skew": 0.282982617617,
        "var": 0.00902297347784
    },
    "key_strength": 0.440659105778,
    "tuning_diatonic_strength": 0.522666037083,
    "tuning_equal_tempered_deviation": 0.212665900588,
    "tuning_frequency": 442.804626465,
    "tuning_nontempered_energy_ratio": 0.895805418491,
    "hpcp": {
        "kurt": [0.490051984787, 0.91502904892, 1.26498985291, 0.988556146622, 0.212872743607, 0.542345046997, 0.863421201706, 0.79892039299, 0.597914934158, 1.35485744476, 2.26706933975, 3.50252151489, 1.76252651215, 2.98987293243, 2.42033195496, 1.61481714249, 1.66418790817, 2.31633806229, 2.35927677155, 1.56016016006, 3.27085161209, 7.08598041534, 2.10153675079, 3.83650636673, 2.91123008728, 1.74698066711, 1.35642528534, 0.918582201004, 2.36866235733, 2.85009336472, 2.28878116608, 1.14852190018, -0.313604831696, -0.490616083145, -0.0821485519409, 0.318898677826],
        "max": [1, 1, 1, 1, 1, 1, 1, 1, 1, 1, 1, 1, 1, 1, 1, 1, 1, 1, 1, 1, 1, 1, 0.818251609802, 1, 1, 1, 1, 1, 1, 1, 1, 1, 1, 1, 1, 1],
        "mean": [0.25386184454, 0.214768126607, 0.204028561711, 0.238647520542, 0.258821368217, 0.260181605816, 0.241465672851, 0.236815556884, 0.241904139519, 0.22035959363, 0.191371813416, 0.179462522268, 0.183939829469, 0.18725438416, 0.188967958093, 0.194588750601, 0.196407005191, 0.195284321904, 0.213829532266, 0.214695394039, 0.178094804287, 0.144606918097, 0.145514026284, 0.171936407685, 0.183375746012, 0.195961967111, 0.215653672814, 0.214890524745, 0.196059659123, 0.183175757527, 0.186051413417, 0.24059318006, 0.328257471323, 0.34224152565, 0.296843439341, 0.268984049559],
