{
"metadata": {
    "version": {
        "essentia": "2.1-beta3"
    }
},
"lowLevel": {
    "average_loudness": 0.829781472683,
    "barkbands_kurtosis": {
        "kurt": 25.8838195801,
        "max": 79.5646896362,
        "mean": 3.45420122147,
        "median": 0.434407711029,
        "min": -1.86615264416,
        "skew": 5.03394556046,
        "var": 144.519348145
    },
    "barkbands_skewness": {
        "kurt": 5.27295780182,
        "max": 2.79771733284,
        "mean": 0.251462757587,
        "median": 0.827843666077,
        "min": -7.79882097244,
        "skew": -2.12661242485,
        "var": 3.3368139267
    },
    "barkbands_spread": {
        "kurt": 3.03888273239,
        "max": 117.256263733,
        "mean": 29.3237705231,
        "median": 28.3427848816,
        "min": 2.39537096024,
        "skew": 1.36978757381,
        "var": 410.368774414
    },
    "dissonance": {
        "kurt": 5.33547592163,
        "max": 0.499750882387,
        "mean": 0.471259623766,
        "median": 0.480468660593,
        "min": 0.330596297979,
        "skew": -2.11133694649,
        "var": 0.000911588896997
    },
    "hfc": {
        "kurt": 39.2228813171,
        "max": 3.21048069,
        "mean": 0.0857540294528,
        "median": 5.00599489897e-05,
        "min": 1.13778031512e-16,
        "skew": 6.06782817841,
        "var": 0.158535018563
    },
    "pitch": {
        "kurt": -0.977027177811,
        "max": 4919.36621094,
        "mean": 1479.98632812,
        "median": 381.143035889,
        "min": 82.0807113647,
        "skew": 0.933252453804,
        "var": 3068294.75
    },
    "pitch_instantaneous_confidence": {
        "kurt": -0.517050743103,
        "max": 0.92341864109,
        "mean": 0.387225449085,
        "median": 0.34067773819,
        "min": 0.0456526875496,
        "skew": 0.670818865299,
        "var": 0.0440947152674
    },
    "pitch_salience": {
        "kurt": 0.611358642578,
        "max": 0.898104727268,
        "mean": 0.678264439106,
        "median": 0.703764140606,
        "min": 0.28801164031,
        "skew": -0.874247908592,
        "var": 0.0127494921908
    },
    "silence_rate_20dB": {
        "kurt": 0,
        "max": 1,
        "mean": 1,
        "median": 1,
        "min": 1,
        "skew": 0,
        "var": 0
    },
    "silence_rate_30dB": {
        "kurt": 0,
        "max": 1,
        "mean": 1,
        "median": 1,
        "min": 1,
        "skew": 0,
        "var": 0
    },
    "silence_rate_60dB": {
        "kurt": 104.009284973,
        "max": 1,
        "mean": 0.990825712681,
        "median": 1,
        "min": 0,
        "skew": -10.296084404,
        "var": 0.00909014046192
    },
    "spectral_centroid": {
        "kurt": 3.72129201889,
        "max": 11187.6894531,
        "mean": 2408.47216797,
        "median": 1128.14147949,
        "min": 302.185119629,
        "skew": 2.14301037788,
        "var": 7681346
    },
    "spectral_complexity": {
        "kurt": 33.2146224976,
        "max": 8,
        "mean": 0.24770642817,
        "median": 0,
        "min": 0,
        "skew": 5.63208627701,
        "var": 1.21386933327
    },
    "spectral_crest": {
        "kurt": -0.067911863327,
        "max": 20.7900543213,
        "mean": 9.26300525665,
        "median": 7.46337747574,
        "min": 3.68620467186,
        "skew": 0.892626821995,
        "var": 16.9938545227
    },
    "spectral_decrease": {
        "kurt": 35.722743988,
        "max": 1.52748549266e-28,
        "mean": -2.76071804306e-11,
        "median": -5.47437690272e-15,
        "min": -1.00873220887e-09,
        "skew": -5.86830997467,
        "var": 1.69778675324e-20
    },
    "spectral_energy": {
        "kurt": 35.9594268799,
        "max": 0.00409837765619,
        "mean": 0.000111973837193,
        "median": 2.54033434288e-08,
        "min": 1.04629986825e-20,
        "skew": 5.88158655167,
        "var": 2.7847858064e-07
    },
    "spectral_energyband_high": {
        "kurt": 69.370513916,
        "max": 8.43159887154e-06,
        "mean": 1.66467629015e-07,
        "median": 2.30907848398e-09,
        "min": 7.32898501711e-21,
        "skew": 8.10831165314,
        "var": 7.83214855818e-13
    },
    "spectral_energyband_low": {
        "kurt": 48.3420028687,
        "max": 1.40935378568e-06,
        "mean": 3.59339118461e-08,
        "median": 9.7738006577e-10,
        "min": 2.44102531048e-23,
        "skew": 6.66679620743,
        "var": 2.6594373066e-14
    },
    "spectral_energyband_middle_high": {
        "kurt": 29.8690834045,
        "max": 0.000868695438839,
        "mean": 2.78031911876e-05,
        "median": 4.50589743295e-09,
        "min": 1.37460383459e-21,
        "skew": 5.45982456207,
        "var": 1.53582586648e-08
    },
    "spectral_energyband_middle_low": {
        "kurt": 37.6672325134,
        "max": 0.0034155244939,
        "mean": 8.68222414283e-05,
        "median": 4.95096230679e-09,
        "min": 2.27979564675e-22,
        "skew": 6.08935785294,
        "var": 1.91687817619e-07
    },
    "spectral_flatness_db": {
        "kurt": -0.306738853455,
        "max": 0.372764199972,
        "mean": 0.140374556184,
        "median": 0.0946561843157,
        "min": 0.0524994954467,
        "skew": 1.02961957455,
        "var": 0.00757977133617
    },
    "spectral_flux": {
        "kurt": 11.7245140076,
        "max": 0.040831964463,
        "mean": 0.00292713101953,
        "median": 0.000139031006256,
        "min": 6.59853838236e-11,
        "skew": 3.4509510994,
        "var": 5.9507547121e-05
    },
    "spectral_kurtosis": {
        "kurt": 10.2907114029,
        "max": 61.4476013184,
        "mean": 6.60986948013,
        "median": 4.42784976959,
        "min": -1.23658800125,
        "skew": 2.79887723923,
        "var": 91.2231063843
    },
    "spectral_rms": {
        "kurt": 19.1807003021,
        "max": 0.0019996042829,
        "mean": 0.000103056561784,
        "median": 4.97832797919e-06,
        "min": 3.19496534264e-12,
        "skew": 4.29691362381,
        "var": 9.86221451171e-08
    },
    "spectral_rolloff": {
        "kurt": 3.52053880692,
        "max": 19659.8144531,
        "mean": 4407.39257812,
        "median": 2885.44921875,
        "min": 387.59765625,
        "skew": 2.0787153244,
        "var": 22938098
    },
    "spectral_skewness": {
        "kurt": 1.30810022354,
        "max": 6.21063232422,
        "mean": 1.66897904873,
        "median": 1.72964394093,
        "min": -0.114300400019,
        "skew": 0.9406042099,
        "var": 1.39915525913
    },
    "spectral_spread": {
        "kurt": 4.52923774719,
        "max": 41172444,
        "mean": 9736402,
        "median": 7549805.5,
        "min": 1449681,
        "skew": 2.27805113792,
        "var": 9.34556110684e+13
    },
    "spectral_strongpeak": {
        "kurt": 33.8875312805,
        "max": 0.930449664593,
        "mean": 0.0335350297391,
        "median": 0.000504317053128,
        "min": 0,
        "skew": 5.69324493408,
        "var": 0.0162765830755
    },
    "zerocrossingrate": {
        "kurt": 3.11657476425,
        "max": 0.50732421875,
        "mean": 0.132431730628,
        "median": 0.08642578125,
        "min": 0.0107421875,
        "skew": 1.95942151546,
        "var": 0.0149684194475
    },
    "barkbands": {
        "kurt": [11.4526357651, 93.0727767944, 47.3772544861, 25.1878395081, 33.4960975647, 37.5268287659, 31.9152641296, 43.3642654419, 63.1318054199, 51.0810203552, 38.9061050415, 59.654006958, 33.9453773499, 15.2132320404, 42.7905654907, 25.7954349518, 64.0303649902, 54.3643379211, 82.8825454712, 56.6705665588, 71.7890701294, 56.7121238708, 36.0717658997, 22.4770183563, 32.2049255371, 31.2074737549, 36.5789489746],
        "max": [1.17328884386e-08, 3.73240283125e-07, 4.19399839302e-07, 2.10722191696e-06, 3.38660174748e-05, 0.000736324524041, 0.000585603469517, 0.000103898055386, 0.00226441421546, 0.000743957294617, 5.74422956561e-05, 0.000320568185998, 3.97276489821e-05, 8.67424296302e-06, 8.54187019286e-05, 9.65374201769e-05, 5.06953510921e-05, 1.13636369861e-05, 4.87789802719e-05, 5.03888668391e-06, 4.12574445363e-06, 1.12911504857e-06, 2.33864341226e-07, 4.1816612395e-08, 4.59182061263e-08, 1.24617904884e-09, 1.04986748461e-10],
        "mean": [8.90429230349e-10, 5.41919353836e-09, 1.08040794089e-08, 7.55260600727e-08, 1.06867798877e-06, 1.90298960661e-05, 1.78997215698e-05, 2.7959883937e-06, 3.88388616557e-05, 1.58199800353e-05, 1.62480819199e-06, 5.70472957406e-06, 1.13647070066e-06, 3.94681393345e-07, 2.02100477509e-06, 3.19305627272e-06, 1.08415349587e-06, 2.61148613845e-07, 7.8292868011e-07, 1.08739577342e-07, 7.78115420985e-08, 2.78154317357e-08, 7.09102998542e-09, 1.98612881697e-09, 1.79173831327e-09, 4.70861925839e-11, 6.09899674167e-12],
        "median": [1.09793202308e-10, 2.62623534031e-10, 2.57916965563e-10, 2.68167765771e-10, 1.81420323209e-09, 9.41283939682e-10, 7.24501847404e-10, 2.70223510235e-10, 2.88963630801e-10, 2.04735450815e-10, 1.09760082967e-10, 1.45151612951e-10, 1.13682618874e-10, 9.47715725341e-11, 1.24484311748e-10, 1.93405111371e-10, 2.49439829902e-10, 2.95176272314e-10, 4.02829269941e-10, 8.17231726735e-10, 4.92920593231e-10, 1.09635245327e-10, 1.36417974139e-10, 8.05468261533e-11, 6.07931066599e-11, 1.38562154372e-12, 3.7488458518e-12],
        "min": [2.57331929588e-24, 8.31381533532e-24, 5.63168983529e-24, 4.23652779325e-24, 1.63954389295e-23, 1.74145746439e-23, 4.1559484128e-24, 2.16877663254e-23, 3.22377790794e-23, 4.77950059654e-23, 4.58719050735e-23, 6.35959340732e-23, 5.35801899891e-23, 4.15302323767e-23, 7.70117822548e-23, 7.44785605616e-23, 7.78373157258e-23, 1.22079898019e-22, 1.56194131068e-22, 2.08585602336e-22, 3.66916069709e-22, 3.61094351959e-22, 5.00750777766e-22, 6.82059337048e-22, 9.60496035564e-22, 1.40117287183e-21, 2.00120758791e-21],
        "skew": [3.29658317566, 9.55486774445, 6.48108434677, 4.88243675232, 5.61912345886, 6.06507968903, 5.61693477631, 6.1255903244, 7.69479179382, 7.0700969696, 5.83338880539, 7.60400342941, 5.71614456177, 4.00194501877, 6.45707654953, 5.06139373779, 7.57416200638, 7.07511854172, 8.87169933319, 7.30861997604, 8.25368213654, 7.09910058975, 5.79001379013, 4.54829359055, 5.40844249725, 5.22241163254, 5.70241451263],
        "var": [3.92053046027e-18, 1.32283390598e-15, 2.31670308513e-15, 8.72252845039e-14, 1.95386380686e-11, 8.98261021121e-09, 6.9556160831e-09, 1.47672499229e-10, 5.9455292245e-08, 7.69156383029e-09, 4.80822152926e-11, 1.26409660517e-09, 2.74170200432e-11, 2.26262585057e-12, 1.13923953604e-10, 1.91103896596e-10, 2.8994572368e-11, 1.61477949068e-12, 2.38556622373e-11, 3.14878304637e-13, 1.84147402188e-13, 1.52519191937e-14, 8.71615113933e-16, 3.66073809343e-17, 3.51345660014e-17, 2.51506543225e-20, 1.6517805771e-22],
        "cov": [[3.95683169504e-18, 1.97041684556e-17, 1.98487960226e-17, 4.33746092186e-18, -8.25837138889e-17, 3.00493747181e-14, 2.3991283271e-14, 6.09636981891e-16, 1.16232042979e-13, -2.20486763104e-15, 2.72594747712e-15, 1.48796431312e-14, 1.58343730355e-16, 2.42825896541e-16, 4.01366773815e-15, 3.89727863493e-15, 2.18900990372e-15, 4.85226106087e-16, -1.66955871672e-16, 2.17630835351e-16, 1.86248092602e-16, 4.93681473517e-17, 1.0338704656e-17, 2.99426663842e-18, 4.21588646492e-18, 1.00321556827e-19, 5.58717367603e-21], [1.97041684556e-17, 1.33508242591e-15, 1.58944694937e-15, 4.4274026753e-15, 1.60337187456e-14, 2.36214520166e-12, 2.31276369583e-12, 1.30452370911e-13, 8.59730255737e-12, 6.01098001669e-13, 2.21230274226e-13, 1.21249137033e-12, 6.72299198192e-14, 2.88614110096e-14, 3.41803191653e-13, 3.72969206517e-13, 1.80835300076e-13, 4.24509467292e-14, 3.03659820813e-14, 1.89007423129e-14, 1.51725928642e-14, 4.16396018211e-15, 9.02827960402e-16, 1.52366761476e-16, 8.04591170292e-17, 4.59673199946e-18, 3.78177902922e-19], [1.98487960226e-17, 1.58944694937e-15, 2.33815398277e-15, 6.51320860242e-15, 3.75707731798e-14, 3.54902739141e-12, 3.40265077399e-12, 1.9049032371e-13, 1.07419359865e-11, 1.11240335519e-12, 2.94041185714e-13, 1.46164558321e-12, 1.08918597882e-13, 5.13553094364e-14, 4.41363769534e-13, 5.07622372956e-13, 2.1776038004e-13, 5.11536207273e-14, 3.63526313815e-14, 2.27045826259e-14, 1.81607472252e-14, 5.41389070347e-15, 1.1555230878e-15, 1.85319969484e-16, 9.10263030325e-17, 5.60558628995e-18, 4.93255140493e-19], [4.33746092186e-18, 4.4274026753e-15, 6.51320860242e-15, 8.8032927031e-14, 2.52092021303e-13, 1.12688400278e-11, 1.32825851012e-11, 9.5454351888e-13, 3.26157295616e-11, 8.50876921005e-12, 8.66203159547e-13, 5.46165413243e-12, 6.71677177853e-13, 1.71146069864e-13, 1.68413752995e-12, 1.88650223915e-12, 7.70547525526e-13, 2.33395740885e-13, 6.58735598621e-13, 1.06295004808e-13, 6.13110094378e-14, 1.75204258924e-14, 4.27276325825e-15, 6.15169324646e-16, 2.12975687857e-16, 1.86520344211e-17, 1.37095477498e-18], [-8.25837138889e-17, 1.60337187456e-14, 3.75707731798e-14, 2.52092021303e-13, 1.97195506452e-11, 6.95523569294e-11, 8.52350273695e-11, 4.68969724166e-11, 1.27411498019e-10, 2.72717320948e-10, 1.14579864693e-11, 3.42502103068e-11, 1.58811054585e-11, 4.36721752511e-12, 1.18254720252e-11, 3.67811406332e-11, 6.52856588235e-12, 1.15422786346e-12, 3.01230741739e-12, 3.74265044954e-13, 2.98955630217e-13, 1.85989502337e-13, 5.87196917067e-14, 7.08054661181e-15, 1.22892198669e-15, 2.02728084737e-16, 2.66464703436e-17], [3.00493747181e-14, 2.36214520166e-12, 3.54902739141e-12, 1.12688400278e-11, 6.95523569294e-11, 9.06578190296e-09, 6.96863367011e-09, 4.17083784177e-10, 1.96485121506e-08, 3.07040148861e-09, 5.68265434708e-10, 2.41950859348e-09, 2.47514286844e-10, 8.99044380609e-11, 8.47957037919e-10, 8.72372396543e-10, 3.2370051084e-10, 8.49517400869e-11, 6.9028512073e-11, 3.76214753794e-11, 2.79833396039e-11, 7.79520198391e-12, 2.09207629519e-12, 3.04894076566e-13, 1.40177013877e-13, 9.48813357933e-15, 9.30949771888e-16], [2.3991283271e-14, 2.31276369583e-12, 3.40265077399e-12, 1.32825851012e-11, 8.52350273695e-11, 6.96863367011e-09, 7.02002012076e-09, 4.98395713588e-10, 1.79825629942e-08, 4.05438038698e-09, 5.09454867181e-10, 2.63705768333e-09, 3.10120290559e-10, 9.59563192793e-11, 8.60040316741e-10, 9.19460396709e-10, 3.27607496686e-10, 8.96382829074e-11, 7.68344901592e-11, 4.00622729435e-11, 3.01460349739e-11, 8.69593112796e-12, 2.16400682096e-12, 3.28901104485e-13, 1.39529758732e-13, 9.80265470033e-15, 7.78134387352e-16], [6.09636981891e-16, 1.30452370911e-13, 1.9049032371e-13, 9.5454351888e-13, 4.68969724166e-11, 4.17083784177e-10, 4.98395713588e-10, 1.49039836028e-10, 1.03236486027e-09, 9.65823865329e-10, 4.95210955576e-11, 2.064214355e-10, 5.4901912877e-11, 1.47636278203e-11, 6.83124112832e-11, 1.30436328405e-10, 2.75310104575e-11, 6.1100902983e-12, 3.78142482604e-12, 2.49673697515e-12, 2.02931399983e-12, 8.24439962913e-13, 2.47362297746e-13, 3.42047421745e-14, 9.35520785188e-15, 9.3633848962e-16, 1.00287734808e-16], [1.16232042979e-13, 8.59730255737e-12, 1.07419359865e-11, 3.26157295616e-11, 1.27411498019e-10, 1.96485121506e-08, 1.79825629942e-08, 1.03236486027e-09, 6.00058029931e-08, 6.47347730975e-09, 1.57276025536e-09, 8.28655188911e-09, 5.92326632187e-10, 2.17709128503e-10, 2.49260345697e-09, 2.60715382616e-09, 1.16027232266e-09, 2.88601781362e-10, 2.19370466237e-10, 1.28788882336e-10, 1.00618784138e-10, 2.73613909307e-11, 6.39784275905e-12, 1.03285240603e-12, 5.16776888209e-13, 3.13181487579e-14, 2.6513094749e-15], [-2.20486763104e-15, 6.01098001669e-13, 1.11240335519e-12, 8.50876921005e-12, 2.72717320948e-10, 3.07040148861e-09, 4.05438038698e-09, 9.65823865329e-10, 6.47347730975e-09, 7.76278241688e-09, 2.68840005813e-10, 1.42514133827e-09, 4.10100814419e-10, 1.01550191867e-10, 5.10439746026e-10, 8.04035116264e-10, 1.12284230525e-10, 3.90427065677e-11, 3.54858677165e-11, 1.72374215596e-11, 1.27144761733e-11, 5.28461822913e-12, 1.68629183967e-12, 2.33327625884e-13, 4.95193485826e-14, 5.9276526084e-15, 6.02025279129e-16], [2.72594747712e-15, 2.21230274226e-13, 2.94041185714e-13, 8.66203159547e-13, 1.14579864693e-11, 5.68265434708e-10, 5.09454867181e-10, 4.95210955576e-11, 1.57276025536e-09, 2.68840005813e-10, 4.85274216644e-11, 2.19008658431e-10, 2.25831575662e-11, 7.95674984233e-12, 6.80268549824e-11, 8.56005960559e-11, 3.35104756444e-11, 7.61468839372e-12, 5.29997877183e-12, 3.29957177032e-12, 2.60706321982e-12, 7.60181576975e-13, 1.86685411054e-13, 2.84242132598e-14, 1.32897131613e-14, 8.72299728313e-16, 7.90946793001e-17], [1.48796431312e-14, 1.21249137033e-12, 1.46164558321e-12, 5.46165413243e-12, 3.42502103068e-11, 2.41950859348e-09, 2.63705768333e-09, 2.064214355e-10, 8.28655188911e-09, 1.42514133827e-09, 2.19008658431e-10, 1.27580124243e-09, 1.17033563396e-10, 3.3330841559e-11, 3.72485126077e-10, 4.16510187451e-10, 1.67614713775e-10, 4.32231611613e-11, 3.46868818391e-11, 1.94365305101e-11, 1.50791202441e-11, 4.14259815687e-12, 9.93524598529e-13, 1.59501684321e-13, 7.46653105554e-14, 4.7510501528e-15, 3.61574965898e-16], [1.58343730355e-16, 6.72299198192e-14, 1.08918597882e-13, 6.71677177853e-13, 1.58811054585e-11, 2.47514286844e-10, 3.10120290559e-10, 5.4901912877e-11, 5.92326632187e-10, 4.10100814419e-10, 2.25831575662e-11, 1.17033563396e-10, 2.76708812114e-11, 6.11596407199e-12, 3.85467005537e-11, 6.17176448836e-11, 1.26608940346e-11, 3.56591297289e-12, 3.17382947181e-12, 1.5793451616e-12, 1.15413147789e-12, 3.85688768249e-13, 1.2141751092e-13, 1.59705402521e-14, 4.76184685826e-15, 4.71446627041e-16, 3.79809805159e-17], [2.42825896541e-16, 2.88614110096e-14, 5.13553094364e-14, 1.71146069864e-13, 4.36721752511e-12, 8.99044380609e-11, 9.59563192793e-11, 1.47636278203e-11, 2.17709128503e-10, 1.01550191867e-10, 7.95674984233e-12, 3.3330841559e-11, 6.11596407199e-12, 2.28357610599e-12, 1.13414945838e-11, 1.72747840338e-11, 4.78763383105e-12, 1.08292172972e-12, 7.54257279464e-13, 4.57916311206e-13, 3.73424354589e-13, 1.43589228506e-13, 3.44585064692e-14, 5.04316174664e-15, 1.75234832579e-15, 1.40550797446e-16, 1.46453452418e-17], [4.01366773815e-15, 3.41803191653e-13, 4.41363769534e-13, 1.68413752995e-12, 1.18254720252e-11, 8.47957037919e-10, 8.60040316741e-10, 6.83124112832e-11, 2.49260345697e-09, 5.10439746026e-10, 6.80268549824e-11, 3.72485126077e-10, 3.85467005537e-11, 1.13414945838e-11, 1.14978811194e-10, 1.25419966079e-10, 4.75019190649e-11, 1.26328539643e-11, 1.07064140539e-11, 5.66062951721e-12, 4.32078808496e-12, 1.20898137421e-12, 3.00460909408e-13, 4.70211739825e-14, 2.09930729349e-14, 1.39457134974e-15, 1.11890643582e-16], [3.89727863493e-15, 3.72969206517e-13, 5.07622372956e-13, 1.88650223915e-12, 3.67811406332e-11, 8.72372396543e-10, 9.19460396709e-10, 1.30436328405e-10, 2.60715382616e-09, 8.04035116264e-10, 8.56005960559e-11, 4.16510187451e-10, 6.17176448836e-11, 1.72747840338e-11, 1.25419966079e-10, 1.92873370053e-10, 5.98650226613e-11, 1.37780906476e-11, 1.05361726288e-11, 6.03654626286e-12, 4.73590264227e-12, 1.47321206883e-12, 3.8759533777e-13, 5.56578166801e-14, 2.3504308783e-14, 1.69644033962e-15, 1.492539551e-16], [2.18900990372e-15, 1.80835300076e-13, 2.1776038004e-13, 7.70547525526e-13, 6.52856588235e-12, 3.2370051084e-10, 3.27607496686e-10, 2.75310104575e-11, 1.16027232266e-09, 1.12284230525e-10, 3.35104756444e-11, 1.67614713775e-10, 1.26608940346e-11, 4.78763383105e-12, 4.75019190649e-11, 5.98650226613e-11, 2.92630399079e-11, 6.43106401466e-12, 1.0650618408e-11, 2.69273080396e-12, 2.08082119244e-12, 5.86553863206e-13, 1.30556793133e-13, 2.0731720919e-14, 1.05374227478e-14, 6.46110961754e-16, 5.35452770962e-17], [4.85226106087e-16, 4.24509467292e-14, 5.11536207273e-14, 2.33395740885e-13, 1.15422786346e-12, 8.49517400869e-11, 8.96382829074e-11, 6.1100902983e-12, 2.88601781362e-10, 3.90427065677e-11, 7.61468839372e-12, 4.32231611613e-11, 3.56591297289e-12, 1.08292172972e-12, 1.26328539643e-11, 1.37780906476e-11, 6.43106401466e-12, 1.62973118074e-12, 2.88460119506e-12, 7.05621054208e-13, 5.18025618061e-13, 1.40956162215e-13, 3.28680428686e-14, 5.24773799109e-15, 2.49362391562e-15, 1.59385739699e-16, 1.22982343158e-17], [-1.66955871672e-16, 3.03659820813e-14, 3.63526313815e-14, 6.58735598621e-13, 3.01230741739e-12, 6.9028512073e-11, 7.68344901592e-11, 3.78142482604e-12, 2.19370466237e-10, 3.54858677165e-11, 5.29997877183e-12, 3.46868818391e-11, 3.17382947181e-12, 7.54257279464e-13, 1.07064140539e-11, 1.05361726288e-11, 1.0650618408e-11, 2.88460119506e-12, 2.40765480469e-11, 9.35460584862e-13, 3.95175835414e-13, 1.12681226654e-13, 2.54926356175e-14, 3.41535500443e-15, 1.02145248945e-15, 1.10341254886e-16, 9.12584611975e-18], [2.17630835351e-16, 1.89007423129e-14, 2.27045826259e-14, 1.06295004808e-13, 3.74265044954e-13, 3.76214753794e-11, 4.00622729435e-11, 2.49673697515e-12, 1.28788882336e-10, 1.72374215596e-11, 3.29957177032e-12, 1.94365305101e-11, 1.5793451616e-12, 4.57916311206e-13, 5.66062951721e-12, 6.03654626286e-12, 2.69273080396e-12, 7.05621054208e-13, 9.35460584862e-13, 3.17793859804e-13, 2.32954904282e-13, 6.25136064875e-14, 1.47262183594e-14, 2.41342238925e-15, 1.14039211474e-15, 7.14400557906e-17, 5.36937700782e-18], [1.86248092602e-16, 1.51725928642e-14, 1.81607472252e-14, 6.13110094378e-14, 2.98955630217e-13, 2.79833396039e-11, 3.01460349739e-11, 2.02931399983e-12, 1.00618784138e-10, 1.27144761733e-11, 2.60706321982e-12, 1.50791202441e-11, 1.15413147789e-12, 3.73424354589e-13, 4.32078808496e-12, 4.73590264227e-12, 2.08082119244e-12, 5.18025618061e-13, 3.95175835414e-13, 2.32954904282e-13, 1.85852472735e-13, 5.08658666945e-14, 1.16188585107e-14, 2.05011047641e-15, 9.5560128939e-16, 5.66549964346e-17, 4.30086562438e-18], [4.93681473517e-17, 4.16396018211e-15, 5.41389070347e-15, 1.75204258924e-14, 1.85989502337e-13, 7.79520198391e-12, 8.69593112796e-12, 8.24439962913e-13, 2.73613909307e-11, 5.28461822913e-12, 7.60181576975e-13, 4.14259815687e-12, 3.85688768249e-13, 1.43589228506e-13, 1.20898137421e-12, 1.47321206883e-12, 5.86553863206e-13, 1.40956162215e-13, 1.12681226654e-13, 6.25136064875e-14, 5.08658666945e-14, 1.53931399148e-14, 3.42087575342e-15, 5.96962033808e-16, 2.58900755466e-16, 1.60363321599e-17, 1.34436639836e-18], [1.0338704656e-17, 9.02827960402e-16, 1.1555230878e-15, 4.27276325825e-15, 5.87196917067e-14, 2.09207629519e-12, 2.16400682096e-12, 2.47362297746e-13, 6.39784275905e-12, 1.68629183967e-12, 1.86685411054e-13, 9.93524598529e-13, 1.2141751092e-13, 3.44585064692e-14, 3.00460909408e-13, 3.8759533777e-13, 1.30556793133e-13, 3.28680428686e-14, 2.54926356175e-14, 1.47262183594e-14, 1.16188585107e-14, 3.42087575342e-15, 8.79685643854e-16, 1.46417678511e-16, 6.32276743203e-17, 3.97686311434e-18, 3.32319578449e-19], [2.99426663842e-18, 1.52366761476e-16, 1.85319969484e-16, 6.15169324646e-16, 7.08054661181e-15, 3.04894076566e-13, 3.28901104485e-13, 3.42047421745e-14, 1.03285240603e-12, 2.33327625884e-13, 2.84242132598e-14, 1.59501684321e-13, 1.59705402521e-14, 5.04316174664e-15, 4.70211739825e-14, 5.56578166801e-14, 2.0731720919e-14, 5.24773799109e-15, 3.41535500443e-15, 2.41342238925e-15, 2.05011047641e-15, 5.96962033808e-16, 1.46417678511e-16, 3.69463363883e-17, 1.9151605189e-17, 7.69234335897e-19, 5.13597120881e-20], [4.21588646492e-18, 8.04591170292e-17, 9.10263030325e-17, 2.12975687857e-16, 1.22892198669e-15, 1.40177013877e-13, 1.39529758732e-13, 9.35520785188e-15, 5.16776888209e-13, 4.95193485826e-14, 1.32897131613e-14, 7.46653105554e-14, 4.76184685826e-15, 1.75234832579e-15, 2.09930729349e-14, 2.3504308783e-14, 1.05374227478e-14, 2.49362391562e-15, 1.02145248945e-15, 1.14039211474e-15, 9.5560128939e-16, 2.58900755466e-16, 6.32276743203e-17, 1.9151605189e-17, 3.54598862101e-17, 7.16379304212e-19, 2.29542733075e-20], [1.00321556827e-19, 4.59673199946e-18, 5.60558628995e-18, 1.86520344211e-17, 2.02728084737e-16, 9.48813357933e-15, 9.80265470033e-15, 9.3633848962e-16, 3.13181487579e-14, 5.9276526084e-15, 8.72299728313e-16, 4.7510501528e-15, 4.71446627041e-16, 1.40550797446e-16, 1.39457134974e-15, 1.69644033962e-15, 6.46110961754e-16, 1.59385739699e-16, 1.10341254886e-16, 7.14400557906e-17, 5.66549964346e-17, 1.60363321599e-17, 3.97686311434e-18, 7.69234335897e-19, 7.16379304212e-19, 2.53835298987e-20, 1.50134826084e-21], [5.58717367603e-21, 3.78177902922e-19, 4.93255140493e-19, 1.37095477498e-18, 2.66464703436e-17, 9.30949771888e-16, 7.78134387352e-16, 1.00287734808e-16, 2.6513094749e-15, 6.02025279129e-16, 7.90946793001e-17, 3.61574965898e-16, 3.79809805159e-17, 1.46453452418e-17, 1.11890643582e-16, 1.492539551e-16, 5.35452770962e-17, 1.22982343158e-17, 9.12584611975e-18, 5.36937700782e-18, 4.30086562438e-18, 1.34436639836e-18, 3.32319578449e-19, 5.13597120881e-20, 2.29542733075e-20, 1.50134826084e-21, 1.66707488611e-22]]
    },
    "mfcc": {
        "kurt": [5.53403949738, 2.95178556442, 7.97829246521, 3.25425338745, 2.08022975922, 1.62302827835, 1.78509712219, 2.04632377625, 8.01081085205, 4.42860651016, 3.74891805649, 10.7961606979, 4.3257727623],
        "max": [-794.321533203, 165.572570801, 13.5316467285, 56.1861953735, 38.7569160461, 8.21475219727, 10.6982765198, 13.6758365631, 13.1523933411, 8.36426734924, 3.69619369507, 7.48708343506, 20.0481338501],
        "mean": [-1103.06445312, 23.2026882172, -5.14442491531, -4.50221443176, -5.42787981033, -8.73578929901, -8.34346485138, -4.33886146545, -1.70475935936, -3.69593572617, -4.19584608078, -1.9089679718, 1.17919898033],
        "median": [-1138.42004395, 1.14440917969e-05, -6.103515625e-05, 8.01086425781e-05, -6.103515625e-05, 2.28881835938e-05, -2.67028808594e-05, -5.34057617188e-05, -4.57763671875e-05, -2.28881835938e-05, -2.67028808594e-05, -3.0517578125e-05, -3.81469726562e-05],
        "min": [-1138.42004395, -12.8149299622, -86.100189209, -74.3432388306, -51.5624694824, -61.697353363, -60.8800811768, -31.8304748535, -37.8634109497, -36.6035003662, -35.6494979858, -34.798915863, -14.420124054],
        "skew": [2.4679775238, 2.03509712219, -2.84900045395, -0.860389232635, -0.825640022755, -1.65102088451, -1.69654238224, -1.49081933498, -2.60001921654, -2.1791601181, -2.10746669769, -3.12883734703, 0.964064776897],
        "var": [5369.50195312, 2065.5390625, 327.509124756, 477.428619385, 247.430389404, 250.672775269, 257.986450195, 63.3872909546, 64.228843689, 62.86743927, 63.2942581177, 44.6839332581, 20.4128837585],
        "cov": [[5419.21923828, 3242.68237305, -1218.58410645, -857.702392578, -648.976806641, -906.6484375, -1021.05249023, -445.644561768, -88.6557235718, -448.38470459, -456.639434814, -224.747131348, 94.2317428589], [3242.68237305, 2084.66455078, -666.132324219, -669.534606934, -452.131652832, -575.780578613, -679.123046875, -288.793060303, -46.0418891907, -285.543945312, -296.401580811, -122.144515991, 62.1964530945], [-1218.58410645, -666.132324219, 330.541625977, 165.37828064, 116.268844604, 171.842895508, 192.384185791, 77.565246582, 10.0907535553, 92.1103973389, 90.7705917358, 49.1628608704, -12.8827466965], [-857.702392578, -669.534606934, 165.37828064, 481.849243164, 289.870330811, 86.9860534668, 183.869049072, 65.222328186, -85.9244766235, 58.250541687, 67.5848693848, -39.597858429, -16.2719230652], [-648.976806641, -452.131652832, 116.268844604, 289.870330811, 249.721405029, 84.6658859253, 108.314537048, 51.063999176, -62.5440635681, 19.7856407166, 34.6626319885, -27.0068855286, -24.0187454224], [-906.6484375, -575.780578613, 171.842895508, 86.9860534668, 84.6658859253, 252.99382019, 218.970596313, 91.9978713989, 69.0573425293, 80.0327987671, 90.6095123291, 74.7210540771, -25.7667331696], [-1021.05249023, -679.123046875, 192.384185791, 183.869049072, 108.314537048, 218.970596313, 260.375213623, 112.627388, 42.0290374756, 104.456092834, 104.050476074, 56.720615387, -14.4918212891], [-445.644561768, -288.793060303, 77.565246582, 65.222328186, 51.063999176, 91.9978713989, 112.627388, 63.9742126465, 24.0951499939, 45.2289390564, 47.4463386536, 25.2017593384, -10.0558290482], [-88.6557235718, -46.0418891907, 10.0907535553, -85.9244766235, -62.5440635681, 69.0573425293, 42.0290374756, 24.0951499939, 64.8235549927, 26.368473053, 24.6467018127, 42.3709030151, -6.68620967865], [-448.38470459, -285.543945312, 92.1103973389, 58.250541687, 19.7856407166, 80.0327987671, 104.456092834, 45.2289390564, 26.368473053, 63.4495429993, 56.9470443726, 26.1728286743, -1.80613982677], [-456.639434814, -296.401580811, 90.7705917358, 67.5848693848, 34.6626319885, 90.6095123291, 104.050476074, 47.4463386536, 24.6467018127, 56.9470443726, 63.880317688, 30.959274292, -10.9656000137], [-224.747131348, -122.144515991, 49.1628608704, -39.597858429, -27.0068855286, 74.7210540771, 56.720615387, 25.2017593384, 42.3709030151, 26.1728286743, 30.959274292, 45.0976753235, -5.18265104294], [94.2317428589, 62.1964530945, -12.8827466965, -16.2719230652, -24.0187454224, -25.7667331696, -14.4918212891, -10.0558290482, -6.68620967865, -1.80613982677, -10.9656000137, -5.18265104294, 20.6018924713]]
    },
    "sccoeffs": {
        "kurt": [2.93727016449, 2.32009363174, 2.57483816147, 0.742370605469, 2.62806940079, 0.367000102997],
        "max": [-0.48608738184, -0.532541275024, -0.657505989075, -0.72500962019, -0.635222613811, -0.754558622837],
        "mean": [-0.84292280674, -0.859750509262, -0.889455378056, -0.887835144997, -0.879901349545, -0.867267847061],
        "median": [-0.87428933382, -0.880103230476, -0.904631376266, -0.902881085873, -0.90066164732, -0.877637028694],
        "min": [-0.977804660797, -0.977551698685, -0.98453783989, -0.983744561672, -0.981557667255, -0.980811357498],
        "skew": [1.79856395721, 1.50324189663, 1.60297930241, 0.996460437775, 1.54307544231, 0.220084831119],
        "var": [0.0110267233104, 0.0069647342898, 0.00370734417811, 0.00291146431118, 0.00431948527694, 0.00220257136971],
        "cov": [[0.0111288232729, 0.00654659606516, 0.00404080329463, 0.00449898792431, 0.00570097286254, 0.00304853077978], [0.00654659606516, 0.00702922279015, 0.0032343743369, 0.00393250025809, 0.00360104604624, 0.00218251859769], [0.00404080329463, 0.0032343743369, 0.00374167133123, 0.0022294044029, 0.0022618053481, 0.00181091809645], [0.00449898792431, 0.00393250025809, 0.0022294044029, 0.00293842237443, 0.0026488986332, 0.00157923914958], [0.00570097286254, 0.00360104604624, 0.0022618053481, 0.0026488986332, 0.00435948045924, 0.00238494551741], [0.00304853077978, 0.00218251859769, 0.00181091809645, 0.00157923914958, 0.00238494551741, 0.00222296547145]]
    },
    "scvalleys": {
        "kurt": [7.11106109619, 4.85177469254, 4.50668668747, 4.6305398941, 5.77092647552, 5.62915420532],
        "max": [-8.59539794922, -6.082508564, -6.42913675308, -7.31053972244, -8.27628517151, -11.2697591782],
        "mean": [-13.1491298676, -12.6639623642, -13.16685009, -13.714717865, -13.8249340057, -15.5489311218],
        "median": [-12.097738266, -12.2534246445, -13.106215477, -13.4913034439, -13.2706432343, -14.8362407684],
        "min": [-27.6596946716, -27.9464206696, -27.786239624, -27.5967845917, -27.390296936, -27.2759342194],
        "skew": [-2.9174554348, -2.18343544006, -2.05379486084, -2.11214089394, -2.55120563507, -2.54027819633],
        "var": [17.212392807, 21.322637558, 20.7774772644, 18.6802597046, 16.9166030884, 12.8853845596],
        "cov": [[17.3717670441, 18.4701633453, 18.1163711548, 17.2219619751, 16.7022075653, 14.531627655], [18.4701633453, 21.5200691223, 21.112745285, 20.0505104065, 18.6427688599, 15.8928527832], [18.1163711548, 21.112745285, 20.9698619843, 19.7947540283, 18.2843761444, 15.5588331223], [17.2219619751, 20.0505104065, 19.7947540283, 18.853225708, 17.5136756897, 14.849609375], [16.7022075653, 18.6427688599, 18.2843761444, 17.5136756897, 17.0732383728, 14.5364570618], [14.531627655, 15.8928527832, 15.5588331223, 14.849609375, 14.5364570618, 13.004693985]]
    }
},
"rhythm": {
    "beats_loudness": {
        "kurt": -0.667079925537,
        "max": 6.67269996484e-05,
        "mean": 1.69293798535e-05,
        "median": 4.86878832362e-07,
        "min": 1.67638560811e-08,
        "skew": 1.15416944027,
        "var": 8.26728130399e-10
    },
    "bpm": 121.616104126,
    "confidence": 0,
    "first_peak_bpm": {
        "kurt": 0,
        "max": 120,
        "mean": 120,
        "median": 120,
        "min": 120,
        "skew": 0,
        "var": 0
    },
    "first_peak_spread": {
        "kurt": 0,
        "max": 0.5,
        "mean": 0.5,
        "median": 0.5,
        "min": 0.5,
        "skew": 0,
        "var": 0
    },
    "first_peak_weight": {
        "kurt": 0,
        "max": 0.333333343267,
        "mean": 0.333333343267,
        "median": 0.333333343267,
        "min": 0.333333343267,
        "skew": 0,
        "var": 0
    },
    "onset_rate": 2,
    "second_peak_bpm": {
        "kurt": 0,
        "max": 126,
        "mean": 126,
        "median": 126,
        "min": 126,
        "skew": 0,
        "var": 0
    },
    "second_peak_spread": {
        "kurt": 0,
        "max": 0,
        "mean": 0,
        "median": 0,
        "min": 0,
        "skew": 0,
        "var": 0
    },
    "second_peak_weight": {
        "kurt": 0,
        "max": 0.333333343267,
        "mean": 0.333333343267,
        "median": 0.333333343267,
        "min": 0.333333343267,
        "skew": 0,
        "var": 0
    },
    "beats_loudness_band_ratio": {
        "kurt": [-0.679058551788, -0.822050094604, -0.920406103134, -1.01162576675, -1.37638771534, -1.14912974834],
        "max": [0.341271340847, 0.558587312698, 0.812983095646, 0.164691135287, 0.206993862987, 0.149751022458],
        "mean": [0.0972753018141, 0.277037858963, 0.395536333323, 0.0980811864138, 0.119427397847, 0.0839668810368],
        "median": [0.0238690152764, 0.218924641609, 0.288237839937, 0.110008254647, 0.122921220958, 0.0926535725594],
        "min": [9.18461591937e-05, 0.111714854836, 0.192686662078, 0.00761708198115, 0.0248732827604, 0.000809345627204],
        "skew": [1.13760364056, 0.900550127029, 0.890402436256, -0.564642965794, -0.120265215635, -0.412236064672],
        "var": [0.0199419073761, 0.0284774191678, 0.0634720399976, 0.00330797117203, 0.00465730996802, 0.00300960149616],
        "cov": [[0.0265892092139, -0.00278729200363, -0.0241102296859, 0.00249285553582, -0.00218089460395, -0.000289579940727], [-0.00278729200363, 0.0379698909819, -0.038859885186, -0.0104442657903, 0.0129429595545, 0.0102207595482], [-0.0241102296859, -0.038859885186, 0.0846293866634, 0.00395955471322, -0.0174765344709, -0.015588610433], [0.00249285553582, -0.0104442657903, 0.00395955471322, 0.00441062822938, -0.00206597126089, -0.00144481891766], [-0.00218089460395, 0.0129429595545, -0.0174765344709, -0.00206597126089, 0.00620974646881, 0.00493954541162], [-0.000289579940727, 0.0102207595482, -0.015588610433, -0.00144481891766, 0.00493954541162, 0.0040128021501]]
    },
    "beats_position": [0.452789098024, 0.9287981987, 1.42802715302, 1.91564619541],
    "bpm_estimates": [120.185333252, 123.046875],
    "bpm_intervals": [0.476009100676, 0.499228954315, 0.487619042397],
    "onset_times": [0.0928798168898, 0.243809521198, 0.684988677502, 0.766258478165, 1.764716506],
    "histogram": [[0, 0, 0, 0, 0, 0, 0, 0, 0, 0, 0, 0, 0, 0, 0, 0, 0, 0, 0, 0, 0, 0, 0, 0, 0, 0, 0, 0, 0, 0, 0, 0, 0, 0, 0, 0, 0, 0, 0, 0, 0, 0, 0, 0, 0, 0, 0, 0, 0, 0, 0, 0, 0, 0, 0, 0, 0, 0, 0, 0, 0, 0, 0, 0, 0, 0, 0, 0, 0, 0, 0, 0, 0, 0, 0, 0, 0, 0, 0, 0, 0, 0, 0, 0, 0, 0, 0, 0, 0, 0, 0, 0, 0, 0, 0, 0, 0, 0, 0, 0, 0, 0, 0, 0, 0, 0, 0, 0, 0, 0, 0, 0, 0, 0, 0, 0, 0, 0, 0, 0, 0.333333343267, 0, 0, 0.333333343267, 0, 0, 0.333333343267, 0, 0, 0, 0, 0, 0, 0, 0, 0, 0, 0, 0, 0, 0, 0, 0, 0, 0, 0, 0, 0, 0, 0, 0, 0, 0, 0, 0, 0, 0, 0, 0, 0, 0, 0, 0, 0, 0, 0, 0, 0, 0, 0, 0, 0, 0, 0, 0, 0, 0, 0, 0, 0, 0, 0, 0, 0, 0, 0, 0, 0, 0, 0, 0, 0, 0, 0, 0, 0, 0, 0, 0, 0, 0, 0, 0, 0, 0, 0, 0, 0, 0, 0, 0, 0, 0, 0, 0, 0, 0, 0, 0, 0, 0, 0, 0, 0, 0, 0, 0, 0, 0, 0, 0, 0, 0, 0, 0, 0, 0, 0, 0, 0, 0, 0, 0, 0, 0, 0, 0, 0, 0, 0]]
},
"sfx": {
    "inharmonicity": {
        "kurt": 2.64594650269,
        "max": 0.328686445951,
        "mean": 0.0590278208256,
        "median": 0.0338419005275,
        "min": 0,
        "skew": 1.63359880447,
        "var": 0.00510450825095
    },
    "oddtoevenharmonicenergyratio": {
        "kurt": 48.7033729553,
        "max": 24.434720993,
        "mean": 0.930185258389,
        "median": 0.187816053629,
        "min": 0,
        "skew": 6.42495965958,
        "var": 7.47424840927
    },
    "pitch_after_max_to_before_max_energy_ratio": 1.19621229172,
    "pitch_centroid": 47.0326309204,
    "pitch_max_to_total": 0.467889904976,
    "pitch_min_to_total": 0.76146787405,
    "tristimulus": {
        "kurt": [-1.35778129101, -0.749231815338, -0.727217912674],
        "max": [1, 0.795264720917, 1],
        "mean": [0.501864254475, 0.219759359956, 0.278376370668],
        "median": [0.393070966005, 0.20854896307, 0.242476269603],
        "min": [0, 0, 0],
        "skew": [0.396255761385, 0.524300277233, 0.504599988461],
        "var": [0.12521956861, 0.0411079600453, 0.0680236443877],
        "cov": [[0.12637899816, -0.0496070384979, -0.0767719447613], [-0.0496070384979, 0.0414885915816, 0.00811844319105], [-0.0767719447613, 0.00811844319105, 0.0686534941196]]
    }
},
"tonal": {
    "chords_changes_rate": 0.0363636352122,
    "chords_number_rate": 0.0363636352122,
    "chords_strength": {
        "kurt": 0.135842084885,
        "max": 0.636646270752,
        "mean": 0.531328201294,
        "median": 0.549222707748,
        "min": 0.321412026882,
        "skew": -0.925849318504,
        "var": 0.00570042664185
    },
    "key_strength": 0.554587006569,
    "tuning_diatonic_strength": 0.451438337564,
    "tuning_equal_tempered_deviation": 0.269723474979,
    "tuning_frequency": 438.984558105,
    "tuning_nontempered_energy_ratio": 0.937027454376,
    "hpcp": {
        "kurt": [2.52507257462, 2.94160461426, 1.64656448364, 2.91817092896, -0.189985275269, -0.00961136817932, 3.21044015884, 2.2956533432, 2.05790042877, 2.37656068802, 1.85786676407, 3.57890176773, 1.75545215607, 2.00868225098, 0.663003921509, 0.817822217941, 1.60879278183, 1.4687037468, 3.93373060226, 3.02018642426, 5.24730205536, 7.71579933167, 5.99541568756, 6.52752780914, 9.76127052307, 3.47117090225, 6.3017539978, 1.62387371063, 0.942510128021, 0.662926912308, 1.26132726669, 4.42588663101, 2.98492431641, 4.63082838058, 1.9919500351, 1.81814622879],
        "max": [1, 1, 0.73213660717, 1, 1, 1, 1, 1, 1, 1, 1, 1, 0.85175383091, 1, 1, 1, 1, 0.962347626686, 1, 0.556536376476, 0.657506883144, 1, 1, 1, 0.897137463093, 0.614637613297, 1, 1, 1, 1, 1, 1, 0.784969329834, 0.996663570404, 1, 1],
        "mean": [0.149055689573, 0.149465844035, 0.130543157458, 0.161658003926, 0.268776744604, 0.269360095263, 0.168833687901, 0.158731251955, 0.183642506599, 0.171566233039, 0.180192545056, 0.171138897538, 0.153929695487, 0.186195805669, 0.231562286615, 0.235051035881, 0.209392115474, 0.178845390677, 0.139021724463, 0.0906671956182, 0.0804691389203, 0.115872524679, 0.129899293184, 0.122948817909, 0.0900626406074, 0.0878005996346, 0.137533560395, 0.190323010087, 0.206296160817, 0.216996118426, 0.201985538006, 0.148806810379, 0.118671357632, 0.139192044735, 0.189406722784, 0.17465493083],
        "median": [0.0250779297203, 0.0212949737906, 0.0376343131065, 0.0628720298409, 0.079222895205, 0.17187230289, 0.0712927281857, 0.0464768595994, 0.0394843742251, 0.0598202310503, 0.0621186979115, 0.0581206791103, 0.0325072519481, 0.0263955201954, 0.0665189176798, 0.111378222704, 0.0848995149136, 0.0543570965528, 0.0292735043913, 0.0277277622372, 0.017316699028, 0.0190672520548, 0.0105103077367, 0.0134790977463, 0.0322501398623, 0.00849722791463, 0.0593755692244, 0.0327304117382, 0.0355431288481, 0.0567723736167, 0.0631837099791, 0.0309529602528, 0.033239774406, 0.0524483732879, 0.0593645460904, 0.0240415204316],
        "min": [0, 0, 0, 0, 0, 0, 0, 0, 0, 0, 0, 0, 0, 0, 0, 0, 0, 0, 0, 0, 0, 0, 0, 0, 0, 0, 0, 0, 0, 0, 0, 0, 0, 0, 0, 0],
