{
"metadata": {
    "version": {
        "essentia": "2.1-beta3"
    }
},
"lowLevel": {
    "average_loudness": 0.989182889462,
    "barkbands_kurtosis": {
        "kurt": 3.26435709,
        "max": 93.1356201172,
        "mean": 18.822095871,
        "median": 16.2343902588,
        "min": -1.5940309763,
        "skew": 1.55512332916,
        "var": 286.254669189
    },
    "barkbands_skewness": {
        "kurt": -0.0519766807556,
        "max": 6.96286249161,
        "mean": 3.32486176491,
        "median": 3.38777303696,
        "min": 0.0314271636307,
        "skew": 0.0118629150093,
        "var": 2.02376675606
    },
    "barkbands_spread": {
        "kurt": 2.66530323029,
        "max": 46.0730895996,
        "mean": 10.673830986,
        "median": 6.96797895432,
        "min": 1.04426968098,
        "skew": 1.76199841499,
        "var": 99.0275802612
    },
    "dissonance": {
        "kurt": 15.0320663452,
        "max": 0.5,
        "mean": 0.435603380203,
        "median": 0.456264823675,
        "min": 0.0191056523472,
        "skew": -2.88052654266,
        "var": 0.00426535401493
    },
    "hfc": {
        "kurt": 35.3888587952,
        "max": 105.152259827,
        "mean": 3.35196733475,
        "median": 0.267205268145,
        "min": 9.95472782961e-06,
        "skew": 5.87890291214,
        "var": 200.283370972
    },
    "pitch": {
        "kurt": 8.02961349487,
        "max": 4134.35107422,
        "mean": 500.144866943,
        "median": 204.710205078,
        "min": 43.1588821411,
        "skew": 3.11940574646,
        "var": 958624.4375
    },
    "pitch_instantaneous_confidence": {
        "kurt": -0.631510257721,
        "max": 0.680126547813,
        "mean": 0.356765270233,
        "median": 0.327881932259,
        "min": 0.158628821373,
        "skew": 0.443466693163,
        "var": 0.0157763566822
    },
    "pitch_salience": {
        "kurt": 0.246396303177,
        "max": 0.950530529022,
        "mean": 0.65574067831,
        "median": 0.649756968021,
        "min": 0.421045869589,
        "skew": 0.0901908501983,
        "var": 0.00897328089923
    },
    "silence_rate_20dB": {
        "kurt": 0,
        "max": 1,
        "mean": 1,
        "median": 1,
        "min": 1,
        "skew": 0,
        "var": 0
    },
    "silence_rate_30dB": {
        "kurt": 26.6992492676,
        "max": 1,
        "mean": 0.968421041965,
        "median": 1,
        "min": 0,
        "skew": -5.35716819763,
        "var": 0.0305817276239
    },
    "silence_rate_60dB": {
        "kurt": 3.76731967926,
        "max": 1,
        "mean": 0.884210526943,
        "median": 1,
        "min": 0,
        "skew": -2.40152406693,
        "var": 0.102382257581
    },
    "spectral_centroid": {
        "kurt": 7.47698020935,
        "max": 1983.94714355,
        "mean": 457.171478271,
        "median": 337.235565186,
        "min": 220.711044312,
        "skew": 2.63478660583,
        "var": 99115.4921875
    },
    "spectral_complexity": {
        "kurt": 18.3681697845,
        "max": 35,
        "mean": 3.59999990463,
        "median": 2,
        "min": 0,
        "skew": 4.0242023468,
        "var": 29.8610477448
    },
    "spectral_crest": {
        "kurt": -0.632924079895,
        "max": 19.677148819,
        "mean": 11.3934659958,
        "median": 10.3753108978,
        "min": 3.98279643059,
        "skew": 0.462427467108,
        "var": 14.5373706818
    },
    "spectral_decrease": {
        "kurt": 29.3207778931,
        "max": -1.60871853711e-15,
        "mean": -1.80907122616e-09,
        "median": -1.83454987313e-10,
        "min": -4.90881788551e-08,
        "skew": -5.38902568817,
        "var": 4.81360519031e-17
    },
    "spectral_energy": {
        "kurt": 29.2031135559,
        "max": 0.192657902837,
        "mean": 0.0071318866685,
        "median": 0.000716637878213,
        "min": 6.97459556775e-09,
        "skew": 5.38290786743,
        "var": 0.000750717590563
    },
    "spectral_energyband_high": {
        "kurt": 33.6122283936,
        "max": 0.000971554603893,
        "mean": 3.98233787564e-05,
        "median": 4.77569210489e-06,
        "min": 3.12589953921e-10,
        "skew": 5.6262216568,
        "var": 1.72355942851e-08
    },
    "spectral_energyband_low": {
        "kurt": 12.3837976456,
        "max": 0.00412307167426,
        "mean": 0.000388145417674,
        "median": 0.000108640713734,
        "min": 2.03444053271e-10,
        "skew": 3.27341365814,
        "var": 4.45093661483e-07
    },
    "spectral_energyband_middle_high": {
        "kurt": 45.7430381775,
        "max": 0.0271549392492,
        "mean": 0.000632125535049,
        "median": 1.57907488756e-05,
        "min": 4.83667506046e-09,
        "skew": 6.59729719162,
        "var": 1.08331714728e-05
    },
    "spectral_energyband_middle_low": {
        "kurt": 29.9350280762,
        "max": 0.177345618606,
        "mean": 0.00631523644552,
        "median": 0.000591834366787,
        "min": 1.88674276203e-09,
        "skew": 5.4312005043,
        "var": 0.000607860391028
    },
    "spectral_flatness_db": {
        "kurt": -0.412322044373,
        "max": 0.361619949341,
        "mean": 0.247700333595,
        "median": 0.251751482487,
        "min": 0.0582013688982,
        "skew": -0.375959962606,
        "var": 0.00426679337397
    },
    "spectral_flux": {
        "kurt": 14.1564502716,
        "max": 0.353480070829,
        "mean": 0.0440245978534,
        "median": 0.0317074358463,
        "min": 0.0047242725268,
        "skew": 3.68816947937,
        "var": 0.00337137421593
    },
    "spectral_kurtosis": {
        "kurt": 4.14002037048,
        "max": 25.1582374573,
        "mean": 6.9228758812,
        "median": 6.75403213501,
        "min": -0.00487923622131,
        "skew": 1.27324151993,
        "var": 15.830573082
    },
    "spectral_rms": {
        "kurt": 17.1056728363,
        "max": 0.0137098114938,
        "mean": 0.00149596633855,
        "median": 0.000836157239974,
        "min": 2.60854062617e-06,
        "skew": 4.01950597763,
        "var": 4.72002147944e-06
    },
    "spectral_rolloff": {
        "kurt": 7.65946483612,
        "max": 3940.57617188,
        "mean": 666.169311523,
        "median": 387.59765625,
        "min": 236.865234375,
        "skew": 2.93464708328,
        "var": 611341.5
    },
    "spectral_skewness": {
        "kurt": 0.574974536896,
        "max": 3.89041137695,
        "mean": 2.14733481407,
        "median": 2.22219014168,
        "min": 0.69311016798,
        "skew": -0.0367284975946,
        "var": 0.370108157396
    },
    "spectral_spread": {
        "kurt": 52.7298088074,
        "max": 29307222,
        "mean": 3893373,
        "median": 3344773,
        "min": 1694579.5,
        "skew": 6.80813312531,
        "var": 8.99358497178e+12
    },
    "spectral_strongpeak": {
        "kurt": 12.2990903854,
        "max": 1.18611991405,
        "mean": 0.133571252227,
        "median": 0.0676900967956,
        "min": 6.88198051648e-05,
        "skew": 3.5695438385,
        "var": 0.0473086722195
    },
    "zerocrossingrate": {
        "kurt": 4.36092233658,
        "max": 0.1015625,
        "mean": 0.0392064154148,
        "median": 0.03662109375,
        "min": 0.00341796875,
        "skew": 1.8272550106,
        "var": 0.000274557183729
    },
    "barkbands": {
        "kurt": [7.15082931519, 3.24116849899, 8.16084289551, 31.0681610107, 45.7324638367, 50.2889862061, 51.5725440979, 34.9738388062, 60.8651847839, 38.5302352905, 66.6762084961, 57.3847084045, 49.2505187988, 30.5409507751, 50.8804969788, 74.9964675903, 58.7225189209, 66.7356109619, 19.7673664093, 39.7598495483, 49.8786125183, 16.1483535767, 19.3700256348, 19.6915874481, 52.4787902832, 82.5965576172, 82.6418151855],
        "max": [5.75720434881e-07, 0.000255066523096, 0.00140008586459, 0.00898580346256, 0.104402534664, 0.0304016768932, 0.0362482629716, 0.0174939073622, 0.0516086257994, 0.00921493861824, 0.00761947548017, 0.00792909599841, 0.00177492538933, 0.000165006786119, 0.00049063237384, 0.0012674361933, 0.000929575413465, 0.00152652652469, 0.000364272273146, 0.000484938675072, 0.00068722711876, 9.23041807255e-05, 2.26237134484e-05, 8.76310332387e-06, 7.02468423697e-06, 1.71606956201e-07, 1.84228063915e-08],
        "mean": [7.7822889466e-08, 4.22579832957e-05, 0.000154408102389, 0.000516116328072, 0.0026233708486, 0.000779325608164, 0.000768426223658, 0.000513679871801, 0.00102319172584, 0.000234960665694, 0.000130913336761, 0.000153561501065, 3.92351830669e-05, 5.47904619452e-06, 1.14124695756e-05, 2.1081586965e-05, 1.72459112946e-05, 2.88865921902e-05, 2.10264533962e-05, 1.99600435735e-05, 2.00163958652e-05, 5.39637221664e-06, 1.14992940325e-06, 5.26492954123e-07, 1.82397215553e-07, 2.75669553851e-09, 2.91334234515e-10],
        "median": [2.90314225992e-08, 1.68277292687e-05, 3.77312753699e-05, 0.000113067217171, 0.000282468943624, 6.3330604462e-05, 2.26873726206e-05, 2.42557962338e-05, 1.52598659042e-05, 2.99644398183e-06, 8.26470227366e-07, 9.86902477962e-07, 6.51591051337e-07, 5.24429083271e-07, 6.10286292613e-07, 5.40049654774e-07, 7.46922751205e-07, 1.82163569207e-06, 3.56087025466e-06, 4.79234677186e-06, 1.0781295714e-06, 1.66895901543e-07, 6.99252424852e-08, 6.80464253833e-08, 8.3967544029e-09, 1.29594616288e-11, 6.63065869572e-12],
        "min": [1.04612412483e-11, 5.5687621181e-11, 8.47702602558e-11, 1.2170991992e-10, 3.54102303035e-10, 2.1646132109e-10, 4.45970968488e-11, 4.61748903002e-11, 6.89403034659e-10, 1.66451208372e-09, 1.22892429566e-09, 6.06120875712e-10, 4.98053542852e-10, 1.85682455522e-10, 1.16515103121e-10, 2.082966577e-10, 9.35521451972e-11, 1.95904889533e-10, 1.7995913093e-10, 9.18306125586e-11, 7.8302905826e-11, 3.65638422317e-11, 3.94435664686e-11, 3.50536405458e-11, 2.77050778152e-12, 3.27871193737e-13, 3.47127139316e-13],
        "skew": [2.57315993309, 1.99150013924, 2.82438755035, 5.13226890564, 6.82523012161, 6.87197446823, 7.01894950867, 5.87580680847, 7.58641767502, 6.19753599167, 7.98029136658, 7.40270805359, 6.9422249794, 5.55088186264, 7.02247905731, 8.5218038559, 7.583548069, 8.05471324921, 4.31051301956, 6.12314224243, 6.77485370636, 3.90440821648, 4.18327379227, 4.19279289246, 6.9625210762, 9.03547286987, 9.04249191284],
        "var": [1.22268299611e-14, 3.2674407624e-09, 7.1328642548e-08, 1.33490812004e-06, 0.000174273824086, 1.275194154e-05, 1.81177147169e-05, 5.71283180761e-06, 3.32693271048e-05, 1.51294898387e-06, 6.93884032898e-07, 8.16693898287e-07, 4.56601796373e-08, 5.39200240013e-10, 3.38071437511e-09, 1.80775217018e-08, 1.12092592985e-08, 2.78881451266e-08, 3.06441916287e-09, 3.71094910356e-09, 6.47318554314e-09, 2.53748272394e-10, 1.13324870321e-11, 1.7623412495e-12, 6.59490908064e-13, 3.16213731064e-16, 3.64537337899e-18],
        "cov": [[1.23569020345e-14, 3.14123380085e-12, 1.44648225689e-11, 6.96397245425e-11, 8.30480184622e-10, 2.04952652072e-10, 6.86308787579e-11, 2.2046595452e-11, 1.14672660256e-10, 3.42875831894e-11, 1.59990458382e-11, 9.47014341945e-12, 1.60497960408e-12, 5.39505343611e-13, 1.48825157927e-12, 1.77771241738e-12, 4.07578484851e-12, 6.61524567763e-12, 1.45645876002e-12, 2.12273536422e-12, 1.95086199799e-12, 4.35337231758e-13, 5.3144036345e-14, 1.80507515266e-14, 5.05832998914e-14, 1.08837370387e-15, 1.0299419698e-16], [3.14123380085e-12, 3.30220073508e-09, 9.22864007435e-09, 3.46229462878e-08, 2.0089854047e-07, 3.83897464928e-08, -7.24045934319e-09, -8.82416273384e-09, -1.29823440886e-08, -1.68938507628e-09, -1.55580159866e-09, -3.22152615695e-09, -7.10096537127e-10, -3.85561305105e-11, -6.19848616878e-11, -3.60568019886e-10, 1.3764302198e-10, 3.35001248963e-10, 2.35151537131e-10, 3.49373058262e-10, 6.53176471244e-11, 9.28421783897e-11, 1.31994545502e-11, 1.00302630784e-11, 1.64025286409e-11, 3.69740913234e-13, -4.4785964996e-15], [1.44648225689e-11, 9.22864007435e-09, 7.20874595572e-08, 2.59773543121e-07, 2.38176335188e-06, 6.28374380085e-07, 2.27043642553e-07, 9.91740876088e-08, 4.15581610014e-07, 1.19678261967e-07, 5.37705666659e-08, 3.52257707448e-08, 7.32404492609e-09, 2.06578776307e-09, 5.29261567905e-09, 6.19966611382e-09, 1.41496103723e-08, 2.29510455085e-08, 7.62828289425e-09, 9.24987642037e-09, 8.71151861759e-09, 2.33730035326e-09, 3.97388150164e-10, 1.5329294778e-10, 1.50328249848e-10, 2.30144592619e-12, 7.42646046791e-15], [6.96397245425e-11, 3.46229462878e-08, 2.59773543121e-07, 1.34910931138e-06, 1.24682492242e-05, 2.94024334835e-06, 4.82664745505e-07, 1.57838144332e-07, 8.5425585894e-07, 3.32871195496e-07, 1.04696475489e-07, 2.75238285496e-08, 3.31060578951e-09, 5.67569946597e-09, 1.32252369056e-08, 6.32839958215e-09, 4.64161296065e-08, 7.68797150386e-08, 2.06049506346e-08, 2.6389949781e-08, 2.27526424368e-08, 7.07845160264e-09, 1.07717645914e-09, 4.12602785271e-10, 8.33286883939e-10, 1.62256336839e-11, 1.35909268865e-13], [8.30480184622e-10, 2.0089854047e-07, 2.38176335188e-06, 1.24682492242e-05, 0.000176127796294, 4.57088062831e-05, 1.34686160891e-05, 5.49492142454e-06, 2.45895516855e-05, 8.36185790831e-06, 3.19022160511e-06, 1.88096078091e-06, 3.2893328239e-07, 1.37966281955e-07, 3.33433462174e-07, 3.08765351065e-07, 1.03926686279e-06, 1.69658210325e-06, 4.01022845153e-07, 5.31463399511e-07, 4.42570097903e-07, 1.12497971827e-07, 1.71318692566e-08, 3.82036757784e-09, 9.25844290123e-09, 1.5131032538e-10, 2.65162132702e-12], [2.04952652072e-10, 3.83897464928e-08, 6.28374380085e-07, 2.94024334835e-06, 4.57088062831e-05, 1.28876008603e-05, 6.74704233461e-06, 3.449468295e-06, 1.09145048555e-05, 3.1135032259e-06, 1.44798536894e-06, 1.1910858575e-06, 2.52404021239e-07, 5.4639432534e-08, 1.29984400132e-07, 1.78994383759e-07, 3.31197412606e-07, 5.30374563823e-07, 1.36097455083e-07, 1.76289717047e-07, 1.72264819298e-07, 3.915551261e-08, 5.74939873488e-09, 1.58713220344e-09, 2.26946328397e-09, 3.13349832193e-11, 6.83617171118e-13], [6.86308787579e-11, -7.24045934319e-09, 2.27043642553e-07, 4.82664745505e-07, 1.34686160891e-05, 6.74704233461e-06, 1.83104548341e-05, 9.68914628174e-06, 2.3476935894e-05, 4.74749003843e-06, 3.44293084709e-06, 3.85967086913e-06, 9.05364288428e-07, 9.37405744139e-08, 2.23339469585e-07, 5.58816566354e-07, 2.73097413128e-07, 3.83779820368e-07, 1.47377804183e-07, 1.70308965153e-07, 2.97736079347e-07, 4.49412596026e-08, 5.97761040666e-09, 3.7498470995e-09, 9.92006587985e-10, 4.74657943159e-12, 2.78590491605e-13], [2.2046595452e-11, -8.82416273384e-09, 9.91740876088e-08, 1.57838144332e-07, 5.49492142454e-06, 3.449468295e-06, 9.68914628174e-06, 5.77360651732e-06, 1.21112379929e-05, 2.42389660343e-06, 1.72318004843e-06, 2.04372508961e-06, 4.94629318837e-07, 5.05982278298e-08, 1.11895325006e-07, 2.82924133899e-07, 1.29458115339e-07, 1.80401741545e-07, 7.38313090665e-08, 8.37483042915e-08, 1.51059694531e-07, 2.49873526315e-08, 3.06656611215e-09, 1.95200455799e-09, 4.16899847977e-10, 7.64828738536e-13, 1.62355927855e-13], [1.14672660256e-10, -1.29823440886e-08, 4.15581610014e-07, 8.5425585894e-07, 2.45895516855e-05, 1.09145048555e-05, 2.3476935894e-05, 1.21112379929e-05, 3.3623255149e-05, 6.83803864376e-06, 4.81982533529e-06, 4.9840423344e-06, 1.12665679808e-06, 1.25416377728e-07, 3.33116361162e-07, 7.64349636029e-07, 4.55457183079e-07, 6.57818645777e-07, 2.2319889581e-07, 2.77262671489e-07, 4.51917117061e-07, 7.11866618985e-08, 9.61560875368e-09, 5.14569720167e-09, 1.42992973018e-09, 1.83943290287e-12, 2.78044026605e-13], [3.42875831894e-11, -1.68938507628e-09, 1.19678261967e-07, 3.32871195496e-07, 8.36185790831e-06, 3.1135032259e-06, 4.74749003843e-06, 2.42389660343e-06, 6.83803864376e-06, 1.52904419792e-06, 9.72057250692e-07, 9.889085959e-07, 2.22892452939e-07, 2.80336625025e-08, 7.07365970243e-08, 1.48472480532e-07, 1.15934597034e-07, 1.74216381765e-07, 5.39669038346e-08, 6.72713653671e-08, 9.35962845006e-08, 1.59384114795e-08, 2.25076202121e-09, 1.00791031077e-09, 3.90187937516e-10, 1.13682153968e-12, 1.35875983858e-13], [1.59990458382e-11, -1.55580159866e-09, 5.37705666659e-08, 1.04696475489e-07, 3.19022160511e-06, 1.44798536894e-06, 3.44293084709e-06, 1.72318004843e-06, 4.81982533529e-06, 9.72057250692e-07, 7.01265776115e-07, 7.30936960736e-07, 1.6540096226e-07, 1.78999837175e-08, 4.73948666979e-08, 1.11952907389e-07, 6.25320737413e-08, 8.93892107001e-08, 3.11437950984e-08, 3.81899099011e-08, 6.39268904479e-08, 9.65309077117e-09, 1.3182382963e-09, 7.4424150176e-10, 2.01991992577e-10, 4.42098994132e-13, 3.60636542331e-14], [9.47014341945e-12, -3.22152615695e-09, 3.52257707448e-08, 2.75238285496e-08, 1.88096078091e-06, 1.1910858575e-06, 3.85967086913e-06, 2.04372508961e-06, 4.9840423344e-06, 9.889085959e-07, 7.30936960736e-07, 8.25382130643e-07, 1.93471933585e-07, 1.94589482305e-08, 4.72859582601e-08, 1.20079960197e-07, 5.37605480133e-08, 7.42174108836e-08, 2.99404163684e-08, 3.43975692374e-08, 6.34328358728e-08, 9.38120248151e-09, 1.24122656597e-09, 8.10672029505e-10, 1.62775418144e-10, 1.21455430891e-13, 5.6902785706e-14], [1.60497960408e-12, -7.10096537127e-10, 7.32404492609e-09, 3.31060578951e-09, 3.2893328239e-07, 2.52404021239e-07, 9.05364288428e-07, 4.94629318837e-07, 1.12665679808e-06, 2.22892452939e-07, 1.6540096226e-07, 1.93471933585e-07, 4.61459279677e-08, 4.54438842112e-09, 1.05063246991e-08, 2.74436828818e-08, 1.12550111453e-08, 1.5303660561e-08, 6.70672228864e-09, 7.4377242143e-09, 1.41245637408e-08, 2.12786943621e-09, 2.81043605055e-10, 1.91106533376e-10, 3.48858927857e-11, 3.50977046363e-14, 1.47592102927e-14], [5.39505343611e-13, -3.85561305105e-11, 2.06578776307e-09, 5.67569946597e-09, 1.37966281955e-07, 5.4639432534e-08, 9.37405744139e-08, 5.05982278298e-08, 1.25416377728e-07, 2.80336625025e-08, 1.78999837175e-08, 1.94589482305e-08, 4.54438842112e-09, 5.44936373803e-10, 1.26183841154e-09, 2.77730616283e-09, 1.98007943375e-09, 2.95804714057e-09, 9.88968129612e-10, 1.17496112839e-09, 1.6662448088e-09, 2.9047669825e-10, 4.13307166269e-11, 1.9652966754e-11, 6.80042350557e-12, 2.06166074474e-14, 2.85027878476e-15], [1.48825157927e-12, -6.19848616878e-11, 5.29261567905e-09, 1.32252369056e-08, 3.33433462174e-07, 1.29984400132e-07, 2.23339469585e-07, 1.11895325006e-07, 3.33116361162e-07, 7.07365970243e-08, 4.73948666979e-08, 4.72859582601e-08, 1.05063246991e-08, 1.26183841154e-09, 3.41667960591e-09, 7.35901695137e-09, 5.1642743415e-09, 7.63801555337e-09, 2.43478681661e-09, 3.07452063808e-09, 4.6201922288e-09, 7.58496265796e-10, 1.0637441622e-10, 5.08540813626e-11, 1.71577526492e-11, 4.17887058778e-14, 4.38229986492e-15], [1.77771241738e-12, -3.60568019886e-10, 6.19966611382e-09, 6.32839958215e-09, 3.08765351065e-07, 1.78994383759e-07, 5.58816566354e-07, 2.82924133899e-07, 7.64349636029e-07, 1.48472480532e-07, 1.11952907389e-07, 1.20079960197e-07, 2.74436828818e-08, 2.77730616283e-09, 7.35901695137e-09, 1.82698354223e-08, 8.52961345998e-09, 1.18008181005e-08, 4.53791582089e-09, 5.42937117487e-09, 1.00071355646e-08, 1.45225187431e-09, 1.9581639088e-10, 1.23209165093e-10, 2.6299818226e-11, 2.81845944153e-14, 4.6788549936e-15], [4.07578484851e-12, 1.3764302198e-10, 1.41496103723e-08, 4.64161296065e-08, 1.03926686279e-06, 3.31197412606e-07, 2.73097413128e-07, 1.29458115339e-07, 4.55457183079e-07, 1.15934597034e-07, 6.25320737413e-08, 5.37605480133e-08, 1.12550111453e-08, 1.98007943375e-09, 5.1642743415e-09, 8.52961345998e-09, 1.13285061332e-08, 1.77867249818e-08, 4.74703432118e-09, 6.20012041708e-09, 6.72719568939e-09, 1.30624366879e-09, 1.97336424979e-10, 5.7735816128e-11, 3.94295221473e-11, 1.34880957315e-13, 1.13466551557e-14], [6.61524567763e-12, 3.35001248963e-10, 2.29510455085e-08, 7.68797150386e-08, 1.69658210325e-06, 5.30374563823e-07, 3.83779820368e-07, 1.80401741545e-07, 6.57818645777e-07, 1.74216381765e-07, 8.93892107001e-08, 7.42174108836e-08, 1.5303660561e-08, 2.95804714057e-09, 7.63801555337e-09, 1.18008181005e-08, 1.77867249818e-08, 2.81848269168e-08, 7.48514050741e-09, 9.70098223974e-09, 9.91199655687e-09, 2.01381356035e-09, 3.15386217142e-10, 8.35276223188e-11, 6.27047649915e-11, 2.18938623199e-13, 1.84436799465e-14], [1.45645876002e-12, 2.35151537131e-10, 7.62828289425e-09, 2.06049506346e-08, 4.01022845153e-07, 1.36097455083e-07, 1.47377804183e-07, 7.38313090665e-08, 2.2319889581e-07, 5.39669038346e-08, 3.11437950984e-08, 2.99404163684e-08, 6.70672228864e-09, 9.88968129612e-10, 2.43478681661e-09, 4.53791582089e-09, 4.74703432118e-09, 7.48514050741e-09, 3.09701930767e-09, 3.14302783799e-09, 3.55833629229e-09, 8.05748578969e-10, 1.70253519616e-10, 5.77804609714e-11, 2.05005873388e-11, 7.30088664763e-14, 3.05584055205e-15], [2.12273536422e-12, 3.49373058262e-10, 9.24987642037e-09, 2.6389949781e-08, 5.31463399511e-07, 1.76289717047e-07, 1.70308965153e-07, 8.37483042915e-08, 2.77262671489e-07, 6.72713653671e-08, 3.81899099011e-08, 3.43975692374e-08, 7.4377242143e-09, 1.17496112839e-09, 3.07452063808e-09, 5.42937117487e-09, 6.20012041708e-09, 9.70098223974e-09, 3.14302783799e-09, 3.75042708001e-09, 4.25859081332e-09, 8.81991701895e-10, 1.54564014365e-10, 5.17970978609e-11, 2.32290055246e-11, 6.9629469291e-14, 4.62641052516e-15], [1.95086199799e-12, 6.53176471244e-11, 8.71151861759e-09, 2.27526424368e-08, 4.42570097903e-07, 1.72264819298e-07, 2.97736079347e-07, 1.51059694531e-07, 4.51917117061e-07, 9.35962845006e-08, 6.39268904479e-08, 6.34328358728e-08, 1.41245637408e-08, 1.6662448088e-09, 4.6201922288e-09, 1.00071355646e-08, 6.72719568939e-09, 9.91199655687e-09, 3.55833629229e-09, 4.25859081332e-09, 6.54204912465e-09, 1.14727893852e-09, 1.76017270204e-10, 8.25597853971e-11, 2.72715964394e-11, 1.37722461473e-13, 4.80558171042e-15], [4.35337231758e-13, 9.28421783897e-11, 2.33730035326e-09, 7.07845160264e-09, 1.12497971827e-07, 3.915551261e-08, 4.49412596026e-08, 2.49873526315e-08, 7.11866618985e-08, 1.59384114795e-08, 9.65309077117e-09, 9.38120248151e-09, 2.12786943621e-09, 2.9047669825e-10, 7.58496265796e-10, 1.45225187431e-09, 1.30624366879e-09, 2.01381356035e-09, 8.05748578969e-10, 8.81991701895e-10, 1.14727893852e-09, 2.56447724167e-10, 4.57935946108e-11, 1.75812558956e-11, 6.69531617647e-12, 4.84662088024e-14, 1.32372996096e-15], [5.3144036345e-14, 1.31994545502e-11, 3.97388150164e-10, 1.07717645914e-09, 1.71318692566e-08, 5.74939873488e-09, 5.97761040666e-09, 3.06656611215e-09, 9.61560875368e-09, 2.25076202121e-09, 1.3182382963e-09, 1.24122656597e-09, 2.81043605055e-10, 4.13307166269e-11, 1.0637441622e-10, 1.9581639088e-10, 1.97336424979e-10, 3.15386217142e-10, 1.70253519616e-10, 1.54564014365e-10, 1.76017270204e-10, 4.57935946108e-11, 1.14530451095e-11, 3.89334094478e-12, 1.14053005321e-12, 6.47725544194e-15, 1.06070501531e-16], [1.80507515266e-14, 1.00302630784e-11, 1.5329294778e-10, 4.12602785271e-10, 3.82036757784e-09, 1.58713220344e-09, 3.7498470995e-09, 1.95200455799e-09, 5.14569720167e-09, 1.00791031077e-09, 7.4424150176e-10, 8.10672029505e-10, 1.91106533376e-10, 1.9652966754e-11, 5.08540813626e-11, 1.23209165093e-10, 5.7735816128e-11, 8.35276223188e-11, 5.77804609714e-11, 5.17970978609e-11, 8.25597853971e-11, 1.75812558956e-11, 3.89334094478e-12, 1.78108959872e-12, 4.74941917392e-13, 4.99882211295e-15, 4.59291538812e-17], [5.05832998914e-14, 1.64025286409e-11, 1.50328249848e-10, 8.33286883939e-10, 9.25844290123e-09, 2.26946328397e-09, 9.92006587985e-10, 4.16899847977e-10, 1.42992973018e-09, 3.90187937516e-10, 2.01991992577e-10, 1.62775418144e-10, 3.48858927857e-11, 6.80042350557e-12, 1.71577526492e-11, 2.6299818226e-11, 3.94295221473e-11, 6.27047649915e-11, 2.05005873388e-11, 2.32290055246e-11, 2.72715964394e-11, 6.69531617647e-12, 1.14053005321e-12, 4.74941917392e-13, 6.66506726112e-13, 1.31164830652e-14, 1.6774390348e-16], [1.08837370387e-15, 3.69740913234e-13, 2.30144592619e-12, 1.62256336839e-11, 1.5131032538e-10, 3.13349832193e-11, 4.74657943159e-12, 7.64828738536e-13, 1.83943290287e-12, 1.13682153968e-12, 4.42098994132e-13, 1.21455430891e-13, 3.50977046363e-14, 2.06166074474e-14, 4.17887058778e-14, 2.81845944153e-14, 1.34880957315e-13, 2.18938623199e-13, 7.30088664763e-14, 6.9629469291e-14, 1.37722461473e-13, 4.84662088024e-14, 6.47725544194e-15, 4.99882211295e-15, 1.31164830652e-14, 3.19577722414e-16, 6.66459212739e-18], [1.0299419698e-16, -4.4785964996e-15, 7.42646046791e-15, 1.35909268865e-13, 2.65162132702e-12, 6.83617171118e-13, 2.78590491605e-13, 1.62355927855e-13, 2.78044026605e-13, 1.35875983858e-13, 3.60636542331e-14, 5.6902785706e-14, 1.47592102927e-14, 2.85027878476e-15, 4.38229986492e-15, 4.6788549936e-15, 1.13466551557e-14, 1.84436799465e-14, 3.05584055205e-15, 4.62641052516e-15, 4.80558171042e-15, 1.32372996096e-15, 1.06070501531e-16, 4.59291538812e-17, 1.6774390348e-16, 6.66459212739e-18, 3.68415367406e-18]]
    },
    "mfcc": {
        "kurt": [3.45761156082, 7.361992836, 2.50618505478, 4.65126466751, 2.9594039917, -0.292951345444, 2.3147611618, 0.331073045731, -0.342178583145, 2.20929670334, 0.307818174362, -0.327923059464, -0.574744939804],
        "max": [-574.06237793, 193.732727051, 48.7756843567, 83.0873413086, 12.0762634277, 6.83348083496, 27.3415603638, 15.7475147247, 10.2770347595, 24.2714633942, 12.2385520935, 12.4487457275, 3.48100662231],
        "mean": [-862.131652832, 149.875671387, 13.769654274, 57.5532112122, -13.7332696915, -19.447145462, 6.33500766754, -12.4815816879, -9.04741191864, 1.24892735481, -8.81545162201, -4.84317207336, -8.91860580444],
        "median": [-875.923522949, 152.07913208, 19.1347961426, 59.4262962341, -9.81540298462, -18.5069198608, 6.92331314087, -13.9559326172, -9.23742675781, 0.97762298584, -9.05302619934, -5.41059875488, -8.70886611938],
        "min": [-1138.42004395, 1.14440917969e-05, -59.8653564453, -18.8736495972, -79.7814712524, -50.982006073, -30.0908927917, -33.2941436768, -24.9779548645, -35.2649230957, -23.4563846588, -18.6339263916, -24.9140129089],
        "skew": [1.13022589684, -1.79996836185, -1.3981730938, -1.74821662903, -1.67961025238, -0.128960326314, -1.17223286629, 0.569756388664, 0.075998403132, -0.637299418449, 0.350381553173, 0.121150538325, -0.162583351135],
        "var": [6432.97607422, 771.677490234, 437.278839111, 298.081298828, 329.173614502, 142.055130005, 110.80480957, 96.9427871704, 54.1739616394, 89.8007278442, 42.8107795715, 45.1956367493, 43.4199714661],
        "cov": [[6501.41210938, 722.949157715, -625.249816895, -281.734802246, -1148.77893066, -6.60097551346, -565.329284668, 198.198165894, -89.0821533203, -244.412811279, -5.77412462234, -59.9550170898, -217.522567749], [722.949157715, 779.886779785, 220.311965942, 215.267288208, 16.2482414246, -251.00402832, -70.8084259033, -119.13910675, -68.3046112061, 85.361366272, -28.337474823, -31.4300193787, -35.1560745239], [-625.249816895, 220.311965942, 441.930725098, 264.148132324, 225.77394104, -113.154273987, 45.0920600891, -98.1384735107, -67.19115448, 60.7875213623, -19.5233135223, -20.3524894714, -17.1902294159], [-281.734802246, 215.267288208, 264.148132324, 301.252380371, 173.839309692, -110.566596985, 52.0532836914, -50.8932533264, -37.0077552795, 58.7102584839, 5.44521427155, -40.9555587769, -20.6896705627], [-1148.77893066, 16.2482414246, 225.77394104, 173.839309692, 332.675476074, -49.4749298096, 131.258285522, -34.0688667297, 5.03965950012, 68.3848419189, -9.16502380371, 7.25394248962, 37.1410522461], [-6.60097551346, -251.00402832, -113.154273987, -110.566596985, -49.4749298096, 143.566360474, 18.3047962189, 45.9295310974, 35.5214042664, -56.8928985596, 3.33756136894, 19.7548160553, 10.5070304871], [-565.329284668, -70.8084259033, 45.0920600891, 52.0532836914, 131.258285522, 18.3047962189, 111.983589172, 10.142873764, 13.8734521866, 29.4959163666, 1.71394479275, 1.89064788818, 31.9962215424], [198.198165894, -119.13910675, -98.1384735107, -50.8932533264, -34.0688667297, 45.9295310974, 10.142873764, 97.9740905762, 19.9099807739, -4.08299970627, 31.399477005, 0.292158335447, 10.200299263], [-89.0821533203, -68.3046112061, -67.19115448, -37.0077552795, 5.03965950012, 35.5214042664, 13.8734521866, 19.9099807739, 54.7502822876, -9.41188430786, 4.40941905975, 7.24463558197, 4.72926712036], [-244.412811279, 85.361366272, 60.7875213623, 58.7102584839, 68.3848419189, -56.8928985596, 29.4959163666, -4.08299970627, -9.41188430786, 90.7560577393, 25.3489837646, 0.361217349768, 17.8265743256], [-5.77412462234, -28.337474823, -19.5233135223, 5.44521427155, -9.16502380371, 3.33756136894, 1.71394479275, 31.399477005, 4.40941905975, 25.3489837646, 43.2662124634, -8.07563495636, 2.55050778389], [-59.9550170898, -31.4300193787, -20.3524894714, -40.9555587769, 7.25394248962, 19.7548160553, 1.89064788818, 0.292158335447, 7.24463558197, 0.361217349768, -8.07563495636, 45.6764411926, 11.2505178452], [-217.522567749, -35.1560745239, -17.1902294159, -20.6896705627, 37.1410522461, 10.5070304871, 31.9962215424, 10.200299263, 4.72926712036, 17.8265743256, 2.55050778389, 11.2505178452, 43.8818893433]]
    },
    "sccoeffs": {
        "kurt": [4.24333524704, 1.49395275116, -0.150024175644, 3.66930484772, 1.99607563019, -0.743415117264],
        "max": [-0.223387822509, -0.614387631416, -0.686213731766, -0.633098244667, -0.684628129005, -0.546405732632],
        "mean": [-0.650594830513, -0.814818799496, -0.823997437954, -0.850094437599, -0.832132279873, -0.740879952908],
        "median": [-0.665248453617, -0.82772898674, -0.830942571163, -0.866180539131, -0.843906462193, -0.770824193954],
        "min": [-0.92834764719, -0.917504966259, -0.953776776791, -0.928108155727, -0.938296556473, -0.942110240459],
        "skew": [1.15839648247, 1.25946903229, 0.523626565933, 1.80328214169, 1.15666019917, 0.528232634068],
        "var": [0.0099010374397, 0.00382679444738, 0.00296602933668, 0.00243123737164, 0.00172134547029, 0.00777518516406],
        "cov": [[0.0100063672289, 0.00207795901224, 0.00258902763017, 0.000776360742748, 0.00108597090002, 0.00115272856783], [0.00207795901224, 0.00386750511825, 0.000721111195162, 0.000950255838688, 0.000768378609791, 0.00191811786499], [0.00258902763017, 0.000721111195162, 0.00299758301117, 0.000867820635904, 0.00100516108796, 0.000346099666785], [0.000776360742748, 0.000950255838688, 0.000867820635904, 0.00245710159652, 0.00122525531333, 0.00230189575814], [0.00108597090002, 0.000768378609791, 0.00100516108796, 0.00122525531333, 0.00173965760041, 0.00227698590606], [0.00115272856783, 0.00191811786499, 0.000346099666785, 0.00230189575814, 0.00227698590606, 0.00785790011287]]
    },
    "scvalleys": {
        "kurt": [12.2130432129, 6.36586761475, 5.84716892242, 7.8636302948, 9.73476791382, -0.302820205688],
        "max": [-5.45005559921, -3.58974599838, -3.65752005577, -5.63299036026, -6.34799575806, -9.06582641602],
        "mean": [-6.97839355469, -6.74425649643, -8.15790939331, -9.10669708252, -8.97590065002, -12.4334888458],
        "median": [-7.04246997833, -6.83376312256, -8.41525554657, -9.24041557312, -9.03762054443, -12.1356563568],
        "min": [-12.5761642456, -13.2076292038, -11.6276836395, -12.8530368805, -13.5164794922, -15.8357286453],
        "skew": [-2.03312683105, -1.01445138454, 1.65528655052, 0.827227473259, -1.07867670059, -0.564077615738],
        "var": [0.849389195442, 1.54878103733, 1.07968699932, 0.700949668884, 0.667557060719, 2.30632829666],
        "cov": [[0.858425199986, 0.901470780373, 0.348425835371, 0.338539212942, 0.462968230247, 0.611040949821], [0.901470780373, 1.56525743008, 0.903543055058, 0.764192700386, 0.757887303829, 0.990021348], [0.348425835371, 0.903543055058, 1.09117305279, 0.802658081055, 0.679855942726, 0.689583778381], [0.338539212942, 0.764192700386, 0.802658081055, 0.708406567574, 0.583337008953, 0.598328649998], [0.462968230247, 0.757887303829, 0.679855942726, 0.583337008953, 0.67465877533, 0.777614533901], [0.611040949821, 0.990021348, 0.689583778381, 0.598328649998, 0.777614533901, 2.33086371422]]
    }
},
"rhythm": {
    "beats_loudness": {
        "kurt": -0.666667461395,
        "max": 0.117245301604,
        "mean": 0.0294315796345,
        "median": 0.000171325489646,
        "min": 0.000138367817272,
        "skew": 1.15469956398,
        "var": 0.00257041724399
    },
    "bpm": 130.303482056,
    "confidence": 0,
    "first_peak_bpm": {
        "kurt": 0,
        "max": 129,
        "mean": 129,
        "median": 129,
        "min": 129,
        "skew": 0,
        "var": 0
    },
    "first_peak_spread": {
        "kurt": 0,
        "max": 0.333333313465,
        "mean": 0.333333313465,
        "median": 0.333333313465,
        "min": 0.333333313465,
        "skew": 0,
        "var": 0
    },
    "first_peak_weight": {
        "kurt": 0,
        "max": 0.666666686535,
        "mean": 0.666666686535,
        "median": 0.666666686535,
        "min": 0.666666686535,
        "skew": 0,
        "var": 0
    },
    "onset_rate": 3.23713850975,
    "second_peak_bpm": {
        "kurt": 0,
        "max": 0,
        "mean": 0,
        "median": 0,
        "min": 0,
        "skew": 0,
        "var": 0
    },
    "second_peak_spread": {
        "kurt": 0,
        "max": 0,
        "mean": 0,
        "median": 0,
        "min": 0,
        "skew": 0,
        "var": 0
    },
    "second_peak_weight": {
        "kurt": 0,
        "max": 0,
        "mean": 0,
        "median": 0,
        "min": 0,
        "skew": 0,
        "var": 0
    },
    "beats_loudness_band_ratio": {
        "kurt": [-1.33048057556, -1.21660065651, -0.679063796997, -0.669400930405, -1.33400440216, -0.802640199661],
        "max": [0.613135814667, 0.635425269604, 0.673856556416, 0.111479185522, 0.0242822915316, 0.0419399887323],
        "mean": [0.376128137112, 0.418895959854, 0.234369337559, 0.0404798127711, 0.0184602923691, 0.0319848917425],
        "median": [0.435266375542, 0.418456226587, 0.102189287543, 0.0178619418293, 0.0177967734635, 0.036210089922],
        "min": [0.0208440050483, 0.203246116638, 0.0592422299087, 0.0147161763161, 0.0139653300866, 0.013579399325],
        "skew": [-0.496749579906, 0.00741866929457, 1.13757550716, 1.15106618404, 0.376889139414, -0.962351202965],
        "var": [0.0550424940884, 0.0247707664967, 0.0646988451481, 0.00168205914088, 1.54981389642e-05, 0.000119613425341],
        "cov": [[0.0733899921179, 0.0217495951802, -0.0707548335195, -0.0110271126032, 0.000109251886897, 0.00318723986857], [0.0217495951802, 0.033027689904, -0.0422207377851, -0.00697295973077, -0.000560446700547, 0.00143880897667], [-0.0707548335195, -0.0422207377851, 0.0862651243806, 0.0138646634296, 0.000280779699096, -0.00358014809899], [-0.0110271126032, -0.00697295973077, 0.0138646634296, 0.00224274559878, 4.37212911493e-05, -0.000576508871745], [0.000109251886897, -0.000560446700547, 0.000280779699096, 4.37212911493e-05, 2.06641852856e-05, 3.02098851535e-06], [0.00318723986857, 0.00143880897667, -0.00358014809899, -0.000576508871745, 3.02098851535e-06, 0.000159484567121]]
    },
    "beats_position": [0.452789098024, 0.917188167572, 1.38158726692, 1.83437633514],
    "bpm_estimates": [129.19921875, 129.19921875, 132.512039185],
    "bpm_intervals": [0.464399069548, 0.46439909935, 0.452789068222],
    "onset_times": [0.0232199542224, 0.650158703327, 0.754648506641, 1.06811785698, 1.11455786228, 1.52090704441, 1.79954648018],
    "histogram": [[0, 0, 0, 0, 0, 0, 0, 0, 0, 0, 0, 0, 0, 0, 0, 0, 0, 0, 0, 0, 0, 0, 0, 0, 0, 0, 0, 0, 0, 0, 0, 0, 0, 0, 0, 0, 0, 0, 0, 0, 0, 0, 0, 0, 0, 0, 0, 0, 0, 0, 0, 0, 0, 0, 0, 0, 0, 0, 0, 0, 0, 0, 0, 0, 0, 0, 0, 0, 0, 0, 0, 0, 0, 0, 0, 0, 0, 0, 0, 0, 0, 0, 0, 0, 0, 0, 0, 0, 0, 0, 0, 0, 0, 0, 0, 0, 0, 0, 0, 0, 0, 0, 0, 0, 0, 0, 0, 0, 0, 0, 0, 0, 0, 0, 0, 0, 0, 0, 0, 0, 0, 0, 0, 0, 0, 0, 0, 0, 0, 0.666666686535, 0, 0, 0, 0.333333343267, 0, 0, 0, 0, 0, 0, 0, 0, 0, 0, 0, 0, 0, 0, 0, 0, 0, 0, 0, 0, 0, 0, 0, 0, 0, 0, 0, 0, 0, 0, 0, 0, 0, 0, 0, 0, 0, 0, 0, 0, 0, 0, 0, 0, 0, 0, 0, 0, 0, 0, 0, 0, 0, 0, 0, 0, 0, 0, 0, 0, 0, 0, 0, 0, 0, 0, 0, 0, 0, 0, 0, 0, 0, 0, 0, 0, 0, 0, 0, 0, 0, 0, 0, 0, 0, 0, 0, 0, 0, 0, 0, 0, 0, 0, 0, 0, 0, 0, 0, 0, 0, 0, 0, 0, 0, 0, 0, 0, 0, 0, 0, 0, 0, 0, 0, 0]]
},
"sfx": {
    "inharmonicity": {
        "kurt": 7.23281669617,
        "max": 0.333819448948,
        "mean": 0.049528196454,
        "median": 0.027196759358,
        "min": 0,
        "skew": 2.44658350945,
        "var": 0.00371612212621
    },
    "oddtoevenharmonicenergyratio": {
        "kurt": 9.56272125244,
        "max": 3.77340102196,
        "mean": 0.410080313683,
        "median": 0.141975075006,
        "min": 0,
        "skew": 3.09227752686,
        "var": 0.525257110596
    },
    "pitch_after_max_to_before_max_energy_ratio": 1.58438777924,
    "pitch_centroid": 57.3794670105,
    "pitch_max_to_total": 0.536842107773,
    "pitch_min_to_total": 0.0421052649617,
    "tristimulus": {
        "kurt": [0.0505163669586, 1.39238643646, 0.373049736023],
        "max": [1, 0.910581350327, 0.631383180618],
        "mean": [0.473536252975, 0.303665518761, 0.222798243165],
        "median": [0.491927444935, 0.314387649298, 0.181537672877],
        "min": [0, 0, 0],
        "skew": [0.0128532592207, 0.496041327715, 0.894892752171],
        "var": [0.0616838522255, 0.0271988734603, 0.0231447666883],
        "cov": [[0.0623400621116, -0.0332186594605, -0.0291214138269], [-0.0332186594605, 0.0274882242084, 0.00573042966425], [-0.0291214138269, 0.00573042966425, 0.023390987888]]
    }
},
"tonal": {
    "chords_changes_rate": 0.104166664183,
    "chords_number_rate": 0.0625,
    "chords_strength": {
        "kurt": -1.0436270237,
        "max": 0.586859881878,
        "mean": 0.460121244192,
        "median": 0.478113591671,
        "min": 0.307719022036,
        "skew": -0.516782343388,
        "var": 0.00672044558451
    },
    "key_strength": 0.406536966562,
    "tuning_diatonic_strength": 0.35726249218,
    "tuning_equal_tempered_deviation": 0.235739544034,
    "tuning_frequency": 434.695007324,
    "tuning_nontempered_energy_ratio": 0.88574886322,
    "hpcp": {
        "kurt": [0.041748046875, 1.0029053688, 2.27253246307, 10.9936513901, 1.16342687607, 5.11551761627, 1.14902734756, 1.77251386642, 4.76130819321, 1.24876594543, 0.67112326622, 7.63722133636, 1.38041687012, 1.82837438583, 2.78563213348, 0.0811629295349, 5.5548324585, 4.05337381363, 1.94797611237, 3.90330076218, 4.15890645981, 1.5149846077, 1.71491289139, 0.397692203522, -0.0749752521515, 0.394804000854, 2.07506942749, 0.969356536865, 0.180876016617, 1.13958740234, -0.522150993347, -0.218880653381, 1.85477018356, 0.0375654697418, -0.615016222, -1.26584362984],
        "max": [1, 1, 1, 0.816749572754, 0.471857845783, 0.702587723732, 0.397770941257, 0.385598599911, 0.554692685604, 0.491532415152, 0.528317570686, 0.69012349844, 0.552733898163, 0.758793652058, 0.937459409237, 0.507678091526, 1, 1, 0.720826566219, 0.870136141777, 1, 0.838514983654, 1, 1, 1, 1, 0.932950556278, 1, 1, 1, 1, 1, 1, 1, 1, 1],
        "mean": [0.290685355663, 0.203794285655, 0.166709795594, 0.09847792238, 0.101257324219, 0.106909997761, 0.0788470879197, 0.0754240304232, 0.0943153873086, 0.118149451911, 0.132272586226, 0.121900863945, 0.121113188565, 0.153163328767, 0.168700993061, 0.139786139131, 0.146083012223, 0.157114595175, 0.134396657348, 0.14892436564, 0.164748057723, 0.160909250379, 0.192375972867, 0.234910383821, 0.277533322573, 0.248735487461, 0.184874713421, 0.238366663456, 0.257947444916, 0.231556907296, 0.286980599165, 0.270316779613, 0.226908966899, 0.273238331079, 0.336887121201, 0.380959004164],
        "median": [0.21319141984, 0.0676927566528, 0.0477680750191, 0.0440238341689, 0.0342832580209, 0.0389839336276, 0.0223024878651, 0.0231873355806, 0.0372228585184, 0.0621415823698, 0.0819128453732, 0.0788774639368, 0.0619762837887, 0.0655418112874, 0.077777788043, 0.090340860188, 0.0660641491413, 0.0440228916705, 0.0494596362114, 0.0530696772039, 0.0464819148183, 0.0740064755082, 0.0381752252579, 0.0839037150145, 0.141073167324, 0.103674948215, 0.100149855018, 0.121518604457, 0.125053972006, 0.131165787578, 0.0652070492506, 0.09865231812, 0.119075879455, 0.106102213264, 0.257386654615, 0.215380311012],
