{
"metadata": {
    "version": {
        "essentia": "2.1-beta3"
    }
},
"lowLevel": {
    "average_loudness": 0.99068403244,
    "barkbands_kurtosis": {
        "kurt": 4.17756509781,
        "max": 22.1132564545,
        "mean": 2.94535970688,
        "median": 1.69031763077,
        "min": -1.67541599274,
        "skew": 1.91636168957,
        "var": 23.8221149445
    },
    "barkbands_skewness": {
        "kurt": 1.22199773788,
        "max": 4.22766590118,
        "mean": 1.19412982464,
        "median": 0.94523781538,
        "min": -0.0936202332377,
        "skew": 1.12737298012,
        "var": 0.825421571732
    },
    "barkbands_spread": {
        "kurt": 0.975555419922,
        "max": 38.0303344727,
        "mean": 10.0922164917,
        "median": 7.15131855011,
        "min": 1.24342143536,
        "skew": 1.36014091969,
        "var": 76.5327606201
    },
    "dissonance": {
        "kurt": 0.164269685745,
        "max": 0.494167476892,
        "mean": 0.440021306276,
        "median": 0.459460437298,
        "min": 0.301145076752,
        "skew": -1.13579714298,
        "var": 0.0025923633948
    },
    "hfc": {
        "kurt": 2.28117799759,
        "max": 135.899261475,
        "mean": 19.8097515106,
        "median": 0.31596159935,
        "min": 2.33933878917e-05,
        "skew": 1.89278161526,
        "var": 1343.54968262
    },
    "pitch": {
        "kurt": 34.7405052185,
        "max": 3796.42797852,
        "mean": 504.525787354,
        "median": 360.233642578,
        "min": 156.210632324,
        "skew": 5.5891327858,
        "var": 240217.21875
    },
    "pitch_instantaneous_confidence": {
        "kurt": -0.243570327759,
        "max": 0.884252667427,
        "mean": 0.482063144445,
        "median": 0.462215393782,
        "min": 0.183177232742,
        "skew": 0.419813364744,
        "var": 0.0276171825826
    },
    "pitch_salience": {
        "kurt": 1.91759967804,
        "max": 0.874513745308,
        "mean": 0.642327725887,
        "median": 0.654983401299,
        "min": 0.233390554786,
        "skew": -0.873026430607,
        "var": 0.0125543549657
    },
    "silence_rate_20dB": {
        "kurt": 0,
        "max": 1,
        "mean": 1,
        "median": 1,
        "min": 1,
        "skew": 0,
        "var": 0
    },
    "silence_rate_30dB": {
        "kurt": 22.0384807587,
        "max": 1,
        "mean": 0.962962985039,
        "median": 1,
        "min": 0,
        "skew": -4.90290641785,
        "var": 0.0356652960181
    },
    "silence_rate_60dB": {
        "kurt": -1.79220807552,
        "max": 1,
        "mean": 0.611111104488,
        "median": 1,
        "min": 0,
        "skew": -0.455842465162,
        "var": 0.23765437305
    },
    "spectral_centroid": {
        "kurt": 0.337797880173,
        "max": 1803.34814453,
        "mean": 1005.1171875,
        "median": 945.603271484,
        "min": 558.223449707,
        "skew": 0.974463284016,
        "var": 97454.2421875
    },
    "spectral_complexity": {
        "kurt": -0.476553440094,
        "max": 31,
        "mean": 7.77777767181,
        "median": 2,
        "min": 0,
        "skew": 1.02152788639,
        "var": 104.320915222
    },
    "spectral_crest": {
        "kurt": 0.898163795471,
        "max": 23.1655750275,
        "mean": 10.2350692749,
        "median": 9.38077068329,
        "min": 3.86151480675,
        "skew": 0.954491496086,
        "var": 16.6086750031
    },
    "spectral_decrease": {
        "kurt": 3.12401819229,
        "max": -2.88876626782e-15,
        "mean": -4.85793139049e-09,
        "median": -1.24518964584e-10,
        "min": -3.60352956363e-08,
        "skew": -2.0171713829,
        "var": 7.88599651469e-17
    },
    "spectral_energy": {
        "kurt": 2.88035202026,
        "max": 0.144401147962,
        "mean": 0.0201317667961,
        "median": 0.000497818109579,
        "min": 1.30247022057e-08,
        "skew": 1.97972607613,
        "var": 0.00134896626696
    },
    "spectral_energyband_high": {
        "kurt": 5.19075012207,
        "max": 0.000179232869414,
        "mean": 1.9022701963e-05,
        "median": 5.34427933019e-08,
        "min": 1.06463504679e-09,
        "skew": 2.45314574242,
        "var": 1.70820946277e-09
    },
    "spectral_energyband_low": {
        "kurt": 17.2770938873,
        "max": 4.03743706556e-06,
        "mean": 2.60141945319e-07,
        "median": 4.52917703342e-09,
        "min": 3.98590153938e-11,
        "skew": 4.19990587234,
        "var": 5.73705579571e-13
    },
    "spectral_energyband_middle_high": {
        "kurt": 11.2447633743,
        "max": 0.118036419153,
        "mean": 0.0096094738692,
        "median": 6.42130762571e-05,
        "min": 7.2098877979e-09,
        "skew": 3.13672804832,
        "var": 0.000446964200819
    },
    "spectral_energyband_middle_low": {
        "kurt": 14.8422813416,
        "max": 0.138153672218,
        "mean": 0.0105836102739,
        "median": 0.000342759361956,
        "min": 4.925844177e-09,
        "skew": 3.56421256065,
        "var": 0.000542838126421
    },
    "spectral_flatness_db": {
        "kurt": 0.69073009491,
        "max": 0.516670107841,
        "mean": 0.375803351402,
        "median": 0.392561972141,
        "min": 0.130070209503,
        "skew": -0.756087005138,
        "var": 0.0060245548375
    },
    "spectral_flux": {
        "kurt": 0.826023340225,
        "max": 0.372883290052,
        "mean": 0.0727306678891,
        "median": 0.0165669284761,
        "min": 0.000262525049038,
        "skew": 1.33946704865,
        "var": 0.00986214727163
    },
    "spectral_kurtosis": {
        "kurt": 0.383690595627,
        "max": 140.134902954,
        "mean": 36.7674407959,
        "median": 27.8259983063,
        "min": -0.996041297913,
        "skew": 1.00132775307,
        "var": 1158.13867188
    },
    "spectral_rms": {
        "kurt": 0.147586584091,
        "max": 0.0118692535907,
        "mean": 0.00262957857922,
        "median": 0.000679524498992,
        "min": 3.56469172402e-06,
        "skew": 1.22335660458,
        "var": 1.27260645968e-05
    },
    "spectral_rolloff": {
        "kurt": -0.405476093292,
        "max": 3789.84375,
        "mean": 1605.42004395,
        "median": 1022.82714844,
        "min": 581.396484375,
        "skew": 0.933978438377,
        "var": 840592.4375
    },
    "spectral_skewness": {
        "kurt": 0.348253488541,
        "max": 9.3142747879,
        "mean": 3.25364518166,
        "median": 2.86908245087,
        "min": 0.230257451534,
        "skew": 0.870278537273,
        "var": 4.62777900696
    },
    "spectral_spread": {
        "kurt": 5.79779434204,
        "max": 4747560,
        "mean": 1410984,
        "median": 1167194.75,
        "min": 585759.6875,
        "skew": 1.9528336525,
        "var": 535959568384
    },
    "spectral_strongpeak": {
        "kurt": 4.93402767181,
        "max": 7.93138074875,
        "mean": 1.02725231647,
        "median": 0.164695814252,
        "min": 7.60998009355e-05,
        "skew": 2.17702293396,
        "var": 2.75413060188
    },
    "zerocrossingrate": {
        "kurt": 0.0628097057343,
        "max": 0.10400390625,
        "mean": 0.0520200394094,
        "median": 0.048828125,
        "min": 0.02490234375,
        "skew": 0.861951947212,
        "var": 0.000349748734152
    },
    "barkbands": {
        "kurt": [7.69604873657, 41.2146530151, 15.400352478, 26.184803009, 12.064002037, 46.3497962952, 4.28285694122, 37.9751319885, 7.77939319611, 9.39336585999, 40.122341156, 17.1659450531, 25.5706138611, 19.4852046967, 8.7214422226, 25.7101287842, 7.91732311249, 8.6992483139, 7.21949768066, 18.5217857361, 12.6615600586, 11.1279182434, 11.0849514008, 10.9850978851, 10.8243303299, 10.9899559021, 10.9163579941],
        "max": [2.02489225387e-08, 8.98986115772e-07, 1.37932272537e-06, 6.17737168795e-06, 5.64506117371e-05, 0.00214083911851, 0.00635950919241, 0.107913285494, 0.0548350773752, 0.00618320563808, 0.107855983078, 0.0107798473909, 0.0258978754282, 0.0142621630803, 0.0135850924999, 0.0117907542735, 0.00616747280583, 0.0031625945121, 0.000209122095839, 0.000599860562943, 9.48270244407e-05, 1.27292398844e-08, 9.42668876291e-09, 8.44485370521e-09, 7.78117303923e-09, 7.3889818708e-09, 7.75455255564e-09],
        "mean": [1.80617110157e-09, 2.70927120738e-08, 9.26614021068e-08, 3.3906343333e-07, 5.107663128e-06, 6.540940376e-05, 0.00076002854621, 0.00424220180139, 0.0053512044251, 0.000547566975001, 0.0040310928598, 0.000618522113655, 0.00111908745021, 0.00076944247121, 0.00117802049499, 0.000569148978684, 0.000551231438294, 0.000261449051322, 1.89839884115e-05, 3.55256197508e-05, 7.28481654733e-06, 1.01648978124e-09, 7.24756643589e-10, 6.54356679952e-10, 6.11624917379e-10, 5.71164948671e-10, 6.02248806381e-10],
        "median": [1.00108654005e-11, 1.90359505936e-10, 8.92043050538e-10, 2.89321135938e-08, 9.39356652907e-07, 5.13527220392e-06, 2.68215771939e-05, 7.66797747929e-05, 0.000113735884952, 1.49163979586e-05, 2.11734641198e-05, 1.59943226663e-06, 1.32225864036e-06, 2.86019485429e-06, 7.41036910767e-06, 1.42258556934e-06, 6.38197548142e-07, 4.64379581899e-07, 2.99285005667e-08, 8.64239382281e-08, 1.73024723438e-08, 1.04770532527e-11, 7.78250207334e-12, 7.63621024052e-12, 7.41748329425e-12, 7.27680068979e-12, 6.56673673771e-12],
        "min": [2.54452297245e-16, 7.02794593355e-13, 5.26368228518e-12, 3.34984193162e-11, 5.10595621339e-10, 1.60712321229e-09, 7.1114064637e-10, 5.24948584602e-10, 1.19900500639e-09, 9.48084055707e-10, 2.28111904366e-10, 3.51991602532e-10, 6.13602987865e-11, 3.35895256054e-10, 1.45051803901e-10, 4.50748549596e-10, 1.86278170666e-09, 1.01357500171e-09, 1.23497922999e-09, 5.46911960164e-10, 7.22656490204e-10, 9.6654719547e-14, 4.00141223019e-16, 2.24073831169e-16, 2.00511055407e-16, 5.56090232413e-17, 1.56072901198e-17],
        "skew": [2.8991355896, 6.39303970337, 3.98444223404, 4.90438556671, 3.22117137909, 6.86571550369, 2.10237598419, 6.05816078186, 2.83779501915, 3.00060963631, 6.23889732361, 4.06959867477, 4.94462585449, 4.52799224854, 2.83091878891, 4.87702178955, 2.71124815941, 3.11738038063, 2.88550686836, 4.10376644135, 3.54939103127, 3.5013563633, 3.47851324081, 3.45914530754, 3.43684720993, 3.44162797928, 3.43169426918],
        "var": [1.89343064964e-17, 1.5584315251e-14, 7.171313646e-14, 8.7383523811e-13, 9.71414407247e-11, 8.34435311958e-08, 1.83199892945e-06, 0.00022908707615, 0.000136917093187, 1.37783365517e-06, 0.000223547816859, 3.37723463417e-06, 1.61459156516e-05, 7.2026559792e-06, 6.62484626446e-06, 3.26449617205e-06, 1.42141516335e-06, 4.79950301724e-07, 2.31747443458e-09, 9.75335368025e-09, 3.45295708692e-10, 7.89784107932e-18, 3.92541372101e-18, 3.15715545824e-18, 2.73555680286e-18, 2.35459256789e-18, 2.61085188089e-18],
        "cov": [[1.92915575312e-17, 1.7909511112e-16, 8.49363876046e-16, 2.40324719421e-15, 1.23331503837e-14, 3.1583579068e-13, 1.81170334811e-12, 1.94830644673e-11, 1.80374881698e-11, 1.80846299307e-12, 5.19921519032e-12, 3.412076394e-12, 5.10409639901e-12, 4.93188042489e-12, 4.35858120429e-12, 1.61553160172e-12, 1.94895380216e-12, 1.15808751477e-12, 5.34384107873e-14, 1.14128975368e-13, 1.47874012433e-14, 5.01786453857e-18, 3.7644530592e-18, 3.38193020917e-18, 3.12602162075e-18, 2.96207256219e-18, 3.10880468348e-18], [1.7909511112e-16, 1.58783593506e-14, 2.3959763481e-14, 5.40791641069e-14, 3.32779729337e-14, 1.65265771988e-12, 2.55601963206e-11, 1.7756962567e-09, 6.75476563572e-10, -4.5822334642e-12, -6.8741005943e-11, 3.68292809444e-12, 1.15378130661e-10, 8.88694881573e-11, 6.75253672422e-11, 2.40558406528e-11, 7.73778697366e-12, 1.3328065214e-11, 1.32626993155e-12, 6.5452314792e-13, 1.6228827364e-13, 1.97722874408e-16, 1.45050514395e-16, 1.30747277819e-16, 1.22152871255e-16, 1.13475508401e-16, 1.19392549698e-16], [8.49363876046e-16, 2.3959763481e-14, 7.3066213995e-14, 2.18327241594e-13, 7.4497276837e-13, -1.28836110075e-13, 6.0475506547e-11, 2.98740809868e-09, 1.35811206725e-09, 1.62056548736e-11, 1.35591510242e-10, 1.22605411934e-10, 3.50332124421e-10, 3.89679871704e-10, 2.26188068275e-10, 8.88229351181e-11, 9.99955326875e-11, 8.62314317174e-11, 4.6276914592e-12, 6.90358577596e-12, 8.15157999694e-13, 5.59069856094e-16, 4.14802092787e-16, 3.72534486974e-16, 3.45243985386e-16, 3.24409515983e-16, 3.40774113114e-16], [2.40324719421e-15, 5.40791641069e-14, 2.18327241594e-13, 8.90322646337e-13, 3.80840237818e-12, 2.39951305353e-11, 3.18301496272e-10, 6.84396628259e-09, 6.47957376643e-09, 1.10768824668e-10, -3.5352543809e-11, 7.58795137834e-10, 2.3696029583e-09, 2.06316630447e-09, 1.1798461097e-09, 6.26432294926e-10, 4.65893768009e-10, 4.3982209541e-10, 2.40464783502e-11, 3.31557142852e-11, 4.64705053951e-12, 2.18566285303e-15, 1.59884657986e-15, 1.43232720809e-15, 1.32624596645e-15, 1.2439142581e-15, 1.30674282108e-15], [1.23331503837e-14, 3.32779729337e-14, 7.4497276837e-13, 3.80840237818e-12, 9.89742940383e-11, 1.29919519587e-10, 1.67873581702e-09, 1.90581719295e-08, 2.6007990428e-08, 1.03289765629e-09, 1.2173456021e-08, 4.92246998718e-09, 8.94470009172e-09, 8.33442115322e-09, 5.45620393311e-09, 5.33564392668e-09, 3.85265330749e-09, 2.54662180232e-09, 1.43788411733e-10, 3.23969018279e-10, 3.91125638821e-11, 8.29529689026e-15, 6.3169756325e-15, 5.73207566549e-15, 5.33223672736e-15, 5.09484981466e-15, 5.36584614767e-15], [3.1583579068e-13, 1.65265771988e-12, -1.28836110075e-13, 2.39951305353e-11, 1.29919519587e-10, 8.50179375789e-08, 1.38849927112e-07, 1.40144123861e-07, 1.26312158955e-06, 2.33469222621e-07, -1.47159994413e-07, 4.08438722843e-07, 1.40322654829e-07, 4.30226059223e-08, 2.5210425747e-07, 6.50824318882e-08, 5.72262663923e-08, -7.0058070456e-10, 4.89042306651e-10, 8.22121315469e-10, 1.01484842752e-09, 1.22528506438e-13, 9.83752670796e-14, 9.28268827907e-14, 8.88109708387e-14, 8.62593145783e-14, 9.17635311812e-14], [1.81170334811e-12, 2.55601963206e-11, 6.0475506547e-11, 3.18301496272e-10, 1.67873581702e-09, 1.38849927112e-07, 1.86656495771e-06, 3.57687508767e-06, 9.17086163099e-06, 9.66075617725e-07, 6.4448881858e-06, 1.31122726543e-06, 2.632237738e-06, 1.37667575473e-06, 2.51112828664e-06, 1.23735537727e-06, 1.14124611628e-06, 5.00090834521e-07, 3.8247709e-08, 6.91514543405e-08, 1.57436144121e-08, 1.43189431666e-12, 9.67146393353e-13, 8.67528650913e-13, 8.12134864567e-13, 7.46151025081e-13, 7.87087463348e-13], [1.94830644673e-11, 1.7756962567e-09, 2.98740809868e-09, 6.84396628259e-09, 1.90581719295e-08, 1.40144123861e-07, 3.57687508767e-06, 0.000233409475186, 7.04648919054e-05, 2.43864946015e-07, -8.33145350043e-07, 2.36266123466e-06, 4.78794845549e-06, 7.62126865084e-06, 1.02001904452e-05, 3.1686024613e-06, 3.12301199301e-06, 2.21644768317e-06, 2.31706522413e-07, 3.0837887266e-07, 5.6704060114e-08, 2.57532849213e-11, 1.90118719379e-11, 1.71431636248e-11, 1.59823855539e-11, 1.49015279283e-11, 1.56763456383e-11], [1.80374881698e-11, 6.75476563572e-10, 1.35811206725e-09, 6.47957376643e-09, 2.6007990428e-08, 1.26312158955e-06, 9.17086163099e-06, 7.04648919054e-05, 0.000139500436489, 7.16073373042e-06, 1.35119262268e-05, 9.89861018752e-06, 3.6098077544e-05, 2.01610200747e-05, 2.55413087871e-05, 8.68755341799e-06, 6.30800604995e-06, 3.87651061828e-06, 3.2358889257e-07, 3.21841895357e-07, 1.16974327113e-07, 2.43824353069e-11, 1.65110355943e-11, 1.47094194464e-11, 1.37137055184e-11, 1.24875318419e-11, 1.3146509055e-11], [1.80846299307e-12, -4.5822334642e-12, 1.62056548736e-11, 1.10768824668e-10, 1.03289765629e-09, 2.33469222621e-07, 9.66075617725e-07, 2.43864946015e-07, 7.16073373042e-06, 1.40383053804e-06, 7.96155291027e-06, 1.39777318964e-06, 6.7851027552e-07, 1.16641871273e-07, 1.91055414689e-06, 3.90945359641e-07, 7.34225181986e-07, 8.67345804068e-08, 1.15260307965e-08, 2.3251192971e-08, 1.18014025219e-08, 1.18196435712e-12, 7.91955856363e-13, 7.17512312585e-13, 6.76882378273e-13, 6.21115517959e-13, 6.58387515513e-13], [5.19921519032e-12, -6.8741005943e-11, 1.35591510242e-10, -3.5352543809e-11, 1.2173456021e-08, -1.47159994413e-07, 6.4448881858e-06, -8.33145350043e-07, 1.35119262268e-05, 7.96155291027e-06, 0.000227765704039, 1.52101551976e-06, 2.26790280067e-06, 2.05823857868e-06, 5.99467284701e-06, 2.44198281507e-06, 7.67884466768e-06, 2.02406113203e-06, 1.45841454469e-07, 3.37939098927e-07, 6.39223998178e-08, 5.37491665759e-12, 3.70540100339e-12, 3.38562055995e-12, 3.19671828071e-12, 3.02314445179e-12, 3.20738986585e-12], [3.412076394e-12, 3.68292809444e-12, 1.22605411934e-10, 7.58795137834e-10, 4.92246998718e-09, 4.08438722843e-07, 1.31122726543e-06, 2.36266123466e-06, 9.89861018752e-06, 1.39777318964e-06, 1.52101551976e-06, 3.44095610672e-06, 2.76787250186e-06, 1.94462199943e-06, 3.0257731396e-06, 2.11249152926e-06, 1.52711788814e-06, 6.54404004763e-07, 4.52556712105e-08, 1.05732219424e-07, 2.16658797569e-08, 2.39293545916e-12, 1.74711438893e-12, 1.58264980982e-12, 1.47668238314e-12, 1.39536928019e-12, 1.47181529117e-12], [5.10409639901e-12, 1.15378130661e-10, 3.50332124421e-10, 2.3696029583e-09, 8.94470009172e-09, 1.40322654829e-07, 2.632237738e-06, 4.78794845549e-06, 3.6098077544e-05, 6.7851027552e-07, 2.26790280067e-06, 2.76787250186e-06, 1.64505563589e-05, 1.01593068393e-05, 6.62210504743e-06, 4.52529457107e-06, 2.03293893719e-06, 2.13125372284e-06, 1.35599279361e-07, 1.6596575847e-07, 2.5896806477e-08, 5.54375946191e-12, 3.78774442367e-12, 3.34429294153e-12, 3.09186465493e-12, 2.83356801564e-12, 2.97066798244e-12], [4.93188042489e-12, 8.88694881573e-11, 3.89679871704e-10, 2.06316630447e-09, 8.33442115322e-09, 4.30226059223e-08, 1.37667575473e-06, 7.62126865084e-06, 2.01610200747e-05, 1.16641871273e-07, 2.05823857868e-06, 1.94462199943e-06, 1.01593068393e-05, 7.33855495128e-06, 3.63047797691e-06, 2.83380973087e-06, 1.37276799705e-06, 1.60622175827e-06, 9.19913389907e-08, 1.25258878825e-07, 1.23904504434e-08, 4.15084286387e-12, 3.00224081706e-12, 2.6684264607e-12, 2.45953084288e-12, 2.3026155635e-12, 2.41242746266e-12], [4.35858120429e-12, 6.75253672422e-11, 2.26188068275e-10, 1.1798461097e-09, 5.45620393311e-09, 2.5210425747e-07, 2.51112828664e-06, 1.02001904452e-05, 2.55413087871e-05, 1.91055414689e-06, 5.99467284701e-06, 3.0257731396e-06, 6.62210504743e-06, 3.63047797691e-06, 6.74984312354e-06, 2.70396662927e-06, 2.35925404013e-06, 1.05686842744e-06, 9.31041199692e-08, 1.48933537503e-07, 4.1293237274e-08, 5.12708235242e-12, 3.3888224258e-12, 3.00567773795e-12, 2.79515343163e-12, 2.52939227723e-12, 2.66244708572e-12], [1.61553160172e-12, 2.40558406528e-11, 8.88229351181e-11, 6.26432294926e-10, 5.33564392668e-09, 6.50824318882e-08, 1.23735537727e-06, 3.1686024613e-06, 8.68755341799e-06, 3.90945359641e-07, 2.44198281507e-06, 2.11249152926e-06, 4.52529457107e-06, 2.83380973087e-06, 2.70396662927e-06, 3.32609033649e-06, 1.75062984908e-06, 1.04274454316e-06, 7.35557392773e-08, 1.62141589044e-07, 2.44878037847e-08, 1.70542508067e-12, 1.18510713396e-12, 1.05432871635e-12, 9.76416430348e-13, 9.06989327393e-13, 9.52527770201e-13], [1.94895380216e-12, 7.73778697366e-12, 9.99955326875e-11, 4.65893768009e-10, 3.85265330749e-09, 5.72262663923e-08, 1.14124611628e-06, 3.12301199301e-06, 6.30800604995e-06, 7.34225181986e-07, 7.67884466768e-06, 1.52711788814e-06, 2.03293893719e-06, 1.37276799705e-06, 2.35925404013e-06, 1.75062984908e-06, 1.44823434312e-06, 6.22105062575e-07, 4.60998883511e-08, 1.05440157938e-07, 2.01919849729e-08, 1.79446355778e-12, 1.23122475756e-12, 1.09997059204e-12, 1.02197124461e-12, 9.44893902705e-13, 9.94996728239e-13], [1.15808751477e-12, 1.3328065214e-11, 8.62314317174e-11, 4.3982209541e-10, 2.54662180232e-09, -7.0058070456e-10, 5.00090834521e-07, 2.21644768317e-06, 3.87651061828e-06, 8.67345804068e-08, 2.02406113203e-06, 6.54404004763e-07, 2.13125372284e-06, 1.60622175827e-06, 1.05686842744e-06, 1.04274454316e-06, 6.22105062575e-07, 4.89005969939e-07, 3.12292129934e-08, 5.9034384492e-08, 7.17361281488e-09, 9.10144680975e-13, 6.59907295909e-13, 5.86234782506e-13, 5.38914290797e-13, 5.06685188598e-13, 5.30541160049e-13], [5.34384107873e-14, 1.32626993155e-12, 4.6276914592e-12, 2.40464783502e-11, 1.43788411733e-10, 4.89042306651e-10, 3.8247709e-08, 2.31706522413e-07, 3.2358889257e-07, 1.15260307965e-08, 1.45841454469e-07, 4.52556712105e-08, 1.35599279361e-07, 9.19913389907e-08, 9.31041199692e-08, 7.35557392773e-08, 4.60998883511e-08, 3.12292129934e-08, 2.36120034636e-09, 4.32805480344e-09, 6.77878198019e-10, 6.98977551186e-14, 4.82038115478e-14, 4.26337093342e-14, 3.93180835654e-14, 3.61770888854e-14, 3.79251548243e-14], [1.14128975368e-13, 6.5452314792e-13, 6.90358577596e-12, 3.31557142852e-11, 3.23969018279e-10, 8.22121315469e-10, 6.91514543405e-08, 3.0837887266e-07, 3.21841895357e-07, 2.3251192971e-08, 3.37939098927e-07, 1.05732219424e-07, 1.6596575847e-07, 1.25258878825e-07, 1.48933537503e-07, 1.62141589044e-07, 1.05440157938e-07, 5.9034384492e-08, 4.32805480344e-09, 9.93737891974e-09, 1.44617140485e-09, 8.96832318153e-14, 6.33646645353e-14, 5.62537179111e-14, 5.1733936552e-14, 4.83736450419e-14, 5.07003496803e-14], [1.47874012433e-14, 1.6228827364e-13, 8.15157999694e-13, 4.64705053951e-12, 3.91125638821e-11, 1.01484842752e-09, 1.57436144121e-08, 5.6704060114e-08, 1.16974327113e-07, 1.18014025219e-08, 6.39223998178e-08, 2.16658797569e-08, 2.5896806477e-08, 1.23904504434e-08, 4.1293237274e-08, 2.44878037847e-08, 2.01919849729e-08, 7.17361281488e-09, 6.77878198019e-10, 1.44617140485e-09, 3.51810719446e-10, 2.98496850067e-14, 1.9434972769e-14, 1.72574170801e-14, 1.60751166339e-14, 1.45036960279e-14, 1.52907827594e-14], [5.01786453857e-18, 1.97722874408e-16, 5.59069856094e-16, 2.18566285303e-15, 8.29529689026e-15, 1.22528506438e-13, 1.43189431666e-12, 2.57532849213e-11, 2.43824353069e-11, 1.18196435712e-12, 5.37491665759e-12, 2.39293545916e-12, 5.54375946191e-12, 4.15084286387e-12, 5.12708235242e-12, 1.70542508067e-12, 1.79446355778e-12, 9.10144680975e-13, 6.98977551186e-14, 8.96832318153e-14, 2.98496850067e-14, 8.04685683949e-18, 5.64570992633e-18, 5.05519685397e-18, 4.7048114183e-18, 4.34449195706e-18, 4.57449862537e-18], [3.7644530592e-18, 1.45050514395e-16, 4.14802092787e-16, 1.59884657986e-15, 6.3169756325e-15, 9.83752670796e-14, 9.67146393353e-13, 1.90118719379e-11, 1.65110355943e-11, 7.91955856363e-13, 3.70540100339e-12, 1.74711438893e-12, 3.78774442367e-12, 3.00224081706e-12, 3.3888224258e-12, 1.18510713396e-12, 1.23122475756e-12, 6.59907295909e-13, 4.82038115478e-14, 6.33646645353e-14, 1.9434972769e-14, 5.64570992633e-18, 3.99947823229e-18, 3.58614104328e-18, 3.3373902555e-18, 3.09263847239e-18, 3.25618820951e-18], [3.38193020917e-18, 1.30747277819e-16, 3.72534486974e-16, 1.43232720809e-15, 5.73207566549e-15, 9.28268827907e-14, 8.67528650913e-13, 1.71431636248e-11, 1.47094194464e-11, 7.17512312585e-13, 3.38562055995e-12, 1.58264980982e-12, 3.34429294153e-12, 2.6684264607e-12, 3.00567773795e-12, 1.05432871635e-12, 1.09997059204e-12, 5.86234782506e-13, 4.26337093342e-14, 5.62537179111e-14, 1.72574170801e-14, 5.05519685397e-18, 3.58614104328e-18, 3.21672445646e-18, 2.99403502785e-18, 2.7759298342e-18, 2.92290245826e-18], [3.12602162075e-18, 1.22152871255e-16, 3.45243985386e-16, 1.32624596645e-15, 5.33223672736e-15, 8.88109708387e-14, 8.12134864567e-13, 1.59823855539e-11, 1.37137055184e-11, 6.76882378273e-13, 3.19671828071e-12, 1.47668238314e-12, 3.09186465493e-12, 2.45953084288e-12, 2.79515343163e-12, 9.76416430348e-13, 1.02197124461e-12, 5.38914290797e-13, 3.93180835654e-14, 5.1733936552e-14, 1.60751166339e-14, 4.7048114183e-18, 3.3373902555e-18, 2.99403502785e-18, 2.78717121872e-18, 2.58408803858e-18, 2.72106232378e-18], [2.96207256219e-18, 1.13475508401e-16, 3.24409515983e-16, 1.2439142581e-15, 5.09484981466e-15, 8.62593145783e-14, 7.46151025081e-13, 1.49015279283e-11, 1.24875318419e-11, 6.21115517959e-13, 3.02314445179e-12, 1.39536928019e-12, 2.83356801564e-12, 2.3026155635e-12, 2.52939227723e-12, 9.06989327393e-13, 9.44893902705e-13, 5.06685188598e-13, 3.61770888854e-14, 4.83736450419e-14, 1.45036960279e-14, 4.34449195706e-18, 3.09263847239e-18, 2.7759298342e-18, 2.58408803858e-18, 2.39901878423e-18, 2.52616264824e-18], [3.10880468348e-18, 1.19392549698e-16, 3.40774113114e-16, 1.30674282108e-15, 5.36584614767e-15, 9.17635311812e-14, 7.87087463348e-13, 1.56763456383e-11, 1.3146509055e-11, 6.58387515513e-13, 3.20738986585e-12, 1.47181529117e-12, 2.97066798244e-12, 2.41242746266e-12, 2.66244708572e-12, 9.52527770201e-13, 9.94996728239e-13, 5.30541160049e-13, 3.79251548243e-14, 5.07003496803e-14, 1.52907827594e-14, 4.57449862537e-18, 3.25618820951e-18, 2.92290245826e-18, 2.72106232378e-18, 2.52616264824e-18, 2.66011317471e-18]]
    },
    "mfcc": {
        "kurt": [-1.49067318439, -1.63359975815, -1.28100836277, -1.2723647356, -1.17283284664, -1.51415491104, -0.995565891266, -0.95285987854, 0.304414510727, 5.32809257507, -0.219585180283, -0.79908490181, -0.170744180679],
        "max": [-684.844909668, 197.26763916, 13.6076049805, 3.83296585083, -6.103515625e-05, 2.28881835938e-05, -2.67028808594e-05, 8.04477119446, 25.8991661072, 39.2937698364, 26.4539451599, 28.3015079498, 8.59391784668],
        "mean": [-937.95715332, 110.086326599, -66.6850738525, -38.7427940369, -32.9960899353, -41.592250824, -23.8658790588, -15.061712265, 6.48941040039, 0.854934573174, -10.2054862976, 1.17636203766, -5.77754735947],
        "median": [-938.872619629, 150.320297241, -40.1858253479, -36.217048645, -29.2661399841, -45.766254425, -19.2785835266, -12.4207611084, 6.28990936279, 0.246929168701, -12.700963974, -2.20684814453, -5.4372177124],
        "min": [-1138.42004395, 1.14440917969e-05, -215.173065186, -89.0790786743, -67.3007354736, -78.4145812988, -59.1283187866, -49.0347900391, -14.0676269531, -17.6127319336, -30.6477108002, -22.6652603149, -20.4393577576],
        "skew": [0.198691144586, -0.335832983255, -0.556049048901, -0.0396664440632, -0.0464617162943, 0.019979454577, -0.489288568497, -0.399197071791, 0.396401882172, 1.4848048687, 0.672968029976, 0.424414157867, -0.196579098701],
        "var": [25573.953125, 4704.06591797, 5884.73095703, 742.481872559, 351.936523438, 596.422912598, 298.364013672, 240.801544189, 63.0594444275, 77.6901779175, 199.026428223, 173.367675781, 37.3181800842],
        "cov": [[26056.4804688, 10422.3203125, -12148.5888672, -2817.45043945, -2407.95678711, -3654.89624023, -1076.1685791, -2207.49121094, 552.705749512, 155.436965942, -982.501525879, 1467.17749023, -200.75680542], [10422.3203125, 4792.82177734, -4427.6796875, -1568.83459473, -1046.24206543, -1558.22009277, -787.748657227, -906.057495117, 206.231567383, -15.858546257, -494.238433838, 434.98526001, -73.9094009399], [-12148.5888672, -4427.6796875, 5995.76367188, 1068.27185059, 1101.56030273, 1665.91833496, 278.543304443, 1008.23687744, -274.689300537, -112.03125, 408.025085449, -784.725585938, 88.4307556152], [-2817.45043945, -1568.83459473, 1068.27185059, 756.490905762, 431.431854248, 526.052307129, 411.460266113, 235.615203857, -84.3384552002, 83.1692504883, 254.402938843, -26.4550266266, -6.28660202026], [-2407.95678711, -1046.24206543, 1101.56030273, 431.431854248, 358.576843262, 422.007873535, 176.855804443, 177.364471436, -96.5568771362, 35.4855880737, 186.526123047, -79.5255966187, 1.42011678219], [-3654.89624023, -1558.22009277, 1665.91833496, 526.052307129, 422.007873535, 607.676147461, 251.746154785, 293.083251953, -100.210586548, 0.468577980995, 175.471740723, -167.715438843, 27.1629295349], [-1076.1685791, -787.748657227, 278.543304443, 411.460266113, 176.855804443, 251.746154785, 303.993499756, 121.007530212, -18.5604114532, 39.6917114258, 93.5076751709, 16.28931427, 2.00233578682], [-2207.49121094, -906.057495117, 1008.23687744, 235.615203857, 177.364471436, 293.083251953, 121.007530212, 245.344970703, -8.48462581635, -35.1352806091, 43.0557174683, -147.689300537, 8.83127307892], [552.705749512, 206.231567383, -274.689300537, -84.3384552002, -96.5568771362, -100.210586548, -18.5604114532, -8.48462581635, 64.2492446899, -8.33903026581, -64.1261062622, 13.4716968536, -3.45948958397], [155.436965942, -15.858546257, -112.03125, 83.1692504883, 35.4855880737, 0.468577980995, 39.6917114258, -35.1352806091, -8.33903026581, 79.1560287476, 90.8915100098, 60.1204910278, 0.837830066681], [-982.501525879, -494.238433838, 408.025085449, 254.402938843, 186.526123047, 175.471740723, 93.5076751709, 43.0557174683, -64.1261062622, 90.8915100098, 202.78163147, 40.3577384949, 4.65067911148], [1467.17749023, 434.98526001, -784.725585938, -26.4550266266, -79.5255966187, -167.715438843, 16.28931427, -147.689300537, 13.4716968536, 60.1204910278, 40.3577384949, 176.638763428, 2.22476005554], [-200.75680542, -73.9094009399, 88.4307556152, -6.28660202026, 1.42011678219, 27.1629295349, 2.00233578682, 8.83127307892, -3.45948958397, 0.837830066681, 4.65067911148, 2.22476005554, 38.0222969055]]
    },
    "sccoeffs": {
        "kurt": [0.983952283859, -1.07386994362, -0.189908981323, -0.431762218475, -1.45636570454, -0.105949640274],
        "max": [-0.365723848343, -0.305114358664, -0.44521766901, -0.612720668316, -0.635122597218, -0.564999699593],
        "mean": [-0.6471824646, -0.702747046947, -0.758195817471, -0.811550080776, -0.791137576103, -0.718697428703],
        "median": [-0.646466672421, -0.761249065399, -0.780726850033, -0.822460234165, -0.795620799065, -0.70786511898],
        "min": [-0.883455276489, -0.943864762783, -0.919099569321, -0.932871282101, -0.92147475481, -0.918572723866],
        "skew": [0.192529410124, 0.533998548985, 0.641926467419, 0.675949811935, 0.177336096764, -0.593382835388],
        "var": [0.00953360181302, 0.0339855328202, 0.0108618736267, 0.00630387989804, 0.00963073782623, 0.00627364590764],
        "cov": [[0.00971348118037, 0.000692062778398, 0.00141333299689, 1.33732301038e-05, 0.00158243812621, -2.40993249463e-05], [0.000692062778398, 0.0346267707646, 0.0149719407782, 0.0130842011422, 0.0168083049357, -0.00178972654976], [0.00141333299689, 0.0149719407782, 0.0110668148845, 0.0069144424051, 0.00887334626168, -0.000262044195551], [1.33732301038e-05, 0.0130842011422, 0.0069144424051, 0.00642282096669, 0.00713229272515, 0.000101993406133], [0.00158243812621, 0.0168083049357, 0.00887334626168, 0.00713229272515, 0.00981244910508, -0.000460571347503], [-2.40993249463e-05, -0.00178972654976, -0.000262044195551, 0.000101993406133, -0.000460571347503, 0.00639201654121]]
    },
    "scvalleys": {
        "kurt": [-1.11624252796, -1.51087379456, -1.52318191528, -1.43047702312, -1.10648679733, -1.36037671566],
        "max": [-8.17937469482, -4.73662614822, -4.53594636917, -4.78198194504, -6.51266098022, -11.6130228043],
        "mean": [-12.0594463348, -7.9462223053, -8.07117176056, -8.82516860962, -10.0689697266, -15.695432663],
        "median": [-12.1160211563, -7.21617412567, -7.49405050278, -8.62697696686, -10.8546466827, -15.1044616699],
        "min": [-14.992688179, -11.5937662125, -12.1751317978, -13.1043710709, -12.8570184708, -20.3271961212],
        "skew": [0.17837741971, -0.185039311647, -0.108839809895, 0.121039457619, 0.613919496536, -0.150307655334],
        "var": [3.38531804085, 4.03961849213, 5.84445762634, 6.17048835754, 3.20879840851, 6.78805303574],
        "cov": [[3.44919204712, 3.02701401711, 3.70635414124, 4.05234479904, 2.76992845535, 3.94995141029], [3.02701401711, 4.11583805084, 4.73402309418, 4.7665605545, 3.01642155647, 4.6275396347], [3.70635414124, 4.73402309418, 5.95473051071, 5.94052934647, 3.93959975243, 5.62144851685], [4.05234479904, 4.7665605545, 5.94052934647, 6.28691244125, 4.31644630432, 5.95599889755], [2.76992845535, 3.01642155647, 3.93959975243, 4.31644630432, 3.26934170723, 3.99561047554], [3.94995141029, 4.6275396347, 5.62144851685, 5.95599889755, 3.99561047554, 6.91612958908]]
    }
},
"rhythm": {
    "beats_loudness": {
        "kurt": -2,
        "max": 0.00146346259862,
        "mean": 0.000966371851973,
        "median": 0.000966371851973,
        "min": 0.000469281134428,
        "skew": 0,
        "var": 2.47099222861e-07
    },
    "bpm": 156.605117798,
    "confidence": 0,
    "first_peak_bpm": {
        "kurt": 0,
        "max": 157,
        "mean": 157,
        "median": 157,
        "min": 157,
        "skew": 0,
        "var": 0
    },
    "first_peak_spread": {
        "kurt": 0,
        "max": 0,
        "mean": 0,
        "median": 0,
        "min": 0,
        "skew": 0,
        "var": 0
    },
    "first_peak_weight": {
        "kurt": 0,
        "max": 1,
        "mean": 1,
        "median": 1,
        "min": 1,
        "skew": 0,
        "var": 0
    },
    "onset_rate": 1.64062511921,
    "second_peak_bpm": {
        "kurt": 0,
        "max": 0,
        "mean": 0,
        "median": 0,
        "min": 0,
        "skew": 0,
        "var": 0
    },
    "second_peak_spread": {
        "kurt": 0,
        "max": 0,
        "mean": 0,
        "median": 0,
        "min": 0,
        "skew": 0,
        "var": 0
    },
    "second_peak_weight": {
        "kurt": 0,
        "max": 0,
        "mean": 0,
        "median": 0,
        "min": 0,
        "skew": 0,
        "var": 0
    },
    "beats_loudness_band_ratio": {
        "kurt": [-2, -2.00000023842, -2, -2, -2.00000023842, -2],
        "max": [0.00187761324923, 0.0493918731809, 0.811591982841, 0.366728901863, 0.0583134740591, 0.000704142788891],
        "mean": [0.00127358816098, 0.0472683012486, 0.68405175209, 0.245545312762, 0.0446349382401, 0.000506258220412],
        "median": [0.00127358816098, 0.0472683012486, 0.68405175209, 0.245545312762, 0.0446349382401, 0.000506258220412],
        "min": [0.000669563014526, 0.0451447255909, 0.556511580944, 0.124361716211, 0.0309564042836, 0.000308373710141],
        "skew": [-1.88919358379e-07, -2.64327900368e-06, 6.73364297654e-07, -6.54152003676e-08, 1.77685251401e-07, 3.91771379782e-07],
        "var": [3.6484635757e-07, 4.50956576969e-06, 0.01626650244, 0.0146854631603, 0.00018710232689, 3.91582908321e-08],
        "cov": [[7.2969271514e-07, -2.5653839657e-06, 0.000154074965394, -0.000146395876072, 1.6524358216e-05, 2.39054458007e-07], [-2.5653839657e-06, 9.01913153939e-06, -0.000541682064068, 0.000514684594236, -5.80947562412e-05, -8.40444840833e-07], [0.000154074965394, -0.000541682064068, 0.03253300488, -0.0309115611017, 0.00348912598565, 5.04764684592e-05], [-0.000146395876072, 0.000514684594236, -0.0309115611017, 0.0293709263206, -0.00331522803754, -4.79607188026e-05], [1.6524358216e-05, -5.80947562412e-05, 0.00348912598565, -0.00331522803754, 0.000374204653781, 5.41354074812e-06], [2.39054458007e-07, -8.40444840833e-07, 5.04764684592e-05, -4.79607188026e-05, 5.41354074812e-06, 7.83165816642e-08]]
    },
    "beats_position": [0.371519267559, 0.754648506641],
    "bpm_estimates": [156.605117798],
    "bpm_intervals": [0.383129239082],
    "onset_times": [0.104489795864, 0.46439909935],
    "histogram": [[0, 0, 0, 0, 0, 0, 0, 0, 0, 0, 0, 0, 0, 0, 0, 0, 0, 0, 0, 0, 0, 0, 0, 0, 0, 0, 0, 0, 0, 0, 0, 0, 0, 0, 0, 0, 0, 0, 0, 0, 0, 0, 0, 0, 0, 0, 0, 0, 0, 0, 0, 0, 0, 0, 0, 0, 0, 0, 0, 0, 0, 0, 0, 0, 0, 0, 0, 0, 0, 0, 0, 0, 0, 0, 0, 0, 0, 0, 0, 0, 0, 0, 0, 0, 0, 0, 0, 0, 0, 0, 0, 0, 0, 0, 0, 0, 0, 0, 0, 0, 0, 0, 0, 0, 0, 0, 0, 0, 0, 0, 0, 0, 0, 0, 0, 0, 0, 0, 0, 0, 0, 0, 0, 0, 0, 0, 0, 0, 0, 0, 0, 0, 0, 0, 0, 0, 0, 0, 0, 0, 0, 0, 0, 0, 0, 0, 0, 0, 0, 0, 0, 0, 0, 0, 0, 0, 0, 1, 0, 0, 0, 0, 0, 0, 0, 0, 0, 0, 0, 0, 0, 0, 0, 0, 0, 0, 0, 0, 0, 0, 0, 0, 0, 0, 0, 0, 0, 0, 0, 0, 0, 0, 0, 0, 0, 0, 0, 0, 0, 0, 0, 0, 0, 0, 0, 0, 0, 0, 0, 0, 0, 0, 0, 0, 0, 0, 0, 0, 0, 0, 0, 0, 0, 0, 0, 0, 0, 0, 0, 0, 0, 0, 0, 0, 0, 0, 0, 0, 0, 0, 0, 0, 0, 0, 0, 0, 0, 0, 0, 0]]
},
"sfx": {
    "inharmonicity": {
        "kurt": 0.0671455860138,
        "max": 0.412439495325,
        "mean": 0.110980764031,
        "median": 0.0671145915985,
        "min": 0,
        "skew": 1.09387397766,
        "var": 0.0131676634774
    },
    "oddtoevenharmonicenergyratio": {
        "kurt": 25.5767745972,
        "max": 25.2124519348,
        "mean": 1.79750978947,
        "median": 0.613027095795,
        "min": 0,
        "skew": 4.70623922348,
        "var": 14.0476055145
    },
    "pitch_after_max_to_before_max_energy_ratio": 1.72981512547,
    "pitch_centroid": 23.564781189,
    "pitch_max_to_total": 0.0555555559695,
    "pitch_min_to_total": 0.407407402992,
    "tristimulus": {
        "kurt": [-0.656247615814, -1.058989048, -0.453777551651],
        "max": [1, 0.856736600399, 0.652693152428],
        "mean": [0.299619048834, 0.475349843502, 0.225031107664],
        "median": [0.176940053701, 0.473165154457, 0.176804512739],
        "min": [0, 0, 0],
        "skew": [0.775442659855, -0.0518613308668, 0.722593069077],
        "var": [0.0828724950552, 0.0497331134975, 0.0345579795539],
        "cov": [[0.0844361260533, -0.0499487966299, -0.0344873405993], [-0.0499487966299, 0.0506714731455, -0.000722679891624], [-0.0344873405993, -0.000722679891624, 0.0352100171149]]
    }
},
"tonal": {
    "chords_changes_rate": 0.142857149243,
    "chords_number_rate": 0.0714285746217,
    "chords_strength": {
        "kurt": 1.68300867081,
        "max": 0.441868126392,
        "mean": 0.431873768568,
        "median": 0.438371986151,
        "min": 0.399380385876,
        "skew": -1.76314520836,
        "var": 0.000146974343807
    },
    "key_strength": 0.644577264786,
    "tuning_diatonic_strength": 0.555491924286,
    "tuning_equal_tempered_deviation": 0.281451463699,
    "tuning_frequency": 445.884552002,
    "tuning_nontempered_energy_ratio": 0.907280743122,
    "hpcp": {
        "kurt": [0.304465055466, -0.647693872452, -1.39342701435, -1.01272416115, 2.1277346611, 3.08478879929, 1.19278621674, 1.27187919617, 0.545514583588, 0.537632465363, 0.639850378036, -0.501564025879, 0.333259344101, 3.35518217087, 9.30905532837, -0.0639085769653, -0.172044038773, -0.919615268707, -1.22631430626, -0.755719661713, -0.411398887634, 1.9696688652, 1.77237224579, -0.237579345703, 2.3652806282, -0.0572409629822, 2.47248888016, 2.32902002335, 1.91915464401, -0.467036485672, 1.8945684433, 5.34832191467, 7.64876461029, 5.7352142334, 1.45090961456, -0.334949731827],
        "max": [0.771479010582, 1, 1, 1, 1, 0.981773614883, 1, 1, 1, 1, 0.658362746239, 0.41281992197, 0.405420780182, 0.475001186132, 1, 0.636900961399, 0.704493880272, 1, 1, 1, 1, 1, 0.698844194412, 0.638478517532, 0.68914681673, 0.657853782177, 0.822753489017, 0.503973543644, 0.367898523808, 0.220196262002, 0.275831252337, 0.499664068222, 0.774769365788, 0.584737539291, 0.506886899471, 0.533160567284],
        "mean": [0.215972751379, 0.333631068468, 0.447431087494, 0.367031872272, 0.215208768845, 0.209924340248, 0.2587005198, 0.247331812978, 0.2353618294, 0.238536834717, 0.172820180655, 0.127079248428, 0.116093836725, 0.10755097121, 0.161959081888, 0.204977855086, 0.240830570459, 0.371991097927, 0.432804048061, 0.366569906473, 0.302154749632, 0.202163442969, 0.162419676781, 0.196502819657, 0.171826884151, 0.19412226975, 0.199739813805, 0.127576217055, 0.0875371620059, 0.0754665359855, 0.0690334811807, 0.0915200337768, 0.117008164525, 0.109179981053, 0.128997474909, 0.164743930101],
        "median": [0.155956178904, 0.260558396578, 0.394934952259, 0.280489683151, 0.11179856956, 0.127694293857, 0.195241987705, 0.13519063592, 0.0996989756823, 0.105891481042, 0.116575010121, 0.0701339617372, 0.0752489566803, 0.0752724707127, 0.102914601564, 0.148466065526, 0.239902198315, 0.319316208363, 0.373454868793, 0.282601684332, 0.141980707645, 0.0929667204618, 0.103837221861, 0.145920962095, 0.0957178920507, 0.138711631298, 0.174521878362, 0.0968677029014, 0.0572999566793, 0.0472431816161, 0.0566608384252, 0.0541382096708, 0.0525317117572, 0.0690378025174, 0.08301872015, 0.109018057585],
        "min": [0, 0, 0, 0, 0, 0, 0, 0, 0, 0, 0, 0, 0, 0, 0, 0, 0, 0, 0, 0, 0, 0, 0, 0, 0, 0, 0, 0, 0, 0, 0, 0, 0, 0, 0, 0],
