{
"metadata": {
    "version": {
        "essentia": "2.1-beta3"
    }
},
"lowLevel": {
    "average_loudness": 0.90987944603,
    "barkbands_kurtosis": {
        "kurt": 67.2550201416,
        "max": 149.008834839,
        "mean": 6.69461536407,
        "median": 3.43760180473,
        "min": -1.73185753822,
        "skew": 7.13537073135,
        "var": 192.255584717
    },
    "barkbands_skewness": {
        "kurt": 16.1583938599,
        "max": 11.5377044678,
        "mean": 1.59306466579,
        "median": 1.22519564629,
        "min": -0.311655730009,
        "skew": 2.84080338478,
        "var": 1.87789821625
    },
    "barkbands_spread": {
        "kurt": 2.24652862549,
        "max": 38.8143157959,
        "mean": 8.20162391663,
        "median": 4.01352596283,
        "min": 0.308907091618,
        "skew": 1.87910890579,
        "var": 102.137527466
    },
    "dissonance": {
        "kurt": 1.50474834442,
        "max": 0.499525636435,
        "mean": 0.401092380285,
        "median": 0.4264716506,
        "min": 0.0951586440206,
        "skew": -1.38548564911,
        "var": 0.008261654526
    },
    "hfc": {
        "kurt": 1.53097867966,
        "max": 113.884719849,
        "mean": 17.6095981598,
        "median": 1.0125515461,
        "min": 0.000146431586472,
        "skew": 1.68508946896,
        "var": 890.628051758
    },
    "pitch": {
        "kurt": 7.51408290863,
        "max": 3860.47167969,
        "mean": 627.687438965,
        "median": 449.63458252,
        "min": 92.8457946777,
        "skew": 2.99135041237,
        "var": 794864
    },
    "pitch_instantaneous_confidence": {
        "kurt": -1.18867921829,
        "max": 0.983042836189,
        "mean": 0.593440055847,
        "median": 0.590706944466,
        "min": 0.174894988537,
        "skew": -0.150267586112,
        "var": 0.0479139722884
    },
    "pitch_salience": {
        "kurt": -0.240667104721,
        "max": 0.838584423065,
        "mean": 0.569617629051,
        "median": 0.596154153347,
        "min": 0.0739980638027,
        "skew": -0.65243178606,
        "var": 0.0260607004166
    },
    "silence_rate_20dB": {
        "kurt": 0,
        "max": 1,
        "mean": 1,
        "median": 1,
        "min": 1,
        "skew": 0,
        "var": 0
    },
    "silence_rate_30dB": {
        "kurt": 35.0259780884,
        "max": 1,
        "mean": 0.975000023842,
        "median": 1,
        "min": 0,
        "skew": -6.08487701416,
        "var": 0.0243749246001
    },
    "silence_rate_60dB": {
        "kurt": -1.89150846004,
        "max": 1,
        "mean": 0.581250011921,
        "median": 1,
        "min": 0,
        "skew": -0.329377859831,
        "var": 0.243398427963
    },
    "spectral_centroid": {
        "kurt": 2.00143194199,
        "max": 1888.80847168,
        "mean": 865.069335938,
        "median": 792.187866211,
        "min": 526.548217773,
        "skew": 1.41261982918,
        "var": 74382.2265625
    },
    "spectral_complexity": {
        "kurt": -0.00217795372009,
        "max": 28,
        "mean": 6.81874990463,
        "median": 3.5,
        "min": 0,
        "skew": 1.10280179977,
        "var": 63.2483329773
    },
    "spectral_crest": {
        "kurt": -0.635570287704,
        "max": 26.3428344727,
        "mean": 12.3346261978,
        "median": 11.2908086777,
        "min": 3.77350330353,
        "skew": 0.524765372276,
        "var": 27.4198970795
    },
    "spectral_decrease": {
        "kurt": 2.13701248169,
        "max": -2.26524697708e-14,
        "mean": -5.07480013567e-09,
        "median": -3.46047662747e-10,
        "min": -3.40035839486e-08,
        "skew": -1.75847136974,
        "var": 7.12004314933e-17
    },
    "spectral_energy": {
        "kurt": 2.03826570511,
        "max": 0.138667061925,
        "mean": 0.0207507126033,
        "median": 0.00140010868199,
        "min": 9.87776189731e-08,
        "skew": 1.74291694164,
        "var": 0.00119020754937
    },
    "spectral_energyband_high": {
        "kurt": 7.52992630005,
        "max": 0.000101602774521,
        "mean": 8.23956452223e-06,
        "median": 6.97937494465e-08,
        "min": 7.3631065689e-09,
        "skew": 2.72714805603,
        "var": 3.14570758331e-10
    },
    "spectral_energyband_low": {
        "kurt": 74.2326507568,
        "max": 7.89760815678e-06,
        "mean": 2.23431015911e-07,
        "median": 1.244742176e-08,
        "min": 1.94161270395e-10,
        "skew": 7.82376623154,
        "var": 5.37157503807e-13
    },
    "spectral_energyband_middle_high": {
        "kurt": 4.53640890121,
        "max": 0.0769644752145,
        "mean": 0.00800986401737,
        "median": 0.00029315779102,
        "min": 3.30284315453e-08,
        "skew": 2.28727030754,
        "var": 0.000255156774074
    },
    "spectral_energyband_middle_low": {
        "kurt": 7.56150436401,
        "max": 0.132660374045,
        "mean": 0.0128748537973,
        "median": 0.00076945417095,
        "min": 5.39840812053e-08,
        "skew": 2.72453832626,
        "var": 0.000632203707937
    },
    "spectral_flatness_db": {
        "kurt": 0.302642822266,
        "max": 0.600025892258,
        "mean": 0.423156499863,
        "median": 0.438659608364,
        "min": 0.125857546926,
        "skew": -0.702872753143,
        "var": 0.00761485099792
    },
    "spectral_flux": {
        "kurt": 0.226707935333,
        "max": 0.346735566854,
        "mean": 0.0743881836534,
        "median": 0.0276133604348,
        "min": 0.000243479051278,
        "skew": 1.12314283848,
        "var": 0.00796158798039
    },
    "spectral_kurtosis": {
        "kurt": -0.657950878143,
        "max": 181.079818726,
        "mean": 57.4424209595,
        "median": 46.0526885986,
        "min": -1.0146086216,
        "skew": 0.589721560478,
        "var": 2133.53735352
    },
    "spectral_rms": {
        "kurt": -0.295184135437,
        "max": 0.011631205678,
        "mean": 0.00290318601765,
        "median": 0.00116635952145,
        "min": 9.81674111245e-06,
        "skew": 1.05253779888,
        "var": 1.18161206046e-05
    },
    "spectral_rolloff": {
        "kurt": 1.46266841888,
        "max": 3768.31054688,
        "mean": 1304.64233398,
        "median": 968.994140625,
        "min": 516.796875,
        "skew": 1.65801370144,
        "var": 741256.8125
    },
    "spectral_skewness": {
        "kurt": -0.880129337311,
        "max": 10.3838949203,
        "mean": 4.45331811905,
        "median": 3.94386363029,
        "min": 0.148587435484,
        "skew": 0.283933162689,
        "var": 7.0647277832
    },
    "spectral_spread": {
        "kurt": 14.2844829559,
        "max": 6819652,
        "mean": 1278577.75,
        "median": 998788.9375,
        "min": 456230.65625,
        "skew": 3.14244437218,
        "var": 737484800000
    },
    "spectral_strongpeak": {
        "kurt": 2.13489103317,
        "max": 7.91756439209,
        "mean": 1.33311223984,
        "median": 0.434195160866,
        "min": 0.000793847430032,
        "skew": 1.69483590126,
        "var": 3.48835611343
    },
    "zerocrossingrate": {
        "kurt": 1.12564373016,
        "max": 0.10693359375,
        "mean": 0.0448242202401,
        "median": 0.038330078125,
        "min": 0.02294921875,
        "skew": 1.3936290741,
        "var": 0.000378247612389
    },
    "barkbands": {
        "kurt": [20.3822402954, 25.4221782684, 75.125541687, 77.3563995361, 45.4709663391, 53.1210403442, 11.8223638535, 12.6805858612, 17.4123783112, 18.2724723816, 8.45231151581, 20.5322418213, 36.659072876, 9.96205806732, 34.9269676208, 23.7290554047, 9.5822095871, 8.96637153625, 16.1015319824, 20.7271995544, 13.4787006378, 8.99175643921, 11.9021120071, 12.2981328964, 12.4886627197, 12.9644775391, 13.0176620483],
        "max": [2.68529447567e-08, 1.58814330575e-07, 2.53271173278e-06, 1.53700857481e-05, 0.000213684514165, 0.00117034395225, 0.0181307755411, 0.0701285451651, 0.130465060472, 0.0257568415254, 0.042185369879, 0.0217605233192, 0.0138579076156, 0.00620926357806, 0.00637118332088, 0.00152581790462, 0.00563214579597, 0.0036891635973, 0.000157434231369, 0.000233034603298, 6.24603198958e-05, 1.10772333528e-08, 8.82387496404e-09, 8.40741698482e-09, 8.09073430474e-09, 7.89371945586e-09, 8.42323100159e-09],
        "mean": [1.55629076293e-09, 7.36151495317e-09, 6.0463293039e-08, 4.79713776258e-07, 8.00020734459e-06, 3.1437331927e-05, 0.00132468692027, 0.00446504261345, 0.00671349465847, 0.00163442152552, 0.00345915858634, 0.00106760929339, 0.000579474959522, 0.000455574278021, 0.000225008348934, 6.58058124827e-05, 0.000413588713855, 0.0002817081986, 8.66566824698e-06, 1.24250746012e-05, 4.06581830248e-06, 9.17323272898e-10, 6.31556029695e-10, 5.86439896644e-10, 5.56908075211e-10, 5.30892607653e-10, 5.6387905456e-10],
        "median": [1.18992704579e-10, 3.53859247459e-10, 2.15576667628e-09, 3.54712668127e-08, 5.44172053196e-07, 1.89131424122e-06, 0.000141318349051, 0.000326622568537, 0.000124905229313, 7.19269155525e-05, 7.19104718883e-05, 1.18077368825e-05, 7.59308386478e-06, 5.72117505726e-06, 3.0678550047e-06, 4.50826661336e-07, 3.42422936228e-06, 2.41006864599e-06, 6.46753051115e-08, 6.80800340547e-08, 2.57031800288e-08, 3.85872514497e-11, 1.90254166588e-11, 1.61814797672e-11, 1.40752930144e-11, 1.32568591521e-11, 1.38659092888e-11],
        "min": [6.34986719239e-15, 1.01701698278e-12, 4.84028372938e-11, 1.78890388614e-10, 2.38448305545e-09, 2.42234832193e-09, 3.24659454876e-09, 6.5530727511e-09, 2.17587570184e-09, 4.6758968919e-10, 7.53004991694e-10, 4.80313844253e-10, 4.30837338028e-10, 2.22498977576e-10, 1.71128800019e-09, 1.7390534568e-09, 1.7972705546e-09, 5.66143265601e-09, 3.13554227027e-09, 5.66389601886e-09, 2.78911160834e-09, 8.56401131651e-14, 5.45215818296e-17, 2.59356475735e-17, 1.13724140695e-17, 5.28225627776e-18, 3.04893376434e-18],
        "skew": [4.03837442398, 4.57908821106, 7.97147703171, 7.91328048706, 6.01689338684, 6.8896856308, 3.29014492035, 3.4167509079, 4.07692956924, 4.00839471817, 2.98045897484, 4.29693984985, 5.57610797882, 3.13832306862, 5.60630559921, 4.49168252945, 3.14969539642, 3.06119394302, 3.57141494751, 4.16316175461, 3.25275921822, 3.00873041153, 3.35653162003, 3.40158867836, 3.42261528969, 3.48399543762, 3.48951768875],
        "var": [1.24139386855e-17, 3.87368336751e-16, 5.56312638913e-14, 1.97149588321e-12, 5.05861685873e-10, 1.50246481923e-08, 9.03465934243e-06, 0.000114963644592, 0.000403420854127, 1.5925423213e-05, 6.6980093834e-05, 8.9599934654e-06, 2.98023815049e-06, 1.26837153402e-06, 5.96733002567e-07, 3.84339884363e-08, 1.13277303626e-06, 4.97864675708e-07, 4.54904947045e-10, 1.03148378727e-09, 7.80524742061e-11, 4.20554753444e-18, 2.22872628435e-18, 1.94596307055e-18, 1.76527745985e-18, 1.64493819036e-18, 1.86087637761e-18],
        "cov": [[1.2492013782e-17, 3.60253468769e-17, 1.03347502364e-16, 6.4752614205e-16, 7.09120440387e-15, 1.68845026936e-13, 2.84053639985e-12, 8.57351255962e-12, 2.73492738873e-11, 5.23197414212e-12, 9.21127844139e-12, 4.34292966173e-12, 2.41912089319e-12, 1.12954242314e-12, 1.0333037594e-12, 2.62216192769e-13, 1.50660213472e-12, 1.04989096843e-12, 2.9999599674e-14, 2.72389820796e-14, 1.15670692222e-14, 3.14985807087e-18, 2.04463124196e-18, 1.87496843332e-18, 1.76767731761e-18, 1.6597116361e-18, 1.75794801924e-18], [3.60253468769e-17, 3.89804615266e-16, 3.05116408315e-15, 1.09889929526e-14, 3.62389121261e-14, 4.87060153494e-13, 1.97194517659e-11, 7.99351904113e-11, 1.84069731679e-10, 2.61896528769e-11, 6.31916810545e-11, 1.71080389438e-11, 1.13530417706e-11, 1.05032987516e-11, 6.83191047138e-12, 2.4835775797e-12, 7.69387505095e-12, 6.11094681802e-12, 2.09073521842e-13, 2.25317824836e-13, 8.75297691315e-14, 1.74919384274e-17, 1.16948507267e-17, 1.08652315857e-17, 1.03476803928e-17, 9.74504871089e-18, 1.03471187372e-17], [1.03347502364e-16, 3.05116408315e-15, 5.59811460968e-14, 1.56975100236e-13, 2.76066089476e-13, 2.18384598599e-12, 1.1488285323e-10, 1.22657628499e-09, 9.09718578246e-10, 1.94497709605e-10, 5.14425835263e-10, 1.23118140682e-10, 6.17219053645e-11, 1.3919529418e-10, 3.80827140656e-11, 1.99684886681e-11, 4.81484262183e-11, 4.85631986014e-11, 1.65231120886e-12, 1.7425816649e-12, 8.12259602027e-13, 2.33021993103e-16, 1.70883285515e-16, 1.61603099901e-16, 1.55221474267e-16, 1.49498893206e-16, 1.59375257666e-16], [6.4752614205e-16, 1.09889929526e-14, 1.56975100236e-13, 1.98389525294e-12, 4.35684420399e-13, 1.83320979924e-12, 3.89785814736e-10, 6.98683200184e-09, 5.6770810275e-09, 9.03912056316e-10, 2.47554177157e-09, 8.05066568965e-10, 3.6982070184e-10, 8.70141458886e-10, 2.28544932979e-10, 1.27641536229e-10, 3.1885186158e-10, 3.61977114949e-10, 8.08794871354e-12, 8.4591274957e-12, 4.48107479942e-12, 5.94491556338e-16, 3.81193334217e-16, 3.60178235037e-16, 3.48586006819e-16, 3.30023756236e-16, 3.52640197672e-16], [7.09120440387e-15, 3.62389121261e-14, 2.76066089476e-13, 4.35684420399e-13, 5.09043196484e-10, 2.88729845588e-10, 1.92721305581e-08, 3.98765145349e-08, -1.16157945484e-08, 4.58896165512e-09, 8.55703241598e-09, 1.96566696253e-09, 1.25822896546e-09, 8.98906504787e-11, 3.83673287585e-10, 3.27200870565e-11, 2.87988660697e-11, 8.26300416978e-11, 9.89596946055e-12, 1.18668391086e-11, 1.07653950587e-13, 4.5021913435e-16, 1.58705823705e-16, 1.2901833799e-16, 1.14575513032e-16, 7.78814435695e-17, 7.8566249855e-17], [1.68845026936e-13, 4.87060153494e-13, 2.18384598599e-12, 1.83320979924e-12, 2.88729845588e-10, 1.51191432707e-08, 1.19172689494e-08, -4.19983905431e-08, 2.47294082101e-07, 1.8298175064e-07, 2.3404750138e-08, 1.51263080284e-07, 4.49170798333e-08, 1.20441470131e-08, 9.81009851131e-09, 2.77189271536e-09, 1.19529088849e-08, 3.93510024566e-09, 1.03217157044e-10, 1.50959217349e-10, -3.99067627901e-12, 2.24271471484e-14, 1.27781315192e-14, 1.12796514614e-14, 1.03213480311e-14, 9.48762027736e-15, 9.89651357419e-15], [2.84053639985e-12, 1.97194517659e-11, 1.1488285323e-10, 3.89785814736e-10, 1.92721305581e-08, 1.19172689494e-08, 9.09148093342e-06, 4.88800424137e-06, 2.24001928473e-06, 5.68815676161e-06, 1.77735746547e-05, 3.08561629936e-06, 2.81837856164e-06, 1.47631078562e-06, 6.39347376818e-07, 1.08602350224e-07, 1.72142404153e-06, 1.19744788663e-06, 4.61751028524e-08, 5.38220774615e-08, 1.57581361293e-08, 2.16746564273e-12, 1.27175115057e-12, 1.14959344127e-12, 1.07708124104e-12, 9.986903882e-13, 1.05457829969e-12], [8.57351255962e-12, 7.99351904113e-11, 1.22657628499e-09, 6.98683200184e-09, 3.98765145349e-08, -4.19983905431e-08, 4.88800424137e-06, 0.000115686685604, 3.58636316378e-05, 2.94672008749e-06, 1.48727685882e-05, 2.45590604209e-06, 2.27123609875e-06, 3.76138700631e-06, 2.5616595849e-06, 9.07243190795e-07, 3.45687089975e-06, 2.05835726774e-06, 5.46486589315e-08, 6.56733831761e-08, 3.38047421167e-08, 1.05987206858e-11, 8.04678806227e-12, 7.57941539392e-12, 7.26109884025e-12, 7.02917758721e-12, 7.49014912593e-12], [2.73492738873e-11, 1.84069731679e-10, 9.09718578246e-10, 5.6770810275e-09, -1.16157945484e-08, 2.47294082101e-07, 2.24001928473e-06, 3.58636316378e-05, 0.000405958096962, 1.45723952301e-05, 1.98402576643e-05, 1.99694732146e-05, 5.23432572663e-06, 7.59176828069e-06, 5.02237253386e-06, 2.04975594897e-06, 8.12628513813e-06, 3.4562624478e-06, 8.55831032709e-08, 1.33811283831e-07, 5.41554499023e-08, 1.41006286508e-11, 9.44751308435e-12, 8.73419739311e-12, 8.27026121197e-12, 7.74305359413e-12, 8.2112554603e-12], [5.23197414212e-12, 2.61896528769e-11, 1.94497709605e-10, 9.03912056316e-10, 4.58896165512e-09, 1.8298175064e-07, 5.68815676161e-06, 2.94672008749e-06, 1.45723952301e-05, 1.60255840456e-05, 1.6066534954e-05, 8.21361845738e-06, 4.93084735353e-06, 2.18343302549e-06, 1.64416269399e-06, 2.81050006379e-07, 1.53247822254e-06, 1.46935406065e-06, 3.58099079278e-08, 4.84222653085e-08, 1.70313416703e-08, 2.13387944467e-12, 1.04849213079e-12, 9.43251986935e-13, 8.79944717352e-13, 8.10577082885e-13, 8.5459634161e-13], [9.21127844139e-12, 6.31916810545e-11, 5.14425835263e-10, 2.47554177157e-09, 8.55703241598e-09, 2.3404750138e-08, 1.77735746547e-05, 1.48727685882e-05, 1.98402576643e-05, 1.6066534954e-05, 6.74013572279e-05, 8.92399111763e-06, 5.25606765223e-06, 4.56945372207e-06, 2.87259331344e-06, 4.59030331967e-07, 5.49798005522e-06, 3.40473093274e-06, 1.27730601207e-07, 1.55581247441e-07, 5.93975784113e-08, 9.24966787191e-12, 5.58996945954e-12, 5.07461260513e-12, 4.76468517419e-12, 4.42982673113e-12, 4.68516458269e-12], [4.34292966173e-12, 1.71080389438e-11, 1.23118140682e-10, 8.05066568965e-10, 1.96566696253e-09, 1.51263080284e-07, 3.08561629936e-06, 2.45590604209e-06, 1.99694732146e-05, 8.21361845738e-06, 8.92399111763e-06, 9.01634575712e-06, 3.68188898392e-06, 2.02894284485e-06, 7.80015966484e-07, 2.45193433557e-07, 1.8730075908e-06, 1.17832780688e-06, 2.9935829815e-08, 5.1040352389e-08, 1.15133262923e-08, 2.62530058456e-12, 1.32428941944e-12, 1.18451169012e-12, 1.10112808628e-12, 1.0082833006e-12, 1.0625619308e-12], [2.41912089319e-12, 1.13530417706e-11, 6.17219053645e-11, 3.6982070184e-10, 1.25822896546e-09, 4.49170798333e-08, 2.81837856164e-06, 2.27123609875e-06, 5.23432572663e-06, 4.93084735353e-06, 5.25606765223e-06, 3.68188898392e-06, 2.99898169942e-06, 8.62344109009e-07, 5.56415102437e-07, 1.22542459735e-07, 8.00442194304e-07, 8.22016204438e-07, 1.76928214302e-08, 2.58360159933e-08, 6.42658815053e-09, 1.37688731944e-12, 7.76138647709e-13, 7.06207173903e-13, 6.62267332988e-13, 6.1904995019e-13, 6.54787910091e-13], [1.12954242314e-12, 1.05032987516e-11, 1.3919529418e-10, 8.70141458886e-10, 8.98906504787e-11, 1.20441470131e-08, 1.47631078562e-06, 3.76138700631e-06, 7.59176828069e-06, 2.18343302549e-06, 4.56945372207e-06, 2.02894284485e-06, 8.62344109009e-07, 1.27634871205e-06, 3.17876754252e-07, 1.20063248232e-07, 6.70150825499e-07, 4.96655331972e-07, 1.32126043439e-08, 1.64739226705e-08, 6.00760730052e-09, 1.05939042261e-12, 6.69023159355e-13, 6.2039755928e-13, 5.90037784257e-13, 5.58445813464e-13, 5.93107648498e-13], [1.0333037594e-12, 6.83191047138e-12, 3.80827140656e-11, 2.28544932979e-10, 3.83673287585e-10, 9.81009851131e-09, 6.39347376818e-07, 2.5616595849e-06, 5.02237253386e-06, 1.64416269399e-06, 2.87259331344e-06, 7.80015966484e-07, 5.56415102437e-07, 3.17876754252e-07, 6.00486089297e-07, 1.10927508956e-07, 3.61799777693e-07, 3.02253653217e-07, 7.36049976524e-09, 7.41148786787e-09, 4.23946033834e-09, 4.33860114718e-13, 2.27475183872e-13, 2.05469403427e-13, 1.9260748595e-13, 1.75543078879e-13, 1.8591733513e-13], [2.62216192769e-13, 2.4835775797e-12, 1.99684886681e-11, 1.27641536229e-10, 3.27200870565e-11, 2.77189271536e-09, 1.08602350224e-07, 9.07243190795e-07, 2.04975594897e-06, 2.81050006379e-07, 4.59030331967e-07, 2.45193433557e-07, 1.22542459735e-07, 1.20063248232e-07, 1.10927508956e-07, 3.86757115223e-08, 9.74505809381e-08, 6.90392383262e-08, 1.91876847744e-09, 1.88844384574e-09, 8.3960555175e-10, 1.32838415289e-13, 8.26656045049e-14, 7.70103924207e-14, 7.35500188856e-14, 6.93322420417e-14, 7.38104781288e-14], [1.50660213472e-12, 7.69387505095e-12, 4.81484262183e-11, 3.1885186158e-10, 2.87988660697e-11, 1.19529088849e-08, 1.72142404153e-06, 3.45687089975e-06, 8.12628513813e-06, 1.53247822254e-06, 5.49798005522e-06, 1.8730075908e-06, 8.00442194304e-07, 6.70150825499e-07, 3.61799777693e-07, 9.74505809381e-08, 1.13989733563e-06, 4.94301048093e-07, 1.71152123585e-08, 2.3409967298e-08, 5.80898040781e-09, 1.58992285483e-12, 1.02401843515e-12, 9.33648774612e-13, 8.77615254774e-13, 8.2414885463e-13, 8.72271493316e-13], [1.04989096843e-12, 6.11094681802e-12, 4.85631986014e-11, 3.61977114949e-10, 8.26300416978e-11, 3.93510024566e-09, 1.19744788663e-06, 2.05835726774e-06, 3.4562624478e-06, 1.46935406065e-06, 3.40473093274e-06, 1.17832780688e-06, 8.22016204438e-07, 4.96655331972e-07, 3.02253653217e-07, 6.90392383262e-08, 4.94301048093e-07, 5.00995895436e-07, 1.13418741066e-08, 1.73457994634e-08, 4.02657152065e-09, 7.56882783445e-13, 4.70283968018e-13, 4.25808449915e-13, 3.98699546685e-13, 3.68982893285e-13, 3.90440772161e-13], [2.9999599674e-14, 2.09073521842e-13, 1.65231120886e-12, 8.08794871354e-12, 9.89596946055e-12, 1.03217157044e-10, 4.61751028524e-08, 5.46486589315e-08, 8.55831032709e-08, 3.58099079278e-08, 1.27730601207e-07, 2.9935829815e-08, 1.76928214302e-08, 1.32126043439e-08, 7.36049976524e-09, 1.91876847744e-09, 1.71152123585e-08, 1.13418741066e-08, 4.57765991779e-10, 5.18372955671e-10, 1.40090827827e-10, 2.17223140923e-14, 1.32380483867e-14, 1.20867815336e-14, 1.13958415119e-14, 1.05846101063e-14, 1.12105886301e-14], [2.72389820796e-14, 2.25317824836e-13, 1.7425816649e-12, 8.4591274957e-12, 1.18668391086e-11, 1.50959217349e-10, 5.38220774615e-08, 6.56733831761e-08, 1.33811283831e-07, 4.84222653085e-08, 1.55581247441e-07, 5.1040352389e-08, 2.58360159933e-08, 1.64739226705e-08, 7.41148786787e-09, 1.88844384574e-09, 2.3409967298e-08, 1.73457994634e-08, 5.18372955671e-10, 1.03797115347e-09, 1.79299533554e-10, 3.4045462711e-14, 1.97075649121e-14, 1.76732882344e-14, 1.64759326245e-14, 1.50701933571e-14, 1.59226507034e-14], [1.15670692222e-14, 8.75297691315e-14, 8.12259602027e-13, 4.48107479942e-12, 1.07653950587e-13, -3.99067627901e-12, 1.57581361293e-08, 3.38047421167e-08, 5.41554499023e-08, 1.70313416703e-08, 5.93975784113e-08, 1.15133262923e-08, 6.42658815053e-09, 6.00760730052e-09, 4.23946033834e-09, 8.3960555175e-10, 5.80898040781e-09, 4.02657152065e-09, 1.40090827827e-10, 1.79299533554e-10, 7.85433731942e-11, 9.73037568488e-15, 5.54738097838e-15, 5.05568258766e-15, 4.76779557065e-15, 4.41135733018e-15, 4.67307399374e-15], [3.14985807087e-18, 1.74919384274e-17, 2.33021993103e-16, 5.94491556338e-16, 4.5021913435e-16, 2.24271471484e-14, 2.16746564273e-12, 1.05987206858e-11, 1.41006286508e-11, 2.13387944467e-12, 9.24966787191e-12, 2.62530058456e-12, 1.37688731944e-12, 1.05939042261e-12, 4.33860114718e-13, 1.32838415289e-13, 1.58992285483e-12, 7.56882783445e-13, 2.17223140923e-14, 3.4045462711e-14, 9.73037568488e-15, 4.23199746171e-18, 3.00452533238e-18, 2.79107468403e-18, 2.6496005363e-18, 2.53489767551e-18, 2.69271525778e-18], [2.04463124196e-18, 1.16948507267e-17, 1.70883285515e-16, 3.81193334217e-16, 1.58705823705e-16, 1.27781315192e-14, 1.27175115057e-12, 8.04678806227e-12, 9.44751308435e-12, 1.04849213079e-12, 5.58996945954e-12, 1.32428941944e-12, 7.76138647709e-13, 6.69023159355e-13, 2.27475183872e-13, 8.26656045049e-14, 1.02401843515e-12, 4.70283968018e-13, 1.32380483867e-14, 1.97075649121e-14, 5.54738097838e-15, 3.00452533238e-18, 2.24274348021e-18, 2.09440828289e-18, 1.99319363596e-18, 1.91951851995e-18, 2.04061796843e-18], [1.87496843332e-18, 1.08652315857e-17, 1.61603099901e-16, 3.60178235037e-16, 1.2901833799e-16, 1.12796514614e-14, 1.14959344127e-12, 7.57941539392e-12, 8.73419739311e-12, 9.43251986935e-13, 5.07461260513e-12, 1.18451169012e-12, 7.06207173903e-13, 6.2039755928e-13, 2.05469403427e-13, 7.70103924207e-14, 9.33648774612e-13, 4.25808449915e-13, 1.20867815336e-14, 1.76732882344e-14, 5.05568258766e-15, 2.79107468403e-18, 2.09440828289e-18, 1.95820182809e-18, 1.86474510133e-18, 1.79784914404e-18, 1.91164603527e-18], [1.76767731761e-18, 1.03476803928e-17, 1.55221474267e-16, 3.48586006819e-16, 1.14575513032e-16, 1.03213480311e-14, 1.07708124104e-12, 7.26109884025e-12, 8.27026121197e-12, 8.79944717352e-13, 4.76468517419e-12, 1.10112808628e-12, 6.62267332988e-13, 5.90037784257e-13, 1.9260748595e-13, 7.35500188856e-14, 8.77615254774e-13, 3.98699546685e-13, 1.13958415119e-14, 1.64759326245e-14, 4.76779557065e-15, 2.6496005363e-18, 1.99319363596e-18, 1.86474510133e-18, 1.77637987803e-18, 1.71363305869e-18, 1.82229605345e-18], [1.6597116361e-18, 9.74504871089e-18, 1.49498893206e-16, 3.30023756236e-16, 7.78814435695e-17, 9.48762027736e-15, 9.986903882e-13, 7.02917758721e-12, 7.74305359413e-12, 8.10577082885e-13, 4.42982673113e-12, 1.0082833006e-12, 6.1904995019e-13, 5.58445813464e-13, 1.75543078879e-13, 6.93322420417e-14, 8.2414885463e-13, 3.68982893285e-13, 1.05846101063e-14, 1.50701933571e-14, 4.41135733018e-15, 2.53489767551e-18, 1.91951851995e-18, 1.79784914404e-18, 1.71363305869e-18, 1.65528363489e-18, 1.76054991586e-18], [1.75794801924e-18, 1.03471187372e-17, 1.59375257666e-16, 3.52640197672e-16, 7.8566249855e-17, 9.89651357419e-15, 1.05457829969e-12, 7.49014912593e-12, 8.2112554603e-12, 8.5459634161e-13, 4.68516458269e-12, 1.0625619308e-12, 6.54787910091e-13, 5.93107648498e-13, 1.8591733513e-13, 7.38104781288e-14, 8.72271493316e-13, 3.90440772161e-13, 1.12105886301e-14, 1.59226507034e-14, 4.67307399374e-15, 2.69271525778e-18, 2.04061796843e-18, 1.91164603527e-18, 1.82229605345e-18, 1.76054991586e-18, 1.8725799493e-18]]
    },
    "mfcc": {
        "kurt": [-1.16594421864, -0.817789316177, -1.42143285275, -0.686522245407, -0.409625291824, -0.76194190979, -0.920131444931, 0.0481784343719, -0.0730249881744, -0.0290825366974, -0.150069713593, -0.797501564026, -0.129524946213],
        "max": [-696.810241699, 204.515533447, 19.0602111816, 8.54399490356, 2.06625366211, -2.46363067627, 15.9788856506, 22.9436283112, 40.9379234314, 27.0120029449, 33.5209617615, 49.5613708496, 25.1250152588],
        "mean": [-921.984741211, 124.501174927, -71.7289199829, -53.8871841431, -45.7261581421, -50.6357803345, -19.6515693665, -6.02347660065, -0.478580623865, -5.53450298309, 1.04742479324, 10.9493274689, -9.29601860046],
        "median": [-931.781616211, 141.722702026, -66.3566589355, -59.8246383667, -51.6608047485, -58.035610199, -16.715423584, -7.08404541016, -3.28916931152, -4.18211746216, 0.388149261475, 8.11050796509, -9.21189117432],
        "min": [-1131.45166016, 9.0059928894, -198.16897583, -114.271614075, -88.0403747559, -84.7574768066, -53.7433700562, -33.4117279053, -26.9759292603, -36.8556900024, -25.6831264496, -26.3235931396, -33.1010856628],
        "skew": [-0.0158250927925, -0.757972538471, -0.221333637834, 0.437811732292, 0.591893434525, 0.698567986488, -0.168364450336, 0.339827567339, 0.672733068466, 0.0443591400981, 0.321518808603, 0.243358254433, 0.273599654436],
        "var": [18333.5742188, 3474.38232422, 4958.16796875, 1026.7689209, 499.271881104, 524.717956543, 260.749298096, 101.535865784, 185.799743652, 151.265441895, 121.448020935, 251.032714844, 138.35269165],
        "cov": [[18448.8808594, 7272.92041016, -8999.03417969, -2624.67797852, -2334.44384766, -2608.62207031, 298.344451904, -577.067993164, 304.570098877, -1.89384758472, -174.035308838, 1303.16772461, -514.736816406], [7272.92041016, 3496.23388672, -3043.37451172, -1409.62548828, -1088.69641113, -1227.92150879, -207.114608765, -209.051345825, -1.30864155293, -173.521484375, -109.406410217, 345.570465088, -304.491363525], [-8999.03417969, -3043.37451172, 4989.3515625, 1254.36669922, 1024.10217285, 1114.72277832, -357.406433105, 219.512207031, -304.49621582, -167.133346558, -44.2173919678, -887.182373047, 92.6751327515], [-2624.67797852, -1409.62548828, 1254.36669922, 1033.2265625, 542.935668945, 496.768188477, 192.675369263, -42.6213226318, -84.4491424561, 46.7252120972, -81.273979187, -262.003173828, 21.0519294739], [-2334.44384766, -1088.69641113, 1024.10217285, 542.935668945, 502.411956787, 437.501678467, 17.0314350128, 46.3898887634, -43.6606674194, 12.0915307999, 18.7503185272, -152.961029053, 67.0168762207], [-2608.62207031, -1227.92150879, 1114.72277832, 496.768188477, 437.501678467, 528.018066406, 95.9942550659, 66.8164672852, -2.65629339218, 26.633436203, 5.38675785065, -140.019363403, 90.2501144409], [298.344451904, -207.114608765, -357.406433105, 192.675369263, 17.0314350128, 95.9942550659, 262.389221191, -15.9334049225, 27.5112552643, 54.0994796753, -25.4253120422, 71.1972885132, 19.6018657684], [-577.067993164, -209.051345825, 219.512207031, -42.6213226318, 46.3898887634, 66.8164672852, -15.9334049225, 102.174453735, 44.5073623657, 13.0676717758, 58.539806366, 0.333363056183, 18.1587753296], [304.570098877, -1.30864155293, -304.49621582, -84.4491424561, -43.6606674194, -2.65629339218, 27.5112552643, 44.5073623657, 186.968292236, 125.439559937, 62.314617157, 111.329650879, 14.958987236], [-1.89384758472, -173.521484375, -167.133346558, 46.7252120972, 12.0915307999, 26.633436203, 54.0994796753, 13.0676717758, 125.439559937, 152.216796875, 78.9482879639, 80.427734375, 42.1410598755], [-174.035308838, -109.406410217, -44.2173919678, -81.273979187, 18.7503185272, 5.38675785065, -25.4253120422, 58.539806366, 62.314617157, 78.9482879639, 122.211845398, 80.9118423462, 38.9898948669], [1303.16772461, 345.570465088, -887.182373047, -262.003173828, -152.961029053, -140.019363403, 71.1972885132, 0.333363056183, 111.329650879, 80.427734375, 80.9118423462, 252.611541748, 61.3782196045], [-514.736816406, -304.491363525, 92.6751327515, 21.0519294739, 67.0168762207, 90.2501144409, 19.6018657684, 18.1587753296, 14.958987236, 42.1410598755, 38.9898948669, 61.3782196045, 139.222839355]]
    },
    "sccoeffs": {
        "kurt": [-0.256036520004, -1.19457125664, -0.887794494629, -0.748922348022, -0.996066570282, -0.672245502472],
        "max": [-0.342294842005, -0.206001281738, -0.458407819271, -0.508162856102, -0.540612816811, -0.540485441685],
        "mean": [-0.654996991158, -0.588098704815, -0.731178879738, -0.759694814682, -0.757241904736, -0.750434041023],
        "median": [-0.654072642326, -0.568179726601, -0.739469766617, -0.763172149658, -0.756080746651, -0.754344761372],
        "min": [-0.937778174877, -0.926576554775, -0.923522830009, -0.921192169189, -0.917434632778, -0.936275243759],
        "skew": [-0.127576932311, -0.0194901358336, 0.126065909863, 0.194574549794, 0.043869305402, 0.180400922894],
        "var": [0.0154051827267, 0.0454349033535, 0.0119420224801, 0.00967819802463, 0.00996873248369, 0.00780954584479],
        "cov": [[0.0155020700768, -0.00683931075037, -0.000797443033662, -0.000737703754567, -0.002037092112, -0.000393013033317], [-0.00683931075037, 0.0457206591964, 0.0175338350236, 0.0163443610072, 0.0178947001696, -0.00496331229806], [-0.000797443033662, 0.0175338350236, 0.0120171289891, 0.00811432860792, 0.00774334138259, -0.00310630700551], [-0.000737703754567, 0.0163443610072, 0.00811432860792, 0.00973906647414, 0.00830465182662, -0.00117870653048], [-0.002037092112, 0.0178947001696, 0.00774334138259, 0.00830465182662, 0.0100314291194, -0.00251172762364], [-0.000393013033317, -0.00496331229806, -0.00310630700551, -0.00117870653048, -0.00251172762364, 0.00785866286606]]
    },
    "scvalleys": {
        "kurt": [-1.18041181564, -1.11382007599, -1.0888415575, -1.28457009792, -1.02929699421, -0.433718681335],
        "max": [-8.81331253052, -4.88214969635, -4.14788293839, -5.25953578949, -7.05171918869, -11.607708931],
        "mean": [-11.7831926346, -8.14914131165, -7.6207857132, -9.0983133316, -10.1145401001, -15.1630554199],
        "median": [-11.578453064, -8.17920684814, -7.29759407043, -9.01530456543, -10.7254924774, -14.76795578],
        "min": [-14.8279981613, -10.8653459549, -12.1733903885, -12.2958221436, -12.0326375961, -21.6133823395],
        "skew": [-0.157825648785, -0.0307447258383, -0.319853782654, 0.0215731989592, 0.674276649952, -0.61891669035],
        "var": [2.59175014496, 2.30471658707, 5.64139652252, 3.8543586731, 2.26473927498, 5.5392370224],
        "cov": [[2.60805034637, 1.79849910736, 3.14839863777, 2.72793412209, 1.85531675816, 3.04662084579], [1.79849910736, 2.319211483, 3.21443557739, 2.44234395027, 1.738068223, 2.54425120354], [3.14839863777, 3.21443557739, 5.67687702179, 4.5136346817, 3.11876368523, 4.61310100555], [2.72793412209, 2.44234395027, 4.5136346817, 3.87859988213, 2.72453904152, 3.84459996223], [1.85531675816, 1.738068223, 3.11876368523, 2.72453904152, 2.27898287773, 2.51477837563], [3.04662084579, 2.54425120354, 4.61310100555, 3.84459996223, 2.51477837563, 5.57407474518]]
    }
},
"rhythm": {
    "beats_loudness": {
        "kurt": -1.12083303928,
        "max": 0.122106820345,
        "mean": 0.065415494144,
        "median": 0.0624899864197,
        "min": 0.0145751889795,
        "skew": 0.209327444434,
        "var": 0.00150574569125
    },
    "bpm": 81.3903884888,
    "confidence": 0,
    "first_peak_bpm": {
        "kurt": 0,
        "max": 81,
        "mean": 81,
        "median": 81,
        "min": 81,
        "skew": 0,
        "var": 0
    },
    "first_peak_spread": {
        "kurt": 0,
        "max": 0,
        "mean": 0,
        "median": 0,
        "min": 0,
        "skew": 0,
        "var": 0
    },
    "first_peak_weight": {
        "kurt": 0,
        "max": 0.666666686535,
        "mean": 0.666666686535,
        "median": 0.666666686535,
        "min": 0.666666686535,
        "skew": 0,
        "var": 0
    },
    "onset_rate": 1.89600527287,
    "second_peak_bpm": {
        "kurt": 0,
        "max": 86,
        "mean": 86,
        "median": 86,
        "min": 86,
        "skew": 0,
        "var": 0
    },
    "second_peak_spread": {
        "kurt": 0,
        "max": 0,
        "mean": 0,
        "median": 0,
        "min": 0,
        "skew": 0,
        "var": 0
    },
    "second_peak_weight": {
        "kurt": 0,
        "max": 0.333333343267,
        "mean": 0.333333343267,
        "median": 0.333333343267,
        "min": 0.333333343267,
        "skew": 0,
        "var": 0
    },
    "beats_loudness_band_ratio": {
        "kurt": [-1.01458323002, -0.671045303345, -1.66363251209, -1.79983019829, -1.41900897026, -1.79748368263],
        "max": [9.53462949838e-05, 0.0122139193118, 0.932563483715, 0.612951636314, 0.0906445160508, 0.00351024582051],
        "mean": [3.84708582715e-05, 0.00335880555212, 0.618687391281, 0.335746914148, 0.0477701388299, 0.00188568187878],
        "median": [2.71765875368e-05, 0.000569029478356, 0.624223530293, 0.337391644716, 0.0475678443909, 0.00199926784262],
        "min": [4.18396621171e-06, 8.32443474792e-05, 0.293739080429, 0.0552526339889, 0.00530035374686, 3.39456164511e-05],
        "skew": [0.755945265293, 1.14888203144, -0.0377736203372, -0.00951911043376, 0.0143880816177, -0.0985674709082],
        "var": [1.23587318157e-09, 2.6181445719e-05, 0.0646597519517, 0.0537319779396, 0.00103338225745, 2.13298039853e-06],
        "cov": [[1.64783087175e-09, -1.30658662556e-07, -4.08256028095e-06, 4.34317598774e-06, -1.43008719533e-07, 4.24300488078e-08], [-1.30658662556e-07, 3.49085930793e-05, 0.00119592668489, -0.00106437504292, -0.000169202525285, -7.01458930052e-06], [-4.08256028095e-06, 0.00119592668489, 0.0862130001187, -0.0783271715045, -0.00736336456612, -0.000468313344754], [4.34317598774e-06, -0.00106437504292, -0.0783271715045, 0.0716426372528, 0.00613105809316, 0.000436223024735], [-1.43008719533e-07, -0.000169202525285, -0.00736336456612, 0.00613105809316, 0.00137784297112, 2.99081057165e-05], [4.24300488078e-08, -7.01458930052e-06, -0.000468313344754, 0.000436223024735, 2.99081057165e-05, 2.84397378891e-06]]
    },
    "beats_position": [0.754648506641, 1.48607707024, 2.22911548615, 2.92571425438],
    "bpm_estimates": [82.03125, 80.7495269775],
    "bpm_intervals": [0.731428563595, 0.743038415909, 0.696598768234],
    "onset_times": [0.0812698379159, 0.417959183455, 0.766258478165, 1.4164172411, 1.78793644905, 2.18267583847, 2.83283448219],
    "histogram": [[0, 0, 0, 0, 0, 0, 0, 0, 0, 0, 0, 0, 0, 0, 0, 0, 0, 0, 0, 0, 0, 0, 0, 0, 0, 0, 0, 0, 0, 0, 0, 0, 0, 0, 0, 0, 0, 0, 0, 0, 0, 0, 0, 0, 0, 0, 0, 0, 0, 0, 0, 0, 0, 0, 0, 0, 0, 0, 0, 0, 0, 0, 0, 0, 0, 0, 0, 0, 0, 0, 0, 0, 0, 0, 0, 0, 0, 0, 0, 0, 0, 0.333333343267, 0.333333343267, 0, 0, 0, 0.333333343267, 0, 0, 0, 0, 0, 0, 0, 0, 0, 0, 0, 0, 0, 0, 0, 0, 0, 0, 0, 0, 0, 0, 0, 0, 0, 0, 0, 0, 0, 0, 0, 0, 0, 0, 0, 0, 0, 0, 0, 0, 0, 0, 0, 0, 0, 0, 0, 0, 0, 0, 0, 0, 0, 0, 0, 0, 0, 0, 0, 0, 0, 0, 0, 0, 0, 0, 0, 0, 0, 0, 0, 0, 0, 0, 0, 0, 0, 0, 0, 0, 0, 0, 0, 0, 0, 0, 0, 0, 0, 0, 0, 0, 0, 0, 0, 0, 0, 0, 0, 0, 0, 0, 0, 0, 0, 0, 0, 0, 0, 0, 0, 0, 0, 0, 0, 0, 0, 0, 0, 0, 0, 0, 0, 0, 0, 0, 0, 0, 0, 0, 0, 0, 0, 0, 0, 0, 0, 0, 0, 0, 0, 0, 0, 0, 0, 0, 0, 0, 0, 0, 0, 0, 0, 0, 0, 0, 0, 0, 0, 0, 0, 0, 0]]
},
"sfx": {
    "inharmonicity": {
        "kurt": 1.8117275238,
        "max": 0.41731134057,
        "mean": 0.0772321969271,
        "median": 0.0261688884348,
        "min": 0,
        "skew": 1.68111991882,
        "var": 0.011576814577
    },
    "oddtoevenharmonicenergyratio": {
        "kurt": 140.798690796,
        "max": 193.470733643,
        "mean": 3.11537408829,
        "median": 0.491584777832,
        "min": 0,
        "skew": 11.692990303,
        "var": 238.906661987
    },
    "pitch_after_max_to_before_max_energy_ratio": 0.68574899435,
    "pitch_centroid": 89.3921813965,
    "pitch_max_to_total": 0.943750023842,
    "pitch_min_to_total": 0.824999988079,
    "tristimulus": {
        "kurt": [-1.26551401615, -1.2028157711, 0.696953058243],
        "max": [1, 0.914888322353, 1],
        "mean": [0.350418895483, 0.426617324352, 0.222963839769],
        "median": [0.185621455312, 0.398264586926, 0.151708319783],
        "min": [0, 0, 0],
        "skew": [0.517623841763, 0.0610190927982, 1.24998891354],
        "var": [0.123785197735, 0.0676281526685, 0.0554185286164],
        "cov": [[0.124563723803, -0.0684251189232, -0.0561386682093], [-0.0684251189232, 0.068053483963, 0.000371620990336], [-0.0561386682093, 0.000371620990336, 0.055767070502]]
    }
},
"tonal": {
    "chords_changes_rate": 0.135802462697,
    "chords_number_rate": 0.074074074626,
    "chords_strength": {
        "kurt": -1.00453841686,
        "max": 0.497912049294,
        "mean": 0.417621940374,
        "median": 0.426290094852,
        "min": 0.315105974674,
        "skew": -0.351967066526,
        "var": 0.00228319317102
    },
    "key_strength": 0.289245605469,
    "tuning_diatonic_strength": 0.371158093214,
    "tuning_equal_tempered_deviation": 0.209971293807,
    "tuning_frequency": 437.971466064,
    "tuning_nontempered_energy_ratio": 0.83783018589,
    "hpcp": {
        "kurt": [8.82427406311, 3.32189702988, 1.22439575195, 1.39753723145, 2.73728227615, 3.36615991592, 2.87337398529, 0.859890937805, -0.172600984573, 0.219499826431, 2.61781740189, 4.10571575165, 10.7777748108, 6.90446949005, 2.30098104477, 0.648826122284, 1.70177841187, 3.38349866867, 4.57010936737, 7.42256069183, 1.32870197296, 1.7345995903, 4.41270875931, 19.9967517853, 10.3591356277, 1.40570545197, 6.49648284912, 11.7858724594, 19.9891681671, 5.81916904449, 11.3940973282, 3.80778646469, 5.62845420837, 4.24857807159, 12.4480743408, 14.7098522186],
        "max": [1, 1, 1, 1, 1, 1, 1, 1, 1, 1, 1, 1, 1, 0.71560806036, 1, 1, 1, 1, 1, 1, 1, 1, 0.69216132164, 0.959328770638, 0.876539349556, 0.560992836952, 1, 1, 1, 0.747432589531, 0.929415404797, 0.481907725334, 0.390927284956, 0.446076869965, 0.781908333302, 1],
        "mean": [0.11447609961, 0.177044391632, 0.218717738986, 0.214858651161, 0.174475088716, 0.154442980886, 0.187911167741, 0.217102140188, 0.278501719236, 0.265216231346, 0.192720532417, 0.161624699831, 0.10911013931, 0.0937056019902, 0.183678030968, 0.255716651678, 0.215449810028, 0.16278873384, 0.146063059568, 0.14535279572, 0.210301458836, 0.211277648807, 0.110190406442, 0.0813651531935, 0.0961741432548, 0.116297602654, 0.139740854502, 0.113775521517, 0.0884758606553, 0.104910001159, 0.102698631585, 0.0714229866862, 0.0593638196588, 0.0699803158641, 0.0839763432741, 0.0951428711414],
        "median": [0.0400034934282, 0.096254222095, 0.112055763602, 0.0876225307584, 0.0508740060031, 0.0578875355422, 0.0772618278861, 0.0700338110328, 0.097425930202, 0.116925701499, 0.0715090408921, 0.0351341553032, 0.0292717404664, 0.0376821756363, 0.0682448968291, 0.112454354763, 0.10195864737, 0.0480825565755, 0.0411223769188, 0.0516437105834, 0.106343224645, 0.0658574551344, 0.0518429242074, 0.0383204631507, 0.0481238700449, 0.0538848526776, 0.0672478079796, 0.0497944355011, 0.0393110327423, 0.0533792153001, 0.0474022738636, 0.0306765735149, 0.0405072011054, 0.0374530516565, 0.038404699415, 0.034692261368],
