{
"metadata": {
    "version": {
        "essentia": "2.1-beta3"
    }
},
"lowLevel": {
    "average_loudness": 0.99068403244,
    "barkbands_kurtosis": {
        "kurt": 2.33002471924,
        "max": 10.8441781998,
        "mean": 1.90314745903,
        "median": 1.56233119965,
        "min": -1.60176408291,
        "skew": 1.28096914291,
        "var": 6.08212852478
    },
    "barkbands_skewness": {
        "kurt": 2.16222667694,
        "max": 2.61844348907,
        "mean": 1.19699192047,
        "median": 1.32332968712,
        "min": -1.47020924091,
        "skew": -1.03799462318,
        "var": 0.503935277462
    },
    "barkbands_spread": {
        "kurt": 1.34514713287,
        "max": 33.3587646484,
        "mean": 10.5488128662,
        "median": 8.2066526413,
        "min": 2.60828113556,
        "skew": 1.33093750477,
        "var": 44.328540802
    },
    "dissonance": {
        "kurt": 1.30128335953,
        "max": 0.495840996504,
        "mean": 0.413769006729,
        "median": 0.421206533909,
        "min": 0.211364850402,
        "skew": -1.17507064342,
        "var": 0.0040577496402
    },
    "hfc": {
        "kurt": 9.15207386017,
        "max": 199.139556885,
        "mean": 14.5691337585,
        "median": 0.323582798243,
        "min": 1.57192862389e-05,
        "skew": 3.04627537727,
        "var": 1369.04638672
    },
    "pitch": {
        "kurt": 49.2778053284,
        "max": 3812.22973633,
        "mean": 440.09765625,
        "median": 401.833770752,
        "min": 129.873504639,
        "skew": 6.46528291702,
        "var": 177046.4375
    },
    "pitch_instantaneous_confidence": {
        "kurt": -0.771340370178,
        "max": 0.987179815769,
        "mean": 0.652914524078,
        "median": 0.684008598328,
        "min": 0.200290203094,
        "skew": -0.316838622093,
        "var": 0.0456410422921
    },
    "pitch_salience": {
        "kurt": -0.580410003662,
        "max": 0.840117931366,
        "mean": 0.550735235214,
        "median": 0.551886737347,
        "min": 0.284019201994,
        "skew": 0.161758899689,
        "var": 0.0176816433668
    },
    "silence_rate_20dB": {
        "kurt": 0,
        "max": 1,
        "mean": 1,
        "median": 1,
        "min": 1,
        "skew": 0,
        "var": 0
    },
    "silence_rate_30dB": {
        "kurt": 34.5260124207,
        "max": 1,
        "mean": 0.974683523178,
        "median": 1,
        "min": 0,
        "skew": -6.04368448257,
        "var": 0.0246755052358
    },
    "silence_rate_60dB": {
        "kurt": -1.2719669342,
        "max": 1,
        "mean": 0.696202516556,
        "median": 1,
        "min": 0,
        "skew": -0.853246450424,
        "var": 0.211504533887
    },
    "spectral_centroid": {
        "kurt": 1.28059625626,
        "max": 1979.4552002,
        "mean": 880.464477539,
        "median": 820.073181152,
        "min": 313.496368408,
        "skew": 0.980384349823,
        "var": 98454
    },
    "spectral_complexity": {
        "kurt": 0.154572486877,
        "max": 14,
        "mean": 3.43037962914,
        "median": 2,
        "min": 0,
        "skew": 1.02554357052,
        "var": 14.8021087646
    },
    "spectral_crest": {
        "kurt": -0.135872840881,
        "max": 19.5624885559,
        "mean": 11.1976222992,
        "median": 10.6211595535,
        "min": 3.76161527634,
        "skew": 0.40017157793,
        "var": 11.5952539444
    },
    "spectral_decrease": {
        "kurt": 10.6321630478,
        "max": -2.96210322743e-15,
        "mean": -2.76881162442e-09,
        "median": -1.04381496502e-10,
        "min": -3.54735441022e-08,
        "skew": -3.19945669174,
        "var": 4.50163534578e-17
    },
    "spectral_energy": {
        "kurt": 10.221159935,
        "max": 0.146669089794,
        "mean": 0.0117716016248,
        "median": 0.0004233099462,
        "min": 1.26054580107e-08,
        "skew": 3.15456390381,
        "var": 0.000815784733277
    },
    "spectral_energyband_high": {
        "kurt": 15.2857189178,
        "max": 0.000576309626922,
        "mean": 3.38326426572e-05,
        "median": 1.06581921955e-07,
        "min": 6.05730632319e-10,
        "skew": 3.88801336288,
        "var": 1.10406226383e-08
    },
    "spectral_energyband_low": {
        "kurt": 9.92345714569,
        "max": 9.76648789219e-06,
        "mean": 7.25233860521e-07,
        "median": 7.69025199077e-09,
        "min": 2.87051597769e-11,
        "skew": 3.3114669323,
        "var": 4.09271791804e-12
    },
    "spectral_energyband_middle_high": {
        "kurt": 13.176317215,
        "max": 0.0903208628297,
        "mean": 0.00566730089486,
        "median": 8.23614318506e-05,
        "min": 2.66627786516e-09,
        "skew": 3.52793431282,
        "var": 0.000236664578551
    },
    "spectral_energyband_middle_low": {
        "kurt": 21.2970600128,
        "max": 0.113180570304,
        "mean": 0.00607687979937,
        "median": 0.000348610599758,
        "min": 9.36192279255e-09,
        "skew": 4.29480028152,
        "var": 0.000276203849353
    },
    "spectral_flatness_db": {
        "kurt": -0.0434544086456,
        "max": 0.592548668385,
        "mean": 0.394587993622,
        "median": 0.410485208035,
        "min": 0.138104572892,
        "skew": -0.363324552774,
        "var": 0.00784871261567
    },
    "spectral_flux": {
        "kurt": 1.19527244568,
        "max": 0.231691598892,
        "mean": 0.0436640493572,
        "median": 0.0123192882165,
        "min": 0.000269976357231,
        "skew": 1.53667747974,
        "var": 0.00373213645071
    },
    "spectral_kurtosis": {
        "kurt": -1.24753367901,
        "max": 99.3588104248,
        "mean": 39.1200790405,
        "median": 39.0142173767,
        "min": -0.96114730835,
        "skew": 0.297493696213,
        "var": 887.046875
    },
    "spectral_rms": {
        "kurt": 3.1404967308,
        "max": 0.0119620980695,
        "mean": 0.00186514644884,
        "median": 0.000642639352009,
        "min": 3.50685149897e-06,
        "skew": 1.98593485355,
        "var": 8.00572070148e-06
    },
    "spectral_rolloff": {
        "kurt": -0.590478658676,
        "max": 3359.1796875,
        "mean": 1396.38793945,
        "median": 1033.59375,
        "min": 473.73046875,
        "skew": 0.809994876385,
        "var": 595787.3125
    },
    "spectral_skewness": {
        "kurt": -1.25718057156,
        "max": 7.72507333755,
        "mean": 3.52135038376,
        "median": 3.46105456352,
        "min": 0.439475566149,
        "skew": 0.217074841261,
        "var": 4.00946712494
    },
    "spectral_spread": {
        "kurt": 47.1641998291,
        "max": 14868870,
        "mean": 1730023.25,
        "median": 1334690.625,
        "min": 646540.5625,
        "skew": 6.37469530106,
        "var": 2.7479530537e+12
    },
    "spectral_strongpeak": {
        "kurt": 12.6919660568,
        "max": 17.70703125,
        "mean": 1.29727375507,
        "median": 0.208827748895,
        "min": 0.000249499164056,
        "skew": 3.4601225853,
        "var": 9.32843494415
    },
    "zerocrossingrate": {
        "kurt": -0.241688489914,
        "max": 0.08642578125,
        "mean": 0.0455770380795,
        "median": 0.04345703125,
        "min": 0.01708984375,
        "skew": 0.649595141411,
        "var": 0.000260569766397
    },
    "barkbands": {
        "kurt": [33.6954421997, 15.7963695526, 17.9867935181, 4.32412672043, 22.7013397217, 10.6448822021, 3.71963882446, 8.93213939667, 28.4694061279, 5.11050224304, 17.205789566, 23.2578220367, 23.5796012878, 17.0631885529, 19.7428703308, 5.79239845276, 10.3716545105, 24.0748958588, 23.8347644806, 13.6447277069, 57.8297615051, 27.8731441498, 27.487279892, 27.1086063385, 26.8724479675, 26.7254104614, 26.6421470642],
        "max": [2.44334987798e-08, 3.5419521538e-08, 2.45847968472e-06, 2.3156098905e-05, 0.000139370342367, 5.47707459191e-05, 0.00238747010008, 0.0253855995834, 0.0878883525729, 0.000459902221337, 0.00422189058736, 0.0169934462756, 0.00248440098949, 0.000472886225907, 0.0583418719471, 0.000257700216025, 0.0218361541629, 0.00125680712517, 0.000325943692587, 0.00050409429241, 0.000335768272635, 1.63749103166e-08, 1.28947146294e-08, 1.17410010603e-08, 1.09555653438e-08, 1.05011501716e-08, 1.10778231033e-08],
        "mean": [8.82893980148e-10, 2.0085455521e-09, 1.19308452895e-07, 2.64951404461e-06, 6.81149595039e-06, 5.39340271644e-06, 0.000308374146698, 0.00224435864948, 0.00349102821201, 5.25622235727e-05, 0.000229695157032, 0.000867106602527, 0.000107608808321, 3.22152627632e-05, 0.00275513296947, 2.99149942293e-05, 0.0015251947334, 6.13734446233e-05, 1.34506744871e-05, 3.02923890558e-05, 8.3192535385e-06, 7.29600213578e-10, 5.66174329641e-10, 5.19298881674e-10, 4.87272444616e-10, 4.66280125622e-10, 4.92733021051e-10],
        "median": [3.34368678578e-11, 1.6970319594e-10, 1.79013892598e-09, 2.17658566726e-08, 1.0443346099e-07, 1.20367872114e-06, 1.26364438984e-05, 5.80836931476e-05, 2.10128782783e-05, 6.61235571897e-06, 4.35260199083e-06, 2.26155998462e-06, 2.7137161851e-07, 4.58469276055e-06, 8.18373700895e-06, 1.56500311732e-06, 1.67276061802e-06, 4.1658711325e-07, 6.07042736078e-08, 1.09013996052e-07, 3.10633012646e-08, 1.52570334838e-11, 7.64616581855e-12, 6.57926317593e-12, 6.25969285087e-12, 6.07277466161e-12, 6.44989573903e-12],
        "min": [1.15403224628e-14, 1.38674640347e-12, 1.04449001531e-11, 2.75445083409e-11, 3.71053576753e-10, 3.82318787739e-10, 1.00731722963e-09, 4.70114258633e-09, 2.82364287507e-09, 1.04486391761e-10, 3.08527994819e-11, 2.45171574015e-11, 7.53962794975e-11, 9.55791210067e-11, 9.10961930889e-11, 1.20006227178e-10, 1.65884694869e-10, 8.75076899831e-10, 8.28822788179e-10, 4.06928907237e-10, 4.11390088662e-10, 1.67445660744e-13, 6.6039363131e-16, 2.30648606785e-16, 9.73226430365e-17, 4.8445718546e-17, 3.22012975225e-17],
        "skew": [5.56234025955, 4.10297346115, 4.26194572449, 2.37283778191, 4.58324146271, 3.18464422226, 2.11312055588, 3.03162503242, 5.04454565048, 2.45402097702, 4.08923101425, 4.7367773056, 4.90164136887, 3.8938395977, 4.25158548355, 2.52147197723, 3.3235604763, 4.76444768906, 4.94613790512, 3.5785984993, 7.41419363022, 5.22927856445, 5.18855333328, 5.1494178772, 5.12551212311, 5.11112833023, 5.10273122787],
        "var": [1.06976811895e-17, 4.38167662073e-17, 1.76429210868e-13, 3.6299276085e-11, 4.5104914248e-10, 1.08669233334e-10, 3.16841493486e-07, 2.83891258732e-05, 0.000149770989083, 1.03207025148e-08, 4.75853568105e-07, 7.83280120231e-06, 1.55534834789e-07, 5.57620216668e-09, 7.99657282187e-05, 3.56170293259e-09, 1.96785076696e-05, 3.6879090004e-08, 3.00084224136e-09, 7.06737735001e-09, 1.54961299348e-09, 6.15647451584e-18, 3.81811640144e-18, 3.19321494948e-18, 2.80007027319e-18, 2.58706671597e-18, 2.88783082746e-18],
        "cov": [[1.08348310438e-17, 1.84117731947e-17, -8.00090778364e-17, -2.15124642207e-15, -5.06649030455e-15, -3.48436193161e-15, -1.56736819704e-13, 6.38147087256e-12, 1.20014978858e-11, -3.4119323984e-14, -8.08516529551e-14, 6.48241226323e-12, 7.50253591891e-13, 5.66853803005e-15, 1.94566533024e-11, 4.23152842383e-15, 6.92268941824e-12, 3.96761996087e-13, 1.23116943615e-13, 1.97810802569e-13, 2.60347350097e-14, 2.36291896794e-18, 1.85172031541e-18, 1.68225851165e-18, 1.5634192308e-18, 1.48920520663e-18, 1.56766080619e-18], [1.84117731947e-17, 4.43785177962e-17, -5.46004816251e-17, -4.72258010489e-15, -1.17222312586e-14, -8.28253210374e-15, -4.16851964188e-13, 2.30278608682e-11, 4.53716647586e-11, -8.30002773867e-14, -2.52551939865e-13, 1.50571621144e-11, 1.94474254409e-12, -8.02969869822e-15, 5.23934298724e-11, -7.79948530755e-15, 1.63599030156e-11, 1.01865857329e-12, 3.28818515385e-13, 3.97016946228e-13, 6.50129296643e-14, 7.25209178078e-18, 5.49898090697e-18, 4.98283922989e-18, 4.63231151915e-18, 4.35277038063e-18, 4.57647475985e-18], [-8.00090778364e-17, -5.46004816251e-17, 1.78691114097e-13, 5.73638142196e-13, -4.38821816883e-14, -3.1736497653e-13, -3.50319530329e-11, -2.20625434588e-10, -2.9149460623e-10, -6.00387274619e-12, -2.64196164945e-11, -8.91370588452e-11, -1.10401982695e-11, -3.7029888704e-12, -2.65034966196e-10, -3.41567767993e-12, -1.54611087821e-10, -6.33249485835e-12, -1.16264745227e-12, -3.17394830036e-12, -8.99576366089e-13, -6.42270342317e-17, -4.97377316494e-17, -4.57215447823e-17, -4.29782995425e-17, -4.11593062144e-17, -4.35245497666e-17], [-2.15124642207e-15, -4.72258010489e-15, 5.73638142196e-13, 3.67646503519e-11, 3.22093220151e-11, 8.89077155538e-14, -7.90086829294e-10, -5.79205083895e-09, -9.1537613045e-09, -9.14444839295e-11, -5.97226934573e-10, -2.29787811001e-09, -2.85563239721e-10, -7.33767144268e-11, -7.29256610654e-09, -7.79584799493e-11, -4.05719147167e-09, -1.62061572495e-10, -3.55043008882e-11, -8.03791685988e-11, -2.21009755635e-11, -1.89288930294e-15, -1.46782678243e-15, -1.34521601046e-15, -1.26158304774e-15, -1.20665179644e-15, -1.2748465249e-15], [-5.06649030455e-15, -1.17222312586e-14, -4.38821816883e-14, 3.22093220151e-11, 4.56831850126e-10, -7.72324044995e-12, -1.49930123872e-09, -1.42371394674e-08, -2.17452882367e-08, 8.44067801764e-11, -1.37539990508e-09, -5.68746738594e-09, -7.10874803467e-10, -1.69021532881e-10, -1.82879400512e-08, -1.30828778366e-10, -1.01776320705e-08, -4.02378935727e-10, -8.91221194066e-11, -2.0260017275e-10, -5.24100762789e-11, -4.70208444867e-15, -3.65074969563e-15, -3.34642579252e-15, -3.13887307429e-15, -3.00271189274e-15, -3.17266545372e-15], [-3.48436193161e-15, -8.28253210374e-15, -3.1736497653e-13, 8.89077155538e-14, -7.72324044995e-12, 1.10062431391e-10, 1.35466116102e-09, -8.80062422937e-09, -1.61910787e-08, 3.54202722708e-10, -5.81274306466e-10, -4.07900868638e-09, -3.91475990513e-10, -3.47192864736e-11, -1.31217445798e-08, 7.50335817784e-12, -7.28710825015e-09, -2.82173312494e-10, -5.99833654968e-11, -1.36966660236e-10, -3.96730634455e-11, -2.66386356197e-15, -2.05010158257e-15, -1.86408510054e-15, -1.73798127057e-15, -1.65336193799e-15, -1.74259770601e-15], [-1.56736819704e-13, -4.16851964188e-13, -3.50319530329e-11, -7.90086829294e-10, -1.49930123872e-09, 1.35466116102e-09, 3.20903581041e-07, 1.2149423867e-07, -5.31804857928e-07, 1.64265063773e-08, 1.64836393424e-07, -1.63782743812e-07, -1.32206379178e-08, 1.27621699875e-08, -6.80014352383e-07, 1.5485328575e-08, -3.26305496401e-07, -1.04443262927e-08, -2.68094724198e-09, -5.57244073107e-09, -1.65936764329e-09, 3.16199432089e-15, 1.00916513305e-14, 1.2983230383e-14, 1.45336640536e-14, 1.62064440101e-14, 1.80808872648e-14], [6.38147087256e-12, 2.30278608682e-11, -2.20625434588e-10, -5.79205083895e-09, -1.42371394674e-08, -8.80062422937e-09, 1.2149423867e-07, 2.8753089282e-05, 5.00437345181e-05, -6.3587364707e-08, 1.63637594142e-06, 7.76087381382e-06, 1.08746019123e-06, 7.87165816973e-08, 3.15884244628e-05, 1.20147376492e-07, 1.32478144224e-05, 5.94705682033e-07, 1.7664891061e-07, 2.14128476728e-07, 7.40680832223e-08, 8.5402440328e-12, 6.563386553e-12, 5.98778231858e-12, 5.59714904633e-12, 5.31214698965e-12, 5.6014476911e-12], [1.20014978858e-11, 4.53716647586e-11, -2.9149460623e-10, -9.1537613045e-09, -2.17452882367e-08, -1.61910787e-08, -5.31804857928e-07, 5.00437345181e-05, 0.000151691128849, -1.34861949164e-07, 1.38943437378e-06, 9.30877013161e-06, 1.17934280297e-06, -3.36165868475e-08, 4.90049351356e-05, 1.01268383901e-07, 3.40104452334e-05, 8.44326962124e-07, 3.14485390618e-07, 3.98919496547e-07, 1.23264683793e-07, 2.3071398958e-11, 1.80333248334e-11, 1.64470295022e-11, 1.53629123312e-11, 1.46768031756e-11, 1.54816281323e-11], [-3.4119323984e-14, -8.30002773867e-14, -6.00387274619e-12, -9.14444839295e-11, 8.44067801764e-11, 3.54202722708e-10, 1.64265063773e-08, -6.3587364707e-08, -1.34861949164e-07, 1.04530197831e-08, -3.0879868107e-10, -3.77771058879e-08, -4.59231275229e-09, -3.35128785833e-10, -1.27508798187e-07, 1.81639869812e-10, -6.81518699253e-08, -2.75521583326e-09, -6.34194863292e-10, -1.35137678825e-09, -3.67871261231e-10, -2.30372700625e-14, -1.74587076838e-14, -1.57931071785e-14, -1.46815136545e-14, -1.39169647757e-14, -1.46512745783e-14], [-8.08516529551e-14, -2.52551939865e-13, -2.64196164945e-11, -5.97226934573e-10, -1.37539990508e-09, -5.81274306466e-10, 1.64836393424e-07, 1.63637594142e-06, 1.38943437378e-06, -3.0879868107e-10, 4.81954259612e-07, 1.72848357849e-09, -8.72158611998e-09, 1.92184810288e-08, -3.11440516043e-07, 2.04299297479e-08, -4.459840941e-09, 6.45662190379e-10, -1.83804671483e-09, -3.07707831437e-10, 1.5817534782e-10, 2.74578672516e-13, 2.32748146927e-13, 2.20616642901e-13, 2.10845948448e-13, 2.05597095338e-13, 2.18647907939e-13], [6.48241226323e-12, 1.50571621144e-11, -8.91370588452e-11, -2.29787811001e-09, -5.68746738594e-09, -4.07900868638e-09, -1.63782743812e-07, 7.76087381382e-06, 9.30877013161e-06, -3.77771058879e-08, 1.72848357849e-09, 7.93322215031e-06, 1.04135847323e-06, 4.60635973809e-09, 2.31460780924e-05, 1.19996821368e-08, 7.18784031051e-06, 5.24965685145e-07, 1.37489621466e-07, 2.11140502415e-07, 4.89501026379e-08, 1.58374984134e-12, 1.12218838822e-12, 1.01227999507e-12, 9.40228255496e-13, 8.59253206781e-13, 9.00478747557e-13], [7.50253591891e-13, 1.94474254409e-12, -1.10401982695e-11, -2.85563239721e-10, -7.10874803467e-10, -3.91475990513e-10, -1.32206379178e-08, 1.08746019123e-06, 1.17934280297e-06, -4.59231275229e-09, -8.72158611998e-09, 1.04135847323e-06, 1.57528873501e-07, -4.94756347003e-10, 3.17445915243e-06, 9.77967082316e-11, 1.06246363885e-06, 6.84244696458e-08, 1.96339264846e-08, 2.84103460757e-08, 1.02709813987e-08, 3.37173892322e-13, 2.44986756576e-13, 2.21694570254e-13, 2.06557373202e-13, 1.91895354858e-13, 2.01721695988e-13], [5.66853803005e-15, -8.02969869822e-15, -3.7029888704e-12, -7.33767144268e-11, -1.69021532881e-10, -3.47192864736e-11, 1.27621699875e-08, 7.87165816973e-08, -3.36165868475e-08, -3.35128785833e-10, 1.92184810288e-08, 4.60635973809e-09, -4.94756347003e-10, 5.64769164768e-09, -1.15310667681e-08, 1.97929184154e-09, 1.53453978413e-08, 8.61021587362e-10, -1.86265267099e-10, 4.91445384387e-10, -4.57661165909e-11, 3.52446385946e-15, 2.59542944082e-15, 2.41955829592e-15, 2.31257739941e-15, 2.32560942482e-15, 2.48987706538e-15], [1.94566533024e-11, 5.23934298724e-11, -2.65034966196e-10, -7.29256610654e-09, -1.82879400512e-08, -1.31217445798e-08, -6.80014352383e-07, 3.15884244628e-05, 4.90049351356e-05, -1.27508798187e-07, -3.11440516043e-07, 2.31460780924e-05, 3.17445915243e-06, -1.15310667681e-08, 8.09909324744e-05, -1.25053265521e-08, 2.64422214968e-05, 1.54891722559e-06, 4.30083531455e-07, 6.22973118425e-07, 1.71365471147e-07, 8.79186133618e-12, 6.4736579812e-12, 5.86143807102e-12, 5.45442857547e-12, 5.07751089437e-12, 5.33656322257e-12], [4.23152842383e-15, -7.79948530755e-15, -3.41567767993e-12, -7.79584799493e-11, -1.30828778366e-10, 7.50335817784e-12, 1.5485328575e-08, 1.20147376492e-07, 1.01268383901e-07, 1.81639869812e-10, 2.04299297479e-08, 1.19996821368e-08, 9.77967082316e-11, 1.97929184154e-09, -1.25053265521e-08, 3.60736573946e-09, 9.80693748431e-09, 1.09815956328e-09, -1.72873299009e-10, 1.81817769174e-10, 7.41465638887e-11, 2.64411448059e-14, 2.17042790668e-14, 2.03478625279e-14, 1.93375910852e-14, 1.88024881851e-14, 1.99655084674e-14], [6.92268941824e-12, 1.63599030156e-11, -1.54611087821e-10, -4.05719147167e-09, -1.01776320705e-08, -7.28710825015e-09, -3.26305496401e-07, 1.32478144224e-05, 3.40104452334e-05, -6.81518699253e-08, -4.459840941e-09, 7.18784031051e-06, 1.06246363885e-06, 1.53453978413e-08, 2.64422214968e-05, 9.80693748431e-09, 1.99307960429e-05, 4.97406745126e-07, 1.28968110857e-07, 3.09764203621e-07, 1.12526635121e-07, 6.34485606416e-12, 4.82237947491e-12, 4.36795174683e-12, 4.06680418508e-12, 3.86883016942e-12, 4.0766964457e-12], [3.96761996087e-13, 1.01865857329e-12, -6.33249485835e-12, -1.62061572495e-10, -4.02378935727e-10, -2.82173312494e-10, -1.04443262927e-08, 5.94705682033e-07, 8.44326962124e-07, -2.75521583326e-09, 6.45662190379e-10, 5.24965685145e-07, 6.84244696458e-08, 8.61021587362e-10, 1.54891722559e-06, 1.09815956328e-09, 4.97406745126e-07, 3.73518993513e-08, 9.30637700236e-09, 1.38401672345e-08, 2.68143862669e-09, 8.75066010863e-14, 5.92594685345e-14, 5.30357381005e-14, 4.90148286542e-14, 4.36555156716e-14, 4.55305823426e-14], [1.23116943615e-13, 3.28818515385e-13, -1.16264745227e-12, -3.55043008882e-11, -8.91221194066e-11, -5.99833654968e-11, -2.68094724198e-09, 1.7664891061e-07, 3.14485390618e-07, -6.34194863292e-10, -1.83804671483e-09, 1.37489621466e-07, 1.96339264846e-08, -1.86265267099e-10, 4.30083531455e-07, -1.72873299009e-10, 1.28968110857e-07, 9.30637700236e-09, 3.03931457779e-09, 3.56963414383e-09, 9.55361123545e-10, 5.85672393287e-14, 4.36915450651e-14, 3.9546751968e-14, 3.67895987383e-14, 3.44073795605e-14, 3.616445793e-14], [1.97810802569e-13, 3.97016946228e-13, -3.17394830036e-12, -8.03791685988e-11, -2.0260017275e-10, -1.36966660236e-10, -5.57244073107e-09, 2.14128476728e-07, 3.98919496547e-07, -1.35137678825e-09, -3.07707831437e-10, 2.11140502415e-07, 2.84103460757e-08, 4.91445384387e-10, 6.22973118425e-07, 1.81817769174e-10, 3.09764203621e-07, 1.38401672345e-08, 3.56963414383e-09, 7.1579848715e-09, 2.03180317015e-09, 7.76395075075e-14, 5.80318196383e-14, 5.25362122783e-14, 4.88911855608e-14, 4.6105466992e-14, 4.852430171e-14], [2.60347350097e-14, 6.50129296643e-14, -8.99576366089e-13, -2.21009755635e-11, -5.24100762789e-11, -3.96730634455e-11, -1.65936764329e-09, 7.40680832223e-08, 1.23264683793e-07, -3.67871261231e-10, 1.5817534782e-10, 4.89501026379e-08, 1.02709813987e-08, -4.57661165909e-11, 1.71365471147e-07, 7.41465638887e-11, 1.12526635121e-07, 2.68143862669e-09, 9.55361123545e-10, 2.03180317015e-09, 1.56947976837e-09, 6.53535521056e-14, 5.04411372696e-14, 4.60396626964e-14, 4.31171381422e-14, 4.12862357691e-14, 4.36154171319e-14], [2.36291896794e-18, 7.25209178078e-18, -6.42270342317e-17, -1.89288930294e-15, -4.70208444867e-15, -2.66386356197e-15, 3.16199432089e-15, 8.5402440328e-12, 2.3071398958e-11, -2.30372700625e-14, 2.74578672516e-13, 1.58374984134e-12, 3.37173892322e-13, 3.52446385946e-15, 8.79186133618e-12, 2.64411448059e-14, 6.34485606416e-12, 8.75066010863e-14, 5.85672393287e-14, 7.76395075075e-14, 6.53535521056e-14, 6.2354036763e-18, 4.90595610067e-18, 4.48438432867e-18, 4.19790397199e-18, 4.03168947252e-18, 4.25869306161e-18], [1.85172031541e-18, 5.49898090697e-18, -4.97377316494e-17, -1.46782678243e-15, -3.65074969563e-15, -2.05010158257e-15, 1.00916513305e-14, 6.563386553e-12, 1.80333248334e-11, -1.74587076838e-14, 2.32748146927e-13, 1.12218838822e-12, 2.44986756576e-13, 2.59542944082e-15, 6.4736579812e-12, 2.17042790668e-14, 4.82237947491e-12, 5.92594685345e-14, 4.36915450651e-14, 5.80318196383e-14, 5.04411372696e-14, 4.90595610067e-18, 3.86706688214e-18, 3.53619794584e-18, 3.31095914659e-18, 3.18166068388e-18, 3.3611675622e-18], [1.68225851165e-18, 4.98283922989e-18, -4.57215447823e-17, -1.34521601046e-15, -3.34642579252e-15, -1.86408510054e-15, 1.2983230383e-14, 5.98778231858e-12, 1.64470295022e-11, -1.57931071785e-14, 2.20616642901e-13, 1.01227999507e-12, 2.21694570254e-13, 2.41955829592e-15, 5.86143807102e-12, 2.03478625279e-14, 4.36795174683e-12, 5.30357381005e-14, 3.9546751968e-14, 5.25362122783e-14, 4.60396626964e-14, 4.48438432867e-18, 3.53619794584e-18, 3.23415377235e-18, 3.02843395401e-18, 2.91046021428e-18, 3.07477612744e-18], [1.5634192308e-18, 4.63231151915e-18, -4.29782995425e-17, -1.26158304774e-15, -3.13887307429e-15, -1.73798127057e-15, 1.45336640536e-14, 5.59714904633e-12, 1.53629123312e-11, -1.46815136545e-14, 2.10845948448e-13, 9.40228255496e-13, 2.06557373202e-13, 2.31257739941e-15, 5.45442857547e-12, 1.93375910852e-14, 4.06680418508e-12, 4.90148286542e-14, 3.67895987383e-14, 4.88911855608e-14, 4.31171381422e-14, 4.19790397199e-18, 3.31095914659e-18, 3.02843395401e-18, 2.83596867101e-18, 2.72564573156e-18, 2.87959500369e-18], [1.48920520663e-18, 4.35277038063e-18, -4.11593062144e-17, -1.20665179644e-15, -3.00271189274e-15, -1.65336193799e-15, 1.62064440101e-14, 5.31214698965e-12, 1.46768031756e-11, -1.39169647757e-14, 2.05597095338e-13, 8.59253206781e-13, 1.91895354858e-13, 2.32560942482e-15, 5.07751089437e-12, 1.88024881851e-14, 3.86883016942e-12, 4.36555156716e-14, 3.44073795605e-14, 4.6105466992e-14, 4.12862357691e-14, 4.03168947252e-18, 3.18166068388e-18, 2.91046021428e-18, 2.72564573156e-18, 2.62023438379e-18, 2.76834231323e-18], [1.56766080619e-18, 4.57647475985e-18, -4.35245497666e-17, -1.2748465249e-15, -3.17266545372e-15, -1.74259770601e-15, 1.80808872648e-14, 5.6014476911e-12, 1.54816281323e-11, -1.46512745783e-14, 2.18647907939e-13, 9.00478747557e-13, 2.01721695988e-13, 2.48987706538e-15, 5.33656322257e-12, 1.99655084674e-14, 4.0766964457e-12, 4.55305823426e-14, 3.616445793e-14, 4.852430171e-14, 4.36154171319e-14, 4.25869306161e-18, 3.3611675622e-18, 3.07477612744e-18, 2.87959500369e-18, 2.76834231323e-18, 2.92485439771e-18]]
    },
    "mfcc": {
        "kurt": [-1.38436758518, -1.08162379265, -1.35528039932, -1.39454495907, -0.38823223114, -1.19818627834, -1.22666049004, -0.851584434509, 0.221578359604, 0.499179840088, 1.08847665787, -0.849436044693, -1.03950321674],
        "max": [-766.631225586, 167.967834473, 51.181552887, 12.1337471008, 12.7116546631, -0.0760726928711, -0.0504112243652, 5.64650726318, 38.5510139465, 34.0188598633, 18.8862342834, 62.049621582, 38.4882774353],
        "mean": [-956.145751953, 101.535186768, -63.5864982605, -36.1569976807, -24.9459133148, -43.6242752075, -30.0340461731, -16.2355136871, 4.03373908997, 4.2576508522, -4.99467611313, 5.77733039856, -0.787423312664],
        "median": [-940.461608887, 122.683631897, -48.175579071, -41.0376052856, -23.2043571472, -43.2167778015, -30.1321716309, -15.1685028076, 2.97694778442, 3.18016815186, -2.59674453735, -1.0669708252, -0.838050842285],
        "min": [-1138.3651123, 0.0609855651855, -209.836334229, -95.4965286255, -62.7330856323, -84.8183288574, -58.5516738892, -37.369644165, -22.2560424805, -21.1856613159, -37.1986122131, -42.2331047058, -42.6596488953],
        "skew": [-0.134542375803, -0.679528236389, -0.345330297947, -0.0540796108544, -0.269769132137, 0.0889194533229, -0.019480349496, -0.180073022842, 0.421436935663, 0.524338185787, -0.768250286579, 0.402429938316, -0.0137594994158],
        "var": [13633.8779297, 2195.01000977, 6760.11376953, 1073.62512207, 233.124206543, 493.117095947, 226.741073608, 95.8521652222, 153.352096558, 131.918121338, 122.16860199, 704.339416504, 464.342224121],
        "cov": [[13808.671875, 4354.58886719, -9030.1640625, -2819.72729492, -1176.26647949, -2468.30712891, -904.222045898, -864.044677734, 644.763549805, 645.583007812, 89.9776687622, 2145.97607422, 1365.98327637], [4354.58886719, 2223.15112305, -2025.46276855, -1196.65490723, -441.576263428, -776.991882324, -596.985656738, -286.857452393, 148.51133728, 30.418964386, -200.415863037, 171.863754272, 146.907806396], [-9030.1640625, -2025.46276855, 6846.78222656, 1777.93493652, 758.682495117, 1623.84960938, 335.929901123, 551.514099121, -453.389160156, -554.188842773, -282.07019043, -1932.50964355, -1280.39233398], [-2819.72729492, -1196.65490723, 1777.93493652, 1087.38952637, 411.565826416, 526.174682617, 366.509735107, 179.331771851, -101.306381226, -14.406003952, 65.6556243896, -333.776794434, -354.486358643], [-1176.26647949, -441.576263428, 758.682495117, 411.565826416, 236.112976074, 258.220458984, 111.359649658, 73.1834335327, -54.400188446, -29.1282424927, 19.3867034912, -174.532745361, -163.861907959], [-2468.30712891, -776.991882324, 1623.84960938, 526.174682617, 258.220458984, 499.439117432, 178.187805176, 153.938171387, -101.086616516, -115.539604187, -16.0163383484, -387.065612793, -283.025878906], [-904.222045898, -596.985656738, 335.929901123, 366.509735107, 111.359649658, 178.187805176, 229.648010254, 68.7542495728, -36.6571731567, 29.2687511444, 70.0596008301, 24.19049263, -14.9366312027], [-864.044677734, -286.857452393, 551.514099121, 179.331771851, 73.1834335327, 153.938171387, 68.7542495728, 97.0810394287, 6.48556184769, -36.8350143433, -7.30939817429, -134.333816528, -123.352012634], [644.763549805, 148.51133728, -453.389160156, -101.306381226, -54.400188446, -101.086616516, -36.6571731567, 6.48556184769, 155.318145752, 73.3381500244, 21.9764785767, 127.049468994, -25.2841129303], [645.583007812, 30.418964386, -554.188842773, -14.406003952, -29.1282424927, -115.539604187, 29.2687511444, -36.8350143433, 73.3381500244, 133.609375, 91.781463623, 176.089660645, 62.5841140747], [89.9776687622, -200.415863037, -282.07019043, 65.6556243896, 19.3867034912, -16.0163383484, 70.0596008301, -7.30939817429, 21.9764785767, 91.781463623, 123.734863281, 164.410919189, 82.9895172119], [2145.97607422, 171.863754272, -1932.50964355, -333.776794434, -174.532745361, -387.065612793, 24.19049263, -134.333816528, 127.049468994, 176.089660645, 164.410919189, 713.369384766, 465.881103516], [1365.98327637, 146.907806396, -1280.39233398, -354.486358643, -163.861907959, -283.025878906, -14.9366312027, -123.352012634, -25.2841129303, 62.5841140747, 82.9895172119, 465.881103516, 470.295318604]]
    },
    "sccoeffs": {
        "kurt": [-0.843077659607, -0.775264024734, -1.02698874474, 1.59854221344, -0.246956348419, -0.547829866409],
        "max": [-0.32455137372, -0.185034483671, -0.469392061234, -0.295321702957, -0.406924158335, -0.565004646778],
        "mean": [-0.660687029362, -0.619228422642, -0.74095261097, -0.763529360294, -0.761721253395, -0.770506799221],
        "median": [-0.677539944649, -0.636482477188, -0.73336148262, -0.792772173882, -0.796642005444, -0.781689941883],
        "min": [-0.936025798321, -0.892825603485, -0.920497238636, -0.953019440174, -0.920709371567, -0.922331809998],
        "skew": [0.365446537733, 0.509323477745, 0.094029918313, 1.44105899334, 0.857563257217, 0.30155479908],
        "var": [0.0242154132575, 0.038523029536, 0.0141764590517, 0.0233286768198, 0.0197372958064, 0.00552919972688],
        "cov": [[0.0245258677751, -0.0160424150527, -0.00549828493968, -0.0111316200346, -0.0122010856867, 0.00149716227315], [-0.0160424150527, 0.0390169136226, 0.0178531445563, 0.0251749232411, 0.0249309949577, -0.00639752298594], [-0.00549828493968, 0.0178531445563, 0.0143582085148, 0.010123917833, 0.0102097578347, -0.00499310297891], [-0.0111316200346, 0.0251749232411, 0.010123917833, 0.0236277617514, 0.0198715515435, -0.00403952877969], [-0.0122010856867, 0.0249309949577, 0.0102097578347, 0.0198715515435, 0.0199903380126, -0.00410291645676], [0.00149716227315, -0.00639752298594, -0.00499310297891, -0.00403952877969, -0.00410291645676, 0.00560008687899]]
    },
    "scvalleys": {
        "kurt": [-0.296768665314, -1.01164662838, -1.07875919342, -1.35106813908, -0.716265916824, -0.84690284729],
        "max": [-9.20498657227, -6.4766626358, -6.1308221817, -6.57839298248, -8.1915512085, -11.4459266663],
        "mean": [-12.1308937073, -8.63703727722, -8.92894268036, -9.38004016876, -10.3504858017, -15.3274402618],
        "median": [-11.9867229462, -8.43919563293, -8.62352466583, -9.05808067322, -10.6885700226, -15.182477951],
        "min": [-14.6061325073, -11.6550502777, -13.2493867874, -13.2805738449, -12.9567518234, -20.5376586914],
        "skew": [0.188909426332, -0.327163517475, -0.354744613171, -0.157967463136, 0.394018113613, -0.251107037067],
        "var": [1.38954222202, 1.62422585487, 3.11344003677, 3.35687923431, 1.0637806654, 4.54338979721],
        "cov": [[1.40735685825, 0.975673556328, 1.4708442688, 1.62620294094, 0.932584345341, 1.78480494022], [0.975673556328, 1.64504921436, 2.1722202301, 2.15416669846, 1.02159941196, 1.99693787098], [1.4708442688, 2.1722202301, 3.15335583687, 3.06371212006, 1.46108269691, 2.91031241417], [1.62620294094, 2.15416669846, 3.06371212006, 3.39991593361, 1.72391080856, 3.22998380661], [0.932584345341, 1.02159941196, 1.46108269691, 1.72391080856, 1.07741892338, 1.65129888058], [1.78480494022, 1.99693787098, 2.91031241417, 3.22998380661, 1.65129888058, 4.60163831711]]
    }
},
"rhythm": {
    "beats_loudness": {
        "kurt": -0.669772148132,
        "max": 0.0172784551978,
        "mean": 0.00462889112532,
        "median": 0.000608902191743,
        "min": 1.93042287719e-05,
        "skew": 1.15057909489,
        "var": 5.3400392062e-05
    },
    "bpm": 166.70866394,
    "confidence": 0,
    "first_peak_bpm": {
        "kurt": 0,
        "max": 167,
        "mean": 167,
        "median": 167,
        "min": 167,
        "skew": 0,
        "var": 0
    },
    "first_peak_spread": {
        "kurt": 0,
        "max": 0,
        "mean": 0,
        "median": 0,
        "min": 0,
        "skew": 0,
        "var": 0
    },
    "first_peak_weight": {
        "kurt": 0,
        "max": 0.666666686535,
        "mean": 0.666666686535,
        "median": 0.666666686535,
        "min": 0.666666686535,
        "skew": 0,
        "var": 0
    },
    "onset_rate": 1.66708672047,
    "second_peak_bpm": {
        "kurt": 0,
        "max": 172,
        "mean": 172,
        "median": 172,
        "min": 172,
        "skew": 0,
        "var": 0
    },
    "second_peak_spread": {
        "kurt": 0,
        "max": 0,
        "mean": 0,
        "median": 0,
        "min": 0,
        "skew": 0,
        "var": 0
    },
    "second_peak_weight": {
        "kurt": 0,
        "max": 0.333333343267,
        "mean": 0.333333343267,
        "median": 0.333333343267,
        "min": 0.333333343267,
        "skew": 0,
        "var": 0
    },
    "beats_loudness_band_ratio": {
        "kurt": [-0.670425653458, -1.47476291656, -1.55991232395, -0.756689786911, -0.682401895523, -0.682255983353],
        "max": [0.705398917198, 0.135475724936, 0.810739636421, 0.582322955132, 0.20733705163, 0.00421723676845],
        "mean": [0.183210119605, 0.0660521537066, 0.511407077312, 0.197905451059, 0.0762049779296, 0.00173977646045],
        "median": [0.0137200150639, 0.0642311424017, 0.556870818138, 0.0964911803603, 0.0372090339661, 0.000966009683907],
        "min": [1.51606275267e-06, 0.000270613731118, 0.121147096157, 0.0163164865226, 0.0230647865683, 0.000809849414509],
        "skew": [1.14998054504, 0.0764445662498, -0.285248070955, 1.04306256771, 1.13305807114, 1.1356818676],
        "var": [0.0910188853741, 0.00265698204748, 0.0766069740057, 0.0509488619864, 0.00576751539484, 2.05744800041e-06],
        "cov": [[0.121358513832, 0.0160591397434, -0.0890282019973, -0.0433001071215, -0.0128320483491, 0.000576568942051], [0.0160591397434, 0.00354264280759, -0.0178124383092, 0.00267841131426, -0.00409655226395, 7.54160937504e-05], [-0.0890282019973, -0.0178124383092, 0.102142632008, -0.00940942298621, 0.0145781273022, -0.000413004076108], [-0.0433001071215, 0.00267841131426, -0.00940942298621, 0.0679318159819, -0.00721173733473, -0.000213944120333], [-0.0128320483491, -0.00409655226395, 0.0145781273022, -0.00721173733473, 0.00769002037123, -6.22824882157e-05], [0.000576568942051, 7.54160937504e-05, -0.000413004076108, -0.000213944120333, -6.22824882157e-05, 2.74326407634e-06]]
    },
    "beats_position": [0.359909296036, 0.719818592072, 1.06811785698, 1.42802715302],
    "bpm_estimates": [166.70866394, 166.70866394],
    "bpm_intervals": [0.359909296036, 0.348299264908, 0.359909296036],
    "onset_times": [0.150929704309, 0.417959183455, 0.743038535118],
    "histogram": [[0, 0, 0, 0, 0, 0, 0, 0, 0, 0, 0, 0, 0, 0, 0, 0, 0, 0, 0, 0, 0, 0, 0, 0, 0, 0, 0, 0, 0, 0, 0, 0, 0, 0, 0, 0, 0, 0, 0, 0, 0, 0, 0, 0, 0, 0, 0, 0, 0, 0, 0, 0, 0, 0, 0, 0, 0, 0, 0, 0, 0, 0, 0, 0, 0, 0, 0, 0, 0, 0, 0, 0, 0, 0, 0, 0, 0, 0, 0, 0, 0, 0, 0, 0, 0, 0, 0, 0, 0, 0, 0, 0, 0, 0, 0, 0, 0, 0, 0, 0, 0, 0, 0, 0, 0, 0, 0, 0, 0, 0, 0, 0, 0, 0, 0, 0, 0, 0, 0, 0, 0, 0, 0, 0, 0, 0, 0, 0, 0, 0, 0, 0, 0, 0, 0, 0, 0, 0, 0, 0, 0, 0, 0, 0, 0, 0, 0, 0, 0, 0, 0, 0, 0, 0, 0, 0, 0, 0, 0, 0, 0, 0, 0, 0, 0, 0, 0, 0.666666686535, 0, 0, 0, 0, 0.333333343267, 0, 0, 0, 0, 0, 0, 0, 0, 0, 0, 0, 0, 0, 0, 0, 0, 0, 0, 0, 0, 0, 0, 0, 0, 0, 0, 0, 0, 0, 0, 0, 0, 0, 0, 0, 0, 0, 0, 0, 0, 0, 0, 0, 0, 0, 0, 0, 0, 0, 0, 0, 0, 0, 0, 0, 0, 0, 0, 0, 0, 0, 0, 0, 0, 0, 0, 0, 0, 0, 0, 0, 0, 0, 0, 0, 0, 0]]
},
"sfx": {
    "inharmonicity": {
        "kurt": 1.94309711456,
        "max": 0.349872261286,
        "mean": 0.0659620240331,
        "median": 0.0328773111105,
        "min": 0,
        "skew": 1.5858963728,
        "var": 0.0057206437923
    },
    "oddtoevenharmonicenergyratio": {
        "kurt": 61.2898025513,
        "max": 447.42767334,
        "mean": 8.87534046173,
        "median": 0.360457807779,
        "min": 0,
        "skew": 7.76341104507,
        "var": 2708.94750977
    },
    "pitch_after_max_to_before_max_energy_ratio": 0.601233243942,
    "pitch_centroid": 38.399105072,
    "pitch_max_to_total": 0.835443019867,
    "pitch_min_to_total": 0.0632911399007,
    "tristimulus": {
        "kurt": [-0.0397536754608, 0.737244606018, -0.311661243439],
        "max": [1, 0.810502231121, 0.692997217178],
        "mean": [0.327988922596, 0.461953163147, 0.21005782485],
        "median": [0.269165456295, 0.4693813622, 0.199855908751],
        "min": [0, 0, 0],
        "skew": [0.644146263599, -0.401266157627, 0.564438998699],
        "var": [0.044872213155, 0.0231076031923, 0.0234273932874],
        "cov": [[0.04544749856, -0.0225618090481, -0.0228856969625], [-0.0225618090481, 0.023403853178, -0.000842049717903], [-0.0228856969625, -0.000842049717903, 0.0237277448177]]
    }
},
"tonal": {
    "chords_changes_rate": 0.125,
    "chords_number_rate": 0.10000000149,
    "chords_strength": {
        "kurt": -1.00539278984,
        "max": 0.569145977497,
        "mean": 0.47278919816,
        "median": 0.50083386898,
        "min": 0.331004470587,
        "skew": -0.491769403219,
        "var": 0.00457686372101
    },
    "key_strength": 0.586890935898,
    "tuning_diatonic_strength": 0.431834101677,
    "tuning_equal_tempered_deviation": 0.232501238585,
    "tuning_frequency": 442.293365479,
    "tuning_nontempered_energy_ratio": 0.852529227734,
    "hpcp": {
        "kurt": [3.94223737717, 3.41832733154, -0.457057476044, 0.066602230072, 5.51078987122, 2.59393835068, 4.4583864212, 4.51494932175, 3.36835289001, 12.9459600449, 11.2687110901, 1.91845798492, 2.54013967514, 4.12038516998, 3.43019914627, 1.05840444565, 3.70335865021, -1.40463864803, -1.72245442867, 1.67292928696, 9.79145812988, 5.41998767853, 5.72363948822, 6.30658626556, 9.18913173676, 6.53711605072, 10.9525842667, 2.49193048477, 3.05852603912, 6.82998180389, 20.4656143188, 27.7565040588, 19.7536621094, 11.6551218033, 3.16029977798, 2.81965017319],
        "max": [0.693415641785, 0.877762377262, 1, 1, 0.773900747299, 0.660297214985, 1, 1, 0.684593617916, 1, 1, 0.865469694138, 1, 1, 1, 0.586367785931, 1, 1, 1, 1, 1, 0.966543853283, 1, 0.659639954567, 0.476285994053, 0.556719243526, 1, 1, 1, 0.742886781693, 0.76444375515, 1, 0.856689214706, 1, 1, 1],
        "mean": [0.113491915166, 0.15402969718, 0.289432674646, 0.260370403528, 0.119219526649, 0.114487446845, 0.160868808627, 0.146354943514, 0.105360746384, 0.0850956514478, 0.103461608291, 0.159843936563, 0.163586825132, 0.153410226107, 0.154592722654, 0.135386452079, 0.17953568697, 0.387358129025, 0.445286363363, 0.215541407466, 0.0935020670295, 0.117805913091, 0.12251868099, 0.0797018557787, 0.0500715151429, 0.0623060241342, 0.103407636285, 0.163731008768, 0.150282412767, 0.0863486081362, 0.0606471821666, 0.0659063160419, 0.0786330327392, 0.107518397272, 0.159048959613, 0.157751873136],
