{
"metadata": {
    "version": {
        "essentia": "2.1-beta3"
    }
},
"lowLevel": {
    "average_loudness": 0.988489747047,
    "barkbands_kurtosis": {
        "kurt": 23.2459373474,
        "max": 409.697875977,
        "mean": 25.0879745483,
        "median": 3.97650241852,
        "min": -1.88098073006,
        "skew": 4.45778894424,
        "var": 3389.04614258
    },
    "barkbands_skewness": {
        "kurt": 3.00761461258,
        "max": 17.3268032074,
        "mean": 2.50020122528,
        "median": 1.50110530853,
        "min": -6.04158639908,
        "skew": 1.24284553528,
        "var": 14.1709671021
    },
    "barkbands_spread": {
        "kurt": 2.18190717697,
        "max": 43.2795448303,
        "mean": 7.80388307571,
        "median": 3.32610726357,
        "min": 0.101972304285,
        "skew": 1.73257565498,
        "var": 100.821434021
    },
    "dissonance": {
        "kurt": -0.749838113785,
        "max": 0.499998927116,
        "mean": 0.383099168539,
        "median": 0.435345411301,
        "min": 0.108173668385,
        "skew": -0.865289032459,
        "var": 0.0155403120443
    },
    "hfc": {
        "kurt": 9.19978046417,
        "max": 237.100097656,
        "mean": 28.560503006,
        "median": 18.3124217987,
        "min": 3.04246059386e-05,
        "skew": 2.36167693138,
        "var": 1234.91943359
    },
    "pitch": {
        "kurt": 1.1536860466,
        "max": 3692.30664062,
        "mean": 1056.13220215,
        "median": 649.448486328,
        "min": 148.580352783,
        "skew": 1.70408606529,
        "var": 1055788.5
    },
    "pitch_instantaneous_confidence": {
        "kurt": -0.813740491867,
        "max": 0.993332922459,
        "mean": 0.794927954674,
        "median": 0.923960328102,
        "min": 0.288250386715,
        "skew": -0.900287985802,
        "var": 0.0561713278294
    },
    "pitch_salience": {
        "kurt": -1.22142088413,
        "max": 0.831197917461,
        "mean": 0.418561965227,
        "median": 0.393787920475,
        "min": 0.0424713529646,
        "skew": 0.050505772233,
        "var": 0.0499835498631
    },
    "silence_rate_20dB": {
        "kurt": 0,
        "max": 1,
        "mean": 1,
        "median": 1,
        "min": 1,
        "skew": 0,
        "var": 0
    },
    "silence_rate_30dB": {
        "kurt": 8.52479171753,
        "max": 1,
        "mean": 0.925619840622,
        "median": 1,
        "min": 0,
        "skew": -3.24419569969,
        "var": 0.0688477382064
    },
    "silence_rate_60dB": {
        "kurt": -0.958330392838,
        "max": 1,
        "mean": 0.272727280855,
        "median": 0,
        "min": 0,
        "skew": 1.02062034607,
        "var": 0.198347046971
    },
    "spectral_centroid": {
        "kurt": 1.44181919098,
        "max": 3273.2902832,
        "mean": 1153.2166748,
        "median": 858.60559082,
        "min": 522.784484863,
        "skew": 1.54676389694,
        "var": 472027.65625
    },
    "spectral_complexity": {
        "kurt": 5.86490535736,
        "max": 35,
        "mean": 5.42975187302,
        "median": 3,
        "min": 0,
        "skew": 2.36881351471,
        "var": 49.4682540894
    },
    "spectral_crest": {
        "kurt": -1.21565651894,
        "max": 26.870016098,
        "mean": 17.8628540039,
        "median": 18.9102230072,
        "min": 5.82825756073,
        "skew": -0.264545917511,
        "var": 42.981678009
    },
    "spectral_decrease": {
        "kurt": 0.847623586655,
        "max": -2.91766809077e-15,
        "mean": -8.94109675187e-09,
        "median": -4.87497686663e-09,
        "min": -4.63614640012e-08,
        "skew": -1.26244139671,
        "var": 1.12022357206e-16
    },
    "spectral_energy": {
        "kurt": 0.745192289352,
        "max": 0.18438705802,
        "mean": 0.0363362915814,
        "median": 0.0198247414082,
        "min": 1.37715598925e-08,
        "skew": 1.24334108829,
        "var": 0.00182908622082
    },
    "spectral_energyband_high": {
        "kurt": 5.100730896,
        "max": 0.000113230576972,
        "mean": 1.29906011352e-05,
        "median": 2.00213594326e-06,
        "min": 6.41810160573e-10,
        "skew": 2.24730205536,
        "var": 4.81142181652e-10
    },
    "spectral_energyband_low": {
        "kurt": 16.3860492706,
        "max": 1.93115556613e-06,
        "mean": 1.06657736865e-07,
        "median": 1.16186988919e-08,
        "min": 5.28521219845e-11,
        "skew": 4.13699865341,
        "var": 1.16637141568e-13
    },
    "spectral_energyband_middle_high": {
        "kurt": 8.97699069977,
        "max": 0.092095464468,
        "mean": 0.0095864823088,
        "median": 0.0032684924081,
        "min": 1.01575574618e-08,
        "skew": 2.61657190323,
        "var": 0.000210798723856
    },
    "spectral_energyband_middle_low": {
        "kurt": 2.14862966537,
        "max": 0.182632148266,
        "mean": 0.0278693400323,
        "median": 0.0071265748702,
        "min": 2.94476953933e-09,
        "skew": 1.62226164341,
        "var": 0.00156952324323
    },
    "spectral_flatness_db": {
        "kurt": -0.323519945145,
        "max": 0.854884326458,
        "mean": 0.503312945366,
        "median": 0.514208316803,
        "min": 0.102485664189,
        "skew": -0.28383859992,
        "var": 0.0185127649456
    },
    "spectral_flux": {
        "kurt": 0.581294536591,
        "max": 0.300597369671,
        "mean": 0.0784442201257,
        "median": 0.060741648078,
        "min": 0.000399356504204,
        "skew": 0.978062331676,
        "var": 0.00507573829964
    },
    "spectral_kurtosis": {
        "kurt": -0.38111782074,
        "max": 208.500656128,
        "mean": 62.1564216614,
        "median": 46.8012962341,
        "min": -0.97745847702,
        "skew": 0.847917914391,
        "var": 3126.21264648
    },
    "spectral_rms": {
        "kurt": -1.04618239403,
        "max": 0.0134123004973,
        "mean": 0.00460514938459,
        "median": 0.00439786445349,
        "min": 3.66546964869e-06,
        "skew": 0.342654287815,
        "var": 1.42426270031e-05
    },
    "spectral_rolloff": {
        "kurt": -0.99076461792,
        "max": 3832.91015625,
        "mean": 1615.34619141,
        "median": 1119.7265625,
        "min": 516.796875,
        "skew": 0.769793748856,
        "var": 1144328.375
    },
    "spectral_skewness": {
        "kurt": -0.990992307663,
        "max": 12.2791452408,
        "mean": 4.71915626526,
        "median": 4.41004610062,
        "min": -0.636373758316,
        "skew": 0.282875806093,
        "var": 11.3561563492
    },
    "spectral_spread": {
        "kurt": 62.78540802,
        "max": 12627865,
        "mean": 1450315.125,
        "median": 1269208.5,
        "min": 285716.71875,
        "skew": 6.99289464951,
        "var": 1.40320663142e+12
    },
    "spectral_strongpeak": {
        "kurt": -0.767106533051,
        "max": 9.90922164917,
        "mean": 2.98123073578,
        "median": 2.52689695358,
        "min": 0.00127459107898,
        "skew": 0.534829854965,
        "var": 7.1224656105
    },
    "zerocrossingrate": {
        "kurt": 0.802563667297,
        "max": 0.1455078125,
        "mean": 0.0551313906908,
        "median": 0.04150390625,
        "min": 0.0224609375,
        "skew": 1.33881723881,
        "var": 0.00112024426926
    },
    "barkbands": {
        "kurt": [26.9707984924, 38.6324424744, 22.1554889679, 23.8064136505, 38.5495262146, 77.9409332275, 26.191734314, 6.52238464355, 7.22671127319, 6.16638851166, 31.7291526794, 7.526512146, 17.0867271423, 13.7651672363, 86.544708252, 45.2757148743, 31.523311615, 85.4865188599, 45.8765411377, 27.4512844086, 5.4758644104, 13.3415527344, 11.9757966995, 11.4761562347, 11.4388084412, 10.0384683609, 9.92555332184],
        "max": [5.37563131786e-08, 3.54260521362e-07, 1.33969865601e-06, 2.3116065222e-06, 9.29003726924e-05, 0.000418424751842, 0.0206163823605, 0.182625427842, 0.104416742921, 0.0517474040389, 0.0387288965285, 0.0127509217709, 0.0226179398596, 0.0134386168793, 0.0128618134186, 0.00644703395665, 0.00566209759563, 0.0465418770909, 0.000877158832736, 0.000506982556544, 6.04387641943e-05, 2.19197637819e-08, 1.56552761865e-08, 1.43023042298e-08, 1.35757707298e-08, 1.23575789601e-08, 1.30619932648e-08],
        "mean": [3.04827429964e-09, 1.26463071126e-08, 5.58354500413e-08, 1.06772439779e-07, 2.93916446026e-06, 8.17865384306e-06, 0.000882501364686, 0.0162174515426, 0.00844599120319, 0.00467564305291, 0.00133337837178, 0.00112749671098, 0.00131265458185, 0.000863789580762, 0.000207043674891, 0.000140663833008, 0.000223005437874, 0.000841878645588, 2.36310406763e-05, 2.30704645219e-05, 6.80831271893e-06, 1.79430259539e-09, 1.22951127057e-09, 1.13972742355e-09, 1.08083686445e-09, 1.03534081308e-09, 1.09858977471e-09],
        "median": [4.40032787985e-10, 1.22734511443e-09, 3.13205550384e-09, 1.76832610777e-08, 3.48925482285e-07, 5.72645092234e-07, 7.95055768776e-07, 3.9881299017e-05, 6.73648628435e-06, 0.000198029607418, 1.55279522005e-05, 1.96932705876e-06, 3.61428078577e-06, 3.44652253261e-05, 1.07242861702e-07, 1.28261103782e-06, 6.99666179571e-06, 8.39480526338e-06, 1.09622430955e-06, 1.86863553608e-06, 1.10405392206e-06, 4.59997984148e-10, 2.15135131931e-10, 1.68604491479e-10, 1.5085394045e-10, 1.41508540996e-10, 1.47695050634e-10],
        "min": [4.36920939424e-15, 1.64500585462e-12, 1.80863830856e-11, 5.36258537576e-11, 1.76732947721e-10, 2.89527957165e-10, 8.45528591586e-10, 2.9565344617e-10, 1.2553812434e-09, 2.67936506315e-10, 3.81256637372e-10, 5.4282184303e-10, 6.53656462291e-10, 2.88044754715e-10, 1.79691983515e-10, 2.21909018938e-10, 6.66986910147e-10, 5.70961944391e-09, 1.1404032163e-09, 3.35654171124e-10, 3.36840277892e-10, 2.22706293511e-13, 4.42426431235e-16, 3.18373850368e-16, 2.11125900249e-16, 1.40631146462e-16, 1.09696735605e-16],
        "skew": [4.63221216202, 6.04004764557, 4.67350912094, 4.70460557938, 6.07763433456, 8.49980068207, 4.90952014923, 2.61063957214, 2.84822630882, 2.58343887329, 5.46335458755, 2.72502112389, 3.89754533768, 3.47124767303, 9.07941913605, 6.62995195389, 5.36824512482, 8.93486785889, 6.54396343231, 4.89711999893, 2.34308886528, 3.22797465324, 3.15717840195, 3.11850380898, 3.12032938004, 2.99007844925, 2.98015880585],
        "var": [4.6189788566e-17, 2.14139373483e-15, 4.28076729609e-14, 1.01868580032e-13, 1.36008024287e-10, 1.7200314506e-09, 8.63036711962e-06, 0.00129001447931, 0.000473454914754, 0.000103308331745, 2.53945272561e-05, 5.55149927095e-06, 1.31965362016e-05, 4.16134162151e-06, 1.55165139404e-06, 5.89220292113e-07, 5.56228371806e-07, 2.02814971999e-05, 1.03109956129e-08, 4.29750013353e-09, 1.46813144974e-10, 1.02611655726e-17, 5.72525947225e-18, 4.92886983082e-18, 4.46301908062e-18, 4.04937790274e-18, 4.56569370134e-18],
        "cov": [[4.65747021748e-17, 8.90515052729e-17, 3.42603995448e-16, 3.700704946e-16, 1.34517412468e-14, 2.10139827902e-14, 1.63758611706e-12, 7.77950759367e-11, 2.27689481852e-11, -3.16459141878e-12, -2.00247804449e-12, 2.70990868634e-12, 5.0953282392e-12, 1.1970948931e-14, 8.12664822589e-13, 7.14724503539e-13, 5.08229471962e-13, 3.7303866593e-12, 1.1649450122e-13, 2.34428514605e-14, 9.76426957591e-17, 4.40628524395e-18, 2.64657657078e-18, 2.34231927556e-18, 2.16513966989e-18, 1.99496338888e-18, 2.09879751001e-18], [8.90515052729e-17, 2.15923881321e-15, 6.50355581495e-15, 1.26351201705e-14, 1.82035105305e-13, 1.47991232984e-12, 3.99875271784e-11, 3.41526418257e-10, -7.20823270864e-12, -2.05515136159e-11, 5.668450518e-12, 9.61446026959e-12, 1.79562822944e-11, 5.87325847679e-12, 1.24295114132e-11, 1.89561474156e-11, 1.20108359022e-11, 5.22984364149e-11, 1.2624227835e-12, 6.17273918611e-13, 2.17077247968e-14, 7.7852670919e-17, 5.24569787253e-17, 4.60380273934e-17, 4.25099234098e-17, 3.80881301838e-17, 3.9877593164e-17], [3.42603995448e-16, 6.50355581495e-15, 4.31644059688e-14, 5.84312600475e-14, 1.96769336935e-12, 5.04076945115e-12, 2.72889710828e-10, 1.52452672708e-09, -1.82044351815e-10, -1.7898764415e-10, 7.49788703347e-11, 1.7945726849e-10, 2.10659864552e-10, 1.58873428302e-10, 1.63509344953e-10, 1.22700308247e-10, 1.07201539312e-10, 6.64692412222e-10, 1.64209999765e-11, 7.21649953336e-12, 5.77162449777e-13, 2.95232380853e-16, 1.7140941209e-16, 1.42567212317e-16, 1.27913555564e-16, 1.07932868901e-16, 1.11755832995e-16], [3.700704946e-16, 1.26351201705e-14, 5.84312600475e-14, 1.02717490004e-13, 2.27620916907e-12, 7.66336646918e-12, 2.72317279837e-10, 2.61164534443e-09, -3.08738368204e-10, -2.08136022306e-10, 2.79184980689e-10, 2.51887816161e-10, 2.27624363802e-10, 1.95567381733e-10, 1.32670804898e-10, 1.35652697408e-10, 1.16773493652e-10, 5.76653891304e-10, 1.89893031854e-11, 9.45483448478e-12, 8.42792957818e-13, 5.88388101618e-16, 3.73491660674e-16, 3.23259933454e-16, 2.97145537114e-16, 2.60156534749e-16, 2.71890429228e-16], [1.34517412468e-14, 1.82035105305e-13, 1.96769336935e-12, 2.27620916907e-12, 1.37141423218e-10, 2.08019296233e-10, 1.64178821649e-08, 4.28857056534e-08, -1.61294781975e-08, -6.34922070475e-09, 7.67649321887e-09, 1.17087104456e-08, 1.18911707148e-08, 1.45734277979e-08, 1.12774172223e-08, 7.43951922288e-09, 7.52228679346e-09, 4.18740206953e-08, 1.16925391591e-09, 4.39940861519e-10, 4.30638857907e-11, 5.84333429015e-15, 2.38934801882e-15, 1.60744438779e-15, 1.22924100047e-15, 7.58388302346e-16, 7.06146327714e-16], [2.10139827902e-14, 1.47991232984e-12, 5.04076945115e-12, 7.66336646918e-12, 2.08019296233e-10, 1.73436509598e-09, 5.51530838777e-08, 1.70325442639e-08, -5.29528740856e-08, -1.1110955711e-08, 3.78449577232e-10, 2.43516939946e-09, 9.0568779143e-09, 9.58450740995e-09, 1.94321607694e-08, 2.45029720958e-08, 1.56412234276e-08, 7.44644736983e-08, 1.44648237832e-09, 5.79615744289e-10, 4.79239668782e-11, 2.77829551086e-14, 1.71081105825e-14, 1.3632994439e-14, 1.16265639694e-14, 1.01284616883e-14, 1.02839320447e-14], [1.63758611706e-12, 3.99875271784e-11, 2.72889710828e-10, 2.72317279837e-10, 1.64178821649e-08, 5.51530838777e-08, 8.70228723215e-06, 1.43394327097e-05, -5.26291569258e-06, -2.93943344332e-06, 2.23261690735e-06, 8.4713427384e-08, 1.427569714e-06, 1.25547808238e-06, 2.26027168537e-06, 1.4188624391e-06, 1.16028184038e-06, 8.28324209579e-06, 1.26308748349e-07, 6.25982536917e-08, 3.69980512893e-09, 1.27551289843e-12, 9.80944817562e-13, 8.68576044422e-13, 7.98940666229e-13, 7.5392101416e-13, 7.91785528201e-13], [7.77950759367e-11, 3.41526418257e-10, 1.52452672708e-09, 2.61164534443e-09, 4.28857056534e-08, 1.70325442639e-08, 1.43394327097e-05, 0.00130076461937, -0.000118932970508, -6.89314038027e-05, 7.02847364664e-06, 2.36453142861e-05, -5.55545375391e-06, -3.13193368129e-06, 9.90756802821e-07, 1.38163090924e-06, 3.90727905142e-07, 8.5494666564e-06, 4.21237729142e-07, 2.20580162136e-07, -2.00907326331e-08, 4.28241435368e-11, 3.37049103905e-11, 3.1117112359e-11, 2.95819896357e-11, 2.77995508557e-11, 2.94991253647e-11], [2.27689481852e-11, -7.20823270864e-12, -1.82044351815e-10, -3.08738368204e-10, -1.61294781975e-08, -5.29528740856e-08, -5.26291569258e-06, -0.000118932970508, 0.000477400346426, -2.85045338444e-08, -3.85293287763e-06, 7.7681224866e-06, 4.42401396867e-05, -4.26409360443e-06, -1.26970337533e-06, -6.79208142174e-07, -1.24061500628e-06, -4.42790451416e-06, -1.48208428641e-07, -1.40465388654e-07, -3.60634651031e-08, 1.22777907632e-11, 7.99244871674e-12, 7.64178564178e-12, 7.34120490092e-12, 7.22938462566e-12, 7.70516810078e-12], [-3.16459141878e-12, -2.05515136159e-11, -1.7898764415e-10, -2.08136022306e-10, -6.34922070475e-09, -1.1110955711e-08, -2.93943344332e-06, -6.89314038027e-05, -2.85045338444e-08, 0.000104169237602, -4.2783455001e-07, -4.39519044448e-06, -5.04720992467e-06, 2.28823932957e-06, -5.62484046895e-07, -3.36629398134e-07, 9.54681013354e-07, -2.44263196691e-06, -6.27331431247e-08, -3.96410690939e-08, 5.53771535294e-08, 3.56232838367e-13, -8.32212066187e-13, -7.41223109366e-13, -6.96206222013e-13, -6.32154701849e-13, -6.68998656386e-13], [-2.00247804449e-12, 5.668450518e-12, 7.49788703347e-11, 2.79184980689e-10, 7.67649321887e-09, 3.78449577232e-10, 2.23261690735e-06, 7.02847364664e-06, -3.85293287763e-06, -4.2783455001e-07, 2.56061484833e-05, 1.01418982013e-06, 1.92273660105e-06, 1.5647191276e-06, 2.81194701302e-07, 1.25350396729e-07, 2.85521593923e-07, 2.84645852844e-06, 6.72549731462e-08, 1.07063335975e-07, 2.62700154963e-08, 8.77747107311e-14, 4.9071976273e-14, 1.53074455916e-14, 7.20518158077e-15, -3.83230366928e-14, -4.45044188676e-14], [2.70990868634e-12, 9.61446026959e-12, 1.7945726849e-10, 2.51887816161e-10, 1.17087104456e-08, 2.43516939946e-09, 8.4713427384e-08, 2.36453142861e-05, 7.7681224866e-06, -4.39519044448e-06, 1.01418982013e-06, 5.5977620832e-06, 3.45995840689e-06, 1.00619990917e-06, 3.54058244056e-07, 3.13031392807e-07, 3.81060203836e-07, 1.59086982876e-06, 1.06475717132e-07, 3.70258241844e-08, 4.44516778941e-09, 1.43587561546e-12, 8.41186387039e-13, 7.10206036775e-13, 6.43667356828e-13, 5.55348302067e-13, 5.7899551039e-13], [5.0953282392e-12, 1.79562822944e-11, 2.10659864552e-10, 2.27624363802e-10, 1.18911707148e-08, 9.0568779143e-09, 1.427569714e-06, -5.55545375391e-06, 4.42401396867e-05, -5.04720992467e-06, 1.92273660105e-06, 3.45995840689e-06, 1.33065068439e-05, 7.50905826408e-07, 1.05014601104e-06, 6.07161098287e-07, 5.96664790464e-07, 4.15493605033e-06, 1.00008833215e-07, 4.16523775471e-08, 1.72305492097e-09, 1.17346703101e-12, 4.05235171591e-13, 3.11738021464e-13, 2.66503209475e-13, 1.98947222628e-13, 2.00510167823e-13], [1.1970948931e-14, 5.87325847679e-12, 1.58873428302e-10, 1.95567381733e-10, 1.45734277979e-08, 9.58450740995e-09, 1.25547808238e-06, -3.13193368129e-06, -4.26409360443e-06, 2.28823932957e-06, 1.5647191276e-06, 1.00619990917e-06, 7.50905826408e-07, 4.196019745e-06, 1.17041258818e-06, 6.69092912631e-07, 9.00166867268e-07, 4.00596127292e-06, 1.28907913677e-07, 5.81906718367e-08, 1.17380603015e-08, 5.2554092805e-13, 1.34879574957e-13, 8.27364909982e-14, 5.8069604084e-14, 3.00315328161e-14, 2.52030553816e-14], [8.12664822589e-13, 1.24295114132e-11, 1.63509344953e-10, 1.32670804898e-10, 1.12774172223e-08, 1.94321607694e-08, 2.26027168537e-06, 9.90756802821e-07, -1.26970337533e-06, -5.62484046895e-07, 2.81194701302e-07, 3.54058244056e-07, 1.05014601104e-06, 1.17041258818e-06, 1.5645817939e-06, 8.18902549327e-07, 7.76855642926e-07, 5.53986137675e-06, 9.16101043913e-08, 4.25525712444e-08, 1.94435489931e-09, 1.46348916059e-13, 4.75965431347e-14, 1.63819051911e-14, -4.6585965066e-16, -1.10056202094e-14, -1.69544537237e-14], [7.14724503539e-13, 1.89561474156e-11, 1.22700308247e-10, 1.35652697408e-10, 7.43951922288e-09, 2.45029720958e-08, 1.4188624391e-06, 1.38163090924e-06, -6.79208142174e-07, -3.36629398134e-07, 1.25350396729e-07, 3.13031392807e-07, 6.07161098287e-07, 6.69092912631e-07, 8.18902549327e-07, 5.94130426634e-07, 4.9629267096e-07, 2.98824716083e-06, 5.96673572772e-08, 2.3796760118e-08, 1.56476109847e-09, 3.72627086522e-13, 1.96789362149e-13, 1.45132671614e-13, 1.1625376768e-13, 9.51221862237e-14, 9.37561999066e-14], [5.08229471962e-13, 1.20108359022e-11, 1.07201539312e-10, 1.16773493652e-10, 7.52228679346e-09, 1.56412234276e-08, 1.16028184038e-06, 3.90727905142e-07, -1.24061500628e-06, 9.54681013354e-07, 2.85521593923e-07, 3.81060203836e-07, 5.96664790464e-07, 9.00166867268e-07, 7.76855642926e-07, 4.9629267096e-07, 5.60863611554e-07, 2.76719720205e-06, 6.26189731179e-08, 2.49201956848e-08, 2.92727753148e-09, 2.73990574153e-13, 7.98575208781e-14, 4.43552292605e-14, 2.60721061033e-14, 9.49301926537e-15, 4.66362618824e-15], [3.7303866593e-12, 5.22984364149e-11, 6.64692412222e-10, 5.76653891304e-10, 4.18740206953e-08, 7.44644736983e-08, 8.28324209579e-06, 8.5494666564e-06, -4.42790451416e-06, -2.44263196691e-06, 2.84645852844e-06, 1.59086982876e-06, 4.15493605033e-06, 4.00596127292e-06, 5.53986137675e-06, 2.98824716083e-06, 2.76719720205e-06, 2.04505086003e-05, 3.41463277209e-07, 1.63738633319e-07, 9.95038895724e-09, 1.23706145154e-12, 5.36858643478e-13, 3.46741054922e-13, 2.50177482897e-13, 1.51569037811e-13, 1.34689785367e-13], [1.1649450122e-13, 1.2624227835e-12, 1.64209999765e-11, 1.89893031854e-11, 1.16925391591e-09, 1.44648237832e-09, 1.26308748349e-07, 4.21237729142e-07, -1.48208428641e-07, -6.27331431247e-08, 6.72549731462e-08, 1.06475717132e-07, 1.00008833215e-07, 1.28907913677e-07, 9.16101043913e-08, 5.96673572772e-08, 6.26189731179e-08, 3.41463277209e-07, 1.03969206577e-08, 3.92991772458e-09, 3.67751717967e-10, 5.96224187643e-14, 2.68439953697e-14, 1.97027385184e-14, 1.61957273493e-14, 1.18939409306e-14, 1.17936776407e-14], [2.34428514605e-14, 6.17273918611e-13, 7.21649953336e-12, 9.45483448478e-12, 4.39940861519e-10, 5.79615744289e-10, 6.25982536917e-08, 2.20580162136e-07, -1.40465388654e-07, -3.96410690939e-08, 1.07063335975e-07, 3.70258241844e-08, 4.16523775471e-08, 5.81906718367e-08, 4.25525712444e-08, 2.3796760118e-08, 2.49201956848e-08, 1.63738633319e-07, 3.92991772458e-09, 4.33331281968e-09, 2.26882027055e-10, 2.59939639258e-14, 1.22046453212e-14, 8.98354504122e-15, 7.53131044128e-15, 5.08121089014e-15, 5.03170901416e-15], [9.76426957591e-17, 2.17077247968e-14, 5.77162449777e-13, 8.42792957818e-13, 4.30638857907e-11, 4.79239668782e-11, 3.69980512893e-09, -2.00907326331e-08, -3.60634651031e-08, 5.53771535294e-08, 2.62700154963e-08, 4.44516778941e-09, 1.72305492097e-09, 1.17380603015e-08, 1.94435489931e-09, 1.56476109847e-09, 2.92727753148e-09, 9.95038895724e-09, 3.67751717967e-10, 2.26882027055e-10, 1.4803659687e-10, 5.70260823629e-15, 1.99764271456e-15, 1.55875206355e-15, 1.33110105342e-15, 1.08954896209e-15, 1.10891033532e-15], [4.40628524395e-18, 7.7852670919e-17, 2.95232380853e-16, 5.88388101618e-16, 5.84333429015e-15, 2.77829551086e-14, 1.27551289843e-12, 4.28241435368e-11, 1.22777907632e-11, 3.56232838367e-13, 8.77747107311e-14, 1.43587561546e-12, 1.17346703101e-12, 5.2554092805e-13, 1.46348916059e-13, 3.72627086522e-13, 2.73990574153e-13, 1.23706145154e-12, 5.96224187643e-14, 2.59939639258e-14, 5.70260823629e-15, 1.03466753684e-17, 7.54047672082e-18, 6.94112315566e-18, 6.57546341639e-18, 6.19450621245e-18, 6.5637042168e-18], [2.64657657078e-18, 5.24569787253e-17, 1.7140941209e-16, 3.73491660674e-16, 2.38934801882e-15, 1.71081105825e-14, 9.80944817562e-13, 3.37049103905e-11, 7.99244871674e-12, -8.32212066187e-13, 4.9071976273e-14, 8.41186387039e-13, 4.05235171591e-13, 1.34879574957e-13, 4.75965431347e-14, 1.96789362149e-13, 7.98575208781e-14, 5.36858643478e-13, 2.68439953697e-14, 1.22046453212e-14, 1.99764271456e-15, 7.54047672082e-18, 5.77297000921e-18, 5.35074104221e-18, 5.08496418908e-18, 4.82435845556e-18, 5.11796249167e-18], [2.34231927556e-18, 4.60380273934e-17, 1.42567212317e-16, 3.23259933454e-16, 1.60744438779e-15, 1.3632994439e-14, 8.68576044422e-13, 3.1117112359e-11, 7.64178564178e-12, -7.41223109366e-13, 1.53074455916e-14, 7.10206036775e-13, 3.11738021464e-13, 8.27364909982e-14, 1.63819051911e-14, 1.45132671614e-13, 4.43552292605e-14, 3.46741054922e-13, 1.97027385184e-14, 8.98354504122e-15, 1.55875206355e-15, 6.94112315566e-18, 5.35074104221e-18, 4.96994389773e-18, 4.72796461724e-18, 4.49449082139e-18, 4.76980506698e-18], [2.16513966989e-18, 4.25099234098e-17, 1.27913555564e-16, 2.97145537114e-16, 1.22924100047e-15, 1.16265639694e-14, 7.98940666229e-13, 2.95819896357e-11, 7.34120490092e-12, -6.96206222013e-13, 7.20518158077e-15, 6.43667356828e-13, 2.66503209475e-13, 5.8069604084e-14, -4.6585965066e-16, 1.1625376768e-13, 2.60721061033e-14, 2.50177482897e-13, 1.61957273493e-14, 7.53131044128e-15, 1.33110105342e-15, 6.57546341639e-18, 5.08496418908e-18, 4.72796461724e-18, 4.50021118892e-18, 4.2813962743e-18, 4.54450629713e-18], [1.99496338888e-18, 3.80881301838e-17, 1.07932868901e-16, 2.60156534749e-16, 7.58388302346e-16, 1.01284616883e-14, 7.5392101416e-13, 2.77995508557e-11, 7.22938462566e-12, -6.32154701849e-13, -3.83230366928e-14, 5.55348302067e-13, 1.98947222628e-13, 3.00315328161e-14, -1.10056202094e-14, 9.51221862237e-14, 9.49301926537e-15, 1.51569037811e-13, 1.18939409306e-14, 5.08121089014e-15, 1.08954896209e-15, 6.19450621245e-18, 4.82435845556e-18, 4.49449082139e-18, 4.2813962743e-18, 4.08312273583e-18, 4.3354748612e-18], [2.09879751001e-18, 3.9877593164e-17, 1.11755832995e-16, 2.71890429228e-16, 7.06146327714e-16, 1.02839320447e-14, 7.91785528201e-13, 2.94991253647e-11, 7.70516810078e-12, -6.68998656386e-13, -4.45044188676e-14, 5.7899551039e-13, 2.00510167823e-13, 2.52030553816e-14, -1.69544537237e-14, 9.37561999066e-14, 4.66362618824e-15, 1.34689785367e-13, 1.17936776407e-14, 5.03170901416e-15, 1.10891033532e-15, 6.5637042168e-18, 5.11796249167e-18, 4.76980506698e-18, 4.54450629713e-18, 4.3354748612e-18, 4.60374111438e-18]]
    },
    "mfcc": {
        "kurt": [-0.26208281517, -0.83407497406, -0.627772092819, -0.706337213516, -0.789803743362, -0.0113303661346, 0.506098747253, -0.673599243164, -0.352184534073, -0.491207122803, -0.657979249954, -1.18856298923, -0.724414348602],
        "max": [-671.778381348, 200.300689697, 22.2354125977, 45.2072792053, 8.4154510498, 2.28881835938e-05, 38.2177047729, 31.0995883942, 50.8704032898, 26.6433582306, 36.6711235046, 61.994644165, 48.7935142517],
        "mean": [-916.925354004, 100.908996582, -91.525970459, -37.9779434204, -48.8144683838, -50.2748718262, -1.82146525383, -4.94644546509, 1.12901318073, 0.682362318039, 0.889355897903, 11.5647335052, -15.1909017563],
        "median": [-898.796020508, 103.693733215, -104.572570801, -41.5059585571, -55.1510925293, -53.2340354919, -1.77657699585, -4.51812744141, -4.40309143066, -2.28881835938e-05, 4.54890823364, 3.6722946167, -9.71720504761],
        "min": [-1138.42004395, 1.14440917969e-05, -203.056594849, -101.364906311, -98.9202423096, -97.7297668457, -45.1623306274, -43.1416320801, -30.729516983, -18.4897994995, -42.4059333801, -45.8407096863, -81.674407959],
        "skew": [-0.265100121498, -0.262211292982, 0.390733510256, 0.372763514519, 0.477484703064, 0.283505886793, -0.0902193412185, -0.0999089702964, 0.750468671322, 0.251483917236, -0.39111879468, 0.0698970705271, -0.324423223734],
        "var": [11600.1113281, 2568.32080078, 2955.19677734, 1341.69445801, 794.556152344, 375.141571045, 214.706817627, 324.105529785, 416.332336426, 97.5142822266, 348.557556152, 888.62689209, 1114.32287598],
        "cov": [[11696.7792969, 4991.95019531, -5513.35595703, -2582.43969727, -2091.328125, -1205.52502441, 219.554916382, -548.056945801, 556.770446777, 196.735549927, 199.70223999, 1301.59790039, -522.767150879], [4991.95019531, 2589.72338867, -2014.85778809, -1465.75268555, -1094.65661621, -616.871765137, -94.7186813354, -318.264282227, 109.890762329, 97.7546844482, 363.04309082, 1025.95996094, 182.152252197], [-5513.35595703, -2014.85778809, 2979.82348633, 1165.12890625, 883.645446777, 452.980987549, -274.849517822, 100.120918274, -441.075775146, -107.961891174, 84.866569519, -263.546417236, 631.231750488], [-2582.43969727, -1465.75268555, 1165.12890625, 1352.87524414, 884.515869141, 241.404296875, 8.18332004547, 41.2152290344, -251.958068848, -94.612159729, -269.584381104, -643.955810547, 53.7693328857], [-2091.328125, -1094.65661621, 883.645446777, 884.515869141, 801.177490234, 313.625640869, -36.5236129761, 83.0129928589, -132.118148804, -48.7288665771, -149.850570679, -469.145874023, -8.10794448853], [-1205.52502441, -616.871765137, 452.980987549, 241.404296875, 313.625640869, 378.267730713, 56.9706306458, 52.7192382812, 89.9814147949, -12.3145093918, -136.235015869, -327.821624756, -255.434539795], [219.554916382, -94.7186813354, -274.849517822, 8.18332004547, -36.5236129761, 56.9706306458, 216.496047974, 126.695297241, 81.6505203247, -4.75937700272, -118.255958557, -236.284576416, -284.910217285], [-548.056945801, -318.264282227, 100.120918274, 41.2152290344, 83.0129928589, 52.7192382812, 126.695297241, 326.806427002, 165.738464355, -16.6211032867, -60.1272010803, -246.271026611, -302.826599121], [556.770446777, 109.890762329, -441.075775146, -251.958068848, -132.118148804, 89.9814147949, 81.6505203247, 165.738464355, 419.801757812, 54.4902153015, -145.040817261, -179.840866089, -523.939147949], [196.735549927, 97.7546844482, -107.961891174, -94.612159729, -48.7288665771, -12.3145093918, -4.75937700272, -16.6211032867, 54.4902153015, 98.3269042969, 66.5930328369, 54.9081611633, 2.10629653931], [199.70223999, 363.04309082, 84.866569519, -269.584381104, -149.850570679, -136.235015869, -118.255958557, -60.1272010803, -145.040817261, 66.5930328369, 351.462219238, 439.576446533, 328.427246094], [1301.59790039, 1025.95996094, -263.546417236, -643.955810547, -469.145874023, -327.821624756, -236.284576416, -246.271026611, -179.840866089, 54.9081611633, 439.576446533, 896.032104492, 662.168212891], [-522.767150879, 182.152252197, 631.231750488, 53.7693328857, -8.10794448853, -255.434539795, -284.910217285, -302.826599121, -523.939147949, 2.10629653931, 328.427246094, 662.168212891, 1123.60888672]]
    },
    "sccoeffs": {
        "kurt": [-1.03296518326, -1.46742856503, -1.2379655838, -1.07000398636, -0.445424795151, -0.758286714554],
        "max": [-0.503890931606, -0.0972349122167, -0.263961791992, -0.340075194836, -0.469652473927, -0.541116654873],
        "mean": [-0.7195982337, -0.565509259701, -0.600928246975, -0.640194773674, -0.729508638382, -0.731167256832],
        "median": [-0.710071742535, -0.648937642574, -0.593030929565, -0.606685459614, -0.728179991245, -0.716902375221],
        "min": [-0.942447602749, -0.942133367062, -0.935611605644, -0.925421655178, -0.901657819748, -0.927903056145],
        "skew": [-0.030481915921, 0.318462133408, -0.0321300700307, -0.215954586864, 0.31980317831, -0.21895749867],
        "var": [0.010886088945, 0.0684790313244, 0.041263461113, 0.0256787631661, 0.0106013771147, 0.00855340156704],
        "cov": [[0.010976806283, -0.0114169884473, -0.00936951022595, -0.00692006293684, -0.00199379748665, 0.00536508345976], [-0.0114169884473, 0.069049693644, 0.0109484074637, 0.0187066271901, 0.00308855110779, -0.0107789533213], [-0.00936951022595, 0.0109484074637, 0.041607324034, 0.025173150003, 0.0144730014727, -0.0026145442389], [-0.00692006293684, 0.0187066271901, 0.025173150003, 0.025892753154, 0.0107677830383, -0.00234375102445], [-0.00199379748665, 0.00308855110779, 0.0144730014727, 0.0107677830383, 0.0106897214428, 0.000445330020739], [0.00536508345976, -0.0107789533213, -0.0026145442389, -0.00234375102445, 0.000445330020739, 0.00862467940897]]
    },
    "scvalleys": {
        "kurt": [-1.00505340099, 0.821200609207, -0.563240528107, 1.05616474152, 0.950531721115, -0.39922118187],
        "max": [-8.48010826111, -4.74702644348, -4.16186666489, -4.57771205902, -6.77439641953, -11.48396492],
        "mean": [-11.4132289886, -8.89814090729, -8.2385187149, -9.57963466644, -9.71398162842, -14.2683963776],
        "median": [-11.1839199066, -9.09961605072, -8.29452514648, -9.89527702332, -10.0015296936, -13.5787200928],
        "min": [-14.7126646042, -11.9451847076, -12.1656103134, -12.9568300247, -12.8607683182, -20.2437553406],
        "skew": [-0.281345367432, 0.752336680889, 0.0584734715521, 0.999473035336, 0.73247808218, -0.828232944012],
        "var": [2.34102344513, 1.59878730774, 3.38862991333, 2.34330868721, 1.05654191971, 4.50901842117],
        "cov": [[2.36053180695, 1.27910017967, 1.77357685566, 1.32871031761, 0.700215041637, 2.44062852859], [1.27910017967, 1.61211049557, 2.01788306236, 1.71340215206, 1.05172777176, 1.53992450237], [1.77357685566, 2.01788306236, 3.41686868668, 2.54584813118, 1.48117780685, 2.53209352493], [1.32871031761, 1.71340215206, 2.54584813118, 2.36283612251, 1.44503414631, 1.84451520443], [0.700215041637, 1.05172777176, 1.48117780685, 1.44503414631, 1.06534647942, 0.985031962395], [2.44062852859, 1.53992450237, 2.53209352493, 1.84451520443, 0.985031962395, 4.54659366608]]
    }
},
"rhythm": {
    "beats_loudness": {
        "kurt": -0.895624399185,
        "max": 0.0682265087962,
        "mean": 0.0281831622124,
        "median": 0.0222479570657,
        "min": 1.02263538793e-05,
        "skew": 0.675923883915,
        "var": 0.000616916688159
    },
    "bpm": 98.7589645386,
    "confidence": 0,
    "first_peak_bpm": {
        "kurt": 0,
        "max": 99,
        "mean": 99,
        "median": 99,
        "min": 99,
        "skew": 0,
        "var": 0
    },
    "first_peak_spread": {
        "kurt": 0,
        "max": 0,
        "mean": 0,
        "median": 0,
        "min": 0,
        "skew": 0,
        "var": 0
    },
    "first_peak_weight": {
        "kurt": 0,
        "max": 1,
        "mean": 1,
        "median": 1,
        "min": 1,
        "skew": 0,
        "var": 0
    },
    "onset_rate": 2.1623301506,
    "second_peak_bpm": {
        "kurt": 0,
        "max": 0,
        "mean": 0,
        "median": 0,
        "min": 0,
        "skew": 0,
        "var": 0
    },
    "second_peak_spread": {
        "kurt": 0,
        "max": 0,
        "mean": 0,
        "median": 0,
        "min": 0,
        "skew": 0,
        "var": 0
    },
    "second_peak_weight": {
        "kurt": 0,
        "max": 0,
        "mean": 0,
        "median": 0,
        "min": 0,
        "skew": 0,
        "var": 0
    },
    "beats_loudness_band_ratio": {
        "kurt": [-0.666671514511, -0.667605876923, -1.82587099075, -0.782723426819, -1.42228722572, -0.666669368744],
        "max": [0.00108092243318, 0.00609122682363, 0.990929961205, 0.866044342518, 0.253573477268, 0.423439979553],
        "mean": [0.000271979457466, 0.00160704483278, 0.483717173338, 0.314768224955, 0.0974026396871, 0.106013707817],
        "median": [2.66927872872e-06, 0.000141046461067, 0.471809178591, 0.192335397005, 0.0673023164272, 0.000286761613097],
        "min": [1.65679045949e-06, 5.48596362933e-05, 0.000320258171996, 0.0083577549085, 0.00143245188519, 4.13187008235e-05],
        "skew": [1.15469479561, 1.15349388123, 0.0354332923889, 0.962792575359, 0.451819807291, 1.15469717979],
        "var": [2.18129926566e-07, 6.70497274768e-06, 0.173677504063, 0.107065558434, 0.0110152922571, 0.0335865095258],
        "cov": [[2.90839892614e-07, 1.6121656472e-06, -0.000118940246466, -4.96562133776e-05, 5.61369706702e-05, 0.000114124290121], [1.6121656472e-06, 8.93996366358e-06, -0.00064957072027, -0.000284245441435, 0.000310444651404, 0.000632619310636], [-0.000118940246466, -0.00064957072027, 0.231570005417, -0.136333286762, -0.0490018390119, -0.0467638075352], [-4.96562133776e-05, -0.000284245441435, -0.136333286762, 0.142754077911, 0.0125721590593, -0.0194098223001], [5.61369706702e-05, 0.000310444651404, -0.0490018390119, 0.0125721590593, 0.0146870566532, 0.0220448654145], [0.000114124290121, 0.000632619310636, -0.0467638075352, -0.0194098223001, 0.0220448654145, 0.044782012701]]
    },
    "beats_position": [0.615328788757, 1.23065757751, 1.83437633514, 2.43809509277],
    "bpm_estimates": [97.5088424683, 99.3840255737, 99.3840255737],
    "bpm_intervals": [0.615328788757, 0.603718757629, 0.603718757629],
    "onset_times": [0.220589563251, 0.650158703327, 1.10294783115, 1.24226760864, 1.83437645435, 2.00852608681],
    "histogram": [[0, 0, 0, 0, 0, 0, 0, 0, 0, 0, 0, 0, 0, 0, 0, 0, 0, 0, 0, 0, 0, 0, 0, 0, 0, 0, 0, 0, 0, 0, 0, 0, 0, 0, 0, 0, 0, 0, 0, 0, 0, 0, 0, 0, 0, 0, 0, 0, 0, 0, 0, 0, 0, 0, 0, 0, 0, 0, 0, 0, 0, 0, 0, 0, 0, 0, 0, 0, 0, 0, 0, 0, 0, 0, 0, 0, 0, 0, 0, 0, 0, 0, 0, 0, 0, 0, 0, 0, 0, 0, 0, 0, 0, 0, 0, 0, 0, 0, 0.333333343267, 0.666666686535, 0, 0, 0, 0, 0, 0, 0, 0, 0, 0, 0, 0, 0, 0, 0, 0, 0, 0, 0, 0, 0, 0, 0, 0, 0, 0, 0, 0, 0, 0, 0, 0, 0, 0, 0, 0, 0, 0, 0, 0, 0, 0, 0, 0, 0, 0, 0, 0, 0, 0, 0, 0, 0, 0, 0, 0, 0, 0, 0, 0, 0, 0, 0, 0, 0, 0, 0, 0, 0, 0, 0, 0, 0, 0, 0, 0, 0, 0, 0, 0, 0, 0, 0, 0, 0, 0, 0, 0, 0, 0, 0, 0, 0, 0, 0, 0, 0, 0, 0, 0, 0, 0, 0, 0, 0, 0, 0, 0, 0, 0, 0, 0, 0, 0, 0, 0, 0, 0, 0, 0, 0, 0, 0, 0, 0, 0, 0, 0, 0, 0, 0, 0, 0, 0, 0, 0, 0, 0, 0, 0, 0, 0, 0, 0, 0, 0, 0, 0, 0, 0]]
},
"sfx": {
    "inharmonicity": {
        "kurt": 17.090675354,
        "max": 0.395350694656,
        "mean": 0.0223514139652,
        "median": 0.000816552375909,
        "min": 0,
        "skew": 4.04298257828,
        "var": 0.00398027012125
    },
    "oddtoevenharmonicenergyratio": {
        "kurt": 47.5846176147,
        "max": 32.211894989,
        "mean": 0.888756871223,
        "median": 0.0521398112178,
        "min": 0,
        "skew": 6.57086038589,
        "var": 13.4708061218
    },
    "pitch_after_max_to_before_max_energy_ratio": 6.06628894806,
    "pitch_centroid": 67.4099731445,
    "pitch_max_to_total": 0.0165289249271,
    "pitch_min_to_total": 0.842975199223,
    "tristimulus": {
        "kurt": [-0.0242586135864, -0.0585107803345, 4.20567131042],
        "max": [1, 0.79731965065, 0.614949703217],
        "mean": [0.663618683815, 0.259188264608, 0.0771931558847],
        "median": [0.724748849869, 0.22623744607, 0.0161390192807],
        "min": [0, 0, 0],
        "skew": [-0.886710882187, 0.73438513279, 2.33743000031],
        "var": [0.0795955806971, 0.0415658466518, 0.0211936701089],
        "cov": [[0.0802588760853, -0.0504003763199, -0.0298584792763], [-0.0504003763199, 0.0419122315943, 0.00848819315434], [-0.0298584792763, 0.00848819315434, 0.0213702842593]]
    }
},
"tonal": {
    "chords_changes_rate": 0.213114753366,
    "chords_number_rate": 0.114754095674,
    "chords_strength": {
        "kurt": -1.20470106602,
        "max": 0.570965826511,
        "mean": 0.508074760437,
        "median": 0.511026084423,
        "min": 0.455836743116,
        "skew": 0.0497849583626,
        "var": 0.000937666161917
    },
    "key_strength": 0.46221858263,
    "tuning_diatonic_strength": 0.592284977436,
    "tuning_equal_tempered_deviation": 0.24030855298,
    "tuning_frequency": 442.293365479,
    "tuning_nontempered_energy_ratio": 0.884731709957,
    "hpcp": {
        "kurt": [5.62648963928, 6.1153717041, 7.77840614319, 15.0534305573, 10.8983097076, 14.4078178406, 14.5548496246, 6.07116413116, 1.64044761658, 2.03706026077, 6.36026477814, 3.38506793976, 0.545078992844, -0.193782567978, 0.940961360931, 2.53462505341, 9.46864128113, 32.885181427, 14.7912540436, 6.30900096893, 5.95473957062, 7.498878479, 13.3541984558, 9.29957008362, 6.38366317749, 9.14839553833, 6.80739593506, 6.0748462677, 5.02406597137, 1.9083609581, 1.58051872253, 1.7901391983, 1.1639881134, 1.19968414307, 2.67904758453, 6.33085250854],
        "max": [1, 1, 0.783867657185, 1, 0.931451439857, 1, 0.88941681385, 0.953941345215, 1, 1, 1, 1, 1, 1, 1, 0.862663209438, 0.633611142635, 0.895318448544, 0.943431198597, 1, 1, 0.741735041142, 0.810325264931, 0.916341781616, 0.860571920872, 1, 1, 1, 1, 1, 1, 1, 1, 1, 1, 0.898043453693],
        "mean": [0.128925099969, 0.114147119224, 0.0824157223105, 0.0817250162363, 0.0856751278043, 0.081611469388, 0.0696173682809, 0.108859859407, 0.18760676682, 0.174802020192, 0.127118706703, 0.150768861175, 0.216867312789, 0.248686462641, 0.205922082067, 0.128072813153, 0.0645378753543, 0.0467146709561, 0.0679350569844, 0.122668281198, 0.12879820168, 0.0811251401901, 0.0701243951917, 0.0865253657103, 0.096141114831, 0.101801969111, 0.113350227475, 0.116757087409, 0.124578349292, 0.17559248209, 0.189759477973, 0.185084924102, 0.196253091097, 0.189182341099, 0.143481045961, 0.104981094599],
        "median": [0.014303682372, 0.0159776452929, 0.00715014757589, 0.00764258485287, 0.00709385983646, 0.00177291978616, 0.00834840442985, 0.0130170509219, 0.0174913853407, 0.0152874337509, 0.0134886838496, 0.022677404806, 0.0369211360812, 0.0281363073736, 0.0191393103451, 0.00833250023425, 0.0152425598353, 0.00805065128952, 0.0079917544499, 0.010484341532, 0.012671129778, 0.0175749454647, 0.0153000252321, 0.0207442846149, 0.02126692608, 0.0196808986366, 0.0198184736073, 0.00734976492822, 0.00554571673274, 0.02537602745, 0.0289472993463, 0.0247760545462, 0.0157788172364, 0.0253435987979, 0.0210643690079, 0.0121906073764],
