{
"metadata": {
    "version": {
        "essentia": "2.1-beta3"
    }
},
"lowLevel": {
    "average_loudness": 0.942006468773,
    "barkbands_kurtosis": {
        "kurt": 17.3998851776,
        "max": 49.196105957,
        "mean": 3.78997206688,
        "median": 2.01920628548,
        "min": -1.70880162716,
        "skew": 3.50571584702,
        "var": 37.9344291687
    },
    "barkbands_skewness": {
        "kurt": 2.44829082489,
        "max": 5.69081115723,
        "mean": 1.45091068745,
        "median": 1.33349275589,
        "min": -0.844609260559,
        "skew": 1.08678030968,
        "var": 0.933422207832
    },
    "barkbands_spread": {
        "kurt": 3.43051671982,
        "max": 40.5653610229,
        "mean": 9.61995124817,
        "median": 7.67870140076,
        "min": 0.72678488493,
        "skew": 1.80225408077,
        "var": 57.3585929871
    },
    "dissonance": {
        "kurt": 1.72390127182,
        "max": 0.499977558851,
        "mean": 0.444459587336,
        "median": 0.466737806797,
        "min": 0.242009177804,
        "skew": -1.43941247463,
        "var": 0.00286787282676
    },
    "hfc": {
        "kurt": 4.58072280884,
        "max": 159.628768921,
        "mean": 16.345331192,
        "median": 0.0744687691331,
        "min": 5.66154722037e-06,
        "skew": 2.29408168793,
        "var": 1111.84069824
    },
    "pitch": {
        "kurt": 18.9121265411,
        "max": 4063.46411133,
        "mean": 529.658874512,
        "median": 503.983703613,
        "min": 79.0114898682,
        "skew": 4.24100875854,
        "var": 389858.75
    },
    "pitch_instantaneous_confidence": {
        "kurt": -0.310422182083,
        "max": 0.972910284996,
        "mean": 0.488388001919,
        "median": 0.469147354364,
        "min": 0.14709174633,
        "skew": 0.576803207397,
        "var": 0.0342933572829
    },
    "pitch_salience": {
        "kurt": 1.09230232239,
        "max": 0.904114246368,
        "mean": 0.618476033211,
        "median": 0.651308178902,
        "min": 0.142489790916,
        "skew": -0.99540489912,
        "var": 0.0167436152697
    },
    "silence_rate_20dB": {
        "kurt": 0,
        "max": 1,
        "mean": 1,
        "median": 1,
        "min": 1,
        "skew": 0,
        "var": 0
    },
    "silence_rate_30dB": {
        "kurt": 29.0305519104,
        "max": 1,
        "mean": 0.970588207245,
        "median": 1,
        "min": 0,
        "skew": -5.57051563263,
        "var": 0.028546653688
    },
    "silence_rate_60dB": {
        "kurt": -1.49048793316,
        "max": 1,
        "mean": 0.668067216873,
        "median": 1,
        "min": 0,
        "skew": -0.713801562786,
        "var": 0.22175347805
    },
    "spectral_centroid": {
        "kurt": 3.41853237152,
        "max": 2387.61010742,
        "mean": 919.992919922,
        "median": 870.983032227,
        "min": 387.654083252,
        "skew": 1.41683995724,
        "var": 90796.5546875
    },
    "spectral_complexity": {
        "kurt": 0.366759538651,
        "max": 39,
        "mean": 7.42857122421,
        "median": 0,
        "min": 0,
        "skew": 1.33931148052,
        "var": 127.614616394
    },
    "spectral_crest": {
        "kurt": -0.140949964523,
        "max": 25.1133098602,
        "mean": 10.8962392807,
        "median": 9.82589244843,
        "min": 3.439422369,
        "skew": 0.775813877583,
        "var": 21.5668182373
    },
    "spectral_decrease": {
        "kurt": 4.31493234634,
        "max": -1.2121473462e-15,
        "mean": -3.86102527727e-09,
        "median": -2.2531648422e-11,
        "min": -4.10593692379e-08,
        "skew": -2.18199157715,
        "var": 5.69820371791e-17
    },
    "spectral_energy": {
        "kurt": 4.09432411194,
        "max": 0.168418899179,
        "mean": 0.0160549860448,
        "median": 9.14386400837e-05,
        "min": 5.08844788527e-09,
        "skew": 2.15490794182,
        "var": 0.000984233454801
    },
    "spectral_energyband_high": {
        "kurt": 27.3992271423,
        "max": 0.000723047356587,
        "mean": 2.95615518553e-05,
        "median": 8.53577404314e-08,
        "min": 2.21187609895e-10,
        "skew": 4.49186897278,
        "var": 6.28974072825e-09
    },
    "spectral_energyband_low": {
        "kurt": 42.5901298523,
        "max": 6.73817521601e-06,
        "mean": 2.53682259199e-07,
        "median": 1.0734527045e-08,
        "min": 1.12986169032e-10,
        "skew": 5.54990673065,
        "var": 4.2792210205e-13
    },
    "spectral_energyband_middle_high": {
        "kurt": 6.65470600128,
        "max": 0.0905077159405,
        "mean": 0.00736465724185,
        "median": 2.94743276754e-05,
        "min": 1.3387497777e-09,
        "skew": 2.70498847961,
        "var": 0.000291531527182
    },
    "spectral_energyband_middle_low": {
        "kurt": 14.0351448059,
        "max": 0.137869983912,
        "mean": 0.00874941144139,
        "median": 5.64636247873e-05,
        "min": 3.53579610035e-09,
        "skew": 3.55213618279,
        "var": 0.000425631005783
    },
    "spectral_flatness_db": {
        "kurt": 0.409820318222,
        "max": 0.581862449646,
        "mean": 0.36994343996,
        "median": 0.367674708366,
        "min": 0.137049376965,
        "skew": 0.145740687847,
        "var": 0.00478855380788
    },
    "spectral_flux": {
        "kurt": 0.928307056427,
        "max": 0.34024232626,
        "mean": 0.0581668578088,
        "median": 0.00736213289201,
        "min": 0.000222861854127,
        "skew": 1.45217859745,
        "var": 0.00733990315348
    },
    "spectral_kurtosis": {
        "kurt": 0.859615087509,
        "max": 125.602828979,
        "mean": 29.5722751617,
        "median": 21.6620864868,
        "min": -1.04164171219,
        "skew": 1.13693094254,
        "var": 744.844909668
    },
    "spectral_rms": {
        "kurt": 0.542121648788,
        "max": 0.0128183895722,
        "mean": 0.00222235778347,
        "median": 0.000298675557133,
        "min": 2.22807966566e-06,
        "skew": 1.38548791409,
        "var": 1.07245114123e-05
    },
    "spectral_rolloff": {
        "kurt": 1.46641206741,
        "max": 4177.44140625,
        "mean": 1362.56323242,
        "median": 1108.95996094,
        "min": 516.796875,
        "skew": 1.45967793465,
        "var": 641766
    },
    "spectral_skewness": {
        "kurt": 0.0725834369659,
        "max": 8.66383361816,
        "mean": 2.96616005898,
        "median": 2.61585569382,
        "min": 0.116815060377,
        "skew": 0.830442607403,
        "var": 3.49119448662
    },
    "spectral_spread": {
        "kurt": 22.7845439911,
        "max": 8641177,
        "mean": 1586306.5,
        "median": 1276232.5,
        "min": 660540.0625,
        "skew": 3.48509287834,
        "var": 703077744640
    },
    "spectral_strongpeak": {
        "kurt": 5.04472541809,
        "max": 8.46710205078,
        "mean": 0.917934238911,
        "median": 0.0758832171559,
        "min": 2.1086056222e-05,
        "skew": 2.32732224464,
        "var": 2.78498339653
    },
    "zerocrossingrate": {
        "kurt": 0.689242601395,
        "max": 0.1025390625,
        "mean": 0.0492774248123,
        "median": 0.045654296875,
        "min": 0.01708984375,
        "skew": 0.834065556526,
        "var": 0.000275048427284
    },
    "barkbands": {
        "kurt": [13.71134758, 98.8192367554, 17.8192768097, 98.0374069214, 10.0741167068, 53.2743034363, 28.6553955078, 23.7100982666, 30.3835258484, 12.6301393509, 29.4238891602, 18.1581020355, 69.0414276123, 47.1124382019, 30.1818885803, 58.9735145569, 52.0777015686, 19.256319046, 43.7730522156, 17.7871704102, 12.8420190811, 40.5098457336, 12.8409166336, 13.0507316589, 13.6417980194, 15.1380329132, 15.3189640045],
        "max": [1.82465882403e-08, 4.33753370999e-07, 1.89918773685e-06, 1.159187741e-05, 3.22682863043e-05, 0.000402449193643, 0.0103364596143, 0.0749815776944, 0.122195377946, 0.0103652486578, 0.0510783679783, 0.031598944217, 0.0462361425161, 0.0161700360477, 0.0141084631905, 0.0138408876956, 0.0157190077007, 0.0099578499794, 0.00146604911424, 0.00128184852656, 7.12737455615e-05, 2.47432438982e-08, 9.74945457699e-09, 9.13340159059e-09, 8.68920846386e-09, 8.43276293239e-09, 8.95872265261e-09],
        "mean": [1.09718578667e-09, 8.67578897612e-09, 1.14307759702e-07, 3.34722216166e-07, 2.59110743173e-06, 1.24768503156e-05, 0.000393648690078, 0.0035254068207, 0.0046029468067, 0.000618287303951, 0.00174656149466, 0.00158544967417, 0.00107150385156, 0.000499422603752, 0.000613711948972, 0.000367359840311, 0.00044886325486, 0.000450652412837, 4.44955840067e-05, 6.62792517687e-05, 4.8590050028e-06, 8.96570095943e-10, 5.92588422776e-10, 5.30638699647e-10, 4.93745211383e-10, 4.58149101989e-10, 4.82754503039e-10],
        "median": [5.35282235203e-12, 2.8416047293e-10, 3.37332517475e-09, 2.53428567021e-08, 3.13067971547e-07, 1.34275228447e-06, 9.39607707551e-06, 1.0109246432e-05, 1.09161701403e-05, 5.2150544434e-06, 5.43554779142e-06, 3.46437627741e-06, 1.34624860948e-06, 1.19138144328e-06, 2.35203947341e-06, 7.93116441855e-07, 8.80264678926e-07, 2.93237633286e-07, 5.08450668235e-08, 1.25994205291e-07, 2.62557655617e-08, 2.88943782095e-12, 1.80273656246e-12, 1.70045227899e-12, 1.62906689007e-12, 1.25327742975e-12, 1.25721199944e-12],
        "min": [1.10619135955e-15, 5.32915671227e-13, 1.50656015441e-11, 1.70765485086e-10, 7.35949412523e-10, 4.27555213456e-10, 4.60501303756e-10, 5.07966224639e-10, 1.12412712472e-09, 2.51364817849e-10, 2.11364648006e-10, 6.4237816455e-11, 4.62289269365e-11, 9.74903491269e-12, 4.58328305863e-11, 4.49055931329e-11, 5.96522622964e-11, 2.01096445052e-10, 4.20760037922e-10, 1.66734390183e-10, 8.685768077e-11, 1.18813929845e-14, 6.97818167428e-17, 8.97534110361e-17, 9.39784378468e-17, 8.15306269424e-17, 3.66982880837e-17],
        "skew": [3.4851000309, 9.5085849762, 4.09782648087, 8.55405902863, 2.86398506165, 6.53178071976, 5.19383096695, 4.5538816452, 5.17152690887, 3.39370894432, 5.14224910736, 4.12663507462, 7.390873909, 6.2156867981, 4.91653156281, 6.72190713882, 6.48423051834, 4.15799617767, 6.02971029282, 3.93122172356, 3.31957006454, 5.37574911118, 3.46573114395, 3.46037220955, 3.50930285454, 3.66893815994, 3.68773245811],
        "var": [7.04574413235e-18, 1.33127098941e-15, 9.21898123704e-14, 8.22610046487e-13, 2.19804591195e-11, 1.44903533617e-09, 1.78548032181e-06, 9.54827482929e-05, 0.000208203171496, 2.29002625929e-06, 3.54710609827e-05, 2.05176147574e-05, 1.64198572747e-05, 2.76628111351e-06, 3.00061196867e-06, 1.57524129918e-06, 2.32150841839e-06, 1.82650842362e-06, 2.31753300994e-08, 3.32267866554e-08, 1.25921731375e-10, 5.93721002856e-18, 2.2335706676e-18, 1.78382533073e-18, 1.55839958865e-18, 1.39062213142e-18, 1.55936366766e-18],
        "cov": [[7.07547300357e-18, 5.96573245685e-17, 1.92489044592e-16, 1.12912138847e-15, 5.07343428065e-15, 3.34738509968e-14, 1.86480453475e-12, 1.01936428049e-11, 1.61994306858e-11, 1.88793902386e-12, 6.83547966493e-12, 3.79783444276e-12, 5.03403048413e-12, 1.93878376895e-12, 2.07658326298e-12, 1.47514021397e-12, 1.88469769305e-12, 1.78324564316e-12, 1.58127322542e-13, 2.91170895988e-13, 1.68429858819e-14, 2.90445364226e-18, 1.75996964866e-18, 1.53422657942e-18, 1.41010337222e-18, 1.25768272985e-18, 1.31759997111e-18], [5.96573245685e-17, 1.33688819428e-15, 4.59346221406e-15, 1.98626685032e-14, 6.97700970891e-14, 3.12671248484e-13, 8.50860180923e-12, 9.69622090952e-11, 1.698018115e-10, 1.68425585978e-11, 3.39693932705e-11, 5.21608485571e-11, 4.2560562713e-11, 1.85401017455e-11, 1.75795523971e-11, 1.35910683749e-11, 1.77629942005e-11, 1.5486140148e-11, 1.43680694512e-12, 1.7495060305e-12, 8.91481373856e-14, 2.48288699877e-17, 1.48134200705e-17, 1.31142314464e-17, 1.20865099934e-17, 1.1223300702e-17, 1.1781132282e-17], [1.92489044592e-16, 4.59346221406e-15, 9.25787970048e-14, 1.37152631917e-13, 5.14180657687e-13, 5.68696836584e-13, 2.011332767e-11, 2.65055616344e-10, 8.65436833308e-10, 2.67374768159e-11, 5.28662946753e-11, 1.14182337196e-10, 9.2307168853e-11, 6.1566085563e-11, 4.54595805444e-11, 3.80273590395e-11, 5.06607880646e-11, 4.77094475038e-11, 4.11714369195e-12, 3.74642504519e-12, 1.76262840044e-13, 6.97718707231e-17, 3.37490550189e-17, 2.78910181691e-17, 2.49081883366e-17, 2.00872771563e-17, 2.07684670082e-17], [1.12912138847e-15, 1.98626685032e-14, 1.37152631917e-13, 8.26081011322e-13, 1.52345649117e-12, 5.10746436463e-12, 1.33252506251e-10, 1.35583644312e-09, 4.53716131332e-09, 2.28659133295e-10, 4.53417081658e-10, 1.08939568477e-09, 7.0487216064e-10, 5.11161224459e-10, 2.70337252584e-10, 3.08686409767e-10, 3.7785638507e-10, 3.9113179362e-10, 2.41406495488e-11, 2.85675007955e-11, 1.62720596546e-12, 3.35138776446e-16, 1.88135679055e-16, 1.60523477e-16, 1.44866350903e-16, 1.2805639973e-16, 1.33189181162e-16], [5.07343428065e-15, 6.97700970891e-14, 5.14180657687e-13, 1.52345649117e-12, 2.20732026407e-11, 3.5759901984e-11, 2.04844630147e-09, 5.62706281571e-09, 4.58051419017e-09, 2.42350006729e-09, 1.21055725444e-08, 6.46127418236e-09, 4.17025614041e-09, 2.65592592363e-09, 2.14250306385e-09, 1.8515126099e-09, 1.9420196562e-09, 2.24770779766e-09, 1.9552562347e-10, 3.62538860044e-10, 1.98822677072e-11, 3.95237812815e-15, 2.14869875873e-15, 1.79247291177e-15, 1.60395418854e-15, 1.34332204479e-15, 1.39271126539e-15], [3.34738509968e-14, 3.12671248484e-13, 5.68696836584e-13, 5.10746436463e-12, 3.5759901984e-11, 1.45514944538e-09, 1.07202238198e-08, 3.9115484185e-08, 1.00305364015e-07, 2.14561772793e-08, 8.57019077927e-09, 1.38862628063e-08, 3.04884721913e-08, 9.69963398489e-09, 1.38920794868e-08, 7.23264470537e-09, 4.141306853e-09, 5.65835911459e-09, 9.93714555086e-10, 1.13502784949e-09, 3.65495238241e-11, 1.61042833664e-14, 1.08298939071e-14, 9.50302018337e-15, 8.68878096371e-15, 8.15346461137e-15, 8.53830810172e-15], [1.86480453475e-12, 8.50860180923e-12, 2.011332767e-11, 1.33252506251e-10, 2.04844630147e-09, 1.07202238198e-08, 1.79301400749e-06, 1.6993110421e-06, 2.55093914348e-06, 1.18337231925e-06, 5.0185371947e-06, 1.37973711389e-06, 3.76722482542e-06, 1.01054092738e-06, 1.31373678869e-06, 9.3927008038e-07, 6.52412666113e-07, 1.08047959202e-06, 1.14898504933e-07, 1.86010936432e-07, 1.05656789984e-08, 1.71083590003e-12, 8.68957033065e-13, 7.03832391674e-13, 6.25077680588e-13, 4.79685898207e-13, 4.93813215145e-13], [1.01936428049e-11, 9.69622090952e-11, 2.65055616344e-10, 1.35583644312e-09, 5.62706281571e-09, 3.9115484185e-08, 1.6993110421e-06, 9.58856326179e-05, 5.24116767338e-05, 3.03971796711e-06, 1.03570791907e-05, 1.701272231e-05, 5.93899449086e-06, 3.21959169014e-06, 5.15057490702e-06, 2.56872999671e-06, 4.0407526285e-06, 3.21810875903e-06, 3.04994586031e-07, 4.157739113e-07, 2.90049744223e-08, 7.6422453435e-12, 5.55035141112e-12, 5.0901075889e-12, 4.79044885357e-12, 4.56756507616e-12, 4.83021478717e-12], [1.61994306858e-11, 1.698018115e-10, 8.65436833308e-10, 4.53716131332e-09, 4.58051419017e-09, 1.00305364015e-07, 2.55093914348e-06, 5.24116767338e-05, 0.000209081670619, 3.06765196001e-06, 3.18459615301e-06, 1.21028306239e-05, 1.08465465019e-05, 4.37199742009e-06, 1.27689945657e-05, 4.31404669143e-06, 5.19336572324e-06, 2.72825832326e-06, 8.79846538737e-07, 5.09971698648e-07, 3.50761091283e-08, 1.01475477327e-11, 6.95366333958e-12, 6.43344275422e-12, 6.11491413061e-12, 5.78219807104e-12, 6.13180426573e-12], [1.88793902386e-12, 1.68425585978e-11, 2.67374768159e-11, 2.28659133295e-10, 2.42350006729e-09, 2.14561772793e-08, 1.18337231925e-06, 3.03971796711e-06, 3.06765196001e-06, 2.29968895837e-06, 4.03443209507e-06, 3.33195225721e-06, 3.8849025259e-06, 1.18300238228e-06, 1.48302194702e-06, 9.28022416247e-07, 8.95782477528e-07, 1.16120190796e-06, 1.14149699471e-07, 1.99468573214e-07, 1.18585665732e-08, 1.66000503274e-12, 1.03608181062e-12, 9.0735248091e-13, 8.31343457616e-13, 7.69342976912e-13, 8.05732379688e-13], [6.83547966493e-12, 3.39693932705e-11, 5.28662946753e-11, 4.53417081658e-10, 1.21055725444e-08, 8.57019077927e-09, 5.0185371947e-06, 1.03570791907e-05, 3.18459615301e-06, 4.03443209507e-06, 3.56207274308e-05, 7.73153169575e-06, 6.41005681246e-06, 3.41786767422e-06, 3.76516959477e-06, 2.74005083156e-06, 2.03179342861e-06, 2.96675966638e-06, 3.17368147762e-07, 8.01579176368e-07, 5.1798600964e-08, 5.3709424061e-12, 2.95625416508e-12, 2.47235305145e-12, 2.21860897709e-12, 1.8732044995e-12, 1.94156279595e-12], [3.79783444276e-12, 5.21608485571e-11, 1.14182337196e-10, 1.08939568477e-09, 6.46127418236e-09, 1.38862628063e-08, 1.37973711389e-06, 1.701272231e-05, 1.21028306239e-05, 3.33195225721e-06, 7.73153169575e-06, 2.06041877391e-05, 7.83546602179e-06, 3.54477992914e-06, 3.35534105034e-06, 2.40749250224e-06, 4.05975424655e-06, 4.38322103946e-06, 2.5634150802e-07, 3.86876052971e-07, 2.27856276069e-08, 5.43393585337e-12, 2.94235751215e-12, 2.47801562256e-12, 2.23629773553e-12, 1.88704412339e-12, 1.96271666454e-12], [5.03403048413e-12, 4.2560562713e-11, 9.2307168853e-11, 7.0487216064e-10, 4.17025614041e-09, 3.04884721913e-08, 3.76722482542e-06, 5.93899449086e-06, 1.08465465019e-05, 3.8849025259e-06, 6.41005681246e-06, 7.83546602179e-06, 1.64891389431e-05, 3.23440895045e-06, 4.09761878473e-06, 2.67248037744e-06, 2.91990272672e-06, 3.96382984036e-06, 3.49919901055e-07, 5.11348275722e-07, 2.68634785527e-08, 3.6783792158e-12, 2.16386262207e-12, 1.89611824505e-12, 1.74933938862e-12, 1.58694932195e-12, 1.66330859676e-12], [1.93878376895e-12, 1.85401017455e-11, 6.1566085563e-11, 5.11161224459e-10, 2.65592592363e-09, 9.69963398489e-09, 1.01054092738e-06, 3.21959169014e-06, 4.37199742009e-06, 1.18300238228e-06, 3.41786767422e-06, 3.54477992914e-06, 3.23440895045e-06, 2.77795334114e-06, 1.95602683561e-06, 1.8064838514e-06, 1.65940741681e-06, 1.64328696428e-06, 1.65618288861e-07, 1.51388519498e-07, 1.01323029966e-08, 1.27096586294e-12, 6.06555875405e-13, 4.98633198533e-13, 4.42162528379e-13, 3.68390403903e-13, 3.80250084892e-13], [2.07658326298e-12, 1.75795523971e-11, 4.54595805444e-11, 2.70337252584e-10, 2.14250306385e-09, 1.38920794868e-08, 1.31373678869e-06, 5.15057490702e-06, 1.27689945657e-05, 1.48302194702e-06, 3.76516959477e-06, 3.35534105034e-06, 4.09761878473e-06, 1.95602683561e-06, 3.01327281704e-06, 1.82028645668e-06, 1.35986249461e-06, 1.44894340792e-06, 2.3844333441e-07, 1.96648485939e-07, 1.1324931215e-08, 2.13917403756e-12, 1.29547197622e-12, 1.14279636101e-12, 1.05801934054e-12, 9.60528965394e-13, 1.00897762367e-12], [1.47514021397e-12, 1.35910683749e-11, 3.80273590395e-11, 3.08686409767e-10, 1.8515126099e-09, 7.23264470537e-09, 9.3927008038e-07, 2.56872999671e-06, 4.31404669143e-06, 9.28022416247e-07, 2.74005083156e-06, 2.40749250224e-06, 2.67248037744e-06, 1.8064838514e-06, 1.82028645668e-06, 1.58188788646e-06, 1.11455324259e-06, 1.1548090697e-06, 1.59209193384e-07, 1.30335791937e-07, 7.88813370178e-09, 1.05284184149e-12, 5.88672882142e-13, 5.02999118052e-13, 4.55439613974e-13, 4.04421396545e-13, 4.21065688826e-13], [1.88469769305e-12, 1.77629942005e-11, 5.06607880646e-11, 3.7785638507e-10, 1.9420196562e-09, 4.141306853e-09, 6.52412666113e-07, 4.0407526285e-06, 5.19336572324e-06, 8.95782477528e-07, 2.03179342861e-06, 4.05975424655e-06, 2.91990272672e-06, 1.65940741681e-06, 1.35986249461e-06, 1.11455324259e-06, 2.33130367633e-06, 1.44625812482e-06, 1.17889001672e-07, 1.39591080028e-07, 8.60230109367e-09, 1.32806157564e-12, 7.43772285514e-13, 6.46340728334e-13, 5.92965130122e-13, 5.28708207857e-13, 5.53676028636e-13], [1.78324564316e-12, 1.5486140148e-11, 4.77094475038e-11, 3.9113179362e-10, 2.24770779766e-09, 5.65835911459e-09, 1.08047959202e-06, 3.21810875903e-06, 2.72825832326e-06, 1.16120190796e-06, 2.96675966638e-06, 4.38322103946e-06, 3.96382984036e-06, 1.64328696428e-06, 1.44894340792e-06, 1.1548090697e-06, 1.44625812482e-06, 1.83421525435e-06, 1.26832262026e-07, 1.67377024241e-07, 9.81866055128e-09, 2.01163998653e-12, 9.40452793766e-13, 7.53552764892e-13, 6.65859294785e-13, 4.98407630271e-13, 5.12185508849e-13], [1.58127322542e-13, 1.43680694512e-12, 4.11714369195e-12, 2.41406495488e-11, 1.9552562347e-10, 9.93714555086e-10, 1.14898504933e-07, 3.04994586031e-07, 8.79846538737e-07, 1.14149699471e-07, 3.17368147762e-07, 2.5634150802e-07, 3.49919901055e-07, 1.65618288861e-07, 2.3844333441e-07, 1.59209193384e-07, 1.17889001672e-07, 1.26832262026e-07, 2.32731149907e-08, 1.65284781417e-08, 9.9417762911e-10, 1.67025749243e-13, 9.77558013921e-14, 8.54074772602e-14, 7.8727694123e-14, 7.00557640327e-14, 7.34620087743e-14], [2.91170895988e-13, 1.7495060305e-12, 3.74642504519e-12, 2.85675007955e-11, 3.62538860044e-10, 1.13502784949e-09, 1.86010936432e-07, 4.157739113e-07, 5.09971698648e-07, 1.99468573214e-07, 8.01579176368e-07, 3.86876052971e-07, 5.11348275722e-07, 1.51388519498e-07, 1.96648485939e-07, 1.30335791937e-07, 1.39591080028e-07, 1.67377024241e-07, 1.65284781417e-08, 3.33669838426e-08, 1.77013370628e-09, 2.43438786924e-13, 1.37281204742e-13, 1.17145144496e-13, 1.06363675463e-13, 9.27001937668e-14, 9.66203571144e-14], [1.68429858819e-14, 8.91481373856e-14, 1.76262840044e-13, 1.62720596546e-12, 1.98822677072e-11, 3.65495238241e-11, 1.05656789984e-08, 2.90049744223e-08, 3.50761091283e-08, 1.18585665732e-08, 5.1798600964e-08, 2.27856276069e-08, 2.68634785527e-08, 1.01323029966e-08, 1.1324931215e-08, 7.88813370178e-09, 8.60230109367e-09, 9.81866055128e-09, 9.9417762911e-10, 1.77013370628e-09, 1.26453042482e-10, 1.35865507755e-14, 7.93138188996e-15, 6.84999991368e-15, 6.25326562585e-15, 5.55949143194e-15, 5.80883929689e-15], [2.90445364226e-18, 2.48288699877e-17, 6.97718707231e-17, 3.35138776446e-16, 3.95237812815e-15, 1.61042833664e-14, 1.71083590003e-12, 7.6422453435e-12, 1.01475477327e-11, 1.66000503274e-12, 5.3709424061e-12, 5.43393585337e-12, 3.6783792158e-12, 1.27096586294e-12, 2.13917403756e-12, 1.05284184149e-12, 1.32806157564e-12, 2.01163998653e-12, 1.67025749243e-13, 2.43438786924e-13, 1.35865507755e-14, 5.96226119341e-18, 3.39560826098e-18, 2.8906877025e-18, 2.63697507182e-18, 2.20138506997e-18, 2.30117551868e-18], [1.75996964866e-18, 1.48134200705e-17, 3.37490550189e-17, 1.88135679055e-16, 2.14869875873e-15, 1.08298939071e-14, 8.68957033065e-13, 5.55035141112e-12, 6.95366333958e-12, 1.03608181062e-12, 2.95625416508e-12, 2.94235751215e-12, 2.16386262207e-12, 6.06555875405e-13, 1.29547197622e-12, 5.88672882142e-13, 7.43772285514e-13, 9.40452793766e-13, 9.77558013921e-14, 1.37281204742e-13, 7.93138188996e-15, 3.39560826098e-18, 2.24299514991e-18, 1.99264852393e-18, 1.85109393289e-18, 1.67492586571e-18, 1.76413305548e-18], [1.53422657942e-18, 1.31142314464e-17, 2.78910181691e-17, 1.60523477e-16, 1.79247291177e-15, 9.50302018337e-15, 7.03832391674e-13, 5.0901075889e-12, 6.43344275422e-12, 9.0735248091e-13, 2.47235305145e-12, 2.47801562256e-12, 1.89611824505e-12, 4.98633198533e-13, 1.14279636101e-12, 5.02999118052e-13, 6.46340728334e-13, 7.53552764892e-13, 8.54074772602e-14, 1.17145144496e-13, 6.84999991368e-15, 2.8906877025e-18, 1.99264852393e-18, 1.79135205392e-18, 1.67249747023e-18, 1.54311070599e-18, 1.62831889109e-18], [1.41010337222e-18, 1.20865099934e-17, 2.49081883366e-17, 1.44866350903e-16, 1.60395418854e-15, 8.68878096371e-15, 6.25077680588e-13, 4.79044885357e-12, 6.11491413061e-12, 8.31343457616e-13, 2.21860897709e-12, 2.23629773553e-12, 1.74933938862e-12, 4.42162528379e-13, 1.05801934054e-12, 4.55439613974e-13, 5.92965130122e-13, 6.65859294785e-13, 7.8727694123e-14, 1.06363675463e-13, 6.25326562585e-15, 2.63697507182e-18, 1.85109393289e-18, 1.67249747023e-18, 1.56497515754e-18, 1.45499787618e-18, 1.53654589046e-18], [1.25768272985e-18, 1.1223300702e-17, 2.00872771563e-17, 1.2805639973e-16, 1.34332204479e-15, 8.15346461137e-15, 4.79685898207e-13, 4.56756507616e-12, 5.78219807104e-12, 7.69342976912e-13, 1.8732044995e-12, 1.88704412339e-12, 1.58694932195e-12, 3.68390403903e-13, 9.60528965394e-13, 4.04421396545e-13, 5.28708207857e-13, 4.98407630271e-13, 7.00557640327e-14, 9.27001937668e-14, 5.55949143194e-15, 2.20138506997e-18, 1.67492586571e-18, 1.54311070599e-18, 1.45499787618e-18, 1.39648973709e-18, 1.47859816624e-18], [1.31759997111e-18, 1.1781132282e-17, 2.07684670082e-17, 1.33189181162e-16, 1.39271126539e-15, 8.53830810172e-15, 4.93813215145e-13, 4.83021478717e-12, 6.13180426573e-12, 8.05732379688e-13, 1.94156279595e-12, 1.96271666454e-12, 1.66330859676e-12, 3.80250084892e-13, 1.00897762367e-12, 4.21065688826e-13, 5.53676028636e-13, 5.12185508849e-13, 7.34620087743e-14, 9.66203571144e-14, 5.80883929689e-15, 2.30117551868e-18, 1.76413305548e-18, 1.62831889109e-18, 1.53654589046e-18, 1.47859816624e-18, 1.56594326904e-18]]
    },
    "mfcc": {
        "kurt": [-1.33833765984, -1.43201386929, -1.33711278439, -1.20190346241, -1.27273797989, -1.47337841988, -0.177958726883, 0.304423809052, 3.24315881729, 1.23544311523, -0.77637720108, -0.637083530426, 1.09673452377],
        "max": [-674.479248047, 200.248016357, 49.3873023987, 11.0963783264, 0.529739379883, 2.28881835938e-05, 15.1300392151, 2.18962860107, 40.2145957947, 38.2514801025, 21.8652915955, 49.8290252686, 32.6276817322],
        "mean": [-947.094665527, 101.596847534, -66.3167800903, -34.9068145752, -33.5256271362, -40.4044570923, -15.9254016876, -14.4493722916, 0.120808847249, 2.72678875923, -3.92112922668, 6.30275678635, -2.45507454872],
        "median": [-962.886535645, 122.448608398, -40.8412818909, -36.3906478882, -27.5219230652, -35.99036026, -16.475944519, -13.0343170166, -0.426578521729, 1.95481109619, -1.94930267334, 3.29845809937, -2.62990951538],
        "min": [-1138.42004395, 1.14440917969e-05, -227.679489136, -99.7907791138, -74.9705810547, -84.7772827148, -50.468711853, -45.0521392822, -39.3247909546, -21.6611557007, -27.080160141, -16.7767715454, -24.4721336365],
        "skew": [0.314053207636, -0.344753235579, -0.446091473103, -0.16112037003, -0.253732472658, -0.122471153736, 0.0505990944803, -0.714768469334, 0.536031723022, 0.67425429821, -0.268797039986, 0.416942805052, 0.434768944979],
        "var": [23145.0957031, 3302.82861328, 7158.32421875, 798.661376953, 404.437194824, 547.998474121, 168.436218262, 85.646156311, 86.0613250732, 96.1660079956, 113.67490387, 181.747650146, 76.6374816895],
        "cov": [[23242.7558594, 8090.58642578, -12478.7021484, -2842.24462891, -2549.36791992, -3275.00927734, 620.149658203, -936.212646484, 409.199981689, 476.708007812, -555.22076416, 1265.66357422, -129.214401245], [8090.58642578, 3316.7644043, -3924.6953125, -1227.26550293, -893.408691406, -1132.64794922, 11.5247869492, -369.184295654, 74.7611846924, 81.9627151489, -275.86340332, 327.643615723, -28.2670726776], [-12478.7021484, -3924.6953125, 7188.52783203, 1533.75134277, 1415.63098145, 1801.09326172, -450.243011475, 436.356658936, -303.806884766, -337.234008789, 201.793243408, -822.948974609, 25.2999134064], [-2842.24462891, -1227.26550293, 1533.75134277, 802.03125, 445.816436768, 469.149963379, 104.870788574, 92.7844238281, -74.1837692261, -38.50831604, 66.9686279297, -182.855316162, -82.4214859009], [-2549.36791992, -893.408691406, 1415.63098145, 445.816436768, 406.143676758, 433.379882812, -24.9526081085, 99.8400726318, -81.2791366577, -76.1877822876, 42.0771141052, -176.211502075, -21.3478794098], [-3275.00927734, -1132.64794922, 1801.09326172, 469.149963379, 433.379882812, 550.31072998, -29.2658157349, 132.635620117, -82.2646713257, -100.338783264, 46.8573074341, -214.256118774, -14.5563116074], [620.149658203, 11.5247869492, -450.243011475, 104.870788574, -24.9526081085, -29.2658157349, 169.14692688, -0.282962143421, 20.1179294586, 27.812122345, -6.61351013184, 45.0622024536, -46.2546920776], [-936.212646484, -369.184295654, 436.356658936, 92.7844238281, 99.8400726318, 132.635620117, -0.282962143421, 86.0075302124, 23.3326377869, -11.1708860397, 32.407119751, -31.4428787231, 0.51518535614], [409.199981689, 74.7611846924, -303.806884766, -74.1837692261, -81.2791366577, -82.2646713257, 20.1179294586, 23.3326377869, 86.4244537354, 57.4202079773, 17.570728302, 61.1377334595, -1.14257264137], [476.708007812, 81.9627151489, -337.234008789, -38.50831604, -76.1877822876, -100.338783264, 27.812122345, -11.1708860397, 57.4202079773, 96.5717697144, 55.3361434937, 73.4575805664, 5.02689504623], [-555.22076416, -275.86340332, 201.793243408, 66.9686279297, 42.0771141052, 46.8573074341, -6.61351013184, 32.407119751, 17.570728302, 55.3361434937, 114.154541016, 56.400100708, 17.6346931458], [1265.66357422, 327.643615723, -822.948974609, -182.855316162, -176.211502075, -214.256118774, 45.0622024536, -31.4428787231, 61.1377334595, 73.4575805664, 56.400100708, 182.514526367, 35.3716888428], [-129.214401245, -28.2670726776, 25.2999134064, -82.4214859009, -21.3478794098, -14.5563116074, -46.2546920776, 0.51518535614, -1.14257264137, 5.02689504623, 17.6346931458, 35.3716888428, 76.9608459473]]
    },
    "sccoeffs": {
        "kurt": [0.355437755585, -0.789320230484, 0.0725271701813, -0.265557289124, -0.696120977402, 0.00475859642029],
        "max": [-0.440125972033, -0.207385525107, -0.524082958698, -0.589932620525, -0.562825202942, -0.527846336365],
        "mean": [-0.670827388763, -0.677008092403, -0.777539670467, -0.82389819622, -0.812515616417, -0.719422161579],
        "median": [-0.674293518066, -0.759929537773, -0.798544645309, -0.846100866795, -0.828620314598, -0.712441444397],
        "min": [-0.918400943279, -0.976022362709, -0.917755067348, -0.937355339527, -0.92305535078, -0.945869684219],
        "skew": [-0.162107631564, 0.737690031528, 0.870789647102, 0.761826276779, 0.618380427361, -0.401743590832],
        "var": [0.00740005169064, 0.0388241037726, 0.00788697227836, 0.00624494161457, 0.00835996307433, 0.00562601722777],
        "cov": [[0.00743127567694, -0.00509333889931, -0.0011883189436, -0.00179475161713, -0.00144974712748, 0.000769451784436], [-0.00509333889931, 0.0389879196882, 0.0140542732552, 0.013394407928, 0.015828538686, -0.0019478565082], [-0.0011883189436, 0.0140542732552, 0.00792025029659, 0.0055306814611, 0.00647213170305, -0.000385612394894], [-0.00179475161713, 0.013394407928, 0.0055306814611, 0.00627129152417, 0.00645690597594, -0.000869621813763], [-0.00144974712748, 0.015828538686, 0.00647213170305, 0.00645690597594, 0.00839523691684, -0.000655300624203], [0.000769451784436, -0.0019478565082, -0.000385612394894, -0.000869621813763, -0.000655300624203, 0.00564975570887]]
    },
    "scvalleys": {
        "kurt": [-1.17477822304, -1.32140541077, -1.53231561184, -1.33731389046, -1.08254551888, -1.29305636883],
        "max": [-8.35138225555, -5.45680999756, -4.2768740654, -4.33130598068, -6.16344881058, -11.567278862],
        "mean": [-12.0096073151, -8.37977790833, -8.24079990387, -8.96827030182, -9.9499130249, -15.7789173126],
        "median": [-11.8134384155, -7.94695568085, -7.79843139648, -9.02066421509, -10.5459880829, -15.8579597473],
        "min": [-15.2395706177, -11.6763277054, -12.565735817, -14.1018943787, -13.6138696671, -20.7644004822],
        "skew": [0.0143646039069, -0.180761680007, -0.0466956086457, 0.162777706981, 0.581465303898, -0.0221648588777],
        "var": [2.6447250843, 2.64222812653, 6.5524969101, 6.09179162979, 3.28639030457, 6.31565952301],
        "cov": [[2.6558842659, 2.18776464462, 3.3995757103, 3.31928920746, 2.28630018234, 3.20595550537], [2.18776464462, 2.6533768177, 3.87858223915, 3.66735982895, 2.4051091671, 3.4735751152], [3.3995757103, 3.87858223915, 6.58014440536, 6.22506046295, 4.29006767273, 5.71838092804], [3.31928920746, 3.66735982895, 6.22506046295, 6.1174955368, 4.30447101593, 5.50397157669], [2.28630018234, 2.4051091671, 4.29006767273, 4.30447101593, 3.30025696754, 3.89162921906], [3.20595550537, 3.4735751152, 5.71838092804, 5.50397157669, 3.89162921906, 6.34230804443]]
    }
},
"rhythm": {
    "beats_loudness": {
        "kurt": -1.37217056751,
        "max": 0.0988736450672,
        "mean": 0.0467582456768,
        "median": 0.0490565560758,
        "min": 7.11939890152e-07,
        "skew": 0.00965803489089,
        "var": 0.00126716995146
    },
    "bpm": 75.7492141724,
    "confidence": 0,
    "first_peak_bpm": {
        "kurt": 0,
        "max": 75,
        "mean": 75,
        "median": 75,
        "min": 75,
        "skew": 0,
        "var": 0
    },
    "first_peak_spread": {
        "kurt": 0,
        "max": 0.25,
        "mean": 0.25,
        "median": 0.25,
        "min": 0.25,
        "skew": 0,
        "var": 0
    },
    "first_peak_weight": {
        "kurt": 0,
        "max": 0.600000023842,
        "mean": 0.600000023842,
        "median": 0.600000023842,
        "min": 0.600000023842,
        "skew": 0,
        "var": 0
    },
    "onset_rate": 1.45679175854,
    "second_peak_bpm": {
        "kurt": 0,
        "max": 83,
        "mean": 83,
        "median": 83,
        "min": 83,
        "skew": 0,
        "var": 0
    },
    "second_peak_spread": {
        "kurt": 0,
        "max": 0,
        "mean": 0,
        "median": 0,
        "min": 0,
        "skew": 0,
        "var": 0
    },
    "second_peak_weight": {
        "kurt": 0,
        "max": 0.20000000298,
        "mean": 0.20000000298,
        "median": 0.20000000298,
        "min": 0.20000000298,
        "skew": 0,
        "var": 0
    },
    "beats_loudness_band_ratio": {
        "kurt": [1.19959068298, 1.19999551773, -1.40364146233, -1.67478585243, -1.43752264977, -0.148952722549],
        "max": [0.0109726320952, 0.539942085743, 0.975578546524, 0.617414236069, 0.210562258959, 0.048204228282],
        "mean": [0.00185460213106, 0.090215139091, 0.500829339027, 0.351592212915, 0.106253027916, 0.0165324639529],
        "median": [2.8160000511e-05, 0.000277971557807, 0.447852313519, 0.429660648108, 0.101337641478, 0.0128039587289],
        "min": [2.18165428123e-06, 1.88042995433e-05, 0.176364824176, 0.0102848084643, 0.00753272417933, 0.000272650126135],
        "skew": [1.78862643242, 1.78885197639, 0.351574957371, -0.307634025812, 0.0990292057395, 1.01090574265],
        "var": [1.66286372405e-05, 0.0404508896172, 0.0873049497604, 0.0683551132679, 0.00557641545311, 0.000255563034443],
        "cov": [[1.99543646886e-05, 0.000984154175967, 0.000491086277179, -0.000741741736419, -0.000166330268257, 6.95640701451e-05], [0.000984154175967, 0.0485410653055, 0.0245403684676, -0.0368103012443, -0.00828459300101, 0.00341955269687], [0.000491086277179, 0.0245403684676, 0.104765936732, -0.0888585597277, -0.0245751161128, -0.000480085000163], [-0.000741741736419, -0.0368103012443, -0.0888585597277, 0.0820261389017, 0.0210926346481, -0.000955934054218], [-0.000166330268257, -0.00828459300101, -0.0245751161128, 0.0210926346481, 0.00669169891626, -7.75275184424e-05], [6.95640701451e-05, 0.00341955269687, -0.000480085000163, -0.000955934054218, -7.75275184424e-05, 0.000306675618049]]
    },
    "beats_position": [0.777868449688, 1.57895684242, 2.38004541397, 3.1811337471, 3.94739222527, 4.66721057892],
    "bpm_estimates": [74.8981018066, 74.8980865479, 74.898109436, 78.3025588989],
    "bpm_intervals": [0.801088392735, 0.801088571548, 0.80108833313, 0.766258478165, 0.719818353653],
    "onset_times": [0.27863946557, 0.615328788757, 0.975238084793, 1.34675741196, 2.67029476166, 3.1811337471, 3.9125623703, 4.63238096237],
    "histogram": [[0, 0, 0, 0, 0, 0, 0, 0, 0, 0, 0, 0, 0, 0, 0, 0, 0, 0, 0, 0, 0, 0, 0, 0, 0, 0, 0, 0, 0, 0, 0, 0, 0, 0, 0, 0, 0, 0, 0, 0, 0, 0, 0, 0, 0, 0, 0, 0, 0, 0, 0, 0, 0, 0, 0, 0, 0, 0, 0, 0, 0, 0, 0, 0, 0, 0, 0, 0, 0, 0, 0, 0, 0, 0, 0, 0.600000023842, 0, 0, 0.20000000298, 0, 0, 0, 0, 0.20000000298, 0, 0, 0, 0, 0, 0, 0, 0, 0, 0, 0, 0, 0, 0, 0, 0, 0, 0, 0, 0, 0, 0, 0, 0, 0, 0, 0, 0, 0, 0, 0, 0, 0, 0, 0, 0, 0, 0, 0, 0, 0, 0, 0, 0, 0, 0, 0, 0, 0, 0, 0, 0, 0, 0, 0, 0, 0, 0, 0, 0, 0, 0, 0, 0, 0, 0, 0, 0, 0, 0, 0, 0, 0, 0, 0, 0, 0, 0, 0, 0, 0, 0, 0, 0, 0, 0, 0, 0, 0, 0, 0, 0, 0, 0, 0, 0, 0, 0, 0, 0, 0, 0, 0, 0, 0, 0, 0, 0, 0, 0, 0, 0, 0, 0, 0, 0, 0, 0, 0, 0, 0, 0, 0, 0, 0, 0, 0, 0, 0, 0, 0, 0, 0, 0, 0, 0, 0, 0, 0, 0, 0, 0, 0, 0, 0, 0, 0, 0, 0, 0, 0, 0, 0, 0, 0, 0, 0, 0, 0, 0, 0, 0, 0, 0, 0, 0]]
},
"sfx": {
    "inharmonicity": {
        "kurt": 0.45494556427,
        "max": 0.469488978386,
        "mean": 0.0931491777301,
        "median": 0.038859218359,
        "min": 0,
        "skew": 1.24743115902,
        "var": 0.0132533535361
    },
    "oddtoevenharmonicenergyratio": {
        "kurt": 87.3128128052,
        "max": 66.9429626465,
        "mean": 1.79366660118,
        "median": 0.348954439163,
        "min": 0,
        "skew": 8.86413097382,
        "var": 34.5044593811
    },
    "pitch_after_max_to_before_max_energy_ratio": 1.12264716625,
    "pitch_centroid": 93.1330718994,
    "pitch_max_to_total": 0.0378151275218,
    "pitch_min_to_total": 0.672268927097,
    "tristimulus": {
        "kurt": [-1.32504880428, -0.887630462646, -0.306004524231],
        "max": [1, 0.833013534546, 1],
        "mean": [0.357065320015, 0.376525014639, 0.266409546137],
        "median": [0.304155260324, 0.380756855011, 0.21328446269],
        "min": [0, 0, 0],
        "skew": [0.357875853777, -0.0142927039415, 0.76913100481],
        "var": [0.104824714363, 0.0366703681648, 0.0575365461409],
        "cov": [[0.105267010629, -0.0421564057469, -0.0631106123328], [-0.0421564057469, 0.036825094372, 0.00533131696284], [-0.0631106123328, 0.00533131696284, 0.0577793158591]]
    }
},
"tonal": {
    "chords_changes_rate": 0.0750000029802,
    "chords_number_rate": 0.0500000007451,
    "chords_strength": {
        "kurt": -0.738347530365,
        "max": 0.581367611885,
        "mean": 0.51448905468,
        "median": 0.517487168312,
        "min": 0.430479764938,
        "skew": -0.367471426725,
        "var": 0.00129139656201
    },
    "key_strength": 0.530610263348,
    "tuning_diatonic_strength": 0.488843590021,
    "tuning_equal_tempered_deviation": 0.246015846729,
    "tuning_frequency": 444.855529785,
    "tuning_nontempered_energy_ratio": 0.915227472782,
    "hpcp": {
        "kurt": [3.92297792435, 9.61399555206, 10.0544376373, 9.05184936523, 6.35412120819, 5.34351539612, 0.95155954361, -0.341635465622, -0.267106294632, 0.335817098618, 1.52805376053, 1.64972400665, 2.72356891632, 7.01826477051, 4.68797779083, 1.61523675919, 3.3955745697, 0.286198616028, -0.519690513611, -0.221358299255, -1.0575054884, 0.0108330249786, 1.60280179977, 1.61829710007, 3.10422039032, 5.42481327057, 3.94755983353, 6.15114688873, 5.26810646057, 2.3292350769, 2.91855192184, 7.94038105011, 11.8941040039, 2.33644628525, 8.8167142868, 2.20757961273],
        "max": [0.62780892849, 0.753576636314, 0.887961864471, 0.878680825233, 0.778772830963, 1, 1, 1, 1, 1, 1, 1, 1, 1, 1, 1, 1, 1, 1, 1, 1, 1, 1, 1, 0.859382331371, 0.96777099371, 0.931890785694, 1, 1, 1, 1, 0.827545762062, 1, 0.613868892193, 1, 0.53367215395],
        "mean": [0.0973042696714, 0.0976325795054, 0.105470068753, 0.106471732259, 0.108435742557, 0.15714764595, 0.233669221401, 0.291201651096, 0.304247826338, 0.235451593995, 0.194160699844, 0.217589229345, 0.197095498443, 0.151747241616, 0.174943491817, 0.227886036038, 0.204965606332, 0.267715632915, 0.32853281498, 0.308891892433, 0.370159238577, 0.305750697851, 0.221383705735, 0.210998281837, 0.147367164493, 0.119536139071, 0.133996799588, 0.140820264816, 0.154857888818, 0.208190113306, 0.178070858121, 0.109979920089, 0.107493147254, 0.117889411747, 0.114482991397, 0.101736910641],
        "median": [0.0460018590093, 0.05358466506, 0.0566235221922, 0.0564108975232, 0.0569379031658, 0.0745972767472, 0.0932288318872, 0.139965519309, 0.17557528615, 0.106815576553, 0.091060012579, 0.109886966646, 0.111849330366, 0.0914503410459, 0.100596740842, 0.104790113866, 0.122981235385, 0.180149912834, 0.16437985003, 0.296408057213, 0.218041062355, 0.235622465611, 0.108058579266, 0.0899731218815, 0.0637734383345, 0.0450400337577, 0.0551540665329, 0.0572830177844, 0.0875019431114, 0.0801600962877, 0.0869985595345, 0.0599550306797, 0.0566721595824, 0.0597365535796, 0.0515175536275, 0.0400334000587],
