{
"metadata": {
    "version": {
        "essentia": "2.1-beta3"
    }
},
"lowLevel": {
    "average_loudness": 0.783394753933,
    "barkbands_kurtosis": {
        "kurt": 50.5486793518,
        "max": 296.563110352,
        "mean": 9.39075279236,
        "median": 1.29153823853,
        "min": -1.90168094635,
        "skew": 5.53777360916,
        "var": 471.12487793
    },
    "barkbands_skewness": {
        "kurt": 3.59918689728,
        "max": 14.299785614,
        "mean": 0.958888113499,
        "median": 0.89211088419,
        "min": -10.9921636581,
        "skew": -0.318434268236,
        "var": 6.09372758865
    },
    "barkbands_spread": {
        "kurt": -1.43451726437,
        "max": 47.7379341125,
        "mean": 17.4343891144,
        "median": 16.4060554504,
        "min": 0.244023621082,
        "skew": 0.225853085518,
        "var": 189.220657349
    },
    "dissonance": {
        "kurt": 3.25474500656,
        "max": 0.499998629093,
        "mean": 0.452006906271,
        "median": 0.474364072084,
        "min": 0.201088279486,
        "skew": -1.85051834583,
        "var": 0.00303395371884
    },
    "hfc": {
        "kurt": 18.5511951447,
        "max": 22.7624931335,
        "mean": 0.889351725578,
        "median": 0.00472825719044,
        "min": 1.24245730849e-16,
        "skew": 4.19182872772,
        "var": 8.22009658813
    },
    "pitch": {
        "kurt": -0.676004886627,
        "max": 4551.27148438,
        "mean": 1301.33496094,
        "median": 549.620727539,
        "min": 90.9431838989,
        "skew": 1.09106683731,
        "var": 2177779.75
    },
    "pitch_instantaneous_confidence": {
        "kurt": -0.835037469864,
        "max": 0.965713262558,
        "mean": 0.519420623779,
        "median": 0.501965880394,
        "min": 0.0408315658569,
        "skew": 0.288633078337,
        "var": 0.0427326932549
    },
    "pitch_salience": {
        "kurt": 1.08874416351,
        "max": 0.909556388855,
        "mean": 0.634075522423,
        "median": 0.668035209179,
        "min": 0.141111671925,
        "skew": -1.15088093281,
        "var": 0.0193239226937
    },
    "silence_rate_20dB": {
        "kurt": 0,
        "max": 1,
        "mean": 1,
        "median": 1,
        "min": 1,
        "skew": 0,
        "var": 0
    },
    "silence_rate_30dB": {
        "kurt": 0,
        "max": 1,
        "mean": 1,
        "median": 1,
        "min": 1,
        "skew": 0,
        "var": 0
    },
    "silence_rate_60dB": {
        "kurt": 4.44921970367,
        "max": 1,
        "mean": 0.892808675766,
        "median": 1,
        "min": 0,
        "skew": -2.53951787949,
        "var": 0.0957012325525
    },
    "spectral_centroid": {
        "kurt": 12.4960899353,
        "max": 11304.0009766,
        "mean": 1485.4979248,
        "median": 1226.26159668,
        "min": 130.589859009,
        "skew": 2.0953335762,
        "var": 977364.9375
    },
    "spectral_complexity": {
        "kurt": 2.51198101044,
        "max": 8,
        "mean": 0.964721858501,
        "median": 0,
        "min": 0,
        "skew": 1.89834475517,
        "var": 3.46142172813
    },
    "spectral_crest": {
        "kurt": -0.228991508484,
        "max": 26.234079361,
        "mean": 11.0248937607,
        "median": 10.2125778198,
        "min": 2.69951319695,
        "skew": 0.674780249596,
        "var": 27.4266719818
    },
    "spectral_decrease": {
        "kurt": 19.648191452,
        "max": 2.16027394029e-29,
        "mean": -3.57889745617e-10,
        "median": -7.15395028373e-13,
        "min": -9.72753877448e-09,
        "skew": -4.26998281479,
        "var": 1.36456759648e-18
    },
    "spectral_energy": {
        "kurt": 19.5734615326,
        "max": 0.0387785769999,
        "mean": 0.00143142568413,
        "median": 3.18004526889e-06,
        "min": 1.11879263619e-20,
        "skew": 4.26416158676,
        "var": 2.17902506847e-05
    },
    "spectral_energyband_high": {
        "kurt": 15.7480564117,
        "max": 2.57327410509e-05,
        "mean": 1.42737076203e-06,
        "median": 7.37092733516e-08,
        "min": 7.92194346154e-21,
        "skew": 3.67824077606,
        "var": 1.13351177403e-11
    },
    "spectral_energyband_low": {
        "kurt": 29.9730758667,
        "max": 1.72507824914e-07,
        "mean": 8.45900682833e-09,
        "median": 2.09382755578e-09,
        "min": 6.03423750884e-23,
        "skew": 4.64174365997,
        "var": 2.84114358737e-16
    },
    "spectral_energyband_middle_high": {
        "kurt": 193.378250122,
        "max": 0.00996974576265,
        "mean": 0.00013193837367,
        "median": 1.12271402486e-06,
        "min": 1.71489747696e-21,
        "skew": 12.5020875931,
        "var": 3.5268013221e-07
    },
    "spectral_energyband_middle_low": {
        "kurt": 21.6287193298,
        "max": 0.0379808694124,
        "mean": 0.00130507501308,
        "median": 5.66044434436e-07,
        "min": 4.86241795562e-22,
        "skew": 4.46222734451,
        "var": 1.93670966837e-05
    },
    "spectral_flatness_db": {
        "kurt": -1.18928039074,
        "max": 0.49298363924,
        "mean": 0.236428514123,
        "median": 0.216632336378,
        "min": 0.0682776197791,
        "skew": 0.376450151205,
        "var": 0.0113945249468
    },
    "spectral_flux": {
        "kurt": 6.96170711517,
        "max": 0.167522579432,
        "mean": 0.014464398846,
        "median": 0.00135157082696,
        "min": 1.0577299453e-10,
        "skew": 2.72478055954,
        "var": 0.000905453285668
    },
    "spectral_kurtosis": {
        "kurt": 3.66130590439,
        "max": 68.4830474854,
        "mean": 10.9663858414,
        "median": 5.8062877655,
        "min": -1.20636963844,
        "skew": 1.91611480713,
        "var": 123.625770569
    },
    "spectral_rms": {
        "kurt": 7.78692913055,
        "max": 0.00615083379671,
        "mean": 0.000517326465342,
        "median": 5.56999402761e-05,
        "min": 3.3037932199e-12,
        "skew": 2.84429860115,
        "var": 1.12888540116e-06
    },
    "spectral_rolloff": {
        "kurt": 11.5568056107,
        "max": 18540.0878906,
        "mean": 2451.13256836,
        "median": 2734.71679688,
        "min": 172.265625,
        "skew": 1.28971779346,
        "var": 2591571
    },
    "spectral_skewness": {
        "kurt": 0.281851768494,
        "max": 6.65703821182,
        "mean": 2.24337530136,
        "median": 1.69597446918,
        "min": 0.00436167092994,
        "skew": 1.07959604263,
        "var": 1.67753732204
    },
    "spectral_spread": {
        "kurt": 110.932525635,
        "max": 40462624,
        "mean": 3974342.25,
        "median": 3932736.5,
        "min": 1051559.25,
        "skew": 7.37972593307,
        "var": 4.91606769664e+12
    },
    "spectral_strongpeak": {
        "kurt": 16.5077915192,
        "max": 3.66113853455,
        "mean": 0.207900509238,
        "median": 0.0223328676075,
        "min": 0,
        "skew": 3.92540645599,
        "var": 0.269786059856
    },
    "zerocrossingrate": {
        "kurt": 10.9355669022,
        "max": 0.50634765625,
        "mean": 0.0818238779902,
        "median": 0.08251953125,
        "min": 0.02197265625,
        "skew": 1.76650130749,
        "var": 0.00243368488736
    },
    "barkbands": {
        "kurt": [191.829452515, 326.306030273, 33.6578559875, 26.9803066254, 16.5707111359, 45.3673858643, 41.3639030457, 32.6815338135, 65.3581695557, 86.4301986694, 335.003875732, 56.1432571411, 176.681152344, 40.48097229, 112.895996094, 67.0826568604, 142.516021729, 52.3118553162, 56.477432251, 38.6233482361, 34.3015785217, 42.9647674561, 30.8085021973, 61.6219329834, 73.6638565063, 25.6602153778, 85.5915374756],
        "max": [3.15389527827e-08, 1.08086901207e-07, 7.87552707493e-08, 5.52361996142e-07, 1.12715715659e-05, 0.000462360389065, 0.00612435583025, 0.03373843804, 0.0151734901592, 0.00433923536912, 0.0058595710434, 0.000839661806822, 0.000397682801122, 6.0720845795e-05, 0.000284934911178, 0.000189339960343, 0.0001337788417, 5.63692119613e-05, 3.84007071261e-05, 3.18806487485e-05, 7.53839094614e-06, 2.04986426979e-05, 5.4616612033e-06, 1.65954736531e-06, 2.80014660348e-06, 4.6625507899e-09, 2.0710033688e-09],
        "mean": [5.015478588e-10, 1.59415092238e-09, 3.06050762511e-09, 2.43764244345e-08, 6.98016322076e-07, 1.16065966722e-05, 0.000147428843775, 0.000873071374372, 0.000260163884377, 7.3428156611e-05, 2.87515613309e-05, 1.8271002773e-05, 3.63177491636e-06, 1.58096986524e-06, 3.17441526931e-06, 3.38673567057e-06, 1.54993767865e-06, 1.46839590798e-06, 1.14010163088e-06, 1.09224151856e-06, 2.30241170129e-07, 4.99094539919e-07, 1.45943019447e-07, 3.16869304129e-08, 4.50512835926e-08, 1.68862229755e-10, 3.34759650555e-11],
        "median": [8.00629701425e-11, 4.41794517636e-10, 5.01138686104e-10, 2.47463827208e-09, 1.02927145917e-07, 1.00908522427e-07, 8.9095685496e-08, 1.07378937741e-07, 7.0352754733e-08, 5.16662730377e-08, 2.42353515034e-08, 2.00030161324e-08, 1.24482486541e-08, 1.04768878018e-08, 1.13751914554e-08, 1.97822664916e-08, 3.52656179814e-08, 4.508141771e-08, 5.83144199595e-08, 8.66536638e-08, 2.09137631657e-08, 9.64567536954e-09, 1.97938776481e-09, 3.42620681826e-10, 1.94064153636e-10, 1.26557245586e-11, 3.37850000797e-13],
        "min": [1.55746354685e-23, 2.24227180541e-23, 2.5204473531e-23, 5.99320979979e-24, 9.72892435643e-23, 7.14357473453e-23, 3.68590083037e-23, 1.0171985875e-22, 1.64874592386e-22, 7.80893978058e-23, 9.56802765511e-23, 1.24576623852e-22, 1.61038229275e-22, 5.47972445937e-23, 1.74686822978e-22, 1.14782972511e-22, 1.71526166564e-22, 3.69428888304e-22, 2.22615184302e-22, 2.23478639894e-22, 2.82803857731e-22, 5.5528093299e-22, 6.42950617349e-22, 9.52861679537e-22, 1.07321979081e-21, 1.81262757386e-21, 2.7788779269e-21],
        "skew": [11.3307847977, 15.6400575638, 5.06875276566, 4.90948486328, 3.68320941925, 6.19084978104, 5.87735748291, 5.36097669601, 7.75864887238, 8.247590065, 17.9821548462, 6.53210163116, 12.3437786102, 5.89344882965, 9.55721092224, 7.18931770325, 10.3848628998, 6.30767917633, 6.71453285217, 5.63263750076, 5.28737545013, 5.97636795044, 4.95446252823, 7.07365036011, 7.67971563339, 4.82495307922, 7.76298761368],
        "var": [2.59343993579e-18, 2.31874591023e-17, 5.45855261996e-17, 4.79194066833e-15, 2.0766895148e-12, 1.82389114922e-09, 3.00584588331e-07, 1.16109476949e-05, 1.97676149583e-06, 9.43227789207e-08, 8.74114718385e-08, 4.10881817459e-09, 5.07903330504e-10, 3.47372408616e-11, 3.18780668529e-10, 1.91502452784e-10, 5.87206047675e-11, 2.13490058965e-11, 1.35027917667e-11, 9.93063097032e-12, 4.74585702768e-13, 3.4673219157e-12, 2.48785394412e-13, 1.88245567815e-14, 4.20084872107e-14, 2.99952543917e-19, 1.82441227226e-20],
        "cov": [[2.59696351841e-18, 6.76455028697e-18, 2.2811689148e-18, 3.54297379583e-18, 1.42624837027e-16, 5.9821320735e-15, 1.76347733074e-13, 1.19525949468e-12, 5.51320111526e-13, 8.9698932418e-14, 3.53922349327e-14, 2.16761236917e-14, 7.44026286978e-15, 1.65263211322e-15, 3.91642285009e-15, 4.01040877888e-15, 2.01187117401e-15, 1.02071112386e-15, 5.86258290212e-16, 1.12684684031e-16, 1.16161688105e-16, 6.65453753198e-16, 2.09924026671e-16, 4.94202795826e-17, 6.54963594253e-17, 1.78357833977e-19, 2.14903817275e-20], [6.76455028697e-18, 2.32189631031e-17, 9.15445912432e-18, 4.98413748986e-18, 1.4430468865e-16, 5.95720050573e-15, 2.30851308122e-13, 1.54459713249e-12, 6.95823823907e-13, 1.07432170256e-13, 3.82542643938e-14, 2.49051962457e-14, 8.96335177576e-15, 2.2113747499e-15, 4.53709979472e-15, 4.39678582239e-15, 2.69932629038e-15, 1.72396795749e-15, 1.93662860203e-15, 6.7370793045e-16, 1.893233913e-16, 7.73341980816e-16, 2.49191613838e-16, 6.7950875618e-17, 8.21647568348e-17, 2.25469272455e-19, 2.15468998122e-20], [2.2811689148e-18, 9.15445912432e-18, 5.46596912134e-17, 9.30787829777e-17, 3.28141008459e-15, 2.17243706883e-14, 2.1020956243e-13, 5.98367438497e-13, 3.03628785525e-13, 6.24469619352e-14, 5.23690147508e-15, 2.09440619145e-14, 2.92299021054e-15, 9.29112769184e-16, -1.99762317987e-16, 6.63433897256e-16, 1.19032216589e-15, 3.63109641367e-15, 5.25280917734e-15, 2.66506063129e-15, 2.1954591067e-16, 2.63391274166e-16, 1.03008318608e-16, 2.63991714646e-17, 1.49600891193e-17, 7.81515395979e-20, 1.25782758097e-21], [3.54297379583e-18, 4.98413748986e-18, 9.30787829777e-17, 4.79845138707e-15, 5.388200533e-14, 1.39586031535e-12, 7.57425979575e-12, 6.74891739716e-12, 2.11351834471e-12, 1.70896662707e-12, 6.23710393229e-13, 2.32233205106e-13, 3.85207240183e-14, 1.63547662555e-14, 4.13273541365e-14, 4.26851445628e-14, 6.46211396568e-14, 9.38785927793e-14, 1.64850958269e-14, 2.23916547738e-14, 5.77643943962e-15, 7.92410502991e-15, 2.49949343043e-15, 3.40924540872e-16, 6.33372697958e-16, 3.94708295793e-18, 7.95539299762e-19], [1.42624837027e-16, 1.4430468865e-16, 3.28141008459e-15, 5.388200533e-14, 2.07951104253e-12, 3.26894067371e-11, 2.74005318435e-10, 1.35802880052e-09, 1.44883285924e-10, 1.02484631892e-10, 2.32966684138e-11, 1.55956601799e-11, 2.44573502076e-12, 1.51198259642e-12, 2.26411576119e-12, 5.5116965679e-12, 2.67450341387e-12, 2.06331609784e-12, 7.66810605898e-13, 2.82363162799e-13, 1.49447498105e-13, 6.08854546641e-13, 2.06654721005e-13, 4.25684844091e-14, 5.57974415912e-14, 2.7213998631e-16, 5.05069632969e-17], [5.9821320735e-15, 5.95720050573e-15, 2.17243706883e-14, 1.39586031535e-12, 3.26894067371e-11, 1.82636927804e-09, 1.10605036241e-08, 1.0882931889e-08, 2.22810281336e-09, 3.76413433756e-09, 5.25412990893e-10, 1.29734667453e-10, 3.39995392951e-11, 3.5296560813e-11, 3.10219835931e-11, 1.08431048862e-10, 6.72439187666e-11, 6.05315450541e-11, 2.67212588861e-11, 9.35254824974e-12, 3.83175305721e-12, 1.01522375576e-11, 4.35218918196e-12, 5.69645242435e-13, 8.77095596673e-13, 6.35828415878e-15, 1.75243408787e-15], [1.76347733074e-13, 2.30851308122e-13, 2.1020956243e-13, 7.57425979575e-12, 2.74005318435e-10, 1.10605036241e-08, 3.00993008295e-07, 6.39059408059e-07, 4.83014304109e-08, 1.19473568816e-07, 5.94999036707e-08, 3.38105698994e-09, 7.90920107185e-10, 1.43166001276e-09, 1.72799852205e-09, 3.60721519321e-09, 1.7873572622e-09, 1.20665510916e-09, 6.19013729164e-10, 1.63095065231e-10, 8.15687933864e-11, 3.2838906594e-10, 9.79310660343e-11, 2.02981763342e-11, 2.8664935009e-11, 1.338316529e-13, 2.29843406677e-14], [1.19525949468e-12, 1.54459713249e-12, 5.98367438497e-13, 6.74891739716e-12, 1.35802880052e-09, 1.0882931889e-08, 6.39059408059e-07, 1.162672379e-05, 1.95710435946e-06, 3.84540101095e-07, 1.21803751085e-07, 1.03687170849e-07, 1.38564022478e-08, 1.08471587268e-08, 1.76817156472e-08, 2.91290298549e-08, 8.70247784945e-09, 6.26725382702e-09, 2.21335638706e-09, 8.75750805207e-10, 8.23827894791e-10, 4.11717282489e-09, 1.24273047408e-09, 3.11967618405e-10, 4.82361650622e-10, 1.37316742178e-12, 2.14637145947e-13], [5.51320111526e-13, 6.95823823907e-13, 3.03628785525e-13, 2.11351834471e-12, 1.44883285924e-10, 2.22810281336e-09, 4.83014304109e-08, 1.95710435946e-06, 1.97944746105e-06, 5.48174412529e-08, 2.66029580587e-08, 6.20149975816e-08, 2.01169161329e-08, 3.2285618623e-09, 1.72743011007e-08, 4.91727814023e-09, 2.79251177737e-09, 1.1401388722e-09, 4.33050734161e-10, 2.64974597819e-10, 2.83509493659e-10, 1.69967262487e-09, 4.52188619882e-10, 1.11269687908e-10, 1.82058104703e-10, 4.00769315737e-13, 5.59359416424e-14], [8.9698932418e-14, 1.07432170256e-13, 6.24469619352e-14, 1.70896662707e-12, 1.02484631892e-10, 3.76413433756e-09, 1.19473568816e-07, 3.84540101095e-07, 5.48174412529e-08, 9.44509324086e-08, 6.60331735958e-08, 3.03961322778e-09, 5.64111091172e-10, 8.09667999313e-10, 1.60438029528e-09, 2.50660514567e-09, 1.6012322579e-09, 9.37782407284e-10, 5.05149089225e-10, 9.43479322446e-11, 6.3044819365e-11, 2.5057311781e-10, 6.6578687008e-11, 1.70751243006e-11, 2.5605104842e-11, 8.32757325012e-14, 1.36536857599e-14], [3.53922349327e-14, 3.82542643938e-14, 5.23690147508e-15, 6.23710393229e-13, 2.32966684138e-11, 5.25412990893e-10, 5.94999036707e-08, 1.21803751085e-07, 2.66029580587e-08, 6.60331735958e-08, 8.75302319514e-08, 1.19404974797e-09, 2.15788956148e-10, 5.79104209031e-10, 1.62818614147e-09, 1.53310186768e-09, 1.43020728594e-09, 8.40789549095e-10, 4.06021605226e-10, 3.15199186196e-11, 5.84453249686e-11, 1.84374487899e-10, 2.39061478946e-11, 1.02350966244e-11, 1.62158845379e-11, 3.62561577169e-14, 6.20788668273e-15], [2.16761236917e-14, 2.49051962457e-14, 2.09440619145e-14, 2.32233205106e-13, 1.55956601799e-11, 1.29734667453e-10, 3.38105698994e-09, 1.03687170849e-07, 6.20149975816e-08, 3.03961322778e-09, 1.19404974797e-09, 4.11440082004e-09, 7.60409235578e-10, 1.4730694442e-10, 5.1209719798e-10, 2.49987558432e-10, 8.12218139967e-11, 4.20148221769e-11, 1.53629539645e-11, 5.87890109857e-12, 1.17492751639e-11, 7.77418823761e-11, 2.16914559231e-11, 5.23262032662e-12, 6.24755932752e-12, 1.74370744623e-14, 2.76228730814e-15], [7.44026286978e-15, 8.96335177576e-15, 2.92299021054e-15, 3.85207240183e-14, 2.44573502076e-12, 3.39995392951e-11, 7.90920107185e-10, 1.38564022478e-08, 2.01169161329e-08, 5.64111091172e-10, 2.15788956148e-10, 7.60409235578e-10, 5.08593389625e-10, 3.87014482961e-11, 2.47303205692e-10, 4.9657788298e-11, 3.80233622366e-11, 9.68579730309e-12, 5.79690158722e-12, 3.70618379736e-12, 3.05656867004e-12, 1.46803125212e-11, 4.33776885939e-12, 8.98022975426e-13, 1.29356399724e-12, 3.82588603945e-15, 5.51579437862e-16], [1.65263211322e-15, 2.2113747499e-15, 9.29112769184e-16, 1.63547662555e-14, 1.51198259642e-12, 3.5296560813e-11, 1.43166001276e-09, 1.08471587268e-08, 3.2285618623e-09, 8.09667999313e-10, 5.79104209031e-10, 1.4730694442e-10, 3.87014482961e-11, 3.47844392179e-11, 4.43034740838e-11, 3.82692662282e-11, 1.8879014671e-11, 1.31753523022e-11, 5.01589178178e-12, 9.58942127094e-13, 1.82993203923e-12, 6.11692207303e-12, 1.45449396884e-12, 3.78629527904e-13, 7.34750205556e-13, 1.9204337556e-15, 4.16986776046e-16], [3.91642285009e-15, 4.53709979472e-15, -1.99762317987e-16, 4.13273541365e-14, 2.26411576119e-12, 3.10219835931e-11, 1.72799852205e-09, 1.76817156472e-08, 1.72743011007e-08, 1.60438029528e-09, 1.62818614147e-09, 5.1209719798e-10, 2.47303205692e-10, 4.43034740838e-11, 3.19213794286e-10, 7.97683585851e-11, 7.06031830222e-11, 2.71642465466e-11, 1.1425138613e-11, 2.14303162889e-12, 4.56825202666e-12, 1.7433698582e-11, 4.23278512934e-12, 1.23402384231e-12, 2.27976318379e-12, 4.8004419145e-15, 8.50126311578e-16], [4.01040877888e-15, 4.39678582239e-15, 6.63433897256e-16, 4.26851445628e-14, 5.5116965679e-12, 1.08431048862e-10, 3.60721519321e-09, 2.91290298549e-08, 4.91727814023e-09, 2.50660514567e-09, 1.53310186768e-09, 2.49987558432e-10, 4.9657788298e-11, 3.82692662282e-11, 7.97683585851e-11, 1.91762647428e-10, 6.60488955195e-11, 3.81968692786e-11, 1.35327356959e-11, 2.49885290411e-12, 4.02678237976e-12, 1.50587927544e-11, 3.97501432811e-12, 1.13905770666e-12, 1.67294791301e-12, 4.92696661396e-15, 9.1976830171e-16], [2.01187117401e-15, 2.69932629038e-15, 1.19032216589e-15, 6.46211396568e-14, 2.67450341387e-12, 6.72439187666e-11, 1.7873572622e-09, 8.70247784945e-09, 2.79251177737e-09, 1.6012322579e-09, 1.43020728594e-09, 8.12218139967e-11, 3.80233622366e-11, 1.8879014671e-11, 7.06031830222e-11, 6.60488955195e-11, 5.88003881696e-11, 2.51103252774e-11, 8.87676911143e-12, 1.45632529473e-12, 1.75962944302e-12, 6.18436942282e-12, 1.7503453114e-12, 5.60629179799e-13, 7.79716569088e-13, 2.34629121653e-15, 4.1286082562e-16], [1.02071112386e-15, 1.72396795749e-15, 3.63109641367e-15, 9.38785927793e-14, 2.06331609784e-12, 6.05315450541e-11, 1.20665510916e-09, 6.26725382702e-09, 1.1401388722e-09, 9.37782407284e-10, 8.40789549095e-10, 4.20148221769e-11, 9.68579730309e-12, 1.31753523022e-11, 2.71642465466e-11, 3.81968692786e-11, 2.51103252774e-11, 2.13780122077e-11, 8.02619862933e-12, 2.31669804868e-12, 1.44626313963e-12, 3.93442787031e-12, 9.10626392001e-13, 2.82816765883e-13, 4.65300053262e-13, 1.33881424132e-15, 2.48623731186e-16], [5.86258290212e-16, 1.93662860203e-15, 5.25280917734e-15, 1.64850958269e-14, 7.66810605898e-13, 2.67212588861e-11, 6.19013729164e-10, 2.21335638706e-09, 4.33050734161e-10, 5.05149089225e-10, 4.06021605226e-10, 1.53629539645e-11, 5.79690158722e-12, 5.01589178178e-12, 1.1425138613e-11, 1.35327356959e-11, 8.87676911143e-12, 8.02619862933e-12, 1.35211382021e-11, 4.93883840075e-12, 7.03650137289e-13, 1.65102046618e-12, 4.22139103187e-13, 1.05328960343e-13, 1.48144043148e-13, 5.16726361423e-16, 6.67684043887e-17], [1.12684684031e-16, 6.7370793045e-16, 2.66506063129e-15, 2.23916547738e-14, 2.82363162799e-13, 9.35254824974e-12, 1.63095065231e-10, 8.75750805207e-10, 2.64974597819e-10, 9.43479322446e-11, 3.15199186196e-11, 5.87890109857e-12, 3.70618379736e-12, 9.58942127094e-13, 2.14303162889e-12, 2.49885290411e-12, 1.45632529473e-12, 2.31669804868e-12, 4.93883840075e-12, 9.94412364952e-12, 5.86422783163e-13, 4.77467024251e-13, 1.43650513034e-13, 3.36403437929e-14, 4.73442255723e-14, 1.78377171288e-16, 1.13351652994e-17], [1.16161688105e-16, 1.893233913e-16, 2.1954591067e-16, 5.77643943962e-15, 1.49447498105e-13, 3.83175305721e-12, 8.15687933864e-11, 8.23827894791e-10, 2.83509493659e-10, 6.3044819365e-11, 5.84453249686e-11, 1.17492751639e-11, 3.05656867004e-12, 1.82993203923e-12, 4.56825202666e-12, 4.02678237976e-12, 1.75962944302e-12, 1.44626313963e-12, 7.03650137289e-13, 5.86422783163e-13, 4.7523053201e-13, 5.90646997457e-13, 1.06513803582e-13, 3.70258260629e-14, 6.93081727535e-14, 1.66097800826e-16, 3.89533180911e-17], [6.65453753198e-16, 7.73341980816e-16, 2.63391274166e-16, 7.92410502991e-15, 6.08854546641e-13, 1.01522375576e-11, 3.2838906594e-10, 4.11717282489e-09, 1.69967262487e-09, 2.5057311781e-10, 1.84374487899e-10, 7.77418823761e-11, 1.46803125212e-11, 6.11692207303e-12, 1.7433698582e-11, 1.50587927544e-11, 6.18436942282e-12, 3.93442787031e-12, 1.65102046618e-12, 4.77467024251e-13, 5.90646997457e-13, 3.47203299098e-12, 6.89002836989e-13, 2.11593912422e-13, 2.73514013088e-13, 7.516803308e-16, 1.23170290173e-16], [2.09924026671e-16, 2.49191613838e-16, 1.03008318608e-16, 2.49949343043e-15, 2.06654721005e-13, 4.35218918196e-12, 9.79310660343e-11, 1.24273047408e-09, 4.52188619882e-10, 6.6578687008e-11, 2.39061478946e-11, 2.16914559231e-11, 4.33776885939e-12, 1.45449396884e-12, 4.23278512934e-12, 3.97501432811e-12, 1.7503453114e-12, 9.10626392001e-13, 4.22139103187e-13, 1.43650513034e-13, 1.06513803582e-13, 6.89002836989e-13, 2.49123421545e-13, 4.84961564992e-14, 7.10965235794e-14, 2.114602268e-16, 2.95133410347e-17], [4.94202795826e-17, 6.7950875618e-17, 2.63991714646e-17, 3.40924540872e-16, 4.25684844091e-14, 5.69645242435e-13, 2.02981763342e-11, 3.11967618405e-10, 1.11269687908e-10, 1.70751243006e-11, 1.02350966244e-11, 5.23262032662e-12, 8.98022975426e-13, 3.78629527904e-13, 1.23402384231e-12, 1.13905770666e-12, 5.60629179799e-13, 2.82816765883e-13, 1.05328960343e-13, 3.36403437929e-14, 3.70258260629e-14, 2.11593912422e-13, 4.84961564992e-14, 1.88501337884e-14, 2.11015998783e-14, 5.87669672095e-17, 9.33834054731e-18], [6.54963594253e-17, 8.21647568348e-17, 1.49600891193e-17, 6.33372697958e-16, 5.57974415912e-14, 8.77095596673e-13, 2.8664935009e-11, 4.82361650622e-10, 1.82058104703e-10, 2.5605104842e-11, 1.62158845379e-11, 6.24755932752e-12, 1.29356399724e-12, 7.34750205556e-13, 2.27976318379e-12, 1.67294791301e-12, 7.79716569088e-13, 4.65300053262e-13, 1.48144043148e-13, 4.73442255723e-14, 6.93081727535e-14, 2.73514013088e-13, 7.10965235794e-14, 2.11015998783e-14, 4.20655636788e-14, 7.53268319052e-17, 1.19272587003e-17], [1.78357833977e-19, 2.25469272455e-19, 7.81515395979e-20, 3.94708295793e-18, 2.7213998631e-16, 6.35828415878e-15, 1.338316529e-13, 1.37316742178e-12, 4.00769315737e-13, 8.32757325012e-14, 3.62561577169e-14, 1.74370744623e-14, 3.82588603945e-15, 1.9204337556e-15, 4.8004419145e-15, 4.92696661396e-15, 2.34629121653e-15, 1.33881424132e-15, 5.16726361423e-16, 1.78377171288e-16, 1.66097800826e-16, 7.516803308e-16, 2.114602268e-16, 5.87669672095e-17, 7.53268319052e-17, 3.00360085465e-19, 5.06299707667e-20], [2.14903817275e-20, 2.15468998122e-20, 1.25782758097e-21, 7.95539299762e-19, 5.05069632969e-17, 1.75243408787e-15, 2.29843406677e-14, 2.14637145947e-13, 5.59359416424e-14, 1.36536857599e-14, 6.20788668273e-15, 2.76228730814e-15, 5.51579437862e-16, 4.16986776046e-16, 8.50126311578e-16, 9.1976830171e-16, 4.1286082562e-16, 2.48623731186e-16, 6.67684043887e-17, 1.13351652994e-17, 3.89533180911e-17, 1.23170290173e-16, 2.95133410347e-17, 9.33834054731e-18, 1.19272587003e-17, 5.06299707667e-20, 1.8268910676e-20]]
    },
    "mfcc": {
        "kurt": [-0.187037944794, -1.21637439728, 0.00379395484924, -0.389214754105, -1.11236548424, -0.605125665665, 0.201543331146, 0.475658178329, 1.28381633759, 0.985939025879, 1.85293292999, 1.0622844696, 1.18140888214],
        "max": [-777.272766113, 167.416503906, 27.8195533752, 71.3475418091, 15.0227966309, 12.4473419189, 36.8391342163, 25.4518985748, 25.3084869385, 29.8782062531, 42.4151954651, 23.4063510895, 41.8192710876],
        "mean": [-1038.51635742, 57.4306640625, -12.280916214, -13.3098363876, -31.8190727234, -33.4026527405, -16.4753856659, -9.5436000824, -8.98496627808, -3.3150947094, -1.89467871189, -1.72646725178, 3.20043349266],
        "median": [-1079.59777832, 32.2862358093, -1.42289733887, -0.272106170654, -20.8915519714, -30.7360496521, -12.024597168, -8.24383544922, -8.13680267334, -3.36023712158, -2.5112953186, -1.72688293457, 1.93943023682],
        "min": [-1138.42004395, -23.0083808899, -99.4973144531, -98.4072036743, -96.4766845703, -101.769256592, -81.9902420044, -41.0264129639, -47.3656692505, -36.9157600403, -37.4004859924, -34.7873802185, -27.6511039734],
        "skew": [0.997481524944, 0.533664762974, -0.936585485935, -0.470729887486, -0.54486733675, -0.533361792564, -0.636191368103, -0.229119151831, -0.233014956117, -0.0529377348721, 0.448095798492, -0.249039798975, 0.669467926025],
        "var": [9144.46289062, 2622.46899414, 735.109069824, 1353.20458984, 845.028076172, 555.016662598, 446.971160889, 109.554496765, 81.842414856, 97.2722930908, 78.594543457, 57.5692214966, 99.4997634888],
        "cov": [[9156.88769531, 4186.0078125, -2177.20288086, -2534.08398438, -2530.60302734, -1678.42138672, -1493.33129883, -242.754592896, -43.5649414062, -56.1765518188, 326.846069336, 0.454645395279, 494.655731201], [4186.0078125, 2626.03198242, -741.504394531, -1596.97961426, -1293.12512207, -791.675964355, -822.550415039, -210.535110474, -54.7342300415, -100.203125, 96.9910964966, 43.806602478, 222.016601562], [-2177.20288086, -741.504394531, 736.107849121, 482.562255859, 529.960876465, 385.470397949, 258.251098633, 10.4935207367, -7.25943899155, -35.9475822449, -93.9456329346, -9.20324516296, -142.210235596], [-2534.08398438, -1596.97961426, 482.562255859, 1355.04321289, 775.202209473, 237.799713135, 591.191833496, 124.03086853, -72.9137115479, 39.2189216614, -87.4887084961, -41.4569244385, -204.31137085], [-2530.60302734, -1293.12512207, 529.960876465, 775.202209473, 846.176208496, 482.492736816, 371.198577881, 128.344192505, 21.1218318939, -14.094121933, -85.1086883545, -26.1355056763, -151.112686157], [-1678.42138672, -791.675964355, 385.470397949, 237.799713135, 482.492736816, 555.770751953, 226.751846313, 3.54387068748, 73.199508667, 3.85118794441, -58.5175285339, -1.59103131294, -54.978012085], [-1493.33129883, -822.550415039, 258.251098633, 591.191833496, 371.198577881, 226.751846313, 447.578460693, 28.3157081604, -39.2838668823, 77.2315597534, -51.4277305603, 14.7971010208, -84.8188247681], [-242.754592896, -210.535110474, 10.4935207367, 124.03086853, 128.344192505, 3.54387068748, 28.3157081604, 109.703346252, 26.515039444, -11.1493082047, 7.5794095993, -17.3083076477, -26.9000301361], [-43.5649414062, -54.7342300415, -7.25943899155, -72.9137115479, 21.1218318939, 73.199508667, -39.2838668823, 26.515039444, 81.9536132812, 9.14527797699, 2.64480614662, 0.490697354078, 5.73475265503], [-56.1765518188, -100.203125, -35.9475822449, 39.2189216614, -14.094121933, 3.85118794441, 77.2315597534, -11.1493082047, 9.14527797699, 97.4044570923, 20.8562545776, 5.43864393234, 24.87474823], [326.846069336, 96.9910964966, -93.9456329346, -87.4887084961, -85.1086883545, -58.5175285339, -51.4277305603, 7.5794095993, 2.64480614662, 20.8562545776, 78.7013320923, 23.3525409698, 5.78465223312], [0.454645395279, 43.806602478, -9.20324516296, -41.4569244385, -26.1355056763, -1.59103131294, 14.7971010208, -17.3083076477, 0.490697354078, 5.43864393234, 23.3525409698, 57.6474380493, 7.02431201935], [494.655731201, 222.016601562, -142.210235596, -204.31137085, -151.112686157, -54.978012085, -84.8188247681, -26.9000301361, 5.73475265503, 24.87474823, 5.78465223312, 7.02431201935, 99.6349563599]]
    },
    "sccoeffs": {
        "kurt": [-0.348114013672, 2.32342624664, 0.884028434753, 0.708917379379, 1.03376674652, 3.84166431427],
        "max": [-0.484325826168, -0.299645751715, -0.540087938309, -0.614937841892, -0.647865176201, -0.615755975246],
        "mean": [-0.731644749641, -0.785591125488, -0.836641848087, -0.850593805313, -0.848150074482, -0.818264782429],
        "median": [-0.736772954464, -0.827751040459, -0.86261844635, -0.874023735523, -0.860801339149, -0.823568642139],
        "min": [-0.964900314808, -0.972996234894, -0.980446457863, -0.981506824493, -0.978509783745, -0.970927596092],
        "skew": [0.219436153769, 1.63928890228, 1.12512266636, 1.09061765671, 1.07021558285, 1.30453491211],
        "var": [0.0072152428329, 0.0156237678602, 0.00546360388398, 0.0036556776613, 0.0023175899405, 0.00167879078072],
        "cov": [[0.00722504639998, 0.00381821463816, 0.00305459345691, 0.00229050521739, 0.00141159456689, 0.000782454619184], [0.00381821463816, 0.0156449954957, 0.00633714906871, 0.00533313443884, 0.00247223419137, 0.00106230040547], [0.00305459345691, 0.00633714906871, 0.00547102745622, 0.00282039260492, 0.0017072930932, 0.000521232839674], [0.00229050521739, 0.00533313443884, 0.00282039260492, 0.00366064463742, 0.000891555973794, 0.000671660993248], [0.00141159456689, 0.00247223419137, 0.0017072930932, 0.000891555973794, 0.00232073874213, 0.000748084625229], [0.000782454619184, 0.00106230040547, 0.000521232839674, 0.000671660993248, 0.000748084625229, 0.00168107170612]]
    },
    "scvalleys": {
        "kurt": [75.1674880981, 12.3093910217, 13.8317127228, 26.5040416718, 73.3549728394, 33.0119171143],
        "max": [-9.65369224548, -5.32593584061, -6.04332828522, -7.20854949951, -8.29382324219, -9.91821861267],
        "mean": [-11.8615980148, -9.22184276581, -9.8351726532, -10.7718000412, -10.8327941895, -13.3720808029],
        "median": [-11.8579816818, -10.0419549942, -10.5793504715, -11.2594175339, -11.0271215439, -13.722987175],
        "min": [-27.5622024536, -27.7653408051, -27.1128444672, -26.9991207123, -27.2886676788, -27.321893692],
        "skew": [-5.70314502716, -1.189899683, -1.21831178665, -2.14800071716, -5.6354970932, -2.25223064423],
        "var": [1.1149367094, 3.88042807579, 3.33641052246, 2.2498857975, 1.44115066528, 1.60593140125],
        "cov": [[1.11645162106, 1.36978328228, 1.25651872158, 1.09763979912, 0.884467840195, 0.944524109364], [1.36978328228, 3.88570046425, 3.45143723488, 2.72130131721, 1.7074174881, 2.05905556679], [1.25651872158, 3.45143723488, 3.34094381332, 2.62575721741, 1.62093424797, 2.00762486458], [1.09763979912, 2.72130131721, 2.62575721741, 2.25294280052, 1.44087529182, 1.7575879097], [0.884467840195, 1.7074174881, 1.62093424797, 1.44087529182, 1.44310879707, 1.23349750042], [0.944524109364, 2.05905556679, 2.00762486458, 1.7575879097, 1.23349750042, 1.60811328888]]
    }
},
"rhythm": {
    "beats_loudness": {
        "kurt": 0.70930814743,
        "max": 0.0230505820364,
        "mean": 0.00399017194286,
        "median": 1.3887044588e-05,
        "min": 2.19494580733e-07,
        "skew": 1.50757288933,
        "var": 4.84583179059e-05
    },
    "bpm": 128.561325073,
    "confidence": 1.10612177849,
    "first_peak_bpm": {
        "kurt": 0,
        "max": 129,
        "mean": 129,
        "median": 129,
        "min": 129,
        "skew": 0,
        "var": 0
    },
    "first_peak_spread": {
        "kurt": 0,
        "max": 0.526315808296,
        "mean": 0.526315808296,
        "median": 0.526315808296,
        "min": 0.526315808296,
        "skew": 0,
        "var": 0
    },
    "first_peak_weight": {
        "kurt": 0,
        "max": 0.264705896378,
        "mean": 0.264705896378,
        "median": 0.264705896378,
        "min": 0.264705896378,
        "skew": 0,
        "var": 0
    },
    "onset_rate": 2.10889029503,
    "second_peak_bpm": {
        "kurt": 0,
        "max": 136,
        "mean": 136,
        "median": 136,
        "min": 136,
        "skew": 0,
        "var": 0
    },
    "second_peak_spread": {
        "kurt": 0,
        "max": 0,
        "mean": 0,
        "median": 0,
        "min": 0,
        "skew": 0,
        "var": 0
    },
    "second_peak_weight": {
        "kurt": 0,
        "max": 0.117647059262,
        "mean": 0.117647059262,
        "median": 0.117647059262,
        "min": 0.117647059262,
        "skew": 0,
        "var": 0
    },
    "beats_loudness_band_ratio": {
        "kurt": [0.960283994675, 3.00217437744, -1.62024986744, 3.46000242233, 2.66610383987, 1.95220851898],
        "max": [0.0435437858105, 0.632270812988, 0.964856386185, 0.446196764708, 0.782268702984, 0.788255512714],
        "mean": [0.00902401469648, 0.113027781248, 0.497003287077, 0.107437342405, 0.146929785609, 0.15340282023],
        "median": [0.00215735565871, 0.0713983997703, 0.466738432646, 0.0790819376707, 0.104271166027, 0.0655919462442],
        "min": [1.11326437491e-06, 0.000114916372695, 0.00419406034052, 0.00291304616258, 0.00127390644047, 0.00053777435096],
        "skew": [1.43740487099, 1.8005335331, 0.0246872399002, 1.68740987778, 1.67871189117, 1.6205227375],
        "var": [0.00015512855316, 0.0224944259971, 0.131003305316, 0.00822279043496, 0.0329469926655, 0.042025744915],
        "cov": [[0.000159691160661, 0.00102709478233, -0.00110762054101, 0.000356671691407, -1.87359637494e-05, -0.000148189734318], [0.00102709478233, 0.0231560263783, -0.0256557073444, 0.0023447626736, 0.00132303580176, 0.000548297422938], [-0.00110762054101, -0.0256557073444, 0.134856343269, -0.00445957481861, -0.0512814968824, -0.0539522916079], [0.000356671691407, 0.0023447626736, -0.00445957481861, 0.00846463721246, -0.000344811560353, -0.00579118588939], [-1.87359637494e-05, 0.00132303580176, -0.0512814968824, -0.000344811560353, 0.0339160226285, 0.0164768192917], [-0.000148189734318, 0.000548297422938, -0.0539522916079, -0.00579118588939, 0.0164768192917, 0.043261796236]]
    },
    "beats_position": [0.417959183455, 0.835918366909, 1.27709746361, 1.71827661991, 2.15945577621, 2.62385487556, 3.12308382988, 3.62231278419, 4.14476203918, 4.65560102463, 5.16644001007, 5.67727899551, 6.15328788757, 6.62929677963, 7.10530614853, 7.59292507172, 8.06893444061, 8.54494285583, 8.99773216248, 9.46213150024, 9.93814086914, 10.4257593155, 10.8901586533, 11.3777770996, 11.8770065308, 12.3530158997, 12.8058052063, 13.2702035904, 13.7346029282, 14.1873922348, 14.6517915726, 15.1161899567, 15.5805892944, 16.0449886322, 16.4861679077],
    "bpm_estimates": [129.19921875, 126.048065186, 126.048065186, 126.047935486, 126.047935486, 126.048194885, 132.511962891, 129.199157715, 126.047935486, 129.199157715, 126.047935486, 132.511962891, 129.199417114, 129.199157715, 132.511962891, 129.199157715, 129.199417114, 129.199157715, 129.199157715],
    "bpm_intervals": [0.417959183455, 0.441179096699, 0.441179156303, 0.441179156303, 0.46439909935, 0.499228954315, 0.499228954315, 0.52244925499, 0.510838985443, 0.510838985443, 0.510838985443, 0.476008892059, 0.476008892059, 0.476009368896, 0.487618923187, 0.476009368896, 0.476008415222, 0.452789306641, 0.464399337769, 0.476009368896, 0.48761844635, 0.464399337769, 0.48761844635, 0.499229431152, 0.476009368896, 0.452789306641, 0.464398384094, 0.464399337769, 0.452789306641, 0.464399337769, 0.464398384094, 0.464399337769, 0.464399337769, 0.441179275513],
    "onset_times": [0.139319732785, 0.394739240408, 0.638548731804, 1.26548755169, 1.66022670269, 2.00852608681, 2.4497051239, 2.64707493782, 2.84444451332, 3.05342411995, 3.16952371597, 3.27401351929, 3.39011335373, 3.49460315704, 4.1679816246, 4.27247142792, 4.60916090012, 5.52634906769, 8.498503685, 8.75392246246, 8.97451210022, 9.21832180023, 9.62467098236, 9.74077129364, 9.93814086914, 10.1006803513, 10.4025392532, 10.8321084976, 12.0627660751, 12.3530158997, 12.6432657242, 13.1657142639, 14.0248527527, 15.4412698746, 15.9637184143, 16.4281177521],
    "histogram": [[0, 0, 0, 0, 0, 0, 0, 0, 0, 0, 0, 0, 0, 0, 0, 0, 0, 0, 0, 0, 0, 0, 0, 0, 0, 0, 0, 0, 0, 0, 0, 0, 0, 0, 0, 0, 0, 0, 0, 0, 0, 0, 0, 0, 0, 0, 0, 0, 0, 0, 0, 0, 0, 0, 0, 0, 0, 0, 0, 0, 0, 0, 0, 0, 0, 0, 0, 0, 0, 0, 0, 0, 0, 0, 0, 0, 0, 0, 0, 0, 0, 0, 0, 0, 0, 0, 0, 0, 0, 0, 0, 0, 0, 0, 0, 0, 0, 0, 0, 0, 0, 0, 0, 0, 0, 0, 0, 0, 0, 0, 0, 0, 0, 0, 0, 0.0294117648154, 0, 0.088235296309, 0, 0, 0.088235296309, 0, 0, 0.088235296309, 0, 0, 0.205882355571, 0, 0, 0.264705896378, 0, 0, 0, 0.088235296309, 0, 0, 0.117647059262, 0, 0, 0, 0, 0, 0, 0, 0.0294117648154, 0, 0, 0, 0, 0, 0, 0, 0, 0, 0, 0, 0, 0, 0, 0, 0, 0, 0, 0, 0, 0, 0, 0, 0, 0, 0, 0, 0, 0, 0, 0, 0, 0, 0, 0, 0, 0, 0, 0, 0, 0, 0, 0, 0, 0, 0, 0, 0, 0, 0, 0, 0, 0, 0, 0, 0, 0, 0, 0, 0, 0, 0, 0, 0, 0, 0, 0, 0, 0, 0, 0, 0, 0, 0, 0, 0, 0, 0, 0, 0, 0, 0, 0, 0, 0, 0, 0, 0, 0, 0, 0, 0, 0, 0, 0, 0, 0, 0, 0, 0, 0, 0, 0, 0, 0]]
},
"sfx": {
    "inharmonicity": {
        "kurt": 3.00732421875,
        "max": 0.395818382502,
        "mean": 0.0545879304409,
        "median": 0.00878471601754,
        "min": 0,
        "skew": 1.91414511204,
        "var": 0.00745757855475
    },
    "oddtoevenharmonicenergyratio": {
        "kurt": 158.26272583,
        "max": 78.2361602783,
        "mean": 1.17051780224,
        "median": 0.0825926586986,
        "min": 0,
        "skew": 11.1992406845,
        "var": 21.5588436127
    },
    "pitch_after_max_to_before_max_energy_ratio": 1.04015433788,
    "pitch_centroid": 377.88494873,
    "pitch_max_to_total": 0.561736762524,
    "pitch_min_to_total": 0.241519674659,
    "tristimulus": {
        "kurt": [-1.56209647655, 0.420691490173, -0.630470514297],
        "max": [1, 0.987104713917, 0.904823720455],
        "mean": [0.549045741558, 0.251932859421, 0.199021607637],
        "median": [0.599397242069, 0.191179037094, 0.0729097351432],
        "min": [0, 0, 0],
        "skew": [-0.137170821428, 1.0511225462, 0.813106834888],
        "var": [0.140944331884, 0.0606058761477, 0.0506673231721],
        "cov": [[0.141135826707, -0.0755435973406, -0.0655916184187], [-0.0755435973406, 0.0606882199645, 0.0148555440828], [-0.0655916184187, 0.0148555440828, 0.0507361628115]]
    }
},
"tonal": {
    "chords_changes_rate": 0.18428184092,
    "chords_number_rate": 0.0216802172363,
    "chords_strength": {
        "kurt": -0.254780769348,
        "max": 0.680035352707,
        "mean": 0.441471427679,
        "median": 0.44576099515,
        "min": 0.234033674002,
        "skew": 0.0299641583115,
        "var": 0.00668045319617
    },
    "key_strength": 0.29151275754,
    "tuning_diatonic_strength": 0.291992247105,
    "tuning_equal_tempered_deviation": 0.225246876478,
    "tuning_frequency": 437.718536377,
    "tuning_nontempered_energy_ratio": 0.875602722168,
    "hpcp": {
