{
"metadata": {
    "version": {
        "essentia": "2.1-beta3"
    }
},
"lowLevel": {
    "average_loudness": 0.99068403244,
    "barkbands_kurtosis": {
        "kurt": 21.4564571381,
        "max": 31.668800354,
        "mean": 1.58156597614,
        "median": 0.214136242867,
        "min": -1.64240348339,
        "skew": 4.27734994888,
        "var": 25.8446121216
    },
    "barkbands_skewness": {
        "kurt": 1.77808094025,
        "max": 4.74534893036,
        "mean": 0.929647326469,
        "median": 1.01773357391,
        "min": -2.54417705536,
        "skew": 0.186005145311,
        "var": 1.38806700706
    },
    "barkbands_spread": {
        "kurt": -1.11509513855,
        "max": 43.1360054016,
        "mean": 17.9181251526,
        "median": 12.4426078796,
        "min": 3.41225361824,
        "skew": 0.582154273987,
        "var": 137.969085693
    },
    "dissonance": {
        "kurt": 22.0942020416,
        "max": 0.499989271164,
        "mean": 0.463241279125,
        "median": 0.479819566011,
        "min": 0.158213376999,
        "skew": -4.30610513687,
        "var": 0.00260341260582
    },
    "hfc": {
        "kurt": 5.52304840088,
        "max": 118.119216919,
        "mean": 11.7842187881,
        "median": 0.00156300840899,
        "min": 3.33053212671e-05,
        "skew": 2.49228668213,
        "var": 687.884765625
    },
    "pitch": {
        "kurt": 3.12501764297,
        "max": 3690.5402832,
        "mean": 794.655212402,
        "median": 482.847717285,
        "min": 128.050003052,
        "skew": 2.17942690849,
        "var": 939309.3125
    },
    "pitch_instantaneous_confidence": {
        "kurt": 0.0664701461792,
        "max": 0.860717475414,
        "mean": 0.40028578043,
        "median": 0.36038672924,
        "min": 0.179176270962,
        "skew": 0.871779620647,
        "var": 0.0271595604718
    },
    "pitch_salience": {
        "kurt": 2.50204563141,
        "max": 0.818898737431,
        "mean": 0.680641889572,
        "median": 0.701541662216,
        "min": 0.33757764101,
        "skew": -1.53164148331,
        "var": 0.0103766424581
    },
    "silence_rate_20dB": {
        "kurt": 0,
        "max": 1,
        "mean": 1,
        "median": 1,
        "min": 1,
        "skew": 0,
        "var": 0
    },
    "silence_rate_30dB": {
        "kurt": 0,
        "max": 1,
        "mean": 1,
        "median": 1,
        "min": 1,
        "skew": 0,
        "var": 0
    },
    "silence_rate_60dB": {
        "kurt": -1.12792575359,
        "max": 1,
        "mean": 0.711538434029,
        "median": 1,
        "min": 0,
        "skew": -0.933848142624,
        "var": 0.205251425505
    },
    "spectral_centroid": {
        "kurt": 0.42255616188,
        "max": 2701.35839844,
        "mean": 1111.00756836,
        "median": 937.479431152,
        "min": 230.495849609,
        "skew": 1.0712608099,
        "var": 301368.25
    },
    "spectral_complexity": {
        "kurt": 1.23976564407,
        "max": 43,
        "mean": 6.76923084259,
        "median": 0,
        "min": 0,
        "skew": 1.60290312767,
        "var": 139.485137939
    },
    "spectral_crest": {
        "kurt": -0.525533437729,
        "max": 18.7534198761,
        "mean": 8.79692935944,
        "median": 7.97119522095,
        "min": 3.53380393982,
        "skew": 0.649288952351,
        "var": 14.244811058
    },
    "spectral_decrease": {
        "kurt": 5.57807064056,
        "max": -5.10566473133e-15,
        "mean": -3.56699048076e-09,
        "median": -4.66662190661e-13,
        "min": -3.50636959467e-08,
        "skew": -2.52270936966,
        "var": 6.3602003326e-17
    },
    "spectral_energy": {
        "kurt": 5.47694969177,
        "max": 0.140820741653,
        "mean": 0.0145315043628,
        "median": 1.88290368897e-06,
        "min": 2.28189893647e-08,
        "skew": 2.5077624321,
        "var": 0.00105135340709
    },
    "spectral_energyband_high": {
        "kurt": 11.3981552124,
        "max": 0.0010973183671,
        "mean": 7.53210697439e-05,
        "median": 7.6966752971e-09,
        "min": 1.01001984554e-09,
        "skew": 3.35354137421,
        "var": 4.23954347184e-08
    },
    "spectral_energyband_low": {
        "kurt": 10.479593277,
        "max": 1.22173207728e-06,
        "mean": 1.05007543993e-07,
        "median": 8.15828204992e-09,
        "min": 2.28424085202e-10,
        "skew": 3.31999945641,
        "var": 6.00722406931e-14
    },
    "spectral_energyband_middle_high": {
        "kurt": 4.86922359467,
        "max": 0.0336123593152,
        "mean": 0.00352839007974,
        "median": 6.21866604433e-07,
        "min": 9.69625446601e-09,
        "skew": 2.40817022324,
        "var": 6.07575566391e-05
    },
    "spectral_energyband_middle_low": {
        "kurt": 6.29928970337,
        "max": 0.116371124983,
        "mean": 0.0109945619479,
        "median": 1.3210965335e-06,
        "min": 6.63665744582e-09,
        "skew": 2.6580696106,
        "var": 0.000648698536679
    },
    "spectral_flatness_db": {
        "kurt": -1.35273599625,
        "max": 0.419633299112,
        "mean": 0.230689555407,
        "median": 0.226466298103,
        "min": 0.0605223365128,
        "skew": 0.113144360483,
        "var": 0.00997811648995
    },
    "spectral_flux": {
        "kurt": 1.17079305649,
        "max": 0.335234194994,
        "mean": 0.0546113699675,
        "median": 0.00149300205521,
        "min": 0.000109089145553,
        "skew": 1.53000867367,
        "var": 0.00774666154757
    },
    "spectral_kurtosis": {
        "kurt": 11.5794372559,
        "max": 94.9571533203,
        "mean": 14.6606836319,
        "median": 8.3644361496,
        "min": 4.05691337585,
        "skew": 3.20159626007,
        "var": 255.254623413
    },
    "spectral_rms": {
        "kurt": 1.59169054031,
        "max": 0.0117211807519,
        "mean": 0.00187939102761,
        "median": 4.27168270107e-05,
        "min": 4.71830753668e-06,
        "skew": 1.69788217545,
        "var": 1.06449624582e-05
    },
    "spectral_rolloff": {
        "kurt": -1.17385137081,
        "max": 3660.64453125,
        "mean": 1977.74206543,
        "median": 1894.921875,
        "min": 236.865234375,
        "skew": 0.329965263605,
        "var": 1043141.5625
    },
    "spectral_skewness": {
        "kurt": 5.7293586731,
        "max": 6.90718126297,
        "mean": 2.39607357979,
        "median": 2.09348797798,
        "min": 1.36601054668,
        "skew": 2.26265835762,
        "var": 1.18790078163
    },
    "spectral_spread": {
        "kurt": 26.6000919342,
        "max": 15934114,
        "mean": 2894247.5,
        "median": 2470709.25,
        "min": 937799.5625,
        "skew": 4.65047216415,
        "var": 4.34127188787e+12
    },
    "spectral_strongpeak": {
        "kurt": 7.71028518677,
        "max": 5.01859998703,
        "mean": 0.469608604908,
        "median": 0.00896775349975,
        "min": 9.85588194453e-05,
        "skew": 2.75481438637,
        "var": 0.989629864693
    },
    "zerocrossingrate": {
        "kurt": -0.535678386688,
        "max": 0.1240234375,
        "mean": 0.0627816990018,
        "median": 0.052978515625,
        "min": 0.02490234375,
        "skew": 0.820510387421,
        "var": 0.000743181444705
    },
    "barkbands": {
        "kurt": [7.41771888733, 1.84917259216, 9.67252254486, 26.5008296967, 13.9523334503, 6.83801651001, 13.5768985748, 12.5757989883, 11.682138443, 2.13292837143, 18.4040641785, 10.377995491, 10.1351423264, 12.4892263412, 14.2329006195, 7.84763908386, 28.8404521942, 16.5215339661, 25.5732059479, 19.0244255066, 9.41838645935, 7.79423999786, 4.9231710434, 21.6392612457, 17.2179450989, 12.8997983932, 12.7333612442],
        "max": [4.04635400741e-08, 9.6079048717e-08, 3.51612470695e-07, 5.1853567129e-06, 0.000753779429942, 0.00156583590433, 0.0399814806879, 0.0978101715446, 0.0152643239126, 0.00206528953277, 0.00620546843857, 0.0117874760181, 0.00446072174236, 0.00415694480762, 0.0105676008388, 0.00325964996591, 0.00675326213241, 0.00112487713341, 0.0010237225797, 0.00139646197204, 0.000236936451984, 9.6383082564e-05, 4.28647354056e-06, 8.55646433706e-08, 3.952258254e-08, 6.48114140134e-09, 5.48444001325e-09],
        "mean": [3.64919117146e-09, 1.50979460045e-08, 3.31373257723e-08, 2.0710368176e-07, 4.82588511659e-05, 0.000146085061715, 0.00293852621689, 0.00653851032257, 0.00116185320076, 0.000292488606647, 0.000392150541302, 0.000923023791984, 0.000343559338944, 0.000294916855637, 0.000686125596985, 0.000278230640106, 0.000263800815446, 6.81799065205e-05, 5.18601918884e-05, 7.58424794185e-05, 1.8785807697e-05, 8.58533076098e-06, 4.64421702873e-07, 3.86628862259e-09, 2.12420281365e-09, 4.32309632536e-10, 3.4851613262e-10],
        "median": [5.14733845824e-11, 2.48077713927e-09, 3.26100590975e-09, 4.35006519695e-09, 9.17447522397e-08, 9.4403404205e-08, 2.06397771763e-07, 2.77818003269e-07, 9.55110337486e-08, 8.16472010001e-08, 3.86385465845e-08, 6.82463792145e-08, 2.39816806413e-08, 3.32672627223e-08, 1.61149060318e-07, 2.42867415068e-08, 1.54623869264e-08, 1.30536790266e-08, 3.02823792708e-08, 5.66674263069e-09, 3.11837888844e-09, 1.12567732913e-09, 9.75208039322e-11, 4.46838269511e-12, 4.79032265244e-12, 4.89202699617e-13, 4.94660058357e-14],
        "min": [1.67429600999e-12, 6.51300471888e-11, 3.3790286541e-11, 2.56895865691e-10, 6.21950269064e-10, 8.5672280381e-10, 1.9704031462e-10, 5.70052116622e-10, 1.6111358081e-10, 9.67269736529e-11, 1.8038101568e-10, 2.5666363479e-10, 3.49960116441e-10, 1.02078255571e-10, 5.56779067296e-10, 4.8018106158e-10, 7.09468928051e-10, 1.09141873317e-09, 9.69437863318e-10, 6.32998153893e-10, 3.13745252001e-10, 1.43887665671e-10, 1.3594022609e-11, 2.62122550228e-12, 3.01137305196e-12, 2.67243231667e-13, 1.50861616222e-14],
        "skew": [2.93535423279, 1.63493847847, 3.10051107407, 5.13298273087, 3.7483856678, 2.61442112923, 3.70314645767, 3.55687499046, 3.34247922897, 1.82482218742, 4.07861804962, 3.20958638191, 3.07169651985, 3.58112621307, 3.80059242249, 2.77764558792, 5.2382478714, 3.94286561012, 4.79837751389, 4.1691737175, 3.17564034462, 2.88123393059, 2.40200328827, 4.59478092194, 4.07623100281, 3.58045601845, 3.71726727486],
        "var": [8.700805814e-17, 5.24268395725e-16, 4.76666478166e-15, 6.59728836231e-13, 2.04567704998e-08, 1.0017868135e-07, 6.43086314085e-05, 0.000340299564414, 8.35298214952e-06, 3.00507906559e-07, 1.05993206034e-06, 5.46619139641e-06, 7.01188469066e-07, 6.91945444942e-07, 4.06674735132e-06, 4.17343812842e-07, 1.04774903775e-06, 3.73865169934e-08, 2.47013680621e-08, 5.30685113631e-08, 2.50791765133e-09, 4.50979587008e-10, 1.02911635377e-12, 1.96387063745e-16, 4.5855399149e-17, 1.41207495721e-18, 1.15820237047e-18],
        "cov": [[8.87140949924e-17, 1.17290213923e-16, 1.97293071362e-16, 4.47035131297e-19, 2.86048447299e-13, 1.03075512535e-12, 3.13984810374e-11, 4.54913849646e-11, 2.13877388022e-11, 3.20592684344e-12, 2.67138850103e-12, 1.19633391735e-11, 6.797108449e-12, 3.85511414458e-12, 1.18807940916e-11, 3.75739240069e-12, 3.72632306955e-12, 9.22068194367e-13, 3.75467560688e-13, 9.12360031274e-13, 2.04422457152e-13, 8.7789388118e-14, 7.16669070958e-15, 1.7991672977e-17, 1.45533908818e-17, 3.23721351344e-18, 2.53704276163e-18], [1.17290213923e-16, 5.34548199331e-16, 9.32013751149e-16, 6.50189181873e-15, 1.49148141754e-12, 3.44351804016e-12, 7.83836467955e-11, 1.14043635646e-10, 3.32948633941e-11, 6.73356292599e-12, 5.59937209446e-12, 1.67095174503e-11, 9.52593212644e-12, 6.73099163212e-12, 2.05182537627e-11, 7.20439159718e-12, 8.01089489882e-12, 1.95367680367e-12, 1.23082989113e-12, 1.77249014077e-12, 3.63837351089e-13, 1.83306766034e-13, 1.17890748636e-14, 7.66443387151e-17, 4.46019756756e-17, 7.34814316633e-18, 5.38064320776e-18], [1.97293071362e-16, 9.32013751149e-16, 4.86012851465e-15, 4.27723618514e-14, 2.70629981099e-12, 1.29481954672e-11, 1.24918866917e-10, 3.66410318753e-10, 8.10907174742e-11, 1.88694112419e-11, 1.89925228322e-11, 6.6186993386e-11, 1.77101926874e-11, 1.60844185193e-11, 2.76238979607e-11, 1.3262066792e-11, 3.34247495133e-12, 2.82593566603e-12, 1.90867178833e-12, 3.14831277368e-12, 1.16312374229e-12, 2.88695987689e-13, 1.80618256354e-14, 1.78712688979e-16, 1.08105809206e-16, 1.30841824563e-17, 6.35403006154e-18], [4.47035131297e-19, 6.50189181873e-15, 4.27723618514e-14, 6.72664669191e-13, 3.00788664809e-11, 1.91335475241e-10, 6.68538391313e-10, -2.52331378015e-10, 2.12152753698e-10, 1.90221283169e-10, 2.20280356455e-11, -1.66767294418e-11, -1.17139119585e-11, -1.67402515461e-11, 5.3332172012e-11, 2.74215112422e-11, -1.0590981217e-11, 2.31898111824e-11, 1.10856029217e-11, -1.43483673293e-12, 6.58020458868e-13, 2.3791699947e-13, 4.73358534986e-14, -2.25976690685e-16, -1.04280257692e-16, -1.56636475893e-17, -1.11344664673e-17], [2.86048447299e-13, 1.49148141754e-12, 2.70629981099e-12, 3.00788664809e-11, 2.08578825323e-08, 2.63784922794e-08, 7.76725357809e-07, 1.254846552e-06, 1.9072949442e-07, 4.95598051486e-08, 2.18052402801e-08, 5.91415911799e-08, 4.18329584306e-08, 4.36533547088e-08, 1.95182479956e-07, 6.22426128416e-08, 1.06302415759e-07, 2.20254072758e-08, 1.96710825406e-08, 2.2596402971e-08, 3.47202666617e-09, 2.06601868946e-09, 6.92609442021e-11, 1.32163128098e-12, 6.61990969854e-13, 9.33803408947e-14, 7.09042267716e-14], [1.03075512535e-12, 3.44351804016e-12, 1.29481954672e-11, 1.91335475241e-10, 2.63784922794e-08, 1.02142969638e-07, 1.00238719369e-06, 1.28416183998e-06, 3.27159114022e-07, 1.34606324309e-07, 4.93073954999e-08, 9.4649742266e-08, 8.70273169085e-08, 6.71127295959e-08, 3.09150522071e-07, 9.3192319639e-08, 1.41603962334e-07, 3.68079824398e-08, 2.29378258609e-08, 2.67214499416e-08, 3.39568995145e-09, 2.36391972663e-09, 1.26988267124e-10, 1.20205397285e-12, 5.85455078514e-13, 1.08322903327e-13, 9.36190347792e-14], [3.13984810374e-11, 7.83836467955e-11, 1.24918866917e-10, 6.68538391313e-10, 7.76725357809e-07, 1.00238719369e-06, 6.55695839669e-05, 7.57399830036e-05, 9.97715142148e-06, 2.0146208044e-06, 3.92386618842e-06, 6.41496535536e-06, 2.35544803218e-06, 2.71095791504e-06, 5.87176691624e-06, 2.9900595564e-06, 2.05234914574e-06, 8.6178147285e-07, 6.4728851612e-07, 5.5918593489e-07, 1.5061209524e-07, 9.99670390911e-08, 5.22321341734e-09, 3.95119596763e-11, 2.23884556727e-11, 2.39185928008e-12, 1.09531795526e-12], [4.54913849646e-11, 1.14043635646e-10, 3.66410318753e-10, -2.52331378015e-10, 1.254846552e-06, 1.28416183998e-06, 7.57399830036e-05, 0.000346972112311, 2.5135337637e-05, 5.15869805895e-06, 1.42355884236e-05, 3.66124077118e-05, 8.16938427306e-06, 1.23915597214e-05, 2.10095240618e-05, 9.5877539934e-06, 9.77527452051e-06, 2.13681573769e-06, 2.0141924324e-06, 2.98521786135e-06, 6.36212917016e-07, 2.53490128443e-07, 9.59866675032e-09, 2.35202662902e-10, 1.14474187074e-10, 1.56854512018e-11, 1.04598881639e-11], [2.13877388022e-11, 3.32948633941e-11, 8.10907174742e-11, 2.12152753698e-10, 1.9072949442e-07, 3.27159114022e-07, 9.97715142148e-06, 2.5135337637e-05, 8.5167657744e-06, 1.21691152799e-06, 1.00223655863e-06, 4.31514990851e-06, 2.27021951105e-06, 1.7290536789e-06, 4.54903147329e-06, 1.33457672291e-06, 1.46812271851e-06, 3.07733728278e-07, 2.26630959332e-07, 4.55494216567e-07, 1.11446709639e-07, 4.11379623699e-08, 1.91551374762e-09, 1.62026832923e-11, 9.6868398719e-12, 1.47313237997e-12, 1.01962101956e-12], [3.20592684344e-12, 6.73356292599e-12, 1.88694112419e-11, 1.90221283169e-10, 4.95598051486e-08, 1.34606324309e-07, 2.0146208044e-06, 5.15869805895e-06, 1.21691152799e-06, 3.06400210093e-07, 2.03192513482e-07, 6.82323332057e-07, 3.55022393705e-07, 2.66058776788e-07, 8.68701704348e-07, 2.78674008314e-07, 3.75895666593e-07, 8.16515779434e-08, 6.0649625766e-08, 9.49067882061e-08, 1.89502369352e-08, 9.0288665433e-09, 4.24787066633e-10, 4.05062355185e-12, 2.12875962517e-12, 4.43523825522e-13, 3.79707197759e-13], [2.67138850103e-12, 5.59937209446e-12, 1.89925228322e-11, 2.20280356455e-11, 2.18052402801e-08, 4.93073954999e-08, 3.92386618842e-06, 1.42355884236e-05, 1.00223655863e-06, 2.03192513482e-07, 1.08071503746e-06, 1.79025312264e-06, 3.90728558841e-07, 6.46293983664e-07, 4.3475148459e-07, 3.16632281283e-07, 1.3773626506e-07, 4.35044604785e-08, 3.140020155e-08, 4.91649174705e-08, 1.63772853057e-08, 6.41234354504e-09, 4.19062756718e-10, 6.78529845158e-12, 3.273158437e-12, 5.03728298223e-13, 3.10621889538e-13], [1.19633391735e-11, 1.67095174503e-11, 6.6186993386e-11, -1.66767294418e-11, 5.91415911799e-08, 9.4649742266e-08, 6.41496535536e-06, 3.66124077118e-05, 4.31514990851e-06, 6.82323332057e-07, 1.79025312264e-06, 5.57337170903e-06, 1.37012364121e-06, 1.41137456922e-06, 2.23417191592e-06, 1.08442623059e-06, 7.58095495712e-07, 1.74933248331e-07, 1.61563676215e-07, 3.22407657904e-07, 8.88237821073e-08, 2.75266440752e-08, 1.41671341325e-09, 2.12025813573e-11, 1.130939873e-11, 1.74855431783e-12, 1.19651543447e-12], [6.797108449e-12, 9.52593212644e-12, 1.77101926874e-11, -1.17139119585e-11, 4.18329584306e-08, 8.70273169085e-08, 2.35544803218e-06, 8.16938427306e-06, 2.27021951105e-06, 3.55022393705e-07, 3.90728558841e-07, 1.37012364121e-06, 7.14937243629e-07, 5.59733791761e-07, 1.42861972563e-06, 4.28136956998e-07, 5.27896588665e-07, 1.0332007605e-07, 6.34352872453e-08, 1.35152404823e-07, 2.79899019517e-08, 1.16071774414e-08, 6.48472942011e-10, 5.19942986235e-12, 2.86684456556e-12, 5.56014977983e-13, 4.4224517169e-13], [3.85511414458e-12, 6.73099163212e-12, 1.60844185193e-11, -1.67402515461e-11, 4.36533547088e-08, 6.71127295959e-08, 2.71095791504e-06, 1.23915597214e-05, 1.7290536789e-06, 2.66058776788e-07, 6.46293983664e-07, 1.41137456922e-06, 5.59733791761e-07, 7.05513002686e-07, 1.18751904665e-06, 3.91599058958e-07, 4.537107543e-07, 8.82733033336e-08, 6.12544042156e-08, 1.15659496203e-07, 2.2835656921e-08, 9.31265375925e-09, 4.13137246635e-10, 7.75354867116e-12, 3.72025457315e-12, 5.23427167495e-13, 3.39741364382e-13], [1.18807940916e-11, 2.05182537627e-11, 2.76238979607e-11, 5.3332172012e-11, 1.95182479956e-07, 3.09150522071e-07, 5.87176691624e-06, 2.10095240618e-05, 4.54903147329e-06, 8.68701704348e-07, 4.3475148459e-07, 2.23417191592e-06, 1.42861972563e-06, 1.18751904665e-06, 4.14648729929e-06, 1.1522524801e-06, 1.91245089809e-06, 3.56067147322e-07, 2.5689499239e-07, 4.23715988518e-07, 6.43735802441e-08, 3.20661897035e-08, 1.37895694863e-09, 1.92405605337e-11, 9.56543871888e-12, 1.6339224895e-12, 1.33996893442e-12], [3.75739240069e-12, 7.20439159718e-12, 1.3262066792e-11, 2.74215112422e-11, 6.22426128416e-08, 9.3192319639e-08, 2.9900595564e-06, 9.5877539934e-06, 1.33457672291e-06, 2.78674008314e-07, 3.16632281283e-07, 1.08442623059e-06, 4.28136956998e-07, 3.91599058958e-07, 1.1522524801e-06, 4.25527019843e-07, 5.46991373085e-07, 1.14859275868e-07, 8.66916636255e-08, 1.31000291503e-07, 2.28207639452e-08, 1.08613447125e-08, 5.17470288841e-10, 7.38208279227e-12, 3.72200057233e-12, 5.7151912326e-13, 4.30308268401e-13], [3.72632306955e-12, 8.01089489882e-12, 3.34247495133e-12, -1.0590981217e-11, 1.06302415759e-07, 1.41603962334e-07, 2.05234914574e-06, 9.77527452051e-06, 1.46812271851e-06, 3.75895666593e-07, 1.3773626506e-07, 7.58095495712e-07, 5.27896588665e-07, 4.537107543e-07, 1.91245089809e-06, 5.46991373085e-07, 1.06829315882e-06, 1.83331025028e-07, 1.39171660862e-07, 2.07698931831e-07, 2.37301414074e-08, 1.41061153869e-08, 5.70325453531e-10, 1.09540423607e-11, 5.16116706664e-12, 9.27088375687e-13, 8.00506579426e-13], [9.22068194367e-13, 1.95367680367e-12, 2.82593566603e-12, 2.31898111824e-11, 2.20254072758e-08, 3.68079824398e-08, 8.6178147285e-07, 2.13681573769e-06, 3.07733728278e-07, 8.16515779434e-08, 4.35044604785e-08, 1.74933248331e-07, 1.0332007605e-07, 8.82733033336e-08, 3.56067147322e-07, 1.14859275868e-07, 1.83331025028e-07, 3.81195839338e-08, 2.74021836333e-08, 3.76529278867e-08, 4.99322005965e-09, 3.1260134481e-09, 1.44135259283e-10, 1.96249245153e-12, 9.53426790642e-13, 1.61166300574e-13, 1.33062113303e-13], [3.75467560688e-13, 1.23082989113e-12, 1.90867178833e-12, 1.10856029217e-11, 1.96710825406e-08, 2.29378258609e-08, 6.4728851612e-07, 2.0141924324e-06, 2.26630959332e-07, 6.0649625766e-08, 3.140020155e-08, 1.61563676215e-07, 6.34352872453e-08, 6.12544042156e-08, 2.5689499239e-07, 8.66916636255e-08, 1.39171660862e-07, 2.74021836333e-08, 2.51857095179e-08, 3.39427721485e-08, 5.69708147324e-09, 2.88867552101e-09, 9.81870765249e-11, 1.91235091998e-12, 9.45706837494e-13, 1.52913949948e-13, 1.23392696885e-13], [9.12360031274e-13, 1.77249014077e-12, 3.14831277368e-12, -1.43483673293e-12, 2.2596402971e-08, 2.67214499416e-08, 5.5918593489e-07, 2.98521786135e-06, 4.55494216567e-07, 9.49067882061e-08, 4.91649174705e-08, 3.22407657904e-07, 1.35152404823e-07, 1.15659496203e-07, 4.23715988518e-07, 1.31000291503e-07, 2.07698931831e-07, 3.76529278867e-08, 3.39427721485e-08, 5.41090727779e-08, 9.73896874257e-09, 4.22946433432e-09, 1.48282483514e-10, 2.73490561795e-12, 1.3734227514e-12, 2.33741899534e-13, 1.90901331201e-13], [2.04422457152e-13, 3.63837351089e-13, 1.16312374229e-12, 6.58020458868e-13, 3.47202666617e-09, 3.39568995145e-09, 1.5061209524e-07, 6.36212917016e-07, 1.11446709639e-07, 1.89502369352e-08, 1.63772853057e-08, 8.88237821073e-08, 2.79899019517e-08, 2.2835656921e-08, 6.43735802441e-08, 2.28207639452e-08, 2.37301414074e-08, 4.99322005965e-09, 5.69708147324e-09, 9.73896874257e-09, 2.55709253771e-09, 9.35729160823e-10, 3.23796406354e-11, 4.57228710189e-13, 2.52890969884e-13, 4.26946279437e-14, 3.2792856836e-14], [8.7789388118e-14, 1.83306766034e-13, 2.88695987689e-13, 2.3791699947e-13, 2.06601868946e-09, 2.36391972663e-09, 9.99670390911e-08, 2.53490128443e-07, 4.11379623699e-08, 9.0288665433e-09, 6.41234354504e-09, 2.75266440752e-08, 1.16071774414e-08, 9.31265375925e-09, 3.20661897035e-08, 1.08613447125e-08, 1.41061153869e-08, 3.1260134481e-09, 2.88867552101e-09, 4.22946433432e-09, 9.35729160823e-10, 4.5982231911e-10, 1.80863865551e-11, 1.92604274001e-13, 1.01959165123e-13, 2.04402687403e-14, 1.72683810746e-14], [7.16669070958e-15, 1.17890748636e-14, 1.80618256354e-14, 4.73358534986e-14, 6.92609442021e-11, 1.26988267124e-10, 5.22321341734e-09, 9.59866675032e-09, 1.91551374762e-09, 4.24787066633e-10, 4.19062756718e-10, 1.41671341325e-09, 6.48472942011e-10, 4.13137246635e-10, 1.37895694863e-09, 5.17470288841e-10, 5.70325453531e-10, 1.44135259283e-10, 9.81870765249e-11, 1.48282483514e-10, 3.23796406354e-11, 1.80863865551e-11, 1.04929509092e-12, 5.72524138016e-15, 3.27578409175e-15, 8.24319335257e-16, 7.2674871009e-16], [1.7991672977e-17, 7.66443387151e-17, 1.78712688979e-16, -2.25976690685e-16, 1.32163128098e-12, 1.20205397285e-12, 3.95119596763e-11, 2.35202662902e-10, 1.62026832923e-11, 4.05062355185e-12, 6.78529845158e-12, 2.12025813573e-11, 5.19942986235e-12, 7.75354867116e-12, 1.92405605337e-11, 7.38208279227e-12, 1.09540423607e-11, 1.96249245153e-12, 1.91235091998e-12, 2.73490561795e-12, 4.57228710189e-13, 1.92604274001e-13, 5.72524138016e-15, 2.00237794638e-16, 9.54614800408e-17, 1.35624591137e-17, 9.90479217643e-18], [1.45533908818e-17, 4.46019756756e-17, 1.08105809206e-16, -1.04280257692e-16, 6.61990969854e-13, 5.85455078514e-13, 2.23884556727e-11, 1.14474187074e-10, 9.6868398719e-12, 2.12875962517e-12, 3.273158437e-12, 1.130939873e-11, 2.86684456556e-12, 3.72025457315e-12, 9.56543871888e-12, 3.72200057233e-12, 5.16116706664e-12, 9.53426790642e-13, 9.45706837494e-13, 1.3734227514e-12, 2.52890969884e-13, 1.01959165123e-13, 3.27578409175e-15, 9.54614800408e-17, 4.67545246225e-17, 6.63750030797e-18, 4.80474807119e-18], [3.23721351344e-18, 7.34814316633e-18, 1.30841824563e-17, -1.56636475893e-17, 9.33803408947e-14, 1.08322903327e-13, 2.39185928008e-12, 1.56854512018e-11, 1.47313237997e-12, 4.43523825522e-13, 5.03728298223e-13, 1.74855431783e-12, 5.56014977983e-13, 5.23427167495e-13, 1.6339224895e-12, 5.7151912326e-13, 9.27088375687e-13, 1.61166300574e-13, 1.52913949948e-13, 2.33741899534e-13, 4.26946279437e-14, 2.04402687403e-14, 8.24319335257e-16, 1.35624591137e-17, 6.63750030797e-18, 1.43976265686e-18, 1.26234244504e-18], [2.53704276163e-18, 5.38064320776e-18, 6.35403006154e-18, -1.11344664673e-17, 7.09042267716e-14, 9.36190347792e-14, 1.09531795526e-12, 1.04598881639e-11, 1.01962101956e-12, 3.79707197759e-13, 3.10621889538e-13, 1.19651543447e-12, 4.4224517169e-13, 3.39741364382e-13, 1.33996893442e-12, 4.30308268401e-13, 8.00506579426e-13, 1.33062113303e-13, 1.23392696885e-13, 1.90901331201e-13, 3.2792856836e-14, 1.72683810746e-14, 7.2674871009e-16, 9.90479217643e-18, 4.80474807119e-18, 1.26234244504e-18, 1.1809122006e-18]]
    },
    "mfcc": {
        "kurt": [-1.18261158466, -1.61481761932, -0.839812994003, -0.0423808097839, -0.900142192841, -1.36219763756, -1.27503502369, -1.39325249195, 2.63111829758, -0.777636528015, 0.844817638397, 1.17992544174, 0.522104740143],
        "max": [-633.571838379, 173.128967285, 40.6687049866, 33.2000617981, 24.1324768066, 14.5653076172, 9.74972915649, 8.36916542053, 18.9513511658, 14.3859043121, 18.604221344, 19.9230556488, 29.1388511658],
        "mean": [-979.398071289, 69.3975753784, -43.9937515259, -13.4604930878, -30.1549873352, -19.2438697815, -20.7988986969, -18.6450233459, -4.08019065857, -4.10664081573, -2.14879322052, -3.45160841942, 3.97954678535],
        "median": [-1084.50610352, 51.634147644, -2.6891784668, -3.65169906616, -13.8954963684, -14.8563079834, -15.7459526062, -18.4472732544, -1.70778274536, -0.425407409668, -0.739410400391, -2.34536361694, 0.46342086792],
        "min": [-1138.42004395, -1.01164627075, -173.735855103, -75.2021865845, -116.812789917, -57.275478363, -61.4351081848, -53.0034790039, -29.871711731, -21.1142959595, -25.6339321136, -25.6300582886, -10.5510597229],
        "skew": [0.687303006649, 0.257952958345, -0.811230957508, -0.676970422268, -0.696332097054, -0.309137731791, -0.41390478611, -0.272669106722, -0.615879893303, -0.348186641932, -0.24686858058, -0.0404777303338, 0.982906162739],
        "var": [33045.0429688, 4262.69091797, 4065.26293945, 493.928924561, 1459.2767334, 438.978027344, 477.722595215, 342.282226562, 54.3663864136, 70.6856613159, 61.1543617249, 68.3234024048, 83.7155227661],
        "cov": [[33692.984375, 11257.9345703, -11458.2900391, -1969.91943359, -6727.95361328, -2955.67529297, -3411.265625, -3047.59228516, -237.089477539, -798.256530762, 263.053619385, -213.940658569, 873.958740234], [11257.9345703, 4346.2734375, -3567.828125, -926.586486816, -2263.86254883, -1216.41162109, -1235.1763916, -1128.86376953, -209.06288147, -331.305755615, -52.0587615967, -138.409469604, 286.765838623], [-11458.2900391, -3567.828125, 4144.97412109, 701.982971191, 2316.84667969, 967.139953613, 1175.59570312, 1010.25115967, 8.45557117462, 213.927444458, -171.605606079, -11.8168849945, -359.04284668], [-1969.91943359, -926.586486816, 701.982971191, 503.613830566, 524.83026123, 317.468109131, 295.559814453, 256.750976562, 49.4864234924, 20.0166816711, 2.70345473289, -40.636554718, -150.085662842], [-6727.95361328, -2263.86254883, 2316.84667969, 524.83026123, 1487.89001465, 617.566040039, 652.331176758, 644.707702637, 55.3451538086, 130.723358154, -63.2340583801, 5.44075059891, -207.611709595], [-2955.67529297, -1216.41162109, 967.139953613, 317.468109131, 617.566040039, 447.585449219, 395.487976074, 345.767883301, 86.5093231201, 90.993888855, 35.4688491821, 41.3830795288, -86.6875457764], [-3411.265625, -1235.1763916, 1175.59570312, 295.559814453, 652.331176758, 395.487976074, 487.089691162, 355.007324219, 40.8159599304, 79.4954681396, -21.6463222504, 40.1336250305, -118.992744446], [-3047.59228516, -1128.86376953, 1010.25115967, 256.750976562, 644.707702637, 345.767883301, 355.007324219, 348.993652344, 53.2533416748, 67.3779907227, 5.10453701019, 26.4497241974, -83.5633773804], [-237.089477539, -209.06288147, 8.45557117462, 49.4864234924, 55.3451538086, 86.5093231201, 40.8159599304, 53.2533416748, 55.4323921204, 40.8418540955, 37.8310394287, 25.4010276794, 10.1952047348], [-798.256530762, -331.305755615, 213.927444458, 20.0166816711, 130.723358154, 90.993888855, 79.4954681396, 67.3779907227, 40.8418540955, 72.0716552734, 23.1890926361, 23.7910518646, 5.9393029213], [263.053619385, -52.0587615967, -171.605606079, 2.70345473289, -63.2340583801, 35.4688491821, -21.6463222504, 5.10453701019, 37.8310394287, 23.1890926361, 62.3534660339, 31.3244476318, 28.5585460663], [-213.940658569, -138.409469604, -11.8168849945, -40.636554718, 5.44075059891, 41.3830795288, 40.1336250305, 26.4497241974, 25.4010276794, 23.7910518646, 31.3244476318, 69.6630783081, 38.9320106506], [873.958740234, 286.765838623, -359.04284668, -150.085662842, -207.611709595, -86.6875457764, -118.992744446, -83.5633773804, 10.1952047348, 5.9393029213, 28.5585460663, 38.9320106506, 85.3570022583]]
    },
    "sccoeffs": {
        "kurt": [-0.507164239883, 0.680547237396, 0.820516824722, -0.994982481003, -0.13232254982, -1.17154252529],
        "max": [-0.409973144531, -0.277356624603, -0.613672733307, -0.709769904613, -0.675618886948, -0.518056213856],
        "mean": [-0.738029241562, -0.757076561451, -0.84873855114, -0.841517329216, -0.842595219612, -0.733890533447],
        "median": [-0.790864408016, -0.825427472591, -0.88381922245, -0.861475467682, -0.87219363451, -0.794857025146],
        "min": [-0.936299324036, -0.927396893501, -0.93286973238, -0.937713742256, -0.911617875099, -0.900188207626],
        "skew": [0.740507483482, 1.26918208599, 1.31761407852, 0.512827575207, 1.00834000111, 0.558275580406],
        "var": [0.0182888843119, 0.0289752203971, 0.00662156846374, 0.00409284280613, 0.00447233952582, 0.0108802067116],
        "cov": [[0.0186474900693, 0.0159836988896, 0.00752754323184, 0.00692610256374, 0.00686987303197, 0.0118618393317], [0.0159836988896, 0.0295433625579, 0.0130421640351, 0.00918138958514, 0.00929046329111, 0.0146531602368], [0.00752754323184, 0.0130421640351, 0.00675140274689, 0.00427166698501, 0.00429647509009, 0.00679103611037], [0.00692610256374, 0.00918138958514, 0.00427166698501, 0.00417309440672, 0.00379089685157, 0.00594369741157], [0.00686987303197, 0.00929046329111, 0.00429647509009, 0.00379089685157, 0.00456003239378, 0.00605775974691], [0.0118618393317, 0.0146531602368, 0.00679103611037, 0.00594369741157, 0.00605775974691, 0.0110935438424]]
    },
    "scvalleys": {
        "kurt": [-1.03436589241, -1.54816257954, -1.53281474113, -1.32207322121, -1.12276303768, -0.278794288635],
        "max": [-8.86539268494, -4.43683338165, -4.69190645218, -4.80973339081, -6.22919082642, -10.8613195419],
        "mean": [-11.0657281876, -8.98498153687, -9.26128196716, -9.75080490112, -10.5763130188, -14.6936101913],
        "median": [-11.3640403748, -9.55905723572, -10.3052301407, -10.6462574005, -11.7145109177, -15.6923866272],
        "min": [-12.9120397568, -12.5502967834, -12.9056758881, -12.7359418869, -12.804901123, -15.9229755402],
        "skew": [0.320064753294, 0.289178580046, 0.366196990013, 0.490601241589, 0.675409078598, 1.1142936945],
        "var": [1.34924340248, 7.51460361481, 8.94285488129, 7.54015779495, 4.70375156403, 2.56349515915],
        "cov": [[1.37569916248, 2.45347356796, 2.7223572731, 2.48480415344, 1.88408792019, 1.41051483154], [2.45347356796, 7.66194915771, 8.2031917572, 7.42305850983, 5.70041131973, 3.74153590202], [2.7223572731, 8.2031917572, 9.1182050705, 8.20728778839, 6.32515478134, 4.24951839447], [2.48480415344, 7.42305850983, 8.20728778839, 7.68800401688, 5.94135141373, 4.02950716019], [1.88408792019, 5.70041131973, 6.32515478134, 5.94135141373, 4.795981884, 3.27117705345], [1.41051483154, 3.74153590202, 4.24951839447, 4.02950716019, 3.27117705345, 2.61375975609]]
    }
},
"rhythm": {
    "bpm": 0,
    "confidence": 0,
    "first_peak_bpm": {
        "kurt": 0,
        "max": 0,
        "mean": 0,
        "median": 0,
        "min": 0,
        "skew": 0,
        "var": 0
    },
    "first_peak_spread": {
        "kurt": 0,
        "max": 0,
        "mean": 0,
        "median": 0,
        "min": 0,
        "skew": 0,
        "var": 0
    },
    "first_peak_weight": {
        "kurt": 0,
        "max": 0,
        "mean": 0,
        "median": 0,
        "min": 0,
        "skew": 0,
        "var": 0
    },
    "onset_rate": 1.68887877464,
    "second_peak_bpm": {
        "kurt": 0,
        "max": 0,
        "mean": 0,
        "median": 0,
        "min": 0,
        "skew": 0,
        "var": 0
    },
    "second_peak_spread": {
        "kurt": 0,
        "max": 0,
        "mean": 0,
        "median": 0,
        "min": 0,
        "skew": 0,
        "var": 0
    },
    "second_peak_weight": {
        "kurt": 0,
        "max": 0,
        "mean": 0,
        "median": 0,
        "min": 0,
        "skew": 0,
        "var": 0
    },
    "beats_position": [],
    "bpm_estimates": [],
    "bpm_intervals": [],
    "onset_times": [0.0348299331963, 0.650158703327],
    "histogram": [[0, 0, 0, 0, 0, 0, 0, 0, 0, 0, 0, 0, 0, 0, 0, 0, 0, 0, 0, 0, 0, 0, 0, 0, 0, 0, 0, 0, 0, 0, 0, 0, 0, 0, 0, 0, 0, 0, 0, 0, 0, 0, 0, 0, 0, 0, 0, 0, 0, 0, 0, 0, 0, 0, 0, 0, 0, 0, 0, 0, 0, 0, 0, 0, 0, 0, 0, 0, 0, 0, 0, 0, 0, 0, 0, 0, 0, 0, 0, 0, 0, 0, 0, 0, 0, 0, 0, 0, 0, 0, 0, 0, 0, 0, 0, 0, 0, 0, 0, 0, 0, 0, 0, 0, 0, 0, 0, 0, 0, 0, 0, 0, 0, 0, 0, 0, 0, 0, 0, 0, 0, 0, 0, 0, 0, 0, 0, 0, 0, 0, 0, 0, 0, 0, 0, 0, 0, 0, 0, 0, 0, 0, 0, 0, 0, 0, 0, 0, 0, 0, 0, 0, 0, 0, 0, 0, 0, 0, 0, 0, 0, 0, 0, 0, 0, 0, 0, 0, 0, 0, 0, 0, 0, 0, 0, 0, 0, 0, 0, 0, 0, 0, 0, 0, 0, 0, 0, 0, 0, 0, 0, 0, 0, 0, 0, 0, 0, 0, 0, 0, 0, 0, 0, 0, 0, 0, 0, 0, 0, 0, 0, 0, 0, 0, 0, 0, 0, 0, 0, 0, 0, 0, 0, 0, 0, 0, 0, 0, 0, 0, 0, 0, 0, 0, 0, 0, 0, 0, 0, 0, 0, 0, 0, 0, 0, 0, 0, 0, 0, 0]]
},
"sfx": {
    "inharmonicity": {
        "kurt": 1.30721855164,
        "max": 0.328705370426,
        "mean": 0.0687199532986,
        "median": 0.041151791811,
        "min": 0,
        "skew": 1.31318902969,
        "var": 0.00552610866725
    },
    "oddtoevenharmonicenergyratio": {
        "kurt": 9.9862241745,
        "max": 4.15926122665,
        "mean": 0.529419124126,
        "median": 0.28994089365,
        "min": 0,
        "skew": 3.1600394249,
        "var": 0.73926025629
    },
    "pitch_after_max_to_before_max_energy_ratio": 2.21370315552,
    "pitch_centroid": 23.9372634888,
    "pitch_max_to_total": 0.346153855324,
    "pitch_min_to_total": 0.730769217014,
    "tristimulus": {
        "kurt": [-0.537760734558, 0.856466293335, -0.900431156158],
        "max": [1, 0.871613800526, 0.648744523525],
        "mean": [0.451188743114, 0.320752292871, 0.228058844805],
        "median": [0.428688615561, 0.339321553707, 0.172502174973],
        "min": [0, 0, 0],
        "skew": [0.382227182388, 0.182378903031, 0.582568407059],
        "var": [0.0814307406545, 0.030641939491, 0.0357744470239],
        "cov": [[0.0830274224281, -0.0388971455395, -0.0441302917898], [-0.0388971455395, 0.031242761761, 0.00765438657254], [-0.0441302917898, 0.00765438657254, 0.0364759080112]]
    }
},
"tonal": {
    "chords_changes_rate": 0,
    "chords_number_rate": 0.037037037313,
    "chords_strength": {
        "kurt": 0.501769781113,
        "max": 0.556500136852,
        "mean": 0.532780706882,
        "median": 0.528755962849,
        "min": 0.505174160004,
        "skew": 0.284140735865,
        "var": 0.000121170225611
    },
    "key_strength": 0.467850714922,
    "tuning_diatonic_strength": 0.412859082222,
    "tuning_equal_tempered_deviation": 0.262483805418,
    "tuning_frequency": 443.316436768,
    "tuning_nontempered_energy_ratio": 0.968270361423,
    "hpcp": {
        "kurt": [1.35441160202, 1.11576557159, 0.971677541733, 2.17567157745, -0.473306655884, -1.04306328297, -0.0225391387939, -1.10988903046, -0.70948433876, -0.521370887756, 4.05325269699, 3.30227804184, 2.85503673553, 3.33132314682, 1.39592266083, 2.0146112442, 0.562757968903, 5.92690944672, 4.03262281418, 4.7322936058, 3.00899553299, 5.25759124756, 5.14025020599, 3.94617176056, 3.97078704834, 2.22489738464, 1.01855611801, -0.938122987747, 1.6394033432, 3.90767860413, 5.41940402985, 6.67488002777, 3.02950286865, 3.02731657028, 0.450104236603, 0.361805200577],
        "max": [0.94443321228, 1, 0.747459292412, 0.887531936169, 0.617532968521, 0.594279229641, 0.967469155788, 1, 1, 1, 0.906078279018, 1, 1, 0.58503806591, 0.586164772511, 0.680196523666, 0.374808162451, 0.559208810329, 0.623666167259, 0.630691885948, 0.435952961445, 0.805732369423, 1, 0.660272657871, 0.560009658337, 0.982354521751, 1, 0.424548059702, 0.458896934986, 0.623981893063, 0.784131586552, 1, 0.670074105263, 0.956587195396, 1, 0.952375888824],
        "mean": [0.238753587008, 0.242684155703, 0.193473815918, 0.191125556827, 0.208334937692, 0.220372289419, 0.267219930887, 0.493378579617, 0.693541049957, 0.418449997902, 0.165282934904, 0.19895349443, 0.187166720629, 0.131732538342, 0.158026412129, 0.159893199801, 0.101056702435, 0.0883358567953, 0.103364795446, 0.106290645897, 0.0827537924051, 0.116663366556, 0.150818347931, 0.112528093159, 0.106362812221, 0.196299567819, 0.225078657269, 0.154971778393, 0.127180680633, 0.123616501689, 0.117758736014, 0.128875672817, 0.122642464936, 0.171736896038, 0.257546216249, 0.250454574823],
        "median": [0.235364735126, 0.171786144376, 0.155581280589, 0.0779575109482, 0.122864365578, 0.156651616096, 0.156099438667, 0.53220641613, 0.73288756609, 0.489722490311, 0.0913093090057, 0.103233188391, 0.0914205312729, 0.0850073322654, 0.114026412368, 0.108713008463, 0.056036811322, 0.0327428169549, 0.0399851836264, 0.0450672097504, 0.0304012075067, 0.0414743572474, 0.0639532208443, 0.0409507416189, 0.0490579195321, 0.081772454083, 0.100522197783, 0.106334686279, 0.0843286588788, 0.0790551900864, 0.0342900566757, 0.0407636761665, 0.0484335869551, 0.0668218582869, 0.140707716346, 0.15948921442],
        "min": [0, 0, 0, 0, 0, 0, 0, 0, 0, 0, 0, 0, 0, 0, 0, 0, 0, 0, 0, 0, 0, 0, 0, 0, 0, 0, 0, 0, 0, 0, 0, 0, 0, 0, 0, 0],
        "skew": [1.18622589111, 1.31982910633, 1.27760899067, 1.72640812397, 0.859200417995, 0.633331775665, 1.04176020622, 0.138999968767, -0.738590419292, 0.204410761595, 2.0398311615, 1.88023650646, 1.91051006317, 2.01515030861, 1.53306782246, 1.69592738152, 1.36226034164, 2.37807822227, 2.17747044563, 2.24725556374, 1.86831283569, 2.47471833229, 2.40591454506, 2.15379738808, 2.08225488663, 1.76562452316, 1.38006818295, 0.641346216202, 1.60262334347, 1.95374250412, 2.45413661003, 2.63203263283, 2.05632543564, 1.95405483246, 1.37780249119, 1.26919949055],
        "var": [0.0514803640544, 0.064927265048, 0.0357189401984, 0.0515770427883, 0.0352312065661, 0.0383658632636, 0.0749945342541, 0.101275473833, 0.110993765295, 0.0754741579294, 0.0426272936165, 0.0528691112995, 0.0599524900317, 0.0212272685021, 0.0234788451344, 0.0293181557208, 0.0124393841252, 0.0146677624434, 0.0224610995501, 0.0209429878742, 0.0108969733119, 0.0373022034764, 0.0549997165799, 0.0247565954924, 0.0166610963643, 0.0619616694748, 0.0667570233345, 0.0188293475658, 0.0154149727896, 0.0195678863674, 0.0341769605875, 0.0492039248347, 0.0331592187285, 0.0590371079743, 0.106093361974, 0.0826675072312],
