{
"metadata": {
    "version": {
        "essentia": "2.1-beta3"
    }
},
"lowLevel": {
    "average_loudness": 0.970495939255,
    "barkbands_kurtosis": {
        "kurt": 28.6349811554,
        "max": 128.614776611,
        "mean": 5.53011751175,
        "median": 1.12328004837,
        "min": -1.74899351597,
        "skew": 5.12014436722,
        "var": 283.514709473
    },
    "barkbands_skewness": {
        "kurt": 7.38186454773,
        "max": 10.407664299,
        "mean": 1.27157044411,
        "median": 1.02461254597,
        "min": -2.00282001495,
        "skew": 2.16675114632,
        "var": 3.22703385353
    },
    "barkbands_spread": {
        "kurt": -0.219598770142,
        "max": 47.1336669922,
        "mean": 13.9604034424,
        "median": 11.8494606018,
        "min": 0.834834754467,
        "skew": 0.691775619984,
        "var": 107.04397583
    },
    "dissonance": {
        "kurt": 11.0444173813,
        "max": 0.499873757362,
        "mean": 0.449150770903,
        "median": 0.463359177113,
        "min": 0.0993538126349,
        "skew": -2.68411278725,
        "var": 0.00291412230581
    },
    "hfc": {
        "kurt": 8.38614177704,
        "max": 76.4172592163,
        "mean": 5.65445423126,
        "median": 0.0155699290335,
        "min": 9.13144475589e-08,
        "skew": 3.0030798912,
        "var": 225.542663574
    },
    "pitch": {
        "kurt": 11.0266952515,
        "max": 3984.11547852,
        "mean": 654.020324707,
        "median": 417.325500488,
        "min": 100.005996704,
        "skew": 3.12800693512,
        "var": 454838.09375
    },
    "pitch_instantaneous_confidence": {
        "kurt": -1.1149866581,
        "max": 0.97147500515,
        "mean": 0.60045582056,
        "median": 0.620172142982,
        "min": 0.132708847523,
        "skew": -0.209402918816,
        "var": 0.0565322674811
    },
    "pitch_salience": {
        "kurt": -0.197090148926,
        "max": 0.923717260361,
        "mean": 0.559759438038,
        "median": 0.608243942261,
        "min": 0.0854632630944,
        "skew": -0.749285101891,
        "var": 0.0322163328528
    },
    "silence_rate_20dB": {
        "kurt": 0,
        "max": 1,
        "mean": 1,
        "median": 1,
        "min": 1,
        "skew": 0,
        "var": 0
    },
    "silence_rate_30dB": {
        "kurt": 0,
        "max": 1,
        "mean": 1,
        "median": 1,
        "min": 1,
        "skew": 0,
        "var": 0
    },
    "silence_rate_60dB": {
        "kurt": 0.4436378479,
        "max": 1,
        "mean": 0.807909607887,
        "median": 1,
        "min": 0,
        "skew": -1.56321287155,
        "var": 0.155191987753
    },
    "spectral_centroid": {
        "kurt": 3.02227783203,
        "max": 3127.29467773,
        "mean": 1067.85827637,
        "median": 941.899230957,
        "min": 368.452301025,
        "skew": 1.6018320322,
        "var": 301055.78125
    },
    "spectral_complexity": {
        "kurt": 3.98032617569,
        "max": 24,
        "mean": 2.36158180237,
        "median": 0,
        "min": 0,
        "skew": 2.24306058884,
        "var": 27.2365322113
    },
    "spectral_crest": {
        "kurt": -0.794527769089,
        "max": 26.4701728821,
        "mean": 13.1288051605,
        "median": 11.9609899521,
        "min": 3.86569333076,
        "skew": 0.430665105581,
        "var": 32.8486862183
    },
    "spectral_decrease": {
        "kurt": 10.8483610153,
        "max": -1.43914189917e-17,
        "mean": -9.94857085601e-10,
        "median": -3.71317299824e-12,
        "min": -1.64711142503e-08,
        "skew": -3.21542978287,
        "var": 6.90594936806e-18
    },
    "spectral_energy": {
        "kurt": 10.2314929962,
        "max": 0.0683221518993,
        "mean": 0.00426769442856,
        "median": 1.4633601495e-05,
        "min": 6.25990578818e-11,
        "skew": 3.159968853,
        "var": 0.000126582177472
    },
    "spectral_energyband_high": {
        "kurt": 33.3186416626,
        "max": 0.00012748374138,
        "mean": 4.38257075075e-06,
        "median": 1.35017245384e-07,
        "min": 5.39481827266e-12,
        "skew": 5.40843820572,
        "var": 2.29545146779e-10
    },
    "spectral_energyband_low": {
        "kurt": 34.1398887634,
        "max": 3.00209944726e-06,
        "mean": 2.78491654626e-07,
        "median": 2.06580864415e-07,
        "min": 4.40834353613e-13,
        "skew": 4.96043205261,
        "var": 1.00683716464e-13
    },
    "spectral_energyband_middle_high": {
        "kurt": 10.7728586197,
        "max": 0.0682855844498,
        "mean": 0.00409084372222,
        "median": 3.13443865707e-06,
        "min": 3.12978046257e-11,
        "skew": 3.24206399918,
        "var": 0.000123608930153
    },
    "spectral_energyband_middle_low": {
        "kurt": 52.0106048584,
        "max": 0.00764041766524,
        "mean": 0.00019836507272,
        "median": 6.78408332533e-06,
        "min": 2.58147062754e-11,
        "skew": 6.70787096024,
        "var": 6.20533000983e-07
    },
    "spectral_flatness_db": {
        "kurt": -0.614861965179,
        "max": 0.497916787863,
        "mean": 0.229443699121,
        "median": 0.211351245642,
        "min": 0.0733262971044,
        "skew": 0.564700484276,
        "var": 0.00900442246348
    },
    "spectral_flux": {
        "kurt": 2.53603029251,
        "max": 0.266693711281,
        "mean": 0.0325678698719,
        "median": 0.00276551884599,
        "min": 0.000270685268333,
        "skew": 1.93319797516,
        "var": 0.00376131036319
    },
    "spectral_kurtosis": {
        "kurt": 3.61975622177,
        "max": 75.2500915527,
        "mean": 13.9695854187,
        "median": 8.69003868103,
        "min": 1.043384552,
        "skew": 1.82637894154,
        "var": 165.338104248
    },
    "spectral_rms": {
        "kurt": 3.58881521225,
        "max": 0.00816429778934,
        "mean": 0.000933963339776,
        "median": 0.000119485084724,
        "min": 2.47128014053e-07,
        "skew": 2.17224693298,
        "var": 3.29131535182e-06
    },
    "spectral_rolloff": {
        "kurt": 0.349042654037,
        "max": 4586.57226562,
        "mean": 1650.51379395,
        "median": 1399.65820312,
        "min": 322.998046875,
        "skew": 0.880396127701,
        "var": 884328.0625
    },
    "spectral_skewness": {
        "kurt": 0.319457530975,
        "max": 7.00100851059,
        "mean": 2.77210021019,
        "median": 2.41504645348,
        "min": 0.603296756744,
        "skew": 0.937832832336,
        "var": 1.64848470688
    },
    "spectral_spread": {
        "kurt": 48.0473976135,
        "max": 23581474,
        "mean": 3660132.5,
        "median": 3469029.5,
        "min": 1151563.125,
        "skew": 5.42944192886,
        "var": 4.23689034138e+12
    },
    "spectral_strongpeak": {
        "kurt": 24.9687767029,
        "max": 8.57667446136,
        "mean": 0.420623004436,
        "median": 0.0471332445741,
        "min": 3.06630431623e-06,
        "skew": 4.28472232819,
        "var": 1.02407085896
    },
    "zerocrossingrate": {
        "kurt": 2.67774295807,
        "max": 0.1533203125,
        "mean": 0.0564944148064,
        "median": 0.052734375,
        "min": 0.00537109375,
        "skew": 1.40633654594,
        "var": 0.000721779419109
    },
    "barkbands": {
        "kurt": [84.1267852783, 37.84141922, 44.6797904968, 18.5533771515, 23.8716392517, 7.74584007263, 23.7710666656, 77.9615859985, 59.9721984863, 57.9108428955, 57.3678245544, 44.9005737305, 69.5356140137, 49.1158294678, 57.5361099243, 88.7262878418, 31.6755371094, 155.671081543, 22.1234855652, 20.8886833191, 70.3194580078, 51.7043876648, 49.1083145142, 48.5107650757, 18.866941452, 21.8197364807, 27.0587177277],
        "max": [4.50742803082e-08, 1.40904785439e-06, 1.24243911159e-06, 2.09681093111e-06, 2.53028156294e-05, 5.6494922319e-05, 0.000149235173012, 0.00028477088199, 0.00568398833275, 0.0136902127415, 0.0514319129288, 0.0359734892845, 0.0352733843029, 0.0206052158028, 0.0078925229609, 0.00567768514156, 0.00669255619869, 0.0131265455857, 9.67630403466e-05, 7.54337233957e-05, 5.79023180762e-05, 2.80763088085e-05, 6.02786349191e-06, 7.44995213608e-06, 4.49712706541e-06, 7.36357321784e-08, 3.80993370186e-09],
        "mean": [2.04489647437e-09, 1.13563999093e-07, 9.4920252991e-08, 1.63492231309e-07, 1.30183468627e-06, 5.15519514011e-06, 7.00885857441e-06, 6.10035613136e-06, 0.000124934042105, 0.000309212453431, 0.00112287525553, 0.000857763225213, 0.000693264591973, 0.000532562029548, 0.000176318120793, 9.95304217213e-05, 0.000216080981772, 0.000104874990939, 4.63053993371e-06, 3.34519563694e-06, 1.13241355848e-06, 6.48368995826e-07, 1.60020874773e-07, 2.09709298815e-07, 2.12374345665e-07, 2.94743540685e-09, 1.37223940544e-10],
        "median": [1.01579999967e-09, 7.17811161621e-08, 6.23907823183e-08, 7.21578601315e-08, 2.77509087709e-07, 3.86264645158e-07, 1.58070648126e-07, 8.54570245679e-08, 1.05561284158e-07, 1.15515291554e-07, 2.61025036252e-07, 3.05988180571e-07, 2.47803967568e-07, 1.06574105985e-07, 8.08252593743e-08, 1.07766403801e-07, 1.1731710714e-07, 1.80698279451e-07, 1.68074862472e-07, 7.46251060946e-08, 4.62656615241e-08, 8.56823234585e-09, 2.4503525875e-09, 2.68508082435e-09, 8.52208803526e-10, 9.6843123798e-12, 7.48945989861e-13],
        "min": [6.31541370374e-15, 2.47903233315e-14, 1.82991764645e-13, 6.06020008481e-13, 5.09362821019e-12, 9.46963601284e-12, 7.42737468751e-12, 2.3317326802e-12, 6.30000500552e-13, 1.71704924584e-12, 7.44558147775e-12, 9.80299782322e-12, 8.40989279084e-13, 1.41127799551e-12, 3.38223199448e-12, 1.6078026497e-12, 6.91259712231e-13, 1.23271488503e-12, 2.87022684266e-12, 2.09892736872e-12, 2.22032635333e-12, 4.42070859086e-13, 3.48090778207e-13, 2.37872574286e-13, 1.6180803984e-13, 1.35704463075e-13, 6.69780189969e-14],
        "skew": [8.06885147095, 5.24367141724, 5.38979959488, 4.08092880249, 4.53076219559, 2.7856669426, 4.5680603981, 8.09904193878, 7.06598758698, 6.98065280914, 7.03462839127, 6.35043239594, 7.70565509796, 6.54016399384, 7.09244155884, 8.77191829681, 5.49759531021, 12.3542394638, 4.43180131912, 4.3540096283, 7.93910884857, 6.89218091965, 6.65371179581, 6.39472341537, 4.28694677353, 4.32190084457, 4.89046669006],
        "var": [1.49724703587e-17, 2.12779097862e-14, 1.45596832117e-14, 8.79665332004e-14, 1.01315067447e-11, 1.12151260501e-10, 3.7763023264e-10, 6.65204502592e-10, 3.05219089114e-07, 1.81258371867e-06, 2.61592376773e-05, 1.54051413119e-05, 1.09503507701e-05, 4.63790775029e-06, 6.20397997864e-07, 2.48752030529e-07, 8.38757102883e-07, 1.01282591913e-06, 1.87826407205e-10, 1.06673891942e-10, 3.03813016411e-11, 8.9747792531e-12, 4.11656819743e-13, 6.02138402073e-13, 5.03245665626e-13, 8.88891396449e-17, 2.21878429717e-19],
        "cov": [[1.50575409216e-17, 2.6255488207e-16, 4.8542399416e-17, 1.27369659496e-17, 9.95812696253e-16, -3.7854603862e-16, -2.51295977198e-15, 1.05308413018e-14, 1.64559067328e-13, 2.19464000467e-13, 1.87003971336e-12, 1.02067464723e-12, 1.06416795948e-12, 1.00072684514e-12, 4.28828684802e-13, 9.17935432526e-14, 2.3660983112e-13, 6.53674163409e-14, 5.55094190489e-15, 6.80055140076e-15, 9.80170538816e-16, 6.31249398117e-16, 1.18613848487e-16, 1.6552441246e-16, 2.15895794238e-16, 5.20796222386e-18, 2.42499241056e-19], [2.6255488207e-16, 2.13988067988e-14, 1.21666135418e-14, 6.19353582703e-15, 9.66734965734e-14, 9.66392493373e-14, -1.72025195195e-13, 1.49884485791e-13, 5.16964292555e-12, -7.89836945847e-12, -3.47092771191e-11, 2.59519732093e-11, 1.75036218159e-11, 9.82003280775e-12, 9.96670844813e-13, -2.44795980361e-12, 5.01744349193e-12, -3.2001471785e-12, 1.29204940407e-14, 4.00390171296e-16, -1.6512554941e-14, -5.79647176883e-15, -1.28073192158e-15, -1.11464686595e-15, -7.51336064846e-16, 5.35188040079e-17, 1.58079901926e-18], [4.8542399416e-17, 1.21666135418e-14, 1.46424095315e-14, 1.53424822624e-14, 8.41966470502e-14, 1.28762845113e-13, 1.45452565465e-14, 7.47539644118e-14, 2.54192218489e-12, 1.94804263866e-12, -6.54821292675e-12, -2.19605562034e-12, 1.8448213443e-11, 5.15568100365e-12, 3.73524778816e-12, -5.25029889356e-13, 1.20170930498e-11, -5.99640215954e-12, 3.18972109739e-14, 2.65012096062e-14, -2.42247238572e-14, 1.74691630349e-15, 9.85250830675e-16, 3.79163049182e-16, 2.41760080278e-15, 1.27192108486e-16, 3.69664989157e-18], [1.27369659496e-17, 6.19353582703e-15, 1.53424822624e-14, 8.84663436257e-14, 2.45855744617e-13, 5.68039647438e-13, 2.46574272502e-13, 1.07817010528e-12, -4.40442300687e-12, -1.49898702392e-12, 9.58049889421e-11, 3.1723127597e-11, -3.80456187388e-11, 2.69850912449e-11, 6.26893936068e-12, 6.38212703172e-12, -2.45366747753e-12, -1.15438622203e-11, -9.18621935789e-14, -1.1741791621e-13, -8.95609812441e-14, -3.6481136444e-14, -6.98775627002e-15, -5.71110694137e-15, -6.61145383639e-15, 4.69200434631e-17, 3.54164368941e-18], [9.95812696253e-16, 9.66734965734e-14, 8.41966470502e-14, 2.45855744617e-13, 1.01890726759e-11, 1.20586075847e-11, 4.09086957018e-12, 1.30728119302e-11, 1.12083189951e-10, 5.320029417e-10, 2.02645944469e-09, 8.32471480638e-10, -3.64164143285e-10, 3.26233484671e-10, 1.71689426565e-10, -1.35063271331e-11, 2.62276485252e-12, -7.96589877394e-11, -4.5024495742e-13, 1.56022818363e-13, -9.05898620007e-14, 5.7259714548e-13, 1.22480083259e-13, 2.37207931249e-13, 1.21351293272e-13, 1.95186566596e-15, 1.60881149897e-16], [-3.7854603862e-16, 9.66392493373e-14, 1.28762845113e-13, 5.68039647438e-13, 1.20586075847e-11, 1.12788486883e-10, 1.4587123176e-11, 1.3629140351e-11, 6.03858241188e-10, 1.58920265836e-09, 7.80665398992e-09, 7.50108686276e-09, -1.20504861645e-09, 5.3088328178e-10, 3.07643466257e-10, 4.58693416583e-10, 1.02787067746e-09, -4.09293848813e-10, 1.23752570691e-11, -3.80412108064e-12, -2.39815675998e-12, 4.16252508807e-13, 3.82882094085e-13, 9.0566546233e-13, 1.00185419856e-12, 2.73605042024e-14, 1.14564922473e-15], [-2.51295977198e-15, -1.72025195195e-13, 1.45452565465e-14, 2.46574272502e-13, 4.09086957018e-12, 1.4587123176e-11, 3.79775849657e-10, -2.54223161619e-12, 1.004511474e-09, 2.18228435322e-09, 6.78850031743e-10, -3.63378638291e-09, -4.25488622113e-09, -2.21566209824e-09, -8.51231807264e-10, -4.26451041147e-10, -1.19135334931e-09, -6.94777346766e-10, -1.95527639218e-11, -1.55092917675e-11, -5.78332650866e-12, -3.37968975722e-12, -5.25205313268e-13, -5.08624609444e-13, -1.02550736999e-12, -9.27864200268e-15, -1.1703664667e-16], [1.05308413018e-14, 1.49884485791e-13, 7.47539644118e-14, 1.07817010528e-12, 1.30728119302e-11, 1.3629140351e-11, -2.54223161619e-12, 6.68984090346e-10, 2.3470365651e-09, 2.73478018009e-09, 2.49968419297e-08, 1.48499621488e-08, 5.48801004641e-09, 2.75465303901e-08, 8.93564511273e-09, 9.46151512693e-09, 1.45164069654e-09, -4.33448860138e-10, 6.20085233161e-11, 3.63568966599e-11, -6.98484184988e-13, 9.09096322527e-12, 1.1310207328e-12, 1.26003374401e-12, 2.10505267731e-12, 3.34858958053e-14, 3.55410831855e-15], [1.64559067328e-13, 5.16964292555e-12, 2.54192218489e-12, -4.40442300687e-12, 1.12083189951e-10, 6.03858241188e-10, 1.004511474e-09, 2.3470365651e-09, 3.06953296558e-07, 1.79426805857e-07, 2.16509349116e-07, -6.9036434347e-09, 3.69334600236e-07, 1.47376781001e-07, 1.09227762835e-07, 2.06958716831e-08, 2.1055444055e-09, -3.80677489531e-09, 7.46118888895e-10, 8.18947909487e-10, 3.32717881024e-11, 2.96342367312e-10, 6.00600402745e-11, 5.83784756647e-11, 1.09924784553e-10, 1.98545195042e-12, 4.61758960875e-14], [2.19464000467e-13, -7.89836945847e-12, 1.94804263866e-12, -1.49898702392e-12, 5.320029417e-10, 1.58920265836e-09, 2.18228435322e-09, 2.73478018009e-09, 1.79426805857e-07, 1.82288249562e-06, 4.78724587083e-06, 4.97085039797e-08, -8.19173209266e-08, 3.28593642962e-07, 1.75498158228e-07, 6.12328747707e-08, -1.65633515792e-08, -1.37700419955e-08, 1.77868650364e-10, 2.53697596264e-09, 1.3791121023e-10, 1.29879898503e-10, 8.42727207462e-11, 1.28880642269e-10, 4.60845007988e-11, 4.2395183501e-13, 1.19026194608e-13], [1.87003971336e-12, -3.47092771191e-11, -6.54821292675e-12, 9.58049889421e-11, 2.02645944469e-09, 7.80665398992e-09, 6.78850031743e-10, 2.49968419297e-08, 2.16509349116e-07, 4.78724587083e-06, 2.63078709395e-05, 3.81051995646e-06, 5.04088234266e-07, 3.34127093993e-06, 1.72426734935e-06, 5.06647097609e-07, 6.36741162907e-07, 6.48454872021e-08, 1.29160175888e-08, 1.89903364145e-08, 2.5069641918e-09, 3.74002562253e-09, 6.91177282075e-10, 7.99382560146e-10, 1.01179642442e-09, 1.22214929149e-11, 6.90401186741e-13], [1.02067464723e-12, 2.59519732093e-11, -2.19605562034e-12, 3.1723127597e-11, 8.32471480638e-10, 7.50108686276e-09, -3.63378638291e-09, 1.48499621488e-08, -6.9036434347e-09, 4.97085039797e-08, 3.81051995646e-06, 1.5492669263e-05, 1.73341652498e-06, 2.06303457162e-06, 8.11659390365e-07, 9.26119014366e-07, 1.92360289475e-06, 2.66050591335e-07, 3.01336093855e-08, 1.62347522092e-08, 5.35772315402e-09, 2.62669064277e-09, 5.32813682064e-10, 9.56508650063e-10, 8.35798097398e-10, 1.30986801267e-11, 3.67020812613e-13], [1.06416795948e-12, 1.75036218159e-11, 1.8448213443e-11, -3.80456187388e-11, -3.64164143285e-10, -1.20504861645e-09, -4.25488622113e-09, 5.48801004641e-09, 3.69334600236e-07, -8.19173209266e-08, 5.04088234266e-07, 1.73341652498e-06, 1.10125683932e-05, 1.33825824378e-06, 6.16436466316e-07, 2.13849887132e-07, 1.49203299316e-06, 1.57568024406e-06, 2.2491944307e-08, 2.24329603782e-08, 1.49572958463e-08, 7.39822514362e-09, 1.69167779784e-09, 2.08834061155e-09, 1.53297596839e-09, 1.70068837485e-11, 2.33375791565e-13], [1.00072684514e-12, 9.82003280775e-12, 5.15568100365e-12, 2.69850912449e-11, 3.26233484671e-10, 5.3088328178e-10, -2.21566209824e-09, 2.75465303901e-08, 1.47376781001e-07, 3.28593642962e-07, 3.34127093993e-06, 2.06303457162e-06, 1.33825824378e-06, 4.66425944978e-06, 5.00963494687e-07, 3.57385829375e-07, 6.79886738908e-07, 5.6543498772e-08, 1.35540156876e-08, 1.3213221628e-08, 3.10033376749e-09, 1.45352985204e-09, 2.80079431869e-10, 3.83333448317e-10, 5.53077084131e-10, 5.4146504988e-12, 4.74077428789e-13], [4.28828684802e-13, 9.96670844813e-13, 3.73524778816e-12, 6.26893936068e-12, 1.71689426565e-10, 3.07643466257e-10, -8.51231807264e-10, 8.93564511273e-09, 1.09227762835e-07, 1.75498158228e-07, 1.72426734935e-06, 8.11659390365e-07, 6.16436466316e-07, 5.00963494687e-07, 6.23922971954e-07, 1.5217564453e-07, 1.62159324191e-07, 3.29246816477e-08, 3.87164433846e-09, 2.89387980246e-09, 4.94387863981e-10, 1.38260813909e-09, 2.38812664088e-10, 2.58595617142e-10, 3.16017323421e-10, 3.90926136948e-12, 1.39522765628e-13], [9.17935432526e-14, -2.44795980361e-12, -5.25029889356e-13, 6.38212703172e-12, -1.35063271331e-11, 4.58693416583e-10, -4.26451041147e-10, 9.46151512693e-09, 2.06958716831e-08, 6.12328747707e-08, 5.06647097609e-07, 9.26119014366e-07, 2.13849887132e-07, 3.57385829375e-07, 1.5217564453e-07, 2.50165385296e-07, 1.69646654058e-07, 1.38128974925e-08, 3.25081894736e-09, 1.45132306173e-09, 3.88851617572e-10, 2.42622644198e-10, 4.26965095224e-11, 6.01737062955e-11, 8.95108015486e-11, 1.37637188972e-12, 6.07957288028e-14], [2.3660983112e-13, 5.01744349193e-12, 1.20170930498e-11, -2.45366747753e-12, 2.62276485252e-12, 1.02787067746e-09, -1.19135334931e-09, 1.45164069654e-09, 2.1055444055e-09, -1.65633515792e-08, 6.36741162907e-07, 1.92360289475e-06, 1.49203299316e-06, 6.79886738908e-07, 1.62159324191e-07, 1.69646654058e-07, 8.43522741434e-07, 1.12609740199e-07, 7.53335083203e-09, 6.69902844308e-09, 2.86041212938e-09, 1.23480148329e-09, 2.56300924928e-10, 3.52844614637e-10, 3.22241233697e-10, 3.23770957961e-12, 1.47206262479e-13], [6.53674163409e-14, -3.2001471785e-12, -5.99640215954e-12, -1.15438622203e-11, -7.96589877394e-11, -4.09293848813e-10, -6.94777346766e-10, -4.33448860138e-10, -3.80677489531e-09, -1.37700419955e-08, 6.48454872021e-08, 2.66050591335e-07, 1.57568024406e-06, 5.6543498772e-08, 3.29246816477e-08, 1.38128974925e-08, 1.12609740199e-07, 1.01858051949e-06, 4.29860236295e-09, 4.80258943725e-09, 3.54574258843e-09, 1.43791745177e-09, 4.0708139637e-10, 4.69734418029e-10, 3.96461058427e-10, 1.54553388317e-12, 4.11463237139e-15], [5.55094190489e-15, 1.29204940407e-14, 3.18972109739e-14, -9.18621935789e-14, -4.5024495742e-13, 1.23752570691e-11, -1.95527639218e-11, 6.20085233161e-11, 7.46118888895e-10, 1.77868650364e-10, 1.29160175888e-08, 3.01336093855e-08, 2.2491944307e-08, 1.35540156876e-08, 3.87164433846e-09, 3.25081894736e-09, 7.53335083203e-09, 4.29860236295e-09, 1.88893609088e-10, 9.37101021781e-11, 4.38275839232e-11, 2.01058232563e-11, 4.46556637154e-12, 6.20951337224e-12, 5.99895957562e-12, 6.80905662799e-14, 1.7245261522e-15], [6.80055140076e-15, 4.00390171296e-16, 2.65012096062e-14, -1.1741791621e-13, 1.56022818363e-13, -3.80412108064e-12, -1.55092917675e-11, 3.63568966599e-11, 8.18947909487e-10, 2.53697596264e-09, 1.89903364145e-08, 1.62347522092e-08, 2.24329603782e-08, 1.3213221628e-08, 2.89387980246e-09, 1.45132306173e-09, 6.69902844308e-09, 4.80258943725e-09, 9.37101021781e-11, 1.07279990447e-10, 4.36732351672e-11, 1.8818929054e-11, 4.25062068876e-12, 5.27241358211e-12, 5.08245398892e-12, 4.82450586642e-14, 1.81350833974e-15], [9.80170538816e-16, -1.6512554941e-14, -2.42247238572e-14, -8.95609812441e-14, -9.05898620007e-14, -2.39815675998e-12, -5.78332650866e-12, -6.98484184988e-13, 3.32717881024e-11, 1.3791121023e-10, 2.5069641918e-09, 5.35772315402e-09, 1.49572958463e-08, 3.10033376749e-09, 4.94387863981e-10, 3.88851617572e-10, 2.86041212938e-09, 3.54574258843e-09, 4.38275839232e-11, 4.36732351672e-11, 3.05539239742e-11, 1.26153028995e-11, 2.93857733286e-12, 3.68591789035e-12, 2.51608998393e-12, 1.22664821145e-14, 3.06309030705e-16], [6.31249398117e-16, -5.79647176883e-15, 1.74691630349e-15, -3.6481136444e-14, 5.7259714548e-13, 4.16252508807e-13, -3.37968975722e-12, 9.09096322527e-12, 2.96342367312e-10, 1.29879898503e-10, 3.74002562253e-09, 2.62669064277e-09, 7.39822514362e-09, 1.45352985204e-09, 1.38260813909e-09, 2.42622644198e-10, 1.23480148329e-09, 1.43791745177e-09, 2.01058232563e-11, 1.8818929054e-11, 1.26153028995e-11, 9.02577231704e-12, 1.84590168671e-12, 2.12685099567e-12, 1.75665937959e-12, 1.27376780727e-14, 2.70568607844e-16], [1.18613848487e-16, -1.28073192158e-15, 9.85250830675e-16, -6.98775627002e-15, 1.22480083259e-13, 3.82882094085e-13, -5.25205313268e-13, 1.1310207328e-12, 6.00600402745e-11, 8.42727207462e-11, 6.91177282075e-10, 5.32813682064e-10, 1.69167779784e-09, 2.80079431869e-10, 2.38812664088e-10, 4.26965095224e-11, 2.56300924928e-10, 4.0708139637e-10, 4.46556637154e-12, 4.25062068876e-12, 2.93857733286e-12, 1.84590168671e-12, 4.1399576909e-13, 4.79754311365e-13, 3.76180179671e-13, 2.72952725011e-15, 6.36327413575e-17], [1.6552441246e-16, -1.11464686595e-15, 3.79163049182e-16, -5.71110694137e-15, 2.37207931249e-13, 9.0566546233e-13, -5.08624609444e-13, 1.26003374401e-12, 5.83784756647e-11, 1.28880642269e-10, 7.99382560146e-10, 9.56508650063e-10, 2.08834061155e-09, 3.83333448317e-10, 2.58595617142e-10, 6.01737062955e-11, 3.52844614637e-10, 4.69734418029e-10, 6.20951337224e-12, 5.27241358211e-12, 3.68591789035e-12, 2.12685099567e-12, 4.79754311365e-13, 6.05559656239e-13, 4.43636121762e-13, 3.52854062904e-15, 8.69981981471e-17], [2.15895794238e-16, -7.51336064846e-16, 2.41760080278e-15, -6.61145383639e-15, 1.21351293272e-13, 1.00185419856e-12, -1.02550736999e-12, 2.10505267731e-12, 1.09924784553e-10, 4.60845007988e-11, 1.01179642442e-09, 8.35798097398e-10, 1.53297596839e-09, 5.53077084131e-10, 3.16017323421e-10, 8.95108015486e-11, 3.22241233697e-10, 3.96461058427e-10, 5.99895957562e-12, 5.08245398892e-12, 2.51608998393e-12, 1.75665937959e-12, 3.76180179671e-13, 4.43636121762e-13, 5.06105032015e-13, 4.57132204337e-15, 1.06276906255e-16], [5.20796222386e-18, 5.35188040079e-17, 1.27192108486e-16, 4.69200434631e-17, 1.95186566596e-15, 2.73605042024e-14, -9.27864200268e-15, 3.34858958053e-14, 1.98545195042e-12, 4.2395183501e-13, 1.22214929149e-11, 1.30986801267e-11, 1.70068837485e-11, 5.4146504988e-12, 3.90926136948e-12, 1.37637188972e-12, 3.23770957961e-12, 1.54553388317e-12, 6.80905662799e-14, 4.82450586642e-14, 1.22664821145e-14, 1.27376780727e-14, 2.72952725011e-15, 3.52854062904e-15, 4.57132204337e-15, 8.93941896571e-17, 2.22226951928e-18], [2.42499241056e-19, 1.58079901926e-18, 3.69664989157e-18, 3.54164368941e-18, 1.60881149897e-16, 1.14564922473e-15, -1.1703664667e-16, 3.55410831855e-15, 4.61758960875e-14, 1.19026194608e-13, 6.90401186741e-13, 3.67020812613e-13, 2.33375791565e-13, 4.74077428789e-13, 1.39522765628e-13, 6.07957288028e-14, 1.47206262479e-13, 4.11463237139e-15, 1.7245261522e-15, 1.81350833974e-15, 3.06309030705e-16, 2.70568607844e-16, 6.36327413575e-17, 8.69981981471e-17, 1.06276906255e-16, 2.22226951928e-18, 2.23139104669e-19]]
    },
    "mfcc": {
        "kurt": [0.0616278648376, 0.716634273529, 0.438782930374, -0.181750535965, 0.254148244858, 0.0371086597443, 0.74077796936, 0.124070644379, 0.221683263779, 1.08358001709, 1.32789993286, 0.15348982811, 0.339630126953],
        "max": [-711.674926758, 178.829223633, 36.8824195862, 52.2393798828, 47.3521385193, 47.3117637634, 53.141166687, 39.2129135132, 40.152179718, 44.4805603027, 35.7282066345, 32.8753204346, 33.8591346741],
        "mean": [-989.054992676, 81.6212387085, -27.7709941864, -13.2310495377, -2.90971183777, -5.80227231979, 3.36467599869, -2.97334623337, -11.0067777634, -9.58115196228, -6.43019914627, -0.472154170275, 1.70408964157],
        "median": [-1024.42773438, 79.4964675903, -7.17477416992, -5.05054855347, -2.17213439941, -3.46271514893, 1.44505691528, -2.70425033569, -10.3399486542, -9.11631774902, -7.3187046051, -1.79010772705, 0.408424377441],
        "min": [-1138.42004395, -10.1924476624, -188.736755371, -105.239265442, -51.9370155334, -46.5418205261, -35.2091140747, -30.2800292969, -44.7920761108, -57.4643249512, -50.348400116, -36.6124343872, -42.3218307495],
        "skew": [1.10762798786, 0.616509437561, -1.28352963924, -0.868555247784, 0.175586417317, -0.320553958416, 0.560732424259, 0.314512401819, 0.189537078142, 0.306798249483, 0.167649447918, 0.158363103867, -0.0599831491709],
        "var": [10762.1210938, 1124.90063477, 3563.27392578, 1337.63085938, 285.22277832, 275.714050293, 204.647781372, 143.907073975, 212.036010742, 230.263214111, 190.067977905, 157.840988159, 155.744857788],
        "cov": [[10823.2695312, 1730.12744141, -5951.26123047, -3061.66821289, -304.658325195, 238.551269531, 451.226959229, 326.051544189, 343.058685303, 32.3352012634, -416.193237305, -196.702545166, 0.871066868305], [1730.12744141, 1131.29211426, -637.901367188, -790.94921875, -287.25881958, -120.202484131, -133.750640869, -16.8510761261, 107.514595032, 101.157203674, -146.21446228, -137.023742676, -46.3078346252], [-5951.26123047, -637.901367188, 3583.51977539, 1670.56604004, 59.7083015442, -224.038146973, -362.5859375, -252.615951538, -231.84312439, -16.823091507, 237.87046814, 72.5404434204, -1.20824956894], [-3061.66821289, -790.94921875, 1670.56604004, 1345.2310791, 162.486785889, -196.233413696, -49.9285621643, -121.781082153, -196.968597412, -45.7395858765, 224.531311035, 160.33807373, 103.287078857], [-304.658325195, -287.25881958, 59.7083015442, 162.486785889, 286.843383789, 139.900344849, -6.69807910919, 1.33228230476, -37.7326316833, -98.9050369263, 4.54873085022, 30.6656074524, 8.53241634369], [238.551269531, -120.202484131, -224.038146973, -196.233413696, 139.900344849, 277.280609131, 76.9805526733, 19.322435379, 31.881269455, -80.4742279053, -83.5250701904, -43.5004425049, -59.7034759521], [451.226959229, -133.750640869, -362.5859375, -49.9285621643, -6.69807910919, 76.9805526733, 205.810546875, 70.3964920044, -0.389763832092, -10.3131189346, -5.43806552887, 23.7813529968, 2.29457712173], [326.051544189, -16.8510761261, -252.615951538, -121.781082153, 1.33228230476, 19.322435379, 70.3964920044, 144.724716187, 98.1657714844, 17.6703777313, -26.1691875458, -31.6250934601, -23.9212760925], [343.058685303, 107.514595032, -231.84312439, -196.968597412, -37.7326316833, 31.881269455, -0.389763832092, 98.1657714844, 213.240768433, 102.659423828, -71.5946655273, -74.7965698242, -50.9086647034], [32.3352012634, 101.157203674, -16.823091507, -45.7395858765, -98.9050369263, -80.4742279053, -10.3131189346, 17.6703777313, 102.659423828, 231.571533203, 61.2387084961, -17.8485336304, -17.3095359802], [-416.193237305, -146.21446228, 237.87046814, 224.531311035, 4.54873085022, -83.5250701904, -5.43806552887, -26.1691875458, -71.5946655273, 61.2387084961, 191.147903442, 93.5173416138, 31.2241191864], [-196.702545166, -137.023742676, 72.5404434204, 160.33807373, 30.6656074524, -43.5004425049, 23.7813529968, -31.6250934601, -74.7965698242, -17.8485336304, 93.5173416138, 158.737808228, 72.2893066406], [0.871066868305, -46.3078346252, -1.20824956894, 103.287078857, 8.53241634369, -59.7034759521, 2.29457712173, -23.9212760925, -50.9086647034, -17.3095359802, 31.2241191864, 72.2893066406, 156.629776001]]
    },
    "sccoeffs": {
        "kurt": [0.833407640457, -0.0710408687592, 2.59297847748, 1.45102453232, 1.13674736023, -0.0265827178955],
        "max": [-0.616896629333, -0.458348184824, -0.322340607643, -0.49450969696, -0.542752802372, -0.746951758862],
        "mean": [-0.811387896538, -0.756466031075, -0.80942761898, -0.803299665451, -0.815352678299, -0.845669150352],
        "median": [-0.821777939796, -0.771264314651, -0.860350430012, -0.833061695099, -0.847069203854, -0.853377938271],
        "min": [-0.908057868481, -0.930773973465, -0.928377211094, -0.925291240215, -0.934948921204, -0.923816502094],
        "skew": [0.957506000996, 0.581266403198, 1.75353693962, 1.44652104378, 1.33572530746, 0.659509956837],
        "var": [0.00290050613694, 0.0107264164835, 0.0147237908095, 0.00772674754262, 0.00726483622566, 0.00110754021443],
        "cov": [[0.00291698635556, -0.000126565122628, 0.000725373975001, 0.000358348916052, 0.00013732034131, -8.89268776518e-05], [-0.000126565122628, 0.0107873622328, 0.00231146602891, 0.00261567509733, 0.00262202857994, 0.00134567776695], [0.000725373975001, 0.00231146602891, 0.0148074487224, 0.00766556151211, 0.00717746419832, 0.000893202668522], [0.000358348916052, 0.00261567509733, 0.00766556151211, 0.00777064962313, 0.00593114178628, 0.000751797866542], [0.00013732034131, 0.00262202857994, 0.00717746419832, 0.00593114178628, 0.00730611383915, 0.00121579680126], [-8.89268776518e-05, 0.00134567776695, 0.000893202668522, 0.000751797866542, 0.00121579680126, 0.00111383304466]]
    },
    "scvalleys": {
        "kurt": [44.7473640442, 3.29119062424, 0.582232952118, 0.38604593277, 1.93205928802, 0.532701730728],
        "max": [-8.21651554108, -7.03201246262, -4.7046380043, -5.35480165482, -7.11640501022, -9.14769458771],
        "mean": [-9.8468580246, -9.55421543121, -9.10615730286, -9.65238952637, -10.5648603439, -12.798374176],
        "median": [-9.79878425598, -9.74255084991, -9.71089076996, -10.3122377396, -10.8323488235, -13.111084938],
        "min": [-16.4861106873, -14.4960746765, -14.8521251678, -15.4983062744, -15.7789640427, -17.420589447],
        "skew": [-4.86955356598, 0.194556519389, 0.815718829632, 0.886196672916, 0.473853141069, 0.637015461922],
        "var": [0.483479678631, 0.978112339973, 2.92431020737, 3.19467878342, 1.42155754566, 1.747864604],
        "cov": [[0.486226737499, 0.38893404603, 0.563377916813, 0.57460474968, 0.379416644573, 0.388739138842], [0.38893404603, 0.983669817448, 1.38826644421, 1.27908349037, 0.700142681599, 0.800168037415], [0.563377916813, 1.38826644421, 2.94092559814, 2.87159943581, 1.61981344223, 1.84781265259], [0.57460474968, 1.27908349037, 2.87159943581, 3.2128303051, 1.89353358746, 2.11695766449], [0.379416644573, 0.700142681599, 1.61981344223, 1.89353358746, 1.42963457108, 1.48420858383], [0.388739138842, 0.800168037415, 1.84781265259, 2.11695766449, 1.48420858383, 1.75779569149]]
    }
},
"rhythm": {
    "beats_loudness": {
        "kurt": 1.04624271393,
        "max": 0.071358628571,
        "mean": 0.0167027954012,
        "median": 0.00690054241568,
        "min": 8.41177779876e-07,
        "skew": 1.56665432453,
        "var": 0.00056895945454
    },
    "bpm": 111.550354004,
    "confidence": 0,
    "first_peak_bpm": {
        "kurt": 0,
        "max": 112,
        "mean": 112,
        "median": 112,
        "min": 112,
        "skew": 0,
        "var": 0
    },
    "first_peak_spread": {
        "kurt": 0,
        "max": 0.333333313465,
        "mean": 0.333333313465,
        "median": 0.333333313465,
        "min": 0.333333313465,
        "skew": 0,
        "var": 0
    },
    "first_peak_weight": {
        "kurt": 0,
        "max": 0.333333343267,
        "mean": 0.333333343267,
        "median": 0.333333343267,
        "min": 0.333333343267,
        "skew": 0,
        "var": 0
    },
    "onset_rate": 2.45912599564,
    "second_peak_bpm": {
        "kurt": 0,
        "max": 123,
        "mean": 123,
        "median": 123,
        "min": 123,
        "skew": 0,
        "var": 0
    },
    "second_peak_spread": {
        "kurt": 0,
        "max": 0.333333313465,
        "mean": 0.333333313465,
        "median": 0.333333313465,
        "min": 0.333333313465,
        "skew": 0,
        "var": 0
    },
    "second_peak_weight": {
        "kurt": 0,
        "max": 0.333333343267,
        "mean": 0.333333343267,
        "median": 0.333333343267,
        "min": 0.333333343267,
        "skew": 0,
        "var": 0
    },
    "beats_loudness_band_ratio": {
        "kurt": [2.15217828751, 0.418598175049, -1.1251488924, -1.28925323486, -1.47393238544, 2.15272712708],
        "max": [0.327168732882, 0.876553416252, 0.158820852637, 0.918570280075, 0.523881316185, 0.58111935854],
        "mean": [0.0494207665324, 0.185487881303, 0.0509295091033, 0.397572904825, 0.238669231534, 0.0882347002625],
        "median": [0.000136392656714, 0.00410657795146, 0.00953419134021, 0.470555156469, 0.25919342041, 0.00266302074306],
        "min": [1.5155218307e-06, 4.62364505438e-06, 4.02423393098e-05, 0.0282037425786, 0.00983027368784, 0.000946374144405],
        "skew": [2.03472018242, 1.41685640812, 0.735642075539, 0.282878816128, 0.191652193666, 2.03501677513],
        "var": [0.0128771588206, 0.0993562340736, 0.00375007791445, 0.0987042635679, 0.0364249013364, 0.0405491180718],
        "cov": [[0.015023351647, 0.0135241830721, 0.00586330564693, -0.0175031255931, -0.0117470985278, -0.00318385474384], [0.0135241830721, 0.115915603936, 0.00130644580349, -0.0652438625693, -0.0471755079925, -0.0168762523681], [0.00586330564693, 0.00130644580349, 0.00437509082258, -0.0150988744572, -0.00301968376152, 0.00734265567735], [-0.0175031255931, -0.0652438625693, -0.0150988744572, 0.115154974163, 0.0171196833253, -0.0365868099034], [-0.0117470985278, -0.0471755079925, -0.00301968376152, 0.0171196833253, 0.0424957163632, 0.00127846712712], [-0.00318385474384, -0.0168762523681, 0.00734265567735, -0.0365868099034, 0.00127846712712, 0.0473073013127]]
    },
    "beats_position": [0.510838985443, 1.04489791393, 1.57895684242, 2.12462592125, 2.62385487556, 3.11147379875, 3.59909296036],
    "bpm_estimates": [112.34715271, 112.34715271, 109.956756592],
    "bpm_intervals": [0.53405892849, 0.53405892849, 0.545669078827, 0.499228954315, 0.487618923187, 0.487619161606],
    "onset_times": [0.0464399084449, 0.522448956966, 0.812698423862, 0.96362811327, 1.35836732388, 1.49768710136, 1.55573701859, 2.14784574509, 2.76317453384, 3.5178232193],
    "histogram": [[0, 0, 0, 0, 0, 0, 0, 0, 0, 0, 0, 0, 0, 0, 0, 0, 0, 0, 0, 0, 0, 0, 0, 0, 0, 0, 0, 0, 0, 0, 0, 0, 0, 0, 0, 0, 0, 0, 0, 0, 0, 0, 0, 0, 0, 0, 0, 0, 0, 0, 0, 0, 0, 0, 0, 0, 0, 0, 0, 0, 0, 0, 0, 0, 0, 0, 0, 0, 0, 0, 0, 0, 0, 0, 0, 0, 0, 0, 0, 0, 0, 0, 0, 0, 0, 0, 0, 0, 0, 0, 0, 0, 0, 0, 0, 0, 0, 0, 0, 0, 0, 0, 0, 0, 0, 0, 0, 0, 0, 0, 0.166666671634, 0, 0.333333343267, 0, 0, 0, 0, 0, 0, 0, 0.166666671634, 0, 0, 0.333333343267, 0, 0, 0, 0, 0, 0, 0, 0, 0, 0, 0, 0, 0, 0, 0, 0, 0, 0, 0, 0, 0, 0, 0, 0, 0, 0, 0, 0, 0, 0, 0, 0, 0, 0, 0, 0, 0, 0, 0, 0, 0, 0, 0, 0, 0, 0, 0, 0, 0, 0, 0, 0, 0, 0, 0, 0, 0, 0, 0, 0, 0, 0, 0, 0, 0, 0, 0, 0, 0, 0, 0, 0, 0, 0, 0, 0, 0, 0, 0, 0, 0, 0, 0, 0, 0, 0, 0, 0, 0, 0, 0, 0, 0, 0, 0, 0, 0, 0, 0, 0, 0, 0, 0, 0, 0, 0, 0, 0, 0, 0, 0, 0, 0, 0, 0, 0, 0, 0, 0, 0, 0, 0, 0, 0, 0, 0]]
},
"sfx": {
    "inharmonicity": {
        "kurt": 4.21639919281,
        "max": 0.406197100878,
        "mean": 0.0517776086926,
        "median": 0.0145562542602,
        "min": 0,
        "skew": 2.10029983521,
        "var": 0.00620749592781
    },
    "oddtoevenharmonicenergyratio": {
        "kurt": 24.0116500854,
        "max": 20.9632110596,
        "mean": 1.15099298954,
        "median": 0.217451781034,
        "min": 0,
        "skew": 4.38597583771,
        "var": 7.03853559494
    },
    "pitch_after_max_to_before_max_energy_ratio": 2.10110569,
    "pitch_centroid": 88.6676635742,
    "pitch_max_to_total": 0.361581921577,
    "pitch_min_to_total": 0.711864411831,
    "tristimulus": {
        "kurt": [-1.13207876682, 0.192910671234, -0.938747882843],
        "max": [1, 0.931983232498, 0.792146205902],
        "mean": [0.456582099199, 0.298943459988, 0.244474440813],
        "median": [0.445003718138, 0.253181427717, 0.215194731951],
        "min": [0, 0, 0],
        "skew": [0.148552000523, 0.782115101814, 0.433688879013],
        "var": [0.0835354551673, 0.0390407070518, 0.0449772700667],
        "cov": [[0.0840100944042, -0.0390199050307, -0.0449902117252], [-0.0390199050307, 0.0392625294626, -0.000242619309574], [-0.0449902117252, -0.000242619309574, 0.0452328249812]]
    }
},
"tonal": {
    "chords_changes_rate": 0.101123593748,
    "chords_number_rate": 0.0674157291651,
    "chords_strength": {
        "kurt": -1.16738533974,
        "max": 0.642033934593,
        "mean": 0.458831787109,
        "median": 0.459049642086,
        "min": 0.2820700109,
        "skew": 0.159749045968,
        "var": 0.00946379918605
    },
    "key_strength": 0.538229107857,
    "tuning_diatonic_strength": 0.382966905832,
    "tuning_equal_tempered_deviation": 0.218128591776,
    "tuning_frequency": 432.940917969,
    "tuning_nontempered_energy_ratio": 0.862186253071,
    "hpcp": {
        "kurt": [2.3896613121, 2.92705011368, 1.87346458435, 1.73614645004, 0.870074748993, 1.48514604568, 1.64065504074, 3.65992879868, 1.30238246918, 0.629052877426, 3.40281534195, 7.18182659149, 17.3482112885, 11.4064245224, 7.48512744904, 4.77313899994, 5.03655910492, 3.91166400909, 4.21802997589, 4.15350437164, 1.87577962875, 0.911261320114, 0.564478874207, 2.97605037689, 5.26270103455, 6.43224620819, 7.63910388947, 4.97674417496, 1.73707151413, 1.65140247345, 3.81026411057, 6.85667228699, 8.98863887787, 7.14762115479, 6.54474639893, 6.04516220093],
        "max": [0.79307281971, 1, 1, 1, 1, 1, 0.931958496571, 1, 1, 1, 1, 0.893522560596, 1, 0.986633718014, 1, 1, 1, 1, 1, 1, 1, 1, 1, 1, 1, 1, 0.903114140034, 1, 1, 1, 1, 1, 0.992194890976, 0.996743738651, 1, 1],
        "mean": [0.144014239311, 0.184291347861, 0.2033726722, 0.213270127773, 0.237072974443, 0.227586731315, 0.176029190421, 0.158754616976, 0.211698770523, 0.229242429137, 0.16593156755, 0.115298494697, 0.0941639989614, 0.111650317907, 0.135111570358, 0.145739987493, 0.146630972624, 0.164540722966, 0.17492620647, 0.16996024549, 0.200290188193, 0.23303873837, 0.225877016783, 0.174654245377, 0.143129840493, 0.127371832728, 0.111656099558, 0.152061641216, 0.206587463617, 0.204849332571, 0.172864422202, 0.130233421922, 0.114432625473, 0.136601835489, 0.145487397909, 0.130131363869],
