{
"metadata": {
    "version": {
        "essentia": "2.1-beta3"
    }
},
"lowLevel": {
    "average_loudness": 0.947066068649,
    "barkbands_kurtosis": {
        "kurt": 5.92520618439,
        "max": 8.8977804184,
        "mean": 0.926032304764,
        "median": 0.663058042526,
        "min": -1.12518048286,
        "skew": 1.78569340706,
        "var": 1.60385429859
    },
    "barkbands_skewness": {
        "kurt": -0.0725491046906,
        "max": 2.53847384453,
        "mean": 0.999254763126,
        "median": 0.95760256052,
        "min": -0.343404740095,
        "skew": 0.237103238702,
        "var": 0.205328375101
    },
    "barkbands_spread": {
        "kurt": 0.25955080986,
        "max": 28.4132862091,
        "mean": 16.2948379517,
        "median": 16.5428256989,
        "min": 2.96652579308,
        "skew": -0.389743506908,
        "var": 19.4351005554
    },
    "dissonance": {
        "kurt": 12.7945833206,
        "max": 0.499999970198,
        "mean": 0.475270181894,
        "median": 0.479239940643,
        "min": 0.314080655575,
        "skew": -2.62816977501,
        "var": 0.000408936786698
    },
    "hfc": {
        "kurt": 45.715877533,
        "max": 72.7723388672,
        "mean": 5.53839588165,
        "median": 3.86427402496,
        "min": 1.9410340786,
        "skew": 6.01833772659,
        "var": 44.4610328674
    },
    "pitch": {
        "kurt": 2.98139762878,
        "max": 925.56036377,
        "mean": 259.867614746,
        "median": 207.160049438,
        "min": 69.5990066528,
        "skew": 1.73169231415,
        "var": 25468.6210938
    },
    "pitch_instantaneous_confidence": {
        "kurt": 7.27465343475,
        "max": 0.807133734226,
        "mean": 0.247455090284,
        "median": 0.22487872839,
        "min": 0.12950950861,
        "skew": 2.17722558975,
        "var": 0.00824289955199
    },
    "pitch_salience": {
        "kurt": 3.47101640701,
        "max": 0.874754667282,
        "mean": 0.737444758415,
        "median": 0.750905454159,
        "min": 0.390281260014,
        "skew": -1.27145445347,
        "var": 0.00393052306026
    },
    "silence_rate_20dB": {
        "kurt": 0,
        "max": 1,
        "mean": 1,
        "median": 1,
        "min": 1,
        "skew": 0,
        "var": 0
    },
    "silence_rate_30dB": {
        "kurt": 0,
        "max": 1,
        "mean": 1,
        "median": 1,
        "min": 1,
        "skew": 0,
        "var": 0
    },
    "silence_rate_60dB": {
        "kurt": 7.94533634186,
        "max": 1,
        "mean": 0.0777537822723,
        "median": 0,
        "min": 0,
        "skew": 3.15363359451,
        "var": 0.0717083662748
    },
    "spectral_centroid": {
        "kurt": -0.618168592453,
        "max": 1140.20031738,
        "mean": 785.596130371,
        "median": 788.710876465,
        "min": 490.510986328,
        "skew": 0.0323051624,
        "var": 18274.5117188
    },
    "spectral_complexity": {
        "kurt": -0.160160541534,
        "max": 28,
        "mean": 14.8898487091,
        "median": 14,
        "min": 4,
        "skew": 0.418614655733,
        "var": 19.5278110504
    },
    "spectral_crest": {
        "kurt": 4.32570457458,
        "max": 22.0598163605,
        "mean": 6.92934799194,
        "median": 6.31465864182,
        "min": 3.08814430237,
        "skew": 1.68556976318,
        "var": 7.37320232391
    },
    "spectral_decrease": {
        "kurt": 49.1095428467,
        "max": -4.59576016132e-10,
        "mean": -1.7382589812e-09,
        "median": -1.28036947711e-09,
        "min": -2.22992984078e-08,
        "skew": -6.18146181107,
        "var": 3.93822013125e-18
    },
    "spectral_energy": {
        "kurt": 49.0120239258,
        "max": 0.0907633900642,
        "mean": 0.00706293061376,
        "median": 0.00522102182731,
        "min": 0.00192818650976,
        "skew": 6.18113613129,
        "var": 6.53897222946e-05
    },
    "spectral_energyband_high": {
        "kurt": 5.99386978149,
        "max": 0.000122708108393,
        "mean": 5.3972547903e-05,
        "median": 5.29529570485e-05,
        "min": 2.59149237536e-05,
        "skew": 1.23319649696,
        "var": 8.75151756619e-11
    },
    "spectral_energyband_low": {
        "kurt": 3.21232557297,
        "max": 0.00261394865811,
        "mean": 0.000529660203028,
        "median": 0.00039546698099,
        "min": 3.43972023984e-05,
        "skew": 1.72014212608,
        "var": 2.05263816611e-07
    },
    "spectral_energyband_middle_high": {
        "kurt": 32.7970581055,
        "max": 0.0290206484497,
        "mean": 0.0021516403649,
        "median": 0.00137595296837,
        "min": 0.00058790424373,
        "skew": 5.0430021286,
        "var": 7.19790659787e-06
    },
    "spectral_energyband_middle_low": {
        "kurt": 72.5410308838,
        "max": 0.0798793062568,
        "mean": 0.00467692455277,
        "median": 0.00333485007286,
        "min": 0.000984323211014,
        "skew": 7.56445646286,
        "var": 3.94910348405e-05
    },
    "spectral_flatness_db": {
        "kurt": 6.84788990021,
        "max": 0.275483250618,
        "mean": 0.135350257158,
        "median": 0.131209537387,
        "min": 0.0874288752675,
        "skew": 2.0234644413,
        "var": 0.00050701177679
    },
    "spectral_flux": {
        "kurt": 20.2202968597,
        "max": 0.247235924006,
        "mean": 0.0507963299751,
        "median": 0.0452508404851,
        "min": 0.0273368824273,
        "skew": 3.75523710251,
        "var": 0.000486805773107
    },
    "spectral_kurtosis": {
        "kurt": 7.88204479218,
        "max": 25.216791153,
        "mean": 9.56370639801,
        "median": 8.89237499237,
        "min": 5.72187519073,
        "skew": 2.43165159225,
        "var": 7.99437952042
    },
    "spectral_rms": {
        "kurt": 17.6783313751,
        "max": 0.00941008236259,
        "mean": 0.00245786271989,
        "median": 0.00225691823289,
        "min": 0.00137155293487,
        "skew": 3.57285618782,
        "var": 8.49571165418e-07
    },
    "spectral_rolloff": {
        "kurt": -0.33115530014,
        "max": 2088.72070312,
        "mean": 1329.10510254,
        "median": 1313.52539062,
        "min": 602.9296875,
        "skew": 0.136969462037,
        "var": 87250.3203125
    },
    "spectral_skewness": {
        "kurt": 4.19372224808,
        "max": 4.02943325043,
        "mean": 2.56466269493,
        "median": 2.48871850967,
        "min": 2.0210018158,
        "skew": 1.75645172596,
        "var": 0.106536351144
    },
    "spectral_spread": {
        "kurt": 34.0946922302,
        "max": 12651925,
        "mean": 4409819,
        "median": 4476436.5,
        "min": 2046482.375,
        "skew": 2.4238307476,
        "var": 535508549632
    },
    "spectral_strongpeak": {
        "kurt": 26.3638706207,
        "max": 5.08806562424,
        "mean": 0.385632634163,
        "median": 0.21621581912,
        "min": 0.0243268497288,
        "skew": 4.51790332794,
        "var": 0.302279293537
    },
    "zerocrossingrate": {
        "kurt": 0.0311222076416,
        "max": 0.0712890625,
        "mean": 0.0504891239107,
        "median": 0.05078125,
        "min": 0.0263671875,
        "skew": -0.19965583086,
        "var": 4.84773954668e-05
    },
    "barkbands": {
        "kurt": [6.11470317841, 3.23553991318, 3.47703027725, 7.05382823944, 3.4351849556, 25.5202255249, 15.6582298279, 104.227706909, 113.436859131, 43.154094696, 135.664093018, 9.24108505249, 29.0324058533, 32.8104019165, 66.7202377319, 25.7191734314, 14.1968612671, 12.3542661667, 3.67929029465, 2.56001377106, 0.859461069107, 0.469938516617, 0.679083108902, -0.0631012916565, -0.0830814838409, 189.571258545, 457.092529297],
        "max": [5.29269982508e-06, 0.00046037233551, 0.00105653051287, 0.00314536504447, 0.00394858047366, 0.00792699214071, 0.00257745874114, 0.015152733773, 0.0741564929485, 0.00950085371733, 0.0187944211066, 0.00292081921361, 0.00374468625523, 0.00298493960872, 0.00273589557037, 0.000966758350842, 0.000472976244055, 0.00032508285949, 0.000206265438464, 0.000110753666377, 4.37219350715e-05, 1.49639463416e-05, 3.82484540751e-06, 1.74132924258e-06, 1.36552364438e-06, 4.41556153419e-07, 4.32692530694e-07],
        "mean": [8.06012394605e-07, 8.82061431184e-05, 0.000192533800146, 0.000481038237922, 0.000864565779921, 0.000772732833866, 0.000339055812219, 0.000503520073835, 0.00149651442189, 0.000485919008497, 0.000420953583671, 0.000360781035852, 0.000260623113718, 0.000208969824598, 0.000163636970683, 0.000119652497233, 8.5446787125e-05, 7.17013172107e-05, 6.95589042152e-05, 4.19462448917e-05, 2.22110411414e-05, 8.24804101285e-06, 2.17372189582e-06, 1.1723376474e-06, 8.93340200037e-07, 7.55358158244e-08, 3.8101952704e-09],
        "median": [5.78258152473e-07, 5.73097095184e-05, 0.000134463058203, 0.000311058887746, 0.000681681325659, 0.000540838751476, 0.000277474260656, 0.000282584951492, 0.000474104192108, 0.00024958368158, 0.000170859653736, 0.000209751800867, 0.000154833280249, 0.000123407546198, 0.000113700378279, 9.86765662674e-05, 7.44746357668e-05, 6.71838351991e-05, 6.73657123116e-05, 4.05498249165e-05, 2.15262061829e-05, 7.97117081675e-06, 2.15183445107e-06, 1.16075091228e-06, 8.86272061962e-07, 7.35434326771e-08, 2.79745782095e-09],
        "min": [8.81027162336e-09, 8.54137681472e-07, 3.03926299239e-06, 2.66512643066e-06, 6.93480978953e-05, 3.63126237062e-05, 2.08029196074e-05, 2.86898193735e-05, 3.72771792172e-05, 1.55049128807e-05, 1.81212435564e-05, 2.04005536943e-05, 1.97259560082e-05, 2.00245176529e-05, 1.60924337251e-05, 2.05097239814e-05, 1.55493453349e-05, 2.32309685089e-05, 2.75997281278e-05, 1.77685651579e-05, 9.27990367927e-06, 3.78779145649e-06, 9.25801259655e-07, 6.95761968927e-07, 4.89817921334e-07, 4.42795702327e-08, 1.3724779091e-09],
        "skew": [2.11512804031, 1.82745778561, 1.71896016598, 2.26490020752, 1.598503232, 4.05079746246, 3.04858493805, 9.3232126236, 9.76337718964, 5.85888242722, 10.138885498, 2.65221571922, 4.84429645538, 5.2886095047, 6.53117704391, 3.78747582436, 2.93821167946, 2.25867056847, 1.13961076736, 1.07896566391, 0.73908406496, 0.699026465416, 0.525469660759, 0.322415530682, 0.290317505598, 11.172870636, 21.4159393311],
        "var": [6.27892540479e-13, 7.7454256342e-09, 3.12605834552e-08, 2.40354921743e-07, 3.67573164795e-07, 6.21717788363e-07, 7.25646955857e-08, 1.23634595184e-06, 2.77723029285e-05, 8.12041832887e-07, 1.38997154409e-06, 1.54871884206e-07, 1.42339388276e-07, 1.11412013837e-07, 3.92073182809e-08, 7.44804529162e-09, 2.32891839147e-09, 8.89464335518e-10, 4.62134303048e-10, 1.58217133839e-10, 2.78145440707e-11, 3.86347681278e-12, 2.03525063014e-13, 3.65954282936e-14, 2.08496431518e-14, 4.49112432865e-16, 3.98532072178e-16],
        "cov": [[6.29251642112e-13, 1.32484257939e-11, 1.82196358695e-11, 1.93928293563e-11, 6.0884912563e-12, 4.18235619748e-11, -6.77432719295e-12, 1.50397489601e-11, 7.57256687911e-11, 7.58863111239e-11, 2.71220580716e-11, 2.43431230035e-12, 1.94734835895e-11, 2.47988869023e-11, 1.05656880814e-11, 3.84951358984e-12, 5.13325547433e-13, 1.02079445157e-12, -2.31630578433e-13, -8.95043791144e-14, 2.22321930288e-13, -3.3170233731e-14, 2.46938818542e-14, -1.07945127056e-15, 5.84911529001e-15, 4.03684510068e-15, 4.21024417993e-15], [1.32484257939e-11, 7.76219000187e-09, 5.20396348236e-09, 1.43077016901e-08, 1.22756880216e-08, 1.03001349672e-08, 2.59623056387e-09, 9.33185173579e-09, 6.07323880075e-09, -4.37191749469e-09, 2.98022784229e-09, -2.74833777958e-09, 4.77687445155e-10, -3.02431885091e-10, 5.77888958908e-10, 3.90595944477e-10, 7.33214378101e-10, 3.03391256562e-10, 3.95130421438e-11, -6.77256731599e-12, 4.29202229313e-11, 1.01756589266e-11, 4.12598817959e-12, 2.26157508926e-14, 9.42487515983e-13, 3.53999903664e-14, -5.58121799644e-14], [1.82196358695e-11, 5.20396348236e-09, 3.13282484399e-08, 3.51524533926e-08, 8.32427815567e-09, -2.87968004997e-09, -3.03770619769e-10, -5.82933479265e-09, -5.72205287597e-08, -1.39847102787e-08, 9.4866878797e-09, -8.86749695894e-09, -2.5954038918e-09, -2.00619254542e-09, -1.59879842698e-09, -6.85027867764e-10, 4.37066494108e-10, 2.65339278327e-10, 2.56907134455e-10, 2.85234093289e-11, 8.4423613933e-11, 9.36925363682e-12, 4.36018235406e-12, -2.1311789139e-12, 1.32755113326e-12, 3.03797141794e-14, -6.19695064035e-14], [1.93928293563e-11, 1.43077016901e-08, 3.51524533926e-08, 2.40875152713e-07, 8.33716100601e-08, 6.87399150934e-08, -6.96659396837e-10, 5.68821576508e-08, -2.21870877226e-08, -4.760505945e-08, -2.13001101201e-08, -2.6832561062e-08, -1.05223927349e-08, -5.46854250771e-09, 1.28033328384e-09, 3.07587200155e-09, 2.49261611351e-09, 1.67813063445e-09, -1.42226272426e-10, 3.65054514395e-10, 2.38702696498e-10, 6.46699846452e-11, 7.53561275879e-12, -5.9641744668e-14, 5.72809768368e-12, 8.94384663986e-14, -3.18190732009e-13], [6.0884912563e-12, 1.22756880216e-08, 8.32427815567e-09, 8.33716100601e-08, 3.68368802128e-07, 9.39082624996e-08, 1.29942270277e-08, -3.89155507818e-09, 2.53532618899e-07, -2.93954816044e-08, -1.45507410565e-08, -2.25319372049e-08, -3.88846688182e-09, -5.09300102092e-10, 8.09672506819e-09, 5.05841990517e-09, 1.56556778652e-09, 3.17113824089e-09, -3.15132281381e-10, 6.4394561905e-10, 1.92843727098e-11, 8.68235622287e-11, 1.96929972329e-11, -3.5066196908e-12, 3.49483506371e-12, -3.29516348561e-14, -6.7334251239e-13], [4.18235619748e-11, 1.03001349672e-08, -2.87968004997e-09, 6.87399150934e-08, 9.39082624996e-08, 6.23063499461e-07, 1.57877728668e-08, 3.44666482022e-08, -2.41444797489e-09, -4.7143526416e-08, -2.47217446514e-08, -8.49588666085e-09, -1.49383723169e-08, -6.81903555844e-09, -7.80494779917e-09, 4.36979075147e-09, 4.27591828611e-09, 2.291954182e-09, -5.17172582537e-10, 3.52564283324e-10, 3.55783527639e-11, 6.45536679666e-11, 4.32514224089e-12, 1.78916430282e-12, 3.72179370656e-12, -2.14248107103e-13, -6.70189598262e-13], [-6.77432719295e-12, 2.59623056387e-09, -3.03770619769e-10, -6.96659396837e-10, 1.29942270277e-08, 1.57877728668e-08, 7.27217610574e-08, 6.35609325172e-08, 3.03542975644e-07, 6.60526069396e-08, 1.02731149809e-07, 3.56480320818e-08, 3.37894050517e-08, 2.70003273073e-08, 1.4081753541e-08, 4.37550173871e-09, 2.99636027101e-09, 1.30145350052e-09, 7.3397088407e-10, -7.8733249087e-11, 1.48031059632e-10, 3.25969147508e-11, 1.11359437296e-11, 1.64603248566e-12, 4.11701055192e-13, 5.89336454529e-14, -1.45673010872e-13], [1.50397489601e-11, 9.33185173579e-09, -5.82933479265e-09, 5.68821576508e-08, -3.89155507818e-09, 3.44666482022e-08, 6.35609325172e-08, 1.23902202631e-06, 2.10416169466e-06, 3.29532014121e-07, 4.81231040794e-07, 1.58154975338e-07, 1.72928977804e-07, 1.31637875711e-07, 4.66031160329e-08, 2.95194357847e-08, 1.56192712097e-08, 7.34718286211e-09, 3.0328053402e-09, 2.19503681897e-09, 9.93176541009e-10, 9.24142498637e-11, 6.15327996889e-11, 1.0904076253e-11, 1.9894018724e-11, 3.02169612032e-13, 5.64890202757e-14], [7.57256687911e-11, 6.07323880075e-09, -5.72205287597e-08, -2.21870877226e-08, 2.53532618899e-07, -2.41444797489e-09, 3.03542975644e-07, 2.10416169466e-06, 2.78324150713e-05, 2.40264375861e-06, 2.24037989938e-06, 7.83222390055e-07, 1.34075241931e-06, 8.831070204e-07, 7.7014362887e-07, 2.66332705223e-07, 1.2031178187e-07, 3.43826727089e-08, 5.74241054707e-09, 8.6367526464e-09, 2.68828737049e-09, 7.59986684695e-10, 1.35751437869e-10, 1.47423583757e-11, 3.58830326563e-11, -1.56059627027e-12, -6.61012965284e-13], [7.58863111239e-11, -4.37191749469e-09, -1.39847102787e-08, -4.760505945e-08, -2.93954816044e-08, -4.7143526416e-08, 6.60526069396e-08, 3.29532014121e-07, 2.40264375861e-06, 8.13799488242e-07, 5.65219465898e-07, 2.35583783592e-07, 2.61848214222e-07, 2.4250516617e-07, 9.6771373137e-08, 2.93562436582e-08, 1.10572084822e-08, 5.33664135105e-09, 1.47189715971e-09, 7.75970177003e-10, 2.29018401465e-10, 9.03683447517e-11, 3.97838116617e-11, 8.02431732172e-12, 1.1220345833e-11, 1.10606391667e-12, -1.42366502566e-14], [2.71220580716e-11, 2.98022784229e-09, 9.4866878797e-09, -2.13001101201e-08, -1.45507410565e-08, -2.47217446514e-08, 1.02731149809e-07, 4.81231040794e-07, 2.24037989938e-06, 5.65219465898e-07, 1.39298015256e-06, 2.42537225859e-07, 2.65990991011e-07, 2.72582468597e-07, 8.01227670877e-08, 3.79074975854e-08, 1.86859008267e-08, 6.39728048313e-09, 5.09079489674e-09, 1.06769326713e-09, 3.66174507382e-10, 8.94923510297e-11, 2.66049231257e-11, 1.96751660103e-11, 5.81625546336e-12, 8.85138316808e-13, -1.94013398012e-13], [2.43431230035e-12, -2.74833777958e-09, -8.86749695894e-09, -2.6832561062e-08, -2.25319372049e-08, -8.49588666085e-09, 3.56480320818e-08, 1.58154975338e-07, 7.83222390055e-07, 2.35583783592e-07, 2.42537225859e-07, 1.55207104058e-07, 9.14977462685e-08, 7.91707037706e-08, 3.47736595074e-08, 1.41324756342e-08, 5.39172440028e-09, 2.54650722731e-09, 1.12052767065e-09, 1.91279145301e-10, 1.29140170779e-10, -3.16285157786e-11, 1.94086326871e-11, 1.08370716643e-13, 3.31395653107e-12, -7.12333498936e-14, -2.0086945887e-13], [1.94734835895e-11, 4.77687445155e-10, -2.5954038918e-09, -1.05223927349e-08, -3.88846688182e-09, -1.49383723169e-08, 3.37894050517e-08, 1.72928977804e-07, 1.34075241931e-06, 2.61848214222e-07, 2.65990991011e-07, 9.14977462685e-08, 1.42647479606e-07, 9.35775190669e-08, 5.25912859928e-08, 1.84274835391e-08, 8.78338113353e-09, 3.68089803082e-09, 1.62464053322e-09, 9.02166674699e-10, 2.06047970353e-10, 4.72902550452e-11, 1.50641235597e-11, 1.8534813441e-12, 6.94697077641e-12, 3.62041695451e-13, -2.97748140705e-14], [2.47988869023e-11, -3.02431885091e-10, -2.00619254542e-09, -5.46854250771e-09, -5.09300102092e-10, -6.81903555844e-09, 2.70003273073e-08, 1.31637875711e-07, 8.831070204e-07, 2.4250516617e-07, 2.72582468597e-07, 7.91707037706e-08, 9.35775190669e-08, 1.11653164936e-07, 3.5897656403e-08, 1.38084317314e-08, 5.65798563557e-09, 2.33644814607e-09, 7.46929462725e-10, 6.42998154721e-10, 1.5850915025e-10, 2.18390895645e-11, 1.03495111786e-11, 4.22603315189e-12, 5.14822299374e-12, 2.81046588996e-13, -9.8435257341e-14], [1.05656880814e-11, 5.77888958908e-10, -1.59879842698e-09, 1.28033328384e-09, 8.09672506819e-09, -7.80494779917e-09, 1.4081753541e-08, 4.66031160329e-08, 7.7014362887e-07, 9.6771373137e-08, 8.01227670877e-08, 3.47736595074e-08, 5.25912859928e-08, 3.5897656403e-08, 3.92921819525e-08, 1.06276560885e-08, 4.89213469734e-09, 1.96483962434e-09, 7.5403233657e-10, 3.69803937472e-10, 1.1885813167e-10, 2.3933195703e-11, 6.15655660133e-12, 1.28450765649e-12, 1.64309017781e-12, -2.4315625739e-14, -8.04213127841e-14], [3.84951358984e-12, 3.90595944477e-10, -6.85027867764e-10, 3.07587200155e-09, 5.05841990517e-09, 4.36979075147e-09, 4.37550173871e-09, 2.95194357847e-08, 2.66332705223e-07, 2.93562436582e-08, 3.79074975854e-08, 1.41324756342e-08, 1.84274835391e-08, 1.38084317314e-08, 1.06276560885e-08, 7.46416617403e-09, 2.28735608232e-09, 1.01933439467e-09, 3.87580828543e-10, 2.33660008009e-10, 7.99402072316e-11, -9.47108819323e-13, 1.75157523034e-12, 7.40520654779e-13, 9.21787602845e-13, -1.28270298842e-14, -5.05351918081e-14], [5.13325547433e-13, 7.33214378101e-10, 4.37066494108e-10, 2.49261611351e-09, 1.56556778652e-09, 4.27591828611e-09, 2.99636027101e-09, 1.56192712097e-08, 1.2031178187e-07, 1.10572084822e-08, 1.86859008267e-08, 5.39172440028e-09, 8.78338113353e-09, 5.65798563557e-09, 4.89213469734e-09, 2.28735608232e-09, 2.33395924809e-09, 5.13826259319e-10, 2.5518162583e-10, 8.95085880415e-11, 1.75937858032e-11, 2.79090357595e-12, 7.94255828641e-13, 5.7083575063e-13, 5.70509568407e-13, -3.81252477234e-14, -5.1629226339e-14], [1.02079445157e-12, 3.03391256562e-10, 2.65339278327e-10, 1.67813063445e-09, 3.17113824089e-09, 2.291954182e-09, 1.30145350052e-09, 7.34718286211e-09, 3.43826727089e-08, 5.33664135105e-09, 6.39728048313e-09, 2.54650722731e-09, 3.68089803082e-09, 2.33644814607e-09, 1.96483962434e-09, 1.01933439467e-09, 5.13826259319e-10, 8.91389573265e-10, 1.15531285927e-10, 8.45967393359e-11, 1.32843762032e-11, 7.1986031502e-13, 7.38408737367e-13, 1.01998684293e-13, 3.76460906719e-13, 1.07863267675e-14, -2.73031719304e-14], [-2.31630578433e-13, 3.95130421438e-11, 2.56907134455e-10, -1.42226272426e-10, -3.15132281381e-10, -5.17172582537e-10, 7.3397088407e-10, 3.0328053402e-09, 5.74241054707e-09, 1.47189715971e-09, 5.09079489674e-09, 1.12052767065e-09, 1.62464053322e-09, 7.46929462725e-10, 7.5403233657e-10, 3.87580828543e-10, 2.5518162583e-10, 1.15531285927e-10, 4.63134586237e-10, 4.04520444919e-11, 1.69367818381e-11, 7.1701536852e-13, 6.19927489876e-14, 1.56008628867e-13, 3.97039307898e-13, -1.0523339131e-14, -2.36833003973e-14], [-8.95043791144e-14, -6.77256731599e-12, 2.85234093289e-11, 3.65054514395e-10, 6.4394561905e-10, 3.52564283324e-10, -7.8733249087e-11, 2.19503681897e-09, 8.6367526464e-09, 7.75970177003e-10, 1.06769326713e-09, 1.91279145301e-10, 9.02166674699e-10, 6.42998154721e-10, 3.69803937472e-10, 2.33660008009e-10, 8.95085880415e-11, 8.45967393359e-11, 4.04520444919e-11, 1.58559596009e-10, 3.95972621012e-12, 1.46380141081e-12, 6.21797806386e-14, -1.08432665245e-13, 3.64158640851e-14, -7.88750981846e-15, -1.68718138012e-14], [2.22321930288e-13, 4.29202229313e-11, 8.4423613933e-11, 2.38702696498e-10, 1.92843727098e-11, 3.55783527639e-11, 1.48031059632e-10, 9.93176541009e-10, 2.68828737049e-09, 2.29018401465e-10, 3.66174507382e-10, 1.29140170779e-10, 2.06047970353e-10, 1.5850915025e-10, 1.1885813167e-10, 7.99402072316e-11, 1.75937858032e-11, 1.32843762032e-11, 1.69367818381e-11, 3.95972621012e-12, 2.78747493837e-11, -2.94023215063e-13, 2.84789390421e-13, -4.73728891672e-14, -1.61140765496e-15, -1.00578021999e-14, -1.17758247272e-14], [-3.3170233731e-14, 1.01756589266e-11, 9.36925363682e-12, 6.46699846452e-11, 8.68235622287e-11, 6.45536679666e-11, 3.25969147508e-11, 9.24142498637e-11, 7.59986684695e-10, 9.03683447517e-11, 8.94923510297e-11, -3.16285157786e-11, 4.72902550452e-11, 2.18390895645e-11, 2.3933195703e-11, -9.47108819323e-13, 2.79090357595e-12, 7.1986031502e-13, 7.1701536852e-13, 1.46380141081e-12, -2.94023215063e-13, 3.87183904729e-12, 6.96525424685e-14, -7.9454943059e-15, 1.48945509111e-14, -1.42204856916e-15, -2.98507941964e-15], [2.46938818542e-14, 4.12598817959e-12, 4.36018235406e-12, 7.53561275879e-12, 1.96929972329e-11, 4.32514224089e-12, 1.11359437296e-11, 6.15327996889e-11, 1.35751437869e-10, 3.97838116617e-11, 2.66049231257e-11, 1.94086326871e-11, 1.50641235597e-11, 1.03495111786e-11, 6.15655660133e-12, 1.75157523034e-12, 7.94255828641e-13, 7.38408737367e-13, 6.19927489876e-14, 6.21797806386e-14, 2.84789390421e-13, 6.96525424685e-14, 2.03965587909e-13, -2.2460571492e-16, 5.04707292127e-15, -2.3065877118e-16, -5.3394066495e-16], [-1.07945127056e-15, 2.26157508926e-14, -2.1311789139e-12, -5.9641744668e-14, -3.5066196908e-12, 1.78916430282e-12, 1.64603248566e-12, 1.0904076253e-11, 1.47423583757e-11, 8.02431732172e-12, 1.96751660103e-11, 1.08370716643e-13, 1.8534813441e-12, 4.22603315189e-12, 1.28450765649e-12, 7.40520654779e-13, 5.7083575063e-13, 1.01998684293e-13, 1.56008628867e-13, -1.08432665245e-13, -4.73728891672e-14, -7.9454943059e-15, -2.2460571492e-16, 3.66746360386e-14, 1.32772414482e-15, -2.05545779541e-16, -1.52238277166e-16], [5.84911529001e-15, 9.42487515983e-13, 1.32755113326e-12, 5.72809768368e-12, 3.49483506371e-12, 3.72179370656e-12, 4.11701055192e-13, 1.9894018724e-11, 3.58830326563e-11, 1.1220345833e-11, 5.81625546336e-12, 3.31395653107e-12, 6.94697077641e-12, 5.14822299374e-12, 1.64309017781e-12, 9.21787602845e-13, 5.70509568407e-13, 3.76460906719e-13, 3.97039307898e-13, 3.64158640851e-14, -1.61140765496e-15, 1.48945509111e-14, 5.04707292127e-15, 1.32772414482e-15, 2.08947730673e-14, 2.15373360198e-16, 1.83090936109e-16], [4.03684510068e-15, 3.53999903664e-14, 3.03797141794e-14, 8.94384663986e-14, -3.29516348561e-14, -2.14248107103e-13, 5.89336454529e-14, 3.02169612032e-13, -1.56059627027e-12, 1.10606391667e-12, 8.85138316808e-13, -7.12333498936e-14, 3.62041695451e-13, 2.81046588996e-13, -2.4315625739e-14, -1.28270298842e-14, -3.81252477234e-14, 1.07863267675e-14, -1.0523339131e-14, -7.88750981846e-15, -1.00578021999e-14, -1.42204856916e-15, -2.3065877118e-16, -2.05545779541e-16, 2.15373360198e-16, 4.50084509051e-16, 3.41298505918e-16], [4.21024417993e-15, -5.58121799644e-14, -6.19695064035e-14, -3.18190732009e-13, -6.7334251239e-13, -6.70189598262e-13, -1.45673010872e-13, 5.64890202757e-14, -6.61012965284e-13, -1.42366502566e-14, -1.94013398012e-13, -2.0086945887e-13, -2.97748140705e-14, -9.8435257341e-14, -8.04213127841e-14, -5.05351918081e-14, -5.1629226339e-14, -2.73031719304e-14, -2.36833003973e-14, -1.68718138012e-14, -1.17758247272e-14, -2.98507941964e-15, -5.3394066495e-16, -1.52238277166e-16, 1.83090936109e-16, 3.41298505918e-16, 3.99394695825e-16]]
    },
    "mfcc": {
        "kurt": [1.87848234177, 0.79860329628, 0.113106012344, 0.81000161171, -0.00494647026062, -0.236163139343, -0.00199270248413, -0.118085861206, 0.317403078079, -0.19956612587, 0.298266410828, 0.579786777496, 0.618877410889],
        "max": [-627.968566895, 190.458480835, -19.3605918884, 46.5596237183, 10.7423324585, 11.2623329163, 13.5441322327, 9.89956474304, 16.6497764587, 10.4795131683, 14.7069396973, 9.64419746399, 13.370136261],
        "mean": [-695.876525879, 154.229095459, -41.2491569519, 19.70129776, -15.4365119934, -4.75626087189, -2.62698984146, -7.85068559647, -3.69908428192, -6.37703323364, -4.08337450027, -7.83079862595, -5.9579834938],
        "median": [-697.815917969, 153.001678467, -39.8630065918, 22.0511131287, -15.0394630432, -4.87102890015, -2.24311065674, -7.69486236572, -3.73821640015, -6.75955963135, -4.26641845703, -7.96457099915, -5.83394241333],
        "min": [-733.900146484, 129.15802002, -77.1150512695, -30.8585968018, -47.3542938232, -20.5597839355, -18.4092388153, -22.4737930298, -19.7726840973, -22.8881492615, -16.3670845032, -28.5618515015, -27.04429245],
        "skew": [1.01730823517, 0.717155873775, -0.57709634304, -0.837767720222, -0.305294901133, 0.0995689854026, -0.0487275831401, 0.0368925780058, 0.235383108258, 0.138453200459, 0.242796987295, 0.0268873646855, -0.108240567148],
        "var": [236.746871948, 108.727989197, 110.6848526, 172.424942017, 77.0413742065, 33.3491897583, 31.9660339355, 33.772567749, 34.6269950867, 31.8932876587, 24.5154647827, 25.4756298065, 26.6081809998],
        "cov": [[237.25932312, 142.780883789, -92.5151290894, -130.418151855, -53.3138275146, -3.27506518364, 7.9576253891, 21.6054935455, 37.3310127258, 30.6481685638, 6.95578193665, -11.4576883316, -19.2761745453], [142.780883789, 108.96333313, -32.6069869995, -69.6106033325, -32.1130447388, -1.90644454956, 5.05339670181, 14.842171669, 23.8753623962, 17.9628391266, 5.43231010437, -6.05606842041, -12.219707489], [-92.5151290894, -32.6069869995, 110.924430847, 114.2629776, 44.2259483337, 4.00650501251, -9.57697963715, -10.2145109177, -16.4520339966, -15.2678098679, 0.493980288506, 7.64240550995, 6.93669509888], [-130.418151855, -69.6106033325, 114.2629776, 172.798156738, 88.5356521606, 13.0458307266, -14.8645677567, -20.7960243225, -26.3917331696, -24.2222423553, -4.7534403801, 9.76630496979, 11.8269014359], [-53.3138275146, -32.1130447388, 44.2259483337, 88.5356521606, 77.2081298828, 23.9343681335, -3.88602972031, -10.9146032333, -12.2628011703, -10.9956216812, -3.2965669632, 4.58513307571, 6.00177907944], [-3.27506518364, -1.90644454956, 4.00650501251, 13.0458307266, 23.9343681335, 33.4213752747, 15.9562129974, 3.1587471962, 0.671548426151, 2.48130273819, 1.92653739452, -0.112198546529, 2.22112250328], [7.9576253891, 5.05339670181, -9.57697963715, -14.8645677567, -3.88602972031, 15.9562129974, 32.0352249146, 17.5462417603, 5.52767419815, 4.87378692627, 2.8887295723, -0.466124296188, -0.21257635951], [21.6054935455, 14.842171669, -10.2145109177, -20.7960243225, -10.9146032333, 3.1587471962, 17.5462417603, 33.8456687927, 20.1465969086, 9.57079124451, 4.36217880249, -0.00352905946784, -1.90819871426], [37.3310127258, 23.8753623962, -16.4520339966, -26.3917331696, -12.2628011703, 0.671548426151, 5.52767419815, 20.1465969086, 34.7019462585, 21.5579166412, 6.08788871765, -3.95959067345, -7.2532453537], [30.6481685638, 17.9628391266, -15.2678098679, -24.2222423553, -10.9956216812, 2.48130273819, 4.87378692627, 9.57079124451, 21.5579166412, 31.9623203278, 13.6314754486, -2.61532568932, -7.2598400116], [6.95578193665, 5.43231010437, 0.493980288506, -4.7534403801, -3.2965669632, 1.92653739452, 2.8887295723, 4.36217880249, 6.08788871765, 13.6314754486, 24.568529129, 10.6236743927, 1.0838547945], [-11.4576883316, -6.05606842041, 7.64240550995, 9.76630496979, 4.58513307571, -0.112198546529, -0.466124296188, -0.00352905946784, -3.95959067345, -2.61532568932, 10.6236743927, 25.5307731628, 15.6492795944], [-19.2761745453, -12.219707489, 6.93669509888, 11.8269014359, 6.00177907944, 2.22112250328, -0.21257635951, -1.90819871426, -7.2532453537, -7.2598400116, 1.0838547945, 15.6492795944, 26.6657752991]]
    },
    "sccoeffs": {
        "kurt": [-0.110656738281, 2.62408065796, 3.28015995026, 3.15763378143, 0.982554674149, -0.0691449642181],
        "max": [-0.501481831074, -0.500039696693, -0.537697553635, -0.661701917648, -0.75549018383, -0.780176401138],
        "mean": [-0.658411085606, -0.767703354359, -0.796069025993, -0.812976539135, -0.823875188828, -0.812320709229],
        "median": [-0.660368323326, -0.772826135159, -0.80181068182, -0.817498266697, -0.825772643089, -0.812543988228],
        "min": [-0.808920502663, -0.889747262001, -0.90177500248, -0.87381285429, -0.86331474781, -0.838255763054],
        "skew": [0.225555792451, 1.05434691906, 1.19853925705, 1.30135428905, 0.685314238071, 0.0652908310294],
        "var": [0.0032201143913, 0.00300234626047, 0.00238454109058, 0.00102047249675, 0.000265538779786, 9.33944902499e-05],
        "cov": [[0.00322708417661, -3.92570800614e-05, 4.48641621915e-05, -0.00024917878909, -7.21643709767e-06, 1.54245408339e-05], [-3.92570800614e-05, 0.00300884479657, 0.000332265888574, 0.000245689821895, 0.000119057636766, 3.3356158383e-05], [4.48641621915e-05, 0.000332265888574, 0.00238970248029, 0.000649478344712, 0.000164279976161, 5.54250764253e-05], [-0.00024917878909, 0.000245689821895, 0.000649478344712, 0.00102268124465, 0.00010701805877, 3.25493274431e-05], [-7.21643709767e-06, 0.000119057636766, 0.000164279976161, 0.00010701805877, 0.00026611352223, -1.51040535457e-06], [1.54245408339e-05, 3.3356158383e-05, 5.54250764253e-05, 3.25493274431e-05, -1.51040535457e-06, 9.35966454563e-05]]
    },
    "scvalleys": {
        "kurt": [-0.0105736255646, -0.135465621948, 0.360973358154, 0.356205940247, 0.825885534286, -0.0539739131927],
        "max": [-5.12781858444, -4.55711364746, -4.36527919769, -5.44415235519, -6.84756946564, -9.44989204407],
        "mean": [-6.26803731918, -5.59275436401, -5.88234758377, -6.49923753738, -7.37790489197, -9.61313152313],
        "median": [-6.2525935173, -5.58970355988, -5.9331240654, -6.51641225815, -7.38478088379, -9.61158370972],
        "min": [-7.77064371109, -6.51554489136, -6.89610624313, -7.26371669769, -7.87382793427, -9.85848712921],
        "skew": [-0.214317753911, -0.0537850484252, 0.611586928368, 0.562279939651, 0.12226293236, -0.17201153934],
        "var": [0.172730982304, 0.123167455196, 0.196460351348, 0.0947320014238, 0.0156456548721, 0.00477634510025],
        "cov": [[0.173104852438, 0.00304327579215, -0.00911712739617, -0.000524420815054, 0.00450337212533, 0.000946978339925], [0.00304327579215, 0.123434051871, 0.062519416213, 0.0344634577632, 0.00617211870849, 0.00172337528784], [-0.00911712739617, 0.062519416213, 0.196885585785, 0.0782302692533, 0.00662004109472, 0.0034581432119], [-0.000524420815054, 0.0344634577632, 0.0782302692533, 0.0949370488524, 0.0100308498368, 0.00211524101906], [0.00450337212533, 0.00617211870849, 0.00662004109472, 0.0100308498368, 0.0156795196235, 0.000419047282776], [0.000946978339925, 0.00172337528784, 0.0034581432119, 0.00211524101906, 0.000419047282776, 0.00478668324649]]
    }
},
"rhythm": {
    "beats_loudness": {
        "kurt": 9.25256538391,
        "max": 0.0752052292228,
        "mean": 0.0111481873319,
        "median": 0.00574465747923,
        "min": 0.00305989873596,
        "skew": 3.06860685349,
        "var": 0.000226039584959
    },
    "bpm": 172.265640259,
    "confidence": 1.71382975578,
    "first_peak_bpm": {
        "kurt": 0,
        "max": 172,
        "mean": 172,
        "median": 172,
        "min": 172,
        "skew": 0,
        "var": 0
    },
    "first_peak_spread": {
        "kurt": 0,
        "max": 0,
        "mean": 0,
        "median": 0,
        "min": 0,
        "skew": 0,
        "var": 0
    },
    "first_peak_weight": {
        "kurt": 0,
        "max": 0.344827592373,
        "mean": 0.344827592373,
        "median": 0.344827592373,
        "min": 0.344827592373,
        "skew": 0,
        "var": 0
    },
    "onset_rate": 0.559303998947,
    "second_peak_bpm": {
        "kurt": 0,
        "max": 185,
        "mean": 185,
        "median": 185,
        "min": 185,
        "skew": 0,
        "var": 0
    },
    "second_peak_spread": {
        "kurt": 0,
        "max": 0,
        "mean": 0,
        "median": 0,
        "min": 0,
        "skew": 0,
        "var": 0
    },
    "second_peak_weight": {
        "kurt": 0,
        "max": 0.344827592373,
        "mean": 0.344827592373,
        "median": 0.344827592373,
        "min": 0.344827592373,
        "skew": 0,
        "var": 0
    },
    "beats_loudness_band_ratio": {
        "kurt": [-1.15577971935, -0.420885324478, 1.33931875229, 0.396723747253, 0.0716779232025, -0.817656755447],
        "max": [0.420875608921, 0.611445665359, 0.660741865635, 0.606551468372, 0.160687953234, 0.0517792701721],
        "mean": [0.177137389779, 0.2574172616, 0.289399236441, 0.230576083064, 0.0840607509017, 0.0239934083074],
        "median": [0.163621634245, 0.247001111507, 0.262011706829, 0.219144642353, 0.0777898430824, 0.0251025259495],
        "min": [0.012101162225, 0.0222357325256, 0.13060477376, 0.0832953602076, 0.0305262487382, 0.00276595982723],
        "skew": [0.270852774382, 0.38501110673, 1.37361490726, 0.947348296642, 0.674709200859, 0.133892253041],
        "var": [0.0139976032078, 0.0212420299649, 0.0171628296375, 0.0176323130727, 0.000943291350268, 0.000172247717273],
        "cov": [[0.0144802797586, 0.00929527450353, -0.0101624531671, -0.0116387549788, -0.000231531157624, 0.000670276465826], [0.00929527450353, 0.0219745151699, -0.0134756080806, -0.0144437449053, -0.000513929058798, 0.000732610875275], [-0.0101624531671, -0.0134756080806, 0.0177546516061, 0.00585372094065, -0.0009417765541, -0.00103205745108], [-0.0116387549788, -0.0144437449053, 0.00585372094065, 0.0182403251529, 0.000453876709798, -0.0006589286495], [-0.000231531157624, -0.000513929058798, -0.0009417765541, 0.000453876709798, 0.000975818664301, 0.000256199215073], [0.000670276465826, 0.000732610875275, -0.00103205745108, -0.0006589286495, 0.000256199215073, 0.000178187299753]]
    },
    "beats_position": [0.301859408617, 0.626938760281, 0.952018141747, 1.27709746361, 1.62539684772, 1.97369611263, 2.32199549675, 2.6470746994, 3.01859402657, 3.39011335373, 3.7151927948, 4.07510185242, 4.43501138687, 4.78331041336, 5.15482997894, 5.4915189743, 5.85142850876, 6.19972801208, 6.52480697632, 6.84988641739, 7.17496585846, 7.50004529953, 7.8251247406, 8.17342376709, 8.52172279358, 8.85841274261, 9.21832180023, 9.56662082672, 9.91492080688, 10.2632198334],
    "bpm_estimates": [172.265594482, 172.265655518, 172.265594482, 172.265777588, 172.265533447, 172.265777588, 172.265777588, 172.265777588, 172.265304565, 172.265777588],
    "bpm_intervals": [0.325079351664, 0.325079381466, 0.325079321861, 0.348299384117, 0.348299264908, 0.348299384117, 0.325079202652, 0.371519327164, 0.371519327164, 0.325079441071, 0.359909057617, 0.359909534454, 0.348299026489, 0.371519565582, 0.336688995361, 0.359909534454, 0.348299503326, 0.325078964233, 0.325079441071, 0.325079441071, 0.325079441071, 0.325079441071, 0.348299026489, 0.348299026489, 0.336689949036, 0.359909057617, 0.348299026489, 0.348299980164, 0.348299026489],
    "onset_times": [0.0116099771112, 3.42494320869, 3.72680282593, 7.52326536179, 7.84834480286, 8.19664382935],
    "histogram": [[0, 0, 0, 0, 0, 0, 0, 0, 0, 0, 0, 0, 0, 0, 0, 0, 0, 0, 0, 0, 0, 0, 0, 0, 0, 0, 0, 0, 0, 0, 0, 0, 0, 0, 0, 0, 0, 0, 0, 0, 0, 0, 0, 0, 0, 0, 0, 0, 0, 0, 0, 0, 0, 0, 0, 0, 0, 0, 0, 0, 0, 0, 0, 0, 0, 0, 0, 0, 0, 0, 0, 0, 0, 0, 0, 0, 0, 0, 0, 0, 0, 0, 0, 0, 0, 0, 0, 0, 0, 0, 0, 0, 0, 0, 0, 0, 0, 0, 0, 0, 0, 0, 0, 0, 0, 0, 0, 0, 0, 0, 0, 0, 0, 0, 0, 0, 0, 0, 0, 0, 0, 0, 0, 0, 0, 0, 0, 0, 0, 0, 0, 0, 0, 0, 0, 0, 0, 0, 0, 0, 0, 0, 0, 0, 0, 0, 0, 0, 0, 0, 0, 0, 0, 0, 0, 0, 0, 0, 0, 0, 0, 0.103448279202, 0, 0, 0, 0, 0, 0.137931033969, 0, 0, 0, 0, 0.344827592373, 0, 0, 0, 0, 0, 0.0689655169845, 0, 0, 0, 0, 0, 0, 0.344827592373, 0, 0, 0, 0, 0, 0, 0, 0, 0, 0, 0, 0, 0, 0, 0, 0, 0, 0, 0, 0, 0, 0, 0, 0, 0, 0, 0, 0, 0, 0, 0, 0, 0, 0, 0, 0, 0, 0, 0, 0, 0, 0, 0, 0, 0, 0, 0, 0, 0, 0, 0, 0, 0, 0, 0, 0, 0, 0, 0, 0, 0, 0, 0, 0]]
},
"sfx": {
    "inharmonicity": {
        "kurt": -0.339903831482,
        "max": 0.361822187901,
        "mean": 0.123870059848,
        "median": 0.106560230255,
        "min": 9.09648806555e-05,
        "skew": 0.662333488464,
        "var": 0.00698279542848
    },
    "oddtoevenharmonicenergyratio": {
        "kurt": 12.7913570404,
        "max": 8.63236999512,
        "mean": 0.925201177597,
        "median": 0.633663058281,
        "min": 0.00516063021496,
        "skew": 2.8719534874,
        "var": 0.930198788643
    },
    "pitch_after_max_to_before_max_energy_ratio": 0.491550952196,
    "pitch_centroid": 238.262039185,
    "pitch_max_to_total": 0.738660931587,
    "pitch_min_to_total": 0.0172786172479,
    "tristimulus": {
        "kurt": [2.83651638031, 0.540648460388, 0.402956724167],
        "max": [0.864688158035, 0.756438612938, 0.955065608025],
        "mean": [0.208089381456, 0.357428818941, 0.434481799603],
        "median": [0.187870740891, 0.34145411849, 0.448996543884],
        "min": [0, 0, 0.00938605051488],
        "skew": [1.39863312244, 0.543202221394, -0.254776746035],
        "var": [0.025878759101, 0.0124978432432, 0.0285628400743],
        "cov": [[0.0259347744286, -0.00491750147194, -0.0210172608495], [-0.00491750147194, 0.0125248944387, -0.00760739482939], [-0.0210172608495, -0.00760739482939, 0.0286246649921]]
    }
},
"tonal": {
    "chords_changes_rate": 0.0948275849223,
    "chords_number_rate": 0.0258620698005,
    "chords_strength": {
        "kurt": -1.03302824497,
        "max": 0.620067477226,
        "mean": 0.444583296776,
        "median": 0.465187609196,
        "min": 0.248355865479,
        "skew": -0.175369799137,
        "var": 0.0089051341638
    },
    "key_strength": 0.363910347223,
    "tuning_diatonic_strength": 0.297544211149,
    "tuning_equal_tempered_deviation": 0.23385488987,
    "tuning_frequency": 435.952270508,
    "tuning_nontempered_energy_ratio": 0.871908843517,
    "hpcp": {
        "kurt": [3.1370215416, 2.32683420181, 1.83508491516, 2.11077833176, 2.92415952682, 3.47759008408, 3.69752979279, 3.41106081009, 3.00195264816, 2.53677940369, 1.40889215469, 0.87541437149, 1.13689231873, 2.03061103821, 2.25804853439, 0.525275468826, -0.475858926773, -0.503456354141, 0.117262125015, 0.560064554214, 0.435456514359, 0.746187448502, 2.03523397446, 0.772374153137, 0.399486064911, 0.926643610001, -0.172784090042, -0.886980772018, -0.106221437454, 0.176506519318, 0.478229522705, 1.75450611115, 2.91365194321, 2.57754802704, 2.40678358078, 3.24206590652],
        "max": [0.882713258266, 1, 1, 1, 1, 1, 1, 1, 1, 1, 1, 1, 1, 1, 1, 1, 1, 1, 1, 1, 1, 1, 1, 1, 1, 1, 1, 1, 1, 1, 1, 1, 1, 1, 1, 1],
