{
"metadata": {
    "version": {
        "essentia": "2.1-beta3"
    }
},
"lowLevel": {
    "average_loudness": 0.361736863852,
    "barkbands_kurtosis": {
        "kurt": 35.6560058594,
        "max": 55.7070503235,
        "mean": 1.90868210793,
        "median": 0.406117677689,
        "min": -1.64778673649,
        "skew": 5.26605653763,
        "var": 29.3703155518
    },
    "barkbands_skewness": {
        "kurt": 7.82434177399,
        "max": 1.85402429104,
        "mean": -1.04552447796,
        "median": -0.82198870182,
        "min": -6.86237812042,
        "skew": -2.16702842712,
        "var": 0.914021134377
    },
    "barkbands_spread": {
        "kurt": 6.28439331055,
        "max": 46.6710968018,
        "mean": 13.7430820465,
        "median": 13.9274196625,
        "min": 1.11842381954,
        "skew": 0.792729914188,
        "var": 22.0844650269
    },
    "dissonance": {
        "kurt": 23.8796787262,
        "max": 0.499993175268,
        "mean": 0.49076244235,
        "median": 0.493914932013,
        "min": 0.392473310232,
        "skew": -3.84962487221,
        "var": 0.000104829021438
    },
    "hfc": {
        "kurt": 113.031745911,
        "max": 38.6755180359,
        "mean": 0.78739887476,
        "median": 0.256422251463,
        "min": 0.00344428722747,
        "skew": 9.66163158417,
        "var": 6.64030218124
    },
    "pitch": {
        "kurt": -0.0152299404144,
        "max": 3264.07519531,
        "mean": 1007.68664551,
        "median": 718.473876953,
        "min": 72.9325561523,
        "skew": 1.11374986172,
        "var": 791403.75
    },
    "pitch_instantaneous_confidence": {
        "kurt": 0.808067798615,
        "max": 0.96193510294,
        "mean": 0.364875644445,
        "median": 0.290113508701,
        "min": 0.129485845566,
        "skew": 1.32519710064,
        "var": 0.040069218725
    },
    "pitch_salience": {
        "kurt": 4.09110498428,
        "max": 0.893141746521,
        "mean": 0.715143680573,
        "median": 0.767782628536,
        "min": 0.159268543124,
        "skew": -2.12829232216,
        "var": 0.0191388409585
    },
    "silence_rate_20dB": {
        "kurt": 0,
        "max": 1,
        "mean": 1,
        "median": 1,
        "min": 1,
        "skew": 0,
        "var": 0
    },
    "silence_rate_30dB": {
        "kurt": 0,
        "max": 1,
        "mean": 1,
        "median": 1,
        "min": 1,
        "skew": 0,
        "var": 0
    },
    "silence_rate_60dB": {
        "kurt": 28.3850536346,
        "max": 1,
        "mean": 0.97001761198,
        "median": 1,
        "min": 0,
        "skew": -5.51232671738,
        "var": 0.0290829353034
    },
    "spectral_centroid": {
        "kurt": 0.65239238739,
        "max": 2953.99145508,
        "mean": 1944.20983887,
        "median": 1900.91088867,
        "min": 823.49798584,
        "skew": 0.206073582172,
        "var": 121470.96875
    },
    "spectral_complexity": {
        "kurt": 28.082988739,
        "max": 17,
        "mean": 0.666666686535,
        "median": 0,
        "min": 0,
        "skew": 5.0045747757,
        "var": 4.63131904602
    },
    "spectral_crest": {
        "kurt": 2.6680893898,
        "max": 25.0161857605,
        "mean": 7.64277362823,
        "median": 5.75136804581,
        "min": 3.04730033875,
        "skew": 1.85743427277,
        "var": 25.173166275
    },
    "spectral_decrease": {
        "kurt": 97.200920105,
        "max": -3.54397013038e-13,
        "mean": -1.05060536659e-10,
        "median": -3.00276227494e-11,
        "min": -5.81062176153e-09,
        "skew": -9.12836933136,
        "var": 1.70667458274e-19
    },
    "spectral_energy": {
        "kurt": 99.6529083252,
        "max": 0.0254386253655,
        "mean": 0.00046794230002,
        "median": 0.000136239046697,
        "min": 1.64998562013e-06,
        "skew": 9.21934223175,
        "var": 3.20163712786e-06
    },
    "spectral_energyband_high": {
        "kurt": 95.2093048096,
        "max": 0.000138249102747,
        "mean": 4.91107675771e-06,
        "median": 2.87756279249e-06,
        "min": 6.40827551024e-08,
        "skew": 9.00013542175,
        "var": 1.13220696707e-10
    },
    "spectral_energyband_low": {
        "kurt": 69.4004135132,
        "max": 3.96847863158e-05,
        "mean": 2.08788696909e-06,
        "median": 1.52507845996e-06,
        "min": 4.92163731991e-09,
        "skew": 7.58224630356,
        "var": 9.5938743061e-12
    },
    "spectral_energyband_middle_high": {
        "kurt": 128.330276489,
        "max": 0.0248535573483,
        "mean": 0.000396877119783,
        "median": 0.000116670729767,
        "min": 1.47045602716e-06,
        "skew": 10.5348987579,
        "var": 2.65053313342e-06
    },
    "spectral_energyband_middle_low": {
        "kurt": 72.7269515991,
        "max": 0.00370896793902,
        "mean": 6.70753724989e-05,
        "median": 1.3955454051e-05,
        "min": 1.14402361362e-07,
        "skew": 8.07587814331,
        "var": 9.64758442024e-08
    },
    "spectral_flatness_db": {
        "kurt": 3.30440473557,
        "max": 0.414177894592,
        "mean": 0.216431081295,
        "median": 0.206248059869,
        "min": 0.120025604963,
        "skew": 1.59714579582,
        "var": 0.00149263942149
    },
    "spectral_flux": {
        "kurt": 40.6165733337,
        "max": 0.125821262598,
        "mean": 0.0111393323168,
        "median": 0.00779056036845,
        "min": 0.00511384056881,
        "skew": 5.91385269165,
        "var": 0.000155241083121
    },
    "spectral_kurtosis": {
        "kurt": 4.46129417419,
        "max": 33.4796218872,
        "mean": 6.84563493729,
        "median": 5.87695217133,
        "min": 0.547649383545,
        "skew": 1.67041659355,
        "var": 23.8277454376
    },
    "spectral_rms": {
        "kurt": 37.3474502563,
        "max": 0.00498178415,
        "mean": 0.00049433845561,
        "median": 0.000364576670108,
        "min": 4.01215911552e-05,
        "skew": 5.53174543381,
        "var": 2.12158681734e-07
    },
    "spectral_rolloff": {
        "kurt": 3.08507442474,
        "max": 3854.44335938,
        "mean": 2776.64331055,
        "median": 2842.3828125,
        "min": 1335.05859375,
        "skew": -1.25137233734,
        "var": 120602.59375
    },
    "spectral_skewness": {
        "kurt": 5.03375911713,
        "max": 3.71802067757,
        "mean": 1.36068761349,
        "median": 1.29100978374,
        "min": 0.30487626791,
        "skew": 1.59912753105,
        "var": 0.202576875687
    },
    "spectral_spread": {
        "kurt": 193.395477295,
        "max": 8768907,
        "mean": 1959022.375,
        "median": 1967835.375,
        "min": 1123260.75,
        "skew": 10.6075611115,
        "var": 139191320576
    },
    "spectral_strongpeak": {
        "kurt": 12.7730712891,
        "max": 5.03543663025,
        "mean": 0.401308178902,
        "median": 0.170182049274,
        "min": 0.00387262389995,
        "skew": 3.32520055771,
        "var": 0.411136507988
    },
    "zerocrossingrate": {
        "kurt": 1.9547700882,
        "max": 0.1357421875,
        "mean": 0.0973048955202,
        "median": 0.0966796875,
        "min": 0.02294921875,
        "skew": -0.370569884777,
        "var": 0.000237394400756
    },
    "barkbands": {
        "kurt": [236.311294556, 216.210586548, 52.6722450256, 32.9834213257, 4.79627656937, 30.2335548401, 72.6237564087, 201.206375122, 199.015274048, 395.961334229, 112.591926575, 326.678039551, 165.069488525, 113.261329651, 382.601165771, 69.6980285645, 25.1644001007, 63.2327651978, 47.0408287048, 153.358551025, 188.362564087, 100.229728699, 189.113082886, 246.630081177, 135.238708496, 142.066726685, 143.529281616],
        "max": [3.91275193579e-07, 3.24719003402e-05, 1.57661834237e-05, 1.58814764291e-05, 1.66509362316e-05, 2.39815926761e-05, 0.00236293440685, 0.00164456048515, 0.000460459996248, 0.00355718308128, 0.00176805572119, 0.00250174035318, 0.0107538020238, 0.00729882111773, 0.0040057762526, 0.000711589236744, 0.000209178295336, 0.00226300116628, 0.000382639962481, 0.000274696940323, 0.000104716033093, 1.7402058802e-05, 1.15436785109e-06, 5.88281743319e-08, 1.09641318247e-09, 1.05635866721e-09, 1.11662434854e-09],
        "mean": [4.99149077626e-09, 5.0695371101e-07, 9.72591237769e-07, 1.19976800761e-06, 3.10536847792e-06, 2.49160530075e-06, 3.66656095139e-05, 1.34801803142e-05, 6.60150453768e-06, 2.12515769817e-05, 2.6169253033e-05, 2.00774047698e-05, 8.76221092767e-05, 7.88860561443e-05, 3.0607017834e-05, 3.14200806315e-05, 1.86649322131e-05, 6.56858537695e-05, 1.44940813698e-05, 5.52767596673e-06, 1.89188654076e-06, 5.62076422739e-07, 5.11274969028e-08, 2.80574807832e-09, 1.45872376678e-11, 1.31626853514e-11, 1.36800093822e-11],
        "median": [2.06644368284e-09, 2.57466126641e-07, 6.63751734464e-07, 8.00526947842e-07, 2.67101631835e-06, 1.94602762349e-06, 1.46888601193e-06, 1.53581390805e-06, 2.79158484773e-06, 4.62990374217e-06, 7.02265879227e-06, 7.52681580707e-06, 8.80221523403e-06, 9.51770198299e-06, 9.76469073066e-06, 1.82812200364e-05, 1.25938040583e-05, 1.24229891298e-05, 5.86363012189e-06, 2.71520366368e-06, 9.99698841042e-07, 2.87061908466e-07, 4.25035864282e-08, 2.42798137151e-09, 2.85062034741e-12, 2.3418044847e-12, 2.36219268972e-12],
        "min": [9.87846696804e-12, 1.8735200058e-09, 2.1181094656e-09, 1.51608281485e-09, 1.11823368343e-08, 1.24720909156e-08, 2.58649333063e-08, 2.41784050559e-08, 3.61389957959e-08, 2.82921455153e-08, 4.6844167656e-08, 1.61930913123e-07, 1.84666447467e-07, 6.55469563071e-08, 1.10979691215e-07, 4.6615230076e-07, 9.31279515726e-08, 9.55414733994e-08, 1.97848791572e-07, 4.1112176774e-08, 3.69956261181e-08, 2.83851120386e-09, 1.0784809712e-09, 1.803636125e-12, 2.28212116088e-13, 2.7347946092e-14, 1.55862956141e-15],
        "skew": [14.0142002106, 13.5871992111, 6.21020364761, 4.15066432953, 1.67875266075, 4.42718553543, 8.28738307953, 12.8349637985, 12.7355690002, 18.9078674316, 9.6839389801, 16.9259223938, 12.2132406235, 10.4828472137, 18.3171691895, 7.33083200455, 4.47899103165, 6.91366577148, 6.21196699142, 11.1791934967, 12.8620653152, 8.9356918335, 11.9929294586, 13.2850112915, 10.6497621536, 10.9494543076, 11.0010471344],
        "var": [4.17423050954e-16, 3.08283433503e-12, 1.78391383696e-12, 1.68901535553e-12, 4.23022250909e-12, 5.3958760203e-12, 4.91261502589e-08, 8.16223177935e-09, 6.37505159773e-10, 2.64350354939e-08, 1.3770721452e-08, 1.4467988585e-08, 4.57469553794e-07, 3.43007116044e-07, 3.38858043847e-08, 3.17899329083e-09, 4.79244033347e-10, 3.37415322349e-08, 1.11825759763e-09, 2.67214028682e-10, 3.81147509387e-11, 1.42878731849e-12, 3.79746596649e-15, 8.37347489462e-18, 4.6811334282e-21, 4.22487304233e-21, 4.6863182512e-21],
        "cov": [[4.18160551953e-16, 2.14457205656e-14, 1.48072861887e-14, 4.62341711072e-15, 4.37753323995e-16, 3.47949064513e-15, 3.49119062652e-14, 5.44908576946e-15, 2.1648136029e-14, 4.2601558674e-13, 2.39719319563e-14, 1.2452925247e-13, 3.32566954661e-13, 8.69504500952e-13, 1.12011670826e-13, 8.95612387421e-14, 1.56105597199e-14, -9.87974486293e-14, 1.66978501745e-14, 1.04675586233e-14, 4.27265695562e-15, 1.28873945342e-15, 4.88499517852e-17, -3.67621217149e-19, -6.89391144092e-21, -5.2947011099e-21, -5.13861842911e-21], [2.14457205656e-14, 3.08828114991e-12, 1.13477803543e-12, 6.08756751605e-13, 3.26482574699e-13, 1.0313699493e-13, -1.15085350104e-12, 1.83034490342e-12, 3.35101586237e-12, 1.6127750177e-12, 3.00603834359e-12, 2.01927493823e-12, 4.56594050763e-12, 1.12096217725e-11, 1.20753164412e-11, 2.62029503997e-12, 1.58031151099e-12, -9.59702629866e-12, 1.30545867085e-12, 1.18579690338e-12, 3.24633278159e-13, 5.15657395256e-14, 6.90086043051e-15, 1.30418696865e-17, 1.51549579823e-18, 1.69554354928e-18, 1.86367514321e-18], [1.48072861887e-14, 1.13477803543e-12, 1.78706561268e-12, 8.15372942775e-13, 2.45904289769e-13, 3.81018242131e-13, -8.007989237e-12, -1.58678842635e-12, 2.4178612671e-12, -1.96523830195e-12, -1.00232040549e-12, -3.79210378376e-12, -2.6785166099e-11, -2.43925591531e-11, -6.2362014695e-14, -1.72304973566e-13, 1.35377928485e-12, -1.23321301088e-11, -1.0235746712e-12, -2.42039786651e-13, -1.92909883488e-13, -2.82542018888e-14, -8.06286109689e-16, -1.54929340544e-16, -3.5510388068e-18, -3.12623916925e-18, -3.24324303972e-18], [4.62341711072e-15, 6.08756751605e-13, 8.15372942775e-13, 1.69199951359e-12, 7.46227136073e-13, 4.60572064428e-13, -1.05224422925e-11, -1.23918833094e-12, 2.66198998608e-12, -5.83075168009e-12, 2.33866094893e-12, -7.67894428599e-12, -3.10387028579e-11, -4.14534240267e-11, -6.30135050042e-12, -8.82189883211e-13, 1.84182400234e-12, 5.08125334343e-13, 3.67253780555e-13, 1.23412578442e-13, -2.67451371379e-13, -6.85807137533e-14, -1.46507254892e-15, -1.60145131206e-16, -4.48047548668e-18, -3.87322069231e-18, -4.01204227861e-18], [4.37753323995e-16, 3.26482574699e-13, 2.45904289769e-13, 7.46227136073e-13, 4.23769656518e-12, 1.33403433699e-12, 3.45203622631e-11, 9.14366672655e-12, 2.32447199509e-12, 4.15258929673e-12, 1.59803698052e-11, -5.64172103132e-12, 2.22215197632e-11, -2.58928399555e-11, 1.03061717147e-11, 5.71855236775e-12, 3.8584166244e-12, -3.55900031668e-11, 3.22545375825e-12, 1.59278601593e-12, 9.23924348487e-13, -1.51144931803e-14, -3.53006994702e-15, -3.95644655974e-17, -6.87278945668e-22, 6.29626617821e-19, 8.18033494243e-19], [3.47949064513e-15, 1.0313699493e-13, 3.81018242131e-13, 4.60572064428e-13, 1.33403433699e-12, 5.40540962685e-12, 1.03357877812e-10, 2.46335087745e-11, 1.73947557747e-11, 1.59703833491e-10, 5.62859550635e-11, 1.14115245031e-10, 1.84582335527e-10, 2.55506171776e-10, 5.74711493673e-11, 3.85912135581e-11, 1.33225817531e-11, -3.08842673657e-11, 2.05033611617e-11, 9.15787584654e-12, 2.80645732348e-12, 5.95744048711e-13, 5.87027417304e-15, 1.10615083101e-17, 5.67457811612e-18, 6.01145776034e-18, 6.47101738839e-18], [3.49119062652e-14, -1.15085350104e-12, -8.007989237e-12, -1.05224422925e-11, 3.45203622631e-11, 1.03357877812e-10, 4.9212943054e-08, 1.50868757487e-08, 1.90818894019e-09, 6.5544187855e-09, 1.7254629725e-08, 1.15743308271e-08, 4.53647963639e-08, 3.17264401417e-08, 1.17883436346e-08, 5.45246781058e-09, 1.94396831965e-09, -9.10067965432e-10, 1.18484100309e-09, 1.21979937262e-09, 2.56736243376e-10, 1.03187847156e-10, 9.64465811902e-13, -1.49498062584e-14, 1.84099180602e-15, 1.74707279283e-15, 1.82756633381e-15], [5.44908576946e-15, 1.83034490342e-12, -1.58678842635e-12, -1.23918833094e-12, 9.14366672655e-12, 2.46335087745e-11, 1.50868757487e-08, 8.17665313235e-09, 5.41346578675e-10, 1.42035438966e-09, 6.95348401081e-09, 2.44954390105e-09, 1.81916881559e-08, 2.10895905184e-08, 4.1577821186e-09, 1.52622092742e-09, 5.85264448016e-10, -9.10849781016e-12, 6.83744616481e-10, 6.22728868471e-10, 1.98878913338e-10, 4.95682696278e-11, 6.74339165237e-13, -9.67125109109e-15, 1.52573831915e-15, 1.45745931091e-15, 1.5319199656e-15], [2.1648136029e-14, 3.35101586237e-12, 2.4178612671e-12, 2.66198998608e-12, 2.32447199509e-12, 1.73947557747e-11, 1.90818894019e-09, 5.41346578675e-10, 6.38631481031e-10, 1.02796082757e-09, 1.3498527851e-09, 1.49930079463e-09, 6.36886543504e-09, 4.83026374454e-09, 2.16990847512e-09, 6.00607175105e-10, 2.02596273091e-10, 8.72728625478e-12, 3.69440200654e-10, 3.06516062532e-10, 6.82201586888e-11, 1.75827859217e-11, 4.89856690367e-13, -1.44603532461e-16, 6.24426547727e-16, 6.03097516961e-16, 6.3787854266e-16], [4.2601558674e-13, 1.6127750177e-12, -1.96523830195e-12, -5.83075168009e-12, 4.15258929673e-12, 1.59703833491e-10, 6.5544187855e-09, 1.42035438966e-09, 1.02796082757e-09, 2.64817412443e-08, 5.07055286647e-09, 9.00910368529e-09, 4.84633027042e-08, 6.05075172189e-08, 1.39639011465e-08, 6.15849593544e-09, 9.38864319622e-10, 2.28572508143e-10, 1.37299627223e-09, 5.36138466956e-10, 4.5030412732e-10, 8.27606733145e-11, 3.04134777258e-12, -5.26315653183e-15, 2.6091958438e-15, 2.5120489998e-15, 2.65389504298e-15], [2.39719319563e-14, 3.00603834359e-12, -1.00232040549e-12, 2.33866094893e-12, 1.59803698052e-11, 5.62859550635e-11, 1.7254629725e-08, 6.95348401081e-09, 1.3498527851e-09, 5.07055286647e-09, 1.37950513235e-08, 3.09689340838e-09, 3.81388716164e-08, 2.01580068193e-08, 1.09356799172e-08, 2.65244404218e-09, 1.05172526244e-09, 5.77986747005e-12, 1.2939270766e-09, 1.10798703545e-09, 3.69497432651e-10, 7.05250927102e-11, 1.76125390314e-12, -1.67262420836e-15, 2.91589927422e-15, 2.80546227152e-15, 2.96134767404e-15], [1.2452925247e-13, 2.01927493823e-12, -3.79210378376e-12, -7.67894428599e-12, -5.64172103132e-12, 1.14115245031e-10, 1.15743308271e-08, 2.44954390105e-09, 1.49930079463e-09, 9.00910368529e-09, 3.09689340838e-09, 1.44935503599e-08, 2.17350990539e-08, 2.22704752417e-08, 6.34820684908e-09, 3.11421977095e-09, 9.39159638946e-10, -1.84871534747e-10, 8.74844308107e-10, 5.49480072554e-10, 1.81009165989e-10, 5.30932971199e-11, 9.95215411817e-13, -1.47955141248e-14, 1.40428628825e-15, 1.34858656631e-15, 1.42258601156e-15], [3.32566954661e-13, 4.56594050763e-12, -2.6785166099e-11, -3.10387028579e-11, 2.22215197632e-11, 1.84582335527e-10, 4.53647963639e-08, 1.81916881559e-08, 6.36886543504e-09, 4.84633027042e-08, 3.81388716164e-08, 2.17350990539e-08, 4.58277810367e-07, 3.35871391144e-07, 9.59203205753e-08, 2.67960231781e-08, 4.06972366918e-09, -4.64481716977e-11, 5.90911053422e-09, 4.08110478745e-09, 3.14114245725e-09, 4.71321204287e-10, 2.93954582897e-11, 2.94371921587e-13, 3.65954960562e-14, 3.50462151975e-14, 3.69079123004e-14], [8.69504500952e-13, 1.12096217725e-11, -2.43925591531e-11, -4.14534240267e-11, -2.58928399555e-11, 2.55506171776e-10, 3.17264401417e-08, 2.10895905184e-08, 4.83026374454e-09, 6.05075172189e-08, 2.01580068193e-08, 2.22704752417e-08, 3.35871391144e-07, 3.43613152154e-07, 6.7791553704e-08, 2.40624036252e-08, 3.02461189428e-09, 3.38325367721e-10, 5.69293767683e-09, 3.27713567394e-09, 2.47579912127e-09, 4.41742503687e-10, 2.2212587672e-11, 1.72018866165e-13, 2.76437723488e-14, 2.64749719137e-14, 2.78804994228e-14], [1.12011670826e-13, 1.20753164412e-11, -6.2362014695e-14, -6.30135050042e-12, 1.03061717147e-11, 5.74711493673e-11, 1.17883436346e-08, 4.1577821186e-09, 2.16990847512e-09, 1.39639011465e-08, 1.09356799172e-08, 6.34820684908e-09, 9.59203205753e-08, 6.7791553704e-08, 3.39456747156e-08, 7.1229151466e-09, 1.18406429106e-09, 2.3326898746e-10, 1.77827208514e-09, 9.63839674739e-10, 9.35504229638e-10, 1.00778344003e-10, 8.41978743671e-12, 5.30821588941e-14, 9.3738137776e-15, 9.03890880872e-15, 9.55462990085e-15], [8.95612387421e-14, 2.62029503997e-12, -1.72304973566e-13, -8.82189883211e-13, 5.71855236775e-12, 3.85912135581e-11, 5.45246781058e-09, 1.52622092742e-09, 6.00607175105e-10, 6.15849593544e-09, 2.65244404218e-09, 3.11421977095e-09, 2.67960231781e-08, 2.40624036252e-08, 7.1229151466e-09, 3.18460990911e-09, 5.87039750144e-10, 7.17826076357e-11, 6.64772015213e-10, 3.21067950004e-10, 2.13024750617e-10, 3.42818690102e-11, 1.7129781751e-12, 1.40822996778e-14, 2.0409913197e-15, 1.96462748786e-15, 2.07275039655e-15], [1.56105597199e-14, 1.58031151099e-12, 1.35377928485e-12, 1.84182400234e-12, 3.8584166244e-12, 1.33225817531e-11, 1.94396831965e-09, 5.85264448016e-10, 2.02596273091e-10, 9.38864319622e-10, 1.05172526244e-09, 9.39159638946e-10, 4.06972366918e-09, 3.02461189428e-09, 1.18406429106e-09, 5.87039750144e-10, 4.80090800448e-10, 1.342427558e-10, 4.13511225261e-10, 1.42712883178e-10, 4.26931233422e-11, 8.39418725501e-12, 3.01826299414e-13, 5.72471156105e-15, 2.8864177631e-16, 2.76894858699e-16, 2.91343070257e-16], [-9.87974486293e-14, -9.59702629866e-12, -1.23321301088e-11, 5.08125334343e-13, -3.55900031668e-11, -3.08842673657e-11, -9.10067965432e-10, -9.10849781016e-12, 8.72728625478e-12, 2.28572508143e-10, 5.77986747005e-12, -1.84871534747e-10, -4.64481716977e-11, 3.38325367721e-10, 2.3326898746e-10, 7.17826076357e-11, 1.342427558e-10, 3.38011467704e-08, 5.87204895819e-10, 9.65388463614e-11, 2.22758825275e-11, 3.33044390677e-11, 2.5110872786e-14, -7.1122967948e-15, 3.47285149501e-16, 2.91724129205e-16, 2.80444112037e-16], [1.66978501745e-14, 1.30545867085e-12, -1.0235746712e-12, 3.67253780555e-13, 3.22545375825e-12, 2.05033611617e-11, 1.18484100309e-09, 6.83744616481e-10, 3.69440200654e-10, 1.37299627223e-09, 1.2939270766e-09, 8.74844308107e-10, 5.90911053422e-09, 5.69293767683e-09, 1.77827208514e-09, 6.64772015213e-10, 4.13511225261e-10, 5.87204895819e-10, 1.12023335053e-09, 3.34529820512e-10, 8.98630475588e-11, 1.45566076554e-11, 7.27814022158e-13, 2.11232534285e-14, 6.77413223138e-16, 6.51342872511e-16, 6.86444870757e-16], [1.04675586233e-14, 1.18579690338e-12, -2.42039786651e-13, 1.23412578442e-13, 1.59278601593e-12, 9.15787584654e-12, 1.21979937262e-09, 6.22728868471e-10, 3.06516062532e-10, 5.36138466956e-10, 1.10798703545e-09, 5.49480072554e-10, 4.08110478745e-09, 3.27713567394e-09, 9.63839674739e-10, 3.21067950004e-10, 1.42712883178e-10, 9.65388463614e-11, 3.34529820512e-10, 2.67686123268e-10, 5.86929810309e-11, 1.40552881833e-11, 2.53040779519e-13, 1.84720098104e-15, 4.61660696583e-16, 4.43557749615e-16, 4.6758071573e-16], [4.27265695562e-15, 3.24633278159e-13, -1.92909883488e-13, -2.67451371379e-13, 9.23924348487e-13, 2.80645732348e-12, 2.56736243376e-10, 1.98878913338e-10, 6.82201586888e-11, 4.5030412732e-10, 3.69497432651e-10, 1.81009165989e-10, 3.14114245725e-09, 2.47579912127e-09, 9.35504229638e-10, 2.13024750617e-10, 4.26931233422e-11, 2.22758825275e-11, 8.98630475588e-11, 5.86929810309e-11, 3.81820894346e-11, 4.17496115804e-12, 2.46452543703e-13, 1.66011310821e-15, 3.4683127219e-16, 3.33643842704e-16, 3.52290796582e-16], [1.28873945342e-15, 5.15657395256e-14, -2.82542018888e-14, -6.85807137533e-14, -1.51144931803e-14, 5.95744048711e-13, 1.03187847156e-10, 4.95682696278e-11, 1.75827859217e-11, 8.27606733145e-11, 7.05250927102e-11, 5.30932971199e-11, 4.71321204287e-10, 4.41742503687e-10, 1.00778344003e-10, 3.42818690102e-11, 8.39418725501e-12, 3.33044390677e-11, 1.45566076554e-11, 1.40552881833e-11, 4.17496115804e-12, 1.43131166641e-12, 3.01531091491e-14, -7.99861285375e-17, 4.26429803745e-17, 4.07567074841e-17, 4.28561812143e-17], [4.88499517852e-17, 6.90086043051e-15, -8.06286109689e-16, -1.46507254892e-15, -3.53006994702e-15, 5.87027417304e-15, 9.64465811902e-13, 6.74339165237e-13, 4.89856690367e-13, 3.04134777258e-12, 1.76125390314e-12, 9.95215411817e-13, 2.93954582897e-11, 2.2212587672e-11, 8.41978743671e-12, 1.7129781751e-12, 3.01826299414e-13, 2.5110872786e-14, 7.27814022158e-13, 2.53040779519e-13, 2.46452543703e-13, 3.01531091491e-14, 3.80417531447e-15, 3.21059996985e-17, 2.81747952996e-18, 2.71149784115e-18, 2.86147333763e-18], [-3.67621217149e-19, 1.30418696865e-17, -1.54929340544e-16, -1.60145131206e-16, -3.95644655974e-17, 1.10615083101e-17, -1.49498062584e-14, -9.67125109109e-15, -1.44603532461e-16, -5.26315653183e-15, -1.67262420836e-15, -1.47955141248e-14, 2.94371921587e-13, 1.72018866165e-13, 5.30821588941e-14, 1.40822996778e-14, 5.72471156105e-15, -7.1122967948e-15, 2.11232534285e-14, 1.84720098104e-15, 1.66011310821e-15, -7.99861285375e-17, 3.21059996985e-17, 8.38826901987e-18, 2.48967211835e-20, 2.30246789792e-20, 2.42076522683e-20], [-6.89391144092e-21, 1.51549579823e-18, -3.5510388068e-18, -4.48047548668e-18, -6.87278945668e-22, 5.67457811612e-18, 1.84099180602e-15, 1.52573831915e-15, 6.24426547727e-16, 2.6091958438e-15, 2.91589927422e-15, 1.40428628825e-15, 3.65954960562e-14, 2.76437723488e-14, 9.3738137776e-15, 2.0409913197e-15, 2.8864177631e-16, 3.47285149501e-16, 6.77413223138e-16, 4.61660696583e-16, 3.4683127219e-16, 4.26429803745e-17, 2.81747952996e-18, 2.48967211835e-20, 4.68940402263e-21, 4.42545585904e-21, 4.65550254221e-21], [-5.2947011099e-21, 1.69554354928e-18, -3.12623916925e-18, -3.87322069231e-18, 6.29626617821e-19, 6.01145776034e-18, 1.74707279283e-15, 1.45745931091e-15, 6.03097516961e-16, 2.5120489998e-15, 2.80546227152e-15, 1.34858656631e-15, 3.50462151975e-14, 2.64749719137e-14, 9.03890880872e-15, 1.96462748786e-15, 2.76894858699e-16, 2.91724129205e-16, 6.51342872511e-16, 4.43557749615e-16, 3.33643842704e-16, 4.07567074841e-17, 2.71149784115e-18, 2.30246789792e-20, 4.42545585904e-21, 4.23233745879e-21, 4.45715085133e-21], [-5.13861842911e-21, 1.86367514321e-18, -3.24324303972e-18, -4.01204227861e-18, 8.18033494243e-19, 6.47101738839e-18, 1.82756633381e-15, 1.5319199656e-15, 6.3787854266e-16, 2.65389504298e-15, 2.96134767404e-15, 1.42258601156e-15, 3.69079123004e-14, 2.78804994228e-14, 9.55462990085e-15, 2.07275039655e-15, 2.91343070257e-16, 2.80444112037e-16, 6.86444870757e-16, 4.6758071573e-16, 3.52290796582e-16, 4.28561812143e-17, 2.86147333763e-18, 2.42076522683e-20, 4.65550254221e-21, 4.45715085133e-21, 4.69459813527e-21]]
    },
    "mfcc": {
        "kurt": [15.5908527374, 6.33344841003, 5.01649665833, 1.98710727692, 7.7524766922, 1.17155694962, 0.117386817932, 2.25075006485, 0.598800182343, 1.73079442978, 0.598918914795, 0.557596206665, 0.430631399155],
        "max": [-725.340576172, 151.543487549, -44.0782585144, 44.9636268616, 26.3646125793, 18.5163574219, 27.285697937, 17.6661243439, 27.6693763733, 22.0798206329, 33.4322319031, 20.7918338776, 19.4488220215],
        "mean": [-879.858703613, 104.411903381, -88.8076782227, 12.8341398239, 2.50837302208, -10.6633262634, 3.03287386894, -4.8851442337, -1.1702067852, -11.7442398071, -5.27513980865, -3.69614100456, -5.99007463455],
        "median": [-884.861694336, 103.510322571, -86.6427612305, 12.5069465637, 3.63470458984, -9.77298736572, 3.02875137329, -4.58628845215, -1.18957519531, -11.7965698242, -6.68181419373, -4.14022827148, -5.85488128662],
        "min": [-1077.68786621, 22.6648674011, -165.65625, -29.210395813, -64.2621688843, -43.2489128113, -19.8316574097, -45.6670608521, -20.8477706909, -37.2311325073, -22.7854213715, -20.2383956909, -25.8515739441],
        "skew": [2.0669362545, 0.50426274538, -1.65305542946, -0.56081610918, -2.07490849495, -0.202973455191, -0.0699232369661, -0.6975440979, 0.0404358357191, 0.373752146959, 0.695081114769, 0.396003901958, 0.186683312058],
        "var": [690.584777832, 139.26763916, 200.551422119, 122.984817505, 112.802177429, 63.9798812866, 50.6545295715, 75.4348602295, 42.166015625, 54.6532859802, 74.1612930298, 39.8268013, 48.5866279602],
        "cov": [[691.804870605, 176.411758423, -288.323059082, -65.6310653687, -179.587173462, -16.2087154388, -6.49007892609, -79.0732574463, 11.8455581665, 66.7889022827, 92.7279815674, 25.3889102936, 23.1523342133], [176.411758423, 139.513687134, -14.752743721, -66.2306060791, -50.2193832397, 1.44324350357, -3.80825257301, -33.408416748, 9.49795055389, 33.0612449646, 7.8322968483, 14.1932792664, 30.7709522247], [-288.323059082, -14.752743721, 200.90574646, 36.8930587769, 73.0793151855, 25.8232135773, 2.64888644218, 26.8388137817, 2.84095478058, -21.9470310211, -39.7363891602, -4.70500278473, 5.82970285416], [-65.6310653687, -66.2306060791, 36.8930587769, 123.202102661, 66.3049163818, -7.4052863121, 16.060251236, 41.7531890869, -4.18109846115, -26.9902439117, 4.30270576477, -10.2944097519, -26.7164077759], [-179.587173462, -50.2193832397, 73.0793151855, 66.3049163818, 113.001480103, 13.3096160889, 7.93249464035, 49.4058189392, 0.441515803337, -29.743730545, -27.1787014008, -12.0069217682, -18.9387111664], [-16.2087154388, 1.44324350357, 25.8232135773, -7.4052863121, 13.3096160889, 64.092918396, 14.7145557404, -10.5421094894, 15.6830482483, 4.38453054428, -12.8594074249, -2.00152230263, 5.84114170074], [-6.49007892609, -3.80825257301, 2.64888644218, 16.060251236, 7.93249464035, 14.7145557404, 50.7440261841, 20.1416110992, -1.83703482151, 8.53943347931, -12.3512144089, -13.3081607819, -2.4923555851], [-79.0732574463, -33.408416748, 26.8388137817, 41.7531890869, 49.4058189392, -10.5421094894, 20.1416110992, 75.5681381226, 8.63382434845, -26.1899185181, 1.89279747009, -11.4129867554, -19.7436027527], [11.8455581665, 9.49795055389, 2.84095478058, -4.18109846115, 0.441515803337, 15.6830482483, -1.83703482151, 8.63382434845, 42.2405128479, 12.7293291092, -6.91122531891, 7.85775852203, 5.25613307953], [66.7889022827, 33.0612449646, -21.9470310211, -26.9902439117, -29.743730545, 4.38453054428, 8.53943347931, -26.1899185181, 12.7293291092, 54.7498435974, 10.9307498932, 5.29540872574, 20.592048645], [92.7279815674, 7.8322968483, -39.7363891602, 4.30270576477, -27.1787014008, -12.8594074249, -12.3512144089, 1.89279747009, -6.91122531891, 10.9307498932, 74.2923202515, 24.5228900909, -7.72230958939], [25.3889102936, 14.1932792664, -4.70500278473, -10.2944097519, -12.0069217682, -2.00152230263, -13.3081607819, -11.4129867554, 7.85775852203, 5.29540872574, 24.5228900909, 39.8971672058, 13.8984451294], [23.1523342133, 30.7709522247, 5.82970285416, -26.7164077759, -18.9387111664, 5.84114170074, -2.4923555851, -19.7436027527, 5.25613307953, 20.592048645, -7.72230958939, 13.8984451294, 48.6724700928]]
    },
    "sccoeffs": {
        "kurt": [0.0085346698761, 11.176607132, 8.1465959549, 11.6562976837, 3.48988008499, 3.75661325455],
        "max": [-0.649304389954, -0.446836352348, -0.611492812634, -0.591668605804, -0.578665614128, -0.441321194172],
        "mean": [-0.769407451153, -0.843651771545, -0.850226581097, -0.843143641949, -0.796040177345, -0.562174022198],
        "median": [-0.769661664963, -0.857077419758, -0.856336534023, -0.848908901215, -0.802854299545, -0.561228573322],
        "min": [-0.921036124229, -0.928781032562, -0.934034585953, -0.920484781265, -0.875928938389, -0.860903382301],
        "skew": [0.0659719109535, 2.93086695671, 2.165620327, 2.66000270844, 1.30755329132, -0.768270134926],
        "var": [0.00152555981185, 0.00416208384559, 0.00145074736793, 0.0011396179907, 0.00125698221382, 0.00177461339626],
        "cov": [[0.0015282551758, 2.69182492048e-05, 1.18481111713e-05, -1.00551233118e-05, 1.09847733256e-05, 3.65901250916e-05], [2.69182492048e-05, 0.00416943710297, 0.00145669875201, 0.00121276290156, -4.1811952542e-05, -7.14897250873e-05], [1.18481111713e-05, 0.00145669875201, 0.00145331060048, 0.000611576659139, -1.90887294593e-05, -6.63757455186e-05], [-1.00551233118e-05, 0.00121276290156, 0.000611576659139, 0.00114163151011, 6.96858405718e-05, -0.000112690206151], [1.09847733256e-05, -4.1811952542e-05, -1.90887294593e-05, 6.96858405718e-05, 0.0012592029525, -0.000180076764082], [3.65901250916e-05, -7.14897250873e-05, -6.63757455186e-05, -0.000112690206151, -0.000180076764082, 0.00177774881013]]
    },
    "scvalleys": {
        "kurt": [1.40293741226, 3.4452457428, 5.31895446777, 11.1833114624, 7.48473453522, 0.335210561752],
        "max": [-7.33950281143, -6.60145330429, -5.69438934326, -5.00942087173, -7.01496744156, -12.599606514],
        "mean": [-9.06878471375, -8.21372890472, -7.77820587158, -7.71384239197, -8.64507198334, -15.5526657104],
        "median": [-9.07281303406, -8.2194070816, -7.799223423, -7.7607550621, -8.70100307465, -15.5728816986],
        "min": [-10.8183937073, -10.1934251785, -9.84927082062, -9.46355438232, -10.5744686127, -16.9659729004],
        "skew": [0.166073188186, 0.344737887383, 0.945494115353, 2.39939785004, 1.52798104286, 0.496289014816],
        "var": [0.160114422441, 0.129267632961, 0.153796523809, 0.147581070662, 0.0999466851354, 0.597181379795],
        "cov": [[0.160397306085, 0.0171352289617, 0.0165315102786, 0.0149026876315, 0.0115446001291, -0.00559532502666], [0.0171352289617, 0.129496023059, 0.0637455806136, 0.0592080056667, 0.0440197661519, 0.0499934852123], [0.0165315102786, 0.0637455806136, 0.154068246484, 0.0970264747739, 0.0631547048688, 0.0704469680786], [0.0149026876315, 0.0592080056667, 0.0970264747739, 0.14784181118, 0.0800809785724, 0.100763142109], [0.0115446001291, 0.0440197661519, 0.0631547048688, 0.0800809785724, 0.100123263896, 0.0741885155439], [-0.00559532502666, 0.0499934852123, 0.0704469680786, 0.100763142109, 0.0741885155439, 0.598236441612]]
    }
},
"rhythm": {
    "beats_loudness": {
        "kurt": 13.0346050262,
        "max": 0.00272108055651,
        "mean": 0.000330299139023,
        "median": 0.000141531287227,
        "min": 7.78665780672e-05,
        "skew": 3.75777363777,
        "var": 3.19343286037e-07
    },
    "bpm": 93.8621749878,
    "confidence": 1.34897780418,
    "first_peak_bpm": {
        "kurt": 0,
        "max": 94,
        "mean": 94,
        "median": 94,
        "min": 94,
        "skew": 0,
        "var": 0
    },
    "first_peak_spread": {
        "kurt": 0,
        "max": 0.538461565971,
        "mean": 0.538461565971,
        "median": 0.538461565971,
        "min": 0.538461565971,
        "skew": 0,
        "var": 0
    },
    "first_peak_weight": {
        "kurt": 0,
        "max": 0.315789461136,
        "mean": 0.315789461136,
        "median": 0.315789461136,
        "min": 0.315789461136,
        "skew": 0,
        "var": 0
    },
    "onset_rate": 1.52317917347,
    "second_peak_bpm": {
        "kurt": 0,
        "max": 99,
        "mean": 99,
        "median": 99,
        "min": 99,
        "skew": 0,
        "var": 0
    },
    "second_peak_spread": {
        "kurt": 0,
        "max": 0.33333337307,
        "mean": 0.33333337307,
        "median": 0.33333337307,
        "min": 0.33333337307,
        "skew": 0,
        "var": 0
    },
    "second_peak_weight": {
        "kurt": 0,
        "max": 0.210526317358,
        "mean": 0.210526317358,
        "median": 0.210526317358,
        "min": 0.210526317358,
        "skew": 0,
        "var": 0
    },
    "beats_loudness_band_ratio": {
        "kurt": [1.04114866257, -1.18800973892, 11.9989156723, 0.955223798752, -0.599704504013, 2.855864048],
        "max": [0.0564287565649, 0.057207044214, 0.584685504436, 0.662514746189, 0.876001954079, 0.239576265216],
        "mean": [0.0167254898697, 0.029375737533, 0.091608017683, 0.263982474804, 0.547230601311, 0.0696625709534],
        "median": [0.0120415976271, 0.0299474522471, 0.061541005969, 0.25192630291, 0.549966335297, 0.0561405643821],
        "min": [0.000352398870746, 0.00302833458409, 0.0206024721265, 0.0655423700809, 0.134697020054, 0.00757554685697],
        "skew": [1.32340824604, 0.0117737380788, 3.5737798214, 0.913217246532, -0.156258776784, 1.70780658722],
        "var": [0.000206016498851, 0.000282037915895, 0.0140580013394, 0.0199598222971, 0.041765473783, 0.00286023225635],
        "cov": [[0.000216859465581, 0.000130769680254, -0.000382593279937, 0.000778317218646, -0.000864588888362, 0.000144316232763], [0.000130769680254, 0.000296882004477, -0.000650668807793, 0.000333739386406, -0.000571061333176, 0.0004873178259], [-0.000382593279937, -0.000650668807793, 0.0147978961468, 0.00431780936196, -0.0164619926363, -0.00168114411645], [0.000778317218646, 0.000333739386406, 0.00431780936196, 0.0210103392601, -0.0252170860767, 0.000400324555812], [-0.000864588888362, -0.000571061333176, -0.0164619926363, -0.0252170860767, 0.0439636558294, -0.00230134115554], [0.000144316232763, 0.0004873178259, -0.00168114411645, 0.000400324555812, -0.00230134115554, 0.00301077077165]]
    },
    "beats_position": [0.603718817234, 1.20743763447, 1.84598636627, 2.4497051239, 3.07664394379, 3.70358276367, 4.34213161469, 5.00390005112, 5.66566896439, 6.30421733856, 6.93115615845, 7.56970500946, 8.2198638916, 8.85841274261, 9.45052146912, 10.0542402267, 10.6811790466, 11.261677742, 11.8653964996, 12.5039453506],
    "bpm_estimates": [93.9630737305, 95.7031173706, 95.7031173706, 93.9630508423, 90.6661529541, 90.6660919189, 93.9631271362, 95.7031173706, 93.9630508423, 92.2851333618, 93.9630508423, 95.7031173706, 93.9630508423],
    "bpm_intervals": [0.603718817234, 0.638548731804, 0.603718757629, 0.626938819885, 0.626938819885, 0.638548851013, 0.661768436432, 0.661768913269, 0.638548374176, 0.626938819885, 0.638548851013, 0.650158882141, 0.638548851013, 0.592108726501, 0.603718757629, 0.626938819885, 0.580498695374, 0.603718757629, 0.638548851013],
    "onset_times": [0.0116099771112, 0.348299324512, 0.893968224525, 1.49768710136, 1.86920630932, 2.2523355484, 2.97215414047, 3.45977330208, 3.5758728981, 4.00544214249, 4.06349229813, 4.81814050674, 6.15328788757, 6.71056699753, 7.39555549622, 8.39401340485, 10.077460289, 10.9365987778, 12.294965744, 12.7477550507],
    "histogram": [[0, 0, 0, 0, 0, 0, 0, 0, 0, 0, 0, 0, 0, 0, 0, 0, 0, 0, 0, 0, 0, 0, 0, 0, 0, 0, 0, 0, 0, 0, 0, 0, 0, 0, 0, 0, 0, 0, 0, 0, 0, 0, 0, 0, 0, 0, 0, 0, 0, 0, 0, 0, 0, 0, 0, 0, 0, 0, 0, 0, 0, 0, 0, 0, 0, 0, 0, 0, 0, 0, 0, 0, 0, 0, 0, 0, 0, 0, 0, 0, 0, 0, 0, 0, 0, 0, 0, 0, 0, 0, 0, 0.105263158679, 0.0526315793395, 0, 0.315789461136, 0, 0.210526317358, 0, 0, 0.210526317358, 0, 0.0526315793395, 0, 0.0526315793395, 0, 0, 0, 0, 0, 0, 0, 0, 0, 0, 0, 0, 0, 0, 0, 0, 0, 0, 0, 0, 0, 0, 0, 0, 0, 0, 0, 0, 0, 0, 0, 0, 0, 0, 0, 0, 0, 0, 0, 0, 0, 0, 0, 0, 0, 0, 0, 0, 0, 0, 0, 0, 0, 0, 0, 0, 0, 0, 0, 0, 0, 0, 0, 0, 0, 0, 0, 0, 0, 0, 0, 0, 0, 0, 0, 0, 0, 0, 0, 0, 0, 0, 0, 0, 0, 0, 0, 0, 0, 0, 0, 0, 0, 0, 0, 0, 0, 0, 0, 0, 0, 0, 0, 0, 0, 0, 0, 0, 0, 0, 0, 0, 0, 0, 0, 0, 0, 0, 0, 0, 0, 0, 0, 0, 0, 0, 0, 0, 0, 0, 0, 0, 0, 0, 0, 0, 0, 0, 0, 0, 0, 0, 0, 0, 0, 0]]
},
"sfx": {
    "inharmonicity": {
        "kurt": -0.807389974594,
        "max": 0.402781158686,
        "mean": 0.110616646707,
        "median": 0.0646671876311,
        "min": 0,
        "skew": 0.731968164444,
        "var": 0.0124730942771
    },
    "oddtoevenharmonicenergyratio": {
        "kurt": 140.397460938,
        "max": 220.557769775,
        "mean": 2.92781805992,
        "median": 0.716686010361,
        "min": 0,
        "skew": 10.7894077301,
        "var": 184.442657471
    },
    "pitch_after_max_to_before_max_energy_ratio": 1.45174181461,
    "pitch_centroid": 275.078979492,
    "pitch_max_to_total": 0.310405641794,
    "pitch_min_to_total": 0.790123462677,
    "tristimulus": {
        "kurt": [-0.237636566162, -1.22959494591, -1.48281335831],
        "max": [1, 0.94278627634, 0.978927195072],
        "mean": [0.309981614351, 0.371483922005, 0.318534553051],
        "median": [0.144600749016, 0.322600513697, 0.103354796767],
        "min": [0, 0, 0],
        "skew": [1.11222791672, 0.322773516178, 0.500681996346],
        "var": [0.112328313291, 0.0813793614507, 0.125027492642],
        "cov": [[0.112526774406, -0.0344006381929, -0.0781262144446], [-0.0344006381929, 0.081523142755, -0.0471224747598], [-0.0781262144446, -0.0471224747598, 0.125248387456]]
    }
},
"tonal": {
    "chords_changes_rate": 0.123239435256,
    "chords_number_rate": 0.0316901393235,
    "chords_strength": {
        "kurt": 0.104121685028,
        "max": 0.656479239464,
        "mean": 0.506543815136,
        "median": 0.522172987461,
        "min": 0.242232128978,
        "skew": -0.827152907848,
        "var": 0.00919259339571
    },
    "key_strength": 0.630956590176,
    "tuning_diatonic_strength": 0.631531238556,
    "tuning_equal_tempered_deviation": 0.254507571459,
    "tuning_frequency": 456.306610107,
    "tuning_nontempered_energy_ratio": 0.905375123024,
    "hpcp": {
        "kurt": [1.00984954834, 0.486738443375, 0.101615905762, -0.25856423378, -0.615488052368, -0.62909579277, -0.901114702225, -1.05732655525, -1.13430118561, -1.04758620262, -1.09212958813, -0.955996513367, -0.846921205521, -0.793855428696, -0.716161489487, -0.689749479294, -0.390118360519, -0.136108636856, -0.37840461731, -0.640381813049, 0.0404093265533, -0.0801236629486, -0.248967170715, -0.825927019119, -0.832082271576, -0.726306438446, -0.452402353287, -0.115676879883, -0.0476796627045, -0.305331230164, -0.0092658996582, -0.24562048912, 0.463805913925, 0.409593582153, 0.675895452499, 0.843964099884],
        "max": [1, 1, 1, 1, 1, 1, 1, 1, 1, 1, 1, 1, 1, 1, 1, 1, 1, 1, 0.868473052979, 0.949072420597, 1, 1, 1, 1, 1, 1, 1, 1, 1, 1, 1, 1, 1, 1, 1, 1],
