{
"metadata": {
    "version": {
        "essentia": "2.1-beta3"
    }
},
"lowLevel": {
    "average_loudness": 0.322873234749,
    "barkbands_kurtosis": {
        "kurt": 6.16781234741,
        "max": 29.3957824707,
        "mean": 3.07743144035,
        "median": 1.90815639496,
        "min": -1.71148073673,
        "skew": 1.97292733192,
        "var": 17.8521499634
    },
    "barkbands_skewness": {
        "kurt": 0.670167684555,
        "max": 4.41495656967,
        "mean": 1.19302165508,
        "median": 1.24439811707,
        "min": -2.30434012413,
        "skew": -0.0209736768156,
        "var": 0.943571269512
    },
    "barkbands_spread": {
        "kurt": 3.10841560364,
        "max": 39.7892837524,
        "mean": 9.87552928925,
        "median": 8.1898431778,
        "min": 1.36618053913,
        "skew": 1.63930630684,
        "var": 35.1444358826
    },
    "dissonance": {
        "kurt": 3.35862350464,
        "max": 0.500000119209,
        "mean": 0.452371001244,
        "median": 0.465900361538,
        "min": 0.178688719869,
        "skew": -1.63033807278,
        "var": 0.00196958193555
    },
    "hfc": {
        "kurt": 39.606552124,
        "max": 3.08483338356,
        "mean": 0.0737752616405,
        "median": 5.24295901414e-05,
        "min": 1.24735832053e-16,
        "skew": 5.71629238129,
        "var": 0.0804280787706
    },
    "pitch": {
        "kurt": 25.4041996002,
        "max": 3944.13867188,
        "mean": 480.742706299,
        "median": 334.023956299,
        "min": 66.9289016724,
        "skew": 4.30767393112,
        "var": 211733.921875
    },
    "pitch_instantaneous_confidence": {
        "kurt": -0.435512542725,
        "max": 0.937233507633,
        "mean": 0.457426697016,
        "median": 0.441270887852,
        "min": 0.130929350853,
        "skew": 0.431978404522,
        "var": 0.0306120105088
    },
    "pitch_salience": {
        "kurt": 1.75981903076,
        "max": 0.853279531002,
        "mean": 0.662486851215,
        "median": 0.67671918869,
        "min": 0.209704458714,
        "skew": -1.09444379807,
        "var": 0.0110207023099
    },
    "silence_rate_20dB": {
        "kurt": 0,
        "max": 1,
        "mean": 1,
        "median": 1,
        "min": 1,
        "skew": 0,
        "var": 0
    },
    "silence_rate_30dB": {
        "kurt": 0,
        "max": 1,
        "mean": 1,
        "median": 1,
        "min": 1,
        "skew": 0,
        "var": 0
    },
    "silence_rate_60dB": {
        "kurt": 0,
        "max": 1,
        "mean": 1,
        "median": 1,
        "min": 1,
        "skew": 0,
        "var": 0
    },
    "spectral_centroid": {
        "kurt": 127.180786133,
        "max": 10753.2070312,
        "mean": 904.854980469,
        "median": 770.419433594,
        "min": 318.051635742,
        "skew": 7.81991100311,
        "var": 295921.4375
    },
    "spectral_complexity": {
        "kurt": 23.0130729675,
        "max": 6,
        "mean": 0.212841853499,
        "median": 0,
        "min": 0,
        "skew": 4.60482311249,
        "var": 0.643161714077
    },
    "spectral_crest": {
        "kurt": 1.12912464142,
        "max": 24.5206813812,
        "mean": 9.82415676117,
        "median": 9.15400218964,
        "min": 2.83491301537,
        "skew": 1.04481625557,
        "var": 15.0173206329
    },
    "spectral_decrease": {
        "kurt": 86.3403396606,
        "max": 9.67697222808e-29,
        "mean": -1.5751344673e-11,
        "median": -1.6661869909e-14,
        "min": -9.81530967614e-10,
        "skew": -8.08551883698,
        "var": 4.48800089155e-21
    },
    "spectral_energy": {
        "kurt": 80.8937072754,
        "max": 0.0039843278937,
        "mean": 6.61407830194e-05,
        "median": 6.76412597045e-08,
        "min": 1.09486894113e-20,
        "skew": 7.82288646698,
        "var": 7.70886359192e-08
    },
    "spectral_energyband_high": {
        "kurt": 121.616165161,
        "max": 1.54018471221e-05,
        "mean": 1.93089150002e-07,
        "median": 1.44525835744e-10,
        "min": 7.70486267292e-21,
        "skew": 9.08598232269,
        "var": 7.69094477774e-13
    },
    "spectral_energyband_low": {
        "kurt": 12.8853902817,
        "max": 1.62338196219e-08,
        "mean": 1.07125019966e-09,
        "median": 1.19897591855e-10,
        "min": 5.84952793669e-23,
        "skew": 3.23181605339,
        "var": 4.55002896849e-18
    },
    "spectral_energyband_middle_high": {
        "kurt": 26.7275066376,
        "max": 0.000803333008662,
        "mean": 2.82225155388e-05,
        "median": 1.1646879905e-08,
        "min": 1.48269903368e-21,
        "skew": 4.96154546738,
        "var": 1.09986038055e-08
    },
    "spectral_energyband_middle_low": {
        "kurt": 139.217880249,
        "max": 0.00330108450726,
        "mean": 3.82494508813e-05,
        "median": 4.53104433973e-08,
        "min": 4.31811200895e-22,
        "skew": 10.61236763,
        "var": 3.93797563447e-08
    },
    "spectral_flatness_db": {
        "kurt": -0.718920946121,
        "max": 0.446619391441,
        "mean": 0.241578966379,
        "median": 0.24496409297,
        "min": 0.0732763707638,
        "skew": 0.293274015188,
        "var": 0.00538091966882
    },
    "spectral_flux": {
        "kurt": 11.1969356537,
        "max": 0.0388635955751,
        "mean": 0.00246364530176,
        "median": 0.000161516247317,
        "min": 1.04635987375e-10,
        "skew": 3.20950365067,
        "var": 3.46335073118e-05
    },
    "spectral_kurtosis": {
        "kurt": 6.8761177063,
        "max": 83.7389297485,
        "mean": 15.8495092392,
        "median": 12.6286582947,
        "min": -1.18115854263,
        "skew": 2.27258992195,
        "var": 131.350952148
    },
    "spectral_rms": {
        "kurt": 15.3310127258,
        "max": 0.00197158544324,
        "mean": 9.47905718931e-05,
        "median": 8.12351390778e-06,
        "min": 3.26827909354e-12,
        "skew": 3.60903310776,
        "var": 5.55423866899e-08
    },
    "spectral_rolloff": {
        "kurt": 125.882965088,
        "max": 19659.8144531,
        "mean": 1383.39758301,
        "median": 1162.79296875,
        "min": 322.998046875,
        "skew": 7.65029621124,
        "var": 1020929.3125
    },
    "spectral_skewness": {
        "kurt": 2.15897703171,
        "max": 6.82836532593,
        "mean": 3.0125951767,
        "median": 2.84150981903,
        "min": 0.0324209481478,
        "skew": 1.03120851517,
        "var": 0.81963133812
    },
    "spectral_spread": {
        "kurt": 143.400894165,
        "max": 39228480,
        "mean": 3367358,
        "median": 3159670.5,
        "min": 963446.0625,
        "skew": 8.59505367279,
        "var": 3.86192035021e+12
    },
    "spectral_strongpeak": {
        "kurt": 36.8757019043,
        "max": 1.27504336834,
        "mean": 0.0362708717585,
        "median": 0.00186919188127,
        "min": 4.77464467963e-09,
        "skew": 5.10712194443,
        "var": 0.0108316093683
    },
    "zerocrossingrate": {
        "kurt": 111.21421814,
        "max": 0.5224609375,
        "mean": 0.0503069013357,
        "median": 0.04443359375,
        "min": 0.01708984375,
        "skew": 7.90899133682,
        "var": 0.000819149776362
    },
    "barkbands": {
        "kurt": [123.615386963, 150.421981812, 16.2400188446, 126.176834106, 127.251464844, 27.3512916565, 67.4669723511, 74.3135681152, 148.538970947, 113.957115173, 113.327346802, 92.9057998657, 95.3872680664, 149.908035278, 128.779846191, 124.357727051, 78.8439483643, 148.013824463, 192.46333313, 97.4154815674, 245.291442871, 66.8589553833, 77.687171936, 55.7348403931, 57.2096633911, 107.771156311, 172.125],
        "max": [2.97843721908e-10, 6.83458067918e-10, 8.08576139377e-09, 9.69825180164e-08, 2.52329073192e-06, 2.61262607637e-06, 4.19012849306e-06, 0.000232215126744, 0.00306409248151, 0.000192364532268, 7.08983789082e-05, 0.000264271424385, 0.000547359348275, 0.000409764936194, 0.000334374053637, 0.000277531216852, 6.42479863018e-05, 9.34187701205e-05, 0.000148049773998, 3.52684146492e-05, 1.24538792079e-05, 1.19145806821e-06, 2.20496445991e-07, 7.33736058578e-08, 2.05999182157e-08, 1.78173487075e-09, 2.3208802935e-10],
        "mean": [3.71931305199e-12, 1.01553513862e-11, 4.00022542868e-10, 1.77126802114e-09, 4.75066208594e-08, 9.64105382195e-08, 8.38714697693e-08, 4.01114493798e-06, 3.27333982568e-05, 2.20923425331e-06, 9.90681883195e-07, 3.28410374095e-06, 7.76230808697e-06, 4.14419127992e-06, 3.67501252185e-06, 3.18810680255e-06, 9.31660906645e-07, 1.09863560738e-06, 1.32184902668e-06, 4.22015716595e-07, 1.12114356909e-07, 2.15530633341e-08, 3.02351099712e-09, 1.47254353156e-09, 3.77021025511e-10, 2.44742975886e-11, 2.17480330619e-12],
        "median": [1.39115505411e-14, 1.17335611713e-12, 2.38091924648e-11, 2.04744110555e-10, 2.82413759045e-09, 2.43665421173e-09, 1.34338573599e-09, 7.3837549408e-09, 7.05665170742e-09, 1.75556491566e-09, 9.23107368322e-10, 7.29283078371e-10, 1.08669695464e-09, 3.10774767032e-10, 3.79758113844e-10, 2.00670757788e-10, 7.00131896902e-11, 1.11751177756e-10, 1.86594795171e-10, 5.99772245757e-11, 7.00237645646e-11, 9.11510363716e-12, 5.03693007442e-12, 4.92594897164e-12, 1.29849332241e-12, 6.19742904456e-14, 1.47947094435e-15],
        "min": [3.0668580911e-24, 3.60107808822e-23, 1.27518355587e-23, 3.27856934652e-23, 1.16615351244e-22, 7.06683939438e-23, 4.65542224248e-23, 9.28844840832e-23, 6.93057597923e-23, 3.38325024201e-23, 2.46470202392e-23, 6.17355286906e-23, 1.38679210161e-22, 1.41917402136e-22, 1.71836270942e-22, 8.14494277693e-23, 1.5532772198e-22, 1.65044115439e-22, 3.43260238998e-22, 3.90696426847e-22, 4.48938443998e-22, 4.33648628337e-22, 5.85052669771e-22, 6.52815493363e-22, 1.3124019124e-21, 1.90058579199e-21, 2.40227022766e-21],
        "skew": [9.49324989319, 10.4466714859, 3.64878940582, 9.81539058685, 9.84163379669, 4.7745680809, 7.06936264038, 8.02024078369, 11.0852394104, 10.115981102, 9.79996490479, 8.99551773071, 9.08351898193, 10.8338537216, 10.0265245438, 9.9830083847, 8.18147468567, 10.3929901123, 11.9412183762, 9.13377475739, 13.111615181, 7.4152674675, 7.97262620926, 6.81809568405, 6.52827215195, 8.43713188171, 11.5491790771],
        "var": [3.02832973006e-22, 1.38318664124e-21, 8.39714776977e-19, 3.30858447649e-17, 2.7141197208e-14, 7.82536131705e-14, 8.71950962497e-14, 3.673521487e-10, 3.36753238628e-08, 1.96607355396e-10, 2.58164184475e-11, 3.54761192645e-10, 1.78010994833e-09, 5.68055158467e-10, 3.90001086981e-10, 3.13996995072e-10, 2.3117865261e-11, 2.7201086869e-11, 5.65896739191e-11, 6.47490091057e-12, 3.39968938418e-13, 9.88060883654e-15, 2.36447129644e-16, 4.19488070957e-17, 2.33488457621e-18, 1.07837226169e-20, 1.48510966639e-22],
        "cov": [[3.03193476129e-22, 5.63589746158e-22, -5.8509861303e-22, 8.43884420366e-22, 3.17717203999e-19, 9.81176516999e-19, 1.58380468341e-18, 1.4790107143e-16, 1.14945812014e-15, 5.39418771127e-17, 3.03178966032e-17, 1.23967162888e-16, 3.29522365671e-16, 1.18202918394e-16, 1.28332201598e-16, 7.70847826128e-17, 2.34514521404e-17, 2.17572290816e-17, 3.38087179022e-17, 7.67563472419e-18, 3.39320592169e-18, 4.52083156082e-19, 6.18959477587e-20, 3.3069831091e-20, 8.14279664613e-21, 6.07847089617e-22, 6.33301258135e-23], [5.63589746158e-22, 1.38483332843e-21, 3.10470635938e-22, 1.64802650795e-21, 4.91997205577e-19, 1.62359176068e-18, 2.663095988e-18, 3.61172519369e-16, 4.39093621285e-15, 1.13806962981e-16, 5.32753515187e-17, 3.10309064389e-16, 8.98636947258e-16, 2.68907893872e-16, 2.66159721944e-16, 1.96330603705e-16, 5.47280924326e-17, 5.3217875701e-17, 9.61547632733e-17, 2.16998045491e-17, 8.35285741785e-18, 1.15958748441e-18, 1.87366890673e-19, 7.93061221743e-20, 1.86522927341e-20, 1.47792578149e-21, 2.01979176245e-22], [-5.8509861303e-22, 3.10470635938e-22, 8.40714424748e-19, 1.08060207566e-18, 8.54209318095e-18, -1.64431098066e-17, -1.02592407233e-17, -5.93300680954e-16, -3.14847143989e-15, -4.22190152381e-16, -2.51388182028e-16, -5.20015760934e-16, -1.42715713074e-15, -6.5133450806e-16, -6.58572669292e-16, -5.85454667703e-16, -1.46346911555e-16, -1.77241075113e-16, -2.41194511085e-16, -4.52385341703e-17, -1.69546267169e-17, -3.77050388539e-18, -4.95997606115e-19, -2.5557058174e-19, -6.61282625993e-20, -4.48954943182e-21, -2.77144430758e-22], [8.43884420366e-22, 1.64802650795e-21, 1.08060207566e-18, 3.31252317969e-17, 1.57585185881e-16, 2.26104195613e-16, 1.3631617534e-16, -2.66726731093e-16, -9.74760941722e-15, 1.07453689128e-15, 3.76245153028e-17, -2.36972035961e-15, -4.70814115775e-15, 7.07012630661e-16, -3.55214860195e-16, 9.59646930504e-16, 1.82155970554e-16, -1.80832428635e-16, -1.70793447083e-16, 1.40452144578e-16, 3.32369276494e-17, 9.67031314934e-19, 9.3389383921e-19, 3.92985444013e-19, 1.15850974562e-19, 2.94961277132e-21, -6.31379782296e-22], [3.17717203999e-19, 4.91997205577e-19, 8.54209318095e-18, 1.57585185881e-16, 2.71735081268e-14, 1.86826025299e-14, 8.90872831505e-15, 1.24306611554e-13, 6.93011674522e-13, 2.11472549541e-13, 9.30958835141e-15, -2.06775091163e-14, -6.1958745697e-14, 1.05710870558e-13, 7.9710848653e-14, 9.5336553322e-14, 5.59742783536e-14, 8.7987526065e-14, 3.13750930889e-14, 3.18165192272e-14, 5.75003530507e-15, 2.69859826556e-15, 2.549657845e-16, 1.22503635539e-16, 5.11188254873e-17, 3.36993402234e-18, 1.02387873385e-19], [9.81176516999e-19, 1.62359176068e-18, -1.64431098066e-17, 2.26104195613e-16, 1.86826025299e-14, 7.83467732422e-14, 2.05387617314e-14, 5.04914306979e-13, 7.6174431346e-12, 3.43876403047e-13, 2.37071782561e-13, 3.03447317187e-13, 1.93695450304e-12, 9.80855370883e-13, 5.91179069673e-13, 6.60550715688e-13, 2.67332082035e-13, 3.43397510948e-13, 2.42896062421e-13, 1.43429999865e-13, 3.60780368525e-14, 5.67858002916e-15, 7.480052666e-16, 3.96053494955e-16, 1.13601425143e-16, 6.23043149364e-18, 4.66962274145e-19], [1.58380468341e-18, 2.663095988e-18, -1.02592407233e-17, 1.3631617534e-16, 8.90872831505e-15, 2.05387617314e-14, 8.72989018314e-14, 2.71483356629e-12, 1.1564129862e-11, 1.71034031122e-12, 4.81587046717e-13, 1.25462845408e-12, 2.15068392782e-12, 1.92938872344e-12, 1.72465861037e-12, 8.8290312561e-13, 4.43935768138e-13, 3.40707117467e-13, 5.08746961659e-13, 1.73547997804e-13, 4.96224494329e-14, 7.19602515461e-15, 1.45084281892e-15, 7.57404367699e-16, 1.54532545313e-16, 1.21299642725e-17, 7.76400046447e-19], [1.4790107143e-16, 3.61172519369e-16, -5.93300680954e-16, -2.66726731093e-16, 1.24306611554e-13, 5.04914306979e-13, 2.71483356629e-12, 3.6778946555e-10, 2.22991247689e-09, 7.68110575144e-11, 2.75289617491e-11, 2.30358523923e-10, 4.00937311129e-10, 1.49444664976e-10, 1.80091150326e-10, 6.82152737075e-11, 3.17390801141e-11, 2.9632261922e-11, 4.76261287352e-11, 8.06304762541e-12, 4.02025808477e-12, 6.11643494099e-13, 9.77852171523e-14, 4.94350010417e-14, 1.01186750697e-14, 8.86411032516e-16, 1.36820199649e-16], [1.14945812014e-15, 4.39093621285e-15, -3.14847143989e-15, -9.74760941722e-15, 6.93011674522e-13, 7.6174431346e-12, 1.1564129862e-11, 2.22991247689e-09, 3.37154162366e-08, 5.34077226888e-10, 2.19389437173e-10, 1.84444592932e-09, 4.00164434922e-09, 1.49578638364e-09, 1.63629654271e-09, 9.59173740434e-10, 3.71872060922e-10, 3.40538985899e-10, 5.3195425842e-10, 1.48754494833e-10, 5.55382961842e-11, 7.00557797537e-12, 1.35095038455e-12, 5.8770409329e-13, 1.16463018699e-13, 1.05904444692e-14, 1.36757249219e-15], [5.39418771127e-17, 1.13806962981e-16, -4.22190152381e-16, 1.07453689128e-15, 2.11472549541e-13, 3.43876403047e-13, 1.71034031122e-12, 7.68110575144e-11, 5.34077226888e-10, 1.96841418165e-10, 2.65467630517e-11, 5.06720256033e-11, 1.5387134622e-10, 1.01573638389e-10, 8.98270971494e-11, 9.21074744253e-11, 2.80923964646e-11, 2.42370984394e-11, 2.19348532393e-11, 7.69151582702e-12, 2.06416849759e-12, 3.4963451947e-13, 7.58934405663e-14, 3.69096233069e-14, 8.08453137606e-15, 5.02842167929e-16, 5.17716628965e-17], [3.03178966032e-17, 5.32753515187e-17, -2.51388182028e-16, 3.76245153028e-17, 9.30958835141e-15, 2.37071782561e-13, 4.81587046717e-13, 2.75289617491e-11, 2.19389437173e-10, 2.65467630517e-11, 2.58471525433e-11, 2.36484529875e-11, 5.87870307989e-11, 3.23807508584e-11, 2.98910687868e-11, 1.46009454527e-11, 5.58498343059e-12, 5.77555971798e-12, 8.41854971151e-12, 1.56198253116e-12, 6.12233354291e-13, 1.11998728163e-13, 1.69349685777e-14, 8.82442566691e-15, 2.2045864161e-15, 1.47447802924e-16, 1.22401265321e-17], [1.23967162888e-16, 3.10309064389e-16, -5.20015760934e-16, -2.36972035961e-15, -2.06775091163e-14, 3.03447317187e-13, 1.25462845408e-12, 2.30358523923e-10, 1.84444592932e-09, 5.06720256033e-11, 2.36484529875e-11, 3.55183521483e-10, 3.8039030259e-10, 7.32598079423e-11, 1.76651346329e-10, 4.7728924979e-11, 1.50495969853e-11, 1.72850345148e-11, 2.55235624302e-11, 1.89377962097e-12, 2.72082096436e-12, 4.56874663969e-13, 5.07585001862e-14, 3.02609703246e-14, 5.9415096439e-15, 5.70258155475e-16, 1.39484065328e-16], [3.29522365671e-16, 8.98636947258e-16, -1.42715713074e-15, -4.70814115775e-15, -6.1958745697e-14, 1.93695450304e-12, 2.15068392782e-12, 4.00937311129e-10, 4.00164434922e-09, 1.5387134622e-10, 5.87870307989e-11, 3.8039030259e-10, 1.78222914204e-09, 3.17849524478e-10, 2.48494613775e-10, 3.64545171827e-10, 5.70217380258e-11, 6.34268609856e-11, 1.1475764089e-10, 2.16475830317e-11, 9.79906607246e-12, 1.47143278464e-12, 1.65424165794e-13, 7.16548267119e-14, 2.51783609831e-14, 1.1888070357e-15, 2.11189189492e-16], [1.18202918394e-16, 2.68907893872e-16, -6.5133450806e-16, 7.07012630661e-16, 1.05710870558e-13, 9.80855370883e-13, 1.92938872344e-12, 1.49444664976e-10, 1.49578638364e-09, 1.01573638389e-10, 3.23807508584e-11, 7.32598079423e-11, 3.17849524478e-10, 5.68731395312e-10, 1.88612708785e-10, 1.83385071018e-10, 7.53985138213e-11, 5.34286850873e-11, 1.35669891987e-10, 3.29428567758e-11, 1.0944912511e-11, 1.3381197192e-12, 2.2337347087e-13, 1.05759727419e-13, 2.43550330999e-14, 1.15834402515e-15, 9.15445680822e-17], [1.28332201598e-16, 2.66159721944e-16, -6.58572669292e-16, -3.55214860195e-16, 7.9710848653e-14, 5.91179069673e-13, 1.72465861037e-12, 1.80091150326e-10, 1.63629654271e-09, 8.98270971494e-11, 2.98910687868e-11, 1.76651346329e-10, 2.48494613775e-10, 1.88612708785e-10, 3.90465354494e-10, 1.45065667811e-10, 5.0681493724e-11, 4.53029246061e-11, 6.47215475658e-11, 1.8988465314e-11, 5.56256559911e-12, 9.27401926955e-13, 1.70743356519e-13, 7.74488912131e-14, 1.60278996293e-14, 1.34926408679e-15, 7.70749292373e-17], [7.70847826128e-17, 1.96330603705e-16, -5.85454667703e-16, 9.59646930504e-16, 9.5336553322e-14, 6.60550715688e-13, 8.8290312561e-13, 6.82152737075e-11, 9.59173740434e-10, 9.21074744253e-11, 1.46009454527e-11, 4.7728924979e-11, 3.64545171827e-10, 1.83385071018e-10, 1.45065667811e-10, 3.14370807164e-10, 4.41199680956e-11, 4.26216562044e-11, 5.29503905999e-11, 2.21744844708e-11, 4.50080294215e-12, 9.14497210597e-13, 1.13610726729e-13, 5.39111466515e-14, 1.45985213664e-14, 6.86520627266e-16, 4.89674776066e-17], [2.34514521404e-17, 5.47280924326e-17, -1.46346911555e-16, 1.82155970554e-16, 5.59742783536e-14, 2.67332082035e-13, 4.43935768138e-13, 3.17390801141e-11, 3.71872060922e-10, 2.80923964646e-11, 5.58498343059e-12, 1.50495969853e-11, 5.70217380258e-11, 7.53985138213e-11, 5.0681493724e-11, 4.41199680956e-11, 2.31453866489e-11, 1.90491494106e-11, 2.29051343864e-11, 7.9771978953e-12, 2.04576178046e-12, 3.03211150849e-13, 5.06005488703e-14, 2.55142620627e-14, 5.09692377483e-15, 3.36011908596e-16, 1.87957603612e-17], [2.17572290816e-17, 5.3217875701e-17, -1.77241075113e-16, -1.80832428635e-16, 8.7987526065e-14, 3.43397510948e-13, 3.40707117467e-13, 2.9632261922e-11, 3.40538985899e-10, 2.42370984394e-11, 5.77555971798e-12, 1.72850345148e-11, 6.34268609856e-11, 5.34286850873e-11, 4.53029246061e-11, 4.26216562044e-11, 1.90491494106e-11, 2.72334689522e-11, 1.88741106077e-11, 9.39901628749e-12, 1.36396558111e-12, 3.03967300549e-13, 4.44560736151e-14, 2.15624586464e-14, 4.71880996124e-15, 2.90695804737e-16, 1.73028548655e-17], [3.38087179022e-17, 9.61547632733e-17, -2.41194511085e-16, -1.70793447083e-16, 3.13750930889e-14, 2.42896062421e-13, 5.08746961659e-13, 4.76261287352e-11, 5.3195425842e-10, 2.19348532393e-11, 8.41854971151e-12, 2.55235624302e-11, 1.1475764089e-10, 1.35669891987e-10, 6.47215475658e-11, 5.29503905999e-11, 2.29051343864e-11, 1.88741106077e-11, 5.66570401705e-11, 1.10403439862e-11, 2.66343999807e-12, 4.01651232889e-13, 7.54092833099e-14, 3.21489898234e-14, 6.93353642052e-15, 4.05340337719e-16, 2.10988247469e-17], [7.67563472419e-18, 2.16998045491e-17, -4.52385341703e-17, 1.40452144578e-16, 3.18165192272e-14, 1.43429999865e-13, 1.73547997804e-13, 8.06304762541e-12, 1.48754494833e-10, 7.69151582702e-12, 1.56198253116e-12, 1.89377962097e-12, 2.16475830317e-11, 3.29428567758e-11, 1.8988465314e-11, 2.21744844708e-11, 7.9771978953e-12, 9.39901628749e-12, 1.10403439862e-11, 6.48260915434e-12, 7.75662086644e-13, 1.65474526984e-13, 2.7956679872e-14, 1.11087405415e-14, 2.28873172788e-15, 1.48086505471e-16, 5.39819928908e-18], [3.39320592169e-18, 8.35285741785e-18, -1.69546267169e-17, 3.32369276494e-17, 5.75003530507e-15, 3.60780368525e-14, 4.96224494329e-14, 4.02025808477e-12, 5.55382961842e-11, 2.06416849759e-12, 6.12233354291e-13, 2.72082096436e-12, 9.79906607246e-12, 1.0944912511e-11, 5.56256559911e-12, 4.50080294215e-12, 2.04576178046e-12, 1.36396558111e-12, 2.66343999807e-12, 7.75662086644e-13, 3.40373671089e-13, 3.64810991745e-14, 5.45001792922e-15, 2.66916281185e-15, 6.99604215807e-16, 3.79319518667e-17, 2.95029164911e-18], [4.52083156082e-19, 1.15958748441e-18, -3.77050388539e-18, 9.67031314934e-19, 2.69859826556e-15, 5.67858002916e-15, 7.19602515461e-15, 6.11643494099e-13, 7.00557797537e-12, 3.4963451947e-13, 1.11998728163e-13, 4.56874663969e-13, 1.47143278464e-12, 1.3381197192e-12, 9.27401926955e-13, 9.14497210597e-13, 3.03211150849e-13, 3.03967300549e-13, 4.01651232889e-13, 1.65474526984e-13, 3.64810991745e-14, 9.89237073604e-15, 1.12613316211e-15, 4.98259137349e-16, 1.26261986901e-16, 7.60648077062e-18, 3.88445592468e-19], [6.18959477587e-20, 1.87366890673e-19, -4.95997606115e-19, 9.3389383921e-19, 2.549657845e-16, 7.480052666e-16, 1.45084281892e-15, 9.77852171523e-14, 1.35095038455e-12, 7.58934405663e-14, 1.69349685777e-14, 5.07585001862e-14, 1.65424165794e-13, 2.2337347087e-13, 1.70743356519e-13, 1.13610726729e-13, 5.06005488703e-14, 4.44560736151e-14, 7.54092833099e-14, 2.7956679872e-14, 5.45001792922e-15, 1.12613316211e-15, 2.3672860928e-16, 8.50899586484e-17, 1.6632956029e-17, 1.33205495232e-18, 4.49962084045e-20], [3.3069831091e-20, 7.93061221743e-20, -2.5557058174e-19, 3.92985444013e-19, 1.22503635539e-16, 3.96053494955e-16, 7.57404367699e-16, 4.94350010417e-14, 5.8770409329e-13, 3.69096233069e-14, 8.82442566691e-15, 3.02609703246e-14, 7.16548267119e-14, 1.05759727419e-13, 7.74488912131e-14, 5.39111466515e-14, 2.55142620627e-14, 2.15624586464e-14, 3.21489898234e-14, 1.11087405415e-14, 2.66916281185e-15, 4.98259137349e-16, 8.50899586484e-17, 4.19987456436e-17, 7.90022170512e-18, 5.73372545903e-19, 2.54598550817e-20], [8.14279664613e-21, 1.86522927341e-20, -6.61282625993e-20, 1.15850974562e-19, 5.11188254873e-17, 1.13601425143e-16, 1.54532545313e-16, 1.01186750697e-14, 1.16463018699e-13, 8.08453137606e-15, 2.2045864161e-15, 5.9415096439e-15, 2.51783609831e-14, 2.43550330999e-14, 1.60278996293e-14, 1.45985213664e-14, 5.09692377483e-15, 4.71880996124e-15, 6.93353642052e-15, 2.28873172788e-15, 6.99604215807e-16, 1.26261986901e-16, 1.6632956029e-17, 7.90022170512e-18, 2.33766431666e-18, 1.24142374528e-19, 6.38893140945e-21], [6.07847089617e-22, 1.47792578149e-21, -4.48954943182e-21, 2.94961277132e-21, 3.36993402234e-18, 6.23043149364e-18, 1.21299642725e-17, 8.86411032516e-16, 1.05904444692e-14, 5.02842167929e-16, 1.47447802924e-16, 5.70258155475e-16, 1.1888070357e-15, 1.15834402515e-15, 1.34926408679e-15, 6.86520627266e-16, 3.36011908596e-16, 2.90695804737e-16, 4.05340337719e-16, 1.48086505471e-16, 3.79319518667e-17, 7.60648077062e-18, 1.33205495232e-18, 5.73372545903e-19, 1.24142374528e-19, 1.07965600723e-20, 4.93355680096e-22], [6.33301258135e-23, 2.01979176245e-22, -2.77144430758e-22, -6.31379782296e-22, 1.02387873385e-19, 4.66962274145e-19, 7.76400046447e-19, 1.36820199649e-16, 1.36757249219e-15, 5.17716628965e-17, 1.22401265321e-17, 1.39484065328e-16, 2.11189189492e-16, 9.15445680822e-17, 7.70749292373e-17, 4.89674776066e-17, 1.87957603612e-17, 1.73028548655e-17, 2.10988247469e-17, 5.39819928908e-18, 2.95029164911e-18, 3.88445592468e-19, 4.49962084045e-20, 2.54598550817e-20, 6.38893140945e-21, 4.93355680096e-22, 1.48687759834e-22]]
    },
    "mfcc": {
        "kurt": [2.10739994049, -0.38035607338, 3.41479158401, 1.14760065079, 1.09871339798, 3.00785446167, 3.9375743866, 3.76517724991, 5.11996936798, 4.38886880875, 3.6941242218, 5.26434898376, 3.23956346512],
        "max": [-856.469238281, 101.195137024, 24.6912879944, 10.2587471008, 2.06871032715, 4.70481109619, 13.9733009338, 27.5275821686, 29.3762016296, 47.0689239502, 43.6935691833, 24.7500095367, 17.0551376343],
        "mean": [-1097.25402832, 22.8276233673, -15.574095726, -12.7447843552, -9.73732948303, -9.45504665375, -5.10233974457, -3.08178710938, -0.296107530594, 2.65102124214, 2.89162826538, -0.502267599106, -3.28052401543],
        "median": [-1133.27685547, 5.83955001831, -6.103515625e-05, 8.01086425781e-05, -1.80706787109, -1.58846282959, -0.171901702881, -5.34057617188e-05, -4.57763671875e-05, -2.28881835938e-05, -2.67028808594e-05, -3.0517578125e-05, -3.81469726562e-05],
        "min": [-1138.42004395, 1.14440917969e-05, -165.353851318, -82.8083572388, -64.9493789673, -82.9292297363, -51.7872848511, -33.320526123, -34.392616272, -23.7005386353, -27.7922115326, -25.549987793, -33.7415237427],
        "skew": [1.82530975342, 1.06944990158, -2.14213109016, -1.57141423225, -1.38458502293, -1.68381202221, -1.61855828762, -0.928691089153, 0.0932194888592, 1.41086220741, 1.28358626366, -0.107818543911, -1.51453173161],
        "var": [4879.8203125, 905.524963379, 1685.13586426, 479.593292236, 178.642868042, 177.302627563, 58.0398750305, 46.0665626526, 41.4931716919, 78.0429077148, 72.0157699585, 27.509059906, 41.7101402283],
        "cov": [[4885.62939453, 1891.09997559, -2727.66601562, -1287.9864502, -780.340026855, -788.140930176, -242.801574707, -167.117538452, 117.842430115, 369.376708984, 332.775634766, -45.6709861755, -301.83505249], [1891.09997559, 906.602966309, -916.366271973, -598.062744141, -359.269378662, -336.888275146, -137.778778076, -87.687461853, -4.77082014084, 105.688423157, 122.917655945, -14.9294214249, -116.780570984], [-2727.66601562, -916.366271973, 1687.14196777, 696.177856445, 373.669464111, 392.309783936, 79.4800567627, 52.429107666, -107.663848877, -246.408996582, -213.782852173, 15.9418745041, 164.995529175], [-1287.9864502, -598.062744141, 696.177856445, 480.164245605, 242.819900513, 185.269042969, 53.739730835, 32.199344635, -8.24433326721, -91.0507125854, -120.976196289, -12.468755722, 72.8856201172], [-780.340026855, -359.269378662, 373.669464111, 242.819900513, 178.855545044, 138.979385376, 43.657119751, 32.9077186584, -10.751367569, -50.6107063293, -57.1176376343, -3.74413943291, 45.2697792053], [-788.140930176, -336.888275146, 392.309783936, 185.269042969, 138.979385376, 177.513702393, 69.8537139893, 26.5898838043, -17.3277454376, -54.8293113708, -43.8064498901, 14.6712265015, 52.4046020508], [-242.801574707, -137.778778076, 79.4800567627, 53.739730835, 43.657119751, 69.8537139893, 58.1089706421, 31.1952838898, 0.0434399917722, -16.103767395, -9.5147600174, 9.64168739319, 20.9310760498], [-167.117538452, -87.687461853, 52.429107666, 32.199344635, 32.9077186584, 26.5898838043, 31.1952838898, 46.1214065552, 9.02118778229, -14.523815155, -5.13261699677, 2.9525821209, 11.5544471741], [117.842430115, -4.77082014084, -107.663848877, -8.24433326721, -10.751367569, -17.3277454376, 0.0434399917722, 9.02118778229, 41.5425682068, 36.1571235657, 12.4657869339, -2.16955947876, -12.3597307205], [369.376708984, 105.688423157, -246.408996582, -91.0507125854, -50.6107063293, -54.8293113708, -16.103767395, -14.523815155, 36.1571235657, 78.1358184814, 53.9558448792, -1.46739685535, -33.7156867981], [332.775634766, 122.917655945, -213.782852173, -120.976196289, -57.1176376343, -43.8064498901, -9.5147600174, -5.13261699677, 12.4657869339, 53.9558448792, 72.1015014648, 17.432970047, -29.74284935], [-45.6709861755, -14.9294214249, 15.9418745041, -12.468755722, -3.74413943291, 14.6712265015, 9.64168739319, 2.9525821209, -2.16955947876, -1.46739685535, 17.432970047, 27.541809082, 10.9853572845], [-301.83505249, -116.780570984, 164.995529175, 72.8856201172, 45.2697792053, 52.4046020508, 20.9310760498, 11.5544471741, -12.3597307205, -33.7156867981, -29.74284935, 10.9853572845, 41.7597923279]]
    },
    "sccoeffs": {
        "kurt": [-0.558724164963, 2.6796708107, 1.97154951096, 1.35956430435, -0.0760614871979, 0.577459812164],
        "max": [-0.434374064207, -0.397646933794, -0.588577508926, -0.642086982727, -0.699206352234, -0.722472012043],
        "mean": [-0.706733107567, -0.829281926155, -0.861186265945, -0.863010764122, -0.866686105728, -0.862497806549],
        "median": [-0.720777988434, -0.85853600502, -0.87496483326, -0.875741899014, -0.87251585722, -0.875080227852],
        "min": [-0.962523043156, -0.957543492317, -0.970438957214, -0.959716498852, -0.958719909191, -0.959527850151],
        "skew": [0.329543501139, 1.69159853458, 1.34565067291, 1.16869771481, 0.682250380516, 1.11098575592],
        "var": [0.00772978039458, 0.0104397218674, 0.00390444207005, 0.00256495946087, 0.00254530413076, 0.00173486431595],
        "cov": [[0.00773898232728, 0.00160212581977, 0.00176686362829, 0.0013324910542, 0.00148858025204, 0.000461296382127], [0.00160212581977, 0.0104521503672, 0.00481320731342, 0.00397021416575, 0.0039518494159, 0.00339309172705], [0.00176686362829, 0.00481320731342, 0.00390909053385, 0.00227042241022, 0.00232288148254, 0.00186424585991], [0.0013324910542, 0.00397021416575, 0.00227042241022, 0.00256801303476, 0.00200315844268, 0.00155655713752], [0.00148858025204, 0.0039518494159, 0.00232288148254, 0.00200315844268, 0.00254833418876, 0.00162727176212], [0.000461296382127, 0.00339309172705, 0.00186424585991, 0.00155655713752, 0.00162727176212, 0.00173692964017]]
    },
    "scvalleys": {
        "kurt": [22.9424324036, 9.18685150146, 1.88976049423, 1.25237083435, 1.98847436905, 2.91151189804],
        "max": [-11.4064455032, -8.31052684784, -6.6994395256, -6.76768445969, -8.01422119141, -11.694024086],
        "mean": [-14.6717433929, -11.5528516769, -11.8800792694, -12.5260248184, -13.7701997757, -16.0847759247],
        "median": [-14.8971767426, -11.6900653839, -12.0941963196, -13.1606607437, -14.4133005142, -16.4068946838],
        "min": [-27.4244022369, -27.7211589813, -26.9981689453, -27.303276062, -27.2815895081, -27.1840515137],
        "skew": [-1.37846696377, -0.849355101585, 0.147970736027, 0.519659936428, 0.698946595192, 0.581070125103],
        "var": [1.1529392004, 2.74325585365, 4.64329814911, 5.49901628494, 4.30086803436, 2.49466371536],
        "cov": [[1.15431177616, 1.41064143181, 1.82593953609, 1.98813641071, 1.75464260578, 1.3890863657], [1.41064143181, 2.74652147293, 3.29231142998, 3.35875153542, 2.8317425251, 2.28316092491], [1.82593953609, 3.29231142998, 4.64882564545, 4.7993350029, 4.09933900833, 3.12832379341], [1.98813641071, 3.35875153542, 4.7993350029, 5.50556278229, 4.73935508728, 3.43464756012], [1.75464260578, 2.8317425251, 4.09933900833, 4.73935508728, 4.30598831177, 3.08994174004], [1.3890863657, 2.28316092491, 3.12832379341, 3.43464756012, 3.08994174004, 2.4976336956]]
    }
},
"rhythm": {
    "beats_loudness": {
        "kurt": 15.8286266327,
        "max": 0.00393470097333,
        "mean": 0.00026499008527,
        "median": 1.29399654725e-06,
        "min": 5.17916709519e-10,
        "skew": 4.02391624451,
        "var": 5.99963755121e-07
    },
    "bpm": 80.1142883301,
    "confidence": 0.933217227459,
    "first_peak_bpm": {
        "kurt": 0,
        "max": 80,
        "mean": 80,
        "median": 80,
        "min": 80,
        "skew": 0,
        "var": 0
    },
    "first_peak_spread": {
        "kurt": 0,
        "max": 0.545454502106,
        "mean": 0.545454502106,
        "median": 0.545454502106,
        "min": 0.545454502106,
        "skew": 0,
        "var": 0
    },
    "first_peak_weight": {
        "kurt": 0,
        "max": 0.192307695746,
        "mean": 0.192307695746,
        "median": 0.192307695746,
        "min": 0.192307695746,
        "skew": 0,
        "var": 0
    },
    "onset_rate": 1.07728135586,
    "second_peak_bpm": {
        "kurt": 0,
        "max": 92,
        "mean": 92,
        "median": 92,
        "min": 92,
        "skew": 0,
        "var": 0
    },
    "second_peak_spread": {
        "kurt": 0,
        "max": 0.125,
        "mean": 0.125,
        "median": 0.125,
        "min": 0.125,
        "skew": 0,
        "var": 0
    },
    "second_peak_weight": {
        "kurt": 0,
        "max": 0.269230782986,
        "mean": 0.269230782986,
        "median": 0.269230782986,
        "min": 0.269230782986,
        "skew": 0,
        "var": 0
    },
    "beats_loudness_band_ratio": {
        "kurt": [1.44505596161, -0.365628957748, -0.620593309402, 1.09926366806, 3.64033460617, 2.94863700867],
        "max": [0.156938701868, 0.716730117798, 0.861242175102, 0.689305663109, 0.476590037346, 0.0546722412109],
        "mean": [0.0277229119092, 0.189041033387, 0.500031173229, 0.208629503846, 0.0927311107516, 0.0134862493724],
        "median": [0.0019872111734, 0.0607104562223, 0.485784143209, 0.131609708071, 0.0351477824152, 0.0101009150967],
        "min": [7.36775007226e-07, 6.00319908699e-05, 0.0870848372579, 0.0353798419237, 0.00361165800132, 0.000579921528697],
        "skew": [1.57058393955, 0.875834584236, -0.00480965897441, 1.50702500343, 1.8812006712, 1.79641568661],
        "var": [0.00179329118691, 0.0454207658768, 0.0395901463926, 0.0342494435608, 0.0116552487016, 0.000160897237947],
        "cov": [[0.00186226388905, 0.00591271929443, -0.00200252840295, -0.00270587857813, -0.0016495459713, -4.52028325526e-05], [0.00591271929443, 0.0471677184105, -0.0208200551569, -0.0162129104137, -0.010444466956, -0.000477919558762], [-0.00200252840295, -0.0208200551569, 0.0411128439009, -0.0181318353862, -0.00210935296491, -4.32874512626e-05], [-0.00270587857813, -0.0162129104137, -0.0181318353862, 0.0355667322874, -5.70507254452e-05, -0.000697508396115], [-0.0016495459713, -0.010444466956, -0.00210935296491, -5.70507254452e-05, 0.0121035277843, 0.0011255844729], [-4.52028325526e-05, -0.000477919558762, -4.32874512626e-05, -0.000697508396115, 0.0011255844729, 0.000167085585417]]
    },
    "beats_position": [0.626938760281, 1.27709746361, 1.92725622654, 2.57741498947, 3.1811337471, 3.78485250473, 4.38857126236, 5.07355976105, 5.67727899551, 6.39709758759, 7.11691617966, 7.81351470947, 8.51011276245, 9.2067117691, 9.93814086914, 10.7043991089, 11.4822673798, 12.2369155884, 12.9915647507, 13.7462129593, 14.512471199, 15.2555103302, 16.0101585388, 16.6719264984, 17.3220863342, 17.9838542938, 18.6456241608],
    "bpm_estimates": [83.3543319702, 83.3543319702, 82.0311889648, 78.3025817871, 77.1338806152, 79.5072479248, 79.5071411133, 79.5072479248, 78.3025817871, 80.7494506836, 79.5072479248],
    "bpm_intervals": [0.650158703327, 0.650158762932, 0.650158762932, 0.603718757629, 0.603718757629, 0.603718757629, 0.684988498688, 0.603719234467, 0.719818592072, 0.719818592072, 0.696598529816, 0.696598052979, 0.696599006653, 0.731429100037, 0.766258239746, 0.777868270874, 0.754648208618, 0.754649162292, 0.754648208618, 0.766258239746, 0.743039131165, 0.754648208618, 0.661767959595, 0.650159835815, 0.661767959595, 0.661769866943],
    "onset_times": [0.487619042397, 0.731428563595, 1.764716506, 2.3916554451, 3.80807256699, 4.41179132462, 5.1780500412, 5.61922883987, 6.87310647964, 7.1517457962, 8.99773216248, 9.97297096252, 10.1935596466, 10.4141492844, 11.598367691, 13.5256233215, 13.7578229904, 14.2686624527, 16.0333786011, 18.5875740051, 18.877822876],
    "histogram": [[0, 0, 0, 0, 0, 0, 0, 0, 0, 0, 0, 0, 0, 0, 0, 0, 0, 0, 0, 0, 0, 0, 0, 0, 0, 0, 0, 0, 0, 0, 0, 0, 0, 0, 0, 0, 0, 0, 0, 0, 0, 0, 0, 0, 0, 0, 0, 0, 0, 0, 0, 0, 0, 0, 0, 0, 0, 0, 0, 0, 0, 0, 0, 0, 0, 0, 0, 0, 0, 0, 0, 0, 0, 0, 0, 0, 0, 0.0384615398943, 0.0769230797887, 0, 0.153846159577, 0.0384615398943, 0.0384615398943, 0.0769230797887, 0, 0, 0.115384615958, 0, 0.0384615398943, 0, 0, 0.115384615958, 0.153846159577, 0, 0, 0, 0, 0, 0, 0.153846159577, 0, 0, 0, 0, 0, 0, 0, 0, 0, 0, 0, 0, 0, 0, 0, 0, 0, 0, 0, 0, 0, 0, 0, 0, 0, 0, 0, 0, 0, 0, 0, 0, 0, 0, 0, 0, 0, 0, 0, 0, 0, 0, 0, 0, 0, 0, 0, 0, 0, 0, 0, 0, 0, 0, 0, 0, 0, 0, 0, 0, 0, 0, 0, 0, 0, 0, 0, 0, 0, 0, 0, 0, 0, 0, 0, 0, 0, 0, 0, 0, 0, 0, 0, 0, 0, 0, 0, 0, 0, 0, 0, 0, 0, 0, 0, 0, 0, 0, 0, 0, 0, 0, 0, 0, 0, 0, 0, 0, 0, 0, 0, 0, 0, 0, 0, 0, 0, 0, 0, 0, 0, 0, 0, 0, 0, 0, 0, 0, 0, 0, 0, 0, 0, 0, 0, 0, 0, 0, 0, 0, 0, 0, 0, 0, 0, 0, 0, 0, 0, 0]]
},
"sfx": {
    "inharmonicity": {
        "kurt": 0.907713413239,
        "max": 0.415304124355,
        "mean": 0.087123349309,
        "median": 0.053419534117,
        "min": 0,
        "skew": 1.31928837299,
        "var": 0.00885966885835
    },
    "oddtoevenharmonicenergyratio": {
        "kurt": 114.629890442,
        "max": 40.2257843018,
        "mean": 1.16667318344,
        "median": 0.518090546131,
        "min": 0,
        "skew": 8.26867389679,
        "var": 5.09159469604
    },
    "pitch_after_max_to_before_max_energy_ratio": 2.52513384819,
    "pitch_centroid": 398.52255249,
    "pitch_max_to_total": 0.190249696374,
    "pitch_min_to_total": 0.00118906062562,
    "tristimulus": {
        "kurt": [-0.623700857162, -0.0964787006378, 0.209393978119],
        "max": [1, 0.910038650036, 1],
        "mean": [0.340362519026, 0.416990369558, 0.242646947503],
        "median": [0.314690291882, 0.413136720657, 0.201361179352],
        "min": [0, 0, 0],
        "skew": [0.49464699626, 0.0263237133622, 0.809618771076],
        "var": [0.0616654828191, 0.028478005901, 0.0387474298477],
        "cov": [[0.0617388933897, -0.0257285889238, -0.0360102280974], [-0.0257285889238, 0.0285119079053, -0.00278331153095], [-0.0360102280974, -0.00278331153095, 0.0387935601175]]
    }
},
"tonal": {
    "chords_changes_rate": 0.135391920805,
    "chords_number_rate": 0.0380047522485,
    "chords_strength": {
        "kurt": -0.394294023514,
        "max": 0.602167963982,
        "mean": 0.434557110071,
        "median": 0.437026947737,
        "min": 0.245787516236,
        "skew": -0.270810931921,
        "var": 0.00569785851985
    },
    "key_strength": 0.216829180717,
    "tuning_diatonic_strength": 0.337570637465,
    "tuning_equal_tempered_deviation": 0.242860287428,
    "tuning_frequency": 456.570251465,
    "tuning_nontempered_energy_ratio": 0.896770477295,
    "hpcp": {
        "kurt": [12.3720493317, 11.1586761475, 10.091966629, 12.0423326492, 9.61594486237, 6.966173172, 6.07799053192, 2.99243116379, 0.495816469193, -0.0150909423828, 2.20240259171, 6.19474506378, 3.82897949219, 3.50728750229, 3.87370491028, 2.73705196381, 0.680807828903, -0.350742340088, 0.353777647018, 1.11462545395, 0.674559831619, 1.33978366852, 4.49843835831, 4.91247272491, 5.93108177185, 8.6036233902, 13.3324966431, 14.8482875824, 13.3594112396, 24.1712970734, 12.4836769104, 18.3472099304, 23.4875392914, 15.9963912964, 16.1925182343, 12.428809166],
        "max": [1, 1, 1, 1, 1, 1, 1, 1, 1, 1, 1, 1, 1, 1, 1, 1, 1, 1, 1, 1, 1, 1, 1, 1, 1, 1, 1, 1, 0.953095853329, 1, 0.883767306805, 0.963969051838, 1, 1, 1, 1],
