{
"metadata": {
    "version": {
        "essentia": "2.1-beta3"
    }
},
"lowLevel": {
    "average_loudness": 0.821365118027,
    "barkbands_kurtosis": {
        "kurt": 11.0941953659,
        "max": 100.610282898,
        "mean": 6.63253450394,
        "median": 2.1815662384,
        "min": -1.8619890213,
        "skew": 2.66829824448,
        "var": 114.567932129
    },
    "barkbands_skewness": {
        "kurt": 0.432387113571,
        "max": 8.31804561615,
        "mean": 1.38379001617,
        "median": 1.05709636211,
        "min": -2.01218128204,
        "skew": 0.672893762589,
        "var": 2.15627098083
    },
    "barkbands_spread": {
        "kurt": 6.93925762177,
        "max": 56.6523857117,
        "mean": 9.32333183289,
        "median": 7.69217205048,
        "min": 0.463546067476,
        "skew": 2.14080429077,
        "var": 52.5103111267
    },
    "dissonance": {
        "kurt": 3.15389108658,
        "max": 0.499989360571,
        "mean": 0.438569277525,
        "median": 0.454350501299,
        "min": 0.13055087626,
        "skew": -1.57871985435,
        "var": 0.00287121953443
    },
    "hfc": {
        "kurt": 31.3288421631,
        "max": 21.3530979156,
        "mean": 0.749810695648,
        "median": 0.00692218309268,
        "min": 2.99835761552e-07,
        "skew": 5.1874871254,
        "var": 5.55707216263
    },
    "pitch": {
        "kurt": 29.4220962524,
        "max": 4316.98535156,
        "mean": 367.194213867,
        "median": 316.565490723,
        "min": 60.7208442688,
        "skew": 5.04042291641,
        "var": 244087.96875
    },
    "pitch_instantaneous_confidence": {
        "kurt": -0.224445819855,
        "max": 0.966613650322,
        "mean": 0.480448693037,
        "median": 0.445824861526,
        "min": 0.129159748554,
        "skew": 0.655121743679,
        "var": 0.041395265609
    },
    "pitch_salience": {
        "kurt": 0.959531068802,
        "max": 0.892999947071,
        "mean": 0.622959315777,
        "median": 0.638878881931,
        "min": 0.202631741762,
        "skew": -0.858353674412,
        "var": 0.00977214239538
    },
    "silence_rate_20dB": {
        "kurt": 0,
        "max": 1,
        "mean": 1,
        "median": 1,
        "min": 1,
        "skew": 0,
        "var": 0
    },
    "silence_rate_30dB": {
        "kurt": 0,
        "max": 1,
        "mean": 1,
        "median": 1,
        "min": 1,
        "skew": 0,
        "var": 0
    },
    "silence_rate_60dB": {
        "kurt": 8.09773540497,
        "max": 1,
        "mean": 0.923163831234,
        "median": 1,
        "min": 0,
        "skew": -3.17767691612,
        "var": 0.0709328874946
    },
    "spectral_centroid": {
        "kurt": 0.849633693695,
        "max": 1871.17358398,
        "mean": 611.577331543,
        "median": 596.276184082,
        "min": 72.1276092529,
        "skew": 0.817476212978,
        "var": 111390.65625
    },
    "spectral_complexity": {
        "kurt": 5.30896949768,
        "max": 14,
        "mean": 1.02485871315,
        "median": 0,
        "min": 0,
        "skew": 2.18608236313,
        "var": 3.97450375557
    },
    "spectral_crest": {
        "kurt": 0.853788852692,
        "max": 24.5523757935,
        "mean": 10.7969818115,
        "median": 10.171954155,
        "min": 3.22529482841,
        "skew": 0.942325651646,
        "var": 16.273267746
    },
    "spectral_decrease": {
        "kurt": 31.5436592102,
        "max": -8.3999139031e-17,
        "mean": -2.09497738601e-10,
        "median": -3.61874549423e-12,
        "min": -6.53944454143e-09,
        "skew": -5.14991998672,
        "var": 4.19302893135e-19
    },
    "spectral_energy": {
        "kurt": 31.4668083191,
        "max": 0.0266181603074,
        "mean": 0.000858703162521,
        "median": 1.40440042742e-05,
        "min": 3.4422825701e-10,
        "skew": 5.14957904816,
        "var": 7.05901675246e-06
    },
    "spectral_energyband_high": {
        "kurt": 130.252685547,
        "max": 6.89265361871e-05,
        "mean": 1.11176291284e-06,
        "median": 1.46253889e-08,
        "min": 6.45826621348e-12,
        "skew": 9.53565406799,
        "var": 1.55582595418e-11
    },
    "spectral_energyband_low": {
        "kurt": 22.6071949005,
        "max": 1.70564908331e-05,
        "mean": 1.07335188204e-06,
        "median": 4.82014229419e-07,
        "min": 6.40970471144e-11,
        "skew": 3.85564231873,
        "var": 2.67983031599e-12
    },
    "spectral_energyband_middle_high": {
        "kurt": 39.0290374756,
        "max": 0.0202892795205,
        "mean": 0.000591686344706,
        "median": 2.36011078414e-06,
        "min": 1.46339204643e-10,
        "skew": 5.9026556015,
        "var": 5.00590158481e-06
    },
    "spectral_energyband_middle_low": {
        "kurt": 181.383224487,
        "max": 0.0246612466872,
        "mean": 0.000323000218486,
        "median": 1.01740179161e-05,
        "min": 1.47991535693e-10,
        "skew": 11.3584985733,
        "var": 1.57052113536e-06
    },
    "spectral_flatness_db": {
        "kurt": -0.0918247699738,
        "max": 0.467571765184,
        "mean": 0.243490457535,
        "median": 0.246499940753,
        "min": 0.0694885402918,
        "skew": 0.304710954428,
        "var": 0.00450998963788
    },
    "spectral_flux": {
        "kurt": 5.8742723465,
        "max": 0.116715095937,
        "mean": 0.0125105204061,
        "median": 0.00241336575709,
        "min": 0.000216495900531,
        "skew": 2.37003946304,
        "var": 0.000428115221439
    },
    "spectral_kurtosis": {
        "kurt": -0.388430118561,
        "max": 58.2470436096,
        "mean": 21.6204166412,
        "median": 20.2762546539,
        "min": 3.55447769165,
        "skew": 0.588311135769,
        "var": 136.699050903
    },
    "spectral_rms": {
        "kurt": 7.8748998642,
        "max": 0.00509597267956,
        "mean": 0.000470671366202,
        "median": 0.000117053270515,
        "min": 5.79510526677e-07,
        "skew": 2.66048240662,
        "var": 6.16226657257e-07
    },
    "spectral_rolloff": {
        "kurt": 1.24240732193,
        "max": 3639.11132812,
        "mean": 912.10736084,
        "median": 861.328125,
        "min": 86.1328125,
        "skew": 0.899558722973,
        "var": 322117.46875
    },
    "spectral_skewness": {
        "kurt": -0.849463701248,
        "max": 6.2341337204,
        "mean": 3.64694476128,
        "median": 3.7515335083,
        "min": 1.56409883499,
        "skew": 0.158546090126,
        "var": 0.947462618351
    },
    "spectral_spread": {
        "kurt": 29.1292190552,
        "max": 24013016,
        "mean": 3014171.5,
        "median": 2354673,
        "min": 1233454.625,
        "skew": 3.08049750328,
        "var": 2.73219977216e+12
    },
    "spectral_strongpeak": {
        "kurt": 18.2535953522,
        "max": 4.88177442551,
        "mean": 0.217501983047,
        "median": 0.0240270923823,
        "min": 0,
        "skew": 3.97965168953,
        "var": 0.302317678928
    },
    "zerocrossingrate": {
        "kurt": 2.75738859177,
        "max": 0.1181640625,
        "mean": 0.0348130725324,
        "median": 0.03466796875,
        "min": 0.00390625,
        "skew": 1.05008232594,
        "var": 0.000221901878831
    },
    "barkbands": {
        "kurt": [149.256240845, 210.56942749, 13.3489837646, 14.2911262512, 26.6166973114, 17.6092987061, 208.213027954, 25.5923881531, 81.880065918, 42.9935379028, 495.874450684, 79.5092926025, 202.03843689, 84.7265014648, 81.7746582031, 125.242477417, 122.817337036, 53.7521858215, 212.904830933, 108.25629425, 117.306488037, 263.117370605, 34.9719467163, 45.2373962402, 51.57289505, 32.8347549438, 32.4001922607],
        "max": [3.1706624668e-06, 1.30508815346e-05, 4.87358329337e-06, 1.52754128067e-05, 0.000182621297427, 0.00137870991603, 0.00475070206448, 9.23981060623e-05, 0.00468761008233, 0.0225406587124, 0.0018401745474, 0.00285073718987, 0.00406326260418, 0.00174255145248, 0.000676320283674, 0.00020339578623, 0.000148805818753, 1.29374793687e-05, 1.85065346159e-05, 2.58270702034e-05, 3.15988872899e-05, 2.12261747947e-05, 7.03153091308e-07, 3.8930798496e-07, 2.81869859009e-07, 5.22939158643e-09, 8.48364933859e-10],
        "mean": [5.36229478598e-08, 2.25214066063e-07, 3.22327053937e-07, 9.51998060827e-07, 7.40334371585e-06, 5.8357079979e-05, 4.77186440548e-05, 3.68903783965e-06, 7.21316318959e-05, 0.000503720424604, 1.34042575155e-05, 5.3130886954e-05, 4.28569474025e-05, 3.46092019754e-05, 1.36921180456e-05, 2.96994244309e-06, 1.67196242273e-06, 3.32211385512e-07, 2.11462236166e-07, 4.60917618739e-07, 5.36085963176e-07, 2.1004989037e-07, 2.55252423642e-08, 1.11410329851e-08, 6.93539092822e-09, 1.7043830236e-10, 2.63982741916e-11],
        "median": [9.32201338344e-09, 7.61181837561e-08, 1.10456241487e-07, 2.11291450114e-07, 8.38256880797e-07, 2.65080848294e-06, 2.73842630349e-07, 6.69530990649e-08, 1.70873846628e-07, 7.68516372318e-07, 7.32588176788e-08, 1.69557111462e-07, 3.60843074532e-07, 2.13216011957e-07, 1.68243730059e-07, 1.05287305985e-07, 1.20892895694e-08, 8.21606338519e-09, 7.00935309794e-09, 1.28885044859e-08, 4.80648409962e-09, 8.98101981672e-10, 3.04423486419e-10, 1.20818813287e-10, 9.59302776105e-11, 6.4005549992e-12, 3.71760537935e-13],
        "min": [3.41000968782e-12, 2.50332220231e-11, 2.23912555164e-11, 2.06531840241e-11, 2.07274371278e-11, 5.79368410886e-12, 1.20660495484e-11, 1.16607435513e-11, 4.80991010909e-11, 9.38431624076e-11, 1.83873940379e-11, 4.16140559512e-12, 6.55240141659e-12, 9.64760042688e-12, 1.0890986897e-11, 7.2844603613e-12, 3.54877694071e-12, 1.38487160108e-12, 2.1945013081e-12, 4.20898906006e-12, 1.39191414471e-12, 4.51980168787e-13, 8.27443690822e-13, 6.13095566069e-13, 3.69213340456e-13, 4.28437558868e-13, 9.21274300879e-14],
        "skew": [10.1330471039, 12.9696712494, 3.17347431183, 3.36693668365, 4.66243982315, 3.80609130859, 12.9801683426, 4.67495155334, 8.46228408813, 6.14502573013, 20.086517334, 7.26766729355, 12.4825925827, 7.2008099556, 7.81869268417, 9.76611709595, 10.6734571457, 6.53592824936, 13.267288208, 9.28628349304, 9.22788238525, 13.8648691177, 5.18056249619, 5.8280172348, 6.00199604034, 5.09571933746, 5.34057712555],
        "var": [2.86318650809e-14, 5.35894137225e-13, 2.7632995718e-13, 3.31942156054e-12, 3.34092725707e-10, 2.13388737791e-08, 6.21302760351e-08, 1.20894461109e-10, 1.26041669546e-07, 4.36703976447e-06, 5.04774533283e-09, 3.26367626258e-08, 4.13507059704e-08, 1.13641647204e-08, 2.2317931947e-09, 1.44479303521e-10, 1.216044071e-10, 1.24359886538e-12, 1.01233030205e-12, 3.2231947146e-12, 3.82874938351e-12, 9.3962674013e-13, 5.42306745842e-15, 1.14384080939e-15, 4.27746503226e-16, 2.32910847739e-19, 8.47964171678e-21],
        "cov": [[2.86642522327e-14, 8.80793037789e-14, 4.49001704483e-15, 1.06213082322e-15, -1.65324392089e-13, -1.34426107398e-12, -9.40292440264e-13, -6.31601026905e-14, -2.66662126408e-12, -9.07535591815e-12, -3.7704786667e-13, -7.69157036239e-13, -6.89519784585e-13, -4.56024486836e-13, -3.46909458625e-13, -4.1623402316e-14, -2.92577004562e-14, -9.412721389e-15, -6.35330106395e-15, -9.59884078553e-15, -1.16643255452e-14, -4.9242552615e-15, -6.24229136111e-16, -1.32545475827e-16, -1.87635969321e-16, -3.61080467401e-18, -3.60069523446e-19], [8.80793037789e-14, 5.3650031466e-13, 3.42635974118e-14, -8.38716523668e-15, -8.10382793856e-13, -8.01879396217e-12, -5.86539020478e-12, -4.37343385248e-13, -1.22838050495e-11, -6.03816649458e-11, -1.85035298715e-12, -6.06451130633e-12, -5.30015744835e-12, -3.60769790778e-12, -1.87525624369e-12, -2.91865950896e-13, -1.78214918951e-13, -4.3990151284e-14, -2.94347981048e-14, -5.40628468642e-14, -6.46488613511e-14, -2.72098085708e-14, -3.48804038394e-15, -1.42308957265e-15, -9.75888257872e-16, -2.00703993631e-17, -3.45418133375e-18], [4.49001704483e-15, 3.42635974118e-14, 2.76642559771e-13, 4.19591580448e-13, 7.07742580362e-14, -1.01391473342e-11, -9.21588066277e-12, -5.37609670323e-13, -1.70607417083e-11, -1.11760455057e-10, -2.70065025031e-12, -1.12487285112e-11, -8.88795200632e-12, -7.28074892042e-12, -2.92054574969e-12, -5.59491580669e-13, -3.82513627977e-13, -6.42664835736e-14, -4.12903828424e-14, -9.18540010763e-14, -1.19203136402e-13, -4.56316469257e-14, -5.48655342485e-15, -2.47334891148e-15, -1.50153879961e-15, -3.44729737126e-17, -5.50002729044e-18], [1.06213082322e-15, -8.38716523668e-15, 4.19591580448e-13, 3.32317658634e-12, 1.88367767565e-12, -2.28313583317e-11, -2.49390248036e-11, 1.86725092853e-12, -4.89575047169e-11, -3.79273334961e-10, -6.19924727871e-12, -3.69572358827e-11, -2.5242807844e-11, -2.35073332328e-11, -7.68937170881e-12, -1.06532274322e-12, -1.19708106275e-12, -2.10985783423e-13, -1.25690161946e-13, -2.96053464946e-13, -3.74006652471e-13, -1.53104647558e-13, -1.72014265082e-14, -7.79993508204e-15, -4.35106679554e-15, -9.39343656637e-17, -1.31736858801e-17], [-1.65324392089e-13, -8.10382793856e-13, 7.07742580362e-14, 1.88367767565e-12, 3.3447067338e-10, 2.69789635077e-10, -9.5033841907e-12, 9.85906078999e-11, -1.45074452451e-10, -1.91686888584e-09, 1.67714842014e-10, -6.17941739445e-11, 3.40748158856e-11, -2.69212672988e-11, 6.52196144313e-11, 2.13026783713e-11, -7.14567554433e-12, -5.96204563583e-13, 1.42933353955e-14, -1.79661549581e-14, -4.1643357057e-13, -2.73315929351e-13, 1.03440087035e-14, -3.17160263913e-15, 2.53452247796e-14, 8.82335229088e-17, 2.73864843176e-17], [-1.34426107398e-12, -8.01879396217e-12, -1.01391473342e-11, -2.28313583317e-11, 2.69789635077e-10, 2.13630126922e-08, 5.02640817857e-09, 5.59939108968e-11, 2.68538595805e-08, 3.76649502698e-08, 1.37783640053e-09, 1.18947465211e-08, 4.28954471943e-09, 5.87175286171e-09, 3.55531382112e-09, 6.05866856684e-10, 5.57672935608e-11, 6.03257027665e-11, 6.02249639048e-11, 1.11063526431e-10, 1.38380473746e-10, 4.68941031839e-11, 7.00712795079e-12, 1.99843895772e-12, 1.46894150489e-12, 3.0807702987e-14, 4.2462820437e-15], [-9.40292440264e-13, -5.86539020478e-12, -9.21588066277e-12, -2.49390248036e-11, -9.5033841907e-12, 5.02640817857e-09, 6.22005629225e-08, 3.16238174536e-10, 4.07548217396e-10, 1.79492047891e-07, 1.23811974007e-08, 1.11814504322e-08, 1.58839945641e-08, 7.70765318236e-09, 4.29859969842e-09, 1.0252215743e-09, 8.75019112723e-10, 6.96406335376e-11, 4.35533241416e-11, 1.00512050072e-10, 1.22014856552e-10, 6.7933422776e-11, 4.40636199403e-12, 3.64556562021e-12, 2.2056885398e-12, 4.67219003015e-14, 6.99015549084e-15], [-6.31601026905e-14, -4.37343385248e-13, -5.37609670323e-13, 1.86725092853e-12, 9.85906078999e-11, 5.59939108968e-11, 3.16238174536e-10, 1.2103121283e-10, -4.14813253191e-11, 3.38423400414e-10, 1.95442231843e-10, 3.95629431993e-11, 2.32428576386e-10, 6.42811290308e-11, 6.09457137535e-11, 1.39639896868e-11, 5.08791229634e-12, 4.29046202862e-13, 3.34376542297e-13, 1.12311191163e-12, 5.52618823098e-13, 8.53650985078e-14, 3.53346366923e-14, 1.10966305114e-14, 1.68583900231e-14, 4.20038265178e-16, 1.45084316303e-16], [-2.66662126408e-12, -1.22838050495e-11, -1.70607417083e-11, -4.89575047169e-11, -1.45074452451e-10, 2.68538595805e-08, 4.07548217396e-10, -4.14813253191e-11, 1.26184247051e-07, 1.59553366075e-07, 7.41414374339e-10, 1.22631771404e-08, 3.48586515209e-09, 4.70079930537e-09, 1.76376246941e-09, 1.42003409032e-10, 6.28067181596e-11, 1.02062545915e-10, 4.89614807031e-11, 1.2645368086e-10, 1.15216572394e-10, 4.45472270183e-11, 1.19662994791e-11, 3.02197806709e-12, 2.70152845407e-12, 4.46537372237e-14, 4.67917178393e-15], [-9.07535591815e-12, -6.03816649458e-11, -1.11760455057e-10, -3.79273334961e-10, -1.91686888584e-09, 3.76649502698e-08, 1.79492047891e-07, 3.38423400414e-10, 1.59553366075e-07, 4.37198013969e-06, 1.2817354289e-08, 1.64054455354e-07, 2.65908255415e-07, 1.21835952882e-07, 3.2607179179e-08, 8.76152217444e-09, 1.55059964868e-08, 9.4154328778e-10, 5.45976153177e-10, 1.34599531521e-09, 1.65436908617e-09, 9.9870056669e-10, 7.45185857465e-11, 4.93996302198e-11, 3.06765550462e-11, 6.98992025285e-13, 1.00065131691e-13], [-3.7704786667e-13, -1.85035298715e-12, -2.70065025031e-12, -6.19924727871e-12, 1.67714842014e-10, 1.37783640053e-09, 1.23811974007e-08, 1.95442231843e-10, 7.41414374339e-10, 1.2817354289e-08, 5.05345543189e-09, 7.42639838514e-10, 2.43386266696e-09, 8.47981851404e-10, 1.08169406765e-09, 1.53446061413e-10, 9.21735882065e-11, 1.44456061696e-11, 1.06048399229e-11, 1.93754057937e-11, 1.93537148113e-11, 7.27003483456e-12, 9.34072914502e-13, 4.58067177939e-13, 3.76626979387e-13, 5.6893839344e-15, 6.82346131265e-16], [-7.69157036239e-13, -6.06451130633e-12, -1.12487285112e-11, -3.69572358827e-11, -6.17941739445e-11, 1.18947465211e-08, 1.11814504322e-08, 3.95629431993e-11, 1.22631771404e-08, 1.64054455354e-07, 7.42639838514e-10, 3.26736824263e-08, 9.74506786378e-09, 1.55972319504e-08, 4.50424453291e-09, 1.36180777766e-09, 2.10589851113e-10, 9.83370676555e-11, 1.02566434512e-10, 2.01382063802e-10, 2.49287757104e-10, 1.31425065275e-10, 8.7009626934e-12, 2.96646084433e-12, 2.05485736933e-12, 5.33450372634e-14, 6.86232339602e-15], [-6.89519784585e-13, -5.30015744835e-12, -8.88795200632e-12, -2.5242807844e-11, 3.40748158856e-11, 4.28954471943e-09, 1.58839945641e-08, 2.32428576386e-10, 3.48586515209e-09, 2.65908255415e-07, 2.43386266696e-09, 9.74506786378e-09, 4.13974809987e-08, 6.14860962145e-09, 3.64639674011e-09, 6.34238050967e-10, 1.50430368162e-09, 4.98746426103e-11, 5.4199107008e-11, 1.53229040567e-10, 1.23390991869e-10, 9.11809031057e-11, 5.12110319428e-12, 3.71301600577e-12, 1.92201701603e-12, 5.25201660862e-14, 7.64608848783e-15], [-4.56024486836e-13, -3.60769790778e-12, -7.28074892042e-12, -2.35073332328e-11, -2.69212672988e-11, 5.87175286171e-09, 7.70765318236e-09, 6.42811290308e-11, 4.70079930537e-09, 1.21835952882e-07, 8.47981851404e-10, 1.55972319504e-08, 6.14860962145e-09, 1.13770202148e-08, 2.88573454021e-09, 8.54506410075e-10, 2.21539120382e-10, 6.80033945821e-11, 6.15403492055e-11, 1.20924339986e-10, 1.45491521608e-10, 8.10417219443e-11, 5.42915148602e-12, 2.36970469289e-12, 1.37064090546e-12, 3.64555357202e-14, 5.06465097251e-15], [-3.46909458625e-13, -1.87525624369e-12, -2.92054574969e-12, -7.68937170881e-12, 6.52196144313e-11, 3.55531382112e-09, 4.29859969842e-09, 6.09457137535e-11, 1.76376246941e-09, 3.2607179179e-08, 1.08169406765e-09, 4.50424453291e-09, 3.64639674011e-09, 2.88573454021e-09, 2.23431784185e-09, 4.06419314869e-10, 1.86994586482e-10, 1.9988902894e-11, 3.80888619256e-11, 6.30128518808e-11, 7.2296391096e-11, 3.29189175918e-11, 2.31751987392e-12, 8.67578903684e-13, 6.33765555227e-13, 1.26667831091e-14, 1.77928185593e-15], [-4.1623402316e-14, -2.91865950896e-13, -5.59491580669e-13, -1.06532274322e-12, 2.13026783713e-11, 6.05866856684e-10, 1.0252215743e-09, 1.39639896868e-11, 1.42003409032e-10, 8.76152217444e-09, 1.53446061413e-10, 1.36180777766e-09, 6.34238050967e-10, 8.54506410075e-10, 4.06419314869e-10, 1.44642742228e-10, 2.89435506812e-11, 4.69176954232e-12, 8.60915332079e-12, 1.41536608822e-11, 1.70066391525e-11, 8.2811552754e-12, 4.58629011504e-13, 1.88787096307e-13, 1.24514493768e-13, 3.3210006163e-15, 4.54888826988e-16], [-2.92577004562e-14, -1.78214918951e-13, -3.82513627977e-13, -1.19708106275e-12, -7.14567554433e-12, 5.57672935608e-11, 8.75019112723e-10, 5.08791229634e-12, 6.28067181596e-11, 1.55059964868e-08, 9.21735882065e-11, 2.10589851113e-10, 1.50430368162e-09, 2.21539120382e-10, 1.86994586482e-10, 2.89435506812e-11, 1.2174197761e-10, 2.99733610327e-12, 1.89164265849e-12, 3.85017798893e-12, 5.02562661625e-12, 3.06217334475e-12, 2.17355525397e-13, 1.88569524036e-13, 9.4021422863e-14, 2.582418803e-15, 3.80563512281e-16], [-9.412721389e-15, -4.3990151284e-14, -6.42664835736e-14, -2.10985783423e-13, -5.96204563583e-13, 6.03257027665e-11, 6.96406335376e-11, 4.29046202862e-13, 1.02062545915e-10, 9.4154328778e-10, 1.44456061696e-11, 9.83370676555e-11, 4.98746426103e-11, 6.80033945821e-11, 1.9988902894e-11, 4.69176954232e-12, 2.99733610327e-12, 1.2450056177e-12, 4.82835776569e-13, 9.37311534811e-13, 1.00457695548e-12, 4.37307362631e-13, 4.93773485912e-14, 1.73945093626e-14, 1.19789144289e-14, 3.17340126065e-16, 3.53941485125e-17], [-6.35330106395e-15, -2.94347981048e-14, -4.12903828424e-14, -1.25690161946e-13, 1.42933353955e-14, 6.02249639048e-11, 4.35533241416e-11, 3.34376542297e-13, 4.89614807031e-11, 5.45976153177e-10, 1.06048399229e-11, 1.02566434512e-10, 5.4199107008e-11, 6.15403492055e-11, 3.80888619256e-11, 8.60915332079e-12, 1.89164265849e-12, 4.82835776569e-13, 1.01347543639e-12, 1.57347062896e-12, 1.63216391357e-12, 7.5640145189e-13, 4.83757795649e-14, 1.36611006863e-14, 1.09197505503e-14, 2.51119354947e-16, 2.99357424689e-17], [-9.59884078553e-15, -5.40628468642e-14, -9.18540010763e-14, -2.96053464946e-13, -1.79661549581e-14, 1.11063526431e-10, 1.00512050072e-10, 1.12311191163e-12, 1.2645368086e-10, 1.34599531521e-09, 1.93754057937e-11, 2.01382063802e-10, 1.53229040567e-10, 1.20924339986e-10, 6.30128518808e-11, 1.41536608822e-11, 3.85017798893e-12, 9.37311534811e-13, 1.57347062896e-12, 3.22684088651e-12, 3.06268812394e-12, 1.35620637984e-12, 9.4035741108e-14, 2.97119642258e-14, 2.24796733555e-14, 4.98178828038e-16, 6.56387403698e-17], [-1.16643255452e-14, -6.46488613511e-14, -1.19203136402e-13, -3.74006652471e-13, -4.1643357057e-13, 1.38380473746e-10, 1.22014856552e-10, 5.52618823098e-13, 1.15216572394e-10, 1.65436908617e-09, 1.93537148113e-11, 2.49287757104e-10, 1.23390991869e-10, 1.45491521608e-10, 7.2296391096e-11, 1.70066391525e-11, 5.02562661625e-12, 1.00457695548e-12, 1.63216391357e-12, 3.06268812394e-12, 3.83308055435e-12, 1.58181215522e-12, 1.0755612167e-13, 3.73749696556e-14, 2.56730350005e-14, 6.00970828989e-16, 8.32666672899e-17], [-4.9242552615e-15, -2.72098085708e-14, -4.56316469257e-14, -1.53104647558e-13, -2.73315929351e-13, 4.68941031839e-11, 6.7933422776e-11, 8.53650985078e-14, 4.45472270183e-11, 9.9870056669e-10, 7.27003483456e-12, 1.31425065275e-10, 9.11809031057e-11, 8.10417219443e-11, 3.29189175918e-11, 8.2811552754e-12, 3.06217334475e-12, 4.37307362631e-13, 7.5640145189e-13, 1.35620637984e-12, 1.58181215522e-12, 9.4068969194e-13, 5.07859948757e-14, 1.95407536316e-14, 1.24634376035e-14, 3.24794757155e-16, 4.09733626301e-17], [-6.24229136111e-16, -3.48804038394e-15, -5.48655342485e-15, -1.72014265082e-14, 1.03440087035e-14, 7.00712795079e-12, 4.40636199403e-12, 3.53346366923e-14, 1.19662994791e-11, 7.45185857465e-11, 9.34072914502e-13, 8.7009626934e-12, 5.12110319428e-12, 5.42915148602e-12, 2.31751987392e-12, 4.58629011504e-13, 2.17355525397e-13, 4.93773485912e-14, 4.83757795649e-14, 9.4035741108e-14, 1.0755612167e-13, 5.07859948757e-14, 5.42920209454e-15, 1.59750847957e-15, 1.16386805639e-15, 2.63971895399e-17, 3.14768424022e-18], [-1.32545475827e-16, -1.42308957265e-15, -2.47334891148e-15, -7.79993508204e-15, -3.17160263913e-15, 1.99843895772e-12, 3.64556562021e-12, 1.10966305114e-14, 3.02197806709e-12, 4.93996302198e-11, 4.58067177939e-13, 2.96646084433e-12, 3.71301600577e-12, 2.36970469289e-12, 8.67578903684e-13, 1.88787096307e-13, 1.88569524036e-13, 1.73945093626e-14, 1.36611006863e-14, 2.97119642258e-14, 3.73749696556e-14, 1.95407536316e-14, 1.59750847957e-15, 1.14513465222e-15, 5.20850353085e-16, 1.19618282324e-17, 2.01102061893e-18], [-1.87635969321e-16, -9.75888257872e-16, -1.50153879961e-15, -4.35106679554e-15, 2.53452247796e-14, 1.46894150489e-12, 2.2056885398e-12, 1.68583900231e-14, 2.70152845407e-12, 3.06765550462e-11, 3.76626979387e-13, 2.05485736933e-12, 1.92201701603e-12, 1.37064090546e-12, 6.33765555227e-13, 1.24514493768e-13, 9.4021422863e-14, 1.19789144289e-14, 1.09197505503e-14, 2.24796733555e-14, 2.56730350005e-14, 1.24634376035e-14, 1.16386805639e-15, 5.20850353085e-16, 4.28230397267e-16, 7.31268772373e-18, 1.02918049628e-18], [-3.61080467401e-18, -2.00703993631e-17, -3.44729737126e-17, -9.39343656637e-17, 8.82335229088e-17, 3.0807702987e-14, 4.67219003015e-14, 4.20038265178e-16, 4.46537372237e-14, 6.98992025285e-13, 5.6893839344e-15, 5.33450372634e-14, 5.25201660862e-14, 3.64555357202e-14, 1.26667831091e-14, 3.3210006163e-15, 2.582418803e-15, 3.17340126065e-16, 2.51119354947e-16, 4.98178828038e-16, 6.00970828989e-16, 3.24794757155e-16, 2.63971895399e-17, 1.19618282324e-17, 7.31268772373e-18, 2.33174330613e-19, 3.00949955714e-20], [-3.60069523446e-19, -3.45418133375e-18, -5.50002729044e-18, -1.31736858801e-17, 2.73864843176e-17, 4.2462820437e-15, 6.99015549084e-15, 1.45084316303e-16, 4.67917178393e-15, 1.00065131691e-13, 6.82346131265e-16, 6.86232339602e-15, 7.64608848783e-15, 5.06465097251e-15, 1.77928185593e-15, 4.54888826988e-16, 3.80563512281e-16, 3.53941485125e-17, 2.99357424689e-17, 6.56387403698e-17, 8.32666672899e-17, 4.09733626301e-17, 3.14768424022e-18, 2.01102061893e-18, 1.02918049628e-18, 3.00949955714e-20, 8.48923426539e-21]]
    },
    "mfcc": {
        "kurt": [-1.09191536903, -1.57169008255, -0.433181762695, -1.44441151619, -0.741942882538, 0.854607105255, -0.619739532471, -0.862469673157, -0.203800201416, -0.127276182175, -0.176674127579, -0.447064638138, 0.0177321434021],
        "max": [-768.078369141, 180.707183838, 71.339263916, 49.8524932861, 48.1073493958, 47.0704345703, 24.0023078918, 20.5329990387, 16.9125862122, 12.5059146881, 15.9992027283, 14.9185142517, 16.9672317505],
        "mean": [-1009.87042236, 97.7687301636, 1.22224378586, -13.4543380737, -6.23275566101, 7.0504450798, -4.17259693146, -15.3664770126, -6.54773569107, -6.47757053375, -8.86637783051, -9.53013896942, -7.605489254],
        "median": [-1035.81811523, 106.901008606, 19.5575256348, -9.39890670776, -1.66966247559, 6.98963165283, -4.20866012573, -14.0872573853, -6.1806640625, -5.66724395752, -8.29659843445, -8.50318145752, -6.53597640991],
        "min": [-1138.42004395, 1.14440917969e-05, -119.678970337, -79.8578262329, -77.7524871826, -23.294708252, -36.412727356, -60.5868301392, -34.4236984253, -33.8990020752, -41.7869606018, -38.2368736267, -33.7948226929],
        "skew": [0.521749675274, -0.0633633509278, -0.798094749451, -0.145250141621, -0.512485206127, 0.27097594738, -0.0764660611749, -0.327974617481, -0.139220565557, -0.362166315317, -0.244951471686, -0.301932930946, -0.425994604826],
        "var": [9425.86425781, 2678.23193359, 1914.02661133, 1302.38256836, 789.736633301, 102.220329285, 119.453430176, 285.12310791, 76.6139068604, 67.5922927856, 89.436340332, 91.1813278198, 65.7121734619],
        "cov": [[9436.52636719, 4403.97412109, -3644.875, -3196.01831055, -2462.39575195, -236.103942871, -677.712158203, -1424.67041016, -239.135238647, -474.845916748, -493.546508789, -343.950012207, -322.570770264], [4403.97412109, 2681.26147461, -1232.97851562, -1620.73681641, -1126.39025879, -197.880477905, -409.005401611, -753.012329102, -203.108596802, -208.71307373, -343.560180664, -279.936950684, -203.910308838], [-3644.875, -1232.97851562, 1916.19177246, 1280.54968262, 938.293762207, -4.24451446533, 169.9921875, 478.564483643, 17.1814002991, 164.719955444, 87.2973709106, 24.4513931274, 73.6799468994], [-3196.01831055, -1620.73681641, 1280.54968262, 1303.85595703, 875.984191895, 81.317276001, 228.400558472, 493.680786133, 82.2206802368, 131.125183105, 179.494522095, 133.058059692, 120.389297485], [-2462.39575195, -1126.39025879, 938.293762207, 875.984191895, 790.630004883, 119.22933197, 176.041381836, 376.073638916, 44.7326507568, 128.600906372, 140.122390747, 93.2926559448, 107.884391785], [-236.103942871, -197.880477905, -4.24451446533, 81.317276001, 119.22933197, 102.335960388, 67.0248184204, 53.7878379822, 26.2963447571, 24.0751342773, 39.4945487976, 29.0574073792, 28.20063591], [-677.712158203, -409.005401611, 169.9921875, 228.400558472, 176.041381836, 67.0248184204, 119.588562012, 142.306243896, 44.8670730591, 49.8776054382, 68.9255752563, 55.9561576843, 32.6850814819], [-1424.67041016, -753.012329102, 478.564483643, 493.680786133, 376.073638916, 53.7878379822, 142.306243896, 285.445617676, 81.8576812744, 78.8751220703, 110.463790894, 88.9312133789, 68.3517913818], [-239.135238647, -203.108596802, 17.1814002991, 82.2206802368, 44.7326507568, 26.2963447571, 44.8670730591, 81.8576812744, 76.7005691528, 32.1114234924, 38.8335914612, 50.2988586426, 36.3566131592], [-474.845916748, -208.71307373, 164.719955444, 131.125183105, 128.600906372, 24.0751342773, 49.8776054382, 78.8751220703, 32.1114234924, 67.6687545776, 45.6757316589, 30.7898387909, 33.2393836975], [-493.546508789, -343.560180664, 87.2973709106, 179.494522095, 140.122390747, 39.4945487976, 68.9255752563, 110.463790894, 38.8335914612, 45.6757316589, 89.5375137329, 71.8456115723, 43.4197769165], [-343.950012207, -279.936950684, 24.4513931274, 133.058059692, 93.2926559448, 29.0574073792, 55.9561576843, 88.9312133789, 50.2988586426, 30.7898387909, 71.8456115723, 91.2844772339, 51.5501976013], [-322.570770264, -203.910308838, 73.6799468994, 120.389297485, 107.884391785, 28.20063591, 32.6850814819, 68.3517913818, 36.3566131592, 33.2393836975, 43.4197769165, 51.5501976013, 65.7865066528]]
    },
    "sccoeffs": {
        "kurt": [-0.0183446407318, 0.341197729111, 2.64940357208, 0.0746471881866, 0.725526571274, -0.0485174655914],
        "max": [-0.463941603899, -0.443209797144, -0.392074435949, -0.603973507881, -0.691011428833, -0.699000597],
        "mean": [-0.770706117153, -0.775468468666, -0.806165456772, -0.832424819469, -0.865812182426, -0.847622871399],
        "median": [-0.788589775562, -0.798835992813, -0.834852874279, -0.847482085228, -0.873300671577, -0.858427524567],
        "min": [-0.956560850143, -0.972304224968, -0.947596549988, -0.960903823376, -0.949768424034, -0.95615696907],
        "skew": [0.737002670765, 1.03351330757, 1.66123521328, 0.903987884521, 0.910872638226, 0.823362231255],
        "var": [0.00808947812766, 0.0128051089123, 0.0113332439214, 0.00469203758985, 0.00169097445905, 0.00175753911026],
        "cov": [[0.00809862930328, 0.0024427997414, 0.00204146746546, 0.00203393911943, 0.000748111109715, 0.0014064720599], [0.0024427997414, 0.0128195947036, 0.00947703048587, 0.00573573401198, 0.0027514747344, 0.00339819374494], [0.00204146746546, 0.00947703048587, 0.0113460635766, 0.00589850032702, 0.00303805246949, 0.00338331679814], [0.00203393911943, 0.00573573401198, 0.00589850032702, 0.00469734566286, 0.00214100209996, 0.00250398321077], [0.000748111109715, 0.0027514747344, 0.00303805246949, 0.00214100209996, 0.00169288739562, 0.00130231038202], [0.0014064720599, 0.00339819374494, 0.00338331679814, 0.00250398321077, 0.00130231038202, 0.00175952725112]]
    },
    "scvalleys": {
        "kurt": [1.38601446152, -1.09354221821, -1.36000728607, -1.35031449795, -0.559852838516, -0.486272096634],
        "max": [-7.78216457367, -5.97506427765, -5.4888381958, -6.12051391602, -8.58948040009, -10.6957836151],
        "mean": [-9.52768230438, -9.3104429245, -9.53517532349, -10.0879917145, -11.60455513, -13.649477005],
        "median": [-9.54101657867, -9.51854801178, -9.83026027679, -9.8658618927, -11.8730716705, -14.2453308105],
        "min": [-13.2078752518, -13.6952791214, -13.9967031479, -14.3551902771, -15.373758316, -16.588470459],
        "skew": [-0.14487695694, 0.294443786144, 0.275503635406, 0.0521227866411, 0.60647803545, 0.965624928474],
        "var": [0.337783187628, 1.97525930405, 3.49777507782, 3.58099508286, 1.11906719208, 1.30515444279],
        "cov": [[0.338165283203, 0.269399523735, 0.247864961624, 0.231217756867, 0.0869180187583, 0.0664390102029], [0.269399523735, 1.97749376297, 2.39727973938, 2.23449397087, 1.12097477913, 1.20308542252], [0.247864961624, 2.39727973938, 3.50173187256, 3.37567353249, 1.78572416306, 1.91408085823], [0.231217756867, 2.23449397087, 3.37567353249, 3.58504605293, 1.86886763573, 1.9022963047], [0.0869180187583, 1.12097477913, 1.78572416306, 1.86886763573, 1.12033307552, 1.1438549757], [0.0664390102029, 1.20308542252, 1.91408085823, 1.9022963047, 1.1438549757, 1.30663084984]]
    }
},
"rhythm": {
    "beats_loudness": {
        "kurt": 0.41693520546,
        "max": 0.00935662630945,
        "mean": 0.00240011047572,
        "median": 0.00129046139773,
        "min": 1.94839657297e-07,
        "skew": 1.26475012302,
        "var": 8.33924150356e-06
    },
    "bpm": 72.1208724976,
    "confidence": 1.86472249031,
    "first_peak_bpm": {
        "kurt": 0,
        "max": 85,
        "mean": 85,
        "median": 85,
        "min": 85,
        "skew": 0,
        "var": 0
    },
    "first_peak_spread": {
        "kurt": 0,
        "max": 0.41666662693,
        "mean": 0.41666662693,
        "median": 0.41666662693,
        "min": 0.41666662693,
        "skew": 0,
        "var": 0
    },
    "first_peak_weight": {
        "kurt": 0,
        "max": 0.269230782986,
        "mean": 0.269230782986,
        "median": 0.269230782986,
        "min": 0.269230782986,
        "skew": 0,
        "var": 0
    },
    "onset_rate": 1.80417561531,
    "second_peak_bpm": {
        "kurt": 0,
        "max": 72,
        "mean": 72,
        "median": 72,
        "min": 72,
        "skew": 0,
        "var": 0
    },
    "second_peak_spread": {
        "kurt": 0,
        "max": 0.428571462631,
        "mean": 0.428571462631,
        "median": 0.428571462631,
        "min": 0.428571462631,
        "skew": 0,
        "var": 0
    },
    "second_peak_weight": {
        "kurt": 0,
        "max": 0.153846159577,
        "mean": 0.153846159577,
        "median": 0.153846159577,
        "min": 0.153846159577,
        "skew": 0,
        "var": 0
    },
    "beats_loudness_band_ratio": {
        "kurt": [-0.633661985397, -0.924045562744, 0.467500686646, -0.689207077026, -0.845371007919, 10.8069314957],
        "max": [0.847953736782, 0.423386305571, 0.867640733719, 0.94125020504, 0.180586516857, 0.0523095503449],
        "mean": [0.200264543295, 0.183986485004, 0.282840996981, 0.3560731709, 0.0669564083219, 0.00748691242188],
        "median": [0.00037936490844, 0.170598164201, 0.224288851023, 0.337635338306, 0.0517744682729, 0.00498311547562],
        "min": [2.54598235188e-05, 0.00456116115674, 0.0311057996005, 0.00709115620703, 0.00195846660063, 0.000615088152699],
        "skew": [0.937376737595, 0.44602137804, 1.10045742989, 0.581149220467, 0.5959841609, 3.14912462234],
        "var": [0.0782842487097, 0.0137578742579, 0.0475289560854, 0.0702532827854, 0.00287939398549, 0.000104797043605],
        "cov": [[0.0812951773405, -4.87629040435e-05, -0.0332506522536, -0.0527877397835, -0.00344572705217, 0.00135520205367], [-4.87629040435e-05, 0.0142870238051, -0.00142277195118, -0.0118988817558, -0.000184852877283, -8.49830248626e-05], [-0.0332506522536, -0.00142277195118, 0.0493569932878, -0.00405138032511, -0.0036653468851, -0.000621820741799], [-0.0527877397835, -0.0118988817558, -0.00405138032511, 0.0729553326964, 0.00423366809264, -0.00104774651118], [-0.00344572705217, -0.000184852877283, -0.0036653468851, 0.00423366809264, 0.00299013988115, 0.000168474318343], [0.00135520205367, -8.49830248626e-05, -0.000621820741799, -0.00104774651118, 0.000168474318343, 0.000108827705844]]
    },
    "beats_position": [0.580498874187, 1.18421769142, 1.75310659409, 2.34521532059, 3.04181408882, 3.7151927948, 4.41179132462, 5.0967798233, 5.80498838425, 6.6176867485, 7.3491153717, 8.08054447174, 8.82358264923, 9.53179073334, 10.22838974, 10.9365987778, 11.6448068619, 12.3994560242, 13.1541042328, 13.9319725037, 14.6982307434, 15.4993190765, 16.3236274719, 17.1595458984, 17.995464325, 18.8313827515, 19.7137413025],
    "bpm_estimates": [73.8281326294, 74.898109436, 72.7882919312, 71.7773361206, 71.7773361206, 71.7773361206, 67.9995651245],
    "bpm_intervals": [0.603718817234, 0.568888902664, 0.592108726501, 0.696598768234, 0.673378705978, 0.696598529816, 0.684988498688, 0.708208560944, 0.812698364258, 0.731428623199, 0.731429100037, 0.74303817749, 0.708208084106, 0.696599006653, 0.708209037781, 0.708208084106, 0.754649162292, 0.754648208618, 0.777868270874, 0.766258239746, 0.80108833313, 0.824308395386, 0.835918426514, 0.835918426514, 0.835918426514, 0.882358551025],
    "onset_times": [0.174149662256, 0.708208620548, 0.975238084793, 1.23065757751, 1.48607707024, 1.74149656296, 2.02013611794, 2.35682535172, 3.72680282593, 4.02866220474, 4.31891155243, 4.62077093124, 4.9806804657, 5.36380958557, 6.64090681076, 6.96598625183, 7.34911584854, 7.9644446373, 9.54340171814, 9.86848068237, 10.22838974, 10.6347389221, 11.3777780533, 12.1672563553, 12.4110660553, 12.7709751129, 13.1076641083, 14.7330608368, 15.081360817, 15.476099968, 15.9056692123, 17.3220863342, 18.8429927826, 19.1448516846, 19.4234924316, 19.7369613647, 20.1200904846],
    "histogram": [[0, 0, 0, 0, 0, 0, 0, 0, 0, 0, 0, 0, 0, 0, 0, 0, 0, 0, 0, 0, 0, 0, 0, 0, 0, 0, 0, 0, 0, 0, 0, 0, 0, 0, 0, 0, 0, 0, 0, 0, 0, 0, 0, 0, 0, 0, 0, 0, 0, 0, 0, 0, 0, 0, 0, 0, 0, 0, 0, 0, 0, 0, 0, 0, 0, 0, 0, 0, 0.0384615398943, 0, 0, 0, 0.115384615958, 0.0384615398943, 0.0384615398943, 0.0384615398943, 0, 0.0384615398943, 0.0384615398943, 0, 0.0769230797887, 0.0384615398943, 0.0769230797887, 0, 0, 0.153846159577, 0.115384615958, 0, 0.0384615398943, 0.0384615398943, 0, 0, 0, 0, 0, 0, 0, 0, 0, 0.0384615398943, 0, 0.0384615398943, 0, 0, 0, 0.0384615398943, 0, 0, 0, 0, 0, 0, 0, 0, 0, 0, 0, 0, 0, 0, 0, 0, 0, 0, 0, 0, 0, 0, 0, 0, 0, 0, 0, 0, 0, 0, 0, 0, 0, 0, 0, 0, 0, 0, 0, 0, 0, 0, 0, 0, 0, 0, 0, 0, 0, 0, 0, 0, 0, 0, 0, 0, 0, 0, 0, 0, 0, 0, 0, 0, 0, 0, 0, 0, 0, 0, 0, 0, 0, 0, 0, 0, 0, 0, 0, 0, 0, 0, 0, 0, 0, 0, 0, 0, 0, 0, 0, 0, 0, 0, 0, 0, 0, 0, 0, 0, 0, 0, 0, 0, 0, 0, 0, 0, 0, 0, 0, 0, 0, 0, 0, 0, 0, 0, 0, 0, 0, 0, 0, 0, 0, 0, 0, 0, 0, 0, 0, 0, 0, 0, 0, 0, 0, 0, 0, 0, 0, 0, 0, 0]]
},
"sfx": {
    "inharmonicity": {
        "kurt": 1.98993873596,
        "max": 0.407635390759,
        "mean": 0.0756573751569,
        "median": 0.0495600625873,
        "min": 0,
        "skew": 1.49638724327,
        "var": 0.00570002989843
    },
    "oddtoevenharmonicenergyratio": {
        "kurt": 69.537109375,
        "max": 54.9848136902,
        "mean": 1.97042787075,
        "median": 0.803599059582,
        "min": 0,
        "skew": 6.6189289093,
        "var": 13.7445631027
    },
    "pitch_after_max_to_before_max_energy_ratio": 2.33417534828,
    "pitch_centroid": 440.912078857,
    "pitch_max_to_total": 0.29265537858,
    "pitch_min_to_total": 0.672316372395,
    "tristimulus": {
        "kurt": [0.905612945557, -0.888154029846, 2.87633371353],
        "max": [1, 0.929582893848, 1],
        "mean": [0.299505889416, 0.491003930569, 0.209490031004],
        "median": [0.264108031988, 0.504620015621, 0.15864738822],
        "min": [0, 0, 0],
        "skew": [0.908896923065, -0.264058202505, 1.60139000416],
        "var": [0.0429254807532, 0.0480570271611, 0.0343338921666],
        "cov": [[0.0429740399122, -0.0283563472331, -0.0146177131683], [-0.0283563472331, 0.0481113903224, -0.0197550076991], [-0.0146177131683, -0.0197550076991, 0.0343727320433]]
    }
},
"tonal": {
    "chords_changes_rate": 0.169300228357,
    "chords_number_rate": 0.0293453726918,
    "chords_strength": {
        "kurt": -0.720470666885,
        "max": 0.658103168011,
        "mean": 0.503722846508,
        "median": 0.513966560364,
        "min": 0.321221202612,
        "skew": -0.287657558918,
        "var": 0.00596945080906
    },
    "key_strength": 0.365849167109,
    "tuning_diatonic_strength": 0.406415343285,
    "tuning_equal_tempered_deviation": 0.264179319143,
    "tuning_frequency": 439.491973877,
    "tuning_nontempered_energy_ratio": 0.922774255276,
    "hpcp": {
