{
"metadata": {
    "version": {
        "essentia": "2.1-beta3"
    }
},
"lowLevel": {
    "average_loudness": 0.897611677647,
    "barkbands_kurtosis": {
        "kurt": 106.58782196,
        "max": 45.8228530884,
        "mean": -0.0520708672702,
        "median": -0.741474509239,
        "min": -1.75555729866,
        "skew": 7.87500715256,
        "var": 6.384765625
    },
    "barkbands_skewness": {
        "kurt": 6.49522018433,
        "max": 6.47581958771,
        "mean": 0.609700262547,
        "median": 0.468953132629,
        "min": -1.55112040043,
        "skew": 1.57596731186,
        "var": 0.528098344803
    },
    "barkbands_spread": {
        "kurt": -0.0467846393585,
        "max": 39.6557388306,
        "mean": 19.4519901276,
        "median": 19.5095443726,
        "min": 2.43346452713,
        "skew": 0.0297954175621,
        "var": 39.8607940674
    },
    "dissonance": {
        "kurt": 4.97766017914,
        "max": 0.500000059605,
        "mean": 0.470097869635,
        "median": 0.475990414619,
        "min": 0.319211453199,
        "skew": -1.81727230549,
        "var": 0.000610923452768
    },
    "hfc": {
        "kurt": 15.9149513245,
        "max": 7.27323389053,
        "mean": 0.676554858685,
        "median": 0.422268211842,
        "min": 0.0157359354198,
        "skew": 3.17535400391,
        "var": 0.527132034302
    },
    "pitch": {
        "kurt": 18.0878677368,
        "max": 4271.16894531,
        "mean": 426.695678711,
        "median": 251.93850708,
        "min": 65.3772659302,
        "skew": 4.31618022919,
        "var": 439092.75
    },
    "pitch_instantaneous_confidence": {
        "kurt": 0.0771324634552,
        "max": 0.875363409519,
        "mean": 0.354799866676,
        "median": 0.312697947025,
        "min": 0.132531702518,
        "skew": 0.904156506062,
        "var": 0.027196848765
    },
    "pitch_salience": {
        "kurt": 2.30922222137,
        "max": 0.859624683857,
        "mean": 0.689024269581,
        "median": 0.713921606541,
        "min": 0.244711637497,
        "skew": -1.38983106613,
        "var": 0.0107904225588
    },
    "silence_rate_20dB": {
        "kurt": 0,
        "max": 1,
        "mean": 1,
        "median": 1,
        "min": 1,
        "skew": 0,
        "var": 0
    },
    "silence_rate_30dB": {
        "kurt": 0,
        "max": 1,
        "mean": 1,
        "median": 1,
        "min": 1,
        "skew": 0,
        "var": 0
    },
    "silence_rate_60dB": {
        "kurt": 144.753692627,
        "max": 1,
        "mean": 0.993322193623,
        "median": 1,
        "min": 0,
        "skew": -12.1140899658,
        "var": 0.00663327006623
    },
    "spectral_centroid": {
        "kurt": 2.49960708618,
        "max": 3125.10375977,
        "mean": 1250.04980469,
        "median": 1233.71020508,
        "min": 370.335296631,
        "skew": 0.940766096115,
        "var": 120366.476562
    },
    "spectral_complexity": {
        "kurt": 4.30286455154,
        "max": 13,
        "mean": 1.69365608692,
        "median": 1,
        "min": 0,
        "skew": 1.79638159275,
        "var": 4.23253154755
    },
    "spectral_crest": {
        "kurt": 2.51367712021,
        "max": 24.513589859,
        "mean": 7.25739097595,
        "median": 6.14610671997,
        "min": 2.48934412003,
        "skew": 1.49157965183,
        "var": 14.7029504776
    },
    "spectral_decrease": {
        "kurt": 21.0980892181,
        "max": -3.59534190614e-12,
        "mean": -1.33906150057e-10,
        "median": -8.66366423047e-11,
        "min": -1.78077319557e-09,
        "skew": -3.5014975071,
        "var": 2.11209211838e-20
    },
    "spectral_energy": {
        "kurt": 19.1489009857,
        "max": 0.00715068541467,
        "mean": 0.000566758331843,
        "median": 0.000368205073755,
        "min": 1.49969537233e-05,
        "skew": 3.37007308006,
        "var": 3.68468164424e-07
    },
    "spectral_energyband_high": {
        "kurt": 28.9420185089,
        "max": 0.000198670109967,
        "mean": 1.22161281979e-05,
        "median": 6.50996298646e-06,
        "min": 4.08600669743e-07,
        "skew": 4.43158864975,
        "var": 2.78716577595e-10
    },
    "spectral_energyband_low": {
        "kurt": 48.5151596069,
        "max": 7.7789540228e-05,
        "mean": 3.12339011543e-06,
        "median": 1.45260378304e-06,
        "min": 4.42542997803e-08,
        "skew": 5.73256492615,
        "var": 3.14690287717e-11
    },
    "spectral_energyband_middle_high": {
        "kurt": 39.8156929016,
        "max": 0.00467344513163,
        "mean": 0.000264382892055,
        "median": 0.000146350037539,
        "min": 4.61548370367e-06,
        "skew": 4.9405412674,
        "var": 1.30493745587e-07
    },
    "spectral_energyband_middle_low": {
        "kurt": 56.1051292419,
        "max": 0.00640134839341,
        "mean": 0.000295691279462,
        "median": 0.000183466530871,
        "min": 9.99505937216e-06,
        "skew": 5.83275699615,
        "var": 1.65399157481e-07
    },
    "spectral_flatness_db": {
        "kurt": 1.36716794968,
        "max": 0.325136512518,
        "mean": 0.167153850198,
        "median": 0.160814002156,
        "min": 0.0868901461363,
        "skew": 1.02821338177,
        "var": 0.00133955990896
    },
    "spectral_flux": {
        "kurt": 6.38173866272,
        "max": 0.0765650197864,
        "mean": 0.0145938629285,
        "median": 0.0126159954816,
        "min": 0.00412458460778,
        "skew": 1.86900997162,
        "var": 5.74131736357e-05
    },
    "spectral_kurtosis": {
        "kurt": 4.58886384964,
        "max": 26.4087944031,
        "mean": 7.80701398849,
        "median": 7.45252227783,
        "min": 0.398163318634,
        "skew": 1.34933292866,
        "var": 8.06150245667
    },
    "spectral_rms": {
        "kurt": 2.9033703804,
        "max": 0.00264126458205,
        "mean": 0.000672541325912,
        "median": 0.000599353341386,
        "min": 0.000120959390188,
        "skew": 1.38607251644,
        "var": 1.00622472132e-07
    },
    "spectral_rolloff": {
        "kurt": 0.0874772071838,
        "max": 4694.23828125,
        "mean": 2280.55737305,
        "median": 2304.05273438,
        "min": 344.53125,
        "skew": -0.0527478344738,
        "var": 552340.5625
    },
    "spectral_skewness": {
        "kurt": 0.952116250992,
        "max": 3.6239733696,
        "mean": 2.06730389595,
        "median": 2.07057237625,
        "min": 0.825075626373,
        "skew": 0.133585885167,
        "var": 0.126753732562
    },
    "spectral_spread": {
        "kurt": 19.4679260254,
        "max": 15289039,
        "mean": 3644985.75,
        "median": 3443033.5,
        "min": 1794693.5,
        "skew": 2.69163703918,
        "var": 942876065792
    },
    "spectral_strongpeak": {
        "kurt": 22.8083629608,
        "max": 2.72716212273,
        "mean": 0.203685805202,
        "median": 0.128975510597,
        "min": 0.00452533271164,
        "skew": 3.87224936485,
        "var": 0.0613986998796
    },
    "zerocrossingrate": {
        "kurt": 1.45117425919,
        "max": 0.14892578125,
        "mean": 0.0719126611948,
        "median": 0.07177734375,
        "min": 0.0185546875,
        "skew": 0.479190975428,
        "var": 0.000298444821965
    },
    "barkbands": {
        "kurt": [15.1570968628, 62.7410049438, 44.6577110291, 23.1490726471, 20.5187129974, 102.919265747, 163.704147339, 83.8435592651, 40.8380889893, 47.1986618042, 180.198455811, 143.768981934, 51.9573936462, 208.03678894, 44.8674545288, 131.51701355, 78.9628295898, 60.2473526001, 77.0976257324, 30.3970184326, 17.7047348022, 98.7323532104, 144.430496216, 179.230636597, 166.928390503, 67.6954421997, 128.410400391],
        "max": [3.46016335584e-08, 1.01073792393e-05, 3.40997466992e-05, 6.77820280544e-05, 0.000469155085739, 0.00224048900418, 0.00424149120227, 0.00253685074858, 0.00131932646036, 0.00119865580928, 0.00149286084343, 0.00137118506245, 0.000666804553475, 0.00187349121552, 0.000641682127025, 0.000902917410713, 0.000896373821888, 0.000506525568198, 0.000342301558703, 0.000245272560278, 4.4468233682e-05, 3.05197390844e-05, 1.61251064128e-05, 7.90704416431e-06, 3.55343536285e-06, 1.50821378497e-07, 6.00919136673e-09],
        "mean": [3.05482572571e-09, 3.11752984317e-07, 1.27513283132e-06, 4.55948111266e-06, 3.27554480464e-05, 5.11753241881e-05, 7.11827015039e-05, 6.63748724037e-05, 5.54713587917e-05, 3.87149375456e-05, 2.56495368376e-05, 2.70703876595e-05, 2.63466990873e-05, 3.40400110872e-05, 2.58589425357e-05, 2.20985566557e-05, 2.63401507254e-05, 2.21799364226e-05, 1.5759949747e-05, 1.41013933899e-05, 4.05383389079e-06, 9.45135298025e-07, 2.85216174234e-07, 1.33088477128e-07, 6.76459492865e-08, 4.04444566726e-09, 1.03908083526e-10],
        "median": [1.73163661188e-09, 1.22523346135e-07, 3.98105072463e-07, 2.3691854949e-06, 1.84105283552e-05, 1.90537975868e-05, 2.72935503745e-05, 2.35545849137e-05, 2.47963980655e-05, 1.09913726192e-05, 7.85136398918e-06, 9.01687417354e-06, 1.02880421764e-05, 1.30420703499e-05, 1.09190441435e-05, 8.92516800377e-06, 1.15458706205e-05, 1.22912069855e-05, 8.55249709275e-06, 6.97392624716e-06, 2.16631474359e-06, 4.41754593794e-07, 9.99385179057e-08, 4.42329763928e-08, 2.26994210095e-08, 1.24351251518e-09, 4.02380871678e-11],
        "min": [1.22302107677e-11, 1.92819671341e-09, 7.62887886196e-09, 1.41820217792e-08, 8.32289060781e-07, 5.3956176771e-07, 1.2754301224e-06, 2.33515152104e-07, 3.41419706729e-07, 4.37048811364e-07, 1.82974659424e-07, 2.90518812562e-07, 6.7832638706e-07, 4.15327434666e-07, 2.310310947e-07, 2.36809214016e-07, 3.33169623445e-07, 5.76013235332e-07, 7.51289519485e-07, 2.60935138385e-07, 2.01329612537e-07, 3.48765354374e-08, 1.0854706467e-08, 8.44281977663e-09, 5.34620969717e-09, 2.92596280538e-10, 8.49240382877e-12],
        "skew": [3.30977082253, 6.61489915848, 5.81229782104, 3.83167695999, 3.74799013138, 8.83657073975, 11.0903930664, 8.22592926025, 5.14340305328, 5.97828102112, 11.5160779953, 10.5996265411, 5.77574300766, 12.9058980942, 5.81519508362, 9.7321844101, 7.49055194855, 6.35924291611, 7.17436647415, 4.69833374023, 3.56961512566, 8.67026042938, 10.4156093597, 11.8573350906, 11.1719417572, 7.71329545975, 9.9682674408],
        "var": [1.55299553499e-17, 4.566206354e-13, 8.26295629142e-12, 3.9353052067e-11, 1.94433935619e-09, 1.84246200519e-08, 4.60099229826e-08, 3.34556311543e-08, 9.21715859192e-09, 8.69402061454e-09, 5.52251133712e-09, 5.98275295971e-09, 2.29754437697e-09, 9.63392920994e-09, 2.4971171797e-09, 2.7412083714e-09, 3.12310799444e-09, 1.23518617556e-09, 5.94383209318e-10, 4.60116111878e-10, 2.60035153132e-11, 3.94948223431e-12, 7.42714212614e-13, 1.78342610862e-13, 3.73210204331e-14, 1.53473754129e-16, 1.07273299018e-19],
        "cov": [[1.55429288507e-17, 8.00805118306e-16, 3.91367888686e-15, 4.55374356861e-15, 6.52052188489e-15, 5.40263660022e-15, -5.45880072915e-14, -3.61867823304e-14, -1.08277509138e-14, 7.72424421788e-15, 1.9946858496e-14, 3.20839715743e-14, 3.06885017344e-14, 2.55173791439e-14, 7.08568979586e-15, 1.33545374398e-14, 4.79220218975e-16, 3.27615869207e-15, 1.47627424201e-14, 1.18710058195e-14, 3.01384614083e-15, 4.12565052303e-16, -4.00637882111e-17, 3.09677627796e-17, 2.55298195301e-17, 7.70688105824e-19, -1.61930185339e-20], [8.00805118306e-16, 4.57002111934e-13, 9.45629208618e-13, 1.30771164297e-12, 1.97798049641e-12, 4.53475841947e-12, -1.4042881441e-12, -1.03426295306e-12, 4.94718979324e-12, 7.9143844256e-12, 6.33624186105e-12, 1.26211428461e-11, 1.05672276485e-11, 1.44796293011e-11, 5.18081671314e-12, 4.93329769397e-12, 2.65943907521e-12, 3.0944359488e-12, 4.50675477839e-12, 3.34782527221e-12, 8.34459834131e-13, 1.42133361829e-13, 8.43023601502e-15, 1.67756908083e-14, 1.22886735306e-14, 5.78864857252e-16, 8.22596956625e-18], [3.91367888686e-15, 9.45629208618e-13, 8.26985962349e-12, 8.67362518614e-12, 1.28673816394e-11, 1.96621642579e-11, -1.77692201231e-11, -6.71698417373e-12, 1.24218595479e-11, 2.31341838047e-11, 2.19605514329e-11, 3.66510155558e-11, 3.88478103852e-11, 2.97812191574e-11, 1.68787345212e-11, 1.69064397898e-11, 6.02976739719e-12, 1.04795659997e-11, 1.77266222534e-11, 1.16236785822e-11, 3.3947493254e-12, 5.69846795619e-13, 2.74657311055e-14, 8.56911452061e-14, 4.95980074502e-14, 2.66953847096e-15, 3.65789556998e-17], [4.55374356861e-15, 1.30771164297e-12, 8.67362518614e-12, 3.93859285464e-11, 2.04346695815e-11, 5.25726753797e-11, -5.17661122301e-11, 3.63595577257e-11, 4.71760235043e-11, 7.01606689413e-11, 2.23521496451e-11, 5.27343169132e-11, 6.19896148302e-11, 4.72164772558e-11, 1.78064160639e-11, 2.08037562871e-11, 5.54735814576e-12, 1.85638639877e-11, 2.43245059511e-11, 1.4032671726e-11, 4.61964451068e-12, 4.69425876209e-13, -1.22618115748e-13, 2.73097855636e-14, 3.65356718132e-14, 2.13379497579e-16, -6.4799999081e-17], [6.52052188489e-15, 1.97798049641e-12, 1.28673816394e-11, 2.04346695815e-11, 1.94596361247e-09, 9.85275305787e-10, 1.67985614308e-09, 1.95110860801e-09, 3.50965367879e-10, 5.14360776194e-10, 1.76664627372e-10, 4.52058807054e-10, 2.61768995369e-10, 2.10993486571e-10, 3.748697186e-10, 1.55136653524e-10, 2.35556241179e-10, 2.44406939132e-10, 8.0916169598e-11, 6.68731736653e-11, 2.89538358567e-11, 1.96730999547e-12, -1.92962413084e-13, 3.93241591633e-13, 3.75032361936e-13, 1.98065254654e-14, 4.72940846099e-16], [5.40263660022e-15, 4.53475841947e-12, 1.96621642579e-11, 5.25726753797e-11, 9.85275305787e-10, 1.84400121839e-08, 1.04058227313e-10, 1.55243340405e-09, 4.92899554505e-10, -1.25698784714e-10, 3.06174002818e-10, 1.67645411442e-10, 3.30680344218e-10, 1.03737969603e-10, 3.32395194702e-10, 3.1822980362e-10, 2.14466416848e-10, 6.25603346904e-10, 7.9223502758e-11, 3.40011283018e-11, 4.08974798471e-11, 2.72062342273e-12, 2.48261437449e-12, 1.63748918938e-12, 1.66445546582e-12, 2.00117239403e-13, 4.18647431785e-15], [-5.45880072915e-14, -1.4042881441e-12, -1.77692201231e-11, -5.17661122301e-11, 1.67985614308e-09, 1.04058227313e-10, 4.60483597919e-08, 1.36624338509e-08, 8.88350115691e-10, 5.70193059435e-10, -2.75523659443e-10, -3.49615197903e-10, -3.2353583701e-10, -3.5039110502e-10, 2.28002017266e-09, 1.44791179046e-09, 4.0079544128e-09, 1.05787734128e-09, 2.72591449413e-10, 1.19315682334e-10, 6.84134277007e-11, 2.39557744301e-12, 3.83463313186e-12, 1.76511290393e-12, 1.563178623e-12, 9.3750529868e-15, 5.33912659923e-16], [-3.61867823304e-14, -1.03426295306e-12, -6.71698417373e-12, 3.63595577257e-11, 1.95110860801e-09, 1.55243340405e-09, 1.36624338509e-08, 3.34835803528e-08, 2.4817778943e-09, 1.27055554966e-09, 1.49303139296e-10, 7.66683327935e-10, 1.13081310982e-09, 8.31102742183e-10, 1.74629288807e-09, 1.59844071312e-09, 1.69513325599e-09, 1.04398567569e-09, -1.13502740193e-11, 1.95038776796e-10, 5.08099430585e-11, -3.27334296821e-12, -5.17626902712e-13, -8.46332498441e-13, -2.09882990572e-14, 8.03880271421e-16, 5.35296182363e-16], [-1.08277509138e-14, 4.94718979324e-12, 1.24218595479e-11, 4.71760235043e-11, 3.50965367879e-10, 4.92899554505e-10, 8.88350115691e-10, 2.4817778943e-09, 9.22485909882e-09, 2.7284232651e-09, 1.18737242261e-09, 7.61486762535e-10, 7.54337314834e-10, 9.34573418654e-10, 1.50829781997e-09, 1.05261921401e-09, 6.62726762357e-10, 5.42028977257e-10, 2.40625575021e-10, 3.3670560784e-10, 8.66515886822e-11, 2.06678354986e-11, 8.61542608088e-12, 4.02545444894e-12, 1.64043138882e-12, 7.37265676569e-14, 1.7762554072e-15], [7.72424421788e-15, 7.9143844256e-12, 2.31341838047e-11, 7.01606689413e-11, 5.14360776194e-10, -1.25698784714e-10, 5.70193059435e-10, 1.27055554966e-09, 2.7284232651e-09, 8.70128413766e-09, 1.00119401658e-09, 2.65058219817e-09, 1.27658750237e-09, 2.89129387099e-09, 1.11053766183e-09, 3.45617146014e-10, 3.38957278911e-10, 3.92466920074e-10, 2.46005826821e-10, 4.33983127213e-10, 6.81679504511e-11, 1.37999793884e-11, 1.67017539122e-12, 1.16382283585e-12, 2.63947744954e-13, 1.19635882147e-14, 6.81847811194e-16], [1.9946858496e-14, 6.33624186105e-12, 2.19605514329e-11, 2.23521496451e-11, 1.76664627372e-10, 3.06174002818e-10, -2.75523659443e-10, 1.49303139296e-10, 1.18737242261e-09, 1.00119401658e-09, 5.52712497992e-09, 1.71318281783e-09, 1.26866850358e-09, 3.04743541513e-09, 7.15417003416e-10, 9.4652286009e-10, 1.06290654056e-09, 3.19440529584e-10, 1.11058814922e-10, 2.22802665206e-10, 2.57808357995e-11, 4.90002222825e-12, 1.09834895085e-12, 8.31558238067e-13, 4.39750720647e-13, 3.76503875006e-14, 1.24126304497e-15], [3.20839715743e-14, 1.26211428461e-11, 3.66510155558e-11, 5.27343169132e-11, 4.52058807054e-10, 1.67645411442e-10, -3.49615197903e-10, 7.66683327935e-10, 7.61486762535e-10, 2.65058219817e-09, 1.71318281783e-09, 5.98775118377e-09, 2.01663175048e-09, 4.4169676805e-09, 8.24030677027e-10, 9.91158377595e-10, 7.03692715209e-10, 4.62939298007e-10, 1.95858176899e-10, 4.38771796674e-10, 4.99152108535e-11, 7.38516452853e-12, -1.40600389404e-12, 6.3025864909e-14, 2.01413999411e-13, -1.81923618829e-15, 4.81043457394e-16], [3.06885017344e-14, 1.05672276485e-11, 3.88478103852e-11, 6.19896148302e-11, 2.61768995369e-10, 3.30680344218e-10, -3.2353583701e-10, 1.13081310982e-09, 7.54337314834e-10, 1.27658750237e-09, 1.26866850358e-09, 2.01663175048e-09, 2.29946373054e-09, 2.64862309862e-09, 6.32076335716e-10, 4.97980934266e-10, 3.55850404699e-10, 3.58547525003e-10, 2.09096073789e-10, 2.99753916133e-10, 3.6341100268e-11, 4.12319527479e-12, -6.74539254748e-13, 5.69715661366e-13, 4.59901485384e-13, 4.42841615022e-15, 1.70030363042e-16], [2.55173791439e-14, 1.44796293011e-11, 2.97812191574e-11, 4.72164772558e-11, 2.10993486571e-10, 1.03737969603e-10, -3.5039110502e-10, 8.31102742183e-10, 9.34573418654e-10, 2.89129387099e-09, 3.04743541513e-09, 4.4169676805e-09, 2.64862309862e-09, 9.6419769946e-09, 1.69724212462e-09, 1.01442598766e-09, 1.12585551992e-09, 5.41279632227e-10, 2.06470784914e-10, 8.38809799397e-10, 4.08223836679e-11, 2.82492388856e-12, -6.88663264869e-13, 1.10815470569e-13, 6.35452451834e-14, 2.31407834179e-15, 1.00588296508e-15], [7.08568979586e-15, 5.18081671314e-12, 1.68787345212e-11, 1.78064160639e-11, 3.748697186e-10, 3.32395194702e-10, 2.28002017266e-09, 1.74629288807e-09, 1.50829781997e-09, 1.11053766183e-09, 7.15417003416e-10, 8.24030677027e-10, 6.32076335716e-10, 1.69724212462e-09, 2.49920328876e-09, 8.53148773849e-10, 7.30404570159e-10, 4.79590700486e-10, 1.96319960288e-10, 3.46013245833e-10, 6.09686953701e-11, 6.20991756281e-12, 1.14074103896e-12, 7.7782111264e-13, 4.06681334659e-13, 2.63914392185e-14, 6.61583130266e-16], [1.33545374398e-14, 4.93329769397e-12, 1.69064397898e-11, 2.08037562871e-11, 1.55136653524e-10, 3.1822980362e-10, 1.44791179046e-09, 1.59844071312e-09, 1.05261921401e-09, 3.45617146014e-10, 9.4652286009e-10, 9.91158377595e-10, 4.97980934266e-10, 1.01442598766e-09, 8.53148773849e-10, 2.74349831741e-09, 7.04314995215e-10, 5.37783262367e-10, 1.36022568209e-10, 1.33915170619e-10, 3.31504823592e-11, 5.43707179973e-12, 1.54252836632e-12, 1.34097008671e-12, 7.41422602566e-13, 3.67940575197e-14, 6.74837078308e-16], [4.79220218975e-16, 2.65943907521e-12, 6.02976739719e-12, 5.54735814576e-12, 2.35556241179e-10, 2.14466416848e-10, 4.0079544128e-09, 1.69513325599e-09, 6.62726762357e-10, 3.38957278911e-10, 1.06290654056e-09, 7.03692715209e-10, 3.55850404699e-10, 1.12585551992e-09, 7.30404570159e-10, 7.04314995215e-10, 3.12571701855e-09, 8.81693551502e-10, 4.10654510397e-10, 4.56571891405e-10, 6.64936022909e-11, 1.47893745861e-11, 6.2871374773e-12, 4.38394589727e-12, 2.49210613083e-12, 7.91282864969e-14, 1.95729557067e-15], [3.27615869207e-15, 3.0944359488e-12, 1.04795659997e-11, 1.85638639877e-11, 2.44406939132e-10, 6.25603346904e-10, 1.05787734128e-09, 1.04398567569e-09, 5.42028977257e-10, 3.92466920074e-10, 3.19440529584e-10, 4.62939298007e-10, 3.58547525003e-10, 5.41279632227e-10, 4.79590700486e-10, 5.37783262367e-10, 8.81693551502e-10, 1.23621801684e-09, 4.39164621335e-10, 3.1352581642e-10, 6.38606736936e-11, 2.51842140891e-11, 9.62376185687e-12, 6.42467155865e-12, 3.38414647867e-12, 1.6245280132e-13, 3.77348604024e-15], [1.47627424201e-14, 4.50675477839e-12, 1.77266222534e-11, 2.43245059511e-11, 8.0916169598e-11, 7.9223502758e-11, 2.72591449413e-10, -1.13502740193e-11, 2.40625575021e-10, 2.46005826821e-10, 1.11058814922e-10, 1.95858176899e-10, 2.09096073789e-10, 2.06470784914e-10, 1.96319960288e-10, 1.36022568209e-10, 4.10654510397e-10, 4.39164621335e-10, 5.94879756566e-10, 3.23210208597e-10, 7.4907101355e-11, 3.0217380681e-11, 1.06023722787e-11, 6.59391074728e-12, 3.14358391748e-12, 1.55594775345e-13, 3.12221235973e-15], [1.18710058195e-14, 3.34782527221e-12, 1.16236785822e-11, 1.4032671726e-11, 6.68731736653e-11, 3.40011283018e-11, 1.19315682334e-10, 1.95038776796e-10, 3.3670560784e-10, 4.33983127213e-10, 2.22802665206e-10, 4.38771796674e-10, 2.99753916133e-10, 8.38809799397e-10, 3.46013245833e-10, 1.33915170619e-10, 4.56571891405e-10, 3.1352581642e-10, 3.23210208597e-10, 4.60500498844e-10, 7.42573919021e-11, 2.21343169488e-11, 7.41729334203e-12, 3.85490077359e-12, 1.79340678592e-12, 1.07812779429e-13, 2.49623891809e-15], [3.01384614083e-15, 8.34459834131e-13, 3.3947493254e-12, 4.61964451068e-12, 2.89538358567e-11, 4.08974798471e-11, 6.84134277007e-11, 5.08099430585e-11, 8.66515886822e-11, 6.81679504511e-11, 2.57808357995e-11, 4.99152108535e-11, 3.6341100268e-11, 4.08223836679e-11, 6.09686953701e-11, 3.31504823592e-11, 6.64936022909e-11, 6.38606736936e-11, 7.4907101355e-11, 7.42573919021e-11, 2.60252392553e-11, 6.1779908446e-12, 1.9781483309e-12, 1.00116041759e-12, 4.67851506234e-13, 2.84134610236e-14, 5.91962898293e-16], [4.12565052303e-16, 1.42133361829e-13, 5.69846795619e-13, 4.69425876209e-13, 1.96730999547e-12, 2.72062342273e-12, 2.39557744301e-12, -3.27334296821e-12, 2.06678354986e-11, 1.37999793884e-11, 4.90002222825e-12, 7.38516452853e-12, 4.12319527479e-12, 2.82492388856e-12, 6.20991756281e-12, 5.43707179973e-12, 1.47893745861e-11, 2.51842140891e-11, 3.0217380681e-11, 2.21343169488e-11, 6.1779908446e-12, 3.95278167836e-12, 1.47417657508e-12, 6.15214422375e-13, 2.77299992864e-13, 1.74805577457e-14, 3.83759288182e-16], [-4.00637882111e-17, 8.43023601502e-15, 2.74657311055e-14, -1.22618115748e-13, -1.92962413084e-13, 2.48261437449e-12, 3.83463313186e-12, -5.17626902712e-13, 8.61542608088e-12, 1.67017539122e-12, 1.09834895085e-12, -1.40600389404e-12, -6.74539254748e-13, -6.88663264869e-13, 1.14074103896e-12, 1.54252836632e-12, 6.2871374773e-12, 9.62376185687e-12, 1.06023722787e-11, 7.41729334203e-12, 1.9781483309e-12, 1.47417657508e-12, 7.43334701517e-13, 2.85002436148e-13, 1.2135884203e-13, 7.67509767221e-15, 1.72603702075e-16], [3.09677627796e-17, 1.67756908083e-14, 8.56911452061e-14, 2.73097855636e-14, 3.93241591633e-13, 1.63748918938e-12, 1.76511290393e-12, -8.46332498441e-13, 4.02545444894e-12, 1.16382283585e-12, 8.31558238067e-13, 6.3025864909e-14, 5.69715661366e-13, 1.10815470569e-13, 7.7782111264e-13, 1.34097008671e-12, 4.38394589727e-12, 6.42467155865e-12, 6.59391074728e-12, 3.85490077359e-12, 1.00116041759e-12, 6.15214422375e-13, 2.85002436148e-13, 1.78491593793e-13, 7.76568276372e-14, 3.56078166762e-15, 6.9927360826e-17], [2.55298195301e-17, 1.22886735306e-14, 4.95980074502e-14, 3.65356718132e-14, 3.75032361936e-13, 1.66445546582e-12, 1.563178623e-12, -2.09882990572e-14, 1.64043138882e-12, 2.63947744954e-13, 4.39750720647e-13, 2.01413999411e-13, 4.59901485384e-13, 6.35452451834e-14, 4.06681334659e-13, 7.41422602566e-13, 2.49210613083e-12, 3.38414647867e-12, 3.14358391748e-12, 1.79340678592e-12, 4.67851506234e-13, 2.77299992864e-13, 1.2135884203e-13, 7.76568276372e-14, 3.73521980219e-14, 1.80296256779e-15, 3.37918665787e-17], [7.70688105824e-19, 5.78864857252e-16, 2.66953847096e-15, 2.13379497579e-16, 1.98065254654e-14, 2.00117239403e-13, 9.3750529868e-15, 8.03880271421e-16, 7.37265676569e-14, 1.19635882147e-14, 3.76503875006e-14, -1.81923618829e-15, 4.42841615022e-15, 2.31407834179e-15, 2.63914392185e-14, 3.67940575197e-14, 7.91282864969e-14, 1.6245280132e-13, 1.55594775345e-13, 1.07812779429e-13, 2.84134610236e-14, 1.74805577457e-14, 7.67509767221e-15, 3.56078166762e-15, 1.80296256779e-15, 1.53601960507e-16, 3.09492955589e-18], [-1.61930185339e-20, 8.22596956625e-18, 3.65789556998e-17, -6.4799999081e-17, 4.72940846099e-16, 4.18647431785e-15, 5.33912659923e-16, 5.35296182363e-16, 1.7762554072e-15, 6.81847811194e-16, 1.24126304497e-15, 4.81043457394e-16, 1.70030363042e-16, 1.00588296508e-15, 6.61583130266e-16, 6.74837078308e-16, 1.95729557067e-15, 3.77348604024e-15, 3.12221235973e-15, 2.49623891809e-15, 5.91962898293e-16, 3.83759288182e-16, 1.72603702075e-16, 6.9927360826e-17, 3.37918665787e-17, 3.09492955589e-18, 1.07362918867e-19]]
    },
    "mfcc": {
        "kurt": [-0.031042098999, 2.10358047485, 0.769041538239, 0.176490545273, 0.677093744278, 0.656747102737, 0.63414478302, 0.727473020554, 0.579876184464, 0.66184091568, 0.732913732529, 0.87696146965, 0.340015411377],
        "max": [-741.416259766, 169.703796387, -25.1515731812, 55.7961616516, 4.74354553223, 3.92910003662, 31.5244522095, 6.38752365112, 26.4567909241, 18.6500110626, 15.1667442322, 20.5446891785, 17.3379821777],
        "mean": [-844.44128418, 123.656303406, -69.8930511475, 13.844628334, -23.90583992, -27.6658878326, -12.2640295029, -22.0370979309, -10.1305532455, -7.63021802902, -6.84255075455, -6.09602594376, -8.72873687744],
        "median": [-847.260375977, 126.997360229, -69.2866973877, 14.4299087524, -23.0559139252, -28.2316398621, -10.8479976654, -21.4049777985, -10.0914535522, -7.50089073181, -6.59340572357, -5.93807983398, -8.54448986053],
        "min": [-986.491882324, 32.8282089233, -128.362075806, -31.6669387817, -68.6668930054, -81.6586303711, -65.9221191406, -65.0594558716, -35.4908485413, -39.4710159302, -37.4535751343, -35.1838340759, -33.9941749573],
        "skew": [0.3757417202, -1.08887779713, -0.393806308508, -0.198731184006, -0.574410498142, -0.211776390672, -0.629848837852, -0.318102329969, 0.0699487626553, -0.232061758637, -0.270492553711, -0.12042440474, -0.174256205559],
        "var": [1280.87182617, 356.415405273, 228.208999634, 178.483703613, 124.843452454, 131.898483276, 164.756378174, 77.8254241943, 70.7381210327, 59.4578323364, 53.3714408875, 57.9691162109, 50.9194908142],
        "cov": [[1281.94189453, 124.937812805, -298.217407227, -36.4401321411, -95.6173248291, 88.777671814, 26.4770069122, 64.4601135254, 6.44009637833, -17.9518604279, -39.253276825, -24.821685791, 9.70388793945], [124.937812805, 356.713165283, -96.4318771362, -102.05140686, 32.9473876953, 21.7179889679, 55.1528053284, -27.3807964325, -0.661623001099, -23.9455509186, -1.67661702633, 4.6485042572, -14.8109302521], [-298.217407227, -96.4318771362, 228.399642944, 61.6609802246, 3.71151995659, -26.4146957397, -33.8191452026, -6.21215820312, -32.1357345581, 3.54226064682, 20.1705493927, 4.09939479828, 3.27933597565], [-36.4401321411, -102.05140686, 61.6609802246, 178.6328125, 35.603225708, -26.6711273193, -8.7150850296, -25.9212818146, -10.4287605286, -1.40756058693, -5.75664806366, 19.7713127136, 19.9319572449], [-95.6173248291, 32.9473876953, 3.71151995659, 35.603225708, 124.947746277, 15.9794950485, 1.59873020649, -12.2451238632, -7.82209777832, 0.138704717159, 2.14137768745, 12.205786705, 7.3379201889], [88.777671814, 21.7179889679, -26.4146957397, -26.6711273193, 15.9794950485, 132.008682251, 85.1193313599, 23.5838394165, 3.92426133156, 0.34122505784, 7.03649330139, -17.0268115997, 1.52868974209], [26.4770069122, 55.1528053284, -33.8191452026, -8.7150850296, 1.59873020649, 85.1193313599, 164.894012451, 23.6370410919, 1.06846487522, 4.69273328781, -3.33117985725, -4.74911785126, -2.4186630249], [64.4601135254, -27.3807964325, -6.21215820312, -25.9212818146, -12.2451238632, 23.5838394165, 23.6370410919, 77.8904418945, 24.8810214996, 4.77545166016, 7.11563253403, -11.2632904053, 1.74260115623], [6.44009637833, -0.661623001099, -32.1357345581, -10.4287605286, -7.82209777832, 3.92426133156, 1.06846487522, 24.8810214996, 70.7972183228, 23.8846111298, -6.38712930679, 1.41812360287, -0.343359202147], [-17.9518604279, -23.9455509186, 3.54226064682, -1.40756058693, 0.138704717159, 0.34122505784, 4.69273328781, 4.77545166016, 23.8846111298, 59.5075073242, 15.0950012207, -3.75696802139, 4.21757888794], [-39.253276825, -1.67661702633, 20.1705493927, -5.75664806366, 2.14137768745, 7.03649330139, -3.33117985725, 7.11563253403, -6.38712930679, 15.0950012207, 53.4160308838, 18.0001068115, 5.33621883392], [-24.821685791, 4.6485042572, 4.09939479828, 19.7713127136, 12.205786705, -17.0268115997, -4.74911785126, -11.2632904053, 1.41812360287, -3.75696802139, 18.0001068115, 58.0175437927, 26.3394546509], [9.70388793945, -14.8109302521, 3.27933597565, 19.9319572449, 7.3379201889, 1.52868974209, -2.4186630249, 1.74260115623, -0.343359202147, 4.21757888794, 5.33621883392, 26.3394546509, 50.9620323181]]
    },
    "sccoeffs": {
        "kurt": [0.219655036926, 1.44183731079, 1.54551696777, 2.00634670258, 2.41693925858, 4.07465076447],
        "max": [-0.41436457634, -0.474151670933, -0.568254828453, -0.643683135509, -0.700283229351, -0.671459257603],
        "mean": [-0.660387933254, -0.785718023777, -0.815749406815, -0.826070725918, -0.830690324306, -0.811386942863],
        "median": [-0.663899064064, -0.797855496407, -0.828371822834, -0.832513451576, -0.835923552513, -0.813425779343],
        "min": [-0.844718456268, -0.934283316135, -0.921899795532, -0.912945568562, -0.881572842598, -0.879705667496],
        "skew": [0.377180099487, 1.03862285614, 1.19025075436, 1.13075363636, 1.31193363667, 1.1585085392],
        "var": [0.00439106533304, 0.00457311375067, 0.00324397441, 0.00149767065886, 0.000781151349656, 0.000453801709227],
        "cov": [[0.00439473381266, 0.00125408300664, 0.000698200776242, 0.000614910270087, 0.000377946533263, 7.97204775154e-05], [0.00125408300664, 0.00457693450153, 0.00103264243808, 0.000724705227185, 0.000625341723207, -1.53324333496e-06], [0.000698200776242, 0.00103264243808, 0.00324668432586, 0.00101371807978, 0.000386482250178, 8.72932141647e-05], [0.000614910270087, 0.000724705227185, 0.00101371807978, 0.00149892189074, 0.000430029642303, 7.28633676772e-05], [0.000377946533263, 0.000625341723207, 0.000386482250178, 0.000430029642303, 0.00078180397395, 4.26496480941e-05], [7.97204775154e-05, -1.53324333496e-06, 8.72932141647e-05, 7.28633676772e-05, 4.26496480941e-05, 0.000454180815723]]
    },
    "scvalleys": {
        "kurt": [0.342212915421, -0.07790184021, -0.350908517838, -0.1269094944, 0.26669883728, 1.40405225754],
        "max": [-7.44174385071, -5.50329732895, -5.8831319809, -6.34779310226, -6.88961601257, -8.97139835358],
        "mean": [-9.15541172028, -7.10198163986, -7.57269525528, -7.82168769836, -8.34105300903, -11.2021064758],
        "median": [-9.18311786652, -7.10109615326, -7.64383649826, -7.87915706635, -8.39003753662, -11.3288478851],
        "min": [-10.7213630676, -8.5072851181, -8.87035083771, -9.28974819183, -9.71275901794, -12.0292434692],
        "skew": [0.341155558825, -0.0296492427588, 0.422643184662, 0.495580404997, 0.545841515064, 1.13756668568],
        "var": [0.276532948017, 0.193529859185, 0.313167780638, 0.229066625237, 0.163231641054, 0.240373387933],
        "cov": [[0.27676397562, 0.0745823532343, 0.150806620717, 0.128839090466, 0.0775309428573, 0.0487777367234], [0.0745823532343, 0.193691536784, 0.125205457211, 0.109047971666, 0.0675400123, 0.058733034879], [0.150806620717, 0.125205457211, 0.313429415226, 0.202774569392, 0.114635244012, 0.0871763527393], [0.128839090466, 0.109047971666, 0.202774569392, 0.22925798595, 0.113860405982, 0.0806975066662], [0.0775309428573, 0.0675400123, 0.114635244012, 0.113860405982, 0.16336800158, 0.131948545575], [0.0487777367234, 0.058733034879, 0.0871763527393, 0.0806975066662, 0.131948545575, 0.240574195981]]
    }
},
"rhythm": {
    "beats_loudness": {
        "kurt": 3.63615989685,
        "max": 0.0030426250305,
        "mean": 0.000692077155691,
        "median": 0.000466557859909,
        "min": 6.96879433235e-05,
        "skew": 2.03978419304,
        "var": 4.72688782338e-07
    },
    "bpm": 109.538162231,
    "confidence": 0.413987547159,
    "first_peak_bpm": {
        "kurt": 0,
        "max": 108,
        "mean": 108,
        "median": 108,
        "min": 108,
        "skew": 0,
        "var": 0
    },
    "first_peak_spread": {
        "kurt": 0,
        "max": 0.550000011921,
        "mean": 0.550000011921,
        "median": 0.550000011921,
        "min": 0.550000011921,
        "skew": 0,
        "var": 0
    },
    "first_peak_weight": {
        "kurt": 0,
        "max": 0.166666671634,
        "mean": 0.166666671634,
        "median": 0.166666671634,
        "min": 0.166666671634,
        "skew": 0,
        "var": 0
    },
    "onset_rate": 2.4833714962,
    "second_peak_bpm": {
        "kurt": 0,
        "max": 136,
        "mean": 136,
        "median": 136,
        "min": 136,
        "skew": 0,
        "var": 0
    },
    "second_peak_spread": {
        "kurt": 0,
        "max": 0.5,
        "mean": 0.5,
        "median": 0.5,
        "min": 0.5,
        "skew": 0,
        "var": 0
    },
    "second_peak_weight": {
        "kurt": 0,
        "max": 0.148148149252,
        "mean": 0.148148149252,
        "median": 0.148148149252,
        "min": 0.148148149252,
        "skew": 0,
        "var": 0
    },
    "beats_loudness_band_ratio": {
        "kurt": [6.21990394592, 4.32872247696, -0.66143155098, -0.429307222366, -0.718786716461, 2.5142455101],
        "max": [0.158803388476, 0.602825641632, 0.767106711864, 0.539495408535, 0.488751828671, 0.254254966974],
        "mean": [0.0282031111419, 0.15812265873, 0.359091192484, 0.212092161179, 0.227147251368, 0.0637909248471],
        "median": [0.0212891381234, 0.133696302772, 0.334786325693, 0.170164749026, 0.232432126999, 0.0514090955257],
        "min": [0.000323365587974, 0.0290264971554, 0.0596431009471, 0.00493727112189, 0.0678598508239, 0.00920732785016],
        "skew": [2.27772831917, 1.88750231266, 0.345202356577, 0.689752697945, 0.350285172462, 1.62361717224],
        "var": [0.000855153193697, 0.0133268442005, 0.0257532019168, 0.0186684168875, 0.0127470046282, 0.00284688780084],
        "cov": [[0.000870989344548, 0.00089199381182, -0.00125320674852, 5.74305158807e-05, -1.63804361364e-06, -6.68671054882e-05], [0.00089199381182, 0.0135736381635, -0.0025031408295, -0.00532779004425, -0.00551426643506, -5.03403352923e-05], [-0.00125320674852, -0.0025031408295, 0.0262301117182, -0.0109948338941, -0.00836582668126, -0.00266208965331], [5.74305158807e-05, -0.00532779004425, -0.0109948338941, 0.0190141294152, -0.000522602291312, -0.00113986060023], [-1.63804361364e-06, -0.00551426643506, -0.00836582668126, -0.000522602291312, 0.0129830604419, 0.00094009534223], [-6.68671054882e-05, -5.03403352923e-05, -0.00266208965331, -0.00113986060023, 0.00094009534223, 0.00289960787632]]
    },
    "beats_position": [0.452789098024, 0.905578196049, 1.369977355, 1.82276642323, 2.27555561066, 2.72834467888, 3.14630389214, 3.5758728981, 3.99383211136, 4.41179132462, 4.91102027893, 5.42185926437, 5.92108821869, 6.47836732864, 7.03564596176, 7.59292507172, 8.15020370483, 8.70748329163, 9.26476192474, 9.82204055786, 10.379319191, 10.8785486221, 11.3893871307, 11.900226593, 12.4110651016, 12.9219045639, 13.3746938705, 13.8158731461, 14.2570514679, 14.6982307434, 15.1394100189, 15.5805892944, 16.0217685699, 16.4629478455, 16.8925170898, 17.3220863342, 17.7632656097, 18.2508831024, 18.7385025024, 19.2145118713, 19.6789112091, 20.154920578, 20.6309299469, 21.1649875641, 21.7106571198, 22.2563266754, 22.825214386, 23.3824939728, 23.9165534973, 24.4506111145, 24.984670639, 25.5303401947, 26.0643978119, 26.5984573364, 27.132516861],
    "bpm_estimates": [107.665977478, 107.666069031, 107.665977478, 107.666069031, 107.665885925, 107.666069031, 107.666069031, 107.666069031, 112.347427368, 109.95665741, 109.95665741, 105.468971252, 107.665885925, 112.34703064, 112.347427368, 112.34703064, 109.95665741, 112.347427368, 112.34703064, 112.34703064],
    "bpm_intervals": [0.452789098024, 0.464399158955, 0.452789068222, 0.452789187431, 0.452789068222, 0.417959213257, 0.429569005966, 0.417959213257, 0.417959213257, 0.499228954315, 0.510838985443, 0.499228954315, 0.557279109955, 0.557278633118, 0.557279109955, 0.557278633118, 0.557279586792, 0.557278633118, 0.557278633118, 0.557278633118, 0.499229431152, 0.510838508606, 0.51083946228, 0.510838508606, 0.51083946228, 0.452789306641, 0.441179275513, 0.441178321838, 0.441179275513, 0.441179275513, 0.441179275513, 0.441179275513, 0.441179275513, 0.429569244385, 0.429569244385, 0.441179275513, 0.487617492676, 0.487619400024, 0.476009368896, 0.464399337769, 0.476009368896, 0.476009368896, 0.534057617188, 0.545669555664, 0.545669555664, 0.568887710571, 0.557279586792, 0.534059524536, 0.534057617188, 0.534059524536, 0.545669555664, 0.534057617188, 0.534059524536, 0.534059524536],
    "onset_times": [0.0116099771112, 0.127709746361, 0.336689352989, 0.476009070873, 1.40480720997, 1.54412698746, 2.07818603516, 2.27555561066, 2.68190479279, 2.96054410934, 3.59909296036, 3.86612248421, 4.27247142792, 4.52789115906, 4.80653047562, 6.04879808426, 8.16181373596, 8.39401340485, 9.18349170685, 11.3081178665, 12.294965744, 13.2702045441, 14.1293420792, 14.291882515, 15.2903404236, 15.6038093567, 16.2423591614, 16.6719264984, 16.8576869965, 17.0898857117, 17.2059860229, 17.3104763031, 17.4381866455, 17.7516555786, 17.9606342316, 18.2044448853, 18.6340141296, 18.7617225647, 18.9126529694, 19.0403633118, 19.365442276, 19.5512008667, 19.7717914581, 20.0156002045, 20.0852603912, 20.1897506714, 20.4335594177, 20.7818603516, 20.8863487244, 21.1417694092, 21.4552383423, 21.6990470886, 21.9428577423, 22.2447166443, 22.616235733, 22.9993648529, 23.3941040039, 23.6495246887, 23.8933334351, 24.2416324615, 24.5783214569, 24.7524719238, 24.9266204834, 25.2168712616, 25.553560257, 26.3546485901, 26.73777771, 27.0164165497, 27.4924259186],
    "histogram": [[0, 0, 0, 0, 0, 0, 0, 0, 0, 0, 0, 0, 0, 0, 0, 0, 0, 0, 0, 0, 0, 0, 0, 0, 0, 0, 0, 0, 0, 0, 0, 0, 0, 0, 0, 0, 0, 0, 0, 0, 0, 0, 0, 0, 0, 0, 0, 0, 0, 0, 0, 0, 0, 0, 0, 0, 0, 0, 0, 0, 0, 0, 0, 0, 0, 0, 0, 0, 0, 0, 0, 0, 0, 0, 0, 0, 0, 0, 0, 0, 0, 0, 0, 0, 0, 0, 0, 0, 0, 0, 0, 0, 0, 0, 0, 0, 0, 0, 0, 0, 0, 0, 0, 0, 0, 0.0185185186565, 0, 0, 0.166666671634, 0, 0.0555555559695, 0, 0.12962962687, 0, 0, 0, 0, 0.0925925895572, 0, 0, 0.0555555559695, 0, 0, 0.037037037313, 0, 0, 0.0555555559695, 0, 0, 0.037037037313, 0, 0, 0, 0.0925925895572, 0, 0, 0.148148149252, 0, 0, 0, 0.0555555559695, 0, 0, 0, 0.0555555559695, 0, 0, 0, 0, 0, 0, 0, 0, 0, 0, 0, 0, 0, 0, 0, 0, 0, 0, 0, 0, 0, 0, 0, 0, 0, 0, 0, 0, 0, 0, 0, 0, 0, 0, 0, 0, 0, 0, 0, 0, 0, 0, 0, 0, 0, 0, 0, 0, 0, 0, 0, 0, 0, 0, 0, 0, 0, 0, 0, 0, 0, 0, 0, 0, 0, 0, 0, 0, 0, 0, 0, 0, 0, 0, 0, 0, 0, 0, 0, 0, 0, 0, 0, 0, 0, 0, 0, 0, 0, 0, 0, 0, 0, 0, 0, 0, 0, 0, 0, 0, 0, 0, 0, 0, 0]]
},
"sfx": {
    "inharmonicity": {
        "kurt": -0.688868999481,
        "max": 0.400352835655,
        "mean": 0.124316208065,
        "median": 0.0998418629169,
        "min": 0,
        "skew": 0.602385878563,
        "var": 0.00932640675455
    },
    "oddtoevenharmonicenergyratio": {
        "kurt": 36.4097061157,
        "max": 24.3676929474,
        "mean": 1.31683766842,
        "median": 0.804317116737,
        "min": 0,
        "skew": 4.84441804886,
        "var": 3.55075311661
    },
    "pitch_after_max_to_before_max_energy_ratio": 0.183366820216,
    "pitch_centroid": 659.178405762,
    "pitch_max_to_total": 0.949916541576,
    "pitch_min_to_total": 0.213689476252,
    "tristimulus": {
        "kurt": [4.53371620178, 0.32191991806, 0.000844478607178],
        "max": [1, 0.868944168091, 0.980150103569],
        "mean": [0.194382444024, 0.335196167231, 0.470421433449],
        "median": [0.114498712122, 0.328820884228, 0.491692692041],
