{
"metadata": {
    "version": {
        "essentia": "2.1-beta3"
    }
},
"lowLevel": {
    "average_loudness": 0.035769417882,
    "barkbands_kurtosis": {
        "kurt": 37.7658424377,
        "max": 156.94984436,
        "mean": 7.52042675018,
        "median": 3.40353393555,
        "min": -1.9030431509,
        "skew": 5.14768123627,
        "var": 202.922363281
    },
    "barkbands_skewness": {
        "kurt": 7.404337883,
        "max": 11.896487236,
        "mean": 1.71590864658,
        "median": 1.50692903996,
        "min": -2.45881533623,
        "skew": 1.75466489792,
        "var": 2.28355574608
    },
    "barkbands_spread": {
        "kurt": 0.191174507141,
        "max": 58.0288887024,
        "mean": 12.5108184814,
        "median": 6.83466148376,
        "min": 0.559928834438,
        "skew": 1.05759990215,
        "var": 136.592041016
    },
    "dissonance": {
        "kurt": 3.49158668518,
        "max": 0.5,
        "mean": 0.431204319,
        "median": 0.463372349739,
        "min": 0.0993749275804,
        "skew": -1.86319863796,
        "var": 0.00596352340654
    },
    "hfc": {
        "kurt": 106.649360657,
        "max": 88.2225799561,
        "mean": 1.05203354359,
        "median": 0.000309273018502,
        "min": 1.90000108091e-07,
        "skew": 9.72821807861,
        "var": 38.8198699951
    },
    "pitch": {
        "kurt": 12.6267871857,
        "max": 4442.26611328,
        "mean": 566.505187988,
        "median": 369.924804688,
        "min": 61.4510154724,
        "skew": 3.63516116142,
        "var": 617807
    },
    "pitch_instantaneous_confidence": {
        "kurt": -1.12733328342,
        "max": 0.980242371559,
        "mean": 0.496335893869,
        "median": 0.483723312616,
        "min": 0.0693003535271,
        "skew": 0.242654234171,
        "var": 0.0537357851863
    },
    "pitch_salience": {
        "kurt": 1.15713167191,
        "max": 0.931424617767,
        "mean": 0.637264430523,
        "median": 0.678668022156,
        "min": 0.0874444693327,
        "skew": -1.17735219002,
        "var": 0.0236087590456
    },
    "silence_rate_20dB": {
        "kurt": 0,
        "max": 1,
        "mean": 1,
        "median": 1,
        "min": 1,
        "skew": 0,
        "var": 0
    },
    "silence_rate_30dB": {
        "kurt": 1129.00671387,
        "max": 1,
        "mean": 0.999118149281,
        "median": 1,
        "min": 0,
        "skew": -33.6305084229,
        "var": 0.000881054264028
    },
    "silence_rate_60dB": {
        "kurt": 11.4996442795,
        "max": 1,
        "mean": 0.939153432846,
        "median": 1,
        "min": 0,
        "skew": -3.67414808273,
        "var": 0.0571446828544
    },
    "spectral_centroid": {
        "kurt": 9.15870094299,
        "max": 4104.95849609,
        "mean": 848.99005127,
        "median": 749.381225586,
        "min": 131.667892456,
        "skew": 2.31855726242,
        "var": 216613.828125
    },
    "spectral_complexity": {
        "kurt": 53.4638252258,
        "max": 35,
        "mean": 0.782186925411,
        "median": 0,
        "min": 0,
        "skew": 6.11421966553,
        "var": 6.49663734436
    },
    "spectral_crest": {
        "kurt": 0.231438398361,
        "max": 26.5094451904,
        "mean": 11.4089517593,
        "median": 10.5239219666,
        "min": 2.99451065063,
        "skew": 0.7784101367,
        "var": 23.7349281311
    },
    "spectral_decrease": {
        "kurt": 154.941040039,
        "max": -3.5119322717e-17,
        "mean": -3.01483560339e-10,
        "median": -1.20366634411e-13,
        "min": -3.06361371827e-08,
        "skew": -11.2669305801,
        "var": 3.33273322865e-18
    },
    "spectral_energy": {
        "kurt": 149.583908081,
        "max": 0.123629793525,
        "mean": 0.00123328890186,
        "median": 5.30094325768e-07,
        "min": 1.62482513555e-10,
        "skew": 11.0881433487,
        "var": 5.51732628082e-05
    },
    "spectral_energyband_high": {
        "kurt": 187.424224854,
        "max": 0.00036941000144,
        "mean": 2.89414469989e-06,
        "median": 1.36519184846e-09,
        "min": 1.13810037783e-11,
        "skew": 12.0149917603,
        "var": 3.52406048787e-10
    },
    "spectral_energyband_low": {
        "kurt": 35.1485824585,
        "max": 6.91364675731e-06,
        "mean": 1.82078650823e-07,
        "median": 2.43079179008e-09,
        "min": 6.07006090357e-13,
        "skew": 5.53991651535,
        "var": 4.5548753571e-13
    },
    "spectral_energyband_middle_high": {
        "kurt": 155.624847412,
        "max": 0.0246536545455,
        "mean": 0.000232120190049,
        "median": 3.18845714276e-08,
        "min": 3.29804863974e-11,
        "skew": 11.430185318,
        "var": 2.07471953217e-06
    },
    "spectral_energyband_middle_low": {
        "kurt": 189.020614624,
        "max": 0.117289595306,
        "mean": 0.00100319704507,
        "median": 3.44696616139e-07,
        "min": 5.99488098052e-11,
        "skew": 12.4598369598,
        "var": 4.26065562351e-05
    },
    "spectral_flatness_db": {
        "kurt": -1.4456294775,
        "max": 0.517566382885,
        "mean": 0.255652040243,
        "median": 0.283143848181,
        "min": 0.0558219328523,
        "skew": -0.0573900230229,
        "var": 0.0136048020795
    },
    "spectral_flux": {
        "kurt": 29.6839675903,
        "max": 0.296752035618,
        "mean": 0.0103872669861,
        "median": 0.000523171154782,
        "min": 8.53675373946e-06,
        "skew": 4.92423152924,
        "var": 0.000855982827488
    },
    "spectral_kurtosis": {
        "kurt": 2.70057630539,
        "max": 117.213615417,
        "mean": 20.9110584259,
        "median": 13.0000905991,
        "min": -0.157387733459,
        "skew": 1.68630313873,
        "var": 459.920684814
    },
    "spectral_rms": {
        "kurt": 35.9942169189,
        "max": 0.0109824603423,
        "mean": 0.000367829430616,
        "median": 2.27411619562e-05,
        "min": 3.9814509023e-07,
        "skew": 5.30093002319,
        "var": 1.06791117105e-06
    },
    "spectral_rolloff": {
        "kurt": 0.807078838348,
        "max": 5469.43359375,
        "mean": 1375.84741211,
        "median": 968.994140625,
        "min": 150.732421875,
        "skew": 1.36167263985,
        "var": 1165221.25
    },
    "spectral_skewness": {
        "kurt": 0.650742530823,
        "max": 9.24402618408,
        "mean": 3.23597812653,
        "median": 2.77197909355,
        "min": 0.598979473114,
        "skew": 1.08513092995,
        "var": 2.84373116493
    },
    "spectral_spread": {
        "kurt": 1.57082653046,
        "max": 21068380,
        "mean": 3882184.5,
        "median": 3019921.5,
        "min": 872150.1875,
        "skew": 0.95495647192,
        "var": 5.8375012352e+12
    },
    "spectral_strongpeak": {
        "kurt": 92.9155807495,
        "max": 8.38245391846,
        "mean": 0.14686845243,
        "median": 0.00517941638827,
        "min": 7.5775787991e-06,
        "skew": 8.09346580505,
        "var": 0.28223875165
    },
    "zerocrossingrate": {
        "kurt": 18.1711349487,
        "max": 0.36767578125,
        "mean": 0.0493185594678,
        "median": 0.0419921875,
        "min": 0.0068359375,
        "skew": 2.43887281418,
        "var": 0.000722517899703
    },
    "barkbands": {
        "kurt": [107.309051514, 114.822013855, 37.6435127258, 36.3866767883, 147.662002563, 48.7173233032, 66.6522369385, 216.91456604, 155.951187134, 139.445617676, 269.393676758, 388.699920654, 955.914550781, 120.353256226, 237.921081543, 650.663696289, 193.693206787, 269.026092529, 193.218933105, 616.942687988, 120.90737915, 217.651473999, 431.200378418, 352.486724854, 918.113769531, 198.587478638, 353.305755615],
        "max": [2.88490298317e-08, 4.72346556535e-07, 1.23274503494e-06, 2.01015500352e-05, 0.00010483458027, 0.000151547865244, 0.00175209913868, 0.110930331051, 0.0217321291566, 0.002227014862, 0.00786329247057, 0.0112840104848, 0.00298105273396, 0.00109211180825, 0.00217441073619, 0.000781416718382, 0.000329949019942, 0.00430707866326, 0.00773828011006, 0.00251858122647, 8.78111895872e-05, 8.68143888511e-06, 1.49684792632e-05, 1.94035528693e-05, 2.29146171478e-05, 1.89438253528e-07, 9.14056208501e-09],
        "mean": [3.63089031064e-10, 5.91049476029e-09, 3.44918191786e-08, 4.52862622069e-07, 1.18769673918e-06, 3.32976605932e-06, 2.85649639409e-05, 0.000763468269724, 0.000197345754714, 2.22128401219e-05, 4.93063307658e-05, 4.90356324008e-05, 6.53164897813e-06, 1.07480973384e-05, 1.24753341879e-05, 2.57719784713e-06, 2.30317505157e-06, 2.41512061621e-05, 4.92071085318e-05, 9.24724736251e-06, 8.73396800216e-07, 5.70454972149e-08, 5.32354498262e-08, 7.58327587391e-08, 4.44407071143e-08, 1.27342836276e-09, 4.65077421019e-11],
        "median": [5.00034605735e-12, 1.6025551719e-10, 8.03563604546e-10, 1.94309612844e-09, 1.74774381634e-08, 8.17860534852e-09, 1.49014312001e-08, 3.09505416851e-08, 2.19801599144e-08, 3.75572106748e-09, 3.31258132036e-09, 2.56740140259e-09, 1.09132192172e-09, 9.71712488251e-10, 1.02647157441e-09, 6.01039717996e-10, 4.90401719233e-10, 1.23868426627e-09, 1.90714288806e-09, 1.41006528676e-09, 5.05312847121e-10, 1.2156306517e-10, 2.43523673449e-11, 1.51544402027e-11, 9.58275125917e-12, 5.57719940109e-13, 2.81279092764e-14],
        "min": [9.99949499288e-16, 5.28240035806e-14, 5.09673378534e-14, 3.70777437616e-13, 8.68134557297e-12, 4.25421980629e-12, 6.71506687061e-12, 1.92522885654e-12, 2.69597668842e-12, 2.7926515267e-12, 1.32885694636e-12, 3.65259471974e-13, 7.09098470046e-13, 2.08374902619e-13, 1.69719978089e-13, 6.76326290978e-13, 3.63928418651e-12, 5.1111580246e-12, 3.503587611e-12, 6.16758380478e-12, 3.44637057607e-12, 9.96424188819e-13, 5.91348638893e-13, 4.29181186033e-13, 4.85643697565e-13, 4.80746593522e-14, 3.46561455138e-15],
        "skew": [9.25914669037, 9.49508094788, 5.67107868195, 5.70814800262, 10.3815860748, 6.50849628448, 7.84652996063, 13.4667034149, 11.5532836914, 10.8334779739, 15.2468729019, 17.8154163361, 29.9808063507, 10.2960567474, 15.014998436, 23.4449329376, 13.1632766724, 14.6490793228, 13.5729799271, 22.825958252, 10.4495315552, 13.3108539581, 19.4025878906, 17.9843158722, 29.1753787994, 12.7394618988, 17.6800518036],
        "var": [3.042770028e-18, 7.80159113733e-16, 1.34176041249e-14, 3.79666350442e-12, 2.99273279769e-11, 1.86961682247e-10, 2.44592772702e-08, 3.27289453708e-05, 1.73040064055e-06, 1.83961681444e-08, 1.44580994288e-07, 1.9839875165e-07, 8.49246095669e-09, 5.18796650084e-09, 1.46367273857e-08, 7.10068115417e-10, 3.40714734204e-10, 3.59883252088e-08, 2.31045319765e-07, 7.60964269375e-09, 3.9795139406e-11, 1.77549286579e-13, 3.43462779918e-13, 7.25051149762e-13, 5.12314854168e-13, 8.82072516525e-17, 1.7352344151e-19],
        "cov": [[3.04545546986e-18, 2.27023242905e-17, 1.739922637e-17, 7.02712694374e-17, 5.3993601709e-16, 2.98902299328e-15, 3.36514365364e-14, 2.72210834602e-12, 4.58540161136e-13, 2.69740809956e-14, 7.75043752592e-14, 1.58881683309e-13, 1.21038212954e-14, 2.73894642589e-14, 3.73835687341e-14, 5.95196203047e-15, 8.49367115947e-15, 8.84231923792e-14, 1.47123470091e-13, 1.84095784e-14, 1.99759146907e-15, 1.49848982511e-16, 1.65364534992e-16, 2.18205732494e-16, 2.45270804204e-16, 3.84633566804e-18, 1.02980664616e-19], [2.27023242905e-17, 7.8084769858e-16, 8.03505935798e-16, 4.89651832061e-15, 1.05659474293e-14, 5.66491467722e-14, 5.29938939953e-13, 1.70348509604e-11, 5.59607091569e-12, 3.05778243437e-13, 5.07497906546e-13, 1.7627911934e-12, 4.15462369369e-13, 2.04753680916e-13, 4.54520400267e-13, 1.37946064619e-13, 7.37310874247e-14, 5.36518529257e-13, 1.61543304775e-12, 2.40640406907e-13, 2.36162916209e-14, 1.78316804309e-15, 2.57345613562e-15, 2.78771989589e-15, 1.12067265834e-15, 1.62833150559e-17, 7.59762911088e-19], [1.739922637e-17, 8.03505935798e-16, 1.34294464926e-14, 7.59845474301e-14, 1.04943695877e-13, 2.89365699371e-13, 9.98841580193e-14, 4.47948969584e-11, 2.77781877361e-11, 1.17010817268e-12, 3.73390858163e-12, 8.69839963946e-12, 3.39058273645e-12, 1.24979475553e-12, 2.79368737345e-12, 8.95356434393e-13, 3.30425628265e-13, 2.02941287906e-12, 9.06178344168e-12, 3.03874818103e-13, 8.21425176142e-14, 1.17064586581e-14, 1.75770212458e-14, 1.48828144226e-14, 7.01895757566e-15, 5.76928698754e-17, 3.40444068877e-18], [7.02712694374e-17, 4.89651832061e-15, 7.59845474301e-14, 3.80001455649e-12, 3.74704087203e-12, 9.13131723013e-12, -3.72243945737e-12, -1.81070172744e-10, -1.88904482334e-11, -2.85464533956e-12, -7.06316732532e-12, 5.60076247533e-12, 2.89266982763e-12, -1.60190773407e-12, -1.72516873257e-15, 5.32596644738e-13, -8.13788530378e-14, -3.01536139807e-12, 4.57611466081e-12, -2.00101588944e-12, -7.94440536034e-14, 1.14456131679e-15, 8.73806726981e-15, 5.4766952319e-15, 7.71715370508e-15, -3.18519381216e-16, -6.48141091279e-18], [5.3993601709e-16, 1.05659474293e-14, 1.04943695877e-13, 3.74704087203e-12, 2.99537408766e-11, 3.55568109678e-11, 6.79373363122e-11, 1.31732610931e-10, 1.51203230492e-10, 3.30734051257e-11, 1.85697950073e-11, 5.42682565552e-11, 1.23523708623e-11, 1.06092053545e-11, 9.32472588727e-12, 3.93729623557e-12, 5.08183816209e-12, 2.715240012e-11, 1.03204868263e-10, 1.90093895486e-11, 8.78883608686e-13, 6.50524556098e-14, 1.33636333878e-13, 2.52637754466e-13, 7.31942108377e-14, 9.54396490901e-16, 1.08417983861e-17], [2.98902299328e-15, 5.66491467722e-14, 2.89365699371e-13, 9.13131723013e-12, 3.55568109678e-11, 1.87126689144e-10, 5.443633877e-10, 2.12888084938e-09, 4.27475416176e-10, 5.0021603526e-10, 2.28692217941e-10, 2.72315697769e-10, 4.79516808205e-11, 6.67439645219e-11, 6.41891539921e-11, 1.63777342382e-11, 2.66860214482e-11, 1.60566809848e-10, 5.8562721339e-10, 1.23612772795e-10, 5.27713463205e-12, 3.23122469536e-13, 7.08728377635e-13, 1.43203547978e-12, 4.5104867649e-13, 9.15742481166e-15, 2.12140381022e-16], [3.36514365364e-14, 5.29938939953e-13, 9.98841580193e-14, -3.72243945737e-12, 6.79373363122e-11, 5.443633877e-10, 2.44808653349e-08, 6.34098284991e-08, 8.07950506498e-09, 5.07869080124e-09, 2.00468583955e-08, 2.55515342218e-09, 6.49971632072e-10, 2.7301043648e-09, 1.52610768467e-09, 3.6894651223e-10, 5.6943000315e-10, 8.7245197733e-09, 1.47523362415e-08, 2.35274066895e-09, 1.77825310033e-10, 5.84250746741e-12, 8.30033177607e-12, 1.87008516311e-11, 9.56681955877e-12, 4.43178886601e-13, 1.42920275766e-14], [2.72210834602e-12, 1.70348509604e-11, 4.47948969584e-11, -1.81070172744e-10, 1.31732610931e-10, 2.12888084938e-09, 6.34098284991e-08, 3.27578309225e-05, 3.91220828533e-06, 1.16374117454e-07, 2.61461053697e-07, 1.41664497733e-06, 5.49880851963e-08, 1.56435561394e-07, 4.43251849447e-07, 2.24425686923e-08, 4.16399394965e-08, 5.10483459948e-07, 1.08284348244e-06, 1.36217749969e-07, 1.48661687405e-08, 1.21952459242e-09, 1.10967057765e-09, 1.45277079255e-09, 1.48207535133e-09, 2.84405207718e-11, 1.20402602818e-12], [4.58540161136e-13, 5.59607091569e-12, 2.77781877361e-11, -1.88904482334e-11, 1.51203230492e-10, 4.27475416176e-10, 8.07950506498e-09, 3.91220828533e-06, 1.73192790953e-06, 6.51919691563e-08, 1.37167234016e-07, 2.30280733149e-07, 6.88475552124e-08, 3.36490941777e-08, 8.50318144785e-08, 1.78983974308e-08, 1.32271944508e-08, 9.72934017796e-08, 2.04097730716e-07, 1.52119099539e-08, 2.44915643322e-09, 3.3119154641e-10, 3.85732029651e-10, 3.23580634509e-10, 1.59450203041e-10, 3.17219926542e-12, 2.44228546891e-13], [2.69740809956e-14, 3.05778243437e-13, 1.17010817268e-12, -2.85464533956e-12, 3.30734051257e-11, 5.0021603526e-10, 5.07869080124e-09, 1.16374117454e-07, 6.51919691563e-08, 1.84124040459e-08, 1.50232271068e-08, 1.04889421593e-08, 3.45898176768e-09, 2.10579886861e-09, 2.6482496196e-09, 8.18710321759e-10, 6.45810904754e-10, 4.74653738536e-09, 9.59285273439e-09, 1.38619227208e-09, 1.66489017017e-10, 1.7212344397e-11, 1.9136647128e-11, 1.88681917312e-11, 6.56875769056e-12, 1.56480012867e-13, 7.83185805976e-15], [7.75043752592e-14, 5.07497906546e-13, 3.73390858163e-12, -7.06316732532e-12, 1.85697950073e-11, 2.28692217941e-10, 2.00468583955e-08, 2.61461053697e-07, 1.37167234016e-07, 1.50232271068e-08, 1.44708593552e-07, 3.0689637498e-08, 6.79521372504e-09, 7.92084087209e-09, 7.90304710563e-09, 2.15506257284e-09, 1.95077221044e-09, 2.46429880946e-08, 3.42234898199e-08, 4.91563323379e-09, 7.26936344453e-10, 5.18189900711e-11, 4.02763586371e-11, 5.05998333511e-11, 2.83548514529e-11, 7.08762204742e-13, 9.07006064764e-14], [1.58881683309e-13, 1.7627911934e-12, 8.69839963946e-12, 5.60076247533e-12, 5.42682565552e-11, 2.72315697769e-10, 2.55515342218e-09, 1.41664497733e-06, 2.30280733149e-07, 1.04889421593e-08, 3.0689637498e-08, 1.98573857801e-07, 2.00475938072e-08, 1.22944436853e-08, 3.88386780514e-08, 6.5364909041e-09, 5.25998400391e-09, 4.578608781e-08, 1.59199416316e-07, 1.54848986966e-08, 1.55648505196e-09, 1.39994099646e-10, 1.89309429244e-10, 2.76643763453e-10, 1.0884403101e-10, 1.64895419368e-12, 6.15761307503e-14], [1.21038212954e-14, 4.15462369369e-13, 3.39058273645e-12, 2.89266982763e-12, 1.23523708623e-11, 4.79516808205e-11, 6.49971632072e-10, 5.49880851963e-08, 6.88475552124e-08, 3.45898176768e-09, 6.79521372504e-09, 2.00475938072e-08, 8.49995629437e-09, 3.07888803341e-09, 6.49003961684e-09, 2.27363350369e-09, 8.38197511399e-10, 4.80753259424e-09, 2.28417817993e-08, 1.06291286883e-09, 1.8024325088e-10, 2.70779093592e-11, 4.41225458947e-11, 3.95767828232e-11, 1.26639315354e-11, 1.34119508576e-13, 6.96743891423e-15], [2.73894642589e-14, 2.04753680916e-13, 1.24979475553e-12, -1.60190773407e-12, 1.06092053545e-11, 6.67439645219e-11, 2.7301043648e-09, 1.56435561394e-07, 3.36490941777e-08, 2.10579886861e-09, 7.92084087209e-09, 1.22944436853e-08, 3.07888803341e-09, 5.19254506059e-09, 4.37403357978e-09, 1.12558451448e-09, 8.43957514984e-10, 6.07270678188e-09, 1.59076485318e-08, 3.74148489968e-09, 3.07900455132e-10, 1.95255547841e-11, 2.73864958489e-11, 3.54422637072e-11, 9.40513986136e-12, 4.76825176565e-13, 9.46799537101e-15], [3.73835687341e-14, 4.54520400267e-13, 2.79368737345e-12, -1.72516873257e-15, 9.32472588727e-12, 6.41891539921e-11, 1.52610768467e-09, 4.43251849447e-07, 8.50318144785e-08, 2.6482496196e-09, 7.90304710563e-09, 3.88386780514e-08, 6.49003961684e-09, 4.37403357978e-09, 1.46496459408e-08, 1.96385285811e-09, 1.1806137179e-09, 1.2856347098e-08, 4.01591790933e-08, 2.27569429967e-09, 3.49180684367e-10, 4.06709596557e-11, 5.42184422359e-11, 5.85949691545e-11, 2.94233526432e-11, 7.01401989874e-13, 2.36198000313e-14], [5.95196203047e-15, 1.37946064619e-13, 8.95356434393e-13, 5.32596644738e-13, 3.93729623557e-12, 1.63777342382e-11, 3.6894651223e-10, 2.24425686923e-08, 1.78983974308e-08, 8.18710321759e-10, 2.15506257284e-09, 6.5364909041e-09, 2.27363350369e-09, 1.12558451448e-09, 1.96385285811e-09, 7.10694836314e-10, 3.00037356071e-10, 2.21540563672e-09, 8.33024671465e-09, 8.20326417905e-10, 7.64745489157e-11, 8.27328049818e-12, 1.33878698058e-11, 1.50229186729e-11, 4.31422519237e-12, 7.664510438e-14, 2.2393702476e-15], [8.49367115947e-15, 7.37310874247e-14, 3.30425628265e-13, -8.13788530378e-14, 5.08183816209e-12, 2.66860214482e-11, 5.6943000315e-10, 4.16399394965e-08, 1.32271944508e-08, 6.45810904754e-10, 1.95077221044e-09, 5.25998400391e-09, 8.38197511399e-10, 8.43957514984e-10, 1.1806137179e-09, 3.00037356071e-10, 3.41015465866e-10, 2.46492048994e-09, 5.75198466635e-09, 9.36145938546e-10, 7.98807131552e-11, 5.67150233027e-12, 8.57536697901e-12, 1.26957715174e-11, 2.86819309622e-12, 9.41648560342e-14, 2.70114254077e-15], [8.84231923792e-14, 5.36518529257e-13, 2.02941287906e-12, -3.01536139807e-12, 2.715240012e-11, 1.60566809848e-10, 8.7245197733e-09, 5.10483459948e-07, 9.72934017796e-08, 4.74653738536e-09, 2.46429880946e-08, 4.578608781e-08, 4.80753259424e-09, 6.07270678188e-09, 1.2856347098e-08, 2.21540563672e-09, 2.46492048994e-09, 3.60200900218e-08, 7.03956146708e-08, 7.08456626697e-09, 7.11347480919e-10, 5.10351136351e-11, 6.24167453833e-11, 1.04080806473e-10, 6.4244290443e-11, 9.79060474186e-13, 2.73516035802e-14], [1.47123470091e-13, 1.61543304775e-12, 9.06178344168e-12, 4.57611466081e-12, 1.03204868263e-10, 5.8562721339e-10, 1.47523362415e-08, 1.08284348244e-06, 2.04097730716e-07, 9.59285273439e-09, 3.42234898199e-08, 1.59199416316e-07, 2.28417817993e-08, 1.59076485318e-08, 4.01591790933e-08, 8.33024671465e-09, 5.75198466635e-09, 7.03956146708e-08, 2.3124924553e-07, 2.24034799601e-08, 1.65094204974e-09, 1.43598827274e-10, 2.1341932388e-10, 3.53878426562e-10, 2.2536880695e-10, 2.19653136825e-12, 5.93132517385e-14], [1.84095784e-14, 2.40640406907e-13, 3.03874818103e-13, -2.00101588944e-12, 1.90093895486e-11, 1.23612772795e-10, 2.35274066895e-09, 1.36217749969e-07, 1.52119099539e-08, 1.38619227208e-09, 4.91563323379e-09, 1.54848986966e-08, 1.06291286883e-09, 3.74148489968e-09, 2.27569429967e-09, 8.20326417905e-10, 9.36145938546e-10, 7.08456626697e-09, 2.24034799601e-08, 7.61635909896e-09, 3.90474319545e-10, 1.50370965679e-11, 2.39373104671e-11, 5.5853349723e-11, 9.15414966052e-12, 3.7133620831e-13, 7.29271481257e-15], [1.99759146907e-15, 2.36162916209e-14, 8.21425176142e-14, -7.94440536034e-14, 8.78883608686e-13, 5.27713463205e-12, 1.77825310033e-10, 1.48661687405e-08, 2.44915643322e-09, 1.66489017017e-10, 7.26936344453e-10, 1.55648505196e-09, 1.8024325088e-10, 3.07900455132e-10, 3.49180684367e-10, 7.64745489157e-11, 7.98807131552e-11, 7.11347480919e-10, 1.65094204974e-09, 3.90474319545e-10, 3.98302640869e-11, 1.81490044347e-12, 2.21011533727e-12, 3.53355972954e-12, 9.66393198104e-13, 3.15463529865e-14, 8.2940163882e-16], [1.49848982511e-16, 1.78316804309e-15, 1.17064586581e-14, 1.14456131679e-15, 6.50524556098e-14, 3.23122469536e-13, 5.84250746741e-12, 1.21952459242e-09, 3.3119154641e-10, 1.7212344397e-11, 5.18189900711e-11, 1.39994099646e-10, 2.70779093592e-11, 1.95255547841e-11, 4.06709596557e-11, 8.27328049818e-12, 5.67150233027e-12, 5.10351136351e-11, 1.43598827274e-10, 1.50370965679e-11, 1.81490044347e-12, 1.77705994451e-13, 2.14759118692e-13, 2.49792157445e-13, 9.82682563252e-14, 2.16486099439e-15, 6.49147720453e-17], [1.65364534992e-16, 2.57345613562e-15, 1.75770212458e-14, 8.73806726981e-15, 1.33636333878e-13, 7.08728377635e-13, 8.30033177607e-12, 1.10967057765e-09, 3.85732029651e-10, 1.9136647128e-11, 4.02763586371e-11, 1.89309429244e-10, 4.41225458947e-11, 2.73864958489e-11, 5.42184422359e-11, 1.33878698058e-11, 8.57536697901e-12, 6.24167453833e-11, 2.1341932388e-10, 2.39373104671e-11, 2.21011533727e-12, 2.14759118692e-13, 3.43765922846e-13, 4.23120116418e-13, 1.12239000917e-13, 2.74209658377e-15, 5.54733656209e-17], [2.18205732494e-16, 2.78771989589e-15, 1.48828144226e-14, 5.4766952319e-15, 2.52637754466e-13, 1.43203547978e-12, 1.87008516311e-11, 1.45277079255e-09, 3.23580634509e-10, 1.88681917312e-11, 5.05998333511e-11, 2.76643763453e-10, 3.95767828232e-11, 3.54422637072e-11, 5.85949691545e-11, 1.50229186729e-11, 1.26957715174e-11, 1.04080806473e-10, 3.53878426562e-10, 5.5853349723e-11, 3.53355972954e-12, 2.49792157445e-13, 4.23120116418e-13, 7.25691100094e-13, 2.23570646588e-13, 3.99122348263e-15, 7.51250990974e-17], [2.45270804204e-16, 1.12067265834e-15, 7.01895757566e-15, 7.71715370508e-15, 7.31942108377e-14, 4.5104867649e-13, 9.56681955877e-12, 1.48207535133e-09, 1.59450203041e-10, 6.56875769056e-12, 2.83548514529e-11, 1.0884403101e-10, 1.26639315354e-11, 9.40513986136e-12, 2.94233526432e-11, 4.31422519237e-12, 2.86819309622e-12, 6.4244290443e-11, 2.2536880695e-10, 9.15414966052e-12, 9.66393198104e-13, 9.82682563252e-14, 1.12239000917e-13, 2.23570646588e-13, 5.12767020684e-13, 1.53438769022e-15, 5.34382299988e-17], [3.84633566804e-18, 1.62833150559e-17, 5.76928698754e-17, -3.18519381216e-16, 9.54396490901e-16, 9.15742481166e-15, 4.43178886601e-13, 2.84405207718e-11, 3.17219926542e-12, 1.56480012867e-13, 7.08762204742e-13, 1.64895419368e-12, 1.34119508576e-13, 4.76825176565e-13, 7.01401989874e-13, 7.664510438e-14, 9.41648560342e-14, 9.79060474186e-13, 2.19653136825e-12, 3.7133620831e-13, 3.15463529865e-14, 2.16486099439e-15, 2.74209658377e-15, 3.99122348263e-15, 1.53438769022e-15, 8.82851058918e-17, 1.28722465825e-18], [1.02980664616e-19, 7.59762911088e-19, 3.40444068877e-18, -6.48141091279e-18, 1.08417983861e-17, 2.12140381022e-16, 1.42920275766e-14, 1.20402602818e-12, 2.44228546891e-13, 7.83185805976e-15, 9.07006064764e-14, 6.15761307503e-14, 6.96743891423e-15, 9.46799537101e-15, 2.36198000313e-14, 2.2393702476e-15, 2.70114254077e-15, 2.73516035802e-14, 5.93132517385e-14, 7.29271481257e-15, 8.2940163882e-16, 6.49147720453e-17, 5.54733656209e-17, 7.51250990974e-17, 5.34382299988e-17, 1.28722465825e-18, 1.7367659917e-19]]
    },
    "mfcc": {
        "kurt": [1.94699573517, -1.10331761837, 1.24699020386, 0.0660071372986, -0.671128511429, 0.249699831009, 1.58477306366, 2.02900695801, 1.61304950714, 1.45045185089, 3.00111150742, 3.19184875488, 2.43736362457],
        "max": [-643.237243652, 166.326507568, 80.2280273438, 36.4686164856, 26.475315094, 19.0370330811, 33.8669967651, 18.8663654327, 20.9820289612, 49.4524841309, 51.0488090515, 43.0626373291, 34.2943840027],
        "mean": [-1068.62060547, 45.1951675415, -8.00791454315, -11.1493797302, -20.9054851532, -21.5744171143, -5.02276659012, -5.30432224274, -5.70097398758, 3.3757994175, 2.04869818687, -1.90464437008, -1.44649243355],
        "median": [-1115.21813965, 26.3446159363, -6.103515625e-05, 8.01086425781e-05, -3.71968841553, -8.90390014648, -1.00325393677, -0.907886505127, -0.877098083496, -2.28881835938e-05, -2.67028808594e-05, -3.0517578125e-05, -0.121318817139],
        "min": [-1138.42004395, -1.90031814575, -144.800720215, -89.6752700806, -106.290939331, -110.770126343, -45.1738815308, -63.2655181885, -57.2489089966, -33.1495132446, -29.5809688568, -41.1900901794, -29.8401012421],
        "skew": [1.59565615654, 0.602130591869, -1.26095616817, -0.939140021801, -0.792146503925, -1.08532583714, -0.770335733891, -1.34624397755, -1.25176525116, 1.08632254601, 1.30386948586, 0.0813345834613, 0.0844549536705],
        "var": [9180.23242188, 2257.26367188, 1951.57385254, 613.66583252, 789.625793457, 746.427734375, 129.992050171, 101.663490295, 132.752105713, 160.864074707, 109.632980347, 71.4721069336, 56.4423980713],
        "cov": [[9188.33496094, 3789.56713867, -3175.77416992, -1458.30102539, -2262.85498047, -2356.26635742, 52.320980072, -334.243255615, -531.828186035, 695.356323242, 435.928192139, 29.5185832977, 15.8225154877], [3789.56713867, 2259.25585938, -720.665222168, -665.140197754, -1123.95214844, -1121.80041504, -158.763946533, -250.20904541, -318.636260986, 185.205749512, 106.971473694, -77.9599685669, -57.6442565918], [-3175.77416992, -720.665222168, 1953.29638672, 726.831115723, 734.737976074, 709.763183594, -264.912963867, -67.430770874, 60.1399612427, -433.804504395, -306.70111084, -92.951789856, -113.047622681], [-1458.30102539, -665.140197754, 726.831115723, 614.207458496, 562.209838867, 391.811920166, -77.6482849121, -43.9044723511, 15.9144382477, -211.935714722, -161.642181396, -15.4531869888, -40.9966621399], [-2262.85498047, -1123.95214844, 734.737976074, 562.209838867, 790.322692871, 681.235473633, -7.82871818542, 63.3588867188, 105.467277527, -219.577316284, -149.740524292, -14.5694313049, -11.6366767883], [-2356.26635742, -1121.80041504, 709.763183594, 391.811920166, 681.235473633, 747.086547852, 45.3524017334, 106.754127502, 165.19720459, -183.369232178, -119.468238831, 9.55284404755, -12.1310377121], [52.320980072, -158.763946533, -264.912963867, -77.6482849121, -7.82871818542, 45.3524017334, 130.106781006, 66.4358673096, 26.431640625, 56.4348907471, 41.0557136536, 21.7800312042, 31.7828330994], [-334.243255615, -250.20904541, -67.430770874, -43.9044723511, 63.3588867188, 106.754127502, 66.4358673096, 101.753219604, 75.3156585693, 23.7392311096, 23.8979568481, 11.4293966293, 16.2632541656], [-531.828186035, -318.636260986, 60.1399612427, 15.9144382477, 105.467277527, 165.19720459, 26.431640625, 75.3156585693, 132.869277954, 25.224647522, 11.766283989, 33.998588562, -0.493889629841], [695.356323242, 185.205749512, -433.804504395, -211.935714722, -219.577316284, -183.369232178, 56.4348907471, 23.7392311096, 25.224647522, 161.006057739, 112.744132996, 33.143371582, 34.3780517578], [435.928192139, 106.971473694, -306.70111084, -161.642181396, -149.740524292, -119.468238831, 41.0557136536, 23.8979568481, 11.766283989, 112.744132996, 109.729743958, 36.788230896, 35.0120201111], [29.5185832977, -77.9599685669, -92.951789856, -15.4531869888, -14.5694313049, 9.55284404755, 21.7800312042, 11.4293966293, 33.998588562, 33.143371582, 36.788230896, 71.5351867676, 24.8144626617], [15.8225154877, -57.6442565918, -113.047622681, -40.9966621399, -11.6366767883, -12.1310377121, 31.7828330994, 16.2632541656, -0.493889629841, 34.3780517578, 35.0120201111, 24.8144626617, 56.4922142029]]
    },
    "sccoeffs": {
        "kurt": [-0.359245300293, 1.50931072235, 0.923950195312, 1.63404512405, 1.31625270844, 1.02465963364],
        "max": [-0.428401678801, -0.181929200888, -0.548026680946, -0.536244690418, -0.554835557938, -0.755732953548],
        "mean": [-0.755600512028, -0.783413350582, -0.847754299641, -0.858610391617, -0.862934470177, -0.867682158947],
        "median": [-0.790224611759, -0.828379750252, -0.865138828754, -0.882355153561, -0.890290141106, -0.871637225151],
        "min": [-0.931244492531, -0.955161988735, -0.950811088085, -0.949919462204, -0.951591014862, -0.934943914413],
        "skew": [0.820358097553, 1.42463135719, 1.0767428875, 1.29493498802, 1.37407267094, 0.967719554901],
        "var": [0.0116335637867, 0.0214484408498, 0.00500428536907, 0.00450618192554, 0.00470895087346, 0.000830258242786],
        "cov": [[0.0116438316181, 0.00231436127797, 0.00271769287065, 0.00189090135973, 0.00185991148464, 0.000338412151905], [0.00231436127797, 0.0214673727751, 0.00714829238132, 0.00792630575597, 0.00791701488197, 0.00265775853768], [0.00271769287065, 0.00714829238132, 0.00500870216638, 0.00339918886311, 0.00346086267382, 0.000989247579128], [0.00189090135973, 0.00792630575597, 0.00339918886311, 0.00451015913859, 0.00378595059738, 0.00110154505819], [0.00185991148464, 0.00791701488197, 0.00346086267382, 0.00378595059738, 0.00471310690045, 0.00123651849572], [0.000338412151905, 0.00265775853768, 0.000989247579128, 0.00110154505819, 0.00123651849572, 0.000830991019029]]
    },
    "scvalleys": {
        "kurt": [-0.843253135681, -1.01755475998, -0.785754203796, -0.233228445053, 0.0625405311584, 0.1944231987],
        "max": [-8.89540672302, -5.51917171478, -4.70388126373, -5.27634191513, -6.15476751328, -9.03316020966],
        "mean": [-12.6626749039, -10.5686216354, -10.9956130981, -12.1831893921, -12.5595569611, -15.0208406448],
        "median": [-12.4797477722, -11.0188932419, -11.580745697, -12.5408735275, -12.8370428085, -15.3341274261],
        "min": [-16.5281276703, -14.9248094559, -15.036154747, -16.2235736847, -15.1722841263, -16.8348560333],
        "skew": [-0.109032504261, 0.237617596984, 0.484037429094, 0.708089411259, 0.851395606995, 0.966564059258],
        "var": [2.64079737663, 4.23036575317, 5.96312332153, 4.21735048294, 3.66970014572, 2.70698928833],
        "cov": [[2.64312815666, 2.15531182289, 2.10983395576, 1.89690244198, 1.98010694981, 1.82297539711], [2.15531182289, 4.23409938812, 4.49666881561, 3.47153973579, 3.21841645241, 2.6068842411], [2.10983395576, 4.49666881561, 5.96838617325, 4.74959182739, 4.25605916977, 3.37648844719], [1.89690244198, 3.47153973579, 4.74959182739, 4.2210726738, 3.79241204262, 3.08102202415], [1.98010694981, 3.21841645241, 4.25605916977, 3.79241204262, 3.67293906212, 3.03031301498], [1.82297539711, 2.6068842411, 3.37648844719, 3.08102202415, 3.03031301498, 2.70937848091]]
    }
},
"rhythm": {
    "beats_loudness": {
        "kurt": 32.7173156738,
        "max": 0.0687707811594,
        "mean": 0.0032259747386,
        "median": 1.57778777066e-05,
        "min": 4.19226126036e-10,
        "skew": 5.7307934761,
        "var": 0.000110937471618
    },
    "bpm": 92.9091339111,
    "confidence": 0.961557388306,
    "first_peak_bpm": {
        "kurt": 0,
        "max": 92,
        "mean": 92,
        "median": 92,
        "min": 92,
        "skew": 0,
        "var": 0
    },
    "first_peak_spread": {
        "kurt": 0,
        "max": 0.411764740944,
        "mean": 0.411764740944,
        "median": 0.411764740944,
        "min": 0.411764740944,
        "skew": 0,
        "var": 0
    },
    "first_peak_weight": {
        "kurt": 0,
        "max": 0.243902429938,
        "mean": 0.243902429938,
        "median": 0.243902429938,
        "min": 0.243902429938,
        "skew": 0,
        "var": 0
    },
    "onset_rate": 1.02673196793,
    "second_peak_bpm": {
        "kurt": 0,
        "max": 115,
        "mean": 115,
        "median": 115,
        "min": 115,
        "skew": 0,
        "var": 0
    },
    "second_peak_spread": {
        "kurt": 0,
        "max": 0.45454543829,
        "mean": 0.45454543829,
        "median": 0.45454543829,
        "min": 0.45454543829,
        "skew": 0,
        "var": 0
    },
    "second_peak_weight": {
        "kurt": 0,
        "max": 0.146341457963,
        "mean": 0.146341457963,
        "median": 0.146341457963,
        "min": 0.146341457963,
        "skew": 0,
        "var": 0
    },
    "beats_loudness_band_ratio": {
        "kurt": [16.159122467, 2.7360200882, -1.2588301897, 8.37112903595, 5.61236190796, 12.5547246933],
        "max": [0.894398152828, 0.97603392601, 0.956805169582, 0.748315870762, 0.345785647631, 0.491815537214],
        "mean": [0.0705053284764, 0.152488470078, 0.55412364006, 0.133521109819, 0.059034075588, 0.0524384975433],
        "median": [0.00070898339618, 0.029265280813, 0.670389652252, 0.0930639058352, 0.032090138644, 0.0169162396342],
        "min": [6.26798794201e-07, 2.54493770626e-05, 0.0161968693137, 0.000983906327747, 0.000137443115818, 0.000558476662263],
        "skew": [3.80477380753, 1.75580835342, -0.424269288778, 2.5171482563, 2.04809331894, 3.2707118988],
        "var": [0.0243476685137, 0.0509311705828, 0.0933826193213, 0.0179814044386, 0.00449752574787, 0.00772241409868],
        "cov": [[0.0249415133148, 0.0116880675778, -0.0282178614289, -0.00656094402075, -0.000901418679859, -0.000367707805708], [0.0116880675778, 0.0521733947098, -0.0540338158607, -0.0118226753548, 0.00242625013925, 0.00271954224445], [-0.0282178614289, -0.0540338158607, 0.0956602469087, 0.0024043249432, -0.00877342745662, -0.0114868087694], [-0.00656094402075, -0.0118226753548, 0.0024043249432, 0.0184199754149, -0.000572232645936, -0.00200635986403], [-0.000901418679859, 0.00242625013925, -0.00877342745662, -0.000572232645936, 0.00460722111166, 0.00391671806574], [-0.000367707805708, 0.00271954224445, -0.0114868087694, -0.00200635986403, 0.00391671806574, 0.00791076570749]]
    },
    "beats_position": [0.684988677502, 1.39319729805, 2.08979582787, 2.7863945961, 3.48299312592, 4.17959165573, 4.81814050674, 5.47990942001, 6.13006782532, 6.78022670746, 7.4303855896, 8.08054447174, 8.73070240021, 9.24154186249, 9.76399040222, 10.2864398956, 10.8088884354, 11.3429479599, 11.8653964996, 12.4226751328, 12.9799547195, 13.5256233215, 14.0945119858, 14.6517915726, 15.1626300812, 15.6734695435, 16.1843090057, 16.7067565918, 17.2292060852, 17.8793640137, 18.5063037872, 19.1332416534, 19.7485713959, 20.363899231, 20.9792289734, 21.6061668396, 22.2331066132, 22.8716545105, 23.5218143463, 24.1835823059, 24.8337402344, 25.5071201324],
    "bpm_estimates": [93.9630508423, 90.6660919189, 92.2852020264, 92.2851333618, 92.2851333618, 92.2851333618, 92.2852706909, 92.2852706909, 95.7029724121, 95.7032623291, 95.7032623291, 95.7029724121, 93.9631958008, 92.2849960327, 90.6662216187, 92.2852706909, 89.1027526855],
    "bpm_intervals": [0.708208620548, 0.696598529816, 0.696598768234, 0.696598529816, 0.696598529816, 0.638548851013, 0.661768913269, 0.650158405304, 0.650158882141, 0.650158882141, 0.650158882141, 0.650157928467, 0.51083946228, 0.522448539734, 0.522449493408, 0.522448539734, 0.534059524536, 0.522448539734, 0.557278633118, 0.557279586792, 0.54566860199, 0.568888664246, 0.557279586792, 0.510838508606, 0.51083946228, 0.51083946228, 0.52244758606, 0.522449493408, 0.650157928467, 0.62693977356, 0.626937866211, 0.615329742432, 0.615327835083, 0.615329742432, 0.626937866211, 0.62693977356, 0.638547897339, 0.650159835815, 0.661767959595, 0.650157928467, 0.673379898071],
    "onset_times": [3.7151927948, 4.13315200806, 4.71365070343, 5.80498886108, 6.09523820877, 6.38548755646, 6.6989569664, 7.38394546509, 8.37079334259, 8.68426322937, 9.17188167572, 10.2632198334, 10.7624492645, 11.8421764374, 12.9915647507, 13.4211339951, 14.0829029083, 14.4079818726, 15.15102005, 15.9404993057, 16.4513378143, 17.1479358673, 17.9141941071, 19.1448516846, 20.340681076, 20.8747386932, 22.7091159821],
    "histogram": [[0, 0, 0, 0, 0, 0, 0, 0, 0, 0, 0, 0, 0, 0, 0, 0, 0, 0, 0, 0, 0, 0, 0, 0, 0, 0, 0, 0, 0, 0, 0, 0, 0, 0, 0, 0, 0, 0, 0, 0, 0, 0, 0, 0, 0, 0, 0, 0, 0, 0, 0, 0, 0, 0, 0, 0, 0, 0, 0, 0, 0, 0, 0, 0, 0, 0, 0, 0, 0, 0, 0, 0, 0, 0, 0, 0, 0, 0, 0, 0, 0, 0, 0, 0, 0, 0.0243902429938, 0.0975609719753, 0, 0, 0.0243902429938, 0, 0.0487804859877, 0.195121943951, 0, 0.0487804859877, 0, 0.0975609719753, 0, 0.0731707289815, 0, 0, 0, 0, 0, 0, 0.0243902429938, 0, 0, 0.0731707289815, 0, 0.0243902429938, 0, 0.0243902429938, 0, 0, 0.146341457963, 0, 0.0975609719753, 0, 0, 0, 0, 0, 0, 0, 0, 0, 0, 0, 0, 0, 0, 0, 0, 0, 0, 0, 0, 0, 0, 0, 0, 0, 0, 0, 0, 0, 0, 0, 0, 0, 0, 0, 0, 0, 0, 0, 0, 0, 0, 0, 0, 0, 0, 0, 0, 0, 0, 0, 0, 0, 0, 0, 0, 0, 0, 0, 0, 0, 0, 0, 0, 0, 0, 0, 0, 0, 0, 0, 0, 0, 0, 0, 0, 0, 0, 0, 0, 0, 0, 0, 0, 0, 0, 0, 0, 0, 0, 0, 0, 0, 0, 0, 0, 0, 0, 0, 0, 0, 0, 0, 0, 0, 0, 0, 0, 0, 0, 0, 0, 0, 0, 0, 0, 0, 0, 0, 0, 0, 0, 0, 0, 0, 0, 0, 0, 0, 0, 0, 0]]
},
"sfx": {
    "inharmonicity": {
        "kurt": 3.77807474136,
        "max": 0.462782770395,
        "mean": 0.0572525523603,
        "median": 0.023001069203,
        "min": 0,
        "skew": 1.96730291843,
        "var": 0.00632954202592
    },
    "oddtoevenharmonicenergyratio": {
        "kurt": 767.247009277,
        "max": 100.705345154,
        "mean": 0.740953445435,
        "median": 0.223047122359,
        "min": 0,
        "skew": 25.6630821228,
        "var": 10.7098760605
    },
    "pitch_after_max_to_before_max_energy_ratio": 0.144455462694,
    "pitch_centroid": 567.83770752,
    "pitch_max_to_total": 0.850088179111,
    "pitch_min_to_total": 0.124338626862,
    "tristimulus": {
        "kurt": [-1.15915596485, -0.581455230713, -0.103233337402],
        "max": [1, 0.92601287365, 0.985790610313],
        "mean": [0.449960500002, 0.331348210573, 0.218691423535],
        "median": [0.409592270851, 0.289360046387, 0.144152462482],
        "min": [0, 0, 0],
        "skew": [0.224121198058, 0.570611476898, 0.901319205761],
        "var": [0.0864775180817, 0.0482592470944, 0.0370829217136],
        "cov": [[0.0865538418293, -0.048870049417, -0.0376837924123], [-0.048870049417, 0.0483018420637, 0.000568182615098], [-0.0376837924123, 0.000568182615098, 0.0371156521142]]
    }
},
"tonal": {
    "chords_changes_rate": 0.151408448815,
    "chords_number_rate": 0.026408450678,
    "chords_strength": {
        "kurt": -0.851154565811,
        "max": 0.710941016674,
        "mean": 0.428742170334,
        "median": 0.413484364748,
        "min": 0.18899910152,
        "skew": 0.2110311836,
        "var": 0.0116481212899
    },
    "key_strength": 0.374138832092,
    "tuning_diatonic_strength": 0.374789476395,
    "tuning_equal_tempered_deviation": 0.238056510687,
    "tuning_frequency": 444.085327148,
    "tuning_nontempered_energy_ratio": 0.89892834425,
    "hpcp": {
