{
"metadata": {
    "version": {
        "essentia": "2.1-beta3"
    }
},
"lowLevel": {
    "average_loudness": 0.762400209904,
    "barkbands_kurtosis": {
        "kurt": 47.0886726379,
        "max": 48.0251655579,
        "mean": 1.70850813389,
        "median": 0.392661571503,
        "min": -1.65981638432,
        "skew": 5.21003293991,
        "var": 17.4831047058
    },
    "barkbands_skewness": {
        "kurt": 1.3151717186,
        "max": 6.06783342361,
        "mean": 1.09264433384,
        "median": 1.07193183899,
        "min": -1.24990713596,
        "skew": 0.576426923275,
        "var": 0.990499913692
    },
    "barkbands_spread": {
        "kurt": 1.74061918259,
        "max": 20.6942710876,
        "mean": 7.58041667938,
        "median": 7.19763231277,
        "min": 1.29129266739,
        "skew": 0.913608908653,
        "var": 7.87172842026
    },
    "dissonance": {
        "kurt": 1.46895980835,
        "max": 0.500000059605,
        "mean": 0.464471518993,
        "median": 0.472001880407,
        "min": 0.343802183867,
        "skew": -1.20670151711,
        "var": 0.000915871234611
    },
    "hfc": {
        "kurt": 13.4335784912,
        "max": 6.75090122223,
        "mean": 0.383971333504,
        "median": 0.00667907064781,
        "min": 1.32311997731e-05,
        "skew": 3.44698596001,
        "var": 0.863440513611
    },
    "pitch": {
        "kurt": -0.572727203369,
        "max": 952.667724609,
        "mean": 523.979370117,
        "median": 539.688171387,
        "min": 102.671272278,
        "skew": -0.694518208504,
        "var": 30705.5585938
    },
    "pitch_instantaneous_confidence": {
        "kurt": -0.1426217556,
        "max": 0.910149216652,
        "mean": 0.493474811316,
        "median": 0.491879105568,
        "min": 0.159707546234,
        "skew": 0.092021740973,
        "var": 0.0170818194747
    },
    "pitch_salience": {
        "kurt": 1.05978298187,
        "max": 0.853045582771,
        "mean": 0.647321343422,
        "median": 0.653207838535,
        "min": 0.27588135004,
        "skew": -0.626908838749,
        "var": 0.00781545881182
    },
    "silence_rate_20dB": {
        "kurt": 0,
        "max": 1,
        "mean": 1,
        "median": 1,
        "min": 1,
        "skew": 0,
        "var": 0
    },
    "silence_rate_30dB": {
        "kurt": 0,
        "max": 1,
        "mean": 1,
        "median": 1,
        "min": 1,
        "skew": 0,
        "var": 0
    },
    "silence_rate_60dB": {
        "kurt": 35.4921188354,
        "max": 1,
        "mean": 0.975288331509,
        "median": 1,
        "min": 0,
        "skew": -6.12307739258,
        "var": 0.0241009090096
    },
    "spectral_centroid": {
        "kurt": -0.488293647766,
        "max": 1671.47131348,
        "mean": 1000.7532959,
        "median": 978.757751465,
        "min": 631.661010742,
        "skew": 0.409299761057,
        "var": 41727.3515625
    },
    "spectral_complexity": {
        "kurt": 6.95899868011,
        "max": 15,
        "mean": 1.10049426556,
        "median": 0,
        "min": 0,
        "skew": 2.66991448402,
        "var": 6.19915485382
    },
    "spectral_crest": {
        "kurt": 0.965110063553,
        "max": 24.6360340118,
        "mean": 10.1852054596,
        "median": 9.50612068176,
        "min": 4.13092708588,
        "skew": 0.986395120621,
        "var": 13.2292480469
    },
    "spectral_decrease": {
        "kurt": 31.3796920776,
        "max": -2.85181254967e-15,
        "mean": -8.5923282378e-11,
        "median": -1.54896939459e-12,
        "min": -2.09350670133e-09,
        "skew": -4.91629266739,
        "var": 5.26332600387e-20
    },
    "spectral_energy": {
        "kurt": 29.1969871521,
        "max": 0.00844078045338,
        "mean": 0.000359121564543,
        "median": 6.55045323583e-06,
        "min": 1.2361510926e-08,
        "skew": 4.74701213837,
        "var": 8.96839765119e-07
    },
    "spectral_energyband_high": {
        "kurt": 38.1904335022,
        "max": 1.10334285637e-05,
        "mean": 3.51478234961e-07,
        "median": 3.54067797304e-09,
        "min": 1.45158246534e-10,
        "skew": 5.59050798416,
        "var": 1.33390650955e-12
    },
    "spectral_energyband_low": {
        "kurt": 222.88230896,
        "max": 2.80339037317e-07,
        "mean": 2.03091543582e-09,
        "median": 5.83171835475e-12,
        "min": 5.01466035851e-15,
        "skew": 13.8795146942,
        "var": 2.27481127078e-16
    },
    "spectral_energyband_middle_high": {
        "kurt": 14.1386146545,
        "max": 0.00327075831592,
        "mean": 0.000177950016223,
        "median": 2.70676787295e-06,
        "min": 3.50374107505e-09,
        "skew": 3.51259326935,
        "var": 1.88468263218e-07
    },
    "spectral_energyband_middle_low": {
        "kurt": 69.4947814941,
        "max": 0.00793923437595,
        "mean": 0.000184860240552,
        "median": 3.8235757529e-06,
        "min": 5.71980685038e-09,
        "skew": 7.62276220322,
        "var": 4.63987646526e-07
    },
    "spectral_flatness_db": {
        "kurt": -0.929306030273,
        "max": 0.462449640036,
        "mean": 0.34235778451,
        "median": 0.356736689806,
        "min": 0.138300389051,
        "skew": -0.318095803261,
        "var": 0.00338850100525
    },
    "spectral_flux": {
        "kurt": 6.56114578247,
        "max": 0.0740829184651,
        "mean": 0.00742643652484,
        "median": 0.00175375514664,
        "min": 6.33895833744e-05,
        "skew": 2.3618786335,
        "var": 0.000139559298987
    },
    "spectral_kurtosis": {
        "kurt": -0.303087472916,
        "max": 91.1915588379,
        "mean": 26.8470039368,
        "median": 22.98204422,
        "min": 3.43844938278,
        "skew": 0.77757191658,
        "var": 315.183624268
    },
    "spectral_rms": {
        "kurt": 4.85192346573,
        "max": 0.00286965281703,
        "mean": 0.000322888954543,
        "median": 7.99417684902e-05,
        "min": 3.47275272361e-06,
        "skew": 2.13072752953,
        "var": 2.4610528726e-07
    },
    "spectral_rolloff": {
        "kurt": 1.33228778839,
        "max": 3488.37890625,
        "mean": 1463.08752441,
        "median": 1464.2578125,
        "min": 645.99609375,
        "skew": 0.232384711504,
        "var": 156793.109375
    },
    "spectral_skewness": {
        "kurt": -0.540981531143,
        "max": 7.16742086411,
        "mean": 3.52934122086,
        "median": 3.4084379673,
        "min": 1.41160488129,
        "skew": 0.47829657793,
        "var": 1.18303763866
    },
    "spectral_spread": {
        "kurt": 18.6141719818,
        "max": 14577131,
        "mean": 2089109.125,
        "median": 1554656.25,
        "min": 796202.3125,
        "skew": 2.43416905403,
        "var": 1.40812576358e+12
    },
    "spectral_strongpeak": {
        "kurt": 16.8091106415,
        "max": 2.11851406097,
        "mean": 0.142961591482,
        "median": 0.02827610448,
        "min": 0.000127786930534,
        "skew": 3.58587217331,
        "var": 0.0751689895988
    },
    "zerocrossingrate": {
        "kurt": -0.232289075851,
        "max": 0.08349609375,
        "mean": 0.0516210608184,
        "median": 0.05126953125,
        "min": 0.02978515625,
        "skew": 0.307920783758,
        "var": 9.39362798817e-05
    },
    "barkbands": {
        "kurt": [149.634262085, 269.575439453, 43.6815872192, 123.266166687, 178.087112427, 104.822257996, 19.2522830963, 180.79069519, 105.43019104, 28.6467685699, 172.39251709, 50.103427887, 30.5232582092, 17.0413379669, 24.3647537231, 31.592666626, 46.7740516663, 100.198532104, 24.3450050354, 25.1169281006, 55.6104812622, 46.5896759033, 29.3642425537, 23.4436569214, 25.3074645996, 22.8684844971, 35.7306213379],
        "max": [4.2739887185e-09, 2.5871958087e-07, 1.87484801017e-08, 2.59513388556e-08, 5.01145471787e-08, 1.25053770716e-06, 0.000309615104925, 0.00239690463059, 0.00768128689378, 0.00065800367156, 0.00131903111469, 0.000557287421543, 0.00164731533732, 0.000537086219992, 0.000618571182713, 0.000356838834705, 0.000300798332319, 6.10669594607e-05, 3.57085832547e-06, 4.44509032604e-06, 3.90782406612e-06, 6.67540416543e-06, 7.88588579326e-07, 1.03475677804e-07, 8.26646306962e-09, 5.85670179021e-10, 3.2338057232e-10],
        "mean": [4.60362650778e-11, 1.36461031364e-09, 4.41342240531e-10, 3.12392778312e-10, 5.8586058227e-10, 2.02338181765e-08, 1.49441666508e-05, 2.73486875813e-05, 0.000131575536216, 2.3500788302e-05, 2.04611969821e-05, 1.37871675179e-05, 5.56357190362e-05, 2.33778409893e-05, 2.53965336015e-05, 1.38537689054e-05, 7.56450208428e-06, 1.03007118923e-06, 1.60907688951e-07, 1.60588967901e-07, 9.25178085254e-08, 1.76532779506e-07, 2.80754512971e-08, 3.95110122398e-09, 3.12745995767e-10, 2.17889699339e-11, 9.09964378154e-12],
        "median": [1.84852391098e-13, 1.05946230521e-12, 2.24065340934e-12, 4.81207044697e-12, 3.41266320758e-11, 1.50286139089e-09, 4.38479219156e-07, 7.02956526766e-07, 1.4589784314e-06, 2.00824274543e-07, 2.57394674463e-07, 1.23402244867e-07, 6.45653017273e-07, 2.86475881239e-07, 3.98834856696e-07, 1.23145966313e-07, 4.61954279274e-08, 6.57686083372e-09, 3.93903398788e-09, 4.30458424461e-09, 1.20573151463e-09, 4.91019169768e-10, 6.42286501762e-11, 1.47033982212e-11, 3.92563195492e-12, 2.6828243945e-13, 9.20018794763e-14],
        "min": [4.61442621995e-18, 5.59044974501e-16, 1.50730688222e-15, 6.80961126517e-15, 8.88590145475e-14, 9.16666135359e-12, 5.98570248922e-10, 7.969366278e-10, 1.18441978447e-09, 2.11866524324e-10, 3.30857952147e-10, 3.27894073004e-10, 1.43754980142e-10, 5.72468877857e-11, 1.12629211513e-10, 9.60600071709e-11, 9.98608973291e-11, 9.56909412819e-11, 1.37453146087e-10, 1.00837810324e-10, 4.60405220892e-11, 1.56346879887e-11, 3.80588616178e-12, 1.32502244853e-12, 8.00658584571e-13, 5.54461499229e-14, 5.95187351553e-15],
        "skew": [11.1430940628, 15.5077362061, 6.23141717911, 10.2710809708, 11.719833374, 9.45047664642, 4.15712547302, 12.7139453888, 9.296210289, 4.86139202118, 11.0435323715, 6.12718820572, 5.02595472336, 3.85398983955, 4.42073488235, 5.03280258179, 6.14231586456, 9.11319065094, 4.54360961914, 4.54901123047, 6.70229005814, 6.15768098831, 5.06052589417, 4.53047704697, 4.64819526672, 4.28200340271, 5.27993917465],
        "var": [6.67546128064e-20, 1.73558189093e-16, 3.32529708174e-18, 2.93251781249e-18, 7.76273353397e-18, 7.63045225963e-15, 1.69331615396e-09, 2.17300044625e-08, 3.23256557522e-07, 4.74135264383e-09, 5.31041477458e-09, 2.07247907724e-09, 2.78653047303e-08, 3.96696542282e-09, 4.62255345113e-09, 1.53024493077e-09, 6.71939837105e-10, 1.94709977308e-11, 2.08142354806e-13, 2.27873357119e-13, 1.06380399281e-13, 3.90174302372e-13, 8.65439142605e-15, 1.57328759891e-16, 9.48300740541e-19, 3.8870828532e-21, 8.50028043852e-22],
        "cov": [[6.68647699995e-20, 1.69960118037e-18, 3.27817156826e-19, 1.89176503359e-19, 3.67091330419e-19, 1.65069201734e-17, 2.45892372863e-15, 1.51917137859e-14, 6.39516854728e-14, 6.13104808892e-15, 1.85775607036e-15, 4.03661343717e-15, 1.44982360535e-14, 3.90367542775e-15, 7.29931235219e-15, 3.0949770741e-15, 1.01070565305e-15, 1.33486330908e-16, 3.31614325292e-17, 3.72689930755e-17, 4.43069931429e-17, 9.55820035648e-17, 1.00547261071e-17, 1.35130086023e-18, 9.86482286093e-20, 6.80010802854e-21, 1.71742728446e-21], [1.69960118037e-18, 1.73844592108e-16, 1.47128051295e-17, 1.28773327093e-17, 1.88021958264e-17, 8.05539661905e-16, 2.24939113017e-13, 1.60428105262e-12, 2.72049288479e-12, 1.6689225685e-13, 9.66051105214e-14, 1.15448788225e-13, 7.93933495336e-13, 1.62574475908e-13, 3.91138862835e-13, 1.4062262097e-13, 4.05129827797e-14, 3.57565937783e-15, 1.20306344724e-15, 1.82805104841e-15, 2.33482535504e-15, 4.28035902621e-15, 4.17370561381e-16, 5.74078499061e-17, 4.37484741759e-18, 2.37698465727e-19, 3.93758812649e-20], [3.27817156826e-19, 1.47128051295e-17, 3.33078439112e-18, 2.34213336671e-18, 3.74268580139e-18, 1.09312493667e-16, 3.2314442463e-14, 1.84676804556e-13, 6.93768556059e-13, 6.15967712492e-14, 3.17503219083e-14, 4.63995263381e-14, 1.55801885065e-13, 5.77757717428e-14, 7.89235416929e-14, 3.24899714066e-14, 1.68499112232e-14, 1.89709418625e-15, 3.74727667033e-16, 4.40170464859e-16, 3.80814604611e-16, 7.45301166855e-16, 9.06758034459e-17, 1.31449223287e-17, 1.04304445694e-18, 6.85904690901e-20, 1.89172538708e-20], [1.89176503359e-19, 1.28773327093e-17, 2.34213336671e-18, 2.93735681907e-18, 3.6609119668e-18, 6.74336164199e-17, 2.45738318745e-14, 1.432840527e-13, 8.61591993497e-13, 3.86411111171e-14, 1.61702757033e-14, 3.22274589556e-14, 9.3867940493e-14, 3.1804945369e-14, 5.48307499935e-14, 1.93102132862e-14, 8.07091870956e-15, 8.55285324562e-16, 2.313349417e-16, 2.42499630038e-16, 2.35351863103e-16, 4.45495443361e-16, 4.81035536312e-17, 6.76124900915e-18, 6.14271870905e-19, 4.31111413367e-20, 1.33803152611e-20], [3.67091330419e-19, 1.88021958264e-17, 3.74268580139e-18, 3.6609119668e-18, 7.77554408011e-18, 1.029456117e-16, 3.9483072031e-14, 2.11771450528e-13, 1.04745519983e-12, 6.89484344727e-14, 2.8011438858e-14, 4.65741709793e-14, 1.84604949057e-13, 6.84628474247e-14, 9.15847394667e-14, 4.52977194328e-14, 1.31668645849e-14, 1.71390679427e-15, 3.62836833231e-16, 4.66874025554e-16, 4.61126801128e-16, 9.17609320606e-16, 9.2548024192e-17, 1.34632396264e-17, 1.13250745231e-18, 7.67077733868e-20, 1.70183589927e-20], [1.65069201734e-17, 8.05539661905e-16, 1.09312493667e-16, 6.74336164199e-17, 1.029456117e-16, 7.64304340439e-15, 1.26662992161e-12, 8.49616123982e-12, 1.89281645913e-11, 2.00206799923e-12, 1.12568667495e-12, 1.5291138581e-12, 6.2066398028e-12, 1.51831260238e-12, 2.72916715269e-12, 1.20243799726e-12, 5.00651657718e-13, 6.12179306813e-14, 1.47408161252e-14, 1.4707902119e-14, 1.74948658262e-14, 3.68117876134e-14, 4.3099933209e-15, 5.86203338949e-16, 4.13954497357e-17, 2.75805797668e-18, 7.43627770963e-19], [2.45892372863e-15, 2.24939113017e-13, 3.2314442463e-14, 2.45738318745e-14, 3.9483072031e-14, 1.26662992161e-12, 1.69611047429e-09, 2.86644485925e-09, 6.62806254326e-09, 9.81397518807e-10, 9.84604509036e-10, 6.18747886261e-10, 3.97359167792e-09, 1.21570864486e-09, 1.52453183411e-09, 6.54763798735e-10, 4.85078366363e-10, 5.3286746543e-11, 8.1024284504e-12, 1.18622082643e-11, 6.35699175591e-12, 1.21518038687e-11, 1.70383488134e-12, 2.3813923381e-13, 1.82175272318e-14, 1.27536977951e-15, 4.49385230413e-16], [1.51917137859e-14, 1.60428105262e-12, 1.84676804556e-13, 1.432840527e-13, 2.11771450528e-13, 8.49616123982e-12, 2.86644485925e-09, 2.17658620016e-08, 3.69380614984e-08, 2.56050047831e-09, 1.34011413078e-09, 2.50657050671e-09, 9.26552168323e-09, 2.50166865001e-09, 4.69387062552e-09, 1.735704247e-09, 6.49034381794e-10, 8.02229532804e-11, 2.05397070879e-11, 2.23826339407e-11, 2.34997646342e-11, 4.23696355778e-11, 4.50668192001e-12, 6.15906414411e-13, 5.31476379291e-14, 3.2844441566e-15, 8.54002969619e-16], [6.39516854728e-14, 2.72049288479e-12, 6.93768556059e-13, 8.61591993497e-13, 1.04745519983e-12, 1.89281645913e-11, 6.62806254326e-09, 3.69380614984e-08, 3.23789976164e-07, 1.65886682169e-08, 4.19142542896e-09, 1.14806981699e-08, 2.34868302584e-08, 1.08906954566e-08, 1.66205076368e-08, 6.95598512124e-09, 2.19195595008e-09, 2.72922712208e-10, 7.69051211602e-11, 7.06683669915e-11, 6.31263930018e-11, 1.21805746045e-10, 1.33992088258e-11, 1.86698486532e-12, 1.9052888065e-13, 1.37769544647e-14, 5.14410901571e-15], [6.13104808892e-15, 1.6689225685e-13, 6.15967712492e-14, 3.86411111171e-14, 6.89484344727e-14, 2.00206799923e-12, 9.81397518807e-10, 2.56050047831e-09, 1.65886682169e-08, 4.74917660753e-09, 2.27176899514e-09, 1.59673141376e-09, 6.48399867131e-09, 2.85680723522e-09, 3.41505401735e-09, 1.83195481007e-09, 1.09936060255e-09, 1.60170973706e-10, 2.1097649669e-11, 1.79859582089e-11, 1.01916617506e-11, 2.04220598765e-11, 3.50240626432e-12, 5.74524314841e-13, 4.14597047286e-14, 2.70631558274e-15, 1.07242195589e-15], [1.85775607036e-15, 9.66051105214e-14, 3.17503219083e-14, 1.61702757033e-14, 2.8011438858e-14, 1.12568667495e-12, 9.84604509036e-10, 1.34011413078e-09, 4.19142542896e-09, 2.27176899514e-09, 5.31917798696e-09, 7.70173036457e-10, 5.45009903874e-09, 2.19440399185e-09, 2.42827957742e-09, 1.19173237945e-09, 1.36828681718e-09, 1.12019768461e-10, 1.28205224215e-11, 1.42697954147e-11, 6.92538734692e-12, 1.31392466352e-11, 2.5105731296e-12, 4.60366824957e-13, 2.84952217258e-14, 1.82747633656e-15, 8.59367335153e-16], [4.03661343717e-15, 1.15448788225e-13, 4.63995263381e-14, 3.22274589556e-14, 4.65741709793e-14, 1.5291138581e-12, 6.18747886261e-10, 2.50657050671e-09, 1.14806981699e-08, 1.59673141376e-09, 7.70173036457e-10, 2.07589900825e-09, 3.26090732194e-09, 1.68039449022e-09, 1.75841341488e-09, 9.05634012227e-10, 5.08767805663e-10, 1.26027549507e-10, 1.31876775125e-11, 9.20453904069e-12, 6.19605191807e-12, 1.23575811042e-11, 2.38612732004e-12, 3.06676911513e-13, 2.92730859626e-14, 1.97247334229e-15, 7.93172504419e-16], [1.44982360535e-14, 7.93933495336e-13, 1.55801885065e-13, 9.3867940493e-14, 1.84604949057e-13, 6.2066398028e-12, 3.97359167792e-09, 9.26552168323e-09, 2.34868302584e-08, 6.48399867131e-09, 5.45009903874e-09, 3.26090732194e-09, 2.79112875035e-08, 6.99914837199e-09, 8.43126546357e-09, 3.42542527676e-09, 3.16236747899e-09, 3.64833885325e-10, 5.05893694991e-11, 5.6892688477e-11, 3.12302440852e-11, 6.41957598191e-11, 1.11010315523e-11, 1.68385108374e-12, 1.19623752635e-13, 6.96188195458e-15, 2.37600915573e-15], [3.90367542775e-15, 1.62574475908e-13, 5.77757717428e-14, 3.1804945369e-14, 6.84628474247e-14, 1.51831260238e-12, 1.21570864486e-09, 2.50166865001e-09, 1.08906954566e-08, 2.85680723522e-09, 2.19440399185e-09, 1.68039449022e-09, 6.99914837199e-09, 3.97351129777e-09, 3.09486702932e-09, 1.88894477837e-09, 1.1107301745e-09, 1.64085744991e-10, 1.94928222869e-11, 2.10887800278e-11, 1.08493171044e-11, 2.03445524316e-11, 3.58545723493e-12, 6.0182208609e-13, 4.41766848797e-14, 2.71144373196e-15, 9.67272132853e-16], [7.29931235219e-15, 3.91138862835e-13, 7.89235416929e-14, 5.48307499935e-14, 9.15847394667e-14, 2.72916715269e-12, 1.52453183411e-09, 4.69387062552e-09, 1.66205076368e-08, 3.41505401735e-09, 2.42827957742e-09, 1.75841341488e-09, 8.43126546357e-09, 3.09486702932e-09, 4.6301811274e-09, 1.70460279225e-09, 1.17216292228e-09, 1.91773263936e-10, 2.17560292698e-11, 2.15405575321e-11, 1.36327954134e-11, 2.7063807792e-11, 4.62920977592e-12, 6.54902998151e-13, 4.91169266175e-14, 3.14482686887e-15, 1.15527289544e-15], [3.0949770741e-15, 1.4062262097e-13, 3.24899714066e-14, 1.93102132862e-14, 4.52977194328e-14, 1.20243799726e-12, 6.54763798735e-10, 1.735704247e-09, 6.95598512124e-09, 1.83195481007e-09, 1.19173237945e-09, 9.05634012227e-10, 3.42542527676e-09, 1.88894477837e-09, 1.70460279225e-09, 1.53277013304e-09, 6.03622429818e-10, 1.06067231387e-10, 1.265110499e-11, 1.25175919977e-11, 7.76070700759e-12, 1.44043822009e-11, 2.34858812086e-12, 3.63382772223e-13, 2.7604364988e-14, 1.64025346785e-15, 5.26179090296e-16], [1.01070565305e-15, 4.05129827797e-14, 1.68499112232e-14, 8.07091870956e-15, 1.31668645849e-14, 5.00651657718e-13, 4.85078366363e-10, 6.49034381794e-10, 2.19195595008e-09, 1.09936060255e-09, 1.36828681718e-09, 5.08767805663e-10, 3.16236747899e-09, 1.1107301745e-09, 1.17216292228e-09, 6.03622429818e-10, 6.73048616839e-10, 7.18887102624e-11, 7.63105204027e-12, 8.91456006236e-12, 3.66812353061e-12, 7.02175557282e-12, 1.60842953539e-12, 2.38157773667e-13, 1.73764895837e-14, 1.01455562955e-15, 4.25239709219e-16], [1.33486330908e-16, 3.57565937783e-15, 1.89709418625e-15, 8.55285324562e-16, 1.71390679427e-15, 6.12179306813e-14, 5.3286746543e-11, 8.02229532804e-11, 2.72922712208e-10, 1.60170973706e-10, 1.12019768461e-10, 1.26027549507e-10, 3.64833885325e-10, 1.64085744991e-10, 1.91773263936e-10, 1.06067231387e-10, 7.18887102624e-11, 1.9503128279e-11, 1.53626427985e-12, 1.07940219263e-12, 5.96579860165e-13, 1.21858848966e-12, 2.95415791439e-13, 3.50091625882e-14, 3.07781851593e-15, 1.70246885839e-16, 5.97441719154e-17], [3.31614325292e-17, 1.20306344724e-15, 3.74727667033e-16, 2.313349417e-16, 3.62836833231e-16, 1.47408161252e-14, 8.1024284504e-12, 2.05397070879e-11, 7.69051211602e-11, 2.1097649669e-11, 1.28205224215e-11, 1.31876775125e-11, 5.05893694991e-11, 1.94928222869e-11, 2.17560292698e-11, 1.265110499e-11, 7.63105204027e-12, 1.53626427985e-12, 2.08485816501e-13, 1.53156377554e-13, 8.84717646366e-14, 1.96119067709e-13, 3.32412489732e-14, 4.34549035413e-15, 3.63619279916e-16, 2.22831141191e-17, 7.7557777722e-18], [3.72689930755e-17, 1.82805104841e-15, 4.40170464859e-16, 2.42499630038e-16, 4.66874025554e-16, 1.4707902119e-14, 1.18622082643e-11, 2.23826339407e-11, 7.06683669915e-11, 1.79859582089e-11, 1.42697954147e-11, 9.20453904069e-12, 5.6892688477e-11, 2.10887800278e-11, 2.15405575321e-11, 1.25175919977e-11, 8.91456006236e-12, 1.07940219263e-12, 1.53156377554e-13, 2.28249385538e-13, 1.1089873052e-13, 2.07416251058e-13, 3.50549904588e-14, 4.340010898e-15, 3.71932828884e-16, 2.30000795325e-17, 7.498750422e-18], [4.43069931429e-17, 2.33482535504e-15, 3.80814604611e-16, 2.35351863103e-16, 4.61126801128e-16, 1.74948658262e-14, 6.35699175591e-12, 2.34997646342e-11, 6.31263930018e-11, 1.01916617506e-11, 6.92538734692e-12, 6.19605191807e-12, 3.12302440852e-11, 1.08493171044e-11, 1.36327954134e-11, 7.76070700759e-12, 3.66812353061e-12, 5.96579860165e-13, 8.84717646366e-14, 1.1089873052e-13, 1.06555945165e-13, 1.89020294642e-13, 2.41537746835e-14, 3.05497086097e-15, 2.54956387728e-16, 1.54812972776e-17, 3.61866040829e-18], [9.55820035648e-17, 4.28035902621e-15, 7.45301166855e-16, 4.45495443361e-16, 9.17609320606e-16, 3.68117876134e-14, 1.21518038687e-11, 4.23696355778e-11, 1.21805746045e-10, 2.04220598765e-11, 1.31392466352e-11, 1.23575811042e-11, 6.41957598191e-11, 2.03445524316e-11, 2.7063807792e-11, 1.44043822009e-11, 7.02175557282e-12, 1.21858848966e-12, 1.96119067709e-13, 2.07416251058e-13, 1.89020294642e-13, 3.90818155832e-13, 4.80618352733e-14, 6.07067539209e-15, 4.88629008013e-16, 3.07755590925e-17, 7.68541448057e-18], [1.00547261071e-17, 4.17370561381e-16, 9.06758034459e-17, 4.81035536312e-17, 9.2548024192e-17, 4.3099933209e-15, 1.70383488134e-12, 4.50668192001e-12, 1.33992088258e-11, 3.50240626432e-12, 2.5105731296e-12, 2.38612732004e-12, 1.11010315523e-11, 3.58545723493e-12, 4.62920977592e-12, 2.34858812086e-12, 1.60842953539e-12, 2.95415791439e-13, 3.32412489732e-14, 3.50549904588e-14, 2.41537746835e-14, 4.80618352733e-14, 8.66867240154e-15, 9.86262823289e-16, 8.38714885189e-17, 4.79471891985e-18, 1.42582745528e-18], [1.35130086023e-18, 5.74078499061e-17, 1.31449223287e-17, 6.76124900915e-18, 1.34632396264e-17, 5.86203338949e-16, 2.3813923381e-13, 6.15906414411e-13, 1.86698486532e-12, 5.74524314841e-13, 4.60366824957e-13, 3.06676911513e-13, 1.68385108374e-12, 6.0182208609e-13, 6.54902998151e-13, 3.63382772223e-13, 2.38157773667e-13, 3.50091625882e-14, 4.34549035413e-15, 4.340010898e-15, 3.05497086097e-15, 6.07067539209e-15, 9.86262823289e-16, 1.57588375489e-16, 1.06611595111e-17, 6.16672193946e-19, 1.89528727203e-19], [9.86482286093e-20, 4.37484741759e-18, 1.04304445694e-18, 6.14271870905e-19, 1.13250745231e-18, 4.13954497357e-17, 1.82175272318e-14, 5.31476379291e-14, 1.9052888065e-13, 4.14597047286e-14, 2.84952217258e-14, 2.92730859626e-14, 1.19623752635e-13, 4.41766848797e-14, 4.91169266175e-14, 2.7604364988e-14, 1.73764895837e-14, 3.07781851593e-15, 3.63619279916e-16, 3.71932828884e-16, 2.54956387728e-16, 4.88629008013e-16, 8.38714885189e-17, 1.06611595111e-17, 9.49865559465e-19, 5.44962097186e-20, 1.77017394256e-20], [6.80010802854e-21, 2.37698465727e-19, 6.85904690901e-20, 4.31111413367e-20, 7.67077733868e-20, 2.75805797668e-18, 1.27536977951e-15, 3.2844441566e-15, 1.37769544647e-14, 2.70631558274e-15, 1.82747633656e-15, 1.97247334229e-15, 6.96188195458e-15, 2.71144373196e-15, 3.14482686887e-15, 1.64025346785e-15, 1.01455562955e-15, 1.70246885839e-16, 2.22831141191e-17, 2.30000795325e-17, 1.54812972776e-17, 3.07755590925e-17, 4.79471891985e-18, 6.16672193946e-19, 5.44962097186e-20, 3.89349713802e-21, 1.52414974888e-21], [1.71742728446e-21, 3.93758812649e-20, 1.89172538708e-20, 1.33803152611e-20, 1.70183589927e-20, 7.43627770963e-19, 4.49385230413e-16, 8.54002969619e-16, 5.14410901571e-15, 1.07242195589e-15, 8.59367335153e-16, 7.93172504419e-16, 2.37600915573e-15, 9.67272132853e-16, 1.15527289544e-15, 5.26179090296e-16, 4.25239709219e-16, 5.97441719154e-17, 7.7557777722e-18, 7.498750422e-18, 3.61866040829e-18, 7.68541448057e-18, 1.42582745528e-18, 1.89528727203e-19, 1.77017394256e-20, 1.52414974888e-21, 8.51430777381e-22]]
    },
    "mfcc": {
        "kurt": [-0.927423238754, -1.57807254791, -1.09547924995, -1.70033800602, -0.577667474747, -0.299023151398, -1.32458102703, 1.21939086914, -1.11460769176, -1.33095753193, -0.03205037117, -0.248958587646, 0.796271324158],
        "max": [-818.205505371, 133.668060303, 6.43307495117, 0.0207099914551, 0.152191162109, 5.57774353027, 0.463397979736, 18.8417987823, 48.5417747498, 39.9222259521, 42.843837738, 29.274389267, 31.8924674988],
        "mean": [-1041.77404785, 51.5361557007, -50.1983566284, -51.2993049622, -22.0376091003, -12.4605360031, -17.9732189178, -2.66680192947, 14.2590885162, 14.7807159424, 12.5310840607, 8.31618309021, 5.22912693024],
        "median": [-1063.11889648, 55.7745132446, -36.7116508484, -56.1539077759, -22.4484519958, -11.4134292603, -16.9831771851, -1.88526153564, 14.297870636, 15.9635105133, 11.2592124939, 6.91818237305, 3.22881317139],
        "min": [-1138.42004395, 1.14440917969e-05, -177.426071167, -124.643501282, -72.5869903564, -40.5983543396, -49.6319236755, -20.3685073853, -2.44512939453, -0.501762390137, -6.63367271423, -7.90045166016, -7.0991859436],
        "skew": [0.594581484795, 0.0204547345638, -0.573623359203, 0.0411873012781, -0.411557167768, -0.534899234772, -0.262500077486, -0.0575332790613, 0.330966293812, -0.0117477430031, 0.716012775898, 0.597437679768, 1.05409562588],
        "var": [8650.70214844, 1640.94689941, 2963.37133789, 1787.77905273, 268.996520996, 85.9692306519, 194.964874268, 34.6839866638, 154.098312378, 105.760543823, 97.6746902466, 47.5530662537, 42.4015884399],
        "cov": [[8664.97753906, 3483.3815918, -5009.65136719, -3547.02758789, -1304.94958496, -560.205749512, -1194.92150879, 43.3807754517, 975.368835449, 602.062988281, 695.314758301, 429.870788574, 434.159454346], [3483.3815918, 1643.65466309, -2004.35339355, -1695.2590332, -553.500061035, -267.436676025, -525.685241699, -13.5509328842, 456.127227783, 335.151519775, 284.899353027, 197.496246338, 167.299911499], [-5009.65136719, -2004.35339355, 2968.26123047, 2076.68286133, 698.995422363, 313.676391602, 683.318908691, -41.5606613159, -564.82824707, -324.686676025, -369.755737305, -243.093643188, -248.64855957], [-3547.02758789, -1695.2590332, 2076.68286133, 1790.72912598, 552.61315918, 255.51499939, 530.11505127, 8.36747550964, -477.300598145, -346.983337402, -272.126251221, -193.939605713, -164.196914673], [-1304.94958496, -553.500061035, 698.995422363, 552.61315918, 269.44039917, 103.352577209, 180.109466553, 4.01404619217, -157.08984375, -124.483978271, -130.742355347, -63.3320198059, -62.9591522217], [-560.205749512, -267.436676025, 313.676391602, 255.51499939, 103.352577209, 86.1110992432, 95.1960449219, -4.97076511383, -71.4782180786, -54.8864936829, -56.6647834778, -39.4056625366, -30.6780948639], [-1194.92150879, -525.685241699, 683.318908691, 530.11505127, 180.109466553, 95.1960449219, 195.286605835, 9.60021209717, -145.472457886, -102.931938171, -107.862747192, -75.5252304077, -63.1688079834], [43.3807754517, -13.5509328842, -41.5606613159, 8.36747550964, 4.01404619217, -4.97076511383, 9.60021209717, 34.7412223816, 9.71429634094, -19.7759017944, -15.1359195709, -10.7478294373, -3.10643863678], [975.368835449, 456.127227783, -564.82824707, -477.300598145, -157.08984375, -71.4782180786, -145.472457886, 9.71429634094, 154.352600098, 100.608772278, 65.7014465332, 43.3054580688, 38.9291877747], [602.062988281, 335.151519775, -324.686676025, -346.983337402, -124.483978271, -54.8864936829, -102.931938171, -19.7759017944, 100.608772278, 105.935066223, 65.4440841675, 33.1415672302, 20.510761261], [695.314758301, 284.899353027, -369.755737305, -272.126251221, -130.742355347, -56.6647834778, -107.862747192, -15.1359195709, 65.7014465332, 65.4440841675, 97.8358764648, 49.2908706665, 30.4316596985], [429.870788574, 197.496246338, -243.093643188, -193.939605713, -63.3320198059, -39.4056625366, -75.5252304077, -10.7478294373, 43.3054580688, 33.1415672302, 49.2908706665, 47.6315345764, 29.0701160431], [434.159454346, 167.299911499, -248.64855957, -164.196914673, -62.9591522217, -30.6780948639, -63.1688079834, -3.10643863678, 38.9291877747, 20.510761261, 30.4316596985, 29.0701160431, 42.4715576172]]
    },
    "sccoeffs": {
        "kurt": [-0.136255025864, -1.04740214348, 0.372456550598, -0.303816080093, -1.00082492828, -1.05411887169],
        "max": [-0.753805339336, -0.360436111689, -0.591225326061, -0.675867199898, -0.628710389137, -0.700268626213],
        "mean": [-0.873067677021, -0.671227574348, -0.835241734982, -0.843720734119, -0.828836023808, -0.812499582767],
        "median": [-0.874824285507, -0.678970754147, -0.844036281109, -0.847692966461, -0.846537768841, -0.819362699986],
        "min": [-0.974401950836, -0.903312385082, -0.937985181808, -0.939723014832, -0.924495518208, -0.908562719822],
        "skew": [0.142609611154, 0.229837805033, 0.787849783897, 0.50429135561, 0.500117659569, 0.345257669687],
        "var": [0.00152373686433, 0.0124362893403, 0.00434621842578, 0.00256265001372, 0.00555708166212, 0.00203154119663],
        "cov": [[0.00152625131886, -0.00112097861711, -0.000440879521193, -0.000453105720226, -0.00086457375437, -0.000457840331364], [-0.00112097861711, 0.0124568110332, 0.00542249530554, 0.00439407676458, 0.00702057033777, 0.00430910196155], [-0.000440879521193, 0.00542249530554, 0.00435339007527, 0.0022817759309, 0.00373749923892, 0.00211301958188], [-0.000453105720226, 0.00439407676458, 0.0022817759309, 0.00256687868387, 0.00319733726792, 0.00172894995194], [-0.00086457375437, 0.00702057033777, 0.00373749923892, 0.00319733726792, 0.00556625146419, 0.00284326309338], [-0.000457840331364, 0.00430910196155, 0.00211301958188, 0.00172894995194, 0.00284326309338, 0.00203489349224]]
    },
    "scvalleys": {
        "kurt": [-1.0795276165, -0.894190073013, -1.43018102646, -1.44857001305, -0.910583972931, -0.38162946701],
        "max": [-10.2615842819, -7.50829982758, -5.82139348984, -6.0650806427, -8.91096782684, -11.4373931885],
        "mean": [-14.6898975372, -10.8819007874, -9.4883441925, -9.99276447296, -11.9509744644, -14.9186944962],
        "median": [-14.7826452255, -10.9445962906, -9.56550312042, -9.8807144165, -12.1590452194, -15.4812135696],
        "min": [-18.3474674225, -13.5643558502, -12.7346944809, -13.4604654312, -13.8710727692, -16.3804759979],
        "skew": [0.156128525734, 0.200679451227, 0.138784989715, 0.0368916317821, 0.498923271894, 0.942895233631],
        "var": [3.54084420204, 1.69216322899, 3.70773625374, 4.78043079376, 1.74680602551, 1.90636622906],
        "cov": [[3.54668736458, 2.22012734413, 3.38596105576, 3.85058236122, 2.24811458588, 2.23887515068], [2.22012734413, 1.69495558739, 2.31576776505, 2.6249768734, 1.54382944107, 1.55096209049], [3.38596105576, 2.31576776505, 3.71385478973, 4.14668941498, 2.44370627403, 2.39167428017], [3.85058236122, 2.6249768734, 4.14668941498, 4.78831911087, 2.75945663452, 2.67186665535], [2.24811458588, 1.54382944107, 2.44370627403, 2.75945663452, 1.74968862534, 1.73989534378], [2.23887515068, 1.55096209049, 2.39167428017, 2.67186665535, 1.73989534378, 1.909512043]]
    }
},
"rhythm": {
    "beats_loudness": {
        "kurt": 2.63492107391,
        "max": 0.00751081807539,
        "mean": 0.00128455960657,
        "median": 5.13430604769e-05,
        "min": 1.55471262531e-08,
        "skew": 1.83939361572,
        "var": 4.23047595177e-06
    },
    "bpm": 129.219421387,
    "confidence": 1.26723885536,
    "first_peak_bpm": {
        "kurt": 0,
        "max": 129,
        "mean": 129,
        "median": 129,
        "min": 129,
        "skew": 0,
        "var": 0
    },
    "first_peak_spread": {
        "kurt": 0,
        "max": 0.25,
        "mean": 0.25,
        "median": 0.25,
        "min": 0.25,
        "skew": 0,
        "var": 0
    },
    "first_peak_weight": {
        "kurt": 0,
        "max": 0.193548381329,
        "mean": 0.193548381329,
        "median": 0.193548381329,
        "min": 0.193548381329,
        "skew": 0,
        "var": 0
    },
    "onset_rate": 1.06607913971,
    "second_peak_bpm": {
        "kurt": 0,
        "max": 144,
        "mean": 144,
        "median": 144,
        "min": 144,
        "skew": 0,
        "var": 0
    },
    "second_peak_spread": {
        "kurt": 0,
        "max": 0.45454543829,
        "mean": 0.45454543829,
        "median": 0.45454543829,
        "min": 0.45454543829,
        "skew": 0,
        "var": 0
    },
    "second_peak_weight": {
        "kurt": 0,
        "max": 0.193548381329,
        "mean": 0.193548381329,
        "median": 0.193548381329,
        "min": 0.193548381329,
        "skew": 0,
        "var": 0
    },
    "beats_loudness_band_ratio": {
        "kurt": [20.5815811157, 5.21747303009, -1.13557338715, -0.960766553879, -1.09803032875, 5.52230644226],
        "max": [7.05145648681e-05, 0.0181961730123, 0.890261590481, 0.677603602409, 0.219010934234, 0.0796789377928],
        "mean": [7.08139441485e-06, 0.00230710208416, 0.552232980728, 0.331393450499, 0.113664276898, 0.0105924196541],
        "median": [5.00958594785e-06, 0.000307804788463, 0.52493917942, 0.306826531887, 0.118610814214, 0.00135562673677],
        "min": [2.62437310994e-07, 7.28203031031e-06, 0.16995126009, 0.067176617682, 0.0196967609227, 0.000278627703665],
        "skew": [4.47074079514, 2.42645835876, -0.111334629357, 0.321906775236, 0.271749764681, 2.32427167892],
        "var": [1.46615219965e-10, 1.78100290213e-05, 0.0522547364235, 0.0348548293114, 0.00361421261914, 0.000305611669319],
        "cov": [[1.51344742294e-10, 6.95160595754e-09, 1.13823068659e-06, -8.67784251568e-07, -3.0143252161e-07, 3.39638397406e-08], [6.95160595754e-09, 1.83845459105e-05, 0.000260942033492, -0.000184739445103, -0.000108495405584, 2.31141220866e-05], [1.13823068659e-06, 0.000260942033492, 0.0539403744042, -0.0432755947113, -0.0112010445446, 0.000361879967386], [-8.67784251568e-07, -0.000184739445103, -0.0432755947113, 0.0359791778028, 0.00784648489207, -0.000542340916581], [-3.0143252161e-07, -0.000108495405584, -0.0112010445446, 0.00784648489207, 0.00373080023564, -0.000130106971483], [3.39638397406e-08, 2.31141220866e-05, 0.000361879967386, -0.000542340916581, -0.000130106971483, 0.000315470097121]]
    },
    "beats_position": [0.406349211931, 0.882358253002, 1.3235373497, 1.78793644905, 2.2523355484, 2.71673464775, 3.09986400604, 3.55265307426, 3.99383211136, 4.41179132462, 4.82975053787, 5.24770975113, 5.71210861206, 6.13006782532, 6.51319694519, 6.8963265419, 7.2910656929, 7.66258478165, 8.10376358032, 8.56816291809, 8.98612213135, 9.42730140686, 9.85687065125, 10.2632198334, 10.6811790466, 11.110748291, 11.5751476288, 11.9814968109, 12.3530158997, 12.6664848328, 13.0960540771, 13.5372333527],
    "bpm_estimates": [126.048027039, 129.19921875, 129.19921875, 129.19921875, 132.512039185, 129.199279785, 129.199157715, 129.199157715],
    "bpm_intervals": [0.476009041071, 0.441179096699, 0.46439909935, 0.46439909935, 0.46439909935, 0.383129358292, 0.452789068222, 0.441179037094, 0.417959213257, 0.417959213257, 0.417959213257, 0.464398860931, 0.417959213257, 0.383129119873, 0.38312959671, 0.394739151001, 0.371519088745, 0.441178798676, 0.464399337769, 0.417959213257, 0.441179275513, 0.429569244385, 0.406349182129, 0.417959213257, 0.429569244385, 0.464399337769, 0.406349182129, 0.371519088745, 0.313468933105, 0.429569244385, 0.441179275513],
    "onset_times": [0.0232199542224, 0.859138309956, 1.33514738083, 3.08825397491, 3.55265307426, 4.00544214249, 5.74693870544, 6.14167785645, 6.51319742203, 7.63936519623, 8.11537456512, 9.86848068237, 11.598367691, 12.0047168732, 12.3762359619],
    "histogram": [[0, 0, 0, 0, 0, 0, 0, 0, 0, 0, 0, 0, 0, 0, 0, 0, 0, 0, 0, 0, 0, 0, 0, 0, 0, 0, 0, 0, 0, 0, 0, 0, 0, 0, 0, 0, 0, 0, 0, 0, 0, 0, 0, 0, 0, 0, 0, 0, 0, 0, 0, 0, 0, 0, 0, 0, 0, 0, 0, 0, 0, 0, 0, 0, 0, 0, 0, 0, 0, 0, 0, 0, 0, 0, 0, 0, 0, 0, 0, 0, 0, 0, 0, 0, 0, 0, 0, 0, 0, 0, 0, 0, 0, 0, 0, 0, 0, 0, 0, 0, 0, 0, 0, 0, 0, 0, 0, 0, 0, 0, 0, 0, 0, 0, 0, 0, 0, 0, 0, 0, 0, 0, 0, 0, 0, 0, 0.0322580635548, 0, 0, 0.193548381329, 0, 0, 0, 0.0322580635548, 0, 0, 0.161290317774, 0, 0, 0, 0.0967741906643, 0, 0, 0, 0.193548381329, 0, 0, 0, 0.0645161271095, 0, 0, 0, 0.0322580635548, 0, 0, 0, 0, 0.0967741906643, 0, 0, 0, 0.0645161271095, 0, 0, 0, 0, 0, 0, 0, 0, 0, 0, 0, 0, 0, 0, 0, 0, 0, 0, 0, 0, 0, 0, 0, 0, 0, 0, 0, 0, 0, 0.0322580635548, 0, 0, 0, 0, 0, 0, 0, 0, 0, 0, 0, 0, 0, 0, 0, 0, 0, 0, 0, 0, 0, 0, 0, 0, 0, 0, 0, 0, 0, 0, 0, 0, 0, 0, 0, 0, 0, 0, 0, 0, 0, 0, 0, 0, 0, 0, 0, 0, 0, 0, 0, 0, 0, 0, 0, 0, 0, 0]]
},
"sfx": {
    "inharmonicity": {
        "kurt": 2.1626329422,
        "max": 0.470983028412,
        "mean": 0.0721685364842,
        "median": 0.0289798174053,
        "min": 8.80662119016e-05,
        "skew": 1.81475806236,
        "var": 0.010098144412
    },
    "oddtoevenharmonicenergyratio": {
        "kurt": 23.2109470367,
        "max": 21.1634731293,
        "mean": 1.01895105839,
        "median": 0.195292934775,
        "min": 0.00102094758768,
        "skew": 3.83071613312,
        "var": 3.81481862068
    },
    "pitch_after_max_to_before_max_energy_ratio": 0.915187656879,
    "pitch_centroid": 298.86807251,
    "pitch_max_to_total": 0.504118621349,
    "pitch_min_to_total": 0.276771008968,
    "tristimulus": {
        "kurt": [-1.20563209057, -0.665123224258, 1.15525865555],
        "max": [0.904067933559, 0.88353407383, 0.968125700951],
        "mean": [0.388407588005, 0.431657224894, 0.179935291409],
        "median": [0.428420931101, 0.405672967434, 0.11299880594],
        "min": [0, 0.0318742357194, 0.00398519169539],
        "skew": [-0.160104006529, 0.34687051177, 1.39599943161],
        "var": [0.0711027681828, 0.032151773572, 0.038910035044],
        "cov": [[0.071220099926, -0.0322253406048, -0.0389947295189], [-0.0322253406048, 0.0322048291564, 2.04997177207e-05], [-0.0389947295189, 2.04997177207e-05, 0.0389742441475]]
    }
},
"tonal": {
    "chords_changes_rate": 0.0493421070278,
    "chords_number_rate": 0.019736841321,
    "chords_strength": {
        "kurt": -0.72333407402,
        "max": 0.743433058262,
        "mean": 0.572496414185,
        "median": 0.59025812149,
        "min": 0.334023416042,
        "skew": -0.321185976267,
        "var": 0.00910257827491
    },
    "key_strength": 0.669461071491,
    "tuning_diatonic_strength": 0.645137786865,
    "tuning_equal_tempered_deviation": 0.284782260656,
    "tuning_frequency": 437.971466064,
    "tuning_nontempered_energy_ratio": 0.916831672192,
    "hpcp": {
        "kurt": [23.2346248627, 4.58881282806, 6.58776760101, 1.48361968994, -0.650712966919, -1.14740753174, -0.103581905365, 0.883274078369, 3.04491186142, 5.92532634735, 6.38047599792, 6.52674198151, 2.9576420784, 3.38456201553, 3.07055568695, 4.27703332901, 3.32099580765, 1.55598974228, 2.49235439301, 3.27851104736, 1.62215471268, -0.208229541779, -0.172790765762, 1.0465593338, 1.47189664841, -0.44652557373, -0.691810131073, 0.219490766525, 2.33769464493, 8.09717559814, 3.07089757919, 3.81884336472, 14.1260948181, 12.9596443176, 13.6227741241, 15.068157196],
