{
"metadata": {
    "version": {
        "essentia": "2.1-beta3"
    }
},
"lowLevel": {
    "average_loudness": 0.0243401825428,
    "barkbands_kurtosis": {
        "kurt": 32.0284042358,
        "max": 176.750762939,
        "mean": 5.59204244614,
        "median": 0.155214548111,
        "min": -1.7028875351,
        "skew": 4.69112825394,
        "var": 221.868942261
    },
    "barkbands_skewness": {
        "kurt": 4.58634376526,
        "max": 11.5123291016,
        "mean": 1.48868012428,
        "median": 0.961330533028,
        "min": -1.49074041843,
        "skew": 1.94406664371,
        "var": 2.51396870613
    },
    "barkbands_spread": {
        "kurt": -1.68419325352,
        "max": 49.1207275391,
        "mean": 20.6202754974,
        "median": 23.8892154694,
        "min": 0.231123939157,
        "skew": -0.01732506603,
        "var": 244.708847046
    },
    "dissonance": {
        "kurt": 2.71486854553,
        "max": 0.500000059605,
        "mean": 0.435850918293,
        "median": 0.47555154562,
        "min": 0.0853551179171,
        "skew": -1.85948944092,
        "var": 0.0070502916351
    },
    "hfc": {
        "kurt": 13.685136795,
        "max": 41.0472183228,
        "mean": 2.32439017296,
        "median": 0.00355038046837,
        "min": 5.43638816453e-05,
        "skew": 3.47397756577,
        "var": 33.3080024719
    },
    "pitch": {
        "kurt": 0.396754980087,
        "max": 4248.65332031,
        "mean": 1001.56182861,
        "median": 416.111785889,
        "min": 58.0130081177,
        "skew": 1.51964533329,
        "var": 1829816.75
    },
    "pitch_instantaneous_confidence": {
        "kurt": -1.15738582611,
        "max": 0.981009542942,
        "mean": 0.450371086597,
        "median": 0.302587807178,
        "min": 0.0977199673653,
        "skew": 0.664261102676,
        "var": 0.0837164372206
    },
    "pitch_salience": {
        "kurt": -0.00169992446899,
        "max": 0.871304988861,
        "mean": 0.615098357201,
        "median": 0.693868041039,
        "min": 0.0775315910578,
        "skew": -1.05843889713,
        "var": 0.0352072753012
    },
    "silence_rate_20dB": {
        "kurt": 0,
        "max": 1,
        "mean": 1,
        "median": 1,
        "min": 1,
        "skew": 0,
        "var": 0
    },
    "silence_rate_30dB": {
        "kurt": 0,
        "max": 1,
        "mean": 1,
        "median": 1,
        "min": 1,
        "skew": 0,
        "var": 0
    },
    "silence_rate_60dB": {
        "kurt": 0.00361943244934,
        "max": 1,
        "mean": 0.788844645023,
        "median": 1,
        "min": 0,
        "skew": -1.41546297073,
        "var": 0.166568115354
    },
    "spectral_centroid": {
        "kurt": -0.724344730377,
        "max": 2814.99023438,
        "mean": 1025.10510254,
        "median": 951.421203613,
        "min": 330.324462891,
        "skew": 0.541159331799,
        "var": 213402.84375
    },
    "spectral_complexity": {
        "kurt": 3.75555706024,
        "max": 14,
        "mean": 1.56254982948,
        "median": 0,
        "min": 0,
        "skew": 2.04638576508,
        "var": 7.96396207809
    },
    "spectral_crest": {
        "kurt": -0.696705818176,
        "max": 26.5191459656,
        "mean": 10.8266048431,
        "median": 8.08542537689,
        "min": 2.53599882126,
        "skew": 0.804706096649,
        "var": 48.8006439209
    },
    "spectral_decrease": {
        "kurt": 15.2973690033,
        "max": -1.79373643082e-14,
        "mean": -1.08458741988e-09,
        "median": -7.13745956869e-13,
        "min": -2.10255279853e-08,
        "skew": -3.66177082062,
        "var": 7.89012844729e-18
    },
    "spectral_energy": {
        "kurt": 15.1979675293,
        "max": 0.0830659866333,
        "mean": 0.00430431123823,
        "median": 3.05304592985e-06,
        "min": 7.26300370957e-08,
        "skew": 3.65062451363,
        "var": 0.000123655088828
    },
    "spectral_energyband_high": {
        "kurt": 86.7311553955,
        "max": 0.000124545331346,
        "mean": 2.42205578616e-06,
        "median": 1.86126854373e-07,
        "min": 9.38576771858e-10,
        "skew": 7.99601984024,
        "var": 7.18047288295e-11
    },
    "spectral_energyband_low": {
        "kurt": 107.100692749,
        "max": 8.66928894538e-06,
        "mean": 2.54159715496e-07,
        "median": 1.30102961293e-07,
        "min": 5.93647797587e-09,
        "skew": 9.04753017426,
        "var": 3.13322420309e-13
    },
    "spectral_energyband_middle_high": {
        "kurt": 49.4939117432,
        "max": 0.0212615486234,
        "mean": 0.000575038371608,
        "median": 8.96588176147e-07,
        "min": 1.52164041367e-08,
        "skew": 5.78716087341,
        "var": 2.69047041002e-06
    },
    "spectral_energyband_middle_low": {
        "kurt": 16.4473609924,
        "max": 0.0770097374916,
        "mean": 0.0037906402722,
        "median": 1.77068102403e-06,
        "min": 5.11887492394e-08,
        "skew": 3.80300426483,
        "var": 0.000104368460597
    },
    "spectral_flatness_db": {
        "kurt": -0.801903963089,
        "max": 0.572730898857,
        "mean": 0.231508076191,
        "median": 0.148234814405,
        "min": 0.0900186002254,
        "skew": 0.817683041096,
        "var": 0.0175502952188
    },
    "spectral_flux": {
        "kurt": 14.0354690552,
        "max": 0.259622395039,
        "mean": 0.0159017052501,
        "median": 0.00131377694197,
        "min": 0.000426794082159,
        "skew": 3.27874112129,
        "var": 0.000905369466636
    },
    "spectral_kurtosis": {
        "kurt": 3.06180524826,
        "max": 106.003730774,
        "mean": 14.7659473419,
        "median": 3.71242523193,
        "min": 0.49855017662,
        "skew": 1.81552040577,
        "var": 366.739349365
    },
    "spectral_rms": {
        "kurt": 3.68381404877,
        "max": 0.00900222081691,
        "mean": 0.00101193191949,
        "median": 5.45763796254e-05,
        "min": 8.41775363369e-06,
        "skew": 2.06881952286,
        "var": 3.17532135341e-06
    },
    "spectral_rolloff": {
        "kurt": -1.65465974808,
        "max": 4478.90625,
        "mean": 2065.83300781,
        "median": 1765.72265625,
        "min": 301.46484375,
        "skew": 0.123033717275,
        "var": 1692048.875
    },
    "spectral_skewness": {
        "kurt": 0.19038105011,
        "max": 8.60011482239,
        "mean": 2.53080892563,
        "median": 1.49398338795,
        "min": 0.69027864933,
        "skew": 1.11322164536,
        "var": 2.99227786064
    },
    "spectral_spread": {
        "kurt": -1.31852138042,
        "max": 7705849,
        "mean": 3595714.5,
        "median": 4353193.5,
        "min": 852800.5,
        "skew": -0.410888284445,
        "var": 2.04187041792e+12
    },
    "spectral_strongpeak": {
        "kurt": 4.7432103157,
        "max": 5.09282207489,
        "mean": 0.454695522785,
        "median": 0.00768673093989,
        "min": 0.000317623344017,
        "skew": 2.28116440773,
        "var": 0.802355349064
    },
    "zerocrossingrate": {
        "kurt": -1.41964793205,
        "max": 0.1298828125,
        "mean": 0.0620537400246,
        "median": 0.06689453125,
        "min": 0.01513671875,
        "skew": 0.0551879964769,
        "var": 0.00097588711651
    },
    "barkbands": {
        "kurt": [41.7257232666, 105.865280151, 240.972717285, 99.6095428467, 78.3345565796, 437.009155273, 19.253320694, 466.405090332, 81.4133224487, 162.806884766, 51.7802238464, 58.0250778198, 50.0741233826, 155.962036133, 48.9838676453, 282.648254395, 265.354278564, 128.632598877, 231.213928223, 361.296325684, 115.26486969, 289.212524414, 61.5882720947, 158.170150757, 298.926116943, 48.911441803, 49.1217384338],
        "max": [2.81151848469e-08, 6.15463079612e-07, 6.02790714765e-06, 1.42966418935e-05, 9.8961587355e-05, 0.023754876107, 0.0751766711473, 0.0351568162441, 0.00977182481438, 0.0279306471348, 0.00831894669682, 0.00215357751586, 0.00277335382998, 0.0012580944458, 0.00035818721517, 0.000182270508958, 0.000101306184661, 2.81851826003e-05, 0.000191429833649, 0.000108198910311, 0.000117067531392, 3.54992771463e-05, 2.73162231679e-06, 7.65678578318e-07, 2.15313534113e-07, 7.81779263548e-09, 6.0914939759e-09],
        "mean": [7.04498237525e-10, 1.92091036411e-08, 1.10878474402e-07, 3.15028870546e-07, 1.89711386156e-06, 0.000134455462103, 0.00319719081745, 0.000182688148925, 0.000148545965203, 0.000328671419993, 0.000165400779224, 4.61908966827e-05, 6.97961222613e-05, 1.32996956381e-05, 8.14764189272e-06, 1.74814113052e-06, 8.04209378202e-07, 4.92328183554e-07, 1.68501821918e-06, 7.82055678883e-07, 1.60666331794e-06, 3.7104635453e-07, 6.7686841021e-08, 1.10249507301e-08, 2.39218356235e-09, 2.15613568666e-10, 1.2207961031e-10],
        "median": [2.75977903724e-11, 1.01848849354e-08, 5.53650707502e-08, 1.22397125324e-07, 3.39813993833e-07, 2.54918717246e-07, 2.95425195418e-07, 1.59028985536e-07, 1.59113298537e-07, 1.49650645653e-07, 7.25550250991e-08, 6.62365096105e-08, 5.84509969315e-08, 4.6212729643e-08, 4.25964330475e-08, 4.41802860962e-08, 5.88740398655e-08, 9.51513570158e-08, 1.4207392951e-07, 1.1814535128e-07, 8.46473824367e-08, 2.83665304579e-08, 4.59251703333e-09, 1.47294676456e-09, 4.05247085888e-10, 1.01399253577e-11, 2.3471339889e-13],
        "min": [1.2399774946e-13, 7.83650783154e-11, 2.64567784347e-10, 1.36597055889e-09, 1.44905265564e-09, 1.51581291963e-09, 5.5957261047e-09, 1.94762184158e-09, 7.50552953122e-09, 3.13163495136e-09, 1.17625731377e-09, 1.27134658356e-09, 3.45883344188e-09, 9.82157244422e-10, 1.23564092291e-09, 4.68376948337e-10, 4.58821425298e-10, 6.69733213332e-10, 4.23580809317e-10, 2.90705681749e-10, 6.09310268906e-10, 1.02249167466e-10, 1.29065664406e-11, 4.28912244263e-12, 9.22958215931e-13, 3.79051580705e-13, 4.96148329127e-14],
        "skew": [5.64994430542, 8.49778270721, 12.6129188538, 9.29878044128, 7.49115562439, 18.1236209869, 4.06943082809, 18.8027553558, 7.93371915817, 11.6026201248, 6.73978757858, 6.7889456749, 6.52000570297, 11.3001079559, 6.16995954514, 13.6174039841, 14.895734787, 10.2441225052, 13.8911094666, 16.8564510345, 8.89000606537, 13.8985109329, 6.51332759857, 10.0766954422, 14.742600441, 6.06639146805, 5.96459197998],
        "var": [5.19462889956e-18, 1.29046284783e-15, 6.61690822035e-14, 9.21725911741e-13, 3.64995499103e-11, 7.6714206898e-07, 8.36666804389e-05, 1.62680464655e-06, 3.9189404788e-07, 2.52072481999e-06, 5.60173702979e-07, 2.82753855885e-08, 6.92778954203e-08, 5.06555375424e-09, 7.69484698182e-10, 5.5796877535e-11, 2.46511682594e-11, 3.14680269689e-12, 8.88805209986e-11, 1.84486419197e-11, 3.97575583566e-11, 2.11094293087e-12, 3.84669374262e-14, 1.36474139044e-15, 8.07087998427e-17, 4.24333055988e-19, 1.81382781778e-19],
        "cov": [[5.19877142007e-18, 2.08435171052e-17, 1.00441325704e-16, 2.47901291492e-16, 2.80953692352e-15, 5.59783122633e-13, 1.15390856592e-11, 6.41430376695e-13, 4.96908666558e-13, 1.0389727273e-12, 4.50989587472e-13, 1.63638281528e-13, 1.39795578e-13, 2.45305400206e-14, 1.66446243182e-14, 5.45423742385e-15, 2.49376219375e-15, 1.19755646253e-15, 4.30035366244e-15, 1.92269491005e-15, 4.20174801595e-15, 1.06364965917e-15, 1.6945652469e-16, 2.65627580113e-17, 6.01970557823e-18, 5.74406676765e-19, 3.43233347752e-19], [2.08435171052e-17, 1.29149199286e-15, 5.41360440634e-15, 1.67647911883e-14, 8.25082596646e-14, 9.66662687396e-12, 7.67387819955e-11, 2.13018860364e-12, 4.81524412357e-12, 1.12937810146e-11, 2.73833082945e-12, 1.64838650542e-12, 1.25750158984e-12, 3.16906874007e-13, 1.78802529423e-13, 3.91442724046e-14, 3.10963311578e-14, 2.6265761552e-14, 9.73978655974e-14, 6.17764167729e-14, 4.52831640187e-14, 1.78501182206e-14, 2.44246799604e-15, 4.62497406316e-16, 1.2854213342e-16, 6.62804025689e-18, 3.1223332224e-18], [1.00441325704e-16, 5.41360440634e-15, 6.6221848968e-14, 1.40642068846e-13, 6.56701689555e-13, 1.28416180467e-10, 3.1109170795e-10, 1.42666867903e-11, 4.07288716642e-11, 1.30751187655e-10, 1.24041324087e-11, 1.30707640891e-11, 6.87106361391e-12, 3.11013281101e-12, 1.08043554572e-12, 2.35664569456e-13, 2.10491604073e-13, 2.05821674266e-13, 6.21029052836e-13, 4.4582604752e-13, 2.5743057859e-13, 2.00040450784e-13, 1.86800427963e-14, 4.67654471124e-15, 1.2819761071e-15, 5.10463082174e-17, 1.63996662809e-17], [2.47901291492e-16, 1.67647911883e-14, 1.40642068846e-13, 9.22460892394e-13, 2.99586007044e-12, 3.14569814641e-10, 6.15874129473e-10, 5.24343832242e-11, 1.05205608114e-10, 4.44926345766e-10, 2.87813748528e-11, 2.9161825732e-11, 1.16047805046e-11, 8.08818984011e-12, 2.65545896903e-12, 9.3243501028e-13, 9.26701532351e-13, 6.17261233446e-13, 2.09793987738e-12, 1.44574987832e-12, 8.24022653497e-13, 4.86780863014e-13, 5.45205834689e-14, 1.1677843344e-14, 3.07146619235e-15, 9.28108757209e-17, 2.14995457772e-17], [2.80953692352e-15, 8.25082596646e-14, 6.56701689555e-13, 2.99586007044e-12, 3.65286551007e-11, 1.30772259688e-09, 6.11622219537e-09, 5.68117441979e-10, 8.15175593694e-10, 2.45697973078e-09, 7.0628886073e-10, 1.98484798042e-10, 1.33345834374e-10, 6.44177280962e-11, 2.54751809925e-11, 7.67172003008e-12, 6.21366456552e-12, 3.98403358914e-12, 1.17929953997e-11, 7.55361918847e-12, 6.57381310845e-12, 2.07944620724e-12, 3.27344732267e-13, 5.63840017427e-14, 1.44514781408e-14, 6.19129997768e-16, 2.62420097952e-16], [5.59783122633e-13, 9.66662687396e-12, 1.28416180467e-10, 3.14569814641e-10, 1.30772259688e-09, 7.67753817854e-07, 1.51441781782e-06, 4.59016540333e-08, 2.06029753258e-07, 8.55698942814e-07, 2.73294968878e-08, 6.66315926878e-08, 2.21648441823e-08, 2.15532640624e-08, 6.98244617681e-09, 1.81881565364e-09, 1.13844045302e-09, 8.23730306188e-10, 2.72377920219e-09, 1.66007518843e-09, 2.14877338145e-09, 9.10780006969e-10, 8.69782440516e-11, 2.13207212302e-11, 5.92199119603e-12, 2.77693991933e-13, 1.04345622854e-13], [1.15390856592e-11, 7.67387819955e-11, 3.1109170795e-10, 6.15874129473e-10, 6.11622219537e-09, 1.51441781782e-06, 8.37334009702e-05, 1.92256402443e-06, 2.2604035621e-06, 3.9956821638e-06, 2.18312993638e-06, 7.60979503411e-07, 1.09917777991e-06, 8.46125018938e-08, 1.02310892203e-07, 1.53100483402e-08, 9.60048218701e-09, 4.1119125882e-09, 1.8933947743e-08, 6.59922250179e-09, 1.51424259798e-08, 4.09109590649e-09, 7.99786292749e-10, 1.15901621633e-10, 2.68066922826e-11, 3.19365259065e-12, 2.12183959639e-12], [6.41430376695e-13, 2.13018860364e-12, 1.42666867903e-11, 5.24343832242e-11, 5.68117441979e-10, 4.59016540333e-08, 1.92256402443e-06, 1.62810192705e-06, 1.61352730288e-07, 1.01374375561e-07, 4.16419425164e-07, 4.0061021167e-08, 3.4919075631e-08, 2.42697471009e-08, 1.20083765154e-08, 3.95251475993e-09, 4.60290722204e-10, 2.42252634619e-10, 8.21546941587e-10, 2.91082269399e-10, 1.6214301013e-09, 2.55991061682e-10, 6.11172570886e-11, 6.80549019916e-12, 1.72036386872e-12, 1.75744279698e-13, 8.66156308461e-14], [4.96908666558e-13, 4.81524412357e-12, 4.07288716642e-11, 1.05205608114e-10, 8.15175593694e-10, 2.06029753258e-07, 2.2604035621e-06, 1.61352730288e-07, 3.92206572997e-07, 3.86863320045e-07, 5.74509257945e-08, 5.61399424726e-08, 3.54992515383e-08, 1.38563445162e-08, 8.60696580673e-09, 9.9399244391e-10, 5.234701006e-10, 4.10370903925e-10, 1.43838818634e-09, 5.97657812129e-10, 1.39682498901e-09, 3.5860714398e-10, 4.92270564589e-11, 1.13890364153e-11, 2.98803690124e-12, 2.16712457983e-13, 9.80157862968e-14], [1.0389727273e-12, 1.12937810146e-11, 1.30751187655e-10, 4.44926345766e-10, 2.45697973078e-09, 8.55698942814e-07, 3.9956821638e-06, 1.01374375561e-07, 3.86863320045e-07, 2.52273480328e-06, 4.88812297306e-08, 1.10901460459e-07, 6.74697631098e-08, 3.4924287462e-08, 1.69736367184e-08, 3.39619243839e-09, 1.25577404031e-09, 1.10281894727e-09, 3.98717370231e-09, 2.18208984215e-09, 2.82941181595e-09, 1.23582721834e-09, 1.51173740193e-10, 3.18344933747e-11, 6.77981152122e-12, 3.61027478529e-13, 1.64271685989e-13], [4.50989587472e-13, 2.73833082945e-12, 1.24041324087e-11, 2.87813748528e-11, 7.0628886073e-10, 2.73294968878e-08, 2.18312993638e-06, 4.16419425164e-07, 5.74509257945e-08, 4.88812297306e-08, 5.60620378565e-07, 2.54658321097e-08, 1.20348921939e-08, 5.92013815748e-09, 3.74820352533e-09, 2.09398609563e-09, 2.74168132641e-10, 1.86308218852e-10, 5.43537659325e-10, 1.99372032772e-10, 1.37321709559e-09, 2.10469086603e-10, 7.07612024531e-11, 5.51755342804e-12, 1.3329516527e-12, 1.54390267389e-13, 7.44081987865e-14], [1.63638281528e-13, 1.64838650542e-12, 1.30707640891e-11, 2.9161825732e-11, 1.98484798042e-10, 6.66315926878e-08, 7.60979503411e-07, 4.0061021167e-08, 5.61399424726e-08, 1.10901460459e-07, 2.54658321097e-08, 2.82979346622e-08, 1.58715245391e-08, 4.38894831589e-09, 2.16949391785e-09, 4.49910775302e-10, 3.41530803638e-10, 1.2648203318e-10, 7.16270265322e-10, 2.57654009239e-10, 4.13797052179e-10, 1.32122507379e-10, 1.69853610343e-11, 3.59884344547e-12, 8.18891287245e-13, 5.31799200488e-14, 2.60491227113e-14], [1.39795578e-13, 1.25750158984e-12, 6.87106361391e-12, 1.16047805046e-11, 1.33345834374e-10, 2.21648441823e-08, 1.09917777991e-06, 3.4919075631e-08, 3.54992515383e-08, 6.74697631098e-08, 1.20348921939e-08, 1.58715245391e-08, 6.9333140118e-08, 3.67930530487e-09, 3.50540751981e-09, 3.8578260031e-10, 2.49154391563e-10, 8.66259702859e-11, 4.18588830264e-10, 2.32654534527e-10, 4.85685824891e-10, 9.97960186711e-11, 1.72346529409e-11, 2.83398868609e-12, 4.979476575e-13, 4.68751488905e-14, 2.55196356397e-14], [2.45305400206e-14, 3.16906874007e-13, 3.11013281101e-12, 8.08818984011e-12, 6.44177280962e-11, 2.15532640624e-08, 8.46125018938e-08, 2.42697471009e-08, 1.38563445162e-08, 3.4924287462e-08, 5.92013815748e-09, 4.38894831589e-09, 3.67930530487e-09, 5.06959363378e-09, 1.00732144848e-09, 1.45555331676e-10, 5.19215295758e-11, 4.81893761006e-11, 1.89505064419e-10, 7.65666349767e-11, 2.84833295838e-10, 4.44300082836e-11, 6.0624014489e-12, 1.60045273475e-12, 3.5264651442e-13, 1.9014119367e-14, 6.5874497697e-15], [1.66446243182e-14, 1.78802529423e-13, 1.08043554572e-12, 2.65545896903e-12, 2.54751809925e-11, 6.98244617681e-09, 1.02310892203e-07, 1.20083765154e-08, 8.60696580673e-09, 1.69736367184e-08, 3.74820352533e-09, 2.16949391785e-09, 3.50540751981e-09, 1.00732144848e-09, 7.70098318448e-10, 8.28239837825e-11, 2.8968249674e-11, 1.6848968401e-11, 7.2912995086e-11, 3.03909224175e-11, 9.95415208593e-11, 1.84434221367e-11, 2.51149426776e-12, 5.30884038986e-13, 1.19104894133e-13, 8.19684540376e-15, 3.73337860667e-15], [5.45423742385e-15, 3.91442724046e-14, 2.35664569456e-13, 9.3243501028e-13, 7.67172003008e-12, 1.81881565364e-09, 1.53100483402e-08, 3.95251475993e-09, 9.9399244391e-10, 3.39619243839e-09, 2.09398609563e-09, 4.49910775302e-10, 3.8578260031e-10, 1.45555331676e-10, 8.28239837825e-11, 5.58413731921e-11, 1.124409333e-11, 4.68231443201e-12, 1.8886831335e-11, 8.44975565212e-12, 1.82906467749e-11, 4.81213810119e-12, 5.70082772221e-13, 1.02042187905e-13, 2.3669590322e-14, 1.88384087348e-15, 9.3605865111e-16], [2.49376219375e-15, 3.10963311578e-14, 2.10491604073e-13, 9.26701532351e-13, 6.21366456552e-12, 1.13844045302e-09, 9.60048218701e-09, 4.60290722204e-10, 5.234701006e-10, 1.25577404031e-09, 2.74168132641e-10, 3.41530803638e-10, 2.49154391563e-10, 5.19215295758e-11, 2.8968249674e-11, 1.124409333e-11, 2.46708261459e-11, 3.12566140505e-12, 1.35346022584e-11, 7.83575981878e-12, 5.1130575468e-12, 2.15564046648e-12, 2.21513115468e-13, 5.54168493592e-14, 1.50602271675e-14, 5.65151552655e-16, 1.83874547465e-16], [1.19755646253e-15, 2.6265761552e-14, 2.05821674266e-13, 6.17261233446e-13, 3.98403358914e-12, 8.23730306188e-10, 4.1119125882e-09, 2.42252634619e-10, 4.10370903925e-10, 1.10281894727e-09, 1.86308218852e-10, 1.2648203318e-10, 8.66259702859e-11, 4.81893761006e-11, 1.6848968401e-11, 4.68231443201e-12, 3.12566140505e-12, 3.14931219124e-12, 1.0188842825e-11, 5.97524460466e-12, 5.5143125309e-12, 1.59793608467e-12, 1.96661927737e-13, 4.39220837164e-14, 1.19207927221e-14, 5.45974144394e-16, 2.09186234504e-16], [4.30035366244e-15, 9.73978655974e-14, 6.21029052836e-13, 2.09793987738e-12, 1.17929953997e-11, 2.72377920219e-09, 1.8933947743e-08, 8.21546941587e-10, 1.43838818634e-09, 3.98717370231e-09, 5.43537659325e-10, 7.16270265322e-10, 4.18588830264e-10, 1.89505064419e-10, 7.2912995086e-11, 1.8886831335e-11, 1.35346022584e-11, 1.0188842825e-11, 8.89514017999e-11, 2.73529185413e-11, 2.46182917801e-11, 7.14151827952e-12, 7.34924328425e-13, 2.05661646025e-13, 4.53111804804e-14, 2.04925073797e-15, 8.39932799453e-16], [1.92269491005e-15, 6.17764167729e-14, 4.4582604752e-13, 1.44574987832e-12, 7.55361918847e-12, 1.66007518843e-09, 6.59922250179e-09, 2.91082269399e-10, 5.97657812129e-10, 2.18208984215e-09, 1.99372032772e-10, 2.57654009239e-10, 2.32654534527e-10, 7.65666349767e-11, 3.03909224175e-11, 8.44975565212e-12, 7.83575981878e-12, 5.97524460466e-12, 2.73529185413e-11, 1.84633541095e-11, 1.00275300216e-11, 3.72184921771e-12, 3.67780811231e-13, 8.97103233171e-14, 2.44372376474e-14, 8.23856855268e-16, 2.65482254405e-16], [4.20174801595e-15, 4.52831640187e-14, 2.5743057859e-13, 8.24022653497e-13, 6.57381310845e-12, 2.14877338145e-09, 1.51424259798e-08, 1.6214301013e-09, 1.39682498901e-09, 2.82941181595e-09, 1.37321709559e-09, 4.13797052179e-10, 4.85685824891e-10, 2.84833295838e-10, 9.95415208593e-11, 1.82906467749e-11, 5.1130575468e-12, 5.5143125309e-12, 2.46182917801e-11, 1.00275300216e-11, 3.97892621629e-11, 4.62160474821e-12, 6.7994535783e-13, 1.45003055244e-13, 3.70848947525e-14, 2.38675567449e-15, 9.40441940732e-16], [1.06364965917e-15, 1.78501182206e-14, 2.00040450784e-13, 4.86780863014e-13, 2.07944620724e-12, 9.10780006969e-10, 4.09109590649e-09, 2.55991061682e-10, 3.5860714398e-10, 1.23582721834e-09, 2.10469086603e-10, 1.32122507379e-10, 9.97960186711e-11, 4.44300082836e-11, 1.84434221367e-11, 4.81213810119e-12, 2.15564046648e-12, 1.59793608467e-12, 7.14151827952e-12, 3.72184921771e-12, 4.62160474821e-12, 2.11262648001e-12, 1.81197342287e-13, 4.35791234642e-14, 1.02638768456e-14, 5.10209236987e-16, 1.86524820912e-16], [1.6945652469e-16, 2.44246799604e-15, 1.86800427963e-14, 5.45205834689e-14, 3.27344732267e-13, 8.69782440516e-11, 7.99786292749e-10, 6.11172570886e-11, 4.92270564589e-11, 1.51173740193e-10, 7.07612024531e-11, 1.69853610343e-11, 1.72346529409e-11, 6.0624014489e-12, 2.51149426776e-12, 5.70082772221e-13, 2.21513115468e-13, 1.96661927737e-13, 7.34924328425e-13, 3.67780811231e-13, 6.7994535783e-13, 1.81197342287e-13, 3.84976101833e-14, 5.09731679812e-15, 1.16400612276e-15, 7.06040011845e-17, 2.89038048762e-17], [2.65627580113e-17, 4.62497406316e-16, 4.67654471124e-15, 1.1677843344e-14, 5.63840017427e-14, 2.13207212302e-11, 1.15901621633e-10, 6.80549019916e-12, 1.13890364153e-11, 3.18344933747e-11, 5.51755342804e-12, 3.59884344547e-12, 2.83398868609e-12, 1.60045273475e-12, 5.30884038986e-13, 1.02042187905e-13, 5.54168493592e-14, 4.39220837164e-14, 2.05661646025e-13, 8.97103233171e-14, 1.45003055244e-13, 4.35791234642e-14, 5.09731679812e-15, 1.3658297219e-15, 2.79488341235e-16, 1.48842085329e-17, 5.75993529712e-18], [6.01970557823e-18, 1.2854213342e-16, 1.2819761071e-15, 3.07146619235e-15, 1.44514781408e-14, 5.92199119603e-12, 2.68066922826e-11, 1.72036386872e-12, 2.98803690124e-12, 6.77981152122e-12, 1.3329516527e-12, 8.18891287245e-13, 4.979476575e-13, 3.5264651442e-13, 1.19104894133e-13, 2.3669590322e-14, 1.50602271675e-14, 1.19207927221e-14, 4.53111804804e-14, 2.44372376474e-14, 3.70848947525e-14, 1.02638768456e-14, 1.16400612276e-15, 2.79488341235e-16, 8.07731611118e-17, 4.10848285264e-18, 1.53763332277e-18], [5.74406676765e-19, 6.62804025689e-18, 5.10463082174e-17, 9.28108757209e-17, 6.19129997768e-16, 2.77693991933e-13, 3.19365259065e-12, 1.75744279698e-13, 2.16712457983e-13, 3.61027478529e-13, 1.54390267389e-13, 5.31799200488e-14, 4.68751488905e-14, 1.9014119367e-14, 8.19684540376e-15, 1.88384087348e-15, 5.65151552655e-16, 5.45974144394e-16, 2.04925073797e-15, 8.23856855268e-16, 2.38675567449e-15, 5.10209236987e-16, 7.06040011845e-17, 1.48842085329e-17, 4.10848285264e-18, 4.24671424557e-19, 2.37540293284e-19], [3.43233347752e-19, 3.1223332224e-18, 1.63996662809e-17, 2.14995457772e-17, 2.62420097952e-16, 1.04345622854e-13, 2.12183959639e-12, 8.66156308461e-14, 9.80157862968e-14, 1.64271685989e-13, 7.44081987865e-14, 2.60491227113e-14, 2.55196356397e-14, 6.5874497697e-15, 3.73337860667e-15, 9.3605865111e-16, 1.83874547465e-16, 2.09186234504e-16, 8.39932799453e-16, 2.65482254405e-16, 9.40441940732e-16, 1.86524820912e-16, 2.89038048762e-17, 5.75993529712e-18, 1.53763332277e-18, 2.37540293284e-19, 1.81527422063e-19]]
    },
    "mfcc": {
        "kurt": [-0.723586797714, -1.31460833549, -0.0480105876923, -1.30326509476, -0.67657327652, 0.223306417465, -0.165405750275, -0.381891489029, 1.28314638138, 2.08103227615, 1.71122646332, 1.73044395447, 0.415481328964],
        "max": [-689.944702148, 202.966369629, 41.7498817444, 41.0763587952, 15.5251617432, 6.89254760742, 19.790058136, 14.9793491364, 15.7496757507, 31.0724506378, 34.9761772156, 33.3161392212, 34.4252281189],
        "mean": [-997.806091309, 90.9847946167, -9.32003116608, -13.1160650253, -31.9840106964, -21.9256038666, -10.6770944595, -16.1404132843, -12.306219101, -6.23402309418, -3.72126889229, -4.88519763947, -2.08923053741],
        "median": [-1049.79089355, 66.8159866333, 3.95797729492, 4.84270095825, -14.8616142273, -19.6486740112, -7.45670318604, -10.9582748413, -11.2148895264, -6.30847930908, -4.96234512329, -6.63761138916, -4.51190948486],
        "min": [-1132.51794434, 7.05414962769, -105.613525391, -91.8936843872, -121.885055542, -63.3901939392, -49.7009124756, -64.6055145264, -54.09375, -42.3954238892, -31.7871456146, -40.5196800232, -31.2390708923],
        "skew": [0.81426012516, 0.517398774624, -1.00875818729, -0.542606055737, -0.848789870739, -0.634891867638, -0.733053863049, -0.730534017086, -0.54702013731, 0.174268886447, 0.871793329716, 0.935152053833, 0.847957491875],
        "var": [9684.17578125, 2313.57983398, 1013.5668335, 1062.39990234, 1197.64318848, 132.03036499, 151.961242676, 258.152832031, 70.2276306152, 59.3481521606, 78.5115737915, 93.6454467773, 107.679481506],
        "cov": [[9691.8984375, 4443.39453125, -2880.37719727, -2779.67724609, -3161.02124023, -542.309082031, -934.262634277, -1325.83349609, -231.271026611, -9.41341495514, 421.337677002, 413.306030273, 642.514282227], [4443.39453125, 2315.42480469, -1207.09558105, -1434.1953125, -1487.57531738, -322.350250244, -468.164886475, -645.331665039, -139.141113281, -18.993888855, 185.479675293, 199.419906616, 311.189117432], [-2880.37719727, -1207.09558105, 1014.37512207, 838.681945801, 892.809631348, 136.133300781, 260.359313965, 384.233795166, 55.658996582, -16.3534984589, -130.90814209, -113.892097473, -191.338623047], [-2779.67724609, -1434.1953125, 838.681945801, 1063.24707031, 1009.05273438, 170.460449219, 302.213775635, 411.996734619, 68.0238800049, -10.4702157974, -134.815582275, -130.347946167, -214.310455322], [-3161.02124023, -1487.57531738, 892.809631348, 1009.05273438, 1198.59814453, 202.605255127, 306.629699707, 458.142791748, 57.6420783997, -9.80479335785, -153.834625244, -162.40788269, -230.404083252], [-542.309082031, -322.350250244, 136.133300781, 170.460449219, 202.605255127, 132.135650635, 76.6833343506, 80.9207229614, 33.2672576904, -2.80387854576, -22.7345657349, -33.7692565918, -53.0884666443], [-934.262634277, -468.164886475, 260.359313965, 302.213775635, 306.629699707, 76.6833343506, 152.082427979, 153.30960083, 30.8173961639, 10.4220132828, -42.4015693665, -47.8637657166, -77.4565429688], [-1325.83349609, -645.331665039, 384.233795166, 411.996734619, 458.142791748, 80.9207229614, 153.30960083, 258.358703613, 55.4071426392, 2.48435282707, -58.1356277466, -80.9785919189, -97.9024963379], [-231.271026611, -139.141113281, 55.658996582, 68.0238800049, 57.6420783997, 33.2672576904, 30.8173961639, 55.4071426392, 70.2836303711, 23.271478653, -11.2754831314, -15.885594368, -33.4852485657], [-9.41341495514, -18.993888855, -16.3534984589, -10.4702157974, -9.80479335785, -2.80387854576, 10.4220132828, 2.48435282707, 23.271478653, 59.3954772949, 29.3952980042, 0.813772916794, -5.48641204834], [421.337677002, 185.479675293, -130.90814209, -134.815582275, -153.834625244, -22.7345657349, -42.4015693665, -58.1356277466, -11.2754831314, 29.3952980042, 78.574180603, 47.9825744629, 38.1569595337], [413.306030273, 199.419906616, -113.892097473, -130.347946167, -162.40788269, -33.7692565918, -47.8637657166, -80.9785919189, -15.885594368, 0.813772916794, 47.9825744629, 93.720123291, 66.6128005981], [642.514282227, 311.189117432, -191.338623047, -214.310455322, -230.404083252, -53.0884666443, -77.4565429688, -97.9024963379, -33.4852485657, -5.48641204834, 38.1569595337, 66.6128005981, 107.765350342]]
    },
    "sccoeffs": {
        "kurt": [0.707946062088, 0.0552668571472, 0.747832775116, 0.938235044479, 3.24118900299, 1.27069377899],
        "max": [-0.527695775032, -0.215608179569, -0.42807289958, -0.444661408663, -0.694572031498, -0.657656729221],
        "mean": [-0.739385545254, -0.750851869583, -0.81663864851, -0.828647613525, -0.872823178768, -0.797186374664],
        "median": [-0.746862828732, -0.845424711704, -0.864859044552, -0.875126183033, -0.883596122265, -0.809841573238],
        "min": [-0.86842250824, -0.940813660622, -0.947269201279, -0.939829945564, -0.920772731304, -0.871021866798],
        "skew": [0.769234538078, 1.14062857628, 1.28204905987, 1.2861956358, 1.66128361225, 1.36676120758],
        "var": [0.00338573637418, 0.032772526145, 0.0114005785435, 0.00852295197546, 0.00101695244666, 0.00132379808929],
        "cov": [[0.00338843651116, 0.000544343143702, 0.000357269716915, 0.00033979487489, 0.000253533857176, 0.000146146150655], [0.000544343143702, 0.0327986590564, 0.0162327867001, 0.0147404465824, 0.00373858585954, 0.00496232463047], [0.000357269716915, 0.0162327867001, 0.0114096701145, 0.00822181906551, 0.00202833698131, 0.00301309605129], [0.00033979487489, 0.0147404465824, 0.00822181906551, 0.00852974783629, 0.00205711391754, 0.00261397380382], [0.000253533857176, 0.00373858585954, 0.00202833698131, 0.00205711391754, 0.00101776339579, 0.000783129362389], [0.000146146150655, 0.00496232463047, 0.00301309605129, 0.00261397380382, 0.000783129362389, 0.00132485374343]]
    },
    "scvalleys": {
        "kurt": [0.0989866256714, -0.691518783569, -0.671513080597, -0.257789373398, 2.56805086136, 0.607075214386],
        "max": [-8.48243999481, -4.73840999603, -4.81802988052, -6.57949638367, -6.95649290085, -9.94742012024],
        "mean": [-10.5761356354, -8.71613788605, -9.07716369629, -9.98114585876, -10.380616188, -12.9740219116],
        "median": [-10.5831775665, -9.33831596375, -9.86577987671, -10.4982481003, -10.5083942413, -13.1239910126],
        "min": [-12.7214708328, -11.1273612976, -11.9793224335, -12.3183250427, -13.0733957291, -16.1898441315],
        "skew": [-0.00774588948116, 0.749457240105, 0.835788786411, 0.947439491749, 1.0936242342, 0.701263666153],
        "var": [0.365745961666, 1.98386216164, 2.50169634819, 1.38049995899, 0.345931738615, 0.50782674551],
        "cov": [[0.366037636995, 0.468346655369, 0.522877931595, 0.375410377979, 0.191344261169, 0.239411979914], [0.468346655369, 1.98544418812, 2.1129219532, 1.50670969486, 0.642651259899, 0.795637428761], [0.522877931595, 2.1129219532, 2.50369119644, 1.75148022175, 0.740199148655, 0.909461200237], [0.375410377979, 1.50670969486, 1.75148022175, 1.38160085678, 0.586627006531, 0.694208800793], [0.191344261169, 0.642651259899, 0.740199148655, 0.586627006531, 0.346207618713, 0.384777486324], [0.239411979914, 0.795637428761, 0.909461200237, 0.694208800793, 0.384777486324, 0.508231699467]]
    }
},
"rhythm": {
    "beats_loudness": {
        "kurt": 5.21362876892,
        "max": 0.0542935617268,
        "mean": 0.0058325054124,
        "median": 0.000315772951581,
        "min": 8.05215165656e-07,
        "skew": 2.52490639687,
        "var": 0.000159533097758
    },
    "bpm": 117.957275391,
    "confidence": 0.577572643757,
    "first_peak_bpm": {
        "kurt": 0,
        "max": 117,
        "mean": 117,
        "median": 117,
        "min": 117,
        "skew": 0,
        "var": 0
    },
    "first_peak_spread": {
        "kurt": 0,
        "max": 0.52941173315,
        "mean": 0.52941173315,
        "median": 0.52941173315,
        "min": 0.52941173315,
        "skew": 0,
        "var": 0
    },
    "first_peak_weight": {
        "kurt": 0,
        "max": 0.150943398476,
        "mean": 0.150943398476,
        "median": 0.150943398476,
        "min": 0.150943398476,
        "skew": 0,
        "var": 0
    },
    "onset_rate": 1.61445474625,
    "second_peak_bpm": {
        "kurt": 0,
        "max": 103,
        "mean": 103,
        "median": 103,
        "min": 103,
        "skew": 0,
        "var": 0
    },
    "second_peak_spread": {
        "kurt": 0,
        "max": 0.285714268684,
        "mean": 0.285714268684,
        "median": 0.285714268684,
        "min": 0.285714268684,
        "skew": 0,
        "var": 0
    },
    "second_peak_weight": {
        "kurt": 0,
        "max": 0.0943396240473,
        "mean": 0.0943396240473,
        "median": 0.0943396240473,
        "min": 0.0943396240473,
        "skew": 0,
        "var": 0
    },
    "beats_loudness_band_ratio": {
        "kurt": [2.00511837006, -0.0839440822601, -1.58668506145, 2.66034936905, -1.01750051975, 1.56434822083],
        "max": [0.365512400866, 0.733597755432, 0.971598684788, 0.671634495258, 0.1837503016, 0.387114971876],
        "mean": [0.0640816241503, 0.213094487786, 0.538311898708, 0.159437820315, 0.0557588376105, 0.0662716254592],
        "median": [0.00287079205737, 0.177524477243, 0.545909404755, 0.101362764835, 0.0149995554239, 0.00372402649373],
        "min": [9.55160066951e-06, 0.0039907428436, 0.0582432970405, 0.00456506758928, 4.96729990118e-05, 4.42358395958e-05],
        "skew": [1.60829675198, 0.846674144268, -0.108442924917, 1.82539832592, 0.745642185211, 1.56382417679],
        "var": [0.00875520519912, 0.0343189276755, 0.10031028837, 0.02404454723, 0.00377759546973, 0.00946856569499],
        "cov": [[0.00892039760947, 0.00922499317676, -0.0223551299423, -0.00448599411175, 0.00361042446457, 0.00442814221606], [0.00922499317676, 0.0349664539099, -0.0340484902263, -0.0113537861034, 0.00378909031861, 0.0040896483697], [-0.0223551299423, -0.0340484902263, 0.102202937007, -0.0018863028381, -0.016384376213, -0.0224439017475], [-0.00448599411175, -0.0113537861034, -0.0018863028381, 0.0244982168078, -0.00123263034038, -0.00346826692112], [0.00361042446457, 0.00378909031861, -0.016384376213, -0.00123263034038, 0.00384887098335, 0.0051040975377], [0.00442814221606, 0.0040896483697, -0.0224439017475, -0.00346826692112, 0.0051040975377, 0.00964721757919]]
    },
    "beats_position": [0.53405892849, 1.11455774307, 1.68344664574, 2.22911548615, 2.80961441994, 3.35528349876, 3.90095233917, 4.43501138687, 4.94585037231, 5.4334692955, 5.93269824982, 6.46675729752, 6.97759628296, 7.52326536179, 8.11537361145, 8.64943313599, 9.17188167572, 9.70594120026, 10.2632198334, 10.9830379486, 11.6912469864, 12.3646259308, 13.0380039215, 13.6765527725, 14.2570514679, 14.8375511169, 15.3716096878, 15.8824491501, 16.4048976898, 16.8809070587, 17.3801364899, 17.9258041382, 18.483083725, 19.0635814667, 19.5279808044, 19.9807701111, 20.3987293243, 20.851518631, 21.3275279999, 21.8383674622, 22.3143768311, 22.7671642303, 23.2663936615, 23.7772331238, 24.2880725861, 24.7989120483, 25.3213596344, 25.8205890656, 26.3314285278, 26.8190479279, 27.3182754517, 27.7710647583, 28.2586841583, 28.7579135895],
    "bpm_estimates": [117.453842163, 120.185333252, 117.453842163, 114.843849182, 117.453727722, 114.843849182, 120.185218811, 117.453727722, 120.185218811, 117.453727722, 117.453727722, 117.453727722, 114.844055176, 120.185218811, 117.453727722, 120.185684204, 120.185218811],
    "bpm_intervals": [0.580498814583, 0.568888902664, 0.545668840408, 0.580498933792, 0.545669078827, 0.545668840408, 0.534059047699, 0.510838985443, 0.487618923187, 0.499228954315, 0.534059047699, 0.510838985443, 0.545669078827, 0.592108249664, 0.534059524536, 0.522448539734, 0.534059524536, 0.557278633118, 0.719818115234, 0.708209037781, 0.673378944397, 0.673377990723, 0.638548851013, 0.580498695374, 0.580499649048, 0.534058570862, 0.51083946228, 0.522448539734, 0.476009368896, 0.499229431152, 0.545667648315, 0.557279586792, 0.580497741699, 0.464399337769, 0.452789306641, 0.417959213257, 0.452789306641, 0.476009368896, 0.51083946228, 0.476009368896, 0.452787399292, 0.499229431152, 0.51083946228, 0.51083946228, 0.51083946228, 0.52244758606, 0.499229431152, 0.51083946228, 0.487619400024, 0.499227523804, 0.452789306641, 0.487619400024, 0.499229431152],
    "onset_times": [0.452789127827, 1.24226760864, 3.33206343651, 4.48145103455, 4.74848079681, 4.95746040344, 5.67727899551, 5.78176879883, 5.87464857101, 6.04879808426, 6.94276666641, 7.47682523727, 7.91800451279, 8.40562343597, 8.62621307373, 9.17188167572, 9.75238132477, 9.93814086914, 10.2167797089, 10.8553285599, 11.2500677109, 11.6680269241, 11.9466667175, 12.3646259308, 12.6780948639, 12.782585144, 13.0147848129, 13.2585945129, 13.6881628036, 14.0016326904, 14.5356912613, 15.2903404236, 15.7779588699, 16.4165077209, 16.7648067474, 17.0898857117, 17.3569164276, 20.062040329, 20.8399085999, 21.8615875244, 22.7323360443, 25.3445796967, 25.8321990967, 26.830657959, 27.6781864166, 28.7927436829, 29.0365524292],
    "histogram": [[0, 0, 0, 0, 0, 0, 0, 0, 0, 0, 0, 0, 0, 0, 0, 0, 0, 0, 0, 0, 0, 0, 0, 0, 0, 0, 0, 0, 0, 0, 0, 0, 0, 0, 0, 0, 0, 0, 0, 0, 0, 0, 0, 0, 0, 0, 0, 0, 0, 0, 0, 0, 0, 0, 0, 0, 0, 0, 0, 0, 0, 0, 0, 0, 0, 0, 0, 0, 0, 0, 0, 0, 0, 0, 0, 0, 0, 0, 0, 0, 0, 0, 0, 0.0188679248095, 0, 0.0188679248095, 0, 0, 0, 0.0377358496189, 0, 0, 0, 0, 0.0188679248095, 0, 0, 0, 0, 0, 0, 0.0188679248095, 0, 0.0943396240473, 0, 0.0188679248095, 0, 0, 0.0377358496189, 0, 0.0943396240473, 0, 0.0943396240473, 0, 0, 0.0566037744284, 0, 0.150943398476, 0, 0, 0.113207548857, 0, 0, 0.0566037744284, 0, 0, 0.0566037744284, 0, 0, 0.0188679248095, 0, 0, 0, 0.0754716992378, 0, 0, 0, 0, 0, 0, 0, 0, 0, 0, 0.0188679248095, 0, 0, 0, 0, 0, 0, 0, 0, 0, 0, 0, 0, 0, 0, 0, 0, 0, 0, 0, 0, 0, 0, 0, 0, 0, 0, 0, 0, 0, 0, 0, 0, 0, 0, 0, 0, 0, 0, 0, 0, 0, 0, 0, 0, 0, 0, 0, 0, 0, 0, 0, 0, 0, 0, 0, 0, 0, 0, 0, 0, 0, 0, 0, 0, 0, 0, 0, 0, 0, 0, 0, 0, 0, 0, 0, 0, 0, 0, 0, 0, 0, 0, 0, 0, 0, 0, 0, 0, 0, 0, 0, 0, 0, 0, 0, 0, 0, 0, 0, 0, 0, 0, 0, 0, 0]]
},
"sfx": {
    "inharmonicity": {
        "kurt": 1.65742254257,
        "max": 0.464119434357,
        "mean": 0.0626777783036,
        "median": 0.0172016564757,
        "min": 0,
        "skew": 1.46580982208,
        "var": 0.00693849148229
    },
    "oddtoevenharmonicenergyratio": {
        "kurt": 619.97277832,
        "max": 777.719421387,
        "mean": 2.49254631996,
        "median": 0.22273671627,
        "min": 0,
        "skew": 24.033864975,
        "var": 751.176513672
    },
    "pitch_after_max_to_before_max_energy_ratio": 1.39962351322,
    "pitch_centroid": 613.144470215,
    "pitch_max_to_total": 0.254183262587,
    "pitch_min_to_total": 0.200796812773,
    "tristimulus": {
        "kurt": [-1.38669490814, 0.416095495224, -1.21936094761],
        "max": [1, 0.931558728218, 1],
        "mean": [0.491806805134, 0.279161602259, 0.229031771421],
        "median": [0.433334499598, 0.257330834866, 0.107984893024],
        "min": [0, 0, 0],
        "skew": [0.236321777105, 0.736923635006, 0.568955659866],
        "var": [0.117964617908, 0.0454865172505, 0.0568984076381],
        "cov": [[0.118058688939, -0.0533189177513, -0.0647399798036], [-0.0533189177513, 0.0455227904022, 0.00779600674286], [-0.0647399798036, 0.00779600674286, 0.0569437816739]]
    }
},
"tonal": {
    "chords_changes_rate": 0.130573242903,
