{
"metadata": {
    "version": {
        "essentia": "2.1-beta3"
    }
},
"lowLevel": {
    "average_loudness": 0.934635281563,
    "barkbands_kurtosis": {
        "kurt": 18.5343170166,
        "max": 23.9153385162,
        "mean": 0.955262839794,
        "median": 0.0965478420258,
        "min": -1.60512387753,
        "skew": 3.65616345406,
        "var": 9.92695617676
    },
    "barkbands_skewness": {
        "kurt": 1.10658931732,
        "max": 4.74637985229,
        "mean": 0.545336723328,
        "median": 0.652082979679,
        "min": -2.74217152596,
        "skew": -0.13135766983,
        "var": 1.27647447586
    },
    "barkbands_spread": {
        "kurt": -1.0651756525,
        "max": 51.0357017517,
        "mean": 24.8726997375,
        "median": 29.4413719177,
        "min": 2.66347789764,
        "skew": -0.372922301292,
        "var": 160.53793335
    },
    "dissonance": {
        "kurt": 141.291015625,
        "max": 0.499770134687,
        "mean": 0.48327460885,
        "median": 0.488037526608,
        "min": 0,
        "skew": -11.3051576614,
        "var": 0.00140860304236
    },
    "hfc": {
        "kurt": 27.3604793549,
        "max": 382.576324463,
        "mean": 11.7842502594,
        "median": 5.30701654498e-05,
        "min": 1.14173092973e-16,
        "skew": 5.3193116188,
        "var": 3481.79541016
    },
    "pitch": {
        "kurt": 4.59607744217,
        "max": 4097.57617188,
        "mean": 733.241577148,
        "median": 267.975341797,
        "min": 70.4524002075,
        "skew": 2.1585214138,
        "var": 773707.625
    },
    "pitch_instantaneous_confidence": {
        "kurt": 0.825571775436,
        "max": 0.691355407238,
        "mean": 0.314121454954,
        "median": 0.277759671211,
        "min": 0.0617600679398,
        "skew": 1.11212933064,
        "var": 0.0166854374111
    },
    "pitch_salience": {
        "kurt": 1.27844381332,
        "max": 0.880575120449,
        "mean": 0.67480391264,
        "median": 0.686914801598,
        "min": 0.302949160337,
        "skew": -0.983269929886,
        "var": 0.0116528170183
    },
    "silence_rate_20dB": {
        "kurt": 0,
        "max": 1,
        "mean": 1,
        "median": 1,
        "min": 1,
        "skew": 0,
        "var": 0
    },
    "silence_rate_30dB": {
        "kurt": 26.8655223846,
        "max": 1,
        "mean": 0.96858638525,
        "median": 1,
        "min": 0,
        "skew": -5.37265729904,
        "var": 0.0304269120097
    },
    "silence_rate_60dB": {
        "kurt": 10.9836740494,
        "max": 1,
        "mean": 0.9371727705,
        "median": 1,
        "min": 0,
        "skew": -3.60329270363,
        "var": 0.0588799715042
    },
    "spectral_centroid": {
        "kurt": 31.1295547485,
        "max": 11449.2558594,
        "mean": 1298.16003418,
        "median": 993.884033203,
        "min": 156.987747192,
        "skew": 5.371530056,
        "var": 2342558.25
    },
    "spectral_complexity": {
        "kurt": 20.3297309875,
        "max": 56,
        "mean": 2.251308918,
        "median": 0,
        "min": 0,
        "skew": 4.55216264725,
        "var": 86.4394454956
    },
    "spectral_crest": {
        "kurt": 1.18774986267,
        "max": 19.250169754,
        "mean": 8.03936386108,
        "median": 7.38409757614,
        "min": 3.21414923668,
        "skew": 1.12357449532,
        "var": 9.83823680878
    },
    "spectral_decrease": {
        "kurt": 26.4399662018,
        "max": 1.04442229956e-28,
        "mean": -1.85743076475e-09,
        "median": -1.76439656478e-14,
        "min": -5.86147130832e-08,
        "skew": -5.2237906456,
        "var": 8.31782913132e-17
    },
    "spectral_energy": {
        "kurt": 26.4230575562,
        "max": 0.250857591629,
        "mean": 0.00807923916727,
        "median": 7.35990752787e-08,
        "min": 1.04392891335e-20,
        "skew": 5.22730541229,
        "var": 0.00158006185666
    },
    "spectral_energyband_high": {
        "kurt": 55.8593254089,
        "max": 0.00701366970316,
        "mean": 0.000119137141155,
        "median": 1.02987629536e-09,
        "min": 7.31941185555e-21,
        "skew": 7.264731884,
        "var": 5.49139883788e-07
    },
    "spectral_energyband_low": {
        "kurt": 42.555393219,
        "max": 2.88428964268e-05,
        "mean": 6.30496515441e-07,
        "median": 2.03728749426e-08,
        "min": 1.97740213238e-23,
        "skew": 6.36858558655,
        "var": 1.06831713614e-11
    },
    "spectral_energyband_middle_high": {
        "kurt": 26.3162841797,
        "max": 0.244515836239,
        "mean": 0.00784398335963,
        "median": 1.60543862648e-08,
        "min": 1.46919555252e-21,
        "skew": 5.21868038177,
        "var": 0.00149002065882
    },
    "spectral_energyband_middle_low": {
        "kurt": 28.7032833099,
        "max": 0.00482804188505,
        "mean": 0.000142483506352,
        "median": 1.96843963352e-08,
        "min": 2.15813739173e-22,
        "skew": 5.31007289886,
        "var": 4.42249870503e-07
    },
    "spectral_flatness_db": {
        "kurt": 0.252022504807,
        "max": 0.322317272425,
        "mean": 0.146278768778,
        "median": 0.118280731142,
        "min": 0.0691776648164,
        "skew": 1.24137711525,
        "var": 0.00466312514618
    },
    "spectral_flux": {
        "kurt": 14.1114673615,
        "max": 0.383899003267,
        "mean": 0.0190163329244,
        "median": 0.000171201099874,
        "min": 6.60221738391e-11,
        "skew": 3.93912005424,
        "var": 0.00504678674042
    },
    "spectral_kurtosis": {
        "kurt": 3.98152399063,
        "max": 62.0867004395,
        "mean": 12.1478738785,
        "median": 7.15597438812,
        "min": -1.2487142086,
        "skew": 2.17378783226,
        "var": 167.608428955
    },
    "spectral_rms": {
        "kurt": 20.4229297638,
        "max": 0.0156441405416,
        "mean": 0.000664363382384,
        "median": 8.47372211865e-06,
        "min": 3.19134324002e-12,
        "skew": 4.62260293961,
        "var": 7.4408085311e-06
    },
    "spectral_rolloff": {
        "kurt": 33.2928543091,
        "max": 19078.4179688,
        "mean": 2328.85546875,
        "median": 1959.52148438,
        "min": 107.666015625,
        "skew": 5.58788156509,
        "var": 6518631
    },
    "spectral_skewness": {
        "kurt": 1.32492542267,
        "max": 5.80607557297,
        "mean": 2.56216883659,
        "median": 2.25032329559,
        "min": -0.0171281192452,
        "skew": 1.05765807629,
        "var": 1.12917888165
    },
    "spectral_spread": {
        "kurt": 28.855670929,
        "max": 41834944,
        "mean": 6082924,
        "median": 6135881,
        "min": 966482.625,
        "skew": 5.03327655792,
        "var": 3.1212961792e+13
    },
    "spectral_strongpeak": {
        "kurt": 40.6547737122,
        "max": 8.25048065186,
        "mean": 0.198221668601,
        "median": 0.000428702129284,
        "min": 0,
        "skew": 6.11929798126,
        "var": 0.850206315517
    },
    "zerocrossingrate": {
        "kurt": 35.0160675049,
        "max": 0.5126953125,
        "mean": 0.0739733278751,
        "median": 0.06396484375,
        "min": 0.0087890625,
        "skew": 5.81641435623,
        "var": 0.00435019470751
    },
    "barkbands": {
        "kurt": [71.4307861328, 57.8325462341, 72.9304962158, 67.8621520996, 28.9752254486, 77.9510726929, 84.4663848877, 60.430557251, 58.3356781006, 55.2046318054, 73.1017150879, 30.0799674988, 30.9450263977, 24.1698551178, 53.3194732666, 51.3343315125, 61.9685287476, 101.667045593, 39.2910995483, 66.485206604, 68.3004150391, 56.4986228943, 35.6457061768, 23.7726650238, 69.5953063965, 29.7461700439, 30.6866073608],
        "max": [2.5670047421e-07, 1.00401148302e-05, 1.64450248121e-05, 4.31496519013e-05, 0.000129421925521, 0.000585001078434, 0.00149792945012, 0.000588389928453, 0.00265224184841, 0.0244759190828, 0.144598066807, 0.0878798812628, 0.0354948341846, 0.00745843909681, 0.0131302261725, 0.0272081270814, 0.0292559023947, 0.00897713098675, 0.0118813337758, 0.00756604783237, 0.00424065673724, 0.000393215828808, 9.20281963772e-05, 2.52878508036e-05, 4.91807331855e-05, 4.12606453892e-07, 1.36804940709e-08],
        "mean": [5.66745717023e-09, 1.88091391351e-07, 2.58765652461e-07, 6.73819670283e-07, 3.96874020225e-06, 9.754848179e-06, 2.10435282497e-05, 1.04241898953e-05, 5.10992649652e-05, 0.000464903947432, 0.00221628672443, 0.00232598744333, 0.00094501505373, 0.000234981169342, 0.000250430428423, 0.000531179190148, 0.000466618745122, 0.000104670623841, 0.000256302300841, 0.000111948298581, 6.23369196546e-05, 7.19342506272e-06, 2.28795556723e-06, 8.68432096013e-07, 8.00960719971e-07, 1.1376931397e-08, 3.66260632934e-10],
        "median": [1.05879960355e-09, 1.22181802453e-08, 3.0067199841e-09, 2.80311351908e-09, 7.45963113502e-09, 2.39913688915e-09, 1.74782854856e-09, 8.05359778866e-10, 9.94486826222e-10, 1.32582100854e-09, 9.85879045068e-10, 1.30009325527e-09, 5.10730435721e-09, 7.50502437974e-10, 6.53582077348e-10, 7.35335292656e-10, 1.79658377064e-09, 1.82859316578e-09, 1.80752846024e-09, 9.02756203125e-10, 3.70978608943e-10, 1.32426666855e-10, 3.43979567052e-11, 2.09187823313e-11, 2.3393747009e-11, 3.21166357398e-12, 1.86102882779e-13],
        "min": [5.32791786635e-26, 5.74778570585e-24, 3.1772982234e-24, 3.04460886092e-24, 2.37445744076e-23, 2.99367349277e-23, 2.27597825417e-23, 2.59125787453e-23, 5.3838879568e-23, 3.57879213656e-23, 4.80483028912e-23, 8.8775023638e-23, 2.56557382564e-23, 8.34211572029e-23, 1.01938922268e-22, 1.68642608588e-22, 1.57507136402e-22, 2.02512711274e-22, 1.57218577394e-22, 2.49903460735e-22, 3.22559115206e-22, 4.31696797131e-22, 6.0437913086e-22, 6.47330877966e-22, 9.76821341604e-22, 1.5593910559e-21, 2.13069427137e-21],
        "skew": [7.97004556656, 7.50009012222, 8.06705665588, 7.84640836716, 5.34143161774, 8.10299873352, 8.72593212128, 7.37032222748, 7.24483013153, 7.0480761528, 8.09130191803, 5.51249027252, 5.57999372482, 4.99571418762, 7.03956604004, 7.09404802322, 7.5847196579, 9.64388179779, 6.32356834412, 7.87337112427, 7.85646343231, 7.33575248718, 5.94919204712, 5.00817489624, 7.96921157837, 5.47768354416, 5.50075531006],
        "var": [5.64618821871e-16, 1.17518473251e-12, 2.31357229381e-12, 1.68123587968e-11, 3.23694321347e-10, 2.73219380453e-09, 1.7724072876e-08, 3.33729199831e-09, 7.28735471967e-08, 6.28474208497e-06, 0.000181023322511, 0.000144127596286, 2.34633480432e-05, 1.21445532386e-06, 1.994583954e-06, 1.05487242763e-05, 8.53363053466e-06, 5.75699687033e-07, 2.44533771365e-06, 5.42570433026e-07, 1.61415215416e-07, 1.9454828859e-09, 1.49434908892e-10, 1.75639485595e-11, 2.24457050169e-11, 3.33609093177e-15, 3.20343125043e-18],
        "cov": [[5.67590478148e-16, 1.82638396052e-14, 1.41509042643e-14, 4.06469766157e-14, 1.69375201798e-13, 2.83034934465e-13, 1.33912499145e-12, 5.13205309412e-13, 1.30494866215e-12, 1.07802161295e-11, 9.76740840986e-11, 1.04378859722e-10, 4.03212810363e-11, 8.79339743382e-12, 9.13605215785e-12, 2.12981802333e-11, 2.49363966975e-11, 3.20768021519e-12, 1.30388365036e-11, 5.50837023564e-12, 3.07652948256e-12, 3.48057032414e-13, 9.24220145944e-14, 3.59811566121e-14, 2.66164670734e-14, 5.14145293214e-16, 1.24007484634e-17], [1.82638396052e-14, 1.18136988907e-12, 1.27335446874e-12, 2.4567375044e-12, 9.56307342342e-12, 1.58788607263e-11, 7.77713796141e-11, 3.03031176541e-11, 8.56197820975e-11, 6.99311442087e-10, 6.81319223261e-09, 8.36737967802e-09, 2.81522449797e-09, 7.17421011487e-10, 4.17257756125e-10, 1.03058894751e-09, 2.32675589906e-09, 3.05081598873e-10, 1.20612986265e-09, 4.43311082288e-10, 2.43460862581e-10, 2.38473997494e-11, 8.05180661728e-12, 2.67580814277e-12, 2.56152022336e-12, 3.52268805489e-14, 1.25030438053e-15], [1.41509042643e-14, 1.27335446874e-12, 2.32574896841e-12, 3.50894291921e-12, 1.57828923542e-11, 3.37108084503e-11, 1.03923099293e-10, 6.93961901832e-11, 2.51441312216e-10, 1.49271128791e-09, 1.44505785116e-08, 1.44125467116e-08, 4.57673543508e-09, 1.25567556353e-09, 1.23987775602e-09, 2.43713826897e-09, 4.02914102082e-09, 7.82670317445e-10, 2.02958627682e-09, 8.04475874805e-10, 3.91849247494e-10, 5.0137151375e-11, 1.51349852789e-11, 4.94267040491e-12, 4.29449314651e-12, 6.30700393712e-14, 1.85774040025e-15], [4.06469766157e-14, 2.4567375044e-12, 3.50894291921e-12, 1.69008453066e-11, 6.1131814888e-11, 1.12053172296e-10, 5.42868472397e-10, 1.78179554444e-10, 6.75162925567e-10, 4.09307565619e-09, 4.38235474576e-08, 4.30072937263e-08, 1.62750062316e-08, 3.38242300835e-09, 3.12173376038e-09, 7.33197769165e-09, 8.57111981389e-09, 1.83975357171e-09, 5.60916779691e-09, 2.33743380207e-09, 1.43955858345e-09, 1.39182276815e-10, 4.21914794768e-11, 1.40395854664e-11, 8.8687199945e-12, 1.90807900079e-13, 5.11192261074e-15], [1.69375201798e-13, 9.56307342342e-12, 1.57828923542e-11, 6.1131814888e-11, 3.25397986334e-10, 5.4881882372e-10, 1.98847249777e-09, 8.10178757416e-10, 3.25346216634e-09, 2.44633255875e-08, 1.62734565379e-07, 1.68217013652e-07, 6.40072386204e-08, 1.422315421e-08, 1.61739563964e-08, 3.4039214114e-08, 3.52408520143e-08, 6.73745459423e-09, 2.04460413045e-08, 9.48219813779e-09, 5.40097966351e-09, 5.86903525779e-10, 1.63389607399e-10, 5.65274459186e-11, 3.95181144752e-11, 7.58018864691e-13, 2.23491540487e-14], [2.83034934465e-13, 1.58788607263e-11, 3.37108084503e-11, 1.12053172296e-10, 5.4881882372e-10, 2.74657385724e-09, 3.10430103845e-09, 1.73861414154e-09, 9.29063581623e-09, 4.19577830257e-08, 3.44788020357e-07, 4.03970204843e-07, 2.04577261798e-07, 4.37417035926e-08, 3.20123874076e-08, 6.70660966762e-08, 6.39358290755e-08, 1.97285920933e-08, 3.97799340135e-08, 1.99976657456e-08, 1.04644364285e-08, 1.23794086093e-09, 4.13814593703e-10, 1.73000627712e-10, 7.56435400429e-11, 2.46211558086e-12, 6.59688097334e-14], [1.33912499145e-12, 7.77713796141e-11, 1.03923099293e-10, 5.42868472397e-10, 1.98847249777e-09, 3.10430103845e-09, 1.78173582555e-08, 5.42799583059e-09, 1.88407245361e-08, 1.40138297411e-07, 1.33429273319e-06, 1.30942532905e-06, 4.93239383559e-07, 1.01752796411e-07, 1.00156427152e-07, 2.28117897905e-07, 2.69668475994e-07, 5.0143764696e-08, 1.72979611079e-07, 7.02302926925e-08, 4.38814815595e-08, 4.18007939373e-09, 1.25280152918e-09, 4.2409087353e-10, 2.78802730902e-10, 5.81672947655e-12, 1.54029512669e-13], [5.13205309412e-13, 3.03031176541e-11, 6.93961901832e-11, 1.78179554444e-10, 8.10178757416e-10, 1.73861414154e-09, 5.42799583059e-09, 3.35485661473e-09, 1.14788738514e-08, 6.37189216945e-08, 5.55291023829e-07, 6.09511175753e-07, 2.2310096881e-07, 5.00231820411e-08, 6.64883188506e-08, 1.48781396092e-07, 1.42022997807e-07, 2.85859851346e-08, 7.12646013312e-08, 3.82689080425e-08, 1.89882918278e-08, 2.46975284668e-09, 5.87831561205e-10, 2.06836964223e-10, 1.50764123408e-10, 2.72238893755e-12, 6.53292998583e-14], [1.30494866215e-12, 8.56197820975e-11, 2.51441312216e-10, 6.75162925567e-10, 3.25346216634e-09, 9.29063581623e-09, 1.88407245361e-08, 1.14788738514e-08, 7.325709106e-08, 3.42459060221e-07, 3.01983027384e-06, 2.39025757764e-06, 8.64234777964e-07, 2.08317061379e-07, 2.41059268546e-07, 4.6760661121e-07, 3.73705944412e-07, 1.86298620974e-07, 2.9521390843e-07, 1.34057657419e-07, 7.77935795782e-08, 8.77327366311e-09, 2.85852830295e-09, 8.36270497295e-10, 4.74163430741e-10, 1.00933515018e-11, 2.87074915705e-13], [1.07802161295e-11, 6.99311442087e-10, 1.49271128791e-09, 4.09307565619e-09, 2.44633255875e-08, 4.19577830257e-08, 1.40138297411e-07, 6.37189216945e-08, 3.42459060221e-07, 6.31781949778e-06, 1.45795547724e-05, 1.55440357048e-05, 6.2405524659e-06, 1.75027582827e-06, 2.79449432128e-06, 5.59349336982e-06, 3.22193955071e-06, 5.40238261237e-07, 1.46600700646e-06, 6.30952513347e-07, 3.63266309478e-07, 4.4751757855e-08, 1.40166731555e-08, 5.82791326309e-09, 7.74531283554e-09, 6.94008045476e-11, 2.36519180977e-12], [9.76740840986e-11, 6.81319223261e-09, 1.44505785116e-08, 4.38235474576e-08, 1.62734565379e-07, 3.44788020357e-07, 1.33429273319e-06, 5.55291023829e-07, 3.01983027384e-06, 1.45795547724e-05, 0.000181976080057, 0.00012725108536, 4.07003717555e-05, 1.04977934825e-05, 9.83787504083e-06, 1.90531773114e-05, 2.47640164162e-05, 9.28961617319e-06, 1.86151319213e-05, 5.90219633523e-06, 3.79682728635e-06, 3.96419835624e-07, 1.48759454532e-07, 4.37499636519e-08, 3.02917300132e-08, 5.54229606653e-10, 1.42116362081e-11], [1.04378859722e-10, 8.36737967802e-09, 1.44125467116e-08, 4.30072937263e-08, 1.68217013652e-07, 4.03970204843e-07, 1.30942532905e-06, 6.09511175753e-07, 2.39025757764e-06, 1.55440357048e-05, 0.00012725108536, 0.000144886158523, 5.46131122974e-05, 1.25384476632e-05, 1.13012893053e-05, 2.92713157251e-05, 3.10672039632e-05, 6.39735389996e-06, 1.72940672201e-05, 8.01180340204e-06, 4.44220358986e-06, 4.82055270368e-07, 1.39832735613e-07, 4.84307420834e-08, 4.06988718282e-08, 6.3489685731e-10, 1.89293389991e-11], [4.03212810363e-11, 2.81522449797e-09, 4.57673543508e-09, 1.62750062316e-08, 6.40072386204e-08, 2.04577261798e-07, 4.93239383559e-07, 2.2310096881e-07, 8.64234777964e-07, 6.2405524659e-06, 4.07003717555e-05, 5.46131122974e-05, 2.35868392338e-05, 5.08236735186e-06, 4.42503005615e-06, 1.1571433788e-05, 1.08413260023e-05, 1.97266103896e-06, 5.79051584282e-06, 2.99277439808e-06, 1.62646892932e-06, 1.77434529292e-07, 5.00386256874e-08, 1.94971949696e-08, 1.45426719556e-08, 2.66498240142e-10, 7.75447848295e-12], [8.79339743382e-12, 7.17421011487e-10, 1.25567556353e-09, 3.38242300835e-09, 1.422315421e-08, 4.37417035926e-08, 1.01752796411e-07, 5.00231820411e-08, 2.08317061379e-07, 1.75027582827e-06, 1.04977934825e-05, 1.25384476632e-05, 5.08236735186e-06, 1.22084713894e-06, 1.03429090359e-06, 2.65761650553e-06, 2.6777624953e-06, 5.11153928073e-07, 1.39109567954e-06, 6.19651018496e-07, 3.36075601126e-07, 3.80653375487e-08, 1.18266152427e-08, 4.54407800277e-09, 4.13295797586e-09, 6.07734071401e-11, 1.85301838977e-12], [9.13605215785e-12, 4.17257756125e-10, 1.23987775602e-09, 3.12173376038e-09, 1.61739563964e-08, 3.20123874076e-08, 1.00156427152e-07, 6.64883188506e-08, 2.41059268546e-07, 2.79449432128e-06, 9.83787504083e-06, 1.13012893053e-05, 4.42503005615e-06, 1.03429090359e-06, 2.0050817966e-06, 3.94273411075e-06, 2.59631565314e-06, 4.64264076072e-07, 1.13235796562e-06, 7.00424209299e-07, 3.33241047201e-07, 4.77146180344e-08, 1.03227728587e-08, 4.04831945744e-09, 3.54182461137e-09, 5.03998301427e-11, 1.14369657408e-12], [2.12981802333e-11, 1.03058894751e-09, 2.43713826897e-09, 7.33197769165e-09, 3.4039214114e-08, 6.70660966762e-08, 2.28117897905e-07, 1.48781396092e-07, 4.6760661121e-07, 5.59349336982e-06, 1.90531773114e-05, 2.92713157251e-05, 1.1571433788e-05, 2.65761650553e-06, 3.94273411075e-06, 1.06042434709e-05, 6.32403316558e-06, 8.76804222116e-07, 2.4946468784e-06, 1.75539707925e-06, 8.68228596573e-07, 1.15277437374e-07, 2.33121486559e-08, 9.68406066448e-09, 1.17147642698e-08, 1.22635596123e-10, 3.33573424958e-12], [2.49363966975e-11, 2.32675589906e-09, 4.02914102082e-09, 8.57111981389e-09, 3.52408520143e-08, 6.39358290755e-08, 2.69668475994e-07, 1.42022997807e-07, 3.73705944412e-07, 3.22193955071e-06, 2.47640164162e-05, 3.10672039632e-05, 1.08413260023e-05, 2.6777624953e-06, 2.59631565314e-06, 6.32403316558e-06, 8.57854502101e-06, 1.09668155801e-06, 3.9552992348e-06, 1.7522086182e-06, 8.70875680903e-07, 1.06167789227e-07, 2.82855392442e-08, 1.03608179813e-08, 1.0166538722e-08, 1.38288908103e-10, 4.0561672944e-12], [3.20768021519e-12, 3.05081598873e-10, 7.82670317445e-10, 1.83975357171e-09, 6.73745459423e-09, 1.97285920933e-08, 5.0143764696e-08, 2.85859851346e-08, 1.86298620974e-07, 5.40238261237e-07, 9.28961617319e-06, 6.39735389996e-06, 1.97266103896e-06, 5.11153928073e-07, 4.64264076072e-07, 8.76804222116e-07, 1.09668155801e-06, 5.78729668632e-07, 9.36692288178e-07, 3.40221987472e-07, 2.09241036941e-07, 2.20445723897e-08, 8.16239520418e-09, 2.13478057454e-09, 1.1943794842e-09, 2.50193320922e-11, 6.83641511456e-13], [1.30388365036e-11, 1.20612986265e-09, 2.02958627682e-09, 5.60916779691e-09, 2.04460413045e-08, 3.97799340135e-08, 1.72979611079e-07, 7.12646013312e-08, 2.9521390843e-07, 1.46600700646e-06, 1.86151319213e-05, 1.72940672201e-05, 5.79051584282e-06, 1.39109567954e-06, 1.13235796562e-06, 2.4946468784e-06, 3.9552992348e-06, 9.36692288178e-07, 2.45820797318e-06, 9.32468026349e-07, 5.44027841443e-07, 5.5370396268e-08, 1.82862311959e-08, 5.61553692435e-09, 4.17526324625e-09, 7.23673551639e-11, 2.13867877401e-12], [5.50837023564e-12, 4.43311082288e-10, 8.04475874805e-10, 2.33743380207e-09, 9.48219813779e-09, 1.99976657456e-08, 7.02302926925e-08, 3.82689080425e-08, 1.34057657419e-07, 6.30952513347e-07, 5.90219633523e-06, 8.01180340204e-06, 2.99277439808e-06, 6.19651018496e-07, 7.00424209299e-07, 1.75539707925e-06, 1.7522086182e-06, 3.40221987472e-07, 9.32468026349e-07, 5.4542607586e-07, 2.84032495301e-07, 3.18450510406e-08, 7.6174151431e-09, 2.47846165813e-09, 1.71599989773e-09, 3.16290743596e-11, 9.29158768155e-13], [3.07652948256e-12, 2.43460862581e-10, 3.91849247494e-10, 1.43955858345e-09, 5.40097966351e-09, 1.04644364285e-08, 4.38814815595e-08, 1.89882918278e-08, 7.77935795782e-08, 3.63266309478e-07, 3.79682728635e-06, 4.44220358986e-06, 1.62646892932e-06, 3.36075601126e-07, 3.33241047201e-07, 8.68228596573e-07, 8.70875680903e-07, 2.09241036941e-07, 5.44027841443e-07, 2.84032495301e-07, 1.62264768733e-07, 1.63031828038e-08, 4.39789671347e-09, 1.33863553575e-09, 9.1736390706e-10, 1.68074634072e-11, 5.18749973533e-13], [3.48057032414e-13, 2.38473997494e-11, 5.0137151375e-11, 1.39182276815e-10, 5.86903525779e-10, 1.23794086093e-09, 4.18007939373e-09, 2.46975284668e-09, 8.77327366311e-09, 4.4751757855e-08, 3.96419835624e-07, 4.82055270368e-07, 1.77434529292e-07, 3.80653375487e-08, 4.77146180344e-08, 1.15277437374e-07, 1.06167789227e-07, 2.20445723897e-08, 5.5370396268e-08, 3.18450510406e-08, 1.63031828038e-08, 1.95572225081e-09, 4.62228061382e-10, 1.54282100984e-10, 1.11931693081e-10, 1.98059862781e-12, 5.29347548325e-14], [9.24220145944e-14, 8.05180661728e-12, 1.51349852789e-11, 4.21914794768e-11, 1.63389607399e-10, 4.13814593703e-10, 1.25280152918e-09, 5.87831561205e-10, 2.85852830295e-09, 1.40166731555e-08, 1.48759454532e-07, 1.39832735613e-07, 5.00386256874e-08, 1.18266152427e-08, 1.03227728587e-08, 2.33121486559e-08, 2.82855392442e-08, 8.16239520418e-09, 1.82862311959e-08, 7.6174151431e-09, 4.39789671347e-09, 4.62228061382e-10, 1.50221418638e-10, 4.69419503268e-11, 3.30129291959e-11, 5.9860829401e-13, 1.7759968504e-14], [3.59811566121e-14, 2.67580814277e-12, 4.94267040491e-12, 1.40395854664e-11, 5.65274459186e-11, 1.73000627712e-10, 4.2409087353e-10, 2.06836964223e-10, 8.36270497295e-10, 5.82791326309e-09, 4.37499636519e-08, 4.84307420834e-08, 1.94971949696e-08, 4.54407800277e-09, 4.04831945744e-09, 9.68406066448e-09, 1.03608179813e-08, 2.13478057454e-09, 5.61553692435e-09, 2.47846165813e-09, 1.33863553575e-09, 1.54282100984e-10, 4.69419503268e-11, 1.76563902388e-11, 1.38928625548e-11, 2.39009522894e-13, 6.70235063602e-15], [2.66164670734e-14, 2.56152022336e-12, 4.29449314651e-12, 8.8687199945e-12, 3.95181144752e-11, 7.56435400429e-11, 2.78802730902e-10, 1.50764123408e-10, 4.74163430741e-10, 7.74531283554e-09, 3.02917300132e-08, 4.06988718282e-08, 1.45426719556e-08, 4.13295797586e-09, 3.54182461137e-09, 1.17147642698e-08, 1.0166538722e-08, 1.1943794842e-09, 4.17526324625e-09, 1.71599989773e-09, 9.1736390706e-10, 1.11931693081e-10, 3.30129291959e-11, 1.38928625548e-11, 2.25638414203e-11, 1.78343857694e-13, 6.17030128977e-15], [5.14145293214e-16, 3.52268805489e-14, 6.30700393712e-14, 1.90807900079e-13, 7.58018864691e-13, 2.46211558086e-12, 5.81672947655e-12, 2.72238893755e-12, 1.00933515018e-11, 6.94008045476e-11, 5.54229606653e-10, 6.3489685731e-10, 2.66498240142e-10, 6.07734071401e-11, 5.03998301427e-11, 1.22635596123e-10, 1.38288908103e-10, 2.50193320922e-11, 7.23673551639e-11, 3.16290743596e-11, 1.68074634072e-11, 1.98059862781e-12, 5.9860829401e-13, 2.39009522894e-13, 1.78343857694e-13, 3.35364928949e-15, 9.09322294358e-17], [1.24007484634e-17, 1.25030438053e-15, 1.85774040025e-15, 5.11192261074e-15, 2.23491540487e-14, 6.59688097334e-14, 1.54029512669e-13, 6.53292998583e-14, 2.87074915705e-13, 2.36519180977e-12, 1.42116362081e-11, 1.89293389991e-11, 7.75447848295e-12, 1.85301838977e-12, 1.14369657408e-12, 3.33573424958e-12, 4.0561672944e-12, 6.83641511456e-13, 2.13867877401e-12, 9.29158768155e-13, 5.18749973533e-13, 5.29347548325e-14, 1.7759968504e-14, 6.70235063602e-15, 6.17030128977e-15, 9.09322294358e-17, 3.22029146606e-18]]
    },
    "mfcc": {
        "kurt": [8.66036128998, 5.04466152191, 1.93264293671, 1.97930335999, 8.44596195221, 7.28039073944, 3.38225364685, 4.3832859993, 24.7953681946, 3.63751554489, 6.7731256485, 5.55012702942, 5.72169780731],
        "max": [-532.053955078, 183.795684814, 28.6297340393, 46.0642738342, 34.8528327942, 27.2733154297, 29.0938529968, 20.7334842682, 20.5304679871, 10.4383487701, 8.72134780884, 19.7470340729, 18.6001796722],
        "mean": [-1081.66784668, 22.7567596436, -14.9445943832, -7.69005966187, 3.29114580154, 4.7566204071, 3.4358651638, 3.81669354439, 1.94071221352, -2.38282775879, -2.0813639164, 1.2754573822, 1.39347338676],
        "median": [-1132.11401367, 8.46168136597, 3.29495239258, 3.49385452271, 4.25250244141, 4.26242828369, 3.46643447876, 3.34288787842, 2.21862411499, 0.365158081055, 0.416690826416, 1.26543426514, 1.1676864624],
        "min": [-1138.42004395, -5.41359329224, -148.387207031, -116.550430298, -48.0615081787, -38.5404243469, -27.2243747711, -19.6468963623, -55.4544677734, -37.9855651855, -42.771156311, -24.153093338, -23.5020942688],
        "skew": [3.02645683289, 2.3295238018, -1.78980135918, -1.71011650562, -2.5343337059, -1.04628872871, -0.534448504448, -0.895869314671, -3.68358111382, -1.89544081688, -2.31342744827, -0.751354038715, -0.431765258312],
        "var": [16237.1455078, 1287.90783691, 1702.14672852, 892.993103027, 126.86958313, 61.1739654541, 58.6425895691, 33.5557289124, 59.0250282288, 68.7294998169, 57.0193786621, 32.171295166, 22.7680873871],
        "cov": [[16322.6035156, 3469.38525391, -4747.95117188, -2265.75439453, -975.440979004, -260.75994873, -138.704452515, -141.801605225, -321.485168457, -783.628723145, -747.944396973, -39.2985687256, 125.306732178], [3469.38525391, 1294.68640137, -1228.48730469, -924.63873291, -100.254798889, -55.6674041748, -130.168045044, 10.3089294434, -29.245923996, -219.782958984, -159.492324829, 4.14273023605, 36.7338600159], [-4747.95117188, -1228.48730469, 1711.10546875, 995.020629883, 236.677185059, 70.7353439331, 98.2816009521, 3.73547101021, 39.9548988342, 277.314727783, 236.29486084, -21.8793964386, -56.9122428894], [-2265.75439453, -924.63873291, 995.020629883, 897.693115234, 86.6864013672, 27.9344272614, 128.230484009, -10.1819257736, -11.4531612396, 177.417373657, 131.634384155, -15.720785141, -54.3715133667], [-975.440979004, -100.254798889, 236.677185059, 86.6864013672, 127.537315369, 21.9186649323, -7.35248947144, 19.4175357819, 51.2292060852, 38.6107635498, 48.8810958862, 9.91764450073, -6.91274547577], [-260.75994873, -55.6674041748, 70.7353439331, 27.9344272614, 21.9186649323, 61.4959335327, 30.0381145477, 18.0717506409, 18.3305454254, 19.7568187714, 5.3385181427, 16.0830993652, 10.8252077103], [-138.704452515, -130.168045044, 98.2816009521, 128.230484009, -7.35248947144, 30.0381145477, 58.9512329102, 9.11192417145, -9.23456764221, 16.9571056366, 6.04268598557, 7.53154230118, 3.67442941666], [-141.801605225, 10.3089294434, 3.73547101021, -10.1819257736, 19.4175357819, 18.0717506409, 9.11192417145, 33.7323379517, 14.066324234, 5.18000268936, 11.6185302734, 17.5561313629, 4.65822982788], [-321.485168457, -29.245923996, 39.9548988342, -11.4531612396, 51.2292060852, 18.3305454254, -9.23456764221, 14.066324234, 59.33568573, 19.7794189453, 15.2258815765, 12.0460348129, 8.20334815979], [-783.628723145, -219.782958984, 277.314727783, 177.417373657, 38.6107635498, 19.7568187714, 16.9571056366, 5.18000268936, 19.7794189453, 69.0912399292, 51.4616470337, 4.9461183548, -5.08465337753], [-747.944396973, -159.492324829, 236.29486084, 131.634384155, 48.8810958862, 5.3385181427, 6.04268598557, 11.6185302734, 15.2258815765, 51.4616470337, 57.319480896, 12.2896509171, -3.75333857536], [-39.2985687256, 4.14273023605, -21.8793964386, -15.720785141, 9.91764450073, 16.0830993652, 7.53154230118, 17.5561313629, 12.0460348129, 4.9461183548, 12.2896509171, 32.3406181335, 17.6954288483], [125.306732178, 36.7338600159, -56.9122428894, -54.3715133667, -6.91274547577, 10.8252077103, 3.67442941666, 4.65822982788, 8.20334815979, -5.08465337753, -3.75333857536, 17.6954288483, 22.8879184723]]
    },
    "sccoeffs": {
        "kurt": [6.14522266388, 3.59138298035, 11.1180105209, 10.937502861, 1.22190141678, 7.20945072174],
        "max": [-0.559737622738, -0.675039887428, -0.42604726553, -0.558517515659, -0.619583129883, -0.678551495075],
        "mean": [-0.853312373161, -0.880895912647, -0.877579927444, -0.866131544113, -0.853115320206, -0.875170350075],
        "median": [-0.867057919502, -0.886106669903, -0.903855741024, -0.878067612648, -0.887400507927, -0.883909404278],
        "min": [-0.977692008018, -0.972216725349, -0.973378121853, -0.980487942696, -0.969299852848, -0.965799868107],
        "skew": [2.21894216537, 1.51080405712, 3.17143440247, 2.87573480606, 1.52734005451, 2.27175092697],
        "var": [0.00424354337156, 0.00214205798693, 0.00714028067887, 0.00322832120582, 0.00613025762141, 0.00148163898848],
        "cov": [[0.00426587788388, 0.0017667603679, 0.0037435516715, 0.00248030386865, 0.00289961486124, 0.00169661419932], [0.0017667603679, 0.00215333187953, 0.00274228770286, 0.00189497042447, 0.00229192036204, 0.00110433949158], [0.0037435516715, 0.00274228770286, 0.00717786094174, 0.00420536613092, 0.00469115516171, 0.00249186716974], [0.00248030386865, 0.00189497042447, 0.00420536613092, 0.00324531225488, 0.00268742442131, 0.0016861128388], [0.00289961486124, 0.00229192036204, 0.00469115516171, 0.00268742442131, 0.00616252236068, 0.00163593888283], [0.00169661419932, 0.00110433949158, 0.00249186716974, 0.0016861128388, 0.00163593888283, 0.00148943706881]]
    },
    "scvalleys": {
        "kurt": [33.4289932251, 18.7774486542, 10.6483974457, 10.1912031174, 17.2540473938, 13.6093997955],
        "max": [-7.20968294144, -5.37779521942, -3.89172768593, -4.29652166367, -4.71971559525, -7.92840909958],
        "mean": [-11.2077569962, -11.6001195908, -11.4167823792, -11.7306852341, -12.4928188324, -14.6591110229],
        "median": [-10.978726387, -11.811050415, -12.0962057114, -12.5015001297, -12.7619781494, -15.0472745895],
        "min": [-27.8911209106, -27.5389347076, -27.4561424255, -27.3401222229, -27.456287384, -27.257358551],
        "skew": [-5.49971580505, -3.17828893661, -1.75918388367, -1.66545450687, -2.63697957993, -1.9632114172],
        "var": [6.2701420784, 7.80627775192, 10.2670030594, 10.1353940964, 7.37720823288, 6.00041294098],
        "cov": [[6.30314302444, 6.47823953629, 6.78748893738, 6.64439105988, 6.23089456558, 5.43983983994], [6.47823953629, 7.84736347198, 8.70199584961, 8.55401611328, 7.27421236038, 6.6070189476], [6.78748893738, 8.70199584961, 10.3210401535, 10.1653690338, 8.14460468292, 7.49220275879], [6.64439105988, 8.55401611328, 10.1653690338, 10.1887378693, 8.05365467072, 7.39008903503], [6.23089456558, 7.27421236038, 8.14460468292, 8.05365467072, 7.41603565216, 6.61559009552], [5.43983983994, 6.6070189476, 7.49220275879, 7.39008903503, 6.61559009552, 6.03199386597]]
    }
},
"rhythm": {
    "beats_loudness": {
        "kurt": -0.96063709259,
        "max": 0.163861989975,
        "mean": 0.042740713805,
        "median": 5.60349242562e-08,
        "min": 3.78654370081e-08,
        "skew": 0.99012953043,
        "var": 0.00462508806959
    },
    "bpm": 106.201179504,
    "confidence": 0,
    "first_peak_bpm": {
        "kurt": 0,
        "max": 105,
        "mean": 105,
        "median": 105,
        "min": 105,
        "skew": 0,
        "var": 0
    },
    "first_peak_spread": {
        "kurt": 0,
        "max": 0.333333313465,
        "mean": 0.333333313465,
        "median": 0.333333313465,
        "min": 0.333333313465,
        "skew": 0,
        "var": 0
    },
    "first_peak_weight": {
        "kurt": 0,
        "max": 0.666666686535,
        "mean": 0.666666686535,
        "median": 0.666666686535,
        "min": 0.666666686535,
        "skew": 0,
        "var": 0
    },
    "onset_rate": 0.454547792673,
    "second_peak_bpm": {
        "kurt": 0,
        "max": 0,
        "mean": 0,
        "median": 0,
        "min": 0,
        "skew": 0,
        "var": 0
    },
    "second_peak_spread": {
        "kurt": 0,
        "max": 0,
        "mean": 0,
        "median": 0,
        "min": 0,
        "skew": 0,
        "var": 0
    },
    "second_peak_weight": {
        "kurt": 0,
        "max": 0,
        "mean": 0,
        "median": 0,
        "min": 0,
        "skew": 0,
        "var": 0
    },
    "beats_loudness_band_ratio": {
        "kurt": [-1.39441657066, -1.00538754463, -0.621808052063, -1.24242675304, -1.29163396358, 1.21396350861],
        "max": [0.503913700581, 0.338367730379, 0.172137051821, 0.705680429935, 0.341867625713, 0.17253819108],
        "mean": [0.25386339426, 0.132752299309, 0.0688898786902, 0.328183680773, 0.17967043817, 0.0598602034152],
        "median": [0.222242176533, 0.0889819860458, 0.0613799318671, 0.263618201017, 0.120357006788, 0.0510848164558],
        "min": [4.58704380435e-05, 0.00052321451949, 0.0086358981207, 0.0894862934947, 0.0419005341828, 0.0124102458358],
        "skew": [-0.0389512553811, 0.468114554882, 0.638872802258, 0.602684080601, 0.298569738865, 1.54607832432],
        "var": [0.037474937737, 0.0134430462494, 0.00292365625501, 0.0534464940429, 0.0100024072453, 0.00238950178027],
        "cov": [[0.0437207631767, 0.015883853659, 0.0048220041208, -0.0475137233734, -0.0166906435043, 0.00236430508085], [0.015883853659, 0.0156835541129, 0.00251701311208, -0.0263793468475, -0.0120018171147, 0.00553177669644], [0.0048220041208, 0.00251701311208, 0.00341093237512, -0.00768397981301, -0.00396019406617, 0.00162006274331], [-0.0475137233734, -0.0263793468475, -0.00768397981301, 0.0623542405665, 0.0238490048796, -0.00771962851286], [-0.0166906435043, -0.0120018171147, -0.00396019406617, 0.0238490048796, 0.0116694755852, -0.0042693358846], [0.00236430508085, 0.00553177669644, 0.00162006274331, -0.00771962851286, -0.0042693358846, 0.00278775207698]]
    },
    "beats_position": [0.53405892849, 1.09133780003, 1.66022670269, 2.22911548615, 2.7863945961, 3.35528349876, 3.92417216301],
    "bpm_estimates": [107.666023254, 105.46875, 105.468772888, 107.665977478, 105.46875, 105.468788147],
    "bpm_intervals": [0.557278871536, 0.568888902664, 0.568888783455, 0.557279109955, 0.568888902664, 0.568888664246],
    "onset_times": [0.487619042397, 2.19428563118],
    "histogram": [[0, 0, 0, 0, 0, 0, 0, 0, 0, 0, 0, 0, 0, 0, 0, 0, 0, 0, 0, 0, 0, 0, 0, 0, 0, 0, 0, 0, 0, 0, 0, 0, 0, 0, 0, 0, 0, 0, 0, 0, 0, 0, 0, 0, 0, 0, 0, 0, 0, 0, 0, 0, 0, 0, 0, 0, 0, 0, 0, 0, 0, 0, 0, 0, 0, 0, 0, 0, 0, 0, 0, 0, 0, 0, 0, 0, 0, 0, 0, 0, 0, 0, 0, 0, 0, 0, 0, 0, 0, 0, 0, 0, 0, 0, 0, 0, 0, 0, 0, 0, 0, 0, 0, 0, 0, 0.666666686535, 0, 0, 0.333333343267, 0, 0, 0, 0, 0, 0, 0, 0, 0, 0, 0, 0, 0, 0, 0, 0, 0, 0, 0, 0, 0, 0, 0, 0, 0, 0, 0, 0, 0, 0, 0, 0, 0, 0, 0, 0, 0, 0, 0, 0, 0, 0, 0, 0, 0, 0, 0, 0, 0, 0, 0, 0, 0, 0, 0, 0, 0, 0, 0, 0, 0, 0, 0, 0, 0, 0, 0, 0, 0, 0, 0, 0, 0, 0, 0, 0, 0, 0, 0, 0, 0, 0, 0, 0, 0, 0, 0, 0, 0, 0, 0, 0, 0, 0, 0, 0, 0, 0, 0, 0, 0, 0, 0, 0, 0, 0, 0, 0, 0, 0, 0, 0, 0, 0, 0, 0, 0, 0, 0, 0, 0, 0, 0, 0, 0, 0, 0, 0, 0, 0, 0, 0, 0, 0, 0, 0, 0, 0, 0, 0, 0]]
},
"sfx": {
    "inharmonicity": {
        "kurt": -0.330432891846,
        "max": 0.343613475561,
        "mean": 0.0905416533351,
        "median": 0.069785989821,
        "min": 0,
        "skew": 0.799605369568,
        "var": 0.00716710649431
    },
    "oddtoevenharmonicenergyratio": {
        "kurt": 0,
        "max": 3.40282346639e+38,
        "mean": 1.78158293268e+36,
        "median": 0.430457472801,
        "min": 0,
        "skew": 0,
        "var": 0
    },
    "pitch_after_max_to_before_max_energy_ratio": 3.37609243393,
    "pitch_centroid": 74.4695358276,
    "pitch_max_to_total": 0.0366492159665,
    "pitch_min_to_total": 0.780104696751,
    "tristimulus": {
        "kurt": [-0.254954576492, 0.908706188202, -1.42240178585],
        "max": [1, 0.950041115284, 1],
        "mean": [0.347096115351, 0.27346393466, 0.379439860582],
        "median": [0.243780106306, 0.210309952497, 0.470851451159],
        "min": [0, 0, 0],
        "skew": [0.872295618057, 1.04762816429, -0.0613666214049],
        "var": [0.0817905217409, 0.0403034165502, 0.0985712558031],
        "cov": [[0.0822210013866, -0.0118232164532, -0.0703977644444], [-0.0118232164532, 0.040515538305, -0.0286923255771], [-0.0703977644444, -0.0286923255771, 0.0990900546312]]
    }
},
"tonal": {
    "chords_changes_rate": 0.0625,
    "chords_number_rate": 0.03125,
    "chords_strength": {
        "kurt": -0.334817409515,
        "max": 0.557105123997,
        "mean": 0.509169638157,
        "median": 0.524029135704,
        "min": 0.421787530184,
        "skew": -1.02112567425,
        "var": 0.00141628738493
    },
    "key_strength": 0.689097583294,
    "tuning_diatonic_strength": 0.561319828033,
    "tuning_equal_tempered_deviation": 0.222886323929,
    "tuning_frequency": 442.804626465,
    "tuning_nontempered_energy_ratio": 0.951468110085,
    "hpcp": {
        "kurt": [-0.0650293827057, 0.728250026703, 2.97963476181, 0.519218683243, 0.541148662567, 1.07942914963, 1.28094387054, 1.46804380417, 0.277209758759, 0.367912769318, 0.0526304244995, 0.547065973282, 1.25794839859, 1.50828409195, 0.406176567078, 1.80690479279, 1.91369819641, 1.82587194443, 1.5253033638, 1.28724098206, 1.53872537613, -0.298053264618, -1.33889532089, -1.11684417725, 0.304303646088, 4.06909227371, 5.44115066528, 7.84889030457, 7.4398355484, 2.41757583618, 3.7653837204, 2.35038948059, 2.16531085968, 2.01364946365, 1.29091691971, 0.378656864166],
        "max": [1, 1, 1, 1, 1, 1, 1, 1, 1, 1, 1, 1, 1, 1, 1, 1, 0.996205508709, 1, 1, 0.836697399616, 0.940497756004, 1, 1, 1, 1, 1, 1, 0.792068064213, 0.9396250844, 0.725775659084, 1, 1, 1, 1, 1, 1],
        "mean": [0.292154461145, 0.226235926151, 0.199271604419, 0.248705402017, 0.271241039038, 0.252690583467, 0.226284921169, 0.197298228741, 0.217713698745, 0.261514008045, 0.258565694094, 0.234321117401, 0.205022439361, 0.203385591507, 0.22011564672, 0.211967647076, 0.200275465846, 0.21502943337, 0.218301996589, 0.190829738975, 0.203100547194, 0.357814401388, 0.491431206465, 0.425112277269, 0.256580799818, 0.173336669803, 0.149909585714, 0.107494063675, 0.113450072706, 0.126611962914, 0.157439380884, 0.195457741618, 0.215467348695, 0.222443565726, 0.231200441718, 0.277277201414],
        "median": [0.168495073915, 0.123487465084, 0.143418192863, 0.171224087477, 0.169927537441, 0.171122610569, 0.142114192247, 0.0860606878996, 0.13439078629, 0.122346453369, 0.12026886642, 0.0926790684462, 0.108756750822, 0.093200571835, 0.0841529071331, 0.104093357921, 0.128642976284, 0.122130468488, 0.125195086002, 0.104632779956, 0.110245674849, 0.291444480419, 0.402215242386, 0.327991038561, 0.200787365437, 0.0980852991343, 0.088344566524, 0.0566180981696, 0.0500653982162, 0.0558370053768, 0.0650885552168, 0.0800673216581, 0.134683310986, 0.12188231945, 0.137281954288, 0.140552222729],
        "min": [0, 0, 0, 0, 0, 0, 0, 0, 0, 0, 0, 0, 0, 0, 0, 0, 0, 0, 0, 0, 0, 0, 0, 0, 0, 0, 0, 0, 0, 0, 0, 0, 0, 0, 0, 0],
