{
"metadata": {
    "version": {
        "essentia": "2.1-beta3"
    }
},
"lowLevel": {
    "average_loudness": 0.89440703392,
    "barkbands_kurtosis": {
        "kurt": 5.33060741425,
        "max": 169.672927856,
        "mean": 16.8517303467,
        "median": 3.65885257721,
        "min": -1.62394320965,
        "skew": 2.24223184586,
        "var": 786.587158203
    },
    "barkbands_skewness": {
        "kurt": 0.746708869934,
        "max": 10.6122694016,
        "mean": 2.22921204567,
        "median": 1.4134683609,
        "min": -1.72970247269,
        "skew": 1.19523096085,
        "var": 4.52656745911
    },
    "barkbands_spread": {
        "kurt": 3.77406597137,
        "max": 57.0235366821,
        "mean": 9.49939060211,
        "median": 3.6278386116,
        "min": 0.351148366928,
        "skew": 1.87893211842,
        "var": 126.311080933
    },
    "dissonance": {
        "kurt": -0.869669914246,
        "max": 0.499999970198,
        "mean": 0.394515663385,
        "median": 0.418971002102,
        "min": 0.15166798234,
        "skew": -0.614484667778,
        "var": 0.00874458905309
    },
    "hfc": {
        "kurt": 22.8900318146,
        "max": 29.9170608521,
        "mean": 1.09775471687,
        "median": 0.00128751853481,
        "min": 1.13974119639e-16,
        "skew": 4.33737564087,
        "var": 11.360783577
    },
    "pitch": {
        "kurt": 20.3885478973,
        "max": 4259.64160156,
        "mean": 516.279052734,
        "median": 440.664703369,
        "min": 92.8623886108,
        "skew": 4.46828889847,
        "var": 408136.71875
    },
    "pitch_instantaneous_confidence": {
        "kurt": -1.24879801273,
        "max": 0.948219001293,
        "mean": 0.563632786274,
        "median": 0.574923813343,
        "min": 0.0871066451073,
        "skew": -0.149226516485,
        "var": 0.0458781942725
    },
    "pitch_salience": {
        "kurt": -0.607003927231,
        "max": 0.850977838039,
        "mean": 0.59679633379,
        "median": 0.641748666763,
        "min": 0.18185532093,
        "skew": -0.69533675909,
        "var": 0.0242274906486
    },
    "silence_rate_20dB": {
        "kurt": 0,
        "max": 1,
        "mean": 1,
        "median": 1,
        "min": 1,
        "skew": 0,
        "var": 0
    },
    "silence_rate_30dB": {
        "kurt": 0,
        "max": 1,
        "mean": 1,
        "median": 1,
        "min": 1,
        "skew": 0,
        "var": 0
    },
    "silence_rate_60dB": {
        "kurt": 2.62815618515,
        "max": 1,
        "mean": 0.866197168827,
        "median": 1,
        "min": 0,
        "skew": -2.15131497383,
        "var": 0.115899555385
    },
    "spectral_centroid": {
        "kurt": 145.543624878,
        "max": 11273.578125,
        "mean": 866.307067871,
        "median": 733.0546875,
        "min": 235.434234619,
        "skew": 8.99381065369,
        "var": 373904.40625
    },
    "spectral_complexity": {
        "kurt": 4.57649183273,
        "max": 12,
        "mean": 1.19014084339,
        "median": 0,
        "min": 0,
        "skew": 2.38577055931,
        "var": 7.56244659424
    },
    "spectral_crest": {
        "kurt": -1.14956712723,
        "max": 25.9075107574,
        "mean": 12.9847888947,
        "median": 11.2580299377,
        "min": 2.23934030533,
        "skew": 0.386264175177,
        "var": 44.4143600464
    },
    "spectral_decrease": {
        "kurt": 21.1617107391,
        "max": -2.97865318257e-29,
        "mean": -3.72128994286e-10,
        "median": -4.20236247059e-13,
        "min": -9.13956998971e-09,
        "skew": -4.25241136551,
        "var": 1.28341394056e-18
    },
    "spectral_energy": {
        "kurt": 21.1323986053,
        "max": 0.0365496911108,
        "mean": 0.00150406965986,
        "median": 1.74573278855e-06,
        "min": 1.04502145415e-20,
        "skew": 4.24866390228,
        "var": 2.09644713323e-05
    },
    "spectral_energyband_high": {
        "kurt": 16.2715454102,
        "max": 7.32274884285e-06,
        "mean": 3.09974268475e-07,
        "median": 2.34516139841e-09,
        "min": 7.46984240476e-21,
        "skew": 3.67603731155,
        "var": 7.12909007002e-13
    },
    "spectral_energyband_low": {
        "kurt": 69.5964889526,
        "max": 3.17413991979e-07,
        "mean": 1.11502886924e-08,
        "median": 3.99621846725e-09,
        "min": 4.05495583647e-23,
        "skew": 7.06711578369,
        "var": 5.54608745319e-16
    },
    "spectral_energyband_middle_high": {
        "kurt": 89.6941757202,
        "max": 0.0350382179022,
        "mean": 0.000587805232499,
        "median": 1.93470953036e-07,
        "min": 1.66074986248e-21,
        "skew": 8.48960113525,
        "var": 6.82736299495e-06
    },
    "spectral_energyband_middle_low": {
        "kurt": 30.2431640625,
        "max": 0.0328664593399,
        "mean": 0.0010120557854,
        "median": 1.21849484458e-06,
        "min": 2.89933368023e-22,
        "skew": 4.96778535843,
        "var": 1.08443628051e-05
    },
    "spectral_flatness_db": {
        "kurt": -1.39929986,
        "max": 0.484376758337,
        "mean": 0.269172459841,
        "median": 0.297813087702,
        "min": 0.0433231256902,
        "skew": -0.225286319852,
        "var": 0.0160329323262
    },
    "spectral_flux": {
        "kurt": 4.7543721199,
        "max": 0.166872873902,
        "mean": 0.0154431927949,
        "median": 0.000977616640739,
        "min": 1.02226289933e-10,
        "skew": 2.30411410332,
        "var": 0.000969888991676
    },
    "spectral_kurtosis": {
        "kurt": -0.00992846488953,
        "max": 107.346374512,
        "mean": 27.269701004,
        "median": 21.856678009,
        "min": -1.17449903488,
        "skew": 0.876011431217,
        "var": 503.66619873
    },
    "spectral_rms": {
        "kurt": 6.13640785217,
        "max": 0.00597145175561,
        "mean": 0.000518938526511,
        "median": 4.12691442762e-05,
        "min": 3.19301291136e-12,
        "skew": 2.5658519268,
        "var": 1.19808805721e-06
    },
    "spectral_rolloff": {
        "kurt": 70.6373519897,
        "max": 19121.484375,
        "mean": 1354.54321289,
        "median": 861.328125,
        "min": 215.33203125,
        "skew": 5.67764616013,
        "var": 1559452.75
    },
    "spectral_skewness": {
        "kurt": -1.05538010597,
        "max": 8.44706249237,
        "mean": 3.81884241104,
        "median": 4.0203742981,
        "min": -0.00416714698076,
        "skew": 0.204673394561,
        "var": 2.79139614105
    },
    "spectral_spread": {
        "kurt": 44.1453590393,
        "max": 40491660,
        "mean": 3605493.25,
        "median": 2720880,
        "min": 775909.625,
        "skew": 4.65312719345,
        "var": 9.40237861683e+12
    },
    "spectral_strongpeak": {
        "kurt": 33.325717926,
        "max": 6.18987083435,
        "mean": 0.209028974175,
        "median": 0.0125569337979,
        "min": 0,
        "skew": 5.10904455185,
        "var": 0.373014271259
    },
    "zerocrossingrate": {
        "kurt": 52.4199066162,
        "max": 0.4990234375,
        "mean": 0.0477294921875,
        "median": 0.03564453125,
        "min": 0.01513671875,
        "skew": 4.96569490433,
        "var": 0.00126402522437
    },
    "barkbands": {
        "kurt": [118.158668518, 54.5114173889, 42.6859817505, 266.729980469, 75.8805541992, 21.0906410217, 60.1977539062, 64.0192565918, 38.8631324768, 90.2942047119, 47.6616668701, 15.4980659485, 27.5159626007, 48.8084030151, 35.7510490417, 40.0293312073, 21.490114212, 43.550743103, 18.1926555634, 13.573431015, 32.6212310791, 23.2988433838, 83.1249008179, 53.8260726929, 56.3160667419, 18.9199523926, 62.7441177368],
        "max": [9.84222658929e-09, 4.02495174967e-08, 8.31585396099e-08, 1.48868525685e-06, 1.27588064061e-05, 0.000627888250165, 0.00599816348404, 0.0304090380669, 0.00667489413172, 0.0341995432973, 0.00175226433203, 0.00156094762497, 0.00093172385823, 0.000850043725222, 0.00017299260071, 6.15622557234e-05, 5.01254471601e-05, 4.41285264969e-05, 8.62178967509e-06, 5.44102522326e-06, 4.04074353355e-06, 1.83115639629e-06, 2.72216283292e-07, 5.06306783166e-08, 9.50113019371e-08, 2.66260746784e-09, 2.49980725009e-09],
        "mean": [1.67882041602e-10, 1.21532495179e-09, 3.36325056693e-09, 2.18273061847e-08, 2.78336443671e-07, 2.54953301919e-05, 0.000120323689771, 0.000536517647561, 0.000165454039234, 0.000490879348945, 3.93791306124e-05, 6.4524661866e-05, 3.13283198921e-05, 1.95321481442e-05, 4.79475374959e-06, 1.65423034559e-06, 1.88124101896e-06, 1.1196491414e-06, 3.92665953086e-07, 2.98233231888e-07, 1.20062921383e-07, 6.24592999543e-08, 5.49396528271e-09, 1.15460485617e-09, 2.02571448504e-09, 1.06682600254e-10, 5.07945907557e-11],
        "median": [8.08652277084e-12, 3.54377971412e-10, 8.20306489402e-10, 3.54144003012e-09, 1.1784373477e-08, 1.13064714924e-07, 5.07986101184e-07, 1.44591737694e-07, 1.31890459443e-07, 7.107462352e-08, 1.45573668675e-08, 8.99756003037e-09, 2.13294484297e-08, 2.31386820815e-09, 1.02065058627e-08, 2.59489008059e-09, 3.4578264696e-09, 1.0441445486e-09, 5.94146687405e-09, 3.9926071338e-09, 6.9016203863e-10, 2.88347012933e-10, 5.97051921791e-11, 2.54456074267e-11, 2.21637742881e-11, 2.05926031435e-12, 2.09703538171e-13],
        "min": [3.61052091103e-24, 7.16488123649e-24, 5.24948514898e-24, 7.88469630212e-23, 6.22621596091e-23, 1.23518499476e-23, 1.83357117457e-23, 5.81113376089e-23, 5.713658952e-23, 1.10926496603e-23, 8.85230993302e-23, 6.71834715218e-23, 7.77411188716e-23, 1.53109407249e-22, 1.41933797821e-22, 2.33168376165e-22, 1.65057178975e-22, 2.51583393675e-22, 2.47705151517e-22, 4.94892860767e-22, 4.68952791797e-22, 5.97724426481e-22, 5.13687541254e-22, 9.18097374616e-22, 1.03713767166e-21, 1.52257939818e-21, 2.34833405314e-21],
        "skew": [9.93513679504, 6.71305179596, 5.84993982315, 14.4513244629, 7.15982055664, 4.10544919968, 7.02993822098, 7.27815341949, 5.85066270828, 8.63171005249, 6.3822016716, 3.83202219009, 4.9054107666, 5.98944759369, 5.13997077942, 5.63742589951, 4.36384725571, 5.90691328049, 3.97756743431, 3.52665448189, 4.96934986115, 4.26704120636, 7.27097654343, 6.30841064453, 6.35565662384, 4.07547855377, 6.80306148529],
        "var": [4.73768057731e-19, 1.2070259203e-17, 6.36374198911e-17, 5.54289170376e-15, 7.99217896724e-13, 4.55975124325e-09, 2.48870975383e-07, 6.02993623033e-06, 4.42973060899e-07, 6.47387196295e-06, 2.61108983324e-08, 4.07586497886e-08, 1.13407976343e-08, 4.8275983211e-09, 2.37676045511e-10, 3.25314497562e-11, 3.82270881616e-11, 1.71543647343e-11, 1.19232217415e-12, 6.31635856899e-13, 1.39465926329e-13, 3.51528735862e-14, 3.37652743764e-16, 1.65302168882e-17, 5.36289977003e-17, 1.00098457169e-19, 3.6273863495e-20],
        "cov": [[4.74603613548e-19, 1.63286890144e-18, 2.75652397023e-18, 1.88002056299e-17, 1.49045320297e-16, 8.89611260634e-15, 6.8036681432e-14, 5.27413724673e-13, 1.18313751808e-13, 4.90540930358e-13, 3.24968696429e-14, 5.38840551497e-14, 2.81319547057e-14, 1.86158326167e-14, 4.96206427117e-15, 9.82381188929e-16, 1.52442435929e-15, 9.06420227131e-16, 2.02768252628e-16, 1.73790792281e-16, 9.71581068865e-17, 5.48540918922e-17, 5.16306823688e-18, 8.99780703953e-19, 1.16620058661e-18, 6.47358074356e-20, 2.97026793165e-20], [1.63286890144e-18, 1.20915466961e-17, 2.12599628389e-17, 1.29842686336e-16, 1.04045239136e-15, 6.32204995277e-14, 2.68327244105e-13, 3.56203846801e-12, 8.14034115722e-13, 3.76218110484e-12, 1.77842116034e-13, 3.23313316224e-13, 1.2938394388e-13, 1.01929803573e-13, 2.2511640379e-14, 6.56146152832e-15, 1.1421938597e-14, 6.70898120994e-15, 1.75560940263e-15, 1.34868281043e-15, 5.92780602724e-16, 3.64605782132e-16, 3.5882886523e-17, 6.35640282912e-18, 1.03815236604e-17, 5.30402064044e-19, 3.00003648169e-19], [2.75652397023e-18, 2.12599628389e-17, 6.37496517566e-17, 3.39421798544e-16, 2.4906952992e-15, 1.2567994334e-13, 3.78928388233e-13, 1.13793323722e-11, 2.09438217637e-12, 6.52115731206e-12, 3.74668503687e-13, 7.11478239605e-13, 3.10850927247e-13, 2.34299531816e-13, 5.47227295758e-14, 1.53519554789e-14, 2.55508843792e-14, 1.64059456802e-14, 4.43206262706e-15, 3.09397778698e-15, 1.16992476548e-15, 7.58196608202e-16, 8.78535889273e-17, 1.53204420813e-17, 2.82600432927e-17, 1.40381225007e-18, 7.37480371446e-19], [1.88002056299e-17, 1.29842686336e-16, 3.39421798544e-16, 5.552667311e-15, 3.82328107433e-14, 1.1828748701e-12, 1.0821123728e-12, 1.29014326999e-10, 1.20975547288e-11, 4.14317573305e-11, 1.9368170262e-12, 3.9112602046e-12, 2.30177877626e-12, 1.67209648905e-12, 3.60470605188e-13, 1.16279639454e-13, 1.65062692789e-13, 1.23380011719e-13, 3.2312951685e-14, 1.3448584355e-14, 6.75398364691e-15, 4.4039974609e-15, 1.04950823236e-15, 8.64381439329e-17, 1.34376377247e-16, 7.58174558876e-18, 4.21189573205e-18], [1.49045320297e-16, 1.04045239136e-15, 2.4906952992e-15, 3.82328107433e-14, 8.00627467969e-13, 1.23642623917e-11, 1.42151651561e-10, 1.08480446848e-09, 5.40081417089e-11, 3.94052762642e-10, 3.86095842797e-11, 3.51378752483e-11, 2.30429789833e-11, 1.24458715903e-11, 4.03009960473e-12, 1.67319944792e-12, 1.34446447031e-12, 8.78879271877e-13, 3.56493128203e-13, 2.27712624147e-13, 8.36866247958e-14, 3.9775020571e-14, 8.76370780415e-15, 6.88953623528e-16, 1.07792205846e-15, 7.36282595307e-17, 4.26550539027e-17], [8.89611260634e-15, 6.32204995277e-14, 1.2567994334e-13, 1.1828748701e-12, 1.23642623917e-11, 4.56779325475e-09, 6.95465018907e-09, 3.38155246027e-08, 9.82190329069e-09, 3.1813542023e-08, 2.4308586255e-09, 3.61675756011e-09, 1.61568036727e-09, 1.70032254942e-09, 2.20476067958e-10, 5.88648157995e-11, 1.33631106181e-10, 8.42616462715e-11, 2.06220891058e-11, 1.73263608322e-11, 8.00997723011e-12, 4.3037309827e-12, 3.92929422723e-13, 6.51105688462e-14, 1.09716042133e-13, 6.43021462018e-15, 2.68652571672e-15], [6.8036681432e-14, 2.68327244105e-13, 3.78928388233e-13, 1.0821123728e-12, 1.42151651561e-10, 6.95465018907e-09, 2.49309891842e-07, 1.4207392951e-07, 2.46426292705e-08, 1.40187921716e-07, 3.1978743209e-08, 1.69096043834e-08, 1.68016534019e-08, 4.39319425283e-09, 1.92983207192e-09, 6.7903693779e-10, 5.62967172879e-10, 1.94081070659e-10, 1.32975394584e-10, 1.34422015186e-10, 6.60285368048e-11, 2.96931680632e-11, 1.44923656409e-12, 2.15359495645e-13, 6.91680328464e-13, 2.87783136893e-14, 1.29709314646e-14], [5.27413724673e-13, 3.56203846801e-12, 1.13793323722e-11, 1.29014326999e-10, 1.08480446848e-09, 3.38155246027e-08, 1.4207392951e-07, 6.04057095188e-06, 7.03708337824e-07, 1.11487736376e-06, 9.20618106193e-08, 2.6524179475e-07, 1.15018480074e-07, 7.66328298596e-08, 1.91644069503e-08, 6.2634475384e-09, 6.89600598847e-09, 5.33260013924e-09, 1.52666024267e-09, 8.97626473151e-10, 2.8965696508e-10, 2.15132495152e-10, 3.55388600493e-11, 5.52998315542e-12, 8.44417157725e-12, 4.58406695849e-13, 2.53181698696e-13], [1.18313751808e-13, 8.14034115722e-13, 2.09438217637e-12, 1.20975547288e-11, 5.40081417089e-11, 9.82190329069e-09, 2.46426292705e-08, 7.03708337824e-07, 4.43754316848e-07, 2.49863774116e-07, 3.79643303461e-08, 7.61525242865e-08, 4.06511659889e-08, 2.53847503018e-08, 6.36791419595e-09, 2.03475947202e-09, 1.93916549485e-09, 1.46726930605e-09, 3.45304534966e-10, 1.85616938486e-10, 6.93615234693e-11, 5.543638118e-11, 5.94005183582e-12, 1.75283886798e-12, 1.98067885877e-12, 1.36853717378e-13, 7.27928053121e-14], [4.90540930358e-13, 3.76218110484e-12, 6.52115731206e-12, 4.14317573305e-11, 3.94052762642e-10, 3.1813542023e-08, 1.40187921716e-07, 1.11487736376e-06, 2.49863774116e-07, 6.48528975944e-06, 3.36825038971e-08, 2.66229250201e-07, 6.75879050505e-08, 6.19167650484e-08, 1.11435092265e-08, 4.79066208925e-09, 1.26273711487e-08, 6.50981091255e-09, 1.46737733075e-09, 1.01147534792e-09, 4.07379602274e-10, 2.43860653892e-10, 2.24089462264e-11, 3.9350853305e-12, 9.88705384924e-12, 3.39976744673e-13, 1.69864908814e-13], [3.24968696429e-14, 1.77842116034e-13, 3.74668503687e-13, 1.9368170262e-12, 3.86095842797e-11, 2.4308586255e-09, 3.1978743209e-08, 9.20618106193e-08, 3.79643303461e-08, 3.36825038971e-08, 2.61569486071e-08, 7.73741870574e-09, 7.9093327443e-09, 4.14179979202e-09, 1.21777099515e-09, 3.58624879793e-10, 2.70618333298e-10, 1.69061847854e-10, 6.88471155086e-11, 4.28624080673e-11, 2.31215168539e-11, 1.11663603711e-11, 1.06090125834e-12, 2.1024790253e-13, 2.55539702896e-13, 1.85996407349e-14, 5.59656309943e-15], [5.38840551497e-14, 3.23313316224e-13, 7.11478239605e-13, 3.9112602046e-12, 3.51378752483e-11, 3.61675756011e-09, 1.69096043834e-08, 2.6524179475e-07, 7.61525242865e-08, 2.66229250201e-07, 7.73741870574e-09, 4.08305353972e-08, 1.08168620727e-08, 1.00760644273e-08, 1.65171976096e-09, 5.99520877387e-10, 9.394177658e-10, 5.57511870003e-10, 1.50188098069e-10, 1.17576448577e-10, 3.82288818657e-11, 2.55680025762e-11, 2.12228433612e-12, 5.40944676206e-13, 1.08405645571e-12, 4.64857475159e-14, 2.3975702947e-14], [2.81319547057e-14, 1.2938394388e-13, 3.10850927247e-13, 2.30177877626e-12, 2.30429789833e-11, 1.61568036727e-09, 1.68016534019e-08, 1.15018480074e-07, 4.06511659889e-08, 6.75879050505e-08, 7.9093327443e-09, 1.08168620727e-08, 1.13607994123e-08, 3.18675708044e-09, 1.24617294261e-09, 3.46534967388e-10, 3.19197307475e-10, 1.62197352771e-10, 5.17756393315e-11, 4.18285996118e-11, 2.2380455128e-11, 1.20388308697e-11, 1.11490547697e-12, 1.55457366272e-13, 2.64732842852e-13, 2.07904338548e-14, 8.16426597551e-15], [1.86158326167e-14, 1.01929803573e-13, 2.34299531816e-13, 1.67209648905e-12, 1.24458715903e-11, 1.70032254942e-09, 4.39319425283e-09, 7.66328298596e-08, 2.53847503018e-08, 6.19167650484e-08, 4.14179979202e-09, 1.00760644273e-08, 3.18675708044e-09, 4.83611239943e-09, 5.60187063403e-10, 2.08242839639e-10, 2.54085058549e-10, 1.91979793174e-10, 4.82966687476e-11, 2.9547433944e-11, 1.26123868294e-11, 7.87937336905e-12, 7.5605710928e-13, 1.77475520174e-13, 2.51865612784e-13, 1.30789459531e-14, 5.62779151013e-15], [4.96206427117e-15, 2.2511640379e-14, 5.47227295758e-14, 3.60470605188e-13, 4.03009960473e-12, 2.20476067958e-10, 1.92983207192e-09, 1.91644069503e-08, 6.36791419595e-09, 1.11435092265e-08, 1.21777099515e-09, 1.65171976096e-09, 1.24617294261e-09, 5.60187063403e-10, 2.3809523797e-10, 5.5253124992e-11, 4.26203274062e-11, 3.32627814181e-11, 8.97213293244e-12, 5.83223833811e-12, 2.61362828081e-12, 1.64987186239e-12, 1.79372901081e-13, 3.48524411642e-14, 4.49973818785e-14, 3.18701525064e-15, 1.41884816104e-15], [9.82381188929e-16, 6.56146152832e-15, 1.53519554789e-14, 1.16279639454e-13, 1.67319944792e-12, 5.88648157995e-11, 6.7903693779e-10, 6.2634475384e-09, 2.03475947202e-09, 4.79066208925e-09, 3.58624879793e-10, 5.99520877387e-10, 3.46534967388e-10, 2.08242839639e-10, 5.5253124992e-11, 3.25888240005e-11, 1.70069722194e-11, 1.06579857787e-11, 3.23059461127e-12, 2.11380045412e-12, 7.6200081401e-13, 5.11351323697e-13, 5.45189198962e-14, 1.18033643094e-14, 1.52482278242e-14, 1.00407094985e-15, 5.11671851129e-16], [1.52442435929e-15, 1.1421938597e-14, 2.55508843792e-14, 1.65062692789e-13, 1.34446447031e-12, 1.33631106181e-10, 5.62967172879e-10, 6.89600598847e-09, 1.93916549485e-09, 1.26273711487e-08, 2.70618333298e-10, 9.394177658e-10, 3.19197307475e-10, 2.54085058549e-10, 4.26203274062e-11, 1.70069722194e-11, 3.82945099242e-11, 1.73520590258e-11, 4.68117081556e-12, 3.54990234257e-12, 1.29383418042e-12, 7.93756336701e-13, 7.47162138474e-14, 1.48847066942e-14, 3.44917745353e-14, 1.42138915401e-15, 7.10840054912e-16], [9.06420227131e-16, 6.70898120994e-15, 1.64059456802e-14, 1.23380011719e-13, 8.78879271877e-13, 8.42616462715e-11, 1.94081070659e-10, 5.33260013924e-09, 1.46726930605e-09, 6.50981091255e-09, 1.69061847854e-10, 5.57511870003e-10, 1.62197352771e-10, 1.91979793174e-10, 3.32627814181e-11, 1.06579857787e-11, 1.73520590258e-11, 1.71846183117e-11, 3.60508758263e-12, 1.89387047711e-12, 6.64751077534e-13, 4.16286796701e-13, 5.39060881707e-14, 1.29358524421e-14, 1.8212212947e-14, 8.93008942719e-16, 4.86914825086e-16], [2.02768252628e-16, 1.75560940263e-15, 4.43206262706e-15, 3.2312951685e-14, 3.56493128203e-13, 2.06220891058e-11, 1.32975394584e-10, 1.52666024267e-09, 3.45304534966e-10, 1.46737733075e-09, 6.88471155086e-11, 1.50188098069e-10, 5.17756393315e-11, 4.82966687476e-11, 8.97213293244e-12, 3.23059461127e-12, 4.68117081556e-12, 3.60508758263e-12, 1.19442498427e-12, 6.57045544274e-13, 2.38766200821e-13, 1.31858811521e-13, 1.43426089961e-14, 3.07639295948e-15, 5.52312661345e-15, 2.3154148539e-16, 1.09536580203e-16], [1.73790792281e-16, 1.34868281043e-15, 3.09397778698e-15, 1.3448584355e-14, 2.27712624147e-13, 1.73263608322e-11, 1.34422015186e-10, 8.97626473151e-10, 1.85616938486e-10, 1.01147534792e-09, 4.28624080673e-11, 1.17576448577e-10, 4.18285996118e-11, 2.9547433944e-11, 5.83223833811e-12, 2.11380045412e-12, 3.54990234257e-12, 1.89387047711e-12, 6.57045544274e-13, 6.32749874632e-13, 2.24105009181e-13, 1.1660931823e-13, 8.37917517489e-15, 1.74756386018e-15, 4.14743499283e-15, 1.71738285866e-16, 7.97353935502e-17], [9.71581068865e-17, 5.92780602724e-16, 1.16992476548e-15, 6.75398364691e-15, 8.36866247958e-14, 8.00997723011e-12, 6.60285368048e-11, 2.8965696508e-10, 6.93615234693e-11, 4.07379602274e-10, 2.31215168539e-11, 3.82288818657e-11, 2.2380455128e-11, 1.26123868294e-11, 2.61362828081e-12, 7.6200081401e-13, 1.29383418042e-12, 6.64751077534e-13, 2.38766200821e-13, 2.24105009181e-13, 1.39711904697e-13, 5.6904662731e-14, 3.74695950943e-15, 4.82306807035e-16, 1.20932376187e-15, 6.13055911269e-17, 2.30229957442e-17], [5.48540918922e-17, 3.64605782132e-16, 7.58196608202e-16, 4.4039974609e-15, 3.9775020571e-14, 4.3037309827e-12, 2.96931680632e-11, 2.15132495152e-10, 5.543638118e-11, 2.43860653892e-10, 1.11663603711e-11, 2.55680025762e-11, 1.20388308697e-11, 7.87937336905e-12, 1.64987186239e-12, 5.11351323697e-13, 7.93756336701e-13, 4.16286796701e-13, 1.31858811521e-13, 1.1660931823e-13, 5.6904662731e-14, 3.52148696217e-14, 2.2041260537e-15, 3.70493958134e-16, 8.71212773283e-16, 4.0418516345e-17, 1.73064464838e-17], [5.16306823688e-18, 3.5882886523e-17, 8.78535889273e-17, 1.04950823236e-15, 8.76370780415e-15, 3.92929422723e-13, 1.44923656409e-12, 3.55388600493e-11, 5.94005183582e-12, 2.24089462264e-11, 1.06090125834e-12, 2.12228433612e-12, 1.11490547697e-12, 7.5605710928e-13, 1.79372901081e-13, 5.45189198962e-14, 7.47162138474e-14, 5.39060881707e-14, 1.43426089961e-14, 8.37917517489e-15, 3.74695950943e-15, 2.2041260537e-15, 3.38248260865e-16, 4.64188084079e-17, 6.70738921151e-17, 3.751149927e-18, 1.83666562826e-18], [8.99780703953e-19, 6.35640282912e-18, 1.53204420813e-17, 8.64381439329e-17, 6.88953623528e-16, 6.51105688462e-14, 2.15359495645e-13, 5.52998315542e-12, 1.75283886798e-12, 3.9350853305e-12, 2.1024790253e-13, 5.40944676206e-13, 1.55457366272e-13, 1.77475520174e-13, 3.48524411642e-14, 1.18033643094e-14, 1.48847066942e-14, 1.29358524421e-14, 3.07639295948e-15, 1.74756386018e-15, 4.82306807035e-16, 3.70493958134e-16, 4.64188084079e-17, 1.65593700417e-17, 1.86897009175e-17, 9.25993230384e-19, 5.66673778808e-19], [1.16620058661e-18, 1.03815236604e-17, 2.82600432927e-17, 1.34376377247e-16, 1.07792205846e-15, 1.09716042133e-13, 6.91680328464e-13, 8.44417157725e-12, 1.98067885877e-12, 9.88705384924e-12, 2.55539702896e-13, 1.08405645571e-12, 2.64732842852e-13, 2.51865612784e-13, 4.49973818785e-14, 1.52482278242e-14, 3.44917745353e-14, 1.8212212947e-14, 5.52312661345e-15, 4.14743499283e-15, 1.20932376187e-15, 8.71212773283e-16, 6.70738921151e-17, 1.86897009175e-17, 5.37235808403e-17, 1.62332778667e-18, 8.08080185029e-19], [6.47358074356e-20, 5.30402064044e-19, 1.40381225007e-18, 7.58174558876e-18, 7.36282595307e-17, 6.43021462018e-15, 2.87783136893e-14, 4.58406695849e-13, 1.36853717378e-13, 3.39976744673e-13, 1.85996407349e-14, 4.64857475159e-14, 2.07904338548e-14, 1.30789459531e-14, 3.18701525064e-15, 1.00407094985e-15, 1.42138915401e-15, 8.93008942719e-16, 2.3154148539e-16, 1.71738285866e-16, 6.13055911269e-17, 4.0418516345e-17, 3.751149927e-18, 9.25993230384e-19, 1.62332778667e-18, 1.00274995606e-19, 5.08845032885e-20], [2.97026793165e-20, 3.00003648169e-19, 7.37480371446e-19, 4.21189573205e-18, 4.26550539027e-17, 2.68652571672e-15, 1.29709314646e-14, 2.53181698696e-13, 7.27928053121e-14, 1.69864908814e-13, 5.59656309943e-15, 2.3975702947e-14, 8.16426597551e-15, 5.62779151013e-15, 1.41884816104e-15, 5.11671851129e-16, 7.10840054912e-16, 4.86914825086e-16, 1.09536580203e-16, 7.97353935502e-17, 2.30229957442e-17, 1.73064464838e-17, 1.83666562826e-18, 5.66673778808e-19, 8.08080185029e-19, 5.08845032885e-20, 3.63378407455e-20]]
    },
    "mfcc": {
        "kurt": [0.348562002182, -0.98406457901, 0.943419933319, -0.0417320728302, -0.837399721146, -1.23243749142, -1.25254654884, -0.625918149948, 0.511699199677, 0.797394514084, 0.601216316223, 0.38805603981, 0.592334270477],
        "max": [-787.733886719, 183.436187744, 37.4197425842, 15.0688667297, 1.7555847168, 3.73902130127, 4.83926773071, 15.6952991486, 16.571598053, 21.5626544952, 27.93491745, 26.1843662262, 27.6759719849],
        "mean": [-1055.70471191, 58.6933403015, -10.8010501862, -23.5092372894, -29.3647212982, -26.1185073853, -17.7581729889, -13.3792934418, -6.46664190292, -0.811178982258, 2.53449892998, 2.78119826317, 3.29528212547],
        "median": [-1093.40429688, 46.4757347107, 0.206314086914, -8.39510726929, -20.8875083923, -26.8950462341, -20.0095596313, -12.138835907, -3.10230255127, -2.28881835938e-05, 0.695960998535, 0.852474212646, 1.86493301392],
        "min": [-1138.42004395, 1.14440917969e-05, -132.133407593, -101.726753235, -95.6349029541, -91.7890014648, -49.4354019165, -55.459312439, -43.7062149048, -25.9228439331, -26.2761135101, -17.9203720093, -17.2656745911],
        "skew": [1.29635882378, 0.606021523476, -1.46009945869, -1.18818938732, -0.640317678452, -0.131659403443, -0.0870841220021, -0.511568069458, -0.888063013554, -0.297883540392, 0.319151222706, 0.349703788757, 0.285313010216],
        "var": [9979.72949219, 3074.31152344, 1865.37939453, 962.789489746, 747.783752441, 424.801208496, 201.034561157, 181.319656372, 94.7938461304, 57.4443321228, 71.6226425171, 47.3990135193, 47.9422264099],
        "cov": [[9997.33105469, 5209.49414062, -3639.06933594, -2891.93530273, -2504.49755859, -1522.49987793, -717.626403809, -743.255493164, -258.507598877, -101.922622681, 197.257614136, 98.9768676758, 13.2707586288], [5209.49414062, 3079.73364258, -1481.15368652, -1545.4206543, -1463.10595703, -994.070129395, -568.892211914, -537.585327148, -247.099731445, -103.098045349, 22.4281921387, 11.3556814194, 45.3425254822], [-3639.06933594, -1481.15368652, 1868.66931152, 1091.1192627, 713.489257812, 289.969055176, 13.2729101181, 81.0144882202, -50.5135536194, -45.3642921448, -160.970687866, -81.7710037231, 28.4269981384], [-2891.93530273, -1545.4206543, 1091.1192627, 964.487548828, 748.151000977, 400.142913818, 191.946350098, 210.681182861, 48.3903961182, 1.35367965698, -50.5281143188, -33.3111343384, -18.9223937988], [-2504.49755859, -1463.10595703, 713.489257812, 748.151000977, 749.102539062, 487.018585205, 261.675506592, 253.157302856, 101.990196228, 42.4147987366, -25.7651348114, -22.1401386261, -22.2163848877], [-1522.49987793, -994.070129395, 289.969055176, 400.142913818, 487.018585205, 425.550415039, 245.356155396, 188.50769043, 116.45513916, 41.6775398254, -7.99892711639, 1.57774949074, -25.630569458], [-717.626403809, -568.892211914, 13.2729101181, 191.946350098, 261.675506592, 245.356155396, 201.389129639, 157.683303833, 83.2198181152, 36.8367958069, 15.6579847336, 1.94540977478, -28.6411914825], [-743.255493164, -537.585327148, 81.0144882202, 210.681182861, 253.157302856, 188.50769043, 157.683303833, 181.639434814, 93.6874160767, 43.4562568665, 31.9919128418, -7.40294408798, -39.1833610535], [-258.507598877, -247.099731445, -50.5135536194, 48.3903961182, 101.990196228, 116.45513916, 83.2198181152, 93.6874160767, 94.9610366821, 50.9350662231, 30.8652553558, 9.06938457489, -27.9411582947], [-101.922622681, -103.098045349, -45.3642921448, 1.35367965698, 42.4147987366, 41.6775398254, 36.8367958069, 43.4562568665, 50.9350662231, 57.5456466675, 34.7320365906, 7.24245977402, -8.53189754486], [197.257614136, 22.4281921387, -160.970687866, -50.5281143188, -25.7651348114, -7.99892711639, 15.6579847336, 31.9919128418, 30.8652553558, 34.7320365906, 71.7489624023, 33.4733200073, -12.1932487488], [98.9768676758, 11.3556814194, -81.7710037231, -33.3111343384, -22.1401386261, 1.57774949074, 1.94540977478, -7.40294408798, 9.06938457489, 7.24245977402, 33.4733200073, 47.4826126099, 17.6682758331], [13.2707586288, 45.3425254822, 28.4269981384, -18.9223937988, -22.2163848877, -25.630569458, -28.6411914825, -39.1833610535, -27.9411582947, -8.53189754486, -12.1932487488, 17.6682758331, 48.0267791748]]
    },
    "sccoeffs": {
        "kurt": [-0.499676704407, 0.697987794876, 2.44583034515, 0.715748548508, 0.243320226669, 0.542564868927],
        "max": [-0.510744810104, -0.268010109663, -0.446957409382, -0.583241522312, -0.715678334236, -0.696108937263],
        "mean": [-0.779158651829, -0.767448782921, -0.818857610226, -0.838126182556, -0.865695655346, -0.85462898016],
        "median": [-0.784329891205, -0.795026302338, -0.840438604355, -0.856510937214, -0.870767354965, -0.868565440178],
        "min": [-0.963612794876, -0.976451635361, -0.984644711018, -0.984265685081, -0.981851100922, -0.979933977127],
        "skew": [0.371959447861, 1.04092752934, 1.41790854931, 1.00012898445, 0.737697184086, 1.05605125427],
        "var": [0.00655962107703, 0.0143636586145, 0.00806776527315, 0.00422887457535, 0.00185803312343, 0.0021164319478],
        "cov": [[0.00657118996605, 0.00449122302234, 0.0031499247998, 0.00216658343561, 0.00128602120094, 0.00130353879649], [0.00449122302234, 0.0143889905885, 0.0074547957629, 0.00562951760367, 0.00369590264745, 0.00349451741204], [0.0031499247998, 0.0074547957629, 0.00808199495077, 0.00462447479367, 0.00261032651179, 0.00230447505601], [0.00216658343561, 0.00562951760367, 0.00462447479367, 0.00423633260652, 0.00190844235476, 0.00222409563139], [0.00128602120094, 0.00369590264745, 0.00261032651179, 0.00190844235476, 0.00186131009832, 0.00129429623485], [0.00130353879649, 0.00349451741204, 0.00230447505601, 0.00222409563139, 0.00129429623485, 0.00212016445585]]
    },
    "scvalleys": {
        "kurt": [38.2311439514, 7.1270160675, 4.67244768143, 5.89074611664, 11.8085489273, 21.4685058594],
        "max": [-9.42990493774, -5.75753450394, -5.33313655853, -6.67432022095, -8.512840271, -11.3945760727],
        "mean": [-12.3904743195, -9.8003911972, -10.395488739, -11.3821020126, -12.2357788086, -14.5777158737],
        "median": [-12.4083957672, -9.79053497314, -10.8065071106, -11.8437290192, -12.7247257233, -14.9660615921],
        "min": [-27.1561965942, -27.2007198334, -27.2513446808, -27.4042758942, -27.2098560333, -27.2327442169],
        "skew": [-3.65036129951, -1.03421759605, -0.251255989075, -0.341715097427, -1.05755209923, -1.81495463848],
        "var": [1.55049109459, 4.84080314636, 5.70182275772, 4.72738552094, 3.08135676384, 1.71354210377],
        "cov": [[1.55322563648, 2.19480371475, 2.45680737495, 2.22677183151, 1.86963796616, 1.43287134171], [2.19480371475, 4.84934091568, 4.87726020813, 4.15989494324, 3.2225420475, 2.34036231041], [2.45680737495, 4.87726020813, 5.71187877655, 5.04685115814, 3.92738771439, 2.84765481949], [2.22677183151, 4.15989494324, 5.04685115814, 4.73572301865, 3.6920132637, 2.66064572334], [1.86963796616, 3.2225420475, 3.92738771439, 3.6920132637, 3.08679127693, 2.2201769352], [1.43287134171, 2.34036231041, 2.84765481949, 2.66064572334, 2.2201769352, 1.71656429768]]
    }
},
"rhythm": {
    "beats_loudness": {
        "kurt": 1.26871347427,
        "max": 0.0222769863904,
        "mean": 0.00386182055809,
        "median": 6.10254801359e-06,
        "min": 5.60930288884e-08,
        "skew": 1.45361471176,
        "var": 3.47163440892e-05
    },
    "bpm": 136.611755371,
    "confidence": 1.87409627438,
    "first_peak_bpm": {
        "kurt": 0,
        "max": 136,
        "mean": 136,
        "median": 136,
        "min": 136,
        "skew": 0,
        "var": 0
    },
    "first_peak_spread": {
        "kurt": 0,
        "max": 0.166666686535,
        "mean": 0.166666686535,
        "median": 0.166666686535,
        "min": 0.166666686535,
        "skew": 0,
        "var": 0
    },
    "first_peak_weight": {
        "kurt": 0,
        "max": 0.15625,
        "mean": 0.15625,
        "median": 0.15625,
        "min": 0.15625,
        "skew": 0,
        "var": 0
    },
    "onset_rate": 1.51912856102,
    "second_peak_bpm": {
        "kurt": 0,
        "max": 144,
        "mean": 144,
        "median": 144,
        "min": 144,
        "skew": 0,
        "var": 0
    },
    "second_peak_spread": {
        "kurt": 0,
        "max": 0.375,
        "mean": 0.375,
        "median": 0.375,
        "min": 0.375,
        "skew": 0,
        "var": 0
    },
    "second_peak_weight": {
        "kurt": 0,
        "max": 0.15625,
        "mean": 0.15625,
        "median": 0.15625,
        "min": 0.15625,
        "skew": 0,
        "var": 0
    },
    "beats_loudness_band_ratio": {
        "kurt": [0.258357286453, 3.49096393585, -1.02900373936, -0.586090803146, 2.37221622467, 0.877148389816],
        "max": [0.026613548398, 0.901949822903, 0.927264750004, 0.660042643547, 0.369549542665, 0.091006539762],
        "mean": [0.00656527141109, 0.137063398957, 0.582981824875, 0.231320515275, 0.0647175386548, 0.0162510033697],
        "median": [0.00383216910996, 0.0211134254932, 0.600962221622, 0.230708539486, 0.0186471119523, 0.00119347881991],
        "min": [3.58999204764e-06, 0.000881646003108, 0.0842941105366, 0.00450387503952, 0.000935469113756, 0.00016912719002],
        "skew": [1.0776283741, 2.15462636948, -0.373955219984, 0.551218271255, 1.7550535202, 1.44596385956],
        "var": [5.82411012147e-05, 0.0584286525846, 0.0734194740653, 0.0327101349831, 0.00881465896964, 0.000637944787741],
        "cov": [[6.00611347181e-05, -3.23618187394e-05, -0.000739663490094, 0.000323436746839, 0.000272188073723, 0.00012082059402], [-3.23618187394e-05, 0.060254547745, -0.0275790225714, -0.0219499096274, -0.00619483692572, -0.0013772372622], [-0.000739663490094, -0.0275790225714, 0.0757138356566, -0.0261746607721, -0.0157302711159, -0.0042726919055], [0.000323436746839, -0.0219499096274, -0.0261746607721, 0.0337323285639, 0.0101251490414, 0.00275327102281], [0.000272188073723, -0.00619483692572, -0.0157302711159, 0.0101251490414, 0.00909011717886, 0.00213979976252], [0.00012082059402, -0.0013772372622, -0.0042726919055, 0.00275327102281, 0.00213979976252, 0.000657880562358]]
    },
    "beats_position": [0.348299324512, 0.650158703327, 0.96362811327, 1.34675729275, 1.72988653183, 2.07818579674, 2.43809509277, 2.7863945961, 3.13469386101, 3.45977306366, 3.84290242195, 4.17959165573, 4.5046710968, 4.85297060013, 5.22448968887, 5.60761880875, 6.03718805313, 6.45514726639, 6.8963265419, 7.31428575516, 7.73224496841, 8.13859367371, 8.51011276245, 8.91646194458, 9.35764122009, 9.77560043335, 10.2167797089, 10.6927890778, 11.1339683533, 11.5403175354, 11.9350566864, 12.3762359619, 12.7941951752],
    "bpm_estimates": [139.674804688, 135.999130249, 135.999130249, 135.999130249, 135.999130249, 135.999130249],
    "bpm_intervals": [0.301859378815, 0.313469409943, 0.383129179478, 0.383129239082, 0.348299264908, 0.359909296036, 0.348299503326, 0.348299264908, 0.325079202652, 0.383129358292, 0.33668923378, 0.325079441071, 0.348299503326, 0.371519088745, 0.383129119873, 0.429569244385, 0.417959213257, 0.441179275513, 0.417959213257, 0.417959213257, 0.406348705292, 0.371519088745, 0.406349182129, 0.441179275513, 0.417959213257, 0.441179275513, 0.476009368896, 0.441179275513, 0.406349182129, 0.394739151001, 0.441179275513, 0.417959213257],
    "onset_times": [0.0812698379159, 0.406349211931, 0.684988677502, 2.06657600403, 2.79800462723, 3.48299312592, 4.19120168686, 4.5046710968, 4.87619066238, 4.91102027893, 5.11999988556, 6.91954660416, 7.74385499954, 8.52172374725, 8.87002277374, 9.90331077576, 10.2167797089, 10.623128891, 10.71600914, 11.5635375977],
    "histogram": [[0, 0, 0, 0, 0, 0, 0, 0, 0, 0, 0, 0, 0, 0, 0, 0, 0, 0, 0, 0, 0, 0, 0, 0, 0, 0, 0, 0, 0, 0, 0, 0, 0, 0, 0, 0, 0, 0, 0, 0, 0, 0, 0, 0, 0, 0, 0, 0, 0, 0, 0, 0, 0, 0, 0, 0, 0, 0, 0, 0, 0, 0, 0, 0, 0, 0, 0, 0, 0, 0, 0, 0, 0, 0, 0, 0, 0, 0, 0, 0, 0, 0, 0, 0, 0, 0, 0, 0, 0, 0, 0, 0, 0, 0, 0, 0, 0, 0, 0, 0, 0, 0, 0, 0, 0, 0, 0, 0, 0, 0, 0, 0, 0, 0, 0, 0, 0, 0, 0, 0, 0, 0, 0, 0, 0, 0, 0.03125, 0, 0, 0, 0, 0, 0, 0, 0, 0, 0.15625, 0, 0, 0, 0.03125, 0, 0, 0, 0.15625, 0, 0, 0, 0.09375, 0, 0, 0, 0.03125, 0, 0, 0, 0, 0.125, 0, 0, 0, 0.0625, 0, 0, 0, 0, 0, 0.03125, 0, 0, 0, 0, 0.125, 0, 0, 0, 0, 0, 0.03125, 0, 0, 0, 0, 0, 0, 0.0625, 0, 0, 0, 0, 0, 0.03125, 0, 0, 0, 0, 0, 0, 0, 0.03125, 0, 0, 0, 0, 0, 0, 0, 0, 0, 0, 0, 0, 0, 0, 0, 0, 0, 0, 0, 0, 0, 0, 0, 0, 0, 0, 0, 0, 0, 0, 0, 0, 0, 0, 0, 0, 0, 0, 0, 0, 0, 0, 0, 0, 0, 0, 0, 0, 0, 0]]
},
"sfx": {
    "inharmonicity": {
        "kurt": 5.22292900085,
        "max": 0.470902919769,
        "mean": 0.0616411305964,
        "median": 0.0349946767092,
        "min": 0,
        "skew": 2.09678077698,
        "var": 0.00598619459197
    },
    "oddtoevenharmonicenergyratio": {
        "kurt": 12.7851896286,
        "max": 30.5972728729,
        "mean": 1.95376241207,
        "median": 0.361986339092,
        "min": 0,
        "skew": 3.29363965988,
        "var": 16.606798172
    },
    "pitch_after_max_to_before_max_energy_ratio": 0.0710836499929,
    "pitch_centroid": 281.723358154,
    "pitch_max_to_total": 0.924295783043,
    "pitch_min_to_total": 0.0475352108479,
    "tristimulus": {
        "kurt": [-1.10583174229, -1.23613464832, 1.51066589355],
        "max": [1, 0.931251883507, 1],
        "mean": [0.360737621784, 0.454936921597, 0.184325292706],
        "median": [0.26818048954, 0.451977908611, 0.15268945694],
        "min": [0, 0, 0],
        "skew": [0.585653960705, -0.0338037498295, 1.05755746365],
        "var": [0.109220050275, 0.0742587074637, 0.0223918203264],
        "cov": [[0.109412677586, -0.0806854665279, -0.0287271495908], [-0.0806854665279, 0.0743896812201, 0.00629582675174], [-0.0287271495908, 0.00629582675174, 0.0224313121289]]
    }
},
"tonal": {
    "chords_changes_rate": 0.164912283421,
    "chords_number_rate": 0.0491228066385,
    "chords_strength": {
        "kurt": -1.25532352924,
        "max": 0.697028398514,
        "mean": 0.44462826848,
        "median": 0.449377655983,
        "min": 0.207923799753,
        "skew": 0.0748643949628,
        "var": 0.0171060487628
    },
    "key_strength": 0.376657217741,
    "tuning_diatonic_strength": 0.363371104002,
    "tuning_equal_tempered_deviation": 0.260776013136,
    "tuning_frequency": 439.745910645,
    "tuning_nontempered_energy_ratio": 0.912502646446,
    "hpcp": {
        "kurt": [1.24898386002, 0.804997682571, 0.803128004074, 1.56214904785, 2.2480802536, 2.24784612656, 2.2487578392, 2.22453117371, 2.32464694977, 3.08262300491, 2.33308696747, 2.82846975327, 2.83813762665, 1.49454975128, 2.01466703415, 3.23732376099, 2.60743570328, 3.53501272202, 6.63793849945, 5.04362869263, 7.03307247162, 3.95464897156, 3.74275302887, 2.64697122574, 2.2897901535, 2.58908319473, 2.18738269806, 3.59397506714, 4.12059259415, 1.77551269531, 1.48219585419, 1.8347029686, 2.59275007248, 2.28425979614, 2.20693874359, 1.6383023262],
        "max": [1, 1, 1, 1, 1, 1, 1, 1, 1, 1, 1, 1, 1, 1, 1, 1, 1, 1, 1, 1, 1, 1, 1, 1, 1, 1, 1, 1, 1, 1, 1, 1, 1, 1, 1, 1],
