{
"metadata": {
    "version": {
        "essentia": "2.1-beta3"
    }
},
"lowLevel": {
    "average_loudness": 0.971348881721,
    "barkbands_kurtosis": {
        "kurt": 14.1010494232,
        "max": 27.9108562469,
        "mean": 1.96422326565,
        "median": 0.674252986908,
        "min": -1.68854761124,
        "skew": 3.47640872002,
        "var": 19.4248504639
    },
    "barkbands_skewness": {
        "kurt": 1.20283746719,
        "max": 3.85866999626,
        "mean": 0.945537924767,
        "median": 0.853896975517,
        "min": -0.719425141811,
        "skew": 0.905027866364,
        "var": 0.662571012974
    },
    "barkbands_spread": {
        "kurt": 0.445902824402,
        "max": 50.1783485413,
        "mean": 12.9487009048,
        "median": 6.21814489365,
        "min": 1.04721868038,
        "skew": 1.27006649971,
        "var": 144.321853638
    },
    "dissonance": {
        "kurt": 1.41077804565,
        "max": 0.499630987644,
        "mean": 0.45188716054,
        "median": 0.464535593987,
        "min": 0.291126221418,
        "skew": -1.32245528698,
        "var": 0.00182590493932
    },
    "hfc": {
        "kurt": 39.9447059631,
        "max": 90.4544906616,
        "mean": 2.82392549515,
        "median": 0.00432754121721,
        "min": 8.50187861943e-05,
        "skew": 6.05531215668,
        "var": 113.456001282
    },
    "pitch": {
        "kurt": 12.4043893814,
        "max": 3989.9609375,
        "mean": 517.534240723,
        "median": 402.300018311,
        "min": 70.0090789795,
        "skew": 3.68574976921,
        "var": 584213.625
    },
    "pitch_instantaneous_confidence": {
        "kurt": -1.19890856743,
        "max": 0.819602131844,
        "mean": 0.439557224512,
        "median": 0.43684142828,
        "min": 0.16208511591,
        "skew": 0.216844826937,
        "var": 0.0313027314842
    },
    "pitch_salience": {
        "kurt": -0.665065288544,
        "max": 0.884092271328,
        "mean": 0.640269935131,
        "median": 0.634919583797,
        "min": 0.382877796888,
        "skew": -0.180152177811,
        "var": 0.0102174524218
    },
    "silence_rate_20dB": {
        "kurt": 0,
        "max": 1,
        "mean": 1,
        "median": 1,
        "min": 1,
        "skew": 0,
        "var": 0
    },
    "silence_rate_30dB": {
        "kurt": 0,
        "max": 1,
        "mean": 1,
        "median": 1,
        "min": 1,
        "skew": 0,
        "var": 0
    },
    "silence_rate_60dB": {
        "kurt": 1.23556947708,
        "max": 1,
        "mean": 0.834355831146,
        "median": 1,
        "min": 0,
        "skew": -1.79876923561,
        "var": 0.138206064701
    },
    "spectral_centroid": {
        "kurt": 5.02696037292,
        "max": 2490.640625,
        "mean": 846.379211426,
        "median": 766.158935547,
        "min": 316.046569824,
        "skew": 1.96234631538,
        "var": 115049.101562
    },
    "spectral_complexity": {
        "kurt": 1.67121505737,
        "max": 21,
        "mean": 2.90797543526,
        "median": 0,
        "min": 0,
        "skew": 1.728323102,
        "var": 27.7031974792
    },
    "spectral_crest": {
        "kurt": -0.653949260712,
        "max": 19.7880039215,
        "mean": 10.0951566696,
        "median": 9.61932659149,
        "min": 3.32803058624,
        "skew": 0.310927778482,
        "var": 13.9010047913
    },
    "spectral_decrease": {
        "kurt": 30.5228462219,
        "max": -2.38477484559e-14,
        "mean": -8.59460391744e-10,
        "median": -1.95930446346e-12,
        "min": -2.21123830357e-08,
        "skew": -5.26998615265,
        "var": 8.27012860325e-18
    },
    "spectral_energy": {
        "kurt": 31.2500114441,
        "max": 0.0916615277529,
        "mean": 0.00349993398413,
        "median": 7.64832111599e-06,
        "min": 9.87881136894e-08,
        "skew": 5.33262443542,
        "var": 0.000139518539072
    },
    "spectral_energyband_high": {
        "kurt": 73.2839584351,
        "max": 4.67974059575e-05,
        "mean": 1.02612341379e-06,
        "median": 4.02825648393e-08,
        "min": 1.27419441665e-09,
        "skew": 7.96696710587,
        "var": 1.93363571682e-11
    },
    "spectral_energyband_low": {
        "kurt": 63.0563964844,
        "max": 1.19511341836e-05,
        "mean": 3.2810496009e-07,
        "median": 4.059980796e-08,
        "min": 1.66986080519e-09,
        "skew": 7.6971282959,
        "var": 1.57659735961e-12
    },
    "spectral_energyband_middle_high": {
        "kurt": 47.1933021545,
        "max": 0.0785717666149,
        "mean": 0.00204196083359,
        "median": 1.94427161659e-06,
        "min": 1.51550789695e-08,
        "skew": 6.66669845581,
        "var": 7.92825958342e-05
    },
    "spectral_energyband_middle_low": {
        "kurt": 16.4313735962,
        "max": 0.0279480740428,
        "mean": 0.00153319293167,
        "median": 5.22910022482e-06,
        "min": 5.93701159346e-08,
        "skew": 3.7485306263,
        "var": 1.65519595612e-05
    },
    "spectral_flatness_db": {
        "kurt": -1.48910701275,
        "max": 0.406316250563,
        "mean": 0.226030990481,
        "median": 0.224148139358,
        "min": 0.0744952484965,
        "skew": 0.0138673130423,
        "var": 0.0109539842233
    },
    "spectral_flux": {
        "kurt": 9.09957695007,
        "max": 0.221099212766,
        "mean": 0.0203477963805,
        "median": 0.00223293551244,
        "min": 0.000200311085791,
        "skew": 2.82963490486,
        "var": 0.00143714656588
    },
    "spectral_kurtosis": {
        "kurt": -0.280642747879,
        "max": 91.3512802124,
        "mean": 26.4559555054,
        "median": 14.6766033173,
        "min": 0.838404417038,
        "skew": 0.925080358982,
        "var": 627.676696777
    },
    "spectral_rms": {
        "kurt": 9.31663227081,
        "max": 0.00945652555674,
        "mean": 0.000854816520587,
        "median": 8.63815803314e-05,
        "min": 9.8172631624e-06,
        "skew": 2.88922953606,
        "var": 2.68385815616e-06
    },
    "spectral_rolloff": {
        "kurt": 1.72405099869,
        "max": 4263.57421875,
        "mean": 1401.50695801,
        "median": 1076.66015625,
        "min": 409.130859375,
        "skew": 1.64156222343,
        "var": 764042.625
    },
    "spectral_skewness": {
        "kurt": -1.11850869656,
        "max": 7.37733650208,
        "mean": 3.67296099663,
        "median": 3.4457461834,
        "min": 1.11044764519,
        "skew": 0.351941287518,
        "var": 3.1359667778
    },
    "spectral_spread": {
        "kurt": 5.800573349,
        "max": 22202960,
        "mean": 3969730.75,
        "median": 3267205.5,
        "min": 691200.5,
        "skew": 1.64007556438,
        "var": 9.53634258944e+12
    },
    "spectral_strongpeak": {
        "kurt": 40.7390174866,
        "max": 6.86487054825,
        "mean": 0.299493581057,
        "median": 0.0270210485905,
        "min": 0.0002724583901,
        "skew": 5.88175010681,
        "var": 0.662841916084
    },
    "zerocrossingrate": {
        "kurt": 0.570121765137,
        "max": 0.11376953125,
        "mean": 0.0486933216453,
        "median": 0.04052734375,
        "min": 0.0146484375,
        "skew": 1.12125277519,
        "var": 0.000413614645367
    },
    "barkbands": {
        "kurt": [82.2095489502, 108.73853302, 84.4592819214, 27.1214237213, 17.8791770935, 28.3591766357, 15.7970199585, 12.6875991821, 24.7542037964, 55.5457763672, 62.1492004395, 66.8927536011, 31.6086044312, 54.0337219238, 21.7186126709, 63.6085128784, 57.6777114868, 80.0985336304, 25.27602005, 16.0516109467, 49.6876792908, 94.7013092041, 54.5718727112, 75.7504272461, 29.7443275452, 38.8882255554, 19.8387508392],
        "max": [8.22445826998e-08, 6.10225151831e-06, 5.66164135307e-06, 8.67791095516e-06, 0.000376751355361, 0.00543711194769, 0.0177296064794, 0.000905060674995, 0.00453005870804, 0.040592353791, 0.0205640271306, 0.0288311243057, 0.00264904508367, 0.0019438713789, 0.000761353818234, 0.00101765373256, 3.80711935577e-05, 6.43319144729e-05, 1.24272155517e-05, 4.85974851472e-06, 1.55628513312e-05, 2.64539648924e-05, 2.40997860601e-06, 5.25480174929e-07, 2.00233358782e-07, 1.21035661493e-08, 1.83306125834e-09],
        "mean": [1.79397852129e-09, 9.45157125898e-08, 1.18115629277e-07, 4.17321075474e-07, 2.03538711503e-05, 0.000212299477425, 0.000882425461896, 5.5825948948e-05, 0.000205963253393, 0.0010108234128, 0.000402808276704, 0.000503268325701, 9.87511593848e-05, 4.90428465127e-05, 3.27356356138e-05, 2.09572262975e-05, 1.12640134375e-06, 1.18057471354e-06, 5.42676559689e-07, 2.74172606396e-07, 4.47160346084e-07, 4.08132649454e-07, 5.64919453439e-08, 1.10531530595e-08, 7.80384201704e-09, 4.62071603202e-10, 8.01359326119e-11],
        "median": [3.83733822495e-10, 8.31436430815e-09, 1.42381750834e-08, 3.53788394136e-08, 2.95428520758e-07, 7.62640752328e-07, 2.61775016952e-06, 1.88765199027e-07, 3.4335820942e-07, 1.11751603526e-06, 2.85099076791e-07, 3.64161337529e-07, 1.69224151136e-07, 8.51021368931e-08, 7.6362724144e-08, 5.03511010663e-08, 3.25597966366e-08, 3.16888773e-08, 2.89688220079e-08, 2.45414426558e-08, 1.61026871837e-08, 5.84338444298e-09, 1.24822951975e-09, 6.76253386622e-10, 6.06291294947e-10, 5.8494410704e-11, 1.81446242579e-12],
        "min": [5.73995581968e-12, 2.494985607e-10, 1.21040635848e-10, 7.42657824127e-10, 1.32272637288e-08, 3.26162075126e-09, 2.45961739864e-09, 1.16899290248e-09, 2.14337947391e-09, 5.45391065643e-10, 8.69173177875e-10, 6.77742029165e-10, 5.11004794035e-10, 7.04388769535e-10, 7.43322292607e-10, 1.34332667212e-09, 9.77595449037e-10, 1.01649411111e-09, 7.61337493049e-10, 1.15135356804e-09, 5.00487318256e-10, 1.6269696701e-10, 5.53943141357e-11, 3.715718358e-11, 3.63819564753e-11, 3.84667731695e-12, 8.61261881041e-14],
        "skew": [8.77195835114, 10.0239286423, 8.85150432587, 4.91693019867, 3.95322775841, 4.83620548248, 3.8313832283, 3.47670006752, 4.72943973541, 6.99417448044, 7.50591039658, 7.90297412872, 5.08384847641, 7.00811433792, 4.36124324799, 7.57073402405, 7.31237649918, 8.4749917984, 4.71835041046, 3.74506473541, 6.42943191528, 9.26896381378, 7.07023859024, 8.14606761932, 5.46020650864, 5.87505912781, 4.26682901382],
        "var": [5.85191769852e-17, 2.70129242325e-13, 2.71457308671e-13, 1.32742558265e-12, 2.92298540927e-09, 4.27194947861e-07, 6.94693881087e-06, 2.1742462053e-08, 4.13797152987e-07, 1.75357890839e-05, 4.23563187724e-06, 8.14598570287e-06, 9.85149384292e-08, 4.30838369425e-08, 1.01181667489e-08, 1.02759702969e-08, 1.90937578248e-11, 3.53626919414e-11, 2.62289105366e-12, 4.68075231352e-13, 2.60626047653e-12, 5.4679364335e-12, 6.60533978317e-14, 2.40191862303e-15, 8.50708011454e-16, 1.92688311574e-18, 6.50886839774e-20],
        "cov": [[5.88804100674e-17, 3.41491560608e-15, 2.0619490324e-15, 2.30236218206e-15, 1.53552748316e-13, 5.99403447883e-13, 3.35054163234e-12, 2.65766521203e-13, 1.05707987936e-12, 4.45266479937e-12, 1.50661406094e-12, 1.16553761e-12, 3.29776489319e-13, 1.68704243284e-13, 1.77537550091e-13, 4.87558974584e-14, 4.10764265551e-15, 1.87848360185e-15, 1.23164943278e-15, 6.69632854941e-16, 6.43794803099e-16, 4.00120867759e-16, 6.38568212768e-17, 2.31124652536e-17, 1.60060474233e-17, 1.21325093004e-18, 1.74075894762e-19], [3.41491560608e-15, 2.71796718162e-13, 2.10923983899e-13, 2.57763428657e-13, 1.03255078099e-11, 1.65412093744e-11, 4.3281586648e-11, 1.43426668112e-11, 2.47556194294e-11, 7.02096228378e-11, 1.07415795009e-11, 5.67320626241e-12, 4.20547234189e-12, 2.0634960754e-12, 2.3255746287e-12, 1.02469031524e-12, 2.35193700453e-13, 1.34525772683e-14, 5.63133795237e-14, 2.78331316463e-14, -9.70474235031e-16, -5.11456577706e-15, -2.69797516695e-16, 1.01917082091e-16, 2.35047804745e-16, 2.35866151069e-17, 7.49761056711e-18], [2.0619490324e-15, 2.10923983899e-13, 2.73132970234e-13, 4.04519489737e-13, 9.81360912672e-12, 2.66668249982e-11, 4.91989400608e-11, 2.65681244366e-11, 3.41666139825e-11, 8.6852837422e-11, 1.81430512974e-11, 1.69136510353e-11, 4.69847685064e-12, 3.25251414343e-12, 2.84644356696e-12, 1.58928577763e-12, 2.54454389417e-13, 3.81251223625e-14, 5.04338731151e-14, 2.0981017962e-14, 2.61370311787e-15, 4.20774585625e-15, 5.70633232252e-16, 2.83800427151e-16, 2.96866069181e-16, 2.81314564121e-17, 1.3075689793e-17], [2.30236218206e-15, 2.57763428657e-13, 4.04519489737e-13, 1.33561954899e-12, 2.97659258353e-11, 1.20349508137e-10, 1.66255481604e-10, 5.52009583876e-11, 7.90612644797e-11, 3.51654344533e-10, 6.02511582293e-11, 9.71786817683e-11, 2.86867925248e-11, 1.51383731939e-11, 9.21227850947e-12, 6.15155452618e-12, 7.70401049812e-13, 2.55842466353e-13, 2.25091118162e-13, 8.56344414325e-14, 1.06389072899e-13, 6.6618484004e-14, 1.59489053366e-14, 1.95391527394e-15, 2.42587356182e-15, 9.19509718433e-17, 2.69803568348e-17], [1.53552748316e-13, 1.03255078099e-11, 9.81360912672e-12, 2.97659258353e-11, 2.94102853182e-09, 1.41473712745e-08, 2.13324149456e-08, 5.5878692784e-09, 9.26992971273e-09, 2.10984101301e-08, 1.33162672e-08, 1.09653166547e-08, 4.18182244388e-09, 1.5062295855e-09, 1.07559761098e-09, 8.0889200893e-10, 4.09704180304e-11, 2.32548789253e-11, 1.59465045335e-11, 1.09830000997e-11, 1.03700424983e-11, 8.3564934486e-12, 1.07565475624e-12, 3.59020538993e-13, 2.64535084376e-13, 1.23829178045e-14, 2.5227076389e-15], [5.99403447883e-13, 1.65412093744e-11, 2.66668249982e-11, 1.20349508137e-10, 1.41473712745e-08, 4.29831970905e-07, 9.0663490937e-07, 5.01315788881e-08, 2.76284310985e-07, 6.48334832931e-07, 3.540459943e-07, 3.00417383414e-07, 7.77515509753e-08, 3.65677799152e-08, 2.58837502543e-08, 1.37642688358e-08, 7.40946359823e-10, 7.70249641846e-10, 4.08413525221e-10, 2.08293979287e-10, 4.32040292431e-10, 3.00639957374e-10, 3.83203538346e-11, 1.01786209669e-11, 8.83925398154e-12, 4.54164483799e-13, 7.28859043974e-14], [3.35054163234e-12, 4.3281586648e-11, 4.91989400608e-11, 1.66255481604e-10, 2.13324149456e-08, 9.0663490937e-07, 6.98982103131e-06, 2.11892498214e-07, 1.27809971673e-06, 7.10960421202e-06, 2.95769314107e-06, 4.1301868805e-06, 6.69925327657e-07, 3.96695725158e-07, 1.82708916441e-07, 1.44662450907e-07, 6.13363626556e-09, 8.5656086668e-09, 2.89542034793e-09, 1.21977183909e-09, 3.02487968007e-09, 3.28382609993e-09, 3.9618971992e-10, 7.58202667317e-11, 5.2893189828e-11, 2.72624631203e-12, 4.19850162666e-13], [2.65766521203e-13, 1.43426668112e-11, 2.65681244366e-11, 5.52009583876e-11, 5.5878692784e-09, 5.01315788881e-08, 2.11892498214e-07, 2.1876674694e-08, 6.03324394888e-08, 3.10301288664e-07, 1.58923967319e-07, 2.07654977658e-07, 2.98284632549e-08, 1.85459541058e-08, 7.41676364768e-09, 8.37988700653e-09, 3.2741481748e-10, 4.04171612844e-10, 1.12211268055e-10, 5.64319563301e-11, 1.21871776559e-10, 1.51573448237e-10, 1.69355814095e-11, 3.47198528608e-12, 2.11180010111e-12, 1.15571560568e-13, 1.76928106497e-14], [1.05707987936e-12, 2.47556194294e-11, 3.41666139825e-11, 7.90612644797e-11, 9.26992971273e-09, 2.76284310985e-07, 1.27809971673e-06, 6.03324394888e-08, 4.16351440435e-07, 1.90597336314e-06, 1.0141434359e-06, 1.32964464683e-06, 1.34321794576e-07, 9.7137984767e-08, 3.39633672297e-08, 4.85279691986e-08, 1.94503346762e-09, 2.82110912408e-09, 7.38059002803e-10, 3.26984439525e-10, 8.60133020364e-10, 1.07904041258e-09, 1.19467241655e-10, 2.57414090044e-11, 1.58320127841e-11, 8.09770544889e-13, 8.66189037814e-14], [4.45266479937e-12, 7.02096228378e-11, 8.6852837422e-11, 3.51654344533e-10, 2.10984101301e-08, 6.48334832931e-07, 7.10960421202e-06, 3.10301288664e-07, 1.90597336314e-06, 1.76440353243e-05, 5.83768860452e-06, 9.64081027632e-06, 9.52766811224e-07, 6.53011852592e-07, 1.9791974637e-07, 3.23665261703e-07, 1.71381202563e-08, 2.08177048933e-08, 5.09053288411e-09, 1.97472727059e-09, 5.29132249127e-09, 7.13043224465e-09, 9.55887480281e-10, 1.53906068445e-10, 1.03903781412e-10, 4.46707774937e-12, 5.0530901078e-13], [1.50661406094e-12, 1.07415795009e-11, 1.81430512974e-11, 6.02511582293e-11, 1.33162672e-08, 3.540459943e-07, 2.95769314107e-06, 1.58923967319e-07, 1.0141434359e-06, 5.83768860452e-06, 4.26177757618e-06, 5.46707724425e-06, 3.55655629392e-07, 3.41808089388e-07, 9.43740445791e-08, 1.95823119498e-07, 6.96415591861e-09, 1.10016582511e-08, 2.22840590425e-09, 8.81776596184e-10, 2.89031953926e-09, 4.25919743918e-09, 4.35795372011e-10, 9.091633002e-11, 4.58153168181e-11, 2.55869327462e-12, 2.99227249966e-13], [1.16553761e-12, 5.67320626241e-12, 1.69136510353e-11, 9.71786817683e-11, 1.09653166547e-08, 3.00417383414e-07, 4.1301868805e-06, 2.07654977658e-07, 1.32964464683e-06, 9.64081027632e-06, 5.46707724425e-06, 8.19626984594e-06, 5.73001671e-07, 5.35998481155e-07, 1.20088373023e-07, 2.85726969196e-07, 1.07318571807e-08, 1.65914038064e-08, 3.35281824526e-09, 1.27007404593e-09, 4.22968149394e-09, 6.43533892841e-09, 6.87925050258e-10, 1.32694827348e-10, 6.9868992536e-11, 3.51465601414e-12, 3.34191604511e-13], [3.29776489319e-13, 4.20547234189e-12, 4.69847685064e-12, 2.86867925248e-11, 4.18182244388e-09, 7.77515509753e-08, 6.69925327657e-07, 2.98284632549e-08, 1.34321794576e-07, 9.52766811224e-07, 3.55655629392e-07, 5.73001671e-07, 9.91230564296e-08, 5.47046816735e-08, 2.23568896729e-08, 2.11320330123e-08, 8.37799607467e-10, 1.09103914792e-09, 2.98897157025e-10, 1.2558031004e-10, 3.33772370853e-10, 3.9709791011e-10, 5.19975659752e-11, 8.55331690891e-12, 6.12835303337e-12, 2.86068748984e-13, 4.81233772992e-14], [1.68704243284e-13, 2.0634960754e-12, 3.25251414343e-12, 1.51383731939e-11, 1.5062295855e-09, 3.65677799152e-08, 3.96695725158e-07, 1.85459541058e-08, 9.7137984767e-08, 6.53011852592e-07, 3.41808089388e-07, 5.35998481155e-07, 5.47046816735e-08, 4.33497859831e-08, 1.17208571737e-08, 1.89560367403e-08, 6.52264964263e-10, 1.03869046697e-09, 2.29420454856e-10, 9.2743986102e-11, 2.93024826625e-10, 4.14105805202e-10, 4.45543185679e-11, 8.47735163317e-12, 4.75004020492e-12, 2.42474063831e-13, 2.59388915376e-14], [1.77537550091e-13, 2.3255746287e-12, 2.84644356696e-12, 9.21227850947e-12, 1.07559761098e-09, 2.58837502543e-08, 1.82708916441e-07, 7.41676364768e-09, 3.39633672297e-08, 1.9791974637e-07, 9.43740445791e-08, 1.20088373023e-07, 2.23568896729e-08, 1.17208571737e-08, 1.01806243435e-08, 4.64526372923e-09, 1.82152445904e-10, 2.50201609431e-10, 8.8895932282e-11, 3.95052150715e-11, 8.51348158637e-11, 9.52921769271e-11, 1.08647804295e-11, 2.04848854893e-12, 1.12699693328e-12, 7.36897928745e-14, 1.66748295131e-14], [4.87558974584e-14, 1.02469031524e-12, 1.58928577763e-12, 6.15155452618e-12, 8.0889200893e-10, 1.37642688358e-08, 1.44662450907e-07, 8.37988700653e-09, 4.85279691986e-08, 3.23665261703e-07, 1.95823119498e-07, 2.85726969196e-07, 2.11320330123e-08, 1.89560367403e-08, 4.64526372923e-09, 1.03394022233e-08, 3.71378455766e-10, 5.79108871968e-10, 1.16118462068e-10, 4.46548908961e-11, 1.49233431168e-10, 2.2410849565e-10, 2.38498873428e-11, 4.63576139281e-12, 2.38104176133e-12, 1.2359994213e-13, 1.1948839677e-14], [4.10764265551e-15, 2.35193700453e-13, 2.54454389417e-13, 7.70401049812e-13, 4.09704180304e-11, 7.40946359823e-10, 6.13363626556e-09, 3.2741481748e-10, 1.94503346762e-09, 1.71381202563e-08, 6.96415591861e-09, 1.07318571807e-08, 8.37799607467e-10, 6.52264964263e-10, 1.82152445904e-10, 3.71378455766e-10, 1.9211620142e-11, 2.38715002626e-11, 5.63254260941e-12, 2.13776175581e-12, 5.99534137613e-12, 8.42773593968e-12, 1.06102778473e-12, 1.76183137632e-13, 1.06773741053e-13, 4.82734452794e-15, 4.98734322832e-16], [1.87848360185e-15, 1.34525772683e-14, 3.81251223625e-14, 2.55842466353e-13, 2.32548789253e-11, 7.70249641846e-10, 8.5656086668e-09, 4.04171612844e-10, 2.82110912408e-09, 2.08177048933e-08, 1.10016582511e-08, 1.65914038064e-08, 1.09103914792e-09, 1.03869046697e-09, 2.50201609431e-10, 5.79108871968e-10, 2.38715002626e-11, 3.55809791353e-11, 7.6557128692e-12, 2.89515395165e-12, 9.11805353443e-12, 1.35974911886e-11, 1.49669870681e-12, 2.80025351865e-13, 1.47624127549e-13, 7.37577825151e-15, 6.41057457311e-16], [1.23164943278e-15, 5.63133795237e-14, 5.04338731151e-14, 2.25091118162e-13, 1.59465045335e-11, 4.08413525221e-10, 2.89542034793e-09, 1.12211268055e-10, 7.38059002803e-10, 5.09053288411e-09, 2.22840590425e-09, 3.35281824526e-09, 2.98897157025e-10, 2.29420454856e-10, 8.8895932282e-11, 1.16118462068e-10, 5.63254260941e-12, 7.6557128692e-12, 2.63908166154e-12, 9.37189995748e-13, 2.29695949761e-12, 2.9309549579e-12, 3.44201745014e-13, 6.17663065876e-14, 3.60474149174e-14, 1.79108885994e-15, 1.8920578607e-16], [6.69632854941e-16, 2.78331316463e-14, 2.0981017962e-14, 8.56344414325e-14, 1.09830000997e-11, 2.08293979287e-10, 1.21977183909e-09, 5.64319563301e-11, 3.26984439525e-10, 1.97472727059e-09, 8.81776596184e-10, 1.27007404593e-09, 1.2558031004e-10, 9.2743986102e-11, 3.95052150715e-11, 4.46548908961e-11, 2.13776175581e-12, 2.89515395165e-12, 9.37189995748e-13, 4.70964575932e-13, 8.69749910114e-13, 1.0866455305e-12, 1.22953811845e-13, 2.49043407424e-14, 1.447886441e-14, 7.37540068657e-16, 8.27169429071e-17], [6.43794803099e-16, -9.70474235031e-16, 2.61370311787e-15, 1.06389072899e-13, 1.03700424983e-11, 4.32040292431e-10, 3.02487968007e-09, 1.21871776559e-10, 8.60133020364e-10, 5.29132249127e-09, 2.89031953926e-09, 4.22968149394e-09, 3.33772370853e-10, 2.93024826625e-10, 8.51348158637e-11, 1.49233431168e-10, 5.99534137613e-12, 9.11805353443e-12, 2.29695949761e-12, 8.69749910114e-13, 2.62234851889e-12, 3.58232172225e-12, 3.90572827986e-13, 7.4929971082e-14, 4.11422977663e-14, 2.12929852786e-15, 2.02348666917e-16], [4.00120867759e-16, -5.11456577706e-15, 4.20774585625e-15, 6.6618484004e-14, 8.3564934486e-12, 3.00639957374e-10, 3.28382609993e-09, 1.51573448237e-10, 1.07904041258e-09, 7.13043224465e-09, 4.25919743918e-09, 6.43533892841e-09, 3.9709791011e-10, 4.14105805202e-10, 9.52921769271e-11, 2.2410849565e-10, 8.42773593968e-12, 1.35974911886e-11, 2.9309549579e-12, 1.0866455305e-12, 3.58232172225e-12, 5.50168894817e-12, 5.5656770425e-13, 1.11005822589e-13, 5.45738584531e-14, 2.86479968234e-15, 2.16837364003e-16], [6.38568212768e-17, -2.69797516695e-16, 5.70633232252e-16, 1.59489053366e-14, 1.07565475624e-12, 3.83203538346e-11, 3.9618971992e-10, 1.69355814095e-11, 1.19467241655e-10, 9.55887480281e-10, 4.35795372011e-10, 6.87925050258e-10, 5.19975659752e-11, 4.45543185679e-11, 1.08647804295e-11, 2.38498873428e-11, 1.06102778473e-12, 1.49669870681e-12, 3.44201745014e-13, 1.22953811845e-13, 3.90572827986e-13, 5.5656770425e-13, 6.64611391637e-14, 1.14973575636e-14, 6.64140958008e-15, 3.0938055746e-16, 2.82910791093e-17], [2.31124652536e-17, 1.01917082091e-16, 2.83800427151e-16, 1.95391527394e-15, 3.59020538993e-13, 1.01786209669e-11, 7.58202667317e-11, 3.47198528608e-12, 2.57414090044e-11, 1.53906068445e-10, 9.091633002e-11, 1.32694827348e-10, 8.55331690891e-12, 8.47735163317e-12, 2.04848854893e-12, 4.63576139281e-12, 1.76183137632e-13, 2.80025351865e-13, 6.17663065876e-14, 2.49043407424e-14, 7.4929971082e-14, 1.11005822589e-13, 1.14973575636e-14, 2.4167452995e-15, 1.27695913095e-15, 6.42795502745e-17, 5.31818858997e-18], [1.60060474233e-17, 2.35047804745e-16, 2.96866069181e-16, 2.42587356182e-15, 2.64535084376e-13, 8.83925398154e-12, 5.2893189828e-11, 2.11180010111e-12, 1.58320127841e-11, 1.03903781412e-10, 4.58153168181e-11, 6.9868992536e-11, 6.12835303337e-12, 4.75004020492e-12, 1.12699693328e-12, 2.38104176133e-12, 1.06773741053e-13, 1.47624127549e-13, 3.60474149174e-14, 1.447886441e-14, 4.11422977663e-14, 5.45738584531e-14, 6.64140958008e-15, 1.27695913095e-15, 8.5595929809e-16, 3.74373772697e-17, 3.83648436054e-18], [1.21325093004e-18, 2.35866151069e-17, 2.81314564121e-17, 9.19509718433e-17, 1.23829178045e-14, 4.54164483799e-13, 2.72624631203e-12, 1.15571560568e-13, 8.09770544889e-13, 4.46707774937e-12, 2.55869327462e-12, 3.51465601414e-12, 2.86068748984e-13, 2.42474063831e-13, 7.36897928745e-14, 1.2359994213e-13, 4.82734452794e-15, 7.37577825151e-15, 1.79108885994e-15, 7.37540068657e-16, 2.12929852786e-15, 2.86479968234e-15, 3.0938055746e-16, 6.42795502745e-17, 3.74373772697e-17, 1.93877755936e-18, 2.16755648484e-19], [1.74075894762e-19, 7.49761056711e-18, 1.3075689793e-17, 2.69803568348e-17, 2.5227076389e-15, 7.28859043974e-14, 4.19850162666e-13, 1.76928106497e-14, 8.66189037814e-14, 5.0530901078e-13, 2.99227249966e-13, 3.34191604511e-13, 4.81233772992e-14, 2.59388915376e-14, 1.66748295131e-14, 1.1948839677e-14, 4.98734322832e-16, 6.41057457311e-16, 1.8920578607e-16, 8.27169429071e-17, 2.02348666917e-16, 2.16837364003e-16, 2.82910791093e-17, 5.31818858997e-18, 3.83648436054e-18, 2.16755648484e-19, 6.54904675729e-20]]
    },
    "mfcc": {
        "kurt": [-0.598621368408, -1.38545310497, -2.40802764893e-05, -1.5425632, -1.07794070244, -0.155838012695, 0.200392961502, -0.120575428009, -0.116136550903, 0.80717253685, 0.295496225357, -0.152928113937, -0.527775764465],
        "max": [-693.392272949, 233.147521973, 55.5265846252, 27.782169342, 17.712387085, 6.25783538818, 6.51449966431, 12.0834217072, 4.15762710571, 8.34255409241, 6.71223831177, 9.88743591309, 15.8350448608],
        "mean": [-1000.95648193, 100.54359436, -11.1211738586, -32.0737113953, -28.1105995178, -15.2958755493, -14.0455121994, -15.2213811874, -10.4818162918, -11.0102834702, -10.0127401352, -7.90845108032, -0.676719129086],
        "median": [-1053.64086914, 82.851600647, -0.49919128418, -31.900062561, -26.3982810974, -15.3977279663, -11.2023925781, -10.8342285156, -10.2088394165, -8.72564697266, -8.41267204285, -7.03357696533, -0.996421813965],
        "min": [-1128.79187012, 8.63788986206, -114.989875793, -95.5028762817, -90.9703369141, -49.8059654236, -55.049041748, -62.5673370361, -33.8364562988, -37.4517364502, -33.7709884644, -27.7762413025, -16.4352226257],
        "skew": [0.80622369051, 0.263092011213, -0.864710569382, -0.0232356749475, -0.16144567728, -0.254327952862, -0.867470085621, -0.719206929207, -0.4258672297, -1.08186662197, -0.617887318134, -0.511809766293, 0.209374457598],
        "var": [13751.2333984, 4189.12792969, 1437.45959473, 1374.59118652, 685.633117676, 122.058532715, 186.180786133, 221.982070923, 51.7529716492, 73.5326843262, 53.3357772827, 56.1491317749, 46.3175163269],
        "cov": [[13836.1171875, 7198.31347656, -4076.4699707, -3493.94213867, -2581.2355957, -778.791503906, -1259.94067383, -1393.62219238, -486.838531494, -638.248596191, -301.333709717, -459.468414307, 72.5851135254], [7198.31347656, 4214.98681641, -1926.86193848, -2023.53747559, -1378.29699707, -494.622680664, -669.515625, -796.733337402, -291.841461182, -290.91293335, -227.159622192, -243.396530151, 43.2295799255], [-4076.4699707, -1926.86193848, 1446.33288574, 1143.55249023, 806.367614746, 191.866546631, 366.787750244, 402.17010498, 127.289230347, 191.38861084, 74.7994537354, 149.265945435, -35.970035553], [-3493.94213867, -2023.53747559, 1143.55249023, 1383.07629395, 878.448181152, 253.730392456, 346.306488037, 398.193389893, 155.001266479, 146.55519104, 115.662277222, 128.126449585, -79.2390518188], [-2581.2355957, -1378.29699707, 806.367614746, 878.448181152, 689.865478516, 216.124221802, 243.056549072, 279.894134521, 121.079742432, 127.571418762, 53.5682258606, 78.1012573242, -54.9505691528], [-778.791503906, -494.622680664, 191.866546631, 253.730392456, 216.124221802, 122.811981201, 85.7977523804, 97.7972946167, 42.7588691711, 31.6687774658, 28.7671508789, 13.0965213776, -16.1961669922], [-1259.94067383, -669.515625, 366.787750244, 346.306488037, 243.056549072, 85.7977523804, 187.330047607, 170.579376221, 55.7384185791, 76.0850296021, 33.2618560791, 42.889667511, -4.94760465622], [-1393.62219238, -796.733337402, 402.17010498, 398.193389893, 279.894134521, 97.7972946167, 170.579376221, 223.352340698, 83.3070373535, 64.2207489014, 48.9538803101, 57.0404052734, 3.48097276688], [-486.838531494, -291.841461182, 127.289230347, 155.001266479, 121.079742432, 42.7588691711, 55.7384185791, 83.3070373535, 52.0724334717, 34.6498031616, 18.6907272339, 22.0100269318, -2.21953487396], [-638.248596191, -290.91293335, 191.38861084, 146.55519104, 127.571418762, 31.6687774658, 76.0850296021, 64.2207489014, 34.6498031616, 73.9865951538, 26.9110336304, 20.9794540405, -3.71079659462], [-301.333709717, -227.159622192, 74.7994537354, 115.662277222, 53.5682258606, 28.7671508789, 33.2618560791, 48.9538803101, 18.6907272339, 26.9110336304, 53.6650085449, 27.6132640839, 4.50733423233], [-459.468414307, -243.396530151, 149.265945435, 128.126449585, 78.1012573242, 13.0965213776, 42.889667511, 57.0404052734, 22.0100269318, 20.9794540405, 27.6132640839, 56.4957313538, 22.2983531952], [72.5851135254, 43.2295799255, -35.970035553, -79.2390518188, -54.9505691528, -16.1961669922, -4.94760465622, 3.48097276688, -2.21953487396, -3.71079659462, 4.50733423233, 22.2983531952, 46.6034240723]]
    },
    "sccoeffs": {
        "kurt": [-0.0415549278259, 0.704368591309, 0.257293224335, 0.255237817764, 2.03676080704, 0.514146089554],
        "max": [-0.409901946783, -0.465091258287, -0.605597019196, -0.654579520226, -0.747373819351, -0.725908041],
        "mean": [-0.736624181271, -0.787468492985, -0.823148965836, -0.840457677841, -0.871050477028, -0.846080541611],
        "median": [-0.777765452862, -0.808458030224, -0.847004175186, -0.854729294777, -0.883044481277, -0.852523982525],
        "min": [-0.896428227425, -0.92511177063, -0.925561904907, -0.930742800236, -0.913749933243, -0.943805038929],
        "skew": [0.918753564358, 1.00048995018, 0.965969026089, 0.925961196423, 1.54025268555, 0.872027218342],
        "var": [0.013341457583, 0.00897165201604, 0.00494274869561, 0.00379096553661, 0.00127486267593, 0.00159776723012],
        "cov": [[0.0134238125756, 0.00633235694841, 0.00556431757286, 0.00525685120374, 0.00268255406991, 0.00316220219247], [0.00633235694841, 0.00902703311294, 0.00484188320115, 0.00450986810029, 0.00214466359466, 0.00286167184822], [0.00556431757286, 0.00484188320115, 0.00497325975448, 0.00347617152147, 0.00159856001846, 0.00208685058169], [0.00525685120374, 0.00450986810029, 0.00347617152147, 0.00381436641328, 0.00166033313144, 0.00198737368919], [0.00268255406991, 0.00214466359466, 0.00159856001846, 0.00166033313144, 0.00128273211885, 0.00107254891191], [0.00316220219247, 0.00286167184822, 0.00208685058169, 0.00198737368919, 0.00107254891191, 0.00160762993619]]
    },
    "scvalleys": {
        "kurt": [1.05647087097, -1.24335467815, -1.09305536747, -0.891935825348, -0.461218833923, 0.0353705883026],
        "max": [-7.48282337189, -5.00315666199, -3.91180634499, -5.76120758057, -8.23161411285, -10.236076355],
        "mean": [-10.4210042953, -8.61961364746, -8.77258014679, -9.80834770203, -11.0472736359, -13.1946954727],
        "median": [-10.4954013824, -9.27586936951, -9.25478935242, -10.428732872, -11.1866455078, -13.3683996201],
        "min": [-12.0949792862, -12.2700548172, -12.1850118637, -12.5930747986, -12.7325935364, -14.7952280045],
        "skew": [0.75808352232, 0.341163277626, 0.328042060137, 0.587966561317, 0.509465515614, 0.684956729412],
        "var": [0.670643031597, 3.82894015312, 4.71581125259, 3.29444026947, 1.00032544136, 0.940578699112],
        "cov": [[0.674782812595, 0.911426782608, 0.844423174858, 0.751080274582, 0.503898441792, 0.455676227808], [0.911426782608, 3.85257554054, 4.0825138092, 3.39949989319, 1.6447763443, 1.35993111134], [0.844423174858, 4.0825138092, 4.74492120743, 3.86305260658, 1.79890060425, 1.50269365311], [0.751080274582, 3.39949989319, 3.86305260658, 3.31477642059, 1.58875834942, 1.33941853046], [0.503898441792, 1.6447763443, 1.79890060425, 1.58875834942, 1.00650036335, 0.885437309742], [0.455676227808, 1.35993111134, 1.50269365311, 1.33941853046, 0.885437309742, 0.94638478756]]
    }
},
"rhythm": {
    "beats_loudness": {
        "kurt": 2.04248809814,
        "max": 0.0504141785204,
        "mean": 0.0080618802458,
        "median": 9.97380411718e-05,
        "min": 1.86807668001e-07,
        "skew": 1.98871850967,
        "var": 0.000302881962853
    },
    "bpm": 132.512023926,
    "confidence": 0,
    "first_peak_bpm": {
        "kurt": 0,
        "max": 133,
        "mean": 133,
        "median": 133,
        "min": 133,
        "skew": 0,
        "var": 0
    },
    "first_peak_spread": {
        "kurt": 0,
        "max": 0,
        "mean": 0,
        "median": 0,
        "min": 0,
        "skew": 0,
        "var": 0
    },
    "first_peak_weight": {
        "kurt": 0,
        "max": 0.666666686535,
        "mean": 0.666666686535,
        "median": 0.666666686535,
        "min": 0.666666686535,
        "skew": 0,
        "var": 0
    },
    "onset_rate": 1.06564211845,
    "second_peak_bpm": {
        "kurt": 0,
        "max": 126,
        "mean": 126,
        "median": 126,
        "min": 126,
        "skew": 0,
        "var": 0
    },
    "second_peak_spread": {
        "kurt": 0,
        "max": 0,
        "mean": 0,
        "median": 0,
        "min": 0,
        "skew": 0,
        "var": 0
    },
    "second_peak_weight": {
        "kurt": 0,
        "max": 0.333333343267,
        "mean": 0.333333343267,
        "median": 0.333333343267,
        "min": 0.333333343267,
        "skew": 0,
        "var": 0
    },
    "beats_loudness_band_ratio": {
        "kurt": [-0.180910110474, 0.956823825836, -1.18045604229, 0.18821978569, 2.04603910446, 1.22859668732],
        "max": [0.289046049118, 0.482372999191, 0.767773091793, 0.739386320114, 0.250157386065, 0.130995616317],
        "mean": [0.0699347928166, 0.167318925261, 0.45510700345, 0.273611605167, 0.0488941073418, 0.026664538309],
        "median": [0.0134453000501, 0.132945999503, 0.497382938862, 0.276283860207, 0.0120785087347, 0.00395469972864],
        "min": [2.13691891986e-05, 0.0402104519308, 0.14030495286, 0.00951761845499, 0.00139724416658, 0.000212158716749],
        "skew": [1.21934151649, 1.48079681396, -0.0561447031796, 0.96303242445, 1.98663318157, 1.682320714],
        "var": [0.0112446248531, 0.019263278693, 0.0422194004059, 0.0491072796285, 0.00683961156756, 0.00201681419276],
        "cov": [[0.0131187289953, 0.00169129949063, -0.0172796342522, -0.00987877417356, 0.00902031734586, 0.00538629060611], [0.00169129949063, 0.0224738251418, -0.00448219338432, -0.0224499050528, 0.000823107839096, 0.000753900734708], [-0.0172796342522, -0.00448219338432, 0.0492559671402, -0.0119002051651, -0.0122537650168, -0.00719578005373], [-0.00987877417356, -0.0224499050528, -0.0119002051651, 0.0572918243706, -0.00783068221062, -0.00451731076464], [0.00902031734586, 0.000823107839096, -0.0122537650168, -0.00783068221062, 0.0079795466736, 0.00420281430706], [0.00538629060611, 0.000753900734708, -0.00719578005373, -0.00451731076464, 0.00420281430706, 0.00235294993035]]
    },
    "beats_position": [0.46439909935, 0.940408170223, 1.4164172411, 1.86920630932, 2.32199549675, 2.77478456497, 3.22757363319],
    "bpm_estimates": [132.512039185, 132.511993408, 132.512039185, 132.512039185],
    "bpm_intervals": [0.476009070873, 0.476009070873, 0.452789068222, 0.452789187431, 0.452789068222, 0.452789068222],
    "onset_times": [0.0464399084449, 1.34675741196, 2.41487526894, 3.15791392326],
    "histogram": [[0, 0, 0, 0, 0, 0, 0, 0, 0, 0, 0, 0, 0, 0, 0, 0, 0, 0, 0, 0, 0, 0, 0, 0, 0, 0, 0, 0, 0, 0, 0, 0, 0, 0, 0, 0, 0, 0, 0, 0, 0, 0, 0, 0, 0, 0, 0, 0, 0, 0, 0, 0, 0, 0, 0, 0, 0, 0, 0, 0, 0, 0, 0, 0, 0, 0, 0, 0, 0, 0, 0, 0, 0, 0, 0, 0, 0, 0, 0, 0, 0, 0, 0, 0, 0, 0, 0, 0, 0, 0, 0, 0, 0, 0, 0, 0, 0, 0, 0, 0, 0, 0, 0, 0, 0, 0, 0, 0, 0, 0, 0, 0, 0, 0, 0, 0, 0, 0, 0, 0, 0, 0, 0, 0, 0, 0, 0.333333343267, 0, 0, 0, 0, 0, 0, 0.666666686535, 0, 0, 0, 0, 0, 0, 0, 0, 0, 0, 0, 0, 0, 0, 0, 0, 0, 0, 0, 0, 0, 0, 0, 0, 0, 0, 0, 0, 0, 0, 0, 0, 0, 0, 0, 0, 0, 0, 0, 0, 0, 0, 0, 0, 0, 0, 0, 0, 0, 0, 0, 0, 0, 0, 0, 0, 0, 0, 0, 0, 0, 0, 0, 0, 0, 0, 0, 0, 0, 0, 0, 0, 0, 0, 0, 0, 0, 0, 0, 0, 0, 0, 0, 0, 0, 0, 0, 0, 0, 0, 0, 0, 0, 0, 0, 0, 0, 0, 0, 0, 0, 0, 0, 0, 0, 0, 0, 0, 0, 0, 0, 0, 0, 0, 0, 0]]
},
"sfx": {
    "inharmonicity": {
        "kurt": 2.15859270096,
        "max": 0.426837533712,
        "mean": 0.0777536779642,
        "median": 0.0487146489322,
        "min": 0,
        "skew": 1.49002027512,
        "var": 0.00687921978533
    },
    "oddtoevenharmonicenergyratio": {
        "kurt": 13.9559612274,
        "max": 14.0496387482,
        "mean": 1.37498748302,
        "median": 0.572742938995,
        "min": 0,
        "skew": 3.51568174362,
        "var": 5.23070335388
    },
    "pitch_after_max_to_before_max_energy_ratio": 1.9906283617,
    "pitch_centroid": 80.5991821289,
    "pitch_max_to_total": 0.331288337708,
    "pitch_min_to_total": 0.0122699383646,
    "tristimulus": {
        "kurt": [0.623878955841, -0.161104440689, -0.834623098373],
        "max": [1, 0.858909010887, 0.81696331501],
        "mean": [0.33654654026, 0.418727189302, 0.244726195931],
        "median": [0.307889908552, 0.41450175643, 0.161563411355],
        "min": [0, 0, 0],
        "skew": [0.840432167053, -0.184354841709, 0.609256565571],
        "var": [0.0627612918615, 0.0347302630544, 0.0491598695517],
        "cov": [[0.0631487071514, -0.0243150144815, -0.038833707571], [-0.0243150144815, 0.0349446497858, -0.0106296250597], [-0.038833707571, -0.0106296250597, 0.0494633242488]]
    }
},
"tonal": {
    "chords_changes_rate": 0.0121951214969,
    "chords_number_rate": 0.0243902429938,
    "chords_strength": {
        "kurt": -1.13159167767,
        "max": 0.596571326256,
        "mean": 0.508709251881,
        "median": 0.524144589901,
        "min": 0.42833763361,
        "skew": -0.399958312511,
        "var": 0.00209230836481
    },
    "key_strength": 0.408632993698,
    "tuning_diatonic_strength": 0.43296700716,
    "tuning_equal_tempered_deviation": 0.232600852847,
    "tuning_frequency": 453.416503906,
    "tuning_nontempered_energy_ratio": 0.9220443964,
    "hpcp": {
        "kurt": [-0.374308347702, 1.26064825058, 3.67890787125, 2.64282464981, 6.70602798462, 6.18797016144, 6.14617919922, 3.40211439133, 3.45623540878, 8.02036476135, 2.98316526413, 14.0907745361, 4.68034315109, 8.15431785583, 8.17862701416, 5.45479393005, 5.30559921265, 20.4418334961, 5.41399669647, 6.80989742279, 10.5258588791, 6.34827423096, 7.80166339874, 3.50400161743, 7.34139633179, 3.9595413208, 3.00099992752, 2.62302398682, 1.3012881279, 1.80185937881, 3.41144227982, 0.981302976608, -0.34183049202, -1.08739626408, -1.56600546837, -1.33696007729],
        "max": [1, 1, 1, 0.750725865364, 1, 1, 1, 0.889130711555, 0.860858500004, 0.8741710186, 0.664623498917, 0.953992724419, 0.500856399536, 0.546415150166, 1, 1, 0.83368241787, 1, 0.744605958462, 0.849982023239, 1, 1, 1, 0.671940326691, 1, 0.912329614162, 1, 1, 1, 1, 1, 1, 1, 1, 1, 1],
        "mean": [0.342237025499, 0.22135232389, 0.152922928333, 0.134097397327, 0.134786278009, 0.150886565447, 0.157142162323, 0.17151479423, 0.165752589703, 0.139326810837, 0.130944252014, 0.115233488381, 0.089101023972, 0.0928150638938, 0.126676633954, 0.152872636914, 0.134297654033, 0.116047941148, 0.115602515638, 0.120356827974, 0.128327548504, 0.139982327819, 0.132576301694, 0.120229184628, 0.141560584307, 0.175967499614, 0.196089416742, 0.199674367905, 0.239822149277, 0.227257281542, 0.183613806963, 0.241745650768, 0.334071069956, 0.435381114483, 0.518976926804, 0.469759464264],
        "median": [0.286541581154, 0.117475658655, 0.0488610193133, 0.0542458593845, 0.0516752824187, 0.0574795231223, 0.0545030981302, 0.0862938165665, 0.0993897169828, 0.0982043370605, 0.0870218724012, 0.074145808816, 0.0538970977068, 0.0629580169916, 0.0572887286544, 0.0623426809907, 0.0693430677056, 0.0738348066807, 0.0654433593154, 0.0625206083059, 0.0693318620324, 0.0528597198427, 0.052820071578, 0.0645691007376, 0.0776330381632, 0.103030845523, 0.119278676808, 0.120748095214, 0.105883598328, 0.102946206927, 0.108306720853, 0.1495192945, 0.249572873116, 0.365166902542, 0.581790626049, 0.457294404507],
