{
"metadata": {
    "version": {
        "essentia": "2.1-beta3"
    }
},
"lowLevel": {
    "average_loudness": 0.561638712883,
    "barkbands_kurtosis": {
        "kurt": 23.18409729,
        "max": 56.2515182495,
        "mean": 2.99461150169,
        "median": 1.01269745827,
        "min": -1.7496240139,
        "skew": 4.20032644272,
        "var": 46.5556526184
    },
    "barkbands_skewness": {
        "kurt": 3.23495674133,
        "max": 7.45693731308,
        "mean": 0.976332604885,
        "median": 0.838139414787,
        "min": -2.38437771797,
        "skew": 1.16647446156,
        "var": 1.65433681011
    },
    "barkbands_spread": {
        "kurt": -0.258920669556,
        "max": 51.0990600586,
        "mean": 16.1957702637,
        "median": 10.8881778717,
        "min": 0.749745666981,
        "skew": 0.946857094765,
        "var": 174.625762939
    },
    "dissonance": {
        "kurt": 6.01188087463,
        "max": 0.499953716993,
        "mean": 0.447386533022,
        "median": 0.466642946005,
        "min": 0.11340200156,
        "skew": -2.22300314903,
        "var": 0.00358348363079
    },
    "hfc": {
        "kurt": 83.2012710571,
        "max": 53.3019943237,
        "mean": 0.880659759045,
        "median": 0.000700340548065,
        "min": 1.61452254344e-10,
        "skew": 8.09970760345,
        "var": 15.0284700394
    },
    "pitch": {
        "kurt": 3.01998090744,
        "max": 4729.36230469,
        "mean": 912.445800781,
        "median": 599.579223633,
        "min": 98.5159606934,
        "skew": 2.14438557625,
        "var": 1203889.125
    },
    "pitch_instantaneous_confidence": {
        "kurt": -1.01248443127,
        "max": 0.989075183868,
        "mean": 0.54006421566,
        "median": 0.519469261169,
        "min": 0.129630446434,
        "skew": 0.166301175952,
        "var": 0.0495254583657
    },
    "pitch_salience": {
        "kurt": 0.304512500763,
        "max": 0.962260901928,
        "mean": 0.61351197958,
        "median": 0.629535377026,
        "min": 0.0998393073678,
        "skew": -0.723868370056,
        "var": 0.0215435177088
    },
    "silence_rate_20dB": {
        "kurt": 0,
        "max": 1,
        "mean": 1,
        "median": 1,
        "min": 1,
        "skew": 0,
        "var": 0
    },
    "silence_rate_30dB": {
        "kurt": 0,
        "max": 1,
        "mean": 1,
        "median": 1,
        "min": 1,
        "skew": 0,
        "var": 0
    },
    "silence_rate_60dB": {
        "kurt": 8.92405796051,
        "max": 1,
        "mean": 0.927777767181,
        "median": 1,
        "min": 0,
        "skew": -3.30514097214,
        "var": 0.0670059248805
    },
    "spectral_centroid": {
        "kurt": 1.96279621124,
        "max": 3711.78369141,
        "mean": 1173.09716797,
        "median": 965.815429688,
        "min": 299.803283691,
        "skew": 1.44626057148,
        "var": 395939.875
    },
    "spectral_complexity": {
        "kurt": 37.0889396667,
        "max": 27,
        "mean": 0.816666662693,
        "median": 0,
        "min": 0,
        "skew": 5.33346843719,
        "var": 7.23122215271
    },
    "spectral_crest": {
        "kurt": -0.456409692764,
        "max": 26.4244632721,
        "mean": 11.1056842804,
        "median": 10.1138267517,
        "min": 2.76153445244,
        "skew": 0.634592175484,
        "var": 31.0994510651
    },
    "spectral_decrease": {
        "kurt": 54.0068283081,
        "max": -3.79832128438e-20,
        "mean": -1.72884054295e-10,
        "median": -1.73879004728e-13,
        "min": -7.69516184107e-09,
        "skew": -6.53963947296,
        "var": 4.31758372004e-19
    },
    "spectral_energy": {
        "kurt": 56.9848556519,
        "max": 0.0338779315352,
        "mean": 0.000732382643037,
        "median": 7.24980907307e-07,
        "min": 1.58001866798e-13,
        "skew": 6.70747423172,
        "var": 7.97590382717e-06
    },
    "spectral_energyband_high": {
        "kurt": 87.5553359985,
        "max": 0.000116848874313,
        "mean": 1.83202064363e-06,
        "median": 8.64640981035e-09,
        "min": 9.93629955875e-15,
        "skew": 8.4401473999,
        "var": 7.73961866818e-11
    },
    "spectral_energyband_low": {
        "kurt": 43.5012054443,
        "max": 8.30691533338e-07,
        "mean": 2.80433578581e-08,
        "median": 4.3119392501e-09,
        "min": 1.53406577534e-14,
        "skew": 5.89358472824,
        "var": 6.14680756042e-15
    },
    "spectral_energyband_middle_high": {
        "kurt": 107.622489929,
        "max": 0.0330815389752,
        "mean": 0.000446157326223,
        "median": 1.69471903178e-07,
        "min": 4.28409342506e-14,
        "skew": 9.37482261658,
        "var": 5.17991838933e-06
    },
    "spectral_energyband_middle_low": {
        "kurt": 92.3913192749,
        "max": 0.0171303413808,
        "mean": 0.000287131493678,
        "median": 3.53903459427e-07,
        "min": 9.13649581338e-14,
        "skew": 8.07761764526,
        "var": 1.34102424454e-06
    },
    "spectral_flatness_db": {
        "kurt": -0.214533567429,
        "max": 0.556103885174,
        "mean": 0.213208600879,
        "median": 0.194538146257,
        "min": 0.0604960508645,
        "skew": 0.664391279221,
        "var": 0.0104665961117
    },
    "spectral_flux": {
        "kurt": 9.51480770111,
        "max": 0.163862630725,
        "mean": 0.0106272576377,
        "median": 0.000665383879095,
        "min": 3.88209882658e-05,
        "skew": 2.93588113785,
        "var": 0.000557721359655
    },
    "spectral_kurtosis": {
        "kurt": 4.12123250961,
        "max": 64.5991439819,
        "mean": 11.3039512634,
        "median": 7.54433345795,
        "min": -0.310612916946,
        "skew": 1.81584250927,
        "var": 106.66884613
    },
    "spectral_rms": {
        "kurt": 12.3609266281,
        "max": 0.00574905565009,
        "mean": 0.000328914058628,
        "median": 2.65950802714e-05,
        "min": 1.2415641848e-08,
        "skew": 3.29938602448,
        "var": 6.06335675002e-07
    },
    "spectral_rolloff": {
        "kurt": -0.607523202896,
        "max": 5964.69726562,
        "mean": 1907.60192871,
        "median": 1356.59179688,
        "min": 193.798828125,
        "skew": 0.849512994289,
        "var": 1628628
    },
    "spectral_skewness": {
        "kurt": 0.315762519836,
        "max": 6.615026474,
        "mean": 2.46123456955,
        "median": 2.26154494286,
        "min": 0.500975966454,
        "skew": 0.84231030941,
        "var": 1.13876998425
    },
    "spectral_spread": {
        "kurt": -0.111132621765,
        "max": 12627796,
        "mean": 4334620,
        "median": 3996094.5,
        "min": 1219913.125,
        "skew": 0.647514522076,
        "var": 4.23969239859e+12
    },
    "spectral_strongpeak": {
        "kurt": 39.6431884766,
        "max": 4.60904407501,
        "mean": 0.131717279553,
        "median": 0.00750910304487,
        "min": 0,
        "skew": 5.33681154251,
        "var": 0.155162930489
    },
    "zerocrossingrate": {
        "kurt": 26.5196323395,
        "max": 0.47412109375,
        "mean": 0.0647189691663,
        "median": 0.0537109375,
        "min": 0.0146484375,
        "skew": 3.34273195267,
        "var": 0.00142052129377
    },
    "barkbands": {
        "kurt": [164.32359314, 350.952880859, 31.3910179138, 82.7620010376, 51.3836517334, 40.7136611938, 31.1838607788, 114.514717102, 107.000663757, 95.8793487549, 112.531455994, 157.292236328, 135.122406006, 185.344482422, 167.154968262, 220.807449341, 259.492523193, 230.922958374, 161.462753296, 231.646911621, 83.5850067139, 94.32447052, 100.817947388, 143.281036377, 91.1225814819, 146.492645264, 120.257644653],
        "max": [7.07382197263e-09, 2.47356553018e-07, 3.29800116106e-07, 1.56554153818e-06, 1.37583720061e-05, 2.32699767366e-05, 9.44438143051e-05, 0.00297918124124, 0.0164310969412, 0.00128224852961, 0.000889467541128, 0.00863532070071, 0.0224900953472, 0.00145785650238, 0.00198057596572, 0.00438987230882, 0.00384260085411, 0.00215112534352, 0.000716378272045, 0.000552275741939, 3.71782152797e-05, 1.15423872558e-05, 1.70091025211e-05, 5.4838901633e-06, 8.02974113867e-07, 2.02748058342e-08, 1.79541592704e-09],
        "mean": [9.73432098816e-11, 2.34164643231e-09, 1.29272699212e-08, 3.2475615086e-08, 3.70501709313e-07, 7.29997907456e-07, 2.64614664047e-06, 4.31841290265e-05, 0.000233809812926, 1.4192267372e-05, 1.07089663288e-05, 9.13239637157e-05, 0.0002241799084, 1.23242298287e-05, 1.86267661775e-05, 3.18369275192e-05, 2.12497125176e-05, 1.61577863764e-05, 6.26666633252e-06, 3.74669821213e-06, 5.59118291221e-07, 1.60088148959e-07, 1.96248592488e-07, 5.42835465467e-08, 1.11143343418e-08, 2.19471843477e-10, 2.4399008855e-11],
        "median": [9.73545029315e-12, 5.13167286442e-10, 2.08513339928e-09, 1.9056676237e-09, 1.7870600999e-08, 1.66209730423e-08, 1.61613868954e-08, 3.36259873279e-08, 8.74627232861e-08, 1.59753845708e-08, 9.30808052857e-09, 1.48348036078e-08, 8.34014368678e-09, 3.99905486503e-09, 6.23457374616e-09, 5.26665955292e-09, 4.69418193205e-09, 8.24178236769e-09, 6.51796083773e-09, 5.17537568356e-09, 3.23822701986e-09, 9.75761693667e-10, 2.64490429558e-10, 9.68755561881e-11, 6.88053988784e-11, 3.53470811648e-12, 1.15234346587e-13],
        "min": [3.88488866049e-15, 6.18750537596e-15, 4.65353336716e-15, 5.27255647996e-15, 1.64685380269e-14, 2.04645192936e-14, 2.07035994251e-14, 1.59367317791e-14, 1.09446363783e-14, 5.53754861993e-15, 9.08529233291e-15, 1.17448504264e-14, 4.35338554824e-15, 2.03592542741e-15, 1.28232434352e-15, 3.10932856509e-15, 6.74791126771e-16, 8.51126710428e-16, 3.140555917e-15, 2.7578412322e-15, 4.14323540347e-15, 3.53508755844e-15, 3.76632511782e-16, 3.64915769721e-16, 3.99994659849e-16, 6.86058504619e-17, 2.0028497702e-17],
        "skew": [11.4548902512, 17.4444313049, 5.20021295547, 8.12933921814, 6.34555864334, 5.82754516602, 5.25029659271, 8.9307641983, 8.81601810455, 9.38212776184, 9.81053352356, 11.0344219208, 10.6765384674, 12.5000009537, 12.1288757324, 13.7989282608, 15.034693718, 13.8860044479, 12.0506505966, 13.8926420212, 8.05846595764, 8.7023935318, 9.26581192017, 10.9998569489, 8.86583995819, 10.8952617645, 10.1261587143],
        "var": [1.73825013467e-19, 1.3780124909e-16, 1.33782384805e-15, 1.54277378226e-14, 1.38547051436e-12, 5.21526918873e-12, 1.00555314075e-10, 3.54926967816e-08, 1.14825797937e-06, 9.8175769736e-09, 3.77622644265e-09, 2.59426428784e-07, 2.05560399991e-06, 7.02356883764e-09, 1.52019623556e-08, 5.8256976132e-08, 3.99131074857e-08, 1.33091324628e-08, 2.43096209829e-09, 8.68115968e-10, 6.94277578137e-12, 6.46122532647e-13, 1.3932456534e-12, 1.20079537676e-13, 3.60279069016e-15, 1.56523034275e-18, 1.72849244074e-20],
        "cov": [[1.74147497584e-19, 3.83504920217e-18, 3.77963973336e-19, -1.53483827948e-18, -3.2230203349e-18, 1.21866046377e-17, 1.84114403373e-16, 9.72932028183e-15, 1.17583663617e-13, 7.15979924952e-15, 2.10757933255e-15, 8.67323960319e-15, 5.72483344909e-14, 2.39914014321e-15, 3.50560742375e-15, 3.75857080648e-14, 9.88059697807e-15, 1.51519625297e-14, 4.68532547829e-15, 1.36318539092e-15, 2.07179560513e-16, 4.0812201377e-17, 4.79145130828e-17, 4.01142826244e-17, 5.82127032595e-18, 1.12784202441e-19, 3.62962934989e-21], [3.83504920217e-18, 1.38056907456e-16, 7.01545972664e-17, 5.1077724537e-17, -1.18313720891e-16, -5.48311584752e-16, -3.75110065351e-15, -3.53752129586e-14, 9.2326110136e-14, 4.41336759347e-14, 2.53916963952e-14, 3.3501703473e-13, 8.1700233601e-13, 4.52036581181e-14, 1.03068942609e-14, 1.20501021271e-13, 1.03816227262e-13, 4.74107210468e-14, 1.37144307277e-14, 1.89155908005e-14, 1.79506589138e-15, 3.58628455912e-16, 2.87475253122e-16, 1.38445722049e-16, 2.59477310279e-17, 5.63813129756e-19, 3.96367695065e-20], [3.77963973336e-19, 7.01545972664e-17, 1.34030586634e-15, 1.8607960716e-15, 4.97432168495e-15, 8.44679783848e-16, -1.56399280462e-14, -2.44450374656e-13, -1.36902923893e-12, 1.90420070798e-14, 3.53873361176e-15, 2.48924849917e-13, -4.44326433285e-13, 6.37990840171e-14, -2.77362903695e-14, -2.56928538774e-14, 9.96728131346e-14, -5.28713561105e-14, -4.11708707287e-15, 2.0164510388e-14, 2.03166596341e-16, -4.4629064848e-16, -1.01591977611e-15, -2.59896019179e-16, -4.31014468833e-17, -3.67395422692e-19, -7.78063661755e-20], [-1.53483827948e-18, 5.1077724537e-17, 1.8607960716e-15, 1.545636076e-14, 4.00830085269e-14, 1.62129017893e-14, -1.09445474398e-14, -5.70310563098e-13, -4.46221315106e-12, 2.5095515401e-13, 2.18403555874e-13, 2.74839938134e-12, 4.60798662682e-13, 5.12614581859e-13, -6.82557360106e-15, 1.75995204738e-13, 1.18614851014e-12, 3.33545616528e-14, 6.1120230513e-14, 1.86674013378e-13, 7.43516119034e-15, -6.46741471904e-16, -3.62441417075e-15, -6.24252164819e-16, -9.36228097404e-17, 2.21642197273e-18, -1.45552884859e-19], [-3.2230203349e-18, -1.18313720891e-16, 4.97432168495e-15, 4.00830085269e-14, 1.38804094087e-12, 7.69777741983e-13, 1.46274247055e-12, 1.30346419422e-11, -2.53910920067e-11, 1.07490015153e-11, 5.98785127384e-12, 3.24440439792e-11, 8.64644120191e-12, 9.07041455833e-12, 3.96628519958e-12, 2.84798682033e-12, 9.76645066902e-12, -1.04016285602e-12, 4.67889529204e-12, 2.30662602733e-12, 7.58033433658e-14, 9.39635078323e-15, -5.20255852423e-15, -2.46974626859e-15, -6.95874888559e-16, 1.37886362666e-16, 9.86720674375e-18], [1.21866046377e-17, -5.48311584752e-16, 8.44679783848e-16, 1.62129017893e-14, 7.69777741983e-13, 5.2249450426e-12, 3.22876317696e-12, 1.69680658413e-11, 1.18541884642e-10, 1.35010414307e-11, 1.40907546048e-11, 7.79951450647e-11, 2.403972299e-10, 2.11820196799e-11, 2.21087176344e-11, 3.0261036732e-11, 2.60010346587e-11, 1.27403218184e-11, 7.93958475354e-12, 5.65556672674e-12, 5.77207444168e-13, 1.35815376957e-13, 1.29476426325e-13, 3.6271302666e-14, 5.02412129301e-15, 2.08547942239e-16, 3.16600203081e-17], [1.84114403373e-16, -3.75110065351e-15, -1.56399280462e-14, -1.09445474398e-14, 1.46274247055e-12, 3.22876317696e-12, 1.00741873177e-10, 6.84076628676e-10, -3.16843968597e-12, 4.64426760938e-11, 1.69372169068e-10, 2.72555977787e-10, -2.80771295103e-10, 7.39986336096e-11, 4.16977632978e-11, 2.9123207318e-11, 2.66858965481e-11, 1.06859729399e-11, 2.90728916635e-11, 4.12860631099e-12, 1.42539625936e-12, 1.00266572389e-12, 4.08794878374e-13, 7.94959055723e-14, 8.98562789524e-15, 9.00512913478e-16, 9.35339308379e-17], [9.72932028183e-15, -3.53752129586e-14, -2.44450374656e-13, -5.70310563098e-13, 1.30346419422e-11, 1.69680658413e-11, 6.84076628676e-10, 3.55585463296e-08, 4.36007034921e-08, 1.4955462424e-09, 1.01251740325e-09, 2.15423021643e-08, 6.4552554413e-09, 2.13986539599e-09, 9.80948389184e-09, 3.46493167491e-09, 3.26666560468e-09, 9.37873889661e-10, 1.68134883793e-09, 5.42091427302e-10, 6.1583411981e-11, 2.28907760802e-11, 1.17777653949e-11, 3.06054552361e-12, 7.91046752841e-13, 1.73596861441e-14, 2.85980028212e-15], [1.17583663617e-13, 9.2326110136e-14, -1.36902923893e-12, -4.46221315106e-12, -2.53910920067e-11, 1.18541884642e-10, -3.16843968597e-12, 4.36007034921e-08, 1.15038835702e-06, 5.13061202412e-08, 4.14882972422e-09, 4.38295622018e-08, 2.73748497648e-07, 1.03835144927e-08, 4.3666119609e-08, 1.58551898721e-07, 2.23833751534e-08, 4.77387160913e-08, 1.23772583294e-08, 3.98567401305e-09, 9.67618540848e-10, 2.58039423162e-10, 2.74886141627e-10, 1.19095316942e-10, 2.00876103945e-11, 3.64229290175e-13, 2.89358719819e-14], [7.15979924952e-15, 4.41336759347e-14, 1.90420070798e-14, 2.5095515401e-13, 1.07490015153e-11, 1.35010414307e-11, 4.64426760938e-11, 1.4955462424e-09, 5.13061202412e-08, 9.83579084846e-09, 3.7558764987e-09, 2.34419221812e-08, 3.73751234406e-08, 4.60530236168e-09, 1.14178122512e-09, 1.14282903141e-08, 1.12314957335e-08, 3.64204244541e-09, 3.1679170398e-09, 1.65167513e-09, 1.32325359004e-10, 2.25400705045e-11, 1.2784322212e-11, 6.20036227222e-12, 1.38959731309e-12, 8.7973566962e-14, 2.35162053608e-15], [2.10757933255e-15, 2.53916963952e-14, 3.53873361176e-15, 2.18403555874e-13, 5.98785127384e-12, 1.40907546048e-11, 1.69372169068e-10, 1.01251740325e-09, 4.14882972422e-09, 3.7558764987e-09, 3.78323283812e-09, 2.20544311702e-08, 3.64560293065e-08, 4.11268974432e-09, 6.30237251276e-10, 4.01896738111e-09, 9.35123711798e-09, 2.51526488526e-09, 1.81811532496e-09, 1.35645494836e-09, 9.36664495965e-11, 1.67497266057e-11, 1.49197234428e-11, 4.83895475772e-12, 8.17791960452e-13, 5.38224555256e-14, 2.64099409591e-15], [8.67323960319e-15, 3.3501703473e-13, 2.48924849917e-13, 2.74839938134e-12, 3.24440439792e-11, 7.79951450647e-11, 2.72555977787e-10, 2.15423021643e-08, 4.38295622018e-08, 2.34419221812e-08, 2.20544311702e-08, 2.59907722011e-07, 3.66226856841e-07, 3.19602868615e-08, 1.20328298436e-08, 3.35236585158e-08, 7.54028093297e-08, 2.29842260779e-08, 9.07016595164e-09, 1.15580780502e-08, 9.79137215751e-10, 1.80494355573e-10, 1.74603442815e-10, 5.41212075156e-11, 1.19381683358e-11, 3.53541225158e-13, 2.44525045692e-14], [5.72483344909e-14, 8.1700233601e-13, -4.44326433285e-13, 4.60798662682e-13, 8.64644120191e-12, 2.403972299e-10, -2.80771295103e-10, 6.4552554413e-09, 2.73748497648e-07, 3.73751234406e-08, 3.64560293065e-08, 3.66226856841e-07, 2.05941773856e-06, 6.81279530568e-08, 2.50425493675e-08, 1.31468070208e-07, 1.56314229116e-07, 9.00258427805e-08, 2.08941166591e-08, 2.70332378705e-08, 2.63961563718e-09, 7.49186712667e-10, 1.02376951361e-09, 3.29424570955e-10, 4.69384947577e-11, 9.28516812049e-13, 1.30686328187e-13], [2.39914014321e-15, 4.52036581181e-14, 6.37990840171e-14, 5.12614581859e-13, 9.07041455833e-12, 2.11820196799e-11, 7.39986336096e-11, 2.13986539599e-09, 1.03835144927e-08, 4.60530236168e-09, 4.11268974432e-09, 3.19602868615e-08, 6.81279530568e-08, 7.03659974732e-09, 3.12791725854e-09, 7.47238537713e-09, 1.41530014375e-08, 4.2371652853e-09, 2.34844854674e-09, 2.21313234405e-09, 1.47282117058e-10, 2.99247154834e-11, 3.08769086688e-11, 8.61842194833e-12, 1.25427695574e-12, 7.52720165386e-14, 5.77676512379e-15], [3.50560742375e-15, 1.03068942609e-14, -2.77362903695e-14, -6.82557360106e-15, 3.96628519958e-12, 2.21087176344e-11, 4.16977632978e-11, 9.80948389184e-09, 4.3666119609e-08, 1.14178122512e-09, 6.30237251276e-10, 1.20328298436e-08, 2.50425493675e-08, 3.12791725854e-09, 1.52301673495e-08, 5.72111780173e-09, 2.5519650837e-09, 8.84289530489e-10, 1.40220612899e-09, 7.35225269555e-10, 5.29116542247e-11, 2.54729327909e-11, 1.43133525865e-11, 5.16032876152e-12, 8.25773152115e-13, 1.42492947644e-14, 2.95219442425e-15], [3.75857080648e-14, 1.20501021271e-13, -2.56928538774e-14, 1.75995204738e-13, 2.84798682033e-12, 3.0261036732e-11, 2.9123207318e-11, 3.46493167491e-09, 1.58551898721e-07, 1.14282903141e-08, 4.01896738111e-09, 3.35236585158e-08, 1.31468070208e-07, 7.47238537713e-09, 5.72111780173e-09, 5.83650603403e-08, 1.62897180189e-08, 2.39056916485e-08, 4.64681715329e-09, 2.9218953923e-09, 3.47958856173e-10, 8.53562845404e-11, 9.63610996552e-11, 5.75608553877e-11, 9.31643824587e-12, 1.70592530445e-13, 7.8995656384e-15], [9.88059697807e-15, 1.03816227262e-13, 9.96728131346e-14, 1.18614851014e-12, 9.76645066902e-12, 2.60010346587e-11, 2.66858965481e-11, 3.26666560468e-09, 2.23833751534e-08, 1.12314957335e-08, 9.35123711798e-09, 7.54028093297e-08, 1.56314229116e-07, 1.41530014375e-08, 2.5519650837e-09, 1.62897180189e-08, 3.9987156697e-08, 1.14162732601e-08, 7.02294178367e-09, 5.57165469317e-09, 3.69450470217e-10, 5.46498679643e-11, 5.35155045278e-11, 2.3698190979e-11, 3.48445989944e-12, 1.85122370992e-13, 1.12283322763e-14], [1.51519625297e-14, 4.74107210468e-14, -5.28713561105e-14, 3.33545616528e-14, -1.04016285602e-12, 1.27403218184e-11, 1.06859729399e-11, 9.37873889661e-10, 4.77387160913e-08, 3.64204244541e-09, 2.51526488526e-09, 2.29842260779e-08, 9.00258427805e-08, 4.2371652853e-09, 8.84289530489e-10, 2.39056916485e-08, 1.14162732601e-08, 1.3333824711e-08, 2.39401631852e-09, 1.79414960666e-09, 1.9090130865e-10, 5.09698741546e-11, 7.16180656446e-11, 3.38392994181e-11, 5.1605785617e-12, 9.05001781523e-14, 6.4099205578e-15], [4.68532547829e-15, 1.37144307277e-14, -4.11708707287e-15, 6.1120230513e-14, 4.67889529204e-12, 7.93958475354e-12, 2.90728916635e-11, 1.68134883793e-09, 1.23772583294e-08, 3.1679170398e-09, 1.81811532496e-09, 9.07016595164e-09, 2.08941166591e-08, 2.34844854674e-09, 1.40220612899e-09, 4.64681715329e-09, 7.02294178367e-09, 2.39401631852e-09, 2.4354722683e-09, 9.4360608216e-10, 5.79006460832e-11, 1.10939504111e-11, 1.10997669389e-11, 5.19348453132e-12, 7.50759968516e-13, 4.62890630774e-14, 1.87754445407e-15], [1.36318539092e-15, 1.89155908005e-14, 2.0164510388e-14, 1.86674013378e-13, 2.30662602733e-12, 5.65556672674e-12, 4.12860631099e-12, 5.42091427302e-10, 3.98567401305e-09, 1.65167513e-09, 1.35645494836e-09, 1.15580780502e-08, 2.70332378705e-08, 2.21313234405e-09, 7.35225269555e-10, 2.9218953923e-09, 5.57165469317e-09, 1.79414960666e-09, 9.4360608216e-10, 8.69726568542e-10, 5.86035595052e-11, 1.043218463e-11, 9.98629824667e-12, 3.90375275508e-12, 7.16289549375e-13, 2.78414613683e-14, 1.88300421669e-15], [2.07179560513e-16, 1.79506589138e-15, 2.03166596341e-16, 7.43516119034e-15, 7.58033433658e-14, 5.77207444168e-13, 1.42539625936e-12, 6.1583411981e-11, 9.67618540848e-10, 1.32325359004e-10, 9.36664495965e-11, 9.79137215751e-10, 2.63961563718e-09, 1.47282117058e-10, 5.29116542247e-11, 3.47958856173e-10, 3.69450470217e-10, 1.9090130865e-10, 5.79006460832e-11, 5.86035595052e-11, 6.95565653686e-12, 1.25395212876e-12, 1.33203973025e-12, 5.31816615485e-13, 9.72223468182e-14, 2.17557045546e-15, 1.6544034444e-16], [4.0812201377e-17, 3.58628455912e-16, -4.4629064848e-16, -6.46741471904e-16, 9.39635078323e-15, 1.35815376957e-13, 1.00266572389e-12, 2.28907760802e-11, 2.58039423162e-10, 2.25400705045e-11, 1.67497266057e-11, 1.80494355573e-10, 7.49186712667e-10, 2.99247154834e-11, 2.54729327909e-11, 8.53562845404e-11, 5.46498679643e-11, 5.09698741546e-11, 1.10939504111e-11, 1.043218463e-11, 1.25395212876e-12, 6.47321226569e-13, 7.48692774444e-13, 1.91543314413e-13, 2.85093028015e-14, 5.17150195534e-16, 6.22334098415e-17], [4.79145130828e-17, 2.87475253122e-16, -1.01591977611e-15, -3.62441417075e-15, -5.20255852423e-15, 1.29476426325e-13, 4.08794878374e-13, 1.17777653949e-11, 2.74886141627e-10, 1.2784322212e-11, 1.49197234428e-11, 1.74603442815e-10, 1.02376951361e-09, 3.08769086688e-11, 1.43133525865e-11, 9.63610996552e-11, 5.35155045278e-11, 7.16180656446e-11, 1.10997669389e-11, 9.98629824667e-12, 1.33203973025e-12, 7.48692774444e-13, 1.3958304998e-12, 2.78891954019e-13, 4.71418829537e-14, 6.86975166321e-16, 1.22563073429e-16], [4.01142826244e-17, 1.38445722049e-16, -2.59896019179e-16, -6.24252164819e-16, -2.46974626859e-15, 3.6271302666e-14, 7.94959055723e-14, 3.06054552361e-12, 1.19095316942e-10, 6.20036227222e-12, 4.83895475772e-12, 5.41212075156e-11, 3.29424570955e-10, 8.61842194833e-12, 5.16032876152e-12, 5.75608553877e-11, 2.3698190979e-11, 3.38392994181e-11, 5.19348453132e-12, 3.90375275508e-12, 5.31816615485e-13, 1.91543314413e-13, 2.78891954019e-13, 1.20302314117e-13, 1.65266292405e-14, 2.52615162192e-16, 2.32705129989e-17], [5.82127032595e-18, 2.59477310279e-17, -4.31014468833e-17, -9.36228097404e-17, -6.95874888559e-16, 5.02412129301e-15, 8.98562789524e-15, 7.91046752841e-13, 2.00876103945e-11, 1.38959731309e-12, 8.17791960452e-13, 1.19381683358e-11, 4.69384947577e-11, 1.25427695574e-12, 8.25773152115e-13, 9.31643824587e-12, 3.48445989944e-12, 5.1605785617e-12, 7.50759968516e-13, 7.16289549375e-13, 9.72223468182e-14, 2.85093028015e-14, 4.71418829537e-14, 1.65266292405e-14, 3.60947462715e-15, 4.38340410472e-17, 3.26062851504e-18], [1.12784202441e-19, 5.63813129756e-19, -3.67395422692e-19, 2.21642197273e-18, 1.37886362666e-16, 2.08547942239e-16, 9.00512913478e-16, 1.73596861441e-14, 3.64229290175e-13, 8.7973566962e-14, 5.38224555256e-14, 3.53541225158e-13, 9.28516812049e-13, 7.52720165386e-14, 1.42492947644e-14, 1.70592530445e-13, 1.85122370992e-13, 9.05001781523e-14, 4.62890630774e-14, 2.78414613683e-14, 2.17557045546e-15, 5.17150195534e-16, 6.86975166321e-16, 2.52615162192e-16, 4.38340410472e-17, 1.56813426369e-18, 7.54903056968e-20], [3.62962934989e-21, 3.96367695065e-20, -7.78063661755e-20, -1.45552884859e-19, 9.86720674375e-18, 3.16600203081e-17, 9.35339308379e-17, 2.85980028212e-15, 2.89358719819e-14, 2.35162053608e-15, 2.64099409591e-15, 2.44525045692e-14, 1.30686328187e-13, 5.77676512379e-15, 2.95219442425e-15, 7.8995656384e-15, 1.12283322763e-14, 6.4099205578e-15, 1.87754445407e-15, 1.88300421669e-15, 1.6544034444e-16, 6.22334098415e-17, 1.22563073429e-16, 2.32705129989e-17, 3.26062851504e-18, 7.54903056968e-20, 1.73169921965e-20]]
    },
    "mfcc": {
        "kurt": [1.34425115585, -0.916639089584, 2.09657335281, -0.168411016464, -0.652431488037, 3.00646543503, 2.25752973557, 3.1688914299, 2.33387327194, 1.54100179672, 2.29968500137, 4.30113840103, 3.92833805084],
        "max": [-716.028625488, 135.723632812, 39.7103004456, 24.5639228821, 14.4242248535, 12.4097442627, 13.6935043335, 28.8174095154, 39.6294136047, 39.514705658, 45.8202018738, 52.8878326416, 28.9570732117],
        "mean": [-1065.57519531, 40.9751815796, -17.5280456543, -18.2215194702, -16.7569026947, -12.6418094635, -7.77564907074, -3.98848104477, -2.68911910057, -0.165616720915, 0.721824169159, 0.714300572872, -3.71149945259],
        "median": [-1110.17358398, 25.8412590027, 0.0732574462891, -5.07149887085, -11.023147583, -9.1558380127, -3.97577285767, -0.659580230713, -1.06564331055, -2.28881835938e-05, -2.67028808594e-05, -3.0517578125e-05, -2.04842948914],
        "min": [-1138.42004395, -12.3850898743, -193.632156372, -102.21912384, -72.1147003174, -94.932434082, -59.6392784119, -57.1994552612, -34.5464248657, -29.1167449951, -36.4017715454, -23.8780899048, -40.710483551],
        "skew": [1.52696931362, 0.661911189556, -1.81510984898, -1.00289750099, -0.731132686138, -1.48686218262, -1.4389591217, -1.12925779819, 0.237441897392, 0.615784943104, 0.837992787361, 1.45862317085, -0.889716386795],
        "var": [9150.80078125, 1578.96240234, 2419.64624023, 690.249572754, 354.017059326, 208.197402954, 134.268005371, 134.415267944, 107.686103821, 113.59954071, 132.828659058, 108.932922363, 65.7260055542],
        "cov": [[9167.77832031, 2830.46484375, -4256.64404297, -2090.99902344, -1438.09472656, -875.282409668, -559.351257324, -184.010482788, -197.731521606, 206.86076355, 358.465515137, 463.888061523, -195.381942749], [2830.46484375, 1581.8918457, -901.463989258, -807.811828613, -587.797851562, -411.322052002, -282.334777832, -235.059234619, -153.981521606, -31.4406280518, 44.1682929993, 74.6965866089, -52.7456245422], [-4256.64404297, -901.463989258, 2424.13549805, 984.987243652, 569.552246094, 335.64855957, 190.561294556, -33.1270027161, -8.0959444046, -203.74079895, -276.532592773, -297.632965088, 86.4731445312], [-2090.99902344, -807.811828613, 984.987243652, 691.530212402, 418.364868164, 227.034912109, 152.005065918, 41.4756698608, 33.2863388062, -60.3939857483, -151.710479736, -158.480316162, 34.5551223755], [-1438.09472656, -587.797851562, 569.552246094, 418.364868164, 354.67388916, 207.91027832, 114.036643982, 42.8192405701, 26.4748420715, -23.4125843048, -63.7715301514, -87.8233108521, 17.4137020111], [-875.282409668, -411.322052002, 335.64855957, 227.034912109, 207.91027832, 208.58366394, 115.387870789, 36.3486938477, 3.94780778885, -25.3613796234, -29.8651580811, -31.8741588593, 8.80254268646], [-559.351257324, -282.334777832, 190.561294556, 152.005065918, 114.036643982, 115.387870789, 134.517120361, 69.0700912476, 11.9913625717, -22.2348842621, -33.9167785645, -19.1342391968, 11.6656188965], [-184.010482788, -235.059234619, -33.1270027161, 41.4756698608, 42.8192405701, 36.3486938477, 69.0700912476, 134.664642334, 63.0980186462, 24.9204292297, 25.5401344299, 17.5583267212, -1.87135255337], [-197.731521606, -153.981521606, -8.0959444046, 33.2863388062, 26.4748420715, 3.94780778885, 11.9913625717, 63.0980186462, 107.885894775, 72.1303863525, 26.8931751251, 3.02510809898, -9.83795166016], [206.86076355, -31.4406280518, -203.74079895, -60.3939857483, -23.4125843048, -25.3613796234, -22.2348842621, 24.9204292297, 72.1303863525, 113.810295105, 74.513168335, 23.9711551666, -25.5343856812], [358.465515137, 44.1682929993, -276.532592773, -151.710479736, -63.7715301514, -29.8651580811, -33.9167785645, 25.5401344299, 26.8931751251, 74.513168335, 133.075088501, 86.6354598999, -17.6393718719], [463.888061523, 74.6965866089, -297.632965088, -158.480316162, -87.8233108521, -31.8741588593, -19.1342391968, 17.5583267212, 3.02510809898, 23.9711551666, 86.6354598999, 109.135025024, 12.0939416885], [-195.381942749, -52.7456245422, 86.4731445312, 34.5551223755, 17.4137020111, 8.80254268646, 11.6656188965, -1.87135255337, -9.83795166016, -25.5343856812, -17.6393718719, 12.0939416885, 65.847946167]]
    },
    "sccoeffs": {
        "kurt": [0.251867771149, 1.8097486496, 3.16553592682, 4.00065803528, 1.23691225052, 0.803233623505],
        "max": [-0.487867832184, -0.323907494545, -0.349355608225, -0.454416334629, -0.644441962242, -0.726658165455],
        "mean": [-0.78504216671, -0.787704408169, -0.815337300301, -0.841493546963, -0.862140059471, -0.849064767361],
        "median": [-0.80701649189, -0.823950052261, -0.840611577034, -0.864965200424, -0.887580931187, -0.855999648571],
        "min": [-0.985510289669, -0.987125396729, -0.983764588833, -0.962838113308, -0.949400365353, -0.911425769329],
        "skew": [0.879809439182, 1.46256089211, 1.6417735815, 1.96433055401, 1.46648967266, 0.944498717785],
        "var": [0.00782142952085, 0.0163398440927, 0.00990369450301, 0.00763257965446, 0.00399179244414, 0.00104522972833],
        "cov": [[0.00783594045788, 0.00153771589976, 0.00131730223075, 0.00144421949517, 0.00137502944563, 0.000812209153082], [0.00153771589976, 0.0163701586425, 0.00970319844782, 0.00778451887891, 0.00594081915915, 0.00222342298366], [0.00131730223075, 0.00970319844782, 0.00992206856608, 0.00591784063727, 0.00439255358651, 0.00174208905082], [0.00144421949517, 0.00778451887891, 0.00591784063727, 0.0076467404142, 0.00450955936685, 0.00169051717967], [0.00137502944563, 0.00594081915915, 0.00439255358651, 0.00450955936685, 0.00399919832125, 0.0013688786421], [0.000812209153082, 0.00222342298366, 0.00174208905082, 0.00169051717967, 0.0013688786421, 0.00104716885835]]
    },
    "scvalleys": {
        "kurt": [2.64395666122, -0.556979179382, -0.298391103745, 0.115955591202, 2.5886797905, 1.44863891602],
        "max": [-9.75616931915, -6.68608474731, -4.86286306381, -5.7123208046, -6.80352830887, -9.70652866364],
        "mean": [-11.9645767212, -10.6059484482, -10.699010849, -11.2186193466, -11.7323255539, -14.0158119202],
        "median": [-11.9686565399, -10.9044952393, -11.0139665604, -11.7572336197, -12.0250473022, -14.3302240372],
        "min": [-16.9193973541, -16.76445961, -17.3484745026, -18.3500785828, -19.2761707306, -20.5291728973],
        "skew": [-0.465560317039, 0.33351624012, 0.490583062172, 0.791638731956, 0.842206597328, 0.907471656799],
        "var": [0.578316807747, 2.60748434067, 3.58792853355, 3.73260951042, 1.86327421665, 1.82101380825],
        "cov": [[0.579389750957, 0.705812871456, 0.795807123184, 0.704890549183, 0.516396045685, 0.43298214674], [0.705812871456, 2.61232185364, 2.72533679008, 2.6149828434, 1.58689296246, 1.49581670761], [0.795807123184, 2.72533679008, 3.59458518028, 3.43836760521, 2.18413376808, 2.0652153492], [0.704890549183, 2.6149828434, 3.43836760521, 3.73953461647, 2.41387867928, 2.30905175209], [0.516396045685, 1.58689296246, 2.18413376808, 2.41387867928, 1.86673116684, 1.72785961628], [0.43298214674, 1.49581670761, 2.0652153492, 2.30905175209, 1.72785961628, 1.82439231873]]
    }
},
"rhythm": {
    "beats_loudness": {
        "kurt": 10.0170879364,
        "max": 0.0227625072002,
        "mean": 0.00231964653358,
        "median": 1.34901654292e-06,
        "min": 5.57577894966e-09,
        "skew": 3.06590819359,
        "var": 2.17115048144e-05
    },
    "bpm": 132.938232422,
    "confidence": 1.44192004204,
    "first_peak_bpm": {
        "kurt": 0,
        "max": 133,
        "mean": 133,
        "median": 133,
        "min": 133,
        "skew": 0,
        "var": 0
    },
    "first_peak_spread": {
        "kurt": 0,
        "max": 0.555555582047,
        "mean": 0.555555582047,
        "median": 0.555555582047,
        "min": 0.555555582047,
        "skew": 0,
        "var": 0
    },
    "first_peak_weight": {
        "kurt": 0,
        "max": 0.137931033969,
        "mean": 0.137931033969,
        "median": 0.137931033969,
        "min": 0.137931033969,
        "skew": 0,
        "var": 0
    },
    "onset_rate": 1.28054821491,
    "second_peak_bpm": {
        "kurt": 0,
        "max": 157,
        "mean": 157,
        "median": 157,
        "min": 157,
        "skew": 0,
        "var": 0
    },
    "second_peak_spread": {
        "kurt": 0,
        "max": 0.428571462631,
        "mean": 0.428571462631,
        "median": 0.428571462631,
        "min": 0.428571462631,
        "skew": 0,
        "var": 0
    },
    "second_peak_weight": {
        "kurt": 0,
        "max": 0.137931033969,
        "mean": 0.137931033969,
        "median": 0.137931033969,
        "min": 0.137931033969,
        "skew": 0,
        "var": 0
    },
    "beats_loudness_band_ratio": {
        "kurt": [3.88814544678, 3.47777509689, -1.12597382069, -0.614324331284, 2.7051448822, 0.200020074844],
        "max": [0.257558643818, 0.656302630901, 0.963750123978, 0.825180232525, 0.55277466774, 0.372370064259],
        "mean": [0.0328022167087, 0.104648068547, 0.397867321968, 0.277293384075, 0.118415601552, 0.084594398737],
        "median": [0.00380795658566, 0.0176361296326, 0.314211159945, 0.18173494935, 0.0840954482555, 0.0189550649375],
        "min": [7.02063289282e-07, 6.5217482188e-06, 0.0505712777376, 0.00353490980342, 0.00189951783977, 0.000380505603971],
        "skew": [2.24888658524, 2.07129454613, 0.529340326786, 0.812592506409, 1.77682816982, 1.37048006058],
        "var": [0.00434355670586, 0.0304447505623, 0.0808421671391, 0.0602792091668, 0.0168978087604, 0.0155667373911],
        "cov": [[0.00449333479628, 0.00199825293384, -0.00548541126773, -0.00557284709066, 0.0013130500447, 0.00363512360491], [0.00199825293384, 0.0314945690334, -0.0128797460347, -0.013066874817, -0.00491986516863, -0.00120532501023], [-0.00548541126773, -0.0128797460347, 0.0836298316717, -0.0297403559089, -0.0191461443901, -0.0168535429984], [-0.00557284709066, -0.013066874817, -0.0297403559089, 0.0623578056693, -0.00423750095069, -0.0107807889581], [0.0013130500447, -0.00491986516863, -0.0191461443901, -0.00423750095069, 0.0174804925919, 0.00949163269252], [0.00363512360491, -0.00120532501023, -0.0168535429984, -0.0107807889581, 0.00949163269252, 0.0161035209894]]
    },
    "beats_position": [0.383129239082, 0.812698423862, 1.25387752056, 1.71827661991, 2.17106580734, 2.62385487556, 3.06503391266, 3.51782298088, 3.97061228752, 4.41179132462, 4.88780021667, 5.36380958557, 5.8282084465, 6.17650794983, 6.51319694519, 6.8963265419, 7.27945566177, 7.63936471939, 7.98766422272, 8.38240337372, 8.75392246246, 9.12544155121, 9.4853515625, 9.86848068237, 10.2399997711, 10.6347389221, 11.0294780731, 11.412607193, 11.8189563751, 12.2485256195],
    "bpm_estimates": [135.999191284, 129.19921875, 132.511993408, 132.512039185, 135.999206543, 132.512039185, 132.511962891, 135.999206543, 129.199279785],
    "bpm_intervals": [0.42956918478, 0.441179096699, 0.46439909935, 0.452789187431, 0.452789068222, 0.441179037094, 0.452789068222, 0.452789306641, 0.441179037094, 0.476008892059, 0.476009368896, 0.464398860931, 0.348299503326, 0.336688995361, 0.38312959671, 0.383129119873, 0.359909057617, 0.348299503326, 0.394739151001, 0.371519088745, 0.371519088745, 0.359910011292, 0.383129119873, 0.371519088745, 0.394739151001, 0.394739151001, 0.383129119873, 0.406349182129, 0.429569244385],
    "onset_times": [1.89242625237, 2.19428563118, 3.27401351929, 3.52943301201, 3.9125623703, 4.15637207031, 4.43501138687, 5.08517026901, 5.29414987564, 5.51473903656, 6.19972801208, 6.5015873909, 8.32435417175, 8.67265319824, 9.16027164459, 9.79882049561],
    "histogram": [[0, 0, 0, 0, 0, 0, 0, 0, 0, 0, 0, 0, 0, 0, 0, 0, 0, 0, 0, 0, 0, 0, 0, 0, 0, 0, 0, 0, 0, 0, 0, 0, 0, 0, 0, 0, 0, 0, 0, 0, 0, 0, 0, 0, 0, 0, 0, 0, 0, 0, 0, 0, 0, 0, 0, 0, 0, 0, 0, 0, 0, 0, 0, 0, 0, 0, 0, 0, 0, 0, 0, 0, 0, 0, 0, 0, 0, 0, 0, 0, 0, 0, 0, 0, 0, 0, 0, 0, 0, 0, 0, 0, 0, 0, 0, 0, 0, 0, 0, 0, 0, 0, 0, 0, 0, 0, 0, 0, 0, 0, 0, 0, 0, 0, 0, 0, 0, 0, 0, 0, 0, 0, 0, 0, 0, 0, 0.0689655169845, 0, 0, 0.0689655169845, 0, 0, 0, 0.137931033969, 0, 0, 0.103448279202, 0, 0, 0, 0.0689655169845, 0, 0, 0, 0, 0, 0, 0, 0.0344827584922, 0, 0, 0, 0.103448279202, 0, 0, 0, 0, 0.137931033969, 0, 0, 0, 0.103448279202, 0, 0, 0, 0, 0, 0.0689655169845, 0, 0, 0, 0, 0.0689655169845, 0, 0, 0, 0, 0, 0.0344827584922, 0, 0, 0, 0, 0, 0, 0, 0, 0, 0, 0, 0, 0, 0, 0, 0, 0, 0, 0, 0, 0, 0, 0, 0, 0, 0, 0, 0, 0, 0, 0, 0, 0, 0, 0, 0, 0, 0, 0, 0, 0, 0, 0, 0, 0, 0, 0, 0, 0, 0, 0, 0, 0, 0, 0, 0, 0, 0, 0, 0, 0, 0, 0, 0, 0, 0, 0, 0, 0, 0, 0]]
},
"sfx": {
    "inharmonicity": {
        "kurt": 5.48766422272,
        "max": 0.376978367567,
        "mean": 0.0430885255337,
        "median": 0.0140618141741,
        "min": 0,
        "skew": 2.37900447845,
        "var": 0.0048410538584
    },
    "oddtoevenharmonicenergyratio": {
        "kurt": 84.1597671509,
        "max": 50.8282318115,
        "mean": 1.25886428356,
        "median": 0.244786471128,
        "min": 0,
        "skew": 7.92086458206,
        "var": 13.602437973
    },
    "pitch_after_max_to_before_max_energy_ratio": 2.23764610291,
    "pitch_centroid": 327.456390381,
    "pitch_max_to_total": 0.600000023842,
    "pitch_min_to_total": 0.125925928354,
    "tristimulus": {
        "kurt": [-0.940291881561, -0.560810089111, 0.352183818817],
        "max": [1, 0.906573414803, 0.830174505711],
        "mean": [0.490413695574, 0.33141964674, 0.1781668365],
        "median": [0.456846028566, 0.32139775157, 0.0978498905897],
        "min": [0, 0, 0],
        "skew": [0.256201922894, 0.110261432827, 1.09352481365],
        "var": [0.0849988758564, 0.040463142097, 0.0351137295365],
        "cov": [[0.0851565673947, -0.0452579446137, -0.0398986600339], [-0.0452579446137, 0.0405382104218, 0.00471974769607], [-0.0398986600339, 0.00471974769607, 0.0351788774133]]
    }
},
"tonal": {
    "chords_changes_rate": 0.1439114362,
    "chords_number_rate": 0.0405904054642,
    "chords_strength": {
        "kurt": -0.507505178452,
        "max": 0.615283429623,
        "mean": 0.425719439983,
        "median": 0.426037222147,
        "min": 0.273067563772,
        "skew": 0.0560627505183,
        "var": 0.0055652228184
    },
    "key_strength": 0.308212190866,
    "tuning_diatonic_strength": 0.391830980778,
    "tuning_equal_tempered_deviation": 0.271786808968,
    "tuning_frequency": 436.708374023,
    "tuning_nontempered_energy_ratio": 0.899734675884,
    "hpcp": {
        "kurt": [7.66020011902, 6.26508903503, 4.37207078934, 4.12679386139, 3.39982175827, 2.24215221405, 3.5947675705, 3.41873979568, 4.49566984177, 3.88786220551, 3.11066913605, 1.88780927658, 1.90724229813, 2.41388702393, 3.73716020584, 2.34036493301, 1.72481870651, 0.980078935623, 0.646714925766, 0.020382642746, -0.293584108353, -0.172429561615, -0.660220384598, -0.83552312851, -0.27204990387, 1.27038621902, 4.21556615829, 4.38890647888, 7.28139400482, 8.05105400085, 6.29515838623, 5.47619915009, 4.96309757233, 6.62898635864, 11.7110471725, 9.32901287079],
        "max": [1, 1, 1, 1, 1, 1, 1, 1, 1, 1, 1, 1, 1, 1, 1, 1, 1, 1, 1, 1, 1, 1, 1, 1, 1, 1, 1, 1, 1, 1, 1, 1, 1, 1, 1, 1],
