{
"metadata": {
    "version": {
        "essentia": "2.1-beta3"
    }
},
"lowLevel": {
    "average_loudness": 0.956411600113,
    "barkbands_kurtosis": {
        "kurt": 66.9763641357,
        "max": 253.396728516,
        "mean": 11.8661937714,
        "median": 6.92177438736,
        "min": -1.66461455822,
        "skew": 7.56329345703,
        "var": 608.808166504
    },
    "barkbands_skewness": {
        "kurt": 13.3544387817,
        "max": 13.756360054,
        "mean": 2.41540575027,
        "median": 2.21167707443,
        "min": -1.76373577118,
        "skew": 2.29640269279,
        "var": 2.9817943573
    },
    "barkbands_spread": {
        "kurt": 7.7784986496,
        "max": 49.4741210938,
        "mean": 6.53476047516,
        "median": 3.72852230072,
        "min": 0.267891347408,
        "skew": 2.62115526199,
        "var": 55.2392311096
    },
    "dissonance": {
        "kurt": 2.31737470627,
        "max": 0.499902784824,
        "mean": 0.438145250082,
        "median": 0.448903441429,
        "min": 0.214904844761,
        "skew": -1.30930864811,
        "var": 0.00273636076599
    },
    "hfc": {
        "kurt": 3.33884525299,
        "max": 17.7309799194,
        "mean": 2.72432470322,
        "median": 1.2130253315,
        "min": 1.08966679231e-16,
        "skew": 1.87321269512,
        "var": 13.5845279694
    },
    "pitch": {
        "kurt": 78.8726806641,
        "max": 4476.53027344,
        "mean": 431.868286133,
        "median": 435.14251709,
        "min": 95.0985946655,
        "skew": 8.27263641357,
        "var": 130469.9375
    },
    "pitch_instantaneous_confidence": {
        "kurt": -0.461178779602,
        "max": 0.949639976025,
        "mean": 0.595206618309,
        "median": 0.617864787579,
        "min": 0.1112434268,
        "skew": -0.47125685215,
        "var": 0.0325343385339
    },
    "pitch_salience": {
        "kurt": -0.535420179367,
        "max": 0.905139267445,
        "mean": 0.524470627308,
        "median": 0.524839818478,
        "min": 0.166575595737,
        "skew": 0.00417126342654,
        "var": 0.0216790176928
    },
    "silence_rate_20dB": {
        "kurt": 0,
        "max": 1,
        "mean": 1,
        "median": 1,
        "min": 1,
        "skew": 0,
        "var": 0
    },
    "silence_rate_30dB": {
        "kurt": 0,
        "max": 1,
        "mean": 1,
        "median": 1,
        "min": 1,
        "skew": 0,
        "var": 0
    },
    "silence_rate_60dB": {
        "kurt": -1.96774768829,
        "max": 1,
        "mean": 0.544715464115,
        "median": 1,
        "min": 0,
        "skew": -0.179582342505,
        "var": 0.248000219464
    },
    "spectral_centroid": {
        "kurt": 66.3590240479,
        "max": 11245.8427734,
        "mean": 830.904052734,
        "median": 622.481567383,
        "min": 411.550384521,
        "skew": 8.01859378815,
        "var": 1398002.5
    },
    "spectral_complexity": {
        "kurt": -0.768872976303,
        "max": 13,
        "mean": 4.2682929039,
        "median": 4,
        "min": 0,
        "skew": 0.555954635143,
        "var": 13.7328901291
    },
    "spectral_crest": {
        "kurt": -0.849301815033,
        "max": 26.3299713135,
        "mean": 14.8707275391,
        "median": 15.2110528946,
        "min": 3.25700592995,
        "skew": -0.144323170185,
        "var": 28.8399620056
    },
    "spectral_decrease": {
        "kurt": 4.62256622314,
        "max": -7.83254162041e-29,
        "mean": -1.24587573591e-09,
        "median": -4.43760528324e-10,
        "min": -9.57411572244e-09,
        "skew": -2.09780406952,
        "var": 3.17434137623e-18
    },
    "spectral_energy": {
        "kurt": 4.55150651932,
        "max": 0.037743113935,
        "mean": 0.00494932429865,
        "median": 0.0017778808251,
        "min": 1.05043803313e-20,
        "skew": 2.08568787575,
        "var": 4.9771846534e-05
    },
    "spectral_energyband_high": {
        "kurt": 11.0775880814,
        "max": 2.35131647059e-05,
        "mean": 2.62521348304e-06,
        "median": 1.49358220369e-06,
        "min": 7.65133504e-21,
        "skew": 2.93209695816,
        "var": 1.09679314242e-11
    },
    "spectral_energyband_low": {
        "kurt": 43.0354347229,
        "max": 2.14707642954e-06,
        "mean": 2.2183469639e-07,
        "median": 1.81152756795e-07,
        "min": 1.23161041356e-22,
        "skew": 5.03502750397,
        "var": 3.62771065358e-14
    },
    "spectral_energyband_middle_high": {
        "kurt": 22.013633728,
        "max": 0.00809173285961,
        "mean": 0.000568273360841,
        "median": 0.000207023069379,
        "min": 1.6475966608e-21,
        "skew": 3.72192931175,
        "var": 7.96465201347e-07
    },
    "spectral_energyband_middle_low": {
        "kurt": 5.47271633148,
        "max": 0.0375393256545,
        "mean": 0.00445961393416,
        "median": 0.00140842306428,
        "min": 3.34825839173e-22,
        "skew": 2.25151228905,
        "var": 4.47728089057e-05
    },
    "spectral_flatness_db": {
        "kurt": -0.614501476288,
        "max": 0.476088553667,
        "mean": 0.298200339079,
        "median": 0.32512357831,
        "min": 0.0566917806864,
        "skew": -0.597431480885,
        "var": 0.00866939499974
    },
    "spectral_flux": {
        "kurt": 1.07740116119,
        "max": 0.135675802827,
        "mean": 0.0319593623281,
        "median": 0.0283294841647,
        "min": 6.79711426033e-11,
        "skew": 1.05685412884,
        "var": 0.000740634684917
    },
    "spectral_kurtosis": {
        "kurt": 0.0629966259003,
        "max": 73.1576690674,
        "mean": 22.9693984985,
        "median": 20.3065452576,
        "min": -1.20406806469,
        "skew": 0.810756504536,
        "var": 277.560699463
    },
    "spectral_rms": {
        "kurt": -0.0895051956177,
        "max": 0.00606815889478,
        "mean": 0.00166191160679,
        "median": 0.00131693924777,
        "min": 3.201277134e-12,
        "skew": 0.829445362091,
        "var": 2.06665708902e-06
    },
    "spectral_rolloff": {
        "kurt": 62.157371521,
        "max": 18518.5546875,
        "mean": 1160.42980957,
        "median": 818.26171875,
        "min": 430.6640625,
        "skew": 7.68061256409,
        "var": 4008688.75
    },
    "spectral_skewness": {
        "kurt": -0.556668758392,
        "max": 6.62188863754,
        "mean": 3.61415553093,
        "median": 3.79868865013,
        "min": -0.0302802640945,
        "skew": -0.0767941698432,
        "var": 1.86233317852
    },
    "spectral_spread": {
        "kurt": 58.2768135071,
        "max": 40921708,
        "mean": 3400266.25,
        "median": 2334478,
        "min": 916556.625,
        "skew": 7.28266191483,
        "var": 1.94984741437e+13
    },
    "spectral_strongpeak": {
        "kurt": 3.23017787933,
        "max": 3.16887569427,
        "mean": 0.5736130476,
        "median": 0.323381215334,
        "min": 1.07117092973e-09,
        "skew": 1.81329452991,
        "var": 0.417813539505
    },
    "zerocrossingrate": {
        "kurt": 60.364654541,
        "max": 0.498046875,
        "mean": 0.0416230000556,
        "median": 0.03076171875,
        "min": 0.01904296875,
        "skew": 7.4399971962,
        "var": 0.00255994219333
    },
    "barkbands": {
        "kurt": [22.4104652405, 2.15039730072, 42.5877418518, 11.1307859421, 13.840965271, 20.1349487305, 8.94835662842, 37.8533477783, 9.94469070435, 34.4531707764, 8.99592494965, 28.3511104584, 20.6933689117, 9.85202693939, 9.93652153015, 16.1674747467, 10.7363214493, 21.3439788818, 30.6635055542, 12.1490764618, 6.274559021, 3.49891233444, 3.82980632782, 16.3283824921, 24.5004692078, 23.0035457611, 30.9213676453],
        "max": [2.01110701425e-08, 1.08251761333e-07, 9.05437445908e-07, 1.74252568286e-06, 3.65685191355e-05, 0.00576374214143, 0.0368065536022, 0.00998180638999, 0.00274282461032, 0.00655558565632, 0.00138420495205, 0.00116027274635, 0.000995145528577, 0.000298690603813, 0.000116789167805, 8.44568639877e-05, 3.13872951665e-05, 2.54356145888e-05, 0.000201567963813, 2.24415798584e-05, 4.52773792858e-06, 2.45391288445e-06, 6.03428361501e-07, 3.94012062088e-07, 3.43653226764e-07, 1.94565874523e-08, 3.20587711933e-09],
        "mean": [1.06943098821e-09, 2.29429542031e-08, 8.25001365001e-08, 2.45381613695e-07, 3.28531677951e-06, 0.000300023384625, 0.00334532512352, 0.000401936413255, 0.000255935505265, 0.000326282111928, 0.00011888181325, 6.89289227012e-05, 6.89824664732e-05, 2.58671934716e-05, 1.17323907034e-05, 5.80840332987e-06, 3.20693561662e-06, 1.94087374439e-06, 7.5421830843e-06, 1.99398982659e-06, 6.83742200636e-07, 4.4025748025e-07, 1.27114986981e-07, 3.17377519821e-08, 2.00499350456e-08, 1.30213739791e-09, 1.75685729853e-10],
        "median": [1.30151847633e-10, 1.73257035385e-08, 6.26202805165e-08, 1.76451493417e-07, 1.13101009447e-06, 2.44053589995e-05, 0.000669352011755, 6.79110962665e-05, 8.52003286127e-05, 8.76886042533e-05, 3.79027806048e-05, 2.40831122937e-05, 1.92663719645e-05, 6.48168042972e-06, 3.16657929034e-06, 1.73324121988e-06, 1.21262405628e-06, 9.25382721562e-07, 1.28058343307e-06, 7.46069645174e-07, 4.68475320758e-07, 2.7287615012e-07, 1.10262782016e-07, 1.0534210837e-08, 5.75670222602e-09, 4.18338030883e-10, 2.55979300257e-11],
        "min": [8.56935578151e-24, 3.01476889556e-23, 1.39259887518e-23, 3.03473725276e-24, 2.0094051149e-23, 3.99430189919e-23, 1.38612059165e-23, 5.66805963623e-23, 2.07398789503e-23, 4.60173899571e-23, 5.58901703571e-23, 6.47482642182e-23, 8.68647559353e-23, 7.07038926845e-23, 9.00258919764e-23, 9.99547793195e-23, 1.40696485268e-22, 1.98182028987e-22, 1.95205461154e-22, 2.65761862093e-22, 3.55582650234e-22, 5.29304008438e-22, 5.58040557763e-22, 8.01749907914e-22, 1.11870291052e-21, 1.60118013563e-21, 2.11949623304e-21],
        "skew": [4.32314395905, 1.36723279953, 5.0265827179, 2.90840864182, 3.51305174828, 4.31943416595, 2.78344726562, 5.32578611374, 2.76690196991, 5.0895781517, 2.87712931633, 4.4096570015, 4.00039768219, 3.06566977501, 2.9620578289, 3.6884367466, 3.00396084785, 3.83216381073, 5.3214764595, 3.19156527519, 2.35695147514, 1.92635059357, 1.59105217457, 3.58224129677, 4.24062156677, 4.43225908279, 4.77116012573],
        "var": [6.12978801492e-18, 3.97056540783e-16, 6.63988788539e-15, 6.9449173246e-14, 3.30113367197e-11, 6.41287499548e-07, 3.45088228642e-05, 1.01183491097e-06, 1.60268697869e-07, 4.65633803515e-07, 4.63296991882e-08, 1.52570631684e-08, 1.64936420077e-08, 2.47748044302e-09, 3.98827859627e-10, 1.26745960949e-10, 2.49540631214e-11, 8.30901927124e-12, 6.11696082675e-10, 1.04548513943e-11, 6.22739652813e-13, 2.17477023803e-13, 8.67357333417e-15, 2.87947431639e-15, 1.46964260931e-15, 6.37117255255e-18, 1.34028488242e-19],
        "cov": [[6.15480774691e-18, 1.12710422583e-17, 7.67715458584e-17, 6.72793174572e-17, 3.44261104236e-15, 1.24143805045e-13, 6.7939755384e-12, 3.96187287621e-13, 4.5772359427e-13, 3.37294536919e-13, 9.59843844488e-14, 9.07934954975e-14, 4.66003476855e-14, 1.36715869542e-14, 1.24815429327e-14, 5.88800765482e-15, 2.62205592152e-15, 1.66078035842e-15, 1.42653578972e-14, 2.24304552356e-15, 2.19212709085e-16, 4.36803244196e-16, 7.19159030185e-17, 3.99666540462e-17, 2.52184968716e-17, 1.2522277839e-18, 1.53237922662e-19], [1.12710422583e-17, 3.98677179509e-16, 5.9354854397e-16, 8.59482372815e-16, 1.13403193493e-14, -1.13882709686e-12, 1.35270709564e-11, 1.20155751668e-12, 1.04953014595e-12, 6.5033601334e-13, 3.39765406565e-13, 3.63318485811e-14, 1.10460130084e-13, 1.09513669021e-13, 4.0069283205e-14, 1.21261736478e-14, 5.2808794257e-15, 1.16995223053e-14, 9.86734972159e-14, 8.99086340588e-15, -1.52603613064e-16, 1.2383438518e-15, 1.98462850331e-16, 4.45579862106e-18, -2.87822920443e-17, -1.65915752849e-18, 6.01577957225e-19], [7.67715458584e-17, 5.9354854397e-16, 6.66698912806e-15, 9.7118993552e-15, 4.36419792381e-15, -2.01708723509e-12, 1.08221737127e-10, 2.08817663681e-12, 7.38097170189e-12, 6.34379701547e-12, 2.20790508272e-12, 1.13163309019e-12, 6.29200034089e-13, -1.17804705335e-13, 1.74074730325e-13, 2.83972267901e-14, 3.81464777572e-14, 2.23381985245e-14, -3.36023120136e-14, 2.52106397146e-14, 6.5949028126e-15, 7.3929874199e-15, 8.26223359444e-16, 3.9758418937e-16, 7.92380197741e-17, 3.45232989674e-18, 3.33967968464e-19], [6.72793174572e-17, 8.59482372815e-16, 9.7118993552e-15, 6.9732637904e-14, 4.95524303014e-13, 6.37883218468e-11, 2.32117700061e-10, -7.96104588502e-12, 7.44843076106e-12, 2.76323262232e-13, 2.20593335265e-12, 1.17132464752e-12, -1.45874490872e-12, 1.78122805134e-12, 3.45581886946e-14, 5.23840207865e-14, 1.29042094935e-13, 2.78018954429e-13, 2.2783630451e-12, 1.30664820326e-13, 6.46116901572e-15, 1.31217668567e-14, 1.45177879033e-15, 1.48933829586e-16, -2.89189938975e-16, -1.47814445767e-17, -1.25587937272e-18], [3.44261104236e-15, 1.13403193493e-14, 4.36419792381e-15, 4.95524303014e-13, 3.31460761616e-11, 1.58891877433e-09, 9.84188108788e-09, 1.37855182825e-09, 5.85430814937e-10, 7.94548205008e-10, 2.09821535146e-10, 1.24057444872e-10, 1.35132155465e-10, 1.34341274216e-10, 2.83208820978e-11, 2.46590595165e-11, 1.14539749213e-11, 5.94781038657e-12, 8.97638352537e-11, 6.32639773901e-12, 3.27258483984e-13, 6.53791311454e-13, 1.01871331195e-13, 3.95630590463e-14, 1.115055517e-14, 8.1072487997e-16, 4.80726667071e-16], [1.24143805045e-13, -1.13882709686e-12, -2.01708723509e-12, 6.37883218468e-11, 1.58891877433e-09, 6.43905025299e-07, 9.11446079499e-07, -3.98524839795e-08, 1.46146152957e-08, -1.63937829978e-09, -1.10598765701e-08, 7.48715933696e-09, -4.15777279272e-09, 7.65522578661e-09, -6.54360662877e-11, 9.50510337105e-10, 5.40152200745e-10, 3.04857417088e-10, 8.09155142889e-09, 1.15167286818e-09, 4.34979274822e-11, 6.14648956732e-11, 3.72748663532e-12, 6.16558106653e-12, 4.82616334049e-12, 4.70003539126e-13, 3.73037646779e-14], [6.7939755384e-12, 1.35270709564e-11, 1.08221737127e-10, 2.32117700061e-10, 9.84188108788e-09, 9.11446079499e-07, 3.46496744896e-05, 1.11288022708e-06, 1.23782524497e-06, 1.00604995623e-06, 2.87090529127e-07, 3.27953557644e-07, 2.01011502554e-07, 6.53745146906e-08, 4.5843723484e-08, 1.57787010124e-08, 9.38422228813e-09, 4.65895988455e-09, 4.1583376742e-08, 8.26643020702e-09, 1.1087827323e-09, 1.53984636153e-09, 3.11927428331e-10, 1.91913623881e-10, 1.3457147896e-10, 7.88231025589e-12, 1.23935681596e-12], [3.96187287621e-13, 1.20155751668e-12, 2.08817663681e-12, -7.96104588502e-12, 1.37855182825e-09, -3.98524839795e-08, 1.11288022708e-06, 1.01596481272e-06, 1.8881097219e-07, 3.17086090718e-07, 7.30084366296e-08, 1.85719528645e-08, 6.89479691118e-08, 2.74306106718e-08, 7.9134609976e-09, 6.26545926252e-09, 2.33784969161e-09, 6.06572847506e-10, 4.91526863655e-09, 5.40352096401e-10, 1.69107054748e-11, 3.1666787248e-11, 1.30621641975e-11, -2.81745026615e-12, -2.34221583101e-12, -9.6715983746e-14, 5.24175497387e-14], [4.5772359427e-13, 1.04953014595e-12, 7.38097170189e-12, 7.44843076106e-12, 5.85430814937e-10, 1.46146152957e-08, 1.23782524497e-06, 1.8881097219e-07, 1.60922866144e-07, 1.5138621734e-07, 3.02831288934e-08, 2.91139219399e-08, 2.34239312391e-08, 4.57237669949e-09, 3.85661946822e-09, 2.19199747242e-09, 7.49472317541e-10, 3.05567265935e-10, 1.63754554361e-09, 3.96951388426e-10, 3.71473164729e-11, 8.61282919984e-11, 1.28822057188e-11, 5.46228904122e-12, 2.20277984221e-12, 1.29227059826e-13, 4.31815973495e-14], [3.37294536919e-13, 6.5033601334e-13, 6.34379701547e-12, 2.76323262232e-13, 7.94548205008e-10, -1.63937829978e-09, 1.00604995623e-06, 3.17086090718e-07, 1.5138621734e-07, 4.67534363224e-07, 7.39230330282e-08, 2.66919144565e-08, 5.22511705014e-08, 1.65303042365e-08, 7.67284902281e-09, 4.64669547284e-09, 1.36951361362e-09, 1.8733768703e-10, 2.43718956128e-09, 4.66667204879e-10, 5.10816909605e-11, 7.45939282565e-11, 1.15316879309e-11, 3.43886356023e-12, 1.36184130379e-12, 4.87700158036e-14, 4.36624884468e-14], [9.59843844488e-14, 3.39765406565e-13, 2.20790508272e-12, 2.20593335265e-12, 2.09821535146e-10, -1.10598765701e-08, 2.87090529127e-07, 7.30084366296e-08, 3.02831288934e-08, 7.39230330282e-08, 4.65188030319e-08, 6.63376864551e-09, 1.33531630198e-08, 5.42510258938e-09, 2.9462194906e-09, 1.13305576033e-09, 3.22094878547e-10, 1.8816344316e-11, 3.26352334046e-10, 5.84893175559e-11, -8.36661382536e-12, 7.32216457605e-12, 2.40317097819e-12, -3.75773088861e-13, -6.26077098151e-13, -2.73967555185e-14, 1.34637487858e-14], [9.07934954975e-14, 3.63318485811e-14, 1.13163309019e-12, 1.17132464752e-12, 1.24057444872e-10, 7.48715933696e-09, 3.27953557644e-07, 1.85719528645e-08, 2.91139219399e-08, 2.66919144565e-08, 6.63376864551e-09, 1.53193369101e-08, 5.46473533092e-09, 9.0429946864e-10, 9.66724478246e-10, 5.48009637669e-10, 2.00986130516e-10, 5.39780685427e-11, 2.64437277631e-10, 1.40678912963e-10, 1.29971909971e-11, 2.94383024901e-11, 3.93889998743e-12, 2.71513540817e-12, 1.00624272369e-12, 5.67136127557e-14, 1.27322020047e-14], [4.66003476855e-14, 1.10460130084e-13, 6.29200034089e-13, -1.45874490872e-12, 1.35132155465e-10, -4.15777279272e-09, 2.01011502554e-07, 6.89479691118e-08, 2.34239312391e-08, 5.22511705014e-08, 1.33531630198e-08, 5.46473533092e-09, 1.65609623792e-08, 3.86517928774e-09, 1.79891268548e-09, 1.01688757415e-09, 3.46810830054e-10, 4.19260251516e-11, 3.056268294e-10, 8.23084586599e-11, 3.1791240647e-12, 1.09943000884e-11, 2.11491414659e-12, 3.64701785481e-13, 5.61155905543e-14, 1.00174656439e-14, 1.11563895329e-14], [1.36715869542e-14, 1.09513669021e-13, -1.17804705335e-13, 1.78122805134e-12, 1.34341274216e-10, 7.65522578661e-09, 6.53745146906e-08, 2.74306106718e-08, 4.57237669949e-09, 1.65303042365e-08, 5.42510258938e-09, 9.0429946864e-10, 3.86517928774e-09, 2.48759257637e-09, 5.01263641706e-10, 3.50445505948e-10, 1.5208119486e-10, 3.25905621934e-11, 6.79120815139e-10, 4.82057449513e-11, 5.28763990058e-13, 3.27876029278e-12, 8.28262371882e-13, -1.37105401359e-13, -1.32334600092e-13, -6.64179963876e-15, 3.20593119041e-15], [1.24815429327e-14, 4.0069283205e-14, 1.74074730325e-13, 3.45581886946e-14, 2.83208820978e-11, -6.54360662877e-11, 4.5843723484e-08, 7.9134609976e-09, 3.85661946822e-09, 7.67284902281e-09, 2.9462194906e-09, 9.66724478246e-10, 1.79891268548e-09, 5.01263641706e-10, 4.00455724137e-10, 1.4415535432e-10, 5.59319882076e-11, 1.19434982737e-11, 6.91157131527e-11, 1.55488816267e-11, 6.45657952016e-13, 2.4552573516e-12, 3.76458738315e-13, 7.40254889721e-14, 1.868013597e-14, 9.62618851478e-16, 1.29519098575e-15], [5.88800765482e-15, 1.21261736478e-14, 2.83972267901e-14, 5.23840207865e-14, 2.46590595165e-11, 9.50510337105e-10, 1.57787010124e-08, 6.26545926252e-09, 2.19199747242e-09, 4.64669547284e-09, 1.13305576033e-09, 5.48009637669e-10, 1.01688757415e-09, 3.50445505948e-10, 1.4415535432e-10, 1.27263297123e-10, 4.02307319403e-11, 6.27327400096e-12, 1.00134463221e-10, 1.02097583859e-11, 5.94951442712e-13, 1.14173265026e-12, 1.85237364184e-13, 3.7548641903e-14, -6.01787008761e-15, 3.43737193182e-16, 9.60221218842e-16], [2.62205592152e-15, 5.2808794257e-15, 3.81464777572e-14, 1.29042094935e-13, 1.14539749213e-11, 5.40152200745e-10, 9.38422228813e-09, 2.33784969161e-09, 7.49472317541e-10, 1.36951361362e-09, 3.22094878547e-10, 2.00986130516e-10, 3.46810830054e-10, 1.5208119486e-10, 5.59319882076e-11, 4.02307319403e-11, 2.50559156756e-11, 5.421974935e-12, 5.8088464594e-11, 5.94925280914e-12, 5.42799583492e-13, 5.720132484e-13, 9.25765608378e-14, 2.15336984897e-14, 2.03942833216e-15, -9.39141679811e-19, 3.30006445e-16], [1.66078035842e-15, 1.16995223053e-14, 2.23381985245e-14, 2.78018954429e-13, 5.94781038657e-12, 3.04857417088e-10, 4.65895988455e-09, 6.06572847506e-10, 3.05567265935e-10, 1.8733768703e-10, 1.8816344316e-11, 5.39780685427e-11, 4.19260251516e-11, 3.25905621934e-11, 1.19434982737e-11, 6.27327400096e-12, 5.421974935e-12, 8.34293398255e-12, 3.07218417372e-11, 2.56710928556e-12, 3.3980560336e-13, 3.79092400917e-13, 2.51504851288e-14, 1.72346488345e-14, 7.13262219741e-15, 3.8469271849e-16, 1.01874651035e-16], [1.42653578972e-14, 9.86734972159e-14, -3.36023120136e-14, 2.2783630451e-12, 8.97638352537e-11, 8.09155142889e-09, 4.1583376742e-08, 4.91526863655e-09, 1.63754554361e-09, 2.43718956128e-09, 3.26352334046e-10, 2.64437277631e-10, 3.056268294e-10, 6.79120815139e-10, 6.91157131527e-11, 1.00134463221e-10, 5.8088464594e-11, 3.07218417372e-11, 6.14192807724e-10, 3.21494150746e-11, 1.56659179986e-12, 2.59746195906e-12, 5.1934249002e-13, 2.34655214503e-14, -1.52183190908e-14, -8.55582527247e-16, 1.10744803881e-15], [2.24304552356e-15, 8.99086340588e-15, 2.52106397146e-14, 1.30664820326e-13, 6.32639773901e-12, 1.15167286818e-09, 8.26643020702e-09, 5.40352096401e-10, 3.96951388426e-10, 4.66667204879e-10, 5.84893175559e-11, 1.40678912963e-10, 8.23084586599e-11, 4.82057449513e-11, 1.55488816267e-11, 1.02097583859e-11, 5.94925280914e-12, 2.56710928556e-12, 3.21494150746e-11, 1.04975238571e-11, 5.89082547933e-13, 6.69587215535e-13, 1.24024908724e-13, 9.05831670523e-14, 5.44629005252e-14, 4.29297642899e-15, 4.40288546546e-16], [2.19212709085e-16, -1.52603613064e-16, 6.5949028126e-15, 6.46116901572e-15, 3.27258483984e-13, 4.34979274822e-11, 1.1087827323e-09, 1.69107054748e-11, 3.71473164729e-11, 5.10816909605e-11, -8.36661382536e-12, 1.29971909971e-11, 3.1791240647e-12, 5.28763990058e-13, 6.45657952016e-13, 5.94951442712e-13, 5.42799583492e-13, 3.3980560336e-13, 1.56659179986e-12, 5.89082547933e-13, 6.25281456387e-13, 1.87561378646e-13, 1.71885787125e-14, 1.10221288815e-14, 6.31310977412e-15, 3.32166140788e-16, 5.18641383803e-17], [4.36803244196e-16, 1.2383438518e-15, 7.3929874199e-15, 1.31217668567e-14, 6.53791311454e-13, 6.14648956732e-11, 1.53984636153e-09, 3.1666787248e-11, 8.61282919984e-11, 7.45939282565e-11, 7.32216457605e-12, 2.94383024901e-11, 1.09943000884e-11, 3.27876029278e-12, 2.4552573516e-12, 1.14173265026e-12, 5.720132484e-13, 3.79092400917e-13, 2.59746195906e-12, 6.69587215535e-13, 1.87561378646e-13, 2.18364687226e-13, 1.89444373546e-14, 1.34792681235e-14, 7.56106755575e-15, 4.1032192377e-16, 6.21527431881e-17], [7.19159030185e-17, 1.98462850331e-16, 8.26223359444e-16, 1.45177879033e-15, 1.01871331195e-13, 3.72748663532e-12, 3.11927428331e-10, 1.30621641975e-11, 1.28822057188e-11, 1.15316879309e-11, 2.40317097819e-12, 3.93889998743e-12, 2.11491414659e-12, 8.28262371882e-13, 3.76458738315e-13, 1.85237364184e-13, 9.25765608378e-14, 2.51504851288e-14, 5.1934249002e-13, 1.24024908724e-13, 1.71885787125e-14, 1.89444373546e-14, 8.70897592323e-15, 2.72159266898e-15, 1.85705726818e-15, 1.08752234312e-16, 1.47615029065e-17], [3.99666540462e-17, 4.45579862106e-18, 3.9758418937e-16, 1.48933829586e-16, 3.95630590463e-14, 6.16558106653e-12, 1.91913623881e-10, -2.81745026615e-12, 5.46228904122e-12, 3.43886356023e-12, -3.75773088861e-13, 2.71513540817e-12, 3.64701785481e-13, -1.37105401359e-13, 7.40254889721e-14, 3.7548641903e-14, 2.15336984897e-14, 1.72346488345e-14, 2.34655214503e-14, 9.05831670523e-14, 1.10221288815e-14, 1.34792681235e-14, 2.72159266898e-15, 2.89122732205e-15, 1.91590699977e-15, 1.14166819635e-16, 1.07904801009e-17], [2.52184968716e-17, -2.87822920443e-17, 7.92380197741e-17, -2.89189938975e-16, 1.115055517e-14, 4.82616334049e-12, 1.3457147896e-10, -2.34221583101e-12, 2.20277984221e-12, 1.36184130379e-12, -6.26077098151e-13, 1.00624272369e-12, 5.61155905543e-14, -1.32334600092e-13, 1.868013597e-14, -6.01787008761e-15, 2.03942833216e-15, 7.13262219741e-15, -1.52183190908e-14, 5.44629005252e-14, 6.31310977412e-15, 7.56106755575e-15, 1.85705726818e-15, 1.91590699977e-15, 1.47564119076e-15, 8.86843032554e-17, 6.98916415127e-18], [1.2522277839e-18, -1.65915752849e-18, 3.45232989674e-18, -1.47814445767e-17, 8.1072487997e-16, 4.70003539126e-13, 7.88231025589e-12, -9.6715983746e-14, 1.29227059826e-13, 4.87700158036e-14, -2.73967555185e-14, 5.67136127557e-14, 1.00174656439e-14, -6.64179963876e-15, 9.62618851478e-16, 3.43737193182e-16, -9.39141679811e-19, 3.8469271849e-16, -8.55582527247e-16, 4.29297642899e-15, 3.32166140788e-16, 4.1032192377e-16, 1.08752234312e-16, 1.14166819635e-16, 8.86843032554e-17, 6.39717745665e-18, 5.37401511291e-19], [1.53237922662e-19, 6.01577957225e-19, 3.33967968464e-19, -1.25587937272e-18, 4.80726667071e-16, 3.73037646779e-14, 1.23935681596e-12, 5.24175497387e-14, 4.31815973495e-14, 4.36624884468e-14, 1.34637487858e-14, 1.27322020047e-14, 1.11563895329e-14, 3.20593119041e-15, 1.29519098575e-15, 9.60221218842e-16, 3.30006445e-16, 1.01874651035e-16, 1.10744803881e-15, 4.40288546546e-16, 5.18641383803e-17, 6.21527431881e-17, 1.47615029065e-17, 1.07904801009e-17, 6.98916415127e-18, 5.37401511291e-19, 1.34575551895e-19]]
    },
    "mfcc": {
        "kurt": [0.670092821121, 2.99064874649, -0.718459129333, -0.853202581406, -0.418469905853, -0.0610871315002, 0.214447498322, -0.501227617264, -0.1626932621, -0.0607199668884, -0.19980764389, 0.125026941299, -0.605568408966],
        "max": [-770.585266113, 182.797790527, 6.53375244141, 13.0775947571, -6.103515625e-05, 2.28881835938e-05, 11.9974250793, 6.21536254883, 9.71801376343, 26.6478595734, 22.2479896545, 27.9113788605, 31.187374115],
        "mean": [-892.913024902, 136.191009521, -50.0189971924, -39.6023712158, -57.4543495178, -38.2885055542, -23.6784057617, -22.7124443054, -15.6263103485, -7.27838087082, 1.71114110947, -1.1949723959, 7.59459447861],
        "median": [-878.852661133, 147.521331787, -49.4354896545, -38.547203064, -61.3000488281, -38.7542915344, -24.8922042847, -23.4640541077, -14.5508308411, -7.41272354126, 0.365703582764, -0.987228393555, 9.14101409912],
        "min": [-1138.42004395, 1.14440917969e-05, -114.478927612, -93.9079971313, -88.6623382568, -77.3315887451, -48.1231460571, -60.6012153625, -46.3900222778, -35.0095748901, -23.2485752106, -29.3594474792, -16.7580299377],
        "skew": [-0.852155447006, -1.49147582054, 0.122650973499, 0.111518360674, 0.647990584373, 0.320128649473, 0.619579076767, -0.0274287555367, -0.341498762369, 0.0181099399924, 0.107224471867, 0.108219884336, -0.21942050755],
        "var": [5152.34765625, 1088.19787598, 781.739624023, 523.44354248, 487.47479248, 197.533096313, 117.128181458, 183.869018555, 131.632766724, 111.27481842, 69.728553772, 85.2209091187, 100.466781616],
        "cov": [[5173.37744141, 2144.07299805, -1755.21008301, -961.384338379, -1327.94042969, -772.734802246, -575.210083008, -721.336853027, -292.618133545, 167.728179932, 197.231292725, -35.2162857056, 360.423736572], [2144.07299805, 1092.63952637, -694.030212402, -558.139587402, -532.964782715, -338.082061768, -256.764343262, -291.733032227, -144.648513794, 92.5096282959, 65.1793212891, -45.3965148926, 182.155670166], [-1755.21008301, -694.030212402, 784.930419922, 419.217224121, 391.530303955, 230.139328003, 171.199478149, 215.171401978, 62.3793869019, -110.970046997, -93.9208526611, 8.72330093384, -123.659744263], [-961.384338379, -558.139587402, 419.217224121, 525.58001709, 278.173706055, 101.911140442, 123.745956421, 113.758155823, 11.3173866272, -120.06652832, -45.189365387, 12.9303312302, -135.148223877], [-1327.94042969, -532.964782715, 391.530303955, 278.173706055, 489.464477539, 214.802978516, 157.750106812, 203.537261963, 41.7221984863, -32.0506896973, -50.6885299683, -20.9554214478, -108.109832764], [-772.734802246, -338.082061768, 230.139328003, 101.911140442, 214.802978516, 198.339355469, 103.673835754, 115.985427856, 87.7106933594, -3.2528090477, -27.2499294281, 4.53731012344, -58.654548645], [-575.210083008, -256.764343262, 171.199478149, 123.745956421, 157.750106812, 103.673835754, 117.606254578, 110.794242859, 46.3452987671, -0.378385573626, -17.4211273193, 3.40285205841, -48.0863609314], [-721.336853027, -291.733032227, 215.171401978, 113.758155823, 203.537261963, 115.985427856, 110.794242859, 184.619506836, 87.0076675415, -5.62613868713, -0.485192805529, 8.6114692688, -61.9345588684], [-292.618133545, -144.648513794, 62.3793869019, 11.3173866272, 41.7221984863, 87.7106933594, 46.3452987671, 87.0076675415, 132.170043945, 23.0713024139, 5.26863050461, 41.1403770447, -33.3232688904], [167.728179932, 92.5096282959, -110.970046997, -120.06652832, -32.0506896973, -3.2528090477, -0.378385573626, -5.62613868713, 23.0713024139, 111.729003906, 36.2420349121, -17.1246337891, 43.360168457], [197.231292725, 65.1793212891, -93.9208526611, -45.189365387, -50.6885299683, -27.2499294281, -17.4211273193, -0.485192805529, 5.26863050461, 36.2420349121, 70.0131607056, 14.2699899673, 4.81257486343], [-35.2162857056, -45.3965148926, 8.72330093384, 12.9303312302, -20.9554214478, 4.53731012344, 3.40285205841, 8.6114692688, 41.1403770447, -17.1246337891, 14.2699899673, 85.5687484741, 4.9598441124], [360.423736572, 182.155670166, -123.659744263, -135.148223877, -108.109832764, -58.654548645, -48.0863609314, -61.9345588684, -33.3232688904, 43.360168457, 4.81257486343, 4.9598441124, 100.876846313]]
    },
    "sccoeffs": {
        "kurt": [1.70963525772, -0.48463177681, -0.105872154236, 0.428356170654, 1.16615056992, 3.58750200272],
        "max": [-0.485529333353, -0.333712249994, -0.613338410854, -0.678846418858, -0.716154873371, -0.712977051735],
        "mean": [-0.719247937202, -0.640932381153, -0.78515958786, -0.795198917389, -0.837547361851, -0.811336040497],
        "median": [-0.726446449757, -0.629560887814, -0.787961959839, -0.790602684021, -0.841052651405, -0.811504423618],
        "min": [-0.970991075039, -0.963210880756, -0.975202083588, -0.96486645937, -0.961773455143, -0.959586441517],
        "skew": [-0.0774422213435, -0.249254286289, 0.00474071921781, -0.441054672003, 0.356145888567, -0.663652777672],
        "var": [0.00441295932978, 0.0171244647354, 0.00456709973514, 0.00259831128642, 0.00141984503716, 0.00113884115126],
        "cov": [[0.00443097110838, 0.00183480291162, 0.000793273327872, 0.00104259559885, 0.00108543341048, 0.000538541411515], [0.00183480291162, 0.0171943604946, 0.00571198575199, 0.00453168386593, 0.001605648431, 0.000599673658144], [0.000793273327872, 0.00571198575199, 0.00458574108779, 0.0021570334211, 0.000898274185602, 0.000697782088537], [0.00104259559885, 0.00453168386593, 0.0021570334211, 0.00260891672224, 0.000814014929347, 0.000394228700316], [0.00108543341048, 0.001605648431, 0.000898274185602, 0.000814014929347, 0.0014256403083, 0.000528763281181], [0.000538541411515, 0.000599673658144, 0.000697782088537, 0.000394228700316, 0.000528763281181, 0.00114348949865]]
    },
    "scvalleys": {
        "kurt": [66.3063049316, 50.7393722534, 49.6434669495, 50.5516815186, 62.335144043, 61.682723999],
        "max": [-9.06603908539, -5.27823352814, -5.24799776077, -6.38371372223, -8.38927555084, -10.3067522049],
        "mean": [-10.494509697, -7.36154460907, -7.38732194901, -8.6973733902, -9.82390213013, -12.0657176971],
        "median": [-10.2472553253, -6.96310806274, -6.90579509735, -8.34436607361, -9.55123138428, -12.0503044128],
        "min": [-27.2172260284, -27.3657283783, -27.2966136932, -27.6034374237, -27.4107456207, -27.2801055908],
        "skew": [-7.97397994995, -6.59620523453, -6.50588321686, -6.56473875046, -7.64002275467, -7.55931091309],
        "var": [3.66339111328, 5.98958969116, 6.00260257721, 5.21242952347, 4.17683506012, 3.17052078247],
        "cov": [[3.67834377289, 4.30136919022, 4.28241491318, 4.01103496552, 3.73876547813, 3.23718094826], [4.30136919022, 6.01403713226, 5.89282846451, 5.45291471481, 4.87458229065, 4.13180971146], [4.28241491318, 5.89282846451, 6.02710294724, 5.53028202057, 4.85117149353, 4.09324359894], [4.01103496552, 5.45291471481, 5.53028202057, 5.23370504379, 4.53158092499, 3.78926539421], [3.73876547813, 4.87458229065, 4.85117149353, 4.53158092499, 4.19388341904, 3.56434869766], [3.23718094826, 4.13180971146, 4.09324359894, 3.78926539421, 3.56434869766, 3.18346166611]]
    }
},
"rhythm": {
    "beats_loudness": {
        "kurt": 0.486703872681,
        "max": 0.0314173176885,
        "mean": 0.010835125111,
        "median": 0.00982934236526,
        "min": 0.000180077753612,
        "skew": 1.07742023468,
        "var": 7.97489410616e-05
    },
    "bpm": 107.352111816,
    "confidence": 0,
    "first_peak_bpm": {
        "kurt": 0,
        "max": 108,
        "mean": 108,
        "median": 108,
        "min": 108,
        "skew": 0,
        "var": 0
    },
    "first_peak_spread": {
        "kurt": 0,
        "max": 0.142857134342,
        "mean": 0.142857134342,
        "median": 0.142857134342,
        "min": 0.142857134342,
        "skew": 0,
        "var": 0
    },
    "first_peak_weight": {
        "kurt": 0,
        "max": 0.75,
        "mean": 0.75,
        "median": 0.75,
        "min": 0.75,
        "skew": 0,
        "var": 0
    },
    "onset_rate": 3.16902661324,
    "second_peak_bpm": {
        "kurt": 0,
        "max": 99,
        "mean": 99,
        "median": 99,
        "min": 99,
        "skew": 0,
        "var": 0
    },
    "second_peak_spread": {
        "kurt": 0,
        "max": 0,
        "mean": 0,
        "median": 0,
        "min": 0,
        "skew": 0,
        "var": 0
    },
    "second_peak_weight": {
        "kurt": 0,
        "max": 0.125,
        "mean": 0.125,
        "median": 0.125,
        "min": 0.125,
        "skew": 0,
        "var": 0
    },
    "beats_loudness_band_ratio": {
        "kurt": [3.73240232468, 3.71218442917, -0.952423334122, -1.30526041985, -0.882955551147, 3.40838575363],
        "max": [0.00149370625149, 0.220547869802, 0.982626676559, 0.390706598759, 0.0203991737217, 0.0124226137996],
        "mean": [0.000243385395152, 0.0480964966118, 0.802882671356, 0.180125027895, 0.0103439474478, 0.00300213345326],
        "median": [5.37132109457e-05, 0.0258387997746, 0.816934704781, 0.128939449787, 0.00916613265872, 0.00200765882619],
        "min": [9.30809801503e-06, 0.0130501398817, 0.612440466881, 0.0142852952704, 0.00117613014299, 0.000886153778993],
        "skew": [2.34221363068, 2.3330321312, -0.229494839907, 0.348193883896, 0.2807289958, 2.22728967667],
        "var": [2.01273991252e-07, 0.00383556634188, 0.0131618557498, 0.0158069767058, 3.38303398166e-05, 1.17306481116e-05],
        "cov": [[2.26433243711e-07, 3.06660808747e-06, 4.98715689901e-06, -1.09730244731e-05, -1.92688816014e-08, 3.03989054373e-07], [3.06660808747e-06, 0.00431501213461, 0.000735207519028, -0.00298361806199, -9.67341547948e-05, 0.00023591920035], [4.98715689901e-06, 0.000735207519028, 0.0148070873693, -0.0154212685302, -0.000676429597661, 2.04537518584e-05], [-1.09730244731e-05, -0.00298361806199, -0.0154212685302, 0.0177828483284, 0.00076940265717, -0.000147110884427], [-1.92688816014e-08, -9.67341547948e-05, -0.000676429597661, 0.00076940265717, 3.8059133658e-05, -4.88319710712e-06], [3.03989054373e-07, 0.00023591920035, 2.04537518584e-05, -0.000147110884427, -4.88319710712e-06, 1.31969791255e-05]]
    },
    "beats_position": [0.615328788757, 1.21904754639, 1.78793644905, 2.34521532059, 2.90249419212, 3.45977306366, 4.01705217361, 4.57433080673, 5.13160991669],
    "bpm_estimates": [105.46875, 107.666023254, 107.666023254, 107.666023254, 107.665977478, 107.666069031, 107.665977478],
    "bpm_intervals": [0.603718757629, 0.568888902664, 0.557278871536, 0.557278871536, 0.557278871536, 0.557279109955, 0.557278633118, 0.557279109955],
    "onset_times": [0.0232199542224, 0.383129239082, 0.650158703327, 1.11455786228, 1.20743763447, 1.50929701328, 1.77632653713, 2.22911572456, 2.31038546562, 2.86766433716, 3.12308382988, 3.42494320869, 3.54104304314, 3.94739222527, 4.55111122131, 4.81814050674, 5.21287965775, 5.54956912994],
    "histogram": [[0, 0, 0, 0, 0, 0, 0, 0, 0, 0, 0, 0, 0, 0, 0, 0, 0, 0, 0, 0, 0, 0, 0, 0, 0, 0, 0, 0, 0, 0, 0, 0, 0, 0, 0, 0, 0, 0, 0, 0, 0, 0, 0, 0, 0, 0, 0, 0, 0, 0, 0, 0, 0, 0, 0, 0, 0, 0, 0, 0, 0, 0, 0, 0, 0, 0, 0, 0, 0, 0, 0, 0, 0, 0, 0, 0, 0, 0, 0, 0, 0, 0, 0, 0, 0, 0, 0, 0, 0, 0, 0, 0, 0, 0, 0, 0, 0, 0, 0, 0.125, 0, 0, 0, 0, 0, 0.125, 0, 0, 0.75, 0, 0, 0, 0, 0, 0, 0, 0, 0, 0, 0, 0, 0, 0, 0, 0, 0, 0, 0, 0, 0, 0, 0, 0, 0, 0, 0, 0, 0, 0, 0, 0, 0, 0, 0, 0, 0, 0, 0, 0, 0, 0, 0, 0, 0, 0, 0, 0, 0, 0, 0, 0, 0, 0, 0, 0, 0, 0, 0, 0, 0, 0, 0, 0, 0, 0, 0, 0, 0, 0, 0, 0, 0, 0, 0, 0, 0, 0, 0, 0, 0, 0, 0, 0, 0, 0, 0, 0, 0, 0, 0, 0, 0, 0, 0, 0, 0, 0, 0, 0, 0, 0, 0, 0, 0, 0, 0, 0, 0, 0, 0, 0, 0, 0, 0, 0, 0, 0, 0, 0, 0, 0, 0, 0, 0, 0, 0, 0, 0, 0, 0, 0, 0, 0, 0, 0, 0, 0, 0, 0, 0]]
},
"sfx": {
    "inharmonicity": {
        "kurt": 3.18542814255,
        "max": 0.372293263674,
        "mean": 0.0515660494566,
        "median": 0.0150576923043,
        "min": 0,
        "skew": 1.94703066349,
        "var": 0.00594330392778
    },
    "oddtoevenharmonicenergyratio": {
        "kurt": 29.8785400391,
        "max": 34.068939209,
        "mean": 1.39428222179,
        "median": 0.11500737071,
        "min": 0,
        "skew": 4.9013633728,
        "var": 14.2299728394
    },
    "pitch_after_max_to_before_max_energy_ratio": 0.266532033682,
    "pitch_centroid": 120.971733093,
    "pitch_max_to_total": 0.983739852905,
    "pitch_min_to_total": 0.386178851128,
    "tristimulus": {
        "kurt": [-1.16703915596, 0.0408756732941, 4.55870008469],
        "max": [1, 0.924885928631, 0.928392231464],
        "mean": [0.486883729696, 0.358813941479, 0.154302179813],
        "median": [0.574789822102, 0.291992425919, 0.0895542353392],
        "min": [0, 0, 0],
        "skew": [-0.440692156553, 0.953513383865, 2.11194014549],
        "var": [0.0878257900476, 0.0494558438659, 0.0307173598558],
        "cov": [[0.0881842598319, -0.0534996055067, -0.0346846282482], [-0.0534996055067, 0.0496577061713, 0.00384189398028], [-0.0346846282482, 0.00384189398028, 0.0308427363634]]
    }
},
"tonal": {
    "chords_changes_rate": 0.104838706553,
    "chords_number_rate": 0.0241935476661,
    "chords_strength": {
        "kurt": -1.06679332256,
        "max": 0.50083476305,
        "mean": 0.407672762871,
        "median": 0.415109992027,
        "min": 0.303778976202,
        "skew": -0.428913205862,
        "var": 0.00292033865117
    },
    "key_strength": 0.329453825951,
    "tuning_diatonic_strength": 0.415601223707,
    "tuning_equal_tempered_deviation": 0.266401380301,
    "tuning_frequency": 434.946166992,
    "tuning_nontempered_energy_ratio": 0.900869011879,
    "hpcp": {
        "kurt": [3.6217341423, 2.78225660324, -1.29273605347, -1.55852258205, 0.111749410629, 0.858276128769, 0.701989889145, 2.39684581757, 5.22041034698, 6.39290809631, 3.04805469513, 5.45250797272, 27.0829429626, 22.5478382111, 38.2366867065, 8.24535083771, 5.44254398346, 22.3480510712, 9.85265922546, 7.694190979, 27.9628353119, 19.5982971191, 18.3652763367, 16.4236087799, 19.1222381592, 6.13873100281, 6.19485759735, 16.6615333557, 3.95449733734, 5.22856235504, 7.10274791718, 5.55669307709, 3.68845319748, 2.36717796326, 0.535139322281, 1.19887113571],
        "max": [1, 1, 1, 1, 1, 1, 1, 1, 0.939079403877, 1, 1, 0.900368452072, 1, 1, 0.934120118618, 0.26613342762, 0.190106168389, 0.39935746789, 0.41035336256, 0.3995436728, 0.758633494377, 0.735616326332, 0.948192298412, 1, 1, 1, 1, 1, 0.842461228371, 0.897436857224, 1, 0.977491557598, 0.994663119316, 1, 1, 1],
        "mean": [0.160495102406, 0.196337193251, 0.406966656446, 0.467099636793, 0.295781761408, 0.224064558744, 0.223266378045, 0.184789210558, 0.134120568633, 0.141463428736, 0.169455870986, 0.112299986184, 0.0628803595901, 0.063178114593, 0.0500612333417, 0.0351763144135, 0.0244787074625, 0.0279352720827, 0.0419317595661, 0.0450295694172, 0.0525480620563, 0.0629577413201, 0.0730879455805, 0.0693572238088, 0.0794970691204, 0.132275611162, 0.136967301369, 0.113749355078, 0.124289825559, 0.122924774885, 0.137136250734, 0.139085248113, 0.149094372988, 0.205389901996, 0.243522927165, 0.222469031811],
