{
"metadata": {
    "version": {
        "essentia": "2.1-beta3"
    }
},
"lowLevel": {
    "average_loudness": 0.959670305252,
    "barkbands_kurtosis": {
        "kurt": 3.54925441742,
        "max": 36.2509841919,
        "mean": 3.85823583603,
        "median": 0.0359363555908,
        "min": -1.62689864635,
        "skew": 1.94293105602,
        "var": 55.8400497437
    },
    "barkbands_skewness": {
        "kurt": -0.0838401317596,
        "max": 5.35692405701,
        "mean": 1.27366936207,
        "median": 0.895192623138,
        "min": -1.99782657623,
        "skew": 0.549914598465,
        "var": 2.17321276665
    },
    "barkbands_spread": {
        "kurt": -1.01103270054,
        "max": 45.415222168,
        "mean": 19.6645584106,
        "median": 19.1455993652,
        "min": 2.19886994362,
        "skew": 0.0684566497803,
        "var": 114.387016296
    },
    "dissonance": {
        "kurt": 0.462680578232,
        "max": 0.499969750643,
        "mean": 0.459973931313,
        "median": 0.472798913717,
        "min": 0.348669141531,
        "skew": -1.11886870861,
        "var": 0.00127375265583
    },
    "hfc": {
        "kurt": 14.9337272644,
        "max": 51.9520149231,
        "mean": 3.07543778419,
        "median": 0.0690986886621,
        "min": 1.04335660112e-08,
        "skew": 3.70163846016,
        "var": 63.4054832458
    },
    "pitch": {
        "kurt": 8.34151172638,
        "max": 4144.09716797,
        "mean": 540.910339355,
        "median": 343.128082275,
        "min": 85.8894958496,
        "skew": 2.98402452469,
        "var": 484350.84375
    },
    "pitch_instantaneous_confidence": {
        "kurt": -0.410436868668,
        "max": 0.879591107368,
        "mean": 0.441925674677,
        "median": 0.399103701115,
        "min": 0.0497342348099,
        "skew": 0.621778905392,
        "var": 0.0389794372022
    },
    "pitch_salience": {
        "kurt": 0.102848052979,
        "max": 0.99609786272,
        "mean": 0.590596914291,
        "median": 0.633200585842,
        "min": 0.171410024166,
        "skew": -0.637467682362,
        "var": 0.0229566562921
    },
    "silence_rate_20dB": {
        "kurt": 0,
        "max": 1,
        "mean": 1,
        "median": 1,
        "min": 1,
        "skew": 0,
        "var": 0
    },
    "silence_rate_30dB": {
        "kurt": 0,
        "max": 1,
        "mean": 1,
        "median": 1,
        "min": 1,
        "skew": 0,
        "var": 0
    },
    "silence_rate_60dB": {
        "kurt": 0.11145234108,
        "max": 1,
        "mean": 0.793893158436,
        "median": 1,
        "min": 0,
        "skew": -1.45308661461,
        "var": 0.163627117872
    },
    "spectral_centroid": {
        "kurt": 59.5227165222,
        "max": 11024.9990234,
        "mean": 1159.11254883,
        "median": 998.049377441,
        "min": 229.59513855,
        "skew": 6.57864427567,
        "var": 1077133.25
    },
    "spectral_complexity": {
        "kurt": 2.47161197662,
        "max": 20,
        "mean": 2.9465649128,
        "median": 0,
        "min": 0,
        "skew": 1.92080569267,
        "var": 27.5925331116
    },
    "spectral_crest": {
        "kurt": -0.191063642502,
        "max": 24.7816085815,
        "mean": 10.7951068878,
        "median": 9.2465839386,
        "min": 2.84135556221,
        "skew": 0.8074696064,
        "var": 30.4657516479
    },
    "spectral_decrease": {
        "kurt": 25.0091667175,
        "max": 6.8206799736e-26,
        "mean": -1.3239879193e-09,
        "median": -1.95896597555e-11,
        "min": -3.23062465668e-08,
        "skew": -4.71717882156,
        "var": 1.80074622006e-17
    },
    "spectral_energy": {
        "kurt": 24.6021900177,
        "max": 0.126643255353,
        "mean": 0.0052759796381,
        "median": 7.8722856415e-05,
        "min": 9.46355298813e-13,
        "skew": 4.68072032928,
        "var": 0.000279313942883
    },
    "spectral_energyband_high": {
        "kurt": 8.48714733124,
        "max": 0.000603433232754,
        "mean": 5.08584926138e-05,
        "median": 2.30962132264e-06,
        "min": 6.86915910438e-13,
        "skew": 3.02447652817,
        "var": 1.55710324634e-08
    },
    "spectral_energyband_low": {
        "kurt": 12.7777423859,
        "max": 0.000151964224642,
        "mean": 1.18423386084e-05,
        "median": 8.84423798198e-07,
        "min": 6.46300368909e-15,
        "skew": 3.50433278084,
        "var": 7.93003718247e-10
    },
    "spectral_energyband_middle_high": {
        "kurt": 22.1430912018,
        "max": 0.0124824717641,
        "mean": 0.000655665295199,
        "median": 2.19950125029e-05,
        "min": 1.38491038841e-13,
        "skew": 4.25960016251,
        "var": 2.8577737794e-06
    },
    "spectral_energyband_middle_low": {
        "kurt": 27.3375530243,
        "max": 0.120156146586,
        "mean": 0.00456715421751,
        "median": 2.89019553747e-05,
        "min": 2.86213313791e-14,
        "skew": 4.90161561966,
        "var": 0.000236194580793
    },
    "spectral_flatness_db": {
        "kurt": -0.226810216904,
        "max": 0.343983143568,
        "mean": 0.170987799764,
        "median": 0.152468502522,
        "min": 0.0656126439571,
        "skew": 0.773227453232,
        "var": 0.00426729675382
    },
    "spectral_flux": {
        "kurt": 7.72508811951,
        "max": 0.330647021532,
        "mean": 0.0345647372305,
        "median": 0.0066310367547,
        "min": 0.000621945946477,
        "skew": 2.72040367126,
        "var": 0.00353820738383
    },
    "spectral_kurtosis": {
        "kurt": 6.84412193298,
        "max": 27.1723365784,
        "mean": 5.68721675873,
        "median": 4.18848800659,
        "min": -1.20000219345,
        "skew": 2.14198732376,
        "var": 15.0610122681
    },
    "spectral_rms": {
        "kurt": 8.13387680054,
        "max": 0.0111155025661,
        "mean": 0.00114114792086,
        "median": 0.000277133163763,
        "min": 3.03854150729e-08,
        "skew": 2.78943276405,
        "var": 3.84507848139e-06
    },
    "spectral_rolloff": {
        "kurt": 45.2344245911,
        "max": 18755.4199219,
        "mean": 2068.17333984,
        "median": 2260.98632812,
        "min": 129.19921875,
        "skew": 5.29928302765,
        "var": 3513198
    },
    "spectral_skewness": {
        "kurt": 2.11428356171,
        "max": 4.28896951675,
        "mean": 1.88451576233,
        "median": 1.71117961407,
        "min": -2.15908517731e-08,
        "skew": 1.02672553062,
        "var": 0.356351703405
    },
    "spectral_spread": {
        "kurt": 86.4063796997,
        "max": 40596012,
        "mean": 5027658.5,
        "median": 4532458.5,
        "min": 2476779.25,
        "skew": 8.766289711,
        "var": 1.17401358172e+13
    },
    "spectral_strongpeak": {
        "kurt": 5.05619621277,
        "max": 2.76709055901,
        "mean": 0.341244459152,
        "median": 0.067072995007,
        "min": 0,
        "skew": 2.3908996582,
        "var": 0.36979201436
    },
    "zerocrossingrate": {
        "kurt": 55.2008628845,
        "max": 0.52197265625,
        "mean": 0.0686240196228,
        "median": 0.06787109375,
        "min": 0.01806640625,
        "skew": 6.1427154541,
        "var": 0.00235829199664
    },
    "barkbands": {
        "kurt": [27.2609348297, 13.6627750397, 14.4041156769, 38.6673164368, 75.7976760864, 40.9813194275, 120.709609985, 76.9889907837, 15.2272987366, 57.2429389954, 53.4070701599, 36.9265022278, 21.7869224548, 44.7806243896, 30.2605400085, 33.0729637146, 30.5489997864, 19.2430114746, 9.29129695892, 9.95259284973, 18.569644928, 35.7365646362, 27.5503845215, 30.6231613159, 50.0850448608, 28.0486412048, 45.9154396057],
        "max": [6.92846924721e-07, 3.21092229569e-05, 0.000102565565612, 0.0001594236237, 0.024031791836, 0.116238176823, 0.0237944442779, 0.0176948085427, 0.00214432389475, 0.00447841128334, 0.00477491039783, 0.00113198510371, 0.00156417791732, 0.00110113003757, 0.000510503421538, 0.00159010721836, 0.00262508285232, 0.00169861805625, 0.00031420859159, 0.000222485003178, 0.000499470566865, 0.000200186375878, 6.32910814602e-05, 1.26413287944e-05, 1.17808976938e-05, 8.96223980362e-07, 7.27404625422e-09],
        "mean": [5.89388520211e-08, 2.2355859528e-06, 6.78975129631e-06, 5.43711348655e-06, 0.000451725209132, 0.00333334272727, 0.000301949476125, 0.000350857299054, 0.00011197776621, 9.43564882618e-05, 0.000123323989101, 4.26151491411e-05, 7.99478802946e-05, 3.46643064404e-05, 2.17532542592e-05, 6.52009694022e-05, 8.75138939591e-05, 8.35751197883e-05, 2.23219358304e-05, 1.74536216946e-05, 2.73883324553e-05, 7.66831635701e-06, 2.90314596896e-06, 4.95055019201e-07, 4.00807010692e-07, 3.29316947045e-08, 2.40102937532e-10],
        "median": [3.54578482131e-08, 2.87300991886e-07, 3.20874420368e-07, 3.04799101514e-07, 3.27442626258e-06, 1.56654987222e-05, 3.12013662551e-06, 1.52054678892e-06, 1.81908126251e-06, 2.19305798055e-06, 1.35928507916e-06, 2.62270691564e-06, 2.61378340838e-06, 8.73423118719e-07, 9.03878060399e-07, 1.81100961072e-06, 1.41473503845e-06, 1.58935222316e-06, 9.13414453407e-07, 1.80411905149e-06, 1.08966560219e-06, 2.64227821845e-07, 1.11718335916e-07, 2.13125002091e-08, 7.04954805641e-09, 2.97633750979e-10, 5.89689191574e-12],
        "min": [1.84637893557e-15, 2.7698896406e-15, 1.84655744776e-15, 1.84644034546e-15, 4.61646847594e-15, 4.61635200891e-15, 4.61628636386e-15, 4.61634057396e-15, 6.46301470051e-15, 6.46292915019e-15, 6.46276906096e-15, 8.30950671498e-15, 9.23270655892e-15, 1.01559784007e-14, 1.20026559153e-14, 1.38491174366e-14, 1.5695427339e-14, 1.93888890945e-14, 2.40050390861e-14, 2.95447429813e-14, 3.87772869099e-14, 4.70871205796e-14, 5.63198034216e-14, 7.66314298801e-14, 1.07099923277e-13, 1.50493400836e-13, 2.14199385768e-13],
        "skew": [4.54360151291, 3.58476734161, 3.71896386147, 5.76615905762, 8.28011989594, 6.04522800446, 10.9693374634, 8.31429386139, 3.88178110123, 7.52321100235, 6.86206197739, 5.55512094498, 4.61675596237, 6.50774097443, 4.99669456482, 5.43058395386, 5.49028778076, 4.12440443039, 3.1714091301, 3.18088436127, 4.13634252548, 5.45342445374, 5.00011444092, 5.15570640564, 6.24552440643, 5.28064107895, 6.15357875824],
        "var": [7.13437724967e-15, 3.04441402643e-11, 3.10055453534e-10, 3.42182893132e-10, 5.55124324819e-06, 0.000181456634891, 4.33541890743e-06, 2.96767734653e-06, 1.21014593901e-07, 2.59584368223e-07, 2.62622080527e-07, 1.75622094645e-08, 6.75449740584e-08, 1.87127433549e-08, 3.90961796271e-09, 4.28324504753e-08, 1.27656406335e-07, 5.88563544568e-08, 3.60896801332e-09, 1.80980408437e-09, 5.84623860433e-09, 5.6218990574e-10, 7.95483054428e-11, 2.46502731421e-12, 1.56881072803e-12, 1.76058830465e-14, 6.38185248824e-19],
        "cov": [[7.18925736136e-15, 1.50466688805e-13, 8.45585808405e-14, 2.09282376449e-14, -1.4193472786e-11, 4.6916925206e-11, -9.09144721312e-12, -1.24236350374e-11, -1.76975599973e-12, -3.4045797865e-12, -4.78745081772e-13, -8.47463917618e-14, -3.37689701506e-13, -4.27828725138e-13, 7.02007989432e-15, 8.15247934265e-13, 3.59751377993e-12, 2.26372241265e-12, 1.2475261167e-13, 2.15757302974e-13, 8.53195335562e-13, 2.06574869515e-13, 1.0445047198e-13, 1.93648706283e-14, 1.39863418563e-14, 1.89053942179e-15, 1.80769259333e-18], [1.50466688805e-13, 3.06783244641e-11, 5.03388650208e-11, 3.23752413767e-11, -2.39180619754e-10, -5.23510701456e-09, -4.28660384966e-10, -6.73445299526e-10, -1.95021263028e-10, -1.34768016191e-10, -2.2458068738e-10, -5.00749927634e-11, -1.00632037425e-10, -5.87263501717e-11, -8.67851276953e-12, 2.67497107798e-10, 2.64941318884e-10, -4.77129134813e-11, 2.67516599151e-11, 1.10670032166e-11, -1.75198223984e-11, -6.43981049042e-12, 1.41307744585e-12, 2.26039000885e-12, -4.18266902233e-13, -4.40623015505e-14, -1.55295761703e-16], [8.45585808405e-14, 5.03388650208e-11, 3.12440517902e-10, 2.04657166214e-10, -1.01486818949e-09, -1.70272116407e-08, -1.05897723923e-09, -1.97189664597e-09, -5.96799165642e-10, -4.04111716312e-10, -7.18406556466e-10, -1.7749968162e-10, -3.61252694425e-10, -1.90791049626e-10, -7.43612185716e-11, -1.25542696898e-12, -1.35159924919e-10, -3.31884381088e-10, -7.39373978709e-11, -3.58879939655e-12, -8.09213737685e-11, -3.3728256299e-11, -8.26331104237e-12, 4.20645235224e-13, -1.90787164712e-12, -1.46372280616e-13, -5.28517112989e-16], [2.09282376449e-14, 3.23752413767e-11, 2.04657166214e-10, 3.4481506539e-10, 1.07266673322e-09, -1.14699165721e-08, 1.55743751229e-09, -8.00303101567e-10, -2.62396937512e-10, -2.42646097659e-10, -3.98067329099e-10, -9.25238358152e-11, -2.2542558098e-10, -1.23634477656e-10, -3.64445140733e-11, -1.42625036781e-10, -3.03881281249e-10, -2.81019568726e-10, -7.52121281922e-11, -1.91248319265e-11, -5.52799889197e-11, -2.34225382145e-11, -8.64750805685e-12, -1.00477037714e-12, -1.50533654552e-12, -1.22728717922e-13, 3.63870167104e-17], [-1.4193472786e-11, -2.39180619754e-10, -1.01486818949e-09, 1.07266673322e-09, 5.59394538868e-06, 6.72063697493e-06, 9.98032192001e-07, 1.88608760254e-06, 2.83868985207e-07, 6.44373471914e-07, 2.96526849297e-07, 1.13131100932e-07, 3.42943735632e-07, 1.22717736417e-07, 6.1296425713e-08, 1.08237635743e-07, -2.13819468797e-08, 4.70119729812e-08, 7.78924391653e-09, 1.864486876e-08, 1.40176821262e-08, 7.78801112489e-09, 2.0914954213e-09, 3.28962523888e-10, 2.65378108377e-10, 1.31136638007e-11, 6.35927291728e-13], [4.6916925206e-11, -5.23510701456e-09, -1.70272116407e-08, -1.14699165721e-08, 6.72063697493e-06, 0.0001828524546, 1.93043274521e-06, 4.54021846963e-06, 2.48568244388e-06, 2.20736819756e-06, 4.2988522182e-06, 1.56800570039e-06, 2.85646342491e-06, 9.76392584562e-07, 4.09126613476e-07, 1.30553451072e-06, 1.77862403916e-07, 1.01123430341e-06, 2.60080668113e-07, 4.46019555511e-07, 3.35983997957e-07, 1.97229326204e-07, 6.14390103237e-08, 8.51135695257e-09, 7.37110994464e-09, 8.20761902887e-10, 4.48629241395e-12], [-9.09144721312e-12, -4.28660384966e-10, -1.05897723923e-09, 1.55743751229e-09, 9.98032192001e-07, 1.93043274521e-06, 4.36876825916e-06, 1.25901419779e-06, 3.07779799869e-07, 9.20191567388e-08, 8.65771170311e-08, 4.06498443795e-08, 1.16992431742e-07, 3.38746097839e-08, 4.78307988772e-08, 3.41604824428e-08, -1.02276720426e-08, 2.58808636744e-08, 6.17758422194e-09, 1.97112086653e-08, 8.31272650714e-09, 6.4653304932e-09, 2.15467488296e-09, 2.07616562831e-10, 2.00222699531e-10, 2.41788585681e-11, 1.67120264567e-13], [-1.24236350374e-11, -6.73445299526e-10, -1.97189664597e-09, -8.00303101567e-10, 1.88608760254e-06, 4.54021846963e-06, 1.25901419779e-06, 2.99050566355e-06, 3.96947427816e-07, 6.68484744892e-07, 1.30613130978e-07, 1.14570148924e-07, 2.68828927119e-07, 1.66869440932e-07, 8.26529031883e-08, 7.75500197392e-08, -1.00010462134e-08, 1.62785216418e-08, 4.28107860273e-09, 2.13707131991e-08, 1.61661084519e-08, 9.48434486503e-09, 1.96610216996e-09, 4.60603749586e-10, 4.12303885478e-10, 3.12591688645e-11, 1.02216900309e-12], [-1.76975599973e-12, -1.95021263028e-10, -5.96799165642e-10, -2.62396937512e-10, 2.83868985207e-07, 2.48568244388e-06, 3.07779799869e-07, 3.96947427816e-07, 1.21945475939e-07, 1.03964971743e-07, 7.18286301549e-08, 2.80017129484e-08, 7.1209647956e-08, 3.36314229799e-08, 1.71059504339e-08, 3.43272112957e-08, 3.94033206064e-09, 3.08201606458e-08, 8.91902374178e-09, 1.08293800594e-08, 7.98396637691e-09, 3.55332629987e-09, 1.21155274702e-09, 1.76057973755e-10, 1.87957580056e-10, 1.56699792031e-11, 1.83043941874e-13], [-3.4045797865e-12, -1.34768016191e-10, -4.04111716312e-10, -2.42646097659e-10, 6.44373471914e-07, 2.20736819756e-06, 9.20191567388e-08, 6.68484744892e-07, 1.03964971743e-07, 2.61581163841e-07, 1.51808677629e-07, 3.07556895507e-08, 7.42924370911e-08, 6.50987530548e-08, 2.29960548381e-08, 5.32130783881e-08, 1.0079482804e-09, 1.22016672321e-08, 5.82170889274e-09, 7.41947570049e-09, 4.7102970413e-09, 2.37456987406e-09, 6.49332587699e-10, 1.31495633826e-10, 1.51466617027e-10, 7.42338308879e-12, 3.08729279121e-13], [-4.78745081772e-13, -2.2458068738e-10, -7.18406556466e-10, -3.98067329099e-10, 2.96526849297e-07, 4.2988522182e-06, 8.65771170311e-08, 1.30613130978e-07, 7.18286301549e-08, 1.51808677629e-07, 2.6464223879e-07, 3.23409814484e-08, 6.15708728446e-08, 4.51764492482e-08, 1.13082077036e-08, 6.05064940373e-08, 2.48025910921e-09, 2.32718981863e-08, 1.17960041734e-08, 1.10854303514e-08, 4.97951235801e-09, 3.078189037e-09, 8.80286510352e-10, 1.2778707259e-10, 1.65287214471e-10, 6.97218194637e-12, 1.26717443504e-13], [-8.47463917618e-14, -5.00749927634e-11, -1.7749968162e-10, -9.25238358152e-11, 1.13131100932e-07, 1.56800570039e-06, 4.06498443795e-08, 1.14570148924e-07, 2.80017129484e-08, 3.07556895507e-08, 3.23409814484e-08, 1.76973031785e-08, 2.95508542081e-08, 1.07262279059e-08, 5.23341459058e-09, 1.20069998388e-08, 1.71384051395e-09, 9.31477117661e-09, 2.99144153892e-09, 4.23880042177e-09, 3.24866489265e-09, 1.84058113195e-09, 5.82455694786e-10, 9.80166850462e-11, 7.02667368735e-11, 6.99504646914e-12, 5.84517921261e-14], [-3.37689701506e-13, -1.00632037425e-10, -3.61252694425e-10, -2.2542558098e-10, 3.42943735632e-07, 2.85646342491e-06, 1.16992431742e-07, 2.68828927119e-07, 7.1209647956e-08, 7.42924370911e-08, 6.15708728446e-08, 2.95508542081e-08, 6.8064544223e-08, 2.32482353368e-08, 1.12889955162e-08, 2.35340920085e-08, 3.00187763536e-09, 1.72007688093e-08, 4.64600713457e-09, 8.169712018e-09, 6.41824327019e-09, 3.34514882461e-09, 9.18524811766e-10, 1.45620876468e-10, 1.32634112027e-10, 1.24405893573e-11, 1.24501510447e-13], [-4.27828725138e-13, -5.87263501717e-11, -1.90791049626e-10, -1.23634477656e-10, 1.22717736417e-07, 9.76392584562e-07, 3.38746097839e-08, 1.66869440932e-07, 3.36314229799e-08, 6.50987530548e-08, 4.51764492482e-08, 1.07262279059e-08, 2.32482353368e-08, 1.8856688655e-08, 7.13864611868e-09, 1.78615380264e-08, 3.01196978469e-09, 9.70241842424e-09, 2.67781774532e-09, 3.38862804483e-09, 2.87421153544e-09, 1.15994092109e-09, 5.01188368585e-10, 7.30000920823e-11, 7.68909935722e-11, 6.64525942953e-12, 9.06726814942e-14], [7.02007989432e-15, -8.67851276953e-12, -7.43612185716e-11, -3.64445140733e-11, 6.1296425713e-08, 4.09126613476e-07, 4.78307988772e-08, 8.26529031883e-08, 1.71059504339e-08, 2.29960548381e-08, 1.13082077036e-08, 5.23341459058e-09, 1.12889955162e-08, 7.13864611868e-09, 3.939691684e-09, 7.93113663633e-09, 6.97779301007e-09, 6.9826975313e-09, 1.6760122179e-09, 1.81954928902e-09, 2.47186893176e-09, 7.86067433367e-10, 3.53459039815e-10, 5.70488621621e-11, 4.21920692828e-11, 4.90983165582e-12, 4.31787377663e-14], [8.15247934265e-13, 2.67497107798e-10, -1.25542696898e-12, -1.42625036781e-10, 1.08237635743e-07, 1.30553451072e-06, 3.41604824428e-08, 7.75500197392e-08, 3.43272112957e-08, 5.32130783881e-08, 6.05064940373e-08, 1.20069998388e-08, 2.35340920085e-08, 1.78615380264e-08, 7.93113663633e-09, 4.31619326946e-08, 3.18865716054e-08, 2.29691856646e-08, 8.33317415072e-09, 5.87085402515e-09, 6.29178886768e-09, 1.87333637491e-09, 1.09624354039e-09, 2.52046356009e-10, 1.14685982933e-10, 1.0704766934e-11, 7.38524503054e-14], [3.59751377993e-12, 2.64941318884e-10, -1.35159924919e-10, -3.03881281249e-10, -2.13819468797e-08, 1.77862403916e-07, -1.02276720426e-08, -1.00010462134e-08, 3.94033206064e-09, 1.0079482804e-09, 2.48025910921e-09, 1.71384051395e-09, 3.00187763536e-09, 3.01196978469e-09, 6.97779301007e-09, 3.18865716054e-08, 1.28638390606e-07, 3.62472292181e-08, 9.40379063508e-09, 3.58909768572e-09, 1.90599482863e-08, 4.16605150377e-09, 1.39103661922e-09, 3.25973331661e-10, 1.24014506997e-10, 2.16496109234e-11, 7.56645519352e-14], [2.26372241265e-12, -4.77129134813e-11, -3.31884381088e-10, -2.81019568726e-10, 4.70119729812e-08, 1.01123430341e-06, 2.58808636744e-08, 1.62785216418e-08, 3.08201606458e-08, 1.22016672321e-08, 2.32718981863e-08, 9.31477117661e-09, 1.72007688093e-08, 9.70241842424e-09, 6.9826975313e-09, 2.29691856646e-08, 3.62472292181e-08, 5.93090945245e-08, 1.03270121343e-08, 6.37145758375e-09, 1.1881678752e-08, 3.71088182405e-09, 1.72356307004e-09, 2.48964820981e-10, 2.62147636931e-10, 2.37541028514e-11, 8.86553471694e-14], [1.2475261167e-13, 2.67516599151e-11, -7.39373978709e-11, -7.52121281922e-11, 7.78924391653e-09, 2.60080668113e-07, 6.17758422194e-09, 4.28107860273e-09, 8.91902374178e-09, 5.82170889274e-09, 1.17960041734e-08, 2.99144153892e-09, 4.64600713457e-09, 2.67781774532e-09, 1.6760122179e-09, 8.33317415072e-09, 9.40379063508e-09, 1.03270121343e-08, 3.6367293621e-09, 1.65122937545e-09, 2.4310273794e-09, 6.23411655631e-10, 3.15396542216e-10, 6.46361922318e-11, 4.45508699376e-11, 3.14286921141e-12, 1.41914356379e-14], [2.15757302974e-13, 1.10670032166e-11, -3.58879939655e-12, -1.91248319265e-11, 1.864486876e-08, 4.46019555511e-07, 1.97112086653e-08, 2.13707131991e-08, 1.08293800594e-08, 7.41947570049e-09, 1.10854303514e-08, 4.23880042177e-09, 8.169712018e-09, 3.38862804483e-09, 1.81954928902e-09, 5.87085402515e-09, 3.58909768572e-09, 6.37145758375e-09, 1.65122937545e-09, 1.82372561497e-09, 1.67509961457e-09, 6.13199657717e-10, 2.87323886905e-10, 4.35874253357e-11, 3.48625885105e-11, 3.57520003186e-12, 1.76942963455e-14], [8.53195335562e-13, -1.75198223984e-11, -8.09213737685e-11, -5.52799889197e-11, 1.40176821262e-08, 3.35983997957e-07, 8.31272650714e-09, 1.61661084519e-08, 7.98396637691e-09, 4.7102970413e-09, 4.97951235801e-09, 3.24866489265e-09, 6.41824327019e-09, 2.87421153544e-09, 2.47186893176e-09, 6.29178886768e-09, 1.90599482863e-08, 1.1881678752e-08, 2.4310273794e-09, 1.67509961457e-09, 5.89120929817e-09, 1.16661924565e-09, 4.64018629076e-10, 7.06498540226e-11, 5.95579488505e-11, 7.1414597326e-12, 2.91341691711e-14], [2.06574869515e-13, -6.43981049042e-12, -3.3728256299e-11, -2.34225382145e-11, 7.78801112489e-09, 1.97229326204e-07, 6.4653304932e-09, 9.48434486503e-09, 3.55332629987e-09, 2.37456987406e-09, 3.078189037e-09, 1.84058113195e-09, 3.34514882461e-09, 1.15994092109e-09, 7.86067433367e-10, 1.87333637491e-09, 4.16605150377e-09, 3.71088182405e-09, 6.23411655631e-10, 6.13199657717e-10, 1.16661924565e-09, 5.66514446465e-10, 1.30945296273e-10, 2.06534633146e-11, 1.7625473997e-11, 2.09866716019e-12, 1.21003586247e-14], [1.0445047198e-13, 1.41307744585e-12, -8.26331104237e-12, -8.64750805685e-12, 2.0914954213e-09, 6.14390103237e-08, 2.15467488296e-09, 1.96610216996e-09, 1.21155274702e-09, 6.49332587699e-10, 8.80286510352e-10, 5.82455694786e-10, 9.18524811766e-10, 5.01188368585e-10, 3.53459039815e-10, 1.09624354039e-09, 1.39103661922e-09, 1.72356307004e-09, 3.15396542216e-10, 2.87323886905e-10, 4.64018629076e-10, 1.30945296273e-10, 8.01602118017e-11, 1.16467269856e-11, 9.33984573709e-12, 1.11126884604e-12, 3.72941830412e-15], [1.93648706283e-14, 2.26039000885e-12, 4.20645235224e-13, -1.00477037714e-12, 3.28962523888e-10, 8.51135695257e-09, 2.07616562831e-10, 4.60603749586e-10, 1.76057973755e-10, 1.31495633826e-10, 1.2778707259e-10, 9.80166850462e-11, 1.45620876468e-10, 7.30000920823e-11, 5.70488621621e-11, 2.52046356009e-10, 3.25973331661e-10, 2.48964820981e-10, 6.46361922318e-11, 4.35874253357e-11, 7.06498540226e-11, 2.06534633146e-11, 1.16467269856e-11, 2.48398914285e-12, 1.28348904855e-12, 1.43115486367e-13, 5.78837911017e-16], [1.39863418563e-14, -4.18266902233e-13, -1.90787164712e-12, -1.50533654552e-12, 2.65378108377e-10, 7.37110994464e-09, 2.00222699531e-10, 4.12303885478e-10, 1.87957580056e-10, 1.51466617027e-10, 1.65287214471e-10, 7.02667368735e-11, 1.32634112027e-10, 7.68909935722e-11, 4.21920692828e-11, 1.14685982933e-10, 1.24014506997e-10, 2.62147636931e-10, 4.45508699376e-11, 3.48625885105e-11, 5.95579488505e-11, 1.7625473997e-11, 9.33984573709e-12, 1.28348904855e-12, 1.58087844031e-12, 1.32981570634e-13, 5.57445670417e-16], [1.89053942179e-15, -4.40623015505e-14, -1.46372280616e-13, -1.22728717922e-13, 1.31136638007e-11, 8.20761902887e-10, 2.41788585681e-11, 3.12591688645e-11, 1.56699792031e-11, 7.42338308879e-12, 6.97218194637e-12, 6.99504646914e-12, 1.24405893573e-11, 6.64525942953e-12, 4.90983165582e-12, 1.0704766934e-11, 2.16496109234e-11, 2.37541028514e-11, 3.14286921141e-12, 3.57520003186e-12, 7.1414597326e-12, 2.09866716019e-12, 1.11126884604e-12, 1.43115486367e-13, 1.32981570634e-13, 1.77413117563e-14, 6.08978903465e-17], [1.80769259333e-18, -1.55295761703e-16, -5.28517112989e-16, 3.63870167104e-17, 6.35927291728e-13, 4.48629241395e-12, 1.67120264567e-13, 1.02216900309e-12, 1.83043941874e-13, 3.08729279121e-13, 1.26717443504e-13, 5.84517921261e-14, 1.24501510447e-13, 9.06726814942e-14, 4.31787377663e-14, 7.38524503054e-14, 7.56645519352e-14, 8.86553471694e-14, 1.41914356379e-14, 1.76942963455e-14, 2.91341691711e-14, 1.21003586247e-14, 3.72941830412e-15, 5.78837911017e-16, 5.57445670417e-16, 6.08978903465e-17, 6.43094358964e-19]]
    },
    "mfcc": {
        "kurt": [-0.649341344833, -0.199449062347, -1.00905334949, 0.297713756561, -0.291536569595, -0.413168668747, -0.194769859314, -0.0184147357941, 0.3537068367, -0.233455896378, 0.939621925354, -0.158044576645, -0.193777084351],
        "max": [-652.935791016, 177.806640625, 49.4551734924, 65.8988113403, 15.916305542, 20.9695281982, 17.3350715637, 13.576379776, 18.0069694519, 10.6113147736, 16.70104599, 24.9975299835, 25.9021224976],
        "mean": [-897.79486084, 101.244155884, -28.291217804, 14.6213178635, -19.5154953003, -12.4013786316, -12.1167411804, -13.5185031891, -10.4902381897, -14.957698822, -5.48111724854, 2.89388465881, 1.49504339695],
        "median": [-929.50592041, 95.6754150391, -31.264125824, 13.6218757629, -15.5070610046, -12.1156997681, -4.53445053101, -12.1003417969, -9.21726989746, -13.8564071655, -4.95593643188, 4.59872817993, 1.77284240723],
        "min": [-1138.42004395, 1.14440917969e-05, -83.282875061, -44.1566543579, -79.2609786987, -47.0692672729, -71.5045013428, -55.3378715515, -48.3520736694, -50.8342056274, -38.1032104492, -29.582742691, -21.5256195068],
        "skew": [0.451357007027, 0.253666222095, 0.300726115704, 0.0152811584994, -0.718497693539, -0.10329477489, -0.798257708549, -0.582404136658, -0.517173469067, -0.53635519743, -0.66568261385, -0.369369357824, 0.0196305513382],
        "var": [14138.3378906, 1090.87817383, 1041.36206055, 329.676696777, 487.353088379, 188.185791016, 418.57925415, 205.303848267, 141.524856567, 165.244338989, 86.2093353271, 108.867294312, 81.1708297729],
        "cov": [[14247.09375, 1780.34606934, -2657.31445312, -169.423324585, -2002.19885254, -746.911804199, -1886.04089355, -1073.00878906, -818.276245117, -1031.8416748, -451.182800293, -345.864990234, -165.675613403], [1780.34606934, 1099.26953125, 62.2458114624, 34.5862236023, -295.465270996, -33.8432273865, -167.173416138, -264.808319092, -147.257736206, -165.090606689, -164.245117188, -137.492935181, -42.4597930908], [-2657.31445312, 62.2458114624, 1049.37255859, 152.846435547, 399.71206665, 214.287979126, 349.266723633, 153.743774414, 123.067497253, 180.659729004, 4.60787391663, 2.83251953125, 12.8484296799], [-169.423324585, 34.5862236023, 152.846435547, 332.212677002, 209.825073242, 89.5349884033, 97.448928833, 92.6648483276, 96.3883285522, 8.29719352722, -5.92910814285, 50.0195388794, 24.2016868591], [-2002.19885254, -295.465270996, 399.71206665, 209.825073242, 491.101959229, 162.128433228, 323.303100586, 237.42414856, 181.047134399, 150.153762817, 49.924747467, 88.0611572266, 32.498840332], [-746.911804199, -33.8432273865, 214.287979126, 89.5349884033, 162.128433228, 189.633361816, 186.086303711, 62.7552680969, 70.9402160645, 74.8424530029, 3.55029582977, 20.8830966949, 42.6192817688], [-1886.04089355, -167.173416138, 349.266723633, 97.448928833, 323.303100586, 186.086303711, 421.799102783, 162.592956543, 122.414459229, 178.132766724, 34.1163024902, 41.2457771301, 77.9788589478], [-1073.00878906, -264.808319092, 153.743774414, 92.6648483276, 237.42414856, 62.7552680969, 162.592956543, 206.883117676, 127.685844421, 83.2575149536, 50.8318901062, 50.9682655334, -0.226961135864], [-818.276245117, -147.257736206, 123.067497253, 96.3883285522, 181.047134399, 70.9402160645, 122.414459229, 127.685844421, 142.613510132, 64.200668335, 27.0576267242, 54.0063781738, -6.08286619186], [-1031.8416748, -165.090606689, 180.659729004, 8.29719352722, 150.153762817, 74.8424530029, 178.132766724, 83.2575149536, 64.200668335, 166.515441895, 44.983745575, 28.7631149292, 44.1790771484], [-451.182800293, -164.245117188, 4.60787391663, -5.92910814285, 49.924747467, 3.55029582977, 34.1163024902, 50.8318901062, 27.0576267242, 44.983745575, 86.8724822998, 46.5657157898, 6.76145982742], [-345.864990234, -137.492935181, 2.83251953125, 50.0195388794, 88.0611572266, 20.8830966949, 41.2457771301, 50.9682655334, 54.0063781738, 28.7631149292, 46.5657157898, 109.704734802, 22.1162910461], [-165.675613403, -42.4597930908, 12.8484296799, 24.2016868591, 32.498840332, 42.6192817688, 77.9788589478, -0.226961135864, -6.08286619186, 44.1790771484, 6.76145982742, 22.1162910461, 81.7952194214]]
    },
    "sccoeffs": {
        "kurt": [1.79444313049, 0.852617025375, 1.92204761505, 0.915019273758, 1.33858346939, 2.51508760452],
        "max": [-0.251606374979, -0.330352067947, -0.583828568459, -0.66288548708, -0.633616328239, -0.692005217075],
        "mean": [-0.743330657482, -0.756321310997, -0.82509970665, -0.824265360832, -0.826211094856, -0.793485641479],
        "median": [-0.776903688908, -0.793478012085, -0.829400002956, -0.828276216984, -0.83441400528, -0.792554616928],
        "min": [-0.999985277653, -0.999995172024, -0.99998998642, -0.999993026257, -0.999992609024, -0.999991118908],
        "skew": [1.31556248665, 0.997519314289, 0.920890688896, 0.418531537056, 0.731160581112, -0.532046735287],
        "var": [0.0199671182781, 0.0132880024612, 0.00366253475659, 0.00268325535581, 0.00314765726216, 0.00197870004922],
        "cov": [[0.0201207119972, 0.0116287125275, 0.0042154523544, 0.00375068001449, 0.0030953057576, 0.00303770625032], [0.0116287125275, 0.0133902179077, 0.00392669066787, 0.00314532616176, 0.00324075086974, 0.00291197467595], [0.0042154523544, 0.00392669066787, 0.00369070819579, 0.00200253492221, 0.00127784966026, 0.0012202168582], [0.00375068001449, 0.00314532616176, 0.00200253492221, 0.00270389579237, 0.00126330903731, 0.00135694455821], [0.0030953057576, 0.00324075086974, 0.00127784966026, 0.00126330903731, 0.00317187001929, 0.00197409559041], [0.00303770625032, 0.00291197467595, 0.0012202168582, 0.00135694455821, 0.00197409559041, 0.00199392065406]]
    },
    "scvalleys": {
        "kurt": [31.1291427612, 6.79201412201, 8.07556056976, 5.99772357941, 8.98154640198, 2.2772974968],
        "max": [-6.65675926208, -4.61390638351, -5.32769632339, -6.17942714691, -6.84332752228, -9.05762577057],
        "mean": [-8.89842987061, -7.83758401871, -8.41491794586, -8.88684368134, -9.35800647736, -11.5737504959],
        "median": [-8.86302280426, -8.11528396606, -8.64820861816, -9.12043762207, -9.45698928833, -11.9246492386],
        "min": [-17.3094329834, -17.3093452454, -17.309387207, -17.3093624115, -17.3093662262, -17.3093795776],
        "skew": [-3.89833378792, -1.1380289793, -1.2458935976, -1.06396520138, -1.32464313507, -0.114850766957],
        "var": [1.06970095634, 2.6916539669, 2.21819257736, 2.24960660934, 1.70075678825, 1.55761635303],
        "cov": [[1.07792949677, 1.07827854156, 0.979973495007, 0.914962232113, 0.795138180256, 0.668022334576], [1.07827854156, 2.71235895157, 2.36073613167, 2.32541465759, 1.89804875851, 1.81125319004], [0.979973495007, 2.36073613167, 2.23525547981, 2.16899251938, 1.79922270775, 1.69145822525], [0.914962232113, 2.32541465759, 2.16899251938, 2.26691126823, 1.89886391163, 1.7627799511], [0.795138180256, 1.89804875851, 1.79922270775, 1.89886391163, 1.71383953094, 1.55543911457], [0.668022334576, 1.81125319004, 1.69145822525, 1.7627799511, 1.55543911457, 1.56959807873]]
    }
},
"rhythm": {
    "beats_loudness": {
        "kurt": 2.47399282455,
        "max": 0.0806516930461,
        "mean": 0.0144679704681,
        "median": 0.00158552557696,
        "min": 3.0694387533e-05,
        "skew": 2.02061128616,
        "var": 0.000664935738314
    },
    "bpm": 178.205810547,
    "confidence": 0,
    "first_peak_bpm": {
        "kurt": 0,
        "max": 178,
        "mean": 178,
        "median": 178,
        "min": 178,
        "skew": 0,
        "var": 0
    },
    "first_peak_spread": {
        "kurt": 0,
        "max": 0,
        "mean": 0,
        "median": 0,
        "min": 0,
        "skew": 0,
        "var": 0
    },
    "first_peak_weight": {
        "kurt": 0,
        "max": 0.428571432829,
        "mean": 0.428571432829,
        "median": 0.428571432829,
        "min": 0.428571432829,
        "skew": 0,
        "var": 0
    },
    "onset_rate": 3.00461030006,
    "second_peak_bpm": {
        "kurt": 0,
        "max": 185,
        "mean": 185,
        "median": 185,
        "min": 185,
        "skew": 0,
        "var": 0
    },
    "second_peak_spread": {
        "kurt": 0,
        "max": 0,
        "mean": 0,
        "median": 0,
        "min": 0,
        "skew": 0,
        "var": 0
    },
    "second_peak_weight": {
        "kurt": 0,
        "max": 0.428571432829,
        "mean": 0.428571432829,
        "median": 0.428571432829,
        "min": 0.428571432829,
        "skew": 0,
        "var": 0
    },
    "beats_loudness_band_ratio": {
        "kurt": [2.78923034668, -1.63393390179, 1.0925078392, 0.126935958862, 0.468461751938, -0.328451395035],
        "max": [0.0273021161556, 0.872651815414, 0.638093471527, 0.235770210624, 0.52457767725, 0.25738132],
        "mean": [0.00488535081968, 0.487714022398, 0.191955372691, 0.0981338694692, 0.159007713199, 0.0721741169691],
        "median": [0.00175079121254, 0.545759558678, 0.139847099781, 0.077421054244, 0.104733087122, 0.0267842076719],
        "min": [2.10664347833e-05, 0.0235815178603, 0.0256927404553, 0.0302489455789, 0.00904959347099, 0.00335545954295],
        "skew": [2.13019752502, -0.197777882218, 1.44457805157, 1.13626635075, 1.24337780476, 1.15787231922],
        "var": [7.41002731957e-05, 0.11654189229, 0.0355618447065, 0.00400576740503, 0.0262950267643, 0.00817000865936],
        "cov": [[8.46860275487e-05, -0.00190842396114, 0.000275274534943, 0.000486890319735, 0.00064453453524, 0.000519517692737], [-0.00190842396114, 0.133190736175, -0.0561218187213, -0.0157538093626, -0.0451976433396, -0.0166109967977], [0.000275274534943, -0.0561218187213, 0.0406421087682, 0.00735531747341, 0.00899463426322, -0.000267673691269], [0.000486890319735, -0.0157538093626, 0.00735531747341, 0.00457801995799, 0.00138761405833, 0.00251450575888], [0.00064453453524, -0.0451976433396, 0.00899463426322, 0.00138761405833, 0.030051458627, 0.00483709573746], [0.000519517692737, -0.0166109967977, -0.000267673691269, 0.00251450575888, 0.00483709573746, 0.00933715235442]]
    },
    "beats_position": [0.359909296036, 0.696598649025, 1.02167797089, 1.35836732388, 1.69505667686, 2.02013611794, 2.33360528946, 2.65868473053],
    "bpm_estimates": [178.205810547, 178.205810547, 178.205810547],
    "bpm_intervals": [0.336689352989, 0.325079321861, 0.336689352989, 0.336689352989, 0.325079441071, 0.313469171524, 0.325079441071],
    "onset_times": [0.0812698379159, 0.359909296036, 0.684988677502, 1.01006805897, 1.2190476656, 1.66022670269, 2.02013611794, 2.22911572456, 2.61224484444],
    "histogram": [[0, 0, 0, 0, 0, 0, 0, 0, 0, 0, 0, 0, 0, 0, 0, 0, 0, 0, 0, 0, 0, 0, 0, 0, 0, 0, 0, 0, 0, 0, 0, 0, 0, 0, 0, 0, 0, 0, 0, 0, 0, 0, 0, 0, 0, 0, 0, 0, 0, 0, 0, 0, 0, 0, 0, 0, 0, 0, 0, 0, 0, 0, 0, 0, 0, 0, 0, 0, 0, 0, 0, 0, 0, 0, 0, 0, 0, 0, 0, 0, 0, 0, 0, 0, 0, 0, 0, 0, 0, 0, 0, 0, 0, 0, 0, 0, 0, 0, 0, 0, 0, 0, 0, 0, 0, 0, 0, 0, 0, 0, 0, 0, 0, 0, 0, 0, 0, 0, 0, 0, 0, 0, 0, 0, 0, 0, 0, 0, 0, 0, 0, 0, 0, 0, 0, 0, 0, 0, 0, 0, 0, 0, 0, 0, 0, 0, 0, 0, 0, 0, 0, 0, 0, 0, 0, 0, 0, 0, 0, 0, 0, 0, 0, 0, 0, 0, 0, 0, 0, 0, 0, 0, 0, 0, 0, 0, 0, 0, 0.428571432829, 0, 0, 0, 0, 0, 0, 0.428571432829, 0, 0, 0, 0, 0, 0.142857149243, 0, 0, 0, 0, 0, 0, 0, 0, 0, 0, 0, 0, 0, 0, 0, 0, 0, 0, 0, 0, 0, 0, 0, 0, 0, 0, 0, 0, 0, 0, 0, 0, 0, 0, 0, 0, 0, 0, 0, 0, 0, 0, 0, 0, 0, 0, 0, 0, 0, 0, 0, 0, 0, 0, 0, 0, 0, 0]]
},
"sfx": {
    "inharmonicity": {
        "kurt": 0.640824556351,
        "max": 0.389047294855,
        "mean": 0.0889018625021,
        "median": 0.0574992448092,
        "min": 0,
        "skew": 1.19228506088,
        "var": 0.0088155278936
    },
    "oddtoevenharmonicenergyratio": {
        "kurt": 73.9906768799,
        "max": 41.5983390808,
        "mean": 1.29035079479,
        "median": 0.297775357962,
        "min": 0,
        "skew": 7.99636316299,
        "var": 16.2943706512
    },
    "pitch_after_max_to_before_max_energy_ratio": 0.168734550476,
    "pitch_centroid": 56.9185409546,
    "pitch_max_to_total": 0.992366433144,
    "pitch_min_to_total": 0.11450381577,
    "tristimulus": {
        "kurt": [-0.398304224014, 0.880560159683, -0.613549470901],
        "max": [1, 0.90317761898, 0.894239723682],
        "mean": [0.35223698616, 0.306982636452, 0.340780258179],
        "median": [0.291296392679, 0.266214728355, 0.345821082592],
        "min": [0, 0, 0],
        "skew": [0.704517066479, 0.963882386684, 0.037232413888],
        "var": [0.0731232240796, 0.0312333106995, 0.0391748212278],
        "cov": [[0.0736857131124, -0.0328415632248, -0.0408441461623], [-0.0328415632248, 0.0314735658467, 0.00136799190659], [-0.0408441461623, 0.00136799190659, 0.0394761674106]]
    }
},
"tonal": {
    "chords_changes_rate": 0.0606060624123,
    "chords_number_rate": 0.0606060624123,
    "chords_strength": {
        "kurt": -0.692934989929,
        "max": 0.513328313828,
        "mean": 0.424319148064,
        "median": 0.434616565704,
        "min": 0.285374611616,
        "skew": -0.577611684799,
        "var": 0.00362402107567
    },
    "key_strength": 0.439673125744,
    "tuning_diatonic_strength": 0.446605235338,
    "tuning_equal_tempered_deviation": 0.253955543041,
    "tuning_frequency": 434.946166992,
    "tuning_nontempered_energy_ratio": 0.901346862316,
    "hpcp": {
        "kurt": [5.602602005, 6.1184091568, 4.73666572571, 3.13666391373, 3.42637491226, 9.40857219696, 5.35913562775, 2.2846736908, 3.07150793076, 0.860015630722, 5.4740486145, 4.90389823914, 3.40057325363, 1.86154747009, 2.4794716835, 2.11786985397, 1.9700422287, 0.692946434021, 1.78313302994, 4.20348262787, 1.79064130783, -0.67515039444, -0.905473709106, 0.355837345123, 2.72835016251, 2.58223247528, 1.60978126526, 1.29251623154, 1.09001493454, 0.634104967117, 1.63632249832, 3.07898616791, 7.2010307312, 3.83725738525, 11.0114936829, 5.21605682373],
        "max": [1, 0.976177752018, 1, 0.833646774292, 0.603860378265, 1, 1, 0.998000264168, 1, 0.806302666664, 1, 0.969010531902, 1, 1, 1, 1, 1, 1, 1, 0.945188522339, 1, 1, 1, 1, 1, 1, 1, 1, 1, 1, 1, 0.927921116352, 1, 0.793247282505, 1, 1],
        "mean": [0.141961604357, 0.135728120804, 0.156253665686, 0.138180166483, 0.114014796913, 0.128733530641, 0.159236848354, 0.191044434905, 0.206996887922, 0.192286834121, 0.161870971322, 0.154431045055, 0.181938156486, 0.202207863331, 0.211654722691, 0.225901737809, 0.242707595229, 0.25307816267, 0.2296628654, 0.186685532331, 0.2231682688, 0.358269572258, 0.398496329784, 0.293650925159, 0.218780726194, 0.20239892602, 0.221898645163, 0.237763538957, 0.239843577147, 0.255338042974, 0.220706835389, 0.158726289868, 0.13161124289, 0.133129686117, 0.133214220405, 0.146463513374],
