{
"metadata": {
    "version": {
        "essentia": "2.1-beta3"
    }
},
"lowLevel": {
    "average_loudness": 0.949394702911,
    "barkbands_kurtosis": {
        "kurt": 108.115730286,
        "max": 181.484069824,
        "mean": 3.19979023933,
        "median": 0.273220062256,
        "min": -1.84356033802,
        "skew": 9.33483219147,
        "var": 173.099685669
    },
    "barkbands_skewness": {
        "kurt": 13.6751213074,
        "max": 8.24844551086,
        "mean": 0.704729616642,
        "median": 0.583872199059,
        "min": -12.9113416672,
        "skew": -1.19223749638,
        "var": 2.94137024879
    },
    "barkbands_spread": {
        "kurt": -0.0595469474792,
        "max": 76.9005355835,
        "mean": 21.7375831604,
        "median": 17.2327728271,
        "min": 0.420180529356,
        "skew": 0.819705367088,
        "var": 253.964309692
    },
    "dissonance": {
        "kurt": 9.09175872803,
        "max": 0.499982625246,
        "mean": 0.468371123075,
        "median": 0.478723138571,
        "min": 0.254022777081,
        "skew": -2.59463834763,
        "var": 0.00135877425782
    },
    "hfc": {
        "kurt": 22.2452335358,
        "max": 35.9759788513,
        "mean": 1.25136125088,
        "median": 0.000219740570174,
        "min": 3.55921542905e-07,
        "skew": 4.39756774902,
        "var": 18.9749698639
    },
    "pitch": {
        "kurt": 3.67132043839,
        "max": 5259.21582031,
        "mean": 1037.72558594,
        "median": 752.34777832,
        "min": 91.3981704712,
        "skew": 2.20569729805,
        "var": 1420427.375
    },
    "pitch_instantaneous_confidence": {
        "kurt": -1.35911250114,
        "max": 0.989586591721,
        "mean": 0.54665607214,
        "median": 0.535953044891,
        "min": 0.0727313756943,
        "skew": 0.0560842193663,
        "var": 0.0651661157608
    },
    "pitch_salience": {
        "kurt": 0.234002828598,
        "max": 0.872611641884,
        "mean": 0.570689499378,
        "median": 0.583460748196,
        "min": 0.226653069258,
        "skew": -0.49357393384,
        "var": 0.0128763122484
    },
    "silence_rate_20dB": {
        "kurt": 0,
        "max": 1,
        "mean": 1,
        "median": 1,
        "min": 1,
        "skew": 0,
        "var": 0
    },
    "silence_rate_30dB": {
        "kurt": 0,
        "max": 1,
        "mean": 1,
        "median": 1,
        "min": 1,
        "skew": 0,
        "var": 0
    },
    "silence_rate_60dB": {
        "kurt": 5.66334056854,
        "max": 1,
        "mean": 0.905292451382,
        "median": 1,
        "min": 0,
        "skew": -2.76828622818,
        "var": 0.0857383459806
    },
    "spectral_centroid": {
        "kurt": 14.0665416718,
        "max": 9205.40917969,
        "mean": 1400.87243652,
        "median": 1201.00500488,
        "min": 222.07131958,
        "skew": 3.1216480732,
        "var": 1116947
    },
    "spectral_complexity": {
        "kurt": 23.8737468719,
        "max": 26,
        "mean": 1,
        "median": 0,
        "min": 0,
        "skew": 4.68837881088,
        "var": 12.1169919968
    },
    "spectral_crest": {
        "kurt": 0.346599340439,
        "max": 26.6074390411,
        "mean": 10.7411584854,
        "median": 9.58358573914,
        "min": 3.11945223808,
        "skew": 0.918767213821,
        "var": 24.4698905945
    },
    "spectral_decrease": {
        "kurt": 17.3691215515,
        "max": -1.64020809865e-16,
        "mean": -2.29432861598e-10,
        "median": -3.73969383021e-14,
        "min": -5.38730482447e-09,
        "skew": -4.11569166183,
        "var": 6.4252236357e-19
    },
    "spectral_energy": {
        "kurt": 16.7601661682,
        "max": 0.022104550153,
        "mean": 0.000979433883913,
        "median": 1.63006916409e-07,
        "min": 6.51335985147e-10,
        "skew": 4.05678749084,
        "var": 1.15237207865e-05
    },
    "spectral_energyband_high": {
        "kurt": 63.282119751,
        "max": 0.000343106366927,
        "mean": 5.53900599698e-06,
        "median": 4.00016197943e-09,
        "min": 4.3609113716e-12,
        "skew": 7.78025150299,
        "var": 1.09753628408e-09
    },
    "spectral_energyband_low": {
        "kurt": 125.779449463,
        "max": 3.45121225109e-06,
        "mean": 6.32218046803e-08,
        "median": 1.88506330545e-08,
        "min": 2.41700714998e-10,
        "skew": 10.5362892151,
        "var": 6.13791583206e-14
    },
    "spectral_energyband_middle_high": {
        "kurt": 20.5088500977,
        "max": 0.0145130101591,
        "mean": 0.000566302041989,
        "median": 5.29411749994e-08,
        "min": 9.17478107376e-11,
        "skew": 4.34891986847,
        "var": 3.93370692109e-06
    },
    "spectral_energyband_middle_low": {
        "kurt": 35.0711593628,
        "max": 0.0176026839763,
        "mean": 0.000494827167131,
        "median": 5.2714284493e-08,
        "min": 3.59459101373e-10,
        "skew": 5.66311168671,
        "var": 4.67668769488e-06
    },
    "spectral_flatness_db": {
        "kurt": -0.154763698578,
        "max": 0.512656927109,
        "mean": 0.182944253087,
        "median": 0.142596065998,
        "min": 0.0441001169384,
        "skew": 0.889176189899,
        "var": 0.0114529235289
    },
    "spectral_flux": {
        "kurt": 6.10359668732,
        "max": 0.121539793909,
        "mean": 0.0106443883851,
        "median": 0.000259790831478,
        "min": 5.9137284552e-05,
        "skew": 2.65868759155,
        "var": 0.000661817961372
    },
    "spectral_kurtosis": {
        "kurt": 3.37337589264,
        "max": 55.2290306091,
        "mean": 9.20802402496,
        "median": 4.13246917725,
        "min": -1.26494717598,
        "skew": 1.75087285042,
        "var": 95.767364502
    },
    "spectral_rms": {
        "kurt": 8.50876998901,
        "max": 0.00464385794476,
        "mean": 0.000348031258909,
        "median": 1.2610754311e-05,
        "min": 7.97151017196e-07,
        "skew": 3.06038188934,
        "var": 8.34419779494e-07
    },
    "spectral_rolloff": {
        "kurt": 8.30804920197,
        "max": 11627.9296875,
        "mean": 2279.93969727,
        "median": 2002.58789062,
        "min": 172.265625,
        "skew": 2.19125103951,
        "var": 2657905.5
    },
    "spectral_skewness": {
        "kurt": 0.773564577103,
        "max": 5.80739021301,
        "mean": 2.18448162079,
        "median": 1.83107531071,
        "min": 0.0839460715652,
        "skew": 0.924276769161,
        "var": 0.994949996471
    },
    "spectral_spread": {
        "kurt": -0.627351999283,
        "max": 19776424,
        "mean": 6723647.5,
        "median": 7244363,
        "min": 1334447.5,
        "skew": 0.240743771195,
        "var": 1.37678899118e+13
    },
    "spectral_strongpeak": {
        "kurt": 20.4453620911,
        "max": 4.71027469635,
        "mean": 0.198400750756,
        "median": 0.00396886561066,
        "min": 7.30000738258e-06,
        "skew": 4.23469352722,
        "var": 0.350606560707
    },
    "zerocrossingrate": {
        "kurt": 11.9491910934,
        "max": 0.4384765625,
        "mean": 0.0808479487896,
        "median": 0.06787109375,
        "min": 0.00830078125,
        "skew": 2.85116434097,
        "var": 0.00225271726958
    },
    "barkbands": {
        "kurt": [146.173583984, 105.827705383, 119.65058136, 140.619979858, 287.310668945, 187.945083618, 220.194046021, 88.8805847168, 51.8987503052, 70.8460845947, 101.108650208, 76.1394042969, 74.0402755737, 52.1014289856, 113.991470337, 214.234863281, 128.200500488, 140.900970459, 118.297164917, 79.3937606812, 110.553924561, 124.628486633, 40.7663002014, 27.1933269501, 43.6050300598, 37.4767417908, 29.0649681091],
        "max": [8.41929477247e-08, 9.13782798762e-07, 1.47403488882e-06, 2.83221106656e-06, 9.62638296187e-06, 4.4691560106e-06, 1.21767670862e-05, 4.68707658001e-05, 0.0116694299504, 0.0184671059251, 0.00358970370144, 0.000574595935177, 0.00246351421811, 0.00843751989305, 0.00213068653829, 0.00324120838195, 0.00335693196394, 0.00116286089178, 0.00162596709561, 0.00257304543629, 8.27270341688e-05, 3.7859146687e-05, 8.17402963094e-07, 6.35295577922e-07, 5.51106154489e-07, 2.7755403309e-08, 1.1391029231e-09],
        "mean": [1.10354114735e-09, 2.06021830707e-08, 2.50794691681e-08, 3.70331179056e-08, 5.6259203518e-08, 3.61818379702e-08, 9.27428729369e-08, 6.95897085734e-07, 0.000242117923335, 0.00030630879337, 4.29203428212e-05, 9.15759210329e-06, 4.06507424486e-05, 0.000178118847543, 2.50025113928e-05, 3.1114104786e-05, 3.47800305462e-05, 1.42337839861e-05, 1.78465197678e-05, 3.45668595401e-05, 1.11025735805e-06, 4.82815551095e-07, 2.18863611678e-08, 2.13449506958e-08, 1.4471219778e-08, 7.98877020092e-10, 3.77444152322e-11],
        "median": [8.76355238377e-11, 5.99861849082e-09, 6.36149755096e-09, 4.37101377315e-09, 2.39937647528e-09, 9.29322119259e-10, 9.9144892296e-10, 1.09814757288e-09, 6.88616763611e-09, 6.86004053563e-09, 2.03401295806e-09, 2.30417152025e-09, 5.23616172643e-09, 8.53487946983e-09, 1.69244140924e-09, 2.53857446175e-09, 2.07398875851e-09, 2.16476614412e-09, 2.34000330224e-09, 2.86065438004e-09, 1.42789968738e-09, 5.62651591984e-10, 1.6281233306e-10, 1.03252871531e-10, 1.26028742997e-10, 9.23643887069e-12, 4.29566972271e-13],
        "min": [2.15051853278e-13, 8.84265022316e-11, 8.10473493873e-11, 1.67481271907e-11, 3.41312464402e-11, 3.22395860008e-11, 3.85167349404e-11, 1.4560994771e-11, 3.54801847624e-11, 8.63223208192e-12, 4.73191971717e-12, 1.11034131108e-12, 5.15251903643e-12, 7.11659724206e-12, 9.12721721119e-12, 2.13090760315e-11, 2.480062683e-11, 2.89519319976e-12, 7.68066773377e-12, 1.65898761742e-12, 4.75265768581e-13, 2.30574435413e-12, 5.37938346212e-13, 2.61918606378e-13, 3.39721930058e-13, 7.57494449653e-14, 7.71853419937e-14],
        "skew": [11.6537704468, 9.19447898865, 10.1792593002, 11.3043384552, 16.3973388672, 12.7597761154, 13.9478931427, 8.6058807373, 6.62513875961, 7.78685569763, 9.60370063782, 8.44305896759, 7.7559056282, 6.67345905304, 9.91362857819, 13.4719133377, 10.8153810501, 10.5497331619, 9.98162841797, 8.70896720886, 9.81819343567, 9.91644954681, 5.80574178696, 5.11543893814, 6.23688030243, 5.90728235245, 5.13945865631],
        "var": [3.61555384878e-17, 4.27812243571e-15, 1.11376438467e-14, 3.88324626361e-14, 2.84139926214e-13, 7.6363672601e-14, 5.20913824228e-13, 1.32631006872e-11, 1.19047308544e-06, 2.51099345405e-06, 8.63284697061e-08, 2.92188628848e-09, 3.91350489792e-08, 6.54247287457e-07, 2.38342359182e-08, 3.70463340005e-08, 6.15206303678e-08, 5.91406612571e-09, 1.31184423324e-08, 5.80350274504e-08, 3.73749919902e-11, 6.71758048493e-12, 6.90319781793e-15, 7.10650901867e-15, 3.41186882857e-15, 1.14056303342e-17, 1.823381043e-20],
        "cov": [[3.62565339319e-17, 3.38533340392e-16, 5.82587990572e-16, 1.10396747455e-15, 2.43409126371e-15, 1.10370436494e-15, 2.85205797747e-15, 8.39799539995e-15, 1.8639226447e-12, 5.12135472919e-12, 2.83102290525e-13, 4.90681815654e-14, 2.0438651585e-13, 1.39313029428e-12, 4.42240103045e-13, 2.52211202227e-13, 8.66635214113e-13, 1.56127769133e-13, 2.17125755851e-13, 6.13503442926e-13, 2.26039889931e-14, 5.99470839519e-15, 2.40110414792e-16, 3.00770970477e-16, 1.98987957819e-16, 6.46033435078e-18, 3.72989800271e-19], [3.38533340392e-16, 4.29007237653e-15, 6.3941636274e-15, 9.95638863916e-15, 2.01004001583e-14, 9.08139005212e-15, 2.47023504896e-14, 8.96446748755e-14, 2.10358119812e-11, 3.91112697784e-11, 2.9651071095e-12, 5.40278921862e-13, 3.66395672483e-12, 1.7514580064e-11, 4.32032491379e-12, 3.13195368078e-12, 9.11386591196e-12, 1.61670254007e-12, 2.20199206091e-12, 6.32652133806e-12, 2.57956172698e-13, 6.22869675759e-14, 2.69333141469e-15, 3.15267039397e-15, 2.05090541684e-15, 6.65212692915e-17, 4.02533507106e-18], [5.82587990572e-16, 6.3941636274e-15, 1.11687545199e-14, 1.80050795101e-14, 3.83185406419e-14, 1.75226434247e-14, 4.94860771284e-14, 1.54033605532e-13, 3.3248240966e-11, 6.90343754384e-11, 5.28537500225e-12, 8.97212642723e-13, 6.53830201786e-12, 2.89888633931e-11, 7.44342087966e-12, 5.18966380286e-12, 1.50480253258e-11, 2.63633797952e-12, 3.50400394464e-12, 1.01265410987e-11, 4.14216702388e-13, 1.00044708032e-13, 4.06248563503e-15, 5.17786370217e-15, 3.59797742544e-15, 1.07934179156e-16, 6.90600520275e-18], [1.10396747455e-15, 9.95638863916e-15, 1.80050795101e-14, 3.89409336753e-14, 9.21822297315e-14, 4.50493693727e-14, 1.13055039234e-13, 2.82248806575e-13, 5.90263740663e-11, 1.67707986387e-10, 9.24160227511e-12, 1.60679108907e-12, 6.6985527368e-12, 4.1256057598e-11, 1.14775697627e-11, 7.46767491594e-12, 2.08252755318e-11, 3.79779931461e-12, 4.63125197914e-12, 1.40315085939e-11, 5.74050572702e-13, 1.61388480704e-13, 6.70362245599e-15, 9.43804428599e-15, 5.28887795782e-15, 1.60672740087e-16, 9.46268233699e-18], [2.43409126371e-15, 2.01004001583e-14, 3.83185406419e-14, 9.21822297315e-14, 2.84933616415e-13, 1.37431881739e-13, 3.64569187556e-13, 7.12766434416e-13, 1.64414731829e-10, 3.36627670183e-10, 2.89502050804e-11, 4.79680401302e-12, 1.70039295144e-11, 9.28405685663e-11, 2.01466343608e-11, 1.53406887887e-11, 2.19942848656e-11, 7.20230125539e-12, 6.77914712213e-12, 1.57122856392e-11, 7.93296201299e-13, 3.07129267765e-13, 1.40352309039e-14, 1.88930377013e-14, 9.33588279519e-15, 3.38342175643e-16, 1.59429385056e-17], [1.10370436494e-15, 9.08139005212e-15, 1.75226434247e-14, 4.50493693727e-14, 1.37431881739e-13, 7.6576975826e-14, 1.90790146268e-13, 3.9495652842e-13, 1.1205283923e-10, 2.42895398239e-10, 1.61720723618e-11, 2.77404640057e-12, 1.27151154189e-11, 6.9953300097e-11, 9.14238823535e-12, 1.00943515699e-11, 6.04494275816e-12, 3.5785155221e-12, 2.55364284406e-12, 3.22735002785e-12, 2.70731733473e-13, 1.61605605742e-13, 7.8596348112e-15, 1.08787770255e-14, 4.89420592066e-15, 1.83840427919e-16, 8.27066792501e-18], [2.85205797747e-15, 2.47023504896e-14, 4.94860771284e-14, 1.13055039234e-13, 3.64569187556e-13, 1.90790146268e-13, 5.22368877754e-13, 1.05241618371e-12, 2.74997552507e-10, 4.88981910518e-10, 4.63715385535e-11, 7.94607869087e-12, 4.01455917121e-11, 1.67765606962e-10, 2.54025845497e-11, 2.90395311964e-11, 2.09530170991e-11, 1.01772470659e-11, 8.44393218541e-12, 1.06248924589e-11, 8.40828708742e-13, 4.20355915874e-13, 2.07839320298e-14, 2.69369724822e-14, 1.43447824826e-14, 5.57695968653e-16, 2.61580201919e-17], [8.39799539995e-15, 8.96446748755e-14, 1.54033605532e-13, 2.82248806575e-13, 7.12766434416e-13, 3.9495652842e-13, 1.05241618371e-12, 1.33001483091e-11, 8.72258376639e-10, 1.64511471112e-09, 3.96224358878e-10, 7.89133133838e-11, 2.56270504817e-10, 5.9424926091e-10, 2.27762114724e-10, 1.57540591683e-10, 1.86813259306e-10, 5.80998721356e-11, 6.3472095635e-11, 9.44886599519e-11, 4.73557521322e-12, 1.84861956472e-12, 9.31583640524e-14, 1.30980228291e-13, 6.69896064076e-14, 2.44467091698e-15, 1.13062884242e-16], [1.8639226447e-12, 2.10358119812e-11, 3.3248240966e-11, 5.90263740663e-11, 1.64414731829e-10, 1.1205283923e-10, 2.74997552507e-10, 8.72258376639e-10, 1.19379842545e-06, 8.56344740896e-07, 2.90732096175e-08, 7.35737826218e-09, 1.20103791801e-07, 4.89955937155e-07, 2.16667572772e-08, 4.8707075706e-08, 2.87204606764e-08, 5.34580344436e-08, 1.73106560197e-08, 1.93605362853e-08, 1.45918310768e-09, 9.98774063454e-10, 3.13353822057e-11, 3.1325355504e-11, 2.02917439796e-11, 6.76739155166e-13, 5.21618948664e-14], [5.12135472919e-12, 3.91112697784e-11, 6.90343754384e-11, 1.67707986387e-10, 3.36627670183e-10, 2.42895398239e-10, 4.88981910518e-10, 1.64511471112e-09, 8.56344740896e-07, 2.51800747719e-06, 5.95448774732e-08, 1.35582798322e-08, 6.58290062461e-08, 4.66555860612e-07, 5.85713877399e-08, 7.42051184943e-08, 1.1356029006e-07, 4.23240074099e-08, 3.23089537346e-08, 7.07407536993e-08, 2.72507794108e-09, 1.4272177884e-09, 5.31760295519e-11, 7.14892867126e-11, 3.99764665815e-11, 1.19689924204e-12, 8.34503568136e-14], [2.83102290525e-13, 2.9651071095e-12, 5.28537500225e-12, 9.24160227511e-12, 2.89502050804e-11, 1.61720723618e-11, 4.63715385535e-11, 3.96224358878e-10, 2.90732096175e-08, 5.95448774732e-08, 8.65696065944e-08, 1.46572070037e-08, 1.00975254824e-08, 3.02438110111e-08, 1.17105862785e-08, 1.83981683222e-08, 1.19818599487e-08, 5.14963316434e-09, 9.77239533739e-09, 1.28998927096e-08, 3.19203080634e-10, 2.35600816634e-10, 8.10112393834e-12, 8.02908000502e-12, 5.69937933653e-12, 2.53383685561e-13, 8.83638831323e-15], [4.90681815654e-14, 5.40278921862e-13, 8.97212642723e-13, 1.60679108907e-12, 4.79680401302e-12, 2.77404640057e-12, 7.94607869087e-12, 7.89133133838e-11, 7.35737826218e-09, 1.35582798322e-08, 1.46572070037e-08, 2.93004798202e-09, 2.96916136122e-09, 5.26210097718e-09, 2.73081268709e-09, 6.34615116013e-09, 2.47956766231e-09, 1.26311738846e-09, 3.17810533446e-09, 4.35458114012e-09, 7.52165552065e-11, 7.45257328072e-11, 2.25174197864e-12, 2.04079483347e-12, 1.38989763709e-12, 6.31758371745e-14, 2.01516126174e-15], [2.0438651585e-13, 3.66395672483e-12, 6.53830201786e-12, 6.6985527368e-12, 1.70039295144e-11, 1.27151154189e-11, 4.01455917121e-11, 2.56270504817e-10, 1.20103791801e-07, 6.58290062461e-08, 1.00975254824e-08, 2.96916136122e-09, 3.92443624264e-08, 7.85715457141e-08, 5.99516170041e-09, 1.6089815702e-08, 7.07613789785e-09, 5.17990850213e-09, 7.44367101291e-09, 7.46266159979e-09, 2.90184182239e-10, 1.72375141938e-10, 6.55939625532e-12, 6.23804740502e-12, 4.70843372971e-12, 1.69742746334e-13, 1.14637735543e-14], [1.39313029428e-12, 1.7514580064e-11, 2.89888633931e-11, 4.1256057598e-11, 9.28405685663e-11, 6.9953300097e-11, 1.67765606962e-10, 5.9424926091e-10, 4.89955937155e-07, 4.66555860612e-07, 3.02438110111e-08, 5.26210097718e-09, 7.85715457141e-08, 6.56074803373e-07, 2.50159253312e-08, 4.69249457069e-08, 5.65158266852e-08, 1.71331926424e-08, 1.70496861074e-08, 3.33202159197e-08, 1.46815692936e-09, 5.84200021692e-10, 2.57320796615e-11, 2.80559065563e-11, 1.92170342139e-11, 7.45997773104e-13, 4.58051734834e-14], [4.42240103045e-13, 4.32032491379e-12, 7.44342087966e-12, 1.14775697627e-11, 2.01466343608e-11, 9.14238823535e-12, 2.54025845497e-11, 2.27762114724e-10, 2.16667572772e-08, 5.85713877399e-08, 1.17105862785e-08, 2.73081268709e-09, 5.99516170041e-09, 2.50159253312e-08, 2.39008119962e-08, 9.16230380454e-09, 2.44728664001e-08, 4.62701477133e-09, 1.04899653408e-08, 2.39448585404e-08, 7.27619409169e-10, 1.8428050752e-10, 9.22367477535e-12, 8.48678766152e-12, 6.67288490089e-12, 3.2957721296e-13, 1.26681061745e-14], [2.52211202227e-13, 3.13195368078e-12, 5.18966380286e-12, 7.46767491594e-12, 1.53406887887e-11, 1.00943515699e-11, 2.90395311964e-11, 1.57540591683e-10, 4.8707075706e-08, 7.42051184943e-08, 1.83981683222e-08, 6.34615116013e-09, 1.6089815702e-08, 4.69249457069e-08, 9.16230380454e-09, 3.71498138918e-08, 1.59390225463e-08, 6.7180709884e-09, 1.745504008e-08, 2.72586646588e-08, 4.00033534076e-10, 4.43255848692e-10, 1.13005082722e-11, 1.05108153084e-11, 7.23847804612e-12, 3.32642550657e-13, 1.04393143096e-14], [8.66635214113e-13, 9.11386591196e-12, 1.50480253258e-11, 2.08252755318e-11, 2.19942848656e-11, 6.04494275816e-12, 2.09530170991e-11, 1.86813259306e-10, 2.87204606764e-08, 1.1356029006e-07, 1.19818599487e-08, 2.47956766231e-09, 7.07613789785e-09, 5.65158266852e-08, 2.44728664001e-08, 1.59390225463e-08, 6.16924751284e-08, 8.40489811083e-09, 1.60597970478e-08, 4.11939353739e-08, 1.37546829482e-09, 3.28303162433e-10, 1.33041433772e-11, 1.42895591193e-11, 1.20771075432e-11, 5.47327320185e-13, 2.31308604269e-14], [1.56127769133e-13, 1.61670254007e-12, 2.63633797952e-12, 3.79779931461e-12, 7.20230125539e-12, 3.5785155221e-12, 1.01772470659e-11, 5.80998721356e-11, 5.34580344436e-08, 4.23240074099e-08, 5.14963316434e-09, 1.26311738846e-09, 5.17990850213e-09, 1.71331926424e-08, 4.62701477133e-09, 6.7180709884e-09, 8.40489811083e-09, 5.93058580023e-09, 4.92002483199e-09, 7.73031327839e-09, 2.28873670016e-10, 1.38607500477e-10, 3.61246883102e-12, 3.4033067163e-12, 2.75881856422e-12, 1.28040874886e-13, 4.22152115307e-15], [2.17125755851e-13, 2.20199206091e-12, 3.50400394464e-12, 4.63125197914e-12, 6.77914712213e-12, 2.55364284406e-12, 8.44393218541e-12, 6.3472095635e-11, 1.73106560197e-08, 3.23089537346e-08, 9.77239533739e-09, 3.17810533446e-09, 7.44367101291e-09, 1.70496861074e-08, 1.04899653408e-08, 1.745504008e-08, 1.60597970478e-08, 4.92002483199e-09, 1.31550859095e-08, 2.0665460454e-08, 4.12641587566e-10, 2.55330756538e-10, 7.64053230407e-12, 6.65273478667e-12, 5.13116459044e-12, 2.62805022969e-13, 8.3087952073e-15], [6.13503442926e-13, 6.32652133806e-12, 1.01265410987e-11, 1.40315085939e-11, 1.57122856392e-11, 3.22735002785e-12, 1.06248924589e-11, 9.44886599519e-11, 1.93605362853e-08, 7.07407536993e-08, 1.28998927096e-08, 4.35458114012e-09, 7.46266159979e-09, 3.33202159197e-08, 2.39448585404e-08, 2.72586646588e-08, 4.11939353739e-08, 7.73031327839e-09, 2.0665460454e-08, 5.81971377756e-08, 1.02673591851e-09, 4.88726392689e-10, 1.3806960783e-11, 1.32874197756e-11, 1.04193858402e-11, 4.7182684192e-13, 1.79332934678e-14], [2.26039889931e-14, 2.57956172698e-13, 4.14216702388e-13, 5.74050572702e-13, 7.93296201299e-13, 2.70731733473e-13, 8.40828708742e-13, 4.73557521322e-12, 1.45918310768e-09, 2.72507794108e-09, 3.19203080634e-10, 7.52165552065e-11, 2.90184182239e-10, 1.46815692936e-09, 7.27619409169e-10, 4.00033534076e-10, 1.37546829482e-09, 2.28873670016e-10, 4.12641587566e-10, 1.02673591851e-09, 3.74793911184e-11, 8.1863829951e-12, 3.58543164776e-13, 3.55167745257e-13, 2.97689146554e-13, 1.31882767307e-14, 5.90239715641e-16], [5.99470839519e-15, 6.22869675759e-14, 1.00044708032e-13, 1.61388480704e-13, 3.07129267765e-13, 1.61605605742e-13, 4.20355915874e-13, 1.84861956472e-12, 9.98774063454e-10, 1.4272177884e-09, 2.35600816634e-10, 7.45257328072e-11, 1.72375141938e-10, 5.84200021692e-10, 1.8428050752e-10, 4.43255848692e-10, 3.28303162433e-10, 1.38607500477e-10, 2.55330756538e-10, 4.88726392689e-10, 8.1863829951e-12, 6.73634455509e-12, 1.71296286075e-13, 1.66273733063e-13, 1.15609873562e-13, 5.4195086495e-15, 1.80363503254e-16], [2.40110414792e-16, 2.69333141469e-15, 4.06248563503e-15, 6.70362245599e-15, 1.40352309039e-14, 7.8596348112e-15, 2.07839320298e-14, 9.31583640524e-14, 3.13353822057e-11, 5.31760295519e-11, 8.10112393834e-12, 2.25174197864e-12, 6.55939625532e-12, 2.57320796615e-11, 9.22367477535e-12, 1.13005082722e-11, 1.33041433772e-11, 3.61246883102e-12, 7.64053230407e-12, 1.3806960783e-11, 3.58543164776e-13, 1.71296286075e-13, 6.92248052297e-15, 6.31844438763e-15, 4.2717874763e-15, 2.38099426226e-16, 7.69606443096e-18], [3.00770970477e-16, 3.15267039397e-15, 5.17786370217e-15, 9.43804428599e-15, 1.88930377013e-14, 1.08787770255e-14, 2.69369724822e-14, 1.30980228291e-13, 3.1325355504e-11, 7.14892867126e-11, 8.02908000502e-12, 2.04079483347e-12, 6.23804740502e-12, 2.80559065563e-11, 8.48678766152e-12, 1.05108153084e-11, 1.42895591193e-11, 3.4033067163e-12, 6.65273478667e-12, 1.32874197756e-11, 3.55167745257e-13, 1.66273733063e-13, 6.31844438763e-15, 7.12636008283e-15, 4.174652279e-15, 2.16713273676e-16, 7.90884506301e-18], [1.98987957819e-16, 2.05090541684e-15, 3.59797742544e-15, 5.28887795782e-15, 9.33588279519e-15, 4.89420592066e-15, 1.43447824826e-14, 6.69896064076e-14, 2.02917439796e-11, 3.99764665815e-11, 5.69937933653e-12, 1.38989763709e-12, 4.70843372971e-12, 1.92170342139e-11, 6.67288490089e-12, 7.23847804612e-12, 1.20771075432e-11, 2.75881856422e-12, 5.13116459044e-12, 1.04193858402e-11, 2.97689146554e-13, 1.15609873562e-13, 4.2717874763e-15, 4.174652279e-15, 3.42139921978e-15, 1.65580210756e-16, 6.18112780682e-18], [6.46033435078e-18, 6.65212692915e-17, 1.07934179156e-16, 1.60672740087e-16, 3.38342175643e-16, 1.83840427919e-16, 5.57695968653e-16, 2.44467091698e-15, 6.76739155166e-13, 1.19689924204e-12, 2.53383685561e-13, 6.31758371745e-14, 1.69742746334e-13, 7.45997773104e-13, 3.2957721296e-13, 3.32642550657e-13, 5.47327320185e-13, 1.28040874886e-13, 2.62805022969e-13, 4.7182684192e-13, 1.31882767307e-14, 5.4195086495e-15, 2.38099426226e-16, 2.16713273676e-16, 1.65580210756e-16, 1.14374891955e-17, 2.90016553796e-19], [3.72989800271e-19, 4.02533507106e-18, 6.90600520275e-18, 9.46268233699e-18, 1.59429385056e-17, 8.27066792501e-18, 2.61580201919e-17, 1.13062884242e-16, 5.21618948664e-14, 8.34503568136e-14, 8.83638831323e-15, 2.01516126174e-15, 1.14637735543e-14, 4.58051734834e-14, 1.26681061745e-14, 1.04393143096e-14, 2.31308604269e-14, 4.22152115307e-15, 8.3087952073e-15, 1.79332934678e-14, 5.90239715641e-16, 1.80363503254e-16, 7.69606443096e-18, 7.90884506301e-18, 6.18112780682e-18, 2.90016553796e-19, 1.828474343e-20]]
    },
    "mfcc": {
        "kurt": [3.08362436295, 2.45476675034, 1.22679185867, 0.779369115829, 2.18155860901, 3.24069070816, 7.072889328, 5.29735279083, 1.72869443893, 2.24389076233, 4.90051174164, 2.88710355759, 1.35438251495],
        "max": [-718.211791992, 120.013298035, 28.6828193665, 48.7692375183, 46.9618263245, 31.1942710876, 56.9466171265, 58.5422821045, 52.7269706726, 61.9926757812, 42.6810417175, 21.073091507, 18.2006797791],
        "mean": [-1080.33508301, 20.3260707855, -27.5067214966, -8.75846385956, -2.59259438515, 1.90525376797, 6.93170881271, 6.46065998077, 8.81247425079, 7.41852521896, 2.40575265884, -5.69947242737, -8.33903694153],
        "median": [-1127.98803711, 10.9294242859, 0.136322021484, 0.479785919189, 1.11851501465, 2.59966278076, 4.73678970337, 4.15958404541, 4.73680496216, 3.51551818848, 1.05800247192, -1.53428649902, -4.305809021],
        "min": [-1138.42004395, -11.9141387939, -195.347518921, -91.5804519653, -61.389541626, -37.8187522888, -21.1075439453, -23.2291870117, -16.6323699951, -19.7473602295, -28.755979538, -52.5563735962, -55.7879104614],
        "skew": [2.01457166672, 1.73764920235, -1.58801317215, -1.12960541248, -1.27881646156, -1.14469015598, 2.1520087719, 1.52225732803, 1.40832448006, 1.17452251911, 0.533864021301, -1.53178369999, -1.24240529537],
        "var": [9187.03027344, 646.712768555, 3199.31469727, 585.543334961, 234.647415161, 87.8087387085, 80.1746368408, 88.5766601562, 113.715843201, 112.784767151, 61.9599914551, 120.938926697, 127.810707092],
        "cov": [[9212.69238281, 1984.95568848, -5191.73583984, -1415.91711426, -1125.71044922, -508.611328125, 539.778930664, 488.337280273, 800.736206055, 597.300292969, 172.980712891, -795.356567383, -679.733459473], [1984.95568848, 648.519226074, -1092.93505859, -484.522003174, -271.223175049, -140.271728516, 111.070846558, 144.521682739, 182.266098022, 170.205062866, 82.8725662231, -157.757522583, -204.442184448], [-5191.73583984, -1092.93505859, 3208.25146484, 983.232727051, 642.459106445, 334.244689941, -315.247375488, -298.103057861, -459.448974609, -401.109680176, -115.805862427, 477.714111328, 420.445098877], [-1415.91711426, -484.522003174, 983.232727051, 587.178894043, 258.29385376, 147.846557617, -72.0659179688, -125.658660889, -142.943481445, -173.375823975, -90.2185287476, 126.170814514, 200.245162964], [-1125.71044922, -271.223175049, 642.459106445, 258.29385376, 235.302856445, 91.9113540649, -60.5444869995, -58.3192977905, -103.188743591, -66.3873138428, -44.3446502686, 83.2744827271, 114.194023132], [-508.611328125, -140.271728516, 334.244689941, 147.846557617, 91.9113540649, 88.0540161133, -14.1488189697, -41.6388206482, -39.5116958618, -50.2480583191, -21.6924953461, 50.0897331238, 49.0528450012], [539.778930664, 111.070846558, -315.247375488, -72.0659179688, -60.5444869995, -14.1488189697, 80.3985900879, 55.3615531921, 39.3846244812, 27.9465732574, 10.7671928406, -44.3645439148, -35.1632423401], [488.337280273, 144.521682739, -298.103057861, -125.658660889, -58.3192977905, -41.6388206482, 55.3615531921, 88.8240814209, 52.1491241455, 38.327003479, 17.568611145, -47.8955879211, -41.3272476196], [800.736206055, 182.266098022, -459.448974609, -142.943481445, -103.188743591, -39.5116958618, 39.3846244812, 52.1491241455, 114.033485413, 71.6657562256, 7.93242549896, -69.5670471191, -71.9359359741], [597.300292969, 170.205062866, -401.109680176, -173.375823975, -66.3873138428, -50.2480583191, 27.9465732574, 38.327003479, 71.6657562256, 113.099807739, 37.6534423828, -74.323890686, -75.3638305664], [172.980712891, 82.8725662231, -115.805862427, -90.2185287476, -44.3446502686, -21.6924953461, 10.7671928406, 17.568611145, 7.93242549896, 37.6534423828, 62.13306427, -4.59515666962, -47.20885849], [-795.356567383, -157.757522583, 477.714111328, 126.170814514, 83.2744827271, 50.0897331238, -44.3645439148, -47.8955879211, -69.5670471191, -74.323890686, -4.59515666962, 121.276741028, 76.1480484009], [-679.733459473, -204.442184448, 420.445098877, 200.245162964, 114.194023132, 49.0528450012, -35.1632423401, -41.3272476196, -71.9359359741, -75.3638305664, -47.20885849, 76.1480484009, 128.167724609]]
    },
    "sccoeffs": {
        "kurt": [-0.0480134487152, 4.48636674881, 1.72624444962, 3.13601875305, 0.738031148911, 1.14390277863],
        "max": [-0.717616200447, -0.472481817007, -0.408309072256, -0.493635624647, -0.63230830431, -0.689008831978],
        "mean": [-0.833263158798, -0.861075401306, -0.815291821957, -0.842080712318, -0.858938217163, -0.860244393349],
        "median": [-0.836105942726, -0.890111625195, -0.8562079072, -0.868377387524, -0.888777494431, -0.881819009781],
        "min": [-0.94131052494, -0.955129861832, -0.940306425095, -0.956553816795, -0.933096766472, -0.914932608604],
        "skew": [0.274754822254, 2.09617686272, 1.46809089184, 1.73337197304, 1.24072372913, 1.33516085148],
        "var": [0.00149590510409, 0.00662448676303, 0.0111584374681, 0.00643190182745, 0.00425711879507, 0.00199485081248],
        "cov": [[0.00150008359924, -0.000380971032428, -0.000488349993248, -0.000679831195157, -0.000519578577951, -0.000283944187686], [-0.000380971032428, 0.0066429907456, 0.00530743319541, 0.00384204345755, 0.00361682521179, 0.00181082112249], [-0.000488349993248, 0.00530743319541, 0.0111896060407, 0.00662232423201, 0.00523132644594, 0.00240069488063], [-0.000679831195157, 0.00384204345755, 0.00662232423201, 0.00644986797124, 0.00441458821297, 0.00232810224406], [-0.000519578577951, 0.00361682521179, 0.00523132644594, 0.00441458821297, 0.00426901038736, 0.00206604623236], [-0.000283944187686, 0.00181082112249, 0.00240069488063, 0.00232810224406, 0.00206604623236, 0.00200042314827]]
    },
    "scvalleys": {
        "kurt": [1.99494028091, 3.50472736359, 0.786202192307, 0.0285086631775, 1.44380807877, 1.5799279213],
        "max": [-8.06511497498, -6.98993968964, -5.51155328751, -5.83443117142, -6.53384685516, -10.0371456146],
        "mean": [-11.5178585052, -11.7451896667, -11.0218343735, -11.3831825256, -11.8361129761, -13.7756357193],
        "median": [-11.5627937317, -11.9631233215, -11.7020072937, -12.0851993561, -12.5074453354, -14.2248830795],
        "min": [-13.6590528488, -13.2661075592, -14.4760017395, -14.5160617828, -15.8454036713, -17.2527828217],
        "skew": [0.84592038393, 1.67308616638, 1.29162192345, 1.02402973175, 1.41742312908, 1.47794771194],
        "var": [0.648601531982, 1.01793265343, 3.4472951889, 3.98368954659, 2.481123209, 1.36421990395],
        "cov": [[0.650413274765, 0.608469188213, 0.784862756729, 0.73988455534, 0.738697648048, 0.660937070847], [0.608469188213, 1.0207760334, 1.49767673016, 1.45659637451, 1.28002285957, 1.0050214529], [0.784862756729, 1.49767673016, 3.45692443848, 3.57948756218, 2.78182768822, 1.78163409233], [0.73988455534, 1.45659637451, 3.57948756218, 3.99481701851, 2.98788952827, 1.79343235493], [0.738697648048, 1.28002285957, 2.78182768822, 2.98788952827, 2.48805356026, 1.63979876041], [0.660937070847, 1.0050214529, 1.78163409233, 1.79343235493, 1.63979876041, 1.3680305481]]
    }
},
"rhythm": {
    "beats_loudness": {
        "kurt": -0.980346441269,
        "max": 0.019060889259,
        "mean": 0.00491394847631,
        "median": 1.17536455946e-06,
        "min": 1.49723611287e-08,
        "skew": 0.84332793951,
        "var": 4.5394339395e-05
    },
    "bpm": 132.895599365,
    "confidence": 2.51803565025,
    "first_peak_bpm": {
        "kurt": 0,
        "max": 133,
        "mean": 133,
        "median": 133,
        "min": 133,
        "skew": 0,
        "var": 0
    },
    "first_peak_spread": {
        "kurt": 0,
        "max": 0.5,
        "mean": 0.5,
        "median": 0.5,
        "min": 0.5,
        "skew": 0,
        "var": 0
    },
    "first_peak_weight": {
        "kurt": 0,
        "max": 0.29411765933,
        "mean": 0.29411765933,
        "median": 0.29411765933,
        "min": 0.29411765933,
        "skew": 0,
        "var": 0
    },
    "onset_rate": 1.32570326328,
    "second_peak_bpm": {
        "kurt": 0,
        "max": 140,
        "mean": 140,
        "median": 140,
        "min": 140,
        "skew": 0,
        "var": 0
    },
    "second_peak_spread": {
        "kurt": 0,
        "max": 0.5,
        "mean": 0.5,
        "median": 0.5,
        "min": 0.5,
        "skew": 0,
        "var": 0
    },
    "second_peak_weight": {
        "kurt": 0,
        "max": 0.117647059262,
        "mean": 0.117647059262,
        "median": 0.117647059262,
        "min": 0.117647059262,
        "skew": 0,
        "var": 0
    },
    "beats_loudness_band_ratio": {
        "kurt": [0.907214403152, 5.98110198975, -1.47103691101, -0.632474899292, 0.064620256424, 3.57943725586],
        "max": [0.910280883312, 0.146341383457, 0.818304479122, 0.595035374165, 0.204062789679, 0.800287365913],
        "mean": [0.192209839821, 0.022152479738, 0.398207932711, 0.252621889114, 0.07017249614, 0.123798571527],
        "median": [0.0538003742695, 0.00595139572397, 0.405239164829, 0.224386930466, 0.0650578215718, 0.0291094873101],
        "min": [3.79544394491e-06, 3.56702116733e-06, 0.0241506285965, 0.0154609885067, 0.00741095514968, 0.000842753273901],
        "skew": [1.36461818218, 2.43299150467, 0.0189803875983, 0.55031388998, 0.781697273254, 2.26290535927],
        "var": [0.0678498148918, 0.00122135691345, 0.0798937827349, 0.0298397503793, 0.00277062878013, 0.0520724728703],
        "cov": [[0.0718409791589, 0.0065431855619, -0.0538077577949, -0.0291881430894, 0.00207406911068, -0.00373888667673], [0.0065431855619, 0.00129320146516, -0.00553538044915, -0.00341150653549, 0.000356578762876, -4.26578626502e-05], [-0.0538077577949, -0.00553538044915, 0.0845934152603, 0.0312021821737, -0.00443185586482, -0.0395992808044], [-0.0291881430894, -0.00341150653549, 0.0312021821737, 0.0315950289369, -0.00163090182468, -0.0192707460374], [0.00207406911068, 0.000356578762876, -0.00443185586482, -0.00163090182468, 0.00293360697106, 0.00187386770267], [-0.00373888667673, -4.26578626502e-05, -0.0395992808044, -0.0192707460374, 0.00187386770267, 0.0551355592906]]
    },
    "beats_position": [0.452789098024, 0.893968224525, 1.33514738083, 1.78793644905, 2.24072551727, 2.69351458549, 3.20435357094, 3.70358276367, 4.1679816246, 4.63238096237, 5.08516979218, 5.53795909882, 5.97913837433, 6.40870714188, 6.81505680084, 7.23301553726, 7.65097475052, 8.08054447174],
    "bpm_estimates": [135.999176025, 135.999176025, 132.512039185, 132.512039185, 132.512039185, 129.199279785, 129.199157715, 132.51210022, 132.511962891, 135.999130249],
    "bpm_intervals": [0.441179126501, 0.441179156303, 0.452789068222, 0.452789068222, 0.452789068222, 0.510838985443, 0.499229192734, 0.464398860931, 0.464399337769, 0.452788829803, 0.452789306641, 0.441179275513, 0.429568767548, 0.406349658966, 0.41795873642, 0.417959213257, 0.429569721222],
    "onset_times": [0.348299324512, 0.46439909935, 0.592108845711, 0.870748281479, 1.77632653713, 2.67029476166, 3.69197273254, 4.01705217361, 5.9675283432, 7.20979595184, 7.63936519623],
    "histogram": [[0, 0, 0, 0, 0, 0, 0, 0, 0, 0, 0, 0, 0, 0, 0, 0, 0, 0, 0, 0, 0, 0, 0, 0, 0, 0, 0, 0, 0, 0, 0, 0, 0, 0, 0, 0, 0, 0, 0, 0, 0, 0, 0, 0, 0, 0, 0, 0, 0, 0, 0, 0, 0, 0, 0, 0, 0, 0, 0, 0, 0, 0, 0, 0, 0, 0, 0, 0, 0, 0, 0, 0, 0, 0, 0, 0, 0, 0, 0, 0, 0, 0, 0, 0, 0, 0, 0, 0, 0, 0, 0, 0, 0, 0, 0, 0, 0, 0, 0, 0, 0, 0, 0, 0, 0, 0, 0, 0, 0, 0, 0, 0, 0, 0, 0, 0, 0, 0.0588235296309, 0, 0, 0.0588235296309, 0, 0, 0, 0, 0, 0, 0, 0, 0.117647059262, 0, 0, 0, 0.29411765933, 0, 0, 0.176470592618, 0, 0, 0, 0.117647059262, 0, 0, 0, 0.117647059262, 0, 0, 0, 0.0588235296309, 0, 0, 0, 0, 0, 0, 0, 0, 0, 0, 0, 0, 0, 0, 0, 0, 0, 0, 0, 0, 0, 0, 0, 0, 0, 0, 0, 0, 0, 0, 0, 0, 0, 0, 0, 0, 0, 0, 0, 0, 0, 0, 0, 0, 0, 0, 0, 0, 0, 0, 0, 0, 0, 0, 0, 0, 0, 0, 0, 0, 0, 0, 0, 0, 0, 0, 0, 0, 0, 0, 0, 0, 0, 0, 0, 0, 0, 0, 0, 0, 0, 0, 0, 0, 0, 0, 0, 0, 0, 0, 0, 0, 0, 0, 0, 0, 0, 0, 0, 0, 0]]
},
"sfx": {
    "inharmonicity": {
        "kurt": 8.26836204529,
        "max": 0.391868412495,
        "mean": 0.040680103004,
        "median": 0.0169081576169,
        "min": 0,
        "skew": 2.65996980667,
        "var": 0.00376570248045
    },
    "oddtoevenharmonicenergyratio": {
        "kurt": 200.270721436,
        "max": 124.700782776,
        "mean": 1.55941343307,
        "median": 0.253787338734,
        "min": 0,
        "skew": 12.9955816269,
        "var": 56.5519828796
    },
    "pitch_after_max_to_before_max_energy_ratio": 2.96436953545,
    "pitch_centroid": 157.055801392,
    "pitch_max_to_total": 0.0529247894883,
    "pitch_min_to_total": 0.860724210739,
    "tristimulus": {
        "kurt": [-0.418981790543, -0.797768354416, 1.37978792191],
        "max": [1, 0.952526330948, 1],
        "mean": [0.464360266924, 0.37134885788, 0.164290502667],
        "median": [0.439697980881, 0.386595368385, 0.0636464059353],
        "min": [0, 0, 0],
        "skew": [0.42456895113, 0.0856309458613, 1.43977403641],
        "var": [0.0743519961834, 0.0555654168129, 0.040359351784],
        "cov": [[0.0745596885681, -0.0449041128159, -0.0296555999666], [-0.0449041128159, 0.0557206273079, -0.0108164530247], [-0.0296555999666, -0.0108164530247, 0.0404720902443]]
    }
},
"tonal": {
    "chords_changes_rate": 0.20000000298,
    "chords_number_rate": 0.0500000007451,
    "chords_strength": {
        "kurt": -0.649176359177,
        "max": 0.662028372288,
        "mean": 0.537271082401,
        "median": 0.518785178661,
        "min": 0.432275444269,
        "skew": 0.535179197788,
        "var": 0.00289084715769
    },
    "key_strength": 0.618561148643,
    "tuning_diatonic_strength": 0.673684179783,
    "tuning_equal_tempered_deviation": 0.233856067061,
    "tuning_frequency": 450.024475098,
    "tuning_nontempered_energy_ratio": 0.894206285477,
    "hpcp": {
        "kurt": [14.1860389709, 12.4126243591, 11.4580783844, 9.81379985809, 10.8262720108, 7.98660755157, 7.21227264404, 4.7340798378, 4.16486549377, 4.98692321777, 7.15032577515, 4.43832778931, 3.86920690536, 9.58183860779, 7.62521839142, 8.08041667938, 8.30627155304, 6.44482421875, 9.32263183594, 11.2685947418, 11.9667358398, 7.32350063324, 6.16067123413, 6.64086914062, 5.32251644135, 1.13927030563, -0.876087188721, -1.45341193676, -1.16469144821, 0.925510883331, 5.53275680542, 6.32556152344, 6.21505260468, 10.6618309021, 10.5273218155, 20.546918869],
        "max": [1, 1, 1, 1, 1, 1, 1, 1, 1, 1, 1, 1, 1, 1, 1, 1, 1, 1, 1, 1, 1, 0.844815969467, 1, 1, 1, 1, 1, 1, 1, 1, 1, 1, 0.866956889629, 1, 0.846493661404, 1],
        "mean": [0.0815639123321, 0.0921368077397, 0.0958216637373, 0.0996705442667, 0.0987221747637, 0.106270693243, 0.119141258299, 0.13155464828, 0.146967068315, 0.130541607738, 0.121553517878, 0.153790816665, 0.146925762296, 0.110860556364, 0.106384702027, 0.108755640686, 0.117873311043, 0.120991401374, 0.106724068522, 0.0994150266051, 0.0951300486922, 0.0947982370853, 0.121084213257, 0.137317866087, 0.140757352114, 0.221132814884, 0.353419929743, 0.446465045214, 0.387203752995, 0.227174043655, 0.149175733328, 0.120335675776, 0.107296690345, 0.1061565727, 0.0811129957438, 0.0694905072451],
