{
"metadata": {
    "version": {
        "essentia": "2.1-beta3"
    }
},
"lowLevel": {
    "average_loudness": 0.958300948143,
    "barkbands_kurtosis": {
        "kurt": 1.97692871094,
        "max": 22.8486461639,
        "mean": 4.74396085739,
        "median": 3.56877803802,
        "min": -1.16371428967,
        "skew": 1.3422832489,
        "var": 20.5356254578
    },
    "barkbands_skewness": {
        "kurt": -0.618327617645,
        "max": 4.51807880402,
        "mean": 1.83642554283,
        "median": 1.82755386829,
        "min": -0.196919128299,
        "skew": 0.235346078873,
        "var": 1.01135098934
    },
    "barkbands_spread": {
        "kurt": 5.07802963257,
        "max": 58.0250205994,
        "mean": 14.2070770264,
        "median": 13.7980260849,
        "min": 2.49370956421,
        "skew": 1.62224662304,
        "var": 72.6208877563
    },
    "dissonance": {
        "kurt": 11.355887413,
        "max": 0.49979481101,
        "mean": 0.464430183172,
        "median": 0.471839547157,
        "min": 0.30178463459,
        "skew": -2.88091778755,
        "var": 0.000951014400925
    },
    "hfc": {
        "kurt": 13.6095504761,
        "max": 56.068687439,
        "mean": 3.25425696373,
        "median": 0.0105380797759,
        "min": 0.00276716216467,
        "skew": 3.45136713982,
        "var": 73.382774353
    },
    "pitch": {
        "kurt": 29.0117988586,
        "max": 3645.53662109,
        "mean": 312.902557373,
        "median": 194.868881226,
        "min": 75.7156982422,
        "skew": 5.35897493362,
        "var": 287815.15625
    },
    "pitch_instantaneous_confidence": {
        "kurt": 0.296914339066,
        "max": 0.772877454758,
        "mean": 0.340782821178,
        "median": 0.297655880451,
        "min": 0.158010303974,
        "skew": 1.05413711071,
        "var": 0.0216625463217
    },
    "pitch_salience": {
        "kurt": 0.219870090485,
        "max": 0.871327161789,
        "mean": 0.615377426147,
        "median": 0.625229716301,
        "min": 0.283450692892,
        "skew": -0.584507286549,
        "var": 0.0114350011572
    },
    "silence_rate_20dB": {
        "kurt": 0,
        "max": 1,
        "mean": 1,
        "median": 1,
        "min": 1,
        "skew": 0,
        "var": 0
    },
    "silence_rate_30dB": {
        "kurt": 0,
        "max": 1,
        "mean": 1,
        "median": 1,
        "min": 1,
        "skew": 0,
        "var": 0
    },
    "silence_rate_60dB": {
        "kurt": 0.331647157669,
        "max": 1,
        "mean": 0.803418815136,
        "median": 1,
        "min": 0,
        "skew": -1.52697217464,
        "var": 0.157936885953
    },
    "spectral_centroid": {
        "kurt": 8.42267513275,
        "max": 2046.76538086,
        "mean": 589.728149414,
        "median": 546.114685059,
        "min": 212.188354492,
        "skew": 1.82656395435,
        "var": 60764.2851562
    },
    "spectral_complexity": {
        "kurt": 3.1969165802,
        "max": 26,
        "mean": 2.90598297119,
        "median": 0,
        "min": 0,
        "skew": 2.01290369034,
        "var": 33.6749343872
    },
    "spectral_crest": {
        "kurt": 0.521785259247,
        "max": 17.8083209991,
        "mean": 9.26102828979,
        "median": 8.79634094238,
        "min": 4.29993534088,
        "skew": 0.777300059795,
        "var": 8.0612821579
    },
    "spectral_decrease": {
        "kurt": 12.966094017,
        "max": -1.58822152478e-12,
        "mean": -9.30199695048e-10,
        "median": -6.2394941644e-12,
        "min": -1.53913450873e-08,
        "skew": -3.36337900162,
        "var": 5.66269153072e-18
    },
    "spectral_energy": {
        "kurt": 13.0144405365,
        "max": 0.0631760284305,
        "mean": 0.00380595657043,
        "median": 2.43954509642e-05,
        "min": 6.24530184723e-06,
        "skew": 3.36927604675,
        "var": 9.51587207965e-05
    },
    "spectral_energyband_high": {
        "kurt": 11.961268425,
        "max": 6.93417168804e-05,
        "mean": 4.62963271275e-06,
        "median": 3.28984953057e-07,
        "min": 1.31945057547e-07,
        "skew": 3.41663122177,
        "var": 1.45402676011e-10
    },
    "spectral_energyband_low": {
        "kurt": 1.78419828415,
        "max": 3.37971869158e-05,
        "mean": 9.59095268627e-06,
        "median": 7.87667795521e-06,
        "min": 9.91718025034e-07,
        "skew": 1.27727293968,
        "var": 4.16857520724e-11
    },
    "spectral_energyband_middle_high": {
        "kurt": 19.733297348,
        "max": 0.0400742515922,
        "mean": 0.00193408690393,
        "median": 2.33652394854e-06,
        "min": 4.15342327642e-07,
        "skew": 4.12641859055,
        "var": 3.203831875e-05
    },
    "spectral_energyband_middle_low": {
        "kurt": 7.73045349121,
        "max": 0.0231134518981,
        "mean": 0.0019033702556,
        "median": 1.04310920506e-05,
        "min": 2.70809823633e-06,
        "skew": 2.82290792465,
        "var": 2.11350688915e-05
    },
    "spectral_flatness_db": {
        "kurt": -0.0749270915985,
        "max": 0.349077492952,
        "mean": 0.182538434863,
        "median": 0.162985816598,
        "min": 0.0778303444386,
        "skew": 0.923614382744,
        "var": 0.00385638722219
    },
    "spectral_flux": {
        "kurt": 2.51117658615,
        "max": 0.178939700127,
        "mean": 0.0252661705017,
        "median": 0.00317423511297,
        "min": 0.00142269954085,
        "skew": 1.87860929966,
        "var": 0.00177201861516
    },
    "spectral_kurtosis": {
        "kurt": 1.90605401993,
        "max": 56.5862922668,
        "mean": 12.3090000153,
        "median": 5.3026304245,
        "min": 1.51057338715,
        "skew": 1.61615788937,
        "var": 153.009292603
    },
    "spectral_rms": {
        "kurt": 3.47118854523,
        "max": 0.00785080529749,
        "mean": 0.000959931930993,
        "median": 0.000154273919179,
        "min": 7.80575282988e-05,
        "skew": 2.10190176964,
        "var": 2.7916576073e-06
    },
    "spectral_rolloff": {
        "kurt": 16.2657585144,
        "max": 5232.56835938,
        "mean": 847.524841309,
        "median": 645.99609375,
        "min": 193.798828125,
        "skew": 3.16514539719,
        "var": 428205.09375
    },
    "spectral_skewness": {
        "kurt": 0.474215745926,
        "max": 6.23192882538,
        "mean": 2.65440154076,
        "median": 2.01592302322,
        "min": 1.0340679884,
        "skew": 1.1993035078,
        "var": 1.23729717731
    },
    "spectral_spread": {
        "kurt": 8.39355373383,
        "max": 22105880,
        "mean": 5422448.5,
        "median": 6263386,
        "min": 1006878,
        "skew": 1.37933862209,
        "var": 7.98798538342e+12
    },
    "spectral_strongpeak": {
        "kurt": 13.1501617432,
        "max": 3.76807069778,
        "mean": 0.257213652134,
        "median": 0.0133519116789,
        "min": 0.000658887496684,
        "skew": 3.38556551933,
        "var": 0.362655222416
    },
    "zerocrossingrate": {
        "kurt": 0.850797653198,
        "max": 0.07421875,
        "mean": 0.0408904254436,
        "median": 0.0390625,
        "min": 0.013671875,
        "skew": 0.642739295959,
        "var": 0.000103258294985
    },
    "barkbands": {
        "kurt": [5.78538227081, 1.71394491196, 3.6158041954, 18.0116977692, 28.3640499115, 13.9712200165, 10.7458314896, 9.28489303589, 40.2813835144, 31.3532524109, 22.7675819397, 34.7318458557, 29.5374107361, 50.7158546448, 65.6254653931, 22.1860752106, 13.6494483948, 24.5788440704, 51.6555633545, 15.4522800446, 38.328250885, 23.1435985565, 39.3017616272, 49.6123695374, 25.7702789307, 21.3473052979, 39.928817749],
        "max": [1.59920801934e-07, 1.67583111761e-05, 2.11133610719e-05, 2.1980577003e-05, 0.000238316497416, 0.000892582291272, 0.00491225253791, 0.0108486972749, 0.019949009642, 0.0185295846313, 0.0102896103635, 0.0117236748338, 0.00475146248937, 0.00289470539428, 0.00443764822558, 0.000203939693165, 0.000260277360212, 0.000658695935272, 0.000113960995805, 0.000124688536744, 3.30075745296e-05, 1.61659534115e-06, 2.94482492791e-06, 2.48475816989e-06, 2.37121895452e-07, 2.62556181241e-08, 8.91717011342e-09],
        "mean": [2.86308186048e-08, 4.12578492615e-06, 4.70373288408e-06, 1.9303274712e-06, 1.32233190016e-05, 5.43300411664e-05, 0.000350273097865, 0.00079733581515, 0.000620521372184, 0.000678887590766, 0.000427283899626, 0.000439038471086, 0.000183354539331, 7.99583503976e-05, 8.659913874e-05, 9.53456310526e-06, 1.59857754625e-05, 2.68822568614e-05, 3.43180113305e-06, 6.97861105436e-06, 1.22375638512e-06, 1.16214991408e-07, 1.13024711368e-07, 8.41032345988e-08, 1.58158108832e-08, 1.89693438735e-09, 2.988776171e-10],
        "median": [1.86746209607e-08, 3.21309471474e-06, 3.56443956662e-06, 8.93287278814e-07, 3.47161994796e-06, 2.7162736842e-06, 9.72588395598e-07, 4.00495196118e-07, 4.97237238051e-07, 3.20368968687e-07, 1.62852856533e-07, 1.6422315241e-07, 1.11952878967e-07, 1.12510129213e-07, 1.03476637037e-07, 1.03319798939e-07, 1.34734435164e-07, 2.44056536758e-07, 2.07171098054e-07, 2.49810227615e-07, 1.23939898344e-07, 4.59804176955e-08, 1.32280781884e-08, 8.36388291958e-09, 6.37550989779e-09, 5.57100865439e-10, 1.99424834285e-11],
        "min": [1.27651567094e-09, 2.70558700777e-07, 2.64553193574e-07, 3.06959435648e-08, 2.33321486576e-07, 2.06648408607e-07, 1.54200265001e-07, 4.01178468223e-08, 3.02758778048e-08, 1.74386194374e-08, 1.48327385929e-08, 9.22152310068e-09, 1.34511735084e-08, 5.17990939031e-09, 6.75056321953e-09, 1.28070771765e-08, 7.43965289374e-09, 1.11313793738e-08, 2.1329071842e-08, 1.09150226635e-08, 5.82437920116e-08, 1.54866253155e-08, 5.99148108904e-09, 3.54652107681e-09, 2.40138930963e-09, 3.45356687692e-10, 1.17939659774e-11],
        "skew": [2.07146763802, 1.26214706898, 1.77705097198, 4.1085152626, 5.16770410538, 3.58977484703, 3.2968621254, 3.09955501556, 5.89540481567, 5.14672708511, 4.45480489731, 5.42689275742, 5.17257738113, 6.65289831161, 7.73489665985, 4.59361410141, 3.5894010067, 4.80877447128, 6.63775491714, 3.75198197365, 5.65630912781, 4.30942821503, 5.70927381516, 6.49068546295, 4.66243457794, 4.38846254349, 6.08116817474],
        "var": [6.77663309616e-16, 9.27222361391e-12, 1.57655746097e-11, 1.22661898e-11, 1.2096764701e-09, 2.01865653082e-08, 8.62742467689e-07, 4.52319955002e-06, 5.50884124095e-06, 5.34872833668e-06, 1.95817960957e-06, 2.06545587389e-06, 4.04558164746e-07, 1.02886666298e-07, 2.14664197529e-07, 9.32624533156e-10, 1.81131887267e-09, 9.13826880833e-09, 1.5584819546e-10, 3.71634084617e-10, 1.50561195456e-11, 4.3786690582e-14, 1.17728445265e-13, 7.51677637235e-14, 9.16215422012e-16, 1.62672115037e-17, 1.19809904917e-18],
        "cov": [[6.83505242913e-16, -6.1999648071e-15, -1.02513500754e-14, -9.5943125474e-15, -6.27049817235e-14, -5.79310579542e-13, -1.82316293139e-12, -7.17876409359e-12, -5.54174371323e-12, -1.29605310858e-12, -2.42231755487e-12, -3.52529637426e-12, -4.89771959968e-13, -9.13536065371e-13, -1.38861957957e-12, -8.81641425989e-14, -1.2239444484e-13, -3.23397450312e-13, -4.89772170032e-14, -7.7853983026e-14, -1.36482698312e-14, -7.00529652241e-16, -9.78448309076e-16, -2.52680145501e-16, -8.47601054899e-17, -1.00782039744e-17, 4.14148446395e-18], [-6.1999648071e-15, 9.3521570696e-12, 6.95860946989e-12, 4.15494021296e-14, 1.03647647377e-13, 3.88196523537e-11, 3.31954103094e-10, -2.13998846421e-10, -3.56744599139e-11, -9.90564436032e-11, -2.59089361077e-10, -4.69322046504e-11, -1.41201095955e-11, 3.4198234522e-11, 1.32099137184e-10, 7.47069160006e-12, 1.12503695596e-11, 3.48353533519e-11, 4.43925495322e-12, 1.37340139261e-12, 1.03319089395e-12, 4.10359815789e-14, 4.07879838845e-14, -2.45727519075e-15, 4.3091166418e-15, -2.29785533151e-16, -2.86622555642e-16], [-1.02513500754e-14, 6.95860946989e-12, 1.59014849899e-11, 5.5457640433e-13, 3.01354015526e-12, 4.75029876545e-11, 6.95575264054e-10, 6.20134721352e-10, 4.82043516215e-10, 4.10738026924e-10, 3.73471864545e-10, 2.55287152529e-10, 1.30330093939e-10, 9.72357194762e-11, 9.72275593369e-11, 1.10799980302e-11, 1.60986640685e-11, 4.39709345323e-11, 6.49493913513e-12, 1.16633551775e-11, 1.49846476373e-12, 6.98009290884e-14, 4.70800190554e-14, 2.32841107099e-14, 5.97773978415e-15, -1.98527436594e-16, -3.87759533624e-16], [-9.5943125474e-15, 4.15494021296e-14, 5.5457640433e-13, 1.23719333389e-11, 6.3479548007e-11, 1.00454290719e-10, 2.50804349511e-10, 1.33696143045e-09, 2.91981466782e-10, 4.52016563068e-10, 4.13809958522e-10, 3.42880501769e-10, 1.55776003208e-10, 4.11576155102e-12, 4.18624405973e-11, 6.67093420434e-12, 6.67971580826e-12, 3.79236295145e-11, -1.01084173313e-13, 7.38622531193e-12, 7.96050372972e-14, 1.13120606361e-13, 1.18937384897e-13, 1.5690079173e-14, 1.11927086116e-14, 1.33176830363e-15, 1.60295664842e-16], [-6.27049817235e-14, 1.03647647377e-13, 3.01354015526e-12, 6.3479548007e-11, 1.22010468395e-09, 1.83848125612e-09, 3.90079790691e-09, 2.99732150211e-08, 1.31062618536e-08, 9.05995189981e-09, 3.18472115346e-09, 1.00810382264e-08, 2.11695949659e-09, 6.68534727577e-10, 9.00597874054e-10, 1.14210071955e-10, 1.7408473274e-10, 5.89288728925e-10, 6.1720691058e-11, 9.47787057171e-11, 1.1956250226e-11, 1.39375078319e-12, 1.64304442447e-12, 3.69268011351e-13, 1.66958867521e-13, 2.65630768927e-14, 3.05668864379e-15], [-5.79310579542e-13, 3.88196523537e-11, 4.75029876545e-11, 1.00454290719e-10, 1.83848125612e-09, 2.03605878824e-08, 3.47610225049e-08, 2.03750005312e-07, 6.12314963178e-08, 4.62650611155e-08, 3.25429994064e-08, 6.26052667485e-08, 9.74358727035e-09, 1.30353665639e-08, 3.06277883055e-08, 2.43723952131e-09, 3.37923666827e-09, 7.64497620764e-09, 5.53499579503e-10, 9.36879906988e-10, 1.52123674768e-10, 1.13832840723e-11, 1.96861259932e-11, 8.46318761599e-12, 2.17550044819e-12, 2.7767482866e-13, 1.61492354049e-14], [-1.82316293139e-12, 3.31954103094e-10, 6.95575264054e-10, 2.50804349511e-10, 3.90079790691e-09, 3.47610225049e-08, 8.70179860613e-07, 8.06326283964e-07, 8.28904148875e-07, 1.34057290779e-06, 9.03787167772e-07, 6.1152491071e-07, 4.15308676338e-07, 1.26916020804e-07, 1.03133572793e-07, 1.5078738258e-08, 3.00141174137e-08, 4.74775845305e-08, 6.54581899795e-09, 1.25486456781e-08, 2.13886441891e-09, 1.22211046838e-10, 1.58032892328e-10, 9.0586704804e-11, 1.46915465904e-11, 1.88538724563e-12, 1.06516846125e-13], [-7.17876409359e-12, -2.13998846421e-10, 6.20134721352e-10, 1.33696143045e-09, 2.99732150211e-08, 2.03750005312e-07, 8.06326283964e-07, 4.56219231637e-06, 2.78630659523e-06, 1.91819276552e-06, 1.46962804592e-06, 1.63743573012e-06, 5.17001296885e-07, 2.94291510272e-07, 5.05601292389e-07, 3.8802092206e-08, 4.58800322178e-08, 9.86998145436e-08, 1.00646033729e-08, 2.52339429352e-08, 3.57570595355e-09, 1.94169361145e-10, 3.30278304705e-10, 1.61366919826e-10, 3.53124300634e-11, 4.5472597042e-12, 3.07405386953e-13], [-5.54174371323e-12, -3.56744599139e-11, 4.82043516215e-10, 2.91981466782e-10, 1.31062618536e-08, 6.12314963178e-08, 8.28904148875e-07, 2.78630659523e-06, 5.5563314163e-06, 4.27339955422e-06, 1.79100163678e-06, 3.05399885292e-06, 9.50352728069e-07, 3.27255690991e-07, 3.77177428845e-07, 2.81996630491e-08, 3.6810014592e-08, 7.31465021886e-08, 1.01996908697e-08, 2.9269724422e-08, 5.1871245077e-09, 1.85096549199e-10, 3.89958898506e-10, 1.97396293755e-10, 4.00434650716e-11, 6.54950963255e-12, 1.23288543003e-12], [-1.29605310858e-12, -9.90564436032e-11, 4.10738026924e-10, 4.52016563068e-10, 9.05995189981e-09, 4.62650611155e-08, 1.34057290779e-06, 1.91819276552e-06, 4.27339955422e-06, 5.39483789908e-06, 2.4611902063e-06, 2.68266194325e-06, 1.3692003904e-06, 3.0931411743e-07, 2.38372251715e-07, 3.05167233705e-08, 4.67784815328e-08, 6.2833223069e-08, 6.93708512856e-09, 2.55029171115e-08, 4.56933557658e-09, 1.7963699972e-10, 4.51154391623e-10, 2.04247410651e-10, 4.44224795837e-11, 7.37312988441e-12, 1.15330390637e-12], [-2.42231755487e-12, -2.59089361077e-10, 3.73471864545e-10, 4.13809958522e-10, 3.18472115346e-09, 3.25429994064e-08, 9.03787167772e-07, 1.46962804592e-06, 1.79100163678e-06, 2.4611902063e-06, 1.97506051336e-06, 1.42058320307e-06, 6.94621121511e-07, 1.73296911044e-07, 1.07550050643e-07, 1.70926330867e-08, 2.69479336623e-08, 2.96548439138e-08, 3.80156839341e-09, 2.15137632154e-08, 2.3789556991e-09, 9.62445817487e-11, 2.0041686366e-10, 9.65309152057e-11, 1.92435737484e-11, 3.3993714961e-12, 3.01020113783e-13], [-3.52529637426e-12, -4.69322046504e-11, 2.55287152529e-10, 3.42880501769e-10, 1.00810382264e-08, 6.26052667485e-08, 6.1152491071e-07, 1.63743573012e-06, 3.05399885292e-06, 2.68266194325e-06, 1.42058320307e-06, 2.08326150641e-06, 5.98287670073e-07, 1.96690592702e-07, 2.15275306914e-07, 1.86656929912e-08, 2.61501398313e-08, 5.52187273684e-08, 6.63000232493e-09, 2.0902678699e-08, 3.44008888042e-09, 1.21988988355e-10, 2.56049681457e-10, 1.19897966555e-10, 2.64017453733e-11, 4.47726534666e-12, 7.46741318954e-13], [-4.89771959968e-13, -1.41201095955e-11, 1.30330093939e-10, 1.55776003208e-10, 2.11695949659e-09, 9.74358727035e-09, 4.15308676338e-07, 5.17001296885e-07, 9.50352728069e-07, 1.3692003904e-06, 6.94621121511e-07, 5.98287670073e-07, 4.08045735867e-07, 8.02767203822e-08, 5.65600402069e-08, 7.96991450613e-09, 1.23500152327e-08, 1.53452432983e-08, 1.48372270026e-09, 7.53163753586e-09, 1.02736963381e-09, 4.1706575693e-11, 1.10742068293e-10, 5.01142426168e-11, 1.04860963662e-11, 1.82009810869e-12, 2.44794581741e-13], [-9.13536065371e-13, 3.4198234522e-11, 9.72357194762e-11, 4.11576155102e-12, 6.68534727577e-10, 1.30353665639e-08, 1.26916020804e-07, 2.94291510272e-07, 3.27255690991e-07, 3.0931411743e-07, 1.73296911044e-07, 1.96690592702e-07, 8.02767203822e-08, 1.03773622584e-07, 6.93768384963e-08, 7.76344322162e-09, 8.26744273041e-09, 1.9553976216e-08, 1.64709990091e-09, 2.96319702109e-09, 6.22783824511e-10, 3.43258789448e-11, 9.84233597401e-11, 4.15748199756e-11, 8.25392358628e-12, 9.81995409467e-13, 5.11498056909e-14], [-1.38861957957e-12, 1.32099137184e-10, 9.72275593369e-11, 4.18624405973e-11, 9.00597874054e-10, 3.06277883055e-08, 1.03133572793e-07, 5.05601292389e-07, 3.77177428845e-07, 2.38372251715e-07, 1.07550050643e-07, 2.15275306914e-07, 5.65600402069e-08, 6.93768384963e-08, 2.16514749241e-07, 1.15890390617e-08, 1.1928895205e-08, 2.45829987477e-08, 2.67521893527e-09, 2.80577983069e-09, 1.04591091343e-09, 4.56178671226e-11, 1.05927093486e-10, 5.09698082352e-11, 9.83970543933e-12, 9.51157230235e-13, 4.03676658073e-14], [-8.81641425989e-14, 7.47069160006e-12, 1.10799980302e-11, 6.67093420434e-12, 1.14210071955e-10, 2.43723952131e-09, 1.5078738258e-08, 3.8802092206e-08, 2.81996630491e-08, 3.05167233705e-08, 1.70926330867e-08, 1.86656929912e-08, 7.96991450613e-09, 7.76344322162e-09, 1.15890390617e-08, 9.40664324212e-10, 1.0916304527e-09, 2.34866259774e-09, 2.00046187948e-10, 2.80434037103e-10, 7.21187623509e-11, 3.8247916119e-12, 9.22517704588e-12, 4.23970971178e-12, 8.45520159963e-13, 9.27884003898e-14, 4.16434219397e-15], [-1.2239444484e-13, 1.12503695596e-11, 1.60986640685e-11, 6.67971580826e-12, 1.7408473274e-10, 3.37923666827e-09, 3.00141174137e-08, 4.58800322178e-08, 3.6810014592e-08, 4.67784815328e-08, 2.69479336623e-08, 2.61501398313e-08, 1.23500152327e-08, 8.26744273041e-09, 1.1928895205e-08, 1.0916304527e-09, 1.8269336044e-09, 2.80563661192e-09, 3.05698855119e-10, 4.42567732462e-10, 9.71266608807e-11, 5.48687787913e-12, 1.04040786403e-11, 5.16471023934e-12, 9.92793087323e-13, 1.13666102355e-13, 6.51495433732e-15], [-3.23397450312e-13, 3.48353533519e-11, 4.39709345323e-11, 3.79236295145e-11, 5.89288728925e-10, 7.64497620764e-09, 4.74775845305e-08, 9.86998145436e-08, 7.31465021886e-08, 6.2833223069e-08, 2.96548439138e-08, 5.52187273684e-08, 1.53452432983e-08, 1.9553976216e-08, 2.45829987477e-08, 2.34866259774e-09, 2.80563661192e-09, 9.21704668144e-09, 8.49533887681e-10, 8.60213622556e-10, 2.49964521304e-10, 1.49919590631e-11, 2.34185379422e-11, 1.10378936893e-11, 2.15578791797e-12, 2.393222068e-13, 1.13307546532e-14], [-4.89772170032e-14, 4.43925495322e-12, 6.49493913513e-12, -1.01084173313e-13, 6.1720691058e-11, 5.53499579503e-10, 6.54581899795e-09, 1.00646033729e-08, 1.01996908697e-08, 6.93708512856e-09, 3.80156839341e-09, 6.63000232493e-09, 1.48372270026e-09, 1.64709990091e-09, 2.67521893527e-09, 2.00046187948e-10, 3.05698855119e-10, 8.49533887681e-10, 1.57191717975e-10, 1.26024246594e-10, 4.48334008807e-11, 2.29299999127e-12, 2.08088646141e-12, 1.27728014797e-12, 1.90623450184e-13, 1.90817447834e-14, 1.10925507772e-15], [-7.7853983026e-14, 1.37340139261e-12, 1.16633551775e-11, 7.38622531193e-12, 9.47787057171e-11, 9.36879906988e-10, 1.25486456781e-08, 2.52339429352e-08, 2.9269724422e-08, 2.55029171115e-08, 2.15137632154e-08, 2.0902678699e-08, 7.53163753586e-09, 2.96319702109e-09, 2.80577983069e-09, 2.80434037103e-10, 4.42567732462e-10, 8.60213622556e-10, 1.26024246594e-10, 3.74837827444e-10, 4.67524317871e-11, 2.14381529022e-12, 2.96403418303e-12, 1.68229416942e-12, 2.83537299542e-13, 4.58519297021e-14, 4.9684229475e-15], [-1.36482698312e-14, 1.03319089395e-12, 1.49846476373e-12, 7.96050372972e-14, 1.1956250226e-11, 1.52123674768e-10, 2.13886441891e-09, 3.57570595355e-09, 5.1871245077e-09, 4.56933557658e-09, 2.3789556991e-09, 3.44008888042e-09, 1.02736963381e-09, 6.22783824511e-10, 1.04591091343e-09, 7.21187623509e-11, 9.71266608807e-11, 2.49964521304e-10, 4.48334008807e-11, 4.67524317871e-11, 1.51859132907e-11, 7.09148614397e-13, 8.65147742942e-13, 5.0281355685e-13, 7.84105649875e-14, 9.2791798686e-15, 1.07165867333e-15], [-7.00529652241e-16, 4.10359815789e-14, 6.98009290884e-14, 1.13120606361e-13, 1.39375078319e-12, 1.13832840723e-11, 1.22211046838e-10, 1.94169361145e-10, 1.85096549199e-10, 1.7963699972e-10, 9.62445817487e-11, 1.21988988355e-10, 4.1706575693e-11, 3.43258789448e-11, 4.56178671226e-11, 3.8247916119e-12, 5.48687787913e-12, 1.49919590631e-11, 2.29299999127e-12, 2.14381529022e-12, 7.09148614397e-13, 4.41641589564e-14, 4.75106946515e-14, 3.48222969557e-14, 4.08897659045e-15, 4.57294082921e-16, 6.7455586337e-17], [-9.78448309076e-16, 4.07879838845e-14, 4.70800190554e-14, 1.18937384897e-13, 1.64304442447e-12, 1.96861259932e-11, 1.58032892328e-10, 3.30278304705e-10, 3.89958898506e-10, 4.51154391623e-10, 2.0041686366e-10, 2.56049681457e-10, 1.10742068293e-10, 9.84233597401e-11, 1.05927093486e-10, 9.22517704588e-12, 1.04040786403e-11, 2.34185379422e-11, 2.08088646141e-12, 2.96403418303e-12, 8.65147742942e-13, 4.75106946515e-14, 1.18743353366e-13, 5.59985407654e-14, 1.01403675834e-14, 1.22120551654e-15, 1.10301530364e-16], [-2.52680145501e-16, -2.45727519075e-15, 2.32841107099e-14, 1.5690079173e-14, 3.69268011351e-13, 8.46318761599e-12, 9.0586704804e-11, 1.61366919826e-10, 1.97396293755e-10, 2.04247410651e-10, 9.65309152057e-11, 1.19897966555e-10, 5.01142426168e-11, 4.15748199756e-11, 5.09698082352e-11, 4.23970971178e-12, 5.16471023934e-12, 1.10378936893e-11, 1.27728014797e-12, 1.68229416942e-12, 5.0281355685e-13, 3.48222969557e-14, 5.59985407654e-14, 7.58157574807e-14, 4.33662064863e-15, 5.15910668695e-16, 2.22553671726e-16], [-8.47601054899e-17, 4.3091166418e-15, 5.97773978415e-15, 1.11927086116e-14, 1.66958867521e-13, 2.17550044819e-12, 1.46915465904e-11, 3.53124300634e-11, 4.00434650716e-11, 4.44224795837e-11, 1.92435737484e-11, 2.64017453733e-11, 1.04860963662e-11, 8.25392358628e-12, 9.83970543933e-12, 8.45520159963e-13, 9.92793087323e-13, 2.15578791797e-12, 1.90623450184e-13, 2.83537299542e-13, 7.84105649875e-14, 4.08897659045e-15, 1.01403675834e-14, 4.33662064863e-15, 9.24113898367e-16, 1.12589604583e-16, 9.13017144718e-18], [-1.00782039744e-17, -2.29785533151e-16, -1.98527436594e-16, 1.33176830363e-15, 2.65630768927e-14, 2.7767482866e-13, 1.88538724563e-12, 4.5472597042e-12, 6.54950963255e-12, 7.37312988441e-12, 3.3993714961e-12, 4.47726534666e-12, 1.82009810869e-12, 9.81995409467e-13, 9.51157230235e-13, 9.27884003898e-14, 1.13666102355e-13, 2.393222068e-13, 1.90817447834e-14, 4.58519297021e-14, 9.2791798686e-15, 4.57294082921e-16, 1.22120551654e-15, 5.15910668695e-16, 1.12589604583e-16, 1.64074467417e-17, 1.87897198748e-18], [4.14148446395e-18, -2.86622555642e-16, -3.87759533624e-16, 1.60295664842e-16, 3.05668864379e-15, 1.61492354049e-14, 1.06516846125e-13, 3.07405386953e-13, 1.23288543003e-12, 1.15330390637e-12, 3.01020113783e-13, 7.46741318954e-13, 2.44794581741e-13, 5.11498056909e-14, 4.03676658073e-14, 4.16434219397e-15, 6.51495433732e-15, 1.13307546532e-14, 1.10925507772e-15, 4.9684229475e-15, 1.07165867333e-15, 6.7455586337e-17, 1.10301530364e-16, 2.22553671726e-16, 9.13017144718e-18, 1.87897198748e-18, 1.2084274331e-18]]
    },
    "mfcc": {
        "kurt": [-0.0397021770477, -1.09689927101, -0.116136789322, -0.818893432617, -0.0572061538696, -0.604922771454, 0.657583236694, 0.102019071579, 0.721029996872, 0.700228452682, 0.517717599869, 0.226054668427, 0.597393035889],
        "max": [-686.820617676, 207.900848389, 56.3362159729, 61.1402130127, 25.8146095276, 9.62024688721, 24.2422065735, 19.949426651, 15.4998817444, 22.0399589539, 18.1896629333, 40.245891571, 20.2841415405],
        "mean": [-943.154968262, 128.060134888, -0.385745018721, 15.7839670181, -5.92684745789, -13.0301847458, 6.03391027451, -2.5567317009, -5.36151885986, -0.562258601189, -2.11483025551, 6.25921106339, 2.06594586372],
        "median": [-996.118896484, 106.6951828, 20.5012817383, 31.5245704651, 6.88360595703, -10.1681594849, 6.74502944946, -3.15001678467, -5.23681640625, -1.08751678467, -2.56779098511, 3.93576812744, 1.57690429688],
        "min": [-1058.3079834, 70.178604126, -114.100219727, -60.701713562, -73.1844482422, -43.2026939392, -20.515296936, -18.6479949951, -25.7596206665, -17.3659591675, -25.4216365814, -16.8036880493, -15.9148445129],
        "skew": [1.19272470474, 0.696487545967, -1.13249742985, -0.731682419777, -1.00592589378, -0.526107609272, -0.685561954975, 0.136072531343, -0.0822544395924, 0.536669015884, -0.142766088247, 0.833830296993, 0.258862316608],
        "var": [10777.5322266, 1452.75683594, 2317.58862305, 1127.32189941, 646.574768066, 157.549743652, 84.34765625, 47.6383209229, 58.8000793457, 52.844669342, 51.448097229, 137.031723022, 43.5853233337],
        "cov": [[10870.4414062, 3593.28149414, -4931.67480469, -3081.7265625, -2448.21850586, -1067.95043945, -333.894439697, -169.133422852, -85.7961425781, 224.022155762, 217.262893677, 849.784973145, 151.932357788], [3593.28149414, 1465.28051758, -1599.25708008, -1195.40124512, -877.284606934, -385.55255127, -79.9506378174, -34.9460945129, -33.2069511414, 22.0003585815, 101.240821838, 330.433288574, 85.7198028564], [-4931.67480469, -1599.25708008, 2337.56787109, 1427.87536621, 1091.35864258, 490.555267334, 153.932327271, 80.9785766602, 21.5756664276, -103.860603333, -82.4546203613, -397.821411133, -87.5876693726], [-3081.7265625, -1195.40124512, 1427.87536621, 1137.04016113, 792.877563477, 287.703704834, 52.2164955139, 15.9818840027, 0.681036174297, -26.9086990356, -72.3744506836, -305.561248779, -64.0366439819], [-2448.21850586, -877.284606934, 1091.35864258, 792.877563477, 652.148681641, 244.232803345, 37.2885971069, 32.5668716431, 21.8509883881, -32.0645980835, -60.0520057678, -212.066726685, -32.7881164551], [-1067.95043945, -385.55255127, 490.555267334, 287.703704834, 244.232803345, 158.907928467, 58.6266288757, 24.7706546783, 18.809387207, -6.35463571548, -22.9078636169, -86.1599349976, -26.7403488159], [-333.894439697, -79.9506378174, 153.932327271, 52.2164955139, 37.2885971069, 58.6266288757, 85.0747909546, 28.6050167084, 9.16108036041, 0.0170846804976, 2.25541329384, -13.1494846344, -4.84190750122], [-169.133422852, -34.9460945129, 80.9785766602, 15.9818840027, 32.5668716431, 24.7706546783, 28.6050167084, 48.0489959717, 24.5213394165, -4.01537799835, 2.34092545509, 0.935435771942, -0.940884292126], [-85.7961425781, -33.2069511414, 21.5756664276, 0.681036174297, 21.8509883881, 18.809387207, 9.16108036041, 24.5213394165, 59.3069763184, 17.3699092865, -18.2224235535, 10.0543889999, 7.25053834915], [224.022155762, 22.0003585815, -103.860603333, -26.9086990356, -32.0645980835, -6.35463571548, 0.0170846804976, -4.01537799835, 17.3699092865, 53.3002243042, 8.78428649902, -6.30594682693, -9.17080783844], [217.262893677, 101.240821838, -82.4546203613, -72.3744506836, -60.0520057678, -22.9078636169, 2.25541329384, 2.34092545509, -18.2224235535, 8.78428649902, 51.8916130066, 27.52617836, 0.0840639546514], [849.784973145, 330.433288574, -397.821411133, -305.561248779, -212.066726685, -86.1599349976, -13.1494846344, 0.935435771942, 10.0543889999, -6.30594682693, 27.52617836, 138.213027954, 45.8279533386], [151.932357788, 85.7198028564, -87.5876693726, -64.0366439819, -32.7881164551, -26.7403488159, -4.84190750122, -0.940884292126, 7.25053834915, -9.17080783844, 0.0840639546514, 45.8279533386, 43.9610595703]]
    },
    "sccoeffs": {
        "kurt": [1.7329750061, 1.1947054863, 2.29746961594, 0.18974852562, 0.368241786957, 1.81719398499],
        "max": [-0.578795194626, -0.420027375221, -0.568952739239, -0.600051760674, -0.673026382923, -0.771672189236],
        "mean": [-0.767113268375, -0.768950104713, -0.843215823174, -0.824530661106, -0.850586593151, -0.849480271339],
        "median": [-0.77103728056, -0.814916491508, -0.867260932922, -0.855486452579, -0.876808404922, -0.857328772545],
        "min": [-0.945385396481, -0.90588504076, -0.92833262682, -0.916281223297, -0.926236331463, -0.876695036888],
        "skew": [0.376094430685, 1.49561297894, 1.62990498543, 1.11837625504, 1.24397575855, 1.66627109051],
        "var": [0.00265053263865, 0.0124276727438, 0.00509258639067, 0.00696595851332, 0.00312363612466, 0.000540574896149],
        "cov": [[0.00267338217236, 0.00186929723714, 0.00102167075966, 0.000952665111981, 0.000888347742148, 0.000441035896074], [0.00186929723714, 0.0125348074362, 0.00633993558586, 0.0075138551183, 0.00508202100173, 0.0020339966286], [0.00102167075966, 0.00633993558586, 0.00513648800552, 0.0051677217707, 0.00317408842966, 0.00116871460341], [0.000952665111981, 0.0075138551183, 0.0051677217707, 0.00702601019293, 0.00391931738704, 0.00125731073786], [0.000888347742148, 0.00508202100173, 0.00317408842966, 0.00391931738704, 0.00315056415275, 0.000901643361431], [0.000441035896074, 0.0020339966286, 0.00116871460341, 0.00125731073786, 0.000901643361431, 0.000545235001482]]
    },
    "scvalleys": {
        "kurt": [-0.0947458744049, -0.921564817429, -0.67440700531, 0.36975479126, 0.952102184296, 1.96853876114],
        "max": [-7.41933488846, -5.24941110611, -4.59178495407, -5.78276395798, -7.47002077103, -10.3540735245],
        "mean": [-8.3620557785, -8.06500148773, -8.53679084778, -9.52793979645, -9.83807086945, -11.9033584595],
        "median": [-8.32435321808, -8.82428836823, -9.57570362091, -10.0781583786, -10.1701841354, -12.0890779495],
        "min": [-9.32126426697, -9.84937763214, -10.4828186035, -11.1674556732, -11.2872657776, -12.5963163376],
        "skew": [-0.138236567378, 0.741360008717, 0.922412037849, 1.28219771385, 1.44371807575, 1.71944212914],
        "var": [0.124941706657, 1.76713311672, 3.27567362785, 1.85213387012, 0.678706049919, 0.220455572009],
        "cov": [[0.126018792391, 0.173307359219, 0.233523726463, 0.149496674538, 0.08442042768, 0.0415693894029], [0.173307359219, 1.78236699104, 2.30185079575, 1.65789270401, 0.936439156532, 0.485793411732], [0.233523726463, 2.30185079575, 3.30391216278, 2.35595202446, 1.34425401688, 0.723104000092], [0.149496674538, 1.65789270401, 2.35595202446, 1.86810052395, 1.07870852947, 0.589049458504], [0.08442042768, 0.936439156532, 1.34425401688, 1.07870852947, 0.68455696106, 0.360663950443], [0.0415693894029, 0.485793411732, 0.723104000092, 0.589049458504, 0.360663950443, 0.222356051207]]
    }
},
"rhythm": {
    "beats_loudness": {
        "kurt": -0.952120065689,
        "max": 0.0394433252513,
        "mean": 0.0170848052949,
        "median": 0.0144409136847,
        "min": 1.40689062391e-05,
        "skew": 0.533320963383,
        "var": 0.000202252762392
    },
    "bpm": 100.058097839,
    "confidence": 0,
    "first_peak_bpm": {
        "kurt": 0,
        "max": 101,
        "mean": 101,
        "median": 101,
        "min": 101,
        "skew": 0,
        "var": 0
    },
    "first_peak_spread": {
        "kurt": 0,
        "max": 0.333333313465,
        "mean": 0.333333313465,
        "median": 0.333333313465,
        "min": 0.333333313465,
        "skew": 0,
        "var": 0
    },
    "first_peak_weight": {
        "kurt": 0,
        "max": 0.666666686535,
        "mean": 0.666666686535,
        "median": 0.666666686535,
        "min": 0.666666686535,
        "skew": 0,
        "var": 0
    },
    "onset_rate": 1.4891102314,
    "second_peak_bpm": {
        "kurt": 0,
        "max": 0,
        "mean": 0,
        "median": 0,
        "min": 0,
        "skew": 0,
        "var": 0
    },
    "second_peak_spread": {
        "kurt": 0,
        "max": 0,
        "mean": 0,
        "median": 0,
        "min": 0,
        "skew": 0,
        "var": 0
    },
    "second_peak_weight": {
        "kurt": 0,
        "max": 0,
        "mean": 0,
        "median": 0,
        "min": 0,
        "skew": 0,
        "var": 0
    },
    "beats_loudness_band_ratio": {
        "kurt": [-0.666669130325, -0.83536028862, -0.71543431282, -0.946340560913, -0.701426029205, -0.734644174576],
        "max": [0.681837022305, 0.237053796649, 0.594125449657, 0.461644113064, 0.166005164385, 0.0390174388885],
        "mean": [0.170978754759, 0.0773907750845, 0.426820158958, 0.307551711798, 0.0518460534513, 0.0130708413199],
        "median": [0.000925414147787, 0.0341061092913, 0.52444422245, 0.374480605125, 0.0183517653495, 0.00643669255078],
        "min": [0.000227182768867, 0.0042970716022, 0.0642666965723, 0.0196015127003, 0.00467552151531, 0.000392545509385],
        "skew": [1.15469694138, 0.972961425781, -1.08505368233, -0.85427570343, 1.11186933517, 1.05448889732],
        "var": [0.0869921520352, 0.00900971516967, 0.0447021350265, 0.0305790100247, 0.00439959019423, 0.000230984267546],
        "cov": [[0.115989536047, 0.036253169179, -0.082318611443, -0.065397746861, -0.00600082054734, 0.00589216081426], [0.036253169179, 0.01201295387, -0.0248813573271, -0.0199695508927, -0.00271644350141, 0.00186348624993], [-0.082318611443, -0.0248813573271, 0.0596028454602, 0.0476714409888, 0.00245689810254, -0.0041862805374], [-0.065397746861, -0.0199695508927, 0.0476714409888, 0.0407720133662, -0.0012159520993, -0.00347573705949], [-0.00600082054734, -0.00271644350141, 0.00245689810254, -0.0012159520993, 0.00586612010375, -0.000142116230563], [0.00589216081426, 0.00186348624993, -0.0041862805374, -0.00347573705949, -0.000142116230563, 0.000307979033096]]
    },
    "beats_position": [0.603718817234, 1.19582760334, 1.78793644905, 2.40326523781],
    "bpm_estimates": [101.332733154, 101.332717896, 97.5088424683],
    "bpm_intervals": [0.592108786106, 0.592108845711, 0.615328788757],
    "onset_times": [0.0116099771112, 0.568888902664, 1.72988665104, 2.41487526894],
    "histogram": [[0, 0, 0, 0, 0, 0, 0, 0, 0, 0, 0, 0, 0, 0, 0, 0, 0, 0, 0, 0, 0, 0, 0, 0, 0, 0, 0, 0, 0, 0, 0, 0, 0, 0, 0, 0, 0, 0, 0, 0, 0, 0, 0, 0, 0, 0, 0, 0, 0, 0, 0, 0, 0, 0, 0, 0, 0, 0, 0, 0, 0, 0, 0, 0, 0, 0, 0, 0, 0, 0, 0, 0, 0, 0, 0, 0, 0, 0, 0, 0, 0, 0, 0, 0, 0, 0, 0, 0, 0, 0, 0, 0, 0, 0, 0, 0, 0, 0, 0.333333343267, 0, 0, 0.666666686535, 0, 0, 0, 0, 0, 0, 0, 0, 0, 0, 0, 0, 0, 0, 0, 0, 0, 0, 0, 0, 0, 0, 0, 0, 0, 0, 0, 0, 0, 0, 0, 0, 0, 0, 0, 0, 0, 0, 0, 0, 0, 0, 0, 0, 0, 0, 0, 0, 0, 0, 0, 0, 0, 0, 0, 0, 0, 0, 0, 0, 0, 0, 0, 0, 0, 0, 0, 0, 0, 0, 0, 0, 0, 0, 0, 0, 0, 0, 0, 0, 0, 0, 0, 0, 0, 0, 0, 0, 0, 0, 0, 0, 0, 0, 0, 0, 0, 0, 0, 0, 0, 0, 0, 0, 0, 0, 0, 0, 0, 0, 0, 0, 0, 0, 0, 0, 0, 0, 0, 0, 0, 0, 0, 0, 0, 0, 0, 0, 0, 0, 0, 0, 0, 0, 0, 0, 0, 0, 0, 0, 0, 0, 0, 0, 0, 0, 0, 0]]
},
"sfx": {
    "inharmonicity": {
        "kurt": 1.94415044785,
        "max": 0.401306033134,
        "mean": 0.0939247757196,
        "median": 0.0702608525753,
        "min": 0,
        "skew": 1.4981238842,
        "var": 0.00788619741797
    },
    "oddtoevenharmonicenergyratio": {
        "kurt": 40.1448554993,
        "max": 13.4608001709,
        "mean": 0.873440384865,
        "median": 0.380223751068,
        "min": 0,
        "skew": 5.46629190445,
        "var": 2.25966858864
    },
    "pitch_after_max_to_before_max_energy_ratio": 2.77157735825,
    "pitch_centroid": 51.2766838074,
    "pitch_max_to_total": 0.111111111939,
    "pitch_min_to_total": 0.794871807098,
    "tristimulus": {
        "kurt": [0.19887137413, -0.376516580582, -0.964348316193],
        "max": [1, 0.809601068497, 0.668687403202],
        "mean": [0.302282005548, 0.399923056364, 0.297795027494],
        "median": [0.289079934359, 0.41385987401, 0.310858100653],
        "min": [0, 0, 0],
        "skew": [0.557275652885, -0.0620103552938, 0.0569697283208],
        "var": [0.0550929009914, 0.0293632410467, 0.0269726645201],
        "cov": [[0.0555678382516, -0.0289895012975, -0.026578322053], [-0.0289895012975, 0.0296163726598, -0.000626871595159], [-0.026578322053, -0.000626871595159, 0.0272051878273]]
    }
},
"tonal": {
    "chords_changes_rate": 0.0508474558592,
    "chords_number_rate": 0.0508474558592,
    "chords_strength": {
        "kurt": -0.747920274734,
        "max": 0.707659721375,
        "mean": 0.615435242653,
        "median": 0.618482172489,
        "min": 0.518262922764,
        "skew": -0.0488044805825,
        "var": 0.00203575706109
    },
    "key_strength": 0.57232260704,
    "tuning_diatonic_strength": 0.512652933598,
    "tuning_equal_tempered_deviation": 0.261598944664,
    "tuning_frequency": 437.718536377,
    "tuning_nontempered_energy_ratio": 0.888215005398,
    "hpcp": {
        "kurt": [4.8525018692, 1.36592817307, -0.964028835297, -0.642396450043, 0.145079374313, 2.27324008942, 10.6722393036, 4.69842863083, 5.42154121399, 6.51855659485, 7.66979980469, 4.28978013992, 6.26323509216, 3.9846663475, 2.61127519608, 2.45537662506, 7.18648147583, 10.5402126312, 0.214882850647, 2.82912969589, 2.02960300446, 3.41134357452, 5.22371196747, 1.54757356644, 15.8731746674, 9.47790622711, 9.29288005829, 3.22371387482, 1.08037042618, -0.232758760452, -0.941400051117, -0.234877109528, 3.79805278778, 5.79648017883, 10.9362306595, 5.48892974854],
        "max": [1, 1, 1, 1, 1, 1, 1, 1, 1, 1, 1, 1, 1, 0.966432034969, 0.871142208576, 0.711821556091, 1, 1, 0.594429254532, 1, 0.66278141737, 0.540849685669, 0.739047646523, 0.633280873299, 1, 0.691207706928, 0.818671703339, 1, 1, 1, 1, 1, 1, 0.831388235092, 1, 0.794525682926],
        "mean": [0.14965954423, 0.227740481496, 0.340679198503, 0.340145170689, 0.270415276289, 0.195040106773, 0.13144607842, 0.150702431798, 0.160781547427, 0.14314520359, 0.145992964506, 0.157003760338, 0.164289623499, 0.178873628378, 0.174147054553, 0.161184459925, 0.146709769964, 0.139343634248, 0.161770135164, 0.188770979643, 0.148626372218, 0.1050119102, 0.119169890881, 0.122769847512, 0.115118376911, 0.105316363275, 0.111430175602, 0.178366690874, 0.231738477945, 0.282957315445, 0.356423974037, 0.316821962595, 0.193940937519, 0.129313573241, 0.117043346167, 0.116875417531],
        "median": [0.0462531261146, 0.106175944209, 0.202820554376, 0.162896052003, 0.166966408491, 0.0950946956873, 0.0630883201957, 0.0672249644995, 0.074058316648, 0.0626902356744, 0.0846623182297, 0.0760064795613, 0.0821198821068, 0.11957847327, 0.0843184888363, 0.0867721065879, 0.0807840079069, 0.0806884169579, 0.107544839382, 0.105058692396, 0.0866925120354, 0.0693445503712, 0.0468592196703, 0.0518338344991, 0.0751743093133, 0.0656585618854, 0.0572692602873, 0.0521191582084, 0.0726420879364, 0.120231345296, 0.215202853084, 0.209763005376, 0.0802602544427, 0.0629426315427, 0.0545182973146, 0.0427667833865],
