{
"metadata": {
    "version": {
        "essentia": "2.1-beta3"
    }
},
"lowLevel": {
    "average_loudness": 0.99068403244,
    "barkbands_kurtosis": {
        "kurt": -0.146306276321,
        "max": 6.790807724,
        "mean": 1.75755488873,
        "median": 1.22372865677,
        "min": -1.02575623989,
        "skew": 0.819038808346,
        "var": 4.09496164322
    },
    "barkbands_skewness": {
        "kurt": 4.87668609619,
        "max": 2.07898712158,
        "mean": 0.884007096291,
        "median": 1.08772301674,
        "min": -1.95887088776,
        "skew": -1.89696240425,
        "var": 0.59852451086
    },
    "barkbands_spread": {
        "kurt": 1.72651767731,
        "max": 42.5059509277,
        "mean": 12.9069404602,
        "median": 8.29786205292,
        "min": 4.68700647354,
        "skew": 1.77617657185,
        "var": 119.319099426
    },
    "dissonance": {
        "kurt": 15.1630630493,
        "max": 0.496113538742,
        "mean": 0.448914766312,
        "median": 0.475865632296,
        "min": 0.0746583044529,
        "skew": -3.89781284332,
        "var": 0.0065799979493
    },
    "hfc": {
        "kurt": 4.05585193634,
        "max": 54.2611618042,
        "mean": 6.5447936058,
        "median": 0.00197790609673,
        "min": 1.15997032841e-16,
        "skew": 2.3482644558,
        "var": 228.714416504
    },
    "pitch": {
        "kurt": 6.87103939056,
        "max": 4148.59912109,
        "mean": 806.478759766,
        "median": 666.153198242,
        "min": 118.686393738,
        "skew": 2.72306990623,
        "var": 778818.9375
    },
    "pitch_instantaneous_confidence": {
        "kurt": -0.728179216385,
        "max": 0.830153465271,
        "mean": 0.464911550283,
        "median": 0.472179353237,
        "min": 0.154834747314,
        "skew": 0.0822212696075,
        "var": 0.0322592370212
    },
    "pitch_salience": {
        "kurt": 0.974732160568,
        "max": 0.950921535492,
        "mean": 0.621453762054,
        "median": 0.637419700623,
        "min": 0.353269100189,
        "skew": 0.28883138299,
        "var": 0.0143763851374
    },
    "silence_rate_20dB": {
        "kurt": 0,
        "max": 1,
        "mean": 1,
        "median": 1,
        "min": 1,
        "skew": 0,
        "var": 0
    },
    "silence_rate_30dB": {
        "kurt": 0,
        "max": 1,
        "mean": 1,
        "median": 1,
        "min": 1,
        "skew": 0,
        "var": 0
    },
    "silence_rate_60dB": {
        "kurt": 0.250000715256,
        "max": 1,
        "mean": 0.800000011921,
        "median": 1,
        "min": 0,
        "skew": -1.50000107288,
        "var": 0.159999996424
    },
    "spectral_centroid": {
        "kurt": 19.4970474243,
        "max": 10855.7783203,
        "mean": 1306.87646484,
        "median": 904.005981445,
        "min": 578.225708008,
        "skew": 4.60634613037,
        "var": 3845119.75
    },
    "spectral_complexity": {
        "kurt": 0.202914237976,
        "max": 23,
        "mean": 4.67999982834,
        "median": 0,
        "min": 0,
        "skew": 1.43124687672,
        "var": 69.3375701904
    },
    "spectral_crest": {
        "kurt": -0.971432924271,
        "max": 20.9234676361,
        "mean": 11.4503879547,
        "median": 11.2218255997,
        "min": 5.4745554924,
        "skew": 0.515083551407,
        "var": 19.6932182312
    },
    "spectral_decrease": {
        "kurt": 3.90990924835,
        "max": 2.24509324921e-29,
        "mean": -1.58944712947e-09,
        "median": -6.35094190779e-13,
        "min": -1.3383196773e-08,
        "skew": -2.30090451241,
        "var": 1.30104045631e-17
    },
    "spectral_energy": {
        "kurt": 3.86826181412,
        "max": 0.055050291121,
        "mean": 0.00659256754443,
        "median": 2.57639317169e-06,
        "min": 1.04365394042e-20,
        "skew": 2.29744839668,
        "var": 0.000224207586143
    },
    "spectral_energyband_high": {
        "kurt": 6.0345697403,
        "max": 0.000118356496387,
        "mean": 1.18881944218e-05,
        "median": 5.78112091532e-09,
        "min": 7.597138554e-21,
        "skew": 2.63994026184,
        "var": 8.15323586423e-10
    },
    "spectral_energyband_low": {
        "kurt": 8.78070163727,
        "max": 2.61578475147e-06,
        "mean": 2.59573596395e-07,
        "median": 2.57909373858e-08,
        "min": 1.1165441327e-22,
        "skew": 3.00222802162,
        "var": 3.30320135394e-13
    },
    "spectral_energyband_middle_high": {
        "kurt": 7.75660800934,
        "max": 0.0326883047819,
        "mean": 0.00300420098938,
        "median": 6.33906211078e-07,
        "min": 1.43304870891e-21,
        "skew": 2.87086510658,
        "var": 5.56459708605e-05
    },
    "spectral_energyband_middle_low": {
        "kurt": 7.58806037903,
        "max": 0.0373228639364,
        "mean": 0.00358427758329,
        "median": 2.09506924875e-06,
        "min": 3.43261703124e-22,
        "skew": 2.84145140648,
        "var": 7.28817394702e-05
    },
    "spectral_flatness_db": {
        "kurt": -1.11011195183,
        "max": 0.326675623655,
        "mean": 0.213839754462,
        "median": 0.225568696856,
        "min": 0.0692407786846,
        "skew": -0.282082259655,
        "var": 0.00622038915753
    },
    "spectral_flux": {
        "kurt": 0.519551992416,
        "max": 0.165697365999,
        "mean": 0.0327166169882,
        "median": 0.00148416822776,
        "min": 1.02159385118e-10,
        "skew": 1.43647778034,
        "var": 0.00278003327549
    },
    "spectral_kurtosis": {
        "kurt": 1.4697394371,
        "max": 52.9492988586,
        "mean": 16.482383728,
        "median": 15.7003269196,
        "min": -1.1891913414,
        "skew": 1.11856770515,
        "var": 142.16947937
    },
    "spectral_rms": {
        "kurt": 1.65725469589,
        "max": 0.00732854707167,
        "mean": 0.00123002368491,
        "median": 5.01353606523e-05,
        "min": 3.19092300326e-12,
        "skew": 1.77273535728,
        "var": 4.91881473863e-06
    },
    "spectral_rolloff": {
        "kurt": 18.447303772,
        "max": 18733.8867188,
        "mean": 2152.45874023,
        "median": 1399.65820312,
        "min": 710.595703125,
        "skew": 4.43411922455,
        "var": 11876133
    },
    "spectral_skewness": {
        "kurt": 1.52798843384,
        "max": 5.30002641678,
        "mean": 2.89051246643,
        "median": 3.03873205185,
        "min": 0.00918369740248,
        "skew": -0.493408352137,
        "var": 1.0183968544
    },
    "spectral_spread": {
        "kurt": 14.9325466156,
        "max": 40020188,
        "mean": 5292779.5,
        "median": 2338526.75,
        "min": 1390115.5,
        "skew": 3.85704255104,
        "var": 5.70088289731e+13
    },
    "spectral_strongpeak": {
        "kurt": 3.51697874069,
        "max": 3.79950428009,
        "mean": 0.511368691921,
        "median": 0.0145168220624,
        "min": 1.94586124991e-09,
        "skew": 2.19240736961,
        "var": 1.04310262203
    },
    "zerocrossingrate": {
        "kurt": 7.3345823288,
        "max": 0.486328125,
        "mean": 0.084785155952,
        "median": 0.05078125,
        "min": 0.02197265625,
        "skew": 3.02404665947,
        "var": 0.0134457945824
    },
    "barkbands": {
        "kurt": [4.89523220062, 16.2618522644, 14.6731204987, 8.19613838196, 3.03768539429, 5.13434696198, 5.60493373871, 14.1063232422, 4.83179426193, 14.3263282776, 6.7326593399, 4.83252477646, 4.78541755676, 12.8902292252, 6.25150585175, 5.69004058838, 5.17395591736, 5.02329730988, 7.9196767807, 3.27661991119, 6.13151741028, 8.57535362244, 6.08069610596, 5.68507766724, 2.1227016449, 2.29160404205, 7.86500072479],
        "max": [2.49873166602e-09, 5.59121303922e-07, 1.57978911375e-06, 3.84682061849e-06, 6.11604118603e-05, 8.56772603584e-05, 0.000429981970228, 0.0138885518536, 0.0228801891208, 0.00690487213433, 0.00549384113401, 0.00511998124421, 0.00305486144498, 0.00789062492549, 0.00229483749717, 0.00341836409643, 0.000246077863267, 8.57367340359e-05, 0.000107008359919, 0.000125771592138, 3.27246525558e-05, 9.16170665732e-06, 1.97124836632e-06, 8.43949862883e-07, 1.05260582473e-07, 9.05781316618e-09, 2.98404967403e-09],
        "mean": [2.92459112483e-10, 3.39524142134e-08, 1.22934338265e-07, 4.05697875294e-07, 9.08568836167e-06, 9.38646917348e-06, 4.74468542961e-05, 0.000937722565141, 0.0025443113409, 0.000483286945382, 0.000510244746692, 0.000547053117771, 0.00032733977423, 0.000550938188098, 0.00021701118385, 0.000340007652994, 2.77141134575e-05, 9.23934840102e-06, 1.05891285784e-05, 1.62571523106e-05, 3.24497955262e-06, 8.23719460641e-07, 2.06691453286e-07, 8.73588135164e-08, 1.56186938938e-08, 1.25072008306e-09, 2.72232042464e-10],
        "median": [8.01830910696e-12, 6.13317951981e-10, 1.28507506858e-08, 4.79811461673e-08, 2.44138277594e-07, 6.93744883762e-09, 2.82617378389e-08, 1.24073920915e-07, 1.64326127106e-06, 1.29879850874e-07, 5.1394703604e-08, 7.24551370013e-08, 7.17525594496e-08, 7.01239457612e-08, 4.13968379576e-08, 6.683131204e-08, 1.90474001016e-08, 4.32147873042e-09, 1.02731068097e-08, 9.51645517944e-09, 1.63870816916e-09, 1.1549131651e-09, 1.89749535529e-10, 7.31255403452e-11, 1.62968596951e-11, 1.25708796671e-12, 1.21646250473e-13],
        "min": [1.46272671639e-23, 2.18745370333e-23, 4.62404135567e-23, 4.43848454691e-23, 7.65208457145e-23, 3.23550038099e-23, 3.70258366079e-23, 2.96519119647e-23, 9.51843417881e-23, 5.73136603942e-23, 8.4307464518e-23, 1.23824984559e-22, 9.49836681956e-23, 8.92636188392e-23, 3.59674692631e-23, 1.39184939421e-22, 1.28956000944e-22, 1.94685709103e-22, 2.98620077119e-22, 3.98175964188e-22, 4.3040422645e-22, 3.77135996239e-22, 5.66369313335e-22, 9.05275368302e-22, 1.2372335908e-21, 1.85667817266e-21, 2.25530430505e-21],
        "skew": [2.33371591568, 4.14573860168, 3.88172769547, 2.9825155735, 1.91461956501, 2.51627779007, 2.46394085884, 3.83491301537, 2.48503875732, 3.82314443588, 2.8180129528, 2.46838569641, 2.46705818176, 3.67941737175, 2.74582886696, 2.61177110672, 2.47589206696, 2.46103906631, 2.83194804192, 2.16447496414, 2.66447424889, 2.97212648392, 2.72183561325, 2.55233001709, 1.9611055851, 1.9684548378, 2.89776802063],
        "var": [3.65019656575e-19, 1.25966055823e-14, 1.01265214747e-13, 7.48039813685e-13, 2.4316137992e-10, 4.7614662213e-10, 1.04319006766e-08, 8.16010651761e-06, 3.59889963875e-05, 1.98560064746e-06, 1.81459074611e-06, 1.6844056745e-06, 6.12364942754e-07, 2.73532259598e-06, 3.22800843833e-07, 7.02296119925e-07, 3.79301434705e-09, 4.52268694717e-10, 5.74679914767e-10, 1.24118282319e-09, 6.2988968208e-11, 4.16983505017e-12, 2.52683507798e-13, 4.17500269653e-14, 1.09801442112e-15, 7.08860615015e-18, 4.63196017419e-19],
        "cov": [[3.80228793853e-19, 4.17398910515e-17, 1.30233499397e-16, 4.79394866581e-16, 4.56398673804e-15, 6.31878785949e-15, 4.52711903609e-14, 1.02532067038e-12, 3.17274331807e-12, 4.50042320034e-13, 5.24656110657e-13, 6.66140482618e-13, 3.72338092433e-13, 4.98024419014e-13, 2.31180607426e-13, 3.88422882183e-13, 2.54882107174e-14, 1.03335198945e-14, 1.02455097832e-14, 1.90006769541e-14, 3.6141163677e-15, 1.15227672815e-15, 2.37227220518e-16, 8.96866211647e-17, 1.58697760348e-17, 1.45184962677e-18, 2.92455909423e-19], [4.17398910515e-17, 1.31214644659e-14, 3.67522208684e-14, 4.4111188904e-14, 4.28298374414e-13, 4.62891823396e-13, 5.89947838844e-12, 3.11929232444e-10, 5.99924276923e-10, 3.8481180048e-11, 3.7423824456e-11, 1.29021404671e-10, 5.73284648919e-11, 7.82777176411e-11, 4.21576072662e-11, 5.51339356114e-11, 4.3875541221e-12, 1.39512045579e-12, 1.25572132987e-12, 2.3198541612e-12, 3.98669189024e-13, 1.3465033396e-13, 1.63061601168e-14, 9.44044985956e-15, 1.89987097201e-15, 1.91501907101e-16, 3.87523032761e-17], [1.30233499397e-16, 3.67522208684e-14, 1.05484597565e-13, 1.33828901737e-13, 1.39032524642e-12, 1.83114959827e-12, 1.80904596858e-11, 9.00796104375e-10, 1.69922131921e-09, 1.30085248129e-10, 1.39885200645e-10, 3.71746078365e-10, 1.68838054648e-10, 2.33731228816e-10, 1.21307394685e-10, 1.61466520709e-10, 1.30252544861e-11, 4.18141866618e-12, 3.82688542314e-12, 6.92510241859e-12, 1.16329547991e-12, 3.84685799925e-13, 4.99189685627e-14, 2.74782434762e-14, 5.40024500269e-15, 5.7395672484e-16, 1.2788106391e-16], [4.79394866581e-16, 4.4111188904e-14, 1.33828901737e-13, 7.79208132479e-13, 4.79593144712e-12, 8.32605425577e-12, 6.65468583017e-11, 8.26274659804e-10, 4.41697878273e-09, 7.89338205909e-10, 7.03644920108e-10, 9.14717857015e-10, 5.77654590828e-10, 9.23580822931e-10, 3.8360481458e-10, 6.40172304056e-10, 3.94936860992e-11, 1.60150382539e-11, 1.64920108819e-11, 2.86580134623e-11, 6.33295499375e-12, 1.7552248717e-12, 4.13477927027e-13, 1.56123378114e-13, 2.52295183849e-14, 2.05797729491e-15, 2.41639335731e-16], [4.56398673804e-15, 4.28298374414e-13, 1.39032524642e-12, 4.79593144712e-12, 2.5329310871e-10, 2.12056025517e-10, 1.03855601896e-09, 1.61581663605e-08, 4.1892537439e-08, 1.05502095948e-08, 1.18208207667e-08, 8.58980975238e-09, 5.80445380649e-09, 1.08271818178e-08, 3.80986975301e-09, 6.03191052662e-09, 4.75240125031e-10, 1.69797953475e-10, 2.17847614947e-10, 3.10380832147e-10, 6.27081025995e-11, 1.41511073692e-11, 4.20023868117e-12, 1.89661459281e-12, 3.56624154036e-13, 2.49033192207e-14, 6.61414274248e-15], [6.31878785949e-15, 4.62891823396e-13, 1.83114959827e-12, 8.32605425577e-12, 2.12056025517e-10, 4.95986085536e-10, 1.94152760535e-09, 2.63195065742e-08, 5.52347962923e-08, 2.74553855206e-08, 2.831394319e-08, 1.59631134977e-08, 1.24327241835e-08, 2.86484951317e-08, 8.41787084482e-09, 1.27610286782e-08, 1.12415665665e-09, 3.60701468693e-10, 4.46429254675e-10, 5.49500334124e-10, 1.09486454625e-10, 1.46047497013e-11, 6.69114416652e-12, 2.85989461279e-12, 3.7123399515e-13, 4.27944321418e-14, 1.17708213036e-14], [4.52711903609e-14, 5.89947838844e-12, 1.80904596858e-11, 6.65468583017e-11, 1.03855601896e-09, 1.94152760535e-09, 1.08665636489e-08, 1.72985039626e-07, 4.90407387588e-07, 1.40437450113e-07, 1.30464556491e-07, 1.15930681943e-07, 7.97034758193e-08, 1.63584971347e-07, 5.62788748937e-08, 8.42982572635e-08, 6.18167428357e-09, 2.1957970997e-09, 2.52045784244e-09, 3.52549012206e-09, 7.66146923681e-10, 1.49038906216e-10, 4.55703703939e-11, 1.98005223329e-11, 2.96934720735e-12, 2.70049119785e-13, 5.23174304443e-14], [1.02532067038e-12, 3.11929232444e-10, 9.00796104375e-10, 8.26274659804e-10, 1.61581663605e-08, 2.63195065742e-08, 1.72985039626e-07, 8.50011110742e-06, 1.36205662784e-05, 1.38410280215e-06, 1.7027832655e-06, 3.14077897201e-06, 1.44302032368e-06, 2.16593207369e-06, 1.0234216461e-06, 1.32151774324e-06, 1.18840063124e-07, 3.62743968196e-08, 3.50653657222e-08, 5.77818575209e-08, 8.56016679762e-09, 2.59141863523e-09, 3.21246834689e-10, 2.06021477656e-10, 3.98332859752e-11, 5.00818874219e-12, 1.4575381917e-12], [3.17274331807e-12, 5.99924276923e-10, 1.69922131921e-09, 4.41697878273e-09, 4.1892537439e-08, 5.52347962923e-08, 4.90407387588e-07, 1.36205662784e-05, 3.74885385099e-05, 4.82367568111e-06, 4.34332605437e-06, 7.91774255049e-06, 4.29969168181e-06, 6.72859141559e-06, 3.02437183564e-06, 4.49434310212e-06, 3.12814762538e-07, 1.12966993981e-07, 1.13626917653e-07, 1.95356491872e-07, 3.99568484966e-08, 1.1371973585e-08, 2.27530083663e-09, 9.9296348921e-10, 1.73291478389e-10, 1.49107653308e-11, 2.33672261228e-12], [4.50042320034e-13, 3.8481180048e-11, 1.30085248129e-10, 7.89338205909e-10, 1.05502095948e-08, 2.74553855206e-08, 1.40437450113e-07, 1.38410280215e-06, 4.82367568111e-06, 2.06833396987e-06, 1.83080555871e-06, 1.25458666389e-06, 1.0071204315e-06, 2.33619562096e-06, 7.2417839192e-07, 1.08744472982e-06, 7.93601060423e-08, 2.81493353071e-08, 3.35808785223e-08, 4.29340332175e-08, 9.99053195727e-09, 1.51284063055e-09, 5.99711114102e-10, 2.55948651162e-10, 3.3967526708e-11, 3.2200516125e-12, 5.77747322639e-13], [5.24656110657e-13, 3.7423824456e-11, 1.39885200645e-10, 7.03644920108e-10, 1.18208207667e-08, 2.831394319e-08, 1.30464556491e-07, 1.7027832655e-06, 4.34332605437e-06, 1.83080555871e-06, 1.89019874597e-06, 1.1591079101e-06, 8.84886105723e-07, 1.90886999007e-06, 5.9104780803e-07, 9.20664376736e-07, 7.0016518805e-08, 2.53404763839e-08, 2.97958120399e-08, 3.97940134178e-08, 8.16815415305e-09, 1.37548383794e-09, 5.10033848489e-10, 2.09751480074e-10, 2.83731840106e-11, 3.09825147309e-12, 7.77593647024e-13], [6.66140482618e-13, 1.29021404671e-10, 3.71746078365e-10, 9.14717857015e-10, 8.58980975238e-09, 1.59631134977e-08, 1.15930681943e-07, 3.14077897201e-06, 7.91774255049e-06, 1.25458666389e-06, 1.1591079101e-06, 1.75458933427e-06, 9.86556756288e-07, 1.67707810306e-06, 6.97636949099e-07, 1.01983584955e-06, 7.46568318277e-08, 2.60571599853e-08, 2.68239919166e-08, 4.32312816656e-08, 8.73405703317e-09, 2.2555757262e-09, 4.84419171443e-10, 2.14836023971e-10, 3.53122288355e-11, 3.33172183418e-12, 5.88126010566e-13], [3.72338092433e-13, 5.73284648919e-11, 1.68838054648e-10, 5.77654590828e-10, 5.80445380649e-09, 1.24327241835e-08, 7.97034758193e-08, 1.44302032368e-06, 4.29969168181e-06, 1.0071204315e-06, 8.84886105723e-07, 9.86556756288e-07, 6.37880191334e-07, 1.24298605897e-06, 4.55661648857e-07, 6.78199967297e-07, 4.82977213778e-08, 1.72377188079e-08, 1.88948465762e-08, 2.78245071428e-08, 6.09741768187e-09, 1.30943300647e-09, 3.54209744868e-10, 1.52821463817e-10, 2.30771304843e-11, 2.10089562934e-12, 3.41729682746e-13], [4.98024419014e-13, 7.82777176411e-11, 2.33731228816e-10, 9.23580822931e-10, 1.08271818178e-08, 2.86484951317e-08, 1.63584971347e-07, 2.16593207369e-06, 6.72859141559e-06, 2.33619562096e-06, 1.90886999007e-06, 1.67707810306e-06, 1.24298605897e-06, 2.84929433292e-06, 9.29361760882e-07, 1.33922446821e-06, 9.82670300687e-08, 3.36944374624e-08, 3.94419608085e-08, 5.06873760742e-08, 1.20535696979e-08, 1.87367033e-09, 6.81200373887e-10, 3.06298958419e-10, 4.17126888586e-11, 3.79825598057e-12, 5.73392787244e-13], [2.31180607426e-13, 4.21576072662e-11, 1.21307394685e-10, 3.8360481458e-10, 3.80986975301e-09, 8.41787084482e-09, 5.62788748937e-08, 1.0234216461e-06, 3.02437183564e-06, 7.2417839192e-07, 5.9104780803e-07, 6.97636949099e-07, 4.55661648857e-07, 9.29361760882e-07, 3.36250877808e-07, 4.86770829866e-07, 3.48904691805e-08, 1.21507701678e-08, 1.34679423169e-08, 1.91468743083e-08, 4.35604174953e-09, 8.6955576073e-10, 2.44407022398e-10, 1.09450004615e-10, 1.62962924405e-11, 1.44079420703e-12, 2.07934865615e-13], [3.88422882183e-13, 5.51339356114e-11, 1.61466520709e-10, 6.40172304056e-10, 6.03191052662e-09, 1.27610286782e-08, 8.42982572635e-08, 1.32151774324e-06, 4.49434310212e-06, 1.08744472982e-06, 9.20664376736e-07, 1.01983584955e-06, 6.78199967297e-07, 1.33922446821e-06, 4.86770829866e-07, 7.31558429834e-07, 5.07545117046e-08, 1.83794988118e-08, 2.0277687085e-08, 2.98128455256e-08, 6.74207134566e-09, 1.43690537246e-09, 3.98119009981e-10, 1.69476030432e-10, 2.54792003468e-11, 2.21890322956e-12, 3.1965069155e-13], [2.54882107174e-14, 4.3875541221e-12, 1.30252544861e-11, 3.94936860992e-11, 4.75240125031e-10, 1.12415665665e-09, 6.18167428357e-09, 1.18840063124e-07, 3.12814762538e-07, 7.93601060423e-08, 7.0016518805e-08, 7.46568318277e-08, 4.82977213778e-08, 9.82670300687e-08, 3.48904691805e-08, 5.07545117046e-08, 3.95105681505e-09, 1.30790123176e-09, 1.46997136685e-09, 2.05274841569e-09, 4.41234188076e-10, 8.62058410767e-11, 2.48453670831e-11, 1.10475075268e-11, 1.61520959368e-12, 1.55518867641e-13, 2.75232768298e-14], [1.03335198945e-14, 1.39512045579e-12, 4.18141866618e-12, 1.60150382539e-11, 1.69797953475e-10, 3.60701468693e-10, 2.1957970997e-09, 3.62743968196e-08, 1.12966993981e-07, 2.81493353071e-08, 2.53404763839e-08, 2.60571599853e-08, 1.72377188079e-08, 3.36944374624e-08, 1.21507701678e-08, 1.83794988118e-08, 1.30790123176e-09, 4.71113204004e-10, 5.20785026215e-10, 7.65062069252e-10, 1.67031874443e-10, 3.57334856149e-11, 9.93073592109e-12, 4.20028161557e-12, 6.2974972459e-13, 5.75912811906e-14, 9.70280899761e-15], [1.02455097832e-14, 1.25572132987e-12, 3.82688542314e-12, 1.64920108819e-11, 2.17847614947e-10, 4.46429254675e-10, 2.52045784244e-09, 3.50653657222e-08, 1.13626917653e-07, 3.35808785223e-08, 2.97958120399e-08, 2.68239919166e-08, 1.88948465762e-08, 3.94419608085e-08, 1.34679423169e-08, 2.0277687085e-08, 1.46997136685e-09, 5.20785026215e-10, 5.98624927406e-10, 8.32950763918e-10, 1.86869783536e-10, 3.58280939639e-11, 1.11775666847e-11, 4.78630980336e-12, 7.02239644473e-13, 6.25601932996e-14, 1.06603323106e-14], [1.90006769541e-14, 2.3198541612e-12, 6.92510241859e-12, 2.86580134623e-11, 3.10380832147e-10, 5.49500334124e-10, 3.52549012206e-09, 5.77818575209e-08, 1.95356491872e-07, 4.29340332175e-08, 3.97940134178e-08, 4.32312816656e-08, 2.78245071428e-08, 5.06873760742e-08, 1.91468743083e-08, 2.98128455256e-08, 2.05274841569e-09, 7.65062069252e-10, 8.32950763918e-10, 1.29289878803e-09, 2.78315787083e-10, 6.63177221472e-11, 1.71193979132e-11, 7.0411562865e-12, 1.10889888851e-12, 9.68838385711e-14, 1.6101549144e-14], [3.6141163677e-15, 3.98669189024e-13, 1.16329547991e-12, 6.33295499375e-12, 6.27081025995e-11, 1.09486454625e-10, 7.66146923681e-10, 8.56016679762e-09, 3.99568484966e-08, 9.99053195727e-09, 8.16815415305e-09, 8.73405703317e-09, 6.09741768187e-09, 1.20535696979e-08, 4.35604174953e-09, 6.74207134566e-09, 4.41234188076e-10, 1.67031874443e-10, 1.86869783536e-10, 2.78315787083e-10, 6.56135076826e-11, 1.42843783676e-11, 4.0443703074e-12, 1.67500854766e-12, 2.56615990393e-13, 2.02976250038e-14, 2.4339777613e-15], [1.15227672815e-15, 1.3465033396e-13, 3.84685799925e-13, 1.7552248717e-12, 1.41511073692e-11, 1.46047497013e-11, 1.49038906216e-10, 2.59141863523e-09, 1.1371973585e-08, 1.51284063055e-09, 1.37548383794e-09, 2.2555757262e-09, 1.30943300647e-09, 1.87367033e-09, 8.6955576073e-10, 1.43690537246e-09, 8.62058410767e-11, 3.57334856149e-11, 3.58280939639e-11, 6.63177221472e-11, 1.42843783676e-11, 4.34357801463e-12, 9.23036929008e-13, 3.58556039677e-13, 6.28263988143e-14, 4.84520929983e-15, 5.96432479397e-16], [2.37227220518e-16, 1.63061601168e-14, 4.99189685627e-14, 4.13477927027e-13, 4.20023868117e-12, 6.69114416652e-12, 4.55703703939e-11, 3.21246834689e-10, 2.27530083663e-09, 5.99711114102e-10, 5.10033848489e-10, 4.84419171443e-10, 3.54209744868e-10, 6.81200373887e-10, 2.44407022398e-10, 3.98119009981e-10, 2.48453670831e-11, 9.93073592109e-12, 1.11775666847e-11, 1.71193979132e-11, 4.0443703074e-12, 9.23036929008e-13, 2.6321200536e-13, 1.04018410638e-13, 1.61123030743e-14, 1.23215860546e-15, 1.46442083648e-16], [8.96866211647e-17, 9.44044985956e-15, 2.74782434762e-14, 1.56123378114e-13, 1.89661459281e-12, 2.85989461279e-12, 1.98005223329e-11, 2.06021477656e-10, 9.9296348921e-10, 2.55948651162e-10, 2.09751480074e-10, 2.14836023971e-10, 1.52821463817e-10, 3.06298958419e-10, 1.09450004615e-10, 1.69476030432e-10, 1.10475075268e-11, 4.20028161557e-12, 4.78630980336e-12, 7.0411562865e-12, 1.67500854766e-12, 3.58556039677e-13, 1.04018410638e-13, 4.34896124104e-14, 6.76917518282e-15, 5.15260041512e-16, 6.34146369911e-17], [1.58697760348e-17, 1.89987097201e-15, 5.40024500269e-15, 2.52295183849e-14, 3.56624154036e-13, 3.7123399515e-13, 2.96934720735e-12, 3.98332859752e-11, 1.73291478389e-10, 3.3967526708e-11, 2.83731840106e-11, 3.53122288355e-11, 2.30771304843e-11, 4.17126888586e-11, 1.62962924405e-11, 2.54792003468e-11, 1.61520959368e-12, 6.2974972459e-13, 7.02239644473e-13, 1.10889888851e-12, 2.56615990393e-13, 6.28263988143e-14, 1.61123030743e-14, 6.76917518282e-15, 1.14376499994e-15, 8.19623821349e-17, 1.04100820711e-17], [1.45184962677e-18, 1.91501907101e-16, 5.7395672484e-16, 2.05797729491e-15, 2.49033192207e-14, 4.27944321418e-14, 2.70049119785e-13, 5.00818874219e-12, 1.49107653308e-11, 3.2200516125e-12, 3.09825147309e-12, 3.33172183418e-12, 2.10089562934e-12, 3.79825598057e-12, 1.44079420703e-12, 2.21890322956e-12, 1.55518867641e-13, 5.75912811906e-14, 6.25601932996e-14, 9.68838385711e-14, 2.02976250038e-14, 4.84520929983e-15, 1.23215860546e-15, 5.15260041512e-16, 8.19623821349e-17, 7.38396504994e-18, 1.36848481367e-18], [2.92455909423e-19, 3.87523032761e-17, 1.2788106391e-16, 2.41639335731e-16, 6.61414274248e-15, 1.17708213036e-14, 5.23174304443e-14, 1.4575381917e-12, 2.33672261228e-12, 5.77747322639e-13, 7.77593647024e-13, 5.88126010566e-13, 3.41729682746e-13, 5.73392787244e-13, 2.07934865615e-13, 3.1965069155e-13, 2.75232768298e-14, 9.70280899761e-15, 1.06603323106e-14, 1.6101549144e-14, 2.4339777613e-15, 5.96432479397e-16, 1.46442083648e-16, 6.34146369911e-17, 1.04100820711e-17, 1.36848481367e-18, 4.82495847169e-19]]
    },
    "mfcc": {
        "kurt": [-1.0251544714, -1.6212836504, -1.04384052753, -1.80865430832, -0.821249961853, 2.56450986862, -0.999219894409, -1.06344676018, 0.589090108871, 1.63574361801, -0.435172080994, -1.02206504345, -0.651831865311],
        "max": [-677.142883301, 172.040222168, 7.89392089844, 2.27208328247, 0.182739257812, 10.130027771, 1.69636917114, 5.86753845215, 16.5903205872, 21.4035053253, 1.43487167358, 2.04081726074, 8.00337600708],
        "mean": [-992.19342041, 69.1628799438, -41.437412262, -23.90858078, -20.3963813782, -10.6580467224, -7.76545333862, -6.33528423309, 1.30113053322, 3.66905856133, -6.5118932724, -7.12925767899, -7.36038208008],
        "median": [-1063.05859375, 66.7101821899, -1.58003234863, -17.7023124695, -12.2039299011, -3.5397567749, -3.31368637085, -0.668418884277, 1.2472114563, 2.1530380249, -4.87257766724, -6.36814498901, -4.45176696777],
        "min": [-1138.42004395, 1.14440917969e-05, -148.35345459, -55.0958938599, -64.0469894409, -63.4130210876, -26.4347229004, -25.9853515625, -24.8631973267, -25.4990921021, -25.9705581665, -21.4628639221, -24.9384117126],
        "skew": [0.731959998608, 0.217009782791, -0.797796845436, -0.0816798731685, -0.833799123764, -1.76236259937, -0.636401832104, -0.674347400665, -0.817414999008, -0.810887277126, -0.831584751606, -0.444623470306, -0.577016353607],
        "var": [27647.2695312, 4256.58984375, 3030.51318359, 507.127349854, 527.06439209, 285.426086426, 79.5297927856, 94.7680892944, 101.572998047, 93.3230285645, 62.2846488953, 46.6588096619, 75.9633026123],
        "cov": [[28799.2402344, 10492.6972656, -9385.7109375, -3389.62866211, -3892.54980469, -1600.91308594, -1380.83483887, -1432.34265137, -66.4312362671, 723.472167969, -965.484436035, -539.825134277, -28.7341308594], [10492.6972656, 4433.94775391, -3343.39257812, -1447.92138672, -1382.63586426, -799.11932373, -537.279602051, -539.874145508, -96.7772750854, 162.251419067, -418.779632568, -270.449249268, -118.259223938], [-9385.7109375, -3343.39257812, 3156.78442383, 1086.58203125, 1255.65979004, 517.67565918, 429.021881104, 489.057403564, 23.5875530243, -259.881011963, 318.474121094, 142.823806763, -62.5759925842], [-3389.62866211, -1447.92138672, 1086.58203125, 528.257629395, 441.095733643, 199.667160034, 172.014205933, 186.895507812, -11.2350244522, -86.7964401245, 156.812911987, 103.872253418, 45.1907157898], [-3892.54980469, -1382.63586426, 1255.65979004, 441.095733643, 549.025390625, 206.359939575, 186.593994141, 191.085083008, -3.04166603088, -107.159484863, 124.086433411, 74.1013946533, 6.27144384384], [-1600.91308594, -799.11932373, 517.67565918, 199.667160034, 206.359939575, 297.318847656, 98.122253418, 77.4516372681, 117.714759827, 54.2027435303, 74.1025085449, 35.9396705627, 18.0881690979], [-1380.83483887, -537.279602051, 429.021881104, 172.014205933, 186.593994141, 98.122253418, 82.843536377, 72.4792709351, 19.7766513824, -17.6819705963, 56.8144226074, 36.6309700012, 19.7822113037], [-1432.34265137, -539.874145508, 489.057403564, 186.895507812, 191.085083008, 77.4516372681, 72.4792709351, 98.716758728, 5.06750440598, -43.0650520325, 63.4024238586, 27.735918045, -6.84844064713], [-66.4312362671, -96.7772750854, 23.5875530243, -11.2350244522, -3.04166603088, 117.714759827, 19.7766513824, 5.06750440598, 105.805206299, 80.9369735718, 17.8424739838, 2.23368120193, 1.42548322678], [723.472167969, 162.251419067, -259.881011963, -86.7964401245, -107.159484863, 54.2027435303, -17.6819705963, -43.0650520325, 80.9369735718, 97.2114868164, -14.6299705505, -10.5672388077, 13.2994003296], [-965.484436035, -418.779632568, 318.474121094, 156.812911987, 124.086433411, 74.1025085449, 56.8144226074, 63.4024238586, 17.8424739838, -14.6299705505, 64.8798446655, 39.2056655884, 15.6000242233], [-539.825134277, -270.449249268, 142.823806763, 103.872253418, 74.1013946533, 35.9396705627, 36.6309700012, 27.735918045, 2.23368120193, -10.5672388077, 39.2056655884, 48.6029243469, 45.5181427002], [-28.7341308594, -118.259223938, -62.5759925842, 45.1907157898, 6.27144384384, 18.0881690979, 19.7822113037, -6.84844064713, 1.42548322678, 13.2994003296, 15.6000242233, 45.5181427002, 79.1284408569]]
    },
    "sccoeffs": {
        "kurt": [-0.382178783417, -0.657504081726, -0.852287530899, 0.539000034332, -0.961714506149, -0.765409231186],
        "max": [-0.41792935133, -0.46127691865, -0.650203883648, -0.68054908514, -0.742345094681, -0.750640571117],
        "mean": [-0.713885962963, -0.780676484108, -0.804069340229, -0.848847448826, -0.858624875546, -0.850253283978],
        "median": [-0.71009606123, -0.828013300896, -0.826201498508, -0.8523427248, -0.871816456318, -0.841401278973],
        "min": [-0.951414942741, -0.976313531399, -0.967054247856, -0.967825293541, -0.96078234911, -0.955081343651],
        "skew": [0.375079125166, 0.695263504982, 0.348716437817, 0.669776260853, 0.384611219168, 0.277656376362],
        "var": [0.0173050779849, 0.0203202683479, 0.00788685586303, 0.00441637309268, 0.00360718904994, 0.00297115184367],
        "cov": [[0.0180261228234, 0.0119245080277, 0.00744683435187, 0.00579190859571, 0.00701614841819, 0.00541503867134], [0.0119245080277, 0.0211669448763, 0.0118195181713, 0.00811717566103, 0.00643838755786, 0.00750077376142], [0.00744683435187, 0.0118195181713, 0.00821547489613, 0.00526538863778, 0.00377233047038, 0.00448962906376], [0.00579190859571, 0.00811717566103, 0.00526538863778, 0.00460038846359, 0.00331867020577, 0.00342185422778], [0.00701614841819, 0.00643838755786, 0.00377233047038, 0.00331867020577, 0.003757488681, 0.00273905997165], [0.00541503867134, 0.00750077376142, 0.00448962906376, 0.00342185422778, 0.00273905997165, 0.00309494975954]]
    },
    "scvalleys": {
        "kurt": [11.8674955368, 6.69802951813, 3.63886642456, 3.33212471008, 5.19253444672, 5.99030208588],
        "max": [-8.45578193665, -5.88701295853, -4.61726856232, -5.23425865173, -7.0308880806, -10.3602495193],
        "mean": [-12.3234062195, -10.6864156723, -10.2945775986, -10.8087625504, -12.0583000183, -14.4408683777],
        "median": [-11.7886505127, -10.5694084167, -9.75375556946, -10.8571615219, -12.073472023, -14.7382450104],
        "min": [-27.9908027649, -27.6549091339, -27.0000514984, -26.9741725922, -27.324924469, -27.3661594391],
        "skew": [-3.26356315613, -2.18097805977, -1.5558975935, -1.48841977119, -1.88289809227, -2.04206204414],
        "var": [12.8094434738, 18.7961959839, 22.5236206055, 21.7888870239, 16.7785873413, 11.4605722427],
        "cov": [[13.343170166, 15.2391023636, 16.3745346069, 16.095741272, 14.5044050217, 12.1183137894], [15.2391023636, 19.5793704987, 21.0908432007, 20.5045833588, 18.2291240692, 14.8354148865], [16.3745346069, 21.0908432007, 23.4621047974, 22.940694809, 20.0727481842, 16.2873821259], [16.095741272, 20.5045833588, 22.940694809, 22.6967563629, 19.7886104584, 16.1504230499], [14.5044050217, 18.2291240692, 20.0727481842, 19.7886104584, 17.4776935577, 14.3335695267], [12.1183137894, 14.8354148865, 16.2873821259, 16.1504230499, 14.3335695267, 11.9380960464]]
    }
},
"rhythm": {
    "bpm": 0,
    "confidence": 0,
    "first_peak_bpm": {
        "kurt": 0,
        "max": 0,
        "mean": 0,
        "median": 0,
        "min": 0,
        "skew": 0,
        "var": 0
    },
    "first_peak_spread": {
        "kurt": 0,
        "max": 0,
        "mean": 0,
        "median": 0,
        "min": 0,
        "skew": 0,
        "var": 0
    },
    "first_peak_weight": {
        "kurt": 0,
        "max": 0,
        "mean": 0,
        "median": 0,
        "min": 0,
        "skew": 0,
        "var": 0
    },
    "onset_rate": 1.85692024231,
    "second_peak_bpm": {
        "kurt": 0,
        "max": 0,
        "mean": 0,
        "median": 0,
        "min": 0,
        "skew": 0,
        "var": 0
    },
    "second_peak_spread": {
        "kurt": 0,
        "max": 0,
        "mean": 0,
        "median": 0,
        "min": 0,
        "skew": 0,
        "var": 0
    },
    "second_peak_weight": {
        "kurt": 0,
        "max": 0,
        "mean": 0,
        "median": 0,
        "min": 0,
        "skew": 0,
        "var": 0
    },
    "beats_position": [],
    "bpm_estimates": [],
    "bpm_intervals": [],
    "onset_times": [0.150929704309],
    "histogram": [[0, 0, 0, 0, 0, 0, 0, 0, 0, 0, 0, 0, 0, 0, 0, 0, 0, 0, 0, 0, 0, 0, 0, 0, 0, 0, 0, 0, 0, 0, 0, 0, 0, 0, 0, 0, 0, 0, 0, 0, 0, 0, 0, 0, 0, 0, 0, 0, 0, 0, 0, 0, 0, 0, 0, 0, 0, 0, 0, 0, 0, 0, 0, 0, 0, 0, 0, 0, 0, 0, 0, 0, 0, 0, 0, 0, 0, 0, 0, 0, 0, 0, 0, 0, 0, 0, 0, 0, 0, 0, 0, 0, 0, 0, 0, 0, 0, 0, 0, 0, 0, 0, 0, 0, 0, 0, 0, 0, 0, 0, 0, 0, 0, 0, 0, 0, 0, 0, 0, 0, 0, 0, 0, 0, 0, 0, 0, 0, 0, 0, 0, 0, 0, 0, 0, 0, 0, 0, 0, 0, 0, 0, 0, 0, 0, 0, 0, 0, 0, 0, 0, 0, 0, 0, 0, 0, 0, 0, 0, 0, 0, 0, 0, 0, 0, 0, 0, 0, 0, 0, 0, 0, 0, 0, 0, 0, 0, 0, 0, 0, 0, 0, 0, 0, 0, 0, 0, 0, 0, 0, 0, 0, 0, 0, 0, 0, 0, 0, 0, 0, 0, 0, 0, 0, 0, 0, 0, 0, 0, 0, 0, 0, 0, 0, 0, 0, 0, 0, 0, 0, 0, 0, 0, 0, 0, 0, 0, 0, 0, 0, 0, 0, 0, 0, 0, 0, 0, 0, 0, 0, 0, 0, 0, 0, 0, 0, 0, 0, 0, 0]]
},
"sfx": {
    "inharmonicity": {
        "kurt": 7.31424999237,
        "max": 0.344476699829,
        "mean": 0.0435883365571,
        "median": 0.00960061885417,
        "min": 0,
        "skew": 2.66975784302,
        "var": 0.00573627650738
    },
    "oddtoevenharmonicenergyratio": {
        "kurt": 6.7118473053,
        "max": 2.31846642494,
        "mean": 0.268715262413,
        "median": 0.0582782849669,
        "min": 0,
        "skew": 2.74423837662,
        "var": 0.290166944265
    },
    "pitch_after_max_to_before_max_energy_ratio": 2.07605218887,
    "pitch_centroid": 8.45855903625,
    "pitch_max_to_total": 0,
    "pitch_min_to_total": 0.0799999982119,
    "tristimulus": {
        "kurt": [-0.336638212204, -0.381033182144, 1.0761961937],
        "max": [1, 0.568147182465, 0.698479712009],
        "mean": [0.565286159515, 0.277666687965, 0.157047182322],
        "median": [0.592389762402, 0.28400310874, 0.0548961311579],
        "min": [0, 0, 0],
        "skew": [-0.460553109646, -0.103741928935, 1.47166287899],
        "var": [0.0638830065727, 0.0208516232669, 0.0404267124832],
        "cov": [[0.0665448009968, -0.0230770483613, -0.0434677600861], [-0.0230770483613, 0.0217204410583, 0.0013566048583], [-0.0434677600861, 0.0013566048583, 0.042111158371]]
    }
},
"tonal": {
    "chords_changes_rate": 0,
    "chords_number_rate": 0.0769230797887,
    "chords_strength": {
        "kurt": 0,
        "max": 0.612821102142,
        "mean": 0.612821102142,
        "median": 0.612821102142,
        "min": 0.612821102142,
        "skew": 0,
        "var": 0
    },
    "key_strength": 0.592293381691,
    "tuning_diatonic_strength": 0.687110185623,
    "tuning_equal_tempered_deviation": 0.264522820711,
    "tuning_frequency": 434.193115234,
    "tuning_nontempered_energy_ratio": 0.86859869957,
    "hpcp": {
        "kurt": [1.46512746811, -0.983018159866, 2.52054691315, 0.906054019928, 3.78675365448, 0.924950838089, 0.337886810303, 0.321840286255, -0.823821783066, 3.55560874939, 6.07960987091, -0.402683973312, 0.860645771027, 0.409950971603, -0.77176618576, -0.0518057346344, 2.33560323715, 1.34043693542, -0.425717830658, 0.541507720947, 0.353935718536, 1.31955575943, 0.264767169952, -0.370547771454, -1.18144607544, -1.12498629093, 1.0330991745, 4.11651754379, 6.92457771301, 4.37076807022, -0.616779327393, 0.72822022438, 1.09433269501, 2.36583471298, 1.70494270325, 3.04519748688],
        "max": [0.298859357834, 0.198284804821, 0.385867923498, 0.283304095268, 0.164178058505, 0.155139148235, 0.152027159929, 0.251637130976, 0.415739655495, 1, 0.888825118542, 0.199217021465, 0.343681484461, 0.28085437417, 0.198963224888, 0.203012242913, 0.748912811279, 1, 0.626601219177, 0.636906087399, 0.430988281965, 0.393930524588, 0.371290206909, 0.864925146103, 1, 1, 0.829145789146, 0.6098305583, 1, 0.699124634266, 0.15857052803, 0.129859805107, 0.214411199093, 0.356173753738, 0.413104444742, 0.443160623312],
        "mean": [0.0743999481201, 0.0725063383579, 0.0920378044248, 0.0699866712093, 0.0366527996957, 0.039728410542, 0.0435496941209, 0.0700580105186, 0.146297946572, 0.203685373068, 0.13492180407, 0.0677548125386, 0.0867373496294, 0.0759020224214, 0.0629694387317, 0.0569793991745, 0.143178701401, 0.219256013632, 0.182058349252, 0.156292825937, 0.120607763529, 0.0978846028447, 0.0946972817183, 0.295476704836, 0.638765454292, 0.544048011303, 0.213135004044, 0.105261698365, 0.118053384125, 0.119184046984, 0.0671985596418, 0.0370463617146, 0.0498924814165, 0.0728154852986, 0.0846879184246, 0.0859748646617],
        "median": [0.0424303933978, 0.0634746178985, 0.0562374815345, 0.0331989526749, 0.0345081165433, 0.0288668461144, 0.0387042798102, 0.0659197494388, 0.110480435193, 0.115349590778, 0.0467294417322, 0.0528104305267, 0.0509331338108, 0.0625611394644, 0.04450070858, 0.0514402613044, 0.0587846487761, 0.0690977573395, 0.0993246585131, 0.0804746747017, 0.0912090614438, 0.0453115552664, 0.0253904946148, 0.246331691742, 0.812050402164, 0.560565888882, 0.178556025028, 0.0462802499533, 0.0129400268197, 0.0569170080125, 0.0656779408455, 0.0238475501537, 0.0155284395441, 0.0323140732944, 0.0101297935471, 0.0267704557627],
        "min": [0, 0, 0, 0, 0, 0, 0, 0, 0, 0, 0, 0, 0, 0, 0, 0, 0, 0, 0, 0, 0, 0, 0, 0, 0, 0, 0, 0, 0, 0, 0, 0, 0, 0, 0, 0],
        "skew": [1.49563133717, 0.51152664423, 1.68679177761, 1.4884570837, 1.96884548664, 1.34391093254, 1.06101977825, 1.10045874119, 0.600406110287, 2.03781676292, 2.67672276497, 0.875911355019, 1.4311413765, 1.05052399635, 0.756368756294, 0.950156748295, 1.91497159004, 1.75531220436, 0.980064094067, 1.40356791019, 1.15519607067, 1.43170213699, 1.32948362827, 0.598635792732, -0.670231163502, -0.259098410606, 1.26796722412, 2.1926677227, 2.89972925186, 2.32022762299, 0.339286327362, 1.36417007446, 1.64545619488, 1.70766746998, 1.54330432415, 1.91796946526],
        "var": [0.00696036452428, 0.00412791362032, 0.0103953741491, 0.00732480548322, 0.00175567588303, 0.00203570513986, 0.00196392508224, 0.0055620376952, 0.0163880512118, 0.0694428756833, 0.0524341911077, 0.00381006021053, 0.010742392391, 0.0067423353903, 0.00448552565649, 0.00387128721923, 0.0468755029142, 0.11401759088, 0.0402044989169, 0.0431989207864, 0.0160525310785, 0.012191446498, 0.0165537092835, 0.0636493042111, 0.158970728517, 0.129439026117, 0.0552713125944, 0.0266583766788, 0.0685558915138, 0.0347241684794, 0.00250557297841, 0.00150835933164, 0.00518963811919, 0.00978220626712, 0.0141164949164, 0.0145833175629],
