{
"metadata": {
    "version": {
        "essentia": "2.1-beta3"
    }
},
"lowLevel": {
    "average_loudness": 0.99068403244,
    "barkbands_kurtosis": {
        "kurt": 6.93682289124,
        "max": 16.2793865204,
        "mean": 1.23118543625,
        "median": -0.340559720993,
        "min": -1.49185597897,
        "skew": 2.42783164978,
        "var": 12.5343608856
    },
    "barkbands_skewness": {
        "kurt": 0.215737104416,
        "max": 3.20730471611,
        "mean": 0.695570468903,
        "median": 0.762606978416,
        "min": -1.67813694477,
        "skew": -0.115606084466,
        "var": 1.03415513039
    },
    "barkbands_spread": {
        "kurt": -1.43540668488,
        "max": 46.544128418,
        "mean": 24.5486602783,
        "median": 26.222360611,
        "min": 2.67131114006,
        "skew": -0.0271618850529,
        "var": 188.081558228
    },
    "dissonance": {
        "kurt": 19.2395191193,
        "max": 0.499466717243,
        "mean": 0.464519292116,
        "median": 0.480254471302,
        "min": 0.175686210394,
        "skew": -4.23915147781,
        "var": 0.00299961166456
    },
    "hfc": {
        "kurt": 19.3724308014,
        "max": 58.500957489,
        "mean": 3.09036111832,
        "median": 0.00381849822588,
        "min": 1.49588306186e-08,
        "skew": 4.38620185852,
        "var": 110.831863403
    },
    "pitch": {
        "kurt": 0.129834890366,
        "max": 1535.1439209,
        "mean": 523.872802734,
        "median": 320.304504395,
        "min": 117.247444153,
        "skew": 1.23525488377,
        "var": 208588.078125
    },
    "pitch_instantaneous_confidence": {
        "kurt": -0.308415651321,
        "max": 0.85889172554,
        "mean": 0.390272438526,
        "median": 0.38276386261,
        "min": 0.154748737812,
        "skew": 0.447392493486,
        "var": 0.0293533504009
    },
    "pitch_salience": {
        "kurt": -0.375783443451,
        "max": 0.897531151772,
        "mean": 0.637065112591,
        "median": 0.676667094231,
        "min": 0.310899555683,
        "skew": -0.450748741627,
        "var": 0.0171187762171
    },
    "silence_rate_20dB": {
        "kurt": 0,
        "max": 1,
        "mean": 1,
        "median": 1,
        "min": 1,
        "skew": 0,
        "var": 0
    },
    "silence_rate_30dB": {
        "kurt": 0,
        "max": 1,
        "mean": 1,
        "median": 1,
        "min": 1,
        "skew": 0,
        "var": 0
    },
    "silence_rate_60dB": {
        "kurt": 2.16666841507,
        "max": 1,
        "mean": 0.857142865658,
        "median": 1,
        "min": 0,
        "skew": -2.04124236107,
        "var": 0.122448973358
    },
    "spectral_centroid": {
        "kurt": -0.522124528885,
        "max": 2339.71289062,
        "mean": 1247.70776367,
        "median": 1188.93115234,
        "min": 570.61138916,
        "skew": 0.496565043926,
        "var": 211511.515625
    },
    "spectral_complexity": {
        "kurt": 4.41965341568,
        "max": 22,
        "mean": 2.37142848969,
        "median": 0,
        "min": 0,
        "skew": 2.38365364075,
        "var": 30.3477497101
    },
    "spectral_crest": {
        "kurt": -0.0697269439697,
        "max": 23.2274494171,
        "mean": 10.1636762619,
        "median": 9.37177085876,
        "min": 3.27611684799,
        "skew": 0.764883995056,
        "var": 24.9754772186
    },
    "spectral_decrease": {
        "kurt": 19.6799087524,
        "max": -1.54299252256e-18,
        "mean": -9.94459181669e-10,
        "median": -5.78793035635e-13,
        "min": -1.89266078365e-08,
        "skew": -4.41098880768,
        "var": 1.15035403946e-17
    },
    "spectral_energy": {
        "kurt": 19.6616954803,
        "max": 0.0767396464944,
        "mean": 0.00403362419456,
        "median": 2.53084544966e-06,
        "min": 7.18042075451e-12,
        "skew": 4.40957736969,
        "var": 0.000189207436051
    },
    "spectral_energyband_high": {
        "kurt": 4.35671615601,
        "max": 0.00010972617747,
        "mean": 1.22537267089e-05,
        "median": 9.20225033951e-08,
        "min": 1.59144312312e-12,
        "skew": 2.40894627571,
        "var": 8.18746292985e-10
    },
    "spectral_energyband_low": {
        "kurt": 10.3903360367,
        "max": 2.98333907267e-06,
        "mean": 3.47745071849e-07,
        "median": 9.29543801931e-08,
        "min": 3.19686307591e-13,
        "skew": 3.00621652603,
        "var": 3.27023618688e-13
    },
    "spectral_energyband_middle_high": {
        "kurt": 13.2304515839,
        "max": 0.0214251559228,
        "mean": 0.00131121708546,
        "median": 1.85080580195e-06,
        "min": 2.30400594436e-12,
        "skew": 3.74151849747,
        "var": 1.84296495718e-05
    },
    "spectral_energyband_middle_low": {
        "kurt": 22.3092193604,
        "max": 0.0553798675537,
        "mean": 0.00271842605434,
        "median": 7.26648352156e-07,
        "min": 2.91723047628e-12,
        "skew": 4.70563840866,
        "var": 9.34124182095e-05
    },
    "spectral_flatness_db": {
        "kurt": -0.339770793915,
        "max": 0.33088812232,
        "mean": 0.147414550185,
        "median": 0.136619284749,
        "min": 0.0389904938638,
        "skew": 0.728866875172,
        "var": 0.00576397031546
    },
    "spectral_flux": {
        "kurt": 5.09716701508,
        "max": 0.198655754328,
        "mean": 0.023087605834,
        "median": 0.00210937764496,
        "min": 0.000206496421015,
        "skew": 2.47208285332,
        "var": 0.00237521063536
    },
    "spectral_kurtosis": {
        "kurt": 4.48550367355,
        "max": 35.6465072632,
        "mean": 6.93370962143,
        "median": 3.54450368881,
        "min": 1.31000900269,
        "skew": 2.32694888115,
        "var": 63.9061737061
    },
    "spectral_rms": {
        "kurt": 8.55928993225,
        "max": 0.00865262653679,
        "mean": 0.000794524443336,
        "median": 4.96902175655e-05,
        "min": 8.36975999619e-08,
        "skew": 2.95917320251,
        "var": 3.30397460857e-06
    },
    "spectral_rolloff": {
        "kurt": -0.416713237762,
        "max": 5404.83398438,
        "mean": 2390.18603516,
        "median": 2627.05078125,
        "min": 689.0625,
        "skew": 0.189126908779,
        "var": 1309773.5
    },
    "spectral_skewness": {
        "kurt": 2.67981433868,
        "max": 4.70291423798,
        "mean": 1.99331009388,
        "median": 1.60742771626,
        "min": 1.12643802166,
        "skew": 1.93486225605,
        "var": 0.773431420326
    },
    "spectral_spread": {
        "kurt": 2.38978528976,
        "max": 16555692,
        "mean": 6417378.5,
        "median": 6142188.5,
        "min": 2044101.625,
        "skew": 1.01025009155,
        "var": 8.22384053453e+12
    },
    "spectral_strongpeak": {
        "kurt": 4.5062212944,
        "max": 1.1322414875,
        "mean": 0.150615498424,
        "median": 0.0270158965141,
        "min": 1.38649807013e-06,
        "skew": 2.34117388725,
        "var": 0.0802732855082
    },
    "zerocrossingrate": {
        "kurt": -0.53063750267,
        "max": 0.10791015625,
        "mean": 0.0706752240658,
        "median": 0.076171875,
        "min": 0.0087890625,
        "skew": -0.496891081333,
        "var": 0.000577713362873
    },
    "barkbands": {
        "kurt": [8.73049259186, 1.16208410263, 8.1585187912, 16.0760345459, 10.8337478638, 23.5028038025, 15.6984977722, 28.5509986877, 26.964345932, 13.6960430145, 23.992816925, 14.1344146729, 22.2856483459, 18.4994239807, 23.970413208, 10.1429738998, 14.5963001251, 13.5391483307, 1.72901773453, 9.37839889526, 7.40060043335, 7.74092292786, 6.8614654541, 5.43284130096, 9.18538284302, 3.93003129959, 6.04240322113],
        "max": [6.2097829101e-09, 1.32465373781e-07, 1.54735516844e-06, 1.52562852236e-05, 0.00292302411981, 0.00858694314957, 0.00135257781949, 0.0121088810265, 0.0394527837634, 0.00494580343366, 0.0107518685982, 0.00447351299226, 0.00423686485738, 0.000686023908202, 0.000265155453235, 0.000146701277117, 0.000191876024473, 0.000268264964689, 1.53133387357e-05, 3.57720673492e-05, 5.01342437929e-05, 4.51687665191e-05, 1.56828027684e-05, 3.13886312142e-06, 1.30644286855e-06, 7.24759541271e-09, 3.07306202707e-09],
        "mean": [7.50968787155e-10, 2.92198230056e-08, 1.90289370039e-07, 1.02610044905e-06, 0.000211794351344, 0.000395040697185, 7.43439377402e-05, 0.000460229755845, 0.00156203913502, 0.000307205744321, 0.000467167468742, 0.000253339094343, 0.000192089763004, 3.80119527108e-05, 1.22264646052e-05, 1.17312783914e-05, 1.28016245071e-05, 1.86511297215e-05, 2.44871853283e-06, 2.87350189865e-06, 4.2921315071e-06, 4.1364619392e-06, 1.53046551077e-06, 3.19542635907e-07, 1.05562591557e-07, 8.9539681225e-10, 3.02299296706e-10],
        "median": [1.85459508861e-10, 9.09028585738e-09, 5.00207306686e-08, 5.0777895666e-08, 1.08168450197e-07, 4.64239846565e-08, 1.61816675615e-08, 2.44646507497e-08, 9.20677152294e-08, 1.47706870735e-07, 5.08611748273e-08, 6.67234019147e-08, 8.3771340087e-08, 1.1441603931e-07, 5.24248235934e-08, 2.83392722622e-08, 7.54458113761e-08, 3.95933419384e-08, 4.14944416605e-08, 3.14999049067e-08, 2.75458145182e-08, 1.49913326197e-08, 3.94725718778e-09, 1.60654622938e-09, 8.94140483876e-10, 6.25101984064e-11, 2.57578442082e-12],
        "min": [1.79766249629e-13, 1.77371734921e-13, 4.03268388192e-14, 3.8298360929e-14, 5.79568185978e-13, 1.1913480185e-12, 6.36855639839e-13, 1.10631095214e-13, 3.14918989323e-13, 1.40562027621e-13, 4.93371023289e-13, 1.80685449784e-13, 3.20877601833e-13, 9.2331612462e-14, 1.01162628892e-13, 2.78020770468e-13, 1.21607490245e-13, 1.88871298159e-13, 2.9455067942e-13, 2.71018369422e-13, 3.13933124288e-13, 8.13989826064e-13, 1.61325881582e-13, 6.46222103064e-14, 5.39349584417e-14, 1.46558536384e-14, 4.65401956407e-15],
        "skew": [3.01855969429, 1.53259778023, 2.70016789436, 3.9927752018, 3.45569753647, 4.85509109497, 4.04522323608, 5.46577119827, 5.27721691132, 3.70937156677, 4.91904687881, 3.83180618286, 4.75249862671, 4.25445365906, 4.93246746063, 3.17339706421, 3.82565069199, 3.71622657776, 1.80034911633, 3.22153449059, 2.95687127113, 2.9453728199, 2.82540178299, 2.56832432747, 3.10138988495, 2.24604773521, 2.76162028313],
        "var": [1.78977234574e-18, 1.38319940303e-15, 9.63081475463e-14, 8.04777251784e-12, 4.02501768804e-07, 2.20744527724e-06, 6.71110740313e-08, 4.08349342251e-06, 4.43533135694e-05, 9.25028246002e-07, 3.44687350662e-06, 7.65742697695e-07, 5.53484255761e-07, 1.54458152934e-08, 2.0883856866e-09, 8.90409745935e-10, 1.3432618351e-09, 2.74415912216e-09, 2.1033209896e-11, 6.24960916351e-11, 1.35591815553e-10, 1.13389020395e-10, 1.53668085201e-11, 5.88795505407e-13, 7.55891117928e-14, 3.27110103518e-18, 6.71287259179e-19],
        "cov": [[1.84241267236e-18, 8.84434911268e-18, 1.03073407796e-16, 1.69632059034e-15, 5.74910236605e-13, 8.29340665153e-13, 2.41107183047e-13, 1.84527198209e-12, 6.67051700334e-12, 1.0126652121e-12, 1.92304180392e-12, 5.45504396862e-13, 3.87169436051e-13, 1.2696962893e-13, 4.22016039464e-14, 3.01648693545e-14, 4.47280829995e-14, 6.49213145808e-14, 4.58524345337e-15, 3.73783823514e-15, 7.04900988112e-15, 1.37976957605e-14, 4.93200222484e-15, 9.30905726175e-16, 3.3500266884e-16, 2.15786358243e-18, 9.39628785794e-19], [8.84434911268e-18, 1.42388176021e-15, 6.24687603281e-15, 6.64738920918e-15, 5.15136284324e-12, 4.03343618271e-13, -5.50216935815e-13, -5.8154136888e-12, -2.03360522866e-11, -1.29418817243e-12, -5.73552273384e-12, -1.7149731071e-13, -3.20807047377e-13, -1.97041723758e-13, -1.08545612006e-13, -1.01307020905e-14, -1.84450114823e-14, 1.97608500608e-14, 4.00681685097e-14, 6.79260792578e-14, 7.60579546935e-14, 1.88308095788e-14, 1.01140883862e-14, 2.86976753057e-15, 1.08093537817e-15, 1.05090269344e-17, 5.71197474482e-19], [1.03073407796e-16, 6.24687603281e-15, 9.91407409184e-14, 3.08798478324e-13, 6.41999994833e-11, 1.94464999659e-11, 2.82093163932e-12, 1.94162515926e-11, 1.20502052781e-10, 1.51633462731e-11, 3.07388385579e-11, -5.29195784416e-12, 8.79165013359e-13, 1.44137674886e-12, 6.15907281773e-13, 1.75271483525e-12, 2.40586348586e-12, 3.5594712941e-12, 6.09262748759e-13, 1.00054079605e-12, 1.43843823571e-12, 8.67583999434e-13, 3.58062266902e-13, 7.87849061164e-14, 3.24181599533e-14, 2.28367679407e-16, 3.52867672341e-17], [1.69632059034e-15, 6.64738920918e-15, 3.08798478324e-13, 8.28447206669e-12, 8.31642088528e-10, 5.47999701173e-10, 1.34581942812e-10, 1.0901056724e-09, 4.56140636373e-09, 6.12307371473e-10, 1.19695320322e-09, 2.04486663713e-10, 2.01412553302e-10, 7.23858403773e-11, 2.61632156912e-11, 5.33139851711e-11, 4.81483915238e-11, 7.3314763982e-11, 9.65107768008e-12, 1.68548387053e-11, 2.95262807259e-11, 1.65174124378e-11, 6.14854651568e-12, 1.35987868102e-12, 5.02517407026e-13, 3.07437659755e-15, 7.72155658233e-16], [5.74910236605e-13, 5.15136284324e-12, 6.41999994833e-11, 8.31642088528e-10, 4.14340064481e-07, 2.61297287807e-07, 2.96096605013e-08, 1.16449719201e-07, 6.63884065943e-07, 1.65222829196e-07, 2.10125520539e-07, 7.63925811498e-08, 7.66285523923e-08, 1.61522226705e-08, 3.10824943561e-09, 5.83896664352e-09, 9.78236869287e-09, 1.5317967339e-08, 2.15657380842e-09, 3.67854502414e-09, 5.50216538997e-09, 4.88104223706e-09, 1.85181903145e-09, 3.9385278372e-10, 1.46634301923e-10, 9.37287031842e-13, 2.85209464553e-13], [8.29340665153e-13, 4.03343618271e-13, 1.94464999659e-11, 5.47999701173e-10, 2.61297287807e-07, 2.27237023864e-06, 2.75251466064e-07, 9.91526690086e-07, 3.28586565956e-06, 9.86676127468e-07, 1.26589088723e-06, 1.22804601688e-06, 1.12130896923e-06, 1.06778848874e-07, 3.48579582976e-08, 2.46884130917e-08, 2.57954155813e-08, 3.45724515682e-08, 2.5068427334e-09, 7.4724360033e-10, 1.5095384942e-09, 8.75454464477e-09, 2.84627477143e-09, 5.55237633648e-10, 1.20389018199e-10, 1.48085688677e-12, 1.0178654794e-12], [2.41107183047e-13, -5.50216935815e-13, 2.82093163932e-12, 1.34581942812e-10, 2.96096605013e-08, 2.75251466064e-07, 6.90849333296e-08, 4.87077613798e-07, 1.59330284077e-06, 2.51108360771e-07, 4.67299713591e-07, 1.95756697963e-07, 1.50570286905e-07, 3.20963060574e-08, 1.18102381208e-08, 6.93607127289e-09, 8.59772431028e-09, 1.18896084089e-08, 6.44943209949e-10, 1.84496418143e-10, 2.92812663005e-10, 2.16043649637e-09, 7.71533836819e-10, 1.37045957915e-10, 3.78496851916e-11, 3.1774938041e-13, 1.92246853202e-13], [1.84527198209e-12, -5.8154136888e-12, 1.94162515926e-11, 1.0901056724e-09, 1.16449719201e-07, 9.91526690086e-07, 4.87077613798e-07, 4.20359629061e-06, 1.37486567837e-05, 1.78536197382e-06, 3.7857719235e-06, 1.0117888678e-06, 6.36968366052e-07, 2.43587294335e-07, 9.31458856712e-08, 5.20245926339e-08, 6.82650735939e-08, 9.54703409661e-08, 4.77921124897e-09, 1.62941016235e-09, 2.39040254257e-09, 1.54547912246e-08, 5.75170577832e-09, 9.87246728812e-10, 3.03090691434e-10, 2.1313467484e-12, 1.16457841634e-12], [6.67051700334e-12, -2.03360522866e-11, 1.20502052781e-10, 4.56140636373e-09, 6.63884065943e-07, 3.28586565956e-06, 1.59330284077e-06, 1.37486567837e-05, 4.56578236481e-05, 5.8984419411e-06, 1.25977312564e-05, 3.1785293686e-06, 2.02959699891e-06, 7.98309258698e-07, 3.03916806388e-07, 1.73959890049e-07, 2.34735551885e-07, 3.30502558654e-07, 1.65253748463e-08, 6.52703269211e-09, 1.14793383688e-08, 5.52957004629e-08, 2.0453057914e-08, 3.55178664257e-09, 1.14148612784e-09, 7.65554373366e-12, 4.01992024737e-12], [1.0126652121e-12, -1.29418817243e-12, 1.51633462731e-11, 6.12307371473e-10, 1.65222829196e-07, 9.86676127468e-07, 2.51108360771e-07, 1.78536197382e-06, 5.8984419411e-06, 9.52234984197e-07, 1.73499950051e-06, 7.23606831343e-07, 5.36023378572e-07, 1.21625021166e-07, 4.30729691914e-08, 2.57845851337e-08, 3.28826956775e-08, 4.56170177188e-08, 2.59801047342e-09, 7.05446978611e-10, 1.41050937597e-09, 8.58131521397e-09, 3.00456504121e-09, 5.36639399584e-10, 1.56164456366e-10, 1.25037350265e-12, 7.44394617561e-13], [1.92304180392e-12, -5.73552273384e-12, 3.07388385579e-11, 1.19695320322e-09, 2.10125520539e-07, 1.26589088723e-06, 4.67299713591e-07, 3.7857719235e-06, 1.25977312564e-05, 1.73499950051e-06, 3.54825215254e-06, 1.057748932e-06, 7.31585259928e-07, 2.29853569067e-07, 8.59790887375e-08, 4.94992562494e-08, 6.63725430172e-08, 9.30461325765e-08, 4.59465976377e-09, 1.28268962118e-09, 2.61594901296e-09, 1.60741766564e-08, 5.82938719518e-09, 1.01556352217e-09, 3.17618265022e-10, 2.2345133556e-12, 1.24464468679e-12], [5.45504396862e-13, -1.7149731071e-13, -5.29195784416e-12, 2.04486663713e-10, 7.63925811498e-08, 1.22804601688e-06, 1.95756697963e-07, 1.0117888678e-06, 3.1785293686e-06, 7.23606831343e-07, 1.057748932e-06, 7.88264571838e-07, 6.45563318358e-07, 8.64614975171e-08, 2.89997643677e-08, 1.79267107825e-08, 1.89163884556e-08, 2.50210145936e-08, 1.61506508167e-09, -1.61901075879e-10, -1.9054906264e-10, 5.22852516838e-09, 1.68704261672e-09, 3.07828207369e-10, 5.91787244208e-11, 8.1350871135e-13, 6.1656945825e-13], [3.87169436051e-13, -3.20807047377e-13, 8.79165013359e-13, 2.01412553302e-10, 7.66285523923e-08, 1.12130896923e-06, 1.50570286905e-07, 6.36968366052e-07, 2.02959699891e-06, 5.36023378572e-07, 7.31585259928e-07, 6.45563318358e-07, 5.69763244584e-07, 6.0560807924e-08, 2.04320240726e-08, 1.34787487838e-08, 1.36553026664e-08, 1.8049551187e-08, 1.18995713283e-09, 3.44977969802e-11, 1.51828077888e-10, 4.1348782176e-09, 1.33382516143e-09, 2.52402099221e-10, 4.72450169264e-11, 6.77297952965e-13, 5.0455055715e-13], [1.2696962893e-13, -1.97041723758e-13, 1.44137674886e-12, 7.23858403773e-11, 1.61522226705e-08, 1.06778848874e-07, 3.20963060574e-08, 2.43587294335e-07, 7.98309258698e-07, 1.21625021166e-07, 2.29853569067e-07, 8.64614975171e-08, 6.0560807924e-08, 1.59001043443e-08, 5.71173064401e-09, 3.3271820854e-09, 4.2568424341e-09, 5.90212945184e-09, 3.26578125653e-10, 7.69525693167e-11, 1.45039563693e-10, 1.05648201298e-09, 3.73847286461e-10, 6.56952825473e-11, 1.92191575155e-11, 1.50733185699e-13, 8.94318256603e-14], [4.22016039464e-14, -1.08545612006e-13, 6.15907281773e-13, 2.61632156912e-11, 3.10824943561e-09, 3.48579582976e-08, 1.18102381208e-08, 9.31458856712e-08, 3.03916806388e-07, 4.30729691914e-08, 8.59790887375e-08, 2.89997643677e-08, 2.04320240726e-08, 5.71173064401e-09, 2.14980899749e-09, 1.23504928506e-09, 1.55893287168e-09, 2.1654644744e-09, 1.12527070995e-10, 3.33690262921e-11, 5.16761529401e-11, 3.65183244755e-10, 1.33037733607e-10, 2.314450194e-11, 6.70142977569e-12, 5.17991004907e-14, 3.00813383534e-14], [3.01648693545e-14, -1.01307020905e-14, 1.75271483525e-12, 5.33139851711e-11, 5.83896664352e-09, 2.46884130917e-08, 6.93607127289e-09, 5.20245926339e-08, 1.73959890049e-07, 2.57845851337e-08, 4.94992562494e-08, 1.79267107825e-08, 1.34787487838e-08, 3.3271820854e-09, 1.23504928506e-09, 9.16598241751e-10, 1.03229680359e-09, 1.45957779196e-09, 1.09826293893e-10, 1.0198648176e-10, 1.73641573342e-10, 2.71169225963e-10, 9.8943048199e-11, 1.87911301103e-11, 5.84026013314e-12, 4.3521813215e-14, 2.02847907606e-14], [4.47280829995e-14, -1.84450114823e-14, 2.40586348586e-12, 4.81483915238e-11, 9.78236869287e-09, 2.57954155813e-08, 8.59772431028e-09, 6.82650735939e-08, 2.34735551885e-07, 3.28826956775e-08, 6.63725430172e-08, 1.89163884556e-08, 1.36553026664e-08, 4.2568424341e-09, 1.55893287168e-09, 1.03229680359e-09, 1.38276956552e-09, 1.97058436235e-09, 1.2205564337e-10, 8.88694118295e-11, 1.63439151102e-10, 3.72809338955e-10, 1.35614464103e-10, 2.49385373463e-11, 8.40328327756e-12, 5.62908891049e-14, 2.64597066859e-14], [6.49213145808e-14, 1.97608500608e-14, 3.5594712941e-12, 7.3314763982e-11, 1.5317967339e-08, 3.45724515682e-08, 1.18896084089e-08, 9.54703409661e-08, 3.30502558654e-07, 4.56170177188e-08, 9.30461325765e-08, 2.50210145936e-08, 1.8049551187e-08, 5.90212945184e-09, 2.1654644744e-09, 1.45957779196e-09, 1.97058436235e-09, 2.82486967151e-09, 1.78841844112e-10, 1.43925954488e-10, 2.60574589683e-10, 5.3947302181e-10, 1.97243346656e-10, 3.65107284683e-11, 1.24790802691e-11, 8.19320739726e-14, 3.72489345412e-14], [4.58524345337e-15, 4.00681685097e-14, 6.09262748759e-13, 9.65107768008e-12, 2.15657380842e-09, 2.5068427334e-09, 6.44943209949e-10, 4.77921124897e-09, 1.65253748463e-08, 2.59801047342e-09, 4.59465976377e-09, 1.61506508167e-09, 1.18995713283e-09, 3.26578125653e-10, 1.12527070995e-10, 1.09826293893e-10, 1.2205564337e-10, 1.78841844112e-10, 2.16518331042e-11, 3.08230836688e-11, 4.61147578457e-11, 4.03431420215e-11, 1.55051527173e-11, 3.20604176887e-12, 1.09261644871e-12, 7.80806236317e-15, 2.52609217079e-15], [3.73783823514e-15, 6.79260792578e-14, 1.00054079605e-12, 1.68548387053e-11, 3.67854502414e-09, 7.4724360033e-10, 1.84496418143e-10, 1.62941016235e-09, 6.52703269211e-09, 7.05446978611e-10, 1.28268962118e-09, -1.61901075879e-10, 3.44977969802e-11, 7.69525693167e-11, 3.33690262921e-11, 1.0198648176e-10, 8.88694118295e-11, 1.43925954488e-10, 3.08230836688e-11, 6.43342115692e-11, 9.11064695908e-11, 4.12065451205e-11, 1.79663037919e-11, 4.14647049335e-12, 1.48115395816e-12, 9.8571409417e-15, 1.57162135275e-15], [7.04900988112e-15, 7.60579546935e-14, 1.43843823571e-12, 2.95262807259e-11, 5.50216538997e-09, 1.5095384942e-09, 2.92812663005e-10, 2.39040254257e-09, 1.14793383688e-08, 1.41050937597e-09, 2.61594901296e-09, -1.9054906264e-10, 1.51828077888e-10, 1.45039563693e-10, 5.16761529401e-11, 1.73641573342e-10, 1.63439151102e-10, 2.60574589683e-10, 4.61147578457e-11, 9.11064695908e-11, 1.39579806047e-10, 7.07464434258e-11, 2.88064676279e-11, 6.53208476892e-12, 2.41863538746e-12, 1.52928088622e-14, 2.89896983846e-15], [1.37976957605e-14, 1.88308095788e-14, 8.67583999434e-13, 1.65174124378e-11, 4.88104223706e-09, 8.75454464477e-09, 2.16043649637e-09, 1.54547912246e-08, 5.52957004629e-08, 8.58131521397e-09, 1.60741766564e-08, 5.22852516838e-09, 4.1348782176e-09, 1.05648201298e-09, 3.65183244755e-10, 2.71169225963e-10, 3.72809338955e-10, 5.3947302181e-10, 4.03431420215e-11, 4.12065451205e-11, 7.07464434258e-11, 1.16723991583e-10, 4.24396975895e-11, 8.16329209091e-12, 2.81471677563e-12, 1.87876668026e-14, 8.13911587324e-15], [4.93200222484e-15, 1.01140883862e-14, 3.58062266902e-13, 6.14854651568e-12, 1.85181903145e-09, 2.84627477143e-09, 7.71533836819e-10, 5.75170577832e-09, 2.0453057914e-08, 3.00456504121e-09, 5.82938719518e-09, 1.68704261672e-09, 1.33382516143e-09, 3.73847286461e-10, 1.33037733607e-10, 9.8943048199e-11, 1.35614464103e-10, 1.97243346656e-10, 1.55051527173e-11, 1.79663037919e-11, 2.88064676279e-11, 4.24396975895e-11, 1.58187733745e-11, 3.06395100264e-12, 1.06144867201e-12, 7.02658044867e-15, 2.83415021866e-15], [9.30905726175e-16, 2.86976753057e-15, 7.87849061164e-14, 1.35987868102e-12, 3.9385278372e-10, 5.55237633648e-10, 1.37045957915e-10, 9.87246728812e-10, 3.55178664257e-09, 5.36639399584e-10, 1.01556352217e-09, 3.07828207369e-10, 2.52402099221e-10, 6.56952825473e-11, 2.314450194e-11, 1.87911301103e-11, 2.49385373463e-11, 3.65107284683e-11, 3.20604176887e-12, 4.14647049335e-12, 6.53208476892e-12, 8.16329209091e-12, 3.06395100264e-12, 6.06113033028e-13, 2.10340046162e-13, 1.40268094906e-15, 5.34660219438e-16], [3.3500266884e-16, 1.08093537817e-15, 3.24181599533e-14, 5.02517407026e-13, 1.46634301923e-10, 1.20389018199e-10, 3.78496851916e-11, 3.03090691434e-10, 1.14148612784e-09, 1.56164456366e-10, 3.17618265022e-10, 5.91787244208e-11, 4.72450169264e-11, 1.92191575155e-11, 6.70142977569e-12, 5.84026013314e-12, 8.40328327756e-12, 1.24790802691e-11, 1.09261644871e-12, 1.48115395816e-12, 2.41863538746e-12, 2.81471677563e-12, 1.06144867201e-12, 2.10340046162e-13, 7.78123225575e-14, 4.81202646648e-16, 1.64386264877e-16], [2.15786358243e-18, 1.05090269344e-17, 2.28367679407e-16, 3.07437659755e-15, 9.37287031842e-13, 1.48085688677e-12, 3.1774938041e-13, 2.1313467484e-12, 7.65554373366e-12, 1.25037350265e-12, 2.2345133556e-12, 8.1350871135e-13, 6.77297952965e-13, 1.50733185699e-13, 5.17991004907e-14, 4.3521813215e-14, 5.62908891049e-14, 8.19320739726e-14, 7.80806236317e-15, 9.8571409417e-15, 1.52928088622e-14, 1.87876668026e-14, 7.02658044867e-15, 1.40268094906e-15, 4.81202646648e-16, 3.36730979184e-18, 1.27693763335e-18], [9.39628785794e-19, 5.71197474482e-19, 3.52867672341e-17, 7.72155658233e-16, 2.85209464553e-13, 1.0178654794e-12, 1.92246853202e-13, 1.16457841634e-12, 4.01992024737e-12, 7.44394617561e-13, 1.24464468679e-12, 6.1656945825e-13, 5.0455055715e-13, 8.94318256603e-14, 3.00813383534e-14, 2.02847907606e-14, 2.64597066859e-14, 3.72489345412e-14, 2.52609217079e-15, 1.57162135275e-15, 2.89896983846e-15, 8.13911587324e-15, 2.83415021866e-15, 5.34660219438e-16, 1.64386264877e-16, 1.27693763335e-18, 6.91031026425e-19]]
    },
    "mfcc": {
        "kurt": [-0.377749919891, 0.00935029983521, -1.19309473038, 1.21528196335, -0.535160779953, 0.529641389847, 0.903644561768, 1.18838167191, 2.11759614944, 0.762575864792, -0.158483743668, -0.781582355499, -0.7225689888],
        "max": [-673.907165527, 180.119293213, 29.1898536682, 29.3087844849, 30.7612037659, 26.7038421631, 19.379032135, 18.6975498199, 8.03004074097, 4.56757354736, 12.3250083923, -3.0517578125e-05, -3.81469726562e-05],
        "mean": [-1001.16888428, 62.3171310425, -14.7402391434, -4.06384038925, -9.67462348938, -5.58327627182, -6.71209335327, -0.263276338577, -9.88786792755, -12.2254486084, -7.85564756393, -11.3474273682, -15.1353807449],
        "median": [-1069.03063965, 51.8886833191, -11.7357025146, 7.27702713013, 4.1291809082, -3.54043579102, -0.739223480225, -2.03211212158, -6.00132751465, -8.32905578613, -7.78182792664, -9.70888519287, -13.6861915588],
        "min": [-1138.42004395, 1.14440917969e-05, -74.7798080444, -80.9082946777, -70.2156066895, -37.425453186, -60.5632781982, -27.5326461792, -51.574886322, -46.6498947144, -27.5787372589, -26.4895858765, -36.2603721619],
        "skew": [1.02087676525, 0.94099521637, -0.416582375765, -1.47041296959, -0.730136334896, -0.271095514297, -1.21550214291, -0.255576491356, -1.53471910954, -1.2419526577, 0.152884855866, -0.384606659412, -0.406806319952],
        "var": [21763.4082031, 2213.32177734, 920.46472168, 773.513244629, 755.608581543, 155.394546509, 393.970794678, 83.2439346313, 176.386367798, 162.820404053, 108.452659607, 49.9568252563, 91.0449752808],
        "cov": [[22403.5097656, 6392.65576172, -3865.64697266, -2208.68701172, -3469.71777344, -1530.28234863, -2540.00512695, -178.923919678, -1094.74511719, -1457.86828613, -605.859741211, -624.800476074, -950.764099121], [6392.65576172, 2278.41967773, -1155.86413574, -910.967590332, -980.993896484, -395.28414917, -696.869873047, -62.917766571, -478.017822266, -529.423522949, -118.77306366, -223.066055298, -276.303161621], [-3865.64697266, -1155.86413574, 947.537231445, 411.690490723, 468.307189941, 258.749755859, 334.28414917, -49.7650985718, 189.152603149, 210.660797119, 24.8589553833, 81.9287261963, 147.936904907], [-2208.68701172, -910.967590332, 411.690490723, 796.26361084, 505.124145508, 98.4380187988, 292.737731934, 24.7654094696, 287.982757568, 240.428939819, -30.2206382751, 53.2268295288, 10.5438957214], [-3469.71777344, -980.993896484, 468.307189941, 505.124145508, 777.832397461, 252.507095337, 456.722229004, 74.5719146729, 181.106903076, 279.82244873, 166.244140625, 127.392883301, 132.02192688], [-1530.28234863, -395.28414917, 258.749755859, 98.4380187988, 252.507095337, 159.96496582, 178.391281128, -1.66367661953, 39.8510437012, 95.1979293823, 72.8736877441, 48.1121711731, 69.685546875], [-2540.00512695, -696.869873047, 334.28414917, 292.737731934, 456.722229004, 178.391281128, 405.558166504, 67.8606567383, 151.915054321, 197.379196167, 75.935874939, 59.5830345154, 78.2411956787], [-178.923919678, -62.917766571, -49.7650985718, 24.7654094696, 74.5719146729, -1.66367661953, 67.8606567383, 85.6922912598, 53.906036377, 40.9957008362, 23.6044807434, 7.23206758499, 1.54728746414], [-1094.74511719, -478.017822266, 189.152603149, 287.982757568, 181.106903076, 39.8510437012, 151.915054321, 53.906036377, 181.574203491, 135.782531738, -12.4564676285, 25.7182979584, 11.1819467545], [-1457.86828613, -529.423522949, 210.660797119, 240.428939819, 279.82244873, 95.1979293823, 197.379196167, 40.9957008362, 135.782531738, 167.60925293, 61.721572876, 64.5723724365, 55.1169967651], [-605.859741211, -118.77306366, 24.8589553833, -30.2206382751, 166.244140625, 72.8736877441, 75.935874939, 23.6044807434, -12.4564676285, 61.721572876, 111.642440796, 54.0490264893, 57.2835350037], [-624.800476074, -223.066055298, 81.9287261963, 53.2268295288, 127.392883301, 48.1121711731, 59.5830345154, 7.23206758499, 25.7182979584, 64.5723724365, 54.0490264893, 51.4261436462, 53.986869812], [-950.764099121, -276.303161621, 147.936904907, 10.5438957214, 132.02192688, 69.685546875, 78.2411956787, 1.54728746414, 11.1819467545, 55.1169967651, 57.2835350037, 53.986869812, 93.7227706909]]
    },
    "sccoeffs": {
        "kurt": [-0.515403032303, -0.0382804870605, 1.180331707, 1.23053026199, 1.10992336273, -0.373719215393],
        "max": [-0.322385936975, -0.574803769588, -0.557439804077, -0.635871589184, -0.684227526188, -0.752691864967],
        "mean": [-0.703852295876, -0.812552034855, -0.83390212059, -0.839984357357, -0.854185163975, -0.839110910892],
        "median": [-0.789178192616, -0.862175226212, -0.855569303036, -0.867592930794, -0.872395932674, -0.853430628777],
        "min": [-0.945981323719, -0.926431179047, -0.955193936825, -0.928057610989, -0.962407529354, -0.901561558247],
        "skew": [0.858798623085, 1.1431350708, 1.23662102222, 1.4407980442, 1.19298565388, 0.7946357131],
        "var": [0.0295008383691, 0.00981983076781, 0.0079090623185, 0.00584207288921, 0.00381967006251, 0.00168191699777],
        "cov": [[0.0303685106337, 0.0144452759996, 0.0120168477297, 0.00911438558251, 0.00750645017251, 0.00647920230404], [0.0144452759996, 0.0101086487994, 0.00693337200209, 0.00554536888376, 0.00425334647298, 0.00353269348852], [0.0120168477297, 0.00693337200209, 0.00814168155193, 0.00550894020125, 0.00449395366013, 0.00339179579169], [0.00911438558251, 0.00554536888376, 0.00550894020125, 0.0060138986446, 0.00375345046632, 0.00256957020611], [0.00750645017251, 0.00425334647298, 0.00449395366013, 0.00375345046632, 0.00393201317638, 0.00217308988795], [0.00647920230404, 0.00353269348852, 0.00339179579169, 0.00256957020611, 0.00217308988795, 0.00173138524406]]
    },
    "scvalleys": {
        "kurt": [10.4225120544, 0.716081857681, 0.429358005524, 1.34714078903, 2.29946947098, 1.9861164093],
        "max": [-9.33754062653, -4.65622234344, -4.89185142517, -6.2901558876, -7.69923353195, -9.4530210495],
        "mean": [-10.6315469742, -9.66691684723, -9.61164855957, -10.1230840683, -10.6524391174, -12.4281291962],
        "median": [-10.5878238678, -10.4367179871, -10.0523033142, -10.4606952667, -10.9696550369, -12.9362401962],
        "min": [-15.7001371384, -15.6918649673, -15.8856096268, -16.7921676636, -16.5663719177, -17.9327068329],
        "skew": [-2.63922476768, 0.393658071756, 0.174860477448, -0.407316625118, -0.648193478584, -0.343609362841],
        "var": [1.20321977139, 4.86673307419, 5.22676467896, 4.24862766266, 2.88741111755, 2.68749403954],
        "cov": [[1.2386084795, 1.84826350212, 1.9253051281, 1.93537449837, 1.60743355751, 1.4731400013], [1.84826350212, 5.00987243652, 5.07549142838, 4.46328306198, 3.42111778259, 3.44561982155], [1.9253051281, 5.07549142838, 5.38049316406, 4.66992378235, 3.6277244091, 3.61705899239], [1.93537449837, 4.46328306198, 4.66992378235, 4.3735871315, 3.42678117752, 3.28772974014], [1.60743355751, 3.42111778259, 3.6277244091, 3.42678117752, 2.97233486176, 2.79476618767], [1.4731400013, 3.44561982155, 3.61705899239, 3.28772974014, 2.79476618767, 2.76653814316]]
    }
},
"rhythm": {
    "beats_loudness": {
        "kurt": -2,
        "max": 0.0715005323291,
        "mean": 0.035757061094,
        "median": 0.035757061094,
        "min": 1.35897689688e-05,
        "skew": 0,
        "var": 0.00127759575844
    },
    "bpm": 215.33203125,
    "confidence": 0,
    "first_peak_bpm": {
        "kurt": 0,
        "max": 215,
        "mean": 215,
        "median": 215,
        "min": 215,
        "skew": 0,
        "var": 0
    },
    "first_peak_spread": {
        "kurt": 0,
        "max": 0,
        "mean": 0,
        "median": 0,
        "min": 0,
        "skew": 0,
        "var": 0
    },
    "first_peak_weight": {
        "kurt": 0,
        "max": 1,
        "mean": 1,
        "median": 1,
        "min": 1,
        "skew": 0,
        "var": 0
    },
    "onset_rate": 2.59870362282,
    "second_peak_bpm": {
        "kurt": 0,
        "max": 0,
        "mean": 0,
        "median": 0,
        "min": 0,
        "skew": 0,
        "var": 0
    },
    "second_peak_spread": {
        "kurt": 0,
        "max": 0,
        "mean": 0,
        "median": 0,
        "min": 0,
        "skew": 0,
        "var": 0
    },
    "second_peak_weight": {
        "kurt": 0,
        "max": 0,
        "mean": 0,
        "median": 0,
        "min": 0,
        "skew": 0,
        "var": 0
    },
    "beats_loudness_band_ratio": {
        "kurt": [-2, -2, -2, -1.99999988079, -2, -1.99999988079],
        "max": [0.0657030344009, 0.577986955643, 0.584852278233, 0.356731683016, 0.110071592033, 0.0643090754747],
        "mean": [0.0328861065209, 0.319025337696, 0.372705578804, 0.206528067589, 0.0609928071499, 0.0326441191137],
        "median": [0.0328861065209, 0.319025337696, 0.372705578804, 0.206528067589, 0.0609928071499, 0.0326441191137],
        "min": [6.91807945259e-05, 0.0600637234747, 0.160558909178, 0.056324467063, 0.0119140231982, 0.000979159842245],
        "skew": [2.57339507925e-07, 0, 2.43854856308e-07, 1.3741338023e-07, 0, -1.71875782939e-07],
        "var": [0.00107695069164, 0.0670611187816, 0.0450062155724, 0.0225611235946, 0.00240872707218, 0.00100266956724],
        "cov": [[0.00215390138328, 0.0169966481626, -0.01392400451, -0.00985844153911, 0.00322122965008, 0.00207829312421], [0.0169966481626, 0.134122237563, -0.109875693917, -0.0777939409018, 0.025419043377, 0.0164000168443], [-0.01392400451, -0.109875693917, 0.0900124311447, 0.0637303963304, -0.020823802799, -0.0134352315217], [-0.00985844153911, -0.0777939409018, 0.0637303963304, 0.0451222471893, -0.0147436205298, -0.00951238162816], [0.00322122965008, 0.025419043377, -0.020823802799, -0.0147436205298, 0.00481745414436, 0.00310815544799], [0.00207829312421, 0.0164000168443, -0.0134352315217, -0.00951238162816, 0.00310815544799, 0.00200533913448]]
    },
    "beats_position": [0.31346938014, 0.592108845711],
    "bpm_estimates": [215.33203125],
    "bpm_intervals": [0.27863946557],
    "onset_times": [0.104489795864, 0.336689352989],
    "histogram": [[0, 0, 0, 0, 0, 0, 0, 0, 0, 0, 0, 0, 0, 0, 0, 0, 0, 0, 0, 0, 0, 0, 0, 0, 0, 0, 0, 0, 0, 0, 0, 0, 0, 0, 0, 0, 0, 0, 0, 0, 0, 0, 0, 0, 0, 0, 0, 0, 0, 0, 0, 0, 0, 0, 0, 0, 0, 0, 0, 0, 0, 0, 0, 0, 0, 0, 0, 0, 0, 0, 0, 0, 0, 0, 0, 0, 0, 0, 0, 0, 0, 0, 0, 0, 0, 0, 0, 0, 0, 0, 0, 0, 0, 0, 0, 0, 0, 0, 0, 0, 0, 0, 0, 0, 0, 0, 0, 0, 0, 0, 0, 0, 0, 0, 0, 0, 0, 0, 0, 0, 0, 0, 0, 0, 0, 0, 0, 0, 0, 0, 0, 0, 0, 0, 0, 0, 0, 0, 0, 0, 0, 0, 0, 0, 0, 0, 0, 0, 0, 0, 0, 0, 0, 0, 0, 0, 0, 0, 0, 0, 0, 0, 0, 0, 0, 0, 0, 0, 0, 0, 0, 0, 0, 0, 0, 0, 0, 0, 0, 0, 0, 0, 0, 0, 0, 0, 0, 0, 0, 0, 0, 0, 0, 0, 0, 0, 0, 0, 0, 0, 0, 0, 0, 0, 0, 0, 0, 0, 0, 0, 0, 0, 0, 0, 0, 1, 0, 0, 0, 0, 0, 0, 0, 0, 0, 0, 0, 0, 0, 0, 0, 0, 0, 0, 0, 0, 0, 0, 0, 0, 0, 0, 0, 0, 0, 0, 0, 0, 0, 0]]
},
"sfx": {
    "inharmonicity": {
        "kurt": -0.707645893097,
        "max": 0.21167498827,
        "mean": 0.0751871988177,
        "median": 0.0615921355784,
        "min": 5.79451116209e-05,
        "skew": 0.554088354111,
        "var": 0.00341958296485
    },
    "oddtoevenharmonicenergyratio": {
        "kurt": 6.90266513824,
        "max": 13.9676418304,
        "mean": 1.62232804298,
        "median": 0.32858094573,
        "min": 0.00105234305374,
        "skew": 2.75002455711,
        "var": 10.1940355301
    },
    "pitch_after_max_to_before_max_energy_ratio": 0.315999358892,
    "pitch_centroid": 12.1772632599,
    "pitch_max_to_total": 0.371428579092,
    "pitch_min_to_total": 0.62857145071,
    "tristimulus": {
        "kurt": [0.85235285759, -0.853429794312, -1.41096782684],
        "max": [0.917373597622, 0.800433218479, 0.720883488655],
        "mean": [0.323000073433, 0.362821877003, 0.314178109169],
        "median": [0.259540617466, 0.304558426142, 0.371497422457],
        "min": [0, 0.0435754954815, 0],
        "skew": [1.18395090103, 0.696618199348, 0.0832252651453],
        "var": [0.0503718443215, 0.0560525543988, 0.0554005838931],
        "cov": [[0.0518533699214, -0.0262622591108, -0.0255911145359], [-0.0262622591108, 0.0577011592686, -0.0314389020205], [-0.0255911145359, -0.0314389020205, 0.0570300109684]]
    }
},
"tonal": {
    "chords_changes_rate": 0,
    "chords_number_rate": 0.0555555559695,
    "chords_strength": {
        "kurt": -2,
        "max": 0.597658574581,
        "mean": 0.597658455372,
        "median": 0.597658574581,
        "min": 0.597658574581,
        "skew": 1,
        "var": 1.42108547152e-14
    },
    "key_strength": 0.421902954578,
    "tuning_diatonic_strength": 0.45645442605,
    "tuning_equal_tempered_deviation": 0.267040878534,
    "tuning_frequency": 436.960693359,
    "tuning_nontempered_energy_ratio": 0.862574279308,
    "hpcp": {
        "kurt": [0.188356161118, -0.880786895752, -1.41150081158, 2.09091806412, 1.8879442215, 1.67978096008, 1.96120405197, -0.711854457855, -1.09557795525, 2.64832782745, 1.42400932312, 1.58214235306, -0.129289627075, 3.77950620651, 5.97844409943, -0.217098712921, -0.777043581009, -0.407851934433, -0.281697750092, -0.627577781677, 3.80639266968, 2.5064201355, 2.67583370209, 1.2646818161, 1.06536531448, -0.109722137451, -1.11075627804, -0.548167228699, 0.767529010773, 0.841468811035, 5.49755954742, 1.86343669891, 0.00816440582275, 0.558598518372, 1.46973705292, -1.22173285484],
        "max": [1, 1, 0.842521488667, 1, 0.633400440216, 0.566530287266, 0.466789543629, 0.224282488227, 0.259377002716, 0.745267629623, 0.879115104675, 0.817032516003, 0.317658424377, 0.666603326797, 1, 0.570963859558, 0.485607802868, 0.697457373142, 1, 0.950895726681, 1, 0.777260363102, 0.737199723721, 0.629360020161, 1, 0.694983541965, 0.782595157623, 1, 1, 0.820925533772, 0.926894903183, 0.431890159845, 0.465726166964, 1, 1, 0.716557919979],
        "mean": [0.320480614901, 0.393061876297, 0.363266795874, 0.222494065762, 0.162226378918, 0.162628665566, 0.127667546272, 0.0917038321495, 0.109074383974, 0.16877014935, 0.205056875944, 0.166610345244, 0.101159200072, 0.123401626945, 0.16578489542, 0.164259493351, 0.168254241347, 0.224203184247, 0.318017601967, 0.301795452833, 0.220225676894, 0.188733577728, 0.158495157957, 0.193862140179, 0.305271744728, 0.277046948671, 0.288217663765, 0.320339500904, 0.231381252408, 0.198283866048, 0.16120390594, 0.105197697878, 0.134335637093, 0.235394001007, 0.26668548584, 0.269018530846],
        "median": [0.310144066811, 0.293865382671, 0.310212910175, 0.122177533805, 0.0994516462088, 0.122823089361, 0.0907170623541, 0.0851359143853, 0.0823715105653, 0.102908879519, 0.0783001333475, 0.0570909306407, 0.0638687163591, 0.0421081222594, 0.0705535113811, 0.074243478477, 0.0926529616117, 0.138750880957, 0.180577278137, 0.169628769159, 0.156581833959, 0.116120249033, 0.0819002240896, 0.141159057617, 0.259003371, 0.278153240681, 0.183500319719, 0.127088978887, 0.0742830261588, 0.0736429691315, 0.0745772495866, 0.0524438992143, 0.0592908374965, 0.124142587185, 0.198652863503, 0.178611844778],
        "min": [0, 0, 0, 0, 0, 0, 0, 0, 0.00460005551577, 0.00322421384044, 0.00564029952511, 0.0116764428094, 0, 0, 0, 0, 0, 0, 0.0238502789289, 0.0177483819425, 0.0198266301304, 0.0162078868598, 0, 0, 0, 0, 0, 0, 0, 0, 0, 0, 0, 0, 0, 0],
