{
"metadata": {
    "version": {
        "essentia": "2.1-beta3"
    }
},
"lowLevel": {
    "average_loudness": 0.728157877922,
    "barkbands_kurtosis": {
        "kurt": 23.28947258,
        "max": 47.7611808777,
        "mean": 3.57568454742,
        "median": 2.53432798386,
        "min": -1.50276637077,
        "skew": 3.6481897831,
        "var": 17.4890422821
    },
    "barkbands_skewness": {
        "kurt": 1.5332159996,
        "max": 5.38982200623,
        "mean": 0.96447956562,
        "median": 0.924983084202,
        "min": -1.85083723068,
        "skew": 0.724693834782,
        "var": 0.840164601803
    },
    "barkbands_spread": {
        "kurt": 1.45684432983,
        "max": 29.4340839386,
        "mean": 6.5294213295,
        "median": 4.64456701279,
        "min": 0.641148030758,
        "skew": 1.35064411163,
        "var": 22.4007053375
    },
    "dissonance": {
        "kurt": 4.71506929398,
        "max": 0.499999880791,
        "mean": 0.46381804347,
        "median": 0.47477376461,
        "min": 0.223563358188,
        "skew": -1.82715380192,
        "var": 0.00143655680586
    },
    "hfc": {
        "kurt": 47.9492607117,
        "max": 1.85133075714,
        "mean": 0.0589524805546,
        "median": 0.00466109625995,
        "min": 1.20626147307e-16,
        "skew": 5.74713754654,
        "var": 0.0206271503121
    },
    "pitch": {
        "kurt": 6.84611415863,
        "max": 4469.8125,
        "mean": 828.58001709,
        "median": 672.186828613,
        "min": 73.6706085205,
        "skew": 2.8238465786,
        "var": 1020165.9375
    },
    "pitch_instantaneous_confidence": {
        "kurt": -0.566021442413,
        "max": 0.939589619637,
        "mean": 0.471403330564,
        "median": 0.445198655128,
        "min": 0.109593391418,
        "skew": 0.468494355679,
        "var": 0.0319545902312
    },
    "pitch_salience": {
        "kurt": 1.6058306694,
        "max": 0.937253117561,
        "mean": 0.686004161835,
        "median": 0.713158428669,
        "min": 0.199580386281,
        "skew": -1.1958425045,
        "var": 0.0130660273135
    },
    "silence_rate_20dB": {
        "kurt": 0,
        "max": 1,
        "mean": 1,
        "median": 1,
        "min": 1,
        "skew": 0,
        "var": 0
    },
    "silence_rate_30dB": {
        "kurt": 0,
        "max": 1,
        "mean": 1,
        "median": 1,
        "min": 1,
        "skew": 0,
        "var": 0
    },
    "silence_rate_60dB": {
        "kurt": 0,
        "max": 1,
        "mean": 1,
        "median": 1,
        "min": 1,
        "skew": 0,
        "var": 0
    },
    "spectral_centroid": {
        "kurt": 13.4638080597,
        "max": 11162.171875,
        "mean": 1136.48632812,
        "median": 854.30279541,
        "min": 416.729553223,
        "skew": 3.49939036369,
        "var": 1241541.375
    },
    "spectral_complexity": {
        "kurt": 14.1193675995,
        "max": 4,
        "mean": 0.198146000504,
        "median": 0,
        "min": 0,
        "skew": 3.55623292923,
        "var": 0.33038008213
    },
    "spectral_crest": {
        "kurt": 0.00343322753906,
        "max": 24.4720439911,
        "mean": 10.7959098816,
        "median": 9.74165248871,
        "min": 3.49967741966,
        "skew": 0.856093585491,
        "var": 21.5293235779
    },
    "spectral_decrease": {
        "kurt": 69.3451919556,
        "max": -5.42220538753e-29,
        "mean": -1.75250803452e-11,
        "median": -1.36741984923e-12,
        "min": -6.89614809701e-10,
        "skew": -7.01481342316,
        "var": 2.28036307124e-21
    },
    "spectral_energy": {
        "kurt": 67.7925109863,
        "max": 0.00277068535797,
        "mean": 7.14908601367e-05,
        "median": 5.57049816052e-06,
        "min": 1.11457950806e-20,
        "skew": 6.92527866364,
        "var": 3.72838080409e-08
    },
    "spectral_energyband_high": {
        "kurt": 45.1033821106,
        "max": 9.25542337882e-07,
        "mean": 3.49817064205e-08,
        "median": 1.01872359437e-08,
        "min": 7.97847204757e-21,
        "skew": 5.32031106949,
        "var": 4.64797683103e-15
    },
    "spectral_energyband_low": {
        "kurt": 10.9742145538,
        "max": 4.85867303723e-07,
        "mean": 5.29070547373e-08,
        "median": 3.80957310142e-08,
        "min": 1.11429152461e-22,
        "skew": 2.70890331268,
        "var": 3.10549256463e-15
    },
    "spectral_energyband_middle_high": {
        "kurt": 18.0875740051,
        "max": 0.000532161735464,
        "mean": 2.67837822321e-05,
        "median": 2.07810921893e-06,
        "min": 1.50694627025e-21,
        "skew": 3.74010372162,
        "var": 3.27431037839e-09
    },
    "spectral_energyband_middle_low": {
        "kurt": 95.939453125,
        "max": 0.00247357692569,
        "mean": 4.668263864e-05,
        "median": 2.91056448987e-06,
        "min": 4.36190502257e-22,
        "skew": 8.49848365784,
        "var": 2.47540370424e-08
    },
    "spectral_flatness_db": {
        "kurt": -0.879291534424,
        "max": 0.455502480268,
        "mean": 0.259839773178,
        "median": 0.257800489664,
        "min": 0.0668529942632,
        "skew": 0.100888125598,
        "var": 0.00486735999584
    },
    "spectral_flux": {
        "kurt": 6.87623977661,
        "max": 0.0330948270857,
        "mean": 0.00343259214424,
        "median": 0.00153880845755,
        "min": 1.05573647047e-10,
        "skew": 2.20277261734,
        "var": 1.79765520443e-05
    },
    "spectral_kurtosis": {
        "kurt": 0.987892866135,
        "max": 108.315254211,
        "mean": 22.6992702484,
        "median": 19.2443962097,
        "min": -1.19934594631,
        "skew": 1.02247440815,
        "var": 331.13885498
    },
    "spectral_rms": {
        "kurt": 7.7161397934,
        "max": 0.00164411298465,
        "mean": 0.00016526071704,
        "median": 7.37199588912e-05,
        "min": 3.29756686367e-12,
        "skew": 2.31093025208,
        "var": 4.24360955265e-08
    },
    "spectral_rolloff": {
        "kurt": 24.1672134399,
        "max": 18820.0195312,
        "mean": 1506.30151367,
        "median": 1119.7265625,
        "min": 495.263671875,
        "skew": 4.07937240601,
        "var": 2309228.75
    },
    "spectral_skewness": {
        "kurt": -0.417052030563,
        "max": 8.42576122284,
        "mean": 3.41967892647,
        "median": 3.50484061241,
        "min": 0.00864573847502,
        "skew": 0.160024106503,
        "var": 2.0263171196
    },
    "spectral_spread": {
        "kurt": 64.3929290771,
        "max": 40602412,
        "mean": 2761424.5,
        "median": 1873244.25,
        "min": 775495.9375,
        "skew": 5.41507911682,
        "var": 6.09444534682e+12
    },
    "spectral_strongpeak": {
        "kurt": 11.1180515289,
        "max": 0.746549725533,
        "mean": 0.0644416436553,
        "median": 0.0220526475459,
        "min": 2.26249996516e-09,
        "skew": 2.97378587723,
        "var": 0.0107051851228
    },
    "zerocrossingrate": {
        "kurt": 13.5511074066,
        "max": 0.4892578125,
        "mean": 0.057711109519,
        "median": 0.04296875,
        "min": 0.0224609375,
        "skew": 3.55178236961,
        "var": 0.00288037327118
    },
    "barkbands": {
        "kurt": [42.8686332703, 4.35932159424, 23.5330886841, 5.645403862, 66.6282424927, 79.3969650269, 251.527801514, 118.79045105, 34.4745292664, 102.280342102, 30.017539978, 47.2072601318, 36.2907752991, 46.8730125427, 86.399230957, 45.6431388855, 104.969352722, 209.788131714, 110.670387268, 214.625427246, 23.7575054169, 170.822219849, 14.7636241913, 21.6179103851, 53.6251182556, 158, 135.333328247],
        "max": [3.17377679693e-10, 8.76971171238e-08, 2.40377801219e-07, 5.42338455034e-07, 2.76583364212e-06, 5.33064121555e-06, 0.000142145523569, 0.00196728622541, 0.000500603462569, 0.000518637592904, 0.000105950646685, 0.000284420326352, 9.22256003832e-05, 3.15016077366e-05, 6.51455193292e-05, 1.83673128049e-05, 4.61260242446e-06, 6.59451234242e-06, 2.62540402218e-06, 8.21668095341e-07, 3.18548188716e-07, 3.40000696042e-07, 2.70399898028e-08, 1.59709259151e-08, 9.75451719398e-10, 1.35217601005e-10, 1.4380191482e-10],
        "mean": [1.35174527821e-11, 1.36286359975e-08, 1.7222610893e-08, 5.71727873933e-08, 1.15246692189e-07, 1.67730405565e-07, 1.37538859235e-06, 2.17449105548e-05, 1.87679634109e-05, 1.0388451301e-05, 4.38824235971e-06, 8.07567266747e-06, 3.17538865602e-06, 9.56467488322e-07, 1.40987606301e-06, 5.99643783517e-07, 8.36675937421e-08, 6.7248286939e-08, 4.35671481114e-08, 1.69073413048e-08, 1.65833959898e-08, 7.00078750526e-09, 2.05267913778e-09, 8.39024627552e-10, 4.05355124466e-11, 2.46939448056e-12, 2.13038939788e-12],
        "median": [6.70823206012e-12, 8.94682905539e-09, 1.14834444176e-08, 2.45975328994e-08, 6.59419612248e-08, 7.2930681938e-08, 1.30623504901e-07, 2.60375543348e-07, 1.49422453433e-06, 8.35474509131e-07, 3.85572235473e-07, 2.90710232775e-07, 1.73964224359e-07, 6.46319762154e-08, 7.93643764041e-08, 3.66565444665e-08, 1.20287593219e-08, 7.84560505451e-09, 7.85367681999e-09, 5.66614843933e-09, 4.27642588008e-09, 1.79723813609e-09, 6.2796973177e-10, 1.9971632681e-10, 1.45584880956e-11, 4.78988214109e-13, 7.30786484386e-14],
        "min": [5.39263815973e-24, 5.99446819071e-23, 1.82775064326e-23, 5.3614893558e-23, 5.2086402979e-23, 5.98281513742e-23, 1.43278168264e-22, 2.26565774472e-23, 9.08789535376e-23, 8.32793452557e-23, 7.42364307508e-23, 1.59679179707e-22, 6.77287069359e-23, 7.19819798796e-23, 1.77552344439e-22, 1.72259655745e-22, 2.05022879296e-22, 1.79947717422e-22, 1.71088304586e-22, 2.95439869576e-22, 4.12934706066e-22, 5.25505258216e-22, 7.35436316468e-22, 1.03486423764e-21, 1.37801322832e-21, 1.91463312017e-21, 2.13616343771e-21],
        "skew": [5.79693174362, 1.91098403931, 3.40168261528, 2.18120598793, 7.0011844635, 7.51573848724, 13.6879072189, 9.97211933136, 5.14501619339, 8.32274341583, 4.97536182404, 6.27114915848, 5.22366285324, 5.77022790909, 8.17493247986, 5.89128017426, 8.90629482269, 13.1695261002, 9.69641494751, 11.6435499191, 4.29723596573, 10.3640184402, 3.47555994987, 4.11637639999, 6.32845592499, 9.83600330353, 10.1656150818],
        "var": [7.23442752944e-22, 2.14358800015e-16, 3.89704030104e-16, 5.81980032674e-15, 4.28358418886e-14, 1.27759226267e-13, 4.38157773952e-11, 1.51007437665e-08, 2.27196861324e-09, 9.85473924686e-10, 1.20149487581e-10, 6.90279555737e-10, 6.8531853803e-11, 6.61620888284e-12, 2.09700590226e-11, 2.7819164073e-12, 8.40805289976e-14, 1.14789593304e-13, 3.17179144277e-14, 1.51943004128e-15, 1.09602887001e-15, 2.95631253962e-16, 1.33606783294e-17, 2.87137282841e-18, 7.25026230283e-21, 5.70889928084e-23, 6.31730983171e-23],
        "cov": [[7.2428205046e-22, 5.49448388787e-20, 2.92184878525e-20, 1.11275373304e-19, 2.51116110744e-19, 2.13207064336e-18, 6.2973935013e-17, 1.65458410065e-15, 4.48479487495e-16, 1.73641807127e-16, 8.44888895107e-17, 3.61938157744e-16, 9.88088682216e-17, 2.91402528e-17, 5.78888322712e-17, 1.81424084457e-17, 3.43444252959e-18, 4.0474042498e-18, 2.29147000176e-18, 3.62182065182e-19, 3.12808636696e-19, 2.39844689224e-19, 4.16470930448e-20, 2.51369282942e-20, 5.27286493518e-22, 6.29583640679e-23, 6.48797199995e-23], [5.49448388787e-20, 2.1460747036e-16, 1.29398894011e-16, 3.07452578123e-16, 2.9231914338e-16, 8.03757173711e-17, 9.39741444485e-16, 1.39526966912e-13, 8.22489388337e-14, 5.73113063083e-14, 1.03378685617e-14, 2.88908504867e-14, 1.26081294656e-14, 5.75973213825e-15, 6.4945281378e-15, 2.45921320214e-15, 6.94928435119e-16, 2.340732404e-16, 7.17793983651e-17, 7.09123410296e-17, 8.00605483229e-17, 2.76424669387e-17, 8.58776430411e-18, 3.11401054467e-18, 1.22493713094e-19, 1.21199052651e-20, 1.24588982588e-20], [2.92184878525e-20, 1.29398894011e-16, 3.90156133939e-16, 5.28643956172e-16, 8.41675463863e-16, 9.06718488608e-16, 5.91316612154e-16, 3.87163683003e-14, 5.16026913379e-15, -2.79169438624e-15, 1.50593886048e-14, 7.04793033762e-16, 5.09314558437e-16, 5.90060938749e-16, 8.3976868682e-16, 4.42328731279e-16, 1.8525686553e-16, 1.18241471628e-16, 9.24246684016e-17, 5.34652688786e-17, 3.326266951e-17, 1.33821171965e-17, 2.01678937652e-18, 5.74800983423e-19, 5.23160459673e-20, 9.48918233292e-22, 7.5965300835e-22], [1.11275373304e-19, 3.07452578123e-16, 5.28643956172e-16, 5.82655160285e-15, 2.86006646223e-15, 2.51723390023e-15, -1.09298912287e-14, 4.09537963438e-13, 2.19570265832e-13, 8.70152338855e-14, 4.39982048733e-14, 1.11335291301e-13, 2.72568138172e-14, 1.89869855136e-14, 3.9019157168e-15, 1.32871186994e-14, 1.20375028508e-15, 4.45469079461e-16, 2.95403110932e-16, 4.17482025622e-16, 3.47930456258e-16, 8.86640075519e-17, 2.15997272755e-17, 1.21184375106e-17, 6.85446058025e-19, 1.16784719301e-20, 4.81646873902e-21], [2.51116110744e-19, 2.9231914338e-16, 8.41675463863e-16, 2.86006646223e-15, 4.28855356175e-14, 3.00342467097e-14, 2.11665767921e-13, 1.19262412446e-12, 3.72064548225e-13, 4.15986858946e-14, 2.71557509281e-14, 2.43987474538e-13, -2.93512099289e-15, 1.47461846201e-14, 5.21303174781e-14, 4.57794679393e-16, 2.65555056887e-15, 2.46517440826e-15, 1.31076019247e-15, 4.24996399005e-16, 5.818784946e-16, 1.74195899023e-16, 4.6727422877e-17, 2.97163377745e-17, 9.66067442726e-19, 8.35244072562e-20, 7.28473279304e-20], [2.13207064336e-18, 8.03757173711e-17, 9.06718488608e-16, 2.51723390023e-15, 3.00342467097e-14, 1.27907436704e-13, 6.38512246548e-13, 9.54639232248e-12, 1.2745415617e-12, 3.77084865069e-13, 3.39199642766e-13, 1.3306569388e-12, 2.25782893358e-13, 8.80813908681e-14, 1.96816507861e-13, 3.23294654394e-14, 1.24008977729e-14, 1.22353909231e-14, 6.34856233813e-15, 1.23336001582e-15, 1.09793077662e-15, 7.49817387711e-16, 1.5417439596e-16, 8.5413253919e-17, 1.74662329627e-18, 3.07505685186e-19, 3.14718389935e-19], [6.2973935013e-17, 9.39741444485e-16, 5.91316612154e-16, -1.09298912287e-14, 2.11665767921e-13, 6.38512246548e-13, 4.38666082625e-11, 3.17527865112e-10, 3.63563242012e-11, 1.55808664581e-11, 1.57214189583e-11, 5.29199149779e-11, 1.03480774297e-11, 3.60374122037e-12, 7.80576644988e-12, 2.16709376138e-12, 6.61843789409e-13, 8.4326274262e-13, 4.50876179925e-13, 7.8084796116e-14, 4.68664041223e-14, 3.4928894358e-14, 5.32238276957e-15, 3.87454045898e-15, 6.37958878441e-17, 1.10000256296e-17, 1.15086689144e-17], [1.65458410065e-15, 1.39526966912e-13, 3.87163683003e-14, 4.09537963438e-13, 1.19262412446e-12, 9.54639232248e-12, 3.17527865112e-10, 1.51182621977e-08, 2.61262655954e-09, 3.20440063373e-10, 2.67607741522e-10, 1.9478390012e-09, 2.99485714006e-10, 7.77901215665e-11, 2.13303139041e-10, 5.01928498764e-11, 2.15492294148e-11, 1.79633825176e-11, 9.40396111676e-12, 1.72680142754e-12, 1.62454392386e-12, 1.2683014361e-12, 1.73572419458e-13, 1.25389431368e-13, 2.37978586388e-15, 4.54282986672e-16, 4.77447908412e-16], [4.48479487495e-16, 8.22489388337e-14, 5.16026913379e-15, 2.19570265832e-13, 3.72064548225e-13, 1.2745415617e-12, 3.63563242012e-11, 2.61262655954e-09, 2.2746042827e-09, 5.32679012011e-10, 1.39856709547e-10, 5.4039978048e-10, 1.95333874076e-10, 4.55932687438e-11, 8.29912735756e-11, 3.89010143542e-11, 5.89892718006e-12, 4.09723470429e-12, 2.24440106257e-12, 7.24150503017e-13, 8.39661890364e-13, 3.97976248311e-13, 9.1967550925e-14, 4.6833230924e-14, 1.26556314968e-15, 1.41729430557e-16, 1.45284732239e-16], [1.73641807127e-16, 5.73113063083e-14, -2.79169438624e-15, 8.70152338855e-14, 4.15986858946e-14, 3.77084865069e-13, 1.55808664581e-11, 3.20440063373e-10, 5.32679012011e-10, 9.86617121335e-10, 1.57637430886e-10, 1.82147963379e-10, 1.11368372857e-10, 4.63264357431e-11, 3.6066278436e-11, 2.13584826908e-11, 3.76214727774e-12, 1.38683574173e-12, 7.35187681133e-13, 3.36703158844e-13, 2.97223888297e-13, 1.8408477596e-13, 6.11027274242e-14, 2.13222655135e-14, 8.08728952709e-16, 4.9191769284e-17, 4.8382869363e-17], [8.44888895107e-17, 1.03378685617e-14, 1.50593886048e-14, 4.39982048733e-14, 2.71557509281e-14, 3.39199642766e-13, 1.57214189583e-11, 2.67607741522e-10, 1.39856709547e-10, 1.57637430886e-10, 1.20288876082e-10, 1.20398815917e-10, 4.24491206075e-11, 1.25368031928e-11, 2.37424524485e-11, 7.22089315425e-12, 1.05689448079e-12, 1.26092669292e-12, 6.59334999792e-13, 1.9122394911e-13, 1.6386267072e-13, 7.42606727521e-14, 1.74251668731e-14, 9.22465042856e-15, 3.27895691835e-16, 2.55195045878e-17, 2.61886440725e-17], [3.61938157744e-16, 2.88908504867e-14, 7.04793033762e-16, 1.11335291301e-13, 2.43987474538e-13, 1.3306569388e-12, 5.29199149779e-11, 1.9478390012e-09, 5.4039978048e-10, 1.82147963379e-10, 1.20398815917e-10, 6.91080304094e-10, 1.06137883205e-10, 2.77744112431e-11, 8.43478550894e-11, 1.74270563258e-11, 4.7921710003e-12, 5.85754448418e-12, 2.76950077455e-12, 4.93223138113e-13, 4.60938578972e-13, 3.14785442721e-13, 4.45844262117e-14, 3.03743168855e-14, 6.37958746092e-16, 9.73179711204e-17, 1.01221224673e-16], [9.88088682216e-17, 1.26081294656e-14, 5.09314558437e-16, 2.72568138172e-14, -2.93512099289e-15, 2.25782893358e-13, 1.03480774297e-11, 2.99485714006e-10, 1.95333874076e-10, 1.11368372857e-10, 4.24491206075e-11, 1.06137883205e-10, 6.86113596493e-11, 1.45512204716e-11, 1.86765464205e-11, 8.10619973923e-12, 1.2130575407e-12, 1.19644572028e-12, 6.72046511323e-13, 1.65286824483e-13, 1.29515986152e-13, 7.98862048019e-14, 1.98934971144e-14, 8.28707304737e-15, 2.40206235394e-16, 2.03592591048e-17, 2.07205732507e-17], [2.91402528e-17, 5.75973213825e-15, 5.90060938749e-16, 1.89869855136e-14, 1.47461846201e-14, 8.80813908681e-14, 3.60374122037e-12, 7.77901215665e-11, 4.55932687438e-11, 4.63264357431e-11, 1.25368031928e-11, 2.77744112431e-11, 1.45512204716e-11, 6.62388416686e-12, 5.91948235221e-12, 2.31786638494e-12, 4.02967318801e-13, 3.01981177694e-13, 1.63038514438e-13, 4.47776954133e-14, 4.27080110643e-14, 2.45988142643e-14, 6.07131236087e-15, 2.54550426012e-15, 8.69168035748e-17, 5.15632878284e-18, 5.1142492779e-18], [5.78888322712e-17, 6.4945281378e-15, 8.3976868682e-16, 3.9019157168e-15, 5.21303174781e-14, 1.96816507861e-13, 7.80576644988e-12, 2.13303139041e-10, 8.29912735756e-11, 3.6066278436e-11, 2.37424524485e-11, 8.43478550894e-11, 1.86765464205e-11, 5.91948235221e-12, 2.09943867846e-11, 2.41671548225e-12, 8.01437692252e-13, 7.44995861876e-13, 3.81056622888e-13, 7.66225665273e-14, 8.50206542538e-14, 3.96727904705e-14, 7.60422811958e-15, 4.75646226981e-15, 1.14734556703e-16, 1.40868312379e-17, 1.44975297207e-17], [1.81424084457e-17, 2.45921320214e-15, 4.42328731279e-16, 1.32871186994e-14, 4.57794679393e-16, 3.23294654394e-14, 2.16709376138e-12, 5.01928498764e-11, 3.89010143542e-11, 2.13584826908e-11, 7.22089315425e-12, 1.74270563258e-11, 8.10619973923e-12, 2.31786638494e-12, 2.41671548225e-12, 2.78514364349e-12, 2.48650600977e-13, 2.92482292726e-13, 1.54281860724e-13, 3.76921699418e-14, 2.23138344689e-14, 1.47824274658e-14, 3.65007249279e-15, 1.66678328091e-15, 4.3871475933e-17, 3.25484983128e-18, 3.28981082666e-18], [3.43444252959e-18, 6.94928435119e-16, 1.8525686553e-16, 1.20375028508e-15, 2.65555056887e-15, 1.24008977729e-14, 6.61843789409e-13, 2.15492294148e-11, 5.89892718006e-12, 3.76214727774e-12, 1.05689448079e-12, 4.7921710003e-12, 1.2130575407e-12, 4.02967318801e-13, 8.01437692252e-13, 2.48650600977e-13, 8.41780733118e-14, 5.89044668619e-14, 2.84032356418e-14, 6.56994752791e-15, 5.42799549611e-15, 3.48767531274e-15, 6.4203879792e-16, 3.53312662423e-16, 8.86335276007e-18, 1.2969841487e-18, 1.34941995492e-18], [4.0474042498e-18, 2.340732404e-16, 1.18241471628e-16, 4.45469079461e-16, 2.46517440826e-15, 1.22353909231e-14, 8.4326274262e-13, 1.79633825176e-11, 4.09723470429e-12, 1.38683574173e-12, 1.26092669292e-12, 5.85754448418e-12, 1.19644572028e-12, 3.01981177694e-13, 7.44995861876e-13, 2.92482292726e-13, 5.89044668619e-14, 1.14922760436e-13, 5.23672901917e-14, 8.74385843407e-15, 4.44808637284e-15, 4.31421874476e-15, 4.49263945883e-16, 3.43991356006e-16, 7.13595975868e-18, 7.40002858724e-19, 7.61478638775e-19], [2.29147000176e-18, 7.17793983651e-17, 9.24246684016e-17, 2.95403110932e-16, 1.31076019247e-15, 6.34856233813e-15, 4.50876179925e-13, 9.40396111676e-12, 2.24440106257e-12, 7.35187681133e-13, 6.59334999792e-13, 2.76950077455e-12, 6.72046511323e-13, 1.63038514438e-13, 3.81056622888e-13, 1.54281860724e-13, 2.84032356418e-14, 5.23672901917e-14, 3.1754709539e-14, 3.97781495107e-15, 2.24643852579e-15, 2.04822138118e-15, 2.33833265378e-16, 1.87759583191e-16, 3.42252389094e-18, 4.00528814212e-19, 4.11712554587e-19], [3.62182065182e-19, 7.09123410296e-17, 5.34652688786e-17, 4.17482025622e-16, 4.24996399005e-16, 1.23336001582e-15, 7.8084796116e-14, 1.72680142754e-12, 7.24150503017e-13, 3.36703158844e-13, 1.9122394911e-13, 4.93223138113e-13, 1.65286824483e-13, 4.47776954133e-14, 7.66225665273e-14, 3.76921699418e-14, 6.56994752791e-15, 8.74385843407e-15, 3.97781495107e-15, 1.52119271684e-15, 7.68617760431e-16, 3.89722347191e-16, 7.69602820044e-17, 4.28971729767e-17, 1.55513170825e-18, 8.93007387206e-20, 8.74425485603e-20], [3.12808636696e-19, 8.00605483229e-17, 3.326266951e-17, 3.47930456258e-16, 5.818784946e-16, 1.09793077662e-15, 4.68664041223e-14, 1.62454392386e-12, 8.39661890364e-13, 2.97223888297e-13, 1.6386267072e-13, 4.60938578972e-13, 1.29515986152e-13, 4.27080110643e-14, 8.50206542538e-14, 2.23138344689e-14, 5.42799549611e-15, 4.44808637284e-15, 2.24643852579e-15, 7.68617760431e-16, 1.09730037234e-15, 3.63922994167e-16, 7.2470041237e-17, 4.23195990771e-17, 1.75465914912e-18, 1.24842091778e-19, 1.26961535302e-19], [2.39844689224e-19, 2.76424669387e-17, 1.33821171965e-17, 8.86640075519e-17, 1.74195899023e-16, 7.49817387711e-16, 3.4928894358e-14, 1.2683014361e-12, 3.97976248311e-13, 1.8408477596e-13, 7.42606727521e-14, 3.14785442721e-13, 7.98862048019e-14, 2.45988142643e-14, 3.96727904705e-14, 1.47824274658e-14, 3.48767531274e-15, 4.31421874476e-15, 2.04822138118e-15, 3.89722347191e-16, 3.63922994167e-16, 2.95974196427e-16, 4.03190197522e-17, 2.30180376236e-17, 7.0931905919e-19, 5.40849652449e-20, 5.39738871671e-20], [4.16470930448e-20, 8.58776430411e-18, 2.01678937652e-18, 2.15997272755e-17, 4.6727422877e-17, 1.5417439596e-16, 5.32238276957e-15, 1.73572419458e-13, 9.1967550925e-14, 6.11027274242e-14, 1.74251668731e-14, 4.45844262117e-14, 1.98934971144e-14, 6.07131236087e-15, 7.60422811958e-15, 3.65007249279e-15, 6.4203879792e-16, 4.49263945883e-16, 2.33833265378e-16, 7.69602820044e-17, 7.2470041237e-17, 4.03190197522e-17, 1.33761780397e-17, 4.67505690449e-18, 1.70389383416e-19, 1.23875353518e-20, 1.22205094915e-20], [2.51369282942e-20, 3.11401054467e-18, 5.74800983423e-19, 1.21184375106e-17, 2.97163377745e-17, 8.5413253919e-17, 3.87454045898e-15, 1.25389431368e-13, 4.6833230924e-14, 2.13222655135e-14, 9.22465042856e-15, 3.03743168855e-14, 8.28707304737e-15, 2.54550426012e-15, 4.75646226981e-15, 1.66678328091e-15, 3.53312662423e-16, 3.43991356006e-16, 1.87759583191e-16, 4.28971729767e-17, 4.23195990771e-17, 2.30180376236e-17, 4.67505690449e-18, 2.87470388473e-18, 8.94666336699e-20, 7.80030509844e-21, 7.84923880934e-21], [5.27286493518e-22, 1.22493713094e-19, 5.23160459673e-20, 6.85446058025e-19, 9.66067442726e-19, 1.74662329627e-18, 6.37958878441e-17, 2.37978586388e-15, 1.26556314968e-15, 8.08728952709e-16, 3.27895691835e-16, 6.37958746092e-16, 2.40206235394e-16, 8.69168035748e-17, 1.14734556703e-16, 4.3871475933e-17, 8.86335276007e-18, 7.13595975868e-18, 3.42252389094e-18, 1.55513170825e-18, 1.75465914912e-18, 7.0931905919e-19, 1.70389383416e-19, 8.94666336699e-20, 7.25867304945e-21, 2.4776285827e-22, 2.18282608749e-22], [6.29583640679e-23, 1.21199052651e-20, 9.48918233292e-22, 1.16784719301e-20, 8.35244072562e-20, 3.07505685186e-19, 1.10000256296e-17, 4.54282986672e-16, 1.41729430557e-16, 4.9191769284e-17, 2.55195045878e-17, 9.73179711204e-17, 2.03592591048e-17, 5.15632878284e-18, 1.40868312379e-17, 3.25484983128e-18, 1.2969841487e-18, 7.40002858724e-19, 4.00528814212e-19, 8.93007387206e-20, 1.24842091778e-19, 5.40849652449e-20, 1.23875353518e-20, 7.80030509844e-21, 2.4776285827e-22, 5.71552192591e-23, 5.97991591582e-23], [6.48797199995e-23, 1.24588982588e-20, 7.5965300835e-22, 4.81646873902e-21, 7.28473279304e-20, 3.14718389935e-19, 1.15086689144e-17, 4.77447908412e-16, 1.45284732239e-16, 4.8382869363e-17, 2.61886440725e-17, 1.01221224673e-16, 2.07205732507e-17, 5.1142492779e-18, 1.44975297207e-17, 3.28981082666e-18, 1.34941995492e-18, 7.61478638775e-19, 4.11712554587e-19, 8.74425485603e-20, 1.26961535302e-19, 5.39738871671e-20, 1.22205094915e-20, 7.84923880934e-21, 2.18282608749e-22, 5.97991591582e-23, 6.32463803398e-23]]
    },
    "mfcc": {
        "kurt": [-0.889144659042, -0.897460222244, -0.508563995361, -1.38115000725, -0.777101993561, 1.29018735886, 0.18132352829, 0.226054906845, -0.144202232361, -0.179706573486, 1.09861087799, 0.760924577713, -0.168630123138],
        "max": [-881.102478027, 145.254272461, 39.8025550842, 21.074344635, 12.868560791, 16.6373977661, 16.7174720764, 24.1223392487, 35.6635856628, 28.8753910065, 30.1116294861, 25.3956928253, 14.1419029236],
        "mean": [-1049.1817627, 74.3046112061, -11.5579137802, -41.5190925598, -24.9548721313, -8.05669975281, -3.33949303627, 0.263982862234, 5.19028091431, 3.84381175041, -2.18917107582, -5.09041404724, -3.7462439537],
        "median": [-1055.88391113, 75.7288284302, -3.09101867676, -39.8862380981, -28.0682487488, -7.39604949951, -1.9042930603, -5.34057617188e-05, 3.83562088013, 2.66036224365, -2.3423576355, -5.12786865234, -3.34886169434],
        "min": [-1138.42004395, 1.14440917969e-05, -108.353713989, -115.763801575, -61.4612121582, -45.9299583435, -35.1224594116, -23.9617156982, -19.8018493652, -14.7642364502, -24.9410305023, -26.9972076416, -21.0905418396],
        "skew": [0.249345883727, -0.322090983391, -0.608901023865, -0.038342654705, 0.357726603746, -0.824849665165, -0.437521487474, -0.0331981703639, 0.349220752716, 0.335150122643, 0.446331828833, 0.137265652418, -0.0779463797808],
        "var": [3290.68066406, 1486.24536133, 890.974914551, 1279.95837402, 246.268432617, 83.3402175903, 70.2546310425, 56.4301490784, 89.0709838867, 69.3323059082, 57.5512275696, 55.7158584595, 38.510848999],
        "cov": [[3294.49829102, 2139.17602539, -1453.62780762, -1864.57800293, -675.798706055, -132.040161133, -170.000808716, -46.1009979248, 241.401535034, 268.670410156, 105.942123413, 1.74973201752, 33.9345970154], [2139.17602539, 1487.96960449, -807.952148438, -1206.97973633, -479.688018799, -90.2604141235, -111.171340942, -42.4384231567, 143.851394653, 159.70930481, 38.381149292, -26.9106254578, 8.9169216156], [-1453.62780762, -807.952148438, 892.008544922, 942.90423584, 278.778625488, 19.3813686371, 49.075088501, -13.8091535568, -152.969848633, -161.873977661, -80.6016921997, -24.5220241547, -33.9883575439], [-1864.57800293, -1206.97973633, 942.90423584, 1281.44335938, 480.049713135, 23.1540718079, 41.5503501892, -11.1809329987, -195.714431763, -197.737442017, -46.397769928, 27.836648941, -17.8422336578], [-675.798706055, -479.688018799, 278.778625488, 480.049713135, 246.554122925, 48.5173530579, 13.3915290833, -9.00967407227, -66.970413208, -66.1173934937, -10.8642683029, 19.2456283569, -0.397880673409], [-132.040161133, -90.2604141235, 19.3813686371, 23.1540718079, 48.5173530579, 83.4369049072, 50.2646369934, 11.8069858551, 15.1713075638, 5.10842180252, -23.3547344208, -21.9453277588, -11.1991710663], [-170.000808716, -111.171340942, 49.075088501, 41.5503501892, 13.3915290833, 50.2646369934, 70.3361358643, 43.0918006897, 15.2830352783, -1.67409729958, -20.3262271881, -23.0826740265, -13.9970817566], [-46.1009979248, -42.4384231567, -13.8091535568, -11.1809329987, -9.00967407227, 11.8069858551, 43.0918006897, 56.4956130981, 39.8242149353, 12.5511026382, -7.7834649086, -12.2163705826, -7.18579292297], [241.401535034, 143.851394653, -152.969848633, -195.714431763, -66.970413208, 15.1713075638, 15.2830352783, 39.8242149353, 89.1743164062, 63.4024734497, -1.09532082081, -18.4902706146, -9.42877864838], [268.670410156, 159.70930481, -161.873977661, -197.737442017, -66.1173934937, 5.10842180252, -1.67409729958, 12.5511026382, 63.4024734497, 69.4127349854, 26.0800380707, -3.01066660881, -5.6092915535], [105.942123413, 38.381149292, -80.6016921997, -46.397769928, -10.8642683029, -23.3547344208, -20.3262271881, -7.7834649086, -1.09532082081, 26.0800380707, 57.6179924011, 42.8988456726, 12.1991939545], [1.74973201752, -26.9106254578, -24.5220241547, 27.836648941, 19.2456283569, -21.9453277588, -23.0826740265, -12.2163705826, -18.4902706146, -3.01066660881, 42.8988456726, 55.7804946899, 29.7780990601], [33.9345970154, 8.9169216156, -33.9883575439, -17.8422336578, -0.397880673409, -11.1991710663, -13.9970817566, -7.18579292297, -9.42877864838, -5.6092915535, 12.1991939545, 29.7780990601, 38.5555267334]]
    },
    "sccoeffs": {
        "kurt": [0.65118932724, 0.623732089996, 0.0911779403687, -0.263145208359, 1.0744562149, 1.10835981369],
        "max": [-0.607510209084, -0.394075155258, -0.639982283115, -0.69695943594, -0.749130427837, -0.762955963612],
        "mean": [-0.797124147415, -0.811689794064, -0.845746815205, -0.851715385914, -0.877964317799, -0.828311383724],
        "median": [-0.797923445702, -0.832984864712, -0.84872853756, -0.855560064316, -0.886508345604, -0.825825273991],
        "min": [-0.967806100845, -0.962897062302, -0.959695458412, -0.958685696125, -0.961229503155, -0.95979899168],
        "skew": [0.135377764702, 0.923553109169, 0.317323237658, 0.341548740864, 1.07924056053, -1.01759183407],
        "var": [0.00213932455517, 0.00864059571177, 0.00278912833892, 0.00205982127227, 0.00103899056558, 0.00118621322326],
        "cov": [[0.002141806297, 0.000908822112251, 0.000748736958485, 0.000475635519251, 0.000289128540317, 0.000690111715812], [0.000908822112251, 0.00865061953664, 0.00276394444518, 0.00306476466358, 0.00220503378659, 0.00218632328324], [0.000748736958485, 0.00276394444518, 0.00279236398637, 0.00154806312639, 0.000820810790174, 0.00117723527364], [0.000475635519251, 0.00306476466358, 0.00154806312639, 0.00206221081316, 0.000951833208092, 0.00108934170566], [0.000289128540317, 0.00220503378659, 0.000820810790174, 0.000951833208092, 0.00104019592982, 0.000709635904059], [0.000690111715812, 0.00218632328324, 0.00117723527364, 0.00108934170566, 0.000709635904059, 0.00118758936878]]
    },
    "scvalleys": {
        "kurt": [8.08160495758, 8.14982509613, 5.63433933258, 6.41259288788, 24.2499198914, 43.8466720581],
        "max": [-9.69874286652, -7.34362268448, -6.10457181931, -7.5740237236, -9.77803230286, -12.6064004898],
        "mean": [-11.7235441208, -10.1722459793, -9.56283569336, -10.6343040466, -12.0622529984, -14.5334844589],
        "median": [-11.0431604385, -9.60032176971, -9.03872966766, -10.4169225693, -11.8829851151, -14.5047445297],
        "min": [-27.4104328156, -27.1706180573, -27.5953464508, -27.2442836761, -27.2654037476, -27.2225017548],
        "skew": [-2.96902275085, -2.81052708626, -2.15246963501, -2.03095793724, -3.18667888641, -3.42506337166],
        "var": [5.58655738831, 5.6060461998, 6.69491291046, 4.54807472229, 1.63357400894, 0.820246577263],
        "cov": [[5.59303855896, 5.33442354202, 5.3327665329, 4.32166624069, 2.59478068352, 1.3962751627], [5.33442354202, 5.6125497818, 5.78559064865, 4.7067861557, 2.7595744133, 1.59748971462], [5.3327665329, 5.78559064865, 6.70267963409, 5.42490911484, 2.99489212036, 1.81610643864], [4.32166624069, 4.7067861557, 5.42490911484, 4.55335092545, 2.55100035667, 1.58632314205], [2.59478068352, 2.7595744133, 2.99489212036, 2.55100035667, 1.63546919823, 1.05430090427], [1.3962751627, 1.59748971462, 1.81610643864, 1.58632314205, 1.05430090427, 0.821198165417]]
    }
},
"rhythm": {
    "beats_loudness": {
        "kurt": 0.873811244965,
        "max": 0.000354995660018,
        "mean": 7.10985332262e-05,
        "median": 1.43698125612e-05,
        "min": 5.70396681276e-11,
        "skew": 1.40889704227,
        "var": 9.66637969668e-09
    },
    "bpm": 116.753044128,
    "confidence": 1.07788741589,
    "first_peak_bpm": {
        "kurt": 0,
        "max": 117,
        "mean": 117,
        "median": 117,
        "min": 117,
        "skew": 0,
        "var": 0
    },
    "first_peak_spread": {
        "kurt": 0,
        "max": 0.45454543829,
        "mean": 0.45454543829,
        "median": 0.45454543829,
        "min": 0.45454543829,
        "skew": 0,
        "var": 0
    },
    "first_peak_weight": {
        "kurt": 0,
        "max": 0.193548381329,
        "mean": 0.193548381329,
        "median": 0.193548381329,
        "min": 0.193548381329,
        "skew": 0,
        "var": 0
    },
    "onset_rate": 1.74999988079,
    "second_peak_bpm": {
        "kurt": 0,
        "max": 98,
        "mean": 98,
        "median": 98,
        "min": 98,
        "skew": 0,
        "var": 0
    },
    "second_peak_spread": {
        "kurt": 0,
        "max": 0.5,
        "mean": 0.5,
        "median": 0.5,
        "min": 0.5,
        "skew": 0,
        "var": 0
    },
    "second_peak_weight": {
        "kurt": 0,
        "max": 0.161290317774,
        "mean": 0.161290317774,
        "median": 0.161290317774,
        "min": 0.161290317774,
        "skew": 0,
        "var": 0
    },
    "beats_loudness_band_ratio": {
        "kurt": [1.62856483459, 7.44931983948, 0.0629484653473, -0.816891908646, 1.63208818436, 3.49729776382],
        "max": [0.271643042564, 0.656898319721, 0.917692124844, 0.783686041832, 0.120540484786, 0.0493598096073],
        "mean": [0.0470751151443, 0.0769981741905, 0.488034188747, 0.335658341646, 0.0391680635512, 0.00723536731675],
        "median": [0.003629214596, 0.0108180120587, 0.488901078701, 0.366309046745, 0.0342816598713, 0.00136688794009],
        "min": [0, 0, 0, 0, 0, 0],
        "skew": [1.63491094112, 2.57748270035, -0.347840040922, 0.152444601059, 1.14892244339, 2.18189072609],
        "var": [0.0057282266207, 0.0187944881618, 0.0462588779628, 0.0416162647307, 0.00064623914659, 0.000164298340678],
        "cov": [[0.00591300800443, 0.00665468815714, -0.00325291184708, -0.00688938330859, 0.000360377278412, 0.000689516658895], [0.00665468815714, 0.0194007623941, -0.0109593430534, -0.0105471648276, 0.000641590391751, 0.00134516018443], [-0.00325291184708, -0.0109593430534, 0.0477510988712, 0.000457447371446, -0.000356591743184, -0.000630501250271], [-0.00688938330859, -0.0105471648276, 0.000457447371446, 0.0429587252438, 0.00115452182945, -0.00111884484068], [0.000360377278412, 0.000641590391751, -0.000356591743184, 0.00115452182945, 0.000667085580062, 0.000108807384095], [0.000689516658895, 0.00134516018443, -0.000630501250271, -0.00111884484068, 0.000108807384095, 0.000169598293724]]
    },
    "beats_position": [0.673378646374, 1.369977355, 2.02013611794, 2.69351458549, 3.39011335373, 4.04027223587, 4.74848079681, 5.45668935776, 6.1648979187, 6.87310647964, 7.50004529953, 8.11537361145, 8.74231243134, 9.35764122009, 9.97297000885, 10.5882987976, 11.2152376175, 11.8305664062, 12.4691152573, 13.1076641083, 13.6301136017, 14.1409521103, 14.66340065, 15.1858501434, 15.7082986832, 16.2191371918, 16.7299766541, 17.2292060852, 17.7400455475, 18.2276649475, 18.7385025024, 19.2493419647],
    "bpm_estimates": [114.843635559, 117.453948975, 114.843849182, 114.843635559, 114.843849182, 117.453948975, 117.453727722, 120.185218811, 117.453727722, 117.454170227, 117.453727722],
    "bpm_intervals": [0.69659870863, 0.650158762932, 0.67337846756, 0.696598768234, 0.650158882141, 0.708208560944, 0.708208560944, 0.708208560944, 0.708208560944, 0.626938819885, 0.61532831192, 0.626938819885, 0.615328788757, 0.615328788757, 0.615328788757, 0.626938819885, 0.615328788757, 0.638548851013, 0.638548851013, 0.522449493408, 0.510838508606, 0.522448539734, 0.522449493408, 0.522448539734, 0.510838508606, 0.51083946228, 0.499229431152, 0.51083946228, 0.487619400024, 0.510837554932, 0.51083946228],
    "onset_times": [0.220589563251, 0.27863946557, 1.11455786228, 1.39319729805, 2.20589566231, 2.33360552788, 2.36843538284, 2.61224484444, 2.80961441994, 3.41333341599, 4.42340135574, 4.9806804657, 5.4334692955, 6.39709758759, 6.51319742203, 7.19818592072, 7.7670750618, 9.39247131348, 9.682721138, 9.72916126251, 10.8204984665, 11.2384576797, 11.5403175354, 12.1788663864, 12.4807252884, 13.3630838394, 13.6881628036, 14.6750116348, 15.4644899368, 15.7779588699, 16.1959190369, 16.9621772766, 17.2524261475, 17.5078449249, 17.9025859833],
    "histogram": [[0, 0, 0, 0, 0, 0, 0, 0, 0, 0, 0, 0, 0, 0, 0, 0, 0, 0, 0, 0, 0, 0, 0, 0, 0, 0, 0, 0, 0, 0, 0, 0, 0, 0, 0, 0, 0, 0, 0, 0, 0, 0, 0, 0, 0, 0, 0, 0, 0, 0, 0, 0, 0, 0, 0, 0, 0, 0, 0, 0, 0, 0, 0, 0, 0, 0, 0, 0, 0, 0, 0, 0, 0, 0, 0, 0, 0, 0, 0, 0, 0, 0, 0, 0, 0, 0.129032254219, 0.0645161271095, 0, 0, 0.0322580635548, 0, 0, 0.0645161271095, 0, 0.0645161271095, 0, 0.0967741906643, 0, 0.161290317774, 0, 0, 0, 0, 0, 0, 0, 0, 0, 0, 0, 0, 0, 0, 0, 0, 0.129032254219, 0, 0.193548381329, 0, 0, 0.0322580635548, 0, 0, 0.0322580635548, 0, 0, 0, 0, 0, 0, 0, 0, 0, 0, 0, 0, 0, 0, 0, 0, 0, 0, 0, 0, 0, 0, 0, 0, 0, 0, 0, 0, 0, 0, 0, 0, 0, 0, 0, 0, 0, 0, 0, 0, 0, 0, 0, 0, 0, 0, 0, 0, 0, 0, 0, 0, 0, 0, 0, 0, 0, 0, 0, 0, 0, 0, 0, 0, 0, 0, 0, 0, 0, 0, 0, 0, 0, 0, 0, 0, 0, 0, 0, 0, 0, 0, 0, 0, 0, 0, 0, 0, 0, 0, 0, 0, 0, 0, 0, 0, 0, 0, 0, 0, 0, 0, 0, 0, 0, 0, 0, 0, 0, 0, 0, 0, 0, 0, 0, 0, 0, 0, 0, 0, 0, 0, 0, 0, 0, 0]]
},
"sfx": {
    "inharmonicity": {
        "kurt": 3.80094194412,
        "max": 0.417552113533,
        "mean": 0.05334886536,
        "median": 0.00806140620261,
        "min": 0,
        "skew": 2.08811879158,
        "var": 0.00762450229377
    },
    "oddtoevenharmonicenergyratio": {
        "kurt": 135.456634521,
        "max": 33.8764686584,
        "mean": 0.716483473778,
        "median": 0.12390165776,
        "min": 0,
        "skew": 9.15918731689,
        "var": 3.34744858742
    },
    "pitch_after_max_to_before_max_energy_ratio": 0.176902860403,
    "pitch_centroid": 562.669128418,
    "pitch_max_to_total": 0.98493629694,
    "pitch_min_to_total": 0.0486674383283,
    "tristimulus": {
        "kurt": [-1.28288209438, -0.037232875824, 1.37524032593],
        "max": [1, 0.908815562725, 0.980361402035],
        "mean": [0.531071603298, 0.308145523071, 0.160782456398],
        "median": [0.616192758083, 0.27766135335, 0.0346038080752],
        "min": [0, 0, 0],
        "skew": [-0.306948423386, 0.581767618656, 1.50913310051],
        "var": [0.106259271502, 0.0395434983075, 0.0485907867551],
        "cov": [[0.106382541358, -0.0486623011529, -0.0577200502157], [-0.0486623011529, 0.0395893715322, 0.00907305255532], [-0.0577200502157, 0.00907305255532, 0.0486471578479]]
    }
},
"tonal": {
    "chords_changes_rate": 0.076388888061,
    "chords_number_rate": 0.0138888889924,
    "chords_strength": {
        "kurt": 22.8670215607,
        "max": 0.742728173733,
        "mean": 0.471146255732,
        "median": 0.499637961388,
        "min": -1,
        "skew": -4.6225438118,
        "var": 0.0710094422102
    },
    "key_strength": 0.531934499741,
    "tuning_diatonic_strength": 0.523492097855,
    "tuning_equal_tempered_deviation": 0.244111210108,
    "tuning_frequency": 452.108886719,
    "tuning_nontempered_energy_ratio": 0.905979216099,
    "hpcp": {
        "kurt": [4.63913249969, 5.71024513245, 3.7004108429, 3.79394960403, 3.79859828949, 4.83014631271, 5.28832817078, 3.69063234329, 4.71099662781, 3.69355344772, 5.90873146057, 5.34510326385, 3.85269784927, 3.35231542587, 3.76221132278, 5.03775691986, 4.83834505081, 5.57256412506, 4.87363052368, 3.11875581741, 1.23490190506, 0.279000520706, -0.891229152679, -1.05317282677, 0.245785951614, 4.16016578674, 3.08875608444, 2.81568813324, 3.83742809296, 2.27911996841, 1.82801008224, 1.01789188385, 2.40775346756, 5.20048999786, 5.01577568054, 5.4348783493],
        "max": [1, 1, 1, 1, 1, 1, 1, 1, 1, 1, 1, 1, 1, 1, 1, 1, 1, 1, 1, 1, 1, 1, 1, 1, 1, 1, 1, 1, 1, 1, 1, 1, 1, 1, 1, 1],
