{
"metadata": {
    "version": {
        "essentia": "2.1-beta3"
    }
},
"lowLevel": {
    "average_loudness": 0.974251449108,
    "barkbands_kurtosis": {
        "kurt": 7.39604663849,
        "max": 18.580291748,
        "mean": 1.1729798317,
        "median": 0.259278297424,
        "min": -1.60156548023,
        "skew": 2.35122609138,
        "var": 7.26924848557
    },
    "barkbands_skewness": {
        "kurt": 0.852516174316,
        "max": 4.25842523575,
        "mean": -0.298529416323,
        "median": -0.255455970764,
        "min": -2.39926362038,
        "skew": 0.52861893177,
        "var": 1.01391768456
    },
    "barkbands_spread": {
        "kurt": 0.294700145721,
        "max": 22.5543212891,
        "mean": 9.66377639771,
        "median": 8.82565498352,
        "min": 2.0572578907,
        "skew": 0.760327637196,
        "var": 15.4900617599
    },
    "dissonance": {
        "kurt": 5.89038944244,
        "max": 0.500000119209,
        "mean": 0.476644545794,
        "median": 0.487810432911,
        "min": 0.310412168503,
        "skew": -2.26304674149,
        "var": 0.000880992913153
    },
    "hfc": {
        "kurt": 3.60934352875,
        "max": 103.886245728,
        "mean": 22.7489109039,
        "median": 20.3247642517,
        "min": 0.191061586142,
        "skew": 1.42551004887,
        "var": 203.040023804
    },
    "pitch": {
        "kurt": -0.505150318146,
        "max": 3569.17700195,
        "mean": 1065.10290527,
        "median": 556.283081055,
        "min": 83.9846878052,
        "skew": 0.995502710342,
        "var": 842485.4375
    },
    "pitch_instantaneous_confidence": {
        "kurt": -0.148999452591,
        "max": 0.944889008999,
        "mean": 0.471889048815,
        "median": 0.416984319687,
        "min": 0.166550219059,
        "skew": 0.907106161118,
        "var": 0.038616258651
    },
    "pitch_salience": {
        "kurt": 1.52832937241,
        "max": 0.878188550472,
        "mean": 0.667997896671,
        "median": 0.698797225952,
        "min": 0.187159091234,
        "skew": -1.17351830006,
        "var": 0.0130786029622
    },
    "silence_rate_20dB": {
        "kurt": 0,
        "max": 1,
        "mean": 1,
        "median": 1,
        "min": 1,
        "skew": 0,
        "var": 0
    },
    "silence_rate_30dB": {
        "kurt": 0,
        "max": 1,
        "mean": 1,
        "median": 1,
        "min": 1,
        "skew": 0,
        "var": 0
    },
    "silence_rate_60dB": {
        "kurt": 4.55853319168,
        "max": 1,
        "mean": 0.105932205915,
        "median": 0,
        "min": 0,
        "skew": 2.56097769737,
        "var": 0.0947102159262
    },
    "spectral_centroid": {
        "kurt": -1.06272101402,
        "max": 3070.19262695,
        "mean": 1818.52587891,
        "median": 1707.85791016,
        "min": 958.136352539,
        "skew": 0.390046864748,
        "var": 249445.34375
    },
    "spectral_complexity": {
        "kurt": -0.193461894989,
        "max": 37,
        "mean": 21.0889835358,
        "median": 22,
        "min": 0,
        "skew": -0.463233888149,
        "var": 53.3268585205
    },
    "spectral_crest": {
        "kurt": 1.95399618149,
        "max": 25.256319046,
        "mean": 8.87121391296,
        "median": 7.6559138298,
        "min": 3.03883552551,
        "skew": 1.3903414011,
        "var": 15.6479501724
    },
    "spectral_decrease": {
        "kurt": -0.0206460952759,
        "max": -1.29754150133e-11,
        "mean": -3.14576964477e-09,
        "median": -3.18644133301e-09,
        "min": -1.0877261758e-08,
        "skew": -0.522273480892,
        "var": 4.11949138582e-18
    },
    "spectral_energy": {
        "kurt": 0.284599781036,
        "max": 0.0504761002958,
        "mean": 0.0139362560585,
        "median": 0.013854989782,
        "min": 6.63029786665e-05,
        "skew": 0.602375924587,
        "var": 7.80244299676e-05
    },
    "spectral_energyband_high": {
        "kurt": 4.19642496109,
        "max": 0.0011668545194,
        "mean": 0.000255587947322,
        "median": 0.000220243615331,
        "min": 3.96288669435e-06,
        "skew": 1.60900807381,
        "var": 2.84545222939e-08
    },
    "spectral_energyband_low": {
        "kurt": 5.41543102264,
        "max": 2.88489936793e-05,
        "mean": 4.16216471422e-06,
        "median": 2.53876669376e-06,
        "min": 3.8303682004e-08,
        "skew": 2.14447712898,
        "var": 2.16850027518e-11
    },
    "spectral_energyband_middle_high": {
        "kurt": 1.18214273453,
        "max": 0.0496571734548,
        "mean": 0.0119391214103,
        "median": 0.0113816633821,
        "min": 5.56192244403e-05,
        "skew": 0.954013168812,
        "var": 6.72431779094e-05
    },
    "spectral_energyband_middle_low": {
        "kurt": 12.5967140198,
        "max": 0.0221225935966,
        "mean": 0.00190705840942,
        "median": 0.000803916947916,
        "min": 3.55506767846e-06,
        "skew": 2.97244167328,
        "var": 7.49955142965e-06
    },
    "spectral_flatness_db": {
        "kurt": -0.679120779037,
        "max": 0.421033531427,
        "mean": 0.291938871145,
        "median": 0.289618045092,
        "min": 0.154850572348,
        "skew": 0.175748854876,
        "var": 0.00246422854252
    },
    "spectral_flux": {
        "kurt": 0.190227031708,
        "max": 0.181411579251,
        "mean": 0.0750220268965,
        "median": 0.0696642547846,
        "min": 0.0233660824597,
        "skew": 0.748842358589,
        "var": 0.00117325654719
    },
    "spectral_kurtosis": {
        "kurt": 7.72081565857,
        "max": 54.2094306946,
        "mean": 8.36263847351,
        "median": 6.3428440094,
        "min": -0.00580334663391,
        "skew": 2.42419672012,
        "var": 65.7705154419
    },
    "spectral_rms": {
        "kurt": -0.787142038345,
        "max": 0.00701747648418,
        "mean": 0.00347274821252,
        "median": 0.00367655558512,
        "min": 0.000254334096098,
        "skew": -0.102519504726,
        "var": 1.53636028699e-06
    },
    "spectral_rolloff": {
        "kurt": -0.415894985199,
        "max": 4349.70703125,
        "mean": 2545.07006836,
        "median": 2476.31835938,
        "min": 839.794921875,
        "skew": 0.235513105989,
        "var": 465149.59375
    },
    "spectral_skewness": {
        "kurt": 2.39295387268,
        "max": 4.90662431717,
        "mean": 1.56803166866,
        "median": 1.45597648621,
        "min": 0.365919440985,
        "skew": 1.29193866253,
        "var": 0.53367048502
    },
    "spectral_spread": {
        "kurt": 1.06214666367,
        "max": 4271060.5,
        "mean": 1986557.375,
        "median": 2006251.75,
        "min": 878000.625,
        "skew": 0.324771255255,
        "var": 209096802304
    },
    "spectral_strongpeak": {
        "kurt": 3.76979494095,
        "max": 10.0855474472,
        "mean": 2.13158893585,
        "median": 1.77797603607,
        "min": 0.0553134717047,
        "skew": 1.66373980045,
        "var": 2.35224747658
    },
    "zerocrossingrate": {
        "kurt": -1.04447555542,
        "max": 0.14794921875,
        "mean": 0.0883716642857,
        "median": 0.083984375,
        "min": 0.03662109375,
        "skew": 0.178471446037,
        "var": 0.000574801524635
    },
    "barkbands": {
        "kurt": [61.6862716675, 76.0386352539, 6.13786506653, 45.7774009705, 34.4292640686, 21.7537345886, 6.89696025848, 11.186214447, 49.9826698303, 23.2128486633, 30.560043335, 13.1896419525, 6.35108089447, 8.28311729431, 13.876335144, 14.1782989502, 20.3787651062, 16.6412467957, 19.8019332886, 7.20443058014, 19.3607254028, 26.6182594299, 73.0224380493, 11.2770910263, 131.895736694, 12.9752902985, 12.8297023773],
        "max": [3.56716967076e-08, 7.52861706133e-06, 2.00052163564e-05, 4.55063127447e-05, 0.00049150158884, 0.000661244324874, 0.00435723178089, 0.00715532898903, 0.0216297600418, 0.034980840981, 0.0294416211545, 0.0183298252523, 0.00879241526127, 0.0102686965838, 0.0147590711713, 0.0213019773364, 0.0178141240031, 0.00658700987697, 0.00421828404069, 0.00133801135235, 0.000755567511078, 0.00067106372444, 0.000158114140504, 1.05467870526e-06, 1.6298285388e-08, 5.35672972646e-09, 5.55577761574e-09],
        "mean": [2.11336903533e-09, 3.41402028425e-07, 2.66965139417e-06, 2.60621322923e-06, 2.39227629208e-05, 4.45380392193e-05, 0.000447081634775, 0.000569804222323, 0.000520991219673, 0.0015141699696, 0.00151993508916, 0.00140210078098, 0.000933093717322, 0.0010422175983, 0.00121912639588, 0.00196966924705, 0.00140511302743, 0.000606093264651, 0.000339556136169, 0.000219535446377, 9.65446233749e-05, 5.17128792126e-05, 5.32575086254e-06, 1.0224069058e-07, 4.65289806684e-10, 4.07873790298e-10, 4.23548862649e-10],
        "median": [1.39660016885e-09, 1.70794379528e-07, 1.37886661378e-06, 1.55747943609e-06, 9.2793152362e-06, 1.52118163896e-05, 8.43854650157e-05, 9.45876963669e-05, 5.74771038373e-05, 0.000117045856314, 0.000372969312593, 0.000326048291754, 0.00042515178211, 0.000365099404007, 0.000581344298553, 0.000933974049985, 0.000771582766902, 0.00039001571713, 0.000220920803258, 0.000172363434103, 8.58105922816e-05, 3.14699682349e-05, 2.31068224821e-06, 4.9724022233e-08, 1.42302725159e-10, 1.22159379834e-10, 1.2537372529e-10],
        "min": [1.51393255571e-11, 1.51229384571e-09, 1.50383954178e-08, 2.41117614763e-08, 1.17911639563e-07, 3.33342313752e-07, 3.68273674667e-07, 1.90417267731e-07, 5.61103263408e-07, 1.80373859848e-07, 3.58957350954e-07, 2.56471111015e-07, 2.82921496364e-06, 2.38762800109e-06, 3.51891480932e-06, 6.454852155e-06, 6.92203093422e-06, 7.08668085281e-06, 7.50897197577e-06, 2.75625006907e-06, 1.8778954427e-06, 9.63157958722e-07, 7.95947983079e-08, 1.42975267042e-11, 7.52296391415e-13, 9.09719958327e-14, 3.6670251796e-14],
        "skew": [6.04413414001, 7.42081403732, 2.34470367432, 5.5466375351, 5.12220954895, 4.02476406097, 2.60588669777, 3.0539419651, 6.55856800079, 4.12821054459, 4.83036184311, 3.2951104641, 2.16372823715, 2.6440923214, 3.17237782478, 3.38528823853, 3.72148251534, 3.14696884155, 3.8063223362, 2.1761200428, 2.91718792915, 4.60962486267, 7.73606777191, 3.07222604752, 9.28460788727, 3.05252075195, 3.04885363579],
        "var": [6.92386816808e-18, 3.66034134426e-13, 1.18822686065e-11, 1.60665612758e-11, 2.27835594835e-09, 6.094675431e-09, 6.52434493986e-07, 1.15912359888e-06, 4.1698235691e-06, 1.29074405777e-05, 9.74053909886e-06, 6.33653780824e-06, 1.45788214923e-06, 2.35969810092e-06, 2.9519853797e-06, 8.22220226837e-06, 3.26382269122e-06, 4.46374912144e-07, 2.06056839147e-07, 3.59186707044e-08, 4.8459911639e-09, 5.61455593129e-09, 1.61536797827e-10, 2.41262308661e-14, 1.00687515747e-18, 4.31073518155e-19, 4.74809840014e-19],
        "cov": [[6.93856840834e-18, 3.01383090748e-17, -6.31716642667e-17, 2.58619381708e-16, 1.73111384507e-15, 6.27077887907e-15, -6.7454739304e-15, -1.71155963209e-13, 2.67229435195e-13, 6.68923846436e-13, -6.6333322739e-15, -3.72066852154e-13, 1.2751260246e-14, -3.25714119304e-13, 2.48964856977e-13, 1.6521408807e-13, 4.54940481175e-14, 7.07665534245e-14, -4.90057789542e-14, -1.92496589008e-14, -8.77167923122e-15, -6.32208451172e-15, -1.31602037295e-15, -2.15060900166e-18, 6.93137997617e-20, 9.09057793017e-20, 1.0275702212e-19], [3.01383090748e-17, 3.66811263438e-13, 1.0257605312e-12, 3.28031276187e-13, 2.82548588476e-13, -2.71653766105e-13, -3.85557627491e-11, -6.98070629079e-11, 4.42308099868e-11, -1.8446877359e-10, -1.21293003419e-10, -1.30991037461e-10, -7.42644210017e-11, -1.59278590317e-10, -8.70727101532e-11, -1.38706213182e-10, 1.19957072053e-10, 5.0333261864e-11, 7.41269112065e-12, 1.88993022621e-11, -6.35307778607e-13, -2.87160508046e-12, -3.80607437928e-13, -3.62040304623e-15, -4.1090716398e-17, -3.53849039419e-17, -3.69531622827e-17], [-6.31716642667e-17, 1.0257605312e-12, 1.19074958227e-11, 3.55314345654e-12, 1.11558410079e-11, 2.87398941451e-11, -3.12420977977e-10, -4.46296333223e-10, -4.55887383399e-10, -2.43471953709e-09, -3.97511912276e-10, -9.02238617151e-10, -7.49914297327e-10, -1.35001532175e-09, -7.77996167489e-10, -1.16321985377e-09, 7.30127458493e-10, 4.38499736521e-10, 1.816539974e-10, 1.38730596455e-10, -8.6788032544e-14, -2.30642744486e-11, -1.76882586269e-12, -2.75908531184e-14, -3.13657623857e-16, -2.27130773075e-16, -2.33131842688e-16], [2.58619381708e-16, 3.28031276187e-13, 3.55314345654e-12, 1.61006728783e-11, 4.13313203107e-11, 4.14908385427e-11, -2.19112445202e-12, -5.98477212232e-10, -4.3885287071e-10, -1.10795306263e-09, -1.76125591889e-09, -1.56436730236e-09, -8.02008182088e-10, -1.19227605566e-09, -9.67438684718e-10, -1.72267466958e-09, -9.87926546125e-11, 4.901252737e-10, 1.0188077465e-10, 1.36972072573e-10, -1.16061448646e-11, -2.576772129e-11, -2.15164821724e-12, 1.07718683386e-15, -3.21448897604e-16, -2.53812866779e-16, -2.62913441704e-16], [1.73111384507e-15, 2.82548588476e-13, 1.11558410079e-11, 4.13313203107e-11, 2.28319319007e-09, 1.1326997118e-09, 1.16439224929e-09, -6.54944543044e-09, -5.05044805976e-09, -1.2074935718e-08, -1.61614934768e-08, -1.45806557938e-08, -3.13259329587e-09, -1.00421209126e-08, -9.40510958003e-09, -1.12093605509e-08, -7.3546737589e-09, 2.04335481868e-09, -5.61335811167e-10, 7.80930098365e-10, -1.61203786431e-10, -3.94112104063e-10, -4.21847591581e-11, -6.34579520008e-13, -2.86285362414e-15, -2.30959203178e-15, -2.39420744684e-15], [6.27077887907e-15, -2.71653766105e-13, 2.87398941451e-11, 4.14908385427e-11, 1.1326997118e-09, 6.1076153024e-09, -2.99146013516e-10, -1.10343567616e-09, -3.00037883427e-09, -3.06158653984e-09, -7.26480120505e-09, -6.12027983848e-09, 2.36739161608e-09, -6.60963861421e-09, -7.76392994339e-09, -6.40577857425e-09, -1.30981057112e-08, 4.90238856454e-11, -9.52174894486e-10, 3.17146142681e-10, -1.64363397892e-10, -5.51812151528e-10, -6.59478235909e-11, -1.02460889165e-12, 7.28148034989e-17, 1.34114707594e-15, 1.54145438022e-15], [-6.7454739304e-15, -3.85557627491e-11, -3.12420977977e-10, -2.19112445202e-12, 1.16439224929e-09, -2.99146013516e-10, 6.5381971126e-07, 7.85324871799e-08, -1.47410503359e-07, -4.02129600729e-08, 1.24721395878e-07, -1.56621396741e-07, 3.70085956547e-07, -5.81286307977e-09, 2.78215026128e-07, 2.71372897487e-07, 1.76818119257e-07, 3.5608049842e-08, -4.61556703968e-09, -1.0338713885e-08, -3.72844366492e-10, 6.19226281362e-10, -5.29013111095e-10, 9.91733821801e-13, 1.01304877911e-14, 2.31993006891e-14, 2.56175916119e-14], [-1.71155963209e-13, -6.98070629079e-11, -4.46296333223e-10, -5.98477212232e-10, -6.54944543044e-09, -1.10343567616e-09, 7.85324871799e-08, 1.16158457786e-06, -2.06068708763e-08, -2.95262339023e-07, 8.49439700801e-08, 5.87504075611e-07, 2.9529388712e-07, 4.34260414295e-07, 1.67910528148e-07, 5.48420047153e-08, -5.52420118538e-08, -5.88777417931e-08, -8.18544876324e-08, -2.71584941203e-08, 8.61226645554e-09, -8.00763366726e-09, -1.59046908976e-09, -3.08057433729e-11, 1.16458432863e-14, 2.83200925818e-14, 3.13826757279e-14], [2.67229435195e-13, 4.42308099868e-11, -4.55887383399e-10, -4.3885287071e-10, -5.05044805976e-09, -3.00037883427e-09, -1.47410503359e-07, -2.06068708763e-08, 4.17867659053e-06, -1.56634982318e-07, -4.89577644203e-07, -3.0539825957e-07, 7.87758267506e-07, 3.78965324899e-07, -8.27177331075e-08, -2.97325669862e-07, 6.84885534952e-08, -1.46430707559e-08, -6.71547724096e-08, -3.33510250528e-08, 5.7367586237e-09, 9.41859124026e-09, 7.05831781911e-10, -2.1925326138e-11, 7.35233475122e-14, 8.58934166739e-14, 9.20144697741e-14], [6.68923846436e-13, -1.8446877359e-10, -2.43471953709e-09, -1.10795306263e-09, -1.2074935718e-08, -3.06158653984e-09, -4.02129600729e-08, -2.95262339023e-07, -1.56634982318e-07, 1.29348445626e-05, -6.95734854617e-07, -1.080043603e-06, -2.13836344187e-07, 1.54615327119e-06, 6.74134810197e-07, -1.70490352502e-07, -1.15867521799e-06, -4.83682129016e-07, -2.51369897342e-07, -1.51831429207e-07, -3.77119881989e-08, 5.11615372289e-09, 2.47991238655e-10, 1.23856772061e-10, 1.66676893641e-13, 2.0967403432e-13, 2.2834029589e-13], [-6.6333322739e-15, -1.21293003419e-10, -3.97511912276e-10, -1.76125591889e-09, -1.61614934768e-08, -7.26480120505e-09, 1.24721395878e-07, 8.49439700801e-08, -4.89577644203e-07, -6.95734854617e-07, 9.76121918939e-06, 7.22059382952e-07, -2.068289362e-08, -2.15927045133e-07, 3.42009201404e-07, 8.87031205821e-07, -2.8673576935e-07, -1.4585627639e-07, -5.47015908126e-08, -8.57872137772e-08, 4.11937541855e-08, 4.22795771726e-08, 3.75117004126e-09, 4.42254115274e-11, -4.14219524701e-15, 4.31853141301e-14, 5.10307433517e-14], [-3.72066852154e-13, -1.30991037461e-10, -9.02238617151e-10, -1.56436730236e-09, -1.45806557938e-08, -6.12027983848e-09, -1.56621396741e-07, 5.87504075611e-07, -3.0539825957e-07, -1.080043603e-06, 7.22059382952e-07, 6.34999105387e-06, 1.69066865396e-07, 3.5847793356e-07, 1.14267756146e-07, 1.93479195332e-06, 2.81017918269e-07, -9.81210135365e-08, 5.4931001614e-07, -5.27188532828e-08, 2.78767444684e-08, 4.92835035004e-08, 1.16301670516e-08, 1.24682712072e-11, 2.43149467574e-13, 2.71486229764e-13, 2.87862588584e-13], [1.2751260246e-14, -7.42644210017e-11, -7.49914297327e-10, -8.02008182088e-10, -3.13259329587e-09, 2.36739161608e-09, 3.70085956547e-07, 2.9529388712e-07, 7.87758267506e-07, -2.13836344187e-07, -2.068289362e-08, 1.69066865396e-07, 1.46097738707e-06, 1.67775638715e-07, 8.92666264463e-07, 9.28496888264e-07, 3.72715589947e-07, -6.01880634221e-09, -1.06462188398e-07, -4.60588864826e-08, -3.31140137533e-09, -9.18737885769e-09, -1.57364332676e-09, -4.76660481918e-11, 1.44915614339e-13, 1.6607615077e-13, 1.77546264366e-13], [-3.25714119304e-13, -1.59278590317e-10, -1.35001532175e-09, -1.19227605566e-09, -1.00421209126e-08, -6.60963861421e-09, -5.81286307977e-09, 4.34260414295e-07, 3.78965324899e-07, 1.54615327119e-06, -2.15927045133e-07, 3.5847793356e-07, 1.67775638715e-07, 2.36470805248e-06, 2.20176261223e-07, 1.49898582436e-07, -1.96118335793e-07, -1.9828853226e-07, -1.66657571299e-07, -7.69666854694e-08, -3.8065448571e-09, 1.45500345106e-09, -5.48976919479e-10, 1.7483941378e-11, 1.03337816277e-13, 1.28513519271e-13, 1.37661746152e-13], [2.48964856977e-13, -8.70727101532e-11, -7.77996167489e-10, -9.67438684718e-10, -9.40510958003e-09, -7.76392994339e-09, 2.78215026128e-07, 1.67910528148e-07, -8.27177331075e-08, 6.74134810197e-07, 3.42009201404e-07, 1.14267756146e-07, 8.92666264463e-07, 2.20176261223e-07, 2.95825293506e-06, 1.71829753981e-06, 1.19830815493e-06, 1.15024533898e-07, -8.21266894491e-08, -3.01269338365e-08, -3.97967880872e-09, 1.81373600583e-08, 4.12561124152e-10, 1.13320351366e-11, 8.43771734882e-14, 1.1215841759e-13, 1.18938238707e-13], [1.6521408807e-13, -1.38706213182e-10, -1.16321985377e-09, -1.72267466958e-09, -1.12093605509e-08, -6.40577857425e-09, 2.71372897487e-07, 5.48420047153e-08, -2.97325669862e-07, -1.70490352502e-07, 8.87031205821e-07, 1.93479195332e-06, 9.28496888264e-07, 1.49898582436e-07, 1.71829753981e-06, 8.23965910968e-06, 1.22516917145e-06, 1.63254838981e-07, 3.22310086176e-07, -3.4199416632e-08, -5.32047828017e-09, 5.76042111788e-08, 1.10564837286e-08, 5.97564359106e-11, 2.0232158505e-13, 2.41299683143e-13, 2.53953488013e-13], [4.54940481175e-14, 1.19957072053e-10, 7.30127458493e-10, -9.87926546125e-11, -7.3546737589e-09, -1.30981057112e-08, 1.76818119257e-07, -5.52420118538e-08, 6.84885534952e-08, -1.15867521799e-06, -2.8673576935e-07, 2.81017918269e-07, 3.72715589947e-07, -1.96118335793e-07, 1.19830815493e-06, 1.22516917145e-06, 3.27075213136e-06, 6.33739773548e-07, 2.35615132738e-07, 1.19863287296e-07, 1.26295471858e-08, 5.84617776411e-09, 1.11183062756e-09, 2.20265732737e-11, 1.10982974723e-14, 4.37990775918e-14, 4.54905956112e-14], [7.07665534245e-14, 5.0333261864e-11, 4.38499736521e-10, 4.901252737e-10, 2.04335481868e-09, 4.90238856454e-11, 3.5608049842e-08, -5.88777417931e-08, -1.46430707559e-08, -4.83682129016e-07, -1.4585627639e-07, -9.81210135365e-08, -6.01880634221e-09, -1.9828853226e-07, 1.15024533898e-07, 1.63254838981e-07, 6.33739773548e-07, 4.47322634045e-07, 1.00181132723e-07, 5.32133057618e-08, 5.92786353337e-09, 3.77726694367e-09, 3.12831871518e-10, 5.45515152148e-12, -2.34442422886e-14, -7.92751010236e-15, -8.0733310594e-15], [-4.90057789542e-14, 7.41269112065e-12, 1.816539974e-10, 1.0188077465e-10, -5.61335811167e-10, -9.52174894486e-10, -4.61556703968e-09, -8.18544876324e-08, -6.71547724096e-08, -2.51369897342e-07, -5.47015908126e-08, 5.4931001614e-07, -1.06462188398e-07, -1.66657571299e-07, -8.21266894491e-08, 3.22310086176e-07, 2.35615132738e-07, 1.00181132723e-07, 2.0649433452e-07, 2.63910582277e-08, 6.27050500412e-09, 1.5306502732e-08, 2.59851629103e-09, 2.14254811809e-11, -9.24552301444e-15, -2.59230727738e-15, -2.72533824867e-15], [-1.92496589008e-14, 1.88993022621e-11, 1.38730596455e-10, 1.36972072573e-10, 7.80930098365e-10, 3.17146142681e-10, -1.0338713885e-08, -2.71584941203e-08, -3.33510250528e-08, -1.51831429207e-07, -8.57872137772e-08, -5.27188532828e-08, -4.60588864826e-08, -7.69666854694e-08, -3.01269338365e-08, -3.4199416632e-08, 1.19863287296e-07, 5.32133057618e-08, 2.63910582277e-08, 3.59949297035e-08, 3.26558158292e-09, 8.62680871183e-10, 2.12295125923e-10, 4.13542160585e-12, -1.93752027362e-14, -1.3613506752e-14, -1.42863609262e-14], [-8.77167923122e-15, -6.35307778607e-13, -8.6788032544e-14, -1.16061448646e-11, -1.61203786431e-10, -1.64363397892e-10, -3.72844366492e-10, 8.61226645554e-09, 5.7367586237e-09, -3.77119881989e-08, 4.11937541855e-08, 2.78767444684e-08, -3.31140137533e-09, -3.8065448571e-09, -3.97967880872e-09, -5.32047828017e-09, 1.26295471858e-08, 5.92786353337e-09, 6.27050500412e-09, 3.26558158292e-09, 4.85627982272e-09, 1.47626411096e-09, 9.51337064681e-11, 2.49680289464e-12, -3.43971768369e-16, 2.1163950397e-15, 2.36464006775e-15], [-6.32208451172e-15, -2.87160508046e-12, -2.30642744486e-11, -2.576772129e-11, -3.94112104063e-10, -5.51812151528e-10, 6.19226281362e-10, -8.00763366726e-09, 9.41859124026e-09, 5.11615372289e-09, 4.22795771726e-08, 4.92835035004e-08, -9.18737885769e-09, 1.45500345106e-09, 1.81373600583e-08, 5.76042111788e-08, 5.84617776411e-09, 3.77726694367e-09, 1.5306502732e-08, 8.62680871183e-10, 1.47626411096e-09, 5.62647661795e-09, 6.06852179619e-10, 4.97911217465e-12, -4.14558967861e-17, 1.21224909603e-15, 1.31057670396e-15], [-1.31602037295e-15, -3.80607437928e-13, -1.76882586269e-12, -2.15164821724e-12, -4.21847591581e-11, -6.59478235909e-11, -5.29013111095e-10, -1.59046908976e-09, 7.05831781911e-10, 2.47991238655e-10, 3.75117004126e-09, 1.16301670516e-08, -1.57364332676e-09, -5.48976919479e-10, 4.12561124152e-10, 1.10564837286e-08, 1.11183062756e-09, 3.12831871518e-10, 2.59851629103e-09, 2.12295125923e-10, 9.51337064681e-11, 6.06852179619e-10, 1.61879773475e-10, 5.79646573795e-13, -3.97077597493e-17, 9.4166849738e-17, 1.04459643388e-16], [-2.15060900166e-18, -3.62040304623e-15, -2.75908531184e-14, 1.07718683386e-15, -6.34579520008e-13, -1.02460889165e-12, 9.91733821801e-13, -3.08057433729e-11, -2.1925326138e-11, 1.23856772061e-10, 4.42254115274e-11, 1.24682712072e-11, -4.76660481918e-11, 1.7483941378e-11, 1.13320351366e-11, 5.97564359106e-11, 2.20265732737e-11, 5.45515152148e-12, 2.14254811809e-11, 4.13542160585e-12, 2.49680289464e-12, 4.97911217465e-12, 5.79646573795e-13, 2.41774543365e-14, -4.6290453965e-19, 1.72966599031e-18, 1.9201947401e-18], [6.93137997617e-20, -4.1090716398e-17, -3.13657623857e-16, -3.21448897604e-16, -2.86285362414e-15, 7.28148034989e-17, 1.01304877911e-14, 1.16458432863e-14, 7.35233475122e-14, 1.66676893641e-13, -4.14219524701e-15, 2.43149467574e-13, 1.44915614339e-13, 1.03337816277e-13, 8.43771734882e-14, 2.0232158505e-13, 1.10982974723e-14, -2.34442422886e-14, -9.24552301444e-15, -1.93752027362e-14, -3.43971768369e-16, -4.14558967861e-17, -3.97077597493e-17, -4.6290453965e-19, 1.00901290237e-18, 4.80788649783e-19, 4.63626151337e-19], [9.09057793017e-20, -3.53849039419e-17, -2.27130773075e-16, -2.53812866779e-16, -2.30959203178e-15, 1.34114707594e-15, 2.31993006891e-14, 2.83200925818e-14, 8.58934166739e-14, 2.0967403432e-13, 4.31853141301e-14, 2.71486229764e-13, 1.6607615077e-13, 1.28513519271e-13, 1.1215841759e-13, 2.41299683143e-13, 4.37990775918e-14, -7.92751010236e-15, -2.59230727738e-15, -1.3613506752e-14, 2.1163950397e-15, 1.21224909603e-15, 9.4166849738e-17, 1.72966599031e-18, 4.80788649783e-19, 4.31988741804e-19, 4.51781545351e-19], [1.0275702212e-19, -3.69531622827e-17, -2.33131842688e-16, -2.62913441704e-16, -2.39420744684e-15, 1.54145438022e-15, 2.56175916119e-14, 3.13826757279e-14, 9.20144697741e-14, 2.2834029589e-13, 5.10307433517e-14, 2.87862588584e-13, 1.77546264366e-13, 1.37661746152e-13, 1.18938238707e-13, 2.53953488013e-13, 4.54905956112e-14, -8.0733310594e-15, -2.72533824867e-15, -1.42863609262e-14, 2.36464006775e-15, 1.31057670396e-15, 1.04459643388e-16, 1.9201947401e-18, 4.63626151337e-19, 4.51781545351e-19, 4.75817966386e-19]]
    },
    "mfcc": {
        "kurt": [4.68111610413, -0.117826700211, -0.404445648193, -0.685743808746, -0.616982460022, 0.766079902649, -0.0774476528168, 0.0992796421051, -0.27467250824, 0.620210170746, 0.266565561295, 1.05551290512, 2.0274438858],
        "max": [-662.938903809, 160.994934082, -83.2905273438, 79.0601501465, 9.26704406738, 42.4015731812, 11.0471076965, 37.5204086304, 36.3920326233, 20.7844104767, 32.0894737244, 24.714471817, 48.2050437927],
        "mean": [-719.964233398, 99.2434692383, -144.808410645, 16.6348190308, -42.2823829651, 1.3975020647, -25.1014690399, -6.75154018402, -0.583824574947, -16.5379676819, -2.50339484215, -6.03783416748, 6.82424163818],
        "median": [-719.473999023, 102.304672241, -146.755096436, 19.6908607483, -42.4717636108, 0.0799522399902, -25.6938362122, -8.88166427612, -1.0804271698, -16.602722168, -2.26905059814, -5.46798324585, 8.36810302734],
        "min": [-922.478088379, 26.7758598328, -194.152511597, -61.9397354126, -82.4436035156, -32.457698822, -53.7496261597, -44.9532165527, -28.3227310181, -48.2367477417, -40.8685569763, -48.2042808533, -50.4379997253],
        "skew": [-0.890584766865, -0.506598174572, 0.200354516506, -0.344260454178, 0.107433125377, 0.617682397366, 0.271114557981, 0.49203106761, 0.246233806014, 0.0657297298312, -0.200363263488, -0.686272025108, -0.940456330776],
        "var": [800.78515625, 660.356079102, 318.315582275, 960.920532227, 310.550872803, 147.941604614, 117.107009888, 218.819396973, 125.41293335, 107.645225525, 148.989379883, 160.042785645, 201.475189209],
        "cov": [[802.485351562, 320.48815918, -203.520889282, -147.3074646, -231.715194702, -32.6370658875, -129.69593811, -91.4338607788, -33.0237617493, -40.8943367004, 69.3310775757, 80.5999450684, 96.892074585], [320.48815918, 661.758117676, -125.381835938, -489.225463867, -192.591445923, -177.242111206, -114.901412964, -225.563186646, 37.399974823, 5.6964507103, 119.842033386, 120.062637329, 75.9049682617], [-203.520889282, -125.381835938, 318.991394043, 319.735534668, 67.481918335, -8.23045444489, 31.2924747467, 29.0673179626, -66.2637710571, 31.023481369, -38.1738700867, -78.653175354, -110.555770874], [-147.3074646, -489.225463867, 319.735534668, 962.960693359, 336.603302002, 44.1541862488, 138.93939209, 88.6606750488, -177.488052368, -51.5140228271, -87.5537109375, -59.8470153809, -68.9558868408], [-231.715194702, -192.591445923, 67.481918335, 336.603302002, 311.210235596, 28.7544326782, 80.5984344482, 71.2682723999, -52.3945426941, -24.0325222015, -79.8060073853, -21.9942436218, 15.7377729416], [-32.6370658875, -177.242111206, -8.23045444489, 44.1541862488, 28.7544326782, 148.255706787, 51.0350265503, 87.0613937378, 21.9095687866, -17.4928226471, -43.2279319763, -36.2253761292, 9.50183486938], [-129.69593811, -114.901412964, 31.2924747467, 138.93939209, 80.5984344482, 51.0350265503, 117.355644226, 63.2431869507, -4.56982088089, -23.7598896027, -32.6515884399, -15.6179609299, -0.510874152184], [-91.4338607788, -225.563186646, 29.0673179626, 88.6606750488, 71.2682723999, 87.0613937378, 63.2431869507, 219.283981323, 41.227306366, 13.9387111664, -76.0689697266, -101.535232544, -39.1216163635], [-33.0237617493, 37.399974823, -66.2637710571, -177.488052368, -52.3945426941, 21.9095687866, -4.56982088089, 41.227306366, 125.679206848, 54.2166442871, 23.4568653107, -12.9458141327, -26.4055919647], [-40.8943367004, 5.6964507103, 31.023481369, -51.5140228271, -24.0325222015, -17.4928226471, -23.7598896027, 13.9387111664, 54.2166442871, 107.873771667, 39.9964866638, -26.657459259, -79.8539123535], [69.3310775757, 119.842033386, -38.1738700867, -87.5537109375, -79.8060073853, -43.2279319763, -32.6515884399, -76.0689697266, 23.4568653107, 39.9964866638, 149.30569458, 91.6211547852, -10.9795188904], [80.5999450684, 120.062637329, -78.653175354, -59.8470153809, -21.9942436218, -36.2253761292, -15.6179609299, -101.535232544, -12.9458141327, -26.657459259, 91.6211547852, 160.382583618, 103.77645874], [96.892074585, 75.9049682617, -110.555770874, -68.9558868408, 15.7377729416, 9.50183486938, -0.510874152184, -39.1216163635, -26.4055919647, -79.8539123535, -10.9795188904, 103.77645874, 201.902954102]]
    },
    "sccoeffs": {
        "kurt": [0.163458108902, -0.874163389206, -0.412086963654, 0.399052858353, 0.119868755341, 1.05644798279],
        "max": [-0.456532090902, -0.452237606049, -0.363458842039, -0.519415140152, -0.589223086834, -0.293084591627],
        "mean": [-0.697943925858, -0.71973824501, -0.69328045845, -0.742942094803, -0.738693416119, -0.469005584717],
        "median": [-0.704988837242, -0.732857465744, -0.707044005394, -0.753601074219, -0.748733401299, -0.466431796551],
        "min": [-0.858411252499, -0.920114219189, -0.933185279369, -0.902554869652, -0.84356802702, -0.742860078812],
        "skew": [0.547085821629, 0.312225818634, 0.500879466534, 0.766055226326, 0.725420832634, -0.593129575253],
        "var": [0.00447941944003, 0.0128467781469, 0.0126811228693, 0.00422650203109, 0.00224641640671, 0.00392641220242],
        "cov": [[0.0044889296405, -0.000619379978161, -0.00235657696612, -0.000970952212811, -0.000925723288674, 0.000530856836122], [-0.000619379978161, 0.0128740537912, 0.00144852767698, 0.000785582873505, 0.000911227602046, -0.00103600113653], [-0.00235657696612, 0.00144852767698, 0.0127080464736, 0.00457535032183, 0.000870977237355, -0.000213046907447], [-0.000970952212811, 0.000785582873505, 0.00457535032183, 0.00423547578976, 0.000942016020417, 0.000191678060219], [-0.000925723288674, 0.000911227602046, 0.000870977237355, 0.000942016020417, 0.00225118594244, -0.000670858251397], [0.000530856836122, -0.00103600113653, -0.000213046907447, 0.000191678060219, -0.000670858251397, 0.00393474847078]]
    },
    "scvalleys": {
        "kurt": [-0.0550982952118, -0.142326116562, -0.668315172195, -0.373001813889, 1.42245960236, -0.312756299973],
        "max": [-7.97289609909, -5.30514717102, -4.85954618454, -4.62949800491, -6.09045267105, -11.179690361],
        "mean": [-9.11057281494, -6.94146347046, -6.42924547195, -6.06969070435, -6.86448717117, -13.6422319412],
        "median": [-9.09058380127, -6.86548709869, -6.40854644775, -6.0610909462, -6.76791620255, -13.6038160324],
        "min": [-10.9559421539, -9.09051513672, -8.77631378174, -8.14331436157, -8.84989833832, -16.2209320068],
        "skew": [-0.373987019062, -0.302853256464, -0.149775192142, -0.185261785984, -1.16266798973, -0.289750427008],
        "var": [0.251560509205, 0.478015899658, 0.528277099133, 0.335406750441, 0.234432578087, 0.762962222099],
        "cov": [[0.252094596624, 0.0180031228811, -0.0658085942268, -0.0419979840517, 0.109272412956, -0.0645975545049], [0.0180031228811, 0.479030787945, 0.303663671017, 0.248227134347, 0.049951646477, -0.000179603099241], [-0.0658085942268, 0.303663671017, 0.529398679733, 0.337459623814, -0.0748603790998, 0.0770076662302], [-0.0419979840517, 0.248227134347, 0.337459623814, 0.336118847132, -0.0198132097721, 0.0726971104741], [0.109272412956, 0.049951646477, -0.0748603790998, -0.0198132097721, 0.234930306673, -0.0401275716722], [-0.0645975545049, -0.000179603099241, 0.0770076662302, 0.0726971104741, -0.0401275716722, 0.76458209753]]
    }
},
"rhythm": {
    "beats_loudness": {
        "kurt": -1.1541185379,
        "max": 0.0347659364343,
        "mean": 0.0201387219131,
        "median": 0.0234649516642,
        "min": 0.00388463540003,
        "skew": -0.375059783459,
        "var": 9.38832890824e-05
    },
    "bpm": 126.069473267,
    "confidence": 1.8331874609,
    "first_peak_bpm": {
        "kurt": 0,
        "max": 126,
        "mean": 126,
        "median": 126,
        "min": 126,
        "skew": 0,
        "var": 0
    },
    "first_peak_spread": {
        "kurt": 0,
        "max": 0.285714268684,
        "mean": 0.285714268684,
        "median": 0.285714268684,
        "min": 0.285714268684,
        "skew": 0,
        "var": 0
    },
    "first_peak_weight": {
        "kurt": 0,
        "max": 0.217391297221,
        "mean": 0.217391297221,
        "median": 0.217391297221,
        "min": 0.217391297221,
        "skew": 0,
        "var": 0
    },
    "onset_rate": 2.65417861938,
    "second_peak_bpm": {
        "kurt": 0,
        "max": 144,
        "mean": 144,
        "median": 144,
        "min": 144,
        "skew": 0,
        "var": 0
    },
    "second_peak_spread": {
        "kurt": 0,
        "max": 0.428571462631,
        "mean": 0.428571462631,
        "median": 0.428571462631,
        "min": 0.428571462631,
        "skew": 0,
        "var": 0
    },
    "second_peak_weight": {
        "kurt": 0,
        "max": 0.173913046718,
        "mean": 0.173913046718,
        "median": 0.173913046718,
        "min": 0.173913046718,
        "skew": 0,
        "var": 0
    },
    "beats_loudness_band_ratio": {
        "kurt": [0.213060379028, 6.1101474762, 9.33450698853, 0.343773126602, -0.411932706833, 0.152772903442],
        "max": [0.00330100674182, 0.079196497798, 0.679556965828, 0.921826303005, 0.818238973618, 0.247638210654],
        "mean": [0.000765878416132, 0.0094910254702, 0.0977343693376, 0.328384786844, 0.508910894394, 0.0648163110018],
        "median": [0.000169579056092, 0.00174440583214, 0.0632402226329, 0.263604044914, 0.522694587708, 0.0208434686065],
        "min": [3.1224997656e-05, 8.36401959532e-05, 0.000277820421616, 0.0585798732936, 0.0641307383776, 0.00103223207407],
        "skew": [1.32009518147, 2.62886071205, 2.96913146973, 0.996279120445, -0.503961026669, 1.24968707561],
        "var": [1.1205526107e-06, 0.000354153802618, 0.0198785047978, 0.0461273603141, 0.0385854206979, 0.00614343350753],
        "cov": [[1.1692723092e-06, 1.26574959722e-05, -1.4994263438e-05, -9.07553112484e-05, 3.10485338559e-05, 6.00854618824e-05], [1.26574959722e-05, 0.000369551795302, -0.000188947611605, -0.00129424314946, 0.000261273031356, 0.000825577764772], [-1.4994263438e-05, -0.000188947611605, 0.0207427889109, -0.00795047171414, -0.00974805280566, -0.0024124593474], [-9.07553112484e-05, -0.00129424314946, -0.00795047171414, 0.0481328964233, -0.0321716070175, -0.00680856453255], [3.10485338559e-05, 0.000261273031356, -0.00974805280566, -0.0321716070175, 0.0402630455792, 0.00164414185565], [6.00854618824e-05, 0.000825577764772, -0.0024124593474, -0.00680856453255, 0.00164414185565, 0.00641053915024]]
    },
    "beats_position": [0.417959183455, 0.870748281479, 1.27709746361, 1.66022670269, 2.07818579674, 2.50775504112, 2.90249419212, 3.29723358154, 3.7151927948, 4.09832191467, 4.5046710968, 4.88780021667, 5.30575942993, 5.72371864319, 6.19972801208, 6.6989569664, 7.08208608627, 7.52326536179, 7.98766422272, 8.46367359161, 8.93968200684, 9.41569137573, 9.90331077576, 10.379319191],
    "bpm_estimates": [126.047935486, 129.199279785, 126.047935486, 126.048194885, 126.047935486, 123.046783447, 126.048194885],
    "bpm_intervals": [0.452789098024, 0.406349182129, 0.383129239082, 0.417959094048, 0.429569244385, 0.394739151001, 0.39473938942, 0.417959213257, 0.383129119873, 0.406349182129, 0.383129119873, 0.417959213257, 0.417959213257, 0.476009368896, 0.499228954315, 0.383129119873, 0.441179275513, 0.464398860931, 0.476009368896, 0.476008415222, 0.476009368896, 0.487619400024, 0.476008415222],
    "onset_times": [0.0116099771112, 0.162539675832, 0.650158703327, 1.16099774837, 1.30031740665, 1.53251695633, 1.6137868166, 1.88081634045, 2.15945577621, 2.46131515503, 2.7863945961, 2.92571425438, 3.5178232193, 3.72680282593, 4.07510185242, 4.17959165573, 4.446621418, 4.63238096237, 5.05034017563, 5.81659841537, 5.94430828094, 6.19972801208, 6.64090681076, 7.05886602402, 7.37233543396, 8.92807292938, 9.16027164459, 9.41569137573, 10.5766897202],
    "histogram": [[0, 0, 0, 0, 0, 0, 0, 0, 0, 0, 0, 0, 0, 0, 0, 0, 0, 0, 0, 0, 0, 0, 0, 0, 0, 0, 0, 0, 0, 0, 0, 0, 0, 0, 0, 0, 0, 0, 0, 0, 0, 0, 0, 0, 0, 0, 0, 0, 0, 0, 0, 0, 0, 0, 0, 0, 0, 0, 0, 0, 0, 0, 0, 0, 0, 0, 0, 0, 0, 0, 0, 0, 0, 0, 0, 0, 0, 0, 0, 0, 0, 0, 0, 0, 0, 0, 0, 0, 0, 0, 0, 0, 0, 0, 0, 0, 0, 0, 0, 0, 0, 0, 0, 0, 0, 0, 0, 0, 0, 0, 0, 0, 0, 0, 0, 0, 0, 0, 0, 0, 0.0434782616794, 0, 0, 0.0434782616794, 0, 0, 0.217391297221, 0, 0, 0.0434782616794, 0, 0, 0, 0.0434782616794, 0, 0, 0.0434782616794, 0, 0, 0, 0.0434782616794, 0, 0, 0, 0.173913046718, 0, 0, 0, 0.0869565233588, 0, 0, 0, 0.0869565233588, 0, 0, 0, 0, 0.173913046718, 0, 0, 0, 0, 0, 0, 0, 0, 0, 0, 0, 0, 0, 0, 0, 0, 0, 0, 0, 0, 0, 0, 0, 0, 0, 0, 0, 0, 0, 0, 0, 0, 0, 0, 0, 0, 0, 0, 0, 0, 0, 0, 0, 0, 0, 0, 0, 0, 0, 0, 0, 0, 0, 0, 0, 0, 0, 0, 0, 0, 0, 0, 0, 0, 0, 0, 0, 0, 0, 0, 0, 0, 0, 0, 0, 0, 0, 0, 0, 0, 0, 0, 0, 0, 0, 0, 0, 0, 0, 0, 0, 0]]
},
"sfx": {
    "inharmonicity": {
        "kurt": 0.166288375854,
        "max": 0.384808242321,
        "mean": 0.0819567963481,
        "median": 0.0244775749743,
        "min": 0,
        "skew": 1.22990739346,
        "var": 0.0116563662887
    },
    "oddtoevenharmonicenergyratio": {
        "kurt": 73.4692611694,
        "max": 114.363121033,
        "mean": 2.68431639671,
        "median": 0.62513333559,
        "min": 0,
        "skew": 7.89273881912,
        "var": 83.5261688232
    },
    "pitch_after_max_to_before_max_energy_ratio": 0.151119872928,
    "pitch_centroid": 227.323226929,
    "pitch_max_to_total": 0.927966117859,
    "pitch_min_to_total": 0.932203412056,
    "tristimulus": {
        "kurt": [-1.20079708099, -1.14283919334, -0.298632860184],
        "max": [1, 0.89298170805, 0.995949089527],
        "mean": [0.379806011915, 0.379346311092, 0.240848124027],
        "median": [0.252847313881, 0.397711127996, 0.126343220472],
        "min": [0, 0, 0],
        "skew": [0.559993445873, 0.0260717626661, 1.02581453323],
        "var": [0.127100244164, 0.0605853199959, 0.0856206640601],
        "cov": [[0.127370089293, -0.051140807569, -0.0762293115258], [-0.051140807569, 0.0607139505446, -0.00957314483821], [-0.0762293115258, -0.00957314483821, 0.0858024433255]]
    }
},
"tonal": {
    "chords_changes_rate": 0.105485230684,
    "chords_number_rate": 0.0421940945089,
    "chords_strength": {
        "kurt": -0.650250434875,
        "max": 0.563563346863,
        "mean": 0.429538369179,
        "median": 0.436698317528,
        "min": 0.239340722561,
        "skew": -0.309604585171,
        "var": 0.00526813324541
    },
    "key_strength": 0.259050875902,
    "tuning_diatonic_strength": 0.343463212252,
    "tuning_equal_tempered_deviation": 0.305625617504,
    "tuning_frequency": 431.941772461,
    "tuning_nontempered_energy_ratio": 0.909661710262,
    "hpcp": {
