{
"metadata": {
    "version": {
        "essentia": "2.1-beta3"
    }
},
"lowLevel": {
    "average_loudness": 0.868796348572,
    "barkbands_kurtosis": {
        "kurt": 14.3619689941,
        "max": 51.5660552979,
        "mean": 6.93302297592,
        "median": 5.72812652588,
        "min": -1.29404258728,
        "skew": 3.02953410149,
        "var": 37.556804657
    },
    "barkbands_skewness": {
        "kurt": 3.1540350914,
        "max": 5.84637451172,
        "mean": 1.93900477886,
        "median": 1.87616312504,
        "min": -0.792188763618,
        "skew": 0.74937826395,
        "var": 0.780078351498
    },
    "barkbands_spread": {
        "kurt": 15.9415512085,
        "max": 32.3919677734,
        "mean": 4.2798948288,
        "median": 3.08597803116,
        "min": 0.524475038052,
        "skew": 3.74150061607,
        "var": 19.9205856323
    },
    "dissonance": {
        "kurt": 19.5650634766,
        "max": 0.500000059605,
        "mean": 0.463711977005,
        "median": 0.481870174408,
        "min": 0.0326621346176,
        "skew": -3.37505245209,
        "var": 0.00246626487933
    },
    "hfc": {
        "kurt": 51.684047699,
        "max": 65.0085525513,
        "mean": 2.35212087631,
        "median": 0.186951875687,
        "min": 1.20730561548e-07,
        "skew": 5.97311449051,
        "var": 32.2730331421
    },
    "pitch": {
        "kurt": 1.11909866333,
        "max": 983.173828125,
        "mean": 719.236877441,
        "median": 801.154418945,
        "min": 97.6614990234,
        "skew": -1.55444812775,
        "var": 46649.0351562
    },
    "pitch_instantaneous_confidence": {
        "kurt": -0.219776153564,
        "max": 0.936217486858,
        "mean": 0.561751246452,
        "median": 0.565876126289,
        "min": 0.136968791485,
        "skew": -0.0689997449517,
        "var": 0.0244431234896
    },
    "pitch_salience": {
        "kurt": 1.01299285889,
        "max": 0.957430243492,
        "mean": 0.668967485428,
        "median": 0.684993505478,
        "min": 0.301923632622,
        "skew": -0.923691868782,
        "var": 0.0115627869964
    },
    "silence_rate_20dB": {
        "kurt": 0,
        "max": 1,
        "mean": 1,
        "median": 1,
        "min": 1,
        "skew": 0,
        "var": 0
    },
    "silence_rate_30dB": {
        "kurt": 0,
        "max": 1,
        "mean": 1,
        "median": 1,
        "min": 1,
        "skew": 0,
        "var": 0
    },
    "silence_rate_60dB": {
        "kurt": -0.467442274094,
        "max": 1,
        "mean": 0.763157904148,
        "median": 1,
        "min": 0,
        "skew": -1.23796856403,
        "var": 0.180748417974
    },
    "spectral_centroid": {
        "kurt": 25.721780777,
        "max": 2587.65600586,
        "mean": 942.80090332,
        "median": 894.008361816,
        "min": 526.824401855,
        "skew": 4.58822584152,
        "var": 47929.2617188
    },
    "spectral_complexity": {
        "kurt": 0.354488134384,
        "max": 17,
        "mean": 3.24013161659,
        "median": 1,
        "min": 0,
        "skew": 1.19976353645,
        "var": 18.2548656464
    },
    "spectral_crest": {
        "kurt": 0.0500998497009,
        "max": 24.35820961,
        "mean": 13.1287965775,
        "median": 12.6013307571,
        "min": 3.09888792038,
        "skew": 0.455467253923,
        "var": 17.4571228027
    },
    "spectral_decrease": {
        "kurt": 56.3002929688,
        "max": -1.35104956276e-17,
        "mean": -6.5219735168e-10,
        "median": -4.86076248696e-11,
        "min": -1.92261513376e-08,
        "skew": -6.27132940292,
        "var": 2.70444798759e-18
    },
    "spectral_energy": {
        "kurt": 55.9651145935,
        "max": 0.078460380435,
        "mean": 0.00267488602549,
        "median": 0.000201076560188,
        "min": 6.19423470849e-11,
        "skew": 6.24924230576,
        "var": 4.51680207334e-05
    },
    "spectral_energyband_high": {
        "kurt": 8.13293933868,
        "max": 2.39923519985e-05,
        "mean": 1.96294627131e-06,
        "median": 1.32242504947e-07,
        "min": 4.49843547828e-12,
        "skew": 2.71445322037,
        "var": 1.50207572075e-11
    },
    "spectral_energyband_low": {
        "kurt": 174.303588867,
        "max": 7.14905127097e-06,
        "mean": 9.13223416887e-08,
        "median": 7.46817008235e-09,
        "min": 1.42293024152e-13,
        "skew": 12.3503484726,
        "var": 2.17924460487e-13
    },
    "spectral_energyband_middle_high": {
        "kurt": 74.2210083008,
        "max": 0.0591893047094,
        "mean": 0.00168734323233,
        "median": 0.000106253937702,
        "min": 4.52498177816e-11,
        "skew": 7.41073846817,
        "var": 2.26746178669e-05
    },
    "spectral_energyband_middle_low": {
        "kurt": 61.4365386963,
        "max": 0.0443789474666,
        "mean": 0.00136229104828,
        "median": 9.20374004636e-05,
        "min": 1.22419288248e-11,
        "skew": 6.58598470688,
        "var": 1.38468703881e-05
    },
    "spectral_flatness_db": {
        "kurt": 0.808388948441,
        "max": 0.457897543907,
        "mean": 0.312049001455,
        "median": 0.329381734133,
        "min": 0.0899062827229,
        "skew": -1.05537319183,
        "var": 0.00516187958419
    },
    "spectral_flux": {
        "kurt": 14.93542099,
        "max": 0.233891487122,
        "mean": 0.0226997379214,
        "median": 0.0119929742068,
        "min": 0.000179656344699,
        "skew": 3.00243163109,
        "var": 0.000832606805488
    },
    "spectral_kurtosis": {
        "kurt": 0.11000084877,
        "max": 77.8632736206,
        "mean": 27.1726169586,
        "median": 26.044549942,
        "min": 1.90746164322,
        "skew": 0.487238913774,
        "var": 188.14440918
    },
    "spectral_rms": {
        "kurt": 5.89965343475,
        "max": 0.00874909758568,
        "mean": 0.00101135228761,
        "median": 0.000442900287453,
        "min": 2.45828317702e-07,
        "skew": 2.05387616158,
        "var": 1.58681177709e-06
    },
    "spectral_rolloff": {
        "kurt": 20.00897789,
        "max": 4392.7734375,
        "mean": 1158.47241211,
        "median": 1055.12695312,
        "min": 753.662109375,
        "skew": 4.18566179276,
        "var": 221267.234375
    },
    "spectral_skewness": {
        "kurt": -0.0125696659088,
        "max": 6.7358250618,
        "mean": 3.90719485283,
        "median": 3.95108175278,
        "min": 1.26847529411,
        "skew": -0.125109598041,
        "var": 1.03891825676
    },
    "spectral_spread": {
        "kurt": 15.8461666107,
        "max": 13396360,
        "mean": 2195903.75,
        "median": 1735259,
        "min": 968563.875,
        "skew": 3.25591874123,
        "var": 1.93723603354e+12
    },
    "spectral_strongpeak": {
        "kurt": 6.45625114441,
        "max": 3.46376514435,
        "mean": 0.411216974258,
        "median": 0.158500790596,
        "min": 1.09351594801e-05,
        "skew": 2.43612599373,
        "var": 0.364669293165
    },
    "zerocrossingrate": {
        "kurt": 18.2446918488,
        "max": 0.11376953125,
        "mean": 0.0454133674502,
        "median": 0.04248046875,
        "min": 0.00634765625,
        "skew": 3.60868835449,
        "var": 0.000121182471048
    },
    "barkbands": {
        "kurt": [54.9047241211, 104.637184143, 212.800308228, 123.514801025, 19.802116394, 30.1912269592, 37.3581237793, 91.2080764771, 35.8727874756, 110.078605652, 14.2570648193, 34.0701560974, 19.9529705048, 32.476852417, 22.0633029938, 101.824714661, 42.049369812, 54.5299949646, 14.6463508606, 15.7427043915, 48.5349617004, 25.0328960419, 14.9323539734, 4.42243337631, 62.4042510986, 11.2723178864, 30.6230697632],
        "max": [1.17575478242e-08, 7.24106769212e-07, 4.88484965899e-06, 3.14644353239e-06, 1.03169350041e-05, 1.82747244253e-05, 0.000256681698374, 0.00998395681381, 0.0130548672751, 0.0684596523643, 0.00264692725614, 0.00281812692992, 0.000740204937756, 0.0011879055528, 0.000762798939832, 0.00137583061587, 0.000284852751065, 0.000283871951979, 5.72457320231e-05, 3.65358027921e-05, 1.03921656773e-05, 1.39722769745e-05, 3.02378111883e-06, 2.95001910899e-07, 1.79667196676e-07, 4.28380264594e-09, 2.12288897572e-09],
        "mean": [2.75256178961e-10, 1.28006938382e-08, 4.92172524957e-08, 5.39850937287e-08, 5.94623543293e-07, 9.18590046695e-07, 1.02901258288e-05, 0.000174458822585, 0.000520020024851, 0.00147858820856, 0.000187518133316, 0.00011055295181, 4.44400939159e-05, 4.8725229135e-05, 4.25883627031e-05, 3.17698650178e-05, 9.75876628218e-06, 7.72331350163e-06, 3.65691380466e-06, 1.99466558115e-06, 3.70518222326e-07, 5.9724897028e-07, 1.69466659372e-07, 3.27569686931e-08, 5.50169243496e-09, 3.11164066735e-10, 8.80022027472e-11],
        "median": [1.28276582065e-11, 8.13893064056e-10, 3.08546432848e-09, 6.03678884659e-09, 9.47634646309e-08, 1.1384791776e-07, 4.53502536857e-07, 6.2004864958e-06, 3.42131897924e-05, 7.60101465858e-05, 1.61450298037e-05, 9.47133230511e-06, 2.72620945907e-06, 2.77314393315e-06, 2.83113422483e-06, 1.60186755238e-06, 2.96861401239e-07, 2.19720931227e-07, 2.56942826127e-07, 1.00679507398e-07, 3.54193865348e-08, 2.45681199829e-08, 4.69245442503e-09, 2.49629539262e-09, 3.63790497726e-10, 2.2408647854e-11, 3.91013610379e-12],
        "min": [2.37253149256e-14, 4.74086034644e-14, 3.18418251835e-14, 9.73226016378e-14, 7.17733272988e-13, 1.03560270168e-12, 2.23722537891e-12, 4.41607080764e-12, 3.6096468696e-12, 8.5133245939e-13, 2.20732590192e-12, 4.87887464803e-12, 3.23826122167e-12, 3.60114759193e-12, 4.09191344003e-12, 1.48879901463e-11, 3.72992782494e-12, 3.57944446652e-12, 2.99813624448e-12, 4.62264124548e-12, 3.86006981587e-13, 2.85402506749e-13, 1.05951678637e-13, 1.14527107958e-13, 4.47552388758e-14, 3.02014882829e-14, 3.1809316059e-14],
        "skew": [6.87879514694, 9.39426612854, 13.9095668793, 10.2213382721, 4.23076677322, 4.81290388107, 5.71124839783, 9.03775882721, 5.32932567596, 9.2158575058, 3.61368751526, 5.18178129196, 3.89540433884, 4.93795442581, 4.16034984589, 9.2635307312, 5.47146129608, 6.78227901459, 3.62007427216, 3.58379888535, 5.83029842377, 4.46833133698, 3.60576868057, 2.1321349144, 6.83574438095, 3.06153893471, 5.24813652039],
        "var": [1.17155192818e-18, 3.04681308666e-15, 9.18281157494e-14, 5.15620295213e-14, 2.01241627529e-12, 4.62322411257e-12, 9.8755714717e-10, 6.87327940341e-07, 1.89141871942e-06, 2.47483185376e-05, 1.78088328084e-07, 8.36122993064e-08, 8.98291574458e-09, 1.49593457621e-08, 9.10190145476e-09, 1.14446159216e-08, 7.05353331298e-10, 7.93407561872e-10, 7.1844655225e-11, 2.09163068809e-11, 8.62133823533e-13, 2.48822512074e-12, 1.74867851319e-13, 3.25019564993e-15, 2.36296516598e-16, 3.90085969171e-19, 7.33615951645e-20],
        "cov": [[1.17541848056e-18, 1.59748445162e-17, 7.51071327345e-17, 9.35325477919e-17, 7.13538701882e-16, 7.71894983844e-16, 4.27318338659e-15, 3.85490603197e-13, 6.46569820253e-13, 2.45039752378e-12, 1.76009204498e-13, 1.7688189238e-13, 2.94411440756e-14, 5.18288991098e-14, 4.40044119307e-14, 5.37415198335e-14, 6.21344745403e-15, 2.72964625824e-15, 1.82179126317e-15, 9.27427385377e-16, 1.46693559789e-16, 5.32572283223e-16, 1.57049093434e-16, 2.77187247193e-17, 2.14607915383e-18, 3.89267318858e-19, 1.43570430198e-19], [1.59748445162e-17, 3.05686863829e-15, 1.47027589349e-14, 1.02435921006e-14, 2.64167959968e-14, 3.25840937077e-14, 1.83285149753e-13, 1.11306545578e-11, 2.78634962325e-11, 1.5236870099e-10, 1.07880787636e-11, 7.60574329212e-12, 2.61233851391e-12, 3.06386058017e-12, 2.23879682154e-12, 3.55012655558e-12, 8.80621964239e-13, 1.78648193244e-13, 1.26389309717e-13, 5.29708587649e-14, 1.18849310412e-14, 2.40728999777e-14, 7.1585854513e-15, 1.23370200537e-15, 1.58545866827e-16, 1.60067389463e-17, 5.16335857728e-18], [7.51071327345e-17, 1.47027589349e-14, 9.21311841379e-14, 6.46280378931e-14, 1.18710041254e-13, 1.32887773593e-13, 6.29304822228e-13, 4.22458769356e-11, 1.26264582123e-10, 8.08006606068e-10, 5.12092486471e-11, 3.94230932621e-11, 1.46857803696e-11, 1.86870484364e-11, 1.07597169022e-11, 1.86963361459e-11, 5.03100729479e-12, 6.83264696991e-13, 3.53512358275e-13, 1.60908748348e-13, 6.77894291265e-14, 1.39513834513e-13, 3.71253930918e-14, 5.14623549192e-15, 7.02620553071e-16, 7.50297483339e-17, 2.4482752804e-17], [9.35325477919e-17, 1.02435921006e-14, 6.46280378931e-14, 5.17322018285e-14, 1.46884688115e-13, 1.47903418029e-13, 1.05773723114e-12, 5.29734346666e-11, 1.12815451425e-10, 7.45231820698e-10, 4.88212872907e-11, 4.34246215375e-11, 1.19540133001e-11, 1.67410200286e-11, 1.00699310002e-11, 1.59147070522e-11, 3.62524094945e-12, 6.23435873238e-13, 2.99175235367e-13, 1.44463664664e-13, 5.66496211106e-14, 1.33038843613e-13, 4.0391413223e-14, 5.19556414967e-15, 5.91529852698e-16, 8.07830078699e-17, 2.81339147929e-17], [7.13538701882e-16, 2.64167959968e-14, 1.18710041254e-13, 1.46884688115e-13, 2.0190580978e-12, 1.23535957939e-12, 1.64715741047e-11, 5.73958436334e-10, 7.39185213039e-10, 4.19952295161e-09, 2.90958951377e-10, 3.11491860083e-10, 5.69894617608e-11, 7.17845644038e-11, 8.09116870726e-11, 5.01910665807e-11, 7.12188077609e-12, 3.45211836547e-12, 3.04399777953e-12, 1.83448937464e-12, 3.23852571279e-13, 8.99368958213e-13, 3.49587329571e-13, 4.43207584077e-14, 4.95270540413e-15, 6.09516385575e-16, 2.54477178838e-16], [7.71894983844e-16, 3.25840937077e-14, 1.32887773593e-13, 1.47903418029e-13, 1.23535957939e-12, 4.63848230658e-12, 3.93618471151e-11, 5.13874331975e-10, 2.20544160712e-09, 3.75327191549e-09, 4.00851574156e-10, 2.8293090093e-10, 9.00761687461e-11, 1.12918840944e-10, 1.13653385314e-10, 9.31941260274e-11, 1.47888264135e-11, 1.76136557596e-12, 5.69257184793e-12, 4.00349154869e-12, 6.93699709221e-13, 6.34146814921e-13, 2.64996575031e-13, 5.82525835294e-14, 4.67604707938e-15, 6.51085745072e-16, 2.91450299335e-16], [4.27318338659e-15, 1.83285149753e-13, 6.29304822228e-13, 1.05773723114e-12, 1.64715741047e-11, 3.93618471151e-11, 9.90816428903e-10, 5.97211347042e-09, 2.51658143213e-08, 2.98959434986e-08, 4.24385060427e-09, 2.70555267079e-09, 1.10684306165e-09, 1.0001098838e-09, 1.26821686486e-09, 7.50207007627e-10, 1.35825864445e-10, 5.75785946699e-11, 6.73376632232e-11, 3.39286723716e-11, 6.98801043073e-12, 1.00456665555e-11, 3.93871263729e-12, 5.82736278936e-13, 8.05275036106e-14, 7.0383969818e-15, 2.66685591762e-15], [3.85490603197e-13, 1.11306545578e-11, 4.22458769356e-11, 5.29734346666e-11, 5.73958436334e-10, 5.13874331975e-10, 5.97211347042e-09, 6.89596333814e-07, 2.92198080842e-07, 1.56240867e-06, 7.81054083632e-08, 1.0320709265e-07, 1.61398538978e-08, 1.80709101016e-08, 4.8223927962e-08, 2.52927137012e-08, 2.4624362549e-09, 1.15657738942e-09, 7.96466226305e-10, 2.71727917944e-10, 1.21934615183e-10, 3.78115677657e-10, 1.33191430107e-10, 1.3634535341e-11, 1.47269295283e-12, 2.55556914606e-13, 1.20475135944e-13], [6.46569820253e-13, 2.78634962325e-11, 1.26264582123e-10, 1.12815451425e-10, 7.39185213039e-10, 2.20544160712e-09, 2.51658143213e-08, 2.92198080842e-07, 1.89766103631e-06, 2.43222098106e-06, 2.76785414144e-07, 1.67196461121e-07, 7.06424856389e-08, 8.43263947559e-08, 7.98867745289e-08, 7.44306660749e-08, 1.25202319623e-08, 2.83434808956e-09, 3.62972740753e-09, 2.07210160141e-09, 4.58349413979e-10, 4.7505299694e-10, 1.91193935684e-10, 3.83790638159e-11, 3.56298714491e-12, 4.10942601562e-13, 1.62826065023e-13], [2.45039752378e-12, 1.5236870099e-10, 8.08006606068e-10, 7.45231820698e-10, 4.19952295161e-09, 3.75327191549e-09, 2.98959434986e-08, 1.56240867e-06, 2.43222098106e-06, 2.48299966188e-05, 8.53271217238e-07, 1.09159384465e-06, 2.19688658376e-07, 3.53095060746e-07, 2.19808029556e-07, 1.99140771429e-07, 5.43419069743e-08, 2.56411922805e-08, 1.51562797868e-08, 7.39906447222e-09, 1.08307995905e-09, 2.81159828752e-09, 1.11577813655e-09, 1.66554769976e-10, 1.88324460193e-11, 2.07148317596e-12, 7.02790744437e-13], [1.76009204498e-13, 1.07880787636e-11, 5.12092486471e-11, 4.88212872907e-11, 2.90958951377e-10, 4.00851574156e-10, 4.24385060427e-09, 7.81054083632e-08, 2.76785414144e-07, 8.53271217238e-07, 1.78676074825e-07, 6.8314655266e-08, 2.41515785149e-08, 2.4246908481e-08, 2.28471694896e-08, 2.48956570914e-08, 5.62351498701e-09, 5.91957549645e-09, 1.83562032241e-09, 8.87908913061e-10, 2.10596137751e-10, 3.08245817759e-10, 8.74672487217e-11, 1.52955408755e-11, 3.37666635104e-12, 1.7826221727e-13, 5.05858071089e-14], [1.7688189238e-13, 7.60574329212e-12, 3.94230932621e-11, 4.34246215375e-11, 3.11491860083e-10, 2.8293090093e-10, 2.70555267079e-09, 1.0320709265e-07, 1.67196461121e-07, 1.09159384465e-06, 6.8314655266e-08, 8.38882527887e-08, 1.32116033669e-08, 1.91717113296e-08, 1.77149956926e-08, 1.67162674813e-08, 2.87239587671e-09, 1.00310482143e-09, 6.84636958237e-10, 4.24212165395e-10, 9.23881110504e-11, 2.08779285527e-10, 7.22899726191e-11, 1.08664761217e-11, 1.14783540745e-12, 1.41375274118e-13, 4.87035406579e-14], [2.94411440756e-14, 2.61233851391e-12, 1.46857803696e-11, 1.19540133001e-11, 5.69894617608e-11, 9.00761687461e-11, 1.10684306165e-09, 1.61398538978e-08, 7.06424856389e-08, 2.19688658376e-07, 2.41515785149e-08, 1.32116033669e-08, 9.01256225205e-09, 8.15589196179e-09, 5.70512836973e-09, 6.42077280233e-09, 1.72854697222e-09, 1.12398412799e-09, 5.30136101684e-10, 2.39737507624e-10, 4.83217389713e-11, 9.16821618624e-11, 2.50301689098e-11, 3.68268956996e-12, 7.52520496004e-13, 3.85194771858e-14, 9.38979136008e-15], [5.18288991098e-14, 3.06386058017e-12, 1.86870484364e-11, 1.67410200286e-11, 7.17845644038e-11, 1.12918840944e-10, 1.0001098838e-09, 1.80709101016e-08, 8.43263947559e-08, 3.53095060746e-07, 2.4246908481e-08, 1.91717113296e-08, 8.15589196179e-09, 1.50087178241e-08, 6.07614980552e-09, 7.51457207571e-09, 2.27947816178e-09, 1.13911968747e-09, 5.10750719496e-10, 2.34651909015e-10, 5.06320367577e-11, 8.64101637466e-11, 3.02038706546e-11, 4.19400495236e-12, 6.56454220409e-13, 5.00881244304e-14, 1.36109283837e-14], [4.40044119307e-14, 2.23879682154e-12, 1.07597169022e-11, 1.00699310002e-11, 8.09116870726e-11, 1.13653385314e-10, 1.26821686486e-09, 4.8223927962e-08, 7.98867745289e-08, 2.19808029556e-07, 2.28471694896e-08, 1.77149956926e-08, 5.70512836973e-09, 6.07614980552e-09, 9.13194053709e-09, 5.2468145384e-09, 1.18226961554e-09, 7.31169624846e-10, 3.18450849024e-10, 1.55501000965e-10, 5.38969251174e-11, 8.93975171667e-11, 2.45108655594e-11, 3.52538939881e-12, 6.58940675462e-13, 4.36231996706e-14, 1.51354284466e-14], [5.37415198335e-14, 3.55012655558e-12, 1.86963361459e-11, 1.59147070522e-11, 5.01910665807e-11, 9.31941260274e-11, 7.50207007627e-10, 2.52927137012e-08, 7.44306660749e-08, 1.99140771429e-07, 2.48956570914e-08, 1.67162674813e-08, 6.42077280233e-09, 7.51457207571e-09, 5.2468145384e-09, 1.14823874853e-08, 1.73012948412e-09, 5.14292830545e-10, 2.83901346876e-10, 1.5289697286e-10, 3.64865984648e-11, 7.34846489214e-11, 2.52086337915e-11, 2.81463676151e-12, 4.35442019898e-13, 4.12662728966e-14, 1.22053026187e-14], [6.21344745403e-15, 8.80621964239e-13, 5.03100729479e-12, 3.62524094945e-12, 7.12188077609e-12, 1.47888264135e-11, 1.35825864445e-10, 2.4624362549e-09, 1.25202319623e-08, 5.43419069743e-08, 5.62351498701e-09, 2.87239587671e-09, 1.72854697222e-09, 2.27947816178e-09, 1.18226961554e-09, 1.73012948412e-09, 7.07681246936e-10, 4.29418833825e-10, 1.43647371775e-10, 6.11072095702e-11, 1.42380248216e-11, 2.27487351873e-11, 5.73166384146e-12, 9.296802694e-13, 2.49950667802e-13, 9.90344060963e-15, 1.43953874073e-15], [2.72964625824e-15, 1.78648193244e-13, 6.83264696991e-13, 6.23435873238e-13, 3.45211836547e-12, 1.76136557596e-12, 5.75785946699e-11, 1.15657738942e-09, 2.83434808956e-09, 2.56411922805e-08, 5.91957549645e-09, 1.00310482143e-09, 1.12398412799e-09, 1.13911968747e-09, 7.31169624846e-10, 5.14292830545e-10, 4.29418833825e-10, 7.96026022876e-10, 1.61391164322e-10, 5.70236739772e-11, 1.3541725033e-11, 1.77739940821e-11, 4.28838388411e-12, 8.23358796507e-13, 3.51822466559e-13, 7.74602736418e-15, 4.00195697826e-16], [1.82179126317e-15, 1.26389309717e-13, 3.53512358275e-13, 2.99175235367e-13, 3.04399777953e-12, 5.69257184793e-12, 6.73376632232e-11, 7.96466226305e-10, 3.62972740753e-09, 1.51562797868e-08, 1.83562032241e-09, 6.84636958237e-10, 5.30136101684e-10, 5.10750719496e-10, 3.18450849024e-10, 2.83901346876e-10, 1.43647371775e-10, 1.61391164322e-10, 7.20817641686e-11, 3.10371763013e-11, 4.02045194012e-12, 6.03635240751e-12, 1.80489336584e-12, 3.41388321692e-13, 9.09825329225e-14, 2.883243613e-15, 3.92736672752e-16], [9.27427385377e-16, 5.29708587649e-14, 1.60908748348e-13, 1.44463664664e-13, 1.83448937464e-12, 4.00349154869e-12, 3.39286723716e-11, 2.71727917944e-10, 2.07210160141e-09, 7.39906447222e-09, 8.87908913061e-10, 4.24212165395e-10, 2.39737507624e-10, 2.34651909015e-10, 1.55501000965e-10, 1.5289697286e-10, 6.11072095702e-11, 5.70236739772e-11, 3.10371763013e-11, 2.09853367322e-11, 1.82358793864e-12, 2.28879784049e-12, 7.9602183135e-13, 1.81590514652e-13, 3.29463764755e-14, 1.31108439433e-15, 2.22983832115e-16], [1.46693559789e-16, 1.18849310412e-14, 6.77894291265e-14, 5.66496211106e-14, 3.23852571279e-13, 6.93699709221e-13, 6.98801043073e-12, 1.21934615183e-10, 4.58349413979e-10, 1.08307995905e-09, 2.10596137751e-10, 9.23881110504e-11, 4.83217389713e-11, 5.06320367577e-11, 5.38969251174e-11, 3.64865984648e-11, 1.42380248216e-11, 1.3541725033e-11, 4.02045194012e-12, 1.82358793864e-12, 8.64979149504e-13, 1.00109926859e-12, 2.10190819285e-13, 3.29978354211e-14, 1.09348556888e-14, 3.32745590733e-16, 5.63090364152e-17], [5.32572283223e-16, 2.40728999777e-14, 1.39513834513e-13, 1.33038843613e-13, 8.99368958213e-13, 6.34146814921e-13, 1.00456665555e-11, 3.78115677657e-10, 4.7505299694e-10, 2.81159828752e-09, 3.08245817759e-10, 2.08779285527e-10, 9.16821618624e-11, 8.64101637466e-11, 8.93975171667e-11, 7.34846489214e-11, 2.27487351873e-11, 1.77739940821e-11, 6.03635240751e-12, 2.28879784049e-12, 1.00109926859e-12, 2.49643708483e-12, 4.9471386189e-13, 5.53917873483e-14, 1.48788994363e-14, 6.99203039827e-16, 1.45765899893e-16], [1.57049093434e-16, 7.1585854513e-15, 3.71253930918e-14, 4.0391413223e-14, 3.49587329571e-13, 2.64996575031e-13, 3.93871263729e-12, 1.33191430107e-10, 1.91193935684e-10, 1.11577813655e-09, 8.74672487217e-11, 7.22899726191e-11, 2.50301689098e-11, 3.02038706546e-11, 2.45108655594e-11, 2.52086337915e-11, 5.73166384146e-12, 4.28838388411e-12, 1.80489336584e-12, 7.9602183135e-13, 2.10190819285e-13, 4.9471386189e-13, 1.75444972135e-13, 1.59523392082e-14, 3.41458123983e-15, 2.06284895197e-16, 5.73955083713e-17], [2.77187247193e-17, 1.23370200537e-15, 5.14623549192e-15, 5.19556414967e-15, 4.43207584077e-14, 5.82525835294e-14, 5.82736278936e-13, 1.3634535341e-11, 3.83790638159e-11, 1.66554769976e-10, 1.52955408755e-11, 1.08664761217e-11, 3.68268956996e-12, 4.19400495236e-12, 3.52538939881e-12, 2.81463676151e-12, 9.296802694e-13, 8.23358796507e-13, 3.41388321692e-13, 1.81590514652e-13, 3.29978354211e-14, 5.53917873483e-14, 1.59523392082e-14, 3.26092226342e-15, 6.0659856883e-16, 2.87593096581e-17, 6.54653732395e-18], [2.14607915383e-18, 1.58545866827e-16, 7.02620553071e-16, 5.91529852698e-16, 4.95270540413e-15, 4.67604707938e-15, 8.05275036106e-14, 1.47269295283e-12, 3.56298714491e-12, 1.88324460193e-11, 3.37666635104e-12, 1.14783540745e-12, 7.52520496004e-13, 6.56454220409e-13, 6.58940675462e-13, 4.35442019898e-13, 2.49950667802e-13, 3.51822466559e-13, 9.09825329225e-14, 3.29463764755e-14, 1.09348556888e-14, 1.48788994363e-14, 3.41458123983e-15, 6.0659856883e-16, 2.37076369244e-16, 5.44616087536e-18, 5.59896377857e-19], [3.89267318858e-19, 1.60067389463e-17, 7.50297483339e-17, 8.07830078699e-17, 6.09516385575e-16, 6.51085745072e-16, 7.0383969818e-15, 2.55556914606e-13, 4.10942601562e-13, 2.07148317596e-12, 1.7826221727e-13, 1.41375274118e-13, 3.85194771858e-14, 5.00881244304e-14, 4.36231996706e-14, 4.12662728966e-14, 9.90344060963e-15, 7.74602736418e-15, 2.883243613e-15, 1.31108439433e-15, 3.32745590733e-16, 6.99203039827e-16, 2.06284895197e-16, 2.87593096581e-17, 5.44616087536e-18, 3.91373372397e-19, 1.27247571773e-19], [1.43570430198e-19, 5.16335857728e-18, 2.4482752804e-17, 2.81339147929e-17, 2.54477178838e-16, 2.91450299335e-16, 2.66685591762e-15, 1.20475135944e-13, 1.62826065023e-13, 7.02790744437e-13, 5.05858071089e-14, 4.87035406579e-14, 9.38979136008e-15, 1.36109283837e-14, 1.51354284466e-14, 1.22053026187e-14, 1.43953874073e-15, 4.00195697826e-16, 3.92736672752e-16, 2.22983832115e-16, 5.63090364152e-17, 1.45765899893e-16, 5.73955083713e-17, 6.54653732395e-18, 5.59896377857e-19, 1.27247571773e-19, 7.36037135148e-20]]
    },
    "mfcc": {
        "kurt": [-1.1266502142, -0.242872953415, -1.16165733337, 1.35274410248, 0.553010702133, -0.225783824921, 0.682771444321, 0.760935783386, 0.194657087326, -0.0995564460754, 0.434447288513, -0.0448822975159, 1.60442209244],
        "max": [-743.810058594, 162.95690918, 32.3607215881, 20.4932594299, 9.88777160645, 10.923828125, 31.0628128052, 44.1595230103, 38.1676216125, 34.884223938, 23.2816123962, 3.50972747803, 23.2305450439],
        "mean": [-956.804504395, 93.6994400024, -70.96118927, -65.4731826782, -44.0209503174, -21.3200798035, -5.45996189117, 8.28029441833, 10.4939756393, 7.6508731842, -4.51716041565, -14.7973861694, -5.00532484055],
        "median": [-973.331176758, 97.9595184326, -72.3672103882, -70.6727523804, -44.6549758911, -19.2621994019, -4.89979171753, 8.47088813782, 11.1541748047, 8.19138908386, -4.54698944092, -13.9873123169, -5.00643157959],
        "min": [-1138.42004395, 1.14440917969e-05, -166.378311157, -103.977363586, -77.8054962158, -62.9093742371, -41.8522186279, -14.0365447998, -15.4479408264, -16.7236557007, -33.1652908325, -40.4416160583, -28.578212738],
        "skew": [0.162477165461, -0.490151196718, 0.0438359975815, 1.25293040276, 0.52259850502, -0.393548369408, -0.337606400251, 0.535919249058, -0.209856048226, -0.156608760357, 0.00656501296908, -0.406933248043, -0.0527338348329],
        "var": [10854.8623047, 1333.82006836, 2161.22875977, 549.599914551, 275.355285645, 162.610855103, 153.365737915, 100.334480286, 65.0482406616, 70.6770935059, 69.0542144775, 62.1997337341, 45.8563117981],
        "cov": [[10890.6865234, 3269.99853516, -4529.36572266, -1211.59521484, -1295.97766113, -612.802734375, -704.028076172, 57.9248542786, 68.4748001099, 178.903167725, 29.0631027222, -460.693389893, 37.1854743958], [3269.99853516, 1338.22216797, -1283.58154297, -637.571655273, -466.616333008, -251.443634033, -239.208175659, -58.9192314148, 59.3926506042, 110.058158875, -18.5113887787, -144.201583862, 44.2634811401], [-4529.36572266, -1283.58154297, 2168.36157227, 592.652770996, 487.311065674, 322.962524414, 224.630050659, -68.4912948608, -29.6916637421, -86.7558364868, -15.9396209717, 190.349365234, -3.03558087349], [-1211.59521484, -637.571655273, 592.652770996, 551.413757324, 260.654510498, 128.404876709, 98.6705093384, 14.680603981, -74.3388977051, -78.9729385376, -4.63366031647, 56.9070281982, -26.1447296143], [-1295.97766113, -466.616333008, 487.311065674, 260.654510498, 276.264038086, 97.7616958618, 106.530311584, 17.832326889, -29.0632858276, -45.2551002502, -16.9071941376, 42.6030693054, -20.982219696], [-612.802734375, -251.443634033, 322.962524414, 128.404876709, 97.7616958618, 163.147521973, 33.4057884216, 15.9899873734, 13.5135936737, -46.3194656372, -11.354640007, 4.84604978561, -23.1389293671], [-704.028076172, -239.208175659, 224.630050659, 98.6705093384, 106.530311584, 33.4057884216, 153.871887207, 37.4219360352, -12.0868616104, -5.77344655991, -32.1842308044, 20.7173748016, -17.3768138885], [57.9248542786, -58.9192314148, -68.4912948608, 14.680603981, 17.832326889, 15.9899873734, 37.4219360352, 100.665618896, 13.1871967316, -14.407324791, 11.3677034378, -18.9013729095, -22.8660449982], [68.4748001099, 59.3926506042, -29.6916637421, -74.3388977051, -29.0632858276, 13.5135936737, -12.0868616104, 13.1871967316, 65.2629165649, 26.5492362976, -4.14346408844, -1.01805973053, 2.85193514824], [178.903167725, 110.058158875, -86.7558364868, -78.9729385376, -45.2551002502, -46.3194656372, -5.77344655991, -14.407324791, 26.5492362976, 70.9103469849, 7.51775312424, 5.69908046722, 21.4465961456], [29.0631027222, -18.5113887787, -15.9396209717, -4.63366031647, -16.9071941376, -11.354640007, -32.1842308044, 11.3677034378, -4.14346408844, 7.51775312424, 69.2821121216, 19.1326160431, -7.10117721558], [-460.693389893, -144.201583862, 190.349365234, 56.9070281982, 42.6030693054, 4.84604978561, 20.7173748016, -18.9013729095, -1.01805973053, 5.69908046722, 19.1326160431, 62.4050140381, 16.0270271301], [37.1854743958, 44.2634811401, -3.03558087349, -26.1447296143, -20.982219696, -23.1389293671, -17.3768138885, -22.8660449982, 2.85193514824, 21.4465961456, -7.10117721558, 16.0270271301, 46.0076522827]]
    },
    "sccoeffs": {
        "kurt": [0.00950813293457, 0.215441942215, 0.0905373096466, 0.268340587616, 0.637046098709, -0.442505598068],
        "max": [-0.583119750023, -0.372690856457, -0.511136949062, -0.677207410336, -0.66706597805, -0.699843466282],
        "mean": [-0.753573834896, -0.728712975979, -0.768359482288, -0.836887836456, -0.830873608589, -0.817372977734],
        "median": [-0.752535581589, -0.727687835693, -0.784586310387, -0.843310594559, -0.837543010712, -0.822676241398],
        "min": [-0.930325865746, -0.951690912247, -0.960075080395, -0.948845505714, -0.936052322388, -0.926422059536],
        "skew": [0.181055307388, 0.424632132053, 0.697419822216, 0.595273911953, 0.85298281908, 0.325659275055],
        "var": [0.00316124525853, 0.0108811426908, 0.00708563765511, 0.00180210522376, 0.00258714868687, 0.00165143690538],
        "cov": [[0.00317167839967, 0.00205068360083, 0.000406721257605, 0.000423447956564, 0.000431499502156, 0.000924581254367], [0.00205068360083, 0.0109170535579, 0.00482608797029, 0.00252275541425, 0.00323100248352, 0.00305725983344], [0.000406721257605, 0.00482608797029, 0.0071090226993, 0.00261791353114, 0.00329278432764, 0.00153154449072], [0.000423447956564, 0.00252275541425, 0.00261791353114, 0.00180805276614, 0.00160187587608, 0.000814236351289], [0.000431499502156, 0.00323100248352, 0.00329278432764, 0.00160187587608, 0.00259568705224, 0.00119045970496], [0.000924581254367, 0.00305725983344, 0.00153154449072, 0.000814236351289, 0.00119045970496, 0.0016568871215]]
    },
    "scvalleys": {
        "kurt": [0.902475595474, 0.350624322891, 0.720338106155, -0.454846858978, -0.429785966873, -0.595738649368],
        "max": [-8.68001937866, -6.45487689972, -4.71817970276, -6.00308609009, -7.98986387253, -10.5259943008],
        "mean": [-11.5285539627, -9.11105060577, -7.42737722397, -8.64311599731, -10.3826265335, -13.0418672562],
        "median": [-11.7169885635, -9.14775848389, -7.10098838806, -8.55207061768, -10.4594688416, -13.1829509735],
        "min": [-15.8966856003, -14.5770568848, -14.7925682068, -14.6413135529, -15.4168119431, -17.7505283356],
        "skew": [0.28497633338, -0.26070868969, -0.765398859978, -0.420939207077, -0.0580284968019, 0.0591014400125],
        "var": [0.980062007904, 1.4260481596, 2.58465647697, 2.50760579109, 1.5356785059, 1.46266651154],
        "cov": [[0.983296513557, 0.857696115971, 1.09351670742, 1.13301575184, 0.922576010227, 0.898819744587], [0.857696115971, 1.43075466156, 1.7164427042, 1.68158447742, 1.2648332119, 1.16022670269], [1.09351670742, 1.7164427042, 2.59318685532, 2.45272064209, 1.7573595047, 1.57655918598], [1.13301575184, 1.68158447742, 2.45272064209, 2.51588177681, 1.83606767654, 1.67247533798], [0.922576010227, 1.2648332119, 1.7573595047, 1.83606767654, 1.54074680805, 1.43407702446], [0.898819744587, 1.16022670269, 1.57655918598, 1.67247533798, 1.43407702446, 1.46749389172]]
    }
},
"rhythm": {
    "beats_loudness": {
        "kurt": 0.725315570831,
        "max": 0.0369107611477,
        "mean": 0.0094699608162,
        "median": 0.00431874301285,
        "min": 1.36515996019e-06,
        "skew": 1.41286158562,
        "var": 0.000118525531434
    },
    "bpm": 129.245391846,
    "confidence": 3.11887216568,
    "first_peak_bpm": {
        "kurt": 0,
        "max": 129,
        "mean": 129,
        "median": 129,
        "min": 129,
        "skew": 0,
        "var": 0
    },
    "first_peak_spread": {
        "kurt": 0,
        "max": 0.571428537369,
        "mean": 0.571428537369,
        "median": 0.571428537369,
        "min": 0.571428537369,
        "skew": 0,
        "var": 0
    },
    "first_peak_weight": {
        "kurt": 0,
        "max": 0.214285716414,
        "mean": 0.214285716414,
        "median": 0.214285716414,
        "min": 0.214285716414,
        "skew": 0,
        "var": 0
    },
    "onset_rate": 2.13799524307,
    "second_peak_bpm": {
        "kurt": 0,
        "max": 136,
        "mean": 136,
        "median": 136,
        "min": 136,
        "skew": 0,
        "var": 0
    },
    "second_peak_spread": {
        "kurt": 0,
        "max": 0.25,
        "mean": 0.25,
        "median": 0.25,
        "min": 0.25,
        "skew": 0,
        "var": 0
    },
    "second_peak_weight": {
        "kurt": 0,
        "max": 0.214285716414,
        "mean": 0.214285716414,
        "median": 0.214285716414,
        "min": 0.214285716414,
        "skew": 0,
        "var": 0
    },
    "beats_loudness_band_ratio": {
        "kurt": [10.0386390686, 9.75522613525, -0.663605213165, -1.32027554512, 1.06233167648, -0.786988258362],
        "max": [0.00946254748851, 0.0208389144391, 0.839505732059, 0.828214764595, 0.12992914021, 0.0104367211461],
        "mean": [0.000696891744155, 0.00213108840398, 0.492884755135, 0.535601198673, 0.0522487387061, 0.00409303884953],
        "median": [4.51204723504e-05, 0.000822637113743, 0.540717601776, 0.618410587311, 0.0460423715413, 0.00351435458288],
        "min": [1.31880651679e-05, 9.22752660699e-05, 0.0657809823751, 0.152332440019, 0.0174322240055, 0.000312516815029],
        "skew": [3.46684074402, 3.40100049973, -0.397926926613, -0.2930996418, 1.28241384029, 0.770554065704],
        "var": [5.49532933292e-06, 2.53115340456e-05, 0.0433253906667, 0.0443170405924, 0.000890964351129, 1.06143243102e-05],
        "cov": [[5.88785314903e-06, 1.2559525203e-05, -5.03024784848e-05, 6.41013175482e-05, -1.58376515174e-05, 8.93130618351e-08], [1.2559525203e-05, 2.71195003734e-05, -9.43055638345e-05, 0.000116460243589, -3.54979056283e-05, 5.98718202127e-07], [-5.03024784848e-05, -9.43055638345e-05, 0.0464200638235, -0.0428638570011, -0.00407608179376, -0.00040055156569], [6.41013175482e-05, 0.000116460243589, -0.0428638570011, 0.0474825426936, 0.00294103031047, 0.000398531876272], [-1.58376515174e-05, -3.54979056283e-05, -0.00407608179376, 0.00294103031047, 0.000954604649451, 7.11007232894e-05], [8.93130618351e-08, 5.98718202127e-07, -0.00040055156569, 0.000398531876272, 7.11007232894e-05, 1.13724900075e-05]]
    },
    "beats_position": [0.429569154978, 0.824308395386, 1.25387752056, 1.70666658878, 2.15945577621, 2.62385487556, 3.08825397491, 3.52943301201, 3.97061228752, 4.38857126236, 4.80653047562, 5.24770975113, 5.71210861206, 6.18811798096, 6.66412687302],
    "bpm_estimates": [132.512039185, 132.511993408, 129.19921875, 129.19921875, 129.199279785, 126.047935486, 126.048065186],
    "bpm_intervals": [0.394739240408, 0.429569125175, 0.452789068222, 0.452789187431, 0.46439909935, 0.46439909935, 0.441179037094, 0.441179275513, 0.417958974838, 0.417959213257, 0.441179275513, 0.464398860931, 0.476009368896, 0.476008892059],
    "onset_times": [0.139319732785, 0.487619042397, 0.835918366909, 1.26548755169, 1.67183673382, 2.17106580734, 2.63546490669, 3.09986400604, 3.41333341599, 4.00544214249, 4.41179132462, 4.81814050674, 5.24770975113, 5.73532867432, 6.48997735977],
    "histogram": [[0, 0, 0, 0, 0, 0, 0, 0, 0, 0, 0, 0, 0, 0, 0, 0, 0, 0, 0, 0, 0, 0, 0, 0, 0, 0, 0, 0, 0, 0, 0, 0, 0, 0, 0, 0, 0, 0, 0, 0, 0, 0, 0, 0, 0, 0, 0, 0, 0, 0, 0, 0, 0, 0, 0, 0, 0, 0, 0, 0, 0, 0, 0, 0, 0, 0, 0, 0, 0, 0, 0, 0, 0, 0, 0, 0, 0, 0, 0, 0, 0, 0, 0, 0, 0, 0, 0, 0, 0, 0, 0, 0, 0, 0, 0, 0, 0, 0, 0, 0, 0, 0, 0, 0, 0, 0, 0, 0, 0, 0, 0, 0, 0, 0, 0, 0, 0, 0, 0, 0, 0, 0, 0, 0, 0, 0, 0.142857149243, 0, 0, 0.214285716414, 0, 0, 0, 0.142857149243, 0, 0, 0.214285716414, 0, 0, 0, 0.0714285746217, 0, 0, 0, 0.142857149243, 0, 0, 0, 0, 0, 0, 0, 0.0714285746217, 0, 0, 0, 0, 0, 0, 0, 0, 0, 0, 0, 0, 0, 0, 0, 0, 0, 0, 0, 0, 0, 0, 0, 0, 0, 0, 0, 0, 0, 0, 0, 0, 0, 0, 0, 0, 0, 0, 0, 0, 0, 0, 0, 0, 0, 0, 0, 0, 0, 0, 0, 0, 0, 0, 0, 0, 0, 0, 0, 0, 0, 0, 0, 0, 0, 0, 0, 0, 0, 0, 0, 0, 0, 0, 0, 0, 0, 0, 0, 0, 0, 0, 0, 0, 0, 0, 0, 0, 0, 0, 0, 0, 0, 0, 0, 0, 0]]
},
"sfx": {
    "inharmonicity": {
        "kurt": 8.4341802597,
        "max": 0.398636043072,
        "mean": 0.0314364135265,
        "median": 0.00183128332719,
        "min": 8.74370198289e-06,
        "skew": 2.98194432259,
        "var": 0.00563803920522
    },
    "oddtoevenharmonicenergyratio": {
        "kurt": 40.1640892029,
        "max": 20.6188716888,
        "mean": 0.658977329731,
        "median": 0.0260211117566,
        "min": 0.000279871368548,
        "skew": 5.61908340454,
        "var": 4.19476175308
    },
    "pitch_after_max_to_before_max_energy_ratio": 1.40359580517,
    "pitch_centroid": 151.007507324,
    "pitch_max_to_total": 0.411184221506,
    "pitch_min_to_total": 0.476973682642,
    "tristimulus": {
        "kurt": [-0.063934803009, 1.55640792847, 8.51302909851],
        "max": [0.960311532021, 0.921632230282, 0.974646866322],
        "mean": [0.641893863678, 0.270391643047, 0.0877144411206],
        "median": [0.784510016441, 0.193230554461, 0.0175443962216],
        "min": [0, 0.0227501168847, 0.00199643638916],
        "skew": [-1.23559546471, 1.57113611698, 2.96025371552],
        "var": [0.0977228656411, 0.0459451563656, 0.0294937808067],
        "cov": [[0.0980453789234, -0.057275518775, -0.0407698526978], [-0.057275518775, 0.0460967905819, 0.0111787244678], [-0.0407698526978, 0.0111787244678, 0.0295911189169]]
    }
},
"tonal": {
    "chords_changes_rate": 0.111111111939,
    "chords_number_rate": 0.0326797403395,
    "chords_strength": {
        "kurt": 0.109008789062,
        "max": 0.544786512852,
        "mean": 0.40967464447,
        "median": 0.411686658859,
        "min": 0.259677022696,
        "skew": -0.181538850069,
        "var": 0.00338482204825
    },
    "key_strength": 0.339079618454,
    "tuning_diatonic_strength": 0.316732615232,
    "tuning_equal_tempered_deviation": 0.241029024124,
    "tuning_frequency": 432.441040039,
    "tuning_nontempered_energy_ratio": 0.89655816555,
    "hpcp": {
        "kurt": [1.62432479858, 3.6321606636, 3.58747529984, 6.26972675323, 11.0119857788, 8.85659408569, 7.05184650421, 10.4779424667, 6.9890499115, 5.70265007019, 8.61579036713, 10.2545623779, 9.9528169632, 8.20970439911, 6.45605754852, 9.12383079529, 15.2819766998, 3.63363075256, 4.06489610672, 21.4742469788, 9.99950408936, 6.88136005402, 20.0337333679, 7.56580638885, 6.22839164734, 1.91915178299, 1.09999132156, 0.764025211334, -0.172742128372, -0.856344938278, -1.18911290169, -1.07171487808, -1.13604402542, -1.04749464989, -0.573255777359, -0.0366940498352],
        "max": [1, 1, 0.911307513714, 1, 1, 0.774863541126, 0.735646188259, 0.865683615208, 1, 0.984571874142, 1, 0.946565568447, 1, 1, 0.854640245438, 1, 1, 0.47787052393, 0.533435344696, 1, 0.819783449173, 0.831707596779, 1, 0.811115860939, 1, 1, 1, 1, 1, 1, 1, 1, 1, 1, 1, 1],
