{
"metadata": {
    "version": {
        "essentia": "2.1-beta3"
    }
},
"lowLevel": {
    "average_loudness": 0.96759724617,
    "barkbands_kurtosis": {
        "kurt": 46.9206848145,
        "max": 106.691818237,
        "mean": 5.82244825363,
        "median": 3.89841985703,
        "min": -1.58616709709,
        "skew": 5.72569799423,
        "var": 88.4720230103
    },
    "barkbands_skewness": {
        "kurt": 8.68891429901,
        "max": 10.0277385712,
        "mean": 1.67605471611,
        "median": 1.57135999203,
        "min": -1.74370121956,
        "skew": 1.80580079556,
        "var": 1.5152258873
    },
    "barkbands_spread": {
        "kurt": 9.05334091187,
        "max": 38.6297340393,
        "mean": 5.57636022568,
        "median": 3.46348690987,
        "min": 0.422458410263,
        "skew": 3.0851495266,
        "var": 47.0680274963
    },
    "dissonance": {
        "kurt": 9.18108272552,
        "max": 0.499997198582,
        "mean": 0.460701823235,
        "median": 0.480157405138,
        "min": 0.0932808145881,
        "skew": -2.42724609375,
        "var": 0.00258070393465
    },
    "hfc": {
        "kurt": 16.2291431427,
        "max": 53.2009658813,
        "mean": 3.18056559563,
        "median": 0.169863298535,
        "min": 1.16045175673e-05,
        "skew": 3.45354008675,
        "var": 43.9212989807
    },
    "pitch": {
        "kurt": 14.2697887421,
        "max": 3499.55932617,
        "mean": 777.346252441,
        "median": 845.245605469,
        "min": 101.066947937,
        "skew": 1.72429406643,
        "var": 109786.21875
    },
    "pitch_instantaneous_confidence": {
        "kurt": -0.232461690903,
        "max": 0.987187623978,
        "mean": 0.55151951313,
        "median": 0.539538264275,
        "min": 0.167114257812,
        "skew": 0.309033036232,
        "var": 0.0310112033039
    },
    "pitch_salience": {
        "kurt": 2.51116752625,
        "max": 0.90616697073,
        "mean": 0.659823536873,
        "median": 0.698597729206,
        "min": 0.0912854522467,
        "skew": -1.54886889458,
        "var": 0.0195313617587
    },
    "silence_rate_20dB": {
        "kurt": 0,
        "max": 1,
        "mean": 1,
        "median": 1,
        "min": 1,
        "skew": 0,
        "var": 0
    },
    "silence_rate_30dB": {
        "kurt": 0,
        "max": 1,
        "mean": 1,
        "median": 1,
        "min": 1,
        "skew": 0,
        "var": 0
    },
    "silence_rate_60dB": {
        "kurt": -0.699139356613,
        "max": 1,
        "mean": 0.747692286968,
        "median": 1,
        "min": 0,
        "skew": -1.14055168629,
        "var": 0.188648790121
    },
    "spectral_centroid": {
        "kurt": 5.85749912262,
        "max": 2619.23681641,
        "mean": 1057.05505371,
        "median": 948.391723633,
        "min": 621.675354004,
        "skew": 2.2971432209,
        "var": 96973.8515625
    },
    "spectral_complexity": {
        "kurt": 0.550689458847,
        "max": 24,
        "mean": 3.95692300797,
        "median": 1,
        "min": 0,
        "skew": 1.32166218758,
        "var": 30.9088916779
    },
    "spectral_crest": {
        "kurt": 0.499495029449,
        "max": 26.4190731049,
        "mean": 12.0768699646,
        "median": 11.3559856415,
        "min": 3.63918328285,
        "skew": 0.769336044788,
        "var": 20.0886440277
    },
    "spectral_decrease": {
        "kurt": 16.3985328674,
        "max": -1.94571070105e-15,
        "mean": -8.1240814076e-10,
        "median": -4.50286301301e-11,
        "min": -1.40233851198e-08,
        "skew": -3.47599434853,
        "var": 2.89728364071e-18
    },
    "spectral_energy": {
        "kurt": 16.3615455627,
        "max": 0.0577529482543,
        "mean": 0.00335470004939,
        "median": 0.000184952048585,
        "min": 8.60886384402e-09,
        "skew": 3.47207832336,
        "var": 4.93249463034e-05
    },
    "spectral_energyband_high": {
        "kurt": 15.5755119324,
        "max": 4.47991042165e-05,
        "mean": 2.656871402e-06,
        "median": 5.34470316893e-08,
        "min": 2.71142674285e-11,
        "skew": 3.89168977737,
        "var": 5.27057529565e-11
    },
    "spectral_energyband_low": {
        "kurt": 108.998474121,
        "max": 1.11612034743e-05,
        "mean": 1.79894101393e-07,
        "median": 2.29431362797e-09,
        "min": 1.12946360598e-10,
        "skew": 9.35901832581,
        "var": 6.63055114286e-13
    },
    "spectral_energyband_middle_high": {
        "kurt": 31.4668006897,
        "max": 0.0493460185826,
        "mean": 0.00220505730249,
        "median": 0.000123885300127,
        "min": 2.71879696534e-09,
        "skew": 4.75594377518,
        "var": 2.68555941147e-05
    },
    "spectral_energyband_middle_low": {
        "kurt": 10.5332593918,
        "max": 0.0182098597288,
        "mean": 0.00131198065355,
        "median": 5.37741361768e-05,
        "min": 2.25497087669e-09,
        "skew": 3.03416109085,
        "var": 7.78094818088e-06
    },
    "spectral_flatness_db": {
        "kurt": 0.783590078354,
        "max": 0.560454368591,
        "mean": 0.322411328554,
        "median": 0.341220259666,
        "min": 0.0695924684405,
        "skew": -0.823591649532,
        "var": 0.00881678331643
    },
    "spectral_flux": {
        "kurt": 2.47151851654,
        "max": 0.174746602774,
        "mean": 0.0258220136166,
        "median": 0.0105498200282,
        "min": 6.28817433608e-05,
        "skew": 1.55345618725,
        "var": 0.00101212144364
    },
    "spectral_kurtosis": {
        "kurt": -0.0730962753296,
        "max": 91.8451766968,
        "mean": 32.9997558594,
        "median": 30.9113540649,
        "min": 2.59124279022,
        "skew": 0.495722830296,
        "var": 327.456695557
    },
    "spectral_rms": {
        "kurt": 1.96858978271,
        "max": 0.0075062867254,
        "mean": 0.00111008924432,
        "median": 0.00042478350224,
        "min": 2.89808417619e-06,
        "skew": 1.57336568832,
        "var": 2.04058051168e-06
    },
    "spectral_rolloff": {
        "kurt": 3.66559267044,
        "max": 4414.30664062,
        "mean": 1387.99633789,
        "median": 1119.7265625,
        "min": 602.9296875,
        "skew": 2.09369897842,
        "var": 513080.625
    },
    "spectral_skewness": {
        "kurt": -0.0463790893555,
        "max": 7.37162685394,
        "mean": 4.15767431259,
        "median": 4.12585020065,
        "min": 1.32654762268,
        "skew": -0.00388671271503,
        "var": 1.47386217117
    },
    "spectral_spread": {
        "kurt": 7.76784229279,
        "max": 13648067,
        "mean": 2185881.5,
        "median": 1506826.5,
        "min": 866807.125,
        "skew": 2.55260968208,
        "var": 2.9430513664e+12
    },
    "spectral_strongpeak": {
        "kurt": 9.43088436127,
        "max": 5.28043556213,
        "mean": 0.500411510468,
        "median": 0.170019686222,
        "min": 9.97518582153e-05,
        "skew": 2.75783395767,
        "var": 0.610049545765
    },
    "zerocrossingrate": {
        "kurt": 3.39127922058,
        "max": 0.12255859375,
        "mean": 0.0524459145963,
        "median": 0.04638671875,
        "min": 0.00390625,
        "skew": 1.82783305645,
        "var": 0.000321608880768
    },
    "barkbands": {
        "kurt": [33.1290969849, 93.8573455811, 108.460517883, 47.2959289551, 22.12449646, 12.8633651733, 18.1020622253, 100.53086853, 15.557390213, 42.0115852356, 16.907333374, 28.2822589874, 72.2405166626, 9.88175678253, 9.91735839844, 44.545955658, 28.2976951599, 24.4112205505, 10.4382104874, 30.4222869873, 19.4849872589, 13.7888183594, 24.7348690033, 13.9065284729, 14.8877601624, 46.1284828186, 52.0426559448],
        "max": [6.47138120868e-09, 8.55651251186e-07, 6.21766503173e-06, 6.77749130773e-06, 1.08290369099e-05, 8.46459715831e-06, 0.000118787233077, 0.00371519406326, 0.0137568246573, 0.037970751524, 0.00903596635908, 0.00484831724316, 0.0039274180308, 0.000483488547616, 0.000787870609201, 0.00298121129163, 0.000302260828903, 0.000122828088934, 9.59440585575e-05, 0.000173033578903, 7.93856179371e-06, 4.13393172494e-06, 2.66553342954e-06, 1.20477579912e-06, 1.42709865258e-07, 1.81051653669e-08, 5.07532860183e-09],
        "mean": [2.30141752877e-10, 1.66944076341e-08, 9.1629651422e-08, 1.77559925874e-07, 5.31986927399e-07, 5.53163374661e-07, 6.66040477881e-06, 9.62632184383e-05, 0.000794349005446, 0.0013629765017, 0.000540385080967, 0.000232851074543, 9.32456023293e-05, 3.68200599041e-05, 6.31678849459e-05, 9.40057143453e-05, 1.3173971638e-05, 5.29209728484e-06, 6.73719250699e-06, 6.60764499116e-06, 3.65112356349e-07, 2.47332621939e-07, 1.1072498296e-07, 6.7075653476e-08, 7.27423987712e-09, 5.99865712658e-10, 1.45602002677e-10],
        "median": [7.24757233395e-12, 2.05363101524e-10, 7.90361220915e-10, 3.76268038949e-09, 1.26643033838e-08, 4.21131289841e-08, 2.06168834893e-07, 4.23856317866e-06, 2.09319950955e-05, 5.34725804755e-05, 1.32711638798e-05, 1.40499869303e-05, 3.7056331621e-06, 2.12988038584e-06, 1.75077559561e-06, 3.52268489223e-06, 6.0333275087e-07, 1.7658955187e-07, 2.41483263608e-07, 1.38390475968e-07, 1.28486785655e-08, 6.15415318705e-09, 2.27096030869e-09, 7.60008000977e-10, 1.41355413485e-10, 1.09499831077e-11, 3.57231540356e-12],
        "min": [3.68816881603e-14, 3.7446044529e-12, 8.2298985335e-12, 1.50319565823e-11, 2.5937496595e-10, 1.75793227197e-10, 5.45587533485e-11, 5.33949585935e-11, 1.93737428877e-10, 3.67243430111e-10, 2.72888517339e-10, 2.15761297717e-10, 5.79484203678e-11, 6.28872648401e-11, 3.22183633938e-11, 1.84602715059e-11, 2.09884800512e-11, 1.35592457401e-11, 5.66664076773e-12, 3.52925523008e-12, 7.60810078132e-12, 4.91906211944e-12, 3.21176917527e-12, 2.48398155343e-12, 2.23955294414e-12, 1.35762126367e-12, 7.57198665748e-14],
        "skew": [5.2185997963, 8.43250465393, 9.41732120514, 6.1944437027, 4.34327793121, 3.00642633438, 3.95046758652, 8.42576217651, 3.66207790375, 5.57906389236, 3.80016469955, 4.56855392456, 7.65927457809, 3.01148438454, 3.08426856995, 5.90518903732, 4.83535957336, 4.57407331467, 3.15757632256, 4.87543487549, 3.97171282768, 3.4724354744, 4.37415504456, 3.5036547184, 3.49362111092, 6.08001899719, 6.54492855072],
        "var": [4.56079679211e-19, 4.11236274661e-15, 2.06403186101e-13, 4.1814777552e-13, 2.01025914665e-12, 1.10778530446e-12, 2.61774463217e-10, 7.26120461536e-08, 3.67402526535e-06, 1.33488556457e-05, 1.74579224677e-06, 2.9897213949e-07, 1.04851807237e-07, 6.21014173419e-09, 1.99071887863e-08, 8.2992542616e-08, 1.29674271321e-09, 2.14416692734e-10, 2.44505832248e-10, 3.42797484842e-10, 8.70628330714e-13, 3.66106260976e-13, 8.57020278854e-14, 2.87151555247e-14, 3.15794185057e-16, 3.60201670719e-18, 2.48771338051e-19],
        "cov": [[4.57487333819e-19, 1.57771930176e-17, 2.01460552871e-16, 3.00797202028e-16, 5.47009006897e-16, 3.16488275618e-16, 2.43635644157e-15, 7.27678347808e-14, 5.31149885359e-13, 1.51136698642e-12, 4.72054687006e-13, 1.12347041663e-13, 6.24230552773e-14, 2.39305052689e-14, 3.8144211097e-14, 1.12018121829e-13, 7.08596126992e-15, 4.44815074734e-15, 5.08386718546e-15, 8.60159247431e-15, 3.32478245959e-16, 2.63445298986e-16, 1.00027708928e-16, 6.96548941496e-17, 7.11451841002e-18, 9.89812696185e-19, 1.44564533274e-19], [1.57771930176e-17, 4.12505511181e-15, 1.71967644389e-14, 1.81537354864e-14, 5.72293880579e-14, 4.32016720303e-14, 2.39804026246e-13, 5.80065639619e-12, 4.38841844808e-11, 1.52780260665e-10, 5.88286294678e-11, 2.24589079972e-11, 7.15236160229e-12, 2.00534836133e-12, 4.81170572136e-12, 1.25818522267e-11, 7.2129726237e-13, 4.85235820708e-13, 4.67368223116e-13, 5.55520527582e-13, 3.07844095809e-14, 2.45544466785e-14, 1.2671795003e-14, 6.83218554025e-15, 7.7487871034e-16, 6.9795131042e-17, 1.21570263134e-17], [2.01460552871e-16, 1.71967644389e-14, 2.07040236192e-13, 2.30130584727e-13, 3.75539063822e-13, 2.64701129939e-13, 1.05601746965e-12, 2.52584515803e-11, 3.12871450969e-10, 1.3014215261e-09, 4.09975470239e-10, 8.71188815532e-11, 3.04019517894e-11, 1.22054588658e-11, 2.64814038753e-11, 7.0647605821e-11, 3.67887274463e-12, 2.60929017108e-12, 2.50659172238e-12, 4.71483182357e-12, 2.11724152208e-13, 1.82435772218e-13, 6.67000769937e-14, 3.64562268991e-14, 4.64210604567e-15, 6.38359763253e-16, 8.43630257087e-17], [3.00797202028e-16, 1.81537354864e-14, 2.30130584727e-13, 4.19438355576e-13, 6.70793065191e-13, 3.94466008252e-13, 2.38441254588e-12, 7.67424665482e-11, 6.38720965007e-10, 1.75878256403e-09, 6.21063200867e-10, 1.23755797277e-10, 3.39547522044e-11, 2.86442935343e-11, 4.98363225687e-11, 7.43981751206e-11, 5.96576824399e-12, 3.31525302003e-12, 4.01496284136e-12, 7.58510875637e-12, 3.38703376327e-13, 2.66501962642e-13, 8.53134837081e-14, 5.22597542768e-14, 6.53123134595e-15, 8.83541602528e-16, 1.313429008e-16], [5.47009006897e-16, 5.72293880579e-14, 3.75539063822e-13, 6.70793065191e-13, 2.016463602e-12, 1.13965878835e-12, 8.61431585786e-12, 2.4052765335e-10, 1.78547920893e-09, 3.70738573174e-09, 1.57809665335e-09, 5.27349164336e-10, 1.25571886223e-10, 7.56692555837e-11, 1.28488830686e-10, 2.47823567223e-10, 2.06908587486e-11, 9.88817187852e-12, 1.4212120196e-11, 2.06940749259e-11, 1.09679236179e-12, 7.30607523265e-13, 2.99550260898e-13, 1.65646291714e-13, 1.95181446282e-14, 2.08436385353e-15, 2.34463960816e-16], [3.16488275618e-16, 4.32016720303e-14, 2.64701129939e-13, 3.94466008252e-13, 1.13965878835e-12, 1.11120444443e-12, 8.10897182735e-12, 1.38740741118e-10, 1.14743881063e-09, 2.69093591854e-09, 1.04238251364e-09, 3.80053599702e-10, 9.64611793219e-11, 5.06413730395e-11, 9.21317258595e-11, 1.82808046478e-10, 1.15133406281e-11, 6.61395851281e-12, 9.26885131147e-12, 1.21373354076e-11, 6.67815412345e-13, 4.45645880224e-13, 2.10121362584e-13, 1.17710962505e-13, 1.36220389149e-14, 1.14960243338e-15, 1.5656559644e-16], [2.43635644157e-15, 2.39804026246e-13, 1.05601746965e-12, 2.38441254588e-12, 8.61431585786e-12, 8.10897182735e-12, 2.62582400268e-10, 1.74007075415e-09, 1.74895262717e-08, 1.3220867956e-08, 8.92632456839e-09, 3.67635655252e-09, 5.41971800772e-10, 7.85839116002e-10, 1.28239119324e-09, 1.13077525121e-09, 7.71031363755e-11, 3.80420209223e-11, 8.27083124211e-11, 9.99848537298e-11, 6.95809685911e-12, 3.7303909961e-12, 1.48598689777e-12, 7.67593454076e-13, 1.14403929038e-13, 6.19148854839e-15, 9.42137065418e-16], [7.27678347808e-14, 5.80065639619e-12, 2.52584515803e-11, 7.67424665482e-11, 2.4052765335e-10, 1.38740741118e-10, 1.74007075415e-09, 7.28361584379e-08, 2.26423239269e-07, 3.61152473261e-07, 1.64299279959e-07, 3.98639343757e-08, 1.18073337774e-08, 1.17992540183e-08, 1.46892977781e-08, 2.11908339764e-08, 1.63785718321e-09, 1.16960374719e-09, 1.60827107187e-09, 3.01051139573e-09, 1.19236731599e-10, 9.0642097994e-11, 2.95719906895e-11, 2.02783970171e-11, 2.26416129769e-12, 2.97434440358e-13, 2.99694046435e-14], [5.31149885359e-13, 4.38841844808e-11, 3.12871450969e-10, 6.38720965007e-10, 1.78547920893e-09, 1.14743881063e-09, 1.74895262717e-08, 2.26423239269e-07, 3.6853648453e-06, 3.60296485269e-06, 1.43556542298e-06, 6.36780157492e-07, 9.319965244e-08, 9.89355726233e-08, 1.66230279319e-07, 2.18885446657e-07, 2.79990270968e-08, 9.59338741779e-09, 2.03691605805e-08, 2.22789786619e-08, 1.31979538409e-09, 7.09954595113e-10, 3.01589725415e-10, 1.8870677243e-10, 2.12167349661e-11, 1.98552459196e-12, 2.58743195055e-13], [1.51136698642e-12, 1.52780260665e-10, 1.3014215261e-09, 1.75878256403e-09, 3.70738573174e-09, 2.69093591854e-09, 1.3220867956e-08, 3.61152473261e-07, 3.60296485269e-06, 1.33900557557e-05, 3.51486573891e-06, 1.0933933936e-06, 4.37319243929e-07, 1.68972178471e-07, 3.00367446471e-07, 6.62684726649e-07, 5.67293447773e-08, 3.21348672117e-08, 3.35167307242e-08, 4.30703472887e-08, 2.19359352904e-09, 1.71229519452e-09, 7.04656777373e-10, 4.11116085619e-10, 4.67006953941e-11, 5.05262064826e-12, 6.6834710509e-13], [4.72054687006e-13, 5.88286294678e-11, 4.09975470239e-10, 6.21063200867e-10, 1.57809665335e-09, 1.04238251364e-09, 8.92632456839e-09, 1.64299279959e-07, 1.43556542298e-06, 3.51486573891e-06, 1.75118054813e-06, 4.25449258046e-07, 1.18345418798e-07, 7.3476293494e-08, 1.27348215528e-07, 2.19062314954e-07, 1.59362674168e-08, 7.93524002063e-09, 1.12260485352e-08, 1.64864992769e-08, 8.21250845107e-10, 6.24434670637e-10, 2.54198967431e-10, 1.39090614026e-10, 1.7450698872e-11, 1.70982932673e-12, 2.17521137279e-13], [1.12347041663e-13, 2.24589079972e-11, 8.71188815532e-11, 1.23755797277e-10, 5.27349164336e-10, 3.80053599702e-10, 3.67635655252e-09, 3.98639343757e-08, 6.36780157492e-07, 1.0933933936e-06, 4.25449258046e-07, 2.9989490713e-07, 5.41857119174e-08, 2.06736139319e-08, 5.02666033242e-08, 1.01478732972e-07, 1.0051412147e-08, 3.87646803546e-09, 6.23422558022e-09, 5.23557375232e-09, 3.9627987003e-10, 2.25421681321e-10, 1.12668555041e-10, 6.35122440751e-11, 6.97753096621e-12, 4.88815856282e-13, 1.16641478377e-13], [6.24230552773e-14, 7.15236160229e-12, 3.04019517894e-11, 3.39547522044e-11, 1.25571886223e-10, 9.64611793219e-11, 5.41971800772e-10, 1.18073337774e-08, 9.319965244e-08, 4.37319243929e-07, 1.18345418798e-07, 5.41857119174e-08, 1.05175423926e-07, 7.74216868393e-09, 1.21604664116e-08, 4.90742841919e-08, 6.99943880633e-09, 3.57492924152e-09, 2.09335815349e-09, 1.58960344887e-09, 8.88524462339e-11, 8.02776456421e-11, 4.56914714397e-11, 2.43594831806e-11, 2.54937434011e-12, 2.0942718859e-13, 4.29877284485e-14], [2.39305052689e-14, 2.00534836133e-12, 1.22054588658e-11, 2.86442935343e-11, 7.56692555837e-11, 5.06413730395e-11, 7.85839116002e-10, 1.17992540183e-08, 9.89355726233e-08, 1.68972178471e-07, 7.3476293494e-08, 2.06736139319e-08, 7.74216868393e-09, 6.22930906857e-09, 8.25398949189e-09, 9.66293356441e-09, 1.05979425236e-09, 4.92887619608e-10, 6.84103551585e-10, 8.46844816493e-10, 4.53864446026e-11, 2.99474611776e-11, 1.22418368845e-11, 7.41491503614e-12, 8.5644300896e-13, 7.42886587207e-14, 1.05625127107e-14], [3.8144211097e-14, 4.81170572136e-12, 2.64814038753e-11, 4.98363225687e-11, 1.28488830686e-10, 9.21317258595e-11, 1.28239119324e-09, 1.46892977781e-08, 1.66230279319e-07, 3.00367446471e-07, 1.27348215528e-07, 5.02666033242e-08, 1.21604664116e-08, 8.25398949189e-09, 1.99686294167e-08, 2.23988507742e-08, 1.72132941234e-09, 9.00921170999e-10, 1.3737209148e-09, 1.50563495005e-09, 9.49705800113e-11, 6.36988170544e-11, 2.65910418684e-11, 1.65131536917e-11, 1.90869911022e-12, 1.31926411527e-13, 3.20036355815e-14], [1.12018121829e-13, 1.25818522267e-11, 7.0647605821e-11, 7.43981751206e-11, 2.47823567223e-10, 1.82808046478e-10, 1.13077525121e-09, 2.11908339764e-08, 2.18885446657e-07, 6.62684726649e-07, 2.19062314954e-07, 1.01478732972e-07, 4.90742841919e-08, 9.66293356441e-09, 2.23988507742e-08, 8.32486932723e-08, 4.95276086809e-09, 2.73418243601e-09, 3.26728177846e-09, 3.11482351023e-09, 1.82878157062e-10, 1.19316834191e-10, 6.93081772529e-11, 3.89733002815e-11, 4.04169276172e-12, 3.76876860882e-13, 5.65252800621e-14], [7.08596126992e-15, 7.2129726237e-13, 3.67887274463e-12, 5.96576824399e-12, 2.06908587486e-11, 1.15133406281e-11, 7.71031363755e-11, 1.63785718321e-09, 2.79990270968e-08, 5.67293447773e-08, 1.59362674168e-08, 1.0051412147e-08, 6.99943880633e-09, 1.05979425236e-09, 1.72132941234e-09, 4.95276086809e-09, 1.30074495619e-09, 3.20366067008e-10, 3.52473744636e-10, 2.59083143828e-10, 1.69746838113e-11, 1.00168111652e-11, 5.23783273698e-12, 2.8652252012e-12, 3.05025346344e-13, 2.82396515569e-14, 5.80301933351e-15], [4.44815074734e-15, 4.85235820708e-13, 2.60929017108e-12, 3.31525302003e-12, 9.88817187852e-12, 6.61395851281e-12, 3.80420209223e-11, 1.16960374719e-09, 9.59338741779e-09, 3.21348672117e-08, 7.93524002063e-09, 3.87646803546e-09, 3.57492924152e-09, 4.92887619608e-10, 9.00921170999e-10, 2.73418243601e-09, 3.20366067008e-10, 2.15078482801e-10, 1.3281858946e-10, 1.30224706019e-10, 6.8758583896e-12, 5.84138033083e-12, 2.62563300095e-12, 1.56410670006e-12, 1.55856217147e-13, 1.58039746112e-14, 2.63406706047e-15], [5.08386718546e-15, 4.67368223116e-13, 2.50659172238e-12, 4.01496284136e-12, 1.4212120196e-11, 9.26885131147e-12, 8.27083124211e-11, 1.60827107187e-09, 2.03691605805e-08, 3.35167307242e-08, 1.12260485352e-08, 6.23422558022e-09, 2.09335815349e-09, 6.84103551585e-10, 1.3737209148e-09, 3.26728177846e-09, 3.52473744636e-10, 1.3281858946e-10, 2.45260478593e-10, 2.03607880556e-10, 1.15296400899e-11, 6.97482393022e-12, 3.62275942752e-12, 2.1855878652e-12, 2.20345267097e-13, 1.9433583635e-14, 3.45449830274e-15], [8.60159247431e-15, 5.55520527582e-13, 4.71483182357e-12, 7.58510875637e-12, 2.06940749259e-11, 1.21373354076e-11, 9.99848537298e-11, 3.01051139573e-09, 2.22789786619e-08, 4.30703472887e-08, 1.64864992769e-08, 5.23557375232e-09, 1.58960344887e-09, 8.46844816493e-10, 1.50563495005e-09, 3.11482351023e-09, 2.59083143828e-10, 1.30224706019e-10, 2.03607880556e-10, 3.43855499629e-10, 1.35619475719e-11, 9.46287406073e-12, 3.87745001038e-12, 2.34710167968e-12, 2.6397566316e-13, 3.02318493319e-14, 3.47102031565e-15], [3.32478245959e-16, 3.07844095809e-14, 2.11724152208e-13, 3.38703376327e-13, 1.09679236179e-12, 6.67815412345e-13, 6.95809685911e-12, 1.19236731599e-10, 1.31979538409e-09, 2.19359352904e-09, 8.21250845107e-10, 3.9627987003e-10, 8.88524462339e-11, 4.53864446026e-11, 9.49705800113e-11, 1.82878157062e-10, 1.69746838113e-11, 6.8758583896e-12, 1.15296400899e-11, 1.35619475719e-11, 8.73315471588e-13, 4.82470237807e-13, 2.10327848887e-13, 1.16824749202e-13, 1.39016953128e-14, 1.24884409573e-15, 2.06455929678e-16], [2.63445298986e-16, 2.45544466785e-14, 1.82435772218e-13, 2.66501962642e-13, 7.30607523265e-13, 4.45645880224e-13, 3.7303909961e-12, 9.0642097994e-11, 7.09954595113e-10, 1.71229519452e-09, 6.24434670637e-10, 2.25421681321e-10, 8.02776456421e-11, 2.99474611776e-11, 6.36988170544e-11, 1.19316834191e-10, 1.00168111652e-11, 5.84138033083e-12, 6.97482393022e-12, 9.46287406073e-12, 4.82470237807e-13, 3.6723621648e-13, 1.36653654972e-13, 8.29533382089e-14, 9.45083617756e-15, 9.70149503775e-16, 1.53726844927e-16], [1.00027708928e-16, 1.2671795003e-14, 6.67000769937e-14, 8.53134837081e-14, 2.99550260898e-13, 2.10121362584e-13, 1.48598689777e-12, 2.95719906895e-11, 3.01589725415e-10, 7.04656777373e-10, 2.54198967431e-10, 1.12668555041e-10, 4.56914714397e-11, 1.22418368845e-11, 2.65910418684e-11, 6.93081772529e-11, 5.23783273698e-12, 2.62563300095e-12, 3.62275942752e-12, 3.87745001038e-12, 2.10327848887e-13, 1.36653654972e-13, 8.59665393342e-14, 4.04517998959e-14, 4.57799920409e-15, 3.8798225035e-16, 6.31038619262e-17], [6.96548941496e-17, 6.83218554025e-15, 3.64562268991e-14, 5.22597542768e-14, 1.65646291714e-13, 1.17710962505e-13, 7.67593454076e-13, 2.02783970171e-11, 1.8870677243e-10, 4.11116085619e-10, 1.39090614026e-10, 6.35122440751e-11, 2.43594831806e-11, 7.41491503614e-12, 1.65131536917e-11, 3.89733002815e-11, 2.8652252012e-12, 1.56410670006e-12, 2.1855878652e-12, 2.34710167968e-12, 1.16824749202e-13, 8.29533382089e-14, 4.04517998959e-14, 2.8803782276e-14, 2.66511759425e-15, 2.34311097839e-16, 4.10718004317e-17], [7.11451841002e-18, 7.7487871034e-16, 4.64210604567e-15, 6.53123134595e-15, 1.95181446282e-14, 1.36220389149e-14, 1.14403929038e-13, 2.26416129769e-12, 2.12167349661e-11, 4.67006953941e-11, 1.7450698872e-11, 6.97753096621e-12, 2.54937434011e-12, 8.5644300896e-13, 1.90869911022e-12, 4.04169276172e-12, 3.05025346344e-13, 1.55856217147e-13, 2.20345267097e-13, 2.6397566316e-13, 1.39016953128e-14, 9.45083617756e-15, 4.57799920409e-15, 2.66511759425e-15, 3.16768855282e-16, 2.6135345517e-17, 4.2892379465e-18], [9.89812696185e-19, 6.9795131042e-17, 6.38359763253e-16, 8.83541602528e-16, 2.08436385353e-15, 1.14960243338e-15, 6.19148854839e-15, 2.97434440358e-13, 1.98552459196e-12, 5.05262064826e-12, 1.70982932673e-12, 4.88815856282e-13, 2.0942718859e-13, 7.42886587207e-14, 1.31926411527e-13, 3.76876860882e-13, 2.82396515569e-14, 1.58039746112e-14, 1.9433583635e-14, 3.02318493319e-14, 1.24884409573e-15, 9.70149503775e-16, 3.8798225035e-16, 2.34311097839e-16, 2.6135345517e-17, 3.61313401462e-18, 4.8515559473e-19], [1.44564533274e-19, 1.21570263134e-17, 8.43630257087e-17, 1.313429008e-16, 2.34463960816e-16, 1.5656559644e-16, 9.42137065418e-16, 2.99694046435e-14, 2.58743195055e-13, 6.6834710509e-13, 2.17521137279e-13, 1.16641478377e-13, 4.29877284485e-14, 1.05625127107e-14, 3.20036355815e-14, 5.65252800621e-14, 5.80301933351e-15, 2.63406706047e-15, 3.45449830274e-15, 3.47102031565e-15, 2.06455929678e-16, 1.53726844927e-16, 6.31038619262e-17, 4.10718004317e-17, 4.2892379465e-18, 4.8515559473e-19, 2.49539142605e-19]]
    },
    "mfcc": {
        "kurt": [-1.07120943069, -1.04180705547, -1.24953579903, -0.0725567340851, -0.761989593506, -0.894913673401, 1.13975477219, 0.565632581711, 0.213115215302, 0.397073030472, 1.3956246376, 0.386464357376, 0.413454532623],
        "max": [-716.591674805, 163.254425049, 4.41934204102, 2.19505691528, 6.2928314209, 5.38751983643, 38.199180603, 61.6960296631, 50.5688667297, 36.864730835, 19.4859886169, 27.0421161652, 27.8622817993],
        "mean": [-968.119812012, 82.1205291748, -76.9501571655, -62.5772590637, -36.564125061, -19.4347648621, 1.28954493999, 11.7259645462, 13.0388145447, 9.95920944214, -8.3932723999, -8.82847499847, 3.81976890564],
        "median": [-985.156494141, 85.9993362427, -82.1649627686, -70.6878128052, -40.6524658203, -20.256565094, 0.716724395752, 10.0030841827, 12.9857902527, 12.984746933, -6.50970840454, -9.77215576172, 3.2502746582],
        "min": [-1138.42004395, -0.41548538208, -175.204650879, -101.840614319, -72.14453125, -56.9986228943, -22.451789856, -17.9411468506, -9.12624359131, -29.0508499146, -53.5745429993, -42.289516449, -28.643611908],
        "skew": [0.269289761782, -0.32627671957, 0.223250404, 1.03247690201, 0.43372169137, -0.220711916685, 0.400332480669, 0.822549700737, 0.489473283291, -0.886154174805, -0.753258764744, 0.402488321066, 0.0464332327247],
        "var": [14485.0400391, 2185.34277344, 2426.21142578, 849.660949707, 407.121734619, 213.355728149, 71.9994506836, 209.665771484, 120.00592804, 180.365524292, 114.539978027, 138.376846313, 74.1154022217],
        "cov": [[14529.7470703, 5247.734375, -5471.01953125, -1890.42810059, -1895.79821777, -1168.33056641, -147.841903687, -22.2415428162, 65.7657241821, 717.101928711, -593.642272949, -835.322753906, 222.553894043], [5247.734375, 2192.08764648, -2019.91894531, -995.207275391, -824.638183594, -529.902282715, -101.155807495, -85.0728378296, 74.4227828979, 344.259490967, -185.28314209, -319.154815674, 108.658576965], [-5471.01953125, -2019.91894531, 2433.69995117, 1003.4541626, 653.531616211, 506.101989746, 14.5930490494, -124.549476624, -48.1342964172, -213.365310669, 231.990158081, 276.979675293, -123.671607971], [-1890.42810059, -995.207275391, 1003.4541626, 852.28338623, 389.940093994, 273.033935547, 33.0682792664, -65.4685668945, -134.141235352, -168.201843262, 66.267364502, 99.6696777344, -88.1135864258], [-1895.79821777, -824.638183594, 653.531616211, 389.940093994, 408.378265381, 213.147613525, 51.0649490356, 69.087852478, -66.9362792969, -189.66569519, 62.071849823, 135.211654663, -42.9919281006], [-1168.33056641, -529.902282715, 506.101989746, 273.033935547, 213.147613525, 214.014221191, 52.005279541, 43.569103241, -8.48307800293, -116.370849609, 18.5000495911, 66.4197616577, -28.8067817688], [-147.841903687, -101.155807495, 14.5930490494, 33.0682792664, 51.0649490356, 52.005279541, 72.2216644287, 79.7165527344, 5.12423372269, -57.5182228088, -34.2581596375, -1.91545748711, 2.98154735565], [-22.2415428162, -85.0728378296, -124.549476624, -65.4685668945, 69.087852478, 43.569103241, 79.7165527344, 210.31288147, 69.1756896973, -76.2813262939, -48.3177032471, 8.76036643982, -4.68509674072], [65.7657241821, 74.4227828979, -48.1342964172, -134.141235352, -66.9362792969, -8.48307800293, 5.12423372269, 69.1756896973, 120.376312256, 52.4084815979, -32.3877754211, -36.9789390564, 3.3758058548], [717.101928711, 344.259490967, -213.365310669, -168.201843262, -189.66569519, -116.370849609, -57.5182228088, -76.2813262939, 52.4084815979, 180.922195435, 1.06048500538, -86.2656402588, 7.27870082855], [-593.642272949, -185.28314209, 231.990158081, 66.267364502, 62.071849823, 18.5000495911, -34.2581596375, -48.3177032471, -32.3877754211, 1.06048500538, 114.893493652, 78.0999755859, -30.6240711212], [-835.322753906, -319.154815674, 276.979675293, 99.6696777344, 135.211654663, 66.4197616577, -1.91545748711, 8.76036643982, -36.9789390564, -86.2656402588, 78.0999755859, 138.803939819, 8.95234298706], [222.553894043, 108.658576965, -123.671607971, -88.1135864258, -42.9919281006, -28.8067817688, 2.98154735565, -4.68509674072, 3.3758058548, 7.27870082855, -30.6240711212, 8.95234298706, 74.3441543579]]
    },
    "sccoeffs": {
        "kurt": [-0.345332145691, -0.79412984848, 0.63251376152, 1.54520702362, 0.72195649147, -1.02918922901],
        "max": [-0.623995959759, -0.411929905415, -0.475168853998, -0.560245633125, -0.537237226963, -0.769014775753],
        "mean": [-0.782079875469, -0.717161476612, -0.789951384068, -0.819758117199, -0.812075316906, -0.837792396545],
        "median": [-0.786206424236, -0.708859145641, -0.802110612392, -0.828523159027, -0.821218430996, -0.83560693264],
        "min": [-0.968945384026, -0.946170091629, -0.951239228249, -0.925589084625, -0.920939028263, -0.950845181942],
        "skew": [0.173624977469, -0.0131039302796, 0.813728809357, 1.03308320045, 0.837776958942, -0.211176067591],
        "var": [0.0039129764773, 0.0133245568722, 0.0069292341359, 0.00368658429943, 0.00465199584141, 0.0012347640004],
        "cov": [[0.00392505386844, 0.0025497013703, 0.000669780594762, 0.000198831112357, -7.29019011487e-05, 0.00117669894826], [0.0025497013703, 0.0133656822145, 0.00419942289591, 0.00195548473857, 0.00216978508979, 0.00252782553434], [0.000669780594762, 0.00419942289591, 0.00695062056184, 0.0028046478983, 0.00371384411119, 0.0014742242638], [0.000198831112357, 0.00195548473857, 0.0028046478983, 0.00369796273299, 0.00328137399629, 0.000925998901948], [-7.29019011487e-05, 0.00216978508979, 0.00371384411119, 0.00328137399629, 0.00466635404155, 0.000903409381863], [0.00117669894826, 0.00252782553434, 0.0014742242638, 0.000925998901948, 0.000903409381863, 0.00123857508879]]
    },
    "scvalleys": {
        "kurt": [-0.582166433334, -1.14106249809, -0.640598297119, -0.815482616425, -1.02493870258, -0.987219810486],
        "max": [-8.75163459778, -7.02934360504, -4.3768081665, -5.75726079941, -7.3270406723, -10.3402557373],
        "mean": [-11.9158229828, -9.66119670868, -7.65591955185, -8.93362426758, -10.6174297333, -13.3604688644],
        "median": [-12.4074201584, -9.64996242523, -7.41305923462, -8.74848079681, -10.7207612991, -13.7598295212],
        "min": [-14.0923471451, -13.036324501, -12.5176267624, -13.8306264877, -15.0500097275, -15.696138382],
        "skew": [0.704620480537, -0.12928467989, -0.533148944378, -0.418303012848, 0.086215108633, 0.547739446163],
        "var": [1.61919748783, 2.53228545189, 4.78751897812, 4.0336933136, 2.50625920296, 1.84276819229],
        "cov": [[1.62419509888, 1.63409399986, 2.20854473114, 2.05456423759, 1.74681186676, 1.58188581467], [1.63409399986, 2.54010128975, 3.22312426567, 3.01513838768, 2.34530901909, 1.85498952866], [2.20854473114, 3.22312426567, 4.80229568481, 4.30077838898, 3.21833848953, 2.57987761497], [2.05456423759, 3.01513838768, 4.30077838898, 4.04614305496, 3.04697322845, 2.43084621429], [1.74681186676, 2.34530901909, 3.21833848953, 3.04697322845, 2.51399445534, 2.04578280449], [1.58188581467, 1.85498952866, 2.57987761497, 2.43084621429, 2.04578280449, 1.84845578671]]
    }
},
"rhythm": {
    "beats_loudness": {
        "kurt": -0.914077043533,
        "max": 0.0234341844916,
        "mean": 0.00826791953295,
        "median": 0.0077607803978,
        "min": 1.08571441615e-07,
        "skew": 0.52819275856,
        "var": 6.12708245171e-05
    },
    "bpm": 78.3434448242,
    "confidence": 3.45358467102,
    "first_peak_bpm": {
        "kurt": 0,
        "max": 80,
        "mean": 80,
        "median": 80,
        "min": 80,
        "skew": 0,
        "var": 0
    },
    "first_peak_spread": {
        "kurt": 0,
        "max": 0.428571403027,
        "mean": 0.428571403027,
        "median": 0.428571403027,
        "min": 0.428571403027,
        "skew": 0,
        "var": 0
    },
    "first_peak_weight": {
        "kurt": 0,
        "max": 0.5,
        "mean": 0.5,
        "median": 0.5,
        "min": 0.5,
        "skew": 0,
        "var": 0
    },
    "onset_rate": 1.99799454212,
    "second_peak_bpm": {
        "kurt": 0,
        "max": 75,
        "mean": 75,
        "median": 75,
        "min": 75,
        "skew": 0,
        "var": 0
    },
    "second_peak_spread": {
        "kurt": 0,
        "max": 0,
        "mean": 0,
        "median": 0,
        "min": 0,
        "skew": 0,
        "var": 0
    },
    "second_peak_weight": {
        "kurt": 0,
        "max": 0.125,
        "mean": 0.125,
        "median": 0.125,
        "min": 0.125,
        "skew": 0,
        "var": 0
    },
    "beats_loudness_band_ratio": {
        "kurt": [4.11667537689, 4.06935024261, -1.54195523262, 0.41334605217, 2.48322725296, 4.10460472107],
        "max": [0.0100006470457, 0.00655282661319, 0.457642257214, 0.961289405823, 0.587243676186, 0.19016854465],
        "mean": [0.00116342469119, 0.000858113635331, 0.229398995638, 0.637360095978, 0.130787074566, 0.024473618716],
        "median": [5.2988249081e-05, 0.000115596223623, 0.217958524823, 0.679650783539, 0.0498161800206, 0.00407182471827],
        "min": [1.70825683199e-06, 1.14621070679e-05, 0.00794809591025, 0.108768001199, 0.0187582429498, 0.00102096470073],
        "skew": [2.47197270393, 2.45565271378, 0.0605639405549, -0.906903386116, 1.97830510139, 2.4676759243],
        "var": [9.76805949904e-06, 4.07041125072e-06, 0.0263030305505, 0.0546232238412, 0.0298479869962, 0.00343704409897],
        "cov": [[1.09890670501e-05, 7.07755134499e-06, -0.000148048740812, -0.000659853511024, 0.000565347145312, 0.000205830743653], [7.07755134499e-06, 4.57921260022e-06, -8.64699541125e-05, -0.000435979687609, 0.000365056708688, 0.000132796223625], [-0.000148048740812, -8.64699541125e-05, 0.029590908438, -0.012881196104, -0.0131949260831, -0.00292554753833], [-0.000659853511024, -0.000435979687609, -0.012881196104, 0.06145112589, -0.0331956222653, -0.0123612619936], [0.000565347145312, 0.000365056708688, -0.0131949260831, -0.0331956222653, 0.0335789844394, 0.0107468264177], [0.000205830743653, 0.000132796223625, -0.00292554753833, -0.0123612619936, 0.0107468264177, 0.00386667461134]]
    },
    "beats_position": [0.801088392735, 1.60217678547, 2.39165520668, 3.1811337471, 3.95900225639, 4.71365070343, 5.45668935776, 6.21133756638, 6.96598625183],
    "bpm_estimates": [75.9995422363, 75.9995346069, 77.1338577271, 79.5072174072, 80.74949646, 79.5072479248, 79.507194519],
    "bpm_intervals": [0.801088392735, 0.789478421211, 0.789478540421, 0.777868509293, 0.754648447037, 0.743038654327, 0.754648208618, 0.754648685455],
    "onset_times": [0.116099774837, 0.383129239082, 0.754648506641, 1.1261677742, 1.57895696163, 2.50775504112, 2.75156474113, 3.12308382988, 3.90095233917, 4.26086187363, 4.66721105576, 5.11999988556, 5.61922883987, 6.17650794983, 6.93115663528],
    "histogram": [[0, 0, 0, 0, 0, 0, 0, 0, 0, 0, 0, 0, 0, 0, 0, 0, 0, 0, 0, 0, 0, 0, 0, 0, 0, 0, 0, 0, 0, 0, 0, 0, 0, 0, 0, 0, 0, 0, 0, 0, 0, 0, 0, 0, 0, 0, 0, 0, 0, 0, 0, 0, 0, 0, 0, 0, 0, 0, 0, 0, 0, 0, 0, 0, 0, 0, 0, 0, 0, 0, 0, 0, 0, 0, 0, 0.125, 0.25, 0.125, 0, 0, 0.375, 0.125, 0, 0, 0, 0, 0, 0, 0, 0, 0, 0, 0, 0, 0, 0, 0, 0, 0, 0, 0, 0, 0, 0, 0, 0, 0, 0, 0, 0, 0, 0, 0, 0, 0, 0, 0, 0, 0, 0, 0, 0, 0, 0, 0, 0, 0, 0, 0, 0, 0, 0, 0, 0, 0, 0, 0, 0, 0, 0, 0, 0, 0, 0, 0, 0, 0, 0, 0, 0, 0, 0, 0, 0, 0, 0, 0, 0, 0, 0, 0, 0, 0, 0, 0, 0, 0, 0, 0, 0, 0, 0, 0, 0, 0, 0, 0, 0, 0, 0, 0, 0, 0, 0, 0, 0, 0, 0, 0, 0, 0, 0, 0, 0, 0, 0, 0, 0, 0, 0, 0, 0, 0, 0, 0, 0, 0, 0, 0, 0, 0, 0, 0, 0, 0, 0, 0, 0, 0, 0, 0, 0, 0, 0, 0, 0, 0, 0, 0, 0, 0, 0, 0, 0, 0, 0, 0, 0, 0, 0, 0, 0, 0, 0, 0, 0, 0, 0, 0, 0]]
},
"sfx": {
    "inharmonicity": {
        "kurt": 4.87458276749,
        "max": 0.434193193913,
        "mean": 0.0420941524208,
        "median": 0.00382832507603,
        "min": 0,
        "skew": 2.30776643753,
        "var": 0.00624948041514
    },
    "oddtoevenharmonicenergyratio": {
        "kurt": 28.9789352417,
        "max": 29.3552322388,
        "mean": 1.06131744385,
        "median": 0.0503194481134,
        "min": 0,
        "skew": 4.99219322205,
        "var": 10.7963514328
    },
    "pitch_after_max_to_before_max_energy_ratio": 0.126099184155,
    "pitch_centroid": 160.424377441,
    "pitch_max_to_total": 0.910769224167,
    "pitch_min_to_total": 0.0892307683825,
    "tristimulus": {
        "kurt": [-0.896950483322, 0.171895027161, 6.46190261841],
        "max": [1, 0.941833257675, 1],
        "mean": [0.577082633972, 0.324177980423, 0.0987391099334],
        "median": [0.732653141022, 0.233570590615, 0.0135022196919],
        "min": [0, 0, 0],
        "skew": [-0.866832733154, 1.15792775154, 2.57504916191],
        "var": [0.107586421072, 0.0551207438111, 0.035445317626],
        "cov": [[0.107918478549, -0.0638273209333, -0.0440911576152], [-0.0638273209333, 0.0552908703685, 0.00853646360338], [-0.0440911576152, 0.00853646360338, 0.0355547145009]]
    }
},
"tonal": {
    "chords_changes_rate": 0.128834351897,
    "chords_number_rate": 0.0429447852075,
    "chords_strength": {
        "kurt": -0.349832296371,
        "max": 0.750716567039,
        "mean": 0.492251873016,
        "median": 0.484847992659,
        "min": 0.224670886993,
        "skew": 0.0806888565421,
        "var": 0.0148268006742
    },
    "key_strength": 0.466415792704,
    "tuning_diatonic_strength": 0.295190811157,
    "tuning_equal_tempered_deviation": 0.273071944714,
    "tuning_frequency": 446.657836914,
    "tuning_nontempered_energy_ratio": 0.909600973129,
    "hpcp": {
        "kurt": [0.666019439697, 2.71858215332, 5.29211902618, 4.53951215744, 5.30058574677, 3.80169677734, 3.30311107635, 2.08365106583, 4.19735527039, 3.9245634079, 9.060587883, 9.73010063171, 4.0545706749, 6.14141654968, 3.69049024582, 3.42416191101, 4.19149446487, 6.04058361053, 4.34566116333, 9.40217113495, 4.24653911591, 1.07954740524, 1.3918838501, 2.12307024002, 3.576628685, 2.54356050491, 2.14647054672, 0.207300186157, -0.490617752075, 0.161152124405, 1.16720533371, 0.568540334702, 0.831586360931, 2.62964105606, 0.957078933716, -0.135253429413],
        "max": [1, 1, 1, 1, 1, 0.94871199131, 1, 1, 1, 0.682678580284, 0.92958509922, 1, 0.999966084957, 1, 1, 1, 1, 1, 0.828873455524, 1, 1, 1, 1, 0.925433576107, 1, 1, 1, 1, 1, 1, 1, 1, 1, 1, 1, 1],
        "mean": [0.282803744078, 0.192272394896, 0.148296549916, 0.155554205179, 0.166114076972, 0.178468808532, 0.210421726108, 0.218434110284, 0.176796659827, 0.130395546556, 0.126128837466, 0.152689963579, 0.172927170992, 0.171966806054, 0.184829890728, 0.202373370528, 0.179456844926, 0.143920809031, 0.125048369169, 0.121813677251, 0.163604408503, 0.225414961576, 0.208626806736, 0.178968340158, 0.191023334861, 0.196764752269, 0.216426730156, 0.276269078255, 0.320677369833, 0.287364840508, 0.246979832649, 0.265202611685, 0.241418004036, 0.214050382376, 0.267046093941, 0.31670203805],
