{
"metadata": {
    "version": {
        "essentia": "2.1-beta3"
    }
},
"lowLevel": {
    "average_loudness": 0.855538904667,
    "barkbands_kurtosis": {
        "kurt": 41.8170585632,
        "max": 376.737609863,
        "mean": 16.6477298737,
        "median": 5.03482532501,
        "min": -1.70304620266,
        "skew": 5.72129154205,
        "var": 1427.24731445
    },
    "barkbands_skewness": {
        "kurt": 9.93575668335,
        "max": 16.9499149323,
        "mean": 2.5736477375,
        "median": 1.96581864357,
        "min": -0.762430846691,
        "skew": 2.56633400917,
        "var": 4.91328382492
    },
    "barkbands_spread": {
        "kurt": 1.60513448715,
        "max": 48.8421096802,
        "mean": 10.256070137,
        "median": 6.15704917908,
        "min": 0.216958373785,
        "skew": 1.47890245914,
        "var": 106.506767273
    },
    "dissonance": {
        "kurt": 0.687322616577,
        "max": 0.5,
        "mean": 0.427307933569,
        "median": 0.446878165007,
        "min": 0.2104164958,
        "skew": -1.14454162121,
        "var": 0.00372892082669
    },
    "hfc": {
        "kurt": 20.9410991669,
        "max": 48.9128875732,
        "mean": 2.11156392097,
        "median": 0.00614012684673,
        "min": 9.75894522526e-07,
        "skew": 4.32194232941,
        "var": 43.6360969543
    },
    "pitch": {
        "kurt": 31.0996170044,
        "max": 4395.78222656,
        "mean": 416.153900146,
        "median": 359.43927002,
        "min": 83.998085022,
        "skew": 5.62670278549,
        "var": 358269.15625
    },
    "pitch_instantaneous_confidence": {
        "kurt": -1.03439939022,
        "max": 0.95812702179,
        "mean": 0.496427536011,
        "median": 0.471877157688,
        "min": 0.105333685875,
        "skew": 0.303604543209,
        "var": 0.0545158907771
    },
    "pitch_salience": {
        "kurt": -0.00244998931885,
        "max": 0.904188275337,
        "mean": 0.60152810812,
        "median": 0.641427874565,
        "min": 0.0985671132803,
        "skew": -0.854244470596,
        "var": 0.0311619434506
    },
    "silence_rate_20dB": {
        "kurt": 0,
        "max": 1,
        "mean": 1,
        "median": 1,
        "min": 1,
        "skew": 0,
        "var": 0
    },
    "silence_rate_30dB": {
        "kurt": 0,
        "max": 1,
        "mean": 1,
        "median": 1,
        "min": 1,
        "skew": 0,
        "var": 0
    },
    "silence_rate_60dB": {
        "kurt": 0.778216123581,
        "max": 1,
        "mean": 0.820105791092,
        "median": 1,
        "min": 0,
        "skew": -1.66680634022,
        "var": 0.147531375289
    },
    "spectral_centroid": {
        "kurt": 5.97746658325,
        "max": 2302.45678711,
        "mean": 655.152770996,
        "median": 556.96484375,
        "min": 326.502258301,
        "skew": 2.23749303818,
        "var": 104201.484375
    },
    "spectral_complexity": {
        "kurt": 3.39203310013,
        "max": 11,
        "mean": 1.30687832832,
        "median": 0,
        "min": 0,
        "skew": 2.05769276619,
        "var": 5.97991132736
    },
    "spectral_crest": {
        "kurt": -0.203754663467,
        "max": 26.5515499115,
        "mean": 12.2645530701,
        "median": 11.3563489914,
        "min": 2.7406411171,
        "skew": 0.649707317352,
        "var": 29.1451053619
    },
    "spectral_decrease": {
        "kurt": 22.8819408417,
        "max": -3.06442782501e-16,
        "mean": -1.08140385535e-09,
        "median": -2.96906596531e-12,
        "min": -2.78347052074e-08,
        "skew": -4.42497110367,
        "var": 1.15638393797e-17
    },
    "spectral_energy": {
        "kurt": 22.7314357758,
        "max": 0.109491094947,
        "mean": 0.0042729889974,
        "median": 1.16548835649e-05,
        "min": 1.24510179944e-09,
        "skew": 4.41533994675,
        "var": 0.00018030195497
    },
    "spectral_energyband_high": {
        "kurt": 28.9798164368,
        "max": 0.000119030519272,
        "mean": 4.27708891948e-06,
        "median": 6.48769145073e-08,
        "min": 2.48468554759e-11,
        "skew": 5.09767723083,
        "var": 2.13732725962e-10
    },
    "spectral_energyband_low": {
        "kurt": 61.4410400391,
        "max": 2.51741289503e-06,
        "mean": 1.33312411776e-07,
        "median": 7.16198300665e-08,
        "min": 2.45590631165e-10,
        "skew": 6.16451072693,
        "var": 3.85093873294e-14
    },
    "spectral_energyband_middle_high": {
        "kurt": 98.7786560059,
        "max": 0.020307444036,
        "mean": 0.000326856301399,
        "median": 9.7342524441e-07,
        "min": 2.74297806691e-10,
        "skew": 8.85674571991,
        "var": 2.17708270611e-06
    },
    "spectral_energyband_middle_low": {
        "kurt": 22.6812572479,
        "max": 0.104938998818,
        "mean": 0.00404697237536,
        "median": 1.02500889625e-05,
        "min": 7.32091942623e-10,
        "skew": 4.41019916534,
        "var": 0.000162262193044
    },
    "spectral_flatness_db": {
        "kurt": -1.13664829731,
        "max": 0.525755703449,
        "mean": 0.255630910397,
        "median": 0.246676653624,
        "min": 0.0924141556025,
        "skew": 0.310121357441,
        "var": 0.0120736276731
    },
    "spectral_flux": {
        "kurt": 5.58403968811,
        "max": 0.292315155268,
        "mean": 0.0266992859542,
        "median": 0.00200763251632,
        "min": 0.000354044372216,
        "skew": 2.40145802498,
        "var": 0.00249028624967
    },
    "spectral_kurtosis": {
        "kurt": 0.278427839279,
        "max": 63.7382354736,
        "mean": 16.8312778473,
        "median": 11.9930000305,
        "min": 0.79980802536,
        "skew": 1.05690944195,
        "var": 208.999130249
    },
    "spectral_rms": {
        "kurt": 7.05928230286,
        "max": 0.0103354044259,
        "mean": 0.000915913959034,
        "median": 0.000106628365756,
        "min": 1.10214944016e-06,
        "skew": 2.69479227066,
        "var": 3.32987428919e-06
    },
    "spectral_rolloff": {
        "kurt": 4.19358158112,
        "max": 4651.171875,
        "mean": 1022.37078857,
        "median": 732.12890625,
        "min": 322.998046875,
        "skew": 2.18494725227,
        "var": 739192.8125
    },
    "spectral_skewness": {
        "kurt": -0.698797464371,
        "max": 6.60583400726,
        "mean": 3.0771946907,
        "median": 2.96002054214,
        "min": 0.634603261948,
        "skew": 0.447346419096,
        "var": 1.75417804718
    },
    "spectral_spread": {
        "kurt": -0.553831338882,
        "max": 8392429,
        "mean": 3662151.75,
        "median": 3394921.5,
        "min": 1028122.4375,
        "skew": 0.56956833601,
        "var": 2.80573430989e+12
    },
    "spectral_strongpeak": {
        "kurt": 11.0922727585,
        "max": 3.4611992836,
        "mean": 0.246994584799,
        "median": 0.0227529909462,
        "min": 0,
        "skew": 3.27275729179,
        "var": 0.326507329941
    },
    "zerocrossingrate": {
        "kurt": 1.55228757858,
        "max": 0.1220703125,
        "mean": 0.0390056632459,
        "median": 0.03271484375,
        "min": 0.0107421875,
        "skew": 1.40496349335,
        "var": 0.000459135364508
    },
    "barkbands": {
        "kurt": [77.8697509766, 30.9129676819, 160.915496826, 8.18616104126, 42.1358985901, 20.5443019867, 47.1368598938, 225.703079224, 53.9196853638, 156.688461304, 143.428024292, 131.167663574, 231.745223999, 36.4746589661, 49.9737243652, 33.6230125427, 46.1817741394, 155.156082153, 95.7333908081, 74.8774185181, 38.4362030029, 50.6381492615, 66.0621795654, 60.5978431702, 40.1599235535, 35.8876571655, 36.8174972534],
        "max": [6.11562001041e-08, 1.70879175698e-07, 2.04734237741e-06, 1.42120927649e-06, 0.000665196101181, 0.0352813676, 0.0846959277987, 0.00892705377191, 0.0181905403733, 0.0240118745714, 0.000807086937129, 0.00573822949082, 0.00335081433877, 0.000505510193761, 9.23913030419e-05, 8.10040655779e-05, 0.000228363394854, 4.3538355385e-05, 2.18136301555e-05, 7.17756847735e-05, 8.54938698467e-05, 2.01550519705e-05, 1.8840418079e-06, 8.09976199889e-07, 3.64545371667e-07, 1.55052504169e-08, 3.72887187794e-09],
        "mean": [1.16850085163e-09, 1.26029178205e-08, 5.62701814033e-08, 1.38531817129e-07, 1.62182441272e-05, 0.00144579866901, 0.00193967821542, 6.90325978212e-05, 0.000387515814509, 0.000257305713603, 1.01732093754e-05, 8.42231602292e-05, 3.36152734235e-05, 1.38254163176e-05, 2.53272150985e-06, 2.39948280978e-06, 5.05892649016e-06, 5.53358802335e-07, 3.9306371491e-07, 1.44680257108e-06, 2.44152556661e-06, 5.0437927257e-07, 4.35986287073e-08, 1.85400477193e-08, 9.47163325549e-09, 5.12981990219e-10, 1.19025331258e-10],
        "median": [2.52671477491e-11, 7.76471242858e-09, 3.05986311844e-08, 4.81169486477e-08, 4.72639641202e-07, 4.03794365411e-06, 9.73686383077e-07, 3.13501175242e-07, 6.76941681377e-07, 2.81623755427e-07, 3.90840035891e-08, 2.07799160989e-07, 1.30927276132e-07, 5.77370542487e-08, 3.8250611567e-08, 3.4259198145e-08, 3.79558855457e-08, 1.99865262118e-08, 2.31714665233e-08, 2.6699533251e-08, 3.4136220961e-08, 8.95910012844e-09, 2.10398054534e-09, 8.36273106319e-10, 3.17937953742e-10, 1.91376602066e-11, 3.62096718711e-13],
        "min": [1.1416250432e-13, 1.00728911323e-10, 8.72187183587e-11, 6.31870944456e-11, 5.42544516258e-11, 1.42910031031e-10, 1.90094509578e-10, 1.87471455027e-10, 6.82992967738e-11, 6.65841409786e-11, 3.68237801363e-11, 3.7617218368e-11, 1.7139643654e-12, 5.07187087467e-12, 1.25231344392e-11, 1.45611751823e-11, 2.70107616829e-11, 6.25410487287e-11, 6.08179956049e-12, 1.97010272679e-11, 1.24428236811e-11, 5.47539574444e-12, 1.07352288951e-12, 5.38204463635e-13, 2.07283829315e-13, 4.67467658007e-14, 2.0368123556e-14],
        "skew": [7.80194425583, 5.05391263962, 11.3542709351, 2.73535752296, 6.00666093826, 4.28041124344, 6.12865638733, 14.327835083, 6.95565462112, 11.4538860321, 10.890124321, 9.96977519989, 14.0668478012, 5.72148990631, 6.60589313507, 5.42853927612, 6.49094247818, 11.3735141754, 8.77564334869, 7.73592853546, 5.74495792389, 6.62938928604, 7.07646799088, 6.90273952484, 5.95703125, 5.58204317093, 5.5621843338],
        "var": [2.29693547358e-17, 3.8731804417e-16, 1.64394322807e-14, 4.7570095378e-14, 4.09843936566e-09, 2.02040118893e-05, 5.94329721935e-05, 2.74071737749e-07, 3.02255807583e-06, 2.38097936744e-06, 2.83375967136e-09, 1.44769046528e-07, 3.71185819859e-08, 3.10687098271e-09, 9.09575054164e-11, 7.57566578913e-11, 5.60264334926e-10, 7.91343553186e-12, 2.6933793737e-12, 3.29073782113e-11, 8.0664572244e-11, 4.35959731857e-12, 2.33694103159e-14, 4.6228174114e-15, 1.42721017618e-15, 3.17426300087e-18, 1.68579202043e-19],
        "cov": [[2.3030281551e-17, 6.6978964868e-17, 6.39161731401e-17, -5.13817994389e-17, 1.90633641685e-14, 9.59538091344e-12, 1.59014884593e-11, 1.81315669401e-13, 2.21507773061e-12, 1.50050956903e-12, 5.68780116864e-14, 1.40083116548e-12, 3.24855593814e-13, 6.50770060127e-14, 1.55448231869e-14, 1.68307682786e-14, 4.89939984199e-14, 3.37480965482e-15, 2.48991984054e-15, 1.21234241789e-14, 1.42454187416e-14, 3.17183366736e-15, 2.94671274465e-16, 1.36504335769e-16, 7.28837638922e-17, 4.34571080769e-18, 5.35099777839e-19], [6.6978964868e-17, 3.88345389256e-16, 8.32427928722e-16, 9.62496044936e-17, 3.26338789162e-14, 3.80335068995e-11, 8.10109479499e-11, 3.21090615034e-12, 1.13490493045e-11, 1.40819231276e-11, 2.26955783268e-13, 4.81796243526e-12, 2.12173291089e-12, 4.79461414148e-13, 1.05672781181e-13, 9.25312276345e-14, 2.49182320828e-13, 2.4730434714e-14, 2.02554495393e-14, 6.34519021527e-14, 7.37480687412e-14, 1.28938870418e-14, 1.60469396594e-15, 6.75018396298e-16, 3.18398652551e-16, 2.06608673541e-17, 2.5518916876e-18], [6.39161731401e-17, 8.32427928722e-16, 1.64830392309e-14, 7.32648771024e-15, -2.26379922837e-13, 5.87159834642e-11, 2.17826243154e-10, 5.80195683164e-11, 1.07641014158e-10, 8.00145782964e-11, 2.23233744315e-13, 5.39824001472e-12, 1.16512736958e-11, 1.50222152426e-12, 1.09635092888e-13, 1.21895576315e-13, 8.20313109974e-13, 2.97777481926e-13, 1.41627080072e-13, 1.33725428192e-13, 2.47153426197e-13, 5.43045832911e-14, 9.29422656188e-15, 1.21110697798e-15, 6.76614841646e-16, 4.18470903501e-17, 2.20665007457e-18], [-5.13817994389e-17, 9.62496044936e-17, 7.32648771024e-15, 4.76962761821e-14, -6.25591104527e-13, -7.41816261196e-11, -3.44848663514e-11, 1.84078169374e-11, 1.08672819008e-11, 1.46595218603e-11, -6.39410941729e-13, -3.82476559105e-12, 2.35745212414e-12, -4.72303511405e-13, -1.15571804514e-13, -9.17015961321e-14, -4.01460718239e-14, 7.98176561195e-14, 3.00752431043e-14, -4.97227652389e-14, -7.42217431179e-14, -1.60842933888e-14, 1.27661036514e-15, -8.2341946863e-16, -3.82350804739e-16, -1.76553148702e-17, -7.29088986023e-18], [1.90633641685e-14, 3.26338789162e-14, -2.26379922837e-13, -6.25591104527e-13, 4.10931066952e-09, 3.25196083395e-08, -1.49260657167e-08, 2.14553286249e-09, 3.32484173526e-09, -1.55562029924e-09, 4.43942549389e-10, 5.36168442977e-10, 4.37360980765e-10, -5.83976478286e-11, 1.70666918098e-11, 1.82982899666e-11, -3.51308877822e-11, 7.71826613039e-13, 1.02536436373e-12, -1.8107503344e-12, 1.20395568515e-11, -3.85417999599e-12, 4.10282214019e-13, 1.68802959891e-14, -4.17115276238e-14, 5.28317064982e-15, 6.36999608335e-15], [9.59538091344e-12, 3.80335068995e-11, 5.87159834642e-11, -7.41816261196e-11, 3.25196083395e-08, 2.02576029551e-05, 2.52041081694e-05, 2.94439985282e-07, 2.10674966183e-06, 3.22333926306e-06, 6.10054726735e-08, 9.03057127744e-07, 2.9160747772e-07, 1.50470043536e-07, 2.08152819425e-08, 2.0900936093e-08, 6.28295424576e-08, 5.27997690014e-09, 3.29940874622e-09, 1.34449384959e-08, 3.01989544482e-08, 5.66249758194e-09, 3.59596491473e-10, 1.83195805747e-10, 1.10631455386e-10, 4.78430749878e-12, 9.56805489873e-13], [1.59014884593e-11, 8.10109479499e-11, 2.17826243154e-10, -3.44848663514e-11, -1.49260657167e-08, 2.52041081694e-05, 5.95906167291e-05, 9.39045037285e-07, 3.60694821211e-06, 5.39325401405e-06, 9.31857400133e-08, 1.5745224573e-06, 6.39191625851e-07, 2.20721133815e-07, 3.14616137587e-08, 4.52792257022e-08, 1.05294802211e-07, 1.15139098256e-08, 7.10860525999e-09, 2.1214352941e-08, 4.39694787246e-08, 8.98957353002e-09, 6.53948839524e-10, 3.37511574244e-10, 2.13232029256e-10, 8.84462642015e-12, 1.48534960373e-12], [1.81315669401e-13, 3.21090615034e-12, 5.80195683164e-11, 1.84078169374e-11, 2.14553286249e-09, 2.94439985282e-07, 9.39045037285e-07, 2.74798708233e-07, 4.66453627723e-07, 3.46366732629e-07, 1.61707791602e-09, 2.51010430219e-08, 5.09266335769e-08, 7.15171699639e-09, 7.37577721122e-10, 6.06207029019e-10, 3.68042107901e-09, 1.30148569699e-09, 6.2955080038e-10, 6.68151922678e-10, 1.22948984327e-09, 2.47843273682e-10, 4.11854821081e-11, 5.76829599711e-12, 2.92820325279e-12, 2.0965558933e-13, 1.90903641907e-14], [2.21507773061e-12, 1.13490493045e-11, 1.07641014158e-10, 1.08672819008e-11, 3.32484173526e-09, 2.10674966183e-06, 3.60694821211e-06, 4.66453627723e-07, 3.030575499e-06, 4.67819290861e-07, 5.73438683205e-08, 1.54359241833e-07, 8.09018558812e-08, 1.99937382206e-08, 7.13358350168e-09, 6.70716815421e-09, 9.10083919337e-09, 2.80286660548e-09, 1.32516086992e-09, 1.90442106529e-09, 5.01976549216e-09, 9.67989799427e-10, 9.64990101715e-11, 2.56297413848e-11, 1.26063855535e-11, 8.74193783768e-13, 1.35050973768e-13], [1.50050956903e-12, 1.40819231276e-11, 8.00145782964e-11, 1.46595218603e-11, -1.55562029924e-09, 3.22333926306e-06, 5.39325401405e-06, 3.46366732629e-07, 4.67819290861e-07, 2.38729512603e-06, 5.63368462991e-09, 2.115520914e-07, 2.40694390641e-07, 6.49822311516e-08, 5.65480862136e-09, 4.78848827257e-09, 1.87759603421e-08, 2.62806754137e-09, 2.04571337648e-09, 2.8215079162e-09, 6.88935308801e-09, 1.24174626137e-09, 1.61150578992e-10, 3.25910062826e-11, 2.0953939972e-11, 1.07557192319e-12, 1.81758728619e-13], [5.68780116864e-14, 2.26955783268e-13, 2.23233744315e-13, -6.39410941729e-13, 4.43942549389e-10, 6.10054726735e-08, 9.31857400133e-08, 1.61707791602e-09, 5.73438683205e-08, 5.63368462991e-09, 2.84127632533e-09, 4.40042224881e-09, 1.92634264096e-09, 3.8831846072e-10, 2.08609962637e-10, 2.5547333693e-10, 1.45077519442e-10, 2.06375212058e-11, 1.53590508367e-11, 3.54103066313e-11, 1.05556549612e-10, 1.83385476943e-11, 1.74687304552e-12, 7.94278434257e-13, 3.92517913788e-13, 2.10669680892e-14, 5.36440957979e-15], [1.40083116548e-12, 4.81796243526e-12, 5.39824001472e-12, -3.82476559105e-12, 5.36168442977e-10, 9.03057127744e-07, 1.5745224573e-06, 2.51010430219e-08, 1.54359241833e-07, 2.115520914e-07, 4.40042224881e-09, 1.45153052244e-07, 2.74566200886e-08, 9.96469928793e-09, 1.71530922799e-09, 1.68611191675e-09, 4.24148849376e-09, 3.78283487867e-10, 2.61341726038e-10, 7.53192119785e-10, 1.33884958675e-09, 3.21309673312e-10, 2.33648881492e-11, 1.03614209226e-11, 6.89292893596e-12, 3.17062619649e-13, 4.36099080296e-14], [3.24855593814e-13, 2.12173291089e-12, 1.16512736958e-11, 2.35745212414e-12, 4.37360980765e-10, 2.9160747772e-07, 6.39191625851e-07, 5.09266335769e-08, 8.09018558812e-08, 2.40694390641e-07, 1.92634264096e-09, 2.74566200886e-08, 3.721703834e-08, 5.76829606302e-09, 5.05516128957e-10, 5.55233525823e-10, 1.68826896907e-09, 3.29596155924e-10, 2.56877352722e-10, 3.13644582528e-10, 7.7553125033e-10, 1.27623078772e-10, 2.19791268519e-11, 4.49167829666e-12, 2.38566046258e-12, 1.6708558365e-13, 2.53506881421e-14], [6.50770060127e-14, 4.79461414148e-13, 1.50222152426e-12, -4.72303511405e-13, -5.83976478286e-11, 1.50470043536e-07, 2.20721133815e-07, 7.15171699639e-09, 1.99937382206e-08, 6.49822311516e-08, 3.8831846072e-10, 9.96469928793e-09, 5.76829606302e-09, 3.11511194617e-09, 2.35132135984e-10, 2.18500786908e-10, 7.95673360532e-10, 7.58921120392e-11, 5.94836957468e-11, 1.36210764889e-10, 3.07939090893e-10, 7.65346744314e-11, 5.95963079233e-12, 2.01363405117e-12, 1.30125717059e-12, 5.56822213934e-14, 1.00492497082e-14], [1.55448231869e-14, 1.05672781181e-13, 1.09635092888e-13, -1.15571804514e-13, 1.70666918098e-11, 2.08152819425e-08, 3.14616137587e-08, 7.37577721122e-10, 7.13358350168e-09, 5.65480862136e-09, 2.08609962637e-10, 1.71530922799e-09, 5.05516128957e-10, 2.35132135984e-10, 9.11987707575e-11, 6.40296357601e-11, 1.33228705845e-10, 9.20444883507e-12, 7.8192539249e-12, 2.88046912711e-11, 3.66548701114e-11, 6.4357395281e-12, 5.57971691854e-13, 2.74255688689e-13, 1.2308077192e-13, 7.58783718502e-15, 9.59459947981e-16], [1.68307682786e-14, 9.25312276345e-14, 1.21895576315e-13, -9.17015961321e-14, 1.82982899666e-11, 2.0900936093e-08, 4.52792257022e-08, 6.06207029019e-10, 6.70716815421e-09, 4.78848827257e-09, 2.5547333693e-10, 1.68611191675e-09, 5.55233525823e-10, 2.18500786908e-10, 6.40296357601e-11, 7.59576013198e-11, 1.15618889462e-10, 9.35098526389e-12, 7.50172146624e-12, 2.01911005276e-11, 3.30448238217e-11, 8.13716368592e-12, 6.28677123381e-13, 3.13452551675e-13, 1.75805753961e-13, 8.29960235873e-15, 1.28545783603e-15], [4.89939984199e-14, 2.49182320828e-13, 8.20313109974e-13, -4.01460718239e-14, -3.51308877822e-11, 6.28295424576e-08, 1.05294802211e-07, 3.68042107901e-09, 9.10083919337e-09, 1.87759603421e-08, 1.45077519442e-10, 4.24148849376e-09, 1.68826896907e-09, 7.95673360532e-10, 1.33228705845e-10, 1.15618889462e-10, 5.61750423955e-10, 3.7627650995e-11, 2.49614200837e-11, 8.53947954016e-11, 1.14892130532e-10, 3.00384543628e-11, 2.30941633005e-12, 1.19416857045e-12, 6.03922294118e-13, 3.05352226523e-14, 3.68690910863e-15], [3.37480965482e-15, 2.4730434714e-14, 2.97777481926e-13, 7.98176561195e-14, 7.71826613039e-13, 5.27997690014e-09, 1.15139098256e-08, 1.30148569699e-09, 2.80286660548e-09, 2.62806754137e-09, 2.06375212058e-11, 3.78283487867e-10, 3.29596155924e-10, 7.58921120392e-11, 9.20444883507e-12, 9.35098526389e-12, 3.7627650995e-11, 7.93442568592e-12, 4.04863035458e-12, 6.21267490578e-12, 1.31254148175e-11, 2.88448193282e-12, 3.01940194852e-13, 7.45017247764e-14, 4.43552868588e-14, 2.26822887187e-15, 2.97884890998e-16], [2.48991984054e-15, 2.02554495393e-14, 1.41627080072e-13, 3.00752431043e-14, 1.02536436373e-12, 3.29940874622e-09, 7.10860525999e-09, 6.2955080038e-10, 1.32516086992e-09, 2.04571337648e-09, 1.53590508367e-11, 2.61341726038e-10, 2.56877352722e-10, 5.94836957468e-11, 7.8192539249e-12, 7.50172146624e-12, 2.49614200837e-11, 4.04863035458e-12, 2.70052361549e-12, 4.4150720406e-12, 7.6565810983e-12, 1.63521615953e-12, 1.99164659374e-13, 5.26946379326e-14, 2.97469060289e-14, 1.71353780554e-15, 2.41765808338e-16], [1.21234241789e-14, 6.34519021527e-14, 1.33725428192e-13, -4.97227652389e-14, -1.8107503344e-12, 1.34449384959e-08, 2.1214352941e-08, 6.68151922678e-10, 1.90442106529e-09, 2.8215079162e-09, 3.54103066313e-11, 7.53192119785e-10, 3.13644582528e-10, 1.36210764889e-10, 2.88046912711e-11, 2.01911005276e-11, 8.53947954016e-11, 6.21267490578e-12, 4.4150720406e-12, 3.29946660271e-11, 3.14531525825e-11, 6.56758154804e-12, 4.12352850433e-13, 2.28761345804e-13, 9.76315653756e-14, 5.64438700315e-15, 6.71326603198e-16], [1.42454187416e-14, 7.37480687412e-14, 2.47153426197e-13, -7.42217431179e-14, 1.20395568515e-11, 3.01989544482e-08, 4.39694787246e-08, 1.22948984327e-09, 5.01976549216e-09, 6.88935308801e-09, 1.05556549612e-10, 1.33884958675e-09, 7.7553125033e-10, 3.07939090893e-10, 3.66548701114e-11, 3.30448238217e-11, 1.14892130532e-10, 1.31254148175e-11, 7.6565810983e-12, 3.14531525825e-11, 8.08785330375e-11, 1.36235181122e-11, 8.75495802157e-13, 3.51481322346e-13, 2.06775595995e-13, 1.05570518893e-14, 2.19273261352e-15], [3.17183366736e-15, 1.28938870418e-14, 5.43045832911e-14, -1.60842933888e-14, -3.85417999599e-12, 5.66249758194e-09, 8.98957353002e-09, 2.47843273682e-10, 9.67989799427e-10, 1.24174626137e-09, 1.83385476943e-11, 3.21309673312e-10, 1.27623078772e-10, 7.65346744314e-11, 6.4357395281e-12, 8.13716368592e-12, 3.00384543628e-11, 2.88448193282e-12, 1.63521615953e-12, 6.56758154804e-12, 1.36235181122e-11, 4.37116141894e-12, 2.39147650251e-13, 9.15789864189e-14, 5.96157034871e-14, 2.46786077325e-15, 4.27860746795e-16], [2.94671274465e-16, 1.60469396594e-15, 9.29422656188e-15, 1.27661036514e-15, 4.10282214019e-13, 3.59596491473e-10, 6.53948839524e-10, 4.11854821081e-11, 9.64990101715e-11, 1.61150578992e-10, 1.74687304552e-12, 2.33648881492e-11, 2.19791268519e-11, 5.95963079233e-12, 5.57971691854e-13, 6.28677123381e-13, 2.30941633005e-12, 3.01940194852e-13, 1.99164659374e-13, 4.12352850433e-13, 8.75495802157e-13, 2.39147650251e-13, 2.3431397881e-14, 6.89504216119e-15, 3.99980011473e-15, 1.89513536962e-16, 2.69038161584e-17], [1.36504335769e-16, 6.75018396298e-16, 1.21110697798e-15, -8.2341946863e-16, 1.68802959891e-14, 1.83195805747e-10, 3.37511574244e-10, 5.76829599711e-12, 2.56297413848e-11, 3.25910062826e-11, 7.94278434257e-13, 1.03614209226e-11, 4.49167829666e-12, 2.01363405117e-12, 2.74255688689e-13, 3.13452551675e-13, 1.19416857045e-12, 7.45017247764e-14, 5.26946379326e-14, 2.28761345804e-13, 3.51481322346e-13, 9.15789864189e-14, 6.89504216119e-15, 4.63507948386e-15, 2.26052447194e-15, 9.557056862e-17, 1.20160763914e-17], [7.28837638922e-17, 3.18398652551e-16, 6.76614841646e-16, -3.82350804739e-16, -4.17115276238e-14, 1.10631455386e-10, 2.13232029256e-10, 2.92820325279e-12, 1.26063855535e-11, 2.0953939972e-11, 3.92517913788e-13, 6.89292893596e-12, 2.38566046258e-12, 1.30125717059e-12, 1.2308077192e-13, 1.75805753961e-13, 6.03922294118e-13, 4.43552868588e-14, 2.97469060289e-14, 9.76315653756e-14, 2.06775595995e-13, 5.96157034871e-14, 3.99980011473e-15, 2.26052447194e-15, 1.43099588406e-15, 5.39865250134e-17, 8.12928125163e-18], [4.34571080769e-18, 2.06608673541e-17, 4.18470903501e-17, -1.76553148702e-17, 5.28317064982e-15, 4.78430749878e-12, 8.84462642015e-12, 2.0965558933e-13, 8.74193783768e-13, 1.07557192319e-12, 2.10669680892e-14, 3.17062619649e-13, 1.6708558365e-13, 5.56822213934e-14, 7.58783718502e-15, 8.29960235873e-15, 3.05352226523e-14, 2.26822887187e-15, 1.71353780554e-15, 5.64438700315e-15, 1.05570518893e-14, 2.46786077325e-15, 1.89513536962e-16, 9.557056862e-17, 5.39865250134e-17, 3.18268266553e-18, 5.33048628414e-19], [5.35099777839e-19, 2.5518916876e-18, 2.20665007457e-18, -7.29088986023e-18, 6.36999608335e-15, 9.56805489873e-13, 1.48534960373e-12, 1.90903641907e-14, 1.35050973768e-13, 1.81758728619e-13, 5.36440957979e-15, 4.36099080296e-14, 2.53506881421e-14, 1.00492497082e-14, 9.59459947981e-16, 1.28545783603e-15, 3.68690910863e-15, 2.97884890998e-16, 2.41765808338e-16, 6.71326603198e-16, 2.19273261352e-15, 4.27860746795e-16, 2.69038161584e-17, 1.20160763914e-17, 8.12928125163e-18, 5.33048628414e-19, 1.69026357788e-19]]
    },
    "mfcc": {
        "kurt": [-0.0137531757355, -1.38059067726, 0.489374876022, -1.2288517952, -0.275798797607, -0.49592256546, -0.363008975983, -0.770857572556, 1.01391887665, 1.73367166519, 0.523713588715, 2.05583715439, 2.70923757553],
        "max": [-717.764770508, 187.841918945, 53.2817115784, 25.7213478088, 14.7658843994, 5.7537612915, 6.57127761841, 5.27470397949, 24.512386322, 8.48515510559, 13.5889892578, 40.7680282593, 28.4918785095],
        "mean": [-1010.90905762, 94.2932510376, 3.87766432762, -15.7101078033, -30.235742569, -21.6702384949, -23.2926387787, -27.3851222992, -14.3609409332, -13.5455036163, -10.0360279083, -0.129550352693, -2.78470182419],
        "median": [-1044.61022949, 91.9699172974, 16.9153137207, -13.7300071716, -20.7278556824, -19.5249557495, -19.7733688354, -21.458656311, -13.6578521729, -12.3077583313, -9.29972648621, -2.94086837769, -4.03577423096],
        "min": [-1138.42004395, 1.14440917969e-05, -110.87348938, -77.7242507935, -116.5418396, -58.3281517029, -81.5777511597, -80.8442382812, -41.0337905884, -51.3252258301, -41.8543205261, -18.5077438354, -22.7747612],
        "skew": [1.0252071619, 0.145138204098, -1.20609521866, -0.254753708839, -0.924487173557, -0.525457024574, -0.578527510166, -0.565693855286, -0.0663653761148, -1.01214981079, -0.486138194799, 1.40978896618, 1.2113045454],
        "var": [10163.5869141, 2104.78417969, 1255.88549805, 653.83972168, 919.696044922, 160.998184204, 241.546234131, 343.325408936, 75.0007629395, 89.5687026978, 67.9365463257, 110.34992218, 56.7787895203],
        "cov": [[10190.5458984, 4113.72802734, -3224.57885742, -2042.28161621, -2884.93041992, -929.080566406, -1086.08532715, -1537.05969238, -35.5257225037, -467.380981445, -129.600540161, 810.943115234, 313.512969971], [4113.72802734, 2110.3671875, -1080.64794922, -1009.35864258, -1187.65441895, -450.271911621, -524.631958008, -733.481628418, -99.993522644, -203.364532471, -129.590301514, 280.490203857, 94.1784362793], [-3224.57885742, -1080.64794922, 1259.21679688, 662.034545898, 916.629943848, 235.130203247, 236.017425537, 404.545349121, -53.0987701416, 118.092300415, 10.2609214783, -273.103149414, -106.96962738], [-2042.28161621, -1009.35864258, 662.034545898, 655.574035645, 645.032653809, 182.829055786, 185.993682861, 310.417510986, 10.7178030014, 73.2784042358, 44.6198539734, -145.9818573, -41.5260047913], [-2884.93041992, -1187.65441895, 916.629943848, 645.032653809, 922.135498047, 288.997894287, 286.135223389, 443.524108887, -6.53890752792, 116.759521484, 33.5314064026, -235.825180054, -83.9135055542], [-929.080566406, -450.271911621, 235.130203247, 182.829055786, 288.997894287, 161.425247192, 154.292053223, 177.694274902, 15.3438043594, 32.5801429749, 22.7614059448, -70.540977478, -33.0426483154], [-1086.08532715, -524.631958008, 236.017425537, 185.993682861, 286.135223389, 154.292053223, 242.186935425, 231.192657471, 24.7273368835, 62.104888916, 22.4417667389, -82.5458831787, -39.5501365662], [-1537.05969238, -733.481628418, 404.545349121, 310.417510986, 443.524108887, 177.694274902, 231.192657471, 344.236083984, 55.3209228516, 87.4777145386, 55.8213577271, -124.976768494, -49.3603019714], [-35.5257225037, -99.993522644, -53.0987701416, 10.7178030014, -6.53890752792, 15.3438043594, 24.7273368835, 55.3209228516, 75.1997070312, 40.1553649902, 23.9870319366, 3.70445513725, 2.18872451782], [-467.380981445, -203.364532471, 118.092300415, 73.2784042358, 116.759521484, 32.5801429749, 62.104888916, 87.4777145386, 40.1553649902, 89.8062820435, 37.2026977539, -31.7560634613, -13.3130645752], [-129.600540161, -129.590301514, 10.2609214783, 44.6198539734, 33.5314064026, 22.7614059448, 22.4417667389, 55.8213577271, 23.9870319366, 37.2026977539, 68.1167526245, 15.6499061584, -2.11443853378], [810.943115234, 280.490203857, -273.103149414, -145.9818573, -235.825180054, -70.540977478, -82.5458831787, -124.976768494, 3.70445513725, -31.7560634613, 15.6499061584, 110.642623901, 46.6844367981], [313.512969971, 94.1784362793, -106.96962738, -41.5260047913, -83.9135055542, -33.0426483154, -39.5501365662, -49.3603019714, 2.18872451782, -13.3130645752, -2.11443853378, 46.6844367981, 56.929397583]]
    },
    "sccoeffs": {
        "kurt": [1.48452711105, 0.981217384338, 1.10057973862, 1.42291069031, 0.690265417099, 0.631545305252],
        "max": [-0.350023448467, -0.210243269801, -0.439705550671, -0.517299413681, -0.724896252155, -0.662551879883],
        "mean": [-0.714520871639, -0.74501311779, -0.803123652935, -0.834984004498, -0.868271052837, -0.82181417942],
        "median": [-0.735460162163, -0.797868132591, -0.8312240839, -0.854015529156, -0.882650315762, -0.833608269691],
        "min": [-0.94763982296, -0.977902710438, -0.952747225761, -0.930208623409, -0.91757696867, -0.891276061535],
        "skew": [1.12040495872, 1.27249598503, 1.20633542538, 1.23847055435, 1.21760034561, 1.01584780216],
        "var": [0.00900341384113, 0.0229501891881, 0.0104260640219, 0.00522114569321, 0.00171485263854, 0.00193006056361],
        "cov": [[0.00902729481459, 0.00308537413366, 0.00129922362976, 0.00188418617472, 0.000984371872619, 0.00118304300122], [0.00308537413366, 0.0230110660195, 0.0120700234547, 0.00886136107147, 0.00493297353387, 0.00510955648497], [0.00129922362976, 0.0120700234547, 0.0104537196457, 0.00585765158758, 0.00313452328555, 0.00341649260372], [0.00188418617472, 0.00886136107147, 0.00585765158758, 0.00523499492556, 0.00225989916362, 0.00232820375822], [0.000984371872619, 0.00493297353387, 0.00313452328555, 0.00225989916362, 0.001719401218, 0.0014057084918], [0.00118304300122, 0.00510955648497, 0.00341649260372, 0.00232820375822, 0.0014057084918, 0.0019351800438]]
    },
    "scvalleys": {
        "kurt": [0.805261135101, -0.742451906204, -0.690865039825, -0.0738730430603, 0.839942932129, 1.08846950531],
        "max": [-8.70289993286, -4.61959552765, -5.70639753342, -6.79332351685, -7.84437608719, -10.1002902985],
        "mean": [-10.6828374863, -8.54908180237, -9.43904018402, -10.2132539749, -10.9560117722, -13.1965618134],
        "median": [-10.6927537918, -8.91627502441, -9.90365314484, -10.5583353043, -11.209851265, -13.4434871674],
        "min": [-12.636803627, -12.2424764633, -13.3204650879, -15.0683031082, -14.776925087, -16.9072113037],
        "skew": [0.274884462357, 0.532309055328, 0.661671578884, 0.641000747681, 0.890884697437, 0.939712107182],
        "var": [0.314395427704, 2.25559186935, 2.3252761364, 1.7701510191, 0.953876852989, 0.908752262592],
        "cov": [[0.315229386091, 0.451577723026, 0.471293658018, 0.439153522253, 0.312824130058, 0.294383138418], [0.451577723026, 2.2615749836, 2.03596115112, 1.80615150928, 1.13911104202, 1.0509134531], [0.471293658018, 2.03596115112, 2.33144378662, 1.93006849289, 1.27988314629, 1.14858829975], [0.439153522253, 1.80615150928, 1.93006849289, 1.77484631538, 1.18755614758, 1.05131173134], [0.312824130058, 1.13911104202, 1.27988314629, 1.18755614758, 0.95640707016, 0.853791415691], [0.294383138418, 1.0509134531, 1.14858829975, 1.05131173134, 0.853791415691, 0.911162734032]]
    }
},
"rhythm": {
    "beats_loudness": {
        "kurt": 1.45079088211,
        "max": 0.0451083406806,
        "mean": 0.00770090008155,
        "median": 8.76131161931e-06,
        "min": 3.7594233504e-07,
        "skew": 1.75457501411,
        "var": 0.000213214167161
    },
    "bpm": 107.500267029,
    "confidence": 2.85389780998,
    "first_peak_bpm": {
        "kurt": 0,
        "max": 105,
        "mean": 105,
        "median": 105,
        "min": 105,
        "skew": 0,
        "var": 0
    },
    "first_peak_spread": {
        "kurt": 0,
        "max": 0.285714268684,
        "mean": 0.285714268684,
        "median": 0.285714268684,
        "min": 0.285714268684,
        "skew": 0,
        "var": 0
    },
    "first_peak_weight": {
        "kurt": 0,
        "max": 0.357142865658,
        "mean": 0.357142865658,
        "median": 0.357142865658,
        "min": 0.357142865658,
        "skew": 0,
        "var": 0
    },
    "onset_rate": 1.83084881306,
    "second_peak_bpm": {
        "kurt": 0,
        "max": 110,
        "mean": 110,
        "median": 110,
        "min": 110,
        "skew": 0,
        "var": 0
    },
    "second_peak_spread": {
        "kurt": 0,
        "max": 0.33333337307,
        "mean": 0.33333337307,
        "median": 0.33333337307,
        "min": 0.33333337307,
        "skew": 0,
        "var": 0
    },
    "second_peak_weight": {
        "kurt": 0,
        "max": 0.285714298487,
        "mean": 0.285714298487,
        "median": 0.285714298487,
        "min": 0.285714298487,
        "skew": 0,
        "var": 0
    },
    "beats_loudness_band_ratio": {
        "kurt": [0.512608528137, -1.21941041946, -1.1080006361, -1.27967059612, 0.596626281738, 4.3509144783],
        "max": [0.202411696315, 0.946418583393, 0.761975765228, 0.345196545124, 0.140670135617, 0.164133429527],
        "mean": [0.0451997928321, 0.527868330479, 0.382371902466, 0.131336867809, 0.0341374129057, 0.0261164791882],
        "median": [0.00529310014099, 0.441605091095, 0.346474796534, 0.0542771853507, 0.00687755970284, 0.00322945043445],
        "min": [2.13646012526e-06, 0.218568697572, 0.130603045225, 0.00726592959836, 0.00119009159971, 0.000131801847601],
        "skew": [1.245028615, 0.479526042938, 0.394033998251, 0.689500331879, 1.1763420105, 2.26842451096],
        "var": [0.00368769885972, 0.0590268857777, 0.039001237601, 0.0163736529648, 0.00164323544595, 0.00184837460984],
        "cov": [[0.00395110575482, -0.00557042239234, -0.00472743157297, 0.000464111973997, 0.00156744860578, 0.00084012496518], [-0.00557042239234, 0.0632430911064, -0.0133608113974, -0.0225360561162, -0.00625936966389, -0.00533887324855], [-0.00472743157297, -0.0133608113974, 0.0417870394886, -0.00209016422741, -0.00337153906003, -0.00374365714379], [0.000464111973997, -0.0225360561162, -0.00209016422741, 0.0175432004035, 0.00189478485845, 0.00207449262962], [0.00156744860578, -0.00625936966389, -0.00337153906003, 0.00189478485845, 0.00176060944796, 0.00169262092095], [0.00084012496518, -0.00533887324855, -0.00374365714379, 0.00207449262962, 0.00169262092095, 0.00198040134273]]
    },
    "beats_position": [0.49922901392, 1.04489791393, 1.6137868166, 2.18267560005, 2.75156450272, 3.32045340538, 3.86612248421, 4.42340135574, 4.98067998886, 5.54956912994, 6.08362817764, 6.60607719421, 7.14013576508, 7.6858048439, 8.23147392273],
    "bpm_estimates": [109.956787109, 105.46875, 105.468772888, 105.46875, 105.46875, 109.956756592, 107.666023254, 107.666069031, 105.468704224, 109.956756592, 109.956756592],
    "bpm_intervals": [0.545668900013, 0.568888902664, 0.568888783455, 0.568888902664, 0.568888902664, 0.545669078827, 0.557278871536, 0.557278633118, 0.568889141083, 0.534059047699, 0.522449016571, 0.534058570862, 0.545669078827, 0.545669078827],
    "onset_times": [0.150929704309, 0.394739240408, 0.684988677502, 0.952018141747, 1.92725622654, 2.2523355484, 3.26240372658, 3.54104304314, 3.81968259811, 4.09832191467, 5.15482997894, 5.46829938889, 6.23455762863, 7.12852621078, 7.60453510284, 8.28952407837],
    "histogram": [[0, 0, 0, 0, 0, 0, 0, 0, 0, 0, 0, 0, 0, 0, 0, 0, 0, 0, 0, 0, 0, 0, 0, 0, 0, 0, 0, 0, 0, 0, 0, 0, 0, 0, 0, 0, 0, 0, 0, 0, 0, 0, 0, 0, 0, 0, 0, 0, 0, 0, 0, 0, 0, 0, 0, 0, 0, 0, 0, 0, 0, 0, 0, 0, 0, 0, 0, 0, 0, 0, 0, 0, 0, 0, 0, 0, 0, 0, 0, 0, 0, 0, 0, 0, 0, 0, 0, 0, 0, 0, 0, 0, 0, 0, 0, 0, 0, 0, 0, 0, 0, 0, 0, 0, 0, 0.357142865658, 0, 0, 0.142857149243, 0, 0.285714298487, 0, 0.142857149243, 0, 0, 0.0714285746217, 0, 0, 0, 0, 0, 0, 0, 0, 0, 0, 0, 0, 0, 0, 0, 0, 0, 0, 0, 0, 0, 0, 0, 0, 0, 0, 0, 0, 0, 0, 0, 0, 0, 0, 0, 0, 0, 0, 0, 0, 0, 0, 0, 0, 0, 0, 0, 0, 0, 0, 0, 0, 0, 0, 0, 0, 0, 0, 0, 0, 0, 0, 0, 0, 0, 0, 0, 0, 0, 0, 0, 0, 0, 0, 0, 0, 0, 0, 0, 0, 0, 0, 0, 0, 0, 0, 0, 0, 0, 0, 0, 0, 0, 0, 0, 0, 0, 0, 0, 0, 0, 0, 0, 0, 0, 0, 0, 0, 0, 0, 0, 0, 0, 0, 0, 0, 0, 0, 0, 0, 0, 0, 0, 0, 0, 0, 0, 0, 0, 0, 0, 0, 0, 0]]
},
"sfx": {
    "inharmonicity": {
        "kurt": 3.98237085342,
        "max": 0.415154218674,
        "mean": 0.056720353663,
        "median": 0.0272462349385,
        "min": 0,
        "skew": 1.96821439266,
        "var": 0.00551644898951
    },
    "oddtoevenharmonicenergyratio": {
        "kurt": 38.2590103149,
        "max": 20.4521331787,
        "mean": 0.926683604717,
        "median": 0.302122831345,
        "min": 0,
        "skew": 5.14103078842,
        "var": 3.45475769043
    },
    "pitch_after_max_to_before_max_energy_ratio": 0.0983932539821,
    "pitch_centroid": 219.925796509,
    "pitch_max_to_total": 0.984126985073,
    "pitch_min_to_total": 0.79365080595,
    "tristimulus": {
        "kurt": [-0.964408636093, -0.484081506729, -0.429286956787],
        "max": [1, 0.901971578598, 0.686686217785],
        "mean": [0.431336700916, 0.36467012763, 0.203993037343],
        "median": [0.401359200478, 0.339605629444, 0.147050276399],
        "min": [0, 0, 0],
        "skew": [0.242249563336, 0.410909295082, 0.783131301403],
        "var": [0.076147057116, 0.0441582947969, 0.0268101431429],
        "cov": [[0.0763490349054, -0.0468716099858, -0.0294774435461], [-0.0468716099858, 0.0442754253745, 0.00259619602002], [-0.0294774435461, 0.00259619602002, 0.0268812589347]]
    }
},
"tonal": {
    "chords_changes_rate": 0.15263158083,
    "chords_number_rate": 0.0263157896698,
    "chords_strength": {
        "kurt": -1.01268446445,
        "max": 0.689283788204,
        "mean": 0.474525600672,
        "median": 0.468197703362,
        "min": 0.268478870392,
        "skew": 0.105755709112,
        "var": 0.00941658765078
    },
    "key_strength": 0.419667392969,
    "tuning_diatonic_strength": 0.568467259407,
    "tuning_equal_tempered_deviation": 0.22848123312,
    "tuning_frequency": 443.060424805,
    "tuning_nontempered_energy_ratio": 0.886823892593,
    "hpcp": {
        "kurt": [4.9059920311, 6.3109703064, 3.31621408463, 5.00545215607, 5.46470069885, 7.62757968903, 4.68577098846, 5.36747360229, 5.01732540131, 3.06226015091, 2.34647893906, 3.51886081696, 6.66433143616, 4.34232616425, 3.81841039658, 2.89490365982, 3.31079483032, 2.96947669983, 1.15896606445, 1.61618947983, 2.29822969437, 2.85119390488, 3.49373006821, 3.98900222778, 1.48263168335, 0.921125888824, 0.39511013031, 0.258690595627, 0.389663696289, 0.06485247612, -0.553037643433, -0.225391626358, 2.11172008514, 4.17077636719, 2.91004419327, 3.36704730988],
        "max": [1, 1, 0.877568483353, 1, 1, 1, 1, 1, 1, 1, 1, 1, 1, 1, 1, 1, 1, 1, 1, 1, 1, 1, 1, 1, 1, 1, 1, 1, 1, 1, 1, 1, 1, 1, 1, 1],
        "mean": [0.16021977365, 0.137489423156, 0.133620128036, 0.14023013413, 0.123936645687, 0.117846049368, 0.134076744318, 0.134677782655, 0.138022884727, 0.161748573184, 0.178306221962, 0.149437427521, 0.132808461785, 0.145781815052, 0.167632639408, 0.190302491188, 0.176771789789, 0.182007759809, 0.218399554491, 0.213908225298, 0.194347053766, 0.194685488939, 0.188944831491, 0.176936000586, 0.201467812061, 0.240062206984, 0.268351435661, 0.274746328592, 0.259793490171, 0.293357938528, 0.363218039274, 0.322646737099, 0.200994759798, 0.153202444315, 0.16209384799, 0.173938795924],
