{
"metadata": {
    "version": {
        "essentia": "2.1-beta3"
    }
},
"lowLevel": {
    "average_loudness": 0.959886908531,
    "barkbands_kurtosis": {
        "kurt": 55.545917511,
        "max": 85.7446746826,
        "mean": 3.77928757668,
        "median": 2.07565402985,
        "min": -1.60783231258,
        "skew": 5.73551845551,
        "var": 45.136264801
    },
    "barkbands_skewness": {
        "kurt": 2.12741851807,
        "max": 1.74120235443,
        "mean": -1.27515816689,
        "median": -1.21472942829,
        "min": -5.62983322144,
        "skew": -0.827748835087,
        "var": 0.838280439377
    },
    "barkbands_spread": {
        "kurt": 0.751736879349,
        "max": 25.5274162292,
        "mean": 10.2505722046,
        "median": 9.98155498505,
        "min": 0.898971915245,
        "skew": 0.559623301029,
        "var": 17.2506923676
    },
    "dissonance": {
        "kurt": 335.885772705,
        "max": 0.500000119209,
        "mean": 0.492485016584,
        "median": 0.496610641479,
        "min": 0.0115692550316,
        "skew": -17.435459137,
        "var": 0.000606690475252
    },
    "hfc": {
        "kurt": 12.0633764267,
        "max": 26.0539474487,
        "mean": 2.75742125511,
        "median": 1.43843877316,
        "min": 7.88984471001e-06,
        "skew": 2.96400165558,
        "var": 11.1462783813
    },
    "pitch": {
        "kurt": -1.4238319397,
        "max": 4276.23486328,
        "mean": 2239.92041016,
        "median": 2626.37109375,
        "min": 95.1054611206,
        "skew": -0.303339570761,
        "var": 1511854
    },
    "pitch_instantaneous_confidence": {
        "kurt": 0.865961313248,
        "max": 0.91771697998,
        "mean": 0.401181012392,
        "median": 0.37979978323,
        "min": 0.168567836285,
        "skew": 0.924848020077,
        "var": 0.0166593436152
    },
    "pitch_salience": {
        "kurt": 1.71285390854,
        "max": 0.978663921356,
        "mean": 0.766355454922,
        "median": 0.773870944977,
        "min": 0.445980191231,
        "skew": -0.786310851574,
        "var": 0.00588453328237
    },
    "silence_rate_20dB": {
        "kurt": 0,
        "max": 1,
        "mean": 1,
        "median": 1,
        "min": 1,
        "skew": 0,
        "var": 0
    },
    "silence_rate_30dB": {
        "kurt": 0,
        "max": 1,
        "mean": 1,
        "median": 1,
        "min": 1,
        "skew": 0,
        "var": 0
    },
    "silence_rate_60dB": {
        "kurt": 9.3751745224,
        "max": 1,
        "mean": 0.930069923401,
        "median": 1,
        "min": 0,
        "skew": -3.37269997597,
        "var": 0.0650400072336
    },
    "spectral_centroid": {
        "kurt": 0.233360767365,
        "max": 5175.94775391,
        "mean": 2688.83422852,
        "median": 2667.6394043,
        "min": 1517.40087891,
        "skew": 0.481804281473,
        "var": 295363.96875
    },
    "spectral_complexity": {
        "kurt": 2.19044351578,
        "max": 25,
        "mean": 3.74825167656,
        "median": 1,
        "min": 0,
        "skew": 1.62672591209,
        "var": 28.3842334747
    },
    "spectral_crest": {
        "kurt": 3.08153438568,
        "max": 21.2411746979,
        "mean": 7.85053539276,
        "median": 7.24418544769,
        "min": 3.63631844521,
        "skew": 1.53365242481,
        "var": 7.58721733093
    },
    "spectral_decrease": {
        "kurt": 20.5985393524,
        "max": -5.41835170837e-16,
        "mean": -2.38632807958e-10,
        "median": -1.1586964721e-10,
        "min": -3.19725579345e-09,
        "skew": -3.67402148247,
        "var": 1.10197673289e-19
    },
    "spectral_energy": {
        "kurt": 18.5227279663,
        "max": 0.0144303422421,
        "mean": 0.00115076254588,
        "median": 0.00056310929358,
        "min": 2.76064571203e-09,
        "skew": 3.50442767143,
        "var": 2.38571692535e-06
    },
    "spectral_energyband_high": {
        "kurt": 32.0451278687,
        "max": 0.00101769494358,
        "mean": 6.99986267136e-05,
        "median": 3.84414961445e-05,
        "min": 4.26091717465e-10,
        "skew": 4.96704864502,
        "var": 1.02797050872e-08
    },
    "spectral_energyband_low": {
        "kurt": 9.10288524628,
        "max": 8.00155066827e-06,
        "mean": 1.23925553908e-06,
        "median": 1.05126025574e-06,
        "min": 5.11664356717e-11,
        "skew": 2.07224965096,
        "var": 7.48898393386e-13
    },
    "spectral_energyband_middle_high": {
        "kurt": 18.6153240204,
        "max": 0.0139603242278,
        "mean": 0.00106331787538,
        "median": 0.000501544564031,
        "min": 1.95619564991e-09,
        "skew": 3.5188190937,
        "var": 2.2450965389e-06
    },
    "spectral_energyband_middle_low": {
        "kurt": 65.745803833,
        "max": 0.000546001072507,
        "mean": 2.56786152022e-05,
        "median": 1.23391855595e-05,
        "min": 3.32526867153e-10,
        "skew": 6.95634412766,
        "var": 2.18206852587e-09
    },
    "spectral_flatness_db": {
        "kurt": -0.344757318497,
        "max": 0.316675156355,
        "mean": 0.181607350707,
        "median": 0.177868589759,
        "min": 0.0585696697235,
        "skew": 0.323681712151,
        "var": 0.00191598187666
    },
    "spectral_flux": {
        "kurt": 0.982739448547,
        "max": 0.0704457610846,
        "mean": 0.022748272866,
        "median": 0.0188734345138,
        "min": 0.00559905543923,
        "skew": 1.1371049881,
        "var": 0.000165773439221
    },
    "spectral_kurtosis": {
        "kurt": 3.2685918808,
        "max": 23.8561935425,
        "mean": 5.57464933395,
        "median": 4.65016222,
        "min": -1.55944275856,
        "skew": 1.42871248722,
        "var": 11.9007358551
    },
    "spectral_rms": {
        "kurt": 2.68870210648,
        "max": 0.00375211704522,
        "mean": 0.00090714317048,
        "median": 0.000741198309697,
        "min": 1.64113157552e-06,
        "skew": 1.44826602936,
        "var": 2.99786705682e-07
    },
    "spectral_rolloff": {
        "kurt": 9.33626270294,
        "max": 9905.2734375,
        "mean": 3634.69604492,
        "median": 3596.04492188,
        "min": 1744.18945312,
        "skew": 1.7278881073,
        "var": 612177
    },
    "spectral_skewness": {
        "kurt": 0.188087463379,
        "max": 3.27408051491,
        "mean": 1.74063611031,
        "median": 1.70379579067,
        "min": 0.073493771255,
        "skew": 0.285496681929,
        "var": 0.221111729741
    },
    "spectral_spread": {
        "kurt": 29.724155426,
        "max": 26637566,
        "mean": 4509118.5,
        "median": 4126605.5,
        "min": 1555570.875,
        "skew": 3.68764305115,
        "var": 4.42763680154e+12
    },
    "spectral_strongpeak": {
        "kurt": 7.11161994934,
        "max": 3.55493378639,
        "mean": 0.473552674055,
        "median": 0.311631768942,
        "min": 4.84265219711e-05,
        "skew": 2.31841254234,
        "var": 0.213905155659
    },
    "zerocrossingrate": {
        "kurt": 1.63548994064,
        "max": 0.16748046875,
        "mean": 0.126571834087,
        "median": 0.12744140625,
        "min": 0.00390625,
        "skew": -0.53858268261,
        "var": 0.000425384874688
    },
    "barkbands": {
        "kurt": [8.43292331696, 4.67708873749, 5.07954692841, 9.72484016418, 3.40378189087, 20.2591152191, 21.3009719849, 18.5206012726, 34.9038467407, 74.0949935913, 42.0163192749, 9.0771856308, 30.441368103, 160.665496826, 21.083694458, 19.7011508942, 11.0859088898, 20.4611530304, 43.0224266052, 20.8189239502, 43.980091095, 169.416671753, 70.5320281982, 415.993408203, 412.782592773, 252.999542236, 183.327285767],
        "max": [2.474231664e-08, 1.30294097289e-06, 4.00707676818e-06, 6.27146164334e-06, 8.96535129868e-06, 1.58642742463e-05, 1.11776826088e-05, 1.3976405171e-05, 0.000137567316415, 0.00506868772209, 0.00173823977821, 0.00015264841204, 0.00102998362854, 0.00226885150187, 0.0010218519019, 0.00169991585426, 0.00248387944885, 0.00290120043792, 0.00234920950606, 0.000671173620503, 0.000479165406432, 0.000551564793568, 9.06114728423e-05, 0.000270738179097, 0.000406194827519, 4.65913444714e-06, 4.05742959231e-08],
        "mean": [3.1910762921e-09, 2.38488041759e-07, 6.13935867477e-07, 7.94484151356e-07, 2.11903784475e-06, 1.96421979126e-06, 1.28431918256e-06, 1.57425927227e-06, 7.14793122825e-06, 0.000126073457068, 5.89221599512e-05, 1.36136068249e-05, 5.22033478774e-05, 5.23265007359e-05, 6.0557245888e-05, 0.000132148707053, 0.000205052478123, 0.000208430181374, 0.000120443000924, 5.90041126998e-05, 2.53819871432e-05, 1.42391500049e-05, 3.40885844707e-06, 1.30602415993e-06, 1.84803445791e-06, 6.4053935489e-08, 5.69856217769e-10],
        "median": [2.16570250622e-09, 1.73428645667e-07, 4.43532627514e-07, 5.67231040804e-07, 1.76755065695e-06, 1.54482415837e-06, 1.0114174529e-06, 1.12935356356e-06, 1.94409858523e-06, 1.10260598376e-05, 4.0266504584e-06, 3.02128160001e-06, 1.29203444885e-05, 1.53216260514e-05, 2.06362474273e-05, 5.43023415958e-05, 6.13149095443e-05, 8.71308293426e-05, 5.26577168785e-05, 3.44588661392e-05, 1.08099475256e-05, 6.2140566115e-06, 1.44644354805e-06, 3.22722740975e-07, 3.39727932896e-07, 1.64340576703e-08, 9.43905648088e-11],
        "min": [5.33134127123e-12, 1.81984635694e-11, 1.7365959365e-11, 2.29057744994e-11, 8.09169259375e-11, 9.70107952303e-11, 8.00831831405e-11, 4.16738518694e-11, 9.18217238355e-12, 1.37621337937e-11, 4.69743896558e-11, 5.21717564983e-11, 1.09336342063e-11, 1.94756051564e-11, 3.03617270214e-11, 4.01167876696e-10, 8.29772917044e-10, 3.4415040262e-10, 1.37715769344e-10, 1.1236343106e-10, 1.73039568785e-10, 6.05667599407e-11, 6.41348293917e-11, 3.64224657379e-11, 1.34858539266e-11, 1.62502563489e-11, 2.09263928072e-14],
        "skew": [2.43131327629, 1.84961915016, 1.88804912567, 2.28552794456, 1.53411877155, 3.49971103668, 3.49516320229, 3.48479366302, 5.1909365654, 7.46981906891, 5.80982255936, 2.84728932381, 4.35068225861, 10.7622709274, 3.80442357063, 3.86249375343, 3.06278753281, 3.9854516983, 5.68387460709, 3.94728112221, 5.94733858109, 11.2243146896, 7.57672357559, 20.35389328, 20.2438583374, 14.5686092377, 11.9762830734],
        "var": [1.14099225744e-17, 4.00122067369e-14, 3.15647654498e-13, 5.00620486905e-13, 1.97381976215e-12, 2.9155209063e-12, 1.21649435317e-12, 2.58452048825e-12, 2.23174229097e-10, 1.50600754978e-07, 2.9816984437e-08, 5.42899725176e-10, 9.32144228472e-09, 1.86974240535e-08, 1.09656976832e-08, 4.75138044465e-08, 1.19669010701e-07, 1.15615591767e-07, 5.07739592592e-08, 5.52753354199e-09, 2.33681940465e-09, 1.07349895639e-09, 5.83024947765e-11, 1.71225963963e-10, 3.87129217572e-10, 6.39876471037e-14, 5.72696015559e-18],
        "cov": [[1.14365817784e-17, 6.20879319328e-17, -9.08667564359e-17, 7.43331960836e-17, -3.39739621188e-17, 4.16765058555e-17, -1.22910436347e-16, 3.16164047288e-16, -1.18911217932e-15, 2.13982172639e-14, 3.9173999873e-14, 1.12419695067e-15, 1.05383256849e-14, -3.40489647687e-15, 1.5126211034e-14, 5.20017073835e-15, -1.70268445475e-15, 5.69962642621e-14, -1.14378426994e-15, -1.31136353404e-14, -8.02135457665e-15, -4.24211802974e-15, -6.87698903035e-16, -9.78198116719e-16, -1.70549056902e-15, -1.90921309029e-17, 1.77067357258e-18], [6.20879319328e-17, 4.01056920692e-14, 2.84713591136e-14, 4.11739666342e-15, -7.40314588603e-15, 1.52642875688e-14, 7.35912219563e-15, 3.81443161291e-14, 1.08439333088e-13, -4.15457219408e-13, -9.09812156169e-13, 3.25660180246e-13, 1.204145697e-13, 5.70486908581e-13, -7.89122077145e-13, 1.70277095375e-12, 1.29903564034e-12, 7.45443474743e-13, -1.17022017077e-12, -1.36160668244e-13, -8.79727876917e-13, -2.16239962676e-13, -1.00364656093e-13, -8.65411732619e-14, -1.42069122851e-13, -1.33804153551e-15, -1.16290394099e-17], [-9.08667564359e-17, 2.84713591136e-14, 3.16385155921e-13, 1.30151057575e-13, 7.89053745303e-14, 1.21330828956e-13, 7.95158548923e-14, 6.65203975887e-14, 7.02440384505e-13, 1.72199685067e-11, 4.93067435839e-12, 4.08806885913e-13, 1.56331956928e-12, 6.15136544133e-12, -8.62494374965e-13, 3.351534111e-12, 4.24862141996e-12, 2.85496192659e-12, -6.79300637008e-13, -1.45585163391e-13, -1.19156569919e-13, 7.78059962379e-13, 2.54291677776e-13, 2.20384962449e-13, 2.73558844847e-13, 8.23650232168e-16, -8.84927877825e-17], [7.43331960836e-17, 4.11739666342e-15, 1.30151057575e-13, 5.01790178419e-13, 1.41960743291e-13, 2.41325216104e-13, 7.75715077025e-14, 6.74805534801e-14, 7.22895376372e-13, 6.96600936656e-12, 5.85711730852e-12, 2.09509493088e-12, 8.48489594557e-12, 1.20793056547e-12, 1.40938096697e-12, 6.78950212024e-12, 1.60269228444e-11, 1.52658718999e-11, 5.22204978912e-12, 3.59099078598e-12, 2.06746729112e-12, 2.52859668967e-12, 3.89478352998e-13, 1.12806133521e-13, 2.11790817089e-13, -2.30798648083e-15, -1.3581964198e-16], [-3.39739621188e-17, -7.40314588603e-15, 7.89053745303e-14, 1.41960743291e-13, 1.97843152451e-12, 4.47408467696e-13, 4.69766640952e-14, 1.84685180018e-13, 2.31887642768e-12, 3.10137939635e-12, 4.28910596276e-12, 1.33977160963e-12, 1.83611112425e-12, 1.00042517673e-11, 3.1391506148e-12, 1.17651877823e-11, 1.62310269392e-11, -7.68703416892e-12, -2.32283550033e-12, -1.34928721841e-12, -3.75242198425e-12, 6.36003836402e-13, 3.34459348238e-13, -9.59561531795e-13, -1.50038868049e-12, -1.65928672169e-14, 5.75798836211e-17], [4.16765058555e-17, 1.52642875688e-14, 1.21330828956e-13, 2.41325216104e-13, 4.47408467696e-13, 2.92233294855e-12, 3.05397363214e-13, 2.88221323978e-13, -1.20122228137e-12, -4.56523464865e-11, -4.25998038928e-12, -6.89535369991e-14, 5.62833070081e-12, -4.69882379533e-12, -9.4847185661e-12, -1.53396197654e-12, -4.04636697413e-12, -8.03709529484e-12, -3.56088341322e-13, 1.43038434829e-12, 2.02442186278e-12, -2.72078610726e-13, 1.8600636168e-13, -5.42420654833e-13, -8.485878558e-13, -1.31684747945e-14, 3.82969444848e-18], [-1.22910436347e-16, 7.35912219563e-15, 7.95158548923e-14, 7.75715077025e-14, 4.69766640952e-14, 3.05397363214e-13, 1.21933669758e-12, 3.87268884496e-13, -1.39424333623e-13, 3.67044415694e-11, 1.47646912058e-11, -4.56842747768e-14, 1.20205093709e-12, 1.38722941554e-12, 3.95689340668e-12, 1.19554262323e-11, 1.63782338386e-11, 2.45118422088e-11, -4.38795007274e-12, 8.06053574581e-13, -3.57108938774e-12, 1.32611451117e-13, 5.13651079136e-13, -3.23904260618e-13, -4.13915077343e-13, -7.2724571726e-15, -1.29135016779e-16], [3.16164047288e-16, 3.81443161291e-14, 6.65203975887e-14, 6.74805534801e-14, 1.84685180018e-13, 2.88221323978e-13, 3.87268884496e-13, 2.59055906067e-12, 6.60488330695e-12, 1.31112135038e-10, 3.28282158402e-11, 7.44481299525e-12, 2.02845743674e-11, 1.02540233249e-11, 2.51148424973e-11, 5.29266422356e-11, 1.18250409464e-10, 7.04233199533e-11, 2.58115612217e-11, 3.17268563851e-12, -7.5798259474e-15, 3.14100178159e-12, 1.21375045431e-12, -4.83983404569e-13, -8.96378403361e-13, -1.10219840389e-14, -1.92209841357e-16], [-1.18911217932e-15, 1.08439333088e-13, 7.02440384505e-13, 7.22895376372e-13, 2.31887642768e-12, -1.20122228137e-12, -1.39424333623e-13, 6.60488330695e-12, 2.23695673096e-10, 2.38699238153e-09, 1.00796837543e-09, 1.29652372172e-10, 6.0486415876e-10, 3.91938898003e-10, 6.55358323165e-10, 8.37937275122e-10, 2.66317679021e-09, 1.583232212e-09, 1.7671313024e-10, 7.50131345928e-11, -6.08170024757e-12, 5.86760067617e-12, -3.33944081155e-13, 4.44264763866e-12, 7.04449129238e-12, 1.38721106542e-13, -8.37179412979e-16], [2.13982172639e-14, -4.15457219408e-13, 1.72199685067e-11, 6.96600936656e-12, 3.10137939635e-12, -4.56523464865e-11, 3.67044415694e-11, 1.31112135038e-10, 2.38699238153e-09, 1.50952629951e-07, 5.01701187261e-08, 2.79250889079e-09, 1.195610011e-08, 1.30157120637e-08, 2.27157368471e-08, 3.45129684831e-08, 9.67908846405e-08, 7.68363506154e-08, 1.02275761193e-08, 8.1548749975e-09, 2.22774176883e-09, 2.35036812235e-09, 4.31570917891e-10, 4.26799741382e-11, 6.41747904817e-11, 2.63534745241e-12, 5.29461152384e-14], [3.9173999873e-14, -9.09812156169e-13, 4.93067435839e-12, 5.85711730852e-12, 4.28910596276e-12, -4.25998038928e-12, 1.47646912058e-11, 3.28282158402e-11, 1.00796837543e-09, 5.01701187261e-08, 2.98866495996e-08, 1.21493270999e-09, 4.22827772795e-09, 6.03503558239e-09, 1.16068044065e-08, 1.44744332076e-08, 3.92159300588e-08, 3.57855221012e-08, 4.14440037844e-09, 2.30928232092e-09, 3.5378572294e-10, 2.79651579671e-10, 9.09718897435e-11, 2.87027931804e-12, -1.7884379741e-11, -6.49714060764e-13, 1.73625152341e-15], [1.12419695067e-15, 3.25660180246e-13, 4.08806885913e-13, 2.09509493088e-12, 1.33977160963e-12, -6.89535369991e-14, -4.56842747768e-14, 7.44481299525e-12, 1.29652372172e-10, 2.79250889079e-09, 1.21493270999e-09, 5.44168154981e-10, 1.09430087214e-09, 5.08586450731e-10, 9.06109076659e-10, 1.78568271281e-09, 3.9238092775e-09, 2.05253458674e-09, 5.36302169341e-10, 1.62428015482e-10, 1.01718893725e-11, 1.36974126486e-10, 2.36599819597e-11, 2.81236037063e-12, 3.34965952545e-12, 1.68283044292e-13, -1.09803587488e-16], [1.05383256849e-14, 1.204145697e-13, 1.56331956928e-12, 8.48489594557e-12, 1.83611112425e-12, 5.62833070081e-12, 1.20205093709e-12, 2.02845743674e-11, 6.0486415876e-10, 1.195610011e-08, 4.22827772795e-09, 1.09430087214e-09, 9.34322130774e-09, 6.49857545554e-09, 4.45699210871e-09, 6.16105433338e-09, 1.71539564775e-08, 1.1739456518e-08, 4.69168881523e-09, 1.30217536753e-09, 5.00134267334e-10, 1.33275912528e-09, 1.81091239226e-10, 1.15598912387e-10, 1.87057411227e-10, 2.34274145222e-12, 6.60932016039e-15], [-3.40489647687e-15, 5.70486908581e-13, 6.15136544133e-12, 1.20793056547e-12, 1.00042517673e-11, -4.69882379533e-12, 1.38722941554e-12, 1.02540233249e-11, 3.91938898003e-10, 1.30157120637e-08, 6.03503558239e-09, 5.08586450731e-10, 6.49857545554e-09, 1.87411099972e-08, 6.6767782414e-09, 5.94303006807e-09, 1.51416195138e-08, 1.46506771159e-08, 3.87820220382e-09, 8.73243755084e-10, 4.42722025706e-10, 4.2840767045e-10, 3.98221178255e-11, -1.04688193878e-11, -1.46270703882e-11, -4.28537061522e-13, -3.1209363046e-15], [1.5126211034e-14, -7.89122077145e-13, -8.62494374965e-13, 1.40938096697e-12, 3.1391506148e-12, -9.4847185661e-12, 3.95689340668e-12, 2.51148424973e-11, 6.55358323165e-10, 2.27157368471e-08, 1.16068044065e-08, 9.06109076659e-10, 4.45699210871e-09, 6.6767782414e-09, 1.09913189661e-08, 1.25791448369e-08, 2.47993128255e-08, 1.74759868798e-08, 4.56990711939e-09, 1.79195225325e-09, 8.19747603131e-10, 6.38139152631e-10, 1.0911529319e-10, 9.42952053246e-12, -3.68314406751e-12, -6.02093245053e-13, -3.83853351191e-15], [5.20017073835e-15, 1.70277095375e-12, 3.351534111e-12, 6.78950212024e-12, 1.17651877823e-11, -1.53396197654e-12, 1.19554262323e-11, 5.29266422356e-11, 8.37937275122e-10, 3.45129684831e-08, 1.44744332076e-08, 1.78568271281e-09, 6.16105433338e-09, 5.94303006807e-09, 1.25791448369e-08, 4.76248196435e-08, 3.93139636401e-08, 3.42205481729e-08, 1.23171242095e-08, 4.98722751985e-09, 1.29099808621e-09, 9.44295308614e-10, 2.11302059183e-10, 7.28628615776e-12, -1.766736063e-11, -1.17078124539e-12, -4.24478703055e-15], [-1.70268445475e-15, 1.29903564034e-12, 4.24862141996e-12, 1.60269228444e-11, 1.62310269392e-11, -4.04636697413e-12, 1.63782338386e-11, 1.18250409464e-10, 2.66317679021e-09, 9.67908846405e-08, 3.92159300588e-08, 3.9238092775e-09, 1.71539564775e-08, 1.51416195138e-08, 2.47993128255e-08, 3.93139636401e-08, 1.19948609267e-07, 7.49301065639e-08, 1.58360062841e-08, 5.97019367277e-09, 1.37653910492e-09, 2.37430408667e-09, 3.49482998097e-10, 6.47378400886e-11, 7.29232230157e-11, 3.75631952843e-13, 2.08220790057e-14], [5.69962642621e-14, 7.45443474743e-13, 2.85496192659e-12, 1.52658718999e-11, -7.68703416892e-12, -8.03709529484e-12, 2.45118422088e-11, 7.04233199533e-11, 1.583232212e-09, 7.68363506154e-08, 3.57855221012e-08, 2.05253458674e-09, 1.1739456518e-08, 1.46506771159e-08, 1.74759868798e-08, 3.42205481729e-08, 7.49301065639e-08, 1.15885725904e-07, 4.28115534135e-08, 9.87641790573e-09, 2.78321388159e-09, 2.0334516293e-09, 4.32870628231e-10, 8.85486683977e-11, 9.83530965004e-11, -5.02448560188e-13, -8.26982915063e-15], [-1.14378426994e-15, -1.17022017077e-12, -6.79300637008e-13, 5.22204978912e-12, -2.32283550033e-12, -3.56088341322e-13, -4.38795007274e-12, 2.58115612217e-11, 1.7671313024e-10, 1.02275761193e-08, 4.14440037844e-09, 5.36302169341e-10, 4.69168881523e-09, 3.87820220382e-09, 4.56990711939e-09, 1.23171242095e-08, 1.58360062841e-08, 4.28115534135e-08, 5.08925914744e-08, 1.00433608097e-08, 4.59461402258e-09, 2.07190575807e-09, 4.34499547453e-10, -2.16806798209e-11, -5.50804506172e-11, -1.08662536434e-12, -3.21090433261e-15], [-1.31136353404e-14, -1.36160668244e-13, -1.45585163391e-13, 3.59099078598e-12, -1.34928721841e-12, 1.43038434829e-12, 8.06053574581e-13, 3.17268563851e-12, 7.50131345928e-11, 8.1548749975e-09, 2.30928232092e-09, 1.62428015482e-10, 1.30217536753e-09, 8.73243755084e-10, 1.79195225325e-09, 4.98722751985e-09, 5.97019367277e-09, 9.87641790573e-09, 1.00433608097e-08, 5.54044854439e-09, 1.98759830816e-09, 7.45730144303e-10, 1.56461746337e-10, 3.94018194808e-12, -6.82738167759e-14, 1.20833031081e-12, 8.15860694839e-15], [-8.02135457665e-15, -8.79727876917e-13, -1.19156569919e-13, 2.06746729112e-12, -3.75242198425e-12, 2.02442186278e-12, -3.57108938774e-12, -7.5798259474e-15, -6.08170024757e-12, 2.22774176883e-09, 3.5378572294e-10, 1.01718893725e-11, 5.00134267334e-10, 4.42722025706e-10, 8.19747603131e-10, 1.29099808621e-09, 1.37653910492e-09, 2.78321388159e-09, 4.59461402258e-09, 1.98759830816e-09, 2.34227925944e-09, 8.08246136685e-10, 1.24032201176e-10, 9.27536172868e-12, -3.70053900717e-12, 1.22324039461e-13, -3.34471340954e-16], [-4.24211802974e-15, -2.16239962676e-13, 7.78059962379e-13, 2.52859668967e-12, 6.36003836402e-13, -2.72078610726e-13, 1.32611451117e-13, 3.14100178159e-12, 5.86760067617e-12, 2.35036812235e-09, 2.79651579671e-10, 1.36974126486e-10, 1.33275912528e-09, 4.2840767045e-10, 6.38139152631e-10, 9.44295308614e-10, 2.37430408667e-09, 2.0334516293e-09, 2.07190575807e-09, 7.45730144303e-10, 8.08246136685e-10, 1.07600717225e-09, 1.7955638365e-10, 1.88950678021e-11, 2.1112379206e-11, 5.26910763285e-13, 3.9564413452e-15], [-6.87698903035e-16, -1.00364656093e-13, 2.54291677776e-13, 3.89478352998e-13, 3.34459348238e-13, 1.8600636168e-13, 5.13651079136e-13, 1.21375045431e-12, -3.33944081155e-13, 4.31570917891e-10, 9.09718897435e-11, 2.36599819597e-11, 1.81091239226e-10, 3.98221178255e-11, 1.0911529319e-10, 2.11302059183e-10, 3.49482998097e-10, 4.32870628231e-10, 4.34499547453e-10, 1.56461746337e-10, 1.24032201176e-10, 1.7955638365e-10, 5.84387191416e-11, 1.64049034773e-11, 1.8871198007e-11, 2.00462977923e-13, -1.02057755735e-16], [-9.78198116719e-16, -8.65411732619e-14, 2.20384962449e-13, 1.12806133521e-13, -9.59561531795e-13, -5.42420654833e-13, -3.23904260618e-13, -4.83983404569e-13, 4.44264763866e-12, 4.26799741382e-11, 2.87027931804e-12, 2.81236037063e-12, 1.15598912387e-10, -1.04688193878e-11, 9.42952053246e-12, 7.28628615776e-12, 6.47378400886e-11, 8.85486683977e-11, -2.16806798209e-11, 3.94018194808e-12, 9.27536172868e-12, 1.88950678021e-11, 1.64049034773e-11, 1.71626018952e-10, 2.56381527119e-10, 2.92440767782e-12, -2.63058734324e-16], [-1.70549056902e-15, -1.42069122851e-13, 2.73558844847e-13, 2.11790817089e-13, -1.50038868049e-12, -8.485878558e-13, -4.13915077343e-13, -8.96378403361e-13, 7.04449129238e-12, 6.41747904817e-11, -1.7884379741e-11, 3.34965952545e-12, 1.87057411227e-10, -1.46270703882e-11, -3.68314406751e-12, -1.766736063e-11, 7.29232230157e-11, 9.83530965004e-11, -5.50804506172e-11, -6.82738167759e-14, -3.70053900717e-12, 2.1112379206e-11, 1.8871198007e-11, 2.56381527119e-10, 3.8803371627e-10, 4.48877914005e-12, 3.56776180144e-16], [-1.90921309029e-17, -1.33804153551e-15, 8.23650232168e-16, -2.30798648083e-15, -1.65928672169e-14, -1.31684747945e-14, -7.2724571726e-15, -1.10219840389e-14, 1.38721106542e-13, 2.63534745241e-12, -6.49714060764e-13, 1.68283044292e-13, 2.34274145222e-12, -4.28537061522e-13, -6.02093245053e-13, -1.17078124539e-12, 3.75631952843e-13, -5.02448560188e-13, -1.08662536434e-12, 1.20833031081e-12, 1.22324039461e-13, 5.26910763285e-13, 2.00462977923e-13, 2.92440767782e-12, 4.48877914005e-12, 6.4137151807e-14, 9.97802760458e-17], [1.77067357258e-18, -1.16290394099e-17, -8.84927877825e-17, -1.3581964198e-16, 5.75798836211e-17, 3.82969444848e-18, -1.29135016779e-16, -1.92209841357e-16, -8.37179412979e-16, 5.29461152384e-14, 1.73625152341e-15, -1.09803587488e-16, 6.60932016039e-15, -3.1209363046e-15, -3.83853351191e-15, -4.24478703055e-15, 2.08220790057e-14, -8.26982915063e-15, -3.21090433261e-15, 8.15860694839e-15, -3.34471340954e-16, 3.9564413452e-15, -1.02057755735e-16, -2.63058734324e-16, 3.56776180144e-16, 9.97802760458e-17, 5.74034062918e-18]]
    },
    "mfcc": {
        "kurt": [7.3269109726, -0.145237445831, -0.713060379028, -0.541070461273, 0.413073778152, 0.852831602097, -0.121131420135, -0.438389778137, 0.673428535461, -0.069183588028, -0.140653371811, 0.188234806061, 0.00709319114685],
        "max": [-704.194824219, 93.0990753174, -6.103515625e-05, 88.0884017944, 35.8121604919, 39.642539978, 28.294254303, 40.6293487549, 32.7888793945, 18.6780452728, 25.692489624, 5.03329086304, 24.7213878632],
        "mean": [-823.826660156, 42.5055847168, -94.2236022949, 32.3832626343, -8.00714588165, -5.81092882156, -3.05247807503, 2.99498820305, -0.873465895653, -9.75700473785, -4.47645187378, -15.8104352951, -0.321801662445],
        "median": [-825.203918457, 42.9841995239, -91.9638442993, 32.6805610657, -9.16444778442, -6.0142326355, -2.18537521362, 2.0269317627, -0.339263916016, -9.99943351746, -4.97437477112, -15.9423675537, -0.635494232178],
        "min": [-1138.42004395, -39.5375366211, -165.995635986, -39.9468307495, -45.5110015869, -37.1207389832, -34.0566177368, -33.7732162476, -37.2515602112, -34.1927337646, -28.923948288, -40.2801055908, -22.9907360077],
        "skew": [-0.812503635883, -0.2932112813, -0.104942493141, -0.0626665428281, 0.323329120874, 0.22693797946, -0.171308353543, 0.0676908120513, -0.287240356207, 0.0744588896632, 0.11040379107, 0.0130607932806, 0.0908015221357],
        "var": [1665.03137207, 487.314208984, 879.724243164, 515.3046875, 154.426757812, 106.221572876, 120.646354675, 208.235336304, 104.851768494, 70.6873245239, 91.8837127686, 60.8063735962, 64.0310974121],
        "cov": [[1668.92163086, 184.610321045, -893.225585938, -503.685150146, -84.081993103, 60.4413223267, 154.017776489, 331.036834717, 109.077674866, -74.7250976562, -119.871841431, -107.997032166, -105.681610107], [184.610321045, 488.452789307, -374.032318115, -257.457946777, -6.38210535049, 33.8421401978, 59.745388031, 152.557785034, 36.527973175, -20.8343544006, -66.500869751, -5.00679016113, -52.0077362061], [-893.225585938, -374.032318115, 881.779663086, 399.082763672, 29.6169872284, -71.1757888794, -103.050994873, -249.48324585, -70.8513183594, 38.1426506042, 111.568130493, 65.5042953491, 102.707000732], [-503.685150146, -257.457946777, 399.082763672, 516.508666992, 5.43602657318, -39.6358375549, -118.965431213, -204.059539795, -68.6098175049, 58.3150177002, 80.7594299316, 25.7763805389, 61.6520690918], [-84.081993103, -6.38210535049, 29.6169872284, 5.43602657318, 154.787567139, -12.4035291672, -19.2623195648, -45.8817481995, -19.8323707581, 15.2213382721, 18.871049881, 14.1932678223, -4.68114566803], [60.4413223267, 33.8421401978, -71.1757888794, -39.6358375549, -12.4035291672, 106.46975708, -4.84854602814, 2.494389534, 1.77554273605, 3.39265203476, 4.66476821899, -2.07376694679, -8.77839756012], [154.017776489, 59.745388031, -103.050994873, -118.965431213, -19.2623195648, -4.84854602814, 120.928237915, 65.9851837158, 17.1739234924, -18.5564346313, -22.4044494629, -10.80788517, -20.3369979858], [331.036834717, 152.557785034, -249.48324585, -204.059539795, -45.8817481995, 2.494389534, 65.9851837158, 208.721878052, 46.204372406, -26.6731681824, -58.6588096619, -26.7147979736, -29.7557086945], [109.077674866, 36.527973175, -70.8513183594, -68.6098175049, -19.8323707581, 1.77554273605, 17.1739234924, 46.204372406, 105.096755981, -9.00062656403, -30.7035312653, -15.9401330948, -4.32216262817], [-74.7250976562, -20.8343544006, 38.1426506042, 58.3150177002, 15.2213382721, 3.39265203476, -18.5564346313, -26.6731681824, -9.00062656403, 70.8524856567, 15.1386985779, 7.10975265503, 1.15060126781], [-119.871841431, -66.500869751, 111.568130493, 80.7594299316, 18.871049881, 4.66476821899, -22.4044494629, -58.6588096619, -30.7035312653, 15.1386985779, 92.0983963013, 21.7587337494, 13.9807128906], [-107.997032166, -5.00679016113, 65.5042953491, 25.7763805389, 14.1932678223, -2.07376694679, -10.80788517, -26.7147979736, -15.9401330948, 7.10975265503, 21.7587337494, 60.9484443665, 13.1536989212], [-105.681610107, -52.0077362061, 102.707000732, 61.6520690918, -4.68114566803, -8.77839756012, -20.3369979858, -29.7557086945, -4.32216262817, 1.15060126781, 13.9807128906, 13.1536989212, 64.1807022095]]
    },
    "sccoeffs": {
        "kurt": [0.955376625061, 1.45759439468, 0.0870668888092, 1.7406578064, 0.574445486069, 0.304584264755],
        "max": [-0.652148663998, -0.696719527245, -0.587829768658, -0.627870380878, -0.594601750374, -0.59053850174],
        "mean": [-0.780661642551, -0.849871039391, -0.808767676353, -0.814006328583, -0.796189725399, -0.763430058956],
        "median": [-0.784122049809, -0.853882551193, -0.821782767773, -0.817841529846, -0.804843664169, -0.767880380154],
        "min": [-0.958608090878, -0.953286468983, -0.915198862553, -0.914028525352, -0.914265692234, -0.912993252277],
        "skew": [0.192300528288, 0.805494904518, 0.786761939526, 0.919316530228, 0.83476960659, 0.552383720875],
        "var": [0.0015463931486, 0.00134657404851, 0.00464963074774, 0.00143798219506, 0.00236700475216, 0.00247504026629],
        "cov": [[0.00155000621453, 0.000145155543578, 4.80194830743e-05, 3.62554674211e-05, 0.000120575132314, 0.000122037788969], [0.000145155543578, 0.001349720289, 0.000490942387842, 0.000134338726639, 0.000280066160485, 0.000170012412127], [4.80194830743e-05, 0.000490942387842, 0.00466049415991, 0.000250245211646, 0.00179885386024, 0.000545456190594], [3.62554674211e-05, 0.000134338726639, 0.000250245211646, 0.00144134194124, 0.000384491286241, 0.000303493958199], [0.000120575132314, 0.000280066160485, 0.00179885386024, 0.000384491286241, 0.00237253494561, 0.000265113194473], [0.000122037788969, 0.000170012412127, 0.000545456190594, 0.000303493958199, 0.000265113194473, 0.00248082308099]]
    },
    "scvalleys": {
        "kurt": [13.5824661255, 26.7348403931, 3.7673573494, 7.73090934753, 36.1846885681, 4.51661109924],
        "max": [-8.37226581573, -7.52586650848, -5.95067119598, -5.98583984375, -6.01864480972, -7.9330329895],
        "mean": [-9.20903587341, -8.47835159302, -8.04792118073, -7.58432149887, -7.50633001328, -10.4063682556],
        "median": [-9.15500354767, -8.44776725769, -8.1313791275, -7.58201408386, -7.52650547028, -10.3889551163],
        "min": [-12.9600563049, -12.9379882812, -14.0069217682, -13.8090286255, -13.2737731934, -14.7596197128],
        "skew": [-2.06130719185, -2.93116545677, -0.57725507021, -1.09842419624, -2.90905380249, -0.54538577795],
        "var": [0.180990964174, 0.184687897563, 0.760235846043, 0.613762557507, 0.262279480696, 0.427724272013],
        "cov": [[0.181413844228, 0.055515896529, 0.068100489676, 0.061434764415, 0.0511869676411, 0.0316014103591], [0.055515896529, 0.18511942029, 0.0934588238597, 0.0782334282994, 0.0666807517409, 0.0545883886516], [0.068100489676, 0.0934588238597, 0.762012064457, 0.553236722946, 0.222327113152, 0.0189435146749], [0.061434764415, 0.0782334282994, 0.553236722946, 0.615196585655, 0.239928051829, 0.013274691999], [0.0511869676411, 0.0666807517409, 0.222327113152, 0.239928051829, 0.262892276049, 0.113835126162], [0.0316014103591, 0.0545883886516, 0.0189435146749, 0.013274691999, 0.113835126162, 0.428723633289]]
    }
},
"rhythm": {
    "beats_loudness": {
        "kurt": 0.667243003845,
        "max": 0.00441612675786,
        "mean": 0.00140780350193,
        "median": 0.0016191721661,
        "min": 0.00012473174138,
        "skew": 0.971299052238,
        "var": 1.39035137181e-06
    },
    "bpm": 85.0851821899,
    "confidence": 2.14532542229,
    "first_peak_bpm": {
        "kurt": 0,
        "max": 86,
        "mean": 86,
        "median": 86,
        "min": 86,
        "skew": 0,
        "var": 0
    },
    "first_peak_spread": {
        "kurt": 0,
        "max": 0.400000035763,
        "mean": 0.400000035763,
        "median": 0.400000035763,
        "min": 0.400000035763,
        "skew": 0,
        "var": 0
    },
    "first_peak_weight": {
        "kurt": 0,
        "max": 0.5,
        "mean": 0.5,
        "median": 0.5,
        "min": 0.5,
        "skew": 0,
        "var": 0
    },
    "onset_rate": 5.24373340607,
    "second_peak_bpm": {
        "kurt": 0,
        "max": 74,
        "mean": 74,
        "median": 74,
        "min": 74,
        "skew": 0,
        "var": 0
    },
    "second_peak_spread": {
        "kurt": 0,
        "max": 0,
        "mean": 0,
        "median": 0,
        "min": 0,
        "skew": 0,
        "var": 0
    },
    "second_peak_weight": {
        "kurt": 0,
        "max": 0.166666671634,
        "mean": 0.166666671634,
        "median": 0.166666671634,
        "min": 0.166666671634,
        "skew": 0,
        "var": 0
    },
    "beats_loudness_band_ratio": {
        "kurt": [3.44247770309, 1.85515451431, 2.56880950928, -1.5635972023, -0.258109092712, 0.198384046555],
        "max": [0.0300282295793, 0.0332444496453, 0.0765739232302, 0.404977113008, 0.715517997742, 0.708286583424],
        "mean": [0.00587035296485, 0.00935418065637, 0.0223242845386, 0.195994615555, 0.505046486855, 0.277384251356],
        "median": [0.00252827396616, 0.00854835659266, 0.0206581521779, 0.224715709686, 0.530639648438, 0.251131802797],
        "min": [0.000549074145965, 0.000794822582975, 0.00115803524386, 0.0119061134756, 0.214638084173, 0.0638348981738],
        "skew": [2.05008387566, 1.46682870388, 1.68715119362, 0.0244477316737, -0.553172588348, 1.12751626968],
        "var": [6.44561514491e-05, 7.40333052818e-05, 0.000355710915755, 0.017789689824, 0.0187971722335, 0.0388012863696],
        "cov": [[6.98275034665e-05, 6.93382535246e-05, 4.66925303044e-06, -0.000514738610946, -0.000522931513842, 0.000893602380529], [6.93382535246e-05, 8.02027425379e-05, -1.42823582792e-05, -0.000512121012434, -0.000577695434913, 0.000938813725952], [4.66925303044e-06, -1.42823582792e-05, 0.000385353487218, 0.00122079171706, 0.000171100124135, -0.00166805728804], [-0.000514738610946, -0.000512121012434, 0.00122079171706, 0.0192721635103, 0.00241288659163, -0.0219522994012], [-0.000522931513842, -0.000577695434913, 0.000171100124135, 0.00241288659163, 0.0203636046499, -0.0209879949689], [0.000893602380529, 0.000938813725952, -0.00166805728804, -0.0219522994012, -0.0209879949689, 0.0420347265899]]
    },
    "beats_position": [0.766258478165, 1.57895684242, 2.39165520668, 3.11147379875, 3.8196823597, 4.52789115906, 5.22448968887, 5.94430828094, 6.64090681076, 7.33750534058, 8.01088428497, 8.70748329163, 9.38086128235],
    "bpm_estimates": [83.3543319702, 84.7208023071, 84.7207794189, 86.1328277588, 83.3543319702, 86.1328277588, 86.1328277588, 86.1327667236],
    "bpm_intervals": [0.812698364258, 0.812698364258, 0.719818592072, 0.708208560944, 0.708208799362, 0.696598529816, 0.719818592072, 0.696598529816, 0.696598529816, 0.673378944397, 0.696599006653, 0.673377990723],
    "onset_times": [0.0116099771112, 0.174149662256, 0.31346938014, 0.49922901392, 0.557278931141, 0.801088452339, 0.952018141747, 1.03328800201, 1.27709746361, 1.54412698746, 1.78793644905, 1.97369611263, 2.31038546562, 2.41487526894, 2.75156474113, 2.80961441994, 2.97215414047, 3.23918366432, 3.50621318817, 3.86612248421, 3.9125623703, 4.01705217361, 4.17959165573, 4.3073015213, 4.53950119019, 4.80653047562, 4.99229001999, 5.10838985443, 5.14321994781, 5.31736946106, 5.46829938889, 5.5727891922, 5.66566896439, 5.89786863327, 6.025578022, 6.24616765976, 6.54802703857, 6.62929725647, 6.90793657303, 7.08208608627, 7.14013624191, 7.2910656929, 7.37233543396, 7.66258525848, 7.8831744194, 7.99927425385, 8.27791404724, 8.51011371613, 8.74231338501, 9.4853515625, 9.55501174927, 9.74077129364],
    "histogram": [[0, 0, 0, 0, 0, 0, 0, 0, 0, 0, 0, 0, 0, 0, 0, 0, 0, 0, 0, 0, 0, 0, 0, 0, 0, 0, 0, 0, 0, 0, 0, 0, 0, 0, 0, 0, 0, 0, 0, 0, 0, 0, 0, 0, 0, 0, 0, 0, 0, 0, 0, 0, 0, 0, 0, 0, 0, 0, 0, 0, 0, 0, 0, 0, 0, 0, 0, 0, 0, 0, 0, 0, 0, 0, 0.166666671634, 0, 0, 0, 0, 0, 0, 0, 0, 0.166666671634, 0, 0.166666671634, 0.333333343267, 0, 0, 0.166666671634, 0, 0, 0, 0, 0, 0, 0, 0, 0, 0, 0, 0, 0, 0, 0, 0, 0, 0, 0, 0, 0, 0, 0, 0, 0, 0, 0, 0, 0, 0, 0, 0, 0, 0, 0, 0, 0, 0, 0, 0, 0, 0, 0, 0, 0, 0, 0, 0, 0, 0, 0, 0, 0, 0, 0, 0, 0, 0, 0, 0, 0, 0, 0, 0, 0, 0, 0, 0, 0, 0, 0, 0, 0, 0, 0, 0, 0, 0, 0, 0, 0, 0, 0, 0, 0, 0, 0, 0, 0, 0, 0, 0, 0, 0, 0, 0, 0, 0, 0, 0, 0, 0, 0, 0, 0, 0, 0, 0, 0, 0, 0, 0, 0, 0, 0, 0, 0, 0, 0, 0, 0, 0, 0, 0, 0, 0, 0, 0, 0, 0, 0, 0, 0, 0, 0, 0, 0, 0, 0, 0, 0, 0, 0, 0, 0, 0, 0, 0, 0, 0, 0, 0, 0, 0, 0, 0, 0, 0, 0, 0]]
},
"sfx": {
    "inharmonicity": {
        "kurt": 5.80817127228,
        "max": 0.401184111834,
        "mean": 0.0400500968099,
        "median": 0.000192329302081,
        "min": 0,
        "skew": 2.50942420959,
        "var": 0.00676692742854
    },
    "oddtoevenharmonicenergyratio": {
        "kurt": 81.177230835,
        "max": 38.7923278809,
        "mean": 0.854972779751,
        "median": 0.00335501227528,
        "min": 0,
        "skew": 7.74370718002,
        "var": 8.31568431854
    },
    "pitch_after_max_to_before_max_energy_ratio": 0.439277201891,
    "pitch_centroid": 221.546539307,
    "pitch_max_to_total": 0.71794873476,
    "pitch_min_to_total": 0.114219114184,
    "tristimulus": {
        "kurt": [-1.29794752598, -0.417763233185, 3.73443746567],
        "max": [1, 0.963045537472, 0.993580341339],
        "mean": [0.672088682652, 0.21794231236, 0.109969139099],
        "median": [0.945248842239, 0.0473209582269, 0],
        "min": [0, 0, 0],
        "skew": [-0.664620578289, 0.997027635574, 2.24482393265],
        "var": [0.158269226551, 0.0798395723104, 0.0602486133575],
        "cov": [[0.158639013767, -0.0891378000379, -0.0695013850927], [-0.0891378000379, 0.0800261124969, 0.00911170057952], [-0.0695013850927, 0.00911170057952, 0.0603893809021]]
    }
},
"tonal": {
    "chords_changes_rate": 0.0930232554674,
    "chords_number_rate": 0.037209302187,
    "chords_strength": {
        "kurt": 0.953322649002,
        "max": 0.728104829788,
        "mean": 0.531292676926,
        "median": 0.533905446529,
        "min": 0.262653529644,
        "skew": -0.540596187115,
        "var": 0.00856870692223
    },
    "key_strength": 0.714215636253,
    "tuning_diatonic_strength": 0.646437168121,
    "tuning_equal_tempered_deviation": 0.236469343305,
    "tuning_frequency": 455.779724121,
    "tuning_nontempered_energy_ratio": 0.90129840374,
    "hpcp": {
        "kurt": [-0.883358001709, 0.152553319931, 0.263033390045, 0.0316863059998, -0.255431652069, -0.419400453568, -0.56777215004, -0.292163848877, 0.571296215057, 0.280170440674, -0.216125965118, -0.407632350922, -0.398925304413, 0.116612195969, -0.168365478516, 1.05086612701, 1.0952038765, 1.8868932724, 0.7673869133, 0.416463851929, -0.223461389542, -0.560279607773, -0.385464906693, 0.199198246002, 0.217791795731, -0.159774780273, -0.55597782135, -0.799016475677, -0.940278768539, -0.0461568832397, 0.786872625351, 1.56331968307, 1.61491966248, 0.285733938217, -0.777093172073, -1.19122385979],
        "max": [1, 1, 1, 1, 1, 1, 1, 1, 1, 1, 1, 1, 1, 1, 1, 1, 1, 1, 1, 1, 1, 1, 1, 1, 1, 1, 1, 1, 1, 1, 1, 1, 1, 1, 1, 1],
