{
"metadata": {
    "version": {
        "essentia": "2.1-beta3"
    }
},
"lowLevel": {
    "average_loudness": 0.513627171516,
    "barkbands_kurtosis": {
        "kurt": 10.5825986862,
        "max": 63.9577865601,
        "mean": 3.71637940407,
        "median": 0.0709507465363,
        "min": -1.90872609615,
        "skew": 2.89665150642,
        "var": 72.9485931396
    },
    "barkbands_skewness": {
        "kurt": 0.400411844254,
        "max": 7.19678878784,
        "mean": 1.18628156185,
        "median": 0.871970891953,
        "min": -2.8414785862,
        "skew": 0.697907686234,
        "var": 2.57508659363
    },
    "barkbands_spread": {
        "kurt": -1.02589130402,
        "max": 43.4896087646,
        "mean": 16.3399429321,
        "median": 15.9393529892,
        "min": 0.93392509222,
        "skew": 0.325982868671,
        "var": 108.531944275
    },
    "dissonance": {
        "kurt": 2.12317991257,
        "max": 0.500000119209,
        "mean": 0.459449052811,
        "median": 0.478516459465,
        "min": 0.238415896893,
        "skew": -1.62787163258,
        "var": 0.00212551583536
    },
    "hfc": {
        "kurt": 46.8801231384,
        "max": 235.545318604,
        "mean": 5.09729099274,
        "median": 0.00567890191451,
        "min": 8.70930853125e-06,
        "skew": 6.04112052917,
        "var": 372.600616455
    },
    "pitch": {
        "kurt": 1.29395627975,
        "max": 4301.07714844,
        "mean": 1054.5,
        "median": 616.116638184,
        "min": 81.4433822632,
        "skew": 1.74450683594,
        "var": 1350360.375
    },
    "pitch_instantaneous_confidence": {
        "kurt": -0.956847667694,
        "max": 0.983904242516,
        "mean": 0.516669631004,
        "median": 0.478499174118,
        "min": 0.132074475288,
        "skew": 0.401272147894,
        "var": 0.0428568199277
    },
    "pitch_salience": {
        "kurt": 1.05921649933,
        "max": 0.929921388626,
        "mean": 0.630889832973,
        "median": 0.665801048279,
        "min": 0.117476657033,
        "skew": -1.23009705544,
        "var": 0.0206749234349
    },
    "silence_rate_20dB": {
        "kurt": 0,
        "max": 1,
        "mean": 1,
        "median": 1,
        "min": 1,
        "skew": 0,
        "var": 0
    },
    "silence_rate_30dB": {
        "kurt": 116.719314575,
        "max": 1,
        "mean": 0.99178403616,
        "median": 1,
        "min": 0,
        "skew": -10.895863533,
        "var": 0.00814856868237
    },
    "silence_rate_60dB": {
        "kurt": 1.78302097321,
        "max": 1,
        "mean": 0.848591566086,
        "median": 1,
        "min": 0,
        "skew": -1.94497776031,
        "var": 0.128485098481
    },
    "spectral_centroid": {
        "kurt": -0.121163129807,
        "max": 3596.75927734,
        "mean": 1369.10437012,
        "median": 1210.84472656,
        "min": 581.231933594,
        "skew": 0.810987651348,
        "var": 365313.8125
    },
    "spectral_complexity": {
        "kurt": 17.3604927063,
        "max": 52,
        "mean": 2.44718313217,
        "median": 0,
        "min": 0,
        "skew": 3.76789188385,
        "var": 38.3994865417
    },
    "spectral_crest": {
        "kurt": -0.439127206802,
        "max": 25.2528018951,
        "mean": 10.8909034729,
        "median": 9.59508895874,
        "min": 2.82244801521,
        "skew": 0.720497846603,
        "var": 30.8288726807
    },
    "spectral_decrease": {
        "kurt": 30.9182739258,
        "max": -1.39060564736e-15,
        "mean": -1.42681133575e-09,
        "median": -9.85098721346e-13,
        "min": -5.14131350826e-08,
        "skew": -5.17322397232,
        "var": 2.72799864681e-17
    },
    "spectral_energy": {
        "kurt": 31.7928390503,
        "max": 0.215409874916,
        "mean": 0.00584745779634,
        "median": 4.27982104156e-06,
        "min": 6.0384262035e-09,
        "skew": 5.2226729393,
        "var": 0.00045944165322
    },
    "spectral_energyband_high": {
        "kurt": 127.516967773,
        "max": 0.00467094732448,
        "mean": 5.19025452377e-05,
        "median": 1.48236892983e-07,
        "min": 2.85125867361e-10,
        "skew": 9.75756454468,
        "var": 7.08821161766e-08
    },
    "spectral_energyband_low": {
        "kurt": 159.400863647,
        "max": 8.12073340057e-05,
        "mean": 6.82422353293e-07,
        "median": 2.08232897592e-09,
        "min": 3.60388871523e-11,
        "skew": 11.7363176346,
        "var": 2.32815919321e-11
    },
    "spectral_energyband_middle_high": {
        "kurt": 82.0703353882,
        "max": 0.0633689984679,
        "mean": 0.0010657182429,
        "median": 1.45807916851e-06,
        "min": 2.35675479132e-09,
        "skew": 7.98905181885,
        "var": 2.01293150894e-05
    },
    "spectral_energyband_middle_low": {
        "kurt": 29.4952087402,
        "max": 0.163827717304,
        "mean": 0.00481956265867,
        "median": 2.09484642255e-06,
        "min": 3.34933902835e-09,
        "skew": 5.15735340118,
        "var": 0.000334868091159
    },
    "spectral_flatness_db": {
        "kurt": 0.0338127613068,
        "max": 0.547787487507,
        "mean": 0.336168050766,
        "median": 0.323433220387,
        "min": 0.07746745646,
        "skew": 0.429296851158,
        "var": 0.00494174379855
    },
    "spectral_flux": {
        "kurt": 9.12933731079,
        "max": 0.358225882053,
        "mean": 0.0274101216346,
        "median": 0.00179594522342,
        "min": 0.000113574162242,
        "skew": 3.01642298698,
        "var": 0.00385511247441
    },
    "spectral_kurtosis": {
        "kurt": 1.89728879929,
        "max": 70.3007736206,
        "mean": 10.8562059402,
        "median": 7.30282497406,
        "min": -1.33507502079,
        "skew": 1.39570891857,
        "var": 118.834526062
    },
    "spectral_rms": {
        "kurt": 10.6207084656,
        "max": 0.0144967576489,
        "mean": 0.000946482992731,
        "median": 6.46174303256e-05,
        "min": 2.42716851062e-06,
        "skew": 3.21086549759,
        "var": 4.809017355e-06
    },
    "spectral_rolloff": {
        "kurt": -1.52568650246,
        "max": 4500.43945312,
        "mean": 2296.69677734,
        "median": 2390.18554688,
        "min": 538.330078125,
        "skew": 0.0403328277171,
        "var": 1566195.25
    },
    "spectral_skewness": {
        "kurt": 0.017963886261,
        "max": 6.21842479706,
        "mean": 1.53564178944,
        "median": 1.29660344124,
        "min": -0.4035551548,
        "skew": 0.789373278618,
        "var": 1.29722893238
    },
    "spectral_spread": {
        "kurt": 196.879806519,
        "max": 14394899,
        "mean": 1968823.25,
        "median": 1959809.25,
        "min": 1024649.5625,
        "skew": 10.6960172653,
        "var": 385152745472
    },
    "spectral_strongpeak": {
        "kurt": 23.000415802,
        "max": 10.260643959,
        "mean": 0.397883445024,
        "median": 0.0226594712585,
        "min": 0.000186267046956,
        "skew": 4.4640750885,
        "var": 1.2807611227
    },
    "zerocrossingrate": {
        "kurt": -1.03253376484,
        "max": 0.158203125,
        "mean": 0.0747534558177,
        "median": 0.07373046875,
        "min": 0.02197265625,
        "skew": 0.284438073635,
        "var": 0.000978474854492
    },
    "barkbands": {
        "kurt": [141.178970337, 141.273101807, 132.353286743, 551.729492188, 258.905517578, 284.845397949, 122.130912781, 163.872161865, 41.4602890015, 368.976837158, 658.188598633, 283.661956787, 86.4295578003, 122.14680481, 179.06111145, 395.420898438, 130.135772705, 352.001434326, 124.074378967, 71.7656707764, 203.747329712, 720.866516113, 712.453918457, 356.548034668, 307.208892822, 44.3027954102, 44.0382080078],
        "max": [2.46741564069e-07, 1.22886640384e-05, 2.97272217722e-05, 0.000141627067933, 0.000439315510448, 0.00382313365117, 0.00677892565727, 0.104842245579, 0.156139105558, 0.0559995770454, 0.0352987460792, 0.0122507400811, 0.00751453544945, 0.0106481797993, 0.0154782542959, 0.0202033091336, 0.00393417989835, 0.00654793903232, 0.00788659323007, 0.00353927980177, 0.00233818474226, 5.51236212232e-07, 1.11632900257e-07, 3.25464348805e-08, 2.38888517856e-08, 6.18992279655e-09, 6.50049836182e-09],
        "mean": [2.51568765819e-09, 1.14578512012e-07, 3.01042291539e-07, 5.52848007374e-07, 3.10878226628e-06, 2.37823514908e-05, 8.0257319496e-05, 0.00103253312409, 0.00346853560768, 0.000279184721876, 0.000105674800579, 0.00010951646982, 0.000103763195511, 0.000140547912451, 0.000152611450176, 0.000104895501863, 4.21218828706e-05, 3.72567083105e-05, 8.19419074105e-05, 6.12353614997e-05, 1.95224092749e-05, 1.11703779559e-09, 3.22298104871e-10, 2.06044167839e-10, 1.79229214803e-10, 1.44167053295e-10, 1.50722045955e-10],
        "median": [5.29309452171e-12, 1.87756879488e-10, 6.63584742711e-10, 2.7409594594e-09, 4.27302637718e-08, 3.79540807671e-08, 1.5729293068e-07, 4.81630479499e-07, 9.45463511925e-07, 7.01662656866e-08, 8.29010389225e-08, 8.44118446253e-08, 6.64194743649e-08, 1.13357913278e-07, 9.58091277425e-08, 1.12042719991e-07, 1.04872327711e-07, 1.1301426639e-07, 1.05078129309e-07, 1.85826934285e-07, 4.13744167815e-08, 5.33836213082e-13, 1.51060763833e-13, 1.18945272468e-13, 1.01395359665e-13, 9.39453593043e-14, 8.86106644874e-14],
        "min": [5.30709102966e-14, 3.79596874767e-12, 4.82195186557e-12, 1.21035785561e-11, 2.41834469117e-10, 1.43997577751e-10, 6.19271189883e-10, 3.02157021626e-10, 5.59211121853e-10, 3.20991677683e-10, 1.08516362562e-10, 1.46526651923e-10, 2.05937454589e-11, 6.9920201573e-11, 1.08064536486e-10, 1.12998256585e-10, 5.12665951358e-11, 6.87928658483e-10, 3.93043819713e-10, 2.99356012201e-10, 1.44935910495e-10, 8.79224434415e-15, 9.53217328394e-17, 2.66846563094e-17, 1.12508028031e-17, 4.20599338479e-18, 3.58574730531e-19],
        "skew": [11.3434276581, 10.7647161484, 10.9467897415, 21.9805183411, 14.8488264084, 15.6938848495, 9.94181919098, 10.8783407211, 6.08558130264, 17.5285491943, 24.6868438721, 14.2756175995, 8.27479553223, 10.4130334854, 11.9199924469, 18.0387706757, 10.5586471558, 17.1105575562, 10.1573925018, 7.83790159225, 12.5662288666, 26.3129444122, 25.951215744, 17.2300567627, 15.3770503998, 6.15975618362, 6.10325717926],
        "var": [2.93481113765e-16, 5.64759502185e-13, 4.4899002051e-12, 2.91392084073e-11, 4.48332843073e-10, 3.34311209826e-08, 1.76138399866e-07, 3.02983771689e-05, 0.000235672705458, 5.68749828744e-06, 1.65640165051e-06, 3.02739806557e-07, 2.4980482749e-07, 6.35762148704e-07, 7.55620362725e-07, 7.08135019067e-07, 6.31706029708e-08, 8.046855271e-08, 2.3576829733e-07, 8.6682327094e-08, 1.37677336198e-08, 3.86681604789e-16, 1.5900232825e-17, 1.9922231463e-18, 1.12779241942e-18, 3.45276768208e-19, 3.69899298406e-19],
        "cov": [[2.93825988524e-16, 9.85758139883e-15, 2.80297025824e-14, 6.72163740683e-14, 2.36605873782e-13, 4.0789219875e-13, 8.92498097996e-13, 2.02385660314e-11, 1.46509832044e-10, 2.471455679e-11, 7.55688426331e-13, 3.01545572366e-12, 4.41029331111e-12, 6.63694923672e-12, 6.17034548456e-12, 6.95983288362e-12, 2.8075176732e-12, 3.56939738183e-12, 4.30999159973e-12, 2.54280082233e-12, 1.0809341703e-12, 1.7325466013e-16, 3.63242171583e-17, 1.39204024986e-17, 1.0546442795e-17, 4.53983438103e-18, 4.32739041149e-18], [9.85758139883e-15, 5.65423142335e-13, 1.37182940788e-12, 2.14276231307e-12, 8.66380231446e-12, 1.30947275592e-11, 5.20408195703e-11, 8.34753210999e-10, 6.79913458868e-09, 1.19157628209e-09, 3.53472008607e-11, 1.105511932e-10, 1.73073930188e-10, 3.06537961681e-10, 1.9640419846e-10, 4.25327606468e-10, 1.16373577441e-10, 1.77196535223e-10, 2.31765023839e-10, 1.09876899246e-10, 5.88522633405e-11, 9.52955433748e-15, 1.93415611286e-15, 7.86356112655e-16, 5.65317835811e-16, 2.2093425061e-16, 2.09861875628e-16], [2.80297025824e-14, 1.37182940788e-12, 4.49517636655e-12, 8.87506301089e-12, 2.99193551878e-11, 4.28052281121e-11, 1.62185931352e-10, 2.09150163855e-09, 1.64307447648e-08, 3.30452798458e-09, 1.69626784841e-10, 3.61537327853e-10, 4.82065831697e-10, 1.10112985396e-09, 7.92077903267e-10, 1.0224084912e-09, 3.40164174606e-10, 4.83971474008e-10, 6.29898355697e-10, 3.42841283141e-10, 1.57439727921e-10, 2.43363068955e-14, 4.93263411141e-15, 1.94628181301e-15, 1.41172344929e-15, 5.45094024222e-16, 5.14189391867e-16], [6.72163740683e-14, 2.14276231307e-12, 8.87506301089e-12, 2.91734483793e-11, 9.1294874438e-11, 1.16727558175e-10, 2.66756949863e-10, 4.82986139971e-09, 3.05156184766e-08, 4.78225947731e-09, 4.25613821964e-10, 1.04854380734e-09, 1.06124087296e-09, 2.20593321387e-09, 2.63010635493e-09, 1.3715549807e-09, 8.57923010411e-10, 8.73511873944e-10, 1.21377907725e-09, 8.63596305578e-10, 2.96880992012e-10, 3.44182181941e-14, 6.9878329265e-15, 2.5299086895e-15, 1.92130302316e-15, 7.64086398861e-16, 7.15956716249e-16], [2.36605873782e-13, 8.66380231446e-12, 2.99193551878e-11, 9.1294874438e-11, 4.48859671653e-10, 3.5246913721e-10, 8.14439571339e-10, 1.59222839358e-08, 1.57189646188e-07, 1.67056413147e-08, 1.43899736571e-09, 3.51001649967e-09, 4.45196368659e-09, 6.73481093116e-09, 8.96281981966e-09, 9.08888875273e-09, 3.27364646502e-09, 3.39058847665e-09, 5.2810156248e-09, 3.84853571234e-09, 1.43548140041e-09, 9.36367750373e-14, 1.81452346638e-14, 8.78941864223e-15, 6.31013922958e-15, 3.02376426137e-15, 3.0255580654e-15], [4.0789219875e-13, 1.30947275592e-11, 4.28052281121e-11, 1.16727558175e-10, 3.5246913721e-10, 3.34704068905e-08, 2.57132874992e-08, 3.85375429346e-08, 1.26549707602e-07, 5.31936912296e-08, 2.45669884436e-09, 6.75289157925e-08, 1.35299424997e-08, 1.84950508242e-08, 1.25754828773e-08, 7.86937803809e-09, 1.14177689525e-08, 4.95954477486e-09, 4.51700321591e-09, 8.29392732271e-09, 6.22228357727e-09, 1.6981662116e-13, 4.62919938114e-14, 3.15026122051e-14, 2.8895973342e-14, 2.47634368117e-14, 2.62324206411e-14], [8.92498097996e-13, 5.20408195703e-11, 1.62185931352e-10, 2.66756949863e-10, 8.14439571339e-10, 2.57132874992e-08, 1.76345380964e-07, 5.86993849083e-07, 5.24642643995e-07, 1.20328124353e-07, 1.90101033581e-07, 8.49968841976e-08, 3.88778325089e-08, 3.8472407482e-08, 8.61318625311e-08, 2.04027177375e-08, 2.09036770116e-08, 1.24983134953e-08, 1.86995698925e-08, 3.21800541769e-08, 1.07461586296e-08, 3.21342209569e-13, 1.1707067336e-13, 8.79570261026e-14, 8.21082026155e-14, 7.43493808186e-14, 7.87465727933e-14], [2.02385660314e-11, 8.34753210999e-10, 2.09150163855e-09, 4.82986139971e-09, 1.59222839358e-08, 3.85375429346e-08, 5.86993849083e-07, 3.03339802485e-05, 1.89256279555e-05, 9.48409933699e-07, 2.91579056011e-07, 9.31269710236e-07, 3.74546260673e-07, 6.83177290739e-07, 9.30792964482e-07, 3.48374157966e-07, 3.30879316834e-07, 2.1446952303e-07, 2.72746177643e-07, 2.49574696909e-07, 8.64483382657e-08, 1.81467167681e-12, 9.09767053359e-13, 8.18620941433e-13, 7.63100357643e-13, 7.26156548086e-13, 7.7051461999e-13], [1.46509832044e-10, 6.79913458868e-09, 1.64307447648e-08, 3.05156184766e-08, 1.57189646188e-07, 1.26549707602e-07, 5.24642643995e-07, 1.89256279555e-05, 0.000235949642956, 1.23625050037e-05, 7.17039597475e-07, 1.90817718249e-06, 5.21936090081e-06, 4.6710715651e-06, 5.9958838392e-06, 9.06260629563e-06, 2.70663190349e-06, 2.47134607889e-06, 5.64982747164e-06, 2.90659295388e-06, 1.11341842057e-06, 9.5374062814e-11, 2.01866301452e-11, 9.99501696686e-12, 7.59646859305e-12, 4.27887759946e-12, 4.32581487991e-12], [2.471455679e-11, 1.19157628209e-09, 3.30452798458e-09, 4.78225947731e-09, 1.67056413147e-08, 5.31936912296e-08, 1.20328124353e-07, 9.48409933699e-07, 1.23625050037e-05, 5.69418170926e-06, 2.27151360832e-07, 2.03277167543e-07, 3.1711556403e-07, 1.1983549939e-06, 2.93086543479e-07, 5.34048297141e-07, 1.66226953979e-07, 5.75182127704e-07, 4.60863731178e-07, 2.18308429112e-07, 9.59575245929e-08, 3.77157090281e-11, 7.73152462191e-12, 2.46720916267e-12, 1.83520191231e-12, 5.19853691344e-13, 4.38901790346e-13], [7.55688426331e-13, 3.53472008607e-11, 1.69626784841e-10, 4.25613821964e-10, 1.43899736571e-09, 2.45669884436e-09, 1.90101033581e-07, 2.91579056011e-07, 7.17039597475e-07, 2.27151360832e-07, 1.65834796917e-06, 2.37487647325e-08, 1.09001376813e-07, 6.14338162563e-08, 2.15500250533e-07, 4.53669244393e-08, 2.80444876211e-08, 3.01689873083e-08, 6.92415156323e-08, 1.49302877617e-07, 1.25053629674e-08, 5.44543305846e-13, 1.70667977363e-13, 1.09043281132e-13, 9.75790086753e-14, 8.12875903199e-14, 8.51059267547e-14], [3.01545572366e-12, 1.105511932e-10, 3.61537327853e-10, 1.04854380734e-09, 3.51001649967e-09, 6.75289157925e-08, 8.49968841976e-08, 9.31269710236e-07, 1.90817718249e-06, 2.03277167543e-07, 2.37487647325e-08, 3.03095561094e-07, 9.55156167493e-08, 1.09321319997e-07, 1.27204032196e-07, 6.99142717053e-08, 6.22707929665e-08, 3.51736701987e-08, 5.85507216044e-08, 5.96165961042e-08, 3.07855358983e-08, 8.28566111121e-13, 2.43067420575e-13, 1.79666313294e-13, 1.60452881992e-13, 1.38703366284e-13, 1.46566745828e-13], [4.41029331111e-12, 1.73073930188e-10, 4.82065831697e-10, 1.06124087296e-09, 4.45196368659e-09, 1.35299424997e-08, 3.88778325089e-08, 3.74546260673e-07, 5.21936090081e-06, 3.1711556403e-07, 1.09001376813e-07, 9.55156167493e-08, 2.50098366905e-07, 1.47147190432e-07, 2.11299422403e-07, 1.71038522012e-07, 9.07890935764e-08, 6.19141431457e-08, 1.24467931073e-07, 8.75098891129e-08, 2.86037273867e-08, 2.32078614139e-12, 5.05909441943e-13, 2.54287937278e-13, 1.9852770415e-13, 1.19566208605e-13, 1.21556017747e-13], [6.63694923672e-12, 3.06537961681e-10, 1.10112985396e-09, 2.20593321387e-09, 6.73481093116e-09, 1.84950508242e-08, 3.8472407482e-08, 6.83177290739e-07, 4.6710715651e-06, 1.1983549939e-06, 6.14338162563e-08, 1.09321319997e-07, 1.47147190432e-07, 6.36509241758e-07, 1.99898664732e-07, 1.79374225695e-07, 7.87816745174e-08, 1.40764726098e-07, 1.58845267606e-07, 9.65070441339e-08, 3.45629729281e-08, 7.27635486586e-12, 1.50872120786e-12, 5.2633944295e-13, 3.98641325028e-13, 1.47713167652e-13, 1.3561332233e-13], [6.17034548456e-12, 1.9640419846e-10, 7.92077903267e-10, 2.63010635493e-09, 8.96281981966e-09, 1.25754828773e-08, 8.61318625311e-08, 9.30792964482e-07, 5.9958838392e-06, 2.93086543479e-07, 2.15500250533e-07, 1.27204032196e-07, 2.11299422403e-07, 1.99898664732e-07, 7.56508256927e-07, 2.21803560407e-07, 1.08728748671e-07, 8.20533259116e-08, 2.20757627289e-07, 1.37001435974e-07, 5.40415001637e-08, 1.65611665007e-12, 3.76835417254e-13, 2.34508322049e-13, 1.88520897569e-13, 1.35488395134e-13, 1.40814809357e-13], [6.95983288362e-12, 4.25327606468e-10, 1.0224084912e-09, 1.3715549807e-09, 9.08888875273e-09, 7.86937803809e-09, 2.04027177375e-08, 3.48374157966e-07, 9.06260629563e-06, 5.34048297141e-07, 4.53669244393e-08, 6.99142717053e-08, 1.71038522012e-07, 1.79374225695e-07, 2.21803560407e-07, 7.08967093033e-07, 1.14065613843e-07, 1.40164303275e-07, 2.96775510833e-07, 1.43281994269e-07, 7.52500710632e-08, 5.65846067918e-12, 1.0780704671e-12, 6.1930934556e-13, 4.16111155949e-13, 1.9791399151e-13, 2.00337481522e-13], [2.8075176732e-12, 1.16373577441e-10, 3.40164174606e-10, 8.57923010411e-10, 3.27364646502e-09, 1.14177689525e-08, 2.09036770116e-08, 3.30879316834e-07, 2.70663190349e-06, 1.66226953979e-07, 2.80444876211e-08, 6.22707929665e-08, 9.07890935764e-08, 7.87816745174e-08, 1.08728748671e-07, 1.14065613843e-07, 6.32448333704e-08, 4.02838793434e-08, 7.0896305715e-08, 5.45744498481e-08, 1.99951806223e-08, 1.40444025767e-12, 2.89034909288e-13, 1.48688393954e-13, 1.12455421223e-13, 6.44626428517e-14, 6.55300060092e-14], [3.56939738183e-12, 1.77196535223e-10, 4.83971474008e-10, 8.73511873944e-10, 3.39058847665e-09, 4.95954477486e-09, 1.24983134953e-08, 2.1446952303e-07, 2.47134607889e-06, 5.75182127704e-07, 3.01689873083e-08, 3.51736701987e-08, 6.19141431457e-08, 1.40764726098e-07, 8.20533259116e-08, 1.40164303275e-07, 4.02838793434e-08, 8.05631117373e-08, 9.39359665608e-08, 4.62230573817e-08, 2.15648174873e-08, 4.93034562829e-12, 9.89101921027e-13, 3.44936319091e-13, 2.48361850834e-13, 7.36744243087e-14, 6.44354158246e-14], [4.30999159973e-12, 2.31765023839e-10, 6.29898355697e-10, 1.21377907725e-09, 5.2810156248e-09, 4.51700321591e-09, 1.86995698925e-08, 2.72746177643e-07, 5.64982747164e-06, 4.60863731178e-07, 6.92415156323e-08, 5.85507216044e-08, 1.24467931073e-07, 1.58845267606e-07, 2.20757627289e-07, 2.96775510833e-07, 7.0896305715e-08, 9.39359665608e-08, 2.36045352153e-07, 1.00499256916e-07, 4.59545432818e-08, 4.66612772726e-12, 9.23495546527e-13, 3.99424335837e-13, 2.82082273121e-13, 1.13092308684e-13, 1.0892630927e-13], [2.54280082233e-12, 1.09876899246e-10, 3.42841283141e-10, 8.63596305578e-10, 3.84853571234e-09, 8.29392732271e-09, 3.21800541769e-08, 2.49574696909e-07, 2.90659295388e-06, 2.18308429112e-07, 1.49302877617e-07, 5.96165961042e-08, 8.75098891129e-08, 9.65070441339e-08, 1.37001435974e-07, 1.43281994269e-07, 5.45744498481e-08, 4.62230573817e-08, 1.00499256916e-07, 8.67841833951e-08, 2.30832419845e-08, 1.61308531636e-12, 3.3059292066e-13, 1.69179991197e-13, 1.27038502873e-13, 7.16174827233e-14, 7.26541494068e-14], [1.0809341703e-12, 5.88522633405e-11, 1.57439727921e-10, 2.96880992012e-10, 1.43548140041e-09, 6.22228357727e-09, 1.07461586296e-08, 8.64483382657e-08, 1.11341842057e-06, 9.59575245929e-08, 1.25053629674e-08, 3.07855358983e-08, 2.86037273867e-08, 3.45629729281e-08, 5.40415001637e-08, 7.52500710632e-08, 1.99951806223e-08, 2.15648174873e-08, 4.59545432818e-08, 2.30832419845e-08, 1.37839117897e-08, 9.39484384385e-13, 1.84950145476e-13, 9.37200553166e-14, 6.60191234905e-14, 3.14999660741e-14, 3.15855875526e-14], [1.7325466013e-16, 9.52955433748e-15, 2.43363068955e-14, 3.44182181941e-14, 9.36367750373e-14, 1.6981662116e-13, 3.21342209569e-13, 1.81467167681e-12, 9.5374062814e-11, 3.77157090281e-11, 5.44543305846e-13, 8.28566111121e-13, 2.32078614139e-12, 7.27635486586e-12, 1.65611665007e-12, 5.65846067918e-12, 1.40444025767e-12, 4.93034562829e-12, 4.66612772726e-12, 1.61308531636e-12, 9.39484384385e-13, 3.87135985026e-16, 7.79064773635e-17, 2.49959521996e-17, 1.80085292636e-17, 4.30578610825e-18, 3.43423656161e-18], [3.63242171583e-17, 1.93415611286e-15, 4.93263411141e-15, 6.9878329265e-15, 1.81452346638e-14, 4.62919938114e-14, 1.1707067336e-13, 9.09767053359e-13, 2.01866301452e-11, 7.73152462191e-12, 1.70667977363e-13, 2.43067420575e-13, 5.05909441943e-13, 1.50872120786e-12, 3.76835417254e-13, 1.0780704671e-12, 2.89034909288e-13, 9.89101921027e-13, 9.23495546527e-13, 3.3059292066e-13, 1.84950145476e-13, 7.79064773635e-17, 1.59189155263e-17, 5.2352025222e-18, 3.84231019359e-18, 1.09504144383e-18, 9.32658444965e-19], [1.39204024986e-17, 7.86356112655e-16, 1.94628181301e-15, 2.5299086895e-15, 8.78941864223e-15, 3.15026122051e-14, 8.79570261026e-14, 8.18620941433e-13, 9.99501696686e-12, 2.46720916267e-12, 1.09043281132e-13, 1.79666313294e-13, 2.54287937278e-13, 5.2633944295e-13, 2.34508322049e-13, 6.1930934556e-13, 1.48688393954e-13, 3.44936319091e-13, 3.99424335837e-13, 1.69179991197e-13, 9.37200553166e-14, 2.49959521996e-17, 5.2352025222e-18, 1.99456406744e-18, 1.48598240757e-18, 5.97064704706e-19, 5.6417476278e-19], [1.0546442795e-17, 5.65317835811e-16, 1.41172344929e-15, 1.92130302316e-15, 6.31013922958e-15, 2.8895973342e-14, 8.21082026155e-14, 7.63100357643e-13, 7.59646859305e-12, 1.83520191231e-12, 9.75790086753e-14, 1.60452881992e-13, 1.9852770415e-13, 3.98641325028e-13, 1.88520897569e-13, 4.16111155949e-13, 1.12455421223e-13, 2.48361850834e-13, 2.82082273121e-13, 1.27038502873e-13, 6.60191234905e-14, 1.80085292636e-17, 3.84231019359e-18, 1.48598240757e-18, 1.12911766616e-18, 4.93776367677e-19, 4.73545649544e-19], [4.53983438103e-18, 2.2093425061e-16, 5.45094024222e-16, 7.64086398861e-16, 3.02376426137e-15, 2.47634368117e-14, 7.43493808186e-14, 7.26156548086e-13, 4.27887759946e-12, 5.19853691344e-13, 8.12875903199e-14, 1.38703366284e-13, 1.19566208605e-13, 1.47713167652e-13, 1.35488395134e-13, 1.9791399151e-13, 6.44626428517e-14, 7.36744243087e-14, 1.13092308684e-13, 7.16174827233e-14, 3.14999660741e-14, 4.30578610825e-18, 1.09504144383e-18, 5.97064704706e-19, 4.93776367677e-19, 3.45682500299e-19, 3.5628020906e-19], [4.32739041149e-18, 2.09861875628e-16, 5.14189391867e-16, 7.15956716249e-16, 3.0255580654e-15, 2.62324206411e-14, 7.87465727933e-14, 7.7051461999e-13, 4.32581487991e-12, 4.38901790346e-13, 8.51059267547e-14, 1.46566745828e-13, 1.21556017747e-13, 1.3561332233e-13, 1.40814809357e-13, 2.00337481522e-13, 6.55300060092e-14, 6.44354158246e-14, 1.0892630927e-13, 7.26541494068e-14, 3.15855875526e-14, 3.43423656161e-18, 9.32658444965e-19, 5.6417476278e-19, 4.73545649544e-19, 3.5628020906e-19, 3.70333955968e-19]]
    },
    "mfcc": {
        "kurt": [-0.216116428375, -0.778385639191, -0.234302043915, -0.570170402527, -0.980838060379, -0.833375453949, 1.44580841064, -0.157986879349, 1.42924022675, 0.812678575516, 0.675047159195, 1.63414764404, 1.76021242142],
        "max": [-636.626281738, 201.533813477, 26.0916481018, 43.4566230774, 16.8417663574, 4.6305770874, 33.8218002319, 15.4101963043, 44.8163719177, 69.0585021973, 27.5173301697, 51.5230865479, 28.6800041199],
        "mean": [-1008.41430664, 63.0569572449, -44.3209915161, -14.3396606445, -26.7841262817, -30.5048065186, -7.84884119034, -15.4871225357, 1.59223735332, 11.972202301, -0.314002275467, 4.89719486237, -1.96203517914],
        "median": [-1055.07080078, 46.1690788269, -24.7988700867, -10.6612510681, -21.5486717224, -28.6722984314, -7.35841751099, -9.41380691528, 1.15018463135, 10.2821140289, 1.26681900024, 3.27351760864, -0.97762298584],
        "min": [-1138.42004395, -2.82738113403, -184.329742432, -71.345954895, -84.7569122314, -83.224822998, -47.9306106567, -69.2856750488, -33.1306991577, -27.8139648438, -44.4454841614, -23.1466445923, -38.9058952332],
        "skew": [0.952799141407, 0.617548763752, -0.98800945282, -0.318787992001, -0.432356089354, -0.351582109928, -0.0269643217325, -0.927122592926, 0.274971574545, 0.725285470486, -0.658897638321, 0.845246136189, -0.590349316597],
        "var": [15887.5537109, 2710.26464844, 2826.78393555, 479.388519287, 539.63293457, 386.410003662, 128.379562378, 316.955963135, 87.7476272583, 181.766357422, 137.000701904, 101.517868042, 92.3756027222],
        "cov": [[15906.2236328, 6352.23144531, -6458.95410156, -818.615478516, -2269.05029297, -2179.29394531, 338.264953613, -1772.06335449, 217.679336548, 984.184387207, -520.977844238, 532.405578613, -319.584228516], [6352.23144531, 2713.44946289, -2443.88598633, -455.331573486, -960.327270508, -888.630065918, 49.3454856873, -736.530944824, 75.7422866821, 378.424102783, -209.769927979, 224.316238403, -122.665718079], [-6458.95410156, -2443.88598633, 2830.10571289, 407.874084473, 950.39239502, 886.436828613, -193.330490112, 691.322265625, -101.875320435, -447.201568604, 171.959686279, -226.940917969, 99.7795028687], [-818.615478516, -455.331573486, 407.874084473, 479.951843262, 354.572998047, 154.837936401, 52.2690353394, 129.79246521, -15.0378198624, -113.119934082, -35.6838874817, -82.4095306396, -54.84116745], [-2269.05029297, -960.327270508, 950.39239502, 354.572998047, 540.267028809, 376.516693115, -30.4752044678, 293.151672363, -25.2410240173, -191.0131073, 41.2685432434, -112.469825745, -5.16961240768], [-2179.29394531, -888.630065918, 886.436828613, 154.837936401, 376.516693115, 386.864044189, -9.54004859924, 240.749298096, -17.1676216125, -148.892990112, 52.4136772156, -82.1556091309, 28.3164958954], [338.264953613, 49.3454856873, -193.330490112, 52.2690353394, -30.4752044678, -9.54004859924, 128.530426025, 26.2688541412, 12.3056697845, 49.1287879944, 14.0595245361, -4.03130197525, -7.23903656006], [-1772.06335449, -736.530944824, 691.322265625, 129.79246521, 293.151672363, 240.749298096, 26.2688541412, 317.328399658, 19.5306358337, -81.0246963501, 119.998420715, -61.0615081787, 17.9358997345], [217.679336548, 75.7422866821, -101.875320435, -15.0378198624, -25.2410240173, -17.1676216125, 12.3056697845, 19.5306358337, 87.8507385254, 73.7228240967, 25.849489212, 21.4159412384, -20.4681758881], [984.184387207, 378.424102783, -447.201568604, -113.119934082, -191.0131073, -148.892990112, 49.1287879944, -81.0246963501, 73.7228240967, 181.979949951, 43.2101173401, 44.0615310669, -8.8720407486], [-520.977844238, -209.769927979, 171.959686279, -35.6838874817, 41.2685432434, 52.4136772156, 14.0595245361, 119.998420715, 25.849489212, 43.2101173401, 137.161682129, 29.5556106567, 17.7487735748], [532.405578613, 224.316238403, -226.940917969, -82.4095306396, -112.469825745, -82.1556091309, -4.03130197525, -61.0615081787, 21.4159412384, 44.0615310669, 29.5556106567, 101.637161255, 32.5432510376], [-319.584228516, -122.665718079, 99.7795028687, -54.84116745, -5.16961240768, 28.3164958954, -7.23903656006, 17.9358997345, -20.4681758881, -8.8720407486, 17.7487735748, 32.5432510376, 92.4841537476]]
    },
    "sccoeffs": {
        "kurt": [1.06186294556, 0.364590644836, 3.44662189484, 2.77347660065, 2.17147827148, 1.13744497299],
        "max": [-0.422567844391, -0.172404259443, -0.278922408819, -0.542465567589, -0.602661669254, -0.38241648674],
        "mean": [-0.744845092297, -0.739890635014, -0.799100518227, -0.843700647354, -0.850476980209, -0.677360713482],
        "median": [-0.76582467556, -0.792287826538, -0.832925796509, -0.866390109062, -0.86712884903, -0.677420973778],
        "min": [-0.978715240955, -0.957377374172, -0.953785836697, -0.926444172859, -0.920408725739, -0.915102303028],
        "skew": [1.01600062847, 1.02747321129, 1.70128011703, 1.63246238232, 1.37664973736, 0.183419123292],
        "var": [0.00709412060678, 0.0229852553457, 0.012060993351, 0.00434405496344, 0.00243120966479, 0.00377508322708],
        "cov": [[0.00710245687515, 0.00321244006045, 0.00253474409692, 0.00118908239529, 0.00181608926505, 2.12843824556e-05], [0.00321244006045, 0.0230122637004, 0.0123033626005, 0.00782001949847, 0.00464467098936, -3.3094718674e-05], [0.00253474409692, 0.0123033626005, 0.012075166218, 0.00571236852556, 0.00386431463994, 0.000616631819867], [0.00118908239529, 0.00782001949847, 0.00571236852556, 0.00434915954247, 0.00232886872254, 0.000450941850431], [0.00181608926505, 0.00464467098936, 0.00386431463994, 0.00232886872254, 0.00243406649679, 0.000298290018691], [2.12843824556e-05, -3.3094718674e-05, 0.000616631819867, 0.000450941850431, 0.000298290018691, 0.00377951911651]]
    },
    "scvalleys": {
        "kurt": [1.41850948334, -0.659720182419, -0.756040334702, -0.603637933731, 0.21426653862, -0.683169841766],
        "max": [-6.78545951843, -4.49080467224, -5.15201187134, -5.1031794548, -5.3152961731, -11.3095846176],
        "mean": [-11.93318367, -9.37319469452, -9.53866672516, -9.83676433563, -10.1535320282, -16.7837944031],
        "median": [-12.3049030304, -9.90057468414, -9.93029403687, -10.2719249725, -10.6000261307, -17.2180976868],
        "min": [-14.0761241913, -12.3423070908, -12.7366771698, -13.5644464493, -13.4065170288, -22.1115875244],
        "skew": [1.3436101675, 0.602263748646, 0.576600432396, 0.62479698658, 0.998921632767, 0.411942899227],
        "var": [1.80032217503, 2.70008969307, 3.45680189133, 3.4715692997, 2.1932861805, 4.82706642151],
        "cov": [[1.80243778229, 1.64476191998, 1.79292714596, 1.8550568819, 1.62681400776, 1.95909440517], [1.64476191998, 2.7032623291, 2.86519360542, 2.882345438, 2.20066070557, 3.07231378555], [1.79292714596, 2.86519360542, 3.46086406708, 3.35247087479, 2.55951905251, 3.55408906937], [1.8550568819, 2.882345438, 3.35247087479, 3.47564888, 2.63195681572, 3.61741161346], [1.62681400776, 2.20066070557, 2.55951905251, 2.63195681572, 2.19586348534, 2.77276992798], [1.95909440517, 3.07231378555, 3.55408906937, 3.61741161346, 2.77276992798, 4.83273887634]]
    }
},
"rhythm": {
    "beats_loudness": {
        "kurt": 4.49497127533,
        "max": 0.173816308379,
        "mean": 0.0259383674711,
        "median": 0.00564885791391,
        "min": 7.19798265436e-08,
        "skew": 2.09357738495,
        "var": 0.00148958154023
    },
    "bpm": 107.257354736,
    "confidence": 1.9917910099,
    "first_peak_bpm": {
        "kurt": 0,
        "max": 105,
        "mean": 105,
        "median": 105,
        "min": 105,
        "skew": 0,
        "var": 0
    },
    "first_peak_spread": {
        "kurt": 0,
        "max": 0.545454502106,
        "mean": 0.545454502106,
        "median": 0.545454502106,
        "min": 0.545454502106,
        "skew": 0,
        "var": 0
    },
    "first_peak_weight": {
        "kurt": 0,
        "max": 0.142857149243,
        "mean": 0.142857149243,
        "median": 0.142857149243,
        "min": 0.142857149243,
        "skew": 0,
        "var": 0
    },
    "onset_rate": 1.41785013676,
    "second_peak_bpm": {
        "kurt": 0,
        "max": 112,
        "mean": 112,
        "median": 112,
        "min": 112,
        "skew": 0,
        "var": 0
    },
    "second_peak_spread": {
        "kurt": 0,
        "max": 0.642857193947,
        "mean": 0.642857193947,
        "median": 0.642857193947,
        "min": 0.642857193947,
        "skew": 0,
        "var": 0
    },
    "second_peak_weight": {
        "kurt": 0,
        "max": 0.142857149243,
        "mean": 0.142857149243,
        "median": 0.142857149243,
        "min": 0.142857149243,
        "skew": 0,
        "var": 0
    },
    "beats_loudness_band_ratio": {
        "kurt": [17.0723781586, 3.28323554993, -0.0575988292694, 4.09776687622, 0.436269521713, 3.61920881271],
        "max": [0.182871162891, 0.271859884262, 0.953171432018, 0.560924351215, 0.312503963709, 0.382254511118],
        "mean": [0.0120447073132, 0.040694758296, 0.699321627617, 0.120897874236, 0.0941380336881, 0.0578554421663],
        "median": [0.000511686957907, 0.00478941900656, 0.791409850121, 0.0917255282402, 0.0563025660813, 0.0185982920229],
        "min": [7.70261976868e-06, 3.13399868901e-05, 0.142575532198, 0.0083447303623, 0.0101313367486, 0.00123376550619],
        "skew": [4.04143190384, 2.10811948776, -1.01244866848, 1.89040517807, 1.30552434921, 2.08091664314],
        "var": [0.00109773338772, 0.00498159555718, 0.0497170239687, 0.0133612146601, 0.00726664066315, 0.00792373344302],
        "cov": [[0.00112909718882, 0.00150814047083, -0.00384054612368, -0.000554682279471, 0.000967427331489, 0.00103855482303], [0.00150814047083, 0.00512392679229, -0.0113165574148, -0.00191922427621, 0.00340866460465, 0.00390619249083], [-0.00384054612368, -0.0113165574148, 0.0511375106871, -0.00742353266105, -0.0164499487728, -0.0157148651779], [-0.000554682279471, -0.00191922427621, -0.00742353266105, 0.0137429637834, 0.000700830481946, -0.00174432841595], [0.000967427331489, 0.00340866460465, -0.0164499487728, 0.000700830481946, 0.00747425900772, 0.00490652862936], [0.00103855482303, 0.00390619249083, -0.0157148651779, -0.00174432841595, 0.00490652862936, 0.00815012585372]]
    },
    "beats_position": [0.557278871536, 1.1261677742, 1.69505667686, 2.2523355484, 2.7863945961, 3.32045340538, 3.86612248421, 4.42340135574, 4.95746040344, 5.50312900543, 6.01396799088, 6.53641700745, 7.04725599289, 7.53487491608, 8.0224943161, 8.51011276245, 8.99773216248, 9.49696159363, 10.0078001022, 10.5302495956, 11.0410881042, 11.5635375977, 12.0859861374, 12.6084346771, 13.1192741394, 13.6533327103, 14.1990022659, 14.7330608368, 15.2787294388, 15.8360090256, 16.4165077209, 16.9853973389, 17.5426750183, 18.0999546051, 18.6688423157, 19.2377319336],
    "bpm_estimates": [105.46875, 105.46875, 107.666023254, 109.956756592, 107.666023254, 109.956848145, 109.95665741, 109.956848145, 107.665885925, 103.359405518, 105.468612671, 107.666252136, 107.665885925, 105.468971252, 105.468612671],
    "bpm_intervals": [0.568888902664, 0.568888902664, 0.557278871536, 0.534059047699, 0.53405880928, 0.545669078827, 0.557278871536, 0.534059047699, 0.54566860199, 0.510838985443, 0.522449016571, 0.510838985443, 0.487618923187, 0.487619400024, 0.48761844635, 0.487619400024, 0.499229431152, 0.510838508606, 0.522449493408, 0.510838508606, 0.522449493408, 0.522448539734, 0.522448539734, 0.51083946228, 0.534058570862, 0.545669555664, 0.534058570862, 0.54566860199, 0.557279586792, 0.580498695374, 0.56888961792, 0.557277679443, 0.557279586792, 0.568887710571, 0.56888961792],
    "onset_times": [1.71827661991, 2.20589566231, 2.73995471001, 3.26240372658, 3.80807256699, 4.38857126236, 5.42185926437, 5.9675283432, 6.52480745316, 7.12852621078, 7.80190467834, 8.47528362274, 8.93968296051, 9.45052146912, 9.98458003998, 10.47219944, 10.8901586533, 11.5519275665, 12.0279369354, 12.5852155685, 13.0612249374, 13.5836734772, 14.1757822037, 15.1858501434, 15.7547388077, 16.4513378143, 18.0186843872, 18.6572341919],
    "histogram": [[0, 0, 0, 0, 0, 0, 0, 0, 0, 0, 0, 0, 0, 0, 0, 0, 0, 0, 0, 0, 0, 0, 0, 0, 0, 0, 0, 0, 0, 0, 0, 0, 0, 0, 0, 0, 0, 0, 0, 0, 0, 0, 0, 0, 0, 0, 0, 0, 0, 0, 0, 0, 0, 0, 0, 0, 0, 0, 0, 0, 0, 0, 0, 0, 0, 0, 0, 0, 0, 0, 0, 0, 0, 0, 0, 0, 0, 0, 0, 0, 0, 0, 0, 0, 0, 0, 0, 0, 0, 0, 0, 0, 0, 0, 0, 0, 0, 0, 0, 0, 0, 0, 0, 0.0285714287311, 0, 0.142857149243, 0, 0, 0.142857149243, 0, 0.114285714924, 0, 0.142857149243, 0, 0, 0.142857149243, 0, 0.142857149243, 0, 0, 0.0285714287311, 0, 0, 0.114285714924, 0, 0, 0, 0, 0, 0, 0, 0, 0, 0, 0, 0, 0, 0, 0, 0, 0, 0, 0, 0, 0, 0, 0, 0, 0, 0, 0, 0, 0, 0, 0, 0, 0, 0, 0, 0, 0, 0, 0, 0, 0, 0, 0, 0, 0, 0, 0, 0, 0, 0, 0, 0, 0, 0, 0, 0, 0, 0, 0, 0, 0, 0, 0, 0, 0, 0, 0, 0, 0, 0, 0, 0, 0, 0, 0, 0, 0, 0, 0, 0, 0, 0, 0, 0, 0, 0, 0, 0, 0, 0, 0, 0, 0, 0, 0, 0, 0, 0, 0, 0, 0, 0, 0, 0, 0, 0, 0, 0, 0, 0, 0, 0, 0, 0, 0, 0, 0, 0, 0, 0, 0, 0, 0, 0, 0, 0]]
},
"sfx": {
    "inharmonicity": {
        "kurt": 3.9216337204,
        "max": 0.429104030132,
        "mean": 0.0495299138129,
        "median": 0.0129913818091,
        "min": 0,
        "skew": 2.03812837601,
        "var": 0.00568354316056
    },
    "oddtoevenharmonicenergyratio": {
        "kurt": 280.630249023,
        "max": 69.1424865723,
        "mean": 0.822335064411,
        "median": 0.0969629436731,
        "min": 0,
        "skew": 14.3198204041,
        "var": 9.73556137085
    },
    "pitch_after_max_to_before_max_energy_ratio": 2.62648248672,
    "pitch_centroid": 421.245361328,
    "pitch_max_to_total": 0.154929578304,
    "pitch_min_to_total": 0.958920180798,
    "tristimulus": {
        "kurt": [-1.25371050835, -0.0151653289795, 0.145750522614],
        "max": [1, 0.935896098614, 1],
        "mean": [0.514863729477, 0.265440404415, 0.219695851207],
        "median": [0.543043971062, 0.244994431734, 0.144237011671],
        "min": [0, 0, 0],
        "skew": [0.0318468511105, 0.550392985344, 0.990582466125],
        "var": [0.104225575924, 0.0360067598522, 0.0442899651825],
        "cov": [[0.104348056018, -0.0480274967849, -0.0563205517828], [-0.0480274967849, 0.0360490716994, 0.0119784846902], [-0.0563205517828, 0.0119784846902, 0.0443420112133]]
    }
},
"tonal": {
    "chords_changes_rate": 0.135831385851,
    "chords_number_rate": 0.0257611237466,
    "chords_strength": {
        "kurt": -0.596202373505,
        "max": 0.605087459087,
        "mean": 0.453325033188,
        "median": 0.450439810753,
        "min": 0.286417335272,
        "skew": -0.00250279181637,
        "var": 0.00489234738052
    },
    "key_strength": 0.255401462317,
    "tuning_diatonic_strength": 0.499780237675,
    "tuning_equal_tempered_deviation": 0.215278536081,
    "tuning_frequency": 440,
    "tuning_nontempered_energy_ratio": 0.894150137901,
    "hpcp": {
