{
"metadata": {
    "version": {
        "essentia": "2.1-beta3"
    }
},
"lowLevel": {
    "average_loudness": 0.708914339542,
    "barkbands_kurtosis": {
        "kurt": 49.3934135437,
        "max": 553.900390625,
        "mean": 20.7525367737,
        "median": 3.72350478172,
        "min": -1.84045600891,
        "skew": 6.1490778923,
        "var": 2902.20922852
    },
    "barkbands_skewness": {
        "kurt": 6.80467033386,
        "max": 19.2352676392,
        "mean": 1.92998111248,
        "median": 1.47236096859,
        "min": -2.45609402657,
        "skew": 1.93934047222,
        "var": 8.31269645691
    },
    "barkbands_spread": {
        "kurt": 2.91513395309,
        "max": 57.7288475037,
        "mean": 11.3378152847,
        "median": 9.01347446442,
        "min": 0.134296372533,
        "skew": 1.71911334991,
        "var": 140.955368042
    },
    "dissonance": {
        "kurt": 1.88172721863,
        "max": 0.499951481819,
        "mean": 0.432836920023,
        "median": 0.463457643986,
        "min": 0.105556666851,
        "skew": -1.50347530842,
        "var": 0.00544734532014
    },
    "hfc": {
        "kurt": 14.5191631317,
        "max": 50.3145561218,
        "mean": 2.47454667091,
        "median": 0.00340629555285,
        "min": 1.52459875835e-08,
        "skew": 3.55218267441,
        "var": 44.2324028015
    },
    "pitch": {
        "kurt": 0.939805984497,
        "max": 4562.25146484,
        "mean": 1121.27478027,
        "median": 582.689697266,
        "min": 72.4224319458,
        "skew": 1.61636984348,
        "var": 1830400
    },
    "pitch_instantaneous_confidence": {
        "kurt": -1.19597935677,
        "max": 0.965903401375,
        "mean": 0.552514314651,
        "median": 0.551609754562,
        "min": 0.14667570591,
        "skew": 0.0784672647715,
        "var": 0.0488605387509
    },
    "pitch_salience": {
        "kurt": 0.350583076477,
        "max": 0.87932151556,
        "mean": 0.60103136301,
        "median": 0.634045124054,
        "min": 0.0939681231976,
        "skew": -0.934737801552,
        "var": 0.0280564818531
    },
    "silence_rate_20dB": {
        "kurt": 0,
        "max": 1,
        "mean": 1,
        "median": 1,
        "min": 1,
        "skew": 0,
        "var": 0
    },
    "silence_rate_30dB": {
        "kurt": 0,
        "max": 1,
        "mean": 1,
        "median": 1,
        "min": 1,
        "skew": 0,
        "var": 0
    },
    "silence_rate_60dB": {
        "kurt": 0.942740440369,
        "max": 1,
        "mean": 0.825520813465,
        "median": 1,
        "min": 0,
        "skew": -1.71544253826,
        "var": 0.144035637379
    },
    "spectral_centroid": {
        "kurt": 0.814017295837,
        "max": 4697.796875,
        "mean": 1394.1171875,
        "median": 842.891906738,
        "min": 320.13772583,
        "skew": 1.37976562977,
        "var": 1473086.125
    },
    "spectral_complexity": {
        "kurt": 7.62841033936,
        "max": 20,
        "mean": 1.66666662693,
        "median": 0,
        "min": 0,
        "skew": 2.72041201591,
        "var": 11.7951507568
    },
    "spectral_crest": {
        "kurt": -0.59141254425,
        "max": 26.6548118591,
        "mean": 12.1946983337,
        "median": 11.6272029877,
        "min": 3.50626468658,
        "skew": 0.575751125813,
        "var": 32.9566955566
    },
    "spectral_decrease": {
        "kurt": 20.4998626709,
        "max": -4.95907960417e-19,
        "mean": -8.57146797983e-10,
        "median": -1.73027911443e-12,
        "min": -2.02425489704e-08,
        "skew": -4.28951406479,
        "var": 6.95562197743e-18
    },
    "spectral_energy": {
        "kurt": 19.9199447632,
        "max": 0.0795290693641,
        "mean": 0.00345951505005,
        "median": 7.0064565989e-06,
        "min": 3.25453140999e-12,
        "skew": 4.22409582138,
        "var": 0.000109737396997
    },
    "spectral_energyband_high": {
        "kurt": 51.034954071,
        "max": 0.00033544251346,
        "mean": 8.29036616778e-06,
        "median": 3.61122509673e-08,
        "min": 1.89146289777e-12,
        "skew": 6.27337217331,
        "var": 8.76994199484e-10
    },
    "spectral_energyband_low": {
        "kurt": 99.5553283691,
        "max": 2.5227648166e-06,
        "mean": 6.87563925794e-08,
        "median": 3.64063801328e-09,
        "min": 4.1553075288e-16,
        "skew": 8.15810966492,
        "var": 3.09508075094e-14
    },
    "spectral_energyband_middle_high": {
        "kurt": 77.8307800293,
        "max": 0.0430520139635,
        "mean": 0.000835609331261,
        "median": 4.78941387883e-07,
        "min": 1.35534031914e-12,
        "skew": 7.50842142105,
        "var": 1.06734178189e-05
    },
    "spectral_energyband_middle_low": {
        "kurt": 23.2314624786,
        "max": 0.078257933259,
        "mean": 0.0027310482692,
        "median": 5.30747365701e-06,
        "min": 2.27273847528e-14,
        "skew": 4.62799835205,
        "var": 9.51230103965e-05
    },
    "spectral_flatness_db": {
        "kurt": -1.48760449886,
        "max": 0.509952485561,
        "mean": 0.298941224813,
        "median": 0.334411621094,
        "min": 0.0927266702056,
        "skew": -0.126752227545,
        "var": 0.0156275015324
    },
    "spectral_flux": {
        "kurt": 4.35169935226,
        "max": 0.211805924773,
        "mean": 0.0248839706182,
        "median": 0.00177821167745,
        "min": 5.18845945408e-06,
        "skew": 2.20860338211,
        "var": 0.00200745672919
    },
    "spectral_kurtosis": {
        "kurt": 2.06351327896,
        "max": 88.3837356567,
        "mean": 16.7642097473,
        "median": 12.2734889984,
        "min": 0.14838051796,
        "skew": 1.42899227142,
        "var": 280.960784912
    },
    "spectral_rms": {
        "kurt": 6.36408519745,
        "max": 0.00880848057568,
        "mean": 0.000845995324198,
        "median": 8.26694449643e-05,
        "min": 5.63484903182e-08,
        "skew": 2.56746411324,
        "var": 2.65942912847e-06
    },
    "spectral_rolloff": {
        "kurt": -0.266299962997,
        "max": 6438.42773438,
        "mean": 2073.7487793,
        "median": 1087.42675781,
        "min": 322.998046875,
        "skew": 1.02824163437,
        "var": 3549486
    },
    "spectral_skewness": {
        "kurt": -0.258925676346,
        "max": 7.76232337952,
        "mean": 2.85325527191,
        "median": 2.70826053619,
        "min": 0.728133320808,
        "skew": 0.628981947899,
        "var": 2.51013898849
    },
    "spectral_spread": {
        "kurt": -0.55899477005,
        "max": 12204967,
        "mean": 4422965,
        "median": 3042000.5,
        "min": 994902.6875,
        "skew": 0.906140506268,
        "var": 9.45428732314e+12
    },
    "spectral_strongpeak": {
        "kurt": 18.0227279663,
        "max": 6.03022956848,
        "mean": 0.311235517263,
        "median": 0.0235714297742,
        "min": 1.10355495053e-05,
        "skew": 3.80349397659,
        "var": 0.523737847805
    },
    "zerocrossingrate": {
        "kurt": 2.13689422607,
        "max": 0.41943359375,
        "mean": 0.0749651566148,
        "median": 0.052978515625,
        "min": 0.013671875,
        "skew": 1.46983087063,
        "var": 0.0040477020666
    },
    "barkbands": {
        "kurt": [101.006546021, 39.9044723511, 209.943695068, 23.9271945953, 64.2530441284, 20.7172718048, 56.384021759, 358.332397461, 103.878387451, 74.4731826782, 355.198608398, 38.1038246155, 143.265197754, 123.904586792, 154.504318237, 227.775436401, 46.267326355, 36.6167793274, 57.2120170593, 110.430633545, 136.287918091, 97.8578109741, 56.6113128662, 55.7880210876, 83.3212203979, 39.2595024109, 44.0817947388],
        "max": [3.53699540767e-08, 1.71136477434e-07, 2.19064781959e-06, 1.48234596509e-06, 0.000758848385885, 0.0257798284292, 0.0659317150712, 0.0128369098529, 0.0180390682071, 0.0197289250791, 0.0353588312864, 0.00119310326409, 0.00431743636727, 0.00882686115801, 0.000650465197396, 0.00185357849114, 0.0080520119518, 0.00104893161915, 0.00139734556433, 0.000460981798824, 0.00032627308974, 8.41482233227e-06, 1.19804849419e-06, 2.41338466367e-06, 3.55789848072e-06, 1.82097821266e-08, 4.78680473037e-09],
        "mean": [5.44587430706e-10, 6.45907283214e-09, 3.16802548639e-08, 7.14415904213e-08, 1.37290762723e-05, 0.000938619079534, 0.00124931172468, 5.8358622482e-05, 0.000262329966063, 0.000373253482394, 0.000136469869176, 3.44567488355e-05, 4.68044781883e-05, 8.76254343893e-05, 6.15411363469e-06, 1.43767756526e-05, 0.000173206091858, 2.65222715825e-05, 2.64656700892e-05, 6.62412048769e-06, 4.82990208184e-06, 1.32585014967e-07, 2.8192603807e-08, 5.78624685943e-08, 5.36600310852e-08, 5.23339482861e-10, 1.14774217908e-10],
        "median": [7.96558045218e-12, 5.0235987592e-10, 1.37953093393e-09, 2.68547672988e-09, 1.30850850155e-08, 4.59310633971e-08, 6.19829592097e-08, 1.68105628973e-07, 3.11713222345e-07, 1.7487221271e-07, 1.95692599902e-08, 4.12466825139e-08, 3.46549420271e-08, 1.38382691972e-08, 3.98251431832e-09, 6.65073240924e-09, 1.39040068348e-08, 1.32843416267e-08, 2.2161243507e-08, 1.90794580135e-08, 1.44088474485e-08, 2.20002549511e-09, 6.61625532139e-10, 5.97327742824e-10, 1.49443235564e-10, 9.87755363613e-12, 2.80784564436e-13],
        "min": [7.24347793547e-19, 4.73420213808e-17, 2.30601993503e-16, 2.08490833689e-16, 5.84424305062e-16, 4.58905340757e-15, 3.16248517648e-15, 7.05183050083e-15, 6.99832597065e-15, 3.96923186034e-16, 1.41326600216e-15, 6.66648514345e-15, 1.51281217286e-15, 2.58637614093e-15, 5.57532459531e-15, 1.20300650545e-14, 7.21424601915e-14, 2.29536523252e-13, 4.59448939397e-13, 9.40132954125e-13, 7.6866318215e-13, 3.52546469665e-13, 8.61640132074e-14, 1.93757173934e-13, 9.03995370856e-14, 7.57784219624e-15, 9.12817337586e-16],
        "skew": [8.95955944061, 5.43169212341, 13.3779983521, 4.46017217636, 7.5758728981, 4.48806142807, 6.74558973312, 18.7502593994, 9.44945144653, 7.4985127449, 18.6574039459, 5.70561361313, 10.9302167892, 10.6147727966, 11.4686536789, 14.0626316071, 6.30329322815, 5.59862756729, 7.13484954834, 9.47994232178, 10.1571626663, 9.32877731323, 6.70288515091, 6.72638177872, 8.53408241272, 5.59362030029, 6.02104520798],
        "var": [6.53820968314e-18, 2.5611155538e-16, 1.65873699731e-14, 3.41486313239e-14, 4.69373295786e-09, 1.20336762848e-05, 3.28667629219e-05, 4.38402679492e-07, 1.80683582585e-06, 2.34447111325e-06, 3.34579749506e-06, 1.6778237466e-08, 8.03299755603e-08, 4.05861896979e-07, 1.76377767946e-09, 1.14606457657e-08, 5.81591280024e-07, 1.12780815797e-08, 1.70971024005e-08, 1.06081654572e-09, 4.54954213192e-10, 4.39834122899e-13, 1.06534628734e-14, 4.89200998775e-14, 9.1354705647e-14, 3.02028725895e-18, 1.95570454398e-19],
        "cov": [[6.55528103662e-18, 1.5676286909e-17, 7.61522853647e-17, 2.99906110133e-17, 1.95557207038e-14, 6.22337988435e-12, 7.931313592e-12, 3.66093982386e-13, 7.72536385991e-13, 1.25564771254e-12, -1.74711607621e-14, 2.18586067757e-13, 4.15134269462e-14, 1.93789296811e-14, -7.96544277884e-16, -4.81033345938e-16, -6.03709722729e-14, -5.68778134807e-15, -1.50163938477e-15, 3.42600072626e-15, 4.07462573475e-15, 2.36103181328e-16, 8.29417772151e-17, 3.42854518677e-17, -5.8504090038e-18, 1.16218266018e-18, 3.22640634704e-19], [1.5676286909e-17, 2.56780261422e-16, 5.48482791286e-16, 2.6139227641e-16, 3.89131713234e-14, 3.56583096384e-11, 6.06272740344e-11, 1.56374392601e-12, 8.16417766725e-12, 1.19162769929e-11, -6.91793681801e-13, 1.25339159624e-12, 3.03371531455e-13, -4.14115980006e-13, -3.28132195081e-14, -7.5943435839e-14, -1.04487685865e-12, -1.47287076199e-13, -1.3737005511e-13, 2.96786580433e-15, 2.08221840377e-14, 9.83806851258e-16, 6.06765963716e-16, 1.27740800547e-16, -2.57488089798e-16, 1.23862653581e-17, 3.46924822181e-18], [7.61522853647e-17, 5.48482791286e-16, 1.66306787677e-14, 5.88750239967e-15, 1.02592054589e-13, 8.60311058504e-11, 1.84421297678e-10, 7.57803819695e-11, 9.19416626166e-11, 5.20916539071e-11, -3.90094467145e-12, 2.48072200802e-12, 3.68674795553e-12, -2.53726900601e-12, -1.84044701137e-13, -4.29265808012e-13, -5.19221514741e-12, -6.86613092771e-13, -6.96896208276e-13, -4.06441644663e-15, 9.59280059359e-14, 2.45144929814e-15, 7.8328694171e-15, 1.30622538983e-16, -1.43430990046e-15, 2.76785601375e-17, 2.10692621389e-18], [2.99906110133e-17, 2.6139227641e-16, 5.88750239967e-15, 3.4237790012e-14, 3.14990302721e-13, 1.20182232222e-11, 2.43324995569e-11, 1.66256591827e-11, 2.55251397276e-12, -5.53210515591e-12, -9.46637646743e-12, -1.1948778013e-13, -1.83948104145e-12, -6.09043111083e-12, -4.24365295508e-13, -1.00443947864e-12, -1.22361894922e-11, -1.8331575407e-12, -1.82957642092e-12, -3.8211605104e-13, -2.54476588456e-13, -5.91720953919e-15, 1.03875493734e-15, -3.17517415355e-15, -3.67081844725e-15, -1.34567867904e-17, -3.4706438823e-18], [1.95557207038e-14, 3.89131713234e-14, 1.02592054589e-13, 3.14990302721e-13, 4.7059880437e-09, 2.0692690228e-08, -8.44222114438e-09, 1.74729486435e-09, 8.74608052648e-10, -3.65011487702e-09, -1.53359014377e-09, 1.12230141847e-10, -4.07143513348e-10, -1.18243403957e-09, -8.28769344818e-11, -1.94815844012e-10, -2.37861264019e-09, -3.6071190479e-10, -3.58391261113e-10, -6.89692677969e-11, -3.64142986597e-11, -1.25882128072e-12, 2.48565301371e-13, -5.37479240802e-13, -7.042996286e-13, 1.76156425601e-15, 3.49656111187e-15], [6.22337988435e-12, 3.56583096384e-11, 8.60311058504e-11, 1.20182232222e-11, 2.0692690228e-08, 1.20650956887e-05, 1.38961331686e-05, 3.26588747157e-07, 1.63226775385e-06, 1.73727335095e-06, -9.72256302134e-08, 3.05841069803e-07, 4.43629772917e-08, -7.03479443587e-08, -5.09300468465e-09, -1.21305943068e-08, -1.59127338861e-07, -2.26659686575e-08, -2.20656950489e-08, 4.59030058408e-09, 7.45216155451e-09, 3.67461949757e-10, 1.65161800902e-10, 8.84479225971e-11, -3.01013658444e-11, 3.12217808031e-12, 7.4194356171e-13], [7.931313592e-12, 6.06272740344e-11, 1.84421297678e-10, 2.43324995569e-11, -8.44222114438e-09, 1.38961331686e-05, 3.2952575566e-05, 7.08135416971e-07, 2.20845981858e-06, 3.46891965819e-06, -1.25538747398e-07, 4.44106603936e-07, 1.30983295321e-07, -9.17830362823e-08, -6.81844181116e-09, -1.57569850501e-08, -2.09945838492e-07, -2.89459709535e-08, -2.78181939706e-08, 8.00354182928e-09, 1.01298986976e-08, 6.83276657476e-10, 2.62714683341e-10, 1.45080836234e-10, -3.74850844809e-11, 5.35662833534e-12, 1.17322319394e-12], [3.66093982386e-13, 1.56374392601e-12, 7.57803819695e-11, 1.66256591827e-11, 1.74729486435e-09, 3.26588747157e-07, 7.08135416971e-07, 4.39547335418e-07, 3.23003234826e-07, 3.03549370528e-07, -6.42682573826e-09, 1.17123963861e-08, 2.69093600735e-08, -3.48103990078e-09, -2.32032559833e-10, -4.85435913689e-10, -7.8848527707e-09, -4.53628995478e-10, -5.157073657e-10, 6.57859489106e-10, 8.69860128372e-10, 1.91255726534e-11, 4.24457309578e-11, 6.29950735673e-12, -1.18207158471e-12, 1.56440046464e-13, 1.3777271255e-14], [7.72536385991e-13, 8.16417766725e-12, 9.19416626166e-11, 2.55251397276e-12, 8.74608052648e-10, 1.63226775385e-06, 2.20845981858e-06, 3.23003234826e-07, 1.81155337486e-06, 3.80758194751e-07, 6.64975630116e-08, 4.79035762169e-08, 4.25738733156e-08, 2.09497521553e-08, 5.55294477067e-10, 5.75082070853e-09, 2.01222807306e-08, 7.92963472662e-09, 5.36360333925e-09, 2.88733614795e-09, 2.99494873346e-09, 7.92510154723e-11, 5.6088109851e-11, 2.22312428882e-11, 1.38706815131e-11, 5.05023269298e-13, 1.50910818672e-13], [1.25564771254e-12, 1.19162769929e-11, 5.20916539071e-11, -5.53210515591e-12, -3.65011487702e-09, 1.73727335095e-06, 3.46891965819e-06, 3.03549370528e-07, 3.80758194751e-07, 2.35059246734e-06, 4.70193839419e-08, 8.30080679748e-08, 1.10921241969e-07, 1.62160631589e-07, 1.90746920481e-08, 2.95301028075e-08, 4.33893745821e-07, 6.00889720204e-08, 8.94459901701e-08, 1.11309290673e-08, 1.27550645601e-08, 2.58085997018e-10, 6.61497731591e-11, 1.25515736693e-10, 1.53716400719e-10, 1.03548820993e-12, 1.31016250908e-13], [-1.74711607621e-14, -6.91793681801e-13, -3.90094467145e-12, -9.46637646743e-12, -1.53359014377e-09, -9.72256302134e-08, -1.25538747398e-07, -6.42682573826e-09, 6.64975630116e-08, 4.70193839419e-08, 3.35453341904e-06, 5.68164004733e-08, 1.24272162338e-07, 4.4386874265e-07, 3.19227595469e-08, 1.11896369948e-09, 2.06649659162e-07, 4.50150992037e-08, 3.77635345217e-08, 4.95840257742e-09, 7.44920169993e-09, 7.22809978537e-10, 7.19159384821e-11, 7.37007954665e-11, 1.48609013984e-10, 7.96170258627e-13, 1.1553515848e-13], [2.18586067757e-13, 1.25339159624e-12, 2.48072200802e-12, -1.1948778013e-13, 1.12230141847e-10, 3.05841069803e-07, 4.44106603936e-07, 1.17123963861e-08, 4.79035762169e-08, 8.30080679748e-08, 5.68164004733e-08, 1.68220442021e-08, 5.3399853428e-09, 1.02969295313e-08, 5.88314896799e-10, 1.01056983962e-11, 2.3720720943e-09, 9.73138458704e-10, 8.8238155671e-10, 3.79544645712e-10, 3.82176235103e-10, 2.92748117414e-11, 7.30793377202e-12, 5.58193812353e-12, 2.61009399857e-12, 1.2601774008e-13, 3.06261770501e-14], [4.15134269462e-14, 3.03371531455e-13, 3.68674795553e-12, -1.83948104145e-12, -4.07143513348e-10, 4.43629772917e-08, 1.30983295321e-07, 2.69093600735e-08, 4.25738733156e-08, 1.10921241969e-07, 1.24272162338e-07, 5.3399853428e-09, 8.0539713565e-08, 3.1787198651e-08, 4.28364543836e-09, 2.42897364444e-08, 2.79705290041e-08, 1.27192292254e-08, 8.80379502632e-09, 1.7396224461e-09, 7.75706388012e-10, 4.24525588294e-11, 7.05843933649e-12, 1.03264827245e-11, 1.36634792022e-11, 8.6372579824e-14, 9.94868572154e-15], [1.93789296811e-14, -4.14115980006e-13, -2.53726900601e-12, -6.09043111083e-12, -1.18243403957e-09, -7.03479443587e-08, -9.17830362823e-08, -3.48103990078e-09, 2.09497521553e-08, 1.62160631589e-07, 4.4386874265e-07, 1.02969295313e-08, 3.1787198651e-08, 4.06921600415e-07, 8.02687782908e-09, 1.55109436406e-08, 2.02662164384e-07, 2.96204376582e-08, 5.0324825196e-08, 1.12702913668e-08, 4.96518737236e-09, 3.57202906143e-10, 2.03009952598e-11, 5.93718685327e-11, 7.14930059598e-11, 3.28452461626e-13, 1.67511133003e-14], [-7.96544277884e-16, -3.28132195081e-14, -1.84044701137e-13, -4.24365295508e-13, -8.28769344818e-11, -5.09300468465e-09, -6.81844181116e-09, -2.32032559833e-10, 5.55294477067e-10, 1.90746920481e-08, 3.19227595469e-08, 5.88314896799e-10, 4.28364543836e-09, 8.02687782908e-09, 1.76838288457e-09, 1.45942480323e-09, 8.71493099908e-09, 1.75309144979e-09, 1.2867831245e-09, 1.72503122897e-10, 1.69564542962e-10, 9.6666147309e-12, 8.11586312478e-13, 1.79426655825e-12, 2.1617434405e-12, 1.60043351727e-14, 1.09930932274e-15], [-4.81033345938e-16, -7.5943435839e-14, -4.29265808012e-13, -1.00443947864e-12, -1.94815844012e-10, -1.21305943068e-08, -1.57569850501e-08, -4.85435913689e-10, 5.75082070853e-09, 2.95301028075e-08, 1.11896369948e-09, 1.01056983962e-11, 2.42897364444e-08, 1.55109436406e-08, 1.45942480323e-09, 1.14905693849e-08, 1.65131677221e-08, 6.35529007198e-09, 4.47930759151e-09, 1.05705100228e-09, 3.58069573991e-10, 8.69210779741e-12, 3.54562272554e-13, 3.49225834882e-12, 5.04034140814e-12, 1.49388253233e-14, 3.17012959589e-16], [-6.03709722729e-14, -1.04487685865e-12, -5.19221514741e-12, -1.22361894922e-11, -2.37861264019e-09, -1.59127338861e-07, -2.09945838492e-07, -7.8848527707e-09, 2.01222807306e-08, 4.33893745821e-07, 2.06649659162e-07, 2.3720720943e-09, 2.79705290041e-08, 2.02662164384e-07, 8.71493099908e-09, 1.65131677221e-08, 5.83109795116e-07, 5.04513195665e-08, 5.76492027449e-08, 1.00961168314e-08, 7.91513166121e-09, 1.3466282256e-10, 9.48205229612e-12, 7.00198371506e-11, 9.01210286952e-11, 2.94901201982e-13, 2.40417545762e-14], [-5.68778134807e-15, -1.47287076199e-13, -6.86613092771e-13, -1.8331575407e-12, -3.6071190479e-10, -2.26659686575e-08, -2.89459709535e-08, -4.53628995478e-10, 7.92963472662e-09, 6.00889720204e-08, 4.50150992037e-08, 9.73138458704e-10, 1.27192292254e-08, 2.96204376582e-08, 1.75309144979e-09, 6.35529007198e-09, 5.04513195665e-08, 1.13075282471e-08, 8.25542301186e-09, 1.67551761354e-09, 1.37213573836e-09, 2.55005669358e-11, 1.61463648441e-12, 1.17685488091e-11, 1.31790333854e-11, 5.11935193672e-14, 4.44826255569e-15], [-1.50163938477e-15, -1.3737005511e-13, -6.96896208276e-13, -1.82957642092e-12, -3.58391261113e-10, -2.20656950489e-08, -2.78181939706e-08, -5.157073657e-10, 5.36360333925e-09, 8.94459901701e-08, 3.77635345217e-08, 8.8238155671e-10, 8.80379502632e-09, 5.0324825196e-08, 1.2867831245e-09, 4.47930759151e-09, 5.76492027449e-08, 8.25542301186e-09, 1.71417422479e-08, 1.8218814235e-09, 1.18072496225e-09, 4.31738429729e-11, 2.45181327498e-12, 1.82343654065e-11, 2.29885919328e-11, 8.17014912755e-14, 7.80870356711e-15], [3.42600072626e-15, 2.96786580433e-15, -4.06441644663e-15, -3.8211605104e-13, -6.89692677969e-11, 4.59030058408e-09, 8.00354182928e-09, 6.57859489106e-10, 2.88733614795e-09, 1.11309290673e-08, 4.95840257742e-09, 3.79544645712e-10, 1.7396224461e-09, 1.12702913668e-08, 1.72503122897e-10, 1.05705100228e-09, 1.00961168314e-08, 1.67551761354e-09, 1.8218814235e-09, 1.06358633012e-09, 3.21984189311e-10, 9.84224941131e-12, 6.02139377855e-13, 3.45921815498e-12, 2.11512274709e-12, 9.41011676269e-15, 2.02305137364e-15], [4.07462573475e-15, 2.08221840377e-14, 9.59280059359e-14, -2.54476588456e-13, -3.64142986597e-11, 7.45216155451e-09, 1.01298986976e-08, 8.69860128372e-10, 2.99494873346e-09, 1.27550645601e-08, 7.44920169993e-09, 3.82176235103e-10, 7.75706388012e-10, 4.96518737236e-09, 1.69564542962e-10, 3.58069573991e-10, 7.91513166121e-09, 1.37213573836e-09, 1.18072496225e-09, 3.21984189311e-10, 4.56142096317e-10, 6.20468910625e-12, 5.64329778654e-13, 2.17978846778e-12, 3.49619638795e-12, 1.6375733709e-14, 1.50660702125e-15], [2.36103181328e-16, 9.83806851258e-16, 2.45144929814e-15, -5.91720953919e-15, -1.25882128072e-12, 3.67461949757e-10, 6.83276657476e-10, 1.91255726534e-11, 7.92510154723e-11, 2.58085997018e-10, 7.22809978537e-10, 2.92748117414e-11, 4.24525588294e-11, 3.57202906143e-10, 9.6666147309e-12, 8.69210779741e-12, 1.3466282256e-10, 2.55005669358e-11, 4.31738429729e-11, 9.84224941131e-12, 6.20468910625e-12, 4.4098250984e-13, 3.80334632332e-14, 7.05699536893e-14, 9.24409406986e-14, 6.24385943085e-16, 6.77746265905e-17], [8.29417772151e-17, 6.06765963716e-16, 7.8328694171e-15, 1.03875493734e-15, 2.48565301371e-13, 1.65161800902e-10, 2.62714683341e-10, 4.24457309578e-11, 5.6088109851e-11, 6.61497731591e-11, 7.19159384821e-11, 7.30793377202e-12, 7.05843933649e-12, 2.03009952598e-11, 8.11586312478e-13, 3.54562272554e-13, 9.48205229612e-12, 1.61463648441e-12, 2.45181327498e-12, 6.02139377855e-13, 5.64329778654e-13, 3.80334632332e-14, 1.06812785884e-14, 6.90718691959e-15, 5.94333711748e-15, 9.98749782997e-17, 1.28449403165e-17], [3.42854518677e-17, 1.27740800547e-16, 1.30622538983e-16, -3.17517415355e-15, -5.37479240802e-13, 8.84479225971e-11, 1.45080836234e-10, 6.29950735673e-12, 2.22312428882e-11, 1.25515736693e-10, 7.37007954665e-11, 5.58193812353e-12, 1.03264827245e-11, 5.93718685327e-11, 1.79426655825e-12, 3.49225834882e-12, 7.00198371506e-11, 1.17685488091e-11, 1.82343654065e-11, 3.45921815498e-12, 2.17978846778e-12, 7.05699536893e-14, 6.90718691959e-15, 4.90478290578e-14, 3.4394433509e-14, 1.71534190631e-16, 3.32193550244e-17], [-5.8504090038e-18, -2.57488089798e-16, -1.43430990046e-15, -3.67081844725e-15, -7.042996286e-13, -3.01013658444e-11, -3.74850844809e-11, -1.18207158471e-12, 1.38706815131e-11, 1.53716400719e-10, 1.48609013984e-10, 2.61009399857e-12, 1.36634792022e-11, 7.14930059598e-11, 2.1617434405e-12, 5.04034140814e-12, 9.01210286952e-11, 1.31790333854e-11, 2.29885919328e-11, 2.11512274709e-12, 3.49619638795e-12, 9.24409406986e-14, 5.94333711748e-15, 3.4394433509e-14, 9.1593230125e-14, 2.22923957473e-16, 1.92557323388e-17], [1.16218266018e-18, 1.23862653581e-17, 2.76785601375e-17, -1.34567867904e-17, 1.76156425601e-15, 3.12217808031e-12, 5.35662833534e-12, 1.56440046464e-13, 5.05023269298e-13, 1.03548820993e-12, 7.96170258627e-13, 1.2601774008e-13, 8.6372579824e-14, 3.28452461626e-13, 1.60043351727e-14, 1.49388253233e-14, 2.94901201982e-13, 5.11935193672e-14, 8.17014912755e-14, 9.41011676269e-15, 1.6375733709e-14, 6.24385943085e-16, 9.98749782997e-17, 1.71534190631e-16, 2.22923957473e-16, 3.02817318532e-18, 5.32012584697e-19], [3.22640634704e-19, 3.46924822181e-18, 2.10692621389e-18, -3.4706438823e-18, 3.49656111187e-15, 7.4194356171e-13, 1.17322319394e-12, 1.3777271255e-14, 1.50910818672e-13, 1.31016250908e-13, 1.1553515848e-13, 3.06261770501e-14, 9.94868572154e-15, 1.67511133003e-14, 1.09930932274e-15, 3.17012959589e-16, 2.40417545762e-14, 4.44826255569e-15, 7.80870356711e-15, 2.02305137364e-15, 1.50660702125e-15, 6.77746265905e-17, 1.28449403165e-17, 3.32193550244e-17, 1.92557323388e-17, 5.32012584697e-19, 1.96081083329e-19]]
    },
    "mfcc": {
        "kurt": [-0.666237831116, -0.640437364578, 1.03917217255, -0.666111469269, 0.178173542023, -1.08572614193, 0.996602535248, -0.610931634903, 0.247898340225, 0.534690856934, 1.93257570267, 2.27362585068, 2.79874849319],
        "max": [-760.162780762, 184.749176025, 66.0856018066, 30.0727424622, 8.97941589355, 1.00203704834, 68.5331878662, 53.1436004639, 73.3111877441, 41.2930831909, 45.4497909546, 51.9060134888, 22.841835022],
        "mean": [-1030.5723877, 59.2827415466, -21.86835289, -15.2799940109, -28.5712871552, -27.091796875, -6.85421037674, -6.68637990952, -2.59722113609, -4.42319822311, -2.97356629372, 2.27056050301, -7.62083959579],
        "median": [-1071.80285645, 46.5772666931, -6.103515625e-05, -9.50796127319, -17.8244590759, -25.2421531677, -6.08771133423, -5.34057617188e-05, -4.57763671875e-05, -3.46286010742, -1.43218231201, -3.0517578125e-05, -4.77216529846],
        "min": [-1138.42004395, -3.59356307983, -240.729904175, -77.8857498169, -114.674606323, -83.2660064697, -49.7173538208, -73.7742004395, -49.428276062, -44.1268157959, -38.8183021545, -25.0461616516, -66.5665969849],
        "skew": [0.789016067982, 0.720169484615, -1.41829133034, -0.490138411522, -1.03210532665, -0.303665697575, 0.613138318062, -0.158679872751, 0.593716979027, 0.00945872906595, 0.515617191792, 1.4607411623, -1.39926230907],
        "var": [11543.0195312, 2872.015625, 4903.64550781, 556.251586914, 982.347961426, 488.910400391, 355.360687256, 698.065124512, 514.012207031, 184.779296875, 127.430686951, 141.968002319, 147.697753906],
        "cov": [[11573.1582031, 3655.74975586, -5026.87646484, -1833.04907227, -2814.18237305, -2047.08007812, 338.882598877, -299.763549805, 297.149810791, -152.328811646, -49.8343048096, 732.51184082, -448.783508301], [3655.74975586, 2879.5144043, 403.428283691, -447.057556152, -1402.28930664, -863.176818848, -574.917480469, -977.317871094, -721.693481445, -418.178405762, -272.684143066, 256.09753418, 77.0166168213], [-5026.87646484, 403.428283691, 4916.44873047, 1183.82592773, 590.750671387, 741.477966309, -992.379516602, -1132.77978516, -1207.74914551, -490.276428223, -350.061279297, -312.913787842, 475.464477539], [-1833.04907227, -447.057556152, 1183.82592773, 557.703918457, 465.58102417, 348.380493164, -157.699172974, -186.462341309, -200.915145874, -77.9693222046, -88.7535095215, -131.444534302, 113.525535583], [-2814.18237305, -1402.28930664, 590.750671387, 465.58102417, 984.912841797, 560.434631348, 88.8786239624, 347.45690918, 174.546630859, 142.855819702, 77.2844467163, -233.147949219, 14.2762994766], [-2047.08007812, -863.176818848, 741.477966309, 348.380493164, 560.434631348, 490.186920166, 32.287776947, 74.2590484619, -19.0494213104, 23.3301753998, 7.96335744858, -142.145629883, 79.5827484131], [338.882598877, -574.917480469, -992.379516602, -157.699172974, 88.8786239624, 32.287776947, 356.288513184, 383.541412354, 337.673248291, 146.307876587, 93.4911880493, 4.72377634048, -105.238998413], [-299.763549805, -977.317871094, -1132.77978516, -186.462341309, 347.45690918, 74.2590484619, 383.541412354, 699.887756348, 534.277770996, 264.805267334, 202.583190918, -35.4057121277, -160.828140259], [297.149810791, -721.693481445, -1207.74914551, -200.915145874, 174.546630859, -19.0494213104, 337.673248291, 534.277770996, 515.354248047, 235.148071289, 151.797134399, -2.71832299232, -165.10836792], [-152.328811646, -418.178405762, -490.276428223, -77.9693222046, 142.855819702, 23.3301753998, 146.307876587, 264.805267334, 235.148071289, 185.261749268, 106.927749634, -3.57101202011, -47.7070426941], [-49.8343048096, -272.684143066, -350.061279297, -88.7535095215, 77.2844467163, 7.96335744858, 93.4911880493, 202.583190918, 151.797134399, 106.927749634, 127.763404846, 22.4128131866, -40.1453170776], [732.51184082, 256.09753418, -312.913787842, -131.444534302, -233.147949219, -142.145629883, 4.72377634048, -35.4057121277, -2.71832299232, -3.57101202011, 22.4128131866, 142.338668823, 34.942741394], [-448.783508301, 77.0166168213, 475.464477539, 113.525535583, 14.2762994766, 79.5827484131, -105.238998413, -160.828140259, -165.10836792, -47.7070426941, -40.1453170776, 34.942741394, 148.083389282]]
    },
    "sccoeffs": {
        "kurt": [1.02399349213, -0.214938402176, 0.705104827881, 0.168437957764, 0.234381914139, 0.114188909531],
        "max": [-0.396754860878, -0.277108073235, -0.345873653889, -0.496711164713, -0.583111286163, -0.597339451313],
        "mean": [-0.755230426788, -0.725419282913, -0.789907455444, -0.81855660677, -0.840381801128, -0.830591022968],
        "median": [-0.772962868214, -0.746174871922, -0.811171293259, -0.842848002911, -0.880272984505, -0.841970324516],
        "min": [-0.966426670551, -0.954716145992, -0.947490155697, -0.948077976704, -0.935803592205, -0.923650681973],
        "skew": [0.911286056042, 0.762167334557, 1.00291502476, 0.92362177372, 1.13941907883, 0.735161364079],
        "var": [0.0120751783252, 0.0237625688314, 0.0132528273389, 0.010004337877, 0.00799266342074, 0.00440765311942],
        "cov": [[0.0121067063883, 0.00107308803126, -1.09416205305e-05, 0.00064230710268, -0.00358651927672, 2.93931880151e-05], [0.00107308803126, 0.0238246116787, 0.0125838443637, 0.0119324587286, 0.00784912053496, 0.00669823307544], [-1.09416205305e-05, 0.0125838443637, 0.0132874296978, 0.0091354418546, 0.00698771001771, 0.00552330445498], [0.00064230710268, 0.0119324587286, 0.0091354418546, 0.0100304586813, 0.00614340510219, 0.00516564259306], [-0.00358651927672, 0.00784912053496, 0.00698771001771, 0.00614340510219, 0.00801353249699, 0.00439166137949], [2.93931880151e-05, 0.00669823307544, 0.00552330445498, 0.00516564259306, 0.00439166137949, 0.00441916147247]]
    },
    "scvalleys": {
        "kurt": [-0.942528963089, -0.743403673172, -0.542286872864, -0.643296480179, -0.84823012352, -0.759239673615],
        "max": [-9.10787773132, -5.10715198517, -5.54650068283, -6.33217334747, -7.00766801834, -10.2107524872],
        "mean": [-13.1826934814, -10.8347673416, -10.6186475754, -11.6717681885, -11.6584777832, -14.0246133804],
        "median": [-11.5890655518, -10.2145042419, -10.3711223602, -11.5413570404, -11.4305229187, -13.9467716217],
        "min": [-19.7028408051, -17.7630004883, -18.6733283997, -18.34633255, -16.6510887146, -17.6814155579],
        "skew": [-0.750626146793, -0.383617430925, -0.610342442989, -0.386484414339, -0.156052604318, 0.118433594704],
        "var": [9.52149677277, 9.9836063385, 9.49381256104, 6.47304391861, 5.11179018021, 2.25316095352],
        "cov": [[9.54635715485, 9.06949806213, 7.40914916992, 5.91122245789, 5.26269197464, 3.71981835365], [9.06949806213, 10.0096731186, 8.08013629913, 6.19674539566, 5.42522716522, 3.75754833221], [7.40914916992, 8.08013629913, 9.51860046387, 7.57159900665, 6.59657049179, 3.95418190956], [5.91122245789, 6.19674539566, 7.57159900665, 6.48994493484, 5.64906406403, 3.36667466164], [5.26269197464, 5.42522716522, 6.59657049179, 5.64906406403, 5.12513685226, 3.13058805466], [3.71981835365, 3.75754833221, 3.95418190956, 3.36667466164, 3.13058805466, 2.25904393196]]
    }
},
"rhythm": {
    "beats_loudness": {
        "kurt": -0.135732650757,
        "max": 0.0375021621585,
        "mean": 0.00953303277493,
        "median": 7.54962311476e-05,
        "min": 6.10892655906e-11,
        "skew": 1.22737002373,
        "var": 0.000187562589417
    },
    "bpm": 105.038482666,
    "confidence": 2.80429625511,
    "first_peak_bpm": {
        "kurt": 0,
        "max": 103,
        "mean": 103,
        "median": 103,
        "min": 103,
        "skew": 0,
        "var": 0
    },
    "first_peak_spread": {
        "kurt": 0,
        "max": 0.5,
        "mean": 0.5,
        "median": 0.5,
        "min": 0.5,
        "skew": 0,
        "var": 0
    },
    "first_peak_weight": {
        "kurt": 0,
        "max": 0.214285716414,
        "mean": 0.214285716414,
        "median": 0.214285716414,
        "min": 0.214285716414,
        "skew": 0,
        "var": 0
    },
    "onset_rate": 1.57589650154,
    "second_peak_bpm": {
        "kurt": 0,
        "max": 108,
        "mean": 108,
        "median": 108,
        "min": 108,
        "skew": 0,
        "var": 0
    },
    "second_peak_spread": {
        "kurt": 0,
        "max": 0.571428537369,
        "mean": 0.571428537369,
        "median": 0.571428537369,
        "min": 0.571428537369,
        "skew": 0,
        "var": 0
    },
    "second_peak_weight": {
        "kurt": 0,
        "max": 0.214285716414,
        "mean": 0.214285716414,
        "median": 0.214285716414,
        "min": 0.214285716414,
        "skew": 0,
        "var": 0
    },
    "beats_loudness_band_ratio": {
        "kurt": [3.14306497574, -1.51289999485, -0.831954956055, 1.54254007339, 1.88896751404, 0.625726938248],
        "max": [0.19592256844, 0.87864536047, 0.915953814983, 0.830749332905, 0.818349123001, 0.0674829632044],
        "mean": [0.0238331276923, 0.311247348785, 0.329548150301, 0.184770956635, 0.138861194253, 0.014811466448],
        "median": [3.77198671231e-06, 0.0164393838495, 0.252566725016, 0.0632926821709, 0.00168258708436, 0.0016959143104],
        "min": [0, 0, 0, 0, 0, 0],
        "skew": [2.23153972626, 0.449407637119, 0.498125135899, 1.472620368, 1.73249936104, 1.44056510925],
        "var": [0.00352766294964, 0.124024167657, 0.0758118480444, 0.0525671690702, 0.0568730644882, 0.000450939754955],
        "cov": [[0.00377963879146, 0.00323371356353, 0.000975790608209, -0.00188711262308, -0.00301326438785, 0.000426173908636], [0.00323371356353, 0.132883042097, 0.0476198382676, -0.0487701185048, -0.0446837134659, -0.00222425721586], [0.000975790608209, 0.0476198382676, 0.0812269821763, -0.0122543033212, -0.0302065778524, -0.00177644775249], [-0.00188711262308, -0.0487701185048, -0.0122543033212, 0.0563219673932, 0.0171216391027, 0.00142540014349], [-0.00301326438785, -0.0446837134659, -0.0302065778524, 0.0171216391027, 0.0609354265034, 0.00239835493267], [0.000426173908636, -0.00222425721586, -0.00177644775249, 0.00142540014349, 0.00239835493267, 0.000483149720822]]
    },
    "beats_position": [0.545668900013, 1.13777780533, 1.71827661991, 2.29877543449, 2.86766433716, 3.44816327095, 4.01705217361, 4.5627207756, 5.10838985443, 5.66566896439, 6.19972801208, 6.7570066452, 7.31428575516, 7.8251247406, 8.35918331146],
    "bpm_estimates": [101.332710266, 103.359382629, 103.359382629, 105.46875, 103.359359741, 105.46875, 107.665977478, 107.666069031, 107.665977478],
    "bpm_intervals": [0.592108905315, 0.580498814583, 0.580498814583, 0.568888902664, 0.580498933792, 0.568888902664, 0.54566860199, 0.545669078827, 0.557279109955, 0.534059047699, 0.557278633118, 0.557279109955, 0.510838985443, 0.534058570862],
    "onset_times": [0.49922901392, 0.766258478165, 1.04489791393, 1.32353746891, 2.3916554451, 2.69351482391, 3.47138333321, 5.13160991669, 5.41024923325, 5.67727899551, 5.95591831207, 7.02403640747, 7.33750581741, 8.09215450287],
    "histogram": [[0, 0, 0, 0, 0, 0, 0, 0, 0, 0, 0, 0, 0, 0, 0, 0, 0, 0, 0, 0, 0, 0, 0, 0, 0, 0, 0, 0, 0, 0, 0, 0, 0, 0, 0, 0, 0, 0, 0, 0, 0, 0, 0, 0, 0, 0, 0, 0, 0, 0, 0, 0, 0, 0, 0, 0, 0, 0, 0, 0, 0, 0, 0, 0, 0, 0, 0, 0, 0, 0, 0, 0, 0, 0, 0, 0, 0, 0, 0, 0, 0, 0, 0, 0, 0, 0, 0, 0, 0, 0, 0, 0, 0, 0, 0, 0, 0, 0, 0, 0, 0, 0.0714285746217, 0, 0.214285716414, 0, 0.142857149243, 0, 0, 0.214285716414, 0, 0.142857149243, 0, 0.142857149243, 0, 0, 0, 0, 0.0714285746217, 0, 0, 0, 0, 0, 0, 0, 0, 0, 0, 0, 0, 0, 0, 0, 0, 0, 0, 0, 0, 0, 0, 0, 0, 0, 0, 0, 0, 0, 0, 0, 0, 0, 0, 0, 0, 0, 0, 0, 0, 0, 0, 0, 0, 0, 0, 0, 0, 0, 0, 0, 0, 0, 0, 0, 0, 0, 0, 0, 0, 0, 0, 0, 0, 0, 0, 0, 0, 0, 0, 0, 0, 0, 0, 0, 0, 0, 0, 0, 0, 0, 0, 0, 0, 0, 0, 0, 0, 0, 0, 0, 0, 0, 0, 0, 0, 0, 0, 0, 0, 0, 0, 0, 0, 0, 0, 0, 0, 0, 0, 0, 0, 0, 0, 0, 0, 0, 0, 0, 0, 0, 0, 0, 0, 0, 0, 0, 0, 0, 0, 0, 0]]
},
"sfx": {
    "inharmonicity": {
        "kurt": 7.35854530334,
        "max": 0.362765133381,
        "mean": 0.0347526594996,
        "median": 0.00805214513093,
        "min": 0,
        "skew": 2.59388828278,
        "var": 0.00354132219218
    },
    "oddtoevenharmonicenergyratio": {
        "kurt": 374.866973877,
        "max": 511.323303223,
        "mean": 1.99765026569,
        "median": 0.0438728071749,
        "min": 0,
        "skew": 19.3618946075,
        "var": 681.014709473
    },
    "pitch_after_max_to_before_max_energy_ratio": 3.30693078041,
    "pitch_centroid": 246.2734375,
    "pitch_max_to_total": 0.518229186535,
    "pitch_min_to_total": 0.239583328366,
    "tristimulus": {
        "kurt": [-1.23095262051, -0.71617770195, 3.12678480148],
        "max": [1, 0.929708898067, 0.811063408852],
        "mean": [0.585134088993, 0.301224410534, 0.113641530275],
        "median": [0.610142290592, 0.265831828117, 0.0454680845141],
        "min": [0, 0, 0],
        "skew": [-0.257956326008, 0.545095562935, 1.88834953308],
        "var": [0.10988637805, 0.0659190639853, 0.0243591442704],
        "cov": [[0.110173285007, -0.0759207904339, -0.0342524275184], [-0.0759207904339, 0.0660911723971, 0.00982972513884], [-0.0342524275184, 0.00982972513884, 0.024422744289]]
    }
},
"tonal": {
    "chords_changes_rate": 0.113989636302,
    "chords_number_rate": 0.0414507761598,
    "chords_strength": {
        "kurt": -0.892558813095,
        "max": 0.667271792889,
        "mean": 0.507314324379,
        "median": 0.524707257748,
        "min": 0.310287684202,
        "skew": -0.540962636471,
        "var": 0.00743325520307
    },
    "key_strength": 0.403777509928,
    "tuning_diatonic_strength": 0.433822035789,
    "tuning_equal_tempered_deviation": 0.266051858664,
    "tuning_frequency": 442.03793335,
    "tuning_nontempered_energy_ratio": 0.897009074688,
    "hpcp": {
        "kurt": [3.22349262238, 7.99761867523, 14.735578537, 10.7493782043, 5.67090892792, 12.1013479233, 7.81812858582, 5.73251056671, 8.63652324677, 10.3091211319, 12.2513484955, 9.61065769196, 9.06946849823, 8.69296264648, 6.39186382294, 3.41887712479, 1.68293571472, 1.13041830063, 1.48038911819, 1.17284345627, 1.22774791718, 1.90457487106, 5.34084320068, 8.54187774658, 6.31408214569, 3.56433439255, 1.57763385773, 1.36184263229, 3.49287223816, 0.56605052948, -0.833050489426, 0.488946676254, 3.33076286316, 5.43055534363, 3.39775419235, 3.29504728317],
        "max": [1, 1, 1, 1, 0.774114072323, 1, 1, 1, 1, 1, 1, 1, 1, 1, 0.876275837421, 0.914328336716, 1, 1, 1, 1, 1, 1, 1, 1, 1, 1, 1, 1, 1, 1, 1, 1, 1, 1, 0.903740525246, 1],
        "mean": [0.162995874882, 0.111264765263, 0.0782397836447, 0.0752810761333, 0.0785910785198, 0.0775418132544, 0.10152258724, 0.112105563283, 0.0965933352709, 0.0824928209186, 0.0766494646668, 0.0826791524887, 0.0915962383151, 0.0983713269234, 0.0996771678329, 0.115945547819, 0.183552131057, 0.2144536376, 0.188178643584, 0.215245217085, 0.225118413568, 0.178596183658, 0.145723238587, 0.119661517441, 0.104856468737, 0.140783339739, 0.200817361474, 0.203098163009, 0.168443635106, 0.221905559301, 0.308224737644, 0.255069732666, 0.160320058465, 0.12576302886, 0.122771859169, 0.163613647223],
