{
"metadata": {
    "version": {
        "essentia": "2.1-beta3"
    }
},
"lowLevel": {
    "average_loudness": 0.911921620369,
    "barkbands_kurtosis": {
        "kurt": 37.6928749084,
        "max": 60.8026542664,
        "mean": 4.04566764832,
        "median": 2.3352227211,
        "min": -1.40629172325,
        "skew": 5.07668113708,
        "var": 36.8639450073
    },
    "barkbands_skewness": {
        "kurt": 6.63974475861,
        "max": 6.38397455215,
        "mean": 1.38801181316,
        "median": 1.16077792645,
        "min": -0.542504072189,
        "skew": 1.98676156998,
        "var": 0.737056732178
    },
    "barkbands_spread": {
        "kurt": 0.399398088455,
        "max": 20.8631343842,
        "mean": 7.5080165863,
        "median": 6.4014544487,
        "min": 1.02966248989,
        "skew": 0.99748146534,
        "var": 17.3132762909
    },
    "dissonance": {
        "kurt": 42.8473434448,
        "max": 0.499855101109,
        "mean": 0.467057049274,
        "median": 0.481362819672,
        "min": 0.00297526922077,
        "skew": -5.16102027893,
        "var": 0.00219523743726
    },
    "hfc": {
        "kurt": 33.8373718262,
        "max": 118.457054138,
        "mean": 5.68741512299,
        "median": 1.15728628635,
        "min": 3.73191616498e-11,
        "skew": 5.03616428375,
        "var": 158.528244019
    },
    "pitch": {
        "kurt": -0.531205892563,
        "max": 1415.29077148,
        "mean": 671.45135498,
        "median": 773.379150391,
        "min": 114.39225769,
        "skew": -0.539744496346,
        "var": 63345.0117188
    },
    "pitch_instantaneous_confidence": {
        "kurt": -0.977274179459,
        "max": 0.962923288345,
        "mean": 0.546989321709,
        "median": 0.528278768063,
        "min": 0.200922787189,
        "skew": 0.150234982371,
        "var": 0.0381869412959
    },
    "pitch_salience": {
        "kurt": 0.0596511363983,
        "max": 0.968398213387,
        "mean": 0.65461653471,
        "median": 0.672107458115,
        "min": 0.315058529377,
        "skew": -0.62746489048,
        "var": 0.0136274909601
    },
    "silence_rate_20dB": {
        "kurt": 0,
        "max": 1,
        "mean": 1,
        "median": 1,
        "min": 1,
        "skew": 0,
        "var": 0
    },
    "silence_rate_30dB": {
        "kurt": 0,
        "max": 1,
        "mean": 1,
        "median": 1,
        "min": 1,
        "skew": 0,
        "var": 0
    },
    "silence_rate_60dB": {
        "kurt": -1.48970258236,
        "max": 1,
        "mean": 0.668181836605,
        "median": 1,
        "min": 0,
        "skew": -0.714350342751,
        "var": 0.221715182066
    },
    "spectral_centroid": {
        "kurt": 2.986369133,
        "max": 1874.14099121,
        "mean": 1110.45336914,
        "median": 1061.5390625,
        "min": 850.253417969,
        "skew": 1.66390573978,
        "var": 36978.8085938
    },
    "spectral_complexity": {
        "kurt": 2.03468370438,
        "max": 27,
        "mean": 5.10454559326,
        "median": 4,
        "min": 0,
        "skew": 1.27147591114,
        "var": 25.3935985565
    },
    "spectral_crest": {
        "kurt": 0.0925505161285,
        "max": 23.8865585327,
        "mean": 10.7077608109,
        "median": 10.1916942596,
        "min": 3.79145264626,
        "skew": 0.663363099098,
        "var": 15.2704124451
    },
    "spectral_decrease": {
        "kurt": 12.6714172363,
        "max": -4.95877773171e-21,
        "mean": -1.08676823096e-09,
        "median": -2.76368344876e-10,
        "min": -1.41744820326e-08,
        "skew": -3.25263237953,
        "var": 3.96280807496e-18
    },
    "spectral_energy": {
        "kurt": 14.5286083221,
        "max": 0.0642422586679,
        "mean": 0.00461757741868,
        "median": 0.00114863622002,
        "min": 2.21005278558e-14,
        "skew": 3.42357182503,
        "var": 7.40930408938e-05
    },
    "spectral_energyband_high": {
        "kurt": 34.6098861694,
        "max": 0.00197178218514,
        "mean": 7.52369887778e-05,
        "median": 4.49446997663e-06,
        "min": 1.04861598903e-15,
        "skew": 5.32762050629,
        "var": 4.65111895664e-08
    },
    "spectral_energyband_low": {
        "kurt": 2.19900751114,
        "max": 2.27735654335e-06,
        "mean": 5.2470807077e-07,
        "median": 4.24360337092e-07,
        "min": 9.34831684181e-17,
        "skew": 1.39629292488,
        "var": 1.76182771714e-13
    },
    "spectral_energyband_middle_high": {
        "kurt": 21.7551059723,
        "max": 0.0612459257245,
        "mean": 0.00335633056238,
        "median": 0.000711458618753,
        "min": 1.92615275265e-14,
        "skew": 4.27645111084,
        "var": 5.77041973884e-05
    },
    "spectral_energyband_middle_low": {
        "kurt": 21.7261562347,
        "max": 0.0235102958977,
        "mean": 0.0014853348257,
        "median": 0.000446093967184,
        "min": 1.71313684132e-15,
        "skew": 4.2514667511,
        "var": 8.78318769537e-06
    },
    "spectral_flatness_db": {
        "kurt": -0.657650709152,
        "max": 0.363780379295,
        "mean": 0.23364430666,
        "median": 0.235155269504,
        "min": 0.114244632423,
        "skew": 0.00784456636757,
        "var": 0.00258625322022
    },
    "spectral_flux": {
        "kurt": 3.08105325699,
        "max": 0.193860024214,
        "mean": 0.037636436522,
        "median": 0.0214793402702,
        "min": 0.000100227684015,
        "skew": 1.8470031023,
        "var": 0.00156618806068
    },
    "spectral_kurtosis": {
        "kurt": 1.15746593475,
        "max": 36.6062088013,
        "mean": 9.60903453827,
        "median": 8.87870311737,
        "min": -0.0502486228943,
        "skew": 0.89270734787,
        "var": 35.6907730103
    },
    "spectral_rms": {
        "kurt": 2.69484233856,
        "max": 0.00791677832603,
        "mean": 0.00156217813492,
        "median": 0.00105856102891,
        "min": 4.64343496986e-09,
        "skew": 1.63775706291,
        "var": 2.06455115404e-06
    },
    "spectral_rolloff": {
        "kurt": 3.23015785217,
        "max": 3402.24609375,
        "mean": 1529.34777832,
        "median": 1496.55761719,
        "min": 796.728515625,
        "skew": 1.41373884678,
        "var": 186105.75
    },
    "spectral_skewness": {
        "kurt": -0.358553409576,
        "max": 4.72494316101,
        "mean": 2.52635169029,
        "median": 2.47795271873,
        "min": 0.993911087513,
        "skew": 0.298569828272,
        "var": 0.452776193619
    },
    "spectral_spread": {
        "kurt": 0.478769540787,
        "max": 11015159,
        "mean": 4186812.5,
        "median": 3580618,
        "min": 1770568.625,
        "skew": 1.03905510902,
        "var": 3.48429824819e+12
    },
    "spectral_strongpeak": {
        "kurt": 4.45741796494,
        "max": 4.4111495018,
        "mean": 0.708762347698,
        "median": 0.352521717548,
        "min": 1.0494272118e-07,
        "skew": 2.15910887718,
        "var": 0.823311030865
    },
    "zerocrossingrate": {
        "kurt": 157.041473389,
        "max": 0.462890625,
        "mean": 0.0590931288898,
        "median": 0.05517578125,
        "min": 0.0322265625,
        "skew": 11.6941671371,
        "var": 0.000869116920512
    },
    "barkbands": {
        "kurt": [14.7781124115, 16.3843898773, 16.07762146, 1.55660581589, 4.34960651398, 6.43172740936, 12.1183204651, 18.584444046, 31.6687736511, 29.1423988342, 78.1903762817, 156.489730835, 10.0879268646, 43.0382614136, 177.160675049, 143.441085815, 134.050064087, 63.8082809448, 185.409378052, 79.1971511841, 15.4277935028, 16.7548751831, 73.2833023071, 34.4218254089, 36.4762763977, 54.0424690247, 66.950012207],
        "max": [3.77614783886e-09, 5.36653885774e-07, 1.71869601218e-06, 4.41654310634e-06, 2.25080584642e-05, 4.71000348625e-05, 0.000112985522719, 0.000291792937787, 0.0131339421496, 0.0316555760801, 0.031068040058, 0.0229081194848, 0.00139435112942, 0.0142500484362, 0.0161006804556, 0.00949623808265, 0.0147073026747, 0.00129090028349, 0.0085400538519, 0.00161256967112, 0.000328267517034, 0.000231205558521, 0.000285458896542, 0.000446442427346, 6.4683285018e-05, 5.6198891798e-06, 5.60294655116e-09],
        "mean": [3.42608719173e-10, 5.19010754374e-08, 1.84641876899e-07, 9.74277327259e-07, 4.7686680773e-06, 8.73881072039e-06, 1.47323717101e-05, 2.91366759484e-05, 0.000713821442332, 0.00154052255675, 0.000677418254782, 0.000352834293153, 0.000133995359647, 0.000505684816744, 0.000175296096131, 0.000112609370262, 0.000145533631439, 3.31666051352e-05, 8.14201339381e-05, 2.93879184028e-05, 1.97512727027e-05, 1.20919812616e-05, 6.47171964374e-06, 1.6462205167e-05, 2.37206563725e-06, 1.54525750418e-07, 2.0443022275e-10],
        "median": [1.57828888847e-10, 2.99399189885e-08, 1.28899614538e-07, 7.4171327924e-07, 4.14749729316e-06, 7.22313097867e-06, 8.68086954142e-06, 2.08080746233e-05, 0.000186297664186, 0.000298851577099, 7.23228877177e-05, 4.49289436801e-05, 4.19608550146e-05, 8.99646693142e-05, 1.0660533917e-05, 6.20427545073e-06, 4.63116793981e-06, 4.33847390013e-06, 5.2699851949e-06, 3.41917302649e-06, 1.81961331691e-06, 6.4025221036e-07, 1.8335566665e-07, 7.83920626191e-08, 2.00385947835e-08, 2.03460248649e-09, 3.46718348476e-11],
        "min": [2.5759678133e-17, 4.07040260052e-17, 2.73643191859e-17, 2.33686000759e-17, 2.17619688265e-17, 5.02546632839e-17, 3.28551877672e-16, 6.34576808232e-16, 6.18826124698e-16, 1.58475946904e-16, 1.51354030356e-15, 4.83552051346e-15, 5.79582887082e-15, 3.00067350795e-15, 8.14025449728e-16, 2.98538588675e-16, 1.00662126018e-15, 6.33235213922e-16, 9.86114063128e-16, 4.030919417e-16, 3.06821168e-16, 4.91409923058e-16, 2.27143101375e-17, 1.43473616979e-17, 4.26502132417e-17, 3.86001971691e-18, 1.46629251046e-18],
        "skew": [3.49383926392, 3.56969070435, 3.0649189949, 1.37025046349, 1.66864681244, 2.04912447929, 3.05366921425, 3.73957800865, 5.06796503067, 4.69746685028, 8.22802829742, 11.8459510803, 3.13073468208, 6.04687356949, 12.9479932785, 11.4827270508, 11.2728757858, 7.22009801865, 13.2972307205, 8.4368686676, 3.78597259521, 3.81918358803, 7.67914772034, 5.10675621033, 5.42866420746, 6.78015327454, 6.93601989746],
        "var": [3.16452393143e-19, 4.97062946833e-15, 4.02503144746e-14, 8.47156546302e-13, 1.34814364533e-11, 4.90411808385e-11, 3.03621766617e-10, 1.26671140244e-09, 2.50064590546e-06, 1.21236334962e-05, 7.48059392208e-06, 2.71975750366e-06, 6.03755978545e-08, 2.24791028813e-06, 1.27647024328e-06, 4.97264977639e-07, 1.26529891986e-06, 1.40199825083e-08, 3.51617131855e-07, 2.06419947801e-08, 2.4433002288e-09, 9.95831972439e-10, 6.21812046298e-10, 2.23240625985e-09, 4.987577365e-11, 3.19631311436e-13, 2.39619670248e-19],
        "cov": [[3.17897374276e-19, 7.61927063725e-18, 2.71176158769e-17, 6.72795159805e-17, 1.38494836725e-16, 2.6519587786e-16, 1.32681559611e-15, 3.19711061282e-15, 3.49321998194e-13, 6.84219824895e-13, 1.59713049535e-13, 1.05839538251e-13, 3.91786348372e-14, 2.28933869474e-13, 1.34986545054e-13, 2.05917656651e-14, 1.05729993174e-13, 2.14547177496e-14, 5.40843039028e-14, 9.0620641484e-15, 1.18618858158e-14, 8.03542125281e-15, 2.84890828545e-15, 1.10164732425e-14, 1.46630519362e-15, 1.27595203525e-16, 6.09207147412e-20], [7.61927063725e-18, 4.99332613967e-15, 7.86015743053e-15, 3.86115691489e-15, 1.59265877125e-14, 8.5441561866e-14, 4.4153138719e-13, 1.09984463485e-13, -2.87515996254e-12, 1.03944960278e-11, 4.6633317867e-12, 4.91708479489e-11, 3.45410440701e-12, -4.2020648571e-13, 3.01601950879e-12, 3.33840854266e-12, 1.12661399307e-11, 6.61823677459e-13, -3.65170784236e-13, 7.99691096762e-13, 3.44937593029e-13, 6.18379859037e-13, 4.45675831309e-13, 4.24162658122e-13, 3.75770784931e-14, 6.49260124372e-16, 1.63747267854e-17], [2.71176158769e-17, 7.86015743053e-15, 4.04341070717e-14, 2.08673004006e-14, 9.00292007285e-14, 3.48892870974e-13, 9.45761806544e-13, 2.97541125852e-13, -5.02694674082e-14, 4.54763761371e-11, -7.42762535505e-12, 1.77028711135e-10, 1.44329192694e-11, 1.87361445803e-11, 1.64116012447e-11, 1.62828049655e-11, 5.69272649853e-11, 3.37351435849e-12, 6.03149995226e-12, 5.54128834832e-12, 1.68438602909e-12, 2.02142859743e-12, 2.30028322779e-12, 1.41443063859e-12, 1.45587264033e-13, 8.28317246065e-15, 2.50604011499e-17], [6.72795159805e-17, 3.86115691489e-15, 2.08673004006e-14, 8.51024871233e-13, 7.7139314901e-13, 6.28450741967e-13, 1.55168326105e-12, 2.38272205785e-12, 6.99574634333e-11, 3.1136007661e-10, 5.48139034162e-10, 6.71860900248e-11, 1.23506448124e-11, 7.62407428856e-11, 1.84311472334e-11, 1.70723817028e-11, 9.50356668361e-11, 1.28044311265e-11, 6.11574263454e-11, 6.20877611476e-12, 5.38379367129e-12, 1.06540514258e-12, 6.41160518774e-13, 5.09571681725e-12, 1.0346750583e-12, 5.63183668537e-14, 8.62271864069e-17], [1.38494836725e-16, 1.59265877125e-14, 9.00292007285e-14, 7.7139314901e-13, 1.35429948506e-11, 4.61899659146e-12, 9.52789756814e-12, 3.32380858947e-11, 2.5346938437e-10, 5.37218269869e-10, 5.01825858645e-10, 1.86421836301e-10, 7.83328124587e-11, 1.73600925302e-10, -1.00124786934e-11, 3.44490019843e-10, 2.65029026503e-10, 5.3043944237e-11, 2.26736102116e-10, 6.52556897407e-11, 1.88841130233e-11, 2.85001866942e-13, 8.74664663614e-12, 7.8541053869e-12, 1.94222958029e-12, 1.89254265471e-13, 5.08248984372e-17], [2.6519587786e-16, 8.5441561866e-14, 3.48892870974e-13, 6.28450741967e-13, 4.61899659146e-12, 4.92651128225e-11, 2.34270779859e-11, 3.29324276183e-11, 1.3555476186e-10, 5.66467373009e-10, 1.75447423256e-09, 4.72126204798e-09, 2.34654462528e-10, 3.23640808597e-10, 4.7676429471e-10, 9.79088587982e-10, 1.67908997817e-09, 9.32646043728e-11, 3.53273466036e-10, 2.33993796561e-10, 5.14619492853e-11, 3.27617308282e-11, 6.33990915322e-11, 3.96793257973e-11, 5.21283710642e-12, 3.08376046053e-13, 2.66455865839e-16], [1.32681559611e-15, 4.4153138719e-13, 9.45761806544e-13, 1.55168326105e-12, 9.52789756814e-12, 2.34270779859e-11, 3.05008157619e-10, 3.57444664145e-11, -1.58249990889e-09, 3.00648728135e-09, 2.1056446517e-11, 6.61816823566e-09, 2.42131786843e-10, 5.30596566684e-10, 2.16412820997e-09, -1.93791663272e-10, 1.03973418764e-09, -4.31392109534e-11, -2.17522555523e-10, 5.40134222071e-11, -3.79423705996e-12, 6.46468850674e-11, 5.73050565333e-11, 9.67373334215e-11, 2.48127451745e-12, -4.30480981807e-13, 3.82189709661e-16], [3.19711061282e-15, 1.09984463485e-13, 2.97541125852e-13, 2.38272205785e-12, 3.32380858947e-11, 3.29324276183e-11, 3.57444664145e-11, 1.27249544235e-09, 8.23000423367e-09, 2.27254193241e-09, 1.32909661055e-09, -1.44518882972e-10, 1.16742882028e-09, -5.08990016801e-10, -5.57005275237e-10, -2.13206216571e-10, 1.26591304106e-09, 3.04457792311e-10, 9.34696431365e-10, 3.97895744131e-11, 1.72049097191e-10, 4.10792858063e-11, 1.26715946763e-11, 7.13078623926e-11, 1.71022796619e-11, 3.11276850649e-12, 5.61628319111e-16], [3.49321998194e-13, -2.87515996254e-12, -5.02694674082e-14, 6.99574634333e-11, 2.5346938437e-10, 1.3555476186e-10, -1.58249990889e-09, 8.23000423367e-09, 2.51206438406e-06, 2.01848092729e-06, 8.70727276947e-08, 1.51996843556e-07, 1.10575314238e-07, 4.30896733405e-07, 7.59442002618e-08, 1.43623610782e-08, 1.86919741907e-08, 4.37128235831e-08, 8.51639825328e-09, 1.25763142123e-08, 3.25966347248e-08, 2.33061587807e-08, 5.21073983961e-09, 2.87282357903e-08, 3.63332963715e-09, 3.78292980274e-10, 1.93464127639e-13], [6.84219824895e-13, 1.03944960278e-11, 4.54763761371e-11, 3.1136007661e-10, 5.37218269869e-10, 5.66467373009e-10, 3.00648728135e-09, 2.27254193241e-09, 2.01848092729e-06, 1.21789926197e-05, 1.64218772625e-06, 7.34569312044e-07, 1.48714576653e-07, 2.85695023194e-06, 1.14179306365e-06, 3.35577169608e-07, 8.01521025551e-07, 1.00624035326e-07, 4.76876323319e-07, 1.03328972045e-07, 5.56789885309e-08, 4.64226097563e-08, 2.10942836532e-08, 7.0012212916e-08, 9.94815874122e-09, 7.72656605363e-10, 5.12226491691e-13], [1.59713049535e-13, 4.6633317867e-12, -7.42762535505e-12, 5.48139034162e-10, 5.01825858645e-10, 1.75447423256e-09, 2.1056446517e-11, 1.32909661055e-09, 8.70727276947e-08, 1.64218772625e-06, 7.5147518146e-06, 9.25351514525e-07, 9.20472729149e-08, 3.19138706573e-07, 1.57711852466e-07, 5.25892005498e-07, 1.39157396006e-06, 1.34662755613e-07, 7.69987195781e-07, 1.24980459759e-07, 5.55189672014e-08, 1.65658473605e-08, 1.77355019559e-08, 3.21181765628e-08, 7.89315368621e-09, 5.22609511222e-10, 2.61440120854e-13], [1.05839538251e-13, 4.91708479489e-11, 1.77028711135e-10, 6.71860900248e-11, 1.86421836301e-10, 4.72126204798e-09, 6.61816823566e-09, -1.44518882972e-10, 1.51996843556e-07, 7.34569312044e-07, 9.25351514525e-07, 2.73217642643e-06, 1.69700001607e-07, 1.26759076124e-07, 6.47921964969e-08, 3.75099773464e-07, 9.8274767879e-07, 6.61981971462e-08, 1.65341901948e-07, 1.03787016315e-07, 2.70252886736e-08, 2.16119691032e-08, 3.4265315918e-08, 2.21037907977e-08, 3.35816441321e-09, 1.84643439427e-10, 2.48221500862e-13], [3.91786348372e-14, 3.45410440701e-12, 1.44329192694e-11, 1.23506448124e-11, 7.83328124587e-11, 2.34654462528e-10, 2.42131786843e-10, 1.16742882028e-09, 1.10575314238e-07, 1.48714576653e-07, 9.20472729149e-08, 1.69700001607e-07, 6.0651288436e-08, 7.31004945465e-08, 8.80979467155e-09, 6.47146478627e-08, 8.48937773412e-08, 8.51708126248e-09, 2.95646618298e-08, 1.46513121635e-08, 4.28382840312e-09, 3.37976047149e-09, 2.6839097611e-09, 2.4727009329e-09, 4.97520913356e-10, 3.28349882006e-11, 4.30225347264e-14], [2.28933869474e-13, -4.2020648571e-13, 1.87361445803e-11, 7.62407428856e-11, 1.73600925302e-10, 3.23640808597e-10, 5.30596566684e-10, -5.08990016801e-10, 4.30896733405e-07, 2.85695023194e-06, 3.19138706573e-07, 1.26759076124e-07, 7.31004945465e-08, 2.25817461796e-06, 8.81701737399e-07, 7.60028395774e-09, 5.26765653319e-08, 9.40171052122e-09, 8.49998542662e-08, 3.16183967897e-09, 2.67052833181e-08, 2.03873682381e-08, 9.45332434554e-09, 3.34099539145e-08, 2.16751150361e-09, 1.28169877489e-10, 1.91259998832e-13], [1.34986545054e-13, 3.01601950879e-12, 1.64116012447e-11, 1.84311472334e-11, -1.00124786934e-11, 4.7676429471e-10, 2.16412820997e-09, -5.57005275237e-10, 7.59442002618e-08, 1.14179306365e-06, 1.57711852466e-07, 6.47921964969e-08, 8.80979467155e-09, 8.81701737399e-07, 1.28229885377e-06, 1.14128750894e-08, 7.3230339126e-08, 8.03811239791e-09, 9.81599725947e-08, 2.85643220188e-09, 2.04635099976e-08, 1.44294016735e-08, 9.13628372956e-09, 3.59541481032e-08, 1.54419277365e-09, 4.75474555561e-11, 7.68373740827e-14], [2.05917656651e-14, 3.33840854266e-12, 1.62828049655e-11, 1.70723817028e-11, 3.44490019843e-10, 9.79088587982e-10, -1.93791663272e-10, -2.13206216571e-10, 1.43623610782e-08, 3.35577169608e-07, 5.25892005498e-07, 3.75099773464e-07, 6.47146478627e-08, 7.60028395774e-09, 1.14128750894e-08, 4.99535588006e-07, 3.46578104882e-07, 3.34093215315e-08, 1.85784074347e-07, 9.4517645266e-08, 1.47887915247e-08, 7.21847381868e-09, 8.99177710068e-09, 7.73264829945e-09, 2.27070873215e-09, 1.31036459461e-10, 7.42056494919e-14], [1.05729993174e-13, 1.12661399307e-11, 5.69272649853e-11, 9.50356668361e-11, 2.65029026503e-10, 1.67908997817e-09, 1.03973418764e-09, 1.26591304106e-09, 1.86919741907e-08, 8.01521025551e-07, 1.39157396006e-06, 9.8274767879e-07, 8.48937773412e-08, 5.26765653319e-08, 7.3230339126e-08, 3.46578104882e-07, 1.27107659864e-06, 1.0633885239e-07, 5.95672531745e-07, 1.01953880005e-07, 2.39566713134e-08, 1.29243558078e-08, 1.79262222844e-08, 2.04893169098e-08, 5.23371879169e-09, 4.1130177042e-10, 9.47438606519e-14], [2.14547177496e-14, 6.61823677459e-13, 3.37351435849e-12, 1.28044311265e-11, 5.3043944237e-11, 9.32646043728e-11, -4.31392109534e-11, 3.04457792311e-10, 4.37128235831e-08, 1.00624035326e-07, 1.34662755613e-07, 6.61981971462e-08, 8.51708126248e-09, 9.40171052122e-09, 8.03811239791e-09, 3.34093215315e-08, 1.0633885239e-07, 1.40840006324e-08, 5.39683036038e-08, 1.00095354227e-08, 3.93660926079e-09, 1.86525395129e-09, 1.64563473959e-09, 3.10673731185e-09, 7.27218840701e-10, 5.00445622442e-11, 1.70246134627e-14], [5.40843039028e-14, -3.65170784236e-13, 6.03149995226e-12, 6.11574263454e-11, 2.26736102116e-10, 3.53273466036e-10, -2.17522555523e-10, 9.34696431365e-10, 8.51639825328e-09, 4.76876323319e-07, 7.69987195781e-07, 1.65341901948e-07, 2.95646618298e-08, 8.49998542662e-08, 9.81599725947e-08, 1.85784074347e-07, 5.95672531745e-07, 5.39683036038e-08, 3.53222702643e-07, 5.04531350032e-08, 1.25262848982e-08, 5.4125943727e-09, 6.00553695662e-09, 1.20269634252e-08, 2.93982305166e-09, 2.2613753925e-10, 4.38783632638e-14], [9.0620641484e-15, 7.99691096762e-13, 5.54128834832e-12, 6.20877611476e-12, 6.52556897407e-11, 2.33993796561e-10, 5.40134222071e-11, 3.97895744131e-11, 1.25763142123e-08, 1.03328972045e-07, 1.24980459759e-07, 1.03787016315e-07, 1.46513121635e-08, 3.16183967897e-09, 2.85643220188e-09, 9.4517645266e-08, 1.01953880005e-07, 1.00095354227e-08, 5.04531350032e-08, 2.07362500504e-08, 3.52794371494e-09, 1.70511660347e-09, 2.31418662011e-09, 2.33756280998e-09, 6.52112697175e-10, 3.79382116e-11, 1.34920862731e-14], [1.18618858158e-14, 3.44937593029e-13, 1.68438602909e-12, 5.38379367129e-12, 1.88841130233e-11, 5.14619492853e-11, -3.79423705996e-12, 1.72049097191e-10, 3.25966347248e-08, 5.56789885309e-08, 5.55189672014e-08, 2.70252886736e-08, 4.28382840312e-09, 2.67052833181e-08, 2.04635099976e-08, 1.47887915247e-08, 2.39566713134e-08, 3.93660926079e-09, 1.25262848982e-08, 3.52794371494e-09, 2.45445685998e-09, 1.01385211337e-09, 7.47619910424e-10, 1.64776492451e-09, 2.57860344188e-10, 1.92280288913e-11, 9.18443499829e-15], [8.03542125281e-15, 6.18379859037e-13, 2.02142859743e-12, 1.06540514258e-12, 2.85001866942e-13, 3.27617308282e-11, 6.46468850674e-11, 4.10792858063e-11, 2.33061587807e-08, 4.64226097563e-08, 1.65658473605e-08, 2.16119691032e-08, 3.37976047149e-09, 2.03873682381e-08, 1.44294016735e-08, 7.21847381868e-09, 1.29243558078e-08, 1.86525395129e-09, 5.4125943727e-09, 1.70511660347e-09, 1.01385211337e-09, 1.00037911288e-09, 4.38886288423e-10, 1.03265751505e-09, 1.25156870978e-10, 8.47353177208e-12, 7.28345928355e-15], [2.84890828545e-15, 4.45675831309e-13, 2.30028322779e-12, 6.41160518774e-13, 8.74664663614e-12, 6.33990915322e-11, 5.73050565333e-11, 1.26715946763e-11, 5.21073983961e-09, 2.10942836532e-08, 1.77355019559e-08, 3.4265315918e-08, 2.6839097611e-09, 9.45332434554e-09, 9.13628372956e-09, 8.99177710068e-09, 1.79262222844e-08, 1.64563473959e-09, 6.00553695662e-09, 2.31418662011e-09, 7.47619910424e-10, 4.38886288423e-10, 6.24651330661e-10, 6.47814746291e-10, 8.98876389988e-11, 5.32659246572e-12, 3.2063009203e-15], [1.10164732425e-14, 4.24162658122e-13, 1.41443063859e-12, 5.09571681725e-12, 7.8541053869e-12, 3.96793257973e-11, 9.67373334215e-11, 7.13078623926e-11, 2.87282357903e-08, 7.0012212916e-08, 3.21181765628e-08, 2.21037907977e-08, 2.4727009329e-09, 3.34099539145e-08, 3.59541481032e-08, 7.73264829945e-09, 2.04893169098e-08, 3.10673731185e-09, 1.20269634252e-08, 2.33756280998e-09, 1.64776492451e-09, 1.03265751505e-09, 6.47814746291e-10, 2.24259988357e-09, 2.47748294102e-10, 1.38615134995e-11, 7.4059910697e-15], [1.46630519362e-15, 3.75770784931e-14, 1.45587264033e-13, 1.0346750583e-12, 1.94222958029e-12, 5.21283710642e-12, 2.48127451745e-12, 1.71022796619e-11, 3.63332963715e-09, 9.94815874122e-09, 7.89315368621e-09, 3.35816441321e-09, 4.97520913356e-10, 2.16751150361e-09, 1.54419277365e-09, 2.27070873215e-09, 5.23371879169e-09, 7.27218840701e-10, 2.93982305166e-09, 6.52112697175e-10, 2.57860344188e-10, 1.25156870978e-10, 8.98876389988e-11, 2.47748294102e-10, 5.01035150868e-11, 3.05985401947e-12, 1.21419229549e-15], [1.27595203525e-16, 6.49260124372e-16, 8.28317246065e-15, 5.63183668537e-14, 1.89254265471e-13, 3.08376046053e-13, -4.30480981807e-13, 3.11276850649e-12, 3.78292980274e-10, 7.72656605363e-10, 5.22609511222e-10, 1.84643439427e-10, 3.28349882006e-11, 1.28169877489e-10, 4.75474555561e-11, 1.31036459461e-10, 4.1130177042e-10, 5.00445622442e-11, 2.2613753925e-10, 3.79382116e-11, 1.92280288913e-11, 8.47353177208e-12, 5.32659246572e-12, 1.38615134995e-11, 3.05985401947e-12, 3.2109081019e-13, 8.01987801294e-17], [6.09207147412e-20, 1.63747267854e-17, 2.50604011499e-17, 8.62271864069e-17, 5.08248984372e-17, 2.66455865839e-16, 3.82189709661e-16, 5.61628319111e-16, 1.93464127639e-13, 5.12226491691e-13, 2.61440120854e-13, 2.48221500862e-13, 4.30225347264e-14, 1.91259998832e-13, 7.68373740827e-14, 7.42056494919e-14, 9.47438606519e-14, 1.70246134627e-14, 4.38783632638e-14, 1.34920862731e-14, 9.18443499829e-15, 7.28345928355e-15, 3.2063009203e-15, 7.4059910697e-15, 1.21419229549e-15, 8.01987801294e-17, 2.40713823403e-19]]
    },
    "mfcc": {
        "kurt": [1.72897148132, -0.160507917404, 3.87629795074, -0.624831676483, 2.46700525284, 1.45545339584, 0.623898506165, 1.72367668152, 0.748971939087, 0.817653417587, 2.00757074356, 0.565771579742, 0.474038362503],
        "max": [-621.227355957, 154.818359375, 3.39511108398, 8.16096878052, -6.103515625e-05, 13.2305107117, 22.5197429657, 31.9833431244, 28.4641590118, 23.5867652893, 11.2922916412, 13.0372505188, 10.2333812714],
        "mean": [-831.152770996, 101.552772522, -76.2582550049, -40.1352043152, -45.7509994507, -17.5029029846, -1.6906298399, -8.69469451904, -3.11412239075, -4.36246013641, -9.30320644379, -14.7507953644, -19.3512802124],
        "median": [-846.62097168, 114.541305542, -77.8941345215, -39.9500808716, -46.7842407227, -17.6733322144, -1.5257396698, -9.94470119476, -3.89541053772, -4.66738510132, -8.28444099426, -13.8965606689, -18.6431751251],
        "min": [-1138.42004395, 1.14440917969e-05, -120.02545166, -96.7422485352, -69.6523361206, -51.3879547119, -26.6164340973, -24.5791320801, -30.6165390015, -27.1937179565, -55.0927505493, -42.4705429077, -60.0916290283],
        "skew": [-0.509864509106, -0.887535989285, 1.32995009422, 0.0646376460791, 0.904543280602, -0.166748911142, -0.00169409019873, 0.947786092758, 0.431390762329, 0.39778766036, -1.01903319359, -0.385709345341, -0.589791834354],
        "var": [7481.17626953, 1333.83789062, 384.118347168, 499.862182617, 109.9688797, 73.6766357422, 56.428150177, 90.0311508179, 85.0492248535, 78.3408584595, 101.367149353, 81.064781189, 137.145217896],
        "cov": [[7515.33691406, -1067.3626709, -1096.64855957, -1253.12756348, -273.552490234, 125.101821899, 84.4923782349, 336.643005371, 241.699874878, 62.8327980042, -283.038482666, -186.908081055, -455.103759766], [-1067.3626709, 1339.9284668, -201.241760254, 257.084075928, -152.340438843, -63.110168457, -0.717901170254, -180.211669922, -94.4855270386, -13.0995550156, 100.683837891, -11.0673999786, 67.1837081909], [-1096.64855957, -201.241760254, 385.872314453, 164.835494995, 90.6233291626, -12.502494812, -22.0017299652, -7.73655653, -8.49248886108, 4.14061117172, 31.6348342896, 49.0860176086, 45.1507415771], [-1253.12756348, 257.084075928, 164.835494995, 502.14465332, 43.658416748, -60.0827980042, -42.9555702209, -72.7573928833, -72.0588989258, -49.7318763733, 40.7343826294, 64.0483932495, 167.303344727], [-273.552490234, -152.340438843, 90.6233291626, 43.658416748, 110.47102356, 8.81194400787, -6.2909488678, 14.560344696, 0.636956810951, 7.36483812332, 6.98880958557, 8.65358543396, 24.2197170258], [125.101821899, -63.110168457, -12.502494812, -60.0827980042, 8.81194400787, 74.0130615234, -0.35605353117, 19.0937538147, 15.8912372589, -5.29854679108, 5.33913850784, -0.989807426929, -17.8126506805], [84.4923782349, -0.717901170254, -22.0017299652, -42.9555702209, -6.2909488678, -0.35605353117, 56.6858139038, 13.0974493027, 4.78710222244, 4.42597055435, -4.62186193466, -6.25254297256, -11.9462337494], [336.643005371, -180.211669922, -7.73655653, -72.7573928833, 14.560344696, 19.0937538147, 13.0974493027, 90.4422531128, 20.3025188446, 16.7092266083, -27.9604568481, 8.05152893066, -0.397362828255], [241.699874878, -94.4855270386, -8.49248886108, -72.0588989258, 0.636956810951, 15.8912372589, 4.78710222244, 20.3025188446, 85.4375839233, 7.72892475128, 11.446387291, -22.0464935303, -38.3369636536], [62.8327980042, -13.0995550156, 4.14061117172, -49.7318763733, 7.36483812332, -5.29854679108, 4.42597055435, 16.7092266083, 7.72892475128, 78.6985778809, 14.7297611237, -7.03872728348, -30.8503723145], [-283.038482666, 100.683837891, 31.6348342896, 40.7343826294, 6.98880958557, 5.33913850784, -4.62186193466, -27.9604568481, 11.446387291, 14.7297611237, 101.83001709, 2.96029520035, -13.175075531], [-186.908081055, -11.0673999786, 49.0860176086, 64.0483932495, 8.65358543396, -0.989807426929, -6.25254297256, 8.05152893066, -22.0464935303, -7.03872728348, 2.96029520035, 81.4349441528, 49.95129776], [-455.103759766, 67.1837081909, 45.1507415771, 167.303344727, 24.2197170258, -17.8126506805, -11.9462337494, -0.397362828255, -38.3369636536, -30.8503723145, -13.175075531, 49.95129776, 137.771453857]]
    },
    "sccoeffs": {
        "kurt": [2.62961578369, 0.320450305939, 0.202983379364, 0.679865121841, 2.65480899811, 1.560359478],
        "max": [-0.499008625746, -0.642550289631, -0.499002724886, -0.471166223288, -0.595949590206, -0.721112072468],
        "mean": [-0.684930145741, -0.813786447048, -0.749624729156, -0.75842654705, -0.831934273243, -0.803205668926],
        "median": [-0.686510920525, -0.824948549271, -0.763771176338, -0.763537228107, -0.848905920982, -0.806047856808],
        "min": [-0.967864274979, -0.93699669838, -0.930019497871, -0.929327487946, -0.9526258111, -0.912776112556],
        "skew": [-0.352469235659, 0.58985376358, 0.767568349838, 0.647637546062, 1.42709934711, 0.0381215587258],
        "var": [0.00302163558081, 0.00279248203151, 0.00693548377603, 0.00577232660726, 0.00264814984985, 0.000669823610224],
        "cov": [[0.00303543289192, 0.000238423570408, 0.000532713893335, 0.000670211622491, 0.000218053217395, 0.000223069364438], [0.000238423570408, 0.00280523300171, 0.0010389899835, 0.00123111833818, 0.000779339985456, 0.000241189569351], [0.000532713893335, 0.0010389899835, 0.00696715246886, 0.00401535024866, 0.00276987417601, 0.000900003244169], [0.000670211622491, 0.00123111833818, 0.00401535024866, 0.0057986844331, 0.00239578727633, 0.00068742397707], [0.000218053217395, 0.000779339985456, 0.00276987417601, 0.00239578727633, 0.00266024190933, 0.000615657249], [0.000223069364438, 0.000241189569351, 0.000900003244169, 0.00068742397707, 0.000615657249, 0.000672882131767]]
    },
    "scvalleys": {
        "kurt": [50.2987823486, 83.3242416382, 37.734462738, 37.1354675293, 51.1129951477, 12.625998497],
        "max": [-8.82349586487, -6.42219209671, -4.76144695282, -5.69657087326, -6.31308984756, -7.57605981827],
        "mean": [-10.1389341354, -7.43699932098, -6.58630228043, -7.78165006638, -8.70338726044, -10.8362207413],
        "median": [-9.97787666321, -7.24845123291, -6.43448448181, -7.73895168304, -8.68113517761, -11.2188158035],
        "min": [-20.0584831238, -19.50730896, -19.0438327789, -18.92004776, -19.6750812531, -21.8801364899],
        "skew": [-5.63646888733, -7.96644449234, -4.61278915405, -4.53541707993, -5.4806227684, -1.75820064545],
        "var": [0.933401048183, 1.07883000374, 1.70268523693, 1.37870383263, 1.1410844326, 2.26843500137],
        "cov": [[0.937663197517, 0.865547478199, 1.01582884789, 0.938344478607, 0.86812543869, 1.00582849979], [0.865547478199, 1.08375608921, 1.15791749954, 1.05228173733, 0.972030162811, 1.07548904419], [1.01582884789, 1.15791749954, 1.7104600668, 1.46488368511, 1.27153527737, 1.70379364491], [0.938344478607, 1.05228173733, 1.46488368511, 1.38499927521, 1.18972063065, 1.5870898962], [0.86812543869, 0.972030162811, 1.27153527737, 1.18972063065, 1.14629483223, 1.43753600121], [1.00582849979, 1.07548904419, 1.70379364491, 1.5870898962, 1.43753600121, 2.27879333496]]
    }
},
"rhythm": {
    "beats_loudness": {
        "kurt": 0.632763624191,
        "max": 0.00846167374402,
        "mean": 0.0022510108538,
        "median": 0.000815221923403,
        "min": 0.000191420927877,
        "skew": 1.43121385574,
        "var": 7.78538651502e-06
    },
    "bpm": 89.884513855,
    "confidence": 0,
    "first_peak_bpm": {
        "kurt": 0,
        "max": 89,
        "mean": 89,
        "median": 89,
        "min": 89,
        "skew": 0,
        "var": 0
    },
    "first_peak_spread": {
        "kurt": 0,
        "max": 0.5,
        "mean": 0.5,
        "median": 0.5,
        "min": 0.5,
        "skew": 0,
        "var": 0
    },
    "first_peak_weight": {
        "kurt": 0,
        "max": 0.5,
        "mean": 0.5,
        "median": 0.5,
        "min": 0.5,
        "skew": 0,
        "var": 0
    },
    "onset_rate": 1.97448837757,
    "second_peak_bpm": {
        "kurt": 0,
        "max": 0,
        "mean": 0,
        "median": 0,
        "min": 0,
        "skew": 0,
        "var": 0
    },
    "second_peak_spread": {
        "kurt": 0,
        "max": 0,
        "mean": 0,
        "median": 0,
        "min": 0,
        "skew": 0,
        "var": 0
    },
    "second_peak_weight": {
        "kurt": 0,
        "max": 0,
        "mean": 0,
        "median": 0,
        "min": 0,
        "skew": 0,
        "var": 0
    },
    "beats_loudness_band_ratio": {
        "kurt": [0.722186326981, 0.289917707443, -1.35055661201, -1.08231079578, -0.0539240837097, -1.48840713501],
        "max": [0.00773963006213, 0.0632675513625, 0.650005936623, 0.810375034809, 0.164614543319, 0.039704117924],
        "mean": [0.00244590686634, 0.0212587974966, 0.379655987024, 0.541913330555, 0.0719375833869, 0.0232594851404],
        "median": [0.00144611124415, 0.016365326941, 0.406836420298, 0.527273833752, 0.0483378283679, 0.0208704322577],
        "min": [0.000352068425855, 0.00202266452834, 0.123955026269, 0.358631372452, 0.0172775071114, 0.00523422658443],
        "skew": [1.4183781147, 1.15744936466, 0.09660281986, 0.423222512007, 0.951228439808, -0.0646104067564],
        "var": [5.60487478651e-06, 0.000384216604289, 0.0363978333771, 0.0231537632644, 0.00202107895166, 0.00015134345449],
        "cov": [[6.53902088743e-06, 4.98404515383e-05, 0.000177036810783, -0.000237087209825, 4.00702310799e-06, 2.07663106266e-05], [4.98404515383e-05, 0.000448252685601, 0.00110331980977, -0.001758751343, -0.000113600872282, 0.000103972000943], [0.000177036810783, 0.00110331980977, 0.0424641370773, -0.0309192240238, -0.00678646797314, -0.000426170154242], [-0.000237087209825, -0.001758751343, -0.0309192240238, 0.0270127225667, 0.00360586657189, -6.97433642927e-05], [4.00702310799e-06, -0.000113600872282, -0.00678646797314, 0.00360586657189, 0.00235792552121, 0.000438983086497], [2.07663106266e-05, 0.000103972000943, -0.000426170154242, -6.97433642927e-05, 0.000438983086497, 0.000176567365997]]
    },
    "beats_position": [0.650158703327, 1.31192743778, 1.97369611263, 2.6470746994, 3.32045340538, 3.99383211136, 4.65560102463],
    "bpm_estimates": [90.6661148071, 90.6661224365, 89.1029205322, 89.1029052734, 89.1029052734, 90.6660919189],
    "bpm_intervals": [0.661768734455, 0.66176867485, 0.673378586769, 0.673378705978, 0.673378705978, 0.661768913269],
    "onset_times": [0.0232199542224, 0.104489795864, 0.359909296036, 0.568888902664, 1.02167797089, 1.68344676495, 2.06657600403, 2.41487526894, 3.66875290871, 3.99383211136],
    "histogram": [[0, 0, 0, 0, 0, 0, 0, 0, 0, 0, 0, 0, 0, 0, 0, 0, 0, 0, 0, 0, 0, 0, 0, 0, 0, 0, 0, 0, 0, 0, 0, 0, 0, 0, 0, 0, 0, 0, 0, 0, 0, 0, 0, 0, 0, 0, 0, 0, 0, 0, 0, 0, 0, 0, 0, 0, 0, 0, 0, 0, 0, 0, 0, 0, 0, 0, 0, 0, 0, 0, 0, 0, 0, 0, 0, 0, 0, 0, 0, 0, 0, 0, 0, 0, 0, 0, 0, 0, 0, 0.5, 0, 0.5, 0, 0, 0, 0, 0, 0, 0, 0, 0, 0, 0, 0, 0, 0, 0, 0, 0, 0, 0, 0, 0, 0, 0, 0, 0, 0, 0, 0, 0, 0, 0, 0, 0, 0, 0, 0, 0, 0, 0, 0, 0, 0, 0, 0, 0, 0, 0, 0, 0, 0, 0, 0, 0, 0, 0, 0, 0, 0, 0, 0, 0, 0, 0, 0, 0, 0, 0, 0, 0, 0, 0, 0, 0, 0, 0, 0, 0, 0, 0, 0, 0, 0, 0, 0, 0, 0, 0, 0, 0, 0, 0, 0, 0, 0, 0, 0, 0, 0, 0, 0, 0, 0, 0, 0, 0, 0, 0, 0, 0, 0, 0, 0, 0, 0, 0, 0, 0, 0, 0, 0, 0, 0, 0, 0, 0, 0, 0, 0, 0, 0, 0, 0, 0, 0, 0, 0, 0, 0, 0, 0, 0, 0, 0, 0, 0, 0, 0, 0, 0, 0, 0, 0, 0, 0, 0, 0, 0, 0]]
},
"sfx": {
    "inharmonicity": {
        "kurt": 2.82256650925,
        "max": 0.443982511759,
        "mean": 0.0625801831484,
        "median": 0.0138422679156,
        "min": 4.18583294959e-05,
        "skew": 1.92221498489,
        "var": 0.00981808546931
    },
    "oddtoevenharmonicenergyratio": {
        "kurt": 19.4041690826,
        "max": 19.2889766693,
        "mean": 1.25756561756,
        "median": 0.296090006828,
        "min": 0.00255393632688,
        "skew": 3.87898802757,
        "var": 5.83136415482
    },
    "pitch_after_max_to_before_max_energy_ratio": 0.0177069474012,
    "pitch_centroid": 104.337417603,
    "pitch_max_to_total": 0.995454549789,
    "pitch_min_to_total": 0.940909087658,
    "tristimulus": {
        "kurt": [-1.36314189434, -0.449219226837, 3.71695423126],
        "max": [0.916151046753, 0.886674523354, 0.967307984829],
        "mean": [0.4434222579, 0.41057869792, 0.145999208093],
        "median": [0.526070833206, 0.370107293129, 0.0567972622812],
        "min": [0, 0.0264017712325, 0],
        "skew": [-0.327866852283, 0.515757203102, 1.99370312691],
        "var": [0.0843588337302, 0.038377083838, 0.0376954823732],
        "cov": [[0.0847440287471, -0.0427143611014, -0.0420296490192], [-0.0427143611014, 0.0385523252189, 0.0041620368138], [-0.0420296490192, 0.0041620368138, 0.0378676056862]]
    }
},
"tonal": {
    "chords_changes_rate": 0.162162154913,
    "chords_number_rate": 0.0450450442731,
    "chords_strength": {
        "kurt": -0.628669261932,
        "max": 0.691064417362,
        "mean": 0.48033452034,
        "median": 0.458580046892,
        "min": 0.322343468666,
        "skew": 0.351665586233,
        "var": 0.00818605348468
    },
    "key_strength": 0.452151536942,
    "tuning_diatonic_strength": 0.460628896952,
    "tuning_equal_tempered_deviation": 0.268494486809,
    "tuning_frequency": 449.245300293,
    "tuning_nontempered_energy_ratio": 0.912887692451,
    "hpcp": {
        "kurt": [2.71530866623, 2.84070634842, 4.18989801407, 3.05660676956, 3.93552875519, 5.77258968353, 2.45739030838, 1.41338014603, 2.67572784424, 7.60542201996, 12.7233943939, 12.6514558792, 8.95846271515, 8.14824962616, 5.00023841858, 3.68076705933, 7.65083217621, 2.79105854034, 7.27447223663, 5.50616836548, 9.19194316864, 7.51421546936, 7.94721603394, 4.91799545288, 2.46745014191, -0.488737344742, -0.748671293259, -0.93673324585, -1.03023219109, -0.605595588684, -0.47630405426, -0.585081100464, -0.106617450714, 1.36218547821, 2.39117383957, 3.83819627762],
        "max": [1, 1, 0.962748587132, 0.761286377907, 0.933749258518, 0.995178163052, 1, 1, 1, 1, 0.893780350685, 1, 0.875753998756, 1, 1, 1, 1, 0.569064080715, 1, 1, 1, 0.905779361725, 1, 1, 1, 1, 1, 1, 1, 1, 1, 1, 1, 1, 1, 1],
        "mean": [0.212620586157, 0.186964049935, 0.155606538057, 0.14054942131, 0.149515733123, 0.159912884235, 0.197640031576, 0.232721298933, 0.201919600368, 0.141980335116, 0.109268061817, 0.11059846729, 0.122706994414, 0.129943102598, 0.149073913693, 0.170386210084, 0.141270682216, 0.104740828276, 0.122883334756, 0.140334159136, 0.130016773939, 0.120374962687, 0.141661122441, 0.163178041577, 0.220742076635, 0.334990531206, 0.390793532133, 0.436170756817, 0.47149336338, 0.416294842958, 0.367785900831, 0.356185317039, 0.315812885761, 0.253542482853, 0.202614098787, 0.204557389021],
