{
"metadata": {
    "version": {
        "essentia": "2.1-beta3"
    }
},
"lowLevel": {
    "average_loudness": 0.654771268368,
    "barkbands_kurtosis": {
        "kurt": 10.7764873505,
        "max": 243.258346558,
        "mean": 24.1314849854,
        "median": 12.3994579315,
        "min": -1.69532001019,
        "skew": 2.77060437202,
        "var": 1067.95141602
    },
    "barkbands_skewness": {
        "kurt": 1.60651731491,
        "max": 12.9499473572,
        "mean": 3.18201375008,
        "median": 2.51271867752,
        "min": -2.0382976532,
        "skew": 1.08365154266,
        "var": 5.28359365463
    },
    "barkbands_spread": {
        "kurt": 2.25664329529,
        "max": 55.7797698975,
        "mean": 9.68363380432,
        "median": 3.48136949539,
        "min": 0.327464848757,
        "skew": 1.77706456184,
        "var": 163.411972046
    },
    "dissonance": {
        "kurt": -1.14893078804,
        "max": 0.499757528305,
        "mean": 0.373980760574,
        "median": 0.405396103859,
        "min": 0.134889945388,
        "skew": -0.520841360092,
        "var": 0.0105909807608
    },
    "hfc": {
        "kurt": 22.5842247009,
        "max": 56.9123916626,
        "mean": 2.93236398697,
        "median": 0.195123836398,
        "min": 8.14514233838e-09,
        "skew": 4.33197164536,
        "var": 52.3699226379
    },
    "pitch": {
        "kurt": 11.2328853607,
        "max": 4021.22949219,
        "mean": 501.497497559,
        "median": 317.502410889,
        "min": 76.0127410889,
        "skew": 3.58602499962,
        "var": 686263.375
    },
    "pitch_instantaneous_confidence": {
        "kurt": -1.52441287041,
        "max": 0.973419904709,
        "mean": 0.622411072254,
        "median": 0.601645112038,
        "min": 0.139229416847,
        "skew": -0.120423875749,
        "var": 0.0824876129627
    },
    "pitch_salience": {
        "kurt": -0.869197368622,
        "max": 0.900586485863,
        "mean": 0.529663145542,
        "median": 0.57180917263,
        "min": 0.124542735517,
        "skew": -0.441224426031,
        "var": 0.0358428657055
    },
    "silence_rate_20dB": {
        "kurt": 0,
        "max": 1,
        "mean": 1,
        "median": 1,
        "min": 1,
        "skew": 0,
        "var": 0
    },
    "silence_rate_30dB": {
        "kurt": 0,
        "max": 1,
        "mean": 1,
        "median": 1,
        "min": 1,
        "skew": 0,
        "var": 0
    },
    "silence_rate_60dB": {
        "kurt": -0.484456777573,
        "max": 1,
        "mean": 0.762096762657,
        "median": 1,
        "min": 0,
        "skew": -1.23108148575,
        "var": 0.181305512786
    },
    "spectral_centroid": {
        "kurt": 26.8478736877,
        "max": 3787.26879883,
        "mean": 601.143371582,
        "median": 471.832244873,
        "min": 181.424819946,
        "skew": 4.66900253296,
        "var": 212487.859375
    },
    "spectral_complexity": {
        "kurt": 8.20429515839,
        "max": 16,
        "mean": 2.05645155907,
        "median": 2,
        "min": 0,
        "skew": 2.58007860184,
        "var": 7.92422962189
    },
    "spectral_crest": {
        "kurt": -1.21818268299,
        "max": 26.4386520386,
        "mean": 15.11972332,
        "median": 13.6634130478,
        "min": 3.2523226738,
        "skew": 0.23110896349,
        "var": 45.2558364868
    },
    "spectral_decrease": {
        "kurt": 10.3144207001,
        "max": -3.75417782164e-19,
        "mean": -1.56553425779e-09,
        "median": -1.09406657345e-10,
        "min": -2.1786139115e-08,
        "skew": -2.98366475105,
        "var": 1.1170004628e-17
    },
    "spectral_energy": {
        "kurt": 10.8008174896,
        "max": 0.0873880088329,
        "mean": 0.00617465842515,
        "median": 0.000434441084508,
        "min": 2.15570660281e-12,
        "skew": 3.04027485847,
        "var": 0.000175588924321
    },
    "spectral_energyband_high": {
        "kurt": 54.6658935547,
        "max": 0.000413087836932,
        "mean": 1.20679842439e-05,
        "median": 4.90129878017e-07,
        "min": 9.7024385054e-13,
        "skew": 6.93599319458,
        "var": 1.89128113171e-09
    },
    "spectral_energyband_low": {
        "kurt": 12.6531648636,
        "max": 8.71813972481e-06,
        "mean": 7.5689752066e-07,
        "median": 1.98585382805e-07,
        "min": 6.88356317069e-15,
        "skew": 3.28632044792,
        "var": 1.8076860538e-12
    },
    "spectral_energyband_middle_high": {
        "kurt": 38.4449386597,
        "max": 0.00750725483522,
        "mean": 0.000210234706174,
        "median": 9.33289811655e-06,
        "min": 1.14393011123e-12,
        "skew": 5.9897313118,
        "var": 7.05722186467e-07
    },
    "spectral_energyband_middle_low": {
        "kurt": 10.0672225952,
        "max": 0.0834858864546,
        "mean": 0.00596139160916,
        "median": 0.000387082458474,
        "min": 5.22270520288e-14,
        "skew": 2.94199538231,
        "var": 0.00016127373965
    },
    "spectral_flatness_db": {
        "kurt": -1.02629840374,
        "max": 0.583367109299,
        "mean": 0.312726020813,
        "median": 0.314985752106,
        "min": 0.0568305030465,
        "skew": 0.0523388721049,
        "var": 0.0200259741396
    },
    "spectral_flux": {
        "kurt": 13.5549087524,
        "max": 0.225949019194,
        "mean": 0.0202418845147,
        "median": 0.00905334576964,
        "min": 4.33347486251e-06,
        "skew": 3.52336621284,
        "var": 0.00123462593183
    },
    "spectral_kurtosis": {
        "kurt": -0.290522575378,
        "max": 59.5580787659,
        "mean": 17.5840034485,
        "median": 14.1995306015,
        "min": 0.637333154678,
        "skew": 0.798990428448,
        "var": 193.691040039
    },
    "spectral_rms": {
        "kurt": 1.95971155167,
        "max": 0.00923344958574,
        "mean": 0.00146337214392,
        "median": 0.000651013455354,
        "min": 4.58598776731e-08,
        "skew": 1.65647423267,
        "var": 3.88260059481e-06
    },
    "spectral_rolloff": {
        "kurt": 6.17276668549,
        "max": 5167.96875,
        "mean": 890.849243164,
        "median": 581.396484375,
        "min": 193.798828125,
        "skew": 2.56831169128,
        "var": 874449.5625
    },
    "spectral_skewness": {
        "kurt": -0.923353433609,
        "max": 6.30394554138,
        "mean": 3.13015723228,
        "median": 3.15223932266,
        "min": 1.02430689335,
        "skew": 0.274913698435,
        "var": 1.68996059895
    },
    "spectral_spread": {
        "kurt": 1.67648410797,
        "max": 12011348,
        "mean": 3557980.5,
        "median": 2679302,
        "min": 1330009.5,
        "skew": 1.31375849247,
        "var": 3.7059929047e+12
    },
    "spectral_strongpeak": {
        "kurt": 4.47933292389,
        "max": 5.183614254,
        "mean": 0.553470909595,
        "median": 0.16235204041,
        "min": 5.33347110832e-06,
        "skew": 1.99205160141,
        "var": 0.668526947498
    },
    "zerocrossingrate": {
        "kurt": 49.270816803,
        "max": 0.412109375,
        "mean": 0.0374598354101,
        "median": 0.02685546875,
        "min": 0.01416015625,
        "skew": 5.7988743782,
        "var": 0.00132105639204
    },
    "barkbands": {
        "kurt": [26.9907875061, 31.262096405, 13.7451705933, 14.6845626831, 21.4787311554, 4.86932373047, 52.6047134399, 102.812332153, 76.6287841797, 105.718704224, 74.8425216675, 47.4390449524, 124.966217041, 163.461608887, 35.3052902222, 29.7818641663, 55.6747589111, 194.658416748, 141.647125244, 48.225353241, 63.8905334473, 48.8504905701, 40.549949646, 43.1891479492, 68.9110183716, 17.7650508881, 18.0588512421],
        "max": [5.77551375613e-08, 3.68781797988e-06, 5.26692247149e-06, 7.20809202903e-06, 0.00132539123297, 0.0392175205052, 0.0258769951761, 0.0268669966608, 0.0608682781458, 0.00323475222103, 0.00107545882929, 0.00396534893662, 0.00253968290053, 0.00093523832038, 9.61819168879e-05, 7.98464097898e-05, 0.000115900562378, 0.000144842939335, 0.000126396902488, 0.00020318350289, 0.000243939924985, 3.43899664585e-05, 6.04096749157e-06, 1.10030077849e-06, 6.01854480919e-07, 6.32956398405e-09, 2.94880320162e-09],
        "mean": [2.62023913677e-09, 1.65605243296e-07, 3.864113296e-07, 5.1572214943e-07, 6.39329082333e-05, 0.00375879229978, 0.000550470722374, 0.000415992195485, 0.00113906757906, 5.15769643243e-05, 1.93116666196e-05, 9.76083538262e-05, 4.07353800256e-05, 9.83117024589e-06, 3.3128794712e-06, 3.2564500998e-06, 2.99906196233e-06, 1.5895998331e-06, 1.68347219187e-06, 6.06993899055e-06, 6.01995316174e-06, 1.1167271623e-06, 1.86354370157e-07, 3.0556734032e-08, 1.21888952265e-08, 3.64025365407e-10, 1.5473612669e-10],
        "median": [4.40048386618e-10, 3.6304072637e-08, 8.14748020161e-08, 1.18458054033e-07, 1.46638194565e-06, 4.84280244564e-05, 1.66831546267e-06, 1.03736806523e-06, 8.91480976861e-06, 1.1733830263e-07, 3.00614203752e-07, 8.62355477693e-07, 5.51843356789e-07, 1.01043340806e-07, 1.85142937426e-07, 9.12990500979e-08, 1.35863103878e-07, 6.92446988637e-08, 7.85408502679e-08, 2.43871056682e-07, 2.20188326239e-07, 4.79696780076e-08, 4.99005370358e-09, 2.07096029214e-09, 8.39929681362e-10, 5.01262156782e-11, 4.03147740885e-12],
        "min": [1.42972398468e-16, 1.36244995456e-15, 2.79264391017e-15, 4.71335210445e-15, 4.13756197679e-15, 1.23977544336e-14, 1.53524179589e-14, 1.09516100005e-14, 3.29368359199e-15, 3.30846579923e-15, 6.08869855914e-15, 2.01660757049e-14, 2.33266029648e-14, 2.25455335553e-14, 6.13078855803e-14, 9.53432618229e-14, 8.51910840591e-14, 3.17756427724e-13, 3.64173101397e-13, 7.03854238348e-13, 2.00544726767e-13, 9.0388620525e-14, 2.09224507158e-14, 3.85983698345e-14, 4.1933064009e-14, 3.66080694133e-15, 8.3296732989e-16],
        "skew": [4.65781116486, 5.26607465744, 3.42151284218, 3.48250555992, 4.31235694885, 2.39823627472, 7.14575815201, 9.62548065186, 8.37414836884, 9.33927631378, 8.28595638275, 6.70143795013, 10.2246465683, 12.1143493652, 5.66073513031, 5.00767850876, 6.5763926506, 13.4211587906, 11.0237455368, 6.62799835205, 7.5180683136, 6.38057994843, 5.7153544426, 6.35546875, 7.83103513718, 4.00229215622, 4.11950445175],
        "var": [4.21326794197e-17, 1.94608584347e-13, 5.68645391191e-13, 1.0168964195e-12, 2.9294888293e-08, 6.73831600579e-05, 8.6105446826e-06, 4.76668083138e-06, 3.08250382659e-05, 6.30698693271e-08, 1.10800790765e-08, 2.07559168075e-07, 3.54427420746e-08, 4.2389722843e-09, 1.28403690458e-10, 9.01890992444e-11, 1.12257689255e-10, 9.27605561807e-11, 8.26901741524e-11, 4.60063320773e-10, 5.76144520981e-10, 1.30230999595e-11, 3.75312763723e-13, 1.68332382267e-14, 3.41666578791e-15, 8.07963966153e-19, 1.91664055181e-19],
        "cov": [[4.23032572969e-17, 7.53480805208e-16, 3.80440189578e-16, 1.02863352889e-15, -9.24164851633e-14, 1.21006702922e-11, 3.53314382959e-12, 1.61530348559e-12, 7.5417580167e-12, 3.6141708658e-13, 1.20388115167e-13, 5.5719621625e-13, 4.17307545941e-13, 2.10248383644e-14, 1.44211882426e-14, 1.53395786335e-14, 1.22355781174e-14, 1.94449520877e-15, 4.80672732249e-15, 3.58875357545e-14, 2.27217943354e-14, 4.94709211679e-15, 7.86626474984e-16, 1.15012489389e-16, 5.93162614583e-17, 1.1757707561e-18, 3.34370727874e-19], [7.53480805208e-16, 1.95396474066e-13, 2.22212019293e-13, 1.3670786508e-13, -7.11238620082e-12, -5.05992914235e-10, -3.58686066959e-11, -4.50891893267e-11, -7.72351210765e-11, -4.23168878411e-12, -1.33065379462e-12, -7.09335411589e-12, -2.22266888054e-12, -9.62900115545e-13, -2.80074899904e-13, -3.59521738552e-13, -3.20908935276e-13, -1.75936671373e-13, -1.81456236213e-13, -5.03021832087e-13, -5.59385545697e-13, -1.18825617206e-13, -1.69456208641e-14, -2.6966261611e-15, -7.55095673522e-16, -3.33381116906e-17, -1.8519561446e-17], [3.80440189578e-16, 2.22212019293e-13, 5.70947586084e-13, 3.01456559368e-13, -4.11729157712e-12, -1.09434616924e-09, 8.91143669274e-12, -2.14955067634e-11, -2.09264536255e-10, -5.05701210074e-12, -1.82021086571e-12, -5.01485745291e-12, -7.46812073987e-12, -1.13461356196e-12, -4.68001071924e-13, -7.0987383723e-13, -6.29678167247e-13, -2.28348346091e-13, -1.73784638481e-13, -6.08214650519e-13, -5.06958190705e-13, -1.72170546049e-13, -3.56608426328e-14, -2.5004209315e-15, -2.63151669721e-16, -5.72759973164e-17, -4.09294393396e-17], [1.02863352889e-15, 1.3670786508e-13, 3.01456559368e-13, 1.02101346041e-12, 6.5752468574e-12, -1.26727406347e-09, 4.27477747644e-10, 1.11428366534e-10, 2.20410023566e-10, 3.55230567184e-11, 8.95539805507e-12, 5.33525237878e-11, 5.67575370383e-12, -1.05400161255e-12, 1.44007310417e-13, -5.67557502731e-13, -4.30558475158e-13, -2.5682388616e-13, -1.03586559361e-13, 3.48353724339e-13, 1.12820191557e-12, 5.90254773769e-14, 2.92167455661e-15, 1.01554371466e-14, 5.03647569207e-15, 6.16077966006e-17, -2.27197149357e-17], [-9.24164851633e-14, -7.11238620082e-12, -4.11729157712e-12, 6.5752468574e-12, 2.94134920864e-08, -1.4571212148e-07, 4.47121841773e-08, 6.51900577964e-08, 2.53114613713e-08, 4.27883062315e-09, 1.1835572522e-09, 8.95905039044e-09, 3.28767402191e-10, -1.84169957063e-10, 1.35182962047e-10, -9.78360170656e-11, -6.96166874148e-11, -4.66590585613e-11, -4.61033433652e-11, 2.99647334723e-10, 4.86968132485e-10, 4.03541748628e-11, 5.71880487844e-13, 7.51215496059e-13, 5.63360122441e-13, 6.42562751325e-15, -5.9950906188e-16], [1.21006702922e-11, -5.05992914235e-10, -1.09434616924e-09, -1.26727406347e-09, -1.4571212148e-07, 6.76559720887e-05, 5.86612145526e-07, -9.16156039921e-08, 5.41983035873e-06, 9.43364071304e-08, 9.71254809912e-09, 1.86678860814e-07, 1.52006350618e-07, -1.06198418948e-08, 5.25776489013e-09, 3.58007881118e-08, 2.42844766518e-08, 3.45593553774e-09, 3.16238413234e-09, 2.06869845698e-08, 1.80329724486e-08, 6.86559031848e-09, 1.49124923521e-09, 2.05504294137e-11, 1.48593689436e-11, 2.6713620465e-12, 1.97566225532e-12], [3.53314382959e-12, -3.58686066959e-11, 8.91143669274e-12, 4.27477747644e-10, 4.47121841773e-08, 5.86612145526e-07, 8.64540561452e-06, 4.03222566092e-06, 7.03782598066e-06, 6.1639462956e-07, 2.36588036273e-07, 1.24715086258e-06, 2.29460155765e-07, 5.99731535544e-08, 1.92231528473e-08, 8.46784331543e-09, 7.85860532204e-09, 4.8379864559e-09, 9.72475877603e-09, 3.72507749091e-08, 5.5532719756e-08, 6.94481228081e-09, 8.15019829403e-10, 2.48518428059e-10, 1.32961627819e-10, 1.84166874459e-12, 1.5313179327e-13], [1.61530348559e-12, -4.50891893267e-11, -2.14955067634e-11, 1.11428366534e-10, 6.51900577964e-08, -9.16156039921e-08, 4.03222566092e-06, 4.78597894471e-06, 7.02233091943e-06, 2.81588597772e-07, 1.08612653094e-07, 4.99167185808e-07, 1.83964175449e-07, 3.56994718231e-08, 9.60920942816e-09, 2.48107712153e-09, 2.32511676579e-09, 1.86978166283e-09, 4.63983118593e-09, 2.67829278755e-08, 3.97811028563e-08, 6.09379435801e-09, 6.5315447495e-10, 2.2763428642e-10, 9.50605011374e-11, 1.11259894527e-12, 1.94707612663e-13], [7.5417580167e-12, -7.72351210765e-11, -2.09264536255e-10, 2.20410023566e-10, 2.53114613713e-08, 5.41983035873e-06, 7.03782598066e-06, 7.02233091943e-06, 3.09498354909e-05, 6.43433565983e-07, 4.28142215014e-07, 1.10345797566e-06, 8.4010628143e-07, 5.68988056671e-08, 3.32197416242e-08, 1.19084049288e-08, 1.3646723751e-08, 6.34311048131e-09, 1.05247943694e-08, 9.76407292796e-08, 9.16415814345e-08, 1.50636907392e-08, 2.9233031551e-09, 4.58977966744e-10, 2.51221016212e-10, 3.46399102978e-12, 7.38997567567e-13], [3.6141708658e-13, -4.23168878411e-12, -5.05701210074e-12, 3.55230567184e-11, 4.27883062315e-09, 9.43364071304e-08, 6.1639462956e-07, 2.81588597772e-07, 6.43433565983e-07, 6.33252170701e-08, 2.16229896211e-08, 8.97436436276e-08, 2.24354010925e-08, 5.89511595095e-09, 1.30376742735e-09, 1.04914799071e-09, 7.04271085894e-10, 2.80925033236e-10, 6.7177180485e-10, 2.82561352094e-09, 3.69712216397e-09, 5.43322886681e-10, 7.05303940252e-11, 2.06174816803e-11, 9.00552028782e-12, 1.6348615441e-13, 2.52065773446e-14], [1.20388115167e-13, -1.33065379462e-12, -1.82021086571e-12, 8.95539805507e-12, 1.1835572522e-09, 9.71254809912e-09, 2.36588036273e-07, 1.08612653094e-07, 4.28142215014e-07, 2.16229896211e-08, 1.11249374157e-08, 3.52141675819e-08, 1.12878835168e-08, 1.73347103338e-09, 6.78385458919e-10, 3.0174157617e-10, 2.91126595053e-10, 1.59957228019e-10, 3.18996579152e-10, 1.62262014936e-09, 2.0381414334e-09, 2.86515311476e-10, 4.43081057955e-11, 8.46964512413e-12, 5.13877135289e-12, 7.26395601113e-14, 7.04529902977e-15], [5.5719621625e-13, -7.09335411589e-12, -5.01485745291e-12, 5.33525237878e-11, 8.95905039044e-09, 1.86678860814e-07, 1.24715086258e-06, 4.99167185808e-07, 1.10345797566e-06, 8.97436436276e-08, 3.52141675819e-08, 2.08399498547e-07, 4.17260679342e-08, 8.99419116962e-09, 3.37520478233e-09, 1.3091847606e-09, 1.33207289643e-09, 7.66764707283e-10, 1.48789658372e-09, 5.55270851521e-09, 7.62302576618e-09, 9.2167612431e-10, 1.28261984367e-10, 3.51089192441e-11, 1.80295414015e-11, 2.91916610242e-13, 2.8697296682e-14], [4.17307545941e-13, -2.22266888054e-12, -7.46812073987e-12, 5.67575370383e-12, 3.28767402191e-10, 1.52006350618e-07, 2.29460155765e-07, 1.83964175449e-07, 8.4010628143e-07, 2.24354010925e-08, 1.12878835168e-08, 4.17260679342e-08, 3.55862326273e-08, 2.27825869281e-09, 1.35711275551e-09, 4.53499987563e-10, 6.40834496579e-10, 2.94827912084e-10, 4.27333501918e-10, 3.20871085258e-09, 2.22232787728e-09, 3.37101735415e-10, 7.45054851148e-11, 1.32372090719e-11, 5.8932680784e-12, 1.06569443483e-13, 3.04255047805e-14], [2.10248383644e-14, -9.62900115545e-13, -1.13461356196e-12, -1.05400161255e-12, -1.84169957063e-10, -1.06198418948e-08, 5.99731535544e-08, 3.56994718231e-08, 5.68988056671e-08, 5.89511595095e-09, 1.73347103338e-09, 8.99419116962e-09, 2.27825869281e-09, 4.25613411181e-09, 3.84951376331e-10, 3.02522396023e-10, 1.30948724086e-10, 2.17572168615e-10, 2.34272851118e-10, 4.50759291004e-10, 5.39884137396e-10, 6.63825036606e-11, 1.26976545597e-11, 3.69384470927e-12, 1.22926246005e-12, 1.43441709248e-14, 5.95785557984e-16], [1.44211882426e-14, -2.80074899904e-13, -4.68001071924e-13, 1.44007310417e-13, 1.35182962047e-10, 5.25776489013e-09, 1.92231528473e-08, 9.60920942816e-09, 3.32197416242e-08, 1.30376742735e-09, 6.78385458919e-10, 3.37520478233e-09, 1.35711275551e-09, 3.84951376331e-10, 1.28923552389e-10, 4.52875202617e-11, 6.23751189588e-11, 6.95119725669e-11, 7.73977965052e-11, 1.91020338436e-10, 1.76355416381e-10, 2.10487963864e-11, 4.38644693485e-12, 1.02805969033e-12, 4.22605472752e-13, 6.11979186809e-15, 8.35453848047e-16], [1.53395786335e-14, -3.59521738552e-13, -7.0987383723e-13, -5.67557502731e-13, -9.78360170656e-11, 3.58007881118e-08, 8.46784331543e-09, 2.48107712153e-09, 1.19084049288e-08, 1.04914799071e-09, 3.0174157617e-10, 1.3091847606e-09, 4.53499987563e-10, 3.02522396023e-10, 4.52875202617e-11, 9.05542377194e-11, 2.86675440331e-11, 3.08660874637e-11, 3.15448257793e-11, 7.62907445551e-11, 7.06245895099e-11, 1.08982467148e-11, 2.32750255701e-12, 4.42709806531e-13, 1.53885693251e-13, 3.97008365785e-15, 1.64365494041e-15], [1.22355781174e-14, -3.20908935276e-13, -6.29678167247e-13, -4.30558475158e-13, -6.96166874148e-11, 2.42844766518e-08, 7.85860532204e-09, 2.32511676579e-09, 1.3646723751e-08, 7.04271085894e-10, 2.91126595053e-10, 1.33207289643e-09, 6.40834496579e-10, 1.30948724086e-10, 6.23751189588e-11, 2.86675440331e-11, 1.12712172928e-10, 7.56735230034e-11, 6.91225895966e-11, 1.11691919602e-10, 7.0571021249e-11, 1.39559639886e-11, 2.97295651638e-12, 6.59582523148e-13, 1.79938366724e-13, 3.57569029453e-15, 1.23067238027e-15], [1.94449520877e-15, -1.75936671373e-13, -2.28348346091e-13, -2.5682388616e-13, -4.66590585613e-11, 3.45593553774e-09, 4.8379864559e-09, 1.86978166283e-09, 6.34311048131e-09, 2.80925033236e-10, 1.59957228019e-10, 7.66764707283e-10, 2.94827912084e-10, 2.17572168615e-10, 6.95119725669e-11, 3.08660874637e-11, 7.56735230034e-11, 9.31361099354e-11, 8.40196592855e-11, 1.04899332276e-10, 6.4355021312e-11, 7.37958912728e-12, 2.06757939762e-12, 6.98597755165e-13, 1.69001138496e-13, 1.79446936843e-15, 1.92548482482e-16], [4.80672732249e-15, -1.81456236213e-13, -1.73784638481e-13, -1.03586559361e-13, -4.61033433652e-11, 3.16238413234e-09, 9.72475877603e-09, 4.63983118593e-09, 1.05247943694e-08, 6.7177180485e-10, 3.18996579152e-10, 1.48789658372e-09, 4.27333501918e-10, 2.34272851118e-10, 7.73977965052e-11, 3.15448257793e-11, 6.91225895966e-11, 8.40196592855e-11, 8.30249549666e-11, 1.1695154567e-10, 9.93116908155e-11, 1.15480298934e-11, 2.5504511697e-12, 7.9743432994e-13, 2.42306120914e-13, 2.90617215961e-15, 2.61326313719e-16], [3.58875357545e-14, -5.03021832087e-13, -6.08214650519e-13, 3.48353724339e-13, 2.99647334723e-10, 2.06869845698e-08, 3.72507749091e-08, 2.67829278755e-08, 9.76407292796e-08, 2.82561352094e-09, 1.62262014936e-09, 5.55270851521e-09, 3.20871085258e-09, 4.50759291004e-10, 1.91020338436e-10, 7.62907445551e-11, 1.11691919602e-10, 1.04899332276e-10, 1.1695154567e-10, 4.61925941941e-10, 3.9864597734e-10, 5.67442690058e-11, 1.06440811026e-11, 2.08451376819e-12, 1.03902628688e-12, 1.32344603551e-14, 2.6090300371e-15], [2.27217943354e-14, -5.59385545697e-13, -5.06958190705e-13, 1.12820191557e-12, 4.86968132485e-10, 1.80329724486e-08, 5.5532719756e-08, 3.97811028563e-08, 9.16415814345e-08, 3.69712216397e-09, 2.0381414334e-09, 7.62302576618e-09, 2.22232787728e-09, 5.39884137396e-10, 1.76355416381e-10, 7.06245895099e-11, 7.0571021249e-11, 6.4355021312e-11, 9.93116908155e-11, 3.9864597734e-10, 5.78477044044e-10, 7.55591145207e-11, 1.06148614204e-11, 2.41323541011e-12, 1.35436594665e-12, 1.54611346377e-14, 1.36207831885e-15], [4.94709211679e-15, -1.18825617206e-13, -1.72170546049e-13, 5.90254773769e-14, 4.03541748628e-11, 6.86559031848e-09, 6.94481228081e-09, 6.09379435801e-09, 1.50636907392e-08, 5.43322886681e-10, 2.86515311476e-10, 9.2167612431e-10, 3.37101735415e-10, 6.63825036606e-11, 2.10487963864e-11, 1.08982467148e-11, 1.39559639886e-11, 7.37958912728e-12, 1.15480298934e-11, 5.67442690058e-11, 7.55591145207e-11, 1.30758251449e-11, 1.70741708532e-12, 3.65437796126e-13, 1.89249129063e-13, 2.55956183067e-15, 5.97921245681e-16], [7.86626474984e-16, -1.69456208641e-14, -3.56608426328e-14, 2.92167455661e-15, 5.71880487844e-13, 1.49124923521e-09, 8.15019829403e-10, 6.5315447495e-10, 2.9233031551e-09, 7.05303940252e-11, 4.43081057955e-11, 1.28261984367e-10, 7.45054851148e-11, 1.26976545597e-11, 4.38644693485e-12, 2.32750255701e-12, 2.97295651638e-12, 2.06757939762e-12, 2.5504511697e-12, 1.06440811026e-11, 1.06148614204e-11, 1.70741708532e-12, 3.76832245963e-13, 5.32438574838e-14, 2.76327541442e-14, 3.84115809643e-16, 8.94590869392e-17], [1.15012489389e-16, -2.6966261611e-15, -2.5004209315e-15, 1.01554371466e-14, 7.51215496059e-13, 2.05504294137e-11, 2.48518428059e-10, 2.2763428642e-10, 4.58977966744e-10, 2.06174816803e-11, 8.46964512413e-12, 3.51089192441e-11, 1.32372090719e-11, 3.69384470927e-12, 1.02805969033e-12, 4.42709806531e-13, 6.59582523148e-13, 6.98597755165e-13, 7.9743432994e-13, 2.08451376819e-12, 2.41323541011e-12, 3.65437796126e-13, 5.32438574838e-14, 1.69013904977e-14, 6.0587466271e-15, 8.23413632043e-17, 1.34961862302e-17], [5.93162614583e-17, -7.55095673522e-16, -2.63151669721e-16, 5.03647569207e-15, 5.63360122441e-13, 1.48593689436e-11, 1.32961627819e-10, 9.50605011374e-11, 2.51221016212e-10, 9.00552028782e-12, 5.13877135289e-12, 1.80295414015e-11, 5.8932680784e-12, 1.22926246005e-12, 4.22605472752e-13, 1.53885693251e-13, 1.79938366724e-13, 1.69001138496e-13, 2.42306120914e-13, 1.03902628688e-12, 1.35436594665e-12, 1.89249129063e-13, 2.76327541442e-14, 6.0587466271e-15, 3.43049847121e-15, 3.84006390192e-17, 3.74123409941e-18], [1.1757707561e-18, -3.33381116906e-17, -5.72759973164e-17, 6.16077966006e-17, 6.42562751325e-15, 2.6713620465e-12, 1.84166874459e-12, 1.11259894527e-12, 3.46399102978e-12, 1.6348615441e-13, 7.26395601113e-14, 2.91916610242e-13, 1.06569443483e-13, 1.43441709248e-14, 6.11979186809e-15, 3.97008365785e-15, 3.57569029453e-15, 1.79446936843e-15, 2.90617215961e-15, 1.32344603551e-14, 1.54611346377e-14, 2.55956183067e-15, 3.84115809643e-16, 8.23413632043e-17, 3.84006390192e-17, 8.11235103584e-19, 2.57169237521e-19], [3.34370727874e-19, -1.8519561446e-17, -4.09294393396e-17, -2.27197149357e-17, -5.9950906188e-16, 1.97566225532e-12, 1.5313179327e-13, 1.94707612663e-13, 7.38997567567e-13, 2.52065773446e-14, 7.04529902977e-15, 2.8697296682e-14, 3.04255047805e-14, 5.95785557984e-16, 8.35453848047e-16, 1.64365494041e-15, 1.23067238027e-15, 1.92548482482e-16, 2.61326313719e-16, 2.6090300371e-15, 1.36207831885e-15, 5.97921245681e-16, 8.94590869392e-17, 1.34961862302e-17, 3.74123409941e-18, 2.57169237521e-19, 1.92440028143e-19]]
    },
    "mfcc": {
        "kurt": [-0.580918550491, 0.0282828807831, -0.671647787094, -0.931869268417, -0.996265888214, -0.953561782837, -0.450646400452, -1.05260169506, -0.273188352585, 0.0252885818481, -0.106216430664, 0.885115385056, 0.617419242859],
        "max": [-694.105102539, 191.484069824, 74.6815795898, 54.0651626587, 39.6783485413, 19.3278274536, 23.004611969, 20.352273941, 13.4531059265, 10.9264984131, 8.99710464478, 34.7010803223, 24.7891387939],
        "mean": [-968.411621094, 109.098190308, 2.29851818085, -0.346604079008, -35.2495117188, -23.472196579, -21.8103313446, -31.5196628571, -11.9362916946, -13.2392673492, -11.6693916321, 2.64303350449, -0.876906514168],
        "median": [-964.157226562, 122.838523865, 3.43725585938, 1.19940948486, -41.7341003418, -26.4727897644, -19.831073761, -35.7458114624, -12.6212234497, -13.6887893677, -10.7376194, 1.70557785034, -3.81469726562e-05],
        "min": [-1138.42004395, 1.14440917969e-05, -103.209701538, -48.3388671875, -124.076339722, -58.3375663757, -71.2368621826, -80.9057922363, -42.9812736511, -46.5911102295, -41.4654426575, -16.549407959, -22.7676048279],
        "skew": [0.279905289412, -0.933061540127, -0.220163136721, -0.0765417814255, -0.113426364958, 0.309793174267, -0.328308731318, 0.158581495285, 0.0495934709907, -0.399465203285, -0.442612856627, 0.579701840878, 0.0683115720749],
        "var": [10915.7744141, 1917.30334473, 1432.54382324, 537.798278809, 1377.50354004, 281.808227539, 397.324829102, 587.385803223, 107.973655701, 138.962341309, 99.1135787964, 65.3023834229, 65.4371795654],
        "cov": [[10959.9677734, 3775.28491211, -3103.0612793, -1488.31433105, -3492.9987793, -1249.44604492, -1299.67736816, -2075.9453125, -472.0675354, -574.647521973, -404.950195312, 348.687469482, -2.73315501213], [3775.28491211, 1925.06567383, -630.687561035, -532.908630371, -1246.1307373, -563.099975586, -463.136810303, -823.607055664, -244.186553955, -246.641799927, -239.075912476, 119.757904053, 7.01632499695], [-3103.0612793, -630.687561035, 1438.34362793, 574.000793457, 1014.64733887, 293.225952148, 369.59197998, 581.799987793, 84.4493331909, 149.692626953, 71.6615524292, -114.596427917, 31.7872867584], [-1488.31433105, -532.908630371, 574.000793457, 539.975585938, 684.682250977, 178.384063721, 159.568313599, 327.919677734, 51.9600982666, 70.9028320312, 72.1091537476, -68.9134140015, 9.12228488922], [-3492.9987793, -1246.1307373, 1014.64733887, 684.682250977, 1383.08044434, 445.371795654, 414.563323975, 757.327697754, 141.699417114, 188.609542847, 164.925857544, -120.032157898, 8.1540517807], [-1249.44604492, -563.099975586, 293.225952148, 178.384063721, 445.371795654, 282.949127197, 225.563568115, 296.358428955, 109.635147095, 95.8147354126, 64.4001541138, -57.4971694946, -12.8283720016], [-1299.67736816, -463.136810303, 369.59197998, 159.568313599, 414.563323975, 225.563568115, 398.933410645, 358.904144287, 73.1924514771, 166.362884521, 58.5153160095, -65.6948471069, -10.724770546], [-2075.9453125, -823.607055664, 581.799987793, 327.919677734, 757.327697754, 296.358428955, 358.904144287, 589.76385498, 131.075942993, 172.950393677, 137.73449707, -70.9959487915, 28.948972702], [-472.0675354, -244.186553955, 84.4493331909, 51.9600982666, 141.699417114, 109.635147095, 73.1924514771, 131.075942993, 108.410797119, 50.1955795288, 18.6630821228, -14.1249094009, 0.389245599508], [-574.647521973, -246.641799927, 149.692626953, 70.9028320312, 188.609542847, 95.8147354126, 166.362884521, 172.950393677, 50.1955795288, 139.524932861, 57.4307823181, -31.440284729, 21.3406906128], [-404.950195312, -239.075912476, 71.6615524292, 72.1091537476, 164.925857544, 64.4001541138, 58.5153160095, 137.73449707, 18.6630821228, 57.4307823181, 99.5148468018, 11.4615306854, 10.9478664398], [348.687469482, 119.757904053, -114.596427917, -68.9134140015, -120.032157898, -57.4971694946, -65.6948471069, -70.9959487915, -14.1249094009, -31.440284729, 11.4615306854, 65.5667648315, 10.157916069], [-2.73315501213, 7.01632499695, 31.7872867584, 9.12228488922, 8.1540517807, -12.8283720016, -10.724770546, 28.948972702, 0.389245599508, 21.3406906128, 10.9478664398, 10.157916069, 65.7021102905]]
    },
    "sccoeffs": {
        "kurt": [-0.500916719437, -0.900992631912, -0.921397924423, -0.54240322113, -0.465203285217, -0.829660415649],
        "max": [-0.315295368433, -0.219399183989, -0.429951131344, -0.564400494099, -0.692129313946, -0.654410839081],
        "mean": [-0.707505881786, -0.656596660614, -0.753459513187, -0.811304986477, -0.841907799244, -0.795307576656],
        "median": [-0.753576695919, -0.711045742035, -0.792519211769, -0.816836118698, -0.858752608299, -0.792501330376],
        "min": [-0.955009579659, -0.948016345501, -0.956814885139, -0.961306452751, -0.944098949432, -0.930591285229],
        "skew": [0.75662624836, 0.546219229698, 0.575643718243, 0.609694063663, 0.733699679375, 0.209096610546],
        "var": [0.0195667687804, 0.0424244739115, 0.0209526699036, 0.00833896640688, 0.00366806867532, 0.00336996931583],
        "cov": [[0.0196459870785, 0.00155168480705, 0.0015105024213, 0.00241269730031, 0.00244620256126, 0.00386983319186], [0.00155168480705, 0.042596232146, 0.0266396421939, 0.0158369522542, 0.00893735326827, 0.00923118088394], [0.0015105024213, 0.0266396421939, 0.0210375003517, 0.0115275336429, 0.00689607625827, 0.00669058784842], [0.00241269730031, 0.0158369522542, 0.0115275336429, 0.00837272778153, 0.00461871502921, 0.00437378371134], [0.00244620256126, 0.00893735326827, 0.00689607625827, 0.00461871502921, 0.00368291907944, 0.00303822476417], [0.00386983319186, 0.00923118088394, 0.00669058784842, 0.00437378371134, 0.00303822476417, 0.00338361272588]]
    },
    "scvalleys": {
        "kurt": [17.8856563568, 3.09841299057, 4.05184030533, 3.74943876266, 5.55954647064, 4.64605331421],
        "max": [-8.00418567657, -3.91257357597, -5.00256967545, -6.75914096832, -7.01398086548, -9.90922164917],
        "mean": [-10.0712184906, -8.49725818634, -9.48065948486, -10.2698945999, -10.5857410431, -12.9546003342],
        "median": [-9.94466209412, -8.63150787354, -9.58839988708, -10.2313327789, -10.6080389023, -12.9801197052],
        "min": [-17.7752075195, -17.5139865875, -17.8072071075, -17.0102424622, -16.5923519135, -18.1735477448],
        "skew": [-3.44501185417, -0.901042461395, -0.775646567345, -0.914162814617, -1.29208683968, -0.734319984913],
        "var": [1.39478623867, 3.99131822586, 3.09272885323, 2.1960773468, 1.45316922665, 1.14925634861],
        "cov": [[1.40043318272, 1.45967054367, 1.1831073761, 0.97820353508, 0.881894230843, 0.797623693943], [1.45967054367, 4.00747728348, 3.34511256218, 2.65838670731, 2.0745382309, 1.78345108032], [1.1831073761, 3.34511256218, 3.10525012016, 2.4937775135, 1.94939124584, 1.65916597843], [0.97820353508, 2.65838670731, 2.4937775135, 2.20496845245, 1.72225868702, 1.43336009979], [0.881894230843, 2.0745382309, 1.94939124584, 1.72225868702, 1.4590524435, 1.20920586586], [0.797623693943, 1.78345108032, 1.65916597843, 1.43336009979, 1.20920586586, 1.15390920639]]
    }
},
"rhythm": {
    "beats_loudness": {
        "kurt": -0.294241905212,
        "max": 0.0209610518068,
        "mean": 0.00493068853393,
        "median": 0.000522647169419,
        "min": 1.16156036256e-06,
        "skew": 1.23793923855,
        "var": 6.1264829128e-05
    },
    "bpm": 95.4639282227,
    "confidence": 0,
    "first_peak_bpm": {
        "kurt": 0,
        "max": 96,
        "mean": 96,
        "median": 96,
        "min": 96,
        "skew": 0,
        "var": 0
    },
    "first_peak_spread": {
        "kurt": 0,
        "max": 0.428571462631,
        "mean": 0.428571462631,
        "median": 0.428571462631,
        "min": 0.428571462631,
        "skew": 0,
        "var": 0
    },
    "first_peak_weight": {
        "kurt": 0,
        "max": 0.571428596973,
        "mean": 0.571428596973,
        "median": 0.571428596973,
        "min": 0.571428596973,
        "skew": 0,
        "var": 0
    },
    "onset_rate": 1.74663829803,
    "second_peak_bpm": {
        "kurt": 0,
        "max": 0,
        "mean": 0,
        "median": 0,
        "min": 0,
        "skew": 0,
        "var": 0
    },
    "second_peak_spread": {
        "kurt": 0,
        "max": 0,
        "mean": 0,
        "median": 0,
        "min": 0,
        "skew": 0,
        "var": 0
    },
    "second_peak_weight": {
        "kurt": 0,
        "max": 0,
        "mean": 0,
        "median": 0,
        "min": 0,
        "skew": 0,
        "var": 0
    },
    "beats_loudness_band_ratio": {
        "kurt": [2.61255311966, -1.25734710693, -0.79864192009, 2.09645652771, 2.31152629852, 2.25497817993],
        "max": [0.868392944336, 0.905633866787, 0.580252230167, 0.0701344832778, 0.0603753216565, 0.0512569583952],
        "mean": [0.141451612115, 0.58831101656, 0.278988331556, 0.0168497208506, 0.0110262176022, 0.00962411798537],
        "median": [0.0109269199893, 0.76527762413, 0.218553364277, 0.00986004061997, 0.00180633051787, 0.00159294181503],
        "min": [1.32588102133e-05, 0.110267825425, 0.0312936194241, 0.00255098729394, 0.00078698026482, 0.000543910136912],
        "skew": [2.08083033562, -0.675945520401, 0.653344452381, 1.86863458157, 1.98630416393, 1.96272099018],
        "var": [0.0791270062327, 0.0923739671707, 0.0317194387317, 0.000448220758699, 0.000375150993932, 0.000268579402473],
        "cov": [[0.0904308632016, -0.0703455433249, -0.022292021662, 0.00100888160523, 0.00202872231603, 0.00173993327189], [-0.0703455433249, 0.105570249259, -0.021373199299, -0.00540311587974, -0.005024807062, -0.00446159439161], [-0.022292021662, -0.021373199299, 0.0362507887185, 0.00319513375871, 0.00196125148796, 0.001811634982], [0.00100888160523, -0.00540311587974, 0.00319513375871, 0.00051225227071, 0.000438667862909, 0.000378428958356], [0.00202872231603, -0.005024807062, 0.00196125148796, 0.000438667862909, 0.000428743980592, 0.000361070677172], [0.00173993327189, -0.00446159439161, 0.001811634982, 0.000378428958356, 0.000361070677172, 0.000306947884383]]
    },
    "beats_position": [0.615328788757, 1.23065757751, 1.8575963974, 2.48453521729, 3.11147379875, 3.75002264977, 4.37696123123, 5.01551008224],
    "bpm_estimates": [97.5088424683, 95.7031173706, 95.7031173706, 95.7031555176, 93.9630508423, 95.7031555176, 93.9630508423],
    "bpm_intervals": [0.615328788757, 0.626938819885, 0.626938819885, 0.626938581467, 0.638548851013, 0.626938581467, 0.638548851013],
    "onset_times": [0.174149662256, 0.394739240408, 0.754648506641, 1.06811785698, 1.34675741196, 2.63546490669, 2.84444451332, 3.64553284645, 3.72680282593, 4.67882108688],
    "histogram": [[0, 0, 0, 0, 0, 0, 0, 0, 0, 0, 0, 0, 0, 0, 0, 0, 0, 0, 0, 0, 0, 0, 0, 0, 0, 0, 0, 0, 0, 0, 0, 0, 0, 0, 0, 0, 0, 0, 0, 0, 0, 0, 0, 0, 0, 0, 0, 0, 0, 0, 0, 0, 0, 0, 0, 0, 0, 0, 0, 0, 0, 0, 0, 0, 0, 0, 0, 0, 0, 0, 0, 0, 0, 0, 0, 0, 0, 0, 0, 0, 0, 0, 0, 0, 0, 0, 0, 0, 0, 0, 0, 0, 0, 0, 0.285714298487, 0, 0.571428596973, 0, 0.142857149243, 0, 0, 0, 0, 0, 0, 0, 0, 0, 0, 0, 0, 0, 0, 0, 0, 0, 0, 0, 0, 0, 0, 0, 0, 0, 0, 0, 0, 0, 0, 0, 0, 0, 0, 0, 0, 0, 0, 0, 0, 0, 0, 0, 0, 0, 0, 0, 0, 0, 0, 0, 0, 0, 0, 0, 0, 0, 0, 0, 0, 0, 0, 0, 0, 0, 0, 0, 0, 0, 0, 0, 0, 0, 0, 0, 0, 0, 0, 0, 0, 0, 0, 0, 0, 0, 0, 0, 0, 0, 0, 0, 0, 0, 0, 0, 0, 0, 0, 0, 0, 0, 0, 0, 0, 0, 0, 0, 0, 0, 0, 0, 0, 0, 0, 0, 0, 0, 0, 0, 0, 0, 0, 0, 0, 0, 0, 0, 0, 0, 0, 0, 0, 0, 0, 0, 0, 0, 0, 0, 0, 0, 0, 0, 0, 0, 0, 0, 0, 0, 0, 0]]
},
"sfx": {
    "inharmonicity": {
        "kurt": 5.24081039429,
        "max": 0.375151127577,
        "mean": 0.044562805444,
        "median": 0.0123175829649,
        "min": 0,
        "skew": 2.36030125618,
        "var": 0.00537034450099
    },
    "oddtoevenharmonicenergyratio": {
        "kurt": 90.4380493164,
        "max": 30.4036693573,
        "mean": 0.895949006081,
        "median": 0.161118596792,
        "min": 0,
        "skew": 8.21093082428,
        "var": 5.79553365707
    },
    "pitch_after_max_to_before_max_energy_ratio": 3.25179672241,
    "pitch_centroid": 144.394805908,
    "pitch_max_to_total": 0.407258063555,
    "pitch_min_to_total": 0.403225809336,
    "tristimulus": {
        "kurt": [-0.940221786499, -0.498008489609, 0.75137925148],
        "max": [1, 0.900107383728, 0.716813743114],
        "mean": [0.489338845015, 0.335521280766, 0.175139829516],
        "median": [0.540028691292, 0.289855271578, 0.112087085843],
        "min": [0, 0, 0],
        "skew": [-0.112090617418, 0.556015253067, 1.25929272175],
        "var": [0.0766605064273, 0.0471109114587, 0.026513453573],
        "cov": [[0.0769708752632, -0.0488258861005, -0.0281450096518], [-0.0488258861005, 0.0473016425967, 0.00152422452811], [-0.0281450096518, 0.00152422452811, 0.0266207959503]]
    }
},
"tonal": {
    "chords_changes_rate": 0.272000014782,
    "chords_number_rate": 0.0960000008345,
    "chords_strength": {
        "kurt": 0.110217809677,
        "max": 0.588422775269,
        "mean": 0.368495553732,
        "median": 0.362337201834,
        "min": 0.218532428145,
        "skew": 0.52993196249,
        "var": 0.00635369680822
    },
    "key_strength": 0.312989383936,
    "tuning_diatonic_strength": 0.197419852018,
    "tuning_equal_tempered_deviation": 0.270825713873,
    "tuning_frequency": 439.238189697,
    "tuning_nontempered_energy_ratio": 0.911857545376,
    "hpcp": {
        "kurt": [7.57777881622, 5.66941452026, 11.6704816818, 10.2636585236, 16.8405456543, 20.701051712, 19.6706390381, 9.05937099457, 4.68338918686, 5.56227684021, 7.39043903351, 6.06359958649, 2.68323612213, 2.31602668762, 2.76997089386, 3.77967977524, 3.90254688263, 4.20937108994, 2.65271711349, 1.64688396454, 0.961196422577, 1.98614740372, 2.23797512054, 2.81411170959, 3.19906663895, 3.13146114349, 1.36392307281, 1.58512353897, 3.55580759048, 6.95761966705, 13.3287696838, 18.003528595, 5.70359897614, 5.43656158447, 7.47091960907, 7.36555576324],
        "max": [1, 0.981481432915, 1, 0.840705275536, 1, 0.999420940876, 1, 1, 1, 1, 1, 1, 1, 1, 1, 1, 1, 1, 1, 1, 1, 1, 1, 1, 1, 1, 1, 1, 1, 1, 0.898643732071, 1, 0.700887441635, 0.867655575275, 1, 1],
        "mean": [0.110965587199, 0.109571069479, 0.0935865864158, 0.0770594924688, 0.0721627920866, 0.0647499412298, 0.065808467567, 0.101527385414, 0.131501570344, 0.116999879479, 0.106621809304, 0.125443071127, 0.163681909442, 0.184186071157, 0.171184197068, 0.156413152814, 0.144158989191, 0.14843647182, 0.164488255978, 0.18850389123, 0.200956091285, 0.182386443019, 0.172145918012, 0.166996508837, 0.154426306486, 0.16959734261, 0.207674518228, 0.203543186188, 0.157583221793, 0.104166299105, 0.0740572437644, 0.0704526603222, 0.0736343562603, 0.0963144227862, 0.102788992226, 0.101079374552],
