{
"metadata": {
    "version": {
        "essentia": "2.1-beta3"
    }
},
"lowLevel": {
    "average_loudness": 0.881429374218,
    "barkbands_kurtosis": {
        "kurt": 14.0497570038,
        "max": 58.0128211975,
        "mean": 5.52478408813,
        "median": 3.11649942398,
        "min": -1.47016060352,
        "skew": 3.14154434204,
        "var": 74.9556732178
    },
    "barkbands_skewness": {
        "kurt": -0.130350828171,
        "max": 6.07225131989,
        "mean": 1.57387089729,
        "median": 1.40855979919,
        "min": -1.46611762047,
        "skew": 0.404427051544,
        "var": 2.18705391884
    },
    "barkbands_spread": {
        "kurt": 10.0356521606,
        "max": 53.1190071106,
        "mean": 10.5571393967,
        "median": 8.42454719543,
        "min": 1.60404253006,
        "skew": 3.10933089256,
        "var": 94.5659942627
    },
    "dissonance": {
        "kurt": 2.58931732178,
        "max": 0.499998360872,
        "mean": 0.461573451757,
        "median": 0.473024964333,
        "min": 0.308121651411,
        "skew": -1.60897183418,
        "var": 0.00150936481077
    },
    "hfc": {
        "kurt": 26.2168426514,
        "max": 381.683502197,
        "mean": 18.7017364502,
        "median": 0.182819440961,
        "min": 1.28178125891e-08,
        "skew": 4.81955432892,
        "var": 2783.91137695
    },
    "pitch": {
        "kurt": 8.53581619263,
        "max": 4638.14355469,
        "mean": 757.044433594,
        "median": 646.944824219,
        "min": 68.8720703125,
        "skew": 2.94451451302,
        "var": 897020.625
    },
    "pitch_instantaneous_confidence": {
        "kurt": -0.544828176498,
        "max": 0.910997629166,
        "mean": 0.514402389526,
        "median": 0.500195622444,
        "min": 0.167102456093,
        "skew": 0.339617758989,
        "var": 0.0315394066274
    },
    "pitch_salience": {
        "kurt": -0.584005355835,
        "max": 0.814270555973,
        "mean": 0.593273162842,
        "median": 0.631945252419,
        "min": 0.275796294212,
        "skew": -0.58094650507,
        "var": 0.0166102703661
    },
    "silence_rate_20dB": {
        "kurt": 0,
        "max": 1,
        "mean": 1,
        "median": 1,
        "min": 1,
        "skew": 0,
        "var": 0
    },
    "silence_rate_30dB": {
        "kurt": 85.0113525391,
        "max": 1,
        "mean": 0.988888859749,
        "median": 1,
        "min": 0,
        "skew": -9.32799911499,
        "var": 0.0109876403585
    },
    "silence_rate_60dB": {
        "kurt": -1.79220485687,
        "max": 1,
        "mean": 0.611111104488,
        "median": 1,
        "min": 0,
        "skew": -0.455842703581,
        "var": 0.237654089928
    },
    "spectral_centroid": {
        "kurt": 0.175187110901,
        "max": 2514.55664062,
        "mean": 946.315429688,
        "median": 913.430664062,
        "min": 292.121063232,
        "skew": 0.921129524708,
        "var": 314322.5625
    },
    "spectral_complexity": {
        "kurt": 0.0727252960205,
        "max": 35,
        "mean": 7.32222223282,
        "median": 1,
        "min": 0,
        "skew": 1.17084050179,
        "var": 99.4406585693
    },
    "spectral_crest": {
        "kurt": -0.601287126541,
        "max": 22.3293933868,
        "mean": 12.0005550385,
        "median": 11.0137825012,
        "min": 4.01092672348,
        "skew": 0.519492030144,
        "var": 19.2244472504
    },
    "spectral_decrease": {
        "kurt": 10.0324850082,
        "max": -4.3893747771e-18,
        "mean": -2.95015722962e-09,
        "median": -7.38114361298e-11,
        "min": -3.45240032118e-08,
        "skew": -3.02064490318,
        "var": 3.78804516017e-17
    },
    "spectral_energy": {
        "kurt": 12.0634813309,
        "max": 0.164921313524,
        "mean": 0.01283087302,
        "median": 0.000302580156131,
        "min": 1.77291792358e-11,
        "skew": 3.26934599876,
        "var": 0.000767996476498
    },
    "spectral_energyband_high": {
        "kurt": 34.0782470703,
        "max": 0.00305187981576,
        "mean": 0.000123580059153,
        "median": 2.2659012302e-06,
        "min": 6.94005020552e-13,
        "skew": 5.719414711,
        "var": 1.74260705421e-07
    },
    "spectral_energyband_low": {
        "kurt": 17.3129367828,
        "max": 0.000209393037949,
        "mean": 1.25391225083e-05,
        "median": 1.51971391915e-07,
        "min": 1.34644584978e-12,
        "skew": 3.9515311718,
        "var": 1.13187836881e-09
    },
    "spectral_energyband_middle_high": {
        "kurt": 20.4582977295,
        "max": 0.162429273129,
        "mean": 0.00897854473442,
        "median": 8.91805830179e-05,
        "min": 2.77660967135e-12,
        "skew": 4.36157464981,
        "var": 0.000619475904386
    },
    "spectral_energyband_middle_low": {
        "kurt": 19.1203937531,
        "max": 0.064740806818,
        "mean": 0.00412865402177,
        "median": 0.000100197139545,
        "min": 1.33425553592e-11,
        "skew": 4.11724281311,
        "var": 0.000110421533464
    },
    "spectral_flatness_db": {
        "kurt": -0.718348026276,
        "max": 0.41045024991,
        "mean": 0.250428706408,
        "median": 0.260497421026,
        "min": 0.0786309987307,
        "skew": -0.0553634017706,
        "var": 0.00598072167486
    },
    "spectral_flux": {
        "kurt": 1.89254665375,
        "max": 0.347569584846,
        "mean": 0.0592141635716,
        "median": 0.011519914493,
        "min": 2.35511761275e-05,
        "skew": 1.63503539562,
        "var": 0.00702233053744
    },
    "spectral_kurtosis": {
        "kurt": -0.0260093212128,
        "max": 37.5262336731,
        "mean": 13.005238533,
        "median": 10.1164665222,
        "min": 1.22766590118,
        "skew": 0.962859630585,
        "var": 85.1889343262
    },
    "spectral_rms": {
        "kurt": 2.01186656952,
        "max": 0.0126845901832,
        "mean": 0.00205736700445,
        "median": 0.000543243833818,
        "min": 1.315171545e-07,
        "skew": 1.60669112206,
        "var": 8.28516749607e-06
    },
    "spectral_rolloff": {
        "kurt": 0.978024721146,
        "max": 4758.83789062,
        "mean": 1386.73791504,
        "median": 1281.22558594,
        "min": 215.33203125,
        "skew": 1.12560224533,
        "var": 1080328.625
    },
    "spectral_skewness": {
        "kurt": -0.175270795822,
        "max": 5.02281570435,
        "mean": 2.66152215004,
        "median": 2.63807082176,
        "min": 0.927314579487,
        "skew": 0.352788776159,
        "var": 0.737216353416
    },
    "spectral_spread": {
        "kurt": -0.0612983703613,
        "max": 10432307,
        "mean": 3719054.5,
        "median": 2843753,
        "min": 1277702.75,
        "skew": 1.01057887077,
        "var": 4.54870643507e+12
    },
    "spectral_strongpeak": {
        "kurt": 11.1296958923,
        "max": 12.1621751785,
        "mean": 1.04629445076,
        "median": 0.0909674018621,
        "min": 1.1765241652e-05,
        "skew": 3.22322940826,
        "var": 4.48381757736
    },
    "zerocrossingrate": {
        "kurt": 22.3222465515,
        "max": 0.296875,
        "mean": 0.0562282986939,
        "median": 0.0478515625,
        "min": 0.01953125,
        "skew": 3.84376311302,
        "var": 0.00123171240557
    },
    "barkbands": {
        "kurt": [35.670173645, 47.4360847473, 14.4153156281, 15.5647029877, 20.5747623444, 54.6931495667, 35.3149528503, 45.2094116211, 23.7088794708, 18.2066612244, 12.5977344513, 77.0792999268, 31.1478157043, 66.1908340454, 16.0273075104, 9.87246608734, 50.7116889954, 43.8723297119, 37.2417869568, 51.9433784485, 41.1396369934, 58.4064407349, 45.9898262024, 15.5786418915, 33.1460266113, 31.9915733337, 18.5045471191],
        "max": [4.76183821263e-08, 5.20766479895e-06, 8.52860466694e-05, 0.000183820986422, 0.000822051661089, 0.00289420131594, 0.00154529395513, 0.00995468720794, 0.0557875968516, 0.0361646898091, 0.00643612304702, 0.0792156606913, 0.0306280385703, 0.0202456340194, 0.0020769671537, 0.00151900411583, 0.0823110789061, 0.0394098237157, 0.00409898068756, 0.00669982936233, 0.000723029661458, 0.000174716537003, 5.22328009538e-05, 2.50730827247e-05, 1.32255963763e-05, 1.82446726171e-07, 5.88379256428e-09],
        "mean": [3.53368823092e-09, 2.01345812911e-07, 5.26685926161e-06, 1.15822267617e-05, 3.89185515814e-05, 6.76037889207e-05, 5.25874602317e-05, 0.000314201490255, 0.00276030460373, 0.00206723483279, 0.000454522640212, 0.0015788906021, 0.0013162168907, 0.000476591580082, 0.000145538069773, 0.000116683273518, 0.00199327641167, 0.00108859187458, 0.00012754459749, 0.000176827801624, 2.89126019197e-05, 5.23238077221e-06, 2.05881474358e-06, 1.58249633841e-06, 5.06110893639e-07, 6.6950436306e-09, 3.4416125505e-10],
        "median": [1.46991996353e-09, 2.52718113103e-08, 6.87285677259e-08, 1.21211328974e-07, 7.90942067397e-07, 4.98671511195e-07, 2.93053744826e-06, 4.33511468145e-06, 2.31736776186e-05, 1.33209578053e-05, 6.82284280629e-06, 8.58565454109e-06, 9.95929894998e-06, 1.02182605133e-06, 3.14502074161e-07, 4.0987436023e-07, 2.58415298049e-06, 6.52082917441e-07, 1.82153257811e-07, 1.81018549483e-06, 2.99227309597e-07, 3.1915561749e-08, 6.10320904926e-09, 5.12637843286e-09, 2.15023998607e-09, 3.39606467947e-11, 4.08735632146e-12],
        "min": [6.80159257366e-14, 5.00098280929e-13, 3.80204060509e-13, 2.82221078104e-12, 9.99490681192e-12, 9.17031885541e-14, 1.26938851141e-13, 1.45174548923e-13, 1.37001561896e-13, 7.10991053358e-14, 1.6904416777e-13, 2.73315875141e-13, 3.28009185568e-13, 1.50612500444e-13, 1.46462581104e-13, 2.11614878181e-13, 4.26352204409e-13, 2.57350049474e-13, 5.81710623681e-13, 4.05296374803e-13, 2.86525089679e-13, 8.75418512095e-14, 2.5509462774e-14, 2.63896740018e-14, 1.36450155306e-14, 1.51592872471e-15, 6.99954358051e-16],
        "skew": [5.15911960602, 6.43595933914, 3.72332835197, 3.77472090721, 4.56097126007, 7.14256000519, 5.97406864166, 6.32558298111, 4.41230821609, 4.03477334976, 3.59383654594, 8.70800590515, 5.24763870239, 7.92010259628, 3.76918339729, 3.03355693817, 6.85585832596, 6.50746154785, 5.95590162277, 7.00469970703, 5.8892583847, 7.32202959061, 6.23269176483, 3.62932920456, 5.70365095139, 5.57888889313, 4.09902763367],
        "var": [3.31041519262e-17, 3.75423758921e-13, 2.08360495524e-10, 9.38036648357e-10, 1.91783247061e-08, 1.1220772933e-07, 5.18228269186e-08, 1.43020395171e-06, 5.9791302192e-05, 3.00183728541e-05, 1.42839951423e-06, 7.10081803845e-05, 1.65550045494e-05, 4.96406028105e-06, 1.21148943322e-07, 6.86125574134e-08, 9.42408296396e-05, 2.42401565629e-05, 2.8673909469e-07, 6.20519585937e-07, 7.74055486374e-09, 3.88543031082e-10, 3.81275393202e-11, 1.48846057008e-11, 3.61976681268e-12, 6.7306662063e-16, 8.5630822686e-19],
        "cov": [[3.34761085779e-17, 4.89105993442e-16, 1.683018552e-14, 4.43973640675e-14, 2.05656889088e-13, 3.33016817247e-13, 2.44435629506e-13, 1.92255673187e-12, 7.17043655354e-12, -5.5001982786e-13, 5.68917200676e-13, 4.12914407527e-12, -8.34587390516e-13, 3.73244431239e-13, 8.60024060973e-14, 5.6266982447e-14, -5.40894260805e-13, -1.15012350772e-12, 1.02372862791e-13, 2.46332468312e-13, 7.46664286389e-14, 1.06920714822e-14, 1.37561634057e-15, -7.89522652684e-17, -4.22865502337e-16, 5.41469202973e-18, -4.40967658107e-19], [4.89105993442e-16, 3.79642010103e-13, 2.86298003534e-12, 3.28806946948e-12, 8.4868787345e-12, 1.19194428633e-11, 1.41069864124e-11, 8.30118890294e-11, -2.21787158083e-10, -1.67656985517e-10, -2.45611569277e-11, -5.16397445638e-11, -9.83874180044e-12, -3.26950966301e-11, -8.79968754114e-12, -9.42914062801e-12, 1.86458834484e-10, -1.10536818414e-12, -1.81504529288e-12, 1.49505928471e-11, 2.46611086586e-12, 5.98667654079e-13, 1.60217650778e-13, -1.34639554619e-14, -2.21993931179e-15, 2.40925657534e-16, -2.25716992368e-18], [1.683018552e-14, 2.86298003534e-12, 2.10701622816e-10, 3.87599119467e-10, 2.02604849564e-10, 1.7154504206e-10, 7.15273396068e-11, -5.19958465173e-10, -1.20166498974e-08, -9.12934527975e-09, -1.68916480803e-09, -6.89596557635e-09, -6.30320595718e-09, -2.34531771781e-09, -6.85218770613e-10, -5.64130631098e-10, -9.43061095882e-09, -5.25320764666e-09, -6.2922966837e-10, -8.29028123928e-10, -1.06938805033e-10, -2.2881222958e-11, -8.48154099037e-12, -7.13332431318e-12, -2.44556024737e-12, -3.13368038116e-14, -1.45831862584e-15], [4.43973640675e-14, 3.28806946948e-12, 3.87599119467e-10, 9.48576439619e-10, 1.18104970248e-09, 1.48455081561e-09, 1.05922326465e-09, 2.6194397762e-09, -2.18124860396e-08, -1.86155535431e-08, -3.00924196672e-09, -1.46712055837e-08, -1.37398155076e-08, -5.23928811447e-09, -1.49018419826e-09, -1.22197185703e-09, -2.12788400233e-08, -1.11540581216e-08, -1.38532063598e-09, -1.79679193746e-09, -1.68358910146e-10, -3.96724215979e-11, -1.42849230708e-11, -1.40794077785e-11, -5.25980431085e-12, -6.79116254876e-14, -2.74072269633e-15], [2.05656889088e-13, 8.4868787345e-12, 2.02604849564e-10, 1.18104970248e-09, 1.93938110016e-08, 4.00549673429e-08, 2.89677846155e-08, 1.02920736822e-07, 2.34902532981e-08, -3.95346200222e-09, 1.16223013436e-08, -1.38597702204e-08, -3.62176599822e-08, -1.34716007238e-08, -2.72658207123e-09, -2.60315013989e-09, -6.32958716551e-08, -2.06021528726e-08, -3.9445766653e-09, -4.78315520525e-09, 1.13239517763e-09, 1.11392464697e-10, 6.61146137837e-11, 8.62675035573e-12, -1.11394773614e-11, -1.29237712112e-13, 1.65327765821e-15], [3.33016817247e-13, 1.19194428633e-11, 1.7154504206e-10, 1.48455081561e-09, 4.00549673429e-08, 1.13468487939e-07, 6.98144972944e-08, 1.45001877172e-07, 9.01481111981e-09, -2.01785432807e-08, 1.31569448669e-08, -3.27193276917e-08, -6.5286933193e-08, -2.35144419491e-08, -4.86527440557e-09, -4.41936620632e-09, -1.17148303502e-07, -4.52098731785e-08, -7.22275794729e-09, -9.48897671549e-09, 1.35218325426e-09, 1.04986144778e-10, 7.42204284143e-11, 2.1176920894e-12, -1.8875156646e-11, -2.41490746671e-13, 2.5416396723e-15], [2.44435629506e-13, 1.41069864124e-11, 7.15273396068e-11, 1.05922326465e-09, 2.89677846155e-08, 6.98144972944e-08, 5.24051060324e-08, 1.82733757015e-07, 2.47458231684e-08, 1.29940200821e-08, 1.92058013937e-08, -7.76988251516e-09, -4.95627752173e-08, -1.5584326718e-08, -2.00402627826e-09, -2.33228858448e-09, -8.15067409121e-08, -1.54092028026e-08, -4.86362816687e-09, -6.93963375653e-09, 1.51688339667e-09, 2.53261911443e-10, 1.33471594888e-10, 3.79445294629e-11, -1.14262436318e-11, -1.27429574596e-13, 8.78562478166e-15], [1.92255673187e-12, 8.30118890294e-11, -5.19958465173e-10, 2.6194397762e-09, 1.02920736822e-07, 1.45001877172e-07, 1.82733757015e-07, 1.44627369991e-06, 1.4373903241e-06, 3.33752751658e-07, 1.8743379826e-07, 1.13284102099e-07, -7.50754338696e-08, -5.64474866849e-08, 3.81323772558e-08, 2.39785133971e-08, -4.20729804773e-07, -1.90101054898e-08, -2.28487877507e-08, -1.7471467828e-08, 1.99332088613e-08, 2.67536770515e-09, 1.17737142258e-09, 6.47649378571e-10, 7.41338956368e-14, -3.57999762647e-13, 8.49514482739e-14], [7.17043655354e-12, -2.21787158083e-10, -1.20166498974e-08, -2.18124860396e-08, 2.34902532981e-08, 9.01481111981e-09, 2.47458231684e-08, 1.4373903241e-06, 6.04631131864e-05, 1.75664572453e-05, 2.56598559645e-06, 1.98360339709e-06, 5.04501804244e-06, 2.87012403533e-06, 2.61308372274e-07, 7.9469685943e-07, -4.10582470067e-06, 2.89794513719e-07, -2.95507263104e-08, 2.23531628762e-07, 1.50308466118e-07, 6.7344143595e-09, 7.01677471682e-09, 6.24245544145e-09, 7.65697560912e-10, 1.85453236969e-12, 1.25467952e-12], [-5.5001982786e-13, -1.67656985517e-10, -9.12934527975e-09, -1.86155535431e-08, -3.95346200222e-09, -2.01785432807e-08, 1.29940200821e-08, 3.33752751658e-07, 1.75664572453e-05, 3.03556589643e-05, 1.72922977981e-06, 2.99556722894e-06, 3.48178650711e-06, 5.34727769264e-06, 8.79652986896e-07, 8.68382244334e-07, 2.77838762486e-06, 2.80907465822e-06, 1.14954059427e-06, 9.11477116006e-07, 1.16798780425e-07, 9.22847309681e-09, 7.63443175344e-09, 6.50217124587e-09, 7.98279664593e-10, 2.70095387028e-11, 2.63541532347e-12], [5.68917200676e-13, -2.45611569277e-11, -1.68916480803e-09, -3.00924196672e-09, 1.16223013436e-08, 1.31569448669e-08, 1.92058013937e-08, 1.8743379826e-07, 2.56598559645e-06, 1.72922977981e-06, 1.44444891248e-06, 1.28772899188e-06, 4.63727559463e-07, 1.61043232083e-07, 2.13695486195e-07, 1.42859931884e-07, 2.14212946048e-07, 1.50666650711e-07, 2.43323352578e-08, 3.49054674054e-09, 1.74343082193e-08, 1.31271049586e-09, 1.35873268192e-09, 2.02855532372e-09, 6.79373710066e-11, 2.44257847455e-12, 7.51850228668e-14], [4.12914407527e-12, -5.16397445638e-11, -6.89596557635e-09, -1.46712055837e-08, -1.38597702204e-08, -3.27193276917e-08, -7.76988251516e-09, 1.13284102099e-07, 1.98360339709e-06, 2.99556722894e-06, 1.28772899188e-06, 7.18060255167e-05, 1.19994856504e-05, 2.10299205605e-07, 7.91033869518e-07, 2.0925830313e-07, 3.4610133298e-05, 3.62282526112e-06, 1.33919945711e-06, 1.53863038577e-06, 1.7189076118e-07, 3.70302046804e-08, 1.33686102188e-08, 7.31369720341e-09, 3.66376728955e-09, 1.52006143783e-10, 7.01063122485e-13], [-8.34587390516e-13, -9.83874180044e-12, -6.30320595718e-09, -1.37398155076e-08, -3.62176599822e-08, -6.5286933193e-08, -4.95627752173e-08, -7.50754338696e-08, 5.04501804244e-06, 3.48178650711e-06, 4.63727559463e-07, 1.19994856504e-05, 1.67410144059e-05, 2.41018778979e-06, 5.52230346784e-07, 3.21612873222e-07, 3.66846688848e-05, 1.644024087e-05, 1.27320481624e-06, 2.54993278759e-06, 2.84344821466e-07, 7.31120266551e-08, 2.25247323016e-08, 1.28404744615e-08, 7.14929404566e-09, 8.61379162442e-11, 2.13757874248e-12], [3.73244431239e-13, -3.26950966301e-11, -2.34531771781e-09, -5.23928811447e-09, -1.34716007238e-08, -2.35144419491e-08, -1.5584326718e-08, -5.64474866849e-08, 2.87012403533e-06, 5.34727769264e-06, 1.61043232083e-07, 2.10299205605e-07, 2.41018778979e-06, 5.01983640788e-06, 5.14007581387e-07, 1.96558090693e-07, 4.46253397968e-06, 2.87057923742e-06, 1.04768855635e-06, 1.04002219814e-06, 9.76605889491e-08, 1.15635074849e-08, 5.44040679173e-09, 3.94026233863e-09, 1.03286701414e-09, 1.6682048104e-11, 3.15722789709e-13], [8.60024060973e-14, -8.79968754114e-12, -6.85218770613e-10, -1.49018419826e-09, -2.72658207123e-09, -4.86527440557e-09, -2.00402627826e-09, 3.81323772558e-08, 2.61308372274e-07, 8.79652986896e-07, 2.13695486195e-07, 7.91033869518e-07, 5.52230346784e-07, 5.14007581387e-07, 1.22510172673e-07, 6.21226163844e-08, 1.19937499221e-06, 4.56712967889e-07, 1.31737039055e-07, 1.3888848116e-07, 1.51356207567e-08, 2.22715956788e-09, 9.84019643546e-10, 7.47470196849e-10, 2.01322444826e-10, 4.63710797191e-12, 1.1487757631e-13], [5.6266982447e-14, -9.42914062801e-12, -5.64130631098e-10, -1.22197185703e-09, -2.60315013989e-09, -4.41936620632e-09, -2.33228858448e-09, 2.39785133971e-08, 7.9469685943e-07, 8.68382244334e-07, 1.42859931884e-07, 2.0925830313e-07, 3.21612873222e-07, 1.96558090693e-07, 6.21226163844e-08, 6.93834891763e-08, 5.23115829765e-07, 2.76783396203e-07, 4.55432740409e-08, 5.01848305134e-08, 6.42476827295e-09, 1.17195109173e-09, 5.5302495916e-10, 4.65451149845e-10, 1.36649039306e-10, 2.1420669058e-12, 8.46192758333e-14], [-5.40894260805e-13, 1.86458834484e-10, -9.43061095882e-09, -2.12788400233e-08, -6.32958716551e-08, -1.17148303502e-07, -8.15067409121e-08, -4.20729804773e-07, -4.10582470067e-06, 2.77838762486e-06, 2.14212946048e-07, 3.4610133298e-05, 3.66846688848e-05, 4.46253397968e-06, 1.19937499221e-06, 5.23115829765e-07, 9.52997143031e-05, 3.58977340511e-05, 3.21992774843e-06, 6.61475633024e-06, 6.88251247993e-07, 1.83084068794e-07, 5.44966987093e-08, 2.76468679061e-08, 1.56702455456e-08, 2.30216790076e-10, 4.67158516732e-12], [-1.15012350772e-12, -1.10536818414e-12, -5.25320764666e-09, -1.11540581216e-08, -2.06021528726e-08, -4.52098731785e-08, -1.54092028026e-08, -1.90101054898e-08, 2.89794513719e-07, 2.80907465822e-06, 1.50666650711e-07, 3.62282526112e-06, 1.644024087e-05, 2.87057923742e-06, 4.56712967889e-07, 2.76783396203e-07, 3.58977340511e-05, 2.45125174843e-05, 1.24922598843e-06, 2.16950638787e-06, 2.31208858281e-07, 7.37458165645e-08, 2.19739675344e-08, 1.3355284878e-08, 8.96017215979e-09, 6.57504189983e-11, 1.46613277074e-12], [1.02372862791e-13, -1.81504529288e-12, -6.2922966837e-10, -1.38532063598e-09, -3.9445766653e-09, -7.22275794729e-09, -4.86362816687e-09, -2.28487877507e-08, -2.95507263104e-08, 1.14954059427e-06, 2.43323352578e-08, 1.33919945711e-06, 1.27320481624e-06, 1.04768855635e-06, 1.31737039055e-07, 4.55432740409e-08, 3.21992774843e-06, 1.24922598843e-06, 2.89960865985e-07, 3.63179253782e-07, 3.48515847293e-08, 6.49765174998e-09, 2.30257368727e-09, 1.35515509925e-09, 5.29460142396e-10, 9.51336405486e-12, 1.71482890821e-13], [2.46332468312e-13, 1.49505928471e-11, -8.29028123928e-10, -1.79679193746e-09, -4.78315520525e-09, -9.48897671549e-09, -6.93963375653e-09, -1.7471467828e-08, 2.23531628762e-07, 9.11477116006e-07, 3.49054674054e-09, 1.53863038577e-06, 2.54993278759e-06, 1.04002219814e-06, 1.3888848116e-07, 5.01848305134e-08, 6.61475633024e-06, 2.16950638787e-06, 3.63179253782e-07, 6.27491715477e-07, 6.44352482482e-08, 1.38630404933e-08, 4.39661684837e-09, 2.28702257132e-09, 9.9155550437e-10, 1.66330022672e-11, 3.77837979003e-13], [7.46664286389e-14, 2.46611086586e-12, -1.06938805033e-10, -1.68358910146e-10, 1.13239517763e-09, 1.35218325426e-09, 1.51688339667e-09, 1.99332088613e-08, 1.50308466118e-07, 1.16798780425e-07, 1.74343082193e-08, 1.7189076118e-07, 2.84344821466e-07, 9.76605889491e-08, 1.51356207567e-08, 6.42476827295e-09, 6.88251247993e-07, 2.31208858281e-07, 3.48515847293e-08, 6.44352482482e-08, 7.82752795914e-09, 1.54043255929e-09, 5.14101039517e-10, 2.81666912016e-10, 1.11823147964e-10, 1.69866464644e-12, 3.8688826177e-14], [1.06920714822e-14, 5.98667654079e-13, -2.2881222958e-11, -3.96724215979e-11, 1.11392464697e-10, 1.04986144778e-10, 2.53261911443e-10, 2.67536770515e-09, 6.7344143595e-09, 9.22847309681e-09, 1.31271049586e-09, 3.70302046804e-08, 7.31120266551e-08, 1.15635074849e-08, 2.22715956788e-09, 1.17195109173e-09, 1.83084068794e-07, 7.37458165645e-08, 6.49765174998e-09, 1.38630404933e-08, 1.54043255929e-09, 3.92908705571e-10, 1.17543044742e-10, 6.2084129504e-11, 3.19567358686e-11, 4.06894597226e-13, 9.39295164001e-15], [1.37561634057e-15, 1.60217650778e-13, -8.48154099037e-12, -1.42849230708e-11, 6.61146137837e-11, 7.42204284143e-11, 1.33471594888e-10, 1.17737142258e-09, 7.01677471682e-09, 7.63443175344e-09, 1.35873268192e-09, 1.33686102188e-08, 2.25247323016e-08, 5.44040679173e-09, 9.84019643546e-10, 5.5302495916e-10, 5.44966987093e-08, 2.19739675344e-08, 2.30257368727e-09, 4.39661684837e-09, 5.14101039517e-10, 1.17543044742e-10, 3.85559396909e-11, 2.11845124776e-11, 9.75064560343e-12, 1.27285172419e-13, 2.83673218684e-15], [-7.89522652684e-17, -1.34639554619e-14, -7.13332431318e-12, -1.40794077785e-11, 8.62675035573e-12, 2.1176920894e-12, 3.79445294629e-11, 6.47649378571e-10, 6.24245544145e-09, 6.50217124587e-09, 2.02855532372e-09, 7.31369720341e-09, 1.28404744615e-08, 3.94026233863e-09, 7.47470196849e-10, 4.65451149845e-10, 2.76468679061e-08, 1.3355284878e-08, 1.35515509925e-09, 2.28702257132e-09, 2.81666912016e-10, 6.2084129504e-11, 2.11845124776e-11, 1.50518486564e-11, 5.86652341289e-12, 6.3851681375e-14, 1.33519529305e-15], [-4.22865502337e-16, -2.21993931179e-15, -2.44556024737e-12, -5.25980431085e-12, -1.11394773614e-11, -1.8875156646e-11, -1.14262436318e-11, 7.41338956368e-14, 7.65697560912e-10, 7.98279664593e-10, 6.79373710066e-11, 3.66376728955e-09, 7.14929404566e-09, 1.03286701414e-09, 2.01322444826e-10, 1.36649039306e-10, 1.56702455456e-08, 8.96017215979e-09, 5.29460142396e-10, 9.9155550437e-10, 1.11823147964e-10, 3.19567358686e-11, 9.75064560343e-12, 5.86652341289e-12, 3.66043827194e-12, 3.21998660103e-14, 6.15406017416e-16], [5.41469202973e-18, 2.40925657534e-16, -3.13368038116e-14, -6.79116254876e-14, -1.29237712112e-13, -2.41490746671e-13, -1.27429574596e-13, -3.57999762647e-13, 1.85453236969e-12, 2.70095387028e-11, 2.44257847455e-12, 1.52006143783e-10, 8.61379162442e-11, 1.6682048104e-11, 4.63710797191e-12, 2.1420669058e-12, 2.30216790076e-10, 6.57504189983e-11, 9.51336405486e-12, 1.66330022672e-11, 1.69866464644e-12, 4.06894597226e-13, 1.27285172419e-13, 6.3851681375e-14, 3.21998660103e-14, 6.80629142541e-16, 1.25193810525e-17], [-4.40967658107e-19, -2.25716992368e-18, -1.45831862584e-15, -2.74072269633e-15, 1.65327765821e-15, 2.5416396723e-15, 8.78562478166e-15, 8.49514482739e-14, 1.25467952e-12, 2.63541532347e-12, 7.51850228668e-14, 7.01063122485e-13, 2.13757874248e-12, 3.15722789709e-13, 1.1487757631e-13, 8.46192758333e-14, 4.67158516732e-12, 1.46613277074e-12, 1.71482890821e-13, 3.77837979003e-13, 3.8688826177e-14, 9.39295164001e-15, 2.83673218684e-15, 1.33519529305e-15, 6.15406017416e-16, 1.25193810525e-17, 8.65929681553e-19]]
    },
    "mfcc": {
        "kurt": [-1.4005304575, -1.30984687805, -1.21882927418, -0.805130958557, -0.922557830811, -0.682292461395, 1.46363162994, 0.399338960648, 0.443558216095, 0.3722884655, -0.452676057816, -0.121856451035, 1.35298299789],
        "max": [-624.034545898, 180.21774292, 62.0198707581, 42.9752845764, 12.2790679932, 12.8313484192, 46.1711196899, 41.6370201111, 23.5114212036, 24.7657279968, 13.8022575378, 26.3906497955, 5.82596588135],
        "mean": [-917.607177734, 81.8668365479, -50.5025558472, -19.2450485229, -27.06772995, -12.3202362061, 5.48305702209, 0.743909478188, 0.912082850933, -2.73602128029, -8.93458557129, 1.1682382822, -12.3570661545],
        "median": [-925.648132324, 87.99559021, -27.3452663422, -7.88783073425, -24.1068382263, -10.078710556, 3.59944915771, -5.34057617188e-05, -0.254232406616, -3.02016067505, -6.65812683105, -3.0517578125e-05, -11.2825927734],
        "min": [-1138.42004395, -11.0821895599, -201.575271606, -96.7869873047, -91.1191864014, -51.3252983093, -40.5191650391, -43.172492981, -20.8806533813, -44.5855560303, -34.5920791626, -20.0678634644, -51.0933074951],
        "skew": [0.0683416873217, -0.0183709654957, -0.412912219763, -0.406379967928, -0.475514471531, -0.578678965569, 0.100350648165, 0.0217151008546, 0.0899966284633, -0.341946065426, -0.245722323656, 0.405131071806, -1.03971982002],
        "var": [28213.1035156, 3274.67041016, 5369.57714844, 1189.74267578, 865.680358887, 278.155273438, 203.990493774, 249.069488525, 62.3573722839, 162.896759033, 124.733963013, 79.6270065308, 123.016548157],
        "cov": [[28530.1035156, 4628.09472656, -9745.72460938, -3553.16357422, -3819.78417969, -1667.05200195, -106.650215149, 161.27053833, 223.767379761, 95.9314880371, -499.307312012, 351.203338623, -1099.3638916], [4628.09472656, 3311.46459961, -129.035263062, -373.473449707, -1028.61218262, -509.04574585, -136.688354492, -279.845428467, 24.765247345, -85.0670318604, -251.368301392, 195.966491699, -84.0922164917], [-9745.72460938, -129.035263062, 5429.90917969, 1771.98425293, 934.29888916, 492.032775879, -195.447250366, -460.924987793, -153.257583618, -214.919158936, -86.577545166, -43.8579902649, 389.180419922], [-3553.16357422, -373.473449707, 1771.98425293, 1203.1105957, 653.528198242, 65.3618850708, 28.3807353973, 39.6980323792, -108.62033844, -240.182693481, -24.8751621246, 45.8856391907, 129.132354736], [-3819.78417969, -1028.61218262, 934.29888916, 653.528198242, 875.407104492, 203.236129761, 122.973930359, 170.884536743, -62.0903816223, -84.9958190918, 133.542526245, -4.98556232452, 133.458618164], [-1667.05200195, -509.04574585, 492.032775879, 65.3618850708, 203.236129761, 281.280609131, 62.6355056763, -46.9104919434, 10.0710859299, 38.8032264709, 39.5992507935, -53.7428894043, 39.5026626587], [-106.650215149, -136.688354492, -195.447250366, 28.3807353973, 122.973930359, 62.6355056763, 206.282516479, 93.4743118286, 9.3988866806, -16.1434745789, -11.4166097641, 36.0515098572, -11.84516716], [161.27053833, -279.845428467, -460.924987793, 39.6980323792, 170.884536743, -46.9104919434, 93.4743118286, 251.868026733, -6.15676593781, -54.8151016235, 75.7560043335, 26.6993961334, -29.5033168793], [223.767379761, 24.765247345, -153.257583618, -108.62033844, -62.0903816223, 10.0710859299, 9.3988866806, -6.15676593781, 63.0580177307, 65.3965759277, 4.10222578049, -3.55147194862, -7.04875898361], [95.9314880371, -85.0670318604, -214.919158936, -240.182693481, -84.9958190918, 38.8032264709, -16.1434745789, -54.8151016235, 65.3965759277, 164.727050781, 30.8157501221, -33.6753387451, -2.98749256134], [-499.307312012, -251.368301392, -86.577545166, -24.8751621246, 133.542526245, 39.5992507935, -11.4166097641, 75.7560043335, 4.10222578049, 30.8157501221, 126.135467529, -15.1820888519, 9.24899959564], [351.203338623, 195.966491699, -43.8579902649, 45.8856391907, -4.98556232452, -53.7428894043, 36.0515098572, 26.6993961334, -3.55147194862, -33.6753387451, -15.1820888519, 80.5216903687, 6.11473083496], [-1099.3638916, -84.0922164917, 389.180419922, 129.132354736, 133.458618164, 39.5026626587, -11.84516716, -29.5033168793, -7.04875898361, -2.98749256134, 9.24899959564, 6.11473083496, 124.398757935]]
    },
    "sccoeffs": {
        "kurt": [-0.668122529984, -0.378393888474, 0.561120986938, -0.229547739029, -0.0390894412994, 0.30620932579],
        "max": [-0.465094357729, -0.485635399818, -0.415549099445, -0.487169831991, -0.517581701279, -0.669543206692],
        "mean": [-0.729026377201, -0.776662945747, -0.786959409714, -0.780757129192, -0.808112502098, -0.817645430565],
        "median": [-0.770169854164, -0.790057897568, -0.801252365112, -0.766974568367, -0.826327741146, -0.818410873413],
        "min": [-0.893255710602, -0.950439989567, -0.943863391876, -0.943789839745, -0.941223978996, -0.914615511894],
        "skew": [0.672675192356, 0.613863945007, 0.870372474194, 0.413717091084, 0.809800326824, 0.529595792294],
        "var": [0.0130051216111, 0.0116719854996, 0.0119209419936, 0.0109829111025, 0.00987030938268, 0.00233416748233],
        "cov": [[0.013151246123, 0.00463604042307, 0.00367716583423, 0.00339806219563, 0.00196670228615, 0.0030237166211], [0.00463604042307, 0.0118031315506, 0.00776257831603, 0.00627167569473, 0.00494978483766, 0.00320441811346], [0.00367716583423, 0.00776257831603, 0.0120548857376, 0.008838461712, 0.00701994355768, 0.00366482115351], [0.00339806219563, 0.00627167569473, 0.008838461712, 0.0111063150689, 0.0078319972381, 0.00388423213735], [0.00196670228615, 0.00494978483766, 0.00701994355768, 0.0078319972381, 0.00998121127486, 0.00263509876095], [0.0030237166211, 0.00320441811346, 0.00366482115351, 0.00388423213735, 0.00263509876095, 0.00236039399169]]
    },
    "scvalleys": {
        "kurt": [2.24374246597, -0.293271780014, -0.797314167023, -0.98286318779, -0.728619098663, -0.799174308777],
        "max": [-8.01581954956, -4.47269439697, -4.22416734695, -5.40101337433, -5.64859390259, -8.44871234894],
        "mean": [-10.1451025009, -9.03716945648, -8.42681312561, -9.4606924057, -10.0669193268, -12.5341997147],
        "median": [-10.1061916351, -8.5734500885, -7.60580921173, -9.19690132141, -9.72042655945, -12.7035884857],
        "min": [-15.3308410645, -16.2181453705, -16.3962631226, -16.4859790802, -16.5267219543, -18.5173358917],
        "skew": [-1.15261542797, -0.558611631393, -0.616590619087, -0.397091507912, -0.365538477898, -0.157925650477],
        "var": [1.65592384338, 5.79444789886, 9.52820968628, 8.38327598572, 6.32793235779, 5.17458248138],
        "cov": [[1.67452967167, 2.57297039032, 2.68306589127, 2.21574258804, 2.14199495316, 1.87442362309], [2.57297039032, 5.85955381393, 6.77383804321, 5.82275676727, 5.11437797546, 4.61523675919], [2.68306589127, 6.77383804321, 9.63526821136, 8.7696685791, 7.49126434326, 6.67877817154], [2.21574258804, 5.82275676727, 8.7696685791, 8.47746944427, 7.12310218811, 6.31266880035], [2.14199495316, 5.11437797546, 7.49126434326, 7.12310218811, 6.39903259277, 5.63047933578], [1.87442362309, 4.61523675919, 6.67877817154, 6.31266880035, 5.63047933578, 5.23272371292]]
    }
},
"rhythm": {
    "beats_loudness": {
        "kurt": -1.50000023842,
        "max": 0.0208461787552,
        "mean": 0.00711275450885,
        "median": 0.000312187097734,
        "min": 0.000179897921043,
        "skew": 0.707008361816,
        "var": 9.43063860177e-05
    },
    "bpm": 123.046875,
    "confidence": 0,
    "first_peak_bpm": {
        "kurt": 0,
        "max": 123,
        "mean": 123,
        "median": 123,
        "min": 123,
        "skew": 0,
        "var": 0
    },
    "first_peak_spread": {
        "kurt": 0,
        "max": 0,
        "mean": 0,
        "median": 0,
        "min": 0,
        "skew": 0,
        "var": 0
    },
    "first_peak_weight": {
        "kurt": 0,
        "max": 1,
        "mean": 1,
        "median": 1,
        "min": 1,
        "skew": 0,
        "var": 0
    },
    "onset_rate": 2.42307686806,
    "second_peak_bpm": {
        "kurt": 0,
        "max": 0,
        "mean": 0,
        "median": 0,
        "min": 0,
        "skew": 0,
        "var": 0
    },
    "second_peak_spread": {
        "kurt": 0,
        "max": 0,
        "mean": 0,
        "median": 0,
        "min": 0,
        "skew": 0,
        "var": 0
    },
    "second_peak_weight": {
        "kurt": 0,
        "max": 0,
        "mean": 0,
        "median": 0,
        "min": 0,
        "skew": 0,
        "var": 0
    },
    "beats_loudness_band_ratio": {
        "kurt": [-1.5, -1.49999988079, -1.49999916553, -1.50000035763, -1.49999964237, -1.49999964237],
        "max": [0.245629027486, 0.123800188303, 0.593292355537, 0.527656912804, 0.0851512923837, 0.0187268089503],
        "mean": [0.0823085457087, 0.0458205752075, 0.531496465206, 0.318613439798, 0.0427373051643, 0.0118837803602],
        "median": [0.00107109488454, 0.0123310554773, 0.542637467384, 0.313379436731, 0.0253545902669, 0.0144934477285],
        "min": [0.000225517549552, 0.0013304729946, 0.458559453487, 0.114803977311, 0.0177060421556, 0.00243108184077],
        "skew": [0.707078397274, 0.686195492744, -0.292694628239, 0.0465394966304, 0.673138022423, -0.512990176678],
        "var": [0.0133369090036, 0.00306057860143, 0.00308755389415, 0.028421625495, 0.000909223046619, 4.76636378153e-05],
        "cov": [[0.020005363971, 0.00954942498356, 0.00133618828841, -0.024919398129, -0.00214347289875, 0.000316214340273], [0.00954942498356, 0.00459086801857, 0.00102211581543, -0.0125090312213, -0.000831138924696, 0.000197441317141], [0.00133618828841, 0.00102211581543, 0.00463133072481, -0.00892054382712, 0.00212652748451, 0.000570698466618], [-0.024919398129, -0.0125090312213, -0.00892054382712, 0.0426324382424, -0.000955927651376, -0.0012718582293], [-0.00214347289875, -0.000831138924696, 0.00212652748451, -0.000955927651376, 0.00136383459903, 0.000240745022893], [0.000316214340273, 0.000197441317141, 0.000570698466618, -0.0012718582293, 0.000240745022893, 7.14954585419e-05]]
    },
    "beats_position": [0.510838985443, 0.99845802784, 1.48607707024],
    "bpm_estimates": [123.046875, 123.046875],
    "bpm_intervals": [0.487619042397, 0.487619042397],
    "onset_times": [0.104489795864, 0.27863946557, 0.545668959618, 0.731428563595, 1.26548755169],
    "histogram": [[0, 0, 0, 0, 0, 0, 0, 0, 0, 0, 0, 0, 0, 0, 0, 0, 0, 0, 0, 0, 0, 0, 0, 0, 0, 0, 0, 0, 0, 0, 0, 0, 0, 0, 0, 0, 0, 0, 0, 0, 0, 0, 0, 0, 0, 0, 0, 0, 0, 0, 0, 0, 0, 0, 0, 0, 0, 0, 0, 0, 0, 0, 0, 0, 0, 0, 0, 0, 0, 0, 0, 0, 0, 0, 0, 0, 0, 0, 0, 0, 0, 0, 0, 0, 0, 0, 0, 0, 0, 0, 0, 0, 0, 0, 0, 0, 0, 0, 0, 0, 0, 0, 0, 0, 0, 0, 0, 0, 0, 0, 0, 0, 0, 0, 0, 0, 0, 0, 0, 0, 0, 0, 0, 1, 0, 0, 0, 0, 0, 0, 0, 0, 0, 0, 0, 0, 0, 0, 0, 0, 0, 0, 0, 0, 0, 0, 0, 0, 0, 0, 0, 0, 0, 0, 0, 0, 0, 0, 0, 0, 0, 0, 0, 0, 0, 0, 0, 0, 0, 0, 0, 0, 0, 0, 0, 0, 0, 0, 0, 0, 0, 0, 0, 0, 0, 0, 0, 0, 0, 0, 0, 0, 0, 0, 0, 0, 0, 0, 0, 0, 0, 0, 0, 0, 0, 0, 0, 0, 0, 0, 0, 0, 0, 0, 0, 0, 0, 0, 0, 0, 0, 0, 0, 0, 0, 0, 0, 0, 0, 0, 0, 0, 0, 0, 0, 0, 0, 0, 0, 0, 0, 0, 0, 0, 0, 0, 0, 0, 0, 0]]
},
"sfx": {
    "inharmonicity": {
        "kurt": 6.57622909546,
        "max": 0.347088694572,
        "mean": 0.0471287742257,
        "median": 0.0150080863386,
        "min": 0,
        "skew": 2.56506419182,
        "var": 0.00548622664064
    },
    "oddtoevenharmonicenergyratio": {
        "kurt": 15.5172863007,
        "max": 11.2264041901,
        "mean": 0.917883276939,
        "median": 0.147809624672,
        "min": 0,
        "skew": 3.5508620739,
        "var": 2.93918013573
    },
    "pitch_after_max_to_before_max_energy_ratio": 3.02004933357,
    "pitch_centroid": 33.7708129883,
    "pitch_max_to_total": 0.0111111113802,
    "pitch_min_to_total": 0.544444441795,
    "tristimulus": {
        "kurt": [-0.268091201782, -0.867726802826, 0.194232940674],
        "max": [1, 0.793634831905, 0.709846794605],
        "mean": [0.47379642725, 0.344478309155, 0.181725144386],
        "median": [0.479044795036, 0.336194902658, 0.0879163891077],
        "min": [0, 0, 0],
        "skew": [-0.10260348767, 0.182903006673, 1.06913566589],
        "var": [0.0630871504545, 0.0445760637522, 0.0391431637108],
        "cov": [[0.0637959986925, -0.0346449688077, -0.0291510298848], [-0.0346449688077, 0.0450769178569, -0.0104319527745], [-0.0291510298848, -0.0104319527745, 0.0395829752088]]
    }
},
"tonal": {
    "chords_changes_rate": 0.0652173906565,
    "chords_number_rate": 0.0652173906565,
    "chords_strength": {
        "kurt": -0.795631408691,
        "max": 0.558230936527,
        "mean": 0.436018109322,
        "median": 0.435867846012,
        "min": 0.307520806789,
        "skew": -0.0317703559995,
        "var": 0.00453997822478
    },
    "key_strength": 0.263422846794,
    "tuning_diatonic_strength": 0.38671836257,
    "tuning_equal_tempered_deviation": 0.256052076817,
    "tuning_frequency": 432.940917969,
    "tuning_nontempered_energy_ratio": 0.866577029228,
    "hpcp": {
        "kurt": [10.449760437, 4.76519680023, 8.75911521912, 1.65416240692, -0.691426992416, 5.20300674438, 4.67190647125, 18.8059921265, 27.1403217316, 6.99653911591, 3.59679079056, 3.29019927979, 9.5995349884, 4.22457647324, 0.756071567535, 3.02261209488, 1.32127952576, 2.13910722733, 2.76402616501, 2.70339584351, 1.23185586929, 1.60429286957, -1.28764736652, -0.740916252136, -1.06476140022, -0.722193241119, -0.0586993694305, 0.343815803528, -0.137102365494, 1.31747770309, 3.43583297729, 0.315756082535, -0.544174432755, 1.76342868805, 4.34235239029, 3.50691270828],
        "max": [1, 0.774960756302, 1, 0.523313164711, 0.269067794085, 0.377801597118, 0.273474812508, 0.500717222691, 1, 0.631939470768, 0.671360194683, 0.681959867477, 0.994329750538, 1, 1, 1, 0.785312116146, 1, 0.889021992683, 1, 1, 1, 0.612413704395, 0.886117577553, 1, 1, 1, 1, 0.7552318573, 0.839872539043, 1, 1, 1, 1, 0.720859348774, 0.663666129112],
        "mean": [0.118877440691, 0.119178883731, 0.124624617398, 0.109048955142, 0.0814022049308, 0.0623710565269, 0.0470073856413, 0.057158883661, 0.0782457366586, 0.0889523774385, 0.114173524082, 0.114746190608, 0.108508780599, 0.164400577545, 0.220510363579, 0.169794589281, 0.168906852603, 0.199394747615, 0.168763056397, 0.199215635657, 0.223940625787, 0.217732220888, 0.216251581907, 0.255392044783, 0.341132670641, 0.292837649584, 0.230670839548, 0.245924577117, 0.188724473119, 0.157221451402, 0.189319625497, 0.280806988478, 0.327595621347, 0.226969152689, 0.119238778949, 0.106748133898],
