{
"metadata": {
    "version": {
        "essentia": "2.1-beta3"
    }
},
"lowLevel": {
    "average_loudness": 0.954580187798,
    "barkbands_kurtosis": {
        "kurt": 31.0182723999,
        "max": 106.731536865,
        "mean": 6.54905986786,
        "median": 2.02956056595,
        "min": -1.49456131458,
        "skew": 4.89875745773,
        "var": 173.371994019
    },
    "barkbands_skewness": {
        "kurt": 6.51459980011,
        "max": 9.66553878784,
        "mean": 1.6768450737,
        "median": 1.36065065861,
        "min": -0.682173907757,
        "skew": 1.93287622929,
        "var": 2.37694573402
    },
    "barkbands_spread": {
        "kurt": 3.34838867188,
        "max": 44.4306869507,
        "mean": 9.87596416473,
        "median": 6.68878173828,
        "min": 0.546810925007,
        "skew": 1.93193650246,
        "var": 78.8381347656
    },
    "dissonance": {
        "kurt": 5.3922290802,
        "max": 0.5,
        "mean": 0.468024820089,
        "median": 0.48307326436,
        "min": 0.295727968216,
        "skew": -2.16080713272,
        "var": 0.0016352115199
    },
    "hfc": {
        "kurt": 5.02123069763,
        "max": 115.167648315,
        "mean": 12.4450550079,
        "median": 0.403109788895,
        "min": 4.63951987939e-10,
        "skew": 2.25028014183,
        "var": 524.170898438
    },
    "pitch": {
        "kurt": 28.6789855957,
        "max": 4456.18847656,
        "mean": 615.875,
        "median": 665.768371582,
        "min": 95.5365982056,
        "skew": 4.05175733566,
        "var": 253603.59375
    },
    "pitch_instantaneous_confidence": {
        "kurt": -0.1717877388,
        "max": 0.96626585722,
        "mean": 0.459737896919,
        "median": 0.426387727261,
        "min": 0.196616530418,
        "skew": 0.788323283195,
        "var": 0.0349353887141
    },
    "pitch_salience": {
        "kurt": 4.77731370926,
        "max": 0.828703701496,
        "mean": 0.640968322754,
        "median": 0.653626143932,
        "min": 0.106299504638,
        "skew": -1.64321875572,
        "var": 0.0148348510265
    },
    "silence_rate_20dB": {
        "kurt": 0,
        "max": 1,
        "mean": 1,
        "median": 1,
        "min": 1,
        "skew": 0,
        "var": 0
    },
    "silence_rate_30dB": {
        "kurt": 103.009735107,
        "max": 1,
        "mean": 0.990740716457,
        "median": 1,
        "min": 0,
        "skew": -10.247461319,
        "var": 0.0091735040769
    },
    "silence_rate_60dB": {
        "kurt": -1.79220366478,
        "max": 1,
        "mean": 0.611111104488,
        "median": 1,
        "min": 0,
        "skew": -0.455843120813,
        "var": 0.237654000521
    },
    "spectral_centroid": {
        "kurt": 1.55199098587,
        "max": 2479.06835938,
        "mean": 939.902587891,
        "median": 977.481628418,
        "min": 251.180114746,
        "skew": 0.58671104908,
        "var": 172816.78125
    },
    "spectral_complexity": {
        "kurt": -0.488276958466,
        "max": 32,
        "mean": 7.50925922394,
        "median": 1,
        "min": 0,
        "skew": 0.960397422314,
        "var": 93.8239440918
    },
    "spectral_crest": {
        "kurt": 0.465511083603,
        "max": 26.3419513702,
        "mean": 11.1373538971,
        "median": 9.95940113068,
        "min": 3.93961191177,
        "skew": 0.983571231365,
        "var": 25.0969734192
    },
    "spectral_decrease": {
        "kurt": 8.4497756958,
        "max": -1.42353970635e-19,
        "mean": -3.13259507223e-09,
        "median": -8.74210981383e-11,
        "min": -3.36213474839e-08,
        "skew": -2.82364463806,
        "var": 4.02123101445e-17
    },
    "spectral_energy": {
        "kurt": 8.15116500854,
        "max": 0.137340888381,
        "mean": 0.0129519402981,
        "median": 0.000373449613107,
        "min": 5.79358392858e-13,
        "skew": 2.77521514893,
        "var": 0.000674566545058
    },
    "spectral_energyband_high": {
        "kurt": 15.6723117828,
        "max": 0.00049114972353,
        "mean": 3.61925158359e-05,
        "median": 7.82204836014e-07,
        "min": 1.8259824669e-14,
        "skew": 3.48780035973,
        "var": 5.1100168541e-09
    },
    "spectral_energyband_low": {
        "kurt": 30.0651702881,
        "max": 0.000161223841133,
        "mean": 6.17796013103e-06,
        "median": 2.01839412739e-07,
        "min": 2.19024830824e-13,
        "skew": 5.30997276306,
        "var": 5.1689352798e-10
    },
    "spectral_energyband_middle_high": {
        "kurt": 17.6989040375,
        "max": 0.123671233654,
        "mean": 0.00770986359566,
        "median": 0.000155621994054,
        "min": 1.00295646625e-13,
        "skew": 3.84668111801,
        "var": 0.00032416623435
    },
    "spectral_energyband_middle_low": {
        "kurt": 19.215379715,
        "max": 0.123189419508,
        "mean": 0.00667319633067,
        "median": 7.47170561226e-05,
        "min": 2.6834480818e-13,
        "skew": 4.2050485611,
        "var": 0.000338517245837
    },
    "spectral_flatness_db": {
        "kurt": -0.583155632019,
        "max": 0.477626353502,
        "mean": 0.250701278448,
        "median": 0.258162051439,
        "min": 0.0639911592007,
        "skew": 0.0245618317276,
        "var": 0.00744472444057
    },
    "spectral_flux": {
        "kurt": 1.17847776413,
        "max": 0.30839368701,
        "mean": 0.0593405291438,
        "median": 0.0145817082375,
        "min": 1.3329500689e-05,
        "skew": 1.40265667439,
        "var": 0.00618302030489
    },
    "spectral_kurtosis": {
        "kurt": 0.593924045563,
        "max": 51.2835044861,
        "mean": 15.4579648972,
        "median": 13.7215690613,
        "min": 0.787994623184,
        "skew": 0.968947291374,
        "var": 118.38735199
    },
    "spectral_rms": {
        "kurt": 1.16175413132,
        "max": 0.0115754529834,
        "mean": 0.00210148654878,
        "median": 0.000601375300903,
        "min": 2.37745165776e-08,
        "skew": 1.42978405952,
        "var": 8.2197939264e-06
    },
    "spectral_rolloff": {
        "kurt": 3.21340513229,
        "max": 4543.50585938,
        "mean": 1358.58605957,
        "median": 1313.52539062,
        "min": 258.3984375,
        "skew": 1.48345756531,
        "var": 701920
    },
    "spectral_skewness": {
        "kurt": 0.290639400482,
        "max": 5.98392534256,
        "mean": 2.86414003372,
        "median": 2.77580547333,
        "min": 1.02920031548,
        "skew": 0.484149545431,
        "var": 0.960921108723
    },
    "spectral_spread": {
        "kurt": 25.0400485992,
        "max": 24015566,
        "mean": 3549459.25,
        "median": 2594287,
        "min": 1110809.875,
        "skew": 4.01611566544,
        "var": 7.71955621888e+12
    },
    "spectral_strongpeak": {
        "kurt": 15.6890201569,
        "max": 10.9352293015,
        "mean": 0.868492782116,
        "median": 0.141994863749,
        "min": 0,
        "skew": 3.56342339516,
        "var": 2.80526256561
    },
    "zerocrossingrate": {
        "kurt": 46.1984939575,
        "max": 0.404296875,
        "mean": 0.057201243937,
        "median": 0.052734375,
        "min": 0.00732421875,
        "skew": 5.94245052338,
        "var": 0.00166814331897
    },
    "barkbands": {
        "kurt": [5.21409225464, 8.92988014221, 42.2115898132, 29.3907546997, 60.857585907, 45.1745376587, 33.4094696045, 16.721698761, 48.4294166565, 28.2243499756, 83.4377365112, 17.6395969391, 15.3055686951, 7.63168430328, 24.8742275238, 13.5790672302, 9.99621200562, 22.6019115448, 6.78602409363, 21.0565948486, 16.5625572205, 15.6224842072, 18.0091686249, 3.77390909195, 4.94284915924, 23.9541988373, 10.2940158844],
        "max": [1.16625127333e-08, 3.89608544538e-07, 3.23929452861e-05, 0.000439496652689, 0.00252922181971, 0.00105905300006, 0.00158819975331, 0.00456443289295, 0.122453004122, 0.132584497333, 0.0299197267741, 0.00873976759613, 0.0137992510572, 0.00377315352671, 0.00393317453563, 0.00218643667176, 0.00295368651859, 0.00210379902273, 0.000489751400892, 0.000787369790487, 0.000143574739923, 3.29553731717e-05, 1.73008193087e-05, 1.00319703051e-05, 1.9717658688e-06, 5.56035466559e-08, 5.98961058529e-09],
        "mean": [1.53358525878e-09, 4.81494062399e-08, 1.07764481072e-06, 1.56110363605e-05, 6.39436912024e-05, 2.83121280518e-05, 5.31276600668e-05, 0.000241343557718, 0.00390440551564, 0.00540699064732, 0.000664561521262, 0.000529003737029, 0.000886041962076, 0.000331167393597, 0.000214709638385, 0.000156435446115, 0.000241283414653, 0.000109206826892, 4.41951924586e-05, 4.61095442006e-05, 9.81753237284e-06, 2.23675920097e-06, 1.01450621059e-06, 1.11015424409e-06, 1.92437710211e-07, 2.69313371604e-09, 4.73679873103e-10],
        "median": [6.12885242557e-10, 2.54540601929e-08, 7.61724763265e-08, 1.14621343528e-07, 5.06099922859e-07, 2.48370696454e-07, 1.45384001371e-06, 5.31697878614e-06, 1.65780147654e-05, 4.47104976047e-05, 1.6178120859e-05, 7.82768438512e-06, 8.30313183542e-06, 1.09491247713e-05, 6.05728655501e-06, 2.86071804112e-06, 6.25148550171e-06, 1.64698201388e-06, 9.71577605924e-07, 1.28352803586e-06, 2.72927934475e-07, 5.26090531139e-08, 9.03053720691e-09, 5.37601252404e-09, 1.58160196051e-09, 4.99795899112e-11, 4.72037946925e-12],
        "min": [3.14430590126e-14, 8.57819268093e-14, 7.71838783208e-14, 7.7674046123e-14, 6.73714624128e-14, 4.66947308727e-14, 3.19684633854e-14, 1.72882982073e-14, 2.43561308546e-14, 1.38901273838e-14, 4.48026896615e-15, 4.80594381701e-15, 3.94064545128e-15, 6.02277398486e-15, 8.59703035486e-15, 6.0302511682e-15, 3.33012676103e-15, 9.95076772852e-15, 2.99911259564e-14, 1.51986984196e-14, 4.68090820147e-15, 3.94662762147e-15, 8.13583033832e-16, 9.02457912883e-16, 1.26088879836e-15, 7.73247907219e-16, 7.5817405595e-16],
        "skew": [2.14380502701, 2.97018027306, 5.99633407593, 5.23280525208, 7.40787363052, 6.69285964966, 5.71203708649, 4.03920316696, 6.48512268066, 4.93635797501, 8.87199783325, 3.9347205162, 3.78370594978, 2.71335458755, 4.68708276749, 3.49377202988, 3.12680459023, 4.27342844009, 2.68811106682, 4.29185771942, 3.57503938675, 3.54959726334, 3.99505019188, 2.23384976387, 2.39835453033, 4.64331865311, 3.1844534874],
        "var": [4.34207576249e-18, 5.78559586578e-15, 1.43907767647e-11, 3.46040973653e-09, 7.43085664112e-08, 1.80130808047e-08, 4.48266703756e-08, 5.30053966941e-07, 0.000193098574528, 0.000299978652038, 8.86594534677e-06, 1.70359010099e-06, 4.9400628086e-06, 4.70316820156e-07, 3.39083982226e-07, 1.29240945057e-07, 3.15172712817e-07, 8.1104978733e-08, 9.38737976242e-09, 1.27035209019e-08, 4.24288215672e-10, 2.37380184953e-11, 6.65310905326e-12, 5.56374737948e-12, 1.72651836946e-13, 6.28862340158e-17, 1.27134279049e-18],
        "cov": [[4.38265600257e-18, 8.14898237771e-17, 8.52986583022e-16, 1.83856514133e-14, 1.47783600136e-13, 3.91334473236e-14, 1.20039110488e-13, 8.51286435007e-13, 8.20139702679e-12, 1.02160077273e-11, 4.61415194247e-13, 1.26762998969e-12, 1.5356698118e-12, 3.85275253541e-13, 3.70298924987e-13, 1.81294364829e-13, 3.31999185088e-13, 8.45423381367e-14, 5.12032941275e-14, 3.65003234343e-14, 2.14774419495e-14, 2.77686940384e-15, 8.36769819609e-16, 1.30338073555e-15, 3.83654361976e-16, 3.32323388649e-18, 1.04587320784e-18], [8.14898237771e-17, 5.839667061e-15, 1.56594748561e-13, 3.02852404613e-12, 1.24804879972e-11, 6.47967747167e-12, 7.74951977589e-12, 3.80036349612e-11, 2.16161297195e-10, 2.55718196618e-10, 5.12416116483e-11, 1.18651529574e-11, 1.05663316638e-11, 1.11489090529e-11, 5.1924172427e-12, 1.1124382665e-12, 1.94544548656e-13, 1.41736828437e-13, 3.92913756002e-13, 1.32761542645e-12, 4.75858556118e-13, 8.4916692818e-14, 1.84142252228e-14, 1.59920786059e-14, 7.13786363728e-15, 5.73899364827e-17, 2.8992048504e-17], [8.52986583022e-16, 1.56594748561e-13, 1.45252698758e-11, 1.35553929193e-10, 2.23507878871e-10, 3.45420775316e-10, 4.0403519419e-10, 1.15832698988e-09, -8.18099643585e-10, -3.40789774178e-09, -4.48792475405e-10, -2.44837761176e-10, -1.85432655342e-10, 6.02628891233e-10, 1.09357224665e-10, -4.7200209019e-11, -1.22441431993e-10, -8.39839239819e-11, -3.36440354742e-11, 7.10476469323e-11, 4.39194991139e-12, 1.02249654056e-12, 3.3810137307e-13, 4.59901160123e-13, 5.72327084271e-14, -7.1612839924e-16, 3.92875162639e-16], [1.83856514133e-14, 3.02852404613e-12, 1.35553929193e-10, 3.49275008915e-09, 1.3908762142e-08, 6.36157704292e-09, 3.86879772662e-09, 1.34455886425e-08, -1.96225542481e-08, -6.22533491423e-08, -7.30995175502e-09, -4.64403671074e-09, -6.40226183179e-09, 3.1622147123e-09, -4.17925888341e-10, -1.39912970099e-09, -1.97151939219e-09, -1.2420650064e-09, -5.84344961307e-10, 5.15238018917e-10, 2.6020172128e-11, 2.47990239455e-11, -2.00975716104e-12, -2.03513182868e-12, -5.74213745129e-13, -2.45349903317e-14, 7.8220236896e-16], [1.47783600136e-13, 1.24804879972e-11, 2.23507878871e-10, 1.3908762142e-08, 7.50030366703e-08, 2.49645353279e-08, 1.17810907696e-08, 6.31781489346e-08, 2.52099511044e-07, -2.30555784242e-07, -1.29454216236e-08, -6.34865227056e-09, -2.10078621166e-08, -3.08008041294e-09, -5.81341996764e-09, -6.36589359004e-09, -8.19216516845e-09, -3.71199337934e-09, -2.2107187192e-09, 1.29002508675e-09, 5.10652964358e-10, 1.27358693036e-10, -1.2211300764e-12, -3.05070170514e-11, -2.83407065177e-12, -8.79505750997e-14, 7.60402313761e-15], [3.91334473236e-14, 6.47967747167e-12, 3.45420775316e-10, 6.36157704292e-09, 2.49645353279e-08, 1.81814279188e-08, 1.5161811362e-08, 4.07058067253e-08, 2.35392469961e-08, -8.76412329376e-08, -1.03769330906e-08, -1.49476531153e-09, 2.471297611e-09, 2.29602346025e-08, 5.83487214101e-09, -1.75090525412e-10, -1.22547438863e-09, -1.81728654347e-09, -8.36562985551e-10, 3.07512215691e-09, 2.77360467926e-10, 4.26281301924e-11, 2.7397636243e-11, 2.36217434502e-11, 4.88877167915e-12, -7.911474604e-16, 1.31083896653e-14], [1.20039110488e-13, 7.74951977589e-12, 4.0403519419e-10, 3.86879772662e-09, 1.17810907696e-08, 1.5161811362e-08, 4.52456099254e-08, 1.19583802416e-07, 3.57460351097e-07, -1.5297437983e-07, 2.77102998325e-08, 6.45887254791e-08, 7.25054363215e-08, 3.78233515619e-08, 1.61290234502e-08, 5.13507192323e-09, 3.96058741359e-09, -2.21697965541e-10, -8.39214392423e-11, 1.38210021206e-08, 1.55791923806e-09, 5.10997133496e-10, 2.73777334137e-10, 8.16076581311e-11, 3.39095106161e-11, 1.62821782424e-13, 2.68097820149e-14], [8.51286435007e-13, 3.80036349612e-11, 1.15832698988e-09, 1.34455886425e-08, 6.31781489346e-08, 4.07058067253e-08, 1.19583802416e-07, 5.35007700364e-07, 3.11900157612e-06, -3.45570441596e-07, 1.10082893912e-07, 2.58813969367e-07, 2.93219670766e-07, 1.37468006756e-07, 7.42018499977e-08, 1.85687500931e-08, 4.01823569973e-08, 1.14937952489e-08, 3.35118849337e-10, 3.38148318235e-08, 7.18641457453e-09, 1.58696189523e-09, 7.07879532769e-10, 2.86925178061e-10, 1.11076182974e-10, 7.38737684306e-13, 1.73136976761e-13], [8.20139702679e-12, 2.16161297195e-10, -8.18099643585e-10, -1.96225542481e-08, 2.52099511044e-07, 2.35392469961e-08, 3.57460351097e-07, 3.11900157612e-06, 0.000194903230295, 2.00642516575e-05, 1.71712804331e-06, 2.04688535632e-06, 5.36706875209e-06, 1.34370463911e-06, 5.92560240875e-07, 3.98355041398e-07, 5.33061665919e-07, 2.49729851021e-07, 3.91012129342e-08, 2.17178651951e-07, 8.68080078931e-08, 1.20902168277e-08, 5.86618176257e-09, 3.51486106887e-09, 6.24546969696e-10, 6.85421381111e-12, 3.23253641736e-12], [1.02160077273e-11, 2.55718196618e-10, -3.40789774178e-09, -6.22533491423e-08, -2.30555784242e-07, -8.76412329376e-08, -1.5297437983e-07, -3.45570441596e-07, 2.00642516575e-05, 0.000302782194922, 1.45578915181e-05, 1.08253777853e-06, 3.58898319064e-06, 4.54798782812e-06, 3.15540819429e-06, 1.93815048988e-06, 3.43994361174e-06, 1.93206801669e-06, 7.07019637503e-07, 3.19300141882e-07, 9.10757975703e-08, 2.86873227395e-08, 1.17370602126e-08, 1.72844174529e-08, 3.82634013363e-09, 5.32064288461e-11, 1.44149735551e-11], [4.61415194247e-13, 5.12416116483e-11, -4.48792475405e-10, -7.30995175502e-09, -1.29454216236e-08, -1.03769330906e-08, 2.77102998325e-08, 1.10082893912e-07, 1.71712804331e-06, 1.45578915181e-05, 8.94880486157e-06, 4.88805483201e-07, 7.25869256257e-07, 4.19252643269e-07, 2.06417027471e-07, 2.5732512654e-07, 3.81117388315e-07, 2.12707703895e-07, 1.07113692138e-07, 7.27262730038e-08, 1.08500692875e-08, 3.86049814338e-09, 1.40969103057e-09, 8.34875779621e-10, 1.65593816437e-10, 5.60633310609e-12, 1.23251756023e-12], [1.26762998969e-12, 1.18651529574e-11, -2.44837761176e-10, -4.64403671074e-09, -6.34865227056e-09, -1.49476531153e-09, 6.45887254791e-08, 2.58813969367e-07, 2.04688535632e-06, 1.08253777853e-06, 4.88805483201e-07, 1.71951160155e-06, 1.84515295132e-06, 2.37918783341e-07, 2.88180586949e-07, 2.17447436057e-07, 4.47526787184e-07, 1.64917992151e-07, 8.35056326309e-08, 6.93287987019e-08, 1.55576795891e-08, 3.13912962291e-09, 1.27280008755e-09, 1.48766088337e-09, 3.22709359235e-10, 4.54940946026e-12, 4.91849887641e-13], [1.5356698118e-12, 1.05663316638e-11, -1.85432655342e-10, -6.40226183179e-09, -2.10078621166e-08, 2.471297611e-09, 7.25054363215e-08, 2.93219670766e-07, 5.36706875209e-06, 3.58898319064e-06, 7.25869256257e-07, 1.84515295132e-06, 4.98623148815e-06, 5.88361160681e-07, 6.74043008075e-07, 3.89508585386e-07, 3.96605742026e-07, 2.14643378627e-07, 8.76573693631e-08, 9.89231523363e-08, 2.91128401386e-08, 5.01085040128e-09, 2.39376451994e-09, 3.85043552598e-09, 5.89047255417e-10, 7.43924540025e-12, 6.57625646647e-13], [3.85275253541e-13, 1.11489090529e-11, 6.02628891233e-10, 3.1622147123e-09, -3.08008041294e-09, 2.29602346025e-08, 3.78233515619e-08, 1.37468006756e-07, 1.34370463911e-06, 4.54798782812e-06, 4.19252643269e-07, 2.37918783341e-07, 5.88361160681e-07, 4.74712294363e-07, 2.25424685141e-07, 1.68379898469e-07, 1.95784764401e-07, 7.4890770918e-08, 3.1551394386e-08, 3.29372902286e-08, 6.01849681203e-09, 1.40587652631e-09, 7.42360062311e-10, 9.5898744501e-10, 1.50250020758e-10, 1.39137497097e-12, 2.73824501485e-13], [3.70298924987e-13, 5.1924172427e-12, 1.09357224665e-10, -4.17925888341e-10, -5.81341996764e-09, 5.83487214101e-09, 1.61290234502e-08, 7.42018499977e-08, 5.92560240875e-07, 3.15540819429e-06, 2.06417027471e-07, 2.88180586949e-07, 6.74043008075e-07, 2.25424685141e-07, 3.42252974406e-07, 1.2699642582e-07, 1.17405960509e-07, 6.9586093332e-08, 2.40891129266e-08, 1.24784023114e-08, 5.7322067093e-09, 1.30163591017e-09, 4.31240876342e-10, 9.4562258024e-10, 1.56857027367e-10, 1.29313682158e-12, 2.83914276637e-13], [1.81294364829e-13, 1.1124382665e-12, -4.7200209019e-11, -1.39912970099e-09, -6.36589359004e-09, -1.75090525412e-10, 5.13507192323e-09, 1.85687500931e-08, 3.98355041398e-07, 1.93815048988e-06, 2.5732512654e-07, 2.17447436057e-07, 3.89508585386e-07, 1.68379898469e-07, 1.2699642582e-07, 1.30448810864e-07, 1.13517415912e-07, 6.59251497837e-08, 2.69933888575e-08, 1.72208505234e-08, 2.60080823544e-09, 8.71300753769e-10, 3.63077901078e-10, 5.23882326409e-10, 8.61150178944e-11, 1.16576334089e-12, 2.3161651091e-13], [3.31999185088e-13, 1.94544548656e-13, -1.22441431993e-10, -1.97151939219e-09, -8.19216516845e-09, -1.22547438863e-09, 3.96058741359e-09, 4.01823569973e-08, 5.33061665919e-07, 3.43994361174e-06, 3.81117388315e-07, 4.47526787184e-07, 3.96605742026e-07, 1.95784764401e-07, 1.17405960509e-07, 1.13517415912e-07, 3.18118253517e-07, 1.06612411344e-07, 3.7816686671e-08, 3.00576168399e-08, 3.75987463386e-09, 1.55080537301e-09, 6.7799976744e-10, 7.63056284825e-10, 1.28001650945e-10, 1.96067034136e-12, 2.65186527251e-13], [8.45423381367e-14, 1.41736828437e-13, -8.39839239819e-11, -1.2420650064e-09, -3.71199337934e-09, -1.81728654347e-09, -2.21697965541e-10, 1.14937952489e-08, 2.49729851021e-07, 1.93206801669e-06, 2.12707703895e-07, 1.64917992151e-07, 2.14643378627e-07, 7.4890770918e-08, 6.9586093332e-08, 6.59251497837e-08, 1.06612411344e-07, 8.18629715127e-08, 2.02643040126e-08, 1.89708053711e-08, 2.50853848804e-09, 8.95192753259e-10, 4.39070446667e-10, 4.09353301256e-10, 6.42197892087e-11, 1.57134049696e-12, 1.64087019254e-13], [5.12032941275e-14, 3.92913756002e-13, -3.36440354742e-11, -5.84344961307e-10, -2.2107187192e-09, -8.36562985551e-10, -8.39214392423e-11, 3.35118849337e-10, 3.91012129342e-08, 7.07019637503e-07, 1.07113692138e-07, 8.35056326309e-08, 8.76573693631e-08, 3.1551394386e-08, 2.40891129266e-08, 2.69933888575e-08, 3.7816686671e-08, 2.02643040126e-08, 9.47511225036e-09, 6.16609563409e-09, 9.35695854132e-10, 2.48925297042e-10, 1.30471106141e-10, 1.41266123799e-10, 2.53369096537e-11, 5.29703776501e-13, 6.44332203152e-14], [3.65003234343e-14, 1.32761542645e-12, 7.10476469323e-11, 5.15238018917e-10, 1.29002508675e-09, 3.07512215691e-09, 1.38210021206e-08, 3.38148318235e-08, 2.17178651951e-07, 3.19300141882e-07, 7.27262730038e-08, 6.93287987019e-08, 9.89231523363e-08, 3.29372902286e-08, 1.24784023114e-08, 1.72208505234e-08, 3.00576168399e-08, 1.89708053711e-08, 6.16609563409e-09, 1.28222454876e-08, 1.48707990366e-09, 4.52159448772e-10, 2.70021921489e-10, 1.56226462322e-10, 2.96503342712e-11, 6.69922667687e-13, 3.38380887167e-14], [2.14774419495e-14, 4.75858556118e-13, 4.39194991139e-12, 2.6020172128e-11, 5.10652964358e-10, 2.77360467926e-10, 1.55791923806e-09, 7.18641457453e-09, 8.68080078931e-08, 9.10757975703e-08, 1.08500692875e-08, 1.55576795891e-08, 2.91128401386e-08, 6.01849681203e-09, 5.7322067093e-09, 2.60080823544e-09, 3.75987463386e-09, 2.50853848804e-09, 9.35695854132e-10, 1.48707990366e-09, 4.28253543738e-10, 6.01224972585e-11, 3.52520686253e-11, 3.3164228308e-11, 6.05786861646e-12, 1.1314880917e-13, 6.98980778382e-15], [2.77686940384e-15, 8.4916692818e-14, 1.02249654056e-12, 2.47990239455e-11, 1.27358693036e-10, 4.26281301924e-11, 5.10997133496e-10, 1.58696189523e-09, 1.20902168277e-08, 2.86873227395e-08, 3.86049814338e-09, 3.13912962291e-09, 5.01085040128e-09, 1.40587652631e-09, 1.30163591017e-09, 8.71300753769e-10, 1.55080537301e-09, 8.95192753259e-10, 2.48925297042e-10, 4.52159448772e-10, 6.01224972585e-11, 2.39598688112e-11, 1.04983573918e-11, 7.81587728566e-12, 1.45589801066e-12, 2.39924877519e-14, 2.22911606674e-15], [8.36769819609e-16, 1.84142252228e-14, 3.3810137307e-13, -2.00975716104e-12, -1.2211300764e-12, 2.7397636243e-11, 2.73777334137e-10, 7.07879532769e-10, 5.86618176257e-09, 1.17370602126e-08, 1.40969103057e-09, 1.27280008755e-09, 2.39376451994e-09, 7.42360062311e-10, 4.31240876342e-10, 3.63077901078e-10, 6.7799976744e-10, 4.39070446667e-10, 1.30471106141e-10, 2.70021921489e-10, 3.52520686253e-11, 1.04983573918e-11, 6.71528761417e-12, 4.38527729754e-12, 7.71229542902e-13, 1.51937161718e-14, 7.08549942521e-16], [1.30338073555e-15, 1.59920786059e-14, 4.59901160123e-13, -2.03513182868e-12, -3.05070170514e-11, 2.36217434502e-11, 8.16076581311e-11, 2.86925178061e-10, 3.51486106887e-09, 1.72844174529e-08, 8.34875779621e-10, 1.48766088337e-09, 3.85043552598e-09, 9.5898744501e-10, 9.4562258024e-10, 5.23882326409e-10, 7.63056284825e-10, 4.09353301256e-10, 1.41266123799e-10, 1.56226462322e-10, 3.3164228308e-11, 7.81587728566e-12, 4.38527729754e-12, 5.61574528199e-12, 8.60409887869e-13, 1.30807823205e-14, 1.09041526503e-15], [3.83654361976e-16, 7.13786363728e-15, 5.72327084271e-14, -5.74213745129e-13, -2.83407065177e-12, 4.88877167915e-12, 3.39095106161e-11, 1.11076182974e-10, 6.24546969696e-10, 3.82634013363e-09, 1.65593816437e-10, 3.22709359235e-10, 5.89047255417e-10, 1.50250020758e-10, 1.56857027367e-10, 8.61150178944e-11, 1.28001650945e-10, 6.42197892087e-11, 2.53369096537e-11, 2.96503342712e-11, 6.05786861646e-12, 1.45589801066e-12, 7.71229542902e-13, 8.60409887869e-13, 1.74265414382e-13, 2.30687093844e-15, 2.68538587507e-16], [3.32323388649e-18, 5.73899364827e-17, -7.1612839924e-16, -2.45349903317e-14, -8.79505750997e-14, -7.911474604e-16, 1.62821782424e-13, 7.38737684306e-13, 6.85421381111e-12, 5.32064288461e-11, 5.60633310609e-12, 4.54940946026e-12, 7.43924540025e-12, 1.39137497097e-12, 1.29313682158e-12, 1.16576334089e-12, 1.96067034136e-12, 1.57134049696e-12, 5.29703776501e-13, 6.69922667687e-13, 1.1314880917e-13, 2.39924877519e-14, 1.51937161718e-14, 1.30807823205e-14, 2.30687093844e-15, 6.34739557672e-17, 3.74751612257e-18], [1.04587320784e-18, 2.8992048504e-17, 3.92875162639e-16, 7.8220236896e-16, 7.60402313761e-15, 1.31083896653e-14, 2.68097820149e-14, 1.73136976761e-13, 3.23253641736e-12, 1.44149735551e-11, 1.23251756023e-12, 4.91849887641e-13, 6.57625646647e-13, 2.73824501485e-13, 2.83914276637e-13, 2.3161651091e-13, 2.65186527251e-13, 1.64087019254e-13, 6.44332203152e-14, 3.38380887167e-14, 6.98980778382e-15, 2.22911606674e-15, 7.08549942521e-16, 1.09041526503e-15, 2.68538587507e-16, 3.74751612257e-18, 1.2832245162e-18]]
    },
    "mfcc": {
        "kurt": [-1.48935759068, -0.646741390228, -1.35340893269, -1.18669974804, -1.06142270565, -0.581060171127, -0.438282251358, 0.4085688591, -0.521334171295, 1.12406110764, -0.506988525391, 0.357667684555, -0.299660921097],
        "max": [-645.253112793, 189.98739624, 68.0790100098, 32.0547676086, 10.4650878906, 23.5532836914, 33.7567596436, 31.9696178436, 23.4936561584, 30.2312049866, 4.19916915894, 12.0698738098, 7.3765335083],
        "mean": [-913.622741699, 85.3413238525, -62.8091621399, -26.4528884888, -26.4698753357, -15.16726017, 3.9955997467, 2.15405917168, 2.99494433403, 0.0958860218525, -11.0265541077, -6.1254658699, -14.2038068771],
        "median": [-904.664733887, 86.7082214355, -62.0612564087, -29.8746070862, -23.0826911926, -14.1190719604, 0.813137054443, 4.29800605774, 1.97371101379, -0.435438156128, -8.86448669434, -5.87504386902, -10.8582115173],
        "min": [-1138.42004395, 1.14440917969e-05, -185.439712524, -90.8879928589, -78.6630096436, -54.8227653503, -27.637960434, -49.8379364014, -18.8554000854, -18.0339660645, -33.9386520386, -31.3954429626, -44.1405181885],
        "skew": [0.0405620448291, 0.034438367933, -0.0522116534412, 0.0478417314589, -0.329491525888, -0.0664255321026, 0.215698689222, -0.703893721104, -0.0186664257199, 0.690911650658, -0.53775036335, -0.562287151814, -0.738833487034],
        "var": [26162.859375, 2394.73901367, 4871.98632812, 939.202087402, 555.054626465, 248.125579834, 176.127792358, 302.219207764, 89.3456344604, 79.1517715454, 83.7864151001, 68.2282409668, 159.056411743],
        "cov": [[26407.3710938, 4920.38085938, -9556.3203125, -3288.05517578, -3354.27416992, -1752.64758301, -305.974212646, -148.136825562, 358.88381958, 557.22454834, -590.667053223, 35.192401886, -1247.48657227], [4920.38085938, 2417.11962891, -1097.8527832, -404.451416016, -735.098876953, -502.527038574, -184.705169678, -373.04699707, -6.56917285919, 14.9508943558, -192.748809814, -26.1122570038, -337.734130859], [-9556.3203125, -1097.8527832, 4917.51855469, 1763.97119141, 1130.41918945, 628.985107422, -102.661872864, -351.838592529, -285.368469238, -294.710021973, 79.8909225464, -74.1603012085, 256.995300293], [-3288.05517578, -404.451416016, 1763.97119141, 947.979675293, 410.653778076, 139.584991455, -42.1763763428, -164.0859375, -140.031616211, -130.338912964, -2.87729811668, -62.2362594604, 60.6677627563], [-3354.27416992, -735.098876953, 1130.41918945, 410.653778076, 560.24206543, 235.236801147, 45.4880943298, 39.025062561, -41.1038551331, -62.1622276306, 61.6817970276, -26.2543010712, 178.360992432], [-1752.64758301, -502.527038574, 628.985107422, 139.584991455, 235.236801147, 250.444503784, 77.3388824463, 51.4284973145, -1.17350566387, -29.4589271545, 45.7644004822, 10.2819337845, 95.9589691162], [-305.974212646, -184.705169678, -102.661872864, -42.1763763428, 45.4880943298, 77.3388824463, 177.773834229, 137.28855896, 27.4758453369, 1.80416631699, 10.1266613007, 4.00971603394, 54.4165763855], [-148.136825562, -373.04699707, -351.838592529, -164.0859375, 39.025062561, 51.4284973145, 137.28855896, 305.043670654, 75.8067474365, 12.2647132874, 36.5203857422, -15.1653938293, 53.9470748901], [358.88381958, -6.56917285919, -285.368469238, -140.031616211, -41.1038551331, -1.17350566387, 27.4758453369, 75.8067474365, 90.1806335449, 41.12449646, -5.59919023514, -10.9980421066, -15.3196105957], [557.22454834, 14.9508943558, -294.710021973, -130.338912964, -62.1622276306, -29.4589271545, 1.80416631699, 12.2647132874, 41.12449646, 79.8915100098, 4.83147144318, 0.99949657917, -21.0624866486], [-590.667053223, -192.748809814, 79.8909225464, -2.87729811668, 61.6817970276, 45.7644004822, 10.1266613007, 36.5203857422, -5.59919023514, 4.83147144318, 84.5694656372, 39.5970497131, 59.2988586426], [35.192401886, -26.1122570038, -74.1603012085, -62.2362594604, -26.2543010712, 10.2819337845, 4.00971603394, -15.1653938293, -10.9980421066, 0.99949657917, 39.5970497131, 68.8658905029, 38.7503547668], [-1247.48657227, -337.734130859, 256.995300293, 60.6677627563, 178.360992432, 95.9589691162, 54.4165763855, 53.9470748901, -15.3196105957, -21.0624866486, 59.2988586426, 38.7503547668, 160.542907715]]
    },
    "sccoeffs": {
        "kurt": [0.0529389381409, 0.0200266838074, 0.502014398575, -0.627382516861, -1.0697876215, -0.181801795959],
        "max": [-0.353739380836, -0.424389600754, -0.373689264059, -0.596558153629, -0.671316027641, -0.703354299068],
        "mean": [-0.728410959244, -0.762850165367, -0.761007010937, -0.801193475723, -0.818851113319, -0.818208754063],
        "median": [-0.75990998745, -0.774310469627, -0.80211186409, -0.806626915932, -0.82482111454, -0.818765699863],
        "min": [-0.951461851597, -0.953775167465, -0.958008766174, -0.966275990009, -0.932507812977, -0.928700268269],
        "skew": [0.965605795383, 0.558741569519, 1.00766181946, 0.307901293039, 0.131887868047, 0.0418596044183],
        "var": [0.0168280526996, 0.0118475239724, 0.0180224981159, 0.00713048828766, 0.00496164290234, 0.00184946565423],
        "cov": [[0.0169853251427, 0.00652243616059, 0.0062864087522, 0.00384109350853, 0.00253582303412, 0.00240270071663], [0.00652243616059, 0.011958247982, 0.00891167577356, 0.00712218368426, 0.00539044244215, 0.00336246285588], [0.0062864087522, 0.00891167577356, 0.0181909315288, 0.00827441737056, 0.00662073073909, 0.00376446009614], [0.00384109350853, 0.00712218368426, 0.00827441737056, 0.00719712814316, 0.00445482926443, 0.00279971351847], [0.00253582303412, 0.00539044244215, 0.00662073073909, 0.00445482926443, 0.00500801345333, 0.00197724276222], [0.00240270071663, 0.00336246285588, 0.00376446009614, 0.00279971351847, 0.00197724276222, 0.00186675030272]]
    },
    "scvalleys": {
        "kurt": [7.91262149811, 0.637395143509, 0.120342731476, -0.396990537643, 0.161771059036, 0.0808582305908],
        "max": [-8.5038356781, -4.99871397018, -4.25978899002, -5.24853181839, -6.64303636551, -9.21310138702],
        "mean": [-10.266913414, -9.0580329895, -8.1502456665, -9.07293510437, -9.9160451889, -12.513800621],
        "median": [-10.1375675201, -8.68369197845, -7.4559969902, -8.15316009521, -9.42261695862, -12.6068134308],
        "min": [-16.2339286804, -16.8772220612, -17.6219444275, -17.982749939, -18.5258731842, -20.0705680847],
        "skew": [-2.0647854805, -0.734115898609, -0.889265537262, -0.703706800938, -0.794731020927, -0.503053486347],
        "var": [1.20648670197, 4.79842233658, 8.47233486176, 8.93070602417, 6.27894878387, 4.76769018173],
        "cov": [[1.21776235104, 1.99699389935, 2.28598546982, 2.23441267014, 2.01633954048, 1.77970302105], [1.99699389935, 4.8432674408, 5.67283201218, 5.69521856308, 4.82618093491, 4.11888408661], [2.28598546982, 5.67283201218, 8.55151557922, 8.66225624084, 7.17649888992, 5.93364810944], [2.23441267014, 5.69521856308, 8.66225624084, 9.01417064667, 7.41107749939, 6.18525028229], [2.01633954048, 4.82618093491, 7.17649888992, 7.41107749939, 6.33763074875, 5.3227519989], [1.77970302105, 4.11888408661, 5.93364810944, 6.18525028229, 5.3227519989, 4.81224775314]]
    }
},
"rhythm": {
    "beats_loudness": {
        "kurt": -1.29858732224,
        "max": 0.0643497630954,
        "mean": 0.0303099472076,
        "median": 0.0369573533535,
        "min": 2.69985685009e-06,
        "skew": -0.164227694273,
        "var": 0.00054874381749
    },
    "bpm": 178.205841064,
    "confidence": 0,
    "first_peak_bpm": {
        "kurt": 0,
        "max": 178,
        "mean": 178,
        "median": 178,
        "min": 178,
        "skew": 0,
        "var": 0
    },
    "first_peak_spread": {
        "kurt": 0,
        "max": 0,
        "mean": 0,
        "median": 0,
        "min": 0,
        "skew": 0,
        "var": 0
    },
    "first_peak_weight": {
        "kurt": 0,
        "max": 0.40000000596,
        "mean": 0.40000000596,
        "median": 0.40000000596,
        "min": 0.40000000596,
        "skew": 0,
        "var": 0
    },
    "onset_rate": 2.42734479904,
    "second_peak_bpm": {
        "kurt": 0,
        "max": 161,
        "mean": 161,
        "median": 161,
        "min": 161,
        "skew": 0,
        "var": 0
    },
    "second_peak_spread": {
        "kurt": 0,
        "max": 0,
        "mean": 0,
        "median": 0,
        "min": 0,
        "skew": 0,
        "var": 0
    },
    "second_peak_weight": {
        "kurt": 0,
        "max": 0.20000000298,
        "mean": 0.20000000298,
        "median": 0.20000000298,
        "min": 0.20000000298,
        "skew": 0,
        "var": 0
    },
    "beats_loudness_band_ratio": {
        "kurt": [0.115515470505, 0.344571590424, 1.02640771866, -1.66137480736, -0.0765945911407, 1.0869436264],
        "max": [0.330287754536, 0.849191784859, 0.752484679222, 0.892675459385, 0.198280006647, 0.157451748848],
        "mean": [0.0768957957625, 0.190518140793, 0.203233540058, 0.46982422471, 0.0776501372457, 0.0351957120001],
        "median": [0.00020724326896, 0.000317838625051, 0.10985276103, 0.4901034832, 0.0675553679466, 0.010272632353],
        "min": [5.88702550886e-06, 1.61690077221e-05, 0.0204642824829, 0.0172901935875, 0.00411341525614, 0.00240056030452],
        "skew": [1.31085252762, 1.40379464626, 1.68630647659, -0.0738984271884, 0.935821473598, 1.7290109396],
        "var": [0.0151138314977, 0.0982185229659, 0.0618916191161, 0.112084619701, 0.00373055785894, 0.00303615070879],
        "cov": [[0.0181365981698, 0.0239783171564, -0.00684560742229, -0.0341548994184, -0.00347335403785, 0.00731753697619], [0.0239783171564, 0.117862224579, -0.0245652683079, -0.0966673344374, -0.013863789849, 0.00225079106167], [-0.00684560742229, -0.0245652683079, 0.0742699429393, -0.0282035171986, -0.00490126758814, -0.00260583800264], [-0.0341548994184, -0.0966673344374, -0.0282035171986, 0.134501546621, 0.015640117228, -0.00875427480787], [-0.00347335403785, -0.013863789849, -0.00490126758814, 0.015640117228, 0.00447666924447, -0.000226570991799], [0.00731753697619, 0.00225079106167, -0.00260583800264, -0.00875427480787, -0.000226570991799, 0.00364338094369]]
    },
    "beats_position": [0.383129239082, 0.743038535118, 1.11455774307, 1.46285712719, 1.79954648018, 2.13623571396],
    "bpm_estimates": [178.205810547, 178.205871582],
    "bpm_intervals": [0.359909296036, 0.371519207954, 0.348299384117, 0.336689352989, 0.33668923378],
    "onset_times": [0.0812698379159, 0.348299324512, 0.708208620548, 0.940408170223, 1.11455786228, 1.764716506],
    "histogram": [[0, 0, 0, 0, 0, 0, 0, 0, 0, 0, 0, 0, 0, 0, 0, 0, 0, 0, 0, 0, 0, 0, 0, 0, 0, 0, 0, 0, 0, 0, 0, 0, 0, 0, 0, 0, 0, 0, 0, 0, 0, 0, 0, 0, 0, 0, 0, 0, 0, 0, 0, 0, 0, 0, 0, 0, 0, 0, 0, 0, 0, 0, 0, 0, 0, 0, 0, 0, 0, 0, 0, 0, 0, 0, 0, 0, 0, 0, 0, 0, 0, 0, 0, 0, 0, 0, 0, 0, 0, 0, 0, 0, 0, 0, 0, 0, 0, 0, 0, 0, 0, 0, 0, 0, 0, 0, 0, 0, 0, 0, 0, 0, 0, 0, 0, 0, 0, 0, 0, 0, 0, 0, 0, 0, 0, 0, 0, 0, 0, 0, 0, 0, 0, 0, 0, 0, 0, 0, 0, 0, 0, 0, 0, 0, 0, 0, 0, 0, 0, 0, 0, 0, 0, 0, 0, 0, 0, 0, 0, 0, 0, 0.20000000298, 0, 0, 0, 0, 0, 0.20000000298, 0, 0, 0, 0, 0.20000000298, 0, 0, 0, 0, 0, 0.40000000596, 0, 0, 0, 0, 0, 0, 0, 0, 0, 0, 0, 0, 0, 0, 0, 0, 0, 0, 0, 0, 0, 0, 0, 0, 0, 0, 0, 0, 0, 0, 0, 0, 0, 0, 0, 0, 0, 0, 0, 0, 0, 0, 0, 0, 0, 0, 0, 0, 0, 0, 0, 0, 0, 0, 0, 0, 0, 0, 0, 0, 0, 0, 0, 0, 0, 0, 0, 0, 0, 0, 0]]
},
"sfx": {
    "inharmonicity": {
        "kurt": 4.96725845337,
        "max": 0.366885066032,
        "mean": 0.0479346327484,
        "median": 0.0180184654891,
        "min": 0,
        "skew": 2.19692730904,
        "var": 0.00482941465452
    },
    "oddtoevenharmonicenergyratio": {
        "kurt": 77.595161438,
        "max": 49.5382423401,
        "mean": 1.20542395115,
        "median": 0.133750677109,
        "min": 0,
        "skew": 8.50725364685,
        "var": 25.1116695404
    },
    "pitch_after_max_to_before_max_energy_ratio": 0.491137772799,
    "pitch_centroid": 50.3068237305,
    "pitch_max_to_total": 0.64814811945,
    "pitch_min_to_total": 0.12962962687,
    "tristimulus": {
        "kurt": [-0.928690671921, -0.235330581665, 1.24009990692],
        "max": [1, 0.865216016769, 0.998223006725],
        "mean": [0.477094620466, 0.326006770134, 0.196898549795],
        "median": [0.495348453522, 0.292319387197, 0.0882441774011],
        "min": [0, 0, 0],
        "skew": [-0.322267383337, 0.585657060146, 1.39630639553],
        "var": [0.0779401436448, 0.0365735888481, 0.0562390089035],
        "cov": [[0.0786685571074, -0.0294096786529, -0.0492588616908], [-0.0294096786529, 0.0369153991342, -0.00750571815297], [-0.0492588616908, -0.00750571815297, 0.0567646063864]]
    }
},
"tonal": {
    "chords_changes_rate": 0.0545454546809,
    "chords_number_rate": 0.0727272704244,
    "chords_strength": {
        "kurt": -0.914090394974,
        "max": 0.632109463215,
        "mean": 0.467700749636,
        "median": 0.469368427992,
        "min": 0.264345735312,
        "skew": -0.239255309105,
        "var": 0.0102738263085
    },
    "key_strength": 0.480085760355,
    "tuning_diatonic_strength": 0.382245182991,
    "tuning_equal_tempered_deviation": 0.236358895898,
    "tuning_frequency": 452.108886719,
    "tuning_nontempered_energy_ratio": 0.905776619911,
    "hpcp": {
        "kurt": [1.72589254379, 3.84745836258, 2.16867113113, 6.95383167267, 3.21721220016, 4.53919506073, 3.69105195999, 4.66477918625, 6.52598381042, 5.42693328857, 5.36522483826, 10.3614473343, 0.0564930438995, 0.339498758316, 3.3155579567, 2.91635751724, 4.05886411667, 0.911847829819, 0.770902395248, 1.17552518845, 3.28987932205, 1.98239898682, 0.0813050270081, 1.93148803711, 2.51471424103, 1.95743989944, 3.99536323547, 4.4380030632, 1.53993606567, -0.0857524871826, -0.702906370163, 0.0357375144958, 0.869182109833, 1.06872797012, 1.97851037979, 1.31153488159],
        "max": [1, 1, 1, 1, 0.789829969406, 1, 0.87891215086, 0.879843056202, 0.927674114704, 1, 1, 1, 0.394174546003, 0.44467318058, 1, 1, 1, 1, 0.920658588409, 0.712611675262, 1, 1, 1, 1, 1, 0.972523152828, 0.661127448082, 1, 1, 1, 1, 1, 1, 1, 1, 1],
        "mean": [0.200283154845, 0.182272389531, 0.18626511097, 0.139364466071, 0.137661471963, 0.157126873732, 0.158236280084, 0.137074455619, 0.134310752153, 0.155239075422, 0.146005377173, 0.12947152555, 0.117830947042, 0.116449676454, 0.179622083902, 0.197577506304, 0.178085610271, 0.235575675964, 0.204747408628, 0.170815706253, 0.197901695967, 0.214773416519, 0.250242978334, 0.216037869453, 0.210057303309, 0.178959667683, 0.134487196803, 0.202119573951, 0.239996880293, 0.304787904024, 0.346458703279, 0.293432414532, 0.256295770407, 0.238795265555, 0.221169322729, 0.229784429073],
        "median": [0.135055199265, 0.0670687928796, 0.0782289355993, 0.0784877091646, 0.0726152360439, 0.0687640234828, 0.072686843574, 0.0632698833942, 0.0607583485544, 0.058775421232, 0.0640064179897, 0.0802055969834, 0.0848280414939, 0.0857525393367, 0.115864746273, 0.115022175014, 0.103688009083, 0.109671168029, 0.102568827569, 0.11550784111, 0.111094765365, 0.128085315228, 0.0818631723523, 0.10294803232, 0.0819975361228, 0.0707045421004, 0.0950739607215, 0.121237546206, 0.162371098995, 0.225310087204, 0.191830381751, 0.153570204973, 0.166171133518, 0.12428342551, 0.130315110087, 0.123929329216],
