{
"metadata": {
    "version": {
        "essentia": "2.1-beta3"
    }
},
"lowLevel": {
    "average_loudness": 0.935997366905,
    "barkbands_kurtosis": {
        "kurt": 2.05525636673,
        "max": 11.312169075,
        "mean": 2.85154223442,
        "median": 2.70943975449,
        "min": -1.51420629025,
        "skew": 0.815088748932,
        "var": 2.5203564167
    },
    "barkbands_skewness": {
        "kurt": 2.35297107697,
        "max": 0.866806745529,
        "mean": -1.54625964165,
        "median": -1.54325079918,
        "min": -2.65657353401,
        "skew": 0.329220920801,
        "var": 0.128796443343
    },
    "barkbands_spread": {
        "kurt": 20.6683979034,
        "max": 41.3436851501,
        "mean": 9.59700393677,
        "median": 9.0009803772,
        "min": 3.47987914085,
        "skew": 3.29339265823,
        "var": 12.3978071213
    },
    "dissonance": {
        "kurt": 13.8118877411,
        "max": 0.5,
        "mean": 0.494630098343,
        "median": 0.495814800262,
        "min": 0.452113062143,
        "skew": -2.58927297592,
        "var": 2.04595235118e-05
    },
    "hfc": {
        "kurt": 0.0934205055237,
        "max": 29.7625808716,
        "mean": 8.82071304321,
        "median": 9.49184608459,
        "min": 1.21495195344e-05,
        "skew": -0.141207993031,
        "var": 21.0011138916
    },
    "pitch": {
        "kurt": -1.79628324509,
        "max": 4360.25976562,
        "mean": 2406.67993164,
        "median": 3516.73608398,
        "min": 96.6642608643,
        "skew": -0.391286462545,
        "var": 2507832.25
    },
    "pitch_instantaneous_confidence": {
        "kurt": 0.156463384628,
        "max": 0.757380008698,
        "mean": 0.426554709673,
        "median": 0.421944499016,
        "min": 0.162848830223,
        "skew": 0.282962083817,
        "var": 0.00893736630678
    },
    "pitch_salience": {
        "kurt": 2.07452392578,
        "max": 0.84934514761,
        "mean": 0.72523021698,
        "median": 0.729655742645,
        "min": 0.463025778532,
        "skew": -0.857084870338,
        "var": 0.00221728556789
    },
    "silence_rate_20dB": {
        "kurt": 0,
        "max": 1,
        "mean": 1,
        "median": 1,
        "min": 1,
        "skew": 0,
        "var": 0
    },
    "silence_rate_30dB": {
        "kurt": 0,
        "max": 1,
        "mean": 1,
        "median": 1,
        "min": 1,
        "skew": 0,
        "var": 0
    },
    "silence_rate_60dB": {
        "kurt": -1.511241436,
        "max": 1,
        "mean": 0.664987385273,
        "median": 1,
        "min": 0,
        "skew": -0.699109435081,
        "var": 0.222778707743
    },
    "spectral_centroid": {
        "kurt": 16.7717151642,
        "max": 3693.24365234,
        "mean": 3250.64111328,
        "median": 3279.91040039,
        "min": 1033.66333008,
        "skew": -2.47765731812,
        "var": 44798.6640625
    },
    "spectral_complexity": {
        "kurt": -0.600165605545,
        "max": 31,
        "mean": 11.8631401062,
        "median": 13,
        "min": 0,
        "skew": -0.388516694307,
        "var": 42.3448410034
    },
    "spectral_crest": {
        "kurt": 1.8050904274,
        "max": 16.9776363373,
        "mean": 7.63891935349,
        "median": 7.28136968613,
        "min": 3.55141973495,
        "skew": 1.16829586029,
        "var": 4.151263237
    },
    "spectral_decrease": {
        "kurt": 0.0130395889282,
        "max": -8.70282148772e-16,
        "mean": -4.93440510674e-10,
        "median": -5.29426225082e-10,
        "min": -1.53575174799e-09,
        "skew": 0.257731348276,
        "var": 6.1234358365e-20
    },
    "spectral_energy": {
        "kurt": 0.0306305885315,
        "max": 0.00849581509829,
        "mean": 0.00266242306679,
        "median": 0.00286019709893,
        "min": 4.386639052e-09,
        "skew": -0.229236721992,
        "var": 1.81568645985e-06
    },
    "spectral_energyband_high": {
        "kurt": -0.258937358856,
        "max": 0.0019757389091,
        "mean": 0.000682741752826,
        "median": 0.000724773271941,
        "min": 8.66607008376e-10,
        "skew": -0.0227772127837,
        "var": 1.48782461906e-07
    },
    "spectral_energyband_low": {
        "kurt": 14.0614566803,
        "max": 7.93234278262e-07,
        "mean": 8.61161169041e-08,
        "median": 6.20092777126e-08,
        "min": 1.35812611157e-10,
        "skew": 2.83117055893,
        "var": 6.61457642335e-15
    },
    "spectral_energyband_middle_high": {
        "kurt": 0.73904633522,
        "max": 0.00743300141767,
        "mean": 0.00192180427257,
        "median": 0.00199454720132,
        "min": 2.80492407079e-09,
        "skew": 0.139010906219,
        "var": 1.03168645182e-06
    },
    "spectral_energyband_middle_low": {
        "kurt": 0.341120481491,
        "max": 0.000361826008884,
        "mean": 7.32400731067e-05,
        "median": 6.42959057586e-05,
        "min": 6.8632910466e-10,
        "skew": 0.728897631168,
        "var": 2.74589728733e-09
    },
    "spectral_flatness_db": {
        "kurt": 8.47948360443,
        "max": 0.268389999866,
        "mean": 0.207918316126,
        "median": 0.210491344333,
        "min": 0.069125585258,
        "skew": -2.07860445976,
        "var": 0.000514890474733
    },
    "spectral_flux": {
        "kurt": 1.98883056641,
        "max": 0.066746391356,
        "mean": 0.0283741317689,
        "median": 0.0302737206221,
        "min": 0.000144471399835,
        "skew": -1.20515608788,
        "var": 8.29871205497e-05
    },
    "spectral_kurtosis": {
        "kurt": 4.19104576111,
        "max": 8.53012466431,
        "mean": 3.64025139809,
        "median": 3.58558654785,
        "min": 1.86131238937,
        "skew": 1.00170600414,
        "var": 0.432643473148
    },
    "spectral_rms": {
        "kurt": 1.01576805115,
        "max": 0.0028789928183,
        "mean": 0.00152198318392,
        "median": 0.00167045986746,
        "min": 2.06873096431e-06,
        "skew": -1.22829902172,
        "var": 2.81052592754e-07
    },
    "spectral_rolloff": {
        "kurt": 1.70903539658,
        "max": 5469.43359375,
        "mean": 4313.42871094,
        "median": 4306.640625,
        "min": 2627.05078125,
        "skew": -0.513003528118,
        "var": 62626.2226562
    },
    "spectral_skewness": {
        "kurt": 1.73440980911,
        "max": 1.96528279781,
        "mean": 1.5459574461,
        "median": 1.54454183578,
        "min": 0.9996342659,
        "skew": -0.129674479365,
        "var": 0.0122992917895
    },
    "spectral_spread": {
        "kurt": 1.13960599899,
        "max": 8929467,
        "mean": 5550946,
        "median": 5618598,
        "min": 3546549.5,
        "skew": -0.321809709072,
        "var": 312245780480
    },
    "spectral_strongpeak": {
        "kurt": 2.03351545334,
        "max": 8.87118911743,
        "mean": 1.99413657188,
        "median": 1.85865104198,
        "min": 0.000133491979796,
        "skew": 1.03770661354,
        "var": 1.77547860146
    },
    "zerocrossingrate": {
        "kurt": 23.1023750305,
        "max": 0.17919921875,
        "mean": 0.156768202782,
        "median": 0.158203125,
        "min": 0.04638671875,
        "skew": -2.80064034462,
        "var": 9.57406009547e-05
    },
    "barkbands": {
        "kurt": [156.199264526, 3.47642469406, 10.5885810852, 15.1388263702, 22.0191555023, 27.5671043396, -0.13218164444, 24.2390556335, 57.8708000183, 2.23497819901, 23.7175483704, 11.2878093719, 4.07185316086, 39.8034439087, 0.545858383179, 43.7902374268, 2.88923740387, 0.320756912231, 8.53104305267, 1.79201745987, 1.58383083344, 1.76729011536, -0.124380111694, -0.283244848251, -0.559341430664, -0.362901687622, 4.71108388901],
        "max": [1.33298527771e-08, 5.23840526512e-08, 2.60744883462e-07, 1.22821120385e-06, 3.80559868063e-06, 1.87378536793e-05, 0.000177967260242, 3.3077885746e-05, 0.000295889942208, 0.000201357630431, 0.000402180739911, 0.000379154953407, 0.000394202739699, 0.000303501525195, 0.000338033685694, 0.00128413934726, 0.000866008049343, 0.00160731375217, 0.00439945328981, 0.00303520471789, 0.0012922771275, 0.000314443925163, 5.52731507923e-05, 3.79377815989e-05, 2.74699414149e-05, 7.93222909579e-07, 1.05795948002e-07],
        "mean": [2.2485044382e-10, 9.11080366706e-09, 2.83895769115e-08, 9.92820332613e-08, 3.51934573928e-07, 1.26639145037e-06, 4.26370352216e-05, 2.78295397038e-06, 1.62828073371e-05, 4.02177247452e-05, 3.52220304194e-05, 4.97490473208e-05, 6.23013620498e-05, 2.51353339991e-05, 8.55968683027e-05, 0.000103321952338, 0.000176684858161, 0.000429844512837, 0.000589797855355, 0.000600873376243, 0.000299627688946, 6.60814257571e-05, 1.46872616824e-05, 1.0680176274e-05, 8.85597182787e-06, 2.74428572311e-07, 1.43127536489e-08],
        "median": [8.37074437543e-11, 7.03353064679e-09, 2.00958680807e-08, 5.90900164354e-08, 2.68502418521e-07, 7.08456923348e-07, 2.95521331282e-05, 2.1364226086e-06, 1.10050141302e-05, 3.40475708072e-05, 2.78439965768e-05, 4.40531803179e-05, 4.72009087389e-05, 2.28444114327e-05, 7.27695369278e-05, 8.83435131982e-05, 0.000160953553859, 0.000396255520172, 0.000520389818121, 0.000560293847229, 0.0002910848998, 6.05137065577e-05, 1.52347274707e-05, 1.16363071356e-05, 9.61816476774e-06, 2.93367264703e-07, 1.2096246671e-08],
        "min": [4.5271295393e-13, 5.3836371125e-12, 6.00515817628e-11, 1.57586166338e-10, 2.22579232823e-10, 1.03270265603e-11, 6.24745741251e-11, 5.65997908264e-11, 1.13541315239e-10, 1.29003918659e-10, 6.7080840882e-11, 8.59300061662e-11, 5.81700625168e-11, 4.41473836654e-11, 3.93552440636e-10, 1.15579580628e-10, 3.1718033755e-10, 4.23651003167e-10, 1.00882402432e-09, 4.9260423518e-10, 3.82466086579e-10, 1.02975294958e-10, 2.67799168258e-11, 2.55639225066e-11, 2.09425879416e-11, 6.80113951268e-13, 7.20428762219e-14],
        "skew": [11.1601018906, 1.59258341789, 2.59552526474, 3.09403777122, 3.18877267838, 4.78918218613, 0.955400764942, 3.53224277496, 6.262342453, 1.26518070698, 3.45984888077, 2.23874807358, 1.76857316494, 3.66146922112, 0.939838826656, 3.68466186523, 1.07874929905, 0.664881169796, 2.00925540924, 0.973213613033, 0.83729571104, 1.10482382774, 0.149008661509, -0.238075777888, -0.122088953853, -0.231474354863, 1.6318770647],
        "var": [5.20314389679e-19, 6.48982482854e-17, 8.13706118307e-16, 1.40135739655e-14, 9.50198646437e-14, 4.3301200299e-12, 1.90973947767e-09, 8.08410630104e-12, 4.62395149947e-10, 1.06823250245e-09, 1.1343822548e-09, 1.55587520645e-09, 3.36305605586e-09, 3.68743979795e-10, 4.51071668905e-09, 6.11311845589e-09, 1.22878853759e-08, 8.40436626959e-08, 1.97783876388e-07, 1.73224250943e-07, 4.02729476434e-08, 2.6055306801e-09, 7.89691853575e-11, 3.42400309494e-11, 2.6924948382e-11, 2.29228731808e-14, 1.65873442974e-16],
        "cov": [[5.20751606332e-19, -7.11591621601e-20, -5.05261822181e-19, -1.19192032019e-18, -5.99775137759e-18, -7.39213660177e-17, -2.6624644753e-15, -1.4778872045e-16, -1.06757724507e-15, 7.14957746767e-17, 1.82283713711e-15, -2.4652989221e-15, -3.88362192272e-15, -1.16583910206e-15, -5.35535564462e-15, -2.42502949348e-15, -6.28875800041e-15, -1.10077115337e-14, -2.68252064848e-14, -2.83693797349e-14, -7.61260019323e-15, -1.14695365547e-15, -4.56510577445e-16, -2.43573505688e-17, -4.92974763489e-17, -4.987561604e-18, -7.01480592308e-19], [-7.11591621601e-20, 6.49527892663e-17, 1.25834433786e-16, 8.10712372999e-17, 2.69884178753e-16, -4.12762146282e-16, 8.56269197799e-14, 2.89020389449e-15, 4.19224261222e-15, 3.94472831949e-14, 5.17417699127e-14, 6.4926281582e-14, 7.25086630278e-14, 2.80923999612e-14, 1.02659200585e-13, 1.32749957945e-13, 1.57425518476e-13, 5.24417423549e-13, 6.70246952557e-13, 9.29027579692e-13, 3.40925367364e-13, 7.03351290513e-14, 2.01773598779e-14, 1.4007647276e-14, 1.18446732592e-14, 3.27182410684e-16, 1.74495570015e-17], [-5.05261822181e-19, 1.25834433786e-16, 8.14389885654e-16, 1.19230379947e-15, 1.72417209243e-15, 2.80821618739e-15, 2.09606217474e-13, 1.14595392366e-14, 4.46597545457e-14, 1.63896118357e-13, 2.58117230931e-13, 2.06857060235e-13, 3.61420176556e-13, 1.54938833031e-13, 4.61487944213e-13, 7.0361549703e-13, 7.53516444119e-13, 1.64404807042e-12, 2.38629558821e-12, 2.86362665351e-12, 1.4044254041e-12, 3.42429047357e-13, 7.17445105603e-14, 4.68055498873e-14, 4.40585203954e-14, 1.4289583463e-15, 6.32640107103e-17], [-1.19192032019e-18, 8.10712372999e-17, 1.19230379947e-15, 1.40253502646e-14, 8.24846613267e-15, 3.16413392612e-14, 7.32917253363e-13, 3.23740502891e-15, 4.02563507702e-13, 3.26693723072e-13, 6.37452438924e-13, 3.90361896453e-13, 2.21402242243e-13, 3.07826301341e-13, 4.17318659013e-13, 1.58858104622e-12, 1.40922820288e-12, 3.02284521199e-12, 4.29732594995e-12, 6.46834062007e-12, 2.44226253804e-12, 2.37271357076e-13, 1.16951885459e-13, 7.40328750994e-14, 5.67300756881e-14, 2.54278782546e-15, 9.90264696623e-17], [-5.99775137759e-18, 2.69884178753e-16, 1.72417209243e-15, 8.24846613267e-15, 9.50997161337e-14, 8.98764298662e-14, 9.38159597751e-13, 1.70797783468e-13, 1.04791739522e-12, 9.78451152565e-13, 9.06076158113e-13, 1.08603273943e-12, 1.68291715199e-12, 1.09574025201e-12, 2.60386504025e-12, 5.42128971923e-12, 5.99037139337e-12, 9.15210268682e-12, 1.25372949869e-11, 1.41256043321e-11, 9.13978181333e-12, 1.87246182101e-12, 4.63486833548e-13, 2.58181117544e-13, 2.58620138109e-13, 9.01764065844e-15, 3.25475824584e-16], [-7.39213660177e-17, -4.12762146282e-16, 2.80821618739e-15, 3.16413392612e-14, 8.98764298662e-14, 4.33375861239e-12, -1.00819136026e-11, 4.06446957254e-13, 2.19463267004e-11, -4.97851109296e-13, 6.88811095835e-13, 1.48689029839e-11, 1.99878286665e-12, 5.61777100533e-12, -3.39499782454e-12, 2.73733535838e-11, 2.73799663497e-11, 6.96614077186e-12, 2.14620213962e-11, -4.35605058968e-11, -3.80472866754e-12, -7.96697863931e-12, -9.37947744646e-13, -4.75682590106e-13, -4.22228089081e-13, 3.11597120922e-15, -9.02063936684e-16], [-2.6624644753e-15, 8.56269197799e-14, 2.09606217474e-13, 7.32917253363e-13, 9.38159597751e-13, -1.00819136026e-11, 1.91134419403e-09, 1.57754503904e-11, -1.39326475704e-11, 3.67386648881e-10, 4.52893306191e-10, 3.4458075282e-10, 1.36864186651e-10, 1.21139029363e-10, 5.59322199667e-10, 2.1112686599e-10, 6.61200649787e-10, 3.91485066586e-09, 6.525006091e-10, 7.21574888729e-09, 2.76066325355e-09, 3.86942505815e-10, 1.55405813218e-10, 1.03590705458e-10, 7.94494470213e-11, 2.54670698592e-12, 9.64833410649e-14], [-1.4778872045e-16, 2.89020389449e-15, 1.14595392366e-14, 3.23740502891e-15, 1.70797783468e-13, 4.06446957254e-13, 1.57754503904e-11, 8.09089947817e-12, 7.36139968427e-12, 1.30177682869e-11, 9.81058897315e-12, 1.84286075983e-11, 3.8366691768e-11, 1.68664908429e-11, 6.77325903697e-11, 7.86046644441e-11, 9.65370977601e-11, 2.18371737359e-10, 2.49331111313e-10, 2.72911360177e-10, 1.58912327741e-10, 3.75157648003e-11, 8.93801439111e-12, 5.29884122691e-12, 4.94466924003e-12, 1.36398284703e-13, 8.28598291597e-15], [-1.06757724507e-15, 4.19224261222e-15, 4.46597545457e-14, 4.02563507702e-13, 1.04791739522e-12, 2.19463267004e-11, -1.39326475704e-11, 7.36139968427e-12, 4.62783728006e-10, 5.43115075483e-12, 6.19441442584e-11, 1.37116470955e-10, -2.90496793287e-11, 1.0246965082e-10, -2.08994583792e-12, 5.02992481e-10, 2.74040484749e-10, 3.16623560703e-10, 4.30132096607e-10, 1.81389070431e-10, 2.08245601319e-10, -3.81111878167e-11, 4.73840498089e-12, 1.93395343143e-12, 1.1727897062e-14, 1.91053851342e-13, -7.19635041526e-15], [7.14957746767e-17, 3.94472831949e-14, 1.63896118357e-13, 3.26693723072e-13, 9.78451152565e-13, -4.97851109296e-13, 3.67386648881e-10, 1.30177682869e-11, 5.43115075483e-12, 1.06913022879e-09, 3.34698796456e-10, 3.9998068746e-10, 3.83131859572e-10, 1.81657300313e-10, 6.00257621386e-10, 6.63447574656e-10, 1.2385420467e-09, 3.24744320324e-09, 5.17934228839e-09, 5.19969667323e-09, 2.53804421924e-09, 5.66597491147e-10, 1.2336620614e-10, 8.28745891357e-11, 7.54876508524e-11, 2.14929788377e-12, 1.44244601615e-13], [1.82283713711e-15, 5.17417699127e-14, 2.58117230931e-13, 6.37452438924e-13, 9.06076158113e-13, 6.88811095835e-13, 4.52893306191e-10, 9.81058897315e-12, 6.19441442584e-11, 3.34698796456e-10, 1.13533549229e-09, 3.47459866434e-10, 2.58411958498e-10, 1.30049568337e-10, 3.50759754575e-10, 7.00950741894e-10, 9.30862276149e-10, 2.8161366572e-09, 2.55492027534e-09, 5.00037034001e-09, 2.34219754702e-09, 5.1758691777e-10, 1.10017640831e-10, 7.73648992092e-11, 6.82176468092e-11, 2.31344067167e-12, 9.69739425479e-14], [-2.4652989221e-15, 6.4926281582e-14, 2.06857060235e-13, 3.90361896453e-13, 1.08603273943e-12, 1.48689029839e-11, 3.4458075282e-10, 1.84286075983e-11, 1.37116470955e-10, 3.9998068746e-10, 3.47459866434e-10, 1.55718260508e-09, 5.25279042485e-10, 2.65306110414e-10, 8.49398218428e-10, 1.01715447176e-09, 1.69584912779e-09, 3.98012733882e-09, 6.48920250867e-09, 6.32538776912e-09, 3.21951842963e-09, 5.58512180948e-10, 1.3803128085e-10, 1.01531137664e-10, 8.71012428849e-11, 2.63373242486e-12, 1.56031207377e-13], [-3.88362192272e-15, 7.25086630278e-14, 3.61420176556e-13, 2.21402242243e-13, 1.68291715199e-12, 1.99878286665e-12, 1.36864186651e-10, 3.8366691768e-11, -2.90496793287e-11, 3.83131859572e-10, 2.58411958498e-10, 5.25279042485e-10, 3.36588201755e-09, 3.74536512915e-10, 2.17928164403e-09, 1.70986746983e-09, 2.67111133212e-09, 7.61828555795e-09, 9.14301789834e-09, 7.56251328227e-09, 5.10074160687e-09, 1.25837618103e-09, 2.48209258702e-10, 1.7197972213e-10, 1.64916788559e-10, 4.23277038419e-12, 2.87083887478e-13], [-1.16583910206e-15, 2.80923999612e-14, 1.54938833031e-13, 3.07826301341e-13, 1.09574025201e-12, 5.61777100533e-12, 1.21139029363e-10, 1.68664908429e-11, 1.0246965082e-10, 1.81657300313e-10, 1.30049568337e-10, 2.65306110414e-10, 3.74536512915e-10, 3.69053843041e-10, 5.61021396006e-10, 8.55188142523e-10, 1.04336106421e-09, 2.21382312482e-09, 3.29873239835e-09, 2.56333376747e-09, 1.77893111353e-09, 3.43259698443e-10, 7.71162647628e-11, 5.58491204672e-11, 5.0267824625e-11, 1.41090557206e-12, 1.0282593055e-13], [-5.35535564462e-15, 1.02659200585e-13, 4.61487944213e-13, 4.17318659013e-13, 2.60386504025e-12, -3.39499782454e-12, 5.59322199667e-10, 6.77325903697e-11, -2.08994583792e-12, 6.00257621386e-10, 3.50759754575e-10, 8.49398218428e-10, 2.17928164403e-09, 5.61021396006e-10, 4.51450699046e-09, 2.08145256586e-09, 3.60908058994e-09, 9.56946522024e-09, 1.09024451689e-08, 1.07042801289e-08, 7.07222103102e-09, 1.6409504866e-09, 3.62548241428e-10, 2.50205245411e-10, 2.17753856613e-10, 6.02775511796e-12, 3.80791291511e-13], [-2.42502949348e-15, 1.32749957945e-13, 7.0361549703e-13, 1.58858104622e-12, 5.42128971923e-12, 2.73733535838e-11, 2.1112686599e-10, 7.86046644441e-11, 5.02992481e-10, 6.63447574656e-10, 7.00950741894e-10, 1.01715447176e-09, 1.70986746983e-09, 8.55188142523e-10, 2.08145256586e-09, 6.11825523578e-09, 4.32220836899e-09, 9.8123544845e-09, 1.47982994747e-08, 1.26369323894e-08, 6.79704514894e-09, 1.385071835e-09, 3.14680975722e-10, 2.15200177123e-10, 1.95325824959e-10, 5.97604561323e-12, 3.00094259338e-13], [-6.28875800041e-15, 1.57425518476e-13, 7.53516444119e-13, 1.40922820288e-12, 5.99037139337e-12, 2.73799663497e-11, 6.61200649787e-10, 9.65370977601e-11, 2.74040484749e-10, 1.2385420467e-09, 9.30862276149e-10, 1.69584912779e-09, 2.67111133212e-09, 1.04336106421e-09, 3.60908058994e-09, 4.32220836899e-09, 1.22982113382e-08, 1.5519388441e-08, 2.08913473188e-08, 1.53424846161e-08, 1.01652659623e-08, 2.02869010479e-09, 4.78824313532e-10, 3.44619527359e-10, 3.26578930565e-10, 9.55016794812e-12, 5.93324868403e-13], [-1.10077115337e-14, 5.24417423549e-13, 1.64404807042e-12, 3.02284521199e-12, 9.15210268682e-12, 6.96614077186e-12, 3.91485066586e-09, 2.18371737359e-10, 3.16623560703e-10, 3.24744320324e-09, 2.8161366572e-09, 3.98012733882e-09, 7.61828555795e-09, 2.21382312482e-09, 9.56946522024e-09, 9.8123544845e-09, 1.5519388441e-08, 8.41142906438e-08, 5.0088139858e-08, 4.92948011299e-08, 3.50821096617e-08, 7.31887039862e-09, 1.49678835992e-09, 1.11879849829e-09, 1.02327546436e-09, 2.79763729544e-11, 1.37150891772e-12], [-2.68252064848e-14, 6.70246952557e-13, 2.38629558821e-12, 4.29732594995e-12, 1.25372949869e-11, 2.14620213962e-11, 6.525006091e-10, 2.49331111313e-10, 4.30132096607e-10, 5.17934228839e-09, 2.55492027534e-09, 6.48920250867e-09, 9.14301789834e-09, 3.29873239835e-09, 1.09024451689e-08, 1.47982994747e-08, 2.08913473188e-08, 5.0088139858e-08, 1.97950086545e-07, 8.40974934135e-08, 3.90614829371e-08, 8.10747380342e-09, 1.70288494417e-09, 1.27397770111e-09, 1.08880282568e-09, 3.26776800064e-11, 2.38703067729e-12], [-2.83693797349e-14, 9.29027579692e-13, 2.86362665351e-12, 6.46834062007e-12, 1.41256043321e-11, -4.35605058968e-11, 7.21574888729e-09, 2.72911360177e-10, 1.81389070431e-10, 5.19969667323e-09, 5.00037034001e-09, 6.32538776912e-09, 7.56251328227e-09, 2.56333376747e-09, 1.07042801289e-08, 1.26369323894e-08, 1.53424846161e-08, 4.92948011299e-08, 8.40974934135e-08, 1.73369812728e-07, 4.2508712994e-08, 8.84219186759e-09, 2.23846696734e-09, 1.44466205665e-09, 1.19076559724e-09, 3.78511354204e-11, 1.92769476597e-12], [-7.61260019323e-15, 3.40925367364e-13, 1.4044254041e-12, 2.44226253804e-12, 9.13978181333e-12, -3.80472866754e-12, 2.76066325355e-09, 1.58912327741e-10, 2.08245601319e-10, 2.53804421924e-09, 2.34219754702e-09, 3.21951842963e-09, 5.10074160687e-09, 1.77893111353e-09, 7.07222103102e-09, 6.79704514894e-09, 1.01652659623e-08, 3.50821096617e-08, 3.90614829371e-08, 4.2508712994e-08, 4.03067907939e-08, 5.29480015388e-09, 1.16095588698e-09, 8.4094603503e-10, 7.46711636967e-10, 2.15945508003e-11, 1.21258103385e-12], [-1.14695365547e-15, 7.03351290513e-14, 3.42429047357e-13, 2.37271357076e-13, 1.87246182101e-12, -7.96697863931e-12, 3.86942505815e-10, 3.75157648003e-11, -3.81111878167e-11, 5.66597491147e-10, 5.1758691777e-10, 5.58512180948e-10, 1.25837618103e-09, 3.43259698443e-10, 1.6409504866e-09, 1.385071835e-09, 2.02869010479e-09, 7.31887039862e-09, 8.10747380342e-09, 8.84219186759e-09, 5.29480015388e-09, 2.60772026195e-09, 2.63995991734e-10, 1.76525946638e-10, 1.67779207194e-10, 4.52863224351e-12, 2.35671128879e-13], [-4.56510577445e-16, 2.01773598779e-14, 7.17445105603e-14, 1.16951885459e-13, 4.63486833548e-13, -9.37947744646e-13, 1.55405813218e-10, 8.93801439111e-12, 4.73840498089e-12, 1.2336620614e-10, 1.10017640831e-10, 1.3803128085e-10, 2.48209258702e-10, 7.71162647628e-11, 3.62548241428e-10, 3.14680975722e-10, 4.78824313532e-10, 1.49678835992e-09, 1.70288494417e-09, 2.23846696734e-09, 1.16095588698e-09, 2.63995991734e-10, 7.90355419999e-11, 3.92988246112e-11, 3.44458732371e-11, 9.91852325098e-13, 5.67107294556e-14], [-2.43573505688e-17, 1.4007647276e-14, 4.68055498873e-14, 7.40328750994e-14, 2.58181117544e-13, -4.75682590106e-13, 1.03590705458e-10, 5.29884122691e-12, 1.93395343143e-12, 8.28745891357e-11, 7.73648992092e-11, 1.01531137664e-10, 1.7197972213e-10, 5.58491204672e-11, 2.50205245411e-10, 2.15200177123e-10, 3.44619527359e-10, 1.11879849829e-09, 1.27397770111e-09, 1.44466205665e-09, 8.4094603503e-10, 1.76525946638e-10, 3.92988246112e-11, 3.4268803073e-11, 2.57236558443e-11, 7.04242653776e-13, 4.03899055043e-14], [-4.92974763489e-17, 1.18446732592e-14, 4.40585203954e-14, 5.67300756881e-14, 2.58620138109e-13, -4.22228089081e-13, 7.94494470213e-11, 4.94466924003e-12, 1.1727897062e-14, 7.54876508524e-11, 6.82176468092e-11, 8.71012428849e-11, 1.64916788559e-10, 5.0267824625e-11, 2.17753856613e-10, 1.95325824959e-10, 3.26578930565e-10, 1.02327546436e-09, 1.08880282568e-09, 1.19076559724e-09, 7.46711636967e-10, 1.67779207194e-10, 3.44458732371e-11, 2.57236558443e-11, 2.69475743803e-11, 6.49002010987e-13, 3.58451434496e-14], [-4.987561604e-18, 3.27182410684e-16, 1.4289583463e-15, 2.54278782546e-15, 9.01764065844e-15, 3.11597120922e-15, 2.54670698592e-12, 1.36398284703e-13, 1.91053851342e-13, 2.14929788377e-12, 2.31344067167e-12, 2.63373242486e-12, 4.23277038419e-12, 1.41090557206e-12, 6.02775511796e-12, 5.97604561323e-12, 9.55016794812e-12, 2.79763729544e-11, 3.26776800064e-11, 3.78511354204e-11, 2.15945508003e-11, 4.52863224351e-12, 9.91852325098e-13, 7.04242653776e-13, 6.49002010987e-13, 2.29421364041e-14, 1.07044783973e-15], [-7.01480592308e-19, 1.74495570015e-17, 6.32640107103e-17, 9.90264696623e-17, 3.25475824584e-16, -9.02063936684e-16, 9.64833410649e-14, 8.28598291597e-15, -7.19635041526e-15, 1.44244601615e-13, 9.69739425479e-14, 1.56031207377e-13, 2.87083887478e-13, 1.0282593055e-13, 3.80791291511e-13, 3.00094259338e-13, 5.93324868403e-13, 1.37150891772e-12, 2.38703067729e-12, 1.92769476597e-12, 1.21258103385e-12, 2.35671128879e-13, 5.67107294556e-14, 4.03899055043e-14, 3.58451434496e-14, 1.07044783973e-15, 1.66012832834e-16]]
    },
    "mfcc": {
        "kurt": [10.4998493195, 2.15809202194, 26.0670661926, 1.18338060379, 4.05105495453, 1.479783535, 0.0369129180908, 0.219482898712, 0.332544803619, 0.0910751819611, -0.177049636841, -0.223254919052, -0.216823339462],
        "max": [-690.546875, 40.9554862976, 13.0250244141, 31.7349014282, 6.88397216797, 3.39376068115, 19.162311554, 16.0873889923, 16.5339813232, 13.3708744049, 12.0882930756, 22.4651412964, 17.5729675293],
        "mean": [-767.717224121, -18.8021583557, -106.292358398, 2.1622979641, -42.5455932617, -30.4314460754, -1.13182318211, -11.5532474518, -5.01153469086, -8.21627998352, -5.5998506546, 1.87484192848, 0.261803686619],
        "median": [-741.442077637, -21.0567207336, -108.292037964, 1.60605239868, -44.1021499634, -31.2383308411, -1.27865219116, -12.3867931366, -5.30638694763, -8.28463935852, -5.20718002319, 1.86353683472, 0.446897506714],
        "min": [-1138.42004395, -49.6067657471, -130.201126099, -22.8100357056, -65.4296569824, -57.2624206543, -20.9956531525, -30.8104133606, -20.4213542938, -26.2310504913, -26.5301074982, -26.1332550049, -20.366065979],
        "skew": [-3.07604622841, 1.25007653236, 4.52632236481, 0.600624501705, 1.48951458931, 0.784747779369, 0.176926493645, 0.530838489532, 0.281600087881, 0.101550929248, -0.2421040833, -0.141079694033, -0.281080335379],
        "var": [5287.59912109, 193.402282715, 265.714752197, 50.0936508179, 101.488517761, 71.4462738037, 42.8679161072, 57.2781944275, 33.0638198853, 36.684261322, 42.4859466553, 48.9222602844, 42.3329391479],
        "cov": [[5292.04248047, -704.320007324, -841.471679688, -201.198562622, -550.947875977, -357.5703125, -115.388908386, -309.694396973, -129.732543945, -81.2582931519, 87.8374252319, 197.930953979, 120.168830872], [-704.320007324, 193.564804077, 94.4521789551, 47.3871994019, 70.1442260742, 35.8476524353, 8.47776031494, 48.1195678711, 17.5616397858, 1.3052996397, -30.3537979126, -40.1833114624, -20.8173770905], [-841.471679688, 94.4521789551, 265.938049316, 18.0716381073, 83.348815918, 51.9628753662, 3.19430756569, 28.2812824249, 11.487112999, 16.4199085236, 6.77726793289, -6.49268722534, 2.52486824989], [-201.198562622, 47.3871994019, 18.0716381073, 50.1357460022, 30.6001930237, 13.4482164383, 9.53002643585, 18.4162044525, 5.28162336349, -2.1255209446, -16.811964035, -18.2925739288, -11.4084224701], [-550.947875977, 70.1442260742, 83.348815918, 30.6001930237, 101.573799133, 60.5274734497, 18.4166145325, 33.7786712646, 9.88748455048, 3.80470061302, -13.3831996918, -26.2111663818, -20.2806243896], [-357.5703125, 35.8476524353, 51.9628753662, 13.4482164383, 60.5274734497, 71.5063095093, 20.7390403748, 20.598154068, 8.08779335022, 2.99634099007, -4.82961845398, -19.5351066589, -12.9151124954], [-115.388908386, 8.47776031494, 3.19430756569, 9.53002643585, 18.4166145325, 20.7390403748, 42.9039382935, 23.8654308319, 3.49321293831, 0.158274680376, -10.4533081055, -12.3939943314, -9.79534244537], [-309.694396973, 48.1195678711, 28.2812824249, 18.4162044525, 33.7786712646, 20.598154068, 23.8654308319, 57.3263244629, 19.745475769, 1.87440252304, -13.7496166229, -21.2526607513, -15.6749458313], [-129.732543945, 17.5616397858, 11.487112999, 5.28162336349, 9.88748455048, 8.08779335022, 3.49321293831, 19.745475769, 33.0916061401, 11.9047088623, -0.421675771475, -6.75987577438, -6.87688398361], [-81.2582931519, 1.3052996397, 16.4199085236, -2.1255209446, 3.80470061302, 2.99634099007, 0.158274680376, 1.87440252304, 11.9047088623, 36.7150917053, 13.0304231644, 5.26696109772, 7.61504220963], [87.8374252319, -30.3537979126, 6.77726793289, -16.811964035, -13.3831996918, -4.82961845398, -10.4533081055, -13.7496166229, -0.421675771475, 13.0304231644, 42.521648407, 27.2933349609, 16.6731758118], [197.930953979, -40.1833114624, -6.49268722534, -18.2925739288, -26.2111663818, -19.5351066589, -12.3939943314, -21.2526607513, -6.75987577438, 5.26696109772, 27.2933349609, 48.9633712769, 28.1366100311], [120.168830872, -20.8173770905, 2.52486824989, -11.4084224701, -20.2806243896, -12.9151124954, -9.79534244537, -15.6749458313, -6.87688398361, 7.61504220963, 16.6731758118, 28.1366100311, 42.3685150146]]
    },
    "sccoeffs": {
        "kurt": [0.777099847794, -0.753165721893, 0.39248251915, 0.628530025482, 2.60843610764, 4.13226222992],
        "max": [-0.572351336479, -0.591707229614, -0.716965675354, -0.704205095768, -0.724106729031, -0.7381041646],
        "mean": [-0.754004001617, -0.756366491318, -0.827214479446, -0.818651676178, -0.798607349396, -0.789206326008],
        "median": [-0.754665791988, -0.752778053284, -0.828744292259, -0.816669046879, -0.795317173004, -0.787673354149],
        "min": [-0.924562752247, -0.925451338291, -0.954379439354, -0.926437973976, -0.925055861473, -0.887886345387],
        "skew": [0.00753315119073, -0.112746059895, 0.071024723351, -0.269120573997, -1.15519714355, -1.050588727],
        "var": [0.00184175674804, 0.00477579189464, 0.00110866851173, 0.000901865540072, 0.000751889543608, 0.000333289790433],
        "cov": [[0.00184330437332, 0.000314653589157, 0.000164617726114, 0.000225599302212, 0.000280348205706, 0.000197816189029], [0.000314653589157, 0.00477980542928, 0.000579520012252, 0.000285468442598, 0.000798089138698, 0.000511437363457], [0.000164617726114, 0.000579520012252, 0.00110960018355, 0.00021020519489, 0.000310274190269, 0.000168363418197], [0.000225599302212, 0.000285468442598, 0.00021020519489, 0.000902623403817, 0.000314193137456, 0.000180522649316], [0.000280348205706, 0.000798089138698, 0.000310274190269, 0.000314193137456, 0.000752521387767, 0.000241532994551], [0.000197816189029, 0.000511437363457, 0.000168363418197, 0.000180522649316, 0.000241532994551, 0.000333569856593]]
    },
    "scvalleys": {
        "kurt": [1.99383401871, 12.0434608459, 18.7144756317, 18.2456436157, 18.8768844604, 13.3811798096],
        "max": [-9.76241016388, -6.74711370468, -6.31035804749, -6.14864492416, -6.00007915497, -8.15078353882],
        "mean": [-10.8869962692, -8.44480705261, -7.24369478226, -7.28619766235, -6.72715759277, -8.86487388611],
        "median": [-10.85754776, -8.30875968933, -7.04911136627, -7.08460044861, -6.48920583725, -8.52948760986],
        "min": [-13.8091630936, -13.8632459641, -12.8321084976, -13.4169197083, -12.969285965, -15.0739183426],
        "skew": [-0.781267464161, -2.77259302139, -3.77408766747, -3.78536295891, -3.9723033905, -3.38304162025],
        "var": [0.197939261794, 0.499935209751, 0.612591743469, 0.641800582409, 0.706792652607, 0.88754349947],
        "cov": [[0.198105603456, 0.129529729486, 0.154369652271, 0.158081278205, 0.172132909298, 0.197066172957], [0.129529729486, 0.500355362892, 0.469910293818, 0.49233931303, 0.521850764751, 0.583126246929], [0.154369652271, 0.469910293818, 0.613106489182, 0.577226698399, 0.616382181644, 0.688343882561], [0.158081278205, 0.49233931303, 0.577226698399, 0.642339885235, 0.646044015884, 0.719333708286], [0.172132909298, 0.521850764751, 0.616382181644, 0.646044015884, 0.707386612892, 0.773112595081], [0.197066172957, 0.583126246929, 0.688343882561, 0.719333708286, 0.773112595081, 0.88828933239]]
    }
},
"rhythm": {
    "beats_loudness": {
        "kurt": -0.101167917252,
        "max": 0.00493858801201,
        "mean": 0.00274770497344,
        "median": 0.0030568970833,
        "min": 5.33866004844e-05,
        "skew": -0.798425137997,
        "var": 1.47122500493e-06
    },
    "bpm": 136.883300781,
    "confidence": 0.40383797884,
    "first_peak_bpm": {
        "kurt": 0,
        "max": 136,
        "mean": 136,
        "median": 136,
        "min": 136,
        "skew": 0,
        "var": 0
    },
    "first_peak_spread": {
        "kurt": 0,
        "max": 0.33333337307,
        "mean": 0.33333337307,
        "median": 0.33333337307,
        "min": 0.33333337307,
        "skew": 0,
        "var": 0
    },
    "first_peak_weight": {
        "kurt": 0,
        "max": 0.264150947332,
        "mean": 0.264150947332,
        "median": 0.264150947332,
        "min": 0.264150947332,
        "skew": 0,
        "var": 0
    },
    "onset_rate": 0.32580858469,
    "second_peak_bpm": {
        "kurt": 0,
        "max": 105,
        "mean": 105,
        "median": 105,
        "min": 105,
        "skew": 0,
        "var": 0
    },
    "second_peak_spread": {
        "kurt": 0,
        "max": 0.375,
        "mean": 0.375,
        "median": 0.375,
        "min": 0.375,
        "skew": 0,
        "var": 0
    },
    "second_peak_weight": {
        "kurt": 0,
        "max": 0.188679248095,
        "mean": 0.188679248095,
        "median": 0.188679248095,
        "min": 0.188679248095,
        "skew": 0,
        "var": 0
    },
    "beats_loudness_band_ratio": {
        "kurt": [19.345741272, 5.79577732086, 0.350088596344, 2.61528491974, -0.365386009216, -0.088205575943],
        "max": [0.00127102364786, 0.00627399142832, 0.0856435373425, 0.17243117094, 0.552843570709, 0.806014955044],
        "mean": [0.000127800609334, 0.00108135852497, 0.0323050394654, 0.0758457556367, 0.334714889526, 0.568714141846],
        "median": [6.91600871505e-05, 0.000646181870252, 0.0266785435379, 0.0736425220966, 0.332235395908, 0.55702739954],
        "min": [1.46996935655e-05, 8.5053332441e-05, 0.00542180147022, 0.0290026254952, 0.14694416523, 0.345829725266],
        "skew": [4.12521123886, 2.31922340393, 1.03211653233, 1.34171032906, -0.124393761158, 0.0698077529669],
        "var": [3.87086629416e-08, 1.39934877552e-06, 0.000368861685274, 0.000809833523817, 0.00809460133314, 0.0101665724069],
        "cov": [[3.94390156089e-08, 1.15072054996e-07, 6.41690519387e-07, 2.74405056189e-06, 4.70463646707e-06, -8.40220218379e-06], [1.15072054996e-07, 1.42575163409e-06, 3.20704134538e-06, 3.9483038563e-06, 2.55622035183e-05, -3.48251705873e-05], [6.41690519387e-07, 3.20704134538e-06, 0.000375821342459, 0.000121393379231, -0.000149550571223, -0.000384686049074], [2.74405056189e-06, 3.9483038563e-06, 0.000121393379231, 0.000825113442261, 0.000255136052147, -0.00127725664061], [4.70463646707e-06, 2.55622035183e-05, -0.000149550571223, 0.000255136052147, 0.00824732985348, -0.00838706362993], [-8.40220218379e-06, -3.48251705873e-05, -0.000384686049074, -0.00127725664061, -0.00838706362993, 0.0103583941236]]
    },
    "beats_position": [0.568888902664, 1.13777780533, 1.69505667686, 2.26394557953, 2.82122445107, 3.35528349876, 3.88934230804, 4.42340135574, 4.96907043457, 5.52634906769, 6.08362817764, 6.62929677963, 7.16335582733, 7.73224496841, 8.3011341095, 8.87002277374, 9.43891143799, 10.0078001022, 10.5766887665, 11.1455783844, 11.7260770798, 12.294965744, 12.8754644394, 13.3746938705, 13.8623123169, 14.3499317169, 14.8375511169, 15.2671203613, 15.696688652, 16.1262588501, 16.5674381256, 16.99700737, 17.426574707, 17.8677539825, 18.3089332581, 18.7501125336, 19.1912918091, 19.6905212402, 20.1781406403, 20.6657600403, 21.153377533, 21.640996933, 22.128616333, 22.5697956085, 23.010974884, 23.4521541595, 23.8933334351, 24.3345127106, 24.7756919861, 25.2284793854, 25.6696586609, 26.1108379364, 26.5404071808, 26.9815864563],
    "bpm_estimates": [139.674804688, 139.675109863, 139.674499512, 135.999130249, 139.674804688, 139.675430298, 135.999130249, 135.999130249, 135.999130249, 135.999130249, 135.999130249, 135.999130249, 135.999130249, 135.999130249, 135.999130249, 135.999130249, 132.512527466, 135.999130249, 135.999130249, 139.674804688, 135.999130249],
    "bpm_intervals": [0.568888902664, 0.557278871536, 0.568888902664, 0.557278871536, 0.534059047699, 0.53405880928, 0.534059047699, 0.545669078827, 0.557278633118, 0.557279109955, 0.54566860199, 0.534059047699, 0.568889141083, 0.568889141083, 0.568888664246, 0.568888664246, 0.568888664246, 0.568888664246, 0.56888961792, 0.580498695374, 0.568888664246, 0.580498695374, 0.499229431152, 0.48761844635, 0.487619400024, 0.487619400024, 0.429569244385, 0.42956829071, 0.429570198059, 0.441179275513, 0.429569244385, 0.429567337036, 0.441179275513, 0.441179275513, 0.441179275513, 0.441179275513, 0.499229431152, 0.487619400024, 0.487619400024, 0.487617492676, 0.487619400024, 0.487619400024, 0.441179275513, 0.441179275513, 0.441179275513, 0.441179275513, 0.441179275513, 0.441179275513, 0.452787399292, 0.441179275513, 0.441179275513, 0.429569244385, 0.441179275513],
    "onset_times": [0.0580498874187, 0.232199549675, 26.0527896881, 26.0876197815, 26.5171890259, 26.7029476166, 26.8190479279, 26.958366394, 27.1441268921],
    "histogram": [[0, 0, 0, 0, 0, 0, 0, 0, 0, 0, 0, 0, 0, 0, 0, 0, 0, 0, 0, 0, 0, 0, 0, 0, 0, 0, 0, 0, 0, 0, 0, 0, 0, 0, 0, 0, 0, 0, 0, 0, 0, 0, 0, 0, 0, 0, 0, 0, 0, 0, 0, 0, 0, 0, 0, 0, 0, 0, 0, 0, 0, 0, 0, 0, 0, 0, 0, 0, 0, 0, 0, 0, 0, 0, 0, 0, 0, 0, 0, 0, 0, 0, 0, 0, 0, 0, 0, 0, 0, 0, 0, 0, 0, 0, 0, 0, 0, 0, 0, 0, 0, 0, 0, 0.0377358496189, 0, 0.188679248095, 0, 0, 0.0754716992378, 0, 0.0377358496189, 0, 0.0754716992378, 0, 0, 0, 0, 0, 0, 0, 0.0377358496189, 0, 0, 0.150943398476, 0, 0, 0, 0, 0, 0, 0, 0, 0, 0.0188679248095, 0, 0, 0.264150947332, 0, 0, 0, 0.113207548857, 0, 0, 0, 0, 0, 0, 0, 0, 0, 0, 0, 0, 0, 0, 0, 0, 0, 0, 0, 0, 0, 0, 0, 0, 0, 0, 0, 0, 0, 0, 0, 0, 0, 0, 0, 0, 0, 0, 0, 0, 0, 0, 0, 0, 0, 0, 0, 0, 0, 0, 0, 0, 0, 0, 0, 0, 0, 0, 0, 0, 0, 0, 0, 0, 0, 0, 0, 0, 0, 0, 0, 0, 0, 0, 0, 0, 0, 0, 0, 0, 0, 0, 0, 0, 0, 0, 0, 0, 0, 0, 0, 0, 0, 0, 0, 0, 0, 0, 0, 0, 0, 0, 0, 0, 0, 0, 0, 0, 0]]
},
"sfx": {
    "inharmonicity": {
        "kurt": 9.10346794128,
        "max": 0.412224292755,
        "mean": 0.0355111546814,
        "median": 0,
        "min": 0,
        "skew": 2.89857625961,
        "var": 0.00458258017898
    },
    "oddtoevenharmonicenergyratio": {
        "kurt": 18.8726158142,
        "max": 17.0514068604,
        "mean": 0.89771348238,
        "median": 0,
        "min": 0,
        "skew": 3.24368524551,
        "var": 2.55737686157
    },
    "pitch_after_max_to_before_max_energy_ratio": 0.0693515911698,
    "pitch_centroid": 627.792175293,
    "pitch_max_to_total": 0.944584369659,
    "pitch_min_to_total": 0.199832066894,
    "tristimulus": {
        "kurt": [-1.8020273447, 8.07165813446, -1.55119073391],
        "max": [1, 0.947543621063, 0.983077466488],
        "mean": [0.626753628254, 0.0904985070229, 0.282747805119],
        "median": [1, 0, 0],
        "min": [0, 0, 0],
        "skew": [-0.420051932335, 2.5689136982, 0.596334397793],
        "var": [0.208561316133, 0.0228197295219, 0.134385317564],
        "cov": [[0.208736583591, -0.0485387891531, -0.160197675228], [-0.0485387891531, 0.0228389073163, 0.0256997589022], [-0.160197675228, 0.0256997589022, 0.134498253465]]
    }
},
"tonal": {
    "chords_changes_rate": 0.0620805360377,
    "chords_number_rate": 0.0167785231024,
    "chords_strength": {
        "kurt": -0.0943746566772,
        "max": 0.626387417316,
        "mean": 0.463482230902,
        "median": 0.46992367506,
        "min": 0.306620806456,
        "skew": -0.301413804293,
        "var": 0.00334322266281
    },
    "key_strength": 0.681104898453,
    "tuning_diatonic_strength": 0.575081527233,
    "tuning_equal_tempered_deviation": 0.183696508408,
    "tuning_frequency": 432.940917969,
    "tuning_nontempered_energy_ratio": 0.828321158886,
    "hpcp": {
