{
"metadata": {
    "version": {
        "essentia": "2.1-beta3"
    }
},
"lowLevel": {
    "average_loudness": 0.480199217796,
    "barkbands_kurtosis": {
        "kurt": 3.68509340286,
        "max": 11.0996046066,
        "mean": 2.25235056877,
        "median": 2.07361531258,
        "min": -1.80120098591,
        "skew": 1.07031404972,
        "var": 2.61070847511
    },
    "barkbands_skewness": {
        "kurt": 20.049446106,
        "max": 3.30066037178,
        "mean": -1.22922980785,
        "median": -1.30339837074,
        "min": -2.93401741982,
        "skew": 3.88116812706,
        "var": 0.44450032711
    },
    "barkbands_spread": {
        "kurt": 23.9535484314,
        "max": 66.21824646,
        "mean": 12.8349685669,
        "median": 11.1839456558,
        "min": 5.63032102585,
        "skew": 4.64493989944,
        "var": 61.303730011
    },
    "dissonance": {
        "kurt": 83.3439331055,
        "max": 0.499995410442,
        "mean": 0.494246214628,
        "median": 0.495903789997,
        "min": 0.392920106649,
        "skew": -7.46931314468,
        "var": 5.2405626775e-05
    },
    "hfc": {
        "kurt": -0.0506210327148,
        "max": 126.53691864,
        "mean": 23.3850231171,
        "median": 7.6573677063,
        "min": 6.08514073974e-06,
        "skew": 1.08627068996,
        "var": 798.898681641
    },
    "pitch": {
        "kurt": -1.53059697151,
        "max": 4404.93457031,
        "mean": 2358.26464844,
        "median": 3032.57470703,
        "min": 92.8820800781,
        "skew": -0.345081329346,
        "var": 2035935.75
    },
    "pitch_instantaneous_confidence": {
        "kurt": 8.6377286911,
        "max": 0.905191898346,
        "mean": 0.294264793396,
        "median": 0.289712280035,
        "min": 0.152480781078,
        "skew": 1.4677670002,
        "var": 0.0048983534798
    },
    "pitch_salience": {
        "kurt": 17.5223045349,
        "max": 0.90687084198,
        "mean": 0.772584795952,
        "median": 0.784569203854,
        "min": 0.310337305069,
        "skew": -3.69421625137,
        "var": 0.00430550426245
    },
    "silence_rate_20dB": {
        "kurt": 0,
        "max": 1,
        "mean": 1,
        "median": 1,
        "min": 1,
        "skew": 0,
        "var": 0
    },
    "silence_rate_30dB": {
        "kurt": 0,
        "max": 1,
        "mean": 1,
        "median": 1,
        "min": 1,
        "skew": 0,
        "var": 0
    },
    "silence_rate_60dB": {
        "kurt": -1.97050380707,
        "max": 1,
        "mean": 0.542772889137,
        "median": 1,
        "min": 0,
        "skew": -0.171720817685,
        "var": 0.248170077801
    },
    "spectral_centroid": {
        "kurt": 16.5877323151,
        "max": 4164.21533203,
        "mean": 3048.39306641,
        "median": 3102.22753906,
        "min": 363.495117188,
        "skew": -3.64792966843,
        "var": 232092.671875
    },
    "spectral_complexity": {
        "kurt": -1.6194268465,
        "max": 55,
        "mean": 20.6224193573,
        "median": 11.5,
        "min": 0,
        "skew": 0.345167160034,
        "var": 431.561523438
    },
    "spectral_crest": {
        "kurt": 15.998216629,
        "max": 20.3019218445,
        "mean": 6.39661550522,
        "median": 5.99730396271,
        "min": 3.54522037506,
        "skew": 3.41614747047,
        "var": 4.50749778748
    },
    "spectral_decrease": {
        "kurt": 0.0425028800964,
        "max": -4.89815648233e-16,
        "mean": -1.47634804382e-09,
        "median": -4.7629128419e-10,
        "min": -8.45185965659e-09,
        "skew": -1.0976370573,
        "var": 3.21134013106e-18
    },
    "spectral_energy": {
        "kurt": 0.00162720680237,
        "max": 0.0433765612543,
        "mean": 0.00769316637889,
        "median": 0.00247892504558,
        "min": 2.97075142264e-09,
        "skew": 1.09073293209,
        "var": 8.68897404871e-05
    },
    "spectral_energyband_high": {
        "kurt": 0.355071544647,
        "max": 0.00854142569005,
        "mean": 0.00155009597074,
        "median": 0.000715541304089,
        "min": 3.04344216495e-10,
        "skew": 1.17995274067,
        "var": 3.29271506416e-06
    },
    "spectral_energyband_low": {
        "kurt": 6.41287708282,
        "max": 1.64812547609e-06,
        "mean": 1.90649643628e-07,
        "median": 9.99912472821e-08,
        "min": 4.22243663645e-11,
        "skew": 2.3601732254,
        "var": 5.80434477066e-14
    },
    "spectral_energyband_middle_high": {
        "kurt": 0.406553983688,
        "max": 0.0376059152186,
        "mean": 0.00592106999829,
        "median": 0.00167094892822,
        "min": 9.98622295967e-10,
        "skew": 1.18622219563,
        "var": 5.45193361177e-05
    },
    "spectral_energyband_middle_low": {
        "kurt": 0.170492887497,
        "max": 0.0014483256964,
        "mean": 0.000285614369204,
        "median": 0.000107613916043,
        "min": 5.93346691224e-11,
        "skew": 1.11748242378,
        "var": 1.17549923573e-07
    },
    "spectral_flatness_db": {
        "kurt": 1.17379808426,
        "max": 0.229864656925,
        "mean": 0.17959523201,
        "median": 0.181958287954,
        "min": 0.0831043794751,
        "skew": -0.821990311146,
        "var": 0.000606566783972
    },
    "spectral_flux": {
        "kurt": -1.20690727234,
        "max": 0.134859830141,
        "mean": 0.0463514402509,
        "median": 0.0358130708337,
        "min": 4.47412603535e-05,
        "skew": 0.4369340837,
        "var": 0.00134977314156
    },
    "spectral_kurtosis": {
        "kurt": 13.1119060516,
        "max": 10.3156642914,
        "mean": 3.51180815697,
        "median": 3.4957408905,
        "min": 0.701646089554,
        "skew": 1.40963578224,
        "var": 0.528928995132
    },
    "spectral_rms": {
        "kurt": -1.1511631012,
        "max": 0.00650527467951,
        "mean": 0.00212732562795,
        "median": 0.00155513477512,
        "min": 1.70243765751e-06,
        "skew": 0.484764486551,
        "var": 2.98001623378e-06
    },
    "spectral_rolloff": {
        "kurt": 22.6241569519,
        "max": 5426.3671875,
        "mean": 4318.58203125,
        "median": 4371.24023438,
        "min": 150.732421875,
        "skew": -4.20817804337,
        "var": 430323.96875
    },
    "spectral_skewness": {
        "kurt": 6.61040210724,
        "max": 2.71907234192,
        "mean": 1.49769186974,
        "median": 1.51011919975,
        "min": 0.909814715385,
        "skew": 0.499692201614,
        "var": 0.0253092814237
    },
    "spectral_spread": {
        "kurt": 106.620872498,
        "max": 20688756,
        "mean": 5707859.5,
        "median": 5608114,
        "min": 3304432,
        "skew": 8.20240879059,
        "var": 1.1351565271e+12
    },
    "spectral_strongpeak": {
        "kurt": 2.63082456589,
        "max": 8.06656742096,
        "mean": 1.25865340233,
        "median": 0.922507345676,
        "min": 0.000200781505555,
        "skew": 1.39983463287,
        "var": 1.45099699497
    },
    "zerocrossingrate": {
        "kurt": 15.2320842743,
        "max": 0.18701171875,
        "mean": 0.150157287717,
        "median": 0.15283203125,
        "min": 0.017578125,
        "skew": -3.49222588539,
        "var": 0.000483481009724
    },
    "barkbands": {
        "kurt": [30.0045471191, 5.58637142181, 5.71309566498, 5.27647972107, 2.91355514526, 1.01837348938, 9.70170593262, 8.07582855225, 1.6110367775, 4.64843797684, 5.2399930954, 1.80891561508, 4.51610279083, 5.90411376953, 2.23567199707, 8.85910606384, 4.51768493652, 3.05839014053, 1.68234205246, 1.96748161316, 1.42009496689, -0.336404561996, 1.3474984169, 1.45649719238, 2.19537353516, 3.30721712112, 0.493628263474],
        "max": [7.22201098924e-09, 6.17328552721e-08, 4.51605558283e-07, 3.85206249121e-06, 0.000320310355164, 0.000929896719754, 0.000140069241752, 0.000166603480466, 0.000363786064554, 0.000793625018559, 0.00132719986141, 0.000964794831816, 0.00160663609859, 0.00221115211025, 0.00198057084344, 0.00561821321025, 0.0087401792407, 0.0134477680549, 0.00792234856635, 0.00910433847457, 0.00374663760886, 0.00118174112868, 0.000266658404144, 0.000115763199574, 0.000133458335768, 1.53981054609e-05, 6.46431175255e-08],
        "mean": [4.30695701326e-10, 8.14195644239e-09, 6.18655349172e-08, 4.43037492914e-07, 3.60977755918e-05, 0.000122006356833, 1.17291310744e-05, 1.86641136679e-05, 6.34719763184e-05, 0.000102645812149, 0.000150100502651, 0.000144283781992, 0.000180161834578, 0.000257704145042, 0.000294788071187, 0.000498653855175, 0.00103187386412, 0.00152210553642, 0.00110225344542, 0.00122719479259, 0.000611201336142, 0.000238356005866, 4.20041724283e-05, 1.87793939403e-05, 1.68841706909e-05, 1.69114389337e-06, 1.11016476012e-08],
        "median": [2.29437704946e-10, 5.62897373158e-09, 3.67658401501e-08, 1.24356020592e-07, 1.09015709313e-05, 4.35297079093e-06, 3.96923860535e-06, 9.59561111813e-06, 3.11720723403e-05, 5.48172101844e-05, 6.47381821182e-05, 4.10084030591e-05, 3.77377145924e-05, 8.57143604662e-05, 0.000129144493258, 0.000133664667374, 0.000297770835459, 0.000302781758364, 0.000278921623249, 0.000442860997282, 0.000330401846441, 9.94219590211e-05, 1.65534984262e-05, 6.79308232066e-06, 5.55331462238e-06, 4.5194136078e-07, 4.6542782961e-09],
        "min": [6.65274801394e-13, 1.75489189153e-11, 1.45251094139e-11, 1.18012535508e-11, 2.20948086216e-11, 1.85164331784e-11, 1.41140072719e-12, 3.84961295697e-13, 3.80344540585e-12, 2.81319021897e-12, 7.05326422268e-12, 9.73555611128e-12, 2.5184666852e-11, 2.58608343073e-11, 4.14494029377e-11, 6.31962815412e-11, 5.61515972608e-11, 1.37771169473e-10, 1.57369894893e-10, 1.65459160262e-10, 9.59107793186e-11, 4.64682077539e-11, 1.2126975639e-11, 8.96779178694e-12, 6.43367607453e-12, 5.07991869056e-13, 1.97277141319e-14],
        "skew": [4.22125959396, 2.03795838356, 2.20651459694, 2.29897332191, 1.86283731461, 1.43780076504, 2.67048478127, 2.53900241852, 1.47464239597, 1.99477612972, 2.07892513275, 1.51138544083, 2.05795550346, 2.23902320862, 1.52466738224, 2.60334324837, 1.94045627117, 1.67507767677, 1.52331876755, 1.56316411495, 1.37102520466, 0.91650557518, 1.40769696236, 1.44367218018, 1.5465170145, 1.76254308224, 1.12357544899],
        "var": [3.7337084619e-19, 6.38232178916e-17, 4.77362569842e-15, 4.852068183e-13, 3.00826363819e-09, 3.71803672294e-08, 3.25997201456e-10, 6.4484007023e-10, 5.81716319559e-09, 1.70645328978e-08, 4.24469561722e-08, 3.69240851228e-08, 7.39876853117e-08, 1.38556217166e-07, 1.30551867983e-07, 5.85607779158e-07, 2.01981242753e-06, 4.36617028754e-06, 2.26336464948e-06, 2.62896969616e-06, 5.14378427852e-07, 6.72811637514e-08, 2.67358957196e-09, 5.67833891019e-10, 4.77227257711e-10, 5.59279011991e-12, 1.61129264376e-16],
        "cov": [[3.73922343014e-19, 1.57676806473e-18, 3.71370428785e-18, -5.56087717784e-18, 3.62861714824e-15, 3.81306788986e-14, 2.68739519604e-15, 2.34322961594e-15, 1.42346834461e-14, 2.60562462584e-14, 3.10595800923e-14, 3.10728039707e-14, 4.94757839841e-14, 4.94590330605e-14, 6.81229026097e-14, 1.09433200891e-13, 2.67930073744e-13, 4.08300915864e-13, 2.87641682391e-13, 2.90255910669e-13, 1.2270135537e-13, 5.09867518486e-14, 9.35485887431e-15, 4.16037384461e-15, 3.85652576226e-15, 4.1555116108e-16, 2.64443582735e-18], [1.57676806473e-18, 6.39174900116e-17, 7.60929533537e-17, -2.1421320961e-17, 9.09340623092e-14, 6.43537957298e-13, 5.20530748496e-14, 6.77255899474e-14, 2.22979485353e-13, 4.30979064285e-13, 6.40288928648e-13, 5.46584641697e-13, 8.96353900392e-13, 1.0327187239e-12, 1.22508177648e-12, 2.42256236772e-12, 4.29705620045e-12, 6.52793487668e-12, 4.84679353943e-12, 5.31709832413e-12, 2.47714695978e-12, 9.16987948248e-13, 1.83605002946e-13, 7.91244172504e-14, 7.44070535979e-14, 7.32539419071e-15, 4.66065453197e-17], [3.71370428785e-18, 7.60929533537e-17, 4.78067682419e-15, 3.18992946749e-15, 1.56212147167e-13, 1.50587973081e-12, 1.33588588325e-13, 1.58327249423e-13, 7.80885718501e-13, 1.19456267794e-12, 1.77811693321e-12, 1.16458557207e-12, 2.18140739847e-12, 2.21605611465e-12, 2.82949987225e-12, 6.01639614864e-12, 1.11875569572e-11, 2.04325948522e-11, 1.77295504666e-11, 1.6724493318e-11, 6.89786899474e-12, 3.05719859151e-12, 6.67915809466e-13, 2.48673586063e-13, 2.05967526563e-13, 2.31789346289e-14, 1.51508320054e-16], [-5.56087717784e-18, -2.1421320961e-17, 3.18992946749e-15, 4.85923530146e-13, -6.85461930272e-12, 4.31196875081e-12, 5.52263584256e-13, 1.9550932596e-13, 3.47117213445e-12, 7.42601986847e-12, -1.11114730698e-12, -7.11518300875e-13, 9.66204807135e-12, 1.12579476991e-11, 3.39823265014e-12, 1.031388603e-11, 5.76181255485e-11, 7.24214299641e-11, 2.56327424564e-11, 5.79504083609e-11, 6.08276666883e-12, 5.4709535513e-12, 1.1038229792e-12, 3.05658140942e-13, 2.09781004417e-13, -2.92457098578e-14, 8.57037001931e-17], [3.62861714824e-15, 9.09340623092e-14, 1.56212147167e-13, -6.85461930272e-12, 3.01270719483e-09, 1.4954506522e-09, 2.32663402433e-10, 6.4133748312e-10, 1.20535348369e-09, 1.717285536e-09, 2.48760123611e-09, 4.36776081969e-09, 2.22328910837e-09, 4.01881061762e-09, 6.48760289934e-09, 1.1118332921e-08, 2.01314716008e-08, 2.84919003946e-08, 1.153722895e-08, 1.32602684388e-08, 8.54787352011e-09, 5.24400123325e-09, 5.16957754382e-10, 2.37920100288e-10, 1.91923449355e-10, 2.40011101271e-11, 2.12746676829e-13], [3.81306788986e-14, 6.43537957298e-13, 1.50587973081e-12, 4.31196875081e-12, 1.4954506522e-09, 3.72352850775e-08, 2.24450946718e-09, 2.93113511241e-09, 1.09569446849e-08, 1.83721020619e-08, 2.77849423469e-08, 2.76486549211e-08, 3.97528872043e-08, 5.54919168394e-08, 5.49529559635e-08, 1.21244539741e-07, 2.02406326366e-07, 3.17532368399e-07, 2.29449909739e-07, 2.47166013878e-07, 1.08876491822e-07, 4.21530721439e-08, 8.11602252071e-09, 3.76450115525e-09, 3.29755711626e-09, 3.4545569183e-10, 2.07433007403e-12], [2.68739519604e-15, 5.20530748496e-14, 1.33588588325e-13, 5.52263584256e-13, 2.32663402433e-10, 2.24450946718e-09, 3.26478732937e-10, 1.94124785691e-10, 9.35861499407e-10, 1.57416657487e-09, 2.20672280449e-09, 2.15417261806e-09, 3.20832560519e-09, 4.30269464502e-09, 4.08473965763e-09, 8.57918802666e-09, 1.78793015948e-08, 2.66253490366e-08, 1.76421224296e-08, 1.98850678146e-08, 8.76269723449e-09, 3.28824611984e-09, 6.23689211388e-10, 2.91412755038e-10, 2.60527294182e-10, 2.4988117478e-11, 1.65781003834e-13], [2.34322961594e-15, 6.77255899474e-14, 1.58327249423e-13, 1.9550932596e-13, 6.4133748312e-10, 2.93113511241e-09, 1.94124785691e-10, 6.45792586074e-10, 1.00641672773e-09, 1.72688041644e-09, 2.75063616328e-09, 2.90856982943e-09, 3.28447025133e-09, 5.08608666294e-09, 5.65882629644e-09, 1.16541416517e-08, 1.86515993761e-08, 2.85484986762e-08, 1.92983033998e-08, 1.98586835864e-08, 9.68637881016e-09, 4.23098889257e-09, 7.28252791404e-10, 3.41764422318e-10, 2.90775459266e-10, 2.92543350655e-11, 1.89804579389e-13], [1.42346834461e-14, 2.22979485353e-13, 7.80885718501e-13, 3.47117213445e-12, 1.20535348369e-09, 1.09569446849e-08, 9.35861499407e-10, 1.00641672773e-09, 5.82575543362e-09, 6.69612987281e-09, 1.04483568464e-08, 1.05575024278e-08, 1.48700021185e-08, 2.05329016012e-08, 1.97020799675e-08, 4.10683007601e-08, 8.12413460949e-08, 1.19282120181e-07, 8.14381166947e-08, 9.12909428052e-08, 4.05814333249e-08, 1.57883981444e-08, 3.00406477471e-09, 1.28508048647e-09, 1.19074472504e-09, 1.16909371073e-10, 7.84097884277e-13], [2.60562462584e-14, 4.30979064285e-13, 1.19456267794e-12, 7.42601986847e-12, 1.717285536e-09, 1.83721020619e-08, 1.57416657487e-09, 1.72688041644e-09, 6.69612987281e-09, 1.70897394014e-08, 1.71496363777e-08, 1.68880074369e-08, 2.49144616049e-08, 3.19609867461e-08, 3.16643387066e-08, 6.54170548842e-08, 1.42624372756e-07, 2.06946339176e-07, 1.37786685173e-07, 1.52229006289e-07, 6.35428207829e-08, 2.56403289711e-08, 4.93750329511e-09, 2.09248929295e-09, 1.86943260871e-09, 1.84355031241e-10, 1.32479194715e-12], [3.10595800923e-14, 6.40288928648e-13, 1.77811693321e-12, -1.11114730698e-12, 2.48760123611e-09, 2.77849423469e-08, 2.20672280449e-09, 2.75063616328e-09, 1.04483568464e-08, 1.71496363777e-08, 4.25096544632e-08, 2.53712126863e-08, 4.04133935206e-08, 5.8606687503e-08, 5.34692112808e-08, 1.15001633105e-07, 2.09443712151e-07, 3.05633250264e-07, 2.26728772645e-07, 2.56472617366e-07, 1.17227735075e-07, 4.17286862842e-08, 8.35228064489e-09, 3.89707910387e-09, 3.57439855492e-09, 3.55022955478e-10, 1.98941796196e-12], [3.10728039707e-14, 5.46584641697e-13, 1.16458557207e-12, -7.11518300875e-13, 4.36776081969e-09, 2.76486549211e-08, 2.15417261806e-09, 2.90856982943e-09, 1.05575024278e-08, 1.68880074369e-08, 2.53712126863e-08, 3.69786263832e-08, 3.6069806697e-08, 4.8952955467e-08, 5.03148100961e-08, 1.01548039311e-07, 1.96470608671e-07, 3.07773660779e-07, 2.10032709447e-07, 2.3190631282e-07, 1.01405895236e-07, 4.08177562861e-08, 7.47246176047e-09, 3.38069727768e-09, 3.05972580605e-09, 3.1763816577e-10, 1.93457186035e-12], [4.94757839841e-14, 8.96353900392e-13, 2.18140739847e-12, 9.66204807135e-12, 2.22328910837e-09, 3.97528872043e-08, 3.20832560519e-09, 3.28447025133e-09, 1.48700021185e-08, 2.49144616049e-08, 4.04133935206e-08, 3.6069806697e-08, 7.40969738899e-08, 7.3206663842e-08, 6.99355666711e-08, 1.50723650449e-07, 3.01439229133e-07, 4.39650762019e-07, 3.30987944608e-07, 3.43429007899e-07, 1.51486773348e-07, 5.68748532714e-08, 1.13727312012e-08, 4.96425212049e-09, 4.71882133368e-09, 4.58437593442e-10, 2.72478177174e-12], [4.94590330605e-14, 1.0327187239e-12, 2.21605611465e-12, 1.12579476991e-11, 4.01881061762e-09, 5.54919168394e-08, 4.30269464502e-09, 5.08608666294e-09, 2.05329016012e-08, 3.19609867461e-08, 5.8606687503e-08, 4.8952955467e-08, 7.3206663842e-08, 1.38760867685e-07, 1.01473162317e-07, 2.1201680056e-07, 4.20555295477e-07, 6.22734887656e-07, 4.29548038028e-07, 4.68669611564e-07, 2.15324433839e-07, 7.82976670166e-08, 1.56197241807e-08, 7.19334014576e-09, 6.58213883398e-09, 6.40018815723e-10, 3.6986975982e-12], [6.81229026097e-14, 1.22508177648e-12, 2.82949987225e-12, 3.39823265014e-12, 6.48760289934e-09, 5.49529559635e-08, 4.08473965763e-09, 5.65882629644e-09, 1.97020799675e-08, 3.16643387066e-08, 5.34692112808e-08, 5.03148100961e-08, 6.99355666711e-08, 1.01473162317e-07, 1.30744709281e-07, 2.09437132526e-07, 3.97094908067e-07, 5.70223164686e-07, 4.18214426645e-07, 4.42019171487e-07, 2.05019503596e-07, 7.97974735178e-08, 1.50315457859e-08, 7.13836856292e-09, 6.36318109315e-09, 6.09576444877e-10, 3.79326951794e-12], [1.09433200891e-13, 2.42256236772e-12, 6.01639614864e-12, 1.031388603e-11, 1.1118332921e-08, 1.21244539741e-07, 8.57918802666e-09, 1.16541416517e-08, 4.10683007601e-08, 6.54170548842e-08, 1.15001633105e-07, 1.01548039311e-07, 1.50723650449e-07, 2.1201680056e-07, 2.09437132526e-07, 5.86472765463e-07, 7.74975490003e-07, 1.1384033769e-06, 8.25727283882e-07, 8.62774697907e-07, 4.03018333373e-07, 1.56624224701e-07, 2.96470581418e-08, 1.37160611757e-08, 1.22129302227e-08, 1.18163245855e-09, 7.79293816977e-12], [2.67930073744e-13, 4.29705620045e-12, 1.11875569572e-11, 5.76181255485e-11, 2.01314716008e-08, 2.02406326366e-07, 1.78793015948e-08, 1.86515993761e-08, 8.12413460949e-08, 1.42624372756e-07, 2.09443712151e-07, 1.96470608671e-07, 3.01439229133e-07, 4.20555295477e-07, 3.97094908067e-07, 7.74975490003e-07, 2.02279579753e-06, 2.5091187581e-06, 1.66812594671e-06, 1.82188477993e-06, 7.95246648977e-07, 3.06250001358e-07, 5.79177665827e-08, 2.61627821629e-08, 2.40368276394e-08, 2.3333022181e-09, 1.46979546589e-11], [4.08300915864e-13, 6.52793487668e-12, 2.04325948522e-11, 7.24214299641e-11, 2.84919003946e-08, 3.17532368399e-07, 2.66253490366e-08, 2.85484986762e-08, 1.19282120181e-07, 2.06946339176e-07, 3.05633250264e-07, 3.07773660779e-07, 4.39650762019e-07, 6.22734887656e-07, 5.70223164686e-07, 1.1384033769e-06, 2.5091187581e-06, 4.37261951447e-06, 2.56203134086e-06, 2.88026512862e-06, 1.2215427887e-06, 4.6257130748e-07, 9.03458570178e-08, 4.1535059836e-08, 3.73586956925e-08, 3.80714526571e-09, 2.17458672597e-11], [2.87641682391e-13, 4.84679353943e-12, 1.77295504666e-11, 2.56327424564e-11, 1.153722895e-08, 2.29449909739e-07, 1.76421224296e-08, 1.92983033998e-08, 8.14381166947e-08, 1.37786685173e-07, 2.26728772645e-07, 2.10032709447e-07, 3.30987944608e-07, 4.29548038028e-07, 4.18214426645e-07, 8.25727283882e-07, 1.66812594671e-06, 2.56203134086e-06, 2.266707952e-06, 2.08404549085e-06, 9.02079875686e-07, 3.35500288884e-07, 6.76732341276e-08, 3.07125667121e-08, 2.88052053321e-08, 2.91389912199e-09, 1.604313557e-11], [2.90255910669e-13, 5.31709832413e-12, 1.6724493318e-11, 5.79504083609e-11, 1.32602684388e-08, 2.47166013878e-07, 1.98850678146e-08, 1.98586835864e-08, 9.12909428052e-08, 1.52229006289e-07, 2.56472617366e-07, 2.3190631282e-07, 3.43429007899e-07, 4.68669611564e-07, 4.42019171487e-07, 8.62774697907e-07, 1.82188477993e-06, 2.88026512862e-06, 2.08404549085e-06, 2.63285301116e-06, 1.02653223166e-06, 3.63692009842e-07, 7.34806562264e-08, 3.44099539973e-08, 3.18730002391e-08, 3.18642445762e-09, 1.72918797336e-11], [1.2270135537e-13, 2.47714695978e-12, 6.89786899474e-12, 6.08276666883e-12, 8.54787352011e-09, 1.08876491822e-07, 8.76269723449e-09, 9.68637881016e-09, 4.05814333249e-08, 6.35428207829e-08, 1.17227735075e-07, 1.01405895236e-07, 1.51486773348e-07, 2.15324433839e-07, 2.05019503596e-07, 4.03018333373e-07, 7.95246648977e-07, 1.2215427887e-06, 9.02079875686e-07, 1.02653223166e-06, 5.15138253832e-07, 1.61682038424e-07, 3.25814895064e-08, 1.54675259267e-08, 1.42169538364e-08, 1.41088940531e-09, 7.65418544518e-12], [5.09867518486e-14, 9.16987948248e-13, 3.05719859151e-12, 5.4709535513e-12, 5.24400123325e-09, 4.21530721439e-08, 3.28824611984e-09, 4.23098889257e-09, 1.57883981444e-08, 2.56403289711e-08, 4.17286862842e-08, 4.08177562861e-08, 5.68748532714e-08, 7.82976670166e-08, 7.97974735178e-08, 1.56624224701e-07, 3.06250001358e-07, 4.6257130748e-07, 3.35500288884e-07, 3.63692009842e-07, 1.61682038424e-07, 6.73805473639e-08, 1.18924168291e-08, 5.47165779352e-09, 4.89671192483e-09, 4.92059004653e-10, 2.9538619814e-12], [9.35485887431e-15, 1.83605002946e-13, 6.67915809466e-13, 1.1038229792e-12, 5.16957754382e-10, 8.11602252071e-09, 6.23689211388e-10, 7.28252791404e-10, 3.00406477471e-09, 4.93750329511e-09, 8.35228064489e-09, 7.47246176047e-09, 1.13727312012e-08, 1.56197241807e-08, 1.50315457859e-08, 2.96470581418e-08, 5.79177665827e-08, 9.03458570178e-08, 6.76732341276e-08, 7.34806562264e-08, 3.25814895064e-08, 1.18924168291e-08, 2.6775388573e-09, 1.10879860848e-09, 1.00998998054e-09, 1.00927516344e-10, 5.73827443895e-13], [4.16037384461e-15, 7.91244172504e-14, 2.48673586063e-13, 3.05658140942e-13, 2.37920100288e-10, 3.76450115525e-09, 2.91412755038e-10, 3.41764422318e-10, 1.28508048647e-09, 2.09248929295e-09, 3.89707910387e-09, 3.38069727768e-09, 4.96425212049e-09, 7.19334014576e-09, 7.13836856292e-09, 1.37160611757e-08, 2.61627821629e-08, 4.1535059836e-08, 3.07125667121e-08, 3.44099539973e-08, 1.54675259267e-08, 5.47165779352e-09, 1.10879860848e-09, 5.68672664514e-10, 4.90109730578e-10, 4.91616643228e-11, 2.53150853145e-13], [3.85652576226e-15, 7.44070535979e-14, 2.05967526563e-13, 2.09781004417e-13, 1.91923449355e-10, 3.29755711626e-09, 2.60527294182e-10, 2.90775459266e-10, 1.19074472504e-09, 1.86943260871e-09, 3.57439855492e-09, 3.05972580605e-09, 4.71882133368e-09, 6.58213883398e-09, 6.36318109315e-09, 1.22129302227e-08, 2.40368276394e-08, 3.73586956925e-08, 2.88052053321e-08, 3.18730002391e-08, 1.42169538364e-08, 4.89671192483e-09, 1.00998998054e-09, 4.90109730578e-10, 4.7793213831e-10, 4.5119349229e-11, 2.34007556171e-13], [4.1555116108e-16, 7.32539419071e-15, 2.31789346289e-14, -2.92457098578e-14, 2.40011101271e-11, 3.4545569183e-10, 2.4988117478e-11, 2.92543350655e-11, 1.16909371073e-10, 1.84355031241e-10, 3.55022955478e-10, 3.1763816577e-10, 4.58437593442e-10, 6.40018815723e-10, 6.09576444877e-10, 1.18163245855e-09, 2.3333022181e-09, 3.80714526571e-09, 2.91389912199e-09, 3.18642445762e-09, 1.41088940531e-09, 4.92059004653e-10, 1.00927516344e-10, 4.91616643228e-11, 4.5119349229e-11, 5.60105130679e-12, 2.30495910038e-14], [2.64443582735e-18, 4.66065453197e-17, 1.51508320054e-16, 8.57037001931e-17, 2.12746676829e-13, 2.07433007403e-12, 1.65781003834e-13, 1.89804579389e-13, 7.84097884277e-13, 1.32479194715e-12, 1.98941796196e-12, 1.93457186035e-12, 2.72478177174e-12, 3.6986975982e-12, 3.79326951794e-12, 7.79293816977e-12, 1.46979546589e-11, 2.17458672597e-11, 1.604313557e-11, 1.72918797336e-11, 7.65418544518e-12, 2.9538619814e-12, 5.73827443895e-13, 2.53150853145e-13, 2.34007556171e-13, 2.30495910038e-14, 1.613672674e-16]]
    },
    "mfcc": {
        "kurt": [0.728918790817, 0.44957280159, 4.2622590065, 0.41960978508, 2.76530885696, -0.591526269913, -0.322402238846, -0.622331380844, -1.14862763882, -0.929971694946, -0.599229097366, -0.325769662857, -0.498869895935],
        "max": [-601.247070312, 42.2433433533, 5.77841186523, 43.5269355774, 10.8200073242, 5.09268188477, 14.7285346985, 7.40373420715, 18.379032135, 12.0499095917, 13.5448760986, 9.60367584229, 11.0983886719],
        "mean": [-762.771972656, -1.9894888401, -93.6937026978, 8.72350215912, -37.3209190369, -20.0366153717, -14.7675447464, -15.8613510132, -8.45111942291, -19.6877975464, -12.3185148239, -15.2268190384, -10.6951904297],
        "median": [-726.739074707, -1.1256980896, -100.14440918, 6.77007484436, -40.8837623596, -20.1843986511, -16.6953620911, -16.9078445435, -7.31232452393, -22.1297035217, -13.5497159958, -16.2927398682, -11.0828886032],
        "min": [-1138.42004395, -31.6822242737, -131.805145264, -12.2329158783, -57.5919036865, -45.4115219116, -39.2206993103, -35.3693695068, -34.9223327637, -44.8535461426, -33.1799201965, -34.5831336975, -30.0465393066],
        "skew": [-1.21708893776, 0.103733122349, 2.09756326675, 0.718464314938, 1.74658954144, 0.259725570679, 0.42730435729, 0.394428521395, -0.0812585353851, 0.365974187851, 0.290875554085, 0.408934116364, 0.145755186677],
        "var": [20763.6875, 107.492118835, 885.553466797, 94.6675262451, 189.959274292, 116.568511963, 92.1576461792, 83.4466629028, 134.977966309, 150.918930054, 79.2475585938, 75.289642334, 51.6765632629],
        "cov": [[20794.3574219, -544.676025391, -3949.65551758, -738.963928223, -1729.95959473, -1245.68505859, -1018.1395874, -1010.66693115, -1237.32348633, -1472.19238281, -870.95098877, -832.897705078, -488.472595215], [-544.676025391, 107.650894165, 101.622009277, 28.0928897858, 30.4004516602, 41.704372406, 22.4989509583, 33.3869171143, 50.6198883057, 32.2593803406, 13.1471996307, -2.65598487854, -9.01314353943], [-3949.65551758, 101.622009277, 886.86151123, 96.937538147, 354.173431396, 235.372756958, 193.798980713, 199.851730347, 208.7237854, 264.914733887, 149.735794067, 153.11416626, 88.5856628418], [-738.963928223, 28.0928897858, 96.937538147, 94.8073577881, 46.6129226685, 47.0362968445, 37.1348152161, 37.9199180603, 75.1638336182, 67.112701416, 39.6379699707, 23.6049079895, 11.4667568207], [-1729.95959473, 30.4004516602, 354.173431396, 46.6129226685, 190.239852905, 106.276496887, 85.1697998047, 82.6137924194, 80.5605316162, 107.789779663, 68.9506988525, 75.7466278076, 48.7788658142], [-1245.68505859, 41.704372406, 235.372756958, 47.0362968445, 106.276496887, 116.740699768, 76.0308151245, 70.9654464722, 89.873878479, 88.339263916, 45.6017189026, 35.0601158142, 14.4798946381], [-1018.1395874, 22.4989509583, 193.798980713, 37.1348152161, 85.1697998047, 76.0308151245, 92.2937698364, 64.2239990234, 63.0173721313, 69.2077789307, 29.9757194519, 34.1132164001, 17.0510959625], [-1010.66693115, 33.3869171143, 199.851730347, 37.9199180603, 82.6137924194, 70.9654464722, 64.2239990234, 83.5699234009, 78.5511856079, 71.7955474854, 37.7788276672, 32.0676612854, 14.0696144104], [-1237.32348633, 50.6198883057, 208.7237854, 75.1638336182, 80.5605316162, 89.873878479, 63.0173721313, 78.5511856079, 135.177337646, 110.75756073, 54.2446632385, 34.2255821228, 8.67090702057], [-1472.19238281, 32.2593803406, 264.914733887, 67.112701416, 107.789779663, 88.339263916, 69.2077789307, 71.7955474854, 110.75756073, 151.141845703, 85.2895889282, 62.4414176941, 35.8176841736], [-870.95098877, 13.1471996307, 149.735794067, 39.6379699707, 68.9506988525, 45.6017189026, 29.9757194519, 37.7788276672, 54.2446632385, 85.2895889282, 79.364616394, 55.1959877014, 30.4232196808], [-832.897705078, -2.65598487854, 153.11416626, 23.6049079895, 75.7466278076, 35.0601158142, 34.1132164001, 32.0676612854, 34.2255821228, 62.4414176941, 55.1959877014, 75.4008483887, 44.2127227783], [-488.472595215, -9.01314353943, 88.5856628418, 11.4667568207, 48.7788658142, 14.4798946381, 17.0510959625, 14.0696144104, 8.67090702057, 35.8176841736, 30.4232196808, 44.2127227783, 51.7528953552]]
    },
    "sccoeffs": {
        "kurt": [-0.86842751503, -0.717551469803, -0.242466688156, 0.207785129547, -0.213671922684, 3.1005396843],
        "max": [-0.378743439913, -0.601091325283, -0.684884667397, -0.735850453377, -0.719481527805, -0.701981425285],
        "mean": [-0.635985553265, -0.805223286152, -0.833526313305, -0.825290739536, -0.813794910908, -0.760210454464],
        "median": [-0.617131948471, -0.815414190292, -0.833515524864, -0.82316672802, -0.810267567635, -0.751815378666],
        "min": [-0.979732275009, -0.938916563988, -0.961843967438, -0.948068737984, -0.923881947994, -0.89982676506],
        "skew": [-0.367902040482, 0.35609921813, 0.00214017415419, -0.322605252266, -0.422151893377, -1.59444797039],
        "var": [0.0145886363462, 0.00520313903689, 0.00198812922463, 0.00141674955375, 0.00174619420432, 0.00132259260863],
        "cov": [[0.0146101852879, 0.00384210050106, 0.00328104291111, 0.00247125816531, 0.0034255371429, 0.00309862871654], [0.00384210050106, 0.00521082477644, 0.00176066730637, 0.00168760458473, 0.00215026456863, 0.00161427934654], [0.00328104291111, 0.00176066730637, 0.00199106591754, 0.000971842964645, 0.0012557215523, 0.0010482352227], [0.00247125816531, 0.00168760458473, 0.000971842964645, 0.00141884223558, 0.00114986544941, 0.000984761165455], [0.0034255371429, 0.00215026456863, 0.0012557215523, 0.00114986544941, 0.00174877350219, 0.0012084756745], [0.00309862871654, 0.00161427934654, 0.0010482352227, 0.000984761165455, 0.0012084756745, 0.00132454617415]]
    },
    "scvalleys": {
        "kurt": [0.909780025482, 3.22749042511, 3.34100437164, 3.34377384186, 3.92953109741, 3.63668584824],
        "max": [-9.58984375, -6.08445167542, -5.25130653381, -5.16783285141, -4.99496555328, -7.38494586945],
        "mean": [-10.6671857834, -8.0168838501, -7.34533071518, -7.24774169922, -6.88884973526, -9.1685628891],
        "median": [-10.588924408, -7.61924743652, -6.72519397736, -6.77922153473, -6.48990392685, -8.73768615723],
        "min": [-13.127612114, -15.5065326691, -14.3351392746, -14.1380367279, -13.7672595978, -15.5700159073],
        "skew": [-0.848290741444, -1.76200306416, -1.89174211025, -1.87174487114, -1.94644808769, -1.95783543587],
        "var": [0.330096244812, 2.32072901726, 3.27452635765, 3.477206707, 3.3100733757, 3.05769538879],
        "cov": [[0.330583840609, 0.678541123867, 0.801194250584, 0.832006812096, 0.811984121799, 0.776164710522], [0.678541123867, 2.32415699959, 2.66901755333, 2.754352808, 2.67576932907, 2.5669260025], [0.801194250584, 2.66901755333, 3.27936315536, 3.32544159889, 3.22960472107, 3.09768295288], [0.832006812096, 2.754352808, 3.32544159889, 3.48234295845, 3.36020231247, 3.22110748291], [0.811984121799, 2.67576932907, 3.22960472107, 3.36020231247, 3.3149626255, 3.15640044212], [0.776164710522, 2.5669260025, 3.09768295288, 3.22110748291, 3.15640044212, 3.06221175194]]
    }
},
"rhythm": {
    "beats_loudness": {
        "kurt": -1.03922402859,
        "max": 0.0267007239163,
        "mean": 0.00886773504317,
        "median": 0.00418580835685,
        "min": 2.00144972951e-06,
        "skew": 0.665754914284,
        "var": 8.26493487693e-05
    },
    "bpm": 81.4595718384,
    "confidence": 0.851016998291,
    "first_peak_bpm": {
        "kurt": 0,
        "max": 82,
        "mean": 82,
        "median": 82,
        "min": 82,
        "skew": 0,
        "var": 0
    },
    "first_peak_spread": {
        "kurt": 0,
        "max": 0.181818127632,
        "mean": 0.181818127632,
        "median": 0.181818127632,
        "min": 0.181818127632,
        "skew": 0,
        "var": 0
    },
    "first_peak_weight": {
        "kurt": 0,
        "max": 0.409090936184,
        "mean": 0.409090936184,
        "median": 0.409090936184,
        "min": 0.409090936184,
        "skew": 0,
        "var": 0
    },
    "onset_rate": 0.764229655266,
    "second_peak_bpm": {
        "kurt": 0,
        "max": 112,
        "mean": 112,
        "median": 112,
        "min": 112,
        "skew": 0,
        "var": 0
    },
    "second_peak_spread": {
        "kurt": 0,
        "max": 0.428571403027,
        "mean": 0.428571403027,
        "median": 0.428571403027,
        "min": 0.428571403027,
        "skew": 0,
        "var": 0
    },
    "second_peak_weight": {
        "kurt": 0,
        "max": 0.181818187237,
        "mean": 0.181818187237,
        "median": 0.181818187237,
        "min": 0.181818187237,
        "skew": 0,
        "var": 0
    },
    "beats_loudness_band_ratio": {
        "kurt": [4.9385509491, 0.669992446899, 5.05854415894, 0.0685539245605, -1.26457309723, -0.735574483871],
        "max": [0.00772080430761, 0.0501237288117, 0.104616634548, 0.169316291809, 0.551943957806, 0.632645606995],
        "mean": [0.00106343184598, 0.0151748750359, 0.0236929301172, 0.0875127390027, 0.435784995556, 0.446735560894],
        "median": [0.000119071293739, 0.0123949134722, 0.0170352011919, 0.0912230461836, 0.426639139652, 0.459096342325],
        "min": [1.55407669808e-05, 0.00110637315083, 0.00726345879957, 0.0191042497754, 0.293285042048, 0.269556969404],
        "skew": [2.39496016502, 1.03199827671, 2.48766374588, 0.130133375525, 0.0431902706623, 0.0401165522635],
        "var": [3.67679535884e-06, 0.000150648498675, 0.000576171965804, 0.00115224497858, 0.00643535610288, 0.00820121914148],
        "cov": [[3.84392251362e-06, -9.89316868072e-06, 2.73768164334e-05, -2.54415190284e-05, -6.97548457538e-05, 7.14776542736e-05], [-9.89316868072e-06, 0.00015749616432, -5.91045281908e-05, 0.000215417152504, 0.00044732101378, -0.000750754959881], [2.73768164334e-05, -5.91045281908e-05, 0.000602361629717, -7.30783722247e-05, -0.000846983806696, 0.000344732601661], [-2.54415190284e-05, 0.000215417152504, -7.30783722247e-05, 0.00120461976621, 0.000383054750273, -0.00171153887641], [-6.97548457538e-05, 0.00044732101378, -0.000846983806696, 0.000383054750273, 0.00672787241638, -0.00656282203272], [7.14776542736e-05, -0.000750754959881, 0.000344732601661, -0.00171153887641, -0.00656282203272, 0.00857400149107]]
    },
    "beats_position": [0.53405892849, 1.06811785698, 1.60217678547, 2.13623571396, 2.67029476166, 3.22757363319, 3.78485250473, 4.33052158356, 5.01551008224, 5.70049858093, 6.38548755646, 7.05886602402, 7.80190467834, 8.55655288696, 9.31120204926, 10.0542402267, 10.7856683731, 11.5170974731, 12.2369155884, 12.9683446884, 13.6997728348, 14.4312019348, 15.1626300812],
    "bpm_estimates": [80.74949646, 79.5072479248, 79.5071411133, 80.7495498657, 82.0312957764, 82.0311889648, 83.3543930054, 82.0311889648, 82.0312957764, 82.0311889648, 82.0312957764],
    "bpm_intervals": [0.53405892849, 0.53405892849, 0.53405892849, 0.534059047699, 0.557278871536, 0.557278871536, 0.545669078827, 0.684988498688, 0.684988498688, 0.684988975525, 0.67337846756, 0.743038654327, 0.754648208618, 0.754649162292, 0.74303817749, 0.731428146362, 0.731429100037, 0.719818115234, 0.731429100037, 0.731428146362, 0.731429100037, 0.731428146362],
    "onset_times": [0.104489795864, 0.267029464245, 6.29260778427, 7.20979595184, 7.47682523727, 10.565079689, 10.7276191711, 11.017868042, 12.8406352997, 12.9567346573, 13.4907932281, 13.572063446],
    "histogram": [[0, 0, 0, 0, 0, 0, 0, 0, 0, 0, 0, 0, 0, 0, 0, 0, 0, 0, 0, 0, 0, 0, 0, 0, 0, 0, 0, 0, 0, 0, 0, 0, 0, 0, 0, 0, 0, 0, 0, 0, 0, 0, 0, 0, 0, 0, 0, 0, 0, 0, 0, 0, 0, 0, 0, 0, 0, 0, 0, 0, 0, 0, 0, 0, 0, 0, 0, 0, 0, 0, 0, 0, 0, 0, 0, 0, 0, 0, 0, 0, 0.0909090936184, 0.0909090936184, 0.272727280855, 0.0454545468092, 0, 0, 0, 0, 0.136363640428, 0.0454545468092, 0, 0, 0, 0, 0, 0, 0, 0, 0, 0, 0, 0, 0, 0, 0, 0, 0, 0, 0.0909090936184, 0, 0.0454545468092, 0, 0.181818187237, 0, 0, 0, 0, 0, 0, 0, 0, 0, 0, 0, 0, 0, 0, 0, 0, 0, 0, 0, 0, 0, 0, 0, 0, 0, 0, 0, 0, 0, 0, 0, 0, 0, 0, 0, 0, 0, 0, 0, 0, 0, 0, 0, 0, 0, 0, 0, 0, 0, 0, 0, 0, 0, 0, 0, 0, 0, 0, 0, 0, 0, 0, 0, 0, 0, 0, 0, 0, 0, 0, 0, 0, 0, 0, 0, 0, 0, 0, 0, 0, 0, 0, 0, 0, 0, 0, 0, 0, 0, 0, 0, 0, 0, 0, 0, 0, 0, 0, 0, 0, 0, 0, 0, 0, 0, 0, 0, 0, 0, 0, 0, 0, 0, 0, 0, 0, 0, 0, 0, 0, 0, 0, 0, 0, 0, 0, 0, 0, 0, 0, 0, 0, 0, 0, 0, 0, 0]]
},
"sfx": {
    "inharmonicity": {
        "kurt": 3.09936618805,
        "max": 0.383526831865,
        "mean": 0.0480100922287,
        "median": 0,
        "min": 0,
        "skew": 2.02307343483,
        "var": 0.00746482657269
    },
    "oddtoevenharmonicenergyratio": {
        "kurt": 175.430160522,
        "max": 48.7410430908,
        "mean": 0.820044577122,
        "median": 0,
        "min": 0,
        "skew": 11.1506175995,
        "var": 6.86751890182
    },
    "pitch_after_max_to_before_max_energy_ratio": 0.00376692647114,
    "pitch_centroid": 319.264129639,
    "pitch_max_to_total": 0.998525083065,
    "pitch_min_to_total": 0.952802360058,
    "tristimulus": {
        "kurt": [-1.73784089088, -0.0695753097534, 0.893589735031],
        "max": [1, 0.949564814568, 0.979405760765],
        "mean": [0.62943482399, 0.205789387226, 0.164775699377],
        "median": [1, 0, 0],
        "min": [0, 0, 0],
        "skew": [-0.391172498465, 1.23825979233, 1.60782456398],
        "var": [0.185721278191, 0.0950814634562, 0.0942958146334],
        "cov": [[0.185995608568, -0.0933908075094, -0.0926048606634], [-0.0933908075094, 0.0952219069004, -0.00183108670171], [-0.0926048606634, -0.00183108670171, 0.0944351032376]]
    }
},
"tonal": {
    "chords_changes_rate": 0.117647059262,
    "chords_number_rate": 0.0382352955639,
    "chords_strength": {
        "kurt": -0.927300214767,
        "max": 0.639318883419,
        "mean": 0.434658765793,
        "median": 0.447728484869,
        "min": 0.203353986144,
        "skew": -0.204977229238,
        "var": 0.0093666696921
    },
    "key_strength": 0.422926753759,
    "tuning_diatonic_strength": 0.507853388786,
    "tuning_equal_tempered_deviation": 0.235828742385,
    "tuning_frequency": 431.941772461,
    "tuning_nontempered_energy_ratio": 0.902962565422,
    "hpcp": {
        "kurt": [-0.369138240814, -0.196712255478, -0.0547122955322, -7.96318054199e-05, -0.359704971313, -0.424286603928, -0.593636512756, -0.754073858261, -0.238904476166, -0.040994644165, 0.0402295589447, 0.150543212891, -0.172167062759, -0.0255630016327, 0.00339198112488, -0.0390865802765, 0.299197435379, 0.0460402965546, -0.25480055809, -0.362156391144, -0.521749019623, -0.541880846024, -0.566245794296, -0.73131608963, -0.660586595535, -0.666698217392, -0.488563537598, -0.24122428894, 0.307333946228, 0.479928255081, 0.438154459, 0.0905032157898, 0.497925519943, 0.410646915436, 0.796985626221, 0.0990037918091],
        "max": [1, 1, 1, 1, 1, 1, 1, 1, 1, 1, 1, 1, 1, 1, 1, 1, 1, 1, 1, 1, 1, 1, 1, 1, 1, 1, 1, 1, 1, 1, 1, 1, 1, 1, 1, 1],
