{
"metadata": {
    "version": {
        "essentia": "2.1-beta3"
    }
},
"lowLevel": {
    "average_loudness": 0.97353041172,
    "barkbands_kurtosis": {
        "kurt": 7.106757164,
        "max": 7.28211116791,
        "mean": 0.200583919883,
        "median": 0.11000919342,
        "min": -1.57349526882,
        "skew": 1.3837556839,
        "var": 0.6000046134
    },
    "barkbands_skewness": {
        "kurt": 10.8332166672,
        "max": 2.38741922379,
        "mean": -0.835911035538,
        "median": -0.911007642746,
        "min": -1.71841931343,
        "skew": 2.8025636673,
        "var": 0.210955515504
    },
    "barkbands_spread": {
        "kurt": 8.39351844788,
        "max": 42.7732009888,
        "mean": 18.0516529083,
        "median": 17.6533031464,
        "min": 8.36377334595,
        "skew": 2.08003306389,
        "var": 15.5594959259
    },
    "dissonance": {
        "kurt": 32.7272071838,
        "max": 0.499992519617,
        "mean": 0.489862561226,
        "median": 0.491759628057,
        "min": 0.376044511795,
        "skew": -3.8976752758,
        "var": 7.88941470091e-05
    },
    "hfc": {
        "kurt": 0.637808561325,
        "max": 45.6416625977,
        "mean": 20.1984539032,
        "median": 19.9900474548,
        "min": 7.9917599578e-06,
        "skew": -0.206705912948,
        "var": 69.0714111328
    },
    "pitch": {
        "kurt": -1.55634593964,
        "max": 3967.50512695,
        "mean": 2358.46972656,
        "median": 3322.66015625,
        "min": 78.8460235596,
        "skew": -0.51369869709,
        "var": 2026789
    },
    "pitch_instantaneous_confidence": {
        "kurt": -0.0938785076141,
        "max": 0.54114484787,
        "mean": 0.286477357149,
        "median": 0.27986395359,
        "min": 0.137799203396,
        "skew": 0.39709764719,
        "var": 0.00435290811583
    },
    "pitch_salience": {
        "kurt": 3.15912246704,
        "max": 0.910710513592,
        "mean": 0.802654087543,
        "median": 0.805875182152,
        "min": 0.585848450661,
        "skew": -1.01308035851,
        "var": 0.0015305520501
    },
    "silence_rate_20dB": {
        "kurt": 0,
        "max": 1,
        "mean": 1,
        "median": 1,
        "min": 1,
        "skew": 0,
        "var": 0
    },
    "silence_rate_30dB": {
        "kurt": 0,
        "max": 1,
        "mean": 1,
        "median": 1,
        "min": 1,
        "skew": 0,
        "var": 0
    },
    "silence_rate_60dB": {
        "kurt": 9.01156425476,
        "max": 1,
        "mean": 0.0717658177018,
        "median": 0,
        "min": 0,
        "skew": 3.31834554672,
        "var": 0.066615447402
    },
    "spectral_centroid": {
        "kurt": 13.9598579407,
        "max": 3009.17089844,
        "mean": 2525.29101562,
        "median": 2589.82714844,
        "min": 571.412353516,
        "skew": -3.55477595329,
        "var": 125373.015625
    },
    "spectral_complexity": {
        "kurt": 4.56625795364,
        "max": 52,
        "mean": 35.0415496826,
        "median": 37,
        "min": 0,
        "skew": -2.05706572533,
        "var": 108.783668518
    },
    "spectral_crest": {
        "kurt": 7.62865829468,
        "max": 15.9511823654,
        "mean": 5.34629392624,
        "median": 5.19670248032,
        "min": 2.20294165611,
        "skew": 1.59747242928,
        "var": 1.42414081097
    },
    "spectral_decrease": {
        "kurt": 0.909829139709,
        "max": -9.42398269203e-16,
        "mean": -1.5635231998e-09,
        "median": -1.54798496244e-09,
        "min": -3.38911010367e-09,
        "skew": 0.385730296373,
        "var": 3.70163039774e-19
    },
    "spectral_energy": {
        "kurt": 0.845747947693,
        "max": 0.0169147476554,
        "mean": 0.00773315317929,
        "median": 0.0076665058732,
        "min": 4.28170787714e-09,
        "skew": -0.35101428628,
        "var": 9.25388849282e-06
    },
    "spectral_energyband_high": {
        "kurt": 0.774074316025,
        "max": 0.00318604614586,
        "mean": 0.000966738502029,
        "median": 0.000911091861781,
        "min": 4.23373475167e-10,
        "skew": 0.422204822302,
        "var": 2.24579181918e-07
    },
    "spectral_energyband_low": {
        "kurt": 0.0440211296082,
        "max": 6.07233378105e-05,
        "mean": 1.65146648214e-05,
        "median": 1.37134074976e-05,
        "min": 7.57255300132e-11,
        "skew": 0.759319663048,
        "var": 1.28183227921e-10
    },
    "spectral_energyband_middle_high": {
        "kurt": 0.75435757637,
        "max": 0.0142086176202,
        "mean": 0.00607744557783,
        "median": 0.00595039734617,
        "min": 1.73525716018e-09,
        "skew": -0.149711713195,
        "var": 6.31897091807e-06
    },
    "spectral_energyband_middle_low": {
        "kurt": 1.75842666626,
        "max": 0.0022603685502,
        "mean": 0.000760387512855,
        "median": 0.000759586284403,
        "min": 2.08430606108e-09,
        "skew": -0.276386499405,
        "var": 8.37495832684e-08
    },
    "spectral_flatness_db": {
        "kurt": 4.97946691513,
        "max": 0.175221756101,
        "mean": 0.13920918107,
        "median": 0.14060176909,
        "min": 0.0496798940003,
        "skew": -1.28851854801,
        "var": 0.000182067262358
    },
    "spectral_flux": {
        "kurt": 4.8274564743,
        "max": 0.0877788066864,
        "mean": 0.055895768106,
        "median": 0.0579421557486,
        "min": 0.000749129685573,
        "skew": -1.94848060608,
        "var": 0.000243878937908
    },
    "spectral_kurtosis": {
        "kurt": 15.668428421,
        "max": 8.5213432312,
        "mean": 3.038002491,
        "median": 2.94497156143,
        "min": 1.34172296524,
        "skew": 2.99032735825,
        "var": 0.539654910564
    },
    "spectral_rms": {
        "kurt": 5.09359931946,
        "max": 0.00406228890643,
        "mean": 0.00264493306167,
        "median": 0.00273487064987,
        "min": 2.04383854907e-06,
        "skew": -2.01947855949,
        "var": 5.48876585071e-07
    },
    "spectral_rolloff": {
        "kurt": 25.234828949,
        "max": 5727.83203125,
        "mean": 3788.64331055,
        "median": 3854.44335938,
        "min": 753.662109375,
        "skew": -4.47721672058,
        "var": 170600
    },
    "spectral_skewness": {
        "kurt": 15.0437679291,
        "max": 2.57950520515,
        "mean": 1.51874566078,
        "median": 1.50347328186,
        "min": 1.12638020515,
        "skew": 2.7718360424,
        "var": 0.0161317605525
    },
    "spectral_spread": {
        "kurt": 405.332489014,
        "max": 26800262,
        "mean": 5820418.5,
        "median": 5784711,
        "min": 3905201.75,
        "skew": 16.3812351227,
        "var": 673048428544
    },
    "spectral_strongpeak": {
        "kurt": 1.3654999733,
        "max": 5.68684482574,
        "mean": 1.28347718716,
        "median": 1.22459840775,
        "min": 5.09036690346e-05,
        "skew": 0.788626730442,
        "var": 0.641163468361
    },
    "zerocrossingrate": {
        "kurt": 16.7579898834,
        "max": 0.15673828125,
        "mean": 0.127181813121,
        "median": 0.1298828125,
        "min": 0.013671875,
        "skew": -3.7710545063,
        "var": 0.000214235304156
    },
    "barkbands": {
        "kurt": [7.15996360779, 4.52257871628, 1.23348426819, 10.657081604, -0.183362960815, -0.0929317474365, 1.9603433609, 0.82075881958, 1.52924442291, 4.31166028976, 2.46772766113, 3.5741019249, 2.39099025726, 2.69542264938, 6.90258026123, 1.66707849503, 5.54563617706, 2.12426137924, 1.40343093872, 0.886222600937, 1.12198448181, 1.8502702713, 0.824251651764, 2.7980632782, 1.04466104507, 1.10428524017, 1.48897027969],
        "max": [1.8029245652e-08, 1.18744492283e-05, 4.5112981752e-05, 8.50061915116e-05, 0.000376098440029, 0.000296509475447, 0.00066227192292, 0.000389005464967, 0.000799886067398, 0.00135164195672, 0.00169347261544, 0.00140243454371, 0.00178104825318, 0.001243858831, 0.0026504045818, 0.00144591229036, 0.0050163785927, 0.00378174008802, 0.00431411201134, 0.00347596313804, 0.00104256509803, 0.000354879739461, 8.4479645011e-05, 0.000160232972121, 7.64887590776e-05, 1.81792074727e-06, 1.02656487755e-08],
        "mean": [2.4477535554e-09, 1.31839806272e-06, 9.80424738373e-06, 8.42360896058e-06, 0.000127413819428, 0.000103515783849, 0.000150220250362, 0.00010310014477, 0.000179579976248, 0.000262771354755, 0.000364088366041, 0.000249616306974, 0.000382809317671, 0.000260643137153, 0.000366586376913, 0.000403298705351, 0.00096565275453, 0.00100493303034, 0.00122671597637, 0.00107869168278, 0.000311545532895, 9.13052281248e-05, 2.66618917522e-05, 3.25837609125e-05, 2.13379335037e-05, 5.39049153758e-07, 3.03302472027e-09],
        "median": [1.74101089101e-09, 3.47580055404e-07, 6.31352349956e-06, 4.31617900176e-06, 0.000125644670334, 9.70888213487e-05, 0.000135432113893, 9.35816860874e-05, 0.00014476144861, 0.000233426806517, 0.000305437657516, 0.0002170237276, 0.000325563247316, 0.000214640327613, 0.000261776265688, 0.000366385444067, 0.000840290333144, 0.000937528500799, 0.0011620731093, 0.000996858812869, 0.000292026001262, 8.6287400336e-05, 2.55216400546e-05, 3.04570257867e-05, 2.02266637643e-05, 5.05837647324e-07, 2.8162745469e-09],
        "min": [9.68779743926e-12, 1.17051368598e-11, 3.16923119692e-11, 6.27251098284e-11, 1.5977974499e-10, 1.26674254419e-10, 6.78172240587e-10, 7.13313297318e-10, 3.11206727055e-10, 1.13613604635e-10, 3.27190115279e-11, 2.18944001817e-10, 1.19605714222e-10, 1.3171341795e-10, 5.21084772553e-11, 1.7227350102e-10, 6.87387646803e-11, 1.268325861e-10, 5.84605808207e-10, 2.53710358278e-10, 1.51978429841e-10, 4.03519336001e-11, 2.0056184144e-11, 2.16531827191e-11, 3.05259567623e-11, 8.51696404375e-12, 5.00299400432e-13],
        "skew": [2.17669487, 2.28100299835, 1.397341609, 2.90945243835, 0.216355800629, 0.411860287189, 1.00575172901, 0.825121164322, 1.16020321846, 1.4246442318, 1.32706320286, 1.43748128414, 1.33844983578, 1.42716062069, 2.16472911835, 1.00415694714, 1.75188887119, 0.92293792963, 0.721406042576, 0.710377037525, 0.579056859016, 0.726784229279, 0.372563779354, 0.899897277355, 0.529425799847, 0.62915378809, 0.779504776001],
        "var": [5.44620388875e-18, 4.72398118886e-12, 8.24750545636e-11, 1.29353736056e-10, 4.5940082849e-09, 3.44483574999e-09, 8.37948643806e-09, 4.23945811789e-09, 1.72248988406e-08, 2.94203239548e-08, 7.20697457268e-08, 3.15123749317e-08, 7.79076074764e-08, 3.70334163335e-08, 1.09896937772e-07, 5.74499381401e-08, 4.43757613766e-07, 2.97794429116e-07, 4.13847999425e-07, 3.56509133326e-07, 2.50579379468e-08, 2.24403784443e-09, 1.68866573502e-10, 3.23761822907e-10, 1.15032670889e-10, 7.82299911157e-14, 2.51373198479e-18],
        "cov": [[5.45135143371e-18, 1.93029610431e-16, 1.36060236394e-15, -1.3451585181e-15, 4.50689121168e-15, -2.77437065665e-15, -6.42254685443e-15, -8.70457812817e-15, -7.00910658249e-15, -2.68141510108e-14, -1.08336149229e-14, 2.54930680278e-15, 1.4581545132e-14, 2.17636137248e-14, 1.61787578912e-14, 1.60550453412e-14, 1.73544209873e-14, 1.36971504085e-14, 2.93630476379e-14, -2.32159702975e-14, 1.5295502427e-14, 2.07683351887e-15, 4.34999222837e-16, 1.42122832363e-15, 3.4841419148e-16, 1.49284957829e-17, 1.62542657653e-19], [1.93029610431e-16, 4.72844636709e-12, 8.59389209101e-12, -4.26465850481e-12, -2.03062792276e-11, -2.06430914029e-11, -3.87353413234e-11, 1.6058536445e-11, 1.18135140559e-10, -6.97569866454e-12, -1.67956606956e-10, -6.21678819535e-11, -1.46046591487e-10, 7.25043081129e-11, 1.05159062014e-10, 1.3833954815e-11, 2.64475039091e-11, -6.97923272994e-12, -1.41381656382e-10, -6.19018100667e-11, -3.07043314385e-11, -1.72878454174e-12, -3.7338526368e-12, 3.89928367373e-12, -1.3775054231e-12, -4.63443065662e-15, -1.92675246256e-16], [1.36060236394e-15, 8.59389209101e-12, 8.25530130366e-11, -1.86136418778e-11, 1.81024903401e-10, 4.14625061715e-12, -6.2817223645e-11, 1.29496247059e-10, 4.83837914178e-10, 2.48930959179e-10, -3.3475347494e-10, 8.44109088183e-11, 6.54310355896e-11, 7.79642184146e-10, 1.06995035054e-09, 3.39962363816e-10, 1.60323399001e-09, 8.34124103122e-10, 9.11967001915e-10, 9.25413023989e-10, 2.37585173757e-10, 8.71392680235e-11, 2.09256171418e-11, 6.04206060184e-11, 1.66019073489e-11, 3.9754186271e-13, 2.43349092911e-15], [-1.3451585181e-15, -4.26465850481e-12, -1.86136418778e-11, 1.29475999366e-10, -1.68036765058e-10, 1.48811421519e-10, 1.5841981893e-10, -7.83677775451e-11, -5.4178404818e-11, 9.75573719031e-11, -6.53000986617e-11, -1.39477041028e-10, -2.86962648088e-10, -3.1456492966e-10, -5.12760278681e-10, -2.26249546875e-10, -5.41130140697e-10, -3.32582322793e-10, -3.90873750034e-10, -9.7564900603e-10, -2.31602084733e-10, -8.34718960618e-11, -2.41075215346e-11, -3.80948710077e-11, -2.20904319143e-11, -3.32127229365e-13, -1.702822627e-15], [4.50689121168e-15, -2.03062792276e-11, 1.81024903401e-10, -1.68036765058e-10, 4.59835058919e-09, 1.03164532472e-09, 1.36717093202e-09, 1.3099030749e-09, -1.22298490779e-10, 1.32493949145e-09, 5.99245364441e-09, 3.09935077603e-09, 5.75350433962e-09, 1.18693188611e-09, 1.15689235969e-09, 3.58115381793e-09, 9.73987646091e-09, 9.65256852226e-09, 1.29581554376e-08, 1.33652910961e-08, 3.36169669879e-09, 9.76084213455e-10, 3.21025928063e-10, 3.14347159414e-10, 2.28543392544e-10, 4.56945592475e-12, 2.99993150709e-14], [-2.77437065665e-15, -2.06430914029e-11, 4.14625061715e-12, 1.48811421519e-10, 1.03164532472e-09, 3.44809159003e-09, 3.20244253338e-09, 4.32279101403e-10, -1.51344822091e-11, 1.79658676824e-09, 4.71885419628e-09, 2.07688621856e-09, 5.48518341859e-09, 8.68548788446e-10, 2.09207217522e-11, 2.31061902944e-09, 4.6501669182e-09, 6.51112630479e-09, 1.11496243349e-08, 9.84585302177e-09, 2.56949594934e-09, 6.19384210587e-10, 2.10369902054e-10, 1.48784290444e-10, 1.4257968417e-10, 3.55013696392e-12, 1.91304593423e-14], [-6.42254685443e-15, -3.87353413234e-11, -6.2817223645e-11, 1.5841981893e-10, 1.36717093202e-09, 3.20244253338e-09, 8.38740632503e-09, 1.59106683384e-09, 4.59159210653e-10, 3.20646997842e-09, 7.65008500991e-09, 2.77364797796e-09, 9.74028147027e-09, 1.86766468957e-09, -2.83028911419e-09, 4.86433116009e-09, 1.18065139887e-08, 1.18026610707e-08, 2.1517440274e-08, 2.07867341118e-08, 4.59200988345e-09, 1.23742960323e-09, 3.41729311515e-10, 3.04328950929e-10, 2.83121887046e-10, 6.48411142487e-12, 3.85856270709e-14], [-8.70457812817e-15, 1.6058536445e-11, 1.29496247059e-10, -7.83677775451e-11, 1.3099030749e-09, 4.32279101403e-10, 1.59106683384e-09, 4.24346513483e-09, 2.26513630075e-09, 2.99306512908e-09, 4.90767648742e-09, 3.2707661024e-09, 4.46639214502e-09, 2.40908093474e-09, 1.83732906667e-09, 4.48665016251e-09, 1.47778571602e-08, 1.07797877291e-08, 1.08089714956e-08, 1.55143276004e-08, 3.54528406632e-09, 1.10448361568e-09, 3.26015936469e-10, 4.65960714457e-10, 2.53389143001e-10, 5.32446352633e-12, 3.99938295101e-14], [-7.00910658249e-15, 1.18135140559e-10, 4.83837914178e-10, -5.4178404818e-11, -1.22298490779e-10, -1.51344822091e-11, 4.59159210653e-10, 2.26513630075e-09, 1.7241179151e-08, 1.09851612251e-08, -1.63270552633e-09, 5.29785992853e-10, 1.08926312414e-09, 8.59783266804e-09, 1.42651686019e-08, 7.97288635113e-09, 2.59046526452e-08, 1.5745390769e-08, 1.55649217959e-08, 1.81573387437e-08, 4.97483476636e-09, 1.6848805684e-09, 3.72115172009e-10, 8.76349603995e-10, 4.17898993188e-10, 1.15216248001e-11, 5.66420012022e-14], [-2.68141510108e-14, -6.97569866454e-12, 2.48930959179e-10, 9.75573719031e-11, 1.32493949145e-09, 1.79658676824e-09, 3.20646997842e-09, 2.99306512908e-09, 1.09851612251e-08, 2.94481310448e-08, 1.34812419006e-08, 5.65588820223e-09, 1.40547840033e-08, 9.81346826023e-09, 1.22567644922e-08, 1.06526973909e-08, 3.26628644132e-08, 2.84241306048e-08, 4.24387458509e-08, 3.65576369177e-08, 1.03204351731e-08, 3.0000852913e-09, 7.18789305854e-10, 1.24968702053e-09, 8.0445777817e-10, 1.93390737452e-11, 9.48823403743e-14], [-1.08336149229e-14, -1.67956606956e-10, -3.3475347494e-10, -6.53000986617e-11, 5.99245364441e-09, 4.71885419628e-09, 7.65008500991e-09, 4.90767648742e-09, -1.63270552633e-09, 1.34812419006e-08, 7.21378654589e-08, 1.90573423708e-08, 3.25952491664e-08, -1.11564357752e-09, -5.73747405141e-09, 1.25260930517e-08, 2.89039885359e-08, 2.9809701374e-08, 5.98065525992e-08, 6.30278478297e-08, 1.51469929932e-08, 4.28779722839e-09, 1.30559330014e-09, 9.96808857678e-10, 1.13251730216e-09, 2.60696932791e-11, 1.41100225579e-13], [2.54930680278e-15, -6.21678819535e-11, 8.44109088183e-11, -1.39477041028e-10, 3.09935077603e-09, 2.07688621856e-09, 2.77364797796e-09, 3.2707661024e-09, 5.29785992853e-10, 5.65588820223e-09, 1.90573423708e-08, 3.15421608832e-08, 2.19139195679e-08, 5.68326186112e-09, 1.18458762799e-08, 1.4952206584e-08, 2.79487544219e-08, 2.58383536789e-08, 4.22973229774e-08, 4.27477395704e-08, 1.11346434295e-08, 3.43672157399e-09, 9.90828419312e-10, 1.18034160224e-09, 8.71977434702e-10, 2.01365070451e-11, 1.22698563549e-13], [1.4581545132e-14, -1.46046591487e-10, 6.54310355896e-11, -2.86962648088e-10, 5.75350433962e-09, 5.48518341859e-09, 9.74028147027e-09, 4.46639214502e-09, 1.08926312414e-09, 1.40547840033e-08, 3.25952491664e-08, 2.19139195679e-08, 7.79812481255e-08, 1.48584060611e-08, 7.87637777222e-09, 1.82938855176e-08, 4.18013215153e-08, 3.82229963236e-08, 8.37145535115e-08, 8.19258687557e-08, 1.8339640917e-08, 5.46337952656e-09, 1.61816748889e-09, 1.8505279531e-09, 1.56987156608e-09, 3.42249943663e-11, 1.69533942549e-13], [2.17636137248e-14, 7.25043081129e-11, 7.79642184146e-10, -3.1456492966e-10, 1.18693188611e-09, 8.68548788446e-10, 1.86766468957e-09, 2.40908093474e-09, 8.59783266804e-09, 9.81346826023e-09, -1.11564357752e-09, 5.68326186112e-09, 1.48584060611e-08, 3.70684176687e-08, 3.55814684383e-08, 1.57541872881e-08, 5.56603474422e-08, 3.90133294559e-08, 3.68852646204e-08, 3.51522828623e-08, 1.1369036379e-08, 3.76881148512e-09, 1.01780850414e-09, 2.02870831245e-09, 8.53417003732e-10, 2.45992497205e-11, 1.35615829547e-13], [1.61787578912e-14, 1.05159062014e-10, 1.06995035054e-09, -5.12760278681e-10, 1.15689235969e-09, 2.09207217522e-11, -2.83028911419e-09, 1.83732906667e-09, 1.42651686019e-08, 1.22567644922e-08, -5.73747405141e-09, 1.18458762799e-08, 7.87637777222e-09, 3.55814684383e-08, 1.10000812015e-07, 3.69525032795e-08, 6.67303652335e-08, 6.0531029078e-08, 5.15107139165e-08, 4.70446934742e-08, 1.87724822354e-08, 6.07433525701e-09, 1.66370484056e-09, 2.86210655176e-09, 1.19264886855e-09, 3.64037237854e-11, 1.95338604775e-13], [1.60550453412e-14, 1.3833954815e-11, 3.39962363816e-10, -2.26249546875e-10, 3.58115381793e-09, 2.31061902944e-09, 4.86433116009e-09, 4.48665016251e-09, 7.97288635113e-09, 1.06526973909e-08, 1.25260930517e-08, 1.4952206584e-08, 1.82938855176e-08, 1.57541872881e-08, 3.69525032795e-08, 5.75042378159e-08, 7.1287907133e-08, 5.87614934489e-08, 6.3554310259e-08, 6.69226380978e-08, 1.92663875964e-08, 5.66459146256e-09, 1.44500600374e-09, 2.21886953256e-09, 1.31726018981e-09, 3.03162321635e-11, 1.82679812575e-13], [1.73544209873e-14, 2.64475039091e-11, 1.60323399001e-09, -5.41130140697e-10, 9.73987646091e-09, 4.6501669182e-09, 1.18065139887e-08, 1.47778571602e-08, 2.59046526452e-08, 3.26628644132e-08, 2.89039885359e-08, 2.79487544219e-08, 4.18013215153e-08, 5.56603474422e-08, 6.67303652335e-08, 7.1287907133e-08, 4.44177061354e-07, 2.09223770753e-07, 1.4399444126e-07, 1.86948270198e-07, 4.55932713805e-08, 1.33945121661e-08, 3.7154439525e-09, 6.18407591801e-09, 3.28876526012e-09, 7.79404110696e-11, 4.87793833104e-13], [1.36971504085e-14, -6.97923272994e-12, 8.34124103122e-10, -3.32582322793e-10, 9.65256852226e-09, 6.51112630479e-09, 1.18026610707e-08, 1.07797877291e-08, 1.5745390769e-08, 2.84241306048e-08, 2.9809701374e-08, 2.58383536789e-08, 3.82229963236e-08, 3.90133294559e-08, 6.0531029078e-08, 5.87614934489e-08, 2.09223770753e-07, 2.98075889305e-07, 1.45711595678e-07, 1.43338269254e-07, 4.15579002322e-08, 1.16256657634e-08, 3.17569881503e-09, 4.78392170322e-09, 2.56323051673e-09, 6.6020154621e-11, 4.0433653062e-13], [2.93630476379e-14, -1.41381656382e-10, 9.11967001915e-10, -3.90873750034e-10, 1.29581554376e-08, 1.11496243349e-08, 2.1517440274e-08, 1.08089714956e-08, 1.55649217959e-08, 4.24387458509e-08, 5.98065525992e-08, 4.22973229774e-08, 8.37145535115e-08, 3.68852646204e-08, 5.15107139165e-08, 6.3554310259e-08, 1.4399444126e-07, 1.45711595678e-07, 4.14239167412e-07, 2.037162119e-07, 5.5769405094e-08, 1.69651848125e-08, 4.4624912654e-09, 5.88665249879e-09, 4.0751717556e-09, 9.09973207897e-11, 5.02301108693e-13], [-2.32159702975e-14, -6.19018100667e-11, 9.25413023989e-10, -9.7564900603e-10, 1.33652910961e-08, 9.84585302177e-09, 2.07867341118e-08, 1.55143276004e-08, 1.81573387437e-08, 3.65576369177e-08, 6.30278478297e-08, 4.27477395704e-08, 8.19258687557e-08, 3.51522828623e-08, 4.70446934742e-08, 6.69226380978e-08, 1.86948270198e-07, 1.43338269254e-07, 2.037162119e-07, 3.56846101113e-07, 5.77845327143e-08, 1.59092596874e-08, 4.11046263693e-09, 5.65764946003e-09, 3.77481246261e-09, 8.59526269603e-11, 4.52225686369e-13], [1.5295502427e-14, -3.07043314385e-11, 2.37585173757e-10, -2.31602084733e-10, 3.36169669879e-09, 2.56949594934e-09, 4.59200988345e-09, 3.54528406632e-09, 4.97483476636e-09, 1.03204351731e-08, 1.51469929932e-08, 1.11346434295e-08, 1.8339640917e-08, 1.1369036379e-08, 1.87724822354e-08, 1.92663875964e-08, 4.55932713805e-08, 4.15579002322e-08, 5.5769405094e-08, 5.77845327143e-08, 2.50816221126e-08, 4.8775956607e-09, 1.24851340377e-09, 1.72991110325e-09, 1.09344255872e-09, 2.63912607046e-11, 1.43969160053e-13], [2.07683351887e-15, -1.72878454174e-12, 8.71392680235e-11, -8.34718960618e-11, 9.76084213455e-10, 6.19384210587e-10, 1.23742960323e-09, 1.10448361568e-09, 1.6848805684e-09, 3.0000852913e-09, 4.28779722839e-09, 3.43672157399e-09, 5.46337952656e-09, 3.76881148512e-09, 6.07433525701e-09, 5.66459146256e-09, 1.33945121661e-08, 1.16256657634e-08, 1.69651848125e-08, 1.59092596874e-08, 4.8775956607e-09, 2.2461588145e-09, 4.00190297567e-10, 5.50016421297e-10, 3.49919010434e-10, 8.04139393962e-12, 4.72917840685e-14], [4.34999222837e-16, -3.7338526368e-12, 2.09256171418e-11, -2.41075215346e-11, 3.21025928063e-10, 2.10369902054e-10, 3.41729311515e-10, 3.26015936469e-10, 3.72115172009e-10, 7.18789305854e-10, 1.30559330014e-09, 9.90828419312e-10, 1.61816748889e-09, 1.01780850414e-09, 1.66370484056e-09, 1.44500600374e-09, 3.7154439525e-09, 3.17569881503e-09, 4.4624912654e-09, 4.11046263693e-09, 1.24851340377e-09, 4.00190297567e-10, 1.69026195818e-10, 1.50428100532e-10, 9.33263466507e-11, 2.13744386773e-12, 1.29556382847e-14], [1.42122832363e-15, 3.89928367373e-12, 6.04206060184e-11, -3.80948710077e-11, 3.14347159414e-10, 1.48784290444e-10, 3.04328950929e-10, 4.65960714457e-10, 8.76349603995e-10, 1.24968702053e-09, 9.96808857678e-10, 1.18034160224e-09, 1.8505279531e-09, 2.02870831245e-09, 2.86210655176e-09, 2.21886953256e-09, 6.18407591801e-09, 4.78392170322e-09, 5.88665249879e-09, 5.65764946003e-09, 1.72991110325e-09, 5.50016421297e-10, 1.50428100532e-10, 3.24067828128e-10, 1.31138933046e-10, 3.06126131389e-12, 1.92265145726e-14], [3.4841419148e-16, -1.3775054231e-12, 1.66019073489e-11, -2.20904319143e-11, 2.28543392544e-10, 1.4257968417e-10, 2.83121887046e-10, 2.53389143001e-10, 4.17898993188e-10, 8.0445777817e-10, 1.13251730216e-09, 8.71977434702e-10, 1.56987156608e-09, 8.53417003732e-10, 1.19264886855e-09, 1.31726018981e-09, 3.28876526012e-09, 2.56323051673e-09, 4.0751717556e-09, 3.77481246261e-09, 1.09344255872e-09, 3.49919010434e-10, 9.33263466507e-11, 1.31138933046e-10, 1.15141396417e-10, 1.96881595228e-12, 1.07237107039e-14], [1.49284957829e-17, -4.63443065662e-15, 3.9754186271e-13, -3.32127229365e-13, 4.56945592475e-12, 3.55013696392e-12, 6.48411142487e-12, 5.32446352633e-12, 1.15216248001e-11, 1.93390737452e-11, 2.60696932791e-11, 2.01365070451e-11, 3.42249943663e-11, 2.45992497205e-11, 3.64037237854e-11, 3.03162321635e-11, 7.79404110696e-11, 6.6020154621e-11, 9.09973207897e-11, 8.59526269603e-11, 2.63912607046e-11, 8.04139393962e-12, 2.13744386773e-12, 3.06126131389e-12, 1.96881595228e-12, 7.83039337039e-14, 2.84330775655e-16], [1.62542657653e-19, -1.92675246256e-16, 2.43349092911e-15, -1.702822627e-15, 2.99993150709e-14, 1.91304593423e-14, 3.85856270709e-14, 3.99938295101e-14, 5.66420012022e-14, 9.48823403743e-14, 1.41100225579e-13, 1.22698563549e-13, 1.69533942549e-13, 1.35615829547e-13, 1.95338604775e-13, 1.82679812575e-13, 4.87793833104e-13, 4.0433653062e-13, 5.02301108693e-13, 4.52225686369e-13, 1.43969160053e-13, 4.72917840685e-14, 1.29556382847e-14, 1.92265145726e-14, 1.07237107039e-14, 2.84330775655e-16, 2.5161080611e-18]]
    },
    "mfcc": {
        "kurt": [14.1376342773, 1.06207275391, 13.5079154968, 0.0818645954132, 0.687262058258, 0.889405488968, 0.127933979034, 0.13992190361, -0.337809324265, -0.520425319672, 1.4414896965, 1.16114759445, 0.510291576385],
        "max": [-610.253662109, 87.7272186279, 37.4820899963, 34.6620292664, 12.9998168945, 8.78382110596, 19.3487472534, 11.8324260712, 16.8458709717, 18.0365314484, 19.3530082703, 17.3449726105, 17.1811676025],
        "mean": [-665.364074707, 47.5095748901, -72.1025085449, 12.1670417786, -23.3860111237, -26.2461948395, -2.35424208641, -13.6165599823, -12.0078296661, -13.5515489578, -11.8161888123, -8.16819286346, -6.13491916656],
        "median": [-644.559875488, 46.6942977905, -76.3890151978, 12.1063079834, -24.224193573, -27.2283172607, -2.30615615845, -13.6949729919, -12.7573318481, -15.2147006989, -12.8151655197, -8.46555709839, -6.49852180481],
        "min": [-1138.42004395, 1.14440917969e-05, -104.369186401, -8.59963989258, -50.6540756226, -46.3324699402, -18.665927887, -37.7812995911, -30.8875312805, -34.7040634155, -27.2425346375, -26.7184333801, -23.7660865784],
        "skew": [-3.92138385773, 0.468291610479, 3.62804150581, 0.00441096164286, 0.500008404255, 0.738740563393, 0.0853012502193, 0.110678769648, 0.275038719177, 0.50071233511, 0.965879559517, 0.378608077765, 0.454642474651],
        "var": [8122.203125, 98.8048171997, 425.044677734, 48.6265068054, 88.8339157104, 56.5652046204, 32.0502967834, 40.4706878662, 68.7193984985, 98.2253341675, 48.1540336609, 33.7618980408, 34.7076644897],
        "cov": [[8129.87988281, -461.513458252, -1726.24462891, -39.4753417969, -430.901184082, -325.07913208, -32.1143913269, -192.848022461, -129.154632568, -353.231536865, -358.724029541, -214.195663452, -225.209686279], [-461.513458252, 98.8982086182, 119.572273254, 23.664308548, 36.7339057922, 25.2416267395, 14.5500049591, 28.3648433685, 28.7280826569, 42.0564727783, 33.396812439, 11.4600324631, 9.82786846161], [-1726.24462891, 119.572273254, 425.446411133, 19.1263217926, 107.808448792, 84.5146484375, 16.9060211182, 52.6270103455, 49.440284729, 103.571166992, 90.109336853, 52.0795593262, 47.2900238037], [-39.4753417969, 23.664308548, 19.1263217926, 48.6724700928, 25.2694644928, 8.26828193665, 7.17219209671, 13.450425148, 19.4221897125, 19.1021652222, 11.7913923264, 2.25163125992, -2.70375537872], [-430.901184082, 36.7339057922, 107.808448792, 25.2694644928, 88.9178771973, 48.3035125732, 5.53526115417, 22.9135093689, 36.7267875671, 60.6830940247, 36.0789146423, 14.7714958191, -0.164961606264], [-325.07913208, 25.2416267395, 84.5146484375, 8.26828193665, 48.3035125732, 56.6186676025, 12.5505771637, 10.6955299377, 20.3034267426, 40.7102012634, 25.0489597321, 9.21288871765, 4.70955133438], [-32.1143913269, 14.5500049591, 16.9060211182, 7.17219209671, 5.53526115417, 12.5505771637, 32.0805931091, 11.3706493378, 8.00897407532, 9.54571628571, 6.84572315216, 1.88416051865, 4.07922887802], [-192.848022461, 28.3648433685, 52.6270103455, 13.450425148, 22.9135093689, 10.6955299377, 11.3706493378, 40.5089378357, 31.9135417938, 28.1578483582, 17.1899471283, 5.2687330246, 0.85624063015], [-129.154632568, 28.7280826569, 49.440284729, 19.4221897125, 36.7267875671, 20.3034267426, 8.00897407532, 31.9135417938, 68.7843551636, 59.0224227905, 24.4697227478, 3.80085897446, -7.15840244293], [-353.231536865, 42.0564727783, 103.571166992, 19.1021652222, 60.6830940247, 40.7102012634, 9.54571628571, 28.1578483582, 59.0224227905, 98.3181762695, 45.4977340698, 9.97860050201, -4.56403636932], [-358.724029541, 33.396812439, 90.109336853, 11.7913923264, 36.0789146423, 25.0489597321, 6.84572315216, 17.1899471283, 24.4697227478, 45.4977340698, 48.199546814, 17.6178836823, 6.01863384247], [-214.195663452, 11.4600324631, 52.0795593262, 2.25163125992, 14.7714958191, 9.21288871765, 1.88416051865, 5.2687330246, 3.80085897446, 9.97860050201, 17.6178836823, 33.7938117981, 16.3115520477], [-225.209686279, 9.82786846161, 47.2900238037, -2.70375537872, -0.164961606264, 4.70955133438, 4.07922887802, 0.85624063015, -7.15840244293, -4.56403636932, 6.01863384247, 16.3115520477, 34.7404708862]]
    },
    "sccoeffs": {
        "kurt": [4.18479204178, -0.147692680359, 0.247248888016, 0.995282173157, 3.95834302902, 4.51419401169],
        "max": [-0.448519080877, -0.643544793129, -0.686086595058, -0.700444221497, -0.721653819084, -0.761349141598],
        "mean": [-0.590574026108, -0.795650005341, -0.809709191322, -0.803194761276, -0.794796705246, -0.807708919048],
        "median": [-0.579276025295, -0.79560136795, -0.809146046638, -0.802839815617, -0.791989266872, -0.805911183357],
        "min": [-0.917164862156, -0.93298715353, -0.936066806316, -0.930615901947, -0.942262947559, -0.930539608002],
        "skew": [-1.75009071827, -0.0058053676039, -0.105799466372, -0.509918868542, -1.4552642107, -1.46864569187],
        "var": [0.00536392396316, 0.00205269735307, 0.00146231579129, 0.00114902178757, 0.000793378567323, 0.000379483477445],
        "cov": [[0.00536899408326, 0.00103396910708, 0.00114030274563, 0.00122655986343, 0.00127286824863, 0.000834900245536], [0.00103396910708, 0.00205463753082, 0.000539494678378, 0.000368791545043, 0.00036136424751, 0.000231169135077], [0.00114030274563, 0.000539494678378, 0.0014636979904, 0.000443938508397, 0.000366467691492, 0.00027686150861], [0.00122655986343, 0.000368791545043, 0.000443938508397, 0.00115010782611, 0.000425750593422, 0.000289095885819], [0.00127286824863, 0.00036136424751, 0.000366467691492, 0.000425750593422, 0.000794128456619, 0.000295171863399], [0.000834900245536, 0.000231169135077, 0.00027686150861, 0.000289095885819, 0.000295171863399, 0.000379842153052]]
    },
    "scvalleys": {
        "kurt": [4.95616912842, 12.2129716873, 13.9740009308, 13.7271213531, 14.9805583954, 15.0229549408],
        "max": [-7.76110458374, -5.32593393326, -5.11208343506, -5.2587223053, -5.39815044403, -7.57049179077],
        "mean": [-8.82954788208, -6.45431661606, -6.13397121429, -6.37012767792, -6.22238397598, -8.35566425323],
        "median": [-8.75872993469, -6.30907964706, -5.94302845001, -6.18620681763, -5.98595571518, -8.11324310303],
        "min": [-13.0986404419, -12.2056064606, -13.0226449966, -13.2425785065, -13.1471157074, -14.880188942],
        "skew": [-1.12225091457, -3.25499296188, -3.73348069191, -3.69823908806, -3.97256302834, -3.97823810577],
        "var": [0.247150570154, 0.554486095905, 0.927224636078, 0.954108119011, 1.10803353786, 1.15839958191],
        "cov": [[0.247384175658, 0.157284632325, 0.215651631355, 0.220655396581, 0.230623334646, 0.231363430619], [0.157284632325, 0.555010139942, 0.648334860802, 0.648982822895, 0.7127622962, 0.72212266922], [0.215651631355, 0.648334860802, 0.928101062775, 0.884589076042, 0.969627082348, 0.989530086517], [0.220655396581, 0.648982822895, 0.884589076042, 0.955009937286, 0.995799660683, 1.01983106136], [0.230623334646, 0.7127622962, 0.969627082348, 0.995799660683, 1.10908079147, 1.11810839176], [0.231363430619, 0.72212266922, 0.989530086517, 1.01983106136, 1.11810839176, 1.15949440002]]
    }
},
"rhythm": {
    "beats_loudness": {
        "kurt": 1.79325056076,
        "max": 0.014243317768,
        "mean": 0.00723895430565,
        "median": 0.00687640625983,
        "min": 2.03535887522e-06,
        "skew": -0.176765546203,
        "var": 5.93127197135e-06
    },
    "bpm": 90.3033447266,
    "confidence": 0.677601099014,
    "first_peak_bpm": {
        "kurt": 0,
        "max": 89,
        "mean": 89,
        "median": 89,
        "min": 89,
        "skew": 0,
        "var": 0
    },
    "first_peak_spread": {
        "kurt": 0,
        "max": 0.482758641243,
        "mean": 0.482758641243,
        "median": 0.482758641243,
        "min": 0.482758641243,
        "skew": 0,
        "var": 0
    },
    "first_peak_weight": {
        "kurt": 0,
        "max": 0.428571432829,
        "mean": 0.428571432829,
        "median": 0.428571432829,
        "min": 0.428571432829,
        "skew": 0,
        "var": 0
    },
    "onset_rate": 0.570234179497,
    "second_peak_bpm": {
        "kurt": 0,
        "max": 94,
        "mean": 94,
        "median": 94,
        "min": 94,
        "skew": 0,
        "var": 0
    },
    "second_peak_spread": {
        "kurt": 0,
        "max": 0,
        "mean": 0,
        "median": 0,
        "min": 0,
        "skew": 0,
        "var": 0
    },
    "second_peak_weight": {
        "kurt": 0,
        "max": 0.171428576112,
        "mean": 0.171428576112,
        "median": 0.171428576112,
        "min": 0.171428576112,
        "skew": 0,
        "var": 0
    },
    "beats_loudness_band_ratio": {
        "kurt": [30.1044540405, 14.6764392853, 3.45092868805, -0.737520456314, 1.9648680687, -0.076936006546],
        "max": [0.191083967686, 0.142456203699, 0.229700878263, 0.247131481767, 0.595464706421, 0.477653473616],
        "mean": [0.00982156209648, 0.0383024439216, 0.0812856927514, 0.17116189003, 0.391833692789, 0.325898587704],
        "median": [0.00311416853219, 0.0347271226346, 0.0756435245275, 0.180558875203, 0.39307898283, 0.324675917625],
        "min": [0.00074079161277, 0.0149682201445, 0.0335515253246, 0.0907247290015, 0.093279927969, 0.194393321872],
        "skew": [5.62439966202, 3.42212605476, 1.86793911457, -0.135915368795, -0.540442228317, 0.191541910172],
        "var": [0.000951781636104, 0.000433024310041, 0.00208370969631, 0.00155897461809, 0.00813861284405, 0.00355885713361],
        "cov": [[0.000978975440376, 0.000550572527573, 0.000836192339193, -0.000275243801298, -0.00160127761774, -0.000459766917629], [0.000550572527573, 0.00044539643568, 0.000356715318048, -8.90465671546e-05, -0.00124684127513, -3.73100715478e-06], [0.000836192339193, 0.000356715318048, 0.00214324425906, -0.000220186455408, -0.00216409936547, -0.00077129562851], [-0.000275243801298, -8.90465671546e-05, -0.000220186455408, 0.00160351675004, -0.00096226122696, 7.34519780963e-05], [-0.00160127761774, -0.00124684127513, -0.00216409936547, -0.00096226122696, 0.00837114453316, -0.00257392181084], [-0.000459766917629, -3.73100715478e-06, -0.00077129562851, 7.34519780963e-05, -0.00257392181084, 0.00366053869948]]
    },
    "beats_position": [0.626938760281, 1.26548755169, 1.90403628349, 2.54258489609, 3.25079369545, 3.95900225639, 4.6439909935, 5.32897949219, 6.00235795975, 6.68734693527, 7.36072540283, 8.04571437836, 8.73070240021, 9.41569137573, 10.1122903824, 10.7856683731, 11.4590473175, 12.1556463242, 12.840634346, 13.5140132904, 14.1757822037, 14.8491611481, 15.5225391388, 16.1959171295, 16.8576869965, 17.5078449249, 18.1463947296, 18.784942627, 19.4351024628, 20.0852603912, 20.7354183197, 21.3971881866, 22.0473461151, 22.6975059509, 23.3476638794, 23.9862117767],
    "bpm_estimates": [93.9630661011, 93.9630737305, 93.9630889893, 87.5926818848, 87.5927124023, 89.102935791, 87.5926513672, 89.102935791, 87.5926513672, 87.5927734375, 87.5926513672, 86.1327667236, 89.1030044556, 89.1028747559, 86.1327667236, 87.5927734375, 89.1028747559, 90.6660919189, 89.1028747559, 89.1030044556, 89.1030044556, 90.6659622192, 92.2852706909, 93.9629135132, 93.9631958008, 92.2849960327, 92.2852706909, 92.2852706909, 90.6659622192, 92.2852706909, 92.2849960327, 92.2852706909, 93.9631958008],
    "bpm_intervals": [0.638548791409, 0.638548731804, 0.638548612595, 0.708208799362, 0.708208560944, 0.684988737106, 0.684988498688, 0.67337846756, 0.684988975525, 0.67337846756, 0.684988975525, 0.684988021851, 0.684988975525, 0.696599006653, 0.673377990723, 0.673378944397, 0.696599006653, 0.684988021851, 0.673378944397, 0.661768913269, 0.673378944397, 0.673377990723, 0.673377990723, 0.661769866943, 0.650157928467, 0.638549804688, 0.638547897339, 0.650159835815, 0.650157928467, 0.650157928467, 0.661769866943, 0.650157928467, 0.650159835815, 0.650157928467, 0.638547897339],
    "onset_times": [0.220589563251, 1.09133791924, 2.75156474113, 8.54494285583, 9.12544250488, 10.4838094711, 12.2020864487, 12.3530158997, 13.4907932281, 14.1525621414, 20.8979587555, 23.4869842529, 23.8468933105, 24.2300224304],
    "histogram": [[0, 0, 0, 0, 0, 0, 0, 0, 0, 0, 0, 0, 0, 0, 0, 0, 0, 0, 0, 0, 0, 0, 0, 0, 0, 0, 0, 0, 0, 0, 0, 0, 0, 0, 0, 0, 0, 0, 0, 0, 0, 0, 0, 0, 0, 0, 0, 0, 0, 0, 0, 0, 0, 0, 0, 0, 0, 0, 0, 0, 0, 0, 0, 0, 0, 0, 0, 0, 0, 0, 0, 0, 0, 0, 0, 0, 0, 0, 0, 0, 0, 0, 0, 0, 0, 0.0571428574622, 0.0571428574622, 0, 0.20000000298, 0.228571429849, 0, 0.0857142880559, 0.20000000298, 0, 0.171428576112, 0, 0, 0, 0, 0, 0, 0, 0, 0, 0, 0, 0, 0, 0, 0, 0, 0, 0, 0, 0, 0, 0, 0, 0, 0, 0, 0, 0, 0, 0, 0, 0, 0, 0, 0, 0, 0, 0, 0, 0, 0, 0, 0, 0, 0, 0, 0, 0, 0, 0, 0, 0, 0, 0, 0, 0, 0, 0, 0, 0, 0, 0, 0, 0, 0, 0, 0, 0, 0, 0, 0, 0, 0, 0, 0, 0, 0, 0, 0, 0, 0, 0, 0, 0, 0, 0, 0, 0, 0, 0, 0, 0, 0, 0, 0, 0, 0, 0, 0, 0, 0, 0, 0, 0, 0, 0, 0, 0, 0, 0, 0, 0, 0, 0, 0, 0, 0, 0, 0, 0, 0, 0, 0, 0, 0, 0, 0, 0, 0, 0, 0, 0, 0, 0, 0, 0, 0, 0, 0, 0, 0, 0, 0, 0, 0, 0, 0, 0, 0, 0, 0, 0, 0, 0, 0]]
},
"sfx": {
    "inharmonicity": {
        "kurt": 2.49794197083,
        "max": 0.381334245205,
        "mean": 0.0494585856795,
        "median": 0,
        "min": 0,
        "skew": 1.87422251701,
        "var": 0.00750038260594
    },
    "oddtoevenharmonicenergyratio": {
        "kurt": 20.4622821808,
        "max": 9.65561294556,
        "mean": 0.531117916107,
        "median": 0,
        "min": 0,
        "skew": 3.71998739243,
        "var": 1.09170901775
    },
    "pitch_after_max_to_before_max_energy_ratio": 0.0962852314115,
    "pitch_centroid": 482.221221924,
    "pitch_max_to_total": 0.897072732449,
    "pitch_min_to_total": 0.844192624092,
    "tristimulus": {
        "kurt": [-1.64518642426, 0.300865650177, 0.830704689026],
        "max": [1, 0.945025861263, 0.988241314888],
        "mean": [0.658560872078, 0.180045634508, 0.161393135786],
        "median": [1, 0, 0],
        "min": [0, 0, 0],
        "skew": [-0.508066773415, 1.34163022041, 1.56830227375],
        "var": [0.182009130716, 0.0783794149756, 0.0861167386174],
        "cov": [[0.182181164622, -0.0872187018394, -0.0949638783932], [-0.0872187018394, 0.0784534960985, 0.00876548327506], [-0.0949638783932, 0.00876548327506, 0.0861981362104]]
    }
},
"tonal": {
    "chords_changes_rate": 0.0830188691616,
    "chords_number_rate": 0.0188679248095,
    "chords_strength": {
        "kurt": -0.604468584061,
        "max": 0.758141815662,
        "mean": 0.559564054012,
        "median": 0.563442289829,
        "min": 0.335414022207,
        "skew": -0.275096058846,
        "var": 0.00979435723275
    },
    "key_strength": 0.520944833755,
    "tuning_diatonic_strength": 0.446536064148,
    "tuning_equal_tempered_deviation": 0.269347727299,
    "tuning_frequency": 441.782684326,
    "tuning_nontempered_energy_ratio": 0.911160230637,
    "hpcp": {
