{
"metadata": {
    "version": {
        "essentia": "2.1-beta3"
    }
},
"lowLevel": {
    "average_loudness": 0.99068403244,
    "barkbands_kurtosis": {
        "kurt": -1.03925824165,
        "max": 13.2501544952,
        "mean": 4.23693656921,
        "median": 4.03510665894,
        "min": -1.21779346466,
        "skew": 0.528453946114,
        "var": 18.7811412811
    },
    "barkbands_skewness": {
        "kurt": 0.124689817429,
        "max": 2.18300843239,
        "mean": -1.07154893875,
        "median": -1.37125110626,
        "min": -2.90357041359,
        "skew": 1.08739292622,
        "var": 1.65956890583
    },
    "barkbands_spread": {
        "kurt": -0.500901222229,
        "max": 33.6660003662,
        "mean": 12.7105884552,
        "median": 7.89874505997,
        "min": 3.80551743507,
        "skew": 0.861661493778,
        "var": 79.9222412109
    },
    "dissonance": {
        "kurt": 23.8876686096,
        "max": 0.499990552664,
        "mean": 0.485514998436,
        "median": 0.496119946241,
        "min": 0.308110266924,
        "skew": -4.56426525116,
        "var": 0.000870741496328
    },
    "hfc": {
        "kurt": -1.39002728462,
        "max": 378.205078125,
        "mean": 133.964599609,
        "median": 147.373641968,
        "min": 5.5689392866e-06,
        "skew": 0.291082531214,
        "var": 17056.9179688
    },
    "pitch": {
        "kurt": -1.8181566,
        "max": 4591.69775391,
        "mean": 2330.43359375,
        "median": 2837.50317383,
        "min": 132.427001953,
        "skew": -0.12696698308,
        "var": 3018394.75
    },
    "pitch_instantaneous_confidence": {
        "kurt": -0.750244140625,
        "max": 0.554934203625,
        "mean": 0.327487409115,
        "median": 0.330037593842,
        "min": 0.121900081635,
        "skew": 0.162451207638,
        "var": 0.0127434059978
    },
    "pitch_salience": {
        "kurt": 5.0616569519,
        "max": 0.922069191933,
        "mean": 0.754693865776,
        "median": 0.764467895031,
        "min": 0.534761190414,
        "skew": -0.811880767345,
        "var": 0.0029087595176
    },
    "silence_rate_20dB": {
        "kurt": 0,
        "max": 1,
        "mean": 1,
        "median": 1,
        "min": 1,
        "skew": 0,
        "var": 0
    },
    "silence_rate_30dB": {
        "kurt": 0,
        "max": 1,
        "mean": 1,
        "median": 1,
        "min": 1,
        "skew": 0,
        "var": 0
    },
    "silence_rate_60dB": {
        "kurt": -1.78771793842,
        "max": 1,
        "mean": 0.387755095959,
        "median": 0,
        "min": 0,
        "skew": 0.460739731789,
        "var": 0.237400963902
    },
    "spectral_centroid": {
        "kurt": -0.138298988342,
        "max": 4048.69262695,
        "mean": 2996.05444336,
        "median": 3452.39355469,
        "min": 595.877807617,
        "skew": -1.10695743561,
        "var": 1160684.25
    },
    "spectral_complexity": {
        "kurt": -1.77455246449,
        "max": 60,
        "mean": 28.4897956848,
        "median": 44,
        "min": 0,
        "skew": -0.321368515491,
        "var": 535.515075684
    },
    "spectral_crest": {
        "kurt": 1.83108329773,
        "max": 13.8720283508,
        "mean": 7.03041553497,
        "median": 7.02374172211,
        "min": 2.8698515892,
        "skew": 1.05592918396,
        "var": 4.36451435089
    },
    "spectral_decrease": {
        "kurt": -1.19055497646,
        "max": -1.63222433667e-15,
        "mean": -6.28361229715e-09,
        "median": -7.32910399037e-09,
        "min": -1.95542160242e-08,
        "skew": -0.353464275599,
        "var": 3.71238493478e-17
    },
    "spectral_energy": {
        "kurt": -1.27588665485,
        "max": 0.107448928058,
        "mean": 0.0358667820692,
        "median": 0.0418957099319,
        "min": 6.66552502082e-09,
        "skew": 0.323825657368,
        "var": 0.00120964553207
    },
    "spectral_energyband_high": {
        "kurt": -1.26427519321,
        "max": 0.0483096763492,
        "mean": 0.0151323145255,
        "median": 0.0145413316786,
        "min": 3.01106972689e-10,
        "skew": 0.393488943577,
        "var": 0.000231917700148
    },
    "spectral_energyband_low": {
        "kurt": 6.62823677063,
        "max": 1.14533679607e-06,
        "mean": 1.71463895526e-07,
        "median": 9.52144034727e-08,
        "min": 1.00581631912e-09,
        "skew": 2.42814040184,
        "var": 4.78113642427e-14
    },
    "spectral_energyband_middle_high": {
        "kurt": -0.733013629913,
        "max": 0.0703400447965,
        "mean": 0.0202689711004,
        "median": 0.0222606454045,
        "min": 1.00922836754e-09,
        "skew": 0.55651640892,
        "var": 0.000410692417063
    },
    "spectral_energyband_middle_low": {
        "kurt": 14.918636322,
        "max": 0.00559819070622,
        "mean": 0.000560747517738,
        "median": 0.000351254711859,
        "min": 4.43735936884e-09,
        "skew": 3.83423161507,
        "var": 1.07338257749e-06
    },
    "spectral_flatness_db": {
        "kurt": -1.13877487183,
        "max": 0.295033156872,
        "mean": 0.208695054054,
        "median": 0.243457823992,
        "min": 0.0571488589048,
        "skew": -0.613543570042,
        "var": 0.00503103900701
    },
    "spectral_flux": {
        "kurt": -1.62515938282,
        "max": 0.238566443324,
        "mean": 0.10189344734,
        "median": 0.138972625136,
        "min": 0.000204284267966,
        "skew": -0.154797568917,
        "var": 0.00656968913972
    },
    "spectral_kurtosis": {
        "kurt": 3.84652996063,
        "max": 6.90991973877,
        "mean": 4.03537559509,
        "median": 3.94294404984,
        "min": 1.40443468094,
        "skew": 0.524776816368,
        "var": 0.649854838848
    },
    "spectral_rms": {
        "kurt": -1.72033751011,
        "max": 0.0102385655046,
        "mean": 0.00454402389005,
        "median": 0.00639326684177,
        "min": 2.55008853856e-06,
        "skew": -0.0920343920588,
        "var": 1.43438319355e-05
    },
    "spectral_rolloff": {
        "kurt": 1.8170671463,
        "max": 5555.56640625,
        "mean": 4173.48681641,
        "median": 4608.10546875,
        "min": 559.86328125,
        "skew": -1.73921656609,
        "var": 1513933.75
    },
    "spectral_skewness": {
        "kurt": 0.726311922073,
        "max": 2.25032925606,
        "mean": 1.41144168377,
        "median": 1.34528911114,
        "min": 1.01814234257,
        "skew": 1.07042920589,
        "var": 0.0710942447186
    },
    "spectral_spread": {
        "kurt": 22.4076099396,
        "max": 21736500,
        "mean": 5211340.5,
        "median": 4234461.5,
        "min": 3600208.75,
        "skew": 4.39593982697,
        "var": 7.7925318656e+12
    },
    "spectral_strongpeak": {
        "kurt": -0.000450849533081,
        "max": 18.3196678162,
        "mean": 4.46173620224,
        "median": 2.63475203514,
        "min": 0,
        "skew": 0.981871724129,
        "var": 25.391254425
    },
    "zerocrossingrate": {
        "kurt": 0.195318698883,
        "max": 0.18798828125,
        "mean": 0.145497843623,
        "median": 0.16064453125,
        "min": 0.02197265625,
        "skew": -1.16817557812,
        "var": 0.00196735723875
    },
    "barkbands": {
        "kurt": [5.43637180328, 14.0852413177, 7.45288276672, 20.1058673859, 1.03098297119, 20.4583034515, 8.33107471466, 22.7017803192, 37.3873786926, 2.95441246033, 33.6851921082, 4.72823858261, 2.16232347488, 12.9899339676, 11.6877298355, 4.55916261673, 7.19986343384, 4.58649587631, -0.333789110184, -1.38010549545, -0.239481925964, -1.54898226261, 1.82850599289, -1.48551344872, -1.39203608036, -1.43649327755, -1.51120865345],
        "max": [2.96910585007e-09, 9.40900903856e-08, 5.20954927197e-07, 2.88144292426e-06, 0.000428078434197, 9.62092599366e-05, 0.000847388699185, 0.00414816150442, 0.00234544463456, 0.000245638366323, 0.00266976002604, 0.00297028711066, 0.0011725043878, 0.0033074025996, 0.00538933090866, 0.00854687578976, 0.0128682106733, 0.0445963181555, 0.0196606013924, 0.0175204128027, 0.033590503037, 0.00811857637018, 0.00154450268019, 0.000181643248652, 7.50215622247e-05, 5.04646095578e-06, 4.18645846878e-08],
        "mean": [4.15626449923e-10, 1.41190517056e-08, 6.88072248067e-08, 2.61056129602e-07, 7.55425571697e-05, 9.28916051635e-06, 0.000101218334748, 0.000244668568484, 0.000111210181785, 4.19869502366e-05, 0.00014794607705, 0.000476915884065, 0.000218821005546, 0.000352240080247, 0.000551952864043, 0.0013431138359, 0.00186006340664, 0.00660640140995, 0.00560329901055, 0.00624746829271, 0.00873516034335, 0.00275296880864, 0.0002983364393, 6.03343214607e-05, 2.58104028035e-05, 1.70966222868e-06, 1.46409844248e-08],
        "median": [1.46509679388e-10, 1.14622853431e-08, 2.58565417965e-08, 1.38477787459e-07, 4.03601552534e-06, 5.9593385231e-06, 4.32364977314e-05, 3.9261085476e-05, 4.16136354033e-05, 2.09510562854e-05, 5.54732687306e-05, 0.000334700423991, 0.000138399467687, 0.000192678387975, 0.000242964408244, 0.000827404670417, 0.00110130477697, 0.00365573377348, 0.0052550798282, 0.00668680202216, 0.00589608913288, 0.00238071102649, 0.000244625902269, 5.76552447455e-05, 2.42703026743e-05, 1.50772598317e-06, 1.24786732059e-08],
        "min": [1.48148106196e-12, 3.88391541151e-10, 2.95655500082e-10, 2.65412525291e-10, 1.35176192462e-09, 7.5831996238e-10, 8.63646487659e-10, 5.75602288055e-10, 4.1341280399e-10, 1.66178446004e-10, 9.47392442274e-11, 9.00199081943e-11, 1.19293797063e-10, 5.73548361582e-11, 9.86635287359e-11, 6.03399066823e-11, 1.06357880836e-10, 7.96646776324e-11, 8.6524849785e-11, 1.38635367075e-10, 1.15746107143e-10, 7.20508375185e-11, 1.86844376776e-11, 1.22907257288e-11, 1.63168194234e-11, 6.76079418144e-12, 6.61752824847e-13],
        "skew": [2.28877735138, 3.22765088081, 2.66115689278, 4.08876609802, 1.45899987221, 4.08746004105, 2.70105099678, 4.7482213974, 6.07530593872, 1.83738267422, 5.67310857773, 2.06388711929, 1.50266861916, 3.39420390129, 3.30875587463, 2.17885184288, 2.2095451355, 1.94651329517, 0.833720803261, 0.303958207369, 0.880663096905, 0.260269075632, 1.39786028862, 0.304891169071, 0.381699025631, 0.38026741147, 0.297961503267],
        "var": [3.80206847718e-19, 2.24760166084e-16, 1.04111496171e-14, 2.05441607194e-13, 1.30064572446e-08, 2.24370674817e-10, 2.60950336894e-08, 4.54440453268e-07, 1.12291395737e-07, 3.22399174024e-09, 1.50240353491e-07, 3.83183817121e-07, 6.9095165145e-08, 3.42225632721e-07, 9.89864361145e-07, 3.59619070878e-06, 5.63132562093e-06, 8.10177298263e-05, 3.68773580703e-05, 3.64978332072e-05, 9.63729908108e-05, 7.4958679761e-06, 1.26506876086e-07, 3.62511531904e-09, 6.80957623622e-10, 3.09174994634e-12, 2.13758994809e-16],
        "cov": [[3.88127825866e-19, 1.81736316187e-18, 1.49793343034e-17, 5.10098891094e-17, 1.28673274767e-14, 4.9236325864e-16, 7.73116447706e-15, -2.21581125437e-14, 1.15130615545e-14, 5.1573206121e-15, 6.27382464014e-14, 1.2886381144e-13, 1.94775378687e-14, 9.75797608406e-14, 1.13602574884e-13, 3.2323403394e-13, 8.18397053685e-13, 1.26856717405e-12, 2.17045435444e-12, 1.58607339502e-12, 1.92889324305e-12, 1.04049483873e-12, 8.58479208402e-14, 1.88972948888e-14, 7.58837335687e-15, 5.56396196596e-16, 4.26557479072e-18], [1.81736316187e-18, 2.29442670096e-16, 5.52929820138e-16, -2.32761027546e-16, 2.59591257995e-13, 3.40705281099e-14, -3.39122888029e-14, 1.73621490449e-12, 5.4083229865e-13, 3.89533159418e-13, 4.4364512064e-12, 2.82070482423e-12, 1.47296150971e-12, 5.49592142629e-12, 6.67073904795e-12, 9.10104283602e-12, 2.27895272098e-11, 2.45548980454e-11, 3.23077085918e-11, 3.1903635983e-11, 4.09703798665e-11, 8.74986281346e-12, 8.47899495841e-13, 2.26108831636e-13, 5.41984026289e-14, 4.95885274575e-15, 6.25216789762e-17], [1.49793343034e-17, 5.52929820138e-16, 1.06280484969e-14, 1.10599429734e-14, 1.04239994457e-13, 3.84809290552e-13, 3.35588349644e-12, 3.37686510699e-11, 8.45308718855e-12, 2.00772558301e-12, 1.36157083871e-11, 2.41449273769e-11, 1.01744333444e-11, 2.10168896175e-11, 4.86019176293e-11, 8.83223841286e-11, 6.51698486842e-11, 5.88713869321e-11, 2.0756048269e-10, 2.78416539823e-10, 2.90786505985e-10, 6.82353271109e-11, 4.52005577065e-12, 1.60841565761e-12, 5.5293427172e-13, 3.6868362638e-14, 4.14831527182e-16], [5.10098891094e-17, -2.32761027546e-16, 1.10599429734e-14, 2.09721630795e-13, 1.91617750313e-12, 1.2822269288e-12, 1.83397325104e-11, 6.21158471881e-11, 4.00134335388e-11, 1.46253564814e-11, 1.43160240607e-11, 9.35891295017e-11, 4.23068802213e-11, 8.0025465421e-11, 1.59943822076e-10, 2.76330264226e-10, 1.76530831619e-10, 6.39891639675e-10, 7.0718814138e-10, 9.76901670668e-10, 5.37122624156e-10, 5.00385011204e-10, 2.41895340564e-11, 7.53633440376e-12, 2.99581540131e-12, 1.71010612355e-13, 1.54598304187e-15], [1.28673274767e-14, 2.59591257995e-13, 1.04239994457e-13, 1.91617750313e-12, 1.32774253814e-08, 1.23453094969e-10, 1.05641662085e-09, -3.98901933707e-09, -2.78799894282e-09, 2.11829798147e-09, 2.01270489164e-09, 1.35633460019e-09, 1.43025014054e-08, 1.62083111377e-08, -3.11958764376e-10, 2.16153006605e-09, 1.14218750014e-07, 9.62082708611e-07, 5.04243416799e-07, 4.46553940492e-07, 7.25337315544e-07, 2.12658292753e-07, 3.15001393858e-08, 5.49010614748e-09, 2.30624475073e-09, 1.57839810666e-10, 1.31471385428e-12], [4.9236325864e-16, 3.40705281099e-14, 3.84809290552e-13, 1.2822269288e-12, 1.23453094969e-10, 2.29045060696e-10, 1.46303136273e-09, 3.43890182997e-09, 1.14552978214e-09, 4.13026168822e-10, 1.59308966019e-09, 4.00909483389e-09, 1.28159216572e-09, 4.22746504469e-09, 6.06560845995e-09, 1.14442224586e-08, 6.77101796853e-09, 2.06915142797e-08, 1.80780670433e-08, 2.26503065193e-08, 2.09821120478e-08, 5.73599612252e-09, 6.84250711647e-10, 1.3288226075e-10, 3.81830574103e-11, 3.02503768562e-12, 3.02771046082e-14], [7.73116447706e-15, -3.39122888029e-14, 3.35588349644e-12, 1.83397325104e-11, 1.05641662085e-09, 1.46303136273e-09, 2.66386805947e-08, 4.46891057493e-08, 2.83888414998e-08, 3.19264414905e-09, 5.48866685435e-09, 6.02514873549e-08, 1.62877302756e-08, 3.56869236384e-08, 7.06835905362e-08, 1.21057368574e-07, 6.95089568126e-08, 1.61518514119e-07, 1.62198702469e-07, 3.22747013115e-07, 1.71974292584e-07, 1.14293406739e-07, 5.6703313156e-09, 2.40407960206e-09, 1.01018560184e-09, 5.85907433681e-11, 4.22820117677e-13], [-2.21581125437e-14, 1.73621490449e-12, 3.37686510699e-11, 6.21158471881e-11, -3.98901933707e-09, 3.43890182997e-09, 4.46891057493e-08, 4.63907980475e-07, 1.52814124021e-07, 1.12453983903e-08, 3.41789636593e-08, 2.44562329499e-07, 7.19235302427e-08, 1.51294557327e-07, 4.40238892452e-07, 4.99422583289e-07, 1.62018409355e-07, 4.17862423774e-07, 2.84040964971e-07, 1.1928988215e-06, 5.61338993066e-07, 1.54759945303e-07, 1.64830726845e-08, 4.65060256971e-09, 1.03288233522e-09, 3.81879181055e-11, 6.18299953337e-13], [1.15130615545e-14, 5.4083229865e-13, 8.45308718855e-12, 4.00134335388e-11, -2.78799894282e-09, 1.14552978214e-09, 2.83888414998e-08, 1.52814124021e-07, 1.14630800852e-07, 8.80977424345e-09, 2.14268780496e-08, 1.4968217954e-07, 5.25477936719e-08, 1.14109354854e-07, 2.73375320603e-07, 3.22472061498e-07, 1.91139747585e-07, -2.74245675058e-08, 2.78178106328e-07, 5.20397350101e-07, 3.56573309546e-07, 1.4695145012e-07, 8.01527733074e-09, 3.30061400433e-09, 9.4312968546e-10, 5.39302734415e-11, 6.06866553537e-13], [5.1573206121e-15, 3.89533159418e-13, 2.00772558301e-12, 1.46253564814e-11, 2.11829798147e-09, 4.13026168822e-10, 3.19264414905e-09, 1.12453983903e-08, 8.80977424345e-09, 3.29115823483e-09, 1.27991732768e-08, 1.79766050934e-08, 1.18252865278e-08, 2.85810255463e-08, 4.36291607286e-08, 7.11217964522e-08, 7.91378980125e-08, 1.87345719382e-07, 2.12306815683e-07, 1.95164304273e-07, 2.33606840538e-07, 7.75540698328e-08, 1.01975174971e-08, 1.55336332686e-09, 5.42687284e-10, 4.14613378352e-11, 4.04717302423e-13], [6.27382464014e-14, 4.4364512064e-12, 1.36157083871e-11, 1.43160240607e-11, 2.01270489164e-09, 1.59308966019e-09, 5.48866685435e-09, 3.41789636593e-08, 2.14268780496e-08, 1.27991732768e-08, 1.53370365297e-07, 8.11502047782e-08, 5.36443138799e-08, 1.80563986873e-07, 2.33887988088e-07, 4.58648145241e-07, 6.78053027059e-07, 3.46668258544e-07, 9.45974250044e-07, 9.45388819673e-07, 1.48877268202e-06, 3.04061444467e-07, 2.92822353032e-08, 5.92924243037e-09, 1.38778011305e-09, 1.40374545321e-10, 1.81950526694e-12], [1.2886381144e-13, 2.82070482423e-12, 2.41449273769e-11, 9.35891295017e-11, 1.35633460019e-09, 4.00909483389e-09, 6.02514873549e-08, 2.44562329499e-07, 1.4968217954e-07, 1.79766050934e-08, 8.11502047782e-08, 3.91166821601e-07, 9.35276389669e-08, 2.23406857458e-07, 4.60276766034e-07, 7.35844139399e-07, 9.06713239601e-07, 8.74447039223e-07, 1.39253882026e-06, 1.97373060473e-06, 2.18464469981e-06, 7.31312240987e-07, 5.06447150883e-08, 1.52619108462e-08, 6.70922917223e-09, 3.46548983954e-10, 3.22460981528e-12], [1.94775378687e-14, 1.47296150971e-12, 1.01744333444e-11, 4.23068802213e-11, 1.43025014054e-08, 1.28159216572e-09, 1.62877302756e-08, 7.19235302427e-08, 5.25477936719e-08, 1.18252865278e-08, 5.36443138799e-08, 9.35276389669e-08, 7.05346465679e-08, 1.20055545949e-07, 1.92989816128e-07, 3.29924120024e-07, 3.84409531762e-07, 1.13720466288e-06, 1.03907655102e-06, 1.0957107861e-06, 1.7831993091e-06, 4.31732047446e-07, 5.38093019031e-08, 9.94110482821e-09, 3.85527387792e-09, 2.55626519952e-10, 2.52031750504e-12], [9.75797608406e-14, 5.49592142629e-12, 2.10168896175e-11, 8.0025465421e-11, 1.62083111377e-08, 4.22746504469e-09, 3.56869236384e-08, 1.51294557327e-07, 1.14109354854e-07, 2.85810255463e-08, 1.80563986873e-07, 2.23406857458e-07, 1.20055545949e-07, 3.49355332219e-07, 5.0642830729e-07, 7.53085657834e-07, 1.01017042198e-06, 1.42501914979e-06, 2.02321575671e-06, 1.97085842046e-06, 2.21689856517e-06, 7.5433223401e-07, 8.05296949125e-08, 1.56040620425e-08, 4.95248775323e-09, 3.56655843747e-10, 3.79180714605e-12], [1.13602574884e-13, 6.67073904795e-12, 4.86019176293e-11, 1.59943822076e-10, -3.11958764376e-10, 6.06560845995e-09, 7.06835905362e-08, 4.40238892452e-07, 2.73375320603e-07, 4.36291607286e-08, 2.33887988088e-07, 4.60276766034e-07, 1.92989816128e-07, 5.0642830729e-07, 1.01048658507e-06, 1.56801331741e-06, 1.30521584651e-06, 1.0291731769e-06, 2.34440767599e-06, 2.76507580566e-06, 3.24130337503e-06, 9.2095092441e-07, 1.00822383331e-07, 1.69792073734e-08, 5.32908162043e-09, 3.41048855823e-10, 4.49195151561e-12], [3.2323403394e-13, 9.10104283602e-12, 8.83223841286e-11, 2.76330264226e-10, 2.16153006605e-09, 1.14442224586e-08, 1.21057368574e-07, 4.99422583289e-07, 3.22472061498e-07, 7.11217964522e-08, 4.58648145241e-07, 7.35844139399e-07, 3.29924120024e-07, 7.53085657834e-07, 1.56801331741e-06, 3.6711114717e-06, 2.61438162852e-06, 2.81200482277e-06, 4.97573546454e-06, 6.13154952589e-06, 1.07630403363e-05, 2.43138333644e-06, 2.98789643693e-07, 4.01669844052e-08, 1.55706079141e-08, 1.03913311289e-09, 1.17037282643e-11], [8.18397053685e-13, 2.27895272098e-11, 6.51698486842e-11, 1.76530831619e-10, 1.14218750014e-07, 6.77101796853e-09, 6.95089568126e-08, 1.62018409355e-07, 1.91139747585e-07, 7.91378980125e-08, 6.78053027059e-07, 9.06713239601e-07, 3.84409531762e-07, 1.01017042198e-06, 1.30521584651e-06, 2.61438162852e-06, 5.74864498049e-06, 1.02010417322e-05, 1.02158128357e-05, 1.01314171843e-05, 1.58052571351e-05, 4.64890445073e-06, 4.57205004523e-07, 1.01334507008e-07, 4.13044283221e-08, 2.81167467087e-09, 2.56842828256e-11], [1.26856717405e-12, 2.45548980454e-11, 5.88713869321e-11, 6.39891639675e-10, 9.62082708611e-07, 2.06915142797e-08, 1.61518514119e-07, 4.17862423774e-07, -2.74245675058e-08, 1.87345719382e-07, 3.46668258544e-07, 8.74447039223e-07, 1.13720466288e-06, 1.42501914979e-06, 1.0291731769e-06, 2.81200482277e-06, 1.02010417322e-05, 8.27055991977e-05, 3.96955110773e-05, 3.67573702533e-05, 6.18307240075e-05, 1.6958651031e-05, 2.53899065683e-06, 4.37812474274e-07, 1.78540048523e-07, 1.24481926989e-08, 1.03353520187e-10], [2.17045435444e-12, 3.23077085918e-11, 2.0756048269e-10, 7.0718814138e-10, 5.04243416799e-07, 1.80780670433e-08, 1.62198702469e-07, 2.84040964971e-07, 2.78178106328e-07, 2.12306815683e-07, 9.45974250044e-07, 1.39253882026e-06, 1.03907655102e-06, 2.02321575671e-06, 2.34440767599e-06, 4.97573546454e-06, 1.02158128357e-05, 3.96955110773e-05, 3.76456373488e-05, 2.95974696201e-05, 4.52799868071e-05, 1.40277652463e-05, 1.77241361143e-06, 3.17548256135e-07, 1.27053041865e-07, 9.18374887249e-09, 7.53591980485e-11], [1.58607339502e-12, 3.1903635983e-11, 2.78416539823e-10, 9.76901670668e-10, 4.46553940492e-07, 2.26503065193e-08, 3.22747013115e-07, 1.1928988215e-06, 5.20397350101e-07, 1.95164304273e-07, 9.45388819673e-07, 1.97373060473e-06, 1.0957107861e-06, 1.97085842046e-06, 2.76507580566e-06, 6.13154952589e-06, 1.01314171843e-05, 3.67573702533e-05, 2.95974696201e-05, 3.72582035197e-05, 4.80137496197e-05, 1.47082037074e-05, 1.57326337558e-06, 3.30728397557e-07, 1.3755170869e-07, 9.06754404895e-09, 7.98154042858e-11], [1.92889324305e-12, 4.09703798665e-11, 2.90786505985e-10, 5.37122624156e-10, 7.25337315544e-07, 2.09821120478e-08, 1.71974292584e-07, 5.61338993066e-07, 3.56573309546e-07, 2.33606840538e-07, 1.48877268202e-06, 2.18464469981e-06, 1.7831993091e-06, 2.21689856517e-06, 3.24130337503e-06, 1.07630403363e-05, 1.58052571351e-05, 6.18307240075e-05, 4.52799868071e-05, 4.80137496197e-05, 9.83807622106e-05, 2.06879176403e-05, 2.49624986282e-06, 4.80595133467e-07, 2.00894703539e-07, 1.39775098162e-08, 1.2431999874e-10], [1.04049483873e-12, 8.74986281346e-12, 6.82353271109e-11, 5.00385011204e-10, 2.12658292753e-07, 5.73599612252e-09, 1.14293406739e-07, 1.54759945303e-07, 1.4695145012e-07, 7.75540698328e-08, 3.04061444467e-07, 7.31312240987e-07, 4.31732047446e-07, 7.5433223401e-07, 9.2095092441e-07, 2.43138333644e-06, 4.64890445073e-06, 1.6958651031e-05, 1.40277652463e-05, 1.47082037074e-05, 2.06879176403e-05, 7.65203185438e-06, 7.69925748045e-07, 1.58785084636e-07, 6.61697683313e-08, 4.45612702293e-09, 3.71652535136e-11], [8.58479208402e-14, 8.47899495841e-13, 4.52005577065e-12, 2.41895340564e-11, 3.15001393858e-08, 6.84250711647e-10, 5.6703313156e-09, 1.64830726845e-08, 8.01527733074e-09, 1.01975174971e-08, 2.92822353032e-08, 5.06447150883e-08, 5.38093019031e-08, 8.05296949125e-08, 1.00822383331e-07, 2.98789643693e-07, 4.57205004523e-07, 2.53899065683e-06, 1.77241361143e-06, 1.57326337558e-06, 2.49624986282e-06, 7.69925748045e-07, 1.29142435412e-07, 1.68936047373e-08, 7.35260252682e-09, 4.85246509641e-10, 4.39582788572e-12], [1.88972948888e-14, 2.26108831636e-13, 1.60841565761e-12, 7.53633440376e-12, 5.49010614748e-09, 1.3288226075e-10, 2.40407960206e-09, 4.65060256971e-09, 3.30061400433e-09, 1.55336332686e-09, 5.92924243037e-09, 1.52619108462e-08, 9.94110482821e-09, 1.56040620425e-08, 1.69792073734e-08, 4.01669844052e-08, 1.01334507008e-07, 4.37812474274e-07, 3.17548256135e-07, 3.30728397557e-07, 4.80595133467e-07, 1.58785084636e-07, 1.68936047373e-08, 3.70063868438e-09, 1.48570322711e-09, 1.026879623e-10, 8.41107619751e-13], [7.58837335687e-15, 5.41984026289e-14, 5.5293427172e-13, 2.99581540131e-12, 2.30624475073e-09, 3.81830574103e-11, 1.01018560184e-09, 1.03288233522e-09, 9.4312968546e-10, 5.42687284e-10, 1.38778011305e-09, 6.70922917223e-09, 3.85527387792e-09, 4.95248775323e-09, 5.32908162043e-09, 1.55706079141e-08, 4.13044283221e-08, 1.78540048523e-07, 1.27053041865e-07, 1.3755170869e-07, 2.00894703539e-07, 6.61697683313e-08, 7.35260252682e-09, 1.48570322711e-09, 6.95144219964e-10, 4.2261739247e-11, 3.63995292241e-13], [5.56396196596e-16, 4.95885274575e-15, 3.6868362638e-14, 1.71010612355e-13, 1.57839810666e-10, 3.02503768562e-12, 5.85907433681e-11, 3.81879181055e-11, 5.39302734415e-11, 4.14613378352e-11, 1.40374545321e-10, 3.46548983954e-10, 2.55626519952e-10, 3.56655843747e-10, 3.41048855823e-10, 1.03913311289e-09, 2.81167467087e-09, 1.24481926989e-08, 9.18374887249e-09, 9.06754404895e-09, 1.39775098162e-08, 4.45612702293e-09, 4.85246509641e-10, 1.026879623e-10, 4.2261739247e-11, 3.1561613132e-12, 2.44297126067e-14], [4.26557479072e-18, 6.25216789762e-17, 4.14831527182e-16, 1.54598304187e-15, 1.31471385428e-12, 3.02771046082e-14, 4.22820117677e-13, 6.18299953337e-13, 6.06866553537e-13, 4.04717302423e-13, 1.81950526694e-12, 3.22460981528e-12, 2.52031750504e-12, 3.79180714605e-12, 4.49195151561e-12, 1.17037282643e-11, 2.56842828256e-11, 1.03353520187e-10, 7.53591980485e-11, 7.98154042858e-11, 1.2431999874e-10, 3.71652535136e-11, 4.39582788572e-12, 8.41107619751e-13, 3.63995292241e-13, 2.44297126067e-14, 2.18212310234e-16]]
    },
    "mfcc": {
        "kurt": [-1.25253117085, -1.47130942345, -0.549993753433, -1.07467937469, -1.03703689575, -0.920470476151, -0.896482229233, -0.322069883347, -0.925380706787, -1.51840770245, 0.272818803787, -0.594990253448, -0.557662010193],
        "max": [-557.238830566, 53.1695823669, 24.6691017151, 39.1184082031, 5.06103515625, 2.28881835938e-05, 10.4374008179, 2.10696220398, 9.86152267456, 2.27177047729, 12.6759872437, 16.9879360199, 21.0242595673],
        "mean": [-770.467712402, -14.1298837662, -78.9303665161, 17.119562149, -41.3695602417, -17.2895278931, -18.2116012573, -19.8221702576, -13.0293874741, -16.162733078, -4.9276008606, -2.58683466911, 0.195179224014],
        "median": [-616.181274414, -21.7392597198, -104.110023499, 15.3148193359, -54.0188751221, -19.2825622559, -20.4040985107, -22.0132637024, -9.9946346283, -14.4059295654, -6.18054771423, -4.12175559998, 0.459260940552],
        "min": [-1138.42004395, -58.1886024475, -130.99899292, -6.31754875183, -70.3277664185, -30.77759552, -37.9693603516, -38.0888061523, -36.0392723083, -38.1424636841, -18.4442234039, -22.1241111755, -17.170747757],
        "skew": [-0.718222200871, 0.30150565505, 1.08206009865, -0.0381947830319, 0.785408079624, 0.451496332884, 0.312767595053, 0.509624063969, -0.17618304491, -0.249602228403, 0.607083678246, 0.332201212645, 0.223100617528],
        "var": [47714.9335938, 1236.69128418, 2696.91137695, 138.151046753, 672.178161621, 81.7274627686, 141.445327759, 85.9627990723, 122.394569397, 183.818237305, 47.7596321106, 81.4057312012, 84.1330337524],
        "cov": [[48708.9960938, -6381.46630859, -10763.0810547, 1247.0201416, -5565.38916016, -1471.26013184, -2089.29418945, -1364.09802246, -1384.05761719, -2162.07446289, -474.082244873, -1108.50061035, -696.334228516], [-6381.46630859, 1262.45568848, 1181.66247559, -288.975921631, 667.55279541, 164.40776062, 270.058258057, 100.386207581, 250.93598938, 408.043426514, 62.4858512878, 201.619735718, 184.596115112], [-10763.0810547, 1181.66247559, 2753.09692383, -184.748916626, 1313.32458496, 357.335235596, 421.245880127, 325.779083252, 200.026016235, 365.979248047, 95.7088546753, 171.924606323, 43.8155555725], [1247.0201416, -288.975921631, -184.748916626, 141.029190063, -99.6569747925, -45.0223274231, -37.2837028503, -11.2533721924, -79.6622695923, -124.665733337, -27.4003772736, -54.5777130127, -75.2119369507], [-5565.38916016, 667.55279541, 1313.32458496, -99.6569747925, 686.181884766, 176.454605103, 230.645858765, 162.996826172, 133.589416504, 207.077331543, 47.1504020691, 104.615447998, 38.4560852051], [-1471.26013184, 164.40776062, 357.335235596, -45.0223274231, 176.454605103, 83.4301147461, 75.6209640503, 60.4896354675, 51.7449226379, 65.5007324219, 8.58461761475, 17.1286315918, 17.583234787], [-2089.29418945, 270.058258057, 421.245880127, -37.2837028503, 230.645858765, 75.6209640503, 144.392105103, 84.5737686157, 76.019241333, 90.6317367554, 7.67996263504, 46.0769309998, 27.6603412628], [-1364.09802246, 100.386207581, 325.779083252, -11.2533721924, 162.996826172, 60.4896354675, 84.5737686157, 87.753692627, 49.9246368408, 44.6418647766, 12.1527757645, 22.6480941772, 9.95322990417], [-1384.05761719, 250.93598938, 200.026016235, -79.6622695923, 133.589416504, 51.7449226379, 76.019241333, 49.9246368408, 124.944458008, 122.316993713, 17.6091346741, 68.4256820679, 61.5172424316], [-2162.07446289, 408.043426514, 365.979248047, -124.665733337, 207.077331543, 65.5007324219, 90.6317367554, 44.6418647766, 122.316993713, 187.647781372, 49.515499115, 85.1046676636, 86.7035293579], [-474.082244873, 62.4858512878, 95.7088546753, -27.4003772736, 47.1504020691, 8.58461761475, 7.67996263504, 12.1527757645, 17.6091346741, 49.515499115, 48.7546234131, 28.4910125732, 15.2159757614], [-1108.50061035, 201.619735718, 171.924606323, -54.5777130127, 104.615447998, 17.1286315918, 46.0769309998, 22.6480941772, 68.4256820679, 85.1046676636, 28.4910125732, 83.1016845703, 54.0303649902], [-696.334228516, 184.596115112, 43.8155555725, -75.2119369507, 38.4560852051, 17.583234787, 27.6603412628, 9.95322990417, 61.5172424316, 86.7035293579, 15.2159757614, 54.0303649902, 85.8858032227]]
    },
    "sccoeffs": {
        "kurt": [-1.29205775261, 0.54926943779, -0.975240707397, -0.494036197662, -1.27722632885, -1.4380197525],
        "max": [-0.378716766834, -0.54551500082, -0.626125276089, -0.635069072247, -0.649146258831, -0.566923499107],
        "mean": [-0.64223575592, -0.775281190872, -0.794741392136, -0.808167695999, -0.789384961128, -0.707030773163],
        "median": [-0.644925296307, -0.758352637291, -0.77435696125, -0.789542555809, -0.767875492573, -0.636668741703],
        "min": [-0.967782437801, -0.967783093452, -0.954868257046, -0.949439287186, -0.927811741829, -0.906507432461],
        "skew": [-0.0390619188547, 0.161796793342, -0.0515005029738, -0.211751431227, -0.30000013113, -0.490553975105],
        "var": [0.0247996542603, 0.00704342918471, 0.0067405202426, 0.00448304275051, 0.00585165945813, 0.0117919947952],
        "cov": [[0.0253163129091, 0.0084088249132, 0.00849474873394, 0.00782323349267, 0.0107680251822, 0.014769972302], [0.0084088249132, 0.00719016743824, 0.00546216079965, 0.00449667219073, 0.00483194412664, 0.0075576659292], [0.00849474873394, 0.00546216079965, 0.00688094785437, 0.00459146965295, 0.00514588644728, 0.00782994832844], [0.00782323349267, 0.00449667219073, 0.00459146965295, 0.00457643950358, 0.00463317288086, 0.00683991983533], [0.0107680251822, 0.00483194412664, 0.00514588644728, 0.00463317288086, 0.00597356865183, 0.00809161644429], [0.014769972302, 0.0075576659292, 0.00782994832844, 0.00683991983533, 0.00809161644429, 0.0120376609266]]
    },
    "scvalleys": {
        "kurt": [-0.47685956955, -0.884773492813, -0.685180902481, -0.685371637344, -0.772294521332, -0.947229385376],
        "max": [-9.25096893311, -5.73005342484, -5.57103300095, -5.02682209015, -4.45635557175, -7.26959133148],
        "mean": [-10.5823612213, -7.95141220093, -7.98785543442, -7.65115737915, -7.12228631973, -9.50848197937],
        "median": [-10.4634065628, -7.12582397461, -6.83315038681, -6.20162248611, -5.11302375793, -7.74075698853],
        "min": [-11.9583921432, -11.5763731003, -12.5797281265, -13.2807378769, -13.7899246216, -15.1659650803],
        "skew": [-0.347363263369, -0.765430569649, -0.965483903885, -0.958047688007, -0.912538528442, -0.826555728912],
        "var": [0.367333948612, 2.62105584145, 4.67653942108, 6.11025953293, 8.31482124329, 6.84507846832],
        "cov": [[0.374986737967, 0.737020969391, 0.986848294735, 1.11544144154, 1.31019461155, 1.17731142044], [0.737020969391, 2.67566108704, 3.43270778656, 3.96716046333, 4.53587770462, 4.0852894783], [0.986848294735, 3.43270778656, 4.77396726608, 5.40762281418, 6.2405257225, 5.59175157547], [1.11544144154, 3.96716046333, 5.40762281418, 6.23755645752, 7.18487882614, 6.46461486816], [1.31019461155, 4.53587770462, 6.2405257225, 7.18487882614, 8.48804664612, 7.67061042786], [1.17731142044, 4.0852894783, 5.59175157547, 6.46461486816, 7.67061042786, 6.98768424988]]
    }
},
"rhythm": {
    "bpm": 0,
    "confidence": 0,
    "first_peak_bpm": {
        "kurt": 0,
        "max": 0,
        "mean": 0,
        "median": 0,
        "min": 0,
        "skew": 0,
        "var": 0
    },
    "first_peak_spread": {
        "kurt": 0,
        "max": 0,
        "mean": 0,
        "median": 0,
        "min": 0,
        "skew": 0,
        "var": 0
    },
    "first_peak_weight": {
        "kurt": 0,
        "max": 0,
        "mean": 0,
        "median": 0,
        "min": 0,
        "skew": 0,
        "var": 0
    },
    "onset_rate": 0.906623899937,
    "second_peak_bpm": {
        "kurt": 0,
        "max": 0,
        "mean": 0,
        "median": 0,
        "min": 0,
        "skew": 0,
        "var": 0
    },
    "second_peak_spread": {
        "kurt": 0,
        "max": 0,
        "mean": 0,
        "median": 0,
        "min": 0,
        "skew": 0,
        "var": 0
    },
    "second_peak_weight": {
        "kurt": 0,
        "max": 0,
        "mean": 0,
        "median": 0,
        "min": 0,
        "skew": 0,
        "var": 0
    },
    "beats_position": [],
    "bpm_estimates": [],
    "bpm_intervals": [],
    "onset_times": [0.0464399084449],
    "histogram": [[0, 0, 0, 0, 0, 0, 0, 0, 0, 0, 0, 0, 0, 0, 0, 0, 0, 0, 0, 0, 0, 0, 0, 0, 0, 0, 0, 0, 0, 0, 0, 0, 0, 0, 0, 0, 0, 0, 0, 0, 0, 0, 0, 0, 0, 0, 0, 0, 0, 0, 0, 0, 0, 0, 0, 0, 0, 0, 0, 0, 0, 0, 0, 0, 0, 0, 0, 0, 0, 0, 0, 0, 0, 0, 0, 0, 0, 0, 0, 0, 0, 0, 0, 0, 0, 0, 0, 0, 0, 0, 0, 0, 0, 0, 0, 0, 0, 0, 0, 0, 0, 0, 0, 0, 0, 0, 0, 0, 0, 0, 0, 0, 0, 0, 0, 0, 0, 0, 0, 0, 0, 0, 0, 0, 0, 0, 0, 0, 0, 0, 0, 0, 0, 0, 0, 0, 0, 0, 0, 0, 0, 0, 0, 0, 0, 0, 0, 0, 0, 0, 0, 0, 0, 0, 0, 0, 0, 0, 0, 0, 0, 0, 0, 0, 0, 0, 0, 0, 0, 0, 0, 0, 0, 0, 0, 0, 0, 0, 0, 0, 0, 0, 0, 0, 0, 0, 0, 0, 0, 0, 0, 0, 0, 0, 0, 0, 0, 0, 0, 0, 0, 0, 0, 0, 0, 0, 0, 0, 0, 0, 0, 0, 0, 0, 0, 0, 0, 0, 0, 0, 0, 0, 0, 0, 0, 0, 0, 0, 0, 0, 0, 0, 0, 0, 0, 0, 0, 0, 0, 0, 0, 0, 0, 0, 0, 0, 0, 0, 0, 0]]
},
"sfx": {
    "inharmonicity": {
        "kurt": 1.36097097397,
        "max": 0.398979276419,
        "mean": 0.0679282695055,
        "median": 0,
        "min": 0,
        "skew": 1.52448999882,
        "var": 0.0100936582312
    },
    "oddtoevenharmonicenergyratio": {
        "kurt": 0.261522054672,
        "max": 2.95883631706,
        "mean": 0.628315031528,
        "median": 0,
        "min": 0,
        "skew": 1.23243045807,
        "var": 0.745572626591
    },
    "pitch_after_max_to_before_max_energy_ratio": 2.08302307129,
    "pitch_centroid": 16.5523967743,
    "pitch_max_to_total": 0.183673471212,
    "pitch_min_to_total": 0.897959172726,
    "tristimulus": {
        "kurt": [-1.87145626545, 0.537400007248, -0.42583990097],
        "max": [1, 0.957036137581, 0.954915046692],
        "mean": [0.571490049362, 0.208268225193, 0.220241650939],
        "median": [1, 0, 0],
        "min": [0, 0, 0],
        "skew": [-0.153583958745, 1.34892201424, 1.03832769394],
        "var": [0.200029239058, 0.0876222401857, 0.100256472826],
        "cov": [[0.204196512699, -0.0956495627761, -0.108546972275], [-0.0956495627761, 0.0894477069378, 0.00620183860883], [-0.108546972275, 0.00620183860883, 0.102345146239]]
    }
},
"tonal": {
    "chords_changes_rate": 0,
    "chords_number_rate": 0.0399999991059,
    "chords_strength": {
        "kurt": 1.80176925659,
        "max": 0.465714424849,
        "mean": 0.424599409103,
        "median": 0.420902013779,
        "min": 0.392122060061,
        "skew": 1.03209578991,
        "var": 0.000240335910348
    },
    "key_strength": 0.436519742012,
    "tuning_diatonic_strength": 0.383610665798,
    "tuning_equal_tempered_deviation": 0.213970467448,
    "tuning_frequency": 435.700531006,
    "tuning_nontempered_energy_ratio": 0.859201431274,
    "hpcp": {
        "kurt": [0.22439455986, 0.799279212952, 1.64567089081, -0.782485961914, -0.495669841766, -0.796800374985, -1.02669739723, -0.915563106537, -0.826264858246, -0.879512786865, -0.966377019882, -0.403889894485, -0.449352502823, -0.432724237442, -0.691782236099, -1.00102889538, -0.235246896744, -0.67370557785, -0.120215892792, 0.904007911682, -0.801459312439, 1.74869918823, 1.10437345505, 1.49782466888, 4.61462068558, -0.736993074417, -0.540876150131, -0.570692539215, -0.496223211288, 0.755896091461, 0.570996284485, 1.42089176178, 2.37182712555, -0.344089031219, -0.807275295258, -0.622722625732],
        "max": [0.743321716785, 0.933909296989, 0.960994422436, 0.700245320797, 0.895896852016, 0.908247828484, 1, 0.995677232742, 0.947071731091, 1, 1, 1, 1, 1, 1, 1, 1, 0.973526716232, 0.943290412426, 0.776687920094, 0.364111483097, 0.427376925945, 0.368441790342, 0.450937896967, 0.745703577995, 0.514509797096, 0.86138176918, 1, 0.920583546162, 1, 0.973131835461, 1, 0.903325974941, 0.701824843884, 0.58957016468, 0.546101689339],
        "mean": [0.328465551138, 0.338876575232, 0.294221282005, 0.31750831008, 0.389801263809, 0.452105283737, 0.512488663197, 0.48024186492, 0.450762450695, 0.465793579817, 0.480397492647, 0.596094250679, 0.689497590065, 0.683328688145, 0.62712264061, 0.552353382111, 0.471563190222, 0.437856554985, 0.377565681934, 0.248767077923, 0.182434260845, 0.154273808002, 0.126065164804, 0.139725118876, 0.174395412207, 0.224974811077, 0.34647578001, 0.395354986191, 0.361907720566, 0.356828957796, 0.37729164958, 0.386483073235, 0.335280299187, 0.285180598497, 0.267544358969, 0.277533084154],
        "median": [0.293333441019, 0.305108428001, 0.242110207677, 0.316390842199, 0.392836540937, 0.419309854507, 0.450427830219, 0.414272248745, 0.374312460423, 0.436349540949, 0.473286062479, 0.622742891312, 0.722675323486, 0.731887817383, 0.70545065403, 0.611154079437, 0.482649445534, 0.405618488789, 0.334056943655, 0.209876924753, 0.167814135551, 0.139601871371, 0.106091551483, 0.107728600502, 0.140516132116, 0.187113076448, 0.26690196991, 0.276091992855, 0.25775873661, 0.313624292612, 0.313008695841, 0.323843240738, 0.310411542654, 0.254586428404, 0.234317407012, 0.250448793173],
        "min": [0, 0, 0, 0, 0.0639980658889, 0.0798352584243, 0.0702468454838, 0.112155348063, 0.0468868538737, 0.0690694600344, 0.0643234923482, 0.0293356776237, 0.143331453204, 0.0732432380319, 0.000488110934384, 0.0625751540065, 0.107820272446, 0.0479197464883, 0, 0.0204021185637, 0.0260565020144, 0.0302485916764, 0.0170018542558, 0, 0.0039876527153, 0.0242997836322, 0.0222223848104, 0.0265025626868, 0.0482795573771, 0.0686213523149, 0.108647696674, 0.0674135759473, 0.112547628582, 0, 0, 0],
        "skew": [0.517251729965, 0.834413766861, 1.26741886139, 0.352538764477, 0.419305741787, 0.293686509132, 0.410098910332, 0.461632460356, 0.438920557499, 0.437760949135, 0.127254396677, -0.547590434551, -0.65069270134, -0.745907187462, -0.596792221069, -0.11935210973, 0.410422295332, 0.499710142612, 0.812759876251, 0.984024107456, 0.396775484085, 1.34976053238, 1.37451004982, 1.34071683884, 1.97671484947, 0.497168987989, 0.794261813164, 0.92811191082, 0.833670377731, 1.11223471165, 1.10449028015, 1.36967766285, 1.43111908436, 0.499155312777, 0.332160204649, 0.257748544216],
        "var": [0.0265476629138, 0.0435885377228, 0.0456164851785, 0.0384802334011, 0.047491658479, 0.0489246398211, 0.0736214667559, 0.0692754536867, 0.0689933374524, 0.0812776535749, 0.0699702203274, 0.0700549408793, 0.0649957880378, 0.0772202536464, 0.0890969187021, 0.0765091255307, 0.054231043905, 0.0665219128132, 0.0668981149793, 0.0325315743685, 0.00925048068166, 0.00801712460816, 0.00845971889794, 0.0124579034746, 0.0247134212404, 0.0194198079407, 0.0619914531708, 0.0928619578481, 0.060671903193, 0.0548983514309, 0.0464214459062, 0.055400442332, 0.0316031686962, 0.0298322942108, 0.0245056580752, 0.0192927010357],
