{
"metadata": {
    "version": {
        "essentia": "2.1-beta3"
    }
},
"lowLevel": {
    "average_loudness": 0.912237286568,
    "barkbands_kurtosis": {
        "kurt": 405.807342529,
        "max": 135.359848022,
        "mean": 4.10778141022,
        "median": 3.60826158524,
        "min": -1.45356607437,
        "skew": 18.1997261047,
        "var": 27.3889331818
    },
    "barkbands_skewness": {
        "kurt": 119.241737366,
        "max": 10.464928627,
        "mean": -1.37542831898,
        "median": -1.40748536587,
        "min": -3.40129327774,
        "skew": 8.94027709961,
        "var": 0.520654439926
    },
    "barkbands_spread": {
        "kurt": 13.1653079987,
        "max": 30.8413352966,
        "mean": 8.85590648651,
        "median": 8.63130569458,
        "min": 0.805065989494,
        "skew": 2.28839015961,
        "var": 6.12623023987
    },
    "dissonance": {
        "kurt": 268.024658203,
        "max": 0.499999910593,
        "mean": 0.495416432619,
        "median": 0.49708366394,
        "min": 0.227275311947,
        "skew": -14.3926467896,
        "var": 0.000141234209877
    },
    "hfc": {
        "kurt": -0.851272821426,
        "max": 138.539123535,
        "mean": 56.0818214417,
        "median": 61.8491668701,
        "min": 0.00130120303947,
        "skew": -0.138820812106,
        "var": 1032.07397461
    },
    "pitch": {
        "kurt": 5.57929801941,
        "max": 4453.27636719,
        "mean": 3550.0090332,
        "median": 3845.42895508,
        "min": 118.445487976,
        "skew": -2.6494820118,
        "var": 911126.8125
    },
    "pitch_instantaneous_confidence": {
        "kurt": 1.69861984253,
        "max": 0.943423271179,
        "mean": 0.41849386692,
        "median": 0.410429775715,
        "min": 0.189764618874,
        "skew": 0.770699262619,
        "var": 0.00948051642627
    },
    "pitch_salience": {
        "kurt": 41.0428314209,
        "max": 0.947947621346,
        "mean": 0.751452565193,
        "median": 0.758401989937,
        "min": 0.121967330575,
        "skew": -4.739590168,
        "var": 0.00298241223209
    },
    "silence_rate_20dB": {
        "kurt": 0,
        "max": 1,
        "mean": 1,
        "median": 1,
        "min": 1,
        "skew": 0,
        "var": 0
    },
    "silence_rate_30dB": {
        "kurt": 0,
        "max": 1,
        "mean": 1,
        "median": 1,
        "min": 1,
        "skew": 0,
        "var": 0
    },
    "silence_rate_60dB": {
        "kurt": 4.02338933945,
        "max": 1,
        "mean": 0.11239964515,
        "median": 0,
        "min": 0,
        "skew": 2.45426511765,
        "var": 0.0997661873698
    },
    "spectral_centroid": {
        "kurt": 41.851348877,
        "max": 4219.74902344,
        "mean": 3657.28710938,
        "median": 3726.25219727,
        "min": 396.674468994,
        "skew": -5.70777654648,
        "var": 145630.34375
    },
    "spectral_complexity": {
        "kurt": 0.830812454224,
        "max": 56,
        "mean": 36.013381958,
        "median": 42,
        "min": 0,
        "skew": -1.36186635494,
        "var": 203.21055603
    },
    "spectral_crest": {
        "kurt": 7.90733337402,
        "max": 23.9552364349,
        "mean": 7.72406816483,
        "median": 7.18712949753,
        "min": 3.17311358452,
        "skew": 2.16977024078,
        "var": 5.5243268013
    },
    "spectral_decrease": {
        "kurt": -0.826838254929,
        "max": -6.10725459462e-14,
        "mean": -2.61326493778e-09,
        "median": -2.88321810871e-09,
        "min": -6.19782225542e-09,
        "skew": 0.178113654256,
        "var": 2.09380423425e-18
    },
    "spectral_energy": {
        "kurt": -0.839658498764,
        "max": 0.0359578877687,
        "mean": 0.0149498330429,
        "median": 0.0165410526097,
        "min": 3.48525020399e-07,
        "skew": -0.168522194028,
        "var": 6.99719967088e-05
    },
    "spectral_energyband_high": {
        "kurt": -0.312136411667,
        "max": 0.0178291201591,
        "mean": 0.00540941720828,
        "median": 0.00571478577331,
        "min": 2.94011499591e-08,
        "skew": 0.161697626114,
        "var": 1.10228256744e-05
    },
    "spectral_energyband_low": {
        "kurt": 999.151611328,
        "max": 0.00166083837394,
        "mean": 3.12896895593e-06,
        "median": 3.10825470251e-07,
        "min": 2.646250441e-10,
        "skew": 31.0277919769,
        "var": 2.59509280731e-09
    },
    "spectral_energyband_middle_high": {
        "kurt": -0.650785446167,
        "max": 0.0248512178659,
        "mean": 0.00925904978067,
        "median": 0.00995014049113,
        "min": 2.32039127468e-07,
        "skew": -0.0017180358991,
        "var": 2.80387575913e-05
    },
    "spectral_energyband_middle_low": {
        "kurt": 13.7954292297,
        "max": 0.00326745421626,
        "mean": 0.000381905294489,
        "median": 0.000374114053557,
        "min": 7.0626899884e-09,
        "skew": 1.51308977604,
        "var": 6.46746016741e-08
    },
    "spectral_flatness_db": {
        "kurt": 6.72955703735,
        "max": 0.366553008556,
        "mean": 0.190772667527,
        "median": 0.191968783736,
        "min": 0.104457981884,
        "skew": 0.567268610001,
        "var": 0.000472746876767
    },
    "spectral_flux": {
        "kurt": 0.617944717407,
        "max": 0.118365474045,
        "mean": 0.0719393119216,
        "median": 0.0795628651977,
        "min": 0.00136398035102,
        "skew": -1.1016343832,
        "var": 0.000648528512102
    },
    "spectral_kurtosis": {
        "kurt": 273.938537598,
        "max": 42.2648925781,
        "mean": 1.3699054718,
        "median": 1.09160327911,
        "min": -0.10636138916,
        "skew": 13.9189758301,
        "var": 3.18881177902
    },
    "spectral_rms": {
        "kurt": 0.126824378967,
        "max": 0.0059229102917,
        "mean": 0.00357388472185,
        "median": 0.00401716446504,
        "min": 1.84397504199e-05,
        "skew": -0.945741355419,
        "var": 1.8125714405e-06
    },
    "spectral_rolloff": {
        "kurt": 41.0730285645,
        "max": 6589.16015625,
        "mean": 4674.32373047,
        "median": 4715.77148438,
        "min": 387.59765625,
        "skew": -5.03504323959,
        "var": 237353.828125
    },
    "spectral_skewness": {
        "kurt": 71.4529190063,
        "max": 4.7388343811,
        "mean": 1.18543314934,
        "median": 1.14111089706,
        "min": 0.829212903976,
        "skew": 6.35997915268,
        "var": 0.0555085837841
    },
    "spectral_spread": {
        "kurt": 74.0825119019,
        "max": 23076442,
        "mean": 7485295,
        "median": 7572535.5,
        "min": 1254564.125,
        "skew": 3.22549510002,
        "var": 861994090496
    },
    "spectral_strongpeak": {
        "kurt": 1.23655366898,
        "max": 16.0108222961,
        "mean": 4.03578281403,
        "median": 3.76958203316,
        "min": 0.000925895816181,
        "skew": 0.838926017284,
        "var": 6.57788085938
    },
    "zerocrossingrate": {
        "kurt": 37.8234710693,
        "max": 0.20703125,
        "mean": 0.178297579288,
        "median": 0.181640625,
        "min": 0.009765625,
        "skew": -5.35452842712,
        "var": 0.000379803037504
    },
    "barkbands": {
        "kurt": [145.746948242, 493.466888428, 1009.50787354, 1104.12219238, 61.6556243896, 225.959350586, 1.70472812653, 2.76975345612, 24.1003742218, 87.5421600342, 3.60392475128, 1.49988508224, 2.26082658768, 1.81661987305, 2.64987421036, 0.503050804138, 0.76109790802, 0.268357992172, 0.579550981522, 3.47635936737, -0.10763502121, -0.563012123108, 1.66799116135, -0.348839521408, -0.48491692543, 2.07279157639, 795.053161621],
        "max": [3.26151484842e-06, 0.000237109925365, 0.000936069642194, 0.000722911034245, 0.000113401343697, 0.000271832890576, 0.000713994377293, 0.000540433626156, 0.00149091379717, 0.00171396194492, 0.00055086647626, 0.000508888857439, 0.000827089359518, 0.000886216701474, 0.00413151877001, 0.001794264419, 0.00366427144036, 0.00579759385437, 0.0133608179167, 0.0203750096262, 0.00717032002285, 0.00203003804199, 0.00185653869994, 0.000647533801384, 0.000903488195036, 2.76591599686e-05, 1.32297441269e-06],
        "mean": [3.50221540657e-08, 1.03543288787e-06, 1.41800342135e-06, 1.18230843782e-06, 6.37786570223e-06, 8.51438562677e-06, 0.000108464708319, 9.20330930967e-05, 0.000127936480567, 9.73324131337e-05, 8.14738232293e-05, 0.000112689915113, 0.000161447984283, 0.000194402324269, 0.000646287226118, 0.000503226125147, 0.000832030258607, 0.00164583674632, 0.00331681128591, 0.00356839876622, 0.00198715110309, 0.000614648219198, 0.000344097148627, 0.000201634436962, 0.000289703195449, 5.66903645449e-06, 3.03053262485e-08],
        "median": [8.02554522839e-10, 4.4437534541e-08, 1.02813864089e-07, 3.0312492072e-07, 4.54607925349e-06, 6.28230554867e-06, 8.42788795126e-05, 6.51982118143e-05, 0.000107623607619, 8.01387141109e-05, 7.06717692083e-05, 0.000100703669887, 0.000141649681609, 0.00017236158601, 0.000551194127183, 0.000476253393572, 0.000796248787083, 0.00157677882817, 0.00317137362435, 0.00316196936183, 0.00195621466264, 0.00057024526177, 0.00028936250601, 0.000195580942091, 0.00030858151149, 5.07992081111e-06, 3.16968638003e-08],
        "min": [2.8056610854e-12, 1.12906864413e-10, 7.61036234032e-11, 7.76207847997e-11, 2.75468647892e-10, 7.90403020812e-10, 1.76187608947e-09, 2.18352069759e-09, 1.7136994046e-09, 1.33283406534e-09, 2.38548691911e-09, 7.06285363528e-10, 2.88318413588e-09, 1.50949819311e-09, 7.30555882456e-09, 9.49011447204e-09, 1.1929527588e-08, 1.65609854719e-08, 2.67427893164e-08, 2.59018229087e-08, 9.88826087678e-09, 3.48145556828e-09, 5.20687160055e-10, 4.11541828393e-10, 4.48585196766e-10, 3.12159117999e-11, 1.39891711496e-12],
        "skew": [10.7758398056, 20.34491539, 31.2777786255, 33.1756591797, 5.32755088806, 11.7542161942, 1.1814841032, 1.55150508881, 2.94319009781, 5.73580360413, 1.35390353203, 1.02163422108, 1.21740138531, 1.15576791763, 1.24669778347, 0.637406766415, 0.614124953747, 0.49744451046, 0.741208791733, 1.40226078033, 0.372716903687, 0.46268761158, 1.234167099, 0.371377557516, 0.216900140047, 1.09859669209, 25.9291305542],
        "var": [3.12420614823e-14, 7.78997630291e-11, 8.20808809809e-10, 4.67572480733e-10, 4.78018284678e-11, 1.44066703012e-10, 1.0686712848e-08, 7.56202034324e-09, 1.19193312997e-08, 8.34001490091e-09, 3.97908772598e-09, 6.64143184892e-09, 1.41526692587e-08, 2.14427657852e-08, 2.6870674219e-07, 9.86135191283e-08, 2.67182969083e-07, 9.87283101495e-07, 5.54399093744e-06, 8.2519454736e-06, 1.55388352141e-06, 2.18408260366e-07, 1.01548870646e-07, 1.78692136643e-08, 3.72675117433e-08, 1.48387795107e-11, 1.76673422748e-15],
        "cov": [[3.12699559714e-14, 9.27561413094e-13, 1.84586720908e-12, 1.33506313643e-12, 3.46018976275e-13, -6.00546562891e-14, -1.18615815954e-12, -5.59119861954e-13, 1.64300138165e-12, 3.26350627295e-13, -3.914821619e-14, -2.53866697629e-13, 2.34028595114e-12, 2.02623313093e-12, 2.56752258343e-11, 9.82331837401e-13, 9.50061123522e-12, 1.42991668853e-11, 3.84702946582e-12, 7.96944801817e-11, -3.15125291313e-12, 1.34458763568e-11, -2.82898682778e-12, 4.68485189878e-12, 7.49189393249e-13, -1.81815503544e-14, 2.31063097063e-16], [9.27561413094e-13, 7.79693115627e-11, 2.24294430251e-10, 1.57438201365e-10, 2.44435183899e-11, -2.2583272058e-12, -4.36527654302e-11, -3.44495265647e-11, 4.8011393472e-11, 1.24966885798e-11, -9.60352717488e-12, -1.44589704792e-11, 7.39932490279e-11, 8.47042436192e-11, 6.88484658173e-10, -5.72911232344e-11, 2.20631388159e-10, 6.85366693953e-11, 5.70320179971e-10, 3.56543572444e-09, -2.13813244887e-10, 5.58842416787e-10, -9.67135885266e-11, 2.02365776913e-10, 8.06130336095e-12, -5.60003269885e-13, 4.63478895156e-15], [1.84586720908e-12, 2.24294430251e-10, 8.21541668028e-10, 6.10858419403e-10, 9.20111556391e-11, -7.04812456228e-13, -7.09615699535e-11, -5.58796550698e-11, 5.46511655375e-11, 4.03749707278e-11, -1.27334991509e-11, -2.64054368648e-11, 7.16805781398e-11, 8.10456632361e-11, 5.57470181128e-10, -2.39077396769e-10, 2.37518976709e-10, -2.78708056634e-10, 1.60799107363e-09, 7.36827843184e-09, -4.85219031621e-10, 1.35512912003e-09, -1.74114611617e-10, 3.50724060905e-10, -1.60157893891e-11, -6.18148923975e-13, 5.34528781101e-15], [1.33506313643e-12, 1.57438201365e-10, 6.10858419403e-10, 4.67989924591e-10, 7.11787434549e-11, 2.05535805389e-12, -4.13065033567e-11, -3.24674488683e-11, 2.17935600122e-11, 2.50636889715e-11, -2.64355182709e-12, -2.08416894854e-11, 4.60612763209e-11, 3.18114597164e-11, 2.64910954284e-10, -1.53595539065e-10, 1.58812518691e-10, -1.60709542896e-10, 1.18361420665e-09, 5.1728719086e-09, -2.32973695891e-10, 9.93266358051e-10, -9.98156002296e-11, 2.16429180133e-10, 6.47437138623e-12, -2.69280637285e-13, 4.45465468983e-15], [3.46018976275e-13, 2.44435183899e-11, 9.20111556391e-11, 7.11787434549e-11, 4.78445096042e-11, 1.06025700372e-11, 2.17838094785e-10, 1.54800824936e-10, 1.60097782254e-10, 1.46809009394e-10, 1.17761467244e-10, 1.49033105301e-10, 1.6320893248e-10, 2.79354317456e-10, 1.04514974453e-09, 6.17853934681e-10, 9.79664460665e-10, 1.88746152041e-09, 5.44140776881e-09, 5.65552671361e-09, 2.69712208123e-09, 1.24734711449e-09, 6.66578903186e-10, 3.22277565745e-10, 4.69987493368e-10, 8.02842427955e-12, 3.86868881657e-14], [-6.00546562891e-14, -2.2583272058e-12, -7.04812456228e-13, 2.05535805389e-12, 1.06025700372e-11, 1.44195336227e-10, 7.76227970789e-11, 9.94630211526e-11, 1.27564764307e-10, 1.57236557108e-10, 6.79475434251e-11, 7.51126799647e-11, -1.36794351888e-11, 2.33847316511e-11, 7.40930233833e-12, 1.98373165117e-10, 2.64005102502e-11, 2.85942686196e-10, 4.95469165696e-10, 9.34762336979e-11, 1.7585792822e-09, 4.00585453697e-10, 1.52468745962e-10, 9.10807106819e-12, -2.77419354849e-11, 3.89625354549e-12, -8.94523882321e-15], [-1.18615815954e-12, -4.36527654302e-11, -7.09615699535e-11, -4.13065033567e-11, 2.17838094785e-10, 7.76227970789e-11, 1.06962545487e-08, 4.18964818394e-09, 2.46920972558e-09, 3.02439628896e-09, 2.78516210095e-09, 3.89529475342e-09, 4.18962420312e-09, 6.42190745026e-09, 2.21220233243e-08, 1.68230087638e-08, 2.05424672828e-08, 5.19570946267e-08, 1.45498162851e-07, 1.20977588836e-07, 7.5335293559e-08, 2.81025904769e-08, 2.00401029105e-08, 6.88702517238e-09, 1.14242535432e-08, 2.14675721644e-10, 8.91928891855e-13], [-5.59119861954e-13, -3.44495265647e-11, -5.58796550698e-11, -3.24674488683e-11, 1.54800824936e-10, 9.94630211526e-11, 4.18964818394e-09, 7.56877227559e-09, 3.01408165093e-09, 2.6469120229e-09, 2.05317096658e-09, 3.06768010994e-09, 2.84569190434e-09, 3.3704525837e-09, 1.1330964611e-08, 1.01874535474e-08, 1.15610925278e-08, 3.39022179219e-08, 7.83539135796e-08, 6.73768028037e-08, 4.16742444997e-08, 1.71643055324e-08, 9.18016063167e-09, 3.31201377435e-09, 6.27634877404e-09, 1.21354995497e-10, 5.24101595456e-13], [1.64300138165e-12, 4.8011393472e-11, 5.46511655375e-11, 2.17935600122e-11, 1.60097782254e-10, 1.27564764307e-10, 2.46920972558e-09, 3.01408165093e-09, 1.19299734536e-08, 5.20722487352e-09, 2.68949618132e-09, 2.9312465788e-09, 3.54660101287e-09, 4.49221282395e-09, 1.68390421607e-08, 1.06173745351e-08, 1.74123044872e-08, 3.66180863409e-08, 6.66372201863e-08, 7.83585463182e-08, 4.06939193454e-08, 1.69760401292e-08, 6.28466745312e-09, 4.16170164996e-09, 5.41821387756e-09, 8.22839574255e-11, 4.11284504717e-13], [3.26350627295e-13, 1.24966885798e-11, 4.03749707278e-11, 2.50636889715e-11, 1.46809009394e-10, 1.57236557108e-10, 3.02439628896e-09, 2.6469120229e-09, 5.20722487352e-09, 8.34746138878e-09, 2.72864641992e-09, 2.71925992834e-09, 2.81914491751e-09, 3.83556830741e-09, 1.45792959927e-08, 1.03236876825e-08, 1.39962219592e-08, 3.079982136e-08, 6.58127348174e-08, 5.4959674145e-08, 3.72485366995e-08, 1.55661741275e-08, 7.72250707826e-09, 3.34846661509e-09, 6.06661831881e-09, 9.52802350906e-11, 4.50093223326e-13], [-3.914821619e-14, -9.60352717488e-12, -1.27334991509e-11, -2.64355182709e-12, 1.17761467244e-10, 6.79475434251e-11, 2.78516210095e-09, 2.05317096658e-09, 2.68949618132e-09, 2.72864641992e-09, 3.98264043966e-09, 2.13971351748e-09, 2.6943451914e-09, 3.75343489623e-09, 1.23625234494e-08, 9.38931954408e-09, 1.32026558575e-08, 2.89186061764e-08, 6.80904008732e-08, 6.63091270781e-08, 3.47810029666e-08, 1.43394558449e-08, 8.43164915665e-09, 3.64457064528e-09, 5.78386449845e-09, 9.56277140807e-11, 4.65073997109e-13], [-2.53866697629e-13, -1.44589704792e-11, -2.64054368648e-11, -2.08416894854e-11, 1.49033105301e-10, 7.51126799647e-11, 3.89529475342e-09, 3.06768010994e-09, 2.9312465788e-09, 2.71925992834e-09, 2.13971351748e-09, 6.64736177214e-09, 3.86013176978e-09, 4.9751744946e-09, 1.63664566344e-08, 1.24855956685e-08, 1.53219819055e-08, 3.95087162985e-08, 9.33228250233e-08, 9.3518579547e-08, 5.13758422471e-08, 1.99952872038e-08, 1.03004351715e-08, 4.85514073389e-09, 7.96750221355e-09, 1.42123590674e-10, 6.42941483473e-13], [2.34028595114e-12, 7.39932490279e-11, 7.16805781398e-11, 4.60612763209e-11, 1.6320893248e-10, -1.36794351888e-11, 4.18962420312e-09, 2.84569190434e-09, 3.54660101287e-09, 2.81914491751e-09, 2.6943451914e-09, 3.86013176978e-09, 1.41653053731e-08, 7.33596650093e-09, 2.50312481853e-08, 1.56543595864e-08, 2.78269478571e-08, 5.2925546612e-08, 1.11387009838e-07, 1.49348849732e-07, 6.20283771013e-08, 2.69644466755e-08, 1.24095063114e-08, 8.51057713191e-09, 1.1205199435e-08, 1.68851252424e-10, 1.00475281307e-12], [2.02623313093e-12, 8.47042436192e-11, 8.10456632361e-11, 3.18114597164e-11, 2.79354317456e-10, 2.33847316511e-11, 6.42190745026e-09, 3.3704525837e-09, 4.49221282395e-09, 3.83556830741e-09, 3.75343489623e-09, 4.9751744946e-09, 7.33596650093e-09, 2.14619113592e-08, 4.09069080831e-08, 2.36370851781e-08, 3.91691479251e-08, 7.22718027646e-08, 1.99956289748e-07, 2.29869257851e-07, 9.64002779824e-08, 3.82736189408e-08, 2.47226452643e-08, 1.16707310482e-08, 1.47539012119e-08, 3.02308650335e-10, 1.31701062816e-12], [2.56752258343e-11, 6.88484658173e-10, 5.57470181128e-10, 2.64910954284e-10, 1.04514974453e-09, 7.40930233833e-12, 2.21220233243e-08, 1.1330964611e-08, 1.68390421607e-08, 1.45792959927e-08, 1.23625234494e-08, 1.63664566344e-08, 2.50312481853e-08, 4.09069080831e-08, 2.6894664984e-07, 8.01219783853e-08, 1.41066564652e-07, 2.67858752068e-07, 7.054161415e-07, 6.92684693604e-07, 3.35750769409e-07, 1.41425630318e-07, 8.45200176514e-08, 3.88352248137e-08, 5.10775208795e-08, 1.01023178711e-09, 4.30613357472e-12], [9.82331837401e-13, -5.72911232344e-11, -2.39077396769e-10, -1.53595539065e-10, 6.17853934681e-10, 1.98373165117e-10, 1.68230087638e-08, 1.01874535474e-08, 1.06173745351e-08, 1.03236876825e-08, 9.38931954408e-09, 1.24855956685e-08, 1.56543595864e-08, 2.36370851781e-08, 8.01219783853e-08, 9.87015695841e-08, 8.22320487259e-08, 1.72220993022e-07, 4.20403409862e-07, 4.48063701697e-07, 2.30830664805e-07, 8.67217053724e-08, 5.2506511139e-08, 2.38942021724e-08, 3.2966791963e-08, 6.59441667938e-10, 2.88748734124e-12], [9.50061123522e-12, 2.20631388159e-10, 2.37518976709e-10, 1.58812518691e-10, 9.79664460665e-10, 2.64005102502e-11, 2.05424672828e-08, 1.15610925278e-08, 1.74123044872e-08, 1.39962219592e-08, 1.32026558575e-08, 1.53219819055e-08, 2.78269478571e-08, 3.91691479251e-08, 1.41066564652e-07, 8.22320487259e-08, 2.67421540912e-07, 2.66957187023e-07, 6.79376853441e-07, 8.08513675565e-07, 3.25147738067e-07, 1.21441217971e-07, 7.99401433937e-08, 4.3586720011e-08, 6.03373564445e-08, 9.65091340177e-10, 4.42080356697e-12], [1.42991668853e-11, 6.85366693953e-11, -2.78708056634e-10, -1.60709542896e-10, 1.88746152041e-09, 2.85942686196e-10, 5.19570946267e-08, 3.39022179219e-08, 3.66180863409e-08, 3.079982136e-08, 2.89186061764e-08, 3.95087162985e-08, 5.2925546612e-08, 7.22718027646e-08, 2.67858752068e-07, 1.72220993022e-07, 2.66957187023e-07, 9.88164629234e-07, 1.37329504923e-06, 1.44708985772e-06, 7.07653157406e-07, 2.82878460212e-07, 1.50650862452e-07, 7.39358441137e-08, 1.01785246898e-07, 1.96386440443e-09, 9.66700504368e-12], [3.84702946582e-12, 5.70320179971e-10, 1.60799107363e-09, 1.18361420665e-09, 5.44140776881e-09, 4.95469165696e-10, 1.45498162851e-07, 7.83539135796e-08, 6.66372201863e-08, 6.58127348174e-08, 6.80904008732e-08, 9.33228250233e-08, 1.11387009838e-07, 1.99956289748e-07, 7.054161415e-07, 4.20403409862e-07, 6.79376853441e-07, 1.37329504923e-06, 5.54894086235e-06, 3.95483812099e-06, 1.90743367057e-06, 6.79461095388e-07, 5.06569392655e-07, 2.09716333188e-07, 2.79307499795e-07, 6.45456088577e-09, 2.38256393781e-11], [7.96944801817e-11, 3.56543572444e-09, 7.36827843184e-09, 5.1728719086e-09, 5.65552671361e-09, 9.34762336979e-11, 1.20977588836e-07, 6.73768028037e-08, 7.83585463182e-08, 5.4959674145e-08, 6.63091270781e-08, 9.3518579547e-08, 1.49348849732e-07, 2.29869257851e-07, 6.92684693604e-07, 4.48063701697e-07, 8.08513675565e-07, 1.44708985772e-06, 3.95483812099e-06, 8.25931329018e-06, 1.80063420885e-06, 7.46175828681e-07, 4.39835389443e-07, 2.92779049005e-07, 3.0552860153e-07, 5.85922022012e-09, 2.99919464264e-11], [-3.15125291313e-12, -2.13813244887e-10, -4.85219031621e-10, -2.32973695891e-10, 2.69712208123e-09, 1.7585792822e-09, 7.5335293559e-08, 4.16742444997e-08, 4.06939193454e-08, 3.72485366995e-08, 3.47810029666e-08, 5.13758422471e-08, 6.20283771013e-08, 9.64002779824e-08, 3.35750769409e-07, 2.30830664805e-07, 3.25147738067e-07, 7.07653157406e-07, 1.90743367057e-06, 1.80063420885e-06, 1.55527095558e-06, 3.60991862181e-07, 2.54935457633e-07, 9.77259517754e-08, 1.36952962748e-07, 3.1276696788e-09, 1.16512598181e-11], [1.34458763568e-11, 5.58842416787e-10, 1.35512912003e-09, 9.93266358051e-10, 1.24734711449e-09, 4.00585453697e-10, 2.81025904769e-08, 1.71643055324e-08, 1.69760401292e-08, 1.55661741275e-08, 1.43394558449e-08, 1.99952872038e-08, 2.69644466755e-08, 3.82736189408e-08, 1.41425630318e-07, 8.67217053724e-08, 1.21441217971e-07, 2.82878460212e-07, 6.79461095388e-07, 7.46175828681e-07, 3.60991862181e-07, 2.18603261715e-07, 7.5523040266e-08, 3.77014544028e-08, 4.85591158395e-08, 9.40420963325e-10, 4.47283442923e-12], [-2.82898682778e-12, -9.67135885266e-11, -1.74114611617e-10, -9.98156002296e-11, 6.66578903186e-10, 1.52468745962e-10, 2.00401029105e-08, 9.18016063167e-09, 6.28466745312e-09, 7.72250707826e-09, 8.43164915665e-09, 1.03004351715e-08, 1.24095063114e-08, 2.47226452643e-08, 8.45200176514e-08, 5.2506511139e-08, 7.99401433937e-08, 1.50650862452e-07, 5.06569392655e-07, 4.39835389443e-07, 2.54935457633e-07, 7.5523040266e-08, 1.01639543004e-07, 2.29962306975e-08, 3.49752866668e-08, 8.51662740331e-10, 2.80997534269e-12], [4.68485189878e-12, 2.02365776913e-10, 3.50724060905e-10, 2.16429180133e-10, 3.22277565745e-10, 9.10807106819e-12, 6.88702517238e-09, 3.31201377435e-09, 4.16170164996e-09, 3.34846661509e-09, 3.64457064528e-09, 4.85514073389e-09, 8.51057713191e-09, 1.16707310482e-08, 3.88352248137e-08, 2.38942021724e-08, 4.3586720011e-08, 7.39358441137e-08, 2.09716333188e-07, 2.92779049005e-07, 9.77259517754e-08, 3.77014544028e-08, 2.29962306975e-08, 1.78851671251e-08, 1.87950615071e-08, 3.13505610361e-10, 1.55332138211e-12], [7.49189393249e-13, 8.06130336095e-12, -1.60157893891e-11, 6.47437138623e-12, 4.69987493368e-10, -2.77419354849e-11, 1.14242535432e-08, 6.27634877404e-09, 5.41821387756e-09, 6.06661831881e-09, 5.78386449845e-09, 7.96750221355e-09, 1.1205199435e-08, 1.47539012119e-08, 5.10775208795e-08, 3.2966791963e-08, 6.03373564445e-08, 1.01785246898e-07, 2.79307499795e-07, 3.0552860153e-07, 1.36952962748e-07, 4.85591158395e-08, 3.49752866668e-08, 1.87950615071e-08, 3.73007864596e-08, 4.31547325652e-10, 2.1384159634e-12], [-1.81815503544e-14, -5.60003269885e-13, -6.18148923975e-13, -2.69280637285e-13, 8.02842427955e-12, 3.89625354549e-12, 2.14675721644e-10, 1.21354995497e-10, 8.22839574255e-11, 9.52802350906e-11, 9.56277140807e-11, 1.42123590674e-10, 1.68851252424e-10, 3.02308650335e-10, 1.01023178711e-09, 6.59441667938e-10, 9.65091340177e-10, 1.96386440443e-09, 6.45456088577e-09, 5.85922022012e-09, 3.1276696788e-09, 9.40420963325e-10, 8.51662740331e-10, 3.13505610361e-10, 4.31547325652e-10, 1.48520293286e-11, 3.84309791835e-14], [2.31063097063e-16, 4.63478895156e-15, 5.34528781101e-15, 4.45465468983e-15, 3.86868881657e-14, -8.94523882321e-15, 8.91928891855e-13, 5.24101595456e-13, 4.11284504717e-13, 4.50093223326e-13, 4.65073997109e-13, 6.42941483473e-13, 1.00475281307e-12, 1.31701062816e-12, 4.30613357472e-12, 2.88748734124e-12, 4.42080356697e-12, 9.66700504368e-12, 2.38256393781e-11, 2.99919464264e-11, 1.16512598181e-11, 4.47283442923e-12, 2.80997534269e-12, 1.55332138211e-12, 2.1384159634e-12, 3.84309791835e-14, 1.76831172047e-15]]
    },
    "mfcc": {
        "kurt": [7.16893482208, 15.7830810547, 26.2466220856, 4.89311790466, 0.529067277908, 1.4747133255, 0.328563213348, 0.513711690903, 1.11396551132, 0.73294711113, 0.140594959259, -0.183078289032, -0.238916873932],
        "max": [-588.863037109, 175.013122559, 43.3043251038, 71.6508026123, 4.74746704102, 8.755443573, 33.0747451782, 9.66592979431, 24.6337242126, 32.4977340698, 21.289232254, 18.332901001, 15.9194393158],
        "mean": [-662.323425293, -31.0369338989, -83.8769454956, 2.80074644089, -33.824131012, -33.6709213257, -8.03826618195, -20.1197490692, -2.26273155212, -0.346118509769, -2.86292982101, -2.39757728577, -4.0339884758],
        "median": [-629.989074707, -35.6566009521, -85.1573104858, 0.290111541748, -35.4911804199, -35.4778366089, -9.23284721375, -20.8410072327, -2.79068374634, -0.803815841675, -3.14549827576, -2.42593765259, -3.880859375],
        "min": [-1128.78076172, -66.5909805298, -114.669464111, -22.0850200653, -62.5699081421, -59.7466278076, -32.3863792419, -44.0265350342, -45.6209945679, -24.8333454132, -24.6792907715, -21.3090839386, -21.0173149109],
        "skew": [-2.58606481552, 3.19932746887, 3.78765201569, 1.84575343132, 0.783852398396, 1.07134008408, 0.52157574892, 0.533434152603, 0.0454507656395, 0.451675444841, 0.231542676687, 0.0862364768982, 0.063428170979],
        "var": [6101.37890625, 489.661071777, 189.219741821, 173.604400635, 120.595420837, 110.751647949, 92.0820999146, 52.8481369019, 72.6506118774, 59.2438659668, 43.6872787476, 42.8415145874, 39.863407135],
        "cov": [[6106.82666016, -1408.921875, -470.353637695, -616.59375, -480.306091309, -414.364776611, -284.157043457, -60.9259757996, -71.6711883545, 118.38584137, 59.8692398071, -56.9948310852, 148.650772095], [-1408.921875, 490.098266602, 194.343414307, 161.324966431, 129.872299194, 124.563407898, 83.2963867188, 38.8019218445, 36.0218887329, -12.6121835709, 7.57861423492, 25.5071125031, -19.3476543427], [-470.353637695, 194.343414307, 189.388687134, 79.7982330322, 67.4308853149, 68.1994171143, 24.5042858124, 11.8274717331, -2.87365865707, 12.9929742813, 12.3924102783, 11.1412401199, 19.9145393372], [-616.59375, 161.324966431, 79.7982330322, 173.759399414, 98.3032302856, 102.401908875, 77.9941864014, 31.5931739807, 44.5082359314, 27.1281776428, 10.3179035187, 24.6475391388, -6.87295770645], [-480.306091309, 129.872299194, 67.4308853149, 98.3032302856, 120.703094482, 82.1423416138, 70.4513702393, 35.5351600647, 33.5700836182, 20.8633937836, 16.060842514, 14.3610029221, -5.05222415924], [-414.364776611, 124.563407898, 68.1994171143, 102.401908875, 82.1423416138, 110.850540161, 66.0448608398, 30.9587402344, 37.4807281494, 26.3793106079, 17.4700546265, 19.4787216187, 1.41244745255], [-284.157043457, 83.2963867188, 24.5042858124, 77.9941864014, 70.4513702393, 66.0448608398, 92.16431427, 42.5922164917, 46.3262367249, 27.1840305328, 19.0547199249, 21.140619278, -3.01053476334], [-60.9259757996, 38.8019218445, 11.8274717331, 31.5931739807, 35.5351600647, 30.9587402344, 42.5922164917, 52.895324707, 39.150138855, 22.990234375, 19.8260574341, 14.3151865005, 4.03330278397], [-71.6711883545, 36.0218887329, -2.87365865707, 44.5082359314, 33.5700836182, 37.4807281494, 46.3262367249, 39.150138855, 72.7154769897, 27.3194980621, 19.4906406403, 16.0619678497, -1.69965171814], [118.38584137, -12.6121835709, 12.9929742813, 27.1281776428, 20.8633937836, 26.3793106079, 27.1840305328, 22.990234375, 27.3194980621, 59.2967643738, 25.6393795013, 15.9826135635, 14.4343729019], [59.8692398071, 7.57861423492, 12.3924102783, 10.3179035187, 16.060842514, 17.4700546265, 19.0547199249, 19.8260574341, 19.4906406403, 25.6393795013, 43.7262840271, 19.8384799957, 13.8630418777], [-56.9948310852, 25.5071125031, 11.1412401199, 24.6475391388, 14.3610029221, 19.4787216187, 21.140619278, 14.3151865005, 16.0619678497, 15.9826135635, 19.8384799957, 42.8797683716, 13.1505737305], [148.650772095, -19.3476543427, 19.9145393372, -6.87295770645, -5.05222415924, 1.41244745255, -3.01053476334, 4.03330278397, -1.69965171814, 14.4343729019, 13.8630418777, 13.1505737305, 39.8989982605]]
    },
    "sccoeffs": {
        "kurt": [-0.510828733444, -0.108598947525, 0.333323955536, -0.0852677822113, 1.73330211639, 0.741274595261],
        "max": [-0.512866318226, -0.60137540102, -0.713007509708, -0.708308637142, -0.70009958744, -0.729453086853],
        "mean": [-0.71837157011, -0.750166893005, -0.831234037876, -0.797733366489, -0.782339453697, -0.782081902027],
        "median": [-0.715800046921, -0.748177170753, -0.830950140953, -0.796273946762, -0.780875563622, -0.780346930027],
        "min": [-0.984480917454, -0.958565831184, -0.9508253932, -0.909259676933, -0.921078324318, -0.876808643341],
        "skew": [-0.135913804173, -0.0433288626373, 0.103665858507, -0.115981146693, -0.64142537117, -0.566475868225],
        "var": [0.00503282342106, 0.00334177492186, 0.00107591005508, 0.00115749426186, 0.000779745052569, 0.000436234317021],
        "cov": [[0.00503731705248, 0.000796760839876, 0.000406344945077, 0.000557111459784, 0.00043886853382, 0.000270809832728], [0.000796760839876, 0.00334475864656, 0.00037940783659, 0.000564773625229, 0.000565162335988, 0.000315326440614], [0.000406344945077, 0.00037940783659, 0.00107687071431, 0.000271039927611, 0.000264415662969, 0.000153567001689], [0.000557111459784, 0.000564773625229, 0.000271039927611, 0.00115852768067, 0.000390428933315, 0.000291902164463], [0.00043886853382, 0.000565162335988, 0.000264415662969, 0.000390428933315, 0.000780441216193, 0.000201075657969], [0.000270809832728, 0.000315326440614, 0.000153567001689, 0.000291902164463, 0.000201075657969, 0.000436623813584]]
    },
    "scvalleys": {
        "kurt": [0.689986467361, 2.96892356873, 6.73169898987, 11.1691789627, 12.372294426, 11.3907051086],
        "max": [-6.40526390076, -5.73915195465, -5.4801492691, -5.57041406631, -5.02211809158, -6.63496112823],
        "mean": [-9.59055423737, -7.22166442871, -6.6118183136, -6.390188694, -5.80700063705, -7.50133657455],
        "median": [-9.70313453674, -7.06522989273, -6.39981603622, -6.17753601074, -5.5335149765, -7.12521362305],
        "min": [-12.0039606094, -11.2421894073, -11.495182991, -11.7152833939, -11.3240766525, -13.6262083054],
        "skew": [0.665345609188, -1.54933094978, -2.43017888069, -3.0113670826, -3.17668962479, -3.10266232491],
        "var": [0.535687983036, 0.451605588198, 0.57845044136, 0.537244975567, 0.692538559437, 1.00015068054],
        "cov": [[0.536166250706, 0.0475580841303, 0.0687311887741, 0.0765921771526, 0.0860567167401, 0.099509999156], [0.0475580841303, 0.45200881362, 0.420989602804, 0.391112446785, 0.445000439882, 0.54104334116], [0.0687311887741, 0.420989602804, 0.578966915607, 0.50445574522, 0.570419669151, 0.687634050846], [0.0765921771526, 0.391112446785, 0.50445574522, 0.537724673748, 0.583167493343, 0.702901721001], [0.0860567167401, 0.445000439882, 0.570419669151, 0.583167493343, 0.693156898022, 0.817449867725], [0.099509999156, 0.54104334116, 0.687634050846, 0.702901721001, 0.817449867725, 1.00104367733]]
    }
},
"rhythm": {
    "beats_loudness": {
        "kurt": -0.907265663147,
        "max": 0.0320230424404,
        "mean": 0.0158291179687,
        "median": 0.0175864957273,
        "min": 0.000157890433911,
        "skew": -0.201421007514,
        "var": 6.81108867866e-05
    },
    "bpm": 83.091796875,
    "confidence": 0.462887763977,
    "first_peak_bpm": {
        "kurt": 0,
        "max": 83,
        "mean": 83,
        "median": 83,
        "min": 83,
        "skew": 0,
        "var": 0
    },
    "first_peak_spread": {
        "kurt": 0,
        "max": 0.357142806053,
        "mean": 0.357142806053,
        "median": 0.357142806053,
        "min": 0.357142806053,
        "skew": 0,
        "var": 0
    },
    "first_peak_weight": {
        "kurt": 0,
        "max": 0.219512194395,
        "mean": 0.219512194395,
        "median": 0.219512194395,
        "min": 0.219512194395,
        "skew": 0,
        "var": 0
    },
    "onset_rate": 0.192411065102,
    "second_peak_bpm": {
        "kurt": 0,
        "max": 110,
        "mean": 110,
        "median": 110,
        "min": 110,
        "skew": 0,
        "var": 0
    },
    "second_peak_spread": {
        "kurt": 0,
        "max": 0.619047641754,
        "mean": 0.619047641754,
        "median": 0.619047641754,
        "min": 0.619047641754,
        "skew": 0,
        "var": 0
    },
    "second_peak_weight": {
        "kurt": 0,
        "max": 0.195121943951,
        "mean": 0.195121943951,
        "median": 0.195121943951,
        "min": 0.195121943951,
        "skew": 0,
        "var": 0
    },
    "beats_loudness_band_ratio": {
        "kurt": [32.3503723145, 3.03943777084, 31.2585716248, 26.265165329, 2.02259159088, 6.17554569244],
        "max": [0.00518325855955, 0.00522036431357, 0.239969372749, 0.192348331213, 0.589493453503, 0.790928483009],
        "mean": [0.000273879850283, 0.0013568745926, 0.0272147487849, 0.0379199497402, 0.307823389769, 0.634893596172],
        "median": [9.20493112062e-05, 0.00105561874807, 0.0212068259716, 0.0334738194942, 0.288193821907, 0.656606554985],
        "min": [9.31576141738e-06, 0.000178544971277, 0.00463887443766, 0.0127243362367, 0.170039877295, 0.144650012255],
        "skew": [5.70669317245, 1.76466524601, 5.5454826355, 4.89109706879, 1.32932460308, -2.17984867096],
        "var": [6.2577890958e-07, 1.13160535875e-06, 0.00119370687753, 0.000681059318595, 0.00665346905589, 0.0132607705891],
        "cov": [[6.41041822291e-07, 2.8969841992e-07, -1.81791824616e-06, 1.03239801774e-06, -1.91399021787e-06, 1.94300832845e-06], [2.8969841992e-07, 1.1592054534e-06, 5.29870249011e-06, 6.05298328082e-06, 1.0305444448e-05, -2.3902828616e-05], [-1.81791824616e-06, 5.29870249011e-06, 0.00122282176744, 0.00088562205201, 0.000799861969426, -0.00290711107664], [1.03239801774e-06, 6.05298328082e-06, 0.00088562205201, 0.000697670562658, 0.000735293491744, -0.0023181149736], [-1.91399021787e-06, 1.0305444448e-05, 0.000799861969426, 0.000735293491744, 0.00681574875489, -0.00832790881395], [1.94300832845e-06, -2.3902828616e-05, -0.00290711107664, -0.0023181149736, -0.00832790881395, 0.0135842040181]]
    },
    "beats_position": [0.557278871536, 1.1261677742, 1.69505667686, 2.2523355484, 2.80961441994, 3.34367346764, 3.87773227692, 4.42340135574, 4.96907043457, 5.50312900543, 6.06040811539, 6.60607719421, 7.1517457962, 7.6858048439, 8.2198638916, 8.76553249359, 9.31120204926, 9.86848068237, 10.4257593155, 10.9714279175, 11.5170974731, 12.051156044, 12.5852155685, 13.1192741394, 13.7578229904, 14.3847618103, 15.0233106613, 15.6618595123, 16.3700675964, 17.0898857117, 17.8097057343, 18.5295238495, 19.2493419647, 19.96916008, 20.6773700714, 21.3855781555, 22.1053962708, 22.8368244171, 23.5914726257, 24.3345127106, 25.0543308258, 25.774148941],
    "bpm_estimates": [84.7208633423, 83.3543930054, 83.3541717529, 83.3543930054, 83.3543930054, 83.3543930054, 84.7206344604, 84.7208633423, 83.3543930054, 82.0312957764, 79.5072479248, 80.7493438721, 83.3543930054, 83.3543930054],
    "bpm_intervals": [0.568888902664, 0.568888902664, 0.557278871536, 0.557278871536, 0.534059047699, 0.53405880928, 0.545669078827, 0.545669078827, 0.534058570862, 0.557279109955, 0.545669078827, 0.54566860199, 0.534059047699, 0.534059047699, 0.54566860199, 0.545669555664, 0.557278633118, 0.557278633118, 0.54566860199, 0.545669555664, 0.534058570862, 0.534059524536, 0.534058570862, 0.638548851013, 0.626938819885, 0.638548851013, 0.638548851013, 0.708208084106, 0.719818115234, 0.719820022583, 0.719818115234, 0.719818115234, 0.719818115234, 0.708209991455, 0.708208084106, 0.719818115234, 0.731428146362, 0.754648208618, 0.743040084839, 0.719818115234, 0.719818115234],
    "onset_times": [0.267029464245, 0.394739240408, 14.512471199, 25.7973690033, 25.9134693146],
    "histogram": [[0, 0, 0, 0, 0, 0, 0, 0, 0, 0, 0, 0, 0, 0, 0, 0, 0, 0, 0, 0, 0, 0, 0, 0, 0, 0, 0, 0, 0, 0, 0, 0, 0, 0, 0, 0, 0, 0, 0, 0, 0, 0, 0, 0, 0, 0, 0, 0, 0, 0, 0, 0, 0, 0, 0, 0, 0, 0, 0, 0, 0, 0, 0, 0, 0, 0, 0, 0, 0, 0, 0, 0, 0, 0, 0, 0, 0, 0, 0, 0, 0.0243902429938, 0.0243902429938, 0.0243902429938, 0.195121943951, 0, 0.0731707289815, 0, 0, 0, 0, 0, 0, 0, 0, 0.0731707289815, 0, 0.0243902429938, 0, 0, 0, 0, 0, 0, 0, 0, 0.0487804859877, 0, 0, 0.12195122242, 0, 0.195121943951, 0, 0.195121943951, 0, 0, 0, 0, 0, 0, 0, 0, 0, 0, 0, 0, 0, 0, 0, 0, 0, 0, 0, 0, 0, 0, 0, 0, 0, 0, 0, 0, 0, 0, 0, 0, 0, 0, 0, 0, 0, 0, 0, 0, 0, 0, 0, 0, 0, 0, 0, 0, 0, 0, 0, 0, 0, 0, 0, 0, 0, 0, 0, 0, 0, 0, 0, 0, 0, 0, 0, 0, 0, 0, 0, 0, 0, 0, 0, 0, 0, 0, 0, 0, 0, 0, 0, 0, 0, 0, 0, 0, 0, 0, 0, 0, 0, 0, 0, 0, 0, 0, 0, 0, 0, 0, 0, 0, 0, 0, 0, 0, 0, 0, 0, 0, 0, 0, 0, 0, 0, 0, 0, 0, 0, 0, 0, 0, 0, 0, 0, 0, 0, 0, 0, 0, 0, 0, 0, 0, 0]]
},
"sfx": {
    "inharmonicity": {
        "kurt": 26.6951675415,
        "max": 0.425532609224,
        "mean": 0.012872251682,
        "median": 0,
        "min": 0,
        "skew": 5.06728315353,
        "var": 0.00292869633995
    },
    "oddtoevenharmonicenergyratio": {
        "kurt": 79.811630249,
        "max": 10.2975816727,
        "mean": 0.158756747842,
        "median": 0,
        "min": 0,
        "skew": 8.0801076889,
        "var": 0.650260090828
    },
    "pitch_after_max_to_before_max_energy_ratio": 0.00756806135178,
    "pitch_centroid": 555.817382812,
    "pitch_max_to_total": 0.988403201103,
    "pitch_min_to_total": 0.992863535881,
    "tristimulus": {
        "kurt": [6.35077095032, 16.5810966492, 17.4028701782],
        "max": [1, 0.981011450291, 0.973534047604],
        "mean": [0.914365649223, 0.0430469736457, 0.0425876677036],
        "median": [1, 0, 0],
        "min": [0, 0, 0],
        "skew": [-2.86958575249, 4.14282798767, 4.2630109787],
        "var": [0.0712925568223, 0.0264065060765, 0.028808042407],
        "cov": [[0.0713562071323, -0.034476082772, -0.0368797183037], [-0.034476082772, 0.0264300834388, 0.008046252653], [-0.0368797183037, 0.008046252653, 0.0288337636739]]
    }
},
"tonal": {
    "chords_changes_rate": 0.105169340968,
    "chords_number_rate": 0.0231729056686,
    "chords_strength": {
        "kurt": 0.053364276886,
        "max": 0.67477440834,
        "mean": 0.442789614201,
        "median": 0.417516171932,
        "min": 0.298760265112,
        "skew": 0.860766172409,
        "var": 0.00500574335456
    },
    "key_strength": 0.318193256855,
    "tuning_diatonic_strength": 0.474318355322,
    "tuning_equal_tempered_deviation": 0.196873262525,
    "tuning_frequency": 440.508575439,
    "tuning_nontempered_energy_ratio": 0.903597474098,
    "hpcp": {
        "kurt": [-0.564651966095, -0.607956409454, -1.32624518871, -1.23451530933, -0.294006109238, 0.713098526001, 0.897362232208, 0.855670928955, 0.163594007492, -0.325116634369, -0.338221311569, -0.128378629684, -0.0352160930634, -0.492317199707, -0.473112821579, 0.433117866516, 1.49458456039, 3.34511184692, 2.99567890167, 4.49147462845, 10.2418737411, 7.54783058167, 3.65748548508, 1.89950799942, 1.90695524216, 3.07117271423, 2.91632509232, 2.99892234802, 2.28084564209, 4.77309799194, 3.14633369446, 2.10369062424, 1.70751237869, 1.9976568222, 0.386895895004, -0.544540882111],
