{
"metadata": {
    "version": {
        "essentia": "2.1-beta3"
    }
},
"lowLevel": {
    "average_loudness": 0.973156988621,
    "barkbands_kurtosis": {
        "kurt": 22.5304889679,
        "max": 10.0983848572,
        "mean": 1.06269776821,
        "median": 1.0599155426,
        "min": -1.62006402016,
        "skew": 2.56518793106,
        "var": 0.921883642673
    },
    "barkbands_skewness": {
        "kurt": 10.9767789841,
        "max": 0.932046949863,
        "mean": -0.890678405762,
        "median": -0.904112517834,
        "min": -2.96902513504,
        "skew": 0.56556469202,
        "var": 0.0955941006541
    },
    "barkbands_spread": {
        "kurt": 19.6505069733,
        "max": 53.8264083862,
        "mean": 12.7230672836,
        "median": 12.0062885284,
        "min": 3.27714014053,
        "skew": 3.65144824982,
        "var": 24.7571659088
    },
    "dissonance": {
        "kurt": 188.887298584,
        "max": 0.499998450279,
        "mean": 0.492088884115,
        "median": 0.494139999151,
        "min": 0.284969180822,
        "skew": -12.2091197968,
        "var": 0.000164141994901
    },
    "hfc": {
        "kurt": -0.112947225571,
        "max": 169.256698608,
        "mean": 73.311340332,
        "median": 80.9978027344,
        "min": 1.99856992067e-10,
        "skew": -0.649240672588,
        "var": 1304.39550781
    },
    "pitch": {
        "kurt": 0.331277132034,
        "max": 3985.14990234,
        "mean": 1163.66186523,
        "median": 729.801879883,
        "min": 66.7349243164,
        "skew": 1.16108882427,
        "var": 1035626.5
    },
    "pitch_instantaneous_confidence": {
        "kurt": 8.83268451691,
        "max": 0.753791868687,
        "mean": 0.265692263842,
        "median": 0.254971683025,
        "min": 0.131720900536,
        "skew": 1.99247777462,
        "var": 0.00500918738544
    },
    "pitch_salience": {
        "kurt": 0.497012376785,
        "max": 0.904089510441,
        "mean": 0.765609383583,
        "median": 0.764317512512,
        "min": 0.681835711002,
        "skew": 0.394583374262,
        "var": 0.00117663864512
    },
    "silence_rate_20dB": {
        "kurt": 0,
        "max": 1,
        "mean": 1,
        "median": 1,
        "min": 1,
        "skew": 0,
        "var": 0
    },
    "silence_rate_30dB": {
        "kurt": 0,
        "max": 1,
        "mean": 1,
        "median": 1,
        "min": 1,
        "skew": 0,
        "var": 0
    },
    "silence_rate_60dB": {
        "kurt": 3.48498010635,
        "max": 1,
        "mean": 0.119777157903,
        "median": 0,
        "min": 0,
        "skew": 2.34199929237,
        "var": 0.105430170894
    },
    "spectral_centroid": {
        "kurt": 7.74503898621,
        "max": 3714.28051758,
        "mean": 2690.96557617,
        "median": 2687.2512207,
        "min": 1285.56787109,
        "skew": -0.874381899834,
        "var": 57184.9257812
    },
    "spectral_complexity": {
        "kurt": 2.64673233032,
        "max": 61,
        "mean": 44.4317550659,
        "median": 50,
        "min": 0,
        "skew": -2.04056596756,
        "var": 269.849487305
    },
    "spectral_crest": {
        "kurt": 10.9823856354,
        "max": 18.3277721405,
        "mean": 5.83557224274,
        "median": 5.44853925705,
        "min": 3.23390221596,
        "skew": 2.41287827492,
        "var": 2.93313479424
    },
    "spectral_decrease": {
        "kurt": -0.233256101608,
        "max": -1.20518688519e-20,
        "mean": -5.48232392816e-09,
        "median": -5.95158589078e-09,
        "min": -1.33133877256e-08,
        "skew": 0.486121684313,
        "var": 7.8214186897e-18
    },
    "spectral_energy": {
        "kurt": -0.208025217056,
        "max": 0.0655998140574,
        "mean": 0.0273411050439,
        "median": 0.0297215953469,
        "min": 6.36142207704e-14,
        "skew": -0.541220724583,
        "var": 0.000190198654309
    },
    "spectral_energyband_high": {
        "kurt": 0.0934154987335,
        "max": 0.01217442099,
        "mean": 0.00419925805181,
        "median": 0.00452603911981,
        "min": 1.28407170896e-14,
        "skew": -0.250821322203,
        "var": 4.91316723128e-06
    },
    "spectral_energyband_low": {
        "kurt": 6.34558296204,
        "max": 1.7117776224e-05,
        "mean": 2.41364773501e-06,
        "median": 1.74550018528e-06,
        "min": 1.13082392469e-15,
        "skew": 2.21397805214,
        "var": 6.42761538439e-12
    },
    "spectral_energyband_middle_high": {
        "kurt": -0.194671630859,
        "max": 0.0546367056668,
        "mean": 0.0218423437327,
        "median": 0.0232449229807,
        "min": 4.19530302696e-14,
        "skew": -0.347664445639,
        "var": 0.000129496955196
    },
    "spectral_energyband_middle_low": {
        "kurt": -0.306738138199,
        "max": 0.00428239582106,
        "mean": 0.00140153395478,
        "median": 0.00148550875019,
        "min": 7.9793502128e-15,
        "skew": 0.0915436148643,
        "var": 7.30976751129e-07
    },
    "spectral_flatness_db": {
        "kurt": 7.52307701111,
        "max": 0.250025629997,
        "mean": 0.193736165762,
        "median": 0.1985886693,
        "min": 0.0746032223105,
        "skew": -2.45214962959,
        "var": 0.000699141004588
    },
    "spectral_flux": {
        "kurt": 1.22137022018,
        "max": 0.164954677224,
        "mean": 0.0994474068284,
        "median": 0.111024387181,
        "min": 3.26407134708e-05,
        "skew": -1.40883302689,
        "var": 0.00141628389247
    },
    "spectral_kurtosis": {
        "kurt": 4.95852136612,
        "max": 7.85379695892,
        "mean": 3.37883996964,
        "median": 3.30762672424,
        "min": 0.692737817764,
        "skew": 1.14477014542,
        "var": 0.666396856308
    },
    "spectral_rms": {
        "kurt": 1.14532756805,
        "max": 0.00799998827279,
        "mean": 0.00481869047508,
        "median": 0.00538485636935,
        "min": 7.87798537516e-09,
        "skew": -1.43306744099,
        "var": 3.4544718801e-06
    },
    "spectral_rolloff": {
        "kurt": 8.3416185379,
        "max": 5835.49804688,
        "mean": 4021.43066406,
        "median": 4026.70898438,
        "min": 2433.25195312,
        "skew": 0.620093405247,
        "var": 108509.09375
    },
    "spectral_skewness": {
        "kurt": 3.71161365509,
        "max": 2.08415913582,
        "mean": 1.42797744274,
        "median": 1.4269400835,
        "min": 0.81641626358,
        "skew": 0.185102716088,
        "var": 0.0219117887318
    },
    "spectral_spread": {
        "kurt": 18.463886261,
        "max": 11644726,
        "mean": 4639941,
        "median": 4479963,
        "min": 2840746.5,
        "skew": 4.04258108139,
        "var": 1.02098639258e+12
    },
    "spectral_strongpeak": {
        "kurt": 0.369280576706,
        "max": 7.79485416412,
        "mean": 2.31816983223,
        "median": 2.07156229019,
        "min": 8.20723641937e-07,
        "skew": 0.745051026344,
        "var": 2.55662631989
    },
    "zerocrossingrate": {
        "kurt": 144.903198242,
        "max": 0.43505859375,
        "mean": 0.134241983294,
        "median": 0.1328125,
        "min": 0.06494140625,
        "skew": 10.0734949112,
        "var": 0.000400047865696
    },
    "barkbands": {
        "kurt": [5.99850654602, 10.9350709915, 3.98902225494, 5.54055309296, 64.273727417, -1.24511253834, 18.293346405, 33.7743301392, 2.28137874603, 4.07721614838, 7.4020242691, 9.93101215363, 0.284597873688, 1.35289430618, 2.26610040665, 2.09825277328, 0.728672981262, 0.00560545921326, -0.420692443848, -0.321949481964, -0.0604658126831, -0.130342483521, -0.311690568924, -0.607172250748, -0.433206319809, -0.0393438339233, 2.33919382095],
        "max": [7.81788855875e-09, 7.85222198374e-07, 5.94984157942e-06, 2.08752662729e-05, 0.000146136706462, 0.00235562352464, 0.00357299437746, 0.00151418242604, 0.00137319602072, 0.00165181967895, 0.00141575629823, 0.00756242033094, 0.00807938445359, 0.00577340787277, 0.00869684573263, 0.0230573844165, 0.00693527283147, 0.0104758739471, 0.00656233914196, 0.00948232784867, 0.00443546287715, 0.00137278949842, 0.000472594547318, 0.000184633128811, 4.1642881115e-05, 3.35361619364e-06, 1.65791824713e-08],
        "mean": [1.05787711924e-09, 8.14372356217e-08, 9.49530772232e-07, 3.06755282509e-06, 9.7716201708e-06, 0.000657476251945, 0.000260675733443, 0.000112770154374, 0.000269610376563, 0.000280145206489, 0.000218041299377, 0.000892884971108, 0.00184673338663, 0.00126046186779, 0.00190668553114, 0.00547262467444, 0.00214625848457, 0.0032415559981, 0.00269631692208, 0.00360721023753, 0.00166242255364, 0.0005265318905, 0.000179826107342, 7.24953060853e-05, 1.52632765094e-05, 1.26828558678e-06, 3.89968857206e-09],
        "median": [6.91793622387e-10, 4.98396488524e-08, 6.31936984519e-07, 1.94711333279e-06, 7.85610882303e-06, 0.000552270503249, 0.000104497259599, 8.03144503152e-05, 0.000225607000175, 0.000219147143071, 0.000189586789929, 0.000636761076748, 0.00146849255543, 0.00106397562195, 0.00165399862453, 0.00501788081601, 0.00202464917675, 0.00328928092495, 0.00280265393667, 0.00376619817689, 0.00173229211941, 0.000541664485354, 0.000182444229722, 7.66288067098e-05, 1.62653632287e-05, 1.2792132793e-06, 3.98503718912e-09],
        "min": [1.40853770543e-16, 6.87269457331e-16, 2.36801189416e-16, 3.56587371206e-16, 2.63335639983e-15, 2.74746126694e-15, 1.51307252961e-15, 6.13000073269e-16, 9.97923264129e-17, 5.3956369317e-17, 4.24836177429e-16, 3.49815316323e-16, 1.03037206402e-15, 2.27865732976e-15, 1.09578280694e-15, 2.13001067081e-15, 6.05130290156e-15, 6.126100993e-15, 1.35527787249e-14, 1.31415061125e-14, 2.45800490964e-15, 2.5621283405e-15, 1.6871680817e-15, 8.14449601477e-16, 7.31186792157e-16, 8.49144507748e-17, 1.07626893138e-17],
        "skew": [2.09244990349, 2.77877998352, 1.80356943607, 2.09087896347, 6.01448631287, 0.3638048172, 4.07843208313, 4.69777822495, 1.36862325668, 1.6409393549, 1.86786937714, 2.74465727806, 0.872688770294, 1.09010899067, 1.29303228855, 1.17813408375, 0.68283200264, 0.142271608114, -0.131912797689, -0.0431719049811, -0.0247721634805, -0.0499187894166, 0.0516683124006, -0.191985368729, -0.0942271500826, -0.0155480606481, 0.738264143467],
        "var": [1.27314356268e-18, 9.64867512195e-15, 9.57613762592e-13, 1.14561259784e-11, 1.22275731207e-10, 3.72766550072e-07, 2.5412902005e-07, 1.971282515e-08, 4.9719790951e-08, 6.06080448051e-08, 3.17359933888e-08, 9.42297390338e-07, 2.388480425e-06, 9.95412165139e-07, 2.19434059545e-06, 1.75902314368e-05, 1.93155324268e-06, 3.54947746928e-06, 2.23350912165e-06, 4.27701297667e-06, 8.42981194182e-07, 8.46534433663e-08, 1.08849018687e-08, 1.71552239081e-09, 7.78218184339e-11, 4.9812226826e-13, 5.85182637778e-18],
        "cov": [[1.27669992233e-18, 9.67399141473e-18, 1.74734876675e-16, 1.57711949655e-16, 8.56439936348e-16, 1.77084841474e-13, 3.53385398201e-14, 8.34205480301e-15, 4.52643666635e-14, 4.54151283637e-14, 3.76763710833e-14, 2.25478110575e-13, 5.50296245204e-13, 2.01688234798e-13, 3.50860481077e-13, 1.72915045997e-12, 3.91959088884e-13, 6.17314250932e-13, 3.38591649293e-13, 7.11497917874e-13, 2.93460134665e-13, 9.87133280932e-14, 3.91062270728e-14, 1.6642923476e-14, 3.40438550424e-15, 2.42930213943e-16, 7.26060574403e-19], [9.67399141473e-18, 9.6756268633e-15, 1.28339696252e-14, 6.68217854639e-14, 1.08984131127e-13, 2.23783110098e-11, -3.39391905693e-14, 3.55319696192e-13, 5.31057186073e-12, 9.39789153616e-13, 1.56588706845e-12, 1.34913582042e-11, 5.25058226064e-11, 2.28457617407e-11, 2.86172752162e-11, 1.04671299406e-10, 1.99128630252e-11, 1.18939146726e-11, 3.58080926022e-11, 4.34183695941e-11, 1.50647879588e-11, 3.82366100588e-12, 2.49797318247e-12, 1.20782973467e-12, 2.27432737357e-13, 1.42075860151e-14, 5.49253981697e-17], [1.74734876675e-16, 1.28339696252e-14, 9.60288597772e-13, 1.17173501804e-12, 2.28311271798e-12, 1.32583943824e-10, 3.8980135092e-11, 2.27749347159e-11, 5.59780104215e-11, 6.6020543199e-11, 3.21773614698e-11, 2.96885793727e-10, 2.43645825737e-10, 4.01128130711e-10, 3.38770789199e-10, 1.22048393614e-09, 2.75747730205e-10, 5.04081498764e-10, 3.88753557123e-10, 7.03198332896e-10, 2.4589680292e-10, 9.50640191566e-11, 4.48637134387e-11, 1.68026495495e-11, 3.34296934752e-12, 2.25241280163e-13, 8.89415828957e-16], [1.57711949655e-16, 6.68217854639e-14, 1.17173501804e-12, 1.14881264224e-11, 1.0287860841e-11, 2.02970765195e-10, 5.86635184874e-10, 6.86950635265e-11, 1.58218230184e-10, 2.47174392065e-10, 5.624350638e-11, 9.6678687278e-10, 1.02104058541e-09, 7.43885453236e-10, 7.17625681101e-10, 3.9340077862e-09, 1.40090117284e-09, 1.6388795876e-09, 1.74372827288e-09, 2.2799755417e-09, 1.09537034998e-09, 3.95119464924e-10, 1.23506566085e-10, 4.73710688731e-11, 1.02071580355e-11, 7.65572175966e-13, 3.45396446023e-15], [8.56439936348e-16, 1.08984131127e-13, 2.28311271798e-12, 1.0287860841e-11, 1.22617277443e-10, 4.85528950378e-10, 7.16600612183e-10, 1.45527409567e-10, 2.41644926291e-10, 6.62294497022e-10, 1.67421507213e-10, 1.95647831269e-09, 2.26672347559e-09, 1.38263966942e-09, 1.68196034878e-09, 6.01035399228e-09, 2.43433717628e-09, 3.80211329087e-09, 3.18640336339e-09, 5.28001375955e-09, 2.14666995291e-09, 7.00157987144e-10, 2.90910240341e-10, 1.01176747536e-10, 2.36421403288e-11, 1.46685398203e-12, 7.85850486925e-15], [1.77084841474e-13, 2.23783110098e-11, 1.32583943824e-10, 2.02970765195e-10, 4.85528950378e-10, 3.73807807819e-07, -7.55825411147e-08, -8.21522050387e-09, 6.15759105926e-08, 2.20637974557e-09, 2.82772809612e-08, 5.72375142838e-08, 5.46096089238e-07, 2.59730086327e-07, 3.84204554393e-07, 1.06988443349e-06, 1.86804030022e-07, 1.8999293161e-07, 3.17392249372e-07, 4.3162654606e-07, 1.80461711352e-07, 3.98697856951e-08, 2.67861199887e-08, 1.45337226698e-08, 2.93494362147e-09, 1.05446866516e-10, 4.19801807249e-13], [3.53385398201e-14, -3.39391905693e-14, 3.8980135092e-11, 5.86635184874e-10, 7.16600612183e-10, -7.55825411147e-08, 2.54838880664e-07, 5.08120168163e-09, 2.00478758594e-10, 4.86440185909e-08, 6.73311140176e-09, 7.80324640459e-08, 5.53699983641e-08, 4.11291196656e-08, 7.38301437764e-08, 5.92599633364e-07, 2.61454658812e-07, 3.5177299651e-07, 2.13846831798e-07, 4.08583503031e-07, 1.69917854009e-07, 6.92779806855e-08, 1.58098831804e-08, 4.92890128712e-09, 1.37412903278e-09, 1.444353942e-10, 5.88091587147e-13], [8.34205480301e-15, 3.55319696192e-13, 2.27749347159e-11, 6.86950635265e-11, 1.45527409567e-10, -8.21522050387e-09, 5.08120168163e-09, 1.97678886593e-08, 5.18057063914e-09, 2.63572830228e-09, 4.96466423527e-09, 1.60206532485e-08, -1.94026945621e-08, 6.68122668301e-09, 1.91316757991e-08, 1.35196787099e-09, 2.95680511186e-08, 6.69307524959e-08, 5.0857952516e-08, 5.75748977383e-08, 3.09151531042e-08, 8.9858289698e-09, 2.21719331783e-09, 4.13067108296e-10, 1.16287403318e-10, 2.51388684175e-11, 3.96770154709e-14], [4.52643666635e-14, 5.31057186073e-12, 5.59780104215e-11, 1.58218230184e-10, 2.41644926291e-10, 6.15759105926e-08, 2.00478758594e-10, 5.18057063914e-09, 4.98586736342e-08, 1.47254066718e-08, 1.16830829455e-08, 4.66619063388e-08, 9.25633329985e-08, 6.30059844298e-08, 7.30594820197e-08, 2.42523668703e-07, 7.04933995621e-08, 1.13139272173e-07, 1.30172821855e-07, 1.27549910189e-07, 6.80294647282e-08, 2.02747312272e-08, 7.40529193521e-09, 3.65280627967e-09, 8.10332967394e-10, 4.94450765054e-11, 1.41398530254e-13], [4.54151283637e-14, 9.39789153616e-13, 6.6020543199e-11, 2.47174392065e-10, 6.62294497022e-10, 2.20637974557e-09, 4.86440185909e-08, 2.63572830228e-09, 1.47254066718e-08, 6.07773458228e-08, 8.64609184248e-09, 1.15636822784e-07, 7.4034858244e-08, 4.36290008565e-08, 5.79842698301e-08, 3.2495708524e-07, 1.34021320264e-07, 1.85005490039e-07, 1.39270795785e-07, 1.78424954811e-07, 9.31802617288e-08, 3.28543201533e-08, 1.05072235357e-08, 4.26067359172e-09, 9.41473454752e-10, 7.16962253455e-11, 2.65761967554e-13], [3.76763710833e-14, 1.56588706845e-12, 3.21773614698e-11, 5.624350638e-11, 1.67421507213e-10, 2.82772809612e-08, 6.73311140176e-09, 4.96466423527e-09, 1.16830829455e-08, 8.64609184248e-09, 3.18246407005e-08, 1.66062914531e-08, 6.97725539567e-08, 5.55256072232e-08, 7.94927501602e-08, 2.06770707223e-07, 6.95595545608e-08, 1.05863890099e-07, 1.02477279995e-07, 1.46275439761e-07, 6.6602432014e-08, 2.09937827123e-08, 7.18253811982e-09, 3.02200930946e-09, 6.30620500264e-10, 5.03272666597e-11, 1.3631236168e-13], [2.25478110575e-13, 1.34913582042e-11, 2.96885793727e-10, 9.6678687278e-10, 1.95647831269e-09, 5.72375142838e-08, 7.80324640459e-08, 1.60206532485e-08, 4.66619063388e-08, 1.15636822784e-07, 1.66062914531e-08, 9.44929524849e-07, 2.07041722433e-07, 2.44484141376e-07, 2.59639278966e-07, 1.41928796893e-06, 4.73274127444e-07, 4.72693386655e-07, 4.83903534132e-07, 6.78059564052e-07, 3.50236746272e-07, 1.18240855329e-07, 3.84941429843e-08, 1.6798487934e-08, 3.19578119523e-09, 2.81685674786e-10, 1.01022879298e-12], [5.50296245204e-13, 5.25058226064e-11, 2.43645825737e-10, 1.02104058541e-09, 2.26672347559e-09, 5.46096089238e-07, 5.53699983641e-08, -1.94026945621e-08, 9.25633329985e-08, 7.4034858244e-08, 6.97725539567e-08, 2.07041722433e-07, 2.39515225076e-06, 7.80193147421e-07, 1.14644535643e-06, 3.88173612009e-06, 8.30573981148e-07, 1.30904845719e-06, 9.19755109408e-07, 1.62559751971e-06, 6.47966089673e-07, 1.8803351054e-07, 9.41861131309e-08, 4.19027159637e-08, 7.64686358679e-09, 5.35152866465e-10, 1.82349838354e-12], [2.01688234798e-13, 2.28457617407e-11, 4.01128130711e-10, 7.43885453236e-10, 1.38263966942e-09, 2.59730086327e-07, 4.11291196656e-08, 6.68122668301e-09, 6.30059844298e-08, 4.36290008565e-08, 5.55256072232e-08, 2.44484141376e-07, 7.80193147421e-07, 9.98192717816e-07, 8.39483902837e-07, 2.06935169444e-06, 5.74970613343e-07, 8.48450611102e-07, 6.69119970098e-07, 1.02142973901e-06, 4.0198113993e-07, 1.17934554567e-07, 5.42034399587e-08, 2.6119861829e-08, 4.44854109105e-09, 3.91024129742e-10, 1.24718410512e-12], [3.50860481077e-13, 2.86172752162e-11, 3.38770789199e-10, 7.17625681101e-10, 1.68196034878e-09, 3.84204554393e-07, 7.38301437764e-08, 1.91316757991e-08, 7.30594820197e-08, 5.79842698301e-08, 7.94927501602e-08, 2.59639278966e-07, 1.14644535643e-06, 8.39483902837e-07, 2.20047013499e-06, 3.76436969418e-06, 9.03561272025e-07, 1.24709958982e-06, 7.92466721578e-07, 1.49657182646e-06, 5.37153368896e-07, 1.51803064341e-07, 7.24700015553e-08, 3.90714447462e-08, 6.98747770755e-09, 5.89386928151e-10, 1.80944647286e-12], [1.72915045997e-12, 1.04671299406e-10, 1.22048393614e-09, 3.9340077862e-09, 6.01035399228e-09, 1.06988443349e-06, 5.92599633364e-07, 1.35196787099e-09, 2.42523668703e-07, 3.2495708524e-07, 2.06770707223e-07, 1.41928796893e-06, 3.88173612009e-06, 2.06935169444e-06, 3.76436969418e-06, 1.76393659785e-05, 2.89729064207e-06, 3.77338642465e-06, 2.77660387837e-06, 4.89358944833e-06, 1.83063593795e-06, 5.24963638782e-07, 2.34464039295e-07, 1.19625383377e-07, 2.38781989736e-08, 1.77250614186e-09, 6.38169204981e-12], [3.91959088884e-13, 1.99128630252e-11, 2.75747730205e-10, 1.40090117284e-09, 2.43433717628e-09, 1.86804030022e-07, 2.61454658812e-07, 2.95680511186e-08, 7.04933995621e-08, 1.34021320264e-07, 6.95595545608e-08, 4.73274127444e-07, 8.30573981148e-07, 5.74970613343e-07, 9.03561272025e-07, 2.89729064207e-06, 1.93694859263e-06, 1.50277935518e-06, 1.16208207146e-06, 1.70357316165e-06, 8.01864644018e-07, 2.59493077692e-07, 7.82018076961e-08, 3.4694178197e-08, 6.90177337503e-09, 6.07976113898e-10, 1.98583120434e-12], [6.17314250932e-13, 1.18939146726e-11, 5.04081498764e-10, 1.6388795876e-09, 3.80211329087e-09, 1.8999293161e-07, 3.5177299651e-07, 6.69307524959e-08, 1.13139272173e-07, 1.85005490039e-07, 1.05863890099e-07, 4.72693386655e-07, 1.30904845719e-06, 8.48450611102e-07, 1.24709958982e-06, 3.77338642465e-06, 1.50277935518e-06, 3.55939232577e-06, 1.7013952629e-06, 2.74935700872e-06, 1.14903730264e-06, 3.66512267647e-07, 1.25110801719e-07, 4.43807230965e-08, 1.02513508793e-08, 8.82249107104e-10, 2.77182335244e-12], [3.38591649293e-13, 3.58080926022e-11, 3.88753557123e-10, 1.74372827288e-09, 3.18640336339e-09, 3.17392249372e-07, 2.13846831798e-07, 5.0857952516e-08, 1.30172821855e-07, 1.39270795785e-07, 1.02477279995e-07, 4.83903534132e-07, 9.19755109408e-07, 6.69119970098e-07, 7.92466721578e-07, 2.77660387837e-06, 1.16208207146e-06, 1.7013952629e-06, 2.23974780056e-06, 2.04812249649e-06, 9.33413105031e-07, 2.76086012718e-07, 9.42616793509e-08, 3.7737311942e-08, 8.0311366446e-09, 6.67814581412e-10, 2.27027619794e-12], [7.11497917874e-13, 4.34183695941e-11, 7.03198332896e-10, 2.2799755417e-09, 5.28001375955e-09, 4.3162654606e-07, 4.08583503031e-07, 5.75748977383e-08, 1.27549910189e-07, 1.78424954811e-07, 1.46275439761e-07, 6.78059564052e-07, 1.62559751971e-06, 1.02142973901e-06, 1.49657182646e-06, 4.89358944833e-06, 1.70357316165e-06, 2.74935700872e-06, 2.04812249649e-06, 4.28896009907e-06, 1.42579131079e-06, 4.5378041591e-07, 1.60573421226e-07, 6.05375589657e-08, 1.24948131841e-08, 1.09134645765e-09, 3.55725713642e-12], [2.93460134665e-13, 1.50647879588e-11, 2.4589680292e-10, 1.09537034998e-09, 2.14666995291e-09, 1.80461711352e-07, 1.69917854009e-07, 3.09151531042e-08, 6.80294647282e-08, 9.31802617288e-08, 6.6602432014e-08, 3.50236746272e-07, 6.47966089673e-07, 4.0198113993e-07, 5.37153368896e-07, 1.83063593795e-06, 8.01864644018e-07, 1.14903730264e-06, 9.33413105031e-07, 1.42579131079e-06, 8.45335875965e-07, 2.02995394716e-07, 6.58928911434e-08, 2.48483047471e-08, 5.40283062733e-09, 4.42167330528e-10, 1.53098746788e-12], [9.87133280932e-14, 3.82366100588e-12, 9.50640191566e-11, 3.95119464924e-10, 7.00157987144e-10, 3.98697856951e-08, 6.92779806855e-08, 8.9858289698e-09, 2.02747312272e-08, 3.28543201533e-08, 2.09937827123e-08, 1.18240855329e-07, 1.8803351054e-07, 1.17934554567e-07, 1.51803064341e-07, 5.24963638782e-07, 2.59493077692e-07, 3.66512267647e-07, 2.76086012718e-07, 4.5378041591e-07, 2.02995394716e-07, 8.48899048833e-08, 2.23005613975e-08, 7.81106113124e-09, 1.69573399766e-09, 1.45245884764e-10, 4.89076552694e-13], [3.91062270728e-14, 2.49797318247e-12, 4.48637134387e-11, 1.23506566085e-10, 2.90910240341e-10, 2.67861199887e-08, 1.58098831804e-08, 2.21719331783e-09, 7.40529193521e-09, 1.05072235357e-08, 7.18253811982e-09, 3.84941429843e-08, 9.41861131309e-08, 5.42034399587e-08, 7.24700015553e-08, 2.34464039295e-07, 7.82018076961e-08, 1.25110801719e-07, 9.42616793509e-08, 1.60573421226e-07, 6.58928911434e-08, 2.23005613975e-08, 1.09153068806e-08, 3.21105941836e-09, 6.69939159703e-10, 4.99884023064e-11, 1.71209902267e-13], [1.6642923476e-14, 1.20782973467e-12, 1.68026495495e-11, 4.73710688731e-11, 1.01176747536e-10, 1.45337226698e-08, 4.92890128712e-09, 4.13067108296e-10, 3.65280627967e-09, 4.26067359172e-09, 3.02200930946e-09, 1.6798487934e-08, 4.19027159637e-08, 2.6119861829e-08, 3.90714447462e-08, 1.19625383377e-07, 3.4694178197e-08, 4.43807230965e-08, 3.7737311942e-08, 6.05375589657e-08, 2.48483047471e-08, 7.81106113124e-09, 3.21105941836e-09, 1.72031433543e-09, 2.91011797993e-10, 2.16275261589e-11, 6.81079541723e-14], [3.40438550424e-15, 2.27432737357e-13, 3.34296934752e-12, 1.02071580355e-11, 2.36421403288e-11, 2.93494362147e-09, 1.37412903278e-09, 1.16287403318e-10, 8.10332967394e-10, 9.41473454752e-10, 6.30620500264e-10, 3.19578119523e-09, 7.64686358679e-09, 4.44854109105e-09, 6.98747770755e-09, 2.38781989736e-08, 6.90177337503e-09, 1.02513508793e-08, 8.0311366446e-09, 1.24948131841e-08, 5.40283062733e-09, 1.69573399766e-09, 6.69939159703e-10, 2.91011797993e-10, 7.80391931632e-11, 4.13168154204e-12, 1.51780697792e-14], [2.42930213943e-16, 1.42075860151e-14, 2.25241280163e-13, 7.65572175966e-13, 1.46685398203e-12, 1.05446866516e-10, 1.444353942e-10, 2.51388684175e-11, 4.94450765054e-11, 7.16962253455e-11, 5.03272666597e-11, 2.81685674786e-10, 5.35152866465e-10, 3.91024129742e-10, 5.89386928151e-10, 1.77250614186e-09, 6.07976113898e-10, 8.82249107104e-10, 6.67814581412e-10, 1.09134645765e-09, 4.42167330528e-10, 1.45245884764e-10, 4.99884023064e-11, 2.16275261589e-11, 4.13168154204e-12, 4.99513624908e-13, 1.20843437728e-15], [7.26060574403e-19, 5.49253981697e-17, 8.89415828957e-16, 3.45396446023e-15, 7.85850486925e-15, 4.19801807249e-13, 5.88091587147e-13, 3.96770154709e-14, 1.41398530254e-13, 2.65761967554e-13, 1.3631236168e-13, 1.01022879298e-12, 1.82349838354e-12, 1.24718410512e-12, 1.80944647286e-12, 6.38169204981e-12, 1.98583120434e-12, 2.77182335244e-12, 2.27027619794e-12, 3.55725713642e-12, 1.53098746788e-12, 4.89076552694e-13, 1.71209902267e-13, 6.81079541723e-14, 1.51780697792e-14, 1.20843437728e-15, 5.86817229386e-18]]
    },
    "mfcc": {
        "kurt": [7.88918972015, 5.00319194794, 11.8418445587, 0.55038022995, 2.77375793457, 0.408303976059, 2.8927116394, -0.0941274166107, 0.69512796402, -0.234830617905, -0.222315788269, 0.0658349990845, 0.482525348663],
        "max": [-570.065490723, 79.0169143677, 23.6769714355, 24.1505470276, 6.26734924316, 6.30323791504, 10.7086524963, 8.93187522888, 12.5420684814, 9.47068786621, 7.58244895935, 12.1058654785, 18.6698265076],
        "mean": [-642.781494141, 10.4224376678, -106.991493225, 1.99439430237, -35.8636932373, -16.9481697083, -26.144197464, -22.2709465027, -17.843378067, -10.1582365036, -11.8431987762, -1.80229127407, 0.410797536373],
        "median": [-596.333007812, 9.08843803406, -111.995231628, 1.61468315125, -37.5065917969, -17.3047065735, -27.2067070007, -23.7532215118, -19.5896625519, -10.6486797333, -12.5611047745, -1.63353919983, 0.450422286987],
        "min": [-1138.42004395, -16.1184272766, -137.370361328, -16.0680141449, -56.1249275208, -34.1628074646, -41.1654129028, -40.5916519165, -38.3949661255, -26.843120575, -27.6031837463, -18.8376235962, -17.1691207886],
        "skew": [-2.95564317703, 1.50377106667, 3.39216113091, 0.387744009495, 1.33425009251, 0.409424573183, 1.41263639927, 0.629068315029, 0.829026818275, 0.215913519263, 0.334346711636, -0.129754915833, -0.020515371114],
        "var": [15576.0302734, 129.259597778, 663.514709473, 40.9467353821, 109.395774841, 46.6529464722, 64.971282959, 95.4162521362, 78.2870254517, 44.4302444458, 46.2023963928, 25.8894042969, 28.657043457],
        "cov": [[15619.5390625, -426.751739502, -2742.18017578, -77.3590087891, -779.823852539, -232.041381836, -724.755493164, -806.829284668, -699.201904297, -337.995147705, -382.126342773, 5.15468883514, 69.526763916], [-426.751739502, 129.620651245, 63.5490455627, 16.6066913605, 30.4554710388, 2.78965997696, 17.2087841034, 14.8639850616, 28.8105392456, 1.6534178257, -1.14177668095, -12.0306215286, -12.8526315689], [-2742.18017578, 63.5490455627, 665.368103027, 23.3439331055, 179.588729858, 45.7782974243, 128.22164917, 109.756637573, 75.5840759277, 45.1940231323, 49.4908599854, -3.5204410553, -7.23688268661], [-77.3590087891, 16.6066913605, 23.3439331055, 41.0611114502, 4.90518474579, 1.62472724915, 5.18198108673, 6.72292470932, 3.54966306686, -0.0896738767624, 6.93208312988, -2.95140242577, -2.49547171593], [-779.823852539, 30.4554710388, 179.588729858, 4.90518474579, 109.701347351, 33.3921127319, 35.3247489929, 7.50353050232, 12.8722600937, 15.6444015503, 4.81244516373, 0.410943835974, 3.19306206703], [-232.041381836, 2.78965997696, 45.7782974243, 1.62472724915, 33.3921127319, 46.7832641602, 19.0181789398, 10.2509899139, 4.46156644821, 4.13963365555, 4.13175296783, 3.04176688194, 2.08722424507], [-724.755493164, 17.2087841034, 128.22164917, 5.18198108673, 35.3247489929, 19.0181789398, 65.1527633667, 50.119430542, 38.176158905, 19.9216899872, 22.7861595154, 2.26037144661, 0.105442665517], [-806.829284668, 14.8639850616, 109.756637573, 6.72292470932, 7.50353050232, 10.2509899139, 50.119430542, 95.6827774048, 67.0238494873, 31.3898468018, 38.1546592712, 5.94304418564, -4.54369544983], [-699.201904297, 28.8105392456, 75.5840759277, 3.54966306686, 12.8722600937, 4.46156644821, 38.176158905, 67.0238494873, 78.5057067871, 30.6436138153, 32.9704551697, 3.89278674126, -0.660256326199], [-337.995147705, 1.6534178257, 45.1940231323, -0.0896738767624, 15.6444015503, 4.13963365555, 19.9216899872, 31.3898468018, 30.6436138153, 44.5543518066, 25.6874599457, 7.65381860733, -0.835638821125], [-382.126342773, -1.14177668095, 49.4908599854, 6.93208312988, 4.81244516373, 4.13175296783, 22.7861595154, 38.1546592712, 32.9704551697, 25.6874599457, 46.331451416, 10.8740882874, 0.475092321634], [5.15468883514, -12.0306215286, -3.5204410553, -2.95140242577, 0.410943835974, 3.04176688194, 2.26037144661, 5.94304418564, 3.89278674126, 7.65381860733, 10.8740882874, 25.9617195129, 12.2249116898], [69.526763916, -12.8526315689, -7.23688268661, -2.49547171593, 3.19306206703, 2.08722424507, 0.105442665517, -4.54369544983, -0.660256326199, -0.835638821125, 0.475092321634, 12.2249116898, 28.7370910645]]
    },
    "sccoeffs": {
        "kurt": [0.850689888, 0.043883562088, 0.262077331543, 1.70581245422, 3.47011375427, 7.95273399353],
        "max": [-0.512586474419, -0.579955518246, -0.615808486938, -0.646758496761, -0.696159541607, -0.659372508526],
        "mean": [-0.679413080215, -0.72062510252, -0.79488670826, -0.763621985912, -0.78105956316, -0.725374519825],
        "median": [-0.67502361536, -0.700866997242, -0.800559103489, -0.756737053394, -0.773370802402, -0.719030022621],
        "min": [-0.953518033028, -0.947084367275, -0.935017883778, -0.966008841991, -0.939246416092, -0.93765604496],
        "skew": [-0.550837576389, -0.881874084473, 0.279483318329, -1.01496827602, -1.64492070675, -2.54232168198],
        "var": [0.00425547827035, 0.00569582637399, 0.00300848018378, 0.00247930409387, 0.00129707204178, 0.00157198531087],
        "cov": [[0.00426736520603, 0.00204929569736, 0.00123190402519, 0.00152348738629, 0.00125889002811, 0.00138625723775], [0.00204929569736, 0.0057117366232, 0.00185021793004, 0.00238178600557, 0.0018068497302, 0.00162896630354], [0.00123190402519, 0.00185021793004, 0.0030168837402, 0.000995390233584, 0.000857132778037, 0.000980540062301], [0.00152348738629, 0.00238178600557, 0.000995390233584, 0.00248622940853, 0.00126540882047, 0.00112687877845], [0.00125889002811, 0.0018068497302, 0.000857132778037, 0.00126540882047, 0.00130069511943, 0.00102736952249], [0.00138625723775, 0.00162896630354, 0.000980540062301, 0.00112687877845, 0.00102736952249, 0.0015763763804]]
    },
    "scvalleys": {
        "kurt": [31.3749389648, 27.0336284637, 26.6606369019, 17.8737659454, 19.0033931732, 17.2335338593],
        "max": [-8.38087654114, -5.62996912003, -5.1574177742, -4.4292345047, -4.93262529373, -7.44363927841],
        "mean": [-9.75703430176, -6.74455976486, -6.27828550339, -5.72630262375, -5.8388299942, -8.2739906311],
        "median": [-9.58134460449, -6.42071199417, -5.8946762085, -5.2638092041, -5.36967372894, -7.78366994858],
        "min": [-18.4460678101, -18.5708370209, -20.0843467712, -18.6830215454, -18.6168422699, -20.0024929047],
        "skew": [-4.36436033249, -4.48820447922, -4.54995775223, -3.89231014252, -3.96284580231, -3.70011305809],
        "var": [0.800832867622, 1.62684226036, 2.29032754898, 2.6689453125, 2.39320111275, 2.04024410248],
        "cov": [[0.803069829941, 0.983290791512, 1.17273890972, 1.25787222385, 1.18626701832, 1.08931350708], [0.983290791512, 1.63138651848, 1.85850584507, 1.99773180485, 1.89424657822, 1.73288118839], [1.17273890972, 1.85850584507, 2.29672503471, 2.41012430191, 2.2886698246, 2.07746100426], [1.25787222385, 1.99773180485, 2.41012430191, 2.67640042305, 2.50108575821, 2.28513908386], [1.18626701832, 1.89424657822, 2.2886698246, 2.50108575821, 2.39988589287, 2.18373036385], [1.08931350708, 1.73288118839, 2.07746100426, 2.28513908386, 2.18373036385, 2.04594302177]]
    }
},
"rhythm": {
    "beats_loudness": {
        "kurt": 0.847770929337,
        "max": 0.0383066125214,
        "mean": 0.0289811249822,
        "median": 0.0334781296551,
        "min": 0.00129040144384,
        "skew": -1.37241435051,
        "var": 0.000111498091428
    },
    "bpm": 109.806884766,
    "confidence": 2.63972520828,
    "first_peak_bpm": {
        "kurt": 0,
        "max": 110,
        "mean": 110,
        "median": 110,
        "min": 110,
        "skew": 0,
        "var": 0
    },
    "first_peak_spread": {
        "kurt": 0,
        "max": 0.636363625526,
        "mean": 0.636363625526,
        "median": 0.636363625526,
        "min": 0.636363625526,
        "skew": 0,
        "var": 0
    },
    "first_peak_weight": {
        "kurt": 0,
        "max": 0.307692319155,
        "mean": 0.307692319155,
        "median": 0.307692319155,
        "min": 0.307692319155,
        "skew": 0,
        "var": 0
    },
    "onset_rate": 0.843569397926,
    "second_peak_bpm": {
        "kurt": 0,
        "max": 103,
        "mean": 103,
        "median": 103,
        "min": 103,
        "skew": 0,
        "var": 0
    },
    "second_peak_spread": {
        "kurt": 0,
        "max": 0.5,
        "mean": 0.5,
        "median": 0.5,
        "min": 0.5,
        "skew": 0,
        "var": 0
    },
    "second_peak_weight": {
        "kurt": 0,
        "max": 0.0769230797887,
        "mean": 0.0769230797887,
        "median": 0.0769230797887,
        "min": 0.0769230797887,
        "skew": 0,
        "var": 0
    },
    "beats_loudness_band_ratio": {
        "kurt": [3.54415655136, -1.40647387505, -1.24471950531, -1.05200219154, -0.779005289078, -0.818319320679],
        "max": [0.00147509644739, 0.0429838001728, 0.0442792400718, 0.189449504018, 0.585964143276, 0.449381291866],
        "mean": [0.000320659630233, 0.0214118789881, 0.0235686060041, 0.14028391242, 0.492433160543, 0.333298295736],
        "median": [0.000195087399334, 0.0238383654505, 0.022095579654, 0.135806381702, 0.496969640255, 0.333268880844],
        "min": [3.35239601554e-05, 0.00083320972044, 0.0100963423029, 0.0872568115592, 0.378803700209, 0.243390396237],
        "skew": [2.16134476662, -0.0726794451475, 0.414724200964, 0.13285830617, -0.255246162415, 0.274213373661],
        "var": [1.44460571505e-07, 0.000196458873688, 0.000138249495649, 0.000966119987424, 0.00366892525926, 0.00340667250566],
        "cov": [[1.5557291988e-07, -2.04838056561e-06, -1.11493295663e-06, 2.61223726739e-06, -8.05319086794e-06, 8.17072032078e-06], [-2.04838056561e-06, 0.000211571095861, -4.51013984275e-05, 3.67563006876e-05, 0.000504267169163, -0.000710733467713], [-1.11493295663e-06, -4.51013984275e-05, 0.000148884078953, -0.000123996651382, 2.657368168e-05, 5.00716050738e-05], [2.61223726739e-06, 3.67563006876e-05, -0.000123996651382, 0.00104043690953, -0.00115588901099, 0.000158902548719], [-8.05319086794e-06, 0.000504267169163, 2.657368168e-05, -0.00115588901099, 0.00395115045831, -0.00323129212484], [8.17072032078e-06, -0.000710733467713, 5.00716050738e-05, 0.000158902548719, -0.00323129212484, 0.00366872432642]]
    },
    "beats_position": [0.545668900013, 1.09133780003, 1.64861679077, 2.20589566231, 2.76317453384, 3.33206343651, 3.9125623703, 4.45823097229, 4.99229001999, 5.52634906769, 6.07201814651, 6.6176867485, 7.1517457962, 7.6858048439],
    "bpm_estimates": [109.956787109, 107.666000366, 107.666023254, 107.666023254, 105.46875, 109.956848145, 112.347129822, 112.347129822, 109.956756592, 109.956848145, 112.347129822, 112.347129822],
    "bpm_intervals": [0.545668900013, 0.557278990746, 0.557278871536, 0.557278871536, 0.568888902664, 0.580498933792, 0.54566860199, 0.534059047699, 0.534059047699, 0.545669078827, 0.54566860199, 0.534059047699, 0.534059047699],
    "onset_times": [0.0464399084449, 0.301859408617, 0.429569154978, 0.487619042397, 3.01859402657, 3.50621318817, 3.54104304314],
    "histogram": [[0, 0, 0, 0, 0, 0, 0, 0, 0, 0, 0, 0, 0, 0, 0, 0, 0, 0, 0, 0, 0, 0, 0, 0, 0, 0, 0, 0, 0, 0, 0, 0, 0, 0, 0, 0, 0, 0, 0, 0, 0, 0, 0, 0, 0, 0, 0, 0, 0, 0, 0, 0, 0, 0, 0, 0, 0, 0, 0, 0, 0, 0, 0, 0, 0, 0, 0, 0, 0, 0, 0, 0, 0, 0, 0, 0, 0, 0, 0, 0, 0, 0, 0, 0, 0, 0, 0, 0, 0, 0, 0, 0, 0, 0, 0, 0, 0, 0, 0, 0, 0, 0, 0, 0.0769230797887, 0, 0.0769230797887, 0, 0, 0.230769231915, 0, 0.307692319155, 0, 0.307692319155, 0, 0, 0, 0, 0, 0, 0, 0, 0, 0, 0, 0, 0, 0, 0, 0, 0, 0, 0, 0, 0, 0, 0, 0, 0, 0, 0, 0, 0, 0, 0, 0, 0, 0, 0, 0, 0, 0, 0, 0, 0, 0, 0, 0, 0, 0, 0, 0, 0, 0, 0, 0, 0, 0, 0, 0, 0, 0, 0, 0, 0, 0, 0, 0, 0, 0, 0, 0, 0, 0, 0, 0, 0, 0, 0, 0, 0, 0, 0, 0, 0, 0, 0, 0, 0, 0, 0, 0, 0, 0, 0, 0, 0, 0, 0, 0, 0, 0, 0, 0, 0, 0, 0, 0, 0, 0, 0, 0, 0, 0, 0, 0, 0, 0, 0, 0, 0, 0, 0, 0, 0, 0, 0, 0, 0, 0, 0, 0, 0, 0, 0, 0, 0, 0, 0, 0, 0]]
},
"sfx": {
    "inharmonicity": {
        "kurt": -0.515729665756,
        "max": 0.363983184099,
        "mean": 0.0982577055693,
        "median": 0.0628696531057,
        "min": 0,
        "skew": 0.884851813316,
        "var": 0.0104760173708
    },
    "oddtoevenharmonicenergyratio": {
        "kurt": 54.3626670837,
        "max": 18.5136508942,
        "mean": 1.07481276989,
        "median": 0.672933697701,
        "min": 0,
        "skew": 6.24854373932,
        "var": 2.68027830124
    },
    "pitch_after_max_to_before_max_energy_ratio": 2.23915600777,
    "pitch_centroid": 177.1665802,
    "pitch_max_to_total": 0.222841233015,
    "pitch_min_to_total": 0.364902496338,
    "tristimulus": {
        "kurt": [-0.36527633667, -1.07277297974, -1.3463101387],
        "max": [1, 0.925020039082, 1],
        "mean": [0.285323321819, 0.361331999302, 0.35334482789],
        "median": [0.109245106578, 0.301634252071, 0.287110894918],
        "min": [0, 0, 0],
        "skew": [1.07438063622, 0.311341017485, 0.40118047595],
        "var": [0.111087404191, 0.0657161921263, 0.116687498987],
        "cov": [[0.111397705972, -0.0301420465112, -0.0812556520104], [-0.0301420465112, 0.065899759531, -0.0357577614486], [-0.0812556520104, -0.0357577614486, 0.117013439536]]
    }
},
"tonal": {
    "chords_changes_rate": 0.0833333358169,
    "chords_number_rate": 0.0277777779847,
    "chords_strength": {
        "kurt": -1.32661724091,
        "max": 0.696202218533,
        "mean": 0.566492021084,
        "median": 0.572253227234,
        "min": 0.411721289158,
        "skew": -0.18158519268,
        "var": 0.00622384622693
    },
    "key_strength": 0.509023845196,
    "tuning_diatonic_strength": 0.60907971859,
    "tuning_equal_tempered_deviation": 0.23054073751,
    "tuning_frequency": 432.940917969,
    "tuning_nontempered_energy_ratio": 0.868200540543,
    "hpcp": {
        "kurt": [3.45992326736, 1.57960653305, 0.744990587234, 1.36059379578, 1.0846786499, 0.343673706055, -0.259393692017, -0.119600772858, 0.184418678284, -0.365342617035, -0.373400688171, -0.126401901245, -0.412246227264, -0.355695009232, -0.438296794891, -0.721829175949, -0.462018489838, 0.210555076599, 1.18787813187, 5.26583957672, 4.67522573471, 3.01661920547, 2.0954656601, 2.38265609741, 1.29528045654, 0.156953334808, -0.606261730194, -1.21248340607, -0.965673685074, 0.555193424225, 0.548504590988, 0.868469715118, 1.72467327118, 2.45373344421, 3.23493289948, 3.50063896179],
        "max": [0.978639185429, 0.944738507271, 0.952401518822, 1, 1, 1, 1, 1, 1, 1, 1, 1, 1, 1, 1, 1, 1, 1, 1, 1, 0.877659082413, 0.773690998554, 0.902125000954, 1, 1, 1, 1, 1, 1, 1, 1, 1, 1, 1, 1, 1],
        "mean": [0.30582344532, 0.345005363226, 0.375962495804, 0.410895317793, 0.442522227764, 0.445418894291, 0.457224190235, 0.474317848682, 0.502193391323, 0.5880895257, 0.657104492188, 0.675338983536, 0.658433675766, 0.590082705021, 0.54918307066, 0.547367751598, 0.498599976301, 0.397465437651, 0.321210384369, 0.257180452347, 0.218044519424, 0.236773490906, 0.283585071564, 0.326751857996, 0.345615059137, 0.390644699335, 0.49876844883, 0.585189223289, 0.532278597355, 0.413271278143, 0.355499893427, 0.323752999306, 0.307740598917, 0.319425195456, 0.319143116474, 0.301962524652],
