{
"metadata": {
    "version": {
        "essentia": "2.1-beta3"
    }
},
"lowLevel": {
    "average_loudness": 0.873234808445,
    "barkbands_kurtosis": {
        "kurt": 22.1451282501,
        "max": 43.9982147217,
        "mean": 0.707751512527,
        "median": -1.54128086567,
        "min": -1.86846828461,
        "skew": 4.6043305397,
        "var": 48.4036064148
    },
    "barkbands_skewness": {
        "kurt": 1.3443775177,
        "max": 3.81530404091,
        "mean": 0.279312312603,
        "median": 0.0144748855382,
        "min": -2.64138460159,
        "skew": 1.02431070805,
        "var": 1.24171483517
    },
    "barkbands_spread": {
        "kurt": 1.18943738937,
        "max": 51.6817512512,
        "mean": 32.5444984436,
        "median": 36.7457847595,
        "min": 0.252619147301,
        "skew": -1.41297233105,
        "var": 117.221099854
    },
    "dissonance": {
        "kurt": 27.0415725708,
        "max": 0.499837577343,
        "mean": 0.47547596693,
        "median": 0.482300519943,
        "min": 0.248822361231,
        "skew": -4.79530954361,
        "var": 0.00104769947939
    },
    "hfc": {
        "kurt": 5.08106040955,
        "max": 9.61285209656,
        "mean": 1.32268714905,
        "median": 0.728585660458,
        "min": 0.00013985951955,
        "skew": 2.0907523632,
        "var": 2.8135843277
    },
    "pitch": {
        "kurt": -1.2308113575,
        "max": 4125.05419922,
        "mean": 2439.47192383,
        "median": 3336.83178711,
        "min": 110.95501709,
        "skew": -0.825380504131,
        "var": 2078234.125
    },
    "pitch_instantaneous_confidence": {
        "kurt": -0.353154420853,
        "max": 0.775372445583,
        "mean": 0.415831565857,
        "median": 0.40410131216,
        "min": 0.145571529865,
        "skew": 0.206421822309,
        "var": 0.0174050219357
    },
    "pitch_salience": {
        "kurt": 6.28463172913,
        "max": 0.885872602463,
        "mean": 0.67478364706,
        "median": 0.691871166229,
        "min": 0.155575990677,
        "skew": -1.67092573643,
        "var": 0.00887968670577
    },
    "silence_rate_20dB": {
        "kurt": 0,
        "max": 1,
        "mean": 1,
        "median": 1,
        "min": 1,
        "skew": 0,
        "var": 0
    },
    "silence_rate_30dB": {
        "kurt": 0,
        "max": 1,
        "mean": 1,
        "median": 1,
        "min": 1,
        "skew": 0,
        "var": 0
    },
    "silence_rate_60dB": {
        "kurt": 0,
        "max": 1,
        "mean": 1,
        "median": 1,
        "min": 1,
        "skew": 0,
        "var": 0
    },
    "spectral_centroid": {
        "kurt": 1.10458660126,
        "max": 4149.08105469,
        "mean": 1616.96313477,
        "median": 1724.72375488,
        "min": 159.651794434,
        "skew": 0.0208291132003,
        "var": 490046.90625
    },
    "spectral_complexity": {
        "kurt": 2.15224266052,
        "max": 15,
        "mean": 2.60740733147,
        "median": 2,
        "min": 0,
        "skew": 1.63305222988,
        "var": 10.9199457169
    },
    "spectral_crest": {
        "kurt": 2.82551908493,
        "max": 21.7691631317,
        "mean": 8.61906433105,
        "median": 7.86897706985,
        "min": 4.33014631271,
        "skew": 1.43207192421,
        "var": 9.09574890137
    },
    "spectral_decrease": {
        "kurt": 0.581681966782,
        "max": -3.62132097584e-14,
        "mean": -1.66511221478e-10,
        "median": -1.24054683193e-10,
        "min": -7.84810882948e-10,
        "skew": -1.16757035255,
        "var": 3.01968615714e-20
    },
    "spectral_energy": {
        "kurt": 1.11489105225,
        "max": 0.00383397052065,
        "mean": 0.0007484232774,
        "median": 0.00054869404994,
        "min": 1.49362563207e-07,
        "skew": 1.26420450211,
        "var": 6.23563039426e-07
    },
    "spectral_energyband_high": {
        "kurt": 5.13484096527,
        "max": 0.000362527556717,
        "mean": 4.57797577837e-05,
        "median": 2.06620770768e-05,
        "min": 5.76996672663e-09,
        "skew": 2.08739900589,
        "var": 3.86384613194e-09
    },
    "spectral_energyband_low": {
        "kurt": 35.7545013428,
        "max": 0.00137753994204,
        "mean": 4.07224470109e-05,
        "median": 2.74866420114e-06,
        "min": 4.68760807948e-09,
        "skew": 5.96220731735,
        "var": 3.34877583441e-08
    },
    "spectral_energyband_middle_high": {
        "kurt": 5.32498836517,
        "max": 0.00255379662849,
        "mean": 0.000350507209077,
        "median": 0.000202902665478,
        "min": 3.71084247774e-08,
        "skew": 2.17725920677,
        "var": 2.09703983955e-07
    },
    "spectral_energyband_middle_low": {
        "kurt": 2.8187623024,
        "max": 0.00185812159907,
        "mean": 0.000332686846377,
        "median": 0.000237811502302,
        "min": 4.04868423232e-08,
        "skew": 1.62993085384,
        "var": 1.3432668311e-07
    },
    "spectral_flatness_db": {
        "kurt": 19.6098003387,
        "max": 0.576972126961,
        "mean": 0.187554448843,
        "median": 0.181512966752,
        "min": 0.0897320583463,
        "skew": 3.71328020096,
        "var": 0.00319957942702
    },
    "spectral_flux": {
        "kurt": -0.256333112717,
        "max": 0.0420747362077,
        "mean": 0.0154988002032,
        "median": 0.0154508203268,
        "min": 0.000334943237249,
        "skew": 0.518276810646,
        "var": 0.000103616897832
    },
    "spectral_kurtosis": {
        "kurt": 40.8555641174,
        "max": 86.8457565308,
        "mean": 5.01059484482,
        "median": 2.9180355072,
        "min": 0.483751773834,
        "skew": 6.03023815155,
        "var": 94.6512680054
    },
    "spectral_rms": {
        "kurt": -0.834074497223,
        "max": 0.00193402660079,
        "mean": 0.000710393185727,
        "median": 0.00073164969217,
        "min": 1.20714366858e-05,
        "skew": 0.25961047411,
        "var": 2.25510248697e-07
    },
    "spectral_rolloff": {
        "kurt": 1.16325807571,
        "max": 5792.43164062,
        "mean": 2964.08569336,
        "median": 3423.77929688,
        "min": 172.265625,
        "skew": -1.37337005138,
        "var": 1256166.25
    },
    "spectral_skewness": {
        "kurt": 21.3974933624,
        "max": 8.0590171814,
        "mean": 1.39912438393,
        "median": 1.1206356287,
        "min": 0.735041022301,
        "skew": 4.37391901016,
        "var": 0.941411375999
    },
    "spectral_spread": {
        "kurt": 11.9059562683,
        "max": 12197484,
        "mean": 4067384,
        "median": 3863886.75,
        "min": 702412.875,
        "skew": 2.33956193924,
        "var": 1.62891091149e+12
    },
    "spectral_strongpeak": {
        "kurt": 42.7430000305,
        "max": 3.16889047623,
        "mean": 0.157861754298,
        "median": 0.0751110985875,
        "min": 0.000609048001934,
        "skew": 6.34018182755,
        "var": 0.160488530993
    },
    "zerocrossingrate": {
        "kurt": 0.311644077301,
        "max": 0.15087890625,
        "mean": 0.088722512126,
        "median": 0.0966796875,
        "min": 0.0078125,
        "skew": -0.923715829849,
        "var": 0.000722641590983
    },
    "barkbands": {
        "kurt": [57.5250778198, 98.0064620972, 73.8890609741, 58.2494659424, 9.42825317383, 2.08971691132, 16.9696731567, 9.86389350891, 8.31398868561, 23.0860347748, 1.63304901123, 23.2047805786, 52.8680343628, 34.5445976257, 23.0864715576, 10.7317075729, 5.46098136902, 13.6320476532, 7.01647853851, 3.58692216873, 14.3043403625, 6.09437084198, 5.05505084991, 4.4209485054, 3.70102357864, 7.87779808044, 109.503829956],
        "max": [4.56789628345e-08, 8.30533681437e-05, 0.0010039069457, 0.00174242840149, 0.00135218608193, 0.000365457322914, 0.000428992003435, 0.000171174717252, 9.18999357964e-05, 8.75331170391e-05, 2.34444723901e-05, 3.82535836252e-05, 7.10967797204e-05, 0.000101637997432, 0.000214421321289, 0.000222923554247, 0.000490638194606, 0.000302048370941, 0.00140381371602, 0.000165528908838, 0.000271292286925, 3.93898699258e-05, 7.4632102951e-06, 5.56943587071e-06, 6.88336228905e-07, 5.1808028978e-09, 1.67063840539e-09],
        "mean": [1.31773381096e-09, 1.74329466063e-06, 1.97192766791e-05, 4.34277644672e-05, 0.000156059497385, 6.59553843434e-05, 3.3690539567e-05, 1.96785404114e-05, 1.11571371235e-05, 6.99494012224e-06, 4.70265422337e-06, 3.33427806254e-06, 4.06507206208e-06, 7.00921873431e-06, 1.5753088519e-05, 2.26957254199e-05, 7.09866071702e-05, 2.92979002552e-05, 0.000174393993802, 2.64908976533e-05, 2.47939842666e-05, 4.80094240629e-06, 8.53904737141e-07, 7.20685477518e-07, 9.64604680576e-08, 5.23826204635e-10, 3.83264704695e-11],
        "median": [3.54084900289e-10, 1.25598944578e-07, 1.07106927771e-06, 8.15952807898e-06, 8.70535732247e-05, 3.92524962081e-05, 1.00457864392e-05, 1.01116083897e-05, 5.65345817449e-06, 3.42508224094e-06, 2.89522176899e-06, 2.01505213226e-06, 2.15581576413e-06, 3.79039101972e-06, 6.42010036245e-06, 1.07721871245e-05, 3.86605788663e-05, 1.51776066559e-05, 7.64202268329e-05, 1.43076822496e-05, 1.14050835691e-05, 1.71079284428e-06, 2.2307818881e-07, 1.80741508871e-07, 2.43707809489e-08, 1.60203961208e-10, 1.18708896879e-11],
        "min": [3.17780394013e-12, 1.41793021768e-09, 1.88882220975e-09, 2.16468842851e-09, 3.31819793864e-09, 4.71444883132e-09, 3.62151642008e-09, 1.43064027291e-09, 6.89516399532e-09, 1.38525557691e-09, 8.07654565449e-09, 2.28331153984e-09, 1.21938370512e-09, 6.3478788892e-10, 9.9368047124e-10, 9.00472973964e-10, 1.16015241858e-09, 2.01117567045e-09, 2.76938205701e-09, 2.77677658644e-09, 2.37324582208e-09, 8.77152350753e-10, 2.63108951293e-10, 1.45618114789e-10, 1.65489247306e-10, 1.13106858948e-11, 2.99503192971e-14],
        "skew": [7.55022764206, 9.47262477875, 8.13694763184, 7.32738494873, 2.76856732368, 1.53580784798, 3.69137740135, 3.09296345711, 2.55271601677, 3.98463273048, 1.45652043819, 3.90109372139, 6.28785610199, 4.95594501495, 4.12614774704, 2.76004123688, 2.26772665977, 3.08352589607, 2.4708199501, 1.89105045795, 3.05383872986, 2.39886951447, 2.21849966049, 2.24464631081, 2.07844901085, 2.68625497818, 10.1889448166],
        "var": [2.77927855083e-17, 5.66854861661e-11, 9.64388569002e-09, 3.35279288777e-08, 4.82058055695e-08, 5.76375613903e-09, 3.80898024233e-09, 9.89880288849e-10, 2.15054793418e-10, 1.154396162e-10, 2.75209785516e-11, 2.14428787226e-11, 5.21460409575e-11, 1.29568300533e-10, 7.21029014272e-10, 1.05161712671e-09, 9.74657066166e-09, 1.73173542173e-09, 6.23317006898e-08, 1.14615650304e-09, 1.33916178147e-09, 5.60677962391e-11, 1.85582495552e-12, 1.41784056284e-12, 2.32922388381e-14, 7.65326165997e-19, 2.16309992005e-20],
        "cov": [[2.80001927751e-17, 8.90996498316e-15, 1.25369875072e-13, 2.43922693459e-13, 2.0899367374e-14, -2.15241727572e-14, -9.14993788744e-15, -7.81675292121e-15, -5.38707618146e-15, -3.4105031997e-15, -2.55408428036e-15, -1.79357045471e-15, -2.22957812321e-15, -3.79829987043e-15, -9.15176832564e-15, -1.34928147214e-14, -4.71424928174e-14, -1.68275766585e-14, -1.00976410393e-13, -1.41513692854e-14, -1.23580734811e-14, -2.70092421803e-15, -4.72490753967e-16, -3.79650384294e-16, -5.0424897054e-17, -2.66653431931e-19, -5.58436053493e-21], [8.90996498316e-15, 5.71085123635e-11, 6.72331856855e-10, 3.5268174492e-10, 1.11918606327e-10, 2.76811160799e-11, -1.09762147288e-11, -4.79451287699e-12, -6.28888391016e-12, -3.59764583575e-12, -1.6823053367e-12, -1.93541059915e-12, -3.03373775754e-12, -4.26464853015e-12, -1.0092289851e-11, -1.59552943774e-11, -4.41440634047e-11, -1.49713071801e-11, -1.04521585831e-10, -1.38312000741e-11, -1.27449179682e-11, -2.17043852509e-12, -1.58943022047e-13, -2.25713233369e-13, -4.33328638813e-14, -3.10364148e-16, -3.60416555698e-17], [1.25369875072e-13, 6.72331856855e-10, 9.71585567555e-09, 1.0089673097e-08, 2.20384510641e-09, 5.78220527014e-10, -7.35664376639e-11, -1.69208730361e-10, -1.23691445975e-10, -2.93626997716e-11, -5.3344762635e-11, -2.70491407051e-11, -5.45442371824e-11, -8.31530747036e-11, -1.8485608877e-10, -2.08196987428e-10, -4.91971519079e-10, -1.17716475456e-10, -8.9696489125e-10, -1.50480988781e-10, -1.24528984347e-10, -3.10705211559e-11, -5.10747433929e-12, -3.81052958284e-12, -5.60999760101e-13, -1.71960552606e-15, -3.84173381414e-16], [2.43922693459e-13, 3.5268174492e-10, 1.0089673097e-08, 3.37781393966e-08, 3.43540729197e-09, 1.63219576743e-10, -6.86937895455e-10, -1.178714331e-11, -1.84745829745e-10, -1.31108901513e-10, -1.0036946968e-10, -6.71451713674e-11, -7.66576593869e-11, -1.51958542971e-10, -2.67705524415e-10, -3.87410464819e-10, -1.45338041602e-09, -5.61155288903e-10, -3.28332805388e-09, -5.10501363404e-10, -3.95395161057e-10, -7.25156462655e-11, -1.36148774546e-11, -1.02756067544e-11, -1.54552629375e-12, -8.02815455715e-15, -3.44509237244e-16], [2.0899367374e-14, 1.11918606327e-10, 2.20384510641e-09, 3.43540729197e-09, 4.85655498039e-08, 5.72463854098e-09, 5.8726956631e-09, 1.57661494971e-09, 1.35962219261e-09, 1.13218334707e-09, 5.3574233938e-10, 2.40058833922e-10, 4.16523843194e-10, 8.23739243483e-10, 2.21392992827e-09, 2.39059017026e-09, 1.14349987257e-08, 3.25497073739e-09, 2.08672084057e-08, 3.66720009914e-09, 3.15969961306e-09, 7.54393714164e-10, 1.51234622048e-10, 1.1420847601e-10, 1.72435364598e-11, 8.65361520505e-14, -2.98184211265e-16], [-2.15241727572e-14, 2.76811160799e-11, 5.78220527014e-10, 1.63219576743e-10, 5.72463854098e-09, 5.80676884354e-09, 1.43143685793e-09, 1.07937758731e-09, 5.20631593393e-10, 3.69058728023e-10, 2.23192853088e-10, 2.18233792149e-10, 2.79573614259e-10, 4.73308059412e-10, 1.12504583427e-09, 1.68446134818e-09, 4.63901095316e-09, 2.19596252293e-09, 1.30024790934e-08, 1.8457092521e-09, 2.04337635701e-09, 4.30046109834e-10, 7.49408174405e-11, 6.5903865698e-11, 7.91997023519e-12, 4.53156765313e-14, 6.40439546776e-16], [-9.14993788744e-15, -1.09762147288e-11, -7.35664376639e-11, -6.86937895455e-10, 5.8726956631e-09, 1.43143685793e-09, 3.83740550447e-09, -2.95461120847e-11, 1.54181098444e-10, 4.68312832957e-10, 7.74106195811e-11, 7.55697102117e-11, 6.74804101486e-11, 1.1011469514e-10, 2.55765075785e-10, 6.08911643329e-10, 2.59056287533e-09, 1.31799204883e-09, 6.7467245124e-09, 8.97040275394e-10, 1.14136711193e-09, 1.54102494654e-10, 2.19950481439e-11, 2.42079255947e-11, 3.60950570648e-12, 1.94864943951e-14, 1.15434589729e-16], [-7.81675292121e-15, -4.79451287699e-12, -1.69208730361e-10, -1.178714331e-11, 1.57661494971e-09, 1.07937758731e-09, -2.95461120847e-11, 9.97267379788e-10, 7.08669165017e-11, 6.39265099189e-11, 8.13398584598e-11, 4.74596854871e-11, 5.0380186134e-11, 9.94331422755e-11, 2.48133735781e-10, 3.73463010517e-10, 9.61918322773e-10, 3.87080228981e-10, 2.48743581288e-09, 3.80572323655e-10, 4.33554636636e-10, 7.92747256728e-11, 1.92237805535e-11, 1.72813152677e-11, 1.99983280803e-12, 1.18860482776e-14, 3.54153024986e-16], [-5.38707618146e-15, -6.28888391016e-12, -1.23691445975e-10, -1.84745829745e-10, 1.35962219261e-09, 5.20631593393e-10, 1.54181098444e-10, 7.08669165017e-11, 2.16659690189e-10, 4.42410691415e-11, 3.55194311463e-11, 3.16840997883e-11, 7.00208155346e-11, 9.48147185764e-11, 2.70379219014e-10, 2.86415113848e-10, 8.16204326348e-10, 2.70325928309e-10, 1.90894100527e-09, 2.6973290268e-10, 2.60782895278e-10, 6.48070971887e-11, 1.03369292292e-11, 9.15307673405e-12, 1.21867728582e-12, 4.75939978007e-15, 9.48865630453e-17], [-3.4105031997e-15, -3.59764583575e-12, -2.93626997716e-11, -1.31108901513e-10, 1.13218334707e-09, 3.69058728023e-10, 4.68312832957e-10, 6.39265099189e-11, 4.42410691415e-11, 1.16301107633e-10, 2.93507579352e-11, 2.29643231514e-11, 2.02793146858e-11, 4.24461785165e-11, 9.8317999575e-11, 1.90513813059e-10, 6.79319489549e-10, 3.36436684067e-10, 1.8995396367e-09, 2.30029620352e-10, 3.00311803203e-10, 4.47809775372e-11, 6.79158812522e-12, 7.50104579145e-12, 1.09427788011e-12, 5.78175838301e-15, 4.66174053739e-18], [-2.55408428036e-15, -1.6823053367e-12, -5.3344762635e-11, -1.0036946968e-10, 5.3574233938e-10, 2.23192853088e-10, 7.74106195811e-11, 8.13398584598e-11, 3.55194311463e-11, 2.93507579352e-11, 2.77263576681e-11, 1.48497741881e-11, 1.8225679646e-11, 3.85759306443e-11, 8.74968639208e-11, 9.9828985356e-11, 2.76878381333e-10, 1.25515139948e-10, 7.01365410194e-10, 1.03114572436e-10, 1.18797610638e-10, 2.13776704672e-11, 4.40643615346e-12, 3.83755137043e-12, 4.82928259014e-13, 2.44387110612e-15, -1.3206687905e-17], [-1.79357045471e-15, -1.93541059915e-12, -2.70491407051e-11, -6.71451713674e-11, 2.40058833922e-10, 2.18233792149e-10, 7.55697102117e-11, 4.74596854871e-11, 3.16840997883e-11, 2.29643231514e-11, 1.48497741881e-11, 2.16029000244e-11, 2.63487166113e-11, 4.3270959732e-11, 9.78412142971e-11, 1.21790133534e-10, 2.62709437537e-10, 1.27486091128e-10, 7.30217664113e-10, 1.00430538885e-10, 1.04165127912e-10, 1.62497081763e-11, 3.15251253921e-12, 2.94299675775e-12, 4.04067838217e-13, 2.3769108223e-15, -1.34294261373e-17], [-2.22957812321e-15, -3.03373775754e-12, -5.45442371824e-11, -7.66576593869e-11, 4.16523843194e-10, 2.79573614259e-10, 6.74804101486e-11, 5.0380186134e-11, 7.00208155346e-11, 2.02793146858e-11, 1.8225679646e-11, 2.63487166113e-11, 5.25351914749e-11, 7.29388702214e-11, 1.69334921085e-10, 1.85069959358e-10, 3.69973440772e-10, 1.32676217235e-10, 9.02501906541e-10, 1.24969937176e-10, 1.19045981406e-10, 2.48804015585e-11, 4.58670211187e-12, 3.65368109032e-12, 4.9969468667e-13, 2.47302513313e-15, 1.09228372707e-17], [-3.79829987043e-15, -4.26464853015e-12, -8.31530747036e-11, -1.51958542971e-10, 8.23739243483e-10, 4.73308059412e-10, 1.1011469514e-10, 9.94331422755e-11, 9.48147185764e-11, 4.24461785165e-11, 3.85759306443e-11, 4.3270959732e-11, 7.29388702214e-11, 1.30535221521e-10, 2.76530076615e-10, 2.81395073909e-10, 5.48942225009e-10, 2.18339540892e-10, 1.47478140811e-09, 1.93104476853e-10, 1.85812407127e-10, 3.56332879869e-11, 7.58330551132e-12, 6.06763988012e-12, 8.00355279013e-13, 4.44275980615e-15, -3.92276244171e-17], [-9.15176832564e-15, -1.0092289851e-11, -1.8485608877e-10, -2.67705524415e-10, 2.21392992827e-09, 1.12504583427e-09, 2.55765075785e-10, 2.48133735781e-10, 2.70379219014e-10, 9.8317999575e-11, 8.74968639208e-11, 9.78412142971e-11, 1.69334921085e-10, 2.76530076615e-10, 7.26409821183e-10, 7.30646765312e-10, 1.49905809987e-09, 5.91448334752e-10, 3.62307406299e-09, 5.58324775302e-10, 5.21461374081e-10, 1.12561439336e-10, 2.03871624443e-11, 1.81539974026e-11, 2.4716582947e-12, 1.20482500048e-14, 6.44693584465e-17], [-1.34928147214e-14, -1.59552943774e-11, -2.08196987428e-10, -3.87410464819e-10, 2.39059017026e-09, 1.68446134818e-09, 6.08911643329e-10, 3.73463010517e-10, 2.86415113848e-10, 1.90513813059e-10, 9.9828985356e-11, 1.21790133534e-10, 1.85069959358e-10, 2.81395073909e-10, 7.30646765312e-10, 1.05946507123e-09, 2.35817942951e-09, 1.00935215741e-09, 6.35554764372e-09, 8.48462133884e-10, 8.8409957133e-10, 1.67172484189e-10, 2.88792011138e-11, 2.75470930788e-11, 3.79983414525e-12, 1.89639225005e-14, 2.50504567846e-16], [-4.71424928174e-14, -4.41440634047e-11, -4.91971519079e-10, -1.45338041602e-09, 1.14349987257e-08, 4.63901095316e-09, 2.59056287533e-09, 9.61918322773e-10, 8.16204326348e-10, 6.79319489549e-10, 2.76878381333e-10, 2.62709437537e-10, 3.69973440772e-10, 5.48942225009e-10, 1.49905809987e-09, 2.35817942951e-09, 9.81930625699e-09, 3.47941253587e-09, 2.1455448973e-08, 2.87449730685e-09, 2.99615554589e-09, 5.87674797714e-10, 1.05220207547e-10, 9.64266236303e-11, 1.27297217906e-11, 6.47561296035e-14, 6.12594873882e-16], [-1.68275766585e-14, -1.49713071801e-11, -1.17716475456e-10, -5.61155288903e-10, 3.25497073739e-09, 2.19596252293e-09, 1.31799204883e-09, 3.87080228981e-10, 2.70325928309e-10, 3.36436684067e-10, 1.25515139948e-10, 1.27486091128e-10, 1.32676217235e-10, 2.18339540892e-10, 5.91448334752e-10, 1.00935215741e-09, 3.47941253587e-09, 1.7446587508e-09, 9.4906225101e-09, 1.23973953325e-09, 1.39268119259e-09, 2.39156250359e-10, 4.16679642179e-11, 4.15500932271e-11, 5.26009314231e-12, 2.80355742148e-14, 2.04309455545e-16], [-1.00976410393e-13, -1.04521585831e-10, -8.9696489125e-10, -3.28332805388e-09, 2.08672084057e-08, 1.30024790934e-08, 6.7467245124e-09, 2.48743581288e-09, 1.90894100527e-09, 1.8995396367e-09, 7.01365410194e-10, 7.30217664113e-10, 9.02501906541e-10, 1.47478140811e-09, 3.62307406299e-09, 6.35554764372e-09, 2.1455448973e-08, 9.4906225101e-09, 6.27968645972e-08, 7.05773839371e-09, 7.87244047729e-09, 1.46078227292e-09, 2.58652710361e-10, 2.50960446868e-10, 3.03692036796e-11, 1.61597203175e-13, 1.95440464722e-15], [-1.41513692854e-14, -1.38312000741e-11, -1.50480988781e-10, -5.10501363404e-10, 3.66720009914e-09, 1.8457092521e-09, 8.97040275394e-10, 3.80572323655e-10, 2.6973290268e-10, 2.30029620352e-10, 1.03114572436e-10, 1.00430538885e-10, 1.24969937176e-10, 1.93104476853e-10, 5.58324775302e-10, 8.48462133884e-10, 2.87449730685e-09, 1.23973953325e-09, 7.05773839371e-09, 1.15470988327e-09, 1.08260911347e-09, 2.09280051622e-10, 3.88736091927e-11, 3.45962772319e-11, 4.60764195895e-12, 2.33646127212e-14, 2.00182406624e-16], [-1.23580734811e-14, -1.27449179682e-11, -1.24528984347e-10, -3.95395161057e-10, 3.15969961306e-09, 2.04337635701e-09, 1.14136711193e-09, 4.33554636636e-10, 2.60782895278e-10, 3.00311803203e-10, 1.18797610638e-10, 1.04165127912e-10, 1.19045981406e-10, 1.85812407127e-10, 5.21461374081e-10, 8.8409957133e-10, 2.99615554589e-09, 1.39268119259e-09, 7.87244047729e-09, 1.08260911347e-09, 1.34915556504e-09, 2.3607196753e-10, 3.84886462979e-11, 3.8004006192e-11, 4.91239948025e-12, 2.53522754819e-14, 3.33369774606e-16], [-2.70092421803e-15, -2.17043852509e-12, -3.10705211559e-11, -7.25156462655e-11, 7.54393714164e-10, 4.30046109834e-10, 1.54102494654e-10, 7.92747256728e-11, 6.48070971887e-11, 4.47809775372e-11, 2.13776704672e-11, 1.62497081763e-11, 2.48804015585e-11, 3.56332879869e-11, 1.12561439336e-10, 1.67172484189e-10, 5.87674797714e-10, 2.39156250359e-10, 1.46078227292e-09, 2.09280051622e-10, 2.3607196753e-10, 5.64862115415e-11, 8.58016609151e-12, 8.07707112999e-12, 1.01459379093e-12, 4.92969406005e-15, 8.14774822424e-17], [-4.72490753967e-16, -1.58943022047e-13, -5.10747433929e-12, -1.36148774546e-11, 1.51234622048e-10, 7.49408174405e-11, 2.19950481439e-11, 1.92237805535e-11, 1.03369292292e-11, 6.79158812522e-12, 4.40643615346e-12, 3.15251253921e-12, 4.58670211187e-12, 7.58330551132e-12, 2.03871624443e-11, 2.88792011138e-11, 1.05220207547e-10, 4.16679642179e-11, 2.58652710361e-10, 3.88736091927e-11, 3.84886462979e-11, 8.58016609151e-12, 1.86967433723e-12, 1.5005362404e-12, 1.75987520455e-13, 9.82528996178e-16, 7.11383433166e-18], [-3.79650384294e-16, -2.25713233369e-13, -3.81052958284e-12, -1.02756067544e-11, 1.1420847601e-10, 6.5903865698e-11, 2.42079255947e-11, 1.72813152677e-11, 9.15307673405e-12, 7.50104579145e-12, 3.83755137043e-12, 2.94299675775e-12, 3.65368109032e-12, 6.06763988012e-12, 1.81539974026e-11, 2.75470930788e-11, 9.64266236303e-11, 4.15500932271e-11, 2.50960446868e-10, 3.45962772319e-11, 3.8004006192e-11, 8.07707112999e-12, 1.5005362404e-12, 1.42842140026e-12, 1.69224484143e-13, 8.8220106701e-16, 1.23076600388e-17], [-5.0424897054e-17, -4.33328638813e-14, -5.60999760101e-13, -1.54552629375e-12, 1.72435364598e-11, 7.91997023519e-12, 3.60950570648e-12, 1.99983280803e-12, 1.21867728582e-12, 1.09427788011e-12, 4.82928259014e-13, 4.04067838217e-13, 4.9969468667e-13, 8.00355279013e-13, 2.4716582947e-12, 3.79983414525e-12, 1.27297217906e-11, 5.26009314231e-12, 3.03692036796e-11, 4.60764195895e-12, 4.91239948025e-12, 1.01459379093e-12, 1.75987520455e-13, 1.69224484143e-13, 2.34660601633e-14, 1.1516060104e-16, 1.68977582566e-18], [-2.66653431931e-19, -3.10364148e-16, -1.71960552606e-15, -8.02815455715e-15, 8.65361520505e-14, 4.53156765313e-14, 1.94864943951e-14, 1.18860482776e-14, 4.75939978007e-15, 5.78175838301e-15, 2.44387110612e-15, 2.3769108223e-15, 2.47302513313e-15, 4.44275980615e-15, 1.20482500048e-14, 1.89639225005e-14, 6.47561296035e-14, 2.80355742148e-14, 1.61597203175e-13, 2.33646127212e-14, 2.53522754819e-14, 4.92969406005e-15, 9.82528996178e-16, 8.8220106701e-16, 1.1516060104e-16, 7.71037589632e-19, 3.00541858404e-20], [-5.58436053493e-21, -3.60416555698e-17, -3.84173381414e-16, -3.44509237244e-16, -2.98184211265e-16, 6.40439546776e-16, 1.15434589729e-16, 3.54153024986e-16, 9.48865630453e-17, 4.66174053739e-18, -1.3206687905e-17, -1.34294261373e-17, 1.09228372707e-17, -3.92276244171e-17, 6.44693584465e-17, 2.50504567846e-16, 6.12594873882e-16, 2.04309455545e-16, 1.95440464722e-15, 2.00182406624e-16, 3.33369774606e-16, 8.14774822424e-17, 7.11383433166e-18, 1.23076600388e-17, 1.68977582566e-18, 3.00541858404e-20, 2.17924254357e-20]]
    },
    "mfcc": {
        "kurt": [-0.257631778717, 2.05138874054, 2.09487867355, 0.359993457794, -0.444031000137, 0.215223073959, -0.25302863121, -0.644645452499, -0.173581123352, -0.132501125336, 0.300030708313, -0.477597236633, -0.227426290512],
        "max": [-717.068603516, 173.530151367, 104.749755859, 78.194152832, 22.9536437988, 14.0134048462, 24.3542976379, 15.3891849518, 17.7988700867, 12.7379550934, 10.3450927734, 3.85063934326, 8.59421920776],
        "mean": [-868.595153809, 87.2589492798, -36.6624183655, 50.6025657654, -10.8477249146, -24.7843990326, -13.3109865189, -14.3848237991, -12.9376907349, -12.1237316132, -15.8247938156, -13.141866684, -12.526843071],
        "median": [-836.646850586, 89.2965087891, -50.6156425476, 54.0766830444, -13.8612556458, -27.3799171448, -14.6005973816, -16.0358123779, -14.4611587524, -12.67578125, -16.18227005, -12.6359024048, -12.4237918854],
        "min": [-1127.1583252, -11.976978302, -81.221206665, 5.30760574341, -38.1331176758, -50.951839447, -38.8736419678, -33.339717865, -34.30493927, -33.409362793, -31.7594337463, -25.9143943787, -26.450553894],
        "skew": [-0.911613941193, -0.524474263191, 1.63919758797, -0.968411922455, 0.589524030685, 0.711902976036, 0.370482653379, 0.375040113926, 0.510373413563, 0.161297172308, 0.427009344101, 0.0313064716756, 0.262567520142],
        "var": [13090.6513672, 893.393920898, 1441.62304688, 285.531982422, 177.668380737, 186.495391846, 152.905776978, 115.190177917, 108.298324585, 68.6105575562, 60.8044624329, 39.067024231, 43.6609230042],
        "cov": [[13188.3427734, 1247.79931641, -3230.91357422, 1515.01000977, -926.599060059, -784.536132812, -984.738464355, -714.92364502, -668.039672852, -475.712554932, -469.664398193, -102.693695068, -380.511505127], [1247.79931641, 900.061035156, -41.2121047974, 255.366317749, 7.71028900146, -147.361114502, -48.7231025696, -102.801902771, -45.0649871826, -47.5209121704, -48.5746078491, -15.663479805, -44.3089866638], [-3230.91357422, -41.2121047974, 1452.38146973, -275.007568359, 337.701568604, 268.012542725, 246.506011963, 284.714782715, 220.30696106, 181.438858032, 119.212348938, 49.9290504456, 88.3414230347], [1515.01000977, 255.366317749, -275.007568359, 287.662811279, -68.6317520142, -99.1518554688, -84.080291748, -64.6366500854, -63.8914108276, -50.9634971619, -45.3855667114, 0.491638869047, -28.2859973907], [-926.599060059, 7.71028900146, 337.701568604, -68.6317520142, 178.994262695, 108.011161804, 109.328369141, 86.8971557617, 77.2672958374, 48.7751541138, 27.4065189362, 15.4690465927, 36.9771652222], [-784.536132812, -147.361114502, 268.012542725, -99.1518554688, 108.011161804, 187.887145996, 89.2655487061, 86.1865005493, 93.8498458862, 40.3042869568, 33.9974784851, 24.3872394562, 28.6292133331], [-984.738464355, -48.7231025696, 246.506011963, -84.080291748, 109.328369141, 89.2655487061, 154.046859741, 86.4708557129, 79.5091934204, 43.8149833679, 42.3202171326, 21.3251895905, 41.2107162476], [-714.92364502, -102.801902771, 284.714782715, -64.6366500854, 86.8971557617, 86.1865005493, 86.4708557129, 116.049804688, 81.1465072632, 58.2863540649, 29.16447258, 16.9799194336, 29.7463111877], [-668.039672852, -45.0649871826, 220.30696106, -63.8914108276, 77.2672958374, 93.8498458862, 79.5091934204, 81.1465072632, 109.106521606, 39.5320129395, 28.1013183594, 17.1454372406, 30.7710723877], [-475.712554932, -47.5209121704, 181.438858032, -50.9634971619, 48.7751541138, 40.3042869568, 43.8149833679, 58.2863540649, 39.5320129395, 69.1225814819, 38.1232032776, 15.7168245316, 20.8097515106], [-469.664398193, -48.5746078491, 119.212348938, -45.3855667114, 27.4065189362, 33.9974784851, 42.3202171326, 29.16447258, 28.1013183594, 38.1232032776, 61.258228302, 23.1463317871, 26.8498382568], [-102.693695068, -15.663479805, 49.9290504456, 0.491638869047, 15.4690465927, 24.3872394562, 21.3251895905, 16.9799194336, 17.1454372406, 15.7168245316, 23.1463317871, 39.3585700989, 22.6835670471], [-380.511505127, -44.3089866638, 88.3414230347, -28.2859973907, 36.9771652222, 28.6292133331, 41.2107162476, 29.7463111877, 30.7710723877, 20.8097515106, 26.8498382568, 22.6835670471, 43.9867515564]]
    },
    "sccoeffs": {
        "kurt": [-0.491814613342, -0.382238388062, -0.102785348892, -0.17174243927, -0.239829778671, 0.467398405075],
        "max": [-0.411263287067, -0.615926682949, -0.750645816326, -0.769335091114, -0.749356091022, -0.710206508636],
        "mean": [-0.600887000561, -0.780445098877, -0.854924201965, -0.864999473095, -0.822774112225, -0.790938794613],
        "median": [-0.571580529213, -0.77562636137, -0.860164344311, -0.866616666317, -0.817495107651, -0.78198826313],
        "min": [-0.888871908188, -0.950001716614, -0.941221773624, -0.935945570469, -0.92140763998, -0.884129285812],
        "skew": [-0.62576508522, -0.250602662563, 0.54570287466, 0.451182931662, -0.66075104475, -0.988735198975],
        "var": [0.0139766167849, 0.00480717094615, 0.00150928238872, 0.00126964913215, 0.0015597816091, 0.00137214979623],
        "cov": [[0.0140809193254, 0.00521480944008, 0.0013618619414, 0.00185579480603, 0.00316710956395, 0.00268363836221], [0.00521480944008, 0.00484304549173, 0.00108094641473, 0.00124867574777, 0.00177315750625, 0.00145374506246], [0.0013618619414, 0.00108094641473, 0.00152054568753, 0.000404172984418, 0.000438362010755, 0.000235388826695], [0.00185579480603, 0.00124867574777, 0.000404172984418, 0.0012791241752, 0.000877586950082, 0.00054410478333], [0.00316710956395, 0.00177315750625, 0.000438362010755, 0.000877586950082, 0.0015714217443, 0.00109878310468], [0.00268363836221, 0.00145374506246, 0.000235388826695, 0.00054410478333, 0.00109878310468, 0.00138238968793]]
    },
    "scvalleys": {
        "kurt": [-0.39054441452, 1.51384353638, 0.114461660385, 0.377947330475, 0.434627532959, -0.764579296112],
        "max": [-6.62249612808, -6.39785957336, -6.92277765274, -6.18656206131, -6.48055124283, -9.32900619507],
        "mean": [-9.20437049866, -7.87197160721, -8.51743412018, -8.65810680389, -8.40342998505, -11.264374733],
        "median": [-9.25632858276, -7.44315195084, -8.09972858429, -8.14927482605, -7.77470684052, -11.0090913773],
        "min": [-11.4921360016, -11.3637285233, -11.2301139832, -12.3394145966, -12.2631855011, -14.0246505737],
        "skew": [0.109240479767, -1.56290745735, -1.11218881607, -1.2482098341, -1.24799060822, -0.573561191559],
        "var": [0.922460854053, 1.46346795559, 1.24146747589, 2.07924556732, 2.33077025414, 1.81920349598],
        "cov": [[0.929344892502, 0.595839262009, 0.421450644732, 0.479912757874, 0.508952975273, 0.416792213917], [0.595839262009, 1.47438943386, 1.17997217178, 1.51781857014, 1.5854626894, 1.26955258846], [0.421450644732, 1.17997217178, 1.25073218346, 1.55633449554, 1.60419356823, 1.31519246101], [0.479912757874, 1.51781857014, 1.55633449554, 2.09476232529, 2.13985085487, 1.73251390457], [0.508952975273, 1.5854626894, 1.60419356823, 2.13985085487, 2.34816408157, 1.94371807575], [0.416792213917, 1.26955258846, 1.31519246101, 1.73251390457, 1.94371807575, 1.83277964592]]
    }
},
"rhythm": {
    "beats_loudness": {
        "kurt": -0.0603559017181,
        "max": 0.00237150583416,
        "mean": 0.000777180481236,
        "median": 0.000530623539817,
        "min": 5.57853418286e-05,
        "skew": 1.2547492981,
        "var": 6.80553398524e-07
    },
    "bpm": 119.502456665,
    "confidence": 0,
    "first_peak_bpm": {
        "kurt": 0,
        "max": 120,
        "mean": 120,
        "median": 120,
        "min": 120,
        "skew": 0,
        "var": 0
    },
    "first_peak_spread": {
        "kurt": 0,
        "max": 0.25,
        "mean": 0.25,
        "median": 0.25,
        "min": 0.25,
        "skew": 0,
        "var": 0
    },
    "first_peak_weight": {
        "kurt": 0,
        "max": 0.75,
        "mean": 0.75,
        "median": 0.75,
        "min": 0.75,
        "skew": 0,
        "var": 0
    },
    "onset_rate": 4.49947547913,
    "second_peak_bpm": {
        "kurt": 0,
        "max": 0,
        "mean": 0,
        "median": 0,
        "min": 0,
        "skew": 0,
        "var": 0
    },
    "second_peak_spread": {
        "kurt": 0,
        "max": 0,
        "mean": 0,
        "median": 0,
        "min": 0,
        "skew": 0,
        "var": 0
    },
    "second_peak_weight": {
        "kurt": 0,
        "max": 0,
        "mean": 0,
        "median": 0,
        "min": 0,
        "skew": 0,
        "var": 0
    },
    "beats_loudness_band_ratio": {
        "kurt": [-1.50622463226, -0.766910552979, -0.72526717186, -1.3046888113, -1.35864543915, -1.78929781914],
        "max": [0.118734113872, 0.514259517193, 0.195717722178, 0.0954500883818, 0.33106392622, 0.281296908855],
        "mean": [0.0780468210578, 0.325440853834, 0.135625705123, 0.0565086826682, 0.234338954091, 0.23565761745],
        "median": [0.0859519466758, 0.297776609659, 0.130458533764, 0.0585502795875, 0.21503841877, 0.219170108438],
        "min": [0.020348964259, 0.185880944133, 0.0966655984521, 0.0265962388366, 0.173181518912, 0.198840126395],
        "skew": [-0.300744444132, 0.567047953606, 0.704237580299, 0.24014993012, 0.458816796541, 0.301968425512],
        "var": [0.00152400089428, 0.0122183039784, 0.00117734412197, 0.00064391567139, 0.00379639235325, 0.00136961950921],
        "cov": [[0.00190500111785, -0.00245355046354, 0.000561953929719, 0.000240628083702, 0.000236922875047, 0.000228664255701], [-0.00245355046354, 0.0152728799731, -0.000753330299631, -0.00313863763586, -0.00733312126249, -0.00378705770709], [0.000561953929719, -0.000753330299631, 0.00147168012336, -0.000112348687253, -0.000781827897299, -0.000332653027726], [0.000240628083702, -0.00313863763586, -0.000112348687253, 0.000804894603789, 0.00172571791336, 0.00068636512151], [0.000236922875047, -0.00733312126249, -0.000781827897299, 0.00172571791336, 0.00474549038336, 0.00250865612179], [0.000228664255701, -0.00378705770709, -0.000332653027726, 0.00068636512151, 0.00250865612179, 0.0017120243283]]
    },
    "beats_position": [0.487619042397, 0.986848056316, 1.48607707024, 1.98530614376, 2.49614500999],
    "bpm_estimates": [120.185325623, 120.185325623, 120.185310364, 117.453865051],
    "bpm_intervals": [0.49922901392, 0.49922901392, 0.499229073524, 0.510838866234],
    "onset_times": [0.0116099771112, 0.743038535118, 1.05650794506, 1.13777780533, 1.26548755169, 1.39319729805, 1.64861679077, 1.78793644905, 2.15945577621, 2.27555561066, 2.36843538284, 2.65868473053, 2.94893431664, 3.11147403717],
    "histogram": [[0, 0, 0, 0, 0, 0, 0, 0, 0, 0, 0, 0, 0, 0, 0, 0, 0, 0, 0, 0, 0, 0, 0, 0, 0, 0, 0, 0, 0, 0, 0, 0, 0, 0, 0, 0, 0, 0, 0, 0, 0, 0, 0, 0, 0, 0, 0, 0, 0, 0, 0, 0, 0, 0, 0, 0, 0, 0, 0, 0, 0, 0, 0, 0, 0, 0, 0, 0, 0, 0, 0, 0, 0, 0, 0, 0, 0, 0, 0, 0, 0, 0, 0, 0, 0, 0, 0, 0, 0, 0, 0, 0, 0, 0, 0, 0, 0, 0, 0, 0, 0, 0, 0, 0, 0, 0, 0, 0, 0, 0, 0, 0, 0, 0, 0, 0, 0, 0.25, 0, 0, 0.75, 0, 0, 0, 0, 0, 0, 0, 0, 0, 0, 0, 0, 0, 0, 0, 0, 0, 0, 0, 0, 0, 0, 0, 0, 0, 0, 0, 0, 0, 0, 0, 0, 0, 0, 0, 0, 0, 0, 0, 0, 0, 0, 0, 0, 0, 0, 0, 0, 0, 0, 0, 0, 0, 0, 0, 0, 0, 0, 0, 0, 0, 0, 0, 0, 0, 0, 0, 0, 0, 0, 0, 0, 0, 0, 0, 0, 0, 0, 0, 0, 0, 0, 0, 0, 0, 0, 0, 0, 0, 0, 0, 0, 0, 0, 0, 0, 0, 0, 0, 0, 0, 0, 0, 0, 0, 0, 0, 0, 0, 0, 0, 0, 0, 0, 0, 0, 0, 0, 0, 0, 0, 0, 0, 0, 0, 0, 0, 0, 0]]
},
"sfx": {
    "inharmonicity": {
        "kurt": 5.64152050018,
        "max": 0.229523465037,
        "mean": 0.0231381822377,
        "median": 0,
        "min": 0,
        "skew": 2.44133377075,
        "var": 0.0022881932091
    },
    "oddtoevenharmonicenergyratio": {
        "kurt": 112.422996521,
        "max": 25.5195636749,
        "mean": 0.378476113081,
        "median": 0,
        "min": 0,
        "skew": 10.4170703888,
        "var": 5.06872844696
    },
    "pitch_after_max_to_before_max_energy_ratio": 0.0308109279722,
    "pitch_centroid": 56.9389457703,
    "pitch_max_to_total": 0.985185205936,
    "pitch_min_to_total": 0.940740764141,
    "tristimulus": {
        "kurt": [-0.479298591614, 4.25114440918, 1.4202747345],
        "max": [1, 0.945850253105, 0.743454694748],
        "mean": [0.78415375948, 0.112251780927, 0.103594474494],
        "median": [1, 0, 0],
        "min": [0, 0, 0],
        "skew": [-1.111287117, 2.1971757412, 1.67215132713],
        "var": [0.116831295192, 0.0464770384133, 0.0375127345324],
        "cov": [[0.117703169584, -0.0633671805263, -0.054336015135], [-0.0633671805263, 0.0468238815665, 0.0165432952344], [-0.054336015135, 0.0165432952344, 0.0377926789224]]
    }
},
"tonal": {
    "chords_changes_rate": 0.088235296309,
    "chords_number_rate": 0.0441176481545,
    "chords_strength": {
        "kurt": -0.698312997818,
        "max": 0.527627825737,
        "mean": 0.435605108738,
        "median": 0.444010019302,
        "min": 0.339155375957,
        "skew": -0.179718479514,
        "var": 0.00197434518486
    },
    "key_strength": 0.38205063343,
    "tuning_diatonic_strength": 0.400143742561,
    "tuning_equal_tempered_deviation": 0.239855527878,
    "tuning_frequency": 437.213165283,
    "tuning_nontempered_energy_ratio": 0.897061824799,
    "hpcp": {
        "kurt": [-1.07945728302, 0.210392475128, 0.87110209465, 0.883629322052, 1.53328704834, 3.56641769409, 11.5546865463, 6.80504322052, 6.74538230896, 19.5491504669, 6.82981109619, 3.80627727509, 9.13573265076, 5.0594587326, 4.75854206085, 4.64508867264, 4.39700365067, 2.07137727737, 5.90588855743, 3.71203565598, 4.46242618561, 6.16955566406, 5.03065872192, 5.79602622986, 6.74173164368, 7.57146930695, 4.92194461823, 2.58187198639, 3.43759584427, 3.81231880188, 1.43820238113, 0.0298640727997, -0.935407876968, -0.56951880455, -0.529884576797, -0.855157136917],
        "max": [1, 1, 1, 1, 1, 1, 1, 1, 1, 1, 0.596629500389, 0.649366378784, 1, 0.97302365303, 1, 1, 1, 1, 1, 0.76788932085, 1, 1, 0.93281275034, 1, 0.824922084808, 0.86801213026, 1, 1, 0.841120421886, 0.893218576908, 1, 1, 1, 1, 1, 1],
        "mean": [0.425075531006, 0.328160554171, 0.270355790854, 0.265186399221, 0.251373529434, 0.195169180632, 0.138761639595, 0.150323465466, 0.14769718051, 0.112055279315, 0.107338629663, 0.134966224432, 0.173382982612, 0.194257974625, 0.209115236998, 0.218228891492, 0.232835918665, 0.239906698465, 0.199029713869, 0.191781163216, 0.217969790101, 0.196144372225, 0.16911765933, 0.160603776574, 0.136876195669, 0.125765830278, 0.168364331126, 0.184544920921, 0.15624473989, 0.186103448272, 0.265218019485, 0.361602127552, 0.438590586185, 0.397299021482, 0.357590645552, 0.422838956118],
        "median": [0.379176914692, 0.265421688557, 0.175791159272, 0.175698921084, 0.134588226676, 0.0950744822621, 0.0714973434806, 0.0688825473189, 0.0735366493464, 0.0731636062264, 0.0750347822905, 0.0999372005463, 0.120150074363, 0.139358788729, 0.124141678214, 0.150403231382, 0.189037933946, 0.179650843143, 0.175252616405, 0.160186707973, 0.148197323084, 0.144241094589, 0.103580638766, 0.0911309570074, 0.0773216784, 0.0639260858297, 0.0821268409491, 0.0707420036197, 0.0956143885851, 0.125084370375, 0.166948229074, 0.292370527983, 0.401898771524, 0.31232625246, 0.300172388554, 0.345544159412],
