{
"metadata": {
    "version": {
        "essentia": "2.1-beta3"
    }
},
"lowLevel": {
    "average_loudness": 0.96930450201,
    "barkbands_kurtosis": {
        "kurt": 20.650182724,
        "max": 12.8865299225,
        "mean": 1.20773684978,
        "median": 0.690854310989,
        "min": -1.37081313133,
        "skew": 4.04558801651,
        "var": 3.68800091743
    },
    "barkbands_skewness": {
        "kurt": 3.91834497452,
        "max": 0.402408987284,
        "mean": -0.60452991724,
        "median": -0.485789477825,
        "min": -3.08900260925,
        "skew": -1.78249418736,
        "var": 0.383533090353
    },
    "barkbands_spread": {
        "kurt": 3.66819238663,
        "max": 32.6796836853,
        "mean": 11.002040863,
        "median": 9.68404769897,
        "min": 5.47162675858,
        "skew": 2.01724100113,
        "var": 31.7078323364
    },
    "dissonance": {
        "kurt": 82.7162017822,
        "max": 0.499943196774,
        "mean": 0.491756975651,
        "median": 0.497043430805,
        "min": 0.128668919206,
        "skew": -9.14458465576,
        "var": 0.00150097708683
    },
    "hfc": {
        "kurt": -0.769949197769,
        "max": 29.6248722076,
        "mean": 14.8767948151,
        "median": 15.2573776245,
        "min": 5.49204305571e-05,
        "skew": -0.372106939554,
        "var": 74.4591064453
    },
    "pitch": {
        "kurt": -1.48688352108,
        "max": 4517.20019531,
        "mean": 2069.73217773,
        "median": 1821.41088867,
        "min": 282.465789795,
        "skew": 0.319528877735,
        "var": 2389020
    },
    "pitch_instantaneous_confidence": {
        "kurt": -0.917308092117,
        "max": 0.739745736122,
        "mean": 0.431538134813,
        "median": 0.386522978544,
        "min": 0.237756311893,
        "skew": 0.530748903751,
        "var": 0.0195462331176
    },
    "pitch_salience": {
        "kurt": 5.10411930084,
        "max": 0.947607338428,
        "mean": 0.691292643547,
        "median": 0.696364283562,
        "min": 0.557101488113,
        "skew": 0.849681854248,
        "var": 0.00289240549318
    },
    "silence_rate_20dB": {
        "kurt": 0,
        "max": 1,
        "mean": 1,
        "median": 1,
        "min": 1,
        "skew": 0,
        "var": 0
    },
    "silence_rate_30dB": {
        "kurt": 0,
        "max": 1,
        "mean": 1,
        "median": 1,
        "min": 1,
        "skew": 0,
        "var": 0
    },
    "silence_rate_60dB": {
        "kurt": -1.99802160263,
        "max": 1,
        "mean": 0.511111140251,
        "median": 1,
        "min": 0,
        "skew": -0.0444555692375,
        "var": 0.249876320362
    },
    "spectral_centroid": {
        "kurt": -0.560749292374,
        "max": 5530.09472656,
        "mean": 4485.78417969,
        "median": 4588.85644531,
        "min": 2970.69555664,
        "skew": -0.470593184233,
        "var": 323939.875
    },
    "spectral_complexity": {
        "kurt": -0.277020931244,
        "max": 21,
        "mean": 9,
        "median": 10,
        "min": 0,
        "skew": -0.669507145882,
        "var": 25.0222225189
    },
    "spectral_crest": {
        "kurt": 1.27345371246,
        "max": 15.2624731064,
        "mean": 7.15577745438,
        "median": 6.26534938812,
        "min": 4.13031673431,
        "skew": 1.22043836117,
        "var": 5.30946588516
    },
    "spectral_decrease": {
        "kurt": -0.534217834473,
        "max": -2.0723982426e-15,
        "mean": -4.85078088808e-10,
        "median": -4.99769281515e-10,
        "min": -1.07059949794e-09,
        "skew": 0.357660114765,
        "var": 7.58045244697e-20
    },
    "spectral_energy": {
        "kurt": -0.68750500679,
        "max": 0.00643067201599,
        "mean": 0.0031801648438,
        "median": 0.00315867341124,
        "min": 1.2803156757e-08,
        "skew": -0.458571434021,
        "var": 3.22275514009e-06
    },
    "spectral_energyband_high": {
        "kurt": -0.724195718765,
        "max": 0.00334370066412,
        "mean": 0.00160576007329,
        "median": 0.0016446642112,
        "min": 1.02656443346e-08,
        "skew": -0.22714728117,
        "var": 8.91349429821e-07
    },
    "spectral_energyband_low": {
        "kurt": 7.83901119232,
        "max": 2.00815111384e-06,
        "mean": 3.42855287272e-07,
        "median": 2.49899869686e-07,
        "min": 1.97101328314e-11,
        "skew": 2.515396595,
        "var": 1.02991623747e-13
    },
    "spectral_energyband_middle_high": {
        "kurt": -0.116398572922,
        "max": 0.00420930888504,
        "mean": 0.00156379688997,
        "median": 0.00163898430765,
        "min": 2.60914778671e-09,
        "skew": 0.0666448995471,
        "var": 9.33533840453e-07
    },
    "spectral_energyband_middle_low": {
        "kurt": 0.771079301834,
        "max": 2.83174467768e-05,
        "mean": 1.45112271639e-05,
        "median": 1.43304532685e-05,
        "min": 1.45853051858e-10,
        "skew": 0.0903368890285,
        "var": 2.50454726403e-11
    },
    "spectral_flatness_db": {
        "kurt": -0.353760004044,
        "max": 0.230045005679,
        "mean": 0.181881159544,
        "median": 0.18539224565,
        "min": 0.122548148036,
        "skew": -0.594610452652,
        "var": 0.000602739572059
    },
    "spectral_flux": {
        "kurt": -0.166926622391,
        "max": 0.0459730438888,
        "mean": 0.0201450698078,
        "median": 0.0187277458608,
        "min": 0.00515230698511,
        "skew": 0.39302110672,
        "var": 8.62215092639e-05
    },
    "spectral_kurtosis": {
        "kurt": 14.550611496,
        "max": 7.4741859436,
        "mean": 0.202218994498,
        "median": -0.294391036034,
        "min": -0.692790031433,
        "skew": 3.23677921295,
        "var": 1.38356566429
    },
    "spectral_rms": {
        "kurt": -0.0584261417389,
        "max": 0.00250476063229,
        "mean": 0.00162115774583,
        "median": 0.00175545155071,
        "min": 3.53424456989e-06,
        "skew": -1.11235296726,
        "var": 4.74449109333e-07
    },
    "spectral_rolloff": {
        "kurt": 0.0815234184265,
        "max": 8785.546875,
        "mean": 6357.31933594,
        "median": 6427.66113281,
        "min": 4478.90625,
        "skew": -0.0371391251683,
        "var": 888625.625
    },
    "spectral_skewness": {
        "kurt": 20.9658966064,
        "max": 2.32122302055,
        "mean": 0.805022656918,
        "median": 0.749122083187,
        "min": 0.581556737423,
        "skew": 3.88804364204,
        "var": 0.0536973066628
    },
    "spectral_spread": {
        "kurt": 3.65072631836,
        "max": 19949240,
        "mean": 10366575,
        "median": 10978568,
        "min": 5049919.5,
        "skew": -0.340672850609,
        "var": 4.94097452237e+12
    },
    "spectral_strongpeak": {
        "kurt": -0.501474142075,
        "max": 5.79654979706,
        "mean": 2.03424286842,
        "median": 1.44731581211,
        "min": 0.000547403818928,
        "skew": 0.844073474407,
        "var": 2.70283055305
    },
    "zerocrossingrate": {
        "kurt": 9.18124008179,
        "max": 0.27880859375,
        "mean": 0.216786026955,
        "median": 0.22216796875,
        "min": 0.01416015625,
        "skew": -2.24679064751,
        "var": 0.00135739636607
    },
    "barkbands": {
        "kurt": [10.9929952621, 2.89172887802, 14.9085197449, 14.594373703, 15.2476863861, 0.607111930847, 8.53749656677, 3.51415395737, 5.80282306671, -0.956644296646, 0.800991296768, 0.846859455109, -0.657914638519, -0.760365962982, 1.06323003769, 11.8696632385, 3.60583782196, -0.189397096634, 0.39864397049, -0.420402288437, -0.620886802673, -0.297398090363, -0.886301040649, 1.08630752563, -0.198182106018, 2.69138336182, -0.150845527649],
        "max": [1.36153897046e-08, 5.71109865177e-07, 1.49893992329e-06, 1.21493428651e-06, 6.91545164955e-06, 5.49431251784e-06, 1.19782052934e-05, 1.22345009004e-05, 1.89018846868e-05, 6.30529484624e-06, 1.07482610474e-05, 6.39521240373e-05, 4.10806096625e-05, 0.000238706590608, 0.000171016159584, 0.00118755258154, 0.00165931950323, 0.000600354280323, 0.00256820116192, 0.000826668285299, 0.000935930293053, 0.000855639344081, 0.0004823616473, 0.000439860334154, 0.000466224068077, 0.000234125938732, 9.15989062378e-08],
        "mean": [1.75071790398e-09, 1.21316290347e-07, 1.68796873368e-07, 1.39202668947e-07, 1.07861694687e-06, 2.15827640204e-06, 2.46817717198e-06, 3.43698866345e-06, 5.04522358824e-06, 2.37131257563e-06, 2.88860360342e-06, 1.76088324224e-05, 1.47084811033e-05, 9.37905715546e-05, 4.47052225354e-05, 0.00019342507585, 0.000311343465, 0.000189011087059, 0.000619217869826, 0.000288738403469, 0.000372977548977, 0.000480476737721, 0.000207540244446, 9.65919170994e-05, 0.000174726883415, 5.53999780095e-05, 2.71018212317e-08],
        "median": [1.04957764702e-09, 8.95841623105e-08, 1.00416997384e-07, 7.2490081493e-08, 8.29627879284e-07, 2.0789645987e-06, 2.14320903069e-06, 3.17065496347e-06, 4.79809023091e-06, 2.1584469323e-06, 2.07935750041e-06, 1.56035130203e-05, 1.36155358632e-05, 0.000103122889413, 3.57509379683e-05, 0.000160396302817, 0.00020156436949, 0.000184067612281, 0.000310491595883, 0.000213086837903, 0.000357256620191, 0.000544191105291, 0.000209051737329, 5.76229940634e-05, 0.000178596179467, 5.00731330249e-05, 1.74186514101e-08],
        "min": [8.85367950829e-13, 6.20963003239e-12, 8.322417408e-12, 8.98712354536e-12, 1.02456116507e-11, 1.67082025299e-11, 4.75078934525e-11, 2.0892286165e-11, 2.2343781339e-11, 6.19419654457e-11, 7.04155622699e-11, 1.18654849834e-10, 9.19115061837e-11, 1.01200027525e-10, 2.11656497884e-10, 7.64537530507e-11, 2.10284178959e-10, 2.16188261737e-10, 3.43209238807e-10, 6.94043000848e-09, 3.13841441724e-09, 7.31355642714e-10, 1.16312792731e-10, 7.72797034698e-11, 6.9358338517e-11, 3.95809184039e-11, 1.31382092705e-11],
        "skew": [2.85236382484, 1.59775054455, 3.38710904121, 3.34868645668, 3.36355853081, 0.575231790543, 2.34051561356, 1.26116108894, 1.51409173012, 0.489862531424, 1.28750693798, 1.16394650936, 0.373267322779, 0.105226360261, 1.29092252254, 2.93425488472, 1.79837012291, 0.406815677881, 1.26798260212, 0.759106457233, 0.390752315521, -0.922625660896, -0.0679582580924, 1.38767337799, 0.160972192883, 1.35311603546, 0.918419480324],
        "var": [4.35084429058e-18, 1.16160760074e-14, 4.71592132478e-14, 3.1637066827e-14, 9.6714997122e-13, 1.12673358057e-12, 3.56628008374e-12, 3.71919162134e-12, 7.38453829335e-12, 2.75641618905e-12, 7.0179092572e-12, 2.41817899038e-10, 1.01116011397e-10, 3.99112698446e-09, 1.65515912087e-09, 3.77368181148e-08, 1.08523032338e-07, 1.80094694713e-08, 4.84327244976e-07, 5.01043402323e-08, 6.46801510129e-08, 6.32530756661e-08, 1.76753935932e-08, 1.05804174311e-08, 1.28855113246e-08, 2.17025841742e-09, 5.80811180147e-16],
        "cov": [[4.39973025119e-18, 3.81865878377e-17, 1.66290566996e-17, 1.34494048652e-16, 7.62143569978e-16, 1.33684066779e-17, 9.29474346373e-16, -3.63872019989e-17, -6.30444293301e-16, -4.12469848778e-18, 8.89915366638e-16, 2.60055356664e-15, 1.42701017052e-15, 8.73997910258e-17, 8.15645633174e-15, 2.21576466756e-14, 5.28528738516e-14, 2.46718098696e-14, -5.0294451492e-14, 1.56946853381e-14, 2.23347358539e-14, 7.61166913462e-14, 1.35582810509e-14, 1.60318654375e-14, 9.65640514463e-15, 6.49049160229e-15, 2.9400352299e-18], [3.81865878377e-17, 1.17465936202e-14, 1.26974135145e-14, 4.21603280309e-15, 1.74650502665e-14, 4.81070075404e-15, 8.91942295305e-15, 9.51250271722e-15, -1.38121740946e-14, 1.16964340231e-14, 3.01872039193e-14, 2.60946016043e-14, 7.57053179369e-14, 2.27299380489e-13, -1.52133988458e-13, -6.18816846723e-13, -7.95645830037e-13, 2.77726545104e-13, 1.99931130679e-12, 7.50708794173e-13, 3.27964131547e-12, 2.63315888191e-12, 2.28974434899e-12, 1.16886296649e-12, 1.90597017335e-12, 6.88667113787e-13, 1.08904501719e-16], [1.66290566996e-17, 1.26974135145e-14, 4.76890933427e-14, 1.55019243563e-14, 3.36350955768e-14, -4.7923540204e-15, 4.49699617279e-14, -1.899784617e-14, -2.35783513211e-14, 1.07955927997e-13, 8.43965671546e-15, -1.8622087108e-13, 1.34058942333e-13, 1.13453680044e-12, -4.02930022247e-13, -1.24815826077e-12, -7.42018772815e-12, -2.03197159619e-13, 2.36774619009e-12, -1.84586482384e-12, -7.00919357277e-13, 8.35005762451e-12, 4.17248917708e-12, -1.32580144779e-13, 3.10697821637e-12, 1.17987401533e-12, -1.3590611875e-16], [1.34494048652e-16, 4.21603280309e-15, 1.55019243563e-14, 3.19925394499e-14, 8.18267776128e-14, 4.54178964674e-14, 1.10715920481e-13, -1.89410119533e-14, -2.56567601095e-14, 8.19808495178e-14, 5.31290438618e-14, 5.01606067338e-14, 4.03879187039e-13, 1.40763334149e-12, 3.42790872727e-13, -4.56937073357e-14, -2.30191234997e-12, 4.21493742686e-12, 4.65711930825e-12, 1.88504919139e-12, 3.16464823097e-12, 9.51552898976e-12, 4.82381148914e-12, 1.04932436438e-12, 2.82207243685e-12, 1.89768339931e-12, 1.33476351801e-16], [7.62143569978e-16, 1.74650502665e-14, 3.36350955768e-14, 8.18267776128e-14, 9.78016821175e-13, 1.49777949375e-13, 6.1461306964e-13, 1.76684245712e-14, 3.76281715205e-13, 6.59259905239e-14, 4.81213159598e-13, 4.88090165886e-14, 5.1294450458e-13, -1.39295720141e-13, 3.93314547598e-12, 1.46821010211e-12, 6.25787139122e-12, 9.41186538428e-12, -1.29768099044e-10, -2.4427182499e-11, -3.81394915649e-11, -1.23437154595e-12, -1.86871906838e-11, -1.01787857656e-11, -1.04867902556e-11, 1.61411064636e-12, -4.21292800382e-15], [1.33684066779e-17, 4.81070075404e-15, -4.7923540204e-15, 4.54178964674e-14, 1.49777949375e-13, 1.13939348408e-12, 3.71663556051e-13, 9.68122337939e-14, 9.76032338176e-14, 6.43297589677e-13, 6.10262220532e-13, 5.69638737222e-12, 2.51920186101e-12, 2.22654984727e-11, 1.28919349154e-11, 4.90529769581e-11, 6.67334382198e-11, 4.54474617662e-11, 2.37901254252e-10, 9.70501387587e-11, 9.87994339119e-11, 1.40178479935e-10, 7.08598943411e-11, 3.80110665166e-11, 4.87550277928e-11, 1.81248818037e-11, 6.6752684516e-15], [9.29474346373e-16, 8.91942295305e-15, 4.49699617279e-14, 1.10715920481e-13, 6.1461306964e-13, 3.71663556051e-13, 3.60635046132e-12, 5.33190787529e-13, 5.08726632868e-13, 1.41874576323e-12, 4.76323190959e-13, -3.22674639829e-13, 5.8573059597e-12, 6.44347838974e-11, 1.97795790163e-11, 7.54837373163e-11, 4.95230488562e-11, 8.23760851199e-11, -9.48363609865e-12, 1.78937437784e-11, -5.94078345545e-12, 1.73699638006e-10, 3.64507417305e-11, -2.2125946908e-11, 1.85240590228e-11, 1.85853780282e-11, -3.8109477664e-15], [-3.63872019989e-17, 9.51250271722e-15, -1.899784617e-14, -1.89410119533e-14, 1.76684245712e-14, 9.68122337939e-14, 5.33190787529e-13, 3.76098024252e-12, 1.2619273031e-12, 2.53446759023e-13, 1.58928100714e-13, -6.98017625688e-14, -5.76649351099e-13, 2.37065367337e-11, 1.15381471738e-11, 5.59263746425e-11, 4.79295006461e-11, -1.49945039024e-11, 1.62662092129e-10, 2.91045555711e-11, 8.21555063563e-13, 2.41055890526e-11, 1.64582340811e-11, 1.2175417792e-11, 3.88647908344e-13, -7.30797974219e-12, -3.13712733938e-15], [-6.30444293301e-16, -1.38121740946e-14, -2.35783513211e-14, -2.56567601095e-14, 3.76281715205e-13, 9.76032338176e-14, 5.08726632868e-13, 1.2619273031e-12, 7.46751098457e-12, 3.91830529611e-13, -1.27611842534e-12, -6.59844357973e-12, -2.89483324464e-12, 3.16691256552e-11, -1.60508845798e-11, -4.61873733704e-11, -2.11258052718e-10, -9.14456427248e-11, 6.56195722759e-11, 5.07393189964e-11, 1.82382494524e-11, -7.00668412179e-11, 2.18974127025e-11, 5.03121676265e-11, -5.8640930653e-12, 6.95197848941e-12, -1.86768774342e-15], [-4.12469848778e-18, 1.16964340231e-14, 1.07955927997e-13, 8.19808495178e-14, 6.59259905239e-14, 6.43297589677e-13, 1.41874576323e-12, 2.53446759023e-13, 3.91830529611e-13, 2.78738707463e-12, 1.11729229384e-13, 2.11787922269e-12, 2.47418730469e-12, 5.72058719839e-11, 5.58731403158e-12, 3.89722039362e-11, -4.30464240642e-11, 2.9257079398e-11, 6.53807563644e-10, 1.63695515476e-10, 1.55620960562e-10, 2.53694315555e-10, 1.32712688061e-10, 6.26195900688e-11, 7.61729082588e-11, 3.24158373755e-11, 9.48066528983e-15], [8.89915366638e-16, 3.01872039193e-14, 8.43965671546e-15, 5.31290438618e-14, 4.81213159598e-13, 6.10262220532e-13, 4.76323190959e-13, 1.58928100714e-13, -1.27611842534e-12, 1.11729229384e-13, 7.09676198016e-12, 3.29093106932e-11, 1.90765493679e-11, 5.6007962157e-11, 6.92247370537e-11, 2.900841789e-10, 6.41319553019e-10, 2.03155783862e-10, -3.51673662413e-10, 1.81451780684e-11, 1.01093931837e-10, 3.00705932377e-10, 5.27652262161e-11, -2.00183047222e-11, 9.2018746789e-11, 5.25079806024e-12, -5.67372864795e-15], [2.60055356664e-15, 2.60946016043e-14, -1.8622087108e-13, 5.01606067338e-14, 4.88090165886e-14, 5.69638737222e-12, -3.22674639829e-13, -6.98017625688e-14, -6.59844357973e-12, 2.11787922269e-12, 3.29093106932e-11, 2.44534947846e-10, 8.96484900204e-11, 3.28109761583e-10, 4.01736033329e-10, 1.81072901118e-09, 3.74800457337e-09, 1.17037057823e-09, 1.03054442757e-09, 8.23608625744e-10, 1.38152633777e-09, 1.96572380595e-09, 8.33665803057e-10, 2.38975533806e-10, 7.54965645555e-10, 5.30756757988e-11, 1.21324171277e-14], [1.42701017052e-15, 7.57053179369e-14, 1.34058942333e-13, 4.03879187039e-13, 5.1294450458e-13, 2.51920186101e-12, 5.8573059597e-12, -5.76649351099e-13, -2.89483324464e-12, 2.47418730469e-12, 1.90765493679e-11, 8.96484900204e-11, 1.02252151191e-10, 3.65647595535e-10, 2.74850447957e-10, 1.0764733549e-09, 2.19738671703e-09, 9.41940192511e-10, -1.37478106677e-09, 6.21279069857e-12, 4.35403102461e-10, 1.50582979419e-09, 2.95929863947e-10, -1.04339009654e-10, 3.97774757577e-10, 7.95726054492e-11, -4.41674445972e-15], [8.73997910258e-17, 2.27299380489e-13, 1.13453680044e-12, 1.40763334149e-12, -1.39295720141e-13, 2.22654984727e-11, 6.44347838974e-11, 2.37065367337e-11, 3.16691256552e-11, 5.72058719839e-11, 5.6007962157e-11, 3.28109761583e-10, 3.65647595535e-10, 4.03597111287e-09, 1.44148193382e-09, 7.79103714876e-09, 8.55272741518e-09, 3.85459042462e-09, 5.86353321452e-09, 3.42990125191e-09, 4.97981478276e-09, 9.92968818281e-09, 3.54384477319e-09, 9.61758339635e-10, 2.35652275471e-09, 9.07265207406e-10, 1.15395038902e-13], [8.15645633174e-15, -1.52133988458e-13, -4.02930022247e-13, 3.42790872727e-13, 3.93314547598e-12, 1.28919349154e-11, 1.97795790163e-11, 1.15381471738e-11, -1.60508845798e-11, 5.58731403158e-12, 6.92247370537e-11, 4.01736033329e-10, 2.74850447957e-10, 1.44148193382e-09, 1.67375635574e-09, 6.35358565759e-09, 1.15948477486e-08, 3.67583385952e-09, -2.51402121343e-09, 7.15907666482e-10, 1.94455451741e-09, 5.27555377161e-09, 6.39524710966e-10, -4.0905259735e-10, 8.29452229123e-10, -3.25905344378e-11, -1.79516842472e-14], [2.21576466756e-14, -6.18816846723e-13, -1.24815826077e-12, -4.56937073357e-14, 1.46821010211e-12, 4.90529769581e-11, 7.54837373163e-11, 5.59263746425e-11, -4.61873733704e-11, 3.89722039362e-11, 2.900841789e-10, 1.81072901118e-09, 1.0764733549e-09, 7.79103714876e-09, 6.35358565759e-09, 3.81608273869e-08, 5.40211857469e-08, 1.33515891676e-08, -4.87721374398e-09, 4.26071844473e-09, 1.12614451098e-08, 2.24882583666e-08, 4.29412061465e-09, -5.61244162256e-10, 3.59343266254e-09, 5.28174448622e-10, -7.99097523178e-14], [5.28528738516e-14, -7.95645830037e-13, -7.42018772815e-12, -2.30191234997e-12, 6.25787139122e-12, 6.67334382198e-11, 4.95230488562e-11, 4.79295006461e-11, -2.11258052718e-10, -4.30464240642e-11, 6.41319553019e-10, 3.74800457337e-09, 2.19738671703e-09, 8.55272741518e-09, 1.15948477486e-08, 5.40211857469e-08, 1.09742387622e-07, 2.9909276833e-08, -4.57668356546e-08, -2.73919598115e-09, 1.39079237016e-08, 3.7188041091e-08, 2.48128073643e-09, -5.6145554872e-09, 5.49058842836e-09, -1.36587419153e-09, -3.95085684004e-13], [2.46718098696e-14, 2.77726545104e-13, -2.03197159619e-13, 4.21493742686e-12, 9.41186538428e-12, 4.54474617662e-11, 8.23760851199e-11, -1.49945039024e-11, -9.14456427248e-11, 2.9257079398e-11, 2.03155783862e-10, 1.17037057823e-09, 9.41940192511e-10, 3.85459042462e-09, 3.67583385952e-09, 1.33515891676e-08, 2.9909276833e-08, 1.82118231606e-08, -2.01613947759e-10, 5.6443449914e-09, 8.67266258808e-09, 2.20083258284e-08, 4.42091430131e-09, -1.5489146632e-09, 5.68556313141e-09, 1.04478214968e-09, 5.15792920527e-13], [-5.0294451492e-14, 1.99931130679e-12, 2.36774619009e-12, 4.65711930825e-12, -1.29768099044e-10, 2.37901254252e-10, -9.48363609865e-12, 1.62662092129e-10, 6.56195722759e-11, 6.53807563644e-10, -3.51673662413e-10, 1.03054442757e-09, -1.37478106677e-09, 5.86353321452e-09, -2.51402121343e-09, -4.87721374398e-09, -4.57668356546e-08, -2.01613947759e-10, 4.89769092837e-07, 1.35687002967e-07, 1.2150505313e-07, 8.08080713455e-08, 6.85104524223e-08, 5.46374643307e-08, 4.44599734806e-08, 1.60687907425e-08, 1.07995088566e-11], [1.56946853381e-14, 7.50708794173e-13, -1.84586482384e-12, 1.88504919139e-12, -2.4427182499e-11, 9.70501387587e-11, 1.78937437784e-11, 2.91045555711e-11, 5.07393189964e-11, 1.63695515476e-10, 1.81451780684e-11, 8.23608625744e-10, 6.21279069857e-12, 3.42990125191e-09, 7.15907666482e-10, 4.26071844473e-09, -2.73919598115e-09, 5.6443449914e-09, 1.35687002967e-07, 5.06673103473e-08, 4.79158330791e-08, 3.07117957732e-08, 2.29332126622e-08, 1.93409110949e-08, 1.77003158797e-08, 7.0244099426e-09, 4.1324101259e-12], [2.23347358539e-14, 3.27964131547e-12, -7.00919357277e-13, 3.16464823097e-12, -3.81394915649e-11, 9.87994339119e-11, -5.94078345545e-12, 8.21555063563e-13, 1.82382494524e-11, 1.55620960562e-10, 1.01093931837e-10, 1.38152633777e-09, 4.35403102461e-10, 4.97981478276e-09, 1.94455451741e-09, 1.12614451098e-08, 1.39079237016e-08, 8.67266258808e-09, 1.2150505313e-07, 4.79158330791e-08, 6.5406894123e-08, 3.81752762735e-08, 2.7248630019e-08, 2.20444036358e-08, 2.36735804293e-08, 9.09131703253e-09, 5.31038320956e-12], [7.61166913462e-14, 2.63315888191e-12, 8.35005762451e-12, 9.51552898976e-12, -1.23437154595e-12, 1.40178479935e-10, 1.73699638006e-10, 2.41055890526e-11, -7.00668412179e-11, 2.53694315555e-10, 3.00705932377e-10, 1.96572380595e-09, 1.50582979419e-09, 9.92968818281e-09, 5.27555377161e-09, 2.24882583666e-08, 3.7188041091e-08, 2.20083258284e-08, 8.08080713455e-08, 3.07117957732e-08, 3.81752762735e-08, 6.39637818267e-08, 2.42462245836e-08, 1.10988178648e-08, 2.04492280886e-08, 6.274387232e-09, 3.10434533982e-12], [1.35582810509e-14, 2.28974434899e-12, 4.17248917708e-12, 4.82381148914e-12, -1.86871906838e-11, 7.08598943411e-11, 3.64507417305e-11, 1.64582340811e-11, 2.18974127025e-11, 1.32712688061e-10, 5.27652262161e-11, 8.33665803057e-10, 2.95929863947e-10, 3.54384477319e-09, 6.39524710966e-10, 4.29412061465e-09, 2.48128073643e-09, 4.42091430131e-09, 6.85104524223e-08, 2.29332126622e-08, 2.7248630019e-08, 2.42462245836e-08, 1.78739938406e-08, 1.09966480366e-08, 1.16441940534e-08, 4.19802992369e-09, 2.14560053752e-12], [1.60318654375e-14, 1.16886296649e-12, -1.32580144779e-13, 1.04932436438e-12, -1.01787857656e-11, 3.80110665166e-11, -2.2125946908e-11, 1.2175417792e-11, 5.03121676265e-11, 6.26195900688e-11, -2.00183047222e-11, 2.38975533806e-10, -1.04339009654e-10, 9.61758339635e-10, -4.0905259735e-10, -5.61244162256e-10, -5.6145554872e-09, -1.5489146632e-09, 5.46374643307e-08, 1.93409110949e-08, 2.20444036358e-08, 1.10988178648e-08, 1.09966480366e-08, 1.06992992244e-08, 7.83458631304e-09, 3.45753981001e-09, 1.97298102335e-12], [9.65640514463e-15, 1.90597017335e-12, 3.10697821637e-12, 2.82207243685e-12, -1.04867902556e-11, 4.87550277928e-11, 1.85240590228e-11, 3.88647908344e-13, -5.8640930653e-12, 7.61729082588e-11, 9.2018746789e-11, 7.54965645555e-10, 3.97774757577e-10, 2.35652275471e-09, 8.29452229123e-10, 3.59343266254e-09, 5.49058842836e-09, 5.68556313141e-09, 4.44599734806e-08, 1.77003158797e-08, 2.36735804293e-08, 2.04492280886e-08, 1.16441940534e-08, 7.83458631304e-09, 1.30302924006e-08, 4.20192192152e-09, 2.03155157627e-12], [6.49049160229e-15, 6.88667113787e-13, 1.17987401533e-12, 1.89768339931e-12, 1.61411064636e-12, 1.81248818037e-11, 1.85853780282e-11, -7.30797974219e-12, 6.95197848941e-12, 3.24158373755e-11, 5.25079806024e-12, 5.30756757988e-11, 7.95726054492e-11, 9.07265207406e-10, -3.25905344378e-11, 5.28174448622e-10, -1.36587419153e-09, 1.04478214968e-09, 1.60687907425e-08, 7.0244099426e-09, 9.09131703253e-09, 6.274387232e-09, 4.19802992369e-09, 3.45753981001e-09, 4.20192192152e-09, 2.19464335593e-09, 8.52520907601e-13], [2.9400352299e-18, 1.08904501719e-16, -1.3590611875e-16, 1.33476351801e-16, -4.21292800382e-15, 6.6752684516e-15, -3.8109477664e-15, -3.13712733938e-15, -1.86768774342e-15, 9.48066528983e-15, -5.67372864795e-15, 1.21324171277e-14, -4.41674445972e-15, 1.15395038902e-13, -1.79516842472e-14, -7.99097523178e-14, -3.95085684004e-13, 5.15792920527e-13, 1.07995088566e-11, 4.1324101259e-12, 5.31038320956e-12, 3.10434533982e-12, 2.14560053752e-12, 1.97298102335e-12, 2.03155157627e-12, 8.52520907601e-13, 5.87337145489e-16]]
    },
    "mfcc": {
        "kurt": [5.12444782257, 0.687879323959, 1.38955163956, 0.399032115936, 0.878343343735, 0.0579056739807, -0.477026224136, 0.153664112091, 0.83939743042, -0.935995101929, -0.150116920471, -0.866163253784, 0.247311115265],
        "max": [-708.952697754, 51.9989471436, -6.103515625e-05, 54.3869972229, 5.41072273254, 16.5510597229, 2.75597000122, 8.35820770264, 26.5649909973, 12.4662132263, 23.0567131042, 13.1510038376, 11.2668209076],
        "mean": [-761.930236816, -46.2744407654, -61.0529403687, 20.4876880646, -17.1413955688, -2.83843445778, -21.3910064697, -9.8245344162, -4.18073177338, -4.82664632797, 5.55099630356, -0.132422536612, -1.16656804085],
        "median": [-729.915161133, -59.5978126526, -59.9120254517, 17.1395149231, -14.2382488251, -2.30111122131, -20.3877029419, -8.70432472229, -5.69337940216, -5.21516990662, 4.95043563843, -0.855323791504, -0.137500762939],
        "min": [-1138.42004395, -84.9458312988, -87.2979888916, 8.01086425781e-05, -58.5735931396, -24.5292510986, -44.193271637, -31.0733070374, -20.159910202, -20.1259078979, -4.87643051147, -16.4017810822, -17.4205665588],
        "skew": [-2.22036194801, 1.44708287716, 0.577417552471, 1.00796914101, -1.04039537907, -0.191489309072, -0.089071534574, -0.517079353333, 1.06702291965, 0.061000071466, 0.550608575344, 0.0857253745198, -0.690048933029],
        "var": [6060.16259766, 1465.58178711, 226.867019653, 144.046035767, 157.885681152, 63.267036438, 93.2597961426, 65.3194351196, 102.745483398, 65.0933532715, 39.55834198, 49.4634132385, 35.2201271057],
        "cov": [[6128.25439453, -2626.31933594, -794.84576416, -576.632446289, 617.01159668, 231.437957764, -411.225585938, 345.974151611, -566.089172363, -85.2170944214, 67.4623718262, -43.7969245911, 219.036895752], [-2626.31933594, 1482.0489502, 313.660430908, 338.701049805, -330.773162842, -109.657684326, 150.098709106, -201.861373901, 325.693481445, 2.49678969383, -14.3826255798, 5.07008838654, -117.88192749], [-794.84576416, 313.660430908, 229.41607666, 95.1764526367, -102.020324707, -38.3019485474, 107.747741699, -42.8953285217, 58.8561058044, 66.5308837891, -21.9143390656, -10.4471731186, -44.3819580078], [-576.632446289, 338.701049805, 95.1764526367, 145.664535522, -105.016723633, -36.3346176147, 71.4020004272, -56.680229187, 72.7445831299, 20.0389175415, -14.8875427246, 13.2683019638, -39.2630233765], [617.01159668, -330.773162842, -102.020324707, -105.016723633, 159.659683228, 68.4413146973, -69.0356521606, 75.627532959, -68.9170455933, -40.5265045166, 19.4450206757, 1.38873434067, 47.2604827881], [231.437957764, -109.657684326, -38.3019485474, -36.3346176147, 68.4413146973, 63.9779014587, -14.724603653, 46.3271217346, -30.582075119, -20.3912239075, 2.95559620857, 24.1598758698, 22.803106308], [-411.225585938, 150.098709106, 107.747741699, 71.4020004272, -69.0356521606, -14.724603653, 94.3076629639, -14.3372793198, 31.5455551147, 40.3562431335, -21.0820045471, 7.61558961868, -25.0849552155], [345.974151611, -201.861373901, -42.8953285217, -56.680229187, 75.627532959, 46.3271217346, -14.3372793198, 66.0533599854, -45.8725776672, -9.87707805634, 10.9912776947, 12.7381410599, 29.8548164368], [-566.089172363, 325.693481445, 58.8561058044, 72.7445831299, -68.9170455933, -30.582075119, 31.5455551147, -45.8725776672, 103.899932861, 9.83589744568, 9.29419231415, -3.96072697639, -21.2434749603], [-85.2170944214, 2.49678969383, 66.5308837891, 20.0389175415, -40.5265045166, -20.3912239075, 40.3562431335, -9.87707805634, 9.83589744568, 65.8247375488, 1.60059523582, -5.41554450989, -4.58607006073], [67.4623718262, -14.3826255798, -21.9143390656, -14.8875427246, 19.4450206757, 2.95559620857, -21.0820045471, 10.9912776947, 9.29419231415, 1.60059523582, 40.0028190613, -11.5129404068, 17.6197280884], [-43.7969245911, 5.07008838654, -10.4471731186, 13.2683019638, 1.38873434067, 24.1598758698, 7.61558961868, 12.7381410599, -3.96072697639, -5.41554450989, -11.5129404068, 50.0191802979, 4.6525144577], [219.036895752, -117.88192749, -44.3819580078, -39.2630233765, 47.2604827881, 22.803106308, -25.0849552155, 29.8548164368, -21.2434749603, -4.58607006073, 17.6197280884, 4.6525144577, 35.6158599854]]
    },
    "sccoeffs": {
        "kurt": [1.46194267273, -0.693413257599, 2.5589761734, 0.948756217957, 0.180649757385, 21.161190033],
        "max": [-0.670304775238, -0.769813537598, -0.734432637691, -0.7384583354, -0.704516410828, -0.721955120564],
        "mean": [-0.796084821224, -0.844462692738, -0.822729408741, -0.792322695255, -0.780311405659, -0.753139078617],
        "median": [-0.798195958138, -0.84476351738, -0.817916691303, -0.781695008278, -0.782050132751, -0.752208471298],
        "min": [-0.937616407871, -0.910488009453, -0.963548541069, -0.933438241482, -0.880331635475, -0.857754647732],
        "skew": [0.11185926199, 0.196191608906, -0.752190411091, -1.23865246773, -0.0909800305963, -3.33269810677],
        "var": [0.00179893372115, 0.00104870717041, 0.00125193828717, 0.00165614765137, 0.000980435754173, 0.000239341912675],
        "cov": [[0.00181914644782, 0.000157693270012, 0.00036919375998, 0.000155646033818, 8.13025108073e-05, 0.000148260034621], [0.000157693270012, 0.00106049049646, 6.68645152473e-05, -0.00026084651472, 1.24392572616e-05, 3.17339472531e-05], [0.00036919375998, 6.68645152473e-05, 0.00126600498334, 0.000619867350906, 0.000532577862032, 0.000257518520812], [0.000155646033818, -0.00026084651472, 0.000619867350906, 0.00167475605849, 0.000845753063913, 0.000402160687372], [8.13025108073e-05, 1.24392572616e-05, 0.000532577862032, 0.000845753063913, 0.000991451903246, 0.000270823366009], [0.000148260034621, 3.17339472531e-05, 0.000257518520812, 0.000402160687372, 0.000270823366009, 0.000242031150265]]
    },
    "scvalleys": {
        "kurt": [21.3583259583, 47.8890113831, 29.9553184509, 15.7070236206, 14.044424057, 5.0951423645],
        "max": [-8.42181110382, -7.42644309998, -7.67597532272, -6.72764110565, -6.13783931732, -7.4190993309],
        "mean": [-9.71630191803, -8.22643947601, -8.45862674713, -7.65261363983, -7.12813043594, -8.3069858551],
        "median": [-9.65517616272, -8.11745166779, -8.39359378815, -7.36142444611, -6.81151771545, -7.85429143906],
        "min": [-13.9629526138, -13.9344968796, -12.9634847641, -13.2976741791, -12.8797979355, -14.3754482269],
        "skew": [-3.40827083588, -6.18014764786, -4.47899246216, -3.23456311226, -3.13536381721, -2.19125533104],
        "var": [0.392682641745, 0.482293874025, 0.37517786026, 0.797223508358, 0.872923135757, 1.56662237644],
        "cov": [[0.397094815969, 0.284666121006, 0.225038513541, 0.274581372738, 0.272907823324, 0.307229101658], [0.284666121006, 0.48771288991, 0.351511955261, 0.471333801746, 0.47970315814, 0.57170432806], [0.225038513541, 0.351511955261, 0.379393339157, 0.48299947381, 0.492855459452, 0.621869146824], [0.274581372738, 0.471333801746, 0.48299947381, 0.806181073189, 0.80097669363, 1.02720665932], [0.272907823324, 0.47970315814, 0.492855459452, 0.80097669363, 0.882731258869, 1.14123260975], [0.307229101658, 0.57170432806, 0.621869146824, 1.02720665932, 1.14123260975, 1.58422493935]]
    }
},
"rhythm": {
    "beats_loudness": {
        "kurt": -1.49999976158,
        "max": 0.00471750320867,
        "mean": 0.00422877073288,
        "median": 0.00430123368278,
        "min": 0.00366757507436,
        "skew": -0.247063100338,
        "var": 1.86350291642e-07
    },
    "bpm": 107.666015625,
    "confidence": 0,
    "first_peak_bpm": {
        "kurt": 0,
        "max": 108,
        "mean": 108,
        "median": 108,
        "min": 108,
        "skew": 0,
        "var": 0
    },
    "first_peak_spread": {
        "kurt": 0,
        "max": 0,
        "mean": 0,
        "median": 0,
        "min": 0,
        "skew": 0,
        "var": 0
    },
    "first_peak_weight": {
        "kurt": 0,
        "max": 1,
        "mean": 1,
        "median": 1,
        "min": 1,
        "skew": 0,
        "var": 0
    },
    "onset_rate": 0.977177083492,
    "second_peak_bpm": {
        "kurt": 0,
        "max": 0,
        "mean": 0,
        "median": 0,
        "min": 0,
        "skew": 0,
        "var": 0
    },
    "second_peak_spread": {
        "kurt": 0,
        "max": 0,
        "mean": 0,
        "median": 0,
        "min": 0,
        "skew": 0,
        "var": 0
    },
    "second_peak_weight": {
        "kurt": 0,
        "max": 0,
        "mean": 0,
        "median": 0,
        "min": 0,
        "skew": 0,
        "var": 0
    },
    "beats_loudness_band_ratio": {
        "kurt": [-1.50000429153, -1.5, -1.50000095367, -1.49999976158, -1.50000011921, -1.49999988079],
        "max": [7.41849289625e-05, 0.00133325706702, 0.00358657352626, 0.0135545618832, 0.346657216549, 0.852475643158],
        "mean": [7.06910868757e-05, 0.00103346409742, 0.00284454040229, 0.0120465755463, 0.2718770504, 0.713889360428],
        "median": [7.38009184715e-05, 0.000959050958045, 0.00250124372542, 0.012085519731, 0.335763663054, 0.651801049709],
        "min": [6.40874350211e-05, 0.000808084208984, 0.00244580348954, 0.0104996431619, 0.133210271597, 0.637391388416],
        "skew": [-0.703521251678, 0.467310547829, 0.701200723648, -0.0467995926738, -0.700579881668, 0.695698261261],
        "var": [2.18287332654e-11, 4.87364104629e-08, 2.75818962336e-07, 1.55617965447e-06, 0.00963401608169, 0.00963768456131],
        "cov": [[3.27430998981e-11, 3.18131215815e-10, 1.59074298178e-09, -7.31642568752e-09, -3.5092139683e-07, 3.59609600764e-07], [3.18131215815e-10, 7.31046156943e-08, 1.68934690237e-07, -2.92375347044e-07, -3.07673544739e-05, 3.06165529764e-05], [1.59074298178e-09, 1.68934690237e-07, 4.13728457715e-07, -8.40545112624e-07, -7.70205369918e-05, 7.69270045566e-05], [-7.31642568752e-09, -2.92375347044e-07, -8.40545112624e-07, 2.33426953855e-06, 0.000164881814271, -0.000166079742485], [-3.5092139683e-07, -3.07673544739e-05, -7.70205369918e-05, 0.000164881814271, 0.0144510241225, -0.0144522283226], [3.59609600764e-07, 3.06165529764e-05, 7.69270045566e-05, -0.000166079742485, -0.0144522283226, 0.0144565273076]]
    },
    "beats_position": [0.53405892849, 1.09133780003, 1.64861679077],
    "bpm_estimates": [107.666023254, 107.666000366],
    "bpm_intervals": [0.557278871536, 0.557278990746],
    "onset_times": [0.0116099771112, 0.522448956966],
    "histogram": [[0, 0, 0, 0, 0, 0, 0, 0, 0, 0, 0, 0, 0, 0, 0, 0, 0, 0, 0, 0, 0, 0, 0, 0, 0, 0, 0, 0, 0, 0, 0, 0, 0, 0, 0, 0, 0, 0, 0, 0, 0, 0, 0, 0, 0, 0, 0, 0, 0, 0, 0, 0, 0, 0, 0, 0, 0, 0, 0, 0, 0, 0, 0, 0, 0, 0, 0, 0, 0, 0, 0, 0, 0, 0, 0, 0, 0, 0, 0, 0, 0, 0, 0, 0, 0, 0, 0, 0, 0, 0, 0, 0, 0, 0, 0, 0, 0, 0, 0, 0, 0, 0, 0, 0, 0, 0, 0, 0, 1, 0, 0, 0, 0, 0, 0, 0, 0, 0, 0, 0, 0, 0, 0, 0, 0, 0, 0, 0, 0, 0, 0, 0, 0, 0, 0, 0, 0, 0, 0, 0, 0, 0, 0, 0, 0, 0, 0, 0, 0, 0, 0, 0, 0, 0, 0, 0, 0, 0, 0, 0, 0, 0, 0, 0, 0, 0, 0, 0, 0, 0, 0, 0, 0, 0, 0, 0, 0, 0, 0, 0, 0, 0, 0, 0, 0, 0, 0, 0, 0, 0, 0, 0, 0, 0, 0, 0, 0, 0, 0, 0, 0, 0, 0, 0, 0, 0, 0, 0, 0, 0, 0, 0, 0, 0, 0, 0, 0, 0, 0, 0, 0, 0, 0, 0, 0, 0, 0, 0, 0, 0, 0, 0, 0, 0, 0, 0, 0, 0, 0, 0, 0, 0, 0, 0, 0, 0, 0, 0, 0, 0]]
},
"sfx": {
    "inharmonicity": {
        "kurt": -0.372689962387,
        "max": 0.380898743868,
        "mean": 0.0982752367854,
        "median": 0.0446536839008,
        "min": 0,
        "skew": 1.1540030241,
        "var": 0.0179018303752
    },
    "oddtoevenharmonicenergyratio": {
        "kurt": 1.82460260391,
        "max": 13.4681549072,
        "mean": 2.30773806572,
        "median": 0.825716972351,
        "min": 0,
        "skew": 1.47764444351,
        "var": 9.1113653183
    },
    "pitch_after_max_to_before_max_energy_ratio": 0.33320492506,
    "pitch_centroid": 52.993019104,
    "pitch_max_to_total": 0.911111116409,
    "pitch_min_to_total": 0.177777782083,
    "tristimulus": {
        "kurt": [-1.90796613693, -0.833851337433, -0.934052944183],
        "max": [1, 0.948764145374, 0.958579063416],
        "mean": [0.478512734175, 0.260662317276, 0.260824978352],
        "median": [0.258875906467, 0.194680094719, 0],
        "min": [0, 0, 0],
        "skew": [0.106540687382, 0.800015866756, 0.840357780457],
        "var": [0.215380683541, 0.0841842889786, 0.106715761125],
        "cov": [[0.217800691724, -0.0975079387426, -0.120292656124], [-0.0975079387426, 0.0851301848888, 0.0123778153211], [-0.120292656124, 0.0123778153211, 0.107914820313]]
    }
},
"tonal": {
    "chords_changes_rate": 0.0869565233588,
    "chords_number_rate": 0.0652173906565,
    "chords_strength": {
        "kurt": -1.45883190632,
        "max": 0.40061634779,
        "mean": 0.353246688843,
        "median": 0.349524199963,
        "min": 0.312165647745,
        "skew": 0.0978918895125,
        "var": 0.000731718551833
    },
    "key_strength": 0.671925544739,
    "tuning_diatonic_strength": 0.434094250202,
    "tuning_equal_tempered_deviation": 0.228426754475,
    "tuning_frequency": 451.586883545,
    "tuning_nontempered_energy_ratio": 0.87618470192,
    "hpcp": {
        "kurt": [11.5208835602, 4.58514070511, 5.14793682098, 0.544375896454, 1.67249774933, 2.33936309814, 0.628642559052, -0.265412330627, -0.220438241959, -0.121019363403, 0.195772886276, -0.149220943451, 0.618153810501, 0.427572488785, 0.621519565582, 0.540929794312, -0.934661388397, -1.57570075989, -1.01280748844, -0.560654401779, -0.474473237991, -0.314304113388, -0.710023164749, -0.481436252594, 1.80197143555, -0.213227748871, -0.258530378342, -0.597770452499, 0.829466581345, 0.866828203201, 14.6422290802, 9.45460128784, -0.856608629227, -0.914142131805, -0.0857131481171, 8.7808971405],
        "max": [1, 0.557513654232, 0.475073903799, 0.359126836061, 0.384795933962, 0.368858277798, 0.352119684219, 0.742406249046, 1, 1, 1, 0.970496416092, 1, 0.897925078869, 0.827641546726, 0.886682927608, 1, 1, 1, 0.486180394888, 0.310724914074, 0.375714689493, 0.547691047192, 0.50812536478, 0.571035146713, 0.497197389603, 0.415353149176, 0.345147967339, 0.391944259405, 0.36830702424, 0.830181777477, 0.692355930805, 0.924113750458, 1, 0.921026587486, 1],
        "mean": [0.150176867843, 0.11014816165, 0.0928279906511, 0.106200374663, 0.110670901835, 0.102799408138, 0.118811942637, 0.276139587164, 0.439705014229, 0.429838716984, 0.41068276763, 0.385305970907, 0.339633911848, 0.313266932964, 0.283713161945, 0.299932926893, 0.405027419329, 0.463706016541, 0.319445312023, 0.154263317585, 0.112519182265, 0.137133687735, 0.195411458611, 0.171465039253, 0.131729766726, 0.153923094273, 0.160057559609, 0.146890386939, 0.118287608027, 0.10961638391, 0.114386215806, 0.138632625341, 0.480214208364, 0.706363499165, 0.4288636446, 0.206538826227],
