{
"metadata": {
    "version": {
        "essentia": "2.1-beta3"
    }
},
"lowLevel": {
    "average_loudness": 0.826078653336,
    "barkbands_kurtosis": {
        "kurt": 23.978395462,
        "max": 39.4208259583,
        "mean": 2.71859765053,
        "median": 2.32000303268,
        "min": -1.78722035885,
        "skew": 3.570977211,
        "var": 10.7391662598
    },
    "barkbands_skewness": {
        "kurt": 1.26850032806,
        "max": 4.60484600067,
        "mean": -0.622349381447,
        "median": -1.18668055534,
        "min": -2.2875726223,
        "skew": 1.53497302532,
        "var": 1.9522601366
    },
    "barkbands_spread": {
        "kurt": 2.52400016785,
        "max": 62.7987937927,
        "mean": 19.7055244446,
        "median": 16.9714298248,
        "min": 1.63021874428,
        "skew": 1.54095804691,
        "var": 94.1213378906
    },
    "dissonance": {
        "kurt": 43.9388427734,
        "max": 0.500000119209,
        "mean": 0.491168856621,
        "median": 0.496508449316,
        "min": 0.263426423073,
        "skew": -5.07575178146,
        "var": 0.00025745012681
    },
    "hfc": {
        "kurt": -0.103277683258,
        "max": 42.5602493286,
        "mean": 9.54534626007,
        "median": 8.67708778381,
        "min": 0.000363415922038,
        "skew": 0.708314955235,
        "var": 77.5688323975
    },
    "pitch": {
        "kurt": -1.77722609043,
        "max": 4364.82177734,
        "mean": 2199.28320312,
        "median": 3229.75463867,
        "min": 53.2885131836,
        "skew": -0.308803975582,
        "var": 2403283
    },
    "pitch_instantaneous_confidence": {
        "kurt": 1.74920415878,
        "max": 0.792036175728,
        "mean": 0.299138844013,
        "median": 0.290188372135,
        "min": 0.112837791443,
        "skew": 0.919043123722,
        "var": 0.00709890434518
    },
    "pitch_salience": {
        "kurt": 5.27948570251,
        "max": 0.914805412292,
        "mean": 0.732527434826,
        "median": 0.758917748928,
        "min": 0.270673543215,
        "skew": -2.18886208534,
        "var": 0.00726304994896
    },
    "silence_rate_20dB": {
        "kurt": 0,
        "max": 1,
        "mean": 1,
        "median": 1,
        "min": 1,
        "skew": 0,
        "var": 0
    },
    "silence_rate_30dB": {
        "kurt": 0,
        "max": 1,
        "mean": 1,
        "median": 1,
        "min": 1,
        "skew": 0,
        "var": 0
    },
    "silence_rate_60dB": {
        "kurt": -1.99779295921,
        "max": 1,
        "mean": 0.511665344238,
        "median": 1,
        "min": 0,
        "skew": -0.0466753579676,
        "var": 0.249860525131
    },
    "spectral_centroid": {
        "kurt": 0.092485666275,
        "max": 6136.38134766,
        "mean": 2483.66894531,
        "median": 2848.99194336,
        "min": 139.635543823,
        "skew": -0.862532019615,
        "var": 1134277.375
    },
    "spectral_complexity": {
        "kurt": -1.4907387495,
        "max": 47,
        "mean": 16.1142406464,
        "median": 17,
        "min": 0,
        "skew": 0.112777598202,
        "var": 198.743743896
    },
    "spectral_crest": {
        "kurt": 5.57604217529,
        "max": 20.1570453644,
        "mean": 6.28652238846,
        "median": 5.68522644043,
        "min": 2.36038517952,
        "skew": 2.04992198944,
        "var": 5.14010238647
    },
    "spectral_decrease": {
        "kurt": -0.540569782257,
        "max": -1.53434055283e-13,
        "mean": -6.16062811876e-10,
        "median": -5.84869042086e-10,
        "min": -2.60530774732e-09,
        "skew": -0.546706974506,
        "var": 3.10306156849e-19
    },
    "spectral_energy": {
        "kurt": -0.430155992508,
        "max": 0.013693369925,
        "mean": 0.0031909509562,
        "median": 0.00298996991478,
        "min": 6.12056680893e-07,
        "skew": 0.586234509945,
        "var": 8.38327378005e-06
    },
    "spectral_energyband_high": {
        "kurt": 1.27775239944,
        "max": 0.00270643038675,
        "mean": 0.000508837285452,
        "median": 0.000437011563918,
        "min": 8.53568860038e-09,
        "skew": 1.09684622288,
        "var": 2.4568512913e-07
    },
    "spectral_energyband_low": {
        "kurt": -0.871366262436,
        "max": 0.0001617767266,
        "mean": 4.80888120364e-05,
        "median": 4.49747167295e-05,
        "min": 1.52481646865e-07,
        "skew": 0.494219511747,
        "var": 1.84270509962e-09
    },
    "spectral_energyband_middle_high": {
        "kurt": -0.420341968536,
        "max": 0.0109976213425,
        "mean": 0.00247933249921,
        "median": 0.00227191857994,
        "min": 8.06151021493e-08,
        "skew": 0.621198475361,
        "var": 5.32714602741e-06
    },
    "spectral_energyband_middle_low": {
        "kurt": -1.14666283131,
        "max": 0.000650262867566,
        "mean": 0.000211700069485,
        "median": 0.000235233514104,
        "min": 2.10003932466e-07,
        "skew": 0.196878656745,
        "var": 3.04824325781e-08
    },
    "spectral_flatness_db": {
        "kurt": 10.9992332458,
        "max": 0.348266899586,
        "mean": 0.131169393659,
        "median": 0.128511816263,
        "min": 0.0732353702188,
        "skew": 2.24765586853,
        "var": 0.000835243379697
    },
    "spectral_flux": {
        "kurt": -1.28586995602,
        "max": 0.0699966698885,
        "mean": 0.0267050545663,
        "median": 0.0309996753931,
        "min": 0.000473816384329,
        "skew": -0.220045089722,
        "var": 0.00032715415
    },
    "spectral_kurtosis": {
        "kurt": 38.621181488,
        "max": 51.9598274231,
        "mean": 2.89260315895,
        "median": 1.87012529373,
        "min": -1.47978115082,
        "skew": 5.10003328323,
        "var": 17.8248291016
    },
    "spectral_rms": {
        "kurt": -1.32752478123,
        "max": 0.00365504925139,
        "mean": 0.00144969357643,
        "median": 0.00170793547295,
        "min": 2.44362126978e-05,
        "skew": -0.205440804362,
        "var": 1.01151101717e-06
    },
    "spectral_rolloff": {
        "kurt": 3.88222885132,
        "max": 10809.6679688,
        "mean": 3643.36035156,
        "median": 3897.50976562,
        "min": 150.732421875,
        "skew": 0.642518460751,
        "var": 3003211
    },
    "spectral_skewness": {
        "kurt": 10.2467269897,
        "max": 5.80832433701,
        "mean": 1.57277929783,
        "median": 1.50092124939,
        "min": 0.123891733587,
        "skew": 2.2244489193,
        "var": 0.332212924957
    },
    "spectral_spread": {
        "kurt": 0.332087039948,
        "max": 16057391,
        "mean": 8430931,
        "median": 8403580,
        "min": 1390203.25,
        "skew": 0.263443738222,
        "var": 5.44791488102e+12
    },
    "spectral_strongpeak": {
        "kurt": 1.84806680679,
        "max": 4.88386821747,
        "mean": 0.863049864769,
        "median": 0.718993961811,
        "min": 0.000413109752117,
        "skew": 1.20588028431,
        "var": 0.712587475777
    },
    "zerocrossingrate": {
        "kurt": 0.40500664711,
        "max": 0.28466796875,
        "mean": 0.132152944803,
        "median": 0.146484375,
        "min": 0.0078125,
        "skew": -0.697369515896,
        "var": 0.00249807001092
    },
    "barkbands": {
        "kurt": [905.000244141, 159.705795288, 0.978890657425, -0.895823955536, -0.256475687027, -0.834160089493, 0.032089471817, 0.181519508362, -0.928468465805, 0.813177585602, 0.918118238449, 1.00903844833, 0.444444656372, -0.0424089431763, 1.12845754623, 0.221740007401, 0.420054197311, 0.830986022949, 2.25129985809, 1.8525352478, 3.1514787674, 9.05412769318, 0.806858062744, 9.96298122406, 11.2153968811, -0.26086473465, 7.51878166199],
        "max": [2.32478669204e-06, 4.4186359446e-05, 5.57532803214e-05, 0.000234242150327, 0.000169442064362, 8.72586679179e-05, 5.22481423104e-05, 0.000162161682965, 0.000110854758532, 0.000241164263571, 0.000227101656492, 0.000278870051261, 0.000182704883628, 0.000253785867244, 0.00194195937365, 0.00109404709656, 0.00195383932441, 0.00270249298774, 0.0036377296783, 0.00315491156653, 0.00117323757149, 0.000129423337057, 3.22574815073e-05, 0.000194111053133, 0.000540884211659, 1.4520739569e-05, 1.62292170813e-08],
        "mean": [1.04125419398e-08, 1.33629669108e-06, 8.68187271408e-06, 6.35654505459e-05, 3.77266624128e-05, 2.37633648794e-05, 1.01722989712e-05, 3.08589587803e-05, 2.90041116386e-05, 4.6707365982e-05, 3.92529655073e-05, 5.42680027138e-05, 4.05074351875e-05, 6.0808557464e-05, 0.00031471636612, 0.000218850807869, 0.00037492820411, 0.000544430338778, 0.000520294823218, 0.000488931313157, 0.000174181783223, 1.20796894407e-05, 6.13463544141e-06, 2.23380229727e-05, 6.45690961392e-05, 2.83015015157e-06, 2.01660110832e-09],
        "median": [3.26683546881e-09, 8.69866994435e-07, 7.07068465999e-06, 5.78369217692e-05, 3.54580843123e-05, 2.10442522075e-05, 8.32015575725e-06, 2.33338723774e-05, 2.58399941231e-05, 3.91112953366e-05, 3.11879994115e-05, 4.38847200712e-05, 3.37252313329e-05, 5.58157735213e-05, 0.000256927974988, 0.000180574483238, 0.000332799070748, 0.000427367689554, 0.000371182657545, 0.000370412744815, 0.000125982987811, 8.09505763755e-06, 5.19777540831e-06, 2.00870945264e-05, 6.19701677351e-05, 3.17785020343e-06, 1.54831958366e-09],
        "min": [3.92977941854e-11, 1.28797905674e-08, 1.72423515465e-08, 4.30336299928e-09, 2.91079995662e-08, 2.55067345023e-09, 7.336066421e-09, 6.09704819965e-09, 5.06685271517e-09, 1.59037549796e-09, 1.67589331301e-09, 3.31746008442e-09, 8.84924800104e-10, 1.8998214113e-09, 2.01144212397e-09, 2.44245179637e-09, 3.5672689247e-09, 4.0359697806e-09, 4.1751091473e-09, 4.36623270872e-09, 2.59090904287e-09, 2.23815604938e-10, 1.61384003383e-10, 3.20020482336e-10, 3.20813903221e-10, 2.79432223887e-11, 6.01802733081e-13],
        "skew": [28.3155117035, 11.1231298447, 1.02409112453, 0.511426150799, 0.603774309158, 0.484996527433, 0.7906422019, 0.938810229301, 0.456443458796, 1.002851367, 1.04954624176, 1.1244007349, 0.945496320724, 0.7766071558, 1.08835494518, 0.867117166519, 0.88674646616, 1.07312786579, 1.3944914341, 1.3355602026, 1.6087552309, 2.35916566849, 0.980605840683, 2.43240141869, 2.47726988792, 0.362521111965, 2.30058383942],
        "var": [5.04849763069e-15, 5.97336546546e-12, 6.54405002409e-11, 3.5334586368e-09, 1.11759346222e-09, 4.54806192707e-10, 9.01117652718e-11, 9.88376491762e-10, 6.80579537171e-10, 2.06709738215e-09, 1.5408910814e-09, 3.08295922125e-09, 1.60493307533e-09, 3.37982197784e-09, 1.02378216127e-07, 4.66221514728e-08, 1.34062005941e-07, 3.16952508683e-07, 3.32652462021e-07, 2.7780970413e-07, 3.82084408557e-08, 2.17655671264e-10, 3.51737562687e-11, 5.98294469523e-10, 4.49698278615e-09, 5.5753578837e-12, 5.69886662045e-18],
        "cov": [[5.0525625418e-15, 1.67091682287e-14, 1.73426438412e-14, -2.04530301387e-14, -4.48358289786e-14, -3.0389163679e-14, -3.51176958844e-15, -1.30207005795e-14, -1.13464967605e-14, -8.95860500312e-15, -1.11835135607e-13, -1.41717260282e-14, -8.32800828624e-14, -1.34455380857e-13, -4.90560554418e-13, -5.36727400805e-13, -1.14623195375e-13, -3.72488552589e-13, -2.50514940823e-14, -2.8367843556e-13, -2.50158888829e-13, 1.00171818879e-14, -1.50324970028e-14, 4.42727756853e-14, 3.78983716425e-14, 5.62319889749e-15, 2.59007062236e-18], [1.67091682287e-14, 5.97817498629e-12, 5.82473002123e-12, 3.14041605221e-11, 1.01925958992e-11, 6.098100757e-12, 1.30149894768e-12, 8.70116825813e-12, 6.3149047623e-12, 1.0377309255e-11, 6.66597983409e-12, 7.69875396073e-12, 8.00428820447e-12, 1.0842431987e-11, 6.2251037658e-11, 5.36486827185e-11, 8.18881421005e-11, 1.10506000184e-10, 1.05815377294e-10, 7.7825600131e-11, 3.63706773032e-11, 1.24471483468e-12, 9.00367074733e-13, 2.3948432213e-12, 3.40994159992e-12, 4.66294971385e-13, 3.43886112162e-16], [1.73426438412e-14, 5.82473002123e-12, 6.54931872623e-11, 3.7412714593e-10, 1.6960338689e-10, 1.1968157021e-10, 3.49038402347e-11, 1.63996691227e-10, 1.19503851259e-10, 2.25515287e-10, 1.470788491e-10, 1.77843462179e-10, 1.80133172267e-10, 2.39285563586e-10, 1.33167010752e-09, 9.7311991798e-10, 1.63900815142e-09, 2.18815854325e-09, 2.04310834917e-09, 1.78688652763e-09, 6.63187005312e-10, 4.19355036807e-11, 2.40812005753e-11, 9.72003103006e-11, 2.50557907755e-10, 1.2346366117e-11, 8.44572824762e-15], [-2.04530301387e-14, 3.14041605221e-11, 3.7412714593e-10, 3.53630369432e-09, 1.50356493922e-09, 1.03910668958e-09, 3.25530213896e-10, 1.3878624916e-09, 1.14753095914e-09, 1.96232674554e-09, 1.46003642509e-09, 1.88442128568e-09, 1.70994307602e-09, 2.31873076295e-09, 1.28338104588e-08, 9.23897847116e-09, 1.59222270923e-08, 2.13785789072e-08, 1.97176071026e-08, 1.85952249154e-08, 6.63733779049e-09, 3.97482241565e-10, 2.06250697077e-10, 6.77647715719e-10, 1.67060332235e-09, 1.02084410369e-10, 6.62890423976e-14], [-4.48358289786e-14, 1.01925958992e-11, 1.6960338689e-10, 1.50356493922e-09, 1.11849329798e-09, 4.71442995753e-10, 1.92761667739e-10, 7.36177452332e-10, 5.90078430562e-10, 1.12031195432e-09, 8.26762824868e-10, 1.10019504618e-09, 8.19868117841e-10, 1.21051157986e-09, 7.06493130664e-09, 4.64437022174e-09, 8.64213411944e-09, 1.12351079551e-08, 1.07837072605e-08, 9.50687795154e-09, 3.4964255935e-09, 2.03581929092e-10, 1.11310058393e-10, 4.27786306378e-10, 1.00283681359e-09, 5.58542760654e-11, 3.80319250214e-14], [-3.0389163679e-14, 6.098100757e-12, 1.1968157021e-10, 1.03910668958e-09, 4.71442995753e-10, 4.55172399771e-10, 1.42037659412e-10, 4.75499695174e-10, 4.3696102292e-10, 6.89986290325e-10, 5.50688106227e-10, 8.07072131348e-10, 6.10917982868e-10, 8.61313631528e-10, 4.74585215571e-09, 3.46086759251e-09, 5.75256553503e-09, 8.07285616133e-09, 7.70410935047e-09, 6.88676271565e-09, 2.50212917052e-09, 1.54766893745e-10, 8.00908298015e-11, 2.77553757755e-10, 6.79212852628e-10, 3.78450951133e-11, 2.61025213624e-14], [-3.51176958844e-15, 1.30149894768e-12, 3.49038402347e-11, 3.25530213896e-10, 1.92761667739e-10, 1.42037659412e-10, 9.01843183465e-11, 1.66174296545e-10, 1.68994776506e-10, 2.27672672382e-10, 2.47969311751e-10, 3.83366810519e-10, 2.15640241774e-10, 3.80084658191e-10, 1.92160398704e-09, 1.30819577393e-09, 2.31727459443e-09, 3.22218740578e-09, 3.2341427314e-09, 2.75457323617e-09, 9.91253079619e-10, 6.32635818731e-11, 3.23433536897e-11, 1.19883949989e-10, 2.90533042069e-10, 1.51127842879e-11, 1.03023609405e-14], [-1.30207005795e-14, 8.70116825813e-12, 1.63996691227e-10, 1.3878624916e-09, 7.36177452332e-10, 4.75499695174e-10, 1.66174296545e-10, 9.89172188604e-10, 5.71125091664e-10, 1.04704389603e-09, 7.18236137232e-10, 9.70175051407e-10, 7.93286880629e-10, 1.15445508708e-09, 6.26340890264e-09, 4.48308545842e-09, 7.7937807319e-09, 1.06250448439e-08, 9.73642588775e-09, 8.39954772403e-09, 3.26162363784e-09, 1.91844831687e-10, 1.01065780744e-10, 3.73608644022e-10, 8.75401473532e-10, 5.08348745043e-11, 3.59785748557e-14], [-1.13464967605e-14, 6.3149047623e-12, 1.19503851259e-10, 1.14753095914e-09, 5.90078430562e-10, 4.3696102292e-10, 1.68994776506e-10, 5.71125091664e-10, 6.81127487745e-10, 8.80476358489e-10, 7.08427927432e-10, 1.05622732782e-09, 7.30580984598e-10, 1.14533882378e-09, 6.21146512003e-09, 4.26733404169e-09, 7.46526840345e-09, 1.04947410762e-08, 1.04335375894e-08, 9.18010734097e-09, 3.23527560298e-09, 1.98230890036e-10, 9.70298633107e-11, 3.34226035736e-10, 7.82834630453e-10, 4.63461699574e-11, 3.18481779306e-14], [-8.95860500312e-15, 1.0377309255e-11, 2.25515287e-10, 1.96232674554e-09, 1.12031195432e-09, 6.89986290325e-10, 2.27672672382e-10, 1.04704389603e-09, 8.80476358489e-10, 2.06876182851e-09, 1.10936670961e-09, 1.40620648459e-09, 1.20823162586e-09, 1.7375202388e-09, 1.03067989699e-08, 6.68993127562e-09, 1.22872441111e-08, 1.73336811571e-08, 1.74382108753e-08, 1.48157086599e-08, 5.53423795679e-09, 3.2742347722e-10, 1.6150478177e-10, 6.34627572715e-10, 1.42832623506e-09, 7.8241690904e-11, 5.97360973621e-14], [-1.11835135607e-13, 6.66597983409e-12, 1.470788491e-10, 1.46003642509e-09, 8.26762824868e-10, 5.50688106227e-10, 2.47969311751e-10, 7.18236137232e-10, 7.08427927432e-10, 1.10936670961e-09, 1.54213175563e-09, 1.45503686877e-09, 8.17974299405e-10, 1.59644331088e-09, 8.4332976158e-09, 5.69733060729e-09, 9.89162973752e-09, 1.45732084178e-08, 1.41938567566e-08, 1.27089405666e-08, 4.35216795935e-09, 2.51894310965e-10, 1.33299662974e-10, 4.54216358969e-10, 1.02136565872e-09, 6.34120464471e-11, 3.92230600213e-14], [-1.41717260282e-14, 7.69875396073e-12, 1.77843462179e-10, 1.88442128568e-09, 1.10019504618e-09, 8.07072131348e-10, 3.83366810519e-10, 9.70175051407e-10, 1.05622732782e-09, 1.40620648459e-09, 1.45503686877e-09, 3.08544145788e-09, 1.36110978044e-09, 2.29819985265e-09, 1.16786074145e-08, 8.18347700715e-09, 1.39521203479e-08, 2.07918606776e-08, 2.03755146089e-08, 1.78446111221e-08, 6.36842045765e-09, 3.86056103752e-10, 1.80183243326e-10, 6.6592042991e-10, 1.47682666096e-09, 8.7096330148e-11, 5.74254592446e-14], [-8.32800828624e-14, 8.00428820447e-12, 1.80133172267e-10, 1.70994307602e-09, 8.19868117841e-10, 6.10917982868e-10, 2.15640241774e-10, 7.93286880629e-10, 7.30580984598e-10, 1.20823162586e-09, 8.17974299405e-10, 1.36110978044e-09, 1.60622526391e-09, 1.65742231051e-09, 8.99163676849e-09, 6.57821752625e-09, 1.05865121114e-08, 1.58868669331e-08, 1.61211151095e-08, 1.42472345033e-08, 4.96209029421e-09, 3.14804793344e-10, 1.2958249751e-10, 4.29875052221e-10, 1.00574837347e-09, 6.47138106991e-11, 4.13360243658e-14], [-1.34455380857e-13, 1.0842431987e-11, 2.39285563586e-10, 2.31873076295e-09, 1.21051157986e-09, 8.61313631528e-10, 3.80084658191e-10, 1.15445508708e-09, 1.14533882378e-09, 1.7375202388e-09, 1.59644331088e-09, 2.29819985265e-09, 1.65742231051e-09, 3.38254335652e-09, 1.37651703369e-08, 9.29867560728e-09, 1.59859219195e-08, 2.43411193424e-08, 2.4376207719e-08, 2.22217071411e-08, 7.47510409127e-09, 4.67978433782e-10, 1.95045105067e-10, 7.18871517869e-10, 1.61508173502e-09, 1.00314402618e-10, 6.46277803951e-14], [-4.90560554418e-13, 6.2251037658e-11, 1.33167010752e-09, 1.28338104588e-08, 7.06493130664e-09, 4.74585215571e-09, 1.92160398704e-09, 6.26340890264e-09, 6.21146512003e-09, 1.03067989699e-08, 8.4332976158e-09, 1.16786074145e-08, 8.99163676849e-09, 1.37651703369e-08, 1.0246064619e-07, 4.87923799142e-08, 9.07266723971e-08, 1.34978051847e-07, 1.45186120903e-07, 1.25481065538e-07, 4.51811139612e-08, 2.73112266136e-09, 1.10330822256e-09, 3.84158749256e-09, 8.07668154579e-09, 5.32461463809e-10, 3.96616496156e-13], [-5.36727400805e-13, 5.36486827185e-11, 9.7311991798e-10, 9.23897847116e-09, 4.64437022174e-09, 3.46086759251e-09, 1.30819577393e-09, 4.48308545842e-09, 4.26733404169e-09, 6.68993127562e-09, 5.69733060729e-09, 8.18347700715e-09, 6.57821752625e-09, 9.29867560728e-09, 4.87923799142e-08, 4.66596894455e-08, 6.02475225264e-08, 9.67364712778e-08, 9.62199351306e-08, 8.35476541283e-08, 3.08626511014e-08, 1.81186721182e-09, 7.87095888466e-10, 2.69745292769e-09, 5.77798564549e-09, 3.69801606004e-10, 2.76975301418e-13], [-1.14623195375e-13, 8.18881421005e-11, 1.63900815142e-09, 1.59222270923e-08, 8.64213411944e-09, 5.75256553503e-09, 2.31727459443e-09, 7.7937807319e-09, 7.46526840345e-09, 1.22872441111e-08, 9.89162973752e-09, 1.39521203479e-08, 1.05865121114e-08, 1.59859219195e-08, 9.07266723971e-08, 6.02475225264e-08, 1.34169951593e-07, 1.56142306196e-07, 1.65362095572e-07, 1.44435858829e-07, 5.27479144807e-08, 3.07056113868e-09, 1.35202016249e-09, 5.01319297186e-09, 1.07873363575e-08, 6.42630892944e-10, 5.01021045398e-13], [-3.72488552589e-13, 1.10506000184e-10, 2.18815854325e-09, 2.13785789072e-08, 1.12351079551e-08, 8.07285616133e-09, 3.22218740578e-09, 1.06250448439e-08, 1.04947410762e-08, 1.73336811571e-08, 1.45732084178e-08, 2.07918606776e-08, 1.58868669331e-08, 2.43411193424e-08, 1.34978051847e-07, 9.67364712778e-08, 1.56142306196e-07, 3.17207707212e-07, 2.8100546956e-07, 2.4279611921e-07, 8.84045405769e-08, 5.51867307408e-09, 2.09635087067e-09, 7.84972620238e-09, 1.67290767905e-08, 9.85894033079e-10, 8.24873101681e-13], [-2.50514940823e-14, 1.05815377294e-10, 2.04310834917e-09, 1.97176071026e-08, 1.07837072605e-08, 7.70410935047e-09, 3.2341427314e-09, 9.73642588775e-09, 1.04335375894e-08, 1.74382108753e-08, 1.41938567566e-08, 2.03755146089e-08, 1.61211151095e-08, 2.4376207719e-08, 1.45186120903e-07, 9.62199351306e-08, 1.65362095572e-07, 2.8100546956e-07, 3.32920279789e-07, 2.68729479558e-07, 9.9809767562e-08, 5.89883120128e-09, 2.0680688273e-09, 8.02001398625e-09, 1.64911639899e-08, 9.64437751882e-10, 9.07697961933e-13], [-2.8367843556e-13, 7.7825600131e-11, 1.78688652763e-09, 1.85952249154e-08, 9.50687795154e-09, 6.88676271565e-09, 2.75457323617e-09, 8.39954772403e-09, 9.18010734097e-09, 1.48157086599e-08, 1.27089405666e-08, 1.78446111221e-08, 1.42472345033e-08, 2.22217071411e-08, 1.25481065538e-07, 8.35476541283e-08, 1.44435858829e-07, 2.4279611921e-07, 2.68729479558e-07, 2.78033382983e-07, 8.89617055577e-08, 5.81539838507e-09, 1.79006243162e-09, 6.62188881506e-09, 1.42063729669e-08, 8.24930346255e-10, 7.78561514304e-13], [-2.50158888829e-13, 3.63706773032e-11, 6.63187005312e-10, 6.63733779049e-09, 3.4964255935e-09, 2.50212917052e-09, 9.91253079619e-10, 3.26162363784e-09, 3.23527560298e-09, 5.53423795679e-09, 4.35216795935e-09, 6.36842045765e-09, 4.96209029421e-09, 7.47510409127e-09, 4.51811139612e-08, 3.08626511014e-08, 5.27479144807e-08, 8.84045405769e-08, 9.9809767562e-08, 8.89617055577e-08, 3.82392038034e-08, 2.15755568966e-09, 6.81020073667e-10, 2.66443467289e-09, 5.88458748396e-09, 3.02038005717e-10, 3.31076718775e-13], [1.00171818879e-14, 1.24471483468e-12, 4.19355036807e-11, 3.97482241565e-10, 2.03581929092e-10, 1.54766893745e-10, 6.32635818731e-11, 1.91844831687e-10, 1.98230890036e-10, 3.2742347722e-10, 2.51894310965e-10, 3.86056103752e-10, 3.14804793344e-10, 4.67978433782e-10, 2.73112266136e-09, 1.81186721182e-09, 3.07056113868e-09, 5.51867307408e-09, 5.89883120128e-09, 5.81539838507e-09, 2.15755568966e-09, 2.17830919969e-10, 4.59438008471e-11, 1.7062656843e-10, 4.15820405886e-10, 1.94752720895e-11, 2.17009722502e-14], [-1.50324970028e-14, 9.00367074733e-13, 2.40812005753e-11, 2.06250697077e-10, 1.11310058393e-10, 8.00908298015e-11, 3.23433536897e-11, 1.01065780744e-10, 9.70298633107e-11, 1.6150478177e-10, 1.33299662974e-10, 1.80183243326e-10, 1.2958249751e-10, 1.95045105067e-10, 1.10330822256e-09, 7.87095888466e-10, 1.35202016249e-09, 2.09635087067e-09, 2.0680688273e-09, 1.79006243162e-09, 6.81020073667e-10, 4.59438008471e-11, 3.52020738947e-11, 1.06554785828e-10, 2.77673245508e-10, 1.02496873836e-11, 9.34771499843e-15], [4.42727756853e-14, 2.3948432213e-12, 9.72003103006e-11, 6.77647715719e-10, 4.27786306378e-10, 2.77553757755e-10, 1.19883949989e-10, 3.73608644022e-10, 3.34226035736e-10, 6.34627572715e-10, 4.54216358969e-10, 6.6592042991e-10, 4.29875052221e-10, 7.18871517869e-10, 3.84158749256e-09, 2.69745292769e-09, 5.01319297186e-09, 7.84972620238e-09, 8.02001398625e-09, 6.62188881506e-09, 2.66443467289e-09, 1.7062656843e-10, 1.06554785828e-10, 5.98776195293e-10, 1.44382639178e-09, 4.4599861998e-11, 4.43118882787e-14], [3.78983716425e-14, 3.40994159992e-12, 2.50557907755e-10, 1.67060332235e-09, 1.00283681359e-09, 6.79212852628e-10, 2.90533042069e-10, 8.75401473532e-10, 7.82834630453e-10, 1.42832623506e-09, 1.02136565872e-09, 1.47682666096e-09, 1.00574837347e-09, 1.61508173502e-09, 8.07668154579e-09, 5.77798564549e-09, 1.07873363575e-08, 1.67290767905e-08, 1.64911639899e-08, 1.42063729669e-08, 5.88458748396e-09, 4.15820405886e-10, 2.77673245508e-10, 1.44382639178e-09, 4.50060344548e-09, 1.15779164034e-10, 1.1630498268e-13], [5.62319889749e-15, 4.66294971385e-13, 1.2346366117e-11, 1.02084410369e-10, 5.58542760654e-11, 3.78450951133e-11, 1.51127842879e-11, 5.08348745043e-11, 4.63461699574e-11, 7.8241690904e-11, 6.34120464471e-11, 8.7096330148e-11, 6.47138106991e-11, 1.00314402618e-10, 5.32461463809e-10, 3.69801606004e-10, 6.42630892944e-10, 9.85894033079e-10, 9.64437751882e-10, 8.24930346255e-10, 3.02038005717e-10, 1.94752720895e-11, 1.02496873836e-11, 4.4599861998e-11, 1.15779164034e-10, 5.57984691438e-12, 3.86178371928e-15], [2.59007062236e-18, 3.43886112162e-16, 8.44572824762e-15, 6.62890423976e-14, 3.80319250214e-14, 2.61025213624e-14, 1.03023609405e-14, 3.59785748557e-14, 3.18481779306e-14, 5.97360973621e-14, 3.92230600213e-14, 5.74254592446e-14, 4.13360243658e-14, 6.46277803951e-14, 3.96616496156e-13, 2.76975301418e-13, 5.01021045398e-13, 8.24873101681e-13, 9.07697961933e-13, 7.78561514304e-13, 3.31076718775e-13, 2.17009722502e-14, 9.34771499843e-15, 4.43118882787e-14, 1.1630498268e-13, 3.86178371928e-15, 5.70345499131e-18]]
    },
    "mfcc": {
        "kurt": [-0.821558952332, 6.68681049347, -0.116190671921, 1.82522535324, 1.32200193405, -0.309459924698, 0.414714336395, -0.275810003281, 0.615688562393, 0.376735687256, -0.24458861351, 0.827920675278, -0.3710501194],
        "max": [-643.312561035, 168.836303711, 73.4519958496, 55.9718093872, 36.9925384521, 28.4150390625, 56.0734977722, 22.3301334381, 35.4454574585, 17.5640201569, 11.083896637, 16.4326534271, 15.1843223572],
        "mean": [-794.043884277, 54.1324615479, -44.2671432495, 24.2591362, 12.9038476944, -28.2360153198, 18.0295295715, -18.1024951935, 4.92091989517, -2.87852144241, -18.0530834198, -1.8703827858, -15.0032844543],
        "median": [-703.71496582, 52.7333755493, -64.8217086792, 24.7261104584, 13.1103248596, -35.3038711548, 19.7914714813, -22.856054306, 5.17286300659, -2.89733123779, -21.5048332214, -1.76489639282, -17.9741477966],
        "min": [-1105.0880127, -19.0262947083, -96.5413665771, -38.2504348755, -23.3948631287, -55.1684532166, -13.9649734497, -41.1522064209, -12.7550125122, -22.3141822815, -38.7063484192, -20.7435073853, -33.0480957031],
        "skew": [-0.967491149902, 1.20612823963, 1.18820953369, -0.469731777906, -0.493700742722, 0.986561119556, -0.429098188877, 0.929978966713, 0.151281118393, 0.0569464229047, 0.883472025394, -0.23473161459, 0.760065734386],
        "var": [25579.5292969, 325.886749268, 1950.95129395, 95.5375671387, 53.0126724243, 294.646575928, 98.5649414062, 181.498077393, 34.4264755249, 32.3702430725, 114.865348816, 23.1095485687, 86.6388397217],
        "cov": [[25600.1230469, -1402.68725586, -6601.33984375, -373.389373779, 126.41003418, -2555.72509766, 1127.50268555, -1904.04614258, 245.099182129, -334.041778564, -1509.38269043, -36.4592018127, -1306.8692627], [-1402.68725586, 326.149139404, 373.702056885, -2.41885399818, 5.21577262878, 141.678863525, -86.7939834595, 127.260162354, -22.7009868622, 27.3723831177, 92.1755523682, 8.11030101776, 70.7883300781], [-6601.33984375, 373.702056885, 1952.52209473, 53.6825561523, -19.7553005219, 679.111938477, -327.929199219, 508.788757324, -67.3958206177, 86.1936798096, 408.33770752, 24.034236908, 338.033905029], [-373.389373779, -2.41885399818, 53.6825561523, 95.6144866943, -5.14572191238, 49.0776443481, -0.997024714947, 21.357831955, 0.337673157454, 11.7707395554, 21.3251724243, -0.249314829707, 17.9694347382], [126.41003418, 5.21577262878, -19.7553005219, -5.14572191238, 53.055355072, -8.77026176453, -1.26667571068, -2.45124363899, -7.50057458878, 1.0725864172, -4.387155056, 0.0191969908774, -8.71191978455], [-2555.72509766, 141.678863525, 679.111938477, 49.0776443481, -8.77026176453, 294.88381958, -109.241645813, 192.187164307, -23.8056468964, 36.3242645264, 154.696609497, 5.25071811676, 130.48928833], [1127.50268555, -86.7939834595, -327.929199219, -0.997024714947, -1.26667571068, -109.241645813, 98.6442947388, -89.0233459473, 23.259683609, -14.5430145264, -70.1008605957, -5.39152956009, -57.9696540833], [-1904.04614258, 127.260162354, 508.788757324, 21.357831955, -2.45124363899, 192.187164307, -89.0233459473, 181.644210815, -19.0824604034, 33.7229156494, 116.398902893, 4.64602231979, 100.087120056], [245.099182129, -22.7009868622, -67.3958206177, 0.337673157454, -7.50057458878, -23.8056468964, 23.259683609, -19.0824604034, 34.4541931152, -1.07707691193, -13.076915741, -1.45382618904, -14.3087215424], [-334.041778564, 27.3723831177, 86.1936798096, 11.7707395554, 1.0725864172, 36.3242645264, -14.5430145264, 33.7229156494, -1.07707691193, 32.3963050842, 25.3410930634, 3.20293664932, 18.4304218292], [-1509.38269043, 92.1755523682, 408.33770752, 21.3251724243, -4.387155056, 154.696609497, -70.1008605957, 116.398902893, -13.076915741, 25.3410930634, 114.957832336, 9.86007881165, 77.151222229], [-36.4592018127, 8.11030101776, 24.034236908, -0.249314829707, 0.0191969908774, 5.25071811676, -5.39152956009, 4.64602231979, -1.45382618904, 3.20293664932, 9.86007881165, 23.1281547546, 8.75825405121], [-1306.8692627, 70.7883300781, 338.033905029, 17.9694347382, -8.71191978455, 130.48928833, -57.9696540833, 100.087120056, -14.3087215424, 18.4304218292, 77.151222229, 8.75825405121, 86.7085952759]]
    },
    "sccoeffs": {
        "kurt": [-0.907072544098, 0.274064064026, -0.206174612045, -0.911134004593, -0.797575473785, -0.626204013824],
        "max": [-0.47091126442, -0.704068660736, -0.748990774155, -0.686537921429, -0.756057083607, -0.689757108688],
        "mean": [-0.676189005375, -0.843543767929, -0.856907367706, -0.81221216917, -0.825478434563, -0.781636953354],
        "median": [-0.64308154583, -0.843150436878, -0.856454908848, -0.798162937164, -0.813306212425, -0.768564999104],
        "min": [-0.892066001892, -0.948420882225, -0.95083039999, -0.932336211205, -0.915298819542, -0.896280765533],
        "skew": [-0.591406702995, 0.247491240501, 0.0174476876855, -0.485594183207, -0.656295180321, -0.701826989651],
        "var": [0.00849764700979, 0.0013196504442, 0.000980207230896, 0.00279171322472, 0.00150636804756, 0.00180500454735],
        "cov": [[0.00850448943675, 0.0013446327066, 0.00149501243141, 0.00395429693162, 0.00290254340507, 0.00293160113506], [0.0013446327066, 0.00132071296684, 0.000268175033852, 0.000732178683393, 0.000568953284528, 0.000526737829205], [0.00149501243141, 0.000268175033852, 0.000980996526778, 0.000824781309348, 0.000625294342171, 0.000643775740173], [0.00395429693162, 0.000732178683393, 0.000824781309348, 0.00279396097176, 0.00170067884028, 0.00177976186387], [0.00290254340507, 0.000568953284528, 0.000625294342171, 0.00170067884028, 0.00150758086238, 0.00135703675915], [0.00293160113506, 0.000526737829205, 0.000643775740173, 0.00177976186387, 0.00135703675915, 0.00180645787623]]
    },
    "scvalleys": {
        "kurt": [-0.474783658981, -0.736343860626, -0.545025587082, -0.572554111481, -0.584593296051, -0.624639987946],
        "max": [-7.00209999084, -6.08554506302, -5.88216686249, -5.87200784683, -5.44868659973, -8.17408180237],
        "mean": [-8.55638980865, -7.69251394272, -7.62948465347, -7.81455993652, -7.51383924484, -10.1080493927],
        "median": [-8.42845630646, -7.0671043396, -6.77265739441, -6.81036996841, -6.45980596542, -8.96965026855],
        "min": [-10.5113306046, -10.7801609039, -11.6718578339, -11.8538532257, -11.8456754684, -14.274933815],
        "skew": [-0.49669405818, -0.90539675951, -1.04083108902, -1.05415332317, -1.03490138054, -1.07481265068],
        "var": [0.381633281708, 1.70785403252, 2.71863913536, 3.37219905853, 4.10565233231, 4.12862443924],
        "cov": [[0.381940573454, 0.621587812901, 0.763544976711, 0.836503446102, 0.90369284153, 0.892547488213], [0.621587812901, 1.70922911167, 2.07458996773, 2.29640722275, 2.50313138962, 2.49883723259], [0.763544976711, 2.07458996773, 2.72082805634, 2.97345089912, 3.26022291183, 3.25197386742], [0.836503446102, 2.29640722275, 2.97345089912, 3.37491440773, 3.68294596672, 3.65499711037], [0.90369284153, 2.50313138962, 3.26022291183, 3.68294596672, 4.10895776749, 4.05297899246], [0.892547488213, 2.49883723259, 3.25197386742, 3.65499711037, 4.05297899246, 4.13194894791]]
    }
},
"rhythm": {
    "beats_loudness": {
        "kurt": -1.27818000317,
        "max": 0.00757135311142,
        "mean": 0.00317305349745,
        "median": 0.00325770955533,
        "min": 1.74553269972e-06,
        "skew": 0.168397992849,
        "var": 6.29287023912e-06
    },
    "bpm": 99.6768417358,
    "confidence": 0.454662561417,
    "first_peak_bpm": {
        "kurt": 0,
        "max": 99,
        "mean": 99,
        "median": 99,
        "min": 99,
        "skew": 0,
        "var": 0
    },
    "first_peak_spread": {
        "kurt": 0,
        "max": 0.458333313465,
        "mean": 0.458333313465,
        "median": 0.458333313465,
        "min": 0.458333313465,
        "skew": 0,
        "var": 0
    },
    "first_peak_weight": {
        "kurt": 0,
        "max": 0.254901975393,
        "mean": 0.254901975393,
        "median": 0.254901975393,
        "min": 0.254901975393,
        "skew": 0,
        "var": 0
    },
    "onset_rate": 1.52600908279,
    "second_peak_bpm": {
        "kurt": 0,
        "max": 133,
        "mean": 133,
        "median": 133,
        "min": 133,
        "skew": 0,
        "var": 0
    },
    "second_peak_spread": {
        "kurt": 0,
        "max": 0.5,
        "mean": 0.5,
        "median": 0.5,
        "min": 0.5,
        "skew": 0,
        "var": 0
    },
    "second_peak_weight": {
        "kurt": 0,
        "max": 0.0980392172933,
        "mean": 0.0980392172933,
        "median": 0.0980392172933,
        "min": 0.0980392172933,
        "skew": 0,
        "var": 0
    },
    "beats_loudness_band_ratio": {
        "kurt": [4.41537761688, 12.1819381714, 13.4393634796, -0.192256689072, 0.275455236435, 0.0689935684204],
        "max": [0.886187195778, 0.611755669117, 0.441685914993, 0.13157325983, 0.578923285007, 0.609780371189],
        "mean": [0.117515057325, 0.0633427873254, 0.0546761341393, 0.065858386457, 0.396482169628, 0.328465789557],
        "median": [0.0321494713426, 0.0243644956499, 0.033175971359, 0.0653075575829, 0.459588050842, 0.349555641413],
        "min": [0.00171239871997, 0.00442639924586, 0.00733639905229, 0.0072802035138, 0.00391578860581, 0.000547471514437],
        "skew": [2.31262493134, 3.42178988457, 3.60775446892, 0.270045757294, -1.29416179657, -0.804912507534],
        "var": [0.0420762337744, 0.0119908191264, 0.00571519136429, 0.000749558501411, 0.0293732881546, 0.0236152932048],
        "cov": [[0.0429177582264, 0.0127850463614, 0.00680936826393, -0.00297236000188, -0.0308394581079, -0.0257658138871], [0.0127850463614, 0.0122306356207, 0.00530861550942, -0.00125782797113, -0.0141434380785, -0.0120827080682], [0.00680936826393, 0.00530861550942, 0.00582949537784, -0.0004461791832, -0.00842495355755, -0.00761327985674], [-0.00297236000188, -0.00125782797113, -0.0004461791832, 0.000764549651649, 0.00258643599227, 0.00101410341449], [-0.0308394581079, -0.0141434380785, -0.00842495355755, 0.00258643599227, 0.0299607533962, 0.0175738818944], [-0.0257658138871, -0.0120827080682, -0.00761327985674, 0.00101410341449, 0.0175738818944, 0.0240875985473]]
    },
    "beats_position": [0.603718817234, 1.20743763447, 1.8111563921, 2.41487526894, 3.01859402657, 3.62231278419, 4.22603178024, 4.85297060013, 5.46829938889, 6.08362817764, 6.68734693527, 7.2910656929, 7.91800451279, 8.52172279358, 9.13705158234, 9.76399040222, 10.4373693466, 11.0991382599, 11.7725172043, 12.4110651016, 13.0728340149, 13.6765527725, 14.268661499, 14.8607711792, 15.4412698746, 16.0217685699, 16.6138763428, 17.2059860229, 17.786485672, 18.2392749786, 18.6920623779, 19.1448516846, 19.5976409912, 20.0388202667, 20.4799995422, 20.8979587555, 21.339138031, 21.7687072754, 22.1982765198, 22.6278457642, 23.0574150085, 23.4985942841, 23.9281635284, 24.3809528351, 24.8221302032, 25.37940979, 25.948299408, 26.5171871185, 27.0976867676, 27.6549663544, 28.1890239716, 28.7463035583],
    "bpm_estimates": [99.3840179443, 99.3840255737, 99.3840026855, 99.3840255737, 99.3840255737, 99.3839874268, 95.7031173706, 97.5088424683, 97.5088424683, 99.3840255737, 99.3840255737, 95.7031173706, 99.3841018677, 97.5088424683, 95.7031173706, 99.3840255737, 101.332740784, 101.332580566, 103.359405518, 103.359405518, 101.332901001, 101.332580566, 103.359237671, 103.359237671],
    "bpm_intervals": [0.603718817234, 0.603718757629, 0.603718876839, 0.603718757629, 0.603718757629, 0.603718996048, 0.626938819885, 0.615328788757, 0.615328788757, 0.603718757629, 0.603718757629, 0.626938819885, 0.603718280792, 0.615328788757, 0.626938819885, 0.673378944397, 0.661768913269, 0.673378944397, 0.638547897339, 0.661768913269, 0.603718757629, 0.592108726501, 0.592109680176, 0.580498695374, 0.580498695374, 0.592107772827, 0.592109680176, 0.580499649048, 0.452789306641, 0.452787399292, 0.452789306641, 0.452789306641, 0.441179275513, 0.441179275513, 0.417959213257, 0.441179275513, 0.429569244385, 0.429569244385, 0.429569244385, 0.429569244385, 0.441179275513, 0.429569244385, 0.452789306641, 0.441177368164, 0.557279586792, 0.56888961792, 0.568887710571, 0.580499649048, 0.557279586792, 0.534057617188, 0.557279586792],
    "onset_times": [0.150929704309, 0.847528338432, 1.2190476656, 1.91564631462, 2.06657600403, 3.47138333321, 4.14476203918, 5.13160991669, 6.09523820877, 6.22294807434, 6.32743787766, 6.38548755646, 6.88471651077, 7.30267572403, 8.16181373596, 9.06739234924, 9.83365058899, 10.1122903824, 10.9946489334, 11.0991382599, 13.2005443573, 13.4327440262, 13.6301136017, 13.7462129593, 14.1757822037, 15.9753284454, 16.5674381256, 17.1479358673, 18.7501125336, 19.7485713959, 20.0852603912, 20.6657600403, 20.7470302582, 21.0488891602, 21.2114276886, 21.8499774933, 21.9428577423, 22.128616333, 23.0922451019, 23.8585033417, 24.3229026794, 24.6479816437, 28.2470741272, 28.595375061],
    "histogram": [[0, 0, 0, 0, 0, 0, 0, 0, 0, 0, 0, 0, 0, 0, 0, 0, 0, 0, 0, 0, 0, 0, 0, 0, 0, 0, 0, 0, 0, 0, 0, 0, 0, 0, 0, 0, 0, 0, 0, 0, 0, 0, 0, 0, 0, 0, 0, 0, 0, 0, 0, 0, 0, 0, 0, 0, 0, 0, 0, 0, 0, 0, 0, 0, 0, 0, 0, 0, 0, 0, 0, 0, 0, 0, 0, 0, 0, 0, 0, 0, 0, 0, 0, 0, 0, 0, 0, 0, 0, 0.0392156876624, 0, 0.0392156876624, 0, 0, 0.0196078438312, 0, 0.0588235296309, 0, 0.0588235296309, 0.196078434587, 0, 0.0784313753247, 0, 0.0784313753247, 0, 0.0392156876624, 0, 0, 0.0588235296309, 0, 0, 0, 0.0196078438312, 0, 0, 0, 0, 0, 0, 0, 0, 0, 0, 0, 0, 0, 0, 0, 0, 0, 0, 0, 0, 0.0980392172933, 0, 0, 0.0980392172933, 0, 0, 0, 0.0980392172933, 0, 0, 0, 0.0196078438312, 0, 0, 0, 0, 0, 0, 0, 0, 0, 0, 0, 0, 0, 0, 0, 0, 0, 0, 0, 0, 0, 0, 0, 0, 0, 0, 0, 0, 0, 0, 0, 0, 0, 0, 0, 0, 0, 0, 0, 0, 0, 0, 0, 0, 0, 0, 0, 0, 0, 0, 0, 0, 0, 0, 0, 0, 0, 0, 0, 0, 0, 0, 0, 0, 0, 0, 0, 0, 0, 0, 0, 0, 0, 0, 0, 0, 0, 0, 0, 0, 0, 0, 0, 0, 0, 0, 0, 0, 0, 0, 0, 0, 0, 0, 0, 0, 0, 0, 0, 0, 0, 0, 0, 0, 0]]
},
"sfx": {
    "inharmonicity": {
        "kurt": 1.37191009521,
        "max": 0.382291197777,
        "mean": 0.0583120211959,
        "median": 0,
        "min": 0,
        "skew": 1.59321939945,
        "var": 0.00881506223232
    },
    "oddtoevenharmonicenergyratio": {
        "kurt": 226.967529297,
        "max": 30.1891670227,
        "mean": 0.480214893818,
        "median": 0,
        "min": 0,
        "skew": 12.6662511826,
        "var": 1.96359753609
    },
    "pitch_after_max_to_before_max_energy_ratio": 0.553633451462,
    "pitch_centroid": 575.217041016,
    "pitch_max_to_total": 0.596138358116,
    "pitch_min_to_total": 0.00482703140005,
    "tristimulus": {
        "kurt": [-1.64309167862, 0.105987071991, -0.269910335541],
        "max": [1, 0.867129981518, 1],
        "mean": [0.647006571293, 0.151697859168, 0.201295867562],
        "median": [1, 0, 0],
        "min": [0, 0, 0],
        "skew": [-0.463777750731, 1.10034513474, 1.03771042824],
        "var": [0.177553474903, 0.0428608469665, 0.0770229175687],
        "cov": [[0.177696436644, -0.0717534050345, -0.105942472816], [-0.0717534050345, 0.0428953543305, 0.0288584083319], [-0.105942472816, 0.0288584083319, 0.0770849362016]]
    }
},
"tonal": {
    "chords_changes_rate": 0.085209004581,
    "chords_number_rate": 0.0160771701485,
    "chords_strength": {
        "kurt": 0.98743391037,
