{
"metadata": {
    "version": {
        "essentia": "2.1-beta3"
    }
},
"lowLevel": {
    "average_loudness": 0.962314128876,
    "barkbands_kurtosis": {
        "kurt": 27.6134033203,
        "max": 76.9777069092,
        "mean": 1.67261254787,
        "median": -1.11954975128,
        "min": -1.78994894028,
        "skew": 4.85870552063,
        "var": 85.4245452881
    },
    "barkbands_skewness": {
        "kurt": 5.74677085876,
        "max": 6.58975458145,
        "mean": 0.257506996393,
        "median": 0.0103870229796,
        "min": -1.54221403599,
        "skew": 2.22466850281,
        "var": 1.59389090538
    },
    "barkbands_spread": {
        "kurt": -0.46213722229,
        "max": 38.8966255188,
        "mean": 23.1477680206,
        "median": 27.1256027222,
        "min": 0.717947602272,
        "skew": -0.876547813416,
        "var": 101.486618042
    },
    "dissonance": {
        "kurt": 6.31440448761,
        "max": 0.499668598175,
        "mean": 0.463511675596,
        "median": 0.471434354782,
        "min": 0.273869305849,
        "skew": -2.27199840546,
        "var": 0.00126207328867
    },
    "hfc": {
        "kurt": -0.320565700531,
        "max": 27.4215011597,
        "mean": 8.42328929901,
        "median": 8.30744552612,
        "min": 0.000191874467419,
        "skew": 0.435275495052,
        "var": 36.578792572
    },
    "pitch": {
        "kurt": -1.91111552715,
        "max": 3212.35302734,
        "mean": 1611.81970215,
        "median": 921.516967773,
        "min": 149.488845825,
        "skew": 0.145965874195,
        "var": 1503231.625
    },
    "pitch_instantaneous_confidence": {
        "kurt": -0.260122299194,
        "max": 0.921226263046,
        "mean": 0.55128711462,
        "median": 0.560678958893,
        "min": 0.285097062588,
        "skew": 0.0605281032622,
        "var": 0.0145287225023
    },
    "pitch_salience": {
        "kurt": 1.30541801453,
        "max": 0.833371162415,
        "mean": 0.574010014534,
        "median": 0.578802883625,
        "min": 0.20199021697,
        "skew": -0.461905092001,
        "var": 0.00700915884227
    },
    "silence_rate_20dB": {
        "kurt": 0,
        "max": 1,
        "mean": 1,
        "median": 1,
        "min": 1,
        "skew": 0,
        "var": 0
    },
    "silence_rate_30dB": {
        "kurt": 0,
        "max": 1,
        "mean": 1,
        "median": 1,
        "min": 1,
        "skew": 0,
        "var": 0
    },
    "silence_rate_60dB": {
        "kurt": -1.30830216408,
        "max": 1,
        "mean": 0.308016866446,
        "median": 0,
        "min": 0,
        "skew": 0.831683337688,
        "var": 0.213142454624
    },
    "spectral_centroid": {
        "kurt": -0.51328754425,
        "max": 2298.26733398,
        "mean": 1422.43896484,
        "median": 1482.55212402,
        "min": 218.063537598,
        "skew": -0.447542756796,
        "var": 235458.265625
    },
    "spectral_complexity": {
        "kurt": -0.698656082153,
        "max": 23,
        "mean": 12.9746837616,
        "median": 15,
        "min": 0,
        "skew": -0.662827312946,
        "var": 39.5352363586
    },
    "spectral_crest": {
        "kurt": 2.05800247192,
        "max": 25.4923973083,
        "mean": 10.7511053085,
        "median": 10.1621685028,
        "min": 5.11325120926,
        "skew": 1.08433425426,
        "var": 11.8045625687
    },
    "spectral_decrease": {
        "kurt": 0.124123811722,
        "max": -2.25275984797e-14,
        "mean": -1.20350873711e-09,
        "median": -1.17528553556e-09,
        "min": -3.78675357737e-09,
        "skew": -0.565532326698,
        "var": 6.26723627461e-19
    },
    "spectral_energy": {
        "kurt": -0.0221629142761,
        "max": 0.0165716186166,
        "mean": 0.00530633283779,
        "median": 0.0052234577015,
        "min": 1.02427989646e-07,
        "skew": 0.506353020668,
        "var": 1.22447854665e-05
    },
    "spectral_energyband_high": {
        "kurt": 5.61940956116,
        "max": 0.000375221919967,
        "mean": 5.17073312949e-05,
        "median": 3.55582669727e-05,
        "min": 2.45725639836e-09,
        "skew": 2.22722792625,
        "var": 3.94404242599e-09
    },
    "spectral_energyband_low": {
        "kurt": 2.73433923721,
        "max": 0.00117022206541,
        "mean": 0.000230737467064,
        "median": 0.000172065789229,
        "min": 2.3724817666e-09,
        "skew": 1.54397952557,
        "var": 5.46269198765e-08
    },
    "spectral_energyband_middle_high": {
        "kurt": -0.261366844177,
        "max": 0.008813848719,
        "mean": 0.00299909594469,
        "median": 0.002924002707,
        "min": 5.55489698684e-08,
        "skew": 0.383429378271,
        "var": 4.00220278607e-06
    },
    "spectral_energyband_middle_low": {
        "kurt": 1.65410518646,
        "max": 0.00833515357226,
        "mean": 0.0020660685841,
        "median": 0.00153205089737,
        "min": 4.02209856531e-08,
        "skew": 1.33741855621,
        "var": 3.17911121783e-06
    },
    "spectral_flatness_db": {
        "kurt": 3.03180837631,
        "max": 0.408627510071,
        "mean": 0.220092639327,
        "median": 0.210191741586,
        "min": 0.103689283133,
        "skew": 1.40273666382,
        "var": 0.00178650440648
    },
    "spectral_flux": {
        "kurt": -0.283428192139,
        "max": 0.0870840996504,
        "mean": 0.044942419976,
        "median": 0.0483155064285,
        "min": 0.00182377779856,
        "skew": -0.314013361931,
        "var": 0.000362482911441
    },
    "spectral_kurtosis": {
        "kurt": 6.48820304871,
        "max": 42.0393981934,
        "mean": 9.18649864197,
        "median": 7.18210697174,
        "min": 2.06934595108,
        "skew": 2.33379483223,
        "var": 40.0361824036
    },
    "spectral_rms": {
        "kurt": -0.342590093613,
        "max": 0.00402087438852,
        "mean": 0.00210558786057,
        "median": 0.00225744466297,
        "min": 9.99648636935e-06,
        "skew": -0.45288464427,
        "var": 7.43413636428e-07
    },
    "spectral_rolloff": {
        "kurt": -0.0255959033966,
        "max": 3229.98046875,
        "mean": 2442.4284668,
        "median": 2906.98242188,
        "min": 236.865234375,
        "skew": -1.25781810284,
        "var": 773083.75
    },
    "spectral_skewness": {
        "kurt": 2.49082994461,
        "max": 5.15583181381,
        "mean": 2.01876044273,
        "median": 1.73774433136,
        "min": 1.06056928635,
        "skew": 1.70470392704,
        "var": 0.607227861881
    },
    "spectral_spread": {
        "kurt": 89.6178665161,
        "max": 10738066,
        "mean": 2680407.5,
        "median": 2673233,
        "min": 1524347.75,
        "skew": 7.52817964554,
        "var": 440230477824
    },
    "spectral_strongpeak": {
        "kurt": 5.06872177124,
        "max": 7.73054695129,
        "mean": 1.11193752289,
        "median": 0.647590994835,
        "min": 0.00030166504439,
        "skew": 2.01092100143,
        "var": 1.4639942646
    },
    "zerocrossingrate": {
        "kurt": -0.152938842773,
        "max": 0.11279296875,
        "mean": 0.0784896686673,
        "median": 0.08740234375,
        "min": 0.00927734375,
        "skew": -0.984497189522,
        "var": 0.00064132665284
    },
    "barkbands": {
        "kurt": [3.89304542542, 4.19582462311, 2.54637670517, 18.59025383, 4.21408510208, 3.27516841888, 2.8801574707, 6.81844711304, 105.608734131, 15.648431778, 2.47524023056, 54.5134735107, 16.8822193146, 7.24606704712, 14.2636985779, 0.788671255112, 3.27661037445, 0.744090080261, 0.613943338394, 0.0335898399353, 5.06756782532, 8.77525043488, 4.79479408264, 0.30668592453, -0.346704959869, 13.3409481049, 13.2713794708],
        "max": [6.55865335375e-08, 0.000874360965099, 0.000366481253877, 0.00118484557606, 0.000613260373939, 0.00146327738184, 0.00748106464744, 0.00052185554523, 0.00158756785095, 0.00118061725516, 0.00141070701648, 0.000777055451181, 0.00164840754587, 0.000554735597689, 0.000133101770189, 0.00147914502304, 0.00146672304254, 0.00693259434775, 0.000575301179197, 9.68387394096e-05, 0.000224612740567, 0.000140334013849, 2.21909317588e-06, 1.35795937695e-06, 6.36596666936e-07, 1.76056680345e-09, 1.85173842926e-09],
        "mean": [1.12426272736e-08, 0.000134830697789, 6.50058427709e-05, 9.46566651692e-05, 9.64703722275e-05, 0.000286453723675, 0.00140711886343, 7.72265557316e-05, 7.98155306256e-05, 0.000114768219646, 0.000311110488838, 3.97687217628e-05, 0.000165507924976, 8.82996173459e-05, 1.53794935613e-05, 0.000342926912708, 0.000245748466114, 0.00151575182099, 0.000146859922097, 3.0329432775e-05, 3.02763492073e-05, 1.70588282344e-05, 3.9378747374e-07, 3.72484834088e-07, 1.96300234734e-07, 1.55649465539e-10, 1.61687843669e-10],
        "median": [6.70033761807e-09, 7.26292419131e-05, 4.43151948275e-05, 4.44360084657e-05, 7.64718352002e-05, 0.000220199741307, 0.000704463163856, 6.45732288831e-05, 5.46862211195e-05, 5.92451506236e-05, 0.000312868971378, 2.31434860325e-05, 0.000116517534479, 8.50740252645e-05, 1.18673679026e-05, 0.000323642336298, 0.000209453864954, 0.00130055926275, 0.000125910373754, 3.00769861497e-05, 1.90232822206e-05, 9.89338877844e-06, 4.00071030526e-07, 3.83750972333e-07, 1.88474643892e-07, 4.53773095488e-11, 4.36459618447e-11],
        "min": [2.92720084283e-11, 1.35900557474e-09, 6.29957530585e-10, 5.58230163483e-11, 5.5883138117e-09, 2.37754225196e-08, 7.3153771929e-09, 1.50495027551e-09, 1.75158088034e-09, 1.24196808393e-09, 2.97156921292e-09, 6.26820595429e-10, 2.20807194751e-09, 4.70142258457e-10, 2.42715986198e-10, 2.00601890654e-09, 4.16249229529e-10, 1.25562680253e-08, 7.70137909001e-09, 2.37190267427e-09, 9.96423832333e-10, 9.32873778225e-10, 1.34457486811e-10, 5.14383119432e-11, 2.60780390338e-11, 1.46823390034e-13, 1.08043939802e-14],
        "skew": [1.97882533073, 1.8418302536, 1.57945644855, 3.45951199532, 1.74152004719, 1.67197930813, 1.73733413219, 2.26942324638, 8.80139160156, 3.49656558037, 0.950604975224, 6.69325208664, 3.80041360855, 1.57069087029, 3.35645389557, 0.87938195467, 1.52462553978, 0.976735532284, 0.913874387741, 0.610693693161, 2.15860128403, 2.84587240219, 1.26244091988, 0.534840047359, 0.513190448284, 3.30175423622, 3.29799222946],
        "var": [1.82396223509e-16, 2.52958827218e-08, 4.77398165444e-09, 1.85320931934e-08, 9.08540709332e-09, 6.79834784023e-08, 2.48611036113e-06, 6.62571197907e-09, 1.42108946832e-08, 2.56104826235e-08, 4.83901168025e-08, 5.41744160643e-09, 4.98907972712e-08, 4.92177321121e-09, 3.48376688608e-10, 8.90842386525e-08, 5.89749227231e-08, 2.0528807454e-06, 1.510792913e-08, 5.10909481388e-10, 1.48674450529e-09, 6.02274785599e-10, 9.21488972909e-14, 7.42824245582e-14, 2.20109863089e-14, 7.1174994914e-20, 7.85119383134e-20],
        "cov": [[1.83169088134e-16, 3.85825811404e-13, 1.33665105893e-13, 4.19718513417e-13, 2.90302992149e-13, 6.86729752924e-13, 3.76891616874e-12, 1.82610247453e-13, 2.75221577299e-13, 1.54876911534e-13, 6.41968628864e-13, 2.17326529765e-14, 2.78596230253e-15, 1.98018833861e-13, 1.7994020648e-14, 7.09618561828e-13, 5.60079489297e-13, 2.38917848179e-12, 2.55273937839e-13, 4.85933789409e-14, 8.82529319806e-14, 4.81080188978e-14, 8.6729307538e-16, 6.60757484901e-16, 4.79315457242e-16, 4.99682747443e-19, 5.30577995021e-19], [3.85825811404e-13, 2.54030698699e-08, 9.1682528236e-09, 2.26433605199e-09, 5.45745093561e-09, 1.25019985475e-08, 5.75839358419e-08, 2.26837348904e-09, 2.20336260348e-09, 2.55818505268e-10, 8.21206391777e-09, -7.68574592858e-10, -3.53914497708e-09, 3.04285063812e-09, 8.09272995839e-11, 1.81825470236e-08, 1.29934383253e-08, 9.19729572502e-08, 6.68104593871e-09, 1.23160071031e-09, 1.32026423127e-09, 7.02605751357e-10, 1.8169583893e-11, 1.82212855915e-11, 9.44002775255e-12, 3.22959432635e-15, 3.35491348617e-15], [1.33665105893e-13, 9.1682528236e-09, 4.79421036204e-09, 2.68892685895e-09, 2.62894617187e-09, 4.54114879034e-09, 2.14823714373e-08, 1.09076470078e-09, 1.88732540707e-09, 2.84275259582e-11, 4.92151874809e-09, -4.1154159941e-11, -1.29201027654e-09, 1.53088453025e-09, 5.44575981531e-11, 7.78077069441e-09, 5.14876496993e-09, 4.37251763685e-08, 3.07460057414e-09, 6.05225369821e-10, 7.8789796909e-10, 4.33618613238e-10, 8.98504881608e-12, 8.37481820004e-12, 4.6787556468e-12, 2.39718010897e-15, 2.51065626588e-15], [4.19718513417e-13, 2.26433605199e-09, 2.68892685895e-09, 1.86106188238e-08, 5.76467407143e-09, 5.33899857658e-09, 1.68886309382e-08, 1.49541512506e-09, 4.52324533384e-09, 5.50314516179e-10, 8.0636217703e-09, 8.04976585389e-10, -3.01211250386e-10, 2.43129583133e-09, -4.15879622406e-11, 6.44010356154e-09, 6.16457773717e-09, 4.77412811506e-08, 4.57574955703e-09, 7.37711614018e-10, 1.9624211145e-09, 1.10259590347e-09, 1.62449342173e-11, 1.21606552952e-11, 6.63683474497e-12, 9.10934891564e-15, 9.51738925029e-15], [2.90302992149e-13, 5.45745093561e-09, 2.62894617187e-09, 5.76467407143e-09, 9.12390429875e-09, 9.82064651822e-09, 3.06964622609e-08, 2.27071028647e-09, 8.81120343355e-10, 6.82026768395e-10, 4.84067586015e-09, -4.95149587998e-10, -2.57429877415e-09, 1.79769454878e-09, -6.18903053806e-11, 1.00167385497e-08, 6.47845466162e-09, 6.5672267624e-08, 4.51378401323e-09, 7.38522631938e-10, 6.2929383926e-10, 3.66749547398e-10, 1.1668163831e-11, 1.10233801254e-11, 5.99870240287e-12, 3.45533220668e-15, 3.550263636e-15], [6.86729752924e-13, 1.25019985475e-08, 4.54114879034e-09, 5.33899857658e-09, 9.82064651822e-09, 6.82715466382e-08, 1.00443514839e-07, 3.32286642646e-09, 2.06575134776e-09, -6.33383789861e-10, 9.13859654617e-09, -1.15543363766e-09, -4.53492621233e-09, 5.03862107593e-09, 5.59021787194e-11, 3.25730908912e-08, 2.34954065093e-08, 1.53096522126e-07, 8.3604660972e-09, 1.98856797695e-09, 5.86884096876e-10, 3.62275348609e-10, 2.82952966613e-11, 2.44140506422e-11, 1.22627559149e-11, 6.94298803766e-15, 7.15843552647e-15], [3.76891616874e-12, 5.75839358419e-08, 2.14823714373e-08, 1.68886309382e-08, 3.06964622609e-08, 1.00443514839e-07, 2.49664481089e-06, 5.71515670345e-08, 3.37287744401e-08, 2.21043823245e-08, 1.15605487849e-07, 3.85803478054e-09, -1.69910006065e-08, 1.65037832289e-08, 3.11510706119e-09, 1.53981304152e-07, 1.51861556219e-07, 1.01822445231e-06, 5.8040765083e-08, 1.65852309664e-08, 6.03003469379e-09, 6.02247185455e-09, 1.69605940403e-10, 1.84210036114e-10, 1.01603940539e-10, 6.70093185584e-14, 6.99684451003e-14], [1.82610247453e-13, 2.26837348904e-09, 1.09076470078e-09, 1.49541512506e-09, 2.27071028647e-09, 3.32286642646e-09, 5.71515670345e-08, 6.65378729892e-09, 3.73911124285e-09, 1.94001259501e-09, 7.39221928114e-09, 8.55590709392e-10, -1.05782849147e-09, 1.56921342587e-09, 1.40557149253e-10, 7.47391215583e-09, 6.32314645088e-09, 5.70007081535e-08, 4.7573269768e-09, 8.39147362708e-10, 6.27510265971e-10, 3.74070274756e-10, 1.19276680546e-11, 9.82987042458e-12, 5.36457727199e-12, 5.18417579169e-15, 5.34963139596e-15], [2.75221577299e-13, 2.20336260348e-09, 1.88732540707e-09, 4.52324533384e-09, 8.81120343355e-10, 2.06575134776e-09, 3.37287744401e-08, 3.73911124285e-09, 1.42711105156e-08, 7.76987896245e-09, 1.31385249347e-08, 3.3274270006e-09, 3.44954231846e-10, 2.18063211932e-09, 1.68208003082e-10, 7.87536258429e-09, 5.55759926968e-09, 4.74514649795e-08, 4.54032589303e-09, 7.94806387372e-10, 1.67974012477e-09, 1.02663799684e-09, 1.85385786583e-11, 1.21400008102e-11, 5.97104960962e-12, 4.14024495365e-15, 4.30406451378e-15], [1.54876911534e-13, 2.55818505268e-10, 2.84275259582e-11, 5.50314516179e-10, 6.82026768395e-10, -6.33383789861e-10, 2.21043823245e-08, 1.94001259501e-09, 7.76987896245e-09, 2.57190020392e-08, 1.20173195839e-08, 2.37989139507e-09, -2.74050537818e-09, -4.12926942639e-10, 4.04031287593e-11, 5.17879072959e-10, 5.86886539367e-10, 4.3360941504e-08, 1.15710518944e-09, 5.73204761434e-10, 2.7659277646e-10, 2.23143142852e-10, 9.35391521184e-12, 4.32521553295e-12, 2.65899910597e-12, 1.27487151237e-15, 1.32449144358e-15], [6.41968628864e-13, 8.21206391777e-09, 4.92151874809e-09, 8.0636217703e-09, 4.84067586015e-09, 9.13859654617e-09, 1.15605487849e-07, 7.39221928114e-09, 1.31385249347e-08, 1.20173195839e-08, 4.85951616724e-08, 5.21378851204e-09, 2.8765674287e-09, 5.27435783937e-09, 4.65693317242e-10, 1.85751520831e-08, 1.32755371141e-08, 1.17339176597e-07, 8.84902640053e-09, 1.78364700787e-09, 2.73388423011e-09, 1.66262170698e-09, 3.26517667071e-11, 2.85066761863e-11, 1.41586152524e-11, 1.47338755373e-14, 1.53807444347e-14], [2.17326529765e-14, -7.68574592858e-10, -4.1154159941e-11, 8.04976585389e-10, -4.95149587998e-10, -1.15543363766e-09, 3.85803478054e-09, 8.55590709392e-10, 3.3274270006e-09, 2.37989139507e-09, 5.21378851204e-09, 5.44039702177e-09, 9.48335454609e-09, 5.7501425843e-10, -4.91983016826e-11, -1.81123960274e-09, -7.81987807841e-10, 5.15305353943e-10, 3.23352455922e-10, 6.28347790466e-11, 3.31884630889e-10, 2.21716325854e-10, 3.28657587256e-12, 1.01543155395e-12, 5.37106763145e-13, 2.81993626465e-16, 2.95100508411e-16], [2.78596230253e-15, -3.53914497708e-09, -1.29201027654e-09, -3.01211250386e-10, -2.57429877415e-09, -4.53492621233e-09, -1.69910006065e-08, -1.05782849147e-09, 3.44954231846e-10, -2.74050537818e-09, 2.8765674287e-09, 9.48335454609e-09, 5.0102197946e-08, 2.89754331639e-09, -9.07854347254e-11, -9.96669591302e-09, -6.77520306525e-09, -2.78850418312e-08, -3.81427889273e-10, -3.76676606573e-10, -4.01769617575e-10, -1.78521294969e-10, -4.60632660487e-12, -5.36749594424e-12, -1.1957117154e-12, -2.77398525665e-15, -2.81534947536e-15], [1.98018833861e-13, 3.04285063812e-09, 1.53088453025e-09, 2.43129583133e-09, 1.79769454878e-09, 5.03862107593e-09, 1.65037832289e-08, 1.56921342587e-09, 2.18063211932e-09, -4.12926942639e-10, 5.27435783937e-09, 5.7501425843e-10, 2.89754331639e-09, 4.94262808459e-09, 3.99305810639e-10, 6.46583719899e-09, 4.15582590563e-09, 3.31680247712e-08, 3.68850927579e-09, 5.68110780641e-10, 8.67610538968e-10, 5.25196885981e-10, 9.72018732864e-12, 8.32282680274e-12, 4.47937607145e-12, 1.90536038078e-15, 1.96412435029e-15], [1.7994020648e-14, 8.09272995839e-11, 5.44575981531e-11, -4.15879622406e-11, -6.18903053806e-11, 5.59021787194e-11, 3.11510706119e-09, 1.40557149253e-10, 1.68208003082e-10, 4.04031287593e-11, 4.65693317242e-10, -4.91983016826e-11, -9.07854347254e-11, 3.99305810639e-10, 3.49852841142e-10, 7.37151950592e-10, 4.32000130113e-10, 4.139031895e-10, 2.06548333992e-10, 1.55885263031e-10, -8.17645173031e-14, 4.39540201111e-12, 8.12627038143e-13, 5.38739192146e-13, 1.78341160741e-13, 3.69061863649e-16, 3.89807474002e-16], [7.09618561828e-13, 1.81825470236e-08, 7.78077069441e-09, 6.44010356154e-09, 1.00167385497e-08, 3.25730908912e-08, 1.53981304152e-07, 7.47391215583e-09, 7.87536258429e-09, 5.17879072959e-10, 1.85751520831e-08, -1.81123960274e-09, -9.96669591302e-09, 6.46583719899e-09, 7.37151950592e-10, 8.94617144809e-08, 5.38284510299e-08, 2.21272614453e-07, 1.62933506687e-08, 3.25179572158e-09, 4.06387945517e-09, 2.25725216296e-09, 5.15698352077e-11, 5.06520866916e-11, 2.72003738977e-11, 1.85759610818e-14, 1.93492869161e-14], [5.60079489297e-13, 1.29934383253e-08, 5.14876496993e-09, 6.16457773717e-09, 6.47845466162e-09, 2.34954065093e-08, 1.51861556219e-07, 6.32314645088e-09, 5.55759926968e-09, 5.86886539367e-10, 1.32755371141e-08, -7.81987807841e-10, -6.77520306525e-09, 4.15582590563e-09, 4.32000130113e-10, 5.38284510299e-08, 5.92248134978e-08, 1.5172656731e-07, 1.31564066308e-08, 2.35749175737e-09, 4.17760093185e-09, 2.47090503613e-09, 4.44706216296e-11, 4.12928614912e-11, 2.19839545873e-11, 2.04089962839e-14, 2.13823777477e-14], [2.38917848179e-12, 9.19729572502e-08, 4.37251763685e-08, 4.77412811506e-08, 6.5672267624e-08, 1.53096522126e-07, 1.01822445231e-06, 5.70007081535e-08, 4.74514649795e-08, 4.3360941504e-08, 1.17339176597e-07, 5.15305353943e-10, -2.78850418312e-08, 3.31680247712e-08, 4.139031895e-10, 2.21272614453e-07, 1.5172656731e-07, 2.0615793801e-06, 1.08831201828e-07, 2.18106741556e-08, 1.54270924924e-08, 9.50573841862e-09, 2.79100464962e-10, 2.70362704446e-10, 1.51820001015e-10, 9.22456487823e-14, 9.56515072768e-14], [2.55273937839e-13, 6.68104593871e-09, 3.07460057414e-09, 4.57574955703e-09, 4.51378401323e-09, 8.3604660972e-09, 5.8040765083e-08, 4.7573269768e-09, 4.54032589303e-09, 1.15710518944e-09, 8.84902640053e-09, 3.23352455922e-10, -3.81427889273e-10, 3.68850927579e-09, 2.06548333992e-10, 1.62933506687e-08, 1.31564066308e-08, 1.08831201828e-07, 1.51719454777e-08, 1.71319847198e-09, 2.7846620565e-09, 1.91277482742e-09, 2.50033778404e-11, 2.30551706198e-11, 1.25823310104e-11, 8.57464750923e-15, 8.90955417218e-15], [4.85933789409e-14, 1.23160071031e-09, 6.05225369821e-10, 7.37711614018e-10, 7.38522631938e-10, 1.98856797695e-09, 1.65852309664e-08, 8.39147362708e-10, 7.94806387372e-10, 5.73204761434e-10, 1.78364700787e-09, 6.28347790466e-11, -3.76676606573e-10, 5.68110780641e-10, 1.55885263031e-10, 3.25179572158e-09, 2.35749175737e-09, 2.18106741556e-08, 1.71319847198e-09, 5.13074360775e-10, 3.13659154205e-10, 2.38366854033e-10, 4.28483160411e-12, 3.86328425847e-12, 2.14975563392e-12, 1.37027876245e-15, 1.42168889779e-15], [8.82529319806e-14, 1.32026423127e-09, 7.8789796909e-10, 1.9624211145e-09, 6.2929383926e-10, 5.86884096876e-10, 6.03003469379e-09, 6.27510265971e-10, 1.67974012477e-09, 2.7659277646e-10, 2.73388423011e-09, 3.31884630889e-10, -4.01769617575e-10, 8.67610538968e-10, -8.17645173031e-14, 4.06387945517e-09, 4.17760093185e-09, 1.54270924924e-08, 2.7846620565e-09, 3.13659154205e-10, 1.49304435482e-09, 7.85174314455e-10, 8.2862536277e-12, 7.08495675322e-12, 3.8871132875e-12, 2.76756877032e-15, 2.89203814434e-15], [4.81080188978e-14, 7.02605751357e-10, 4.33618613238e-10, 1.10259590347e-09, 3.66749547398e-10, 3.62275348609e-10, 6.02247185455e-09, 3.74070274756e-10, 1.02663799684e-09, 2.23143142852e-10, 1.66262170698e-09, 2.21716325854e-10, -1.78521294969e-10, 5.25196885981e-10, 4.39540201111e-12, 2.25725216296e-09, 2.47090503613e-09, 9.50573841862e-09, 1.91277482742e-09, 2.38366854033e-10, 7.85174314455e-10, 6.04826799755e-10, 4.40571927898e-12, 3.91906082239e-12, 2.13183268781e-12, 1.69034974921e-15, 1.76728331659e-15], [8.6729307538e-16, 1.8169583893e-11, 8.98504881608e-12, 1.62449342173e-11, 1.1668163831e-11, 2.82952966613e-11, 1.69605940403e-10, 1.19276680546e-11, 1.85385786583e-11, 9.35391521184e-12, 3.26517667071e-11, 3.28657587256e-12, -4.60632660487e-12, 9.72018732864e-12, 8.12627038143e-13, 5.15698352077e-11, 4.44706216296e-11, 2.79100464962e-10, 2.50033778404e-11, 4.28483160411e-12, 8.2862536277e-12, 4.40571927898e-12, 9.25393591508e-14, 6.84236331873e-14, 3.65356209913e-14, 2.21714596257e-17, 2.29680130488e-17], [6.60757484901e-16, 1.82212855915e-11, 8.37481820004e-12, 1.21606552952e-11, 1.10233801254e-11, 2.44140506422e-11, 1.84210036114e-10, 9.82987042458e-12, 1.21400008102e-11, 4.32521553295e-12, 2.85066761863e-11, 1.01543155395e-12, -5.36749594424e-12, 8.32282680274e-12, 5.38739192146e-13, 5.06520866916e-11, 4.12928614912e-11, 2.70362704446e-10, 2.30551706198e-11, 3.86328425847e-12, 7.08495675322e-12, 3.91906082239e-12, 6.84236331873e-14, 7.45971820014e-14, 3.49101884824e-14, 2.46909889058e-17, 2.57471397293e-17], [4.79315457242e-16, 9.44002775255e-12, 4.6787556468e-12, 6.63683474497e-12, 5.99870240287e-12, 1.22627559149e-11, 1.01603940539e-10, 5.36457727199e-12, 5.97104960962e-12, 2.65899910597e-12, 1.41586152524e-11, 5.37106763145e-13, -1.1957117154e-12, 4.47937607145e-12, 1.78341160741e-13, 2.72003738977e-11, 2.19839545873e-11, 1.51820001015e-10, 1.25823310104e-11, 2.14975563392e-12, 3.8871132875e-12, 2.13183268781e-12, 3.65356209913e-14, 3.49101884824e-14, 2.21042531067e-14, 1.36317627869e-17, 1.42282460354e-17], [4.99682747443e-19, 3.22959432635e-15, 2.39718010897e-15, 9.10934891564e-15, 3.45533220668e-15, 6.94298803766e-15, 6.70093185584e-14, 5.18417579169e-15, 4.14024495365e-15, 1.27487151237e-15, 1.47338755373e-14, 2.81993626465e-16, -2.77398525665e-15, 1.90536038078e-15, 3.69061863649e-16, 1.85759610818e-14, 2.04089962839e-14, 9.22456487823e-14, 8.57464750923e-15, 1.37027876245e-15, 2.76756877032e-15, 1.69034974921e-15, 2.21714596257e-17, 2.46909889058e-17, 1.36317627869e-17, 7.14765862578e-20, 7.50580262786e-20], [5.30577995021e-19, 3.35491348617e-15, 2.51065626588e-15, 9.51738925029e-15, 3.550263636e-15, 7.15843552647e-15, 6.99684451003e-14, 5.34963139596e-15, 4.30406451378e-15, 1.32449144358e-15, 1.53807444347e-14, 2.95100508411e-16, -2.81534947536e-15, 1.96412435029e-15, 3.89807474002e-16, 1.93492869161e-14, 2.13823777477e-14, 9.56515072768e-14, 8.90955417218e-15, 1.42168889779e-15, 2.89203814434e-15, 1.76728331659e-15, 2.29680130488e-17, 2.57471397293e-17, 1.42282460354e-17, 7.50580262786e-20, 7.88446135536e-20]]
    },
    "mfcc": {
        "kurt": [2.75355768204, 20.5124492645, 3.93682861328, 0.0588376522064, 0.19929766655, 0.383395671844, 1.18344163895, -0.0470550060272, 0.462781667709, 0.475011110306, 0.137862205505, 4.63599014282, -0.295615196228],
        "max": [-661.255859375, 208.054168701, 61.9476661682, 66.9944000244, 22.4407958984, 14.6716842651, 32.2909622192, 30.8069992065, 8.15743637085, 12.491853714, 36.3031272888, 27.2650489807, 22.8519973755],
        "mean": [-761.703796387, 152.741699219, -56.2146492004, 35.1739311218, -9.79017543793, -24.7765026093, -3.77640485764, 12.0618171692, -11.8346710205, -24.7536010742, 15.8981847763, 7.46772956848, 1.56301105022],
        "median": [-723.306213379, 154.781677246, -64.9351730347, 43.6726989746, -7.57403564453, -25.1570167542, -5.19968414307, 14.5888233185, -8.80708694458, -26.5798912048, 16.9067687988, 8.19302368164, -0.0272560119629],
        "min": [-1133.14709473, 6.0398979187, -89.8949432373, -27.3296279907, -43.1770706177, -54.5219841003, -30.9349269867, -21.9568023682, -45.4327278137, -43.6439437866, -9.63921928406, -41.929058075, -15.9510116577],
        "skew": [-1.81333494186, -2.72742795944, 2.17849683762, -1.09864580631, -0.667620003223, 0.216225191951, 1.07564330101, -0.728232145309, -1.00895118713, 0.900935351849, -0.624457359314, -1.34530127048, 0.507531583309],
        "var": [7282.49951172, 313.784484863, 798.933044434, 511.935577393, 135.207443237, 124.639266968, 136.497634888, 110.713432312, 125.630508423, 109.19934082, 72.0208816528, 75.1129379272, 66.4607696533],
        "cov": [[7313.35742188, 317.336547852, -2052.3112793, 1526.13891602, 489.900054932, 77.6272888184, -339.717956543, 508.231933594, 514.946838379, -439.699249268, 329.64642334, 282.114624023, -213.377426147], [317.336547852, 315.114074707, -67.123298645, -72.6401290894, -40.9281578064, -14.1885032654, 50.4137039185, 18.5918235779, -18.1918907166, 14.5673799515, 27.8045749664, 10.5881137848, 35.9090118408], [-2052.3112793, -67.123298645, 802.31829834, -340.747528076, -120.3724823, -67.6254043579, 34.9239959717, -116.760749817, -136.500961304, 86.1920089722, -102.631835938, -66.7697906494, 45.6731910706], [1526.13891602, -72.6401290894, -340.747528076, 514.104797363, 205.507232666, 31.9873886108, -140.43762207, 104.670082092, 137.426559448, -118.366210938, 36.6526374817, 53.7327308655, -75.4147262573], [489.900054932, -40.9281578064, -120.3724823, 205.507232666, 135.780349731, 39.5875854492, -49.6443405151, 32.4209442139, 50.03150177, -34.4140625, 6.79647874832, 22.6466503143, -33.4314842224], [77.6272888184, -14.1885032654, -67.6254043579, 31.9873886108, 39.5875854492, 125.167396545, 55.2325744629, -9.20325756073, 3.26805090904, -7.91390371323, -3.35005378723, -14.207072258, -7.63449954987], [-339.717956543, 50.4137039185, 34.9239959717, -140.43762207, -49.6443405151, 55.2325744629, 137.076019287, 3.45849323273, -48.4889144897, 21.8581485748, -5.93930053711, -34.948600769, 9.98299407959], [508.231933594, 18.5918235779, -116.760749817, 104.670082092, 32.4209442139, -9.20325756073, 3.45849323273, 111.182556152, 71.8995513916, -37.2460861206, 16.8114681244, 13.7701377869, -26.191526413], [514.946838379, -18.1918907166, -136.500961304, 137.426559448, 50.03150177, 3.26805090904, -48.4889144897, 71.8995513916, 126.162834167, -3.26298713684, 9.95102500916, 25.1948051453, -11.2651939392], [-439.699249268, 14.5673799515, 86.1920089722, -118.366210938, -34.4140625, -7.91390371323, 21.8581485748, -37.2460861206, -3.26298713684, 109.66204834, -3.44107222557, -28.156080246, 33.6260681152], [329.64642334, 27.8045749664, -102.631835938, 36.6526374817, 6.79647874832, -3.35005378723, -5.93930053711, 16.8114681244, 9.95102500916, -3.44107222557, 72.3260574341, 40.0802612305, -9.10505867004], [282.114624023, 10.5881137848, -66.7697906494, 53.7327308655, 22.6466503143, -14.207072258, -34.948600769, 13.7701377869, 25.1948051453, -28.156080246, 40.0802612305, 75.4312133789, 9.03946208954], [-213.377426147, 35.9090118408, 45.6731910706, -75.4147262573, -33.4314842224, -7.63449954987, 9.98299407959, -26.191526413, -11.2651939392, 33.6260681152, -9.10505867004, 9.03946208954, 66.7423782349]]
    },
    "sccoeffs": {
        "kurt": [0.0811622142792, -0.29304432869, 0.755172491074, 1.35152196884, 0.309818506241, -0.214477062225],
        "max": [-0.517883419991, -0.529115319252, -0.628238558769, -0.545961022377, -0.539315640926, -0.65934997797],
        "mean": [-0.681068837643, -0.696269989014, -0.776168167591, -0.722794473171, -0.63901668787, -0.747176647186],
        "median": [-0.678190290928, -0.695912241936, -0.7721991539, -0.717903971672, -0.611444711685, -0.742860972881],
        "min": [-0.888893008232, -0.859708666801, -0.931982457638, -0.899114847183, -0.888152658939, -0.855326116085],
        "skew": [-0.0945683568716, -0.0227344613522, -0.409477055073, -0.205740854144, -1.08125913143, -0.332024931908],
        "var": [0.00356391863897, 0.0041054696776, 0.00234983116388, 0.00268160249107, 0.00497879553586, 0.0015392715577],
        "cov": [[0.00357902003452, 7.5728748925e-05, 0.000618496327661, 0.00040760615957, 0.00205953465775, 0.00115673663095], [7.5728748925e-05, 0.00412286585197, 3.11679323204e-05, 9.05109191081e-05, 0.000561228371225, 0.000125964143081], [0.000618496327661, 3.11679323204e-05, 0.00235978793353, 0.00083073542919, 0.0012949523516, 0.000552798388526], [0.00040760615957, 9.05109191081e-05, 0.00083073542919, 0.00269296509214, 0.00137109286152, 0.000503732473589], [0.00205953465775, 0.000561228371225, 0.0012949523516, 0.00137109286152, 0.00499989232048, 0.00202436093241], [0.00115673663095, 0.000125964143081, 0.000552798388526, 0.000503732473589, 0.00202436093241, 0.00154579395894]]
    },
    "scvalleys": {
        "kurt": [2.13762426376, 7.20252609253, 12.5668973923, 4.02550268173, 2.11978006363, 2.97205972672],
        "max": [-6.27804708481, -5.12076854706, -5.17573785782, -6.77100944519, -7.51684236526, -10.0695905685],
        "mean": [-7.46865558624, -6.3603348732, -6.81175279617, -8.03976249695, -8.63585662842, -11.0621938705],
        "median": [-7.19575691223, -6.11803007126, -6.62720775604, -7.76132917404, -8.20358276367, -10.6723194122],
        "min": [-11.5855550766, -11.2054309845, -11.6451387405, -12.4477777481, -13.0176115036, -14.9976100922],
        "skew": [-1.44215643406, -2.14823174477, -2.93857884407, -2.03005933762, -1.711378932, -1.84054791927],
        "var": [0.766910493374, 0.656341612339, 0.549638390541, 0.894845247269, 1.02145242691, 0.82647395134],
        "cov": [[0.770160079002, 0.54795974493, 0.439319223166, 0.621692240238, 0.714105844498, 0.660516381264], [0.54795974493, 0.65912270546, 0.468664258718, 0.618269026279, 0.684544801712, 0.626550972462], [0.439319223166, 0.468664258718, 0.551967382431, 0.58053535223, 0.588775873184, 0.552851140499], [0.621692240238, 0.618269026279, 0.58053535223, 0.898636937141, 0.88953268528, 0.796449422836], [0.714105844498, 0.684544801712, 0.588775873184, 0.88953268528, 1.0257806778, 0.902458131313], [0.660516381264, 0.626550972462, 0.552851140499, 0.796449422836, 0.902458131313, 0.829975962639]]
    }
},
"rhythm": {
    "beats_loudness": {
        "kurt": -0.3925344944,
        "max": 0.00952097401023,
        "mean": 0.00493208598346,
        "median": 0.00515672052279,
        "min": 0.000410363078117,
        "skew": 0.10562863946,
        "var": 6.27782537777e-06
    },
    "bpm": 130.524337769,
    "confidence": 0,
    "first_peak_bpm": {
        "kurt": 0,
        "max": 129,
        "mean": 129,
        "median": 129,
        "min": 129,
        "skew": 0,
        "var": 0
    },
    "first_peak_spread": {
        "kurt": 0,
        "max": 0.399999976158,
        "mean": 0.399999976158,
        "median": 0.399999976158,
        "min": 0.399999976158,
        "skew": 0,
        "var": 0
    },
    "first_peak_weight": {
        "kurt": 0,
        "max": 0.600000023842,
        "mean": 0.600000023842,
        "median": 0.600000023842,
        "min": 0.600000023842,
        "skew": 0,
        "var": 0
    },
    "onset_rate": 1.46298980713,
    "second_peak_bpm": {
        "kurt": 0,
        "max": 0,
        "mean": 0,
        "median": 0,
        "min": 0,
        "skew": 0,
        "var": 0
    },
    "second_peak_spread": {
        "kurt": 0,
        "max": 0,
        "mean": 0,
        "median": 0,
        "min": 0,
        "skew": 0,
        "var": 0
    },
    "second_peak_weight": {
        "kurt": 0,
        "max": 0,
        "mean": 0,
        "median": 0,
        "min": 0,
        "skew": 0,
        "var": 0
    },
    "beats_loudness_band_ratio": {
        "kurt": [-0.617441892624, 0.55895280838, 0.730837345123, 4.92547893524, -0.305418252945, 0.163411140442],
        "max": [0.101567097008, 0.1305578053, 0.816392362118, 0.839425504208, 0.638943135738, 0.0744630023837],
        "mean": [0.0578031204641, 0.081531226635, 0.33329975605, 0.204459384084, 0.309317320585, 0.0303739495575],
        "median": [0.0588607788086, 0.0863347277045, 0.367222994566, 0.129387289286, 0.296101212502, 0.0302356723696],
        "min": [0.00706531805918, 0.00679768109694, 0.0415367931128, 0.0709301754832, 0.0189384892583, 0.00306611671112],
        "skew": [-0.510063946247, -0.89411085844, 0.848854184151, 2.52027988434, 0.230174347758, 0.738660693169],
        "var": [0.000833282771055, 0.00100767810363, 0.0399727374315, 0.0432853884995, 0.0336036533117, 0.000378485128749],
        "cov": [[0.000916611053981, 0.000354974006768, -4.5459903049e-05, -0.00348435714841, 0.00209928560071, 0.000328769354383], [0.000354974006768, 0.00110844592564, -0.00383384223096, -0.000352202827344, 0.00255704345182, 0.000264492613496], [-4.5459903049e-05, -0.00383384223096, 0.0439700111747, -0.0207817982882, -0.0188588090241, -0.00115991965868], [-0.00348435714841, -0.000352202827344, -0.0207817982882, 0.0476139262319, -0.0228495188057, -0.000848381139804], [0.00209928560071, 0.00255704345182, -0.0188588090241, -0.0228495188057, 0.0369640178978, 0.00117211823817], [0.000328769354383, 0.000264492613496, -0.00115991965868, -0.000848381139804, 0.00117211823817, 0.000416333641624]]
    },
    "beats_position": [0.441179126501, 0.893968224525, 1.34675729275, 1.8111563921, 2.27555561066, 2.73995471001, 3.20435357094, 3.65714287758, 4.12154197693, 4.57433080673, 5.0387301445],
    "bpm_estimates": [132.512023926, 132.512039185, 129.19921875, 129.199188232, 129.19921875, 129.199279785, 132.511962891, 129.19921875, 132.51210022, 129.199157715],
    "bpm_intervals": [0.452789098024, 0.452789068222, 0.46439909935, 0.464399218559, 0.46439909935, 0.464398860931, 0.452789306641, 0.46439909935, 0.452788829803, 0.464399337769],
    "onset_times": [0.0348299331963, 0.139319732785, 0.301859408617, 0.371519267559, 1.369977355, 3.81968259811, 4.42340135574, 4.57433128357],
    "histogram": [[0, 0, 0, 0, 0, 0, 0, 0, 0, 0, 0, 0, 0, 0, 0, 0, 0, 0, 0, 0, 0, 0, 0, 0, 0, 0, 0, 0, 0, 0, 0, 0, 0, 0, 0, 0, 0, 0, 0, 0, 0, 0, 0, 0, 0, 0, 0, 0, 0, 0, 0, 0, 0, 0, 0, 0, 0, 0, 0, 0, 0, 0, 0, 0, 0, 0, 0, 0, 0, 0, 0, 0, 0, 0, 0, 0, 0, 0, 0, 0, 0, 0, 0, 0, 0, 0, 0, 0, 0, 0, 0, 0, 0, 0, 0, 0, 0, 0, 0, 0, 0, 0, 0, 0, 0, 0, 0, 0, 0, 0, 0, 0, 0, 0, 0, 0, 0, 0, 0, 0, 0, 0, 0, 0, 0, 0, 0, 0, 0, 0.600000023842, 0, 0, 0, 0.40000000596, 0, 0, 0, 0, 0, 0, 0, 0, 0, 0, 0, 0, 0, 0, 0, 0, 0, 0, 0, 0, 0, 0, 0, 0, 0, 0, 0, 0, 0, 0, 0, 0, 0, 0, 0, 0, 0, 0, 0, 0, 0, 0, 0, 0, 0, 0, 0, 0, 0, 0, 0, 0, 0, 0, 0, 0, 0, 0, 0, 0, 0, 0, 0, 0, 0, 0, 0, 0, 0, 0, 0, 0, 0, 0, 0, 0, 0, 0, 0, 0, 0, 0, 0, 0, 0, 0, 0, 0, 0, 0, 0, 0, 0, 0, 0, 0, 0, 0, 0, 0, 0, 0, 0, 0, 0, 0, 0, 0, 0, 0, 0, 0, 0, 0, 0, 0]]
},
"sfx": {
    "inharmonicity": {
        "kurt": 7.23148345947,
        "max": 0.418650329113,
        "mean": 0.038431096822,
        "median": 0.00138601567596,
        "min": 0,
        "skew": 2.60228776932,
        "var": 0.0050769126974
    },
    "oddtoevenharmonicenergyratio": {
        "kurt": 95.2288818359,
        "max": 24.8025074005,
        "mean": 0.500087738037,
        "median": 0.0103899175301,
        "min": 0,
        "skew": 8.8167514801,
        "var": 3.97217321396
    },
    "pitch_after_max_to_before_max_energy_ratio": 0.0106166610494,
    "pitch_centroid": 98.0131988525,
    "pitch_max_to_total": 0.995780587196,
    "pitch_min_to_total": 0.911392390728,
    "tristimulus": {
        "kurt": [-1.31684064865, 1.1319437027, -0.0919749736786],
        "max": [1, 0.833011507988, 0.756330430508],
        "mean": [0.688567459583, 0.160739526153, 0.150693073869],
        "median": [0.778202652931, 0.120213203132, 0.00754833966494],
        "min": [0, 0, 0],
        "skew": [-0.433581769466, 1.29224514961, 1.0778721571],
        "var": [0.106306523085, 0.0375693887472, 0.0396899618208],
        "cov": [[0.106756977737, -0.0523136518896, -0.0544432140887], [-0.0523136518896, 0.0377285815775, 0.014585099183], [-0.0544432140887, 0.014585099183, 0.0398581400514]]
    }
},
"tonal": {
    "chords_changes_rate": 0.0756302550435,
    "chords_number_rate": 0.0420168079436,
    "chords_strength": {
        "kurt": -1.09751486778,
        "max": 0.57729268074,
        "mean": 0.491670787334,
        "median": 0.482984036207,
        "min": 0.394256860018,
        "skew": 0.0376780889928,
        "var": 0.00215455982834
    },
    "key_strength": 0.57082349062,
    "tuning_diatonic_strength": 0.525138378143,
    "tuning_equal_tempered_deviation": 0.222905680537,
    "tuning_frequency": 433.691802979,
    "tuning_nontempered_energy_ratio": 0.837867379189,
    "hpcp": {
        "kurt": [1.34677505493, 2.61022472382, -0.141177654266, -0.957298517227, -0.112682819366, 1.50141572952, 6.22340011597, 6.42250537872, 13.8286571503, 5.11960029602, 22.368850708, 44.2867088318, 5.64610099792, 14.9788570404, 2.02131605148, 0.648136377335, 0.145113945007, 12.6404237747, 5.66934776306, 31.2858886719, 27.7635669708, 17.2738990784, 4.44251489639, 2.1677646637, 1.38035392761, -0.622212409973, -1.57060611248, -1.36756050587, -0.441582918167, -0.0393161773682, 0.346393823624, 0.193353891373, 2.43026590347, 8.42040252686, 6.65642929077, 0.335301399231],
        "max": [1, 1, 1, 1, 1, 1, 1, 0.585767090321, 0.523763716221, 0.609315097332, 1, 0.755685567856, 0.401412248611, 0.583967626095, 0.807433247566, 1, 0.519641637802, 0.480182766914, 0.279813379049, 0.711340487003, 1, 0.803621649742, 1, 1, 1, 1, 1, 1, 1, 1, 1, 0.59941381216, 0.233152762055, 0.613652646542, 1, 1],
        "mean": [0.232280284166, 0.196770384908, 0.295088708401, 0.377299010754, 0.3428132236, 0.254244148731, 0.166153773665, 0.104697450995, 0.0754895284772, 0.135248556733, 0.138935312629, 0.0688093304634, 0.0760238915682, 0.0888157710433, 0.195769250393, 0.289773225784, 0.178243890405, 0.0732926875353, 0.0549530647695, 0.0541826337576, 0.0652526989579, 0.0794082134962, 0.174535304308, 0.256879270077, 0.240332126617, 0.349107772112, 0.525063335896, 0.519543230534, 0.430494040251, 0.40140029788, 0.367227733135, 0.206340298057, 0.0617836900055, 0.0786455273628, 0.17956148088, 0.265543550253],
