{
"metadata": {
    "version": {
        "essentia": "2.1-beta3"
    }
},
"lowLevel": {
    "average_loudness": 0.977711319923,
    "barkbands_kurtosis": {
        "kurt": 73.2852706909,
        "max": 105.92150116,
        "mean": 3.77517437935,
        "median": 2.29989337921,
        "min": -1.83332467079,
        "skew": 7.13218688965,
        "var": 72.142364502
    },
    "barkbands_skewness": {
        "kurt": 3.0029759407,
        "max": 1.25055491924,
        "mean": -1.68323659897,
        "median": -1.77632880211,
        "min": -8.57236671448,
        "skew": -0.565570890903,
        "var": 1.62394368649
    },
    "barkbands_spread": {
        "kurt": 1.29084014893,
        "max": 44.2066688538,
        "mean": 14.6320695877,
        "median": 12.701634407,
        "min": 0.846902966499,
        "skew": 1.08292162418,
        "var": 61.3855171204
    },
    "dissonance": {
        "kurt": 4.40995454788,
        "max": 0.499999970198,
        "mean": 0.486967593431,
        "median": 0.490867704153,
        "min": 0.418728739023,
        "skew": -1.75699090958,
        "var": 0.000139398849569
    },
    "hfc": {
        "kurt": 4.97624540329,
        "max": 40.5985565186,
        "mean": 4.65869665146,
        "median": 1.31715250015,
        "min": 1.45813572772e-07,
        "skew": 1.96011781693,
        "var": 41.3908996582
    },
    "pitch": {
        "kurt": 3.28271579742,
        "max": 4146.43603516,
        "mean": 2862.72753906,
        "median": 3153.48925781,
        "min": 197.850982666,
        "skew": -2.22087693214,
        "var": 718563.625
    },
    "pitch_instantaneous_confidence": {
        "kurt": 0.289727210999,
        "max": 0.955334484577,
        "mean": 0.685971021652,
        "median": 0.73330116272,
        "min": 0.218779921532,
        "skew": -1.03964173794,
        "var": 0.0276791695505
    },
    "pitch_salience": {
        "kurt": 3.47581624985,
        "max": 0.854772746563,
        "mean": 0.691518306732,
        "median": 0.694088757038,
        "min": 0.369842022657,
        "skew": -1.23582422733,
        "var": 0.00543972663581
    },
    "silence_rate_20dB": {
        "kurt": 0,
        "max": 1,
        "mean": 1,
        "median": 1,
        "min": 1,
        "skew": 0,
        "var": 0
    },
    "silence_rate_30dB": {
        "kurt": 0,
        "max": 1,
        "mean": 1,
        "median": 1,
        "min": 1,
        "skew": 0,
        "var": 0
    },
    "silence_rate_60dB": {
        "kurt": -0.21425652504,
        "max": 1,
        "mean": 0.777777791023,
        "median": 1,
        "min": 0,
        "skew": -1.33630549908,
        "var": 0.172838956118
    },
    "spectral_centroid": {
        "kurt": 2.55361795425,
        "max": 3280.65454102,
        "mean": 2647.04125977,
        "median": 2824.85888672,
        "min": 884.19128418,
        "skew": -1.79247045517,
        "var": 219985.4375
    },
    "spectral_complexity": {
        "kurt": -0.694227933884,
        "max": 23,
        "mean": 5.09090900421,
        "median": 2,
        "min": 0,
        "skew": 0.758960366249,
        "var": 34.4731903076
    },
    "spectral_crest": {
        "kurt": 0.976108789444,
        "max": 24.5570240021,
        "mean": 11.9153995514,
        "median": 11.890376091,
        "min": 3.48419857025,
        "skew": 0.518827438354,
        "var": 13.8820180893
    },
    "spectral_decrease": {
        "kurt": 3.88331508636,
        "max": -1.00163184569e-17,
        "mean": -3.22467497149e-10,
        "median": -8.76135622385e-11,
        "min": -2.61397903323e-09,
        "skew": -1.77618801594,
        "var": 1.89996407367e-19
    },
    "spectral_energy": {
        "kurt": 4.15519714355,
        "max": 0.0135481804609,
        "mean": 0.00163962529041,
        "median": 0.000447101745522,
        "min": 5.10296423173e-11,
        "skew": 1.82226848602,
        "var": 4.96184975418e-06
    },
    "spectral_energyband_high": {
        "kurt": 4.20786476135,
        "max": 0.000654911622405,
        "mean": 8.62950546434e-05,
        "median": 1.27627808979e-05,
        "min": 1.16004003278e-11,
        "skew": 2.08924198151,
        "var": 1.90494393593e-08
    },
    "spectral_energyband_low": {
        "kurt": 43.9556350708,
        "max": 5.07721324539e-06,
        "mean": 2.10500260778e-07,
        "median": 3.35222694048e-08,
        "min": 1.24868149674e-12,
        "skew": 5.89075803757,
        "var": 2.67467282046e-13
    },
    "spectral_energyband_middle_high": {
        "kurt": 5.33907604218,
        "max": 0.0122747896239,
        "mean": 0.0013800059678,
        "median": 0.000399605720304,
        "min": 2.58280306864e-11,
        "skew": 2.00376081467,
        "var": 3.63202047993e-06
    },
    "spectral_energyband_middle_low": {
        "kurt": 0.725067615509,
        "max": 0.00105210090987,
        "mean": 0.000179197915713,
        "median": 3.49212277797e-05,
        "min": 1.32995029919e-11,
        "skew": 1.31801366806,
        "var": 5.98495759618e-08
    },
    "spectral_flatness_db": {
        "kurt": 1.22435092926,
        "max": 0.459911644459,
        "mean": 0.268031448126,
        "median": 0.284088939428,
        "min": 0.0548783354461,
        "skew": -1.04801011086,
        "var": 0.00482229981571
    },
    "spectral_flux": {
        "kurt": -0.77859544754,
        "max": 0.0737485811114,
        "mean": 0.0201457571238,
        "median": 0.0148739600554,
        "min": 8.16608826426e-06,
        "skew": 0.566250741482,
        "var": 0.000353876530426
    },
    "spectral_kurtosis": {
        "kurt": 2.10669183731,
        "max": 18.9709014893,
        "mean": 5.60491800308,
        "median": 5.02271556854,
        "min": 0.852436065674,
        "skew": 1.24364793301,
        "var": 9.07346725464
    },
    "spectral_rms": {
        "kurt": -0.771370649338,
        "max": 0.00363562069833,
        "mean": 0.000911909737624,
        "median": 0.000660452002194,
        "min": 2.23125553589e-07,
        "skew": 0.587787747383,
        "var": 7.68055599565e-07
    },
    "spectral_rolloff": {
        "kurt": 11.847946167,
        "max": 5577.09960938,
        "mean": 3402.53588867,
        "median": 3359.1796875,
        "min": 1313.52539062,
        "skew": 1.72435843945,
        "var": 137823.390625
    },
    "spectral_skewness": {
        "kurt": 1.38702821732,
        "max": 2.62791728973,
        "mean": 1.28665792942,
        "median": 1.22110378742,
        "min": 0.581519067287,
        "skew": 1.02643167973,
        "var": 0.110103823245
    },
    "spectral_spread": {
        "kurt": 5.57392311096,
        "max": 11619811,
        "mean": 3475411.25,
        "median": 2787862.75,
        "min": 1195658.875,
        "skew": 2.58041000366,
        "var": 4.29540796006e+12
    },
    "spectral_strongpeak": {
        "kurt": 5.10590934753,
        "max": 6.69822072983,
        "mean": 0.821084916592,
        "median": 0.465926915407,
        "min": 9.96178278001e-06,
        "skew": 1.73155200481,
        "var": 0.901307284832
    },
    "zerocrossingrate": {
        "kurt": 39.6921615601,
        "max": 0.35986328125,
        "mean": 0.129616484046,
        "median": 0.13427734375,
        "min": 0.04296875,
        "skew": 2.92098402977,
        "var": 0.000487885903567
    },
    "barkbands": {
        "kurt": [17.0656776428, 10.0040130615, 56.8551483154, 20.1010150909, 20.6698360443, 9.799243927, 17.0855064392, 5.19873332977, 1.54823064804, 10.5884580612, 8.95951271057, 33.0380897522, 20.3493671417, 47.7514266968, 3.53058671951, 7.62094593048, 9.08016490936, 6.50658035278, 9.17858314514, 11.1090450287, 4.57654571533, 6.10929298401, 5.98839092255, 6.67770671844, 7.85462856293, 18.1842708588, 18.2172355652],
        "max": [7.30631888324e-10, 7.40193897286e-08, 3.75409490516e-06, 5.99043141847e-06, 9.26481588976e-05, 0.000267474853899, 5.19166496815e-05, 0.000163696808158, 0.000850388780236, 0.00019163658726, 0.000176291083335, 0.000204745505471, 0.000191420491319, 0.000107859101263, 5.64809197385e-05, 0.000960660225246, 0.000233116152231, 0.0065884385258, 0.00461875507608, 0.00106117653195, 0.000374093360733, 0.000176226749318, 7.40176983527e-06, 5.4158272178e-06, 1.32715138079e-06, 1.19611043292e-09, 1.22104593103e-09],
        "mean": [4.60625149135e-11, 4.70625982629e-09, 9.91352564483e-08, 3.26252262539e-07, 4.68584130431e-06, 1.99488786166e-05, 3.41683312399e-06, 1.61223124451e-05, 0.000126272832858, 1.67058788065e-05, 1.60877261806e-05, 1.02355552372e-05, 1.13372771011e-05, 3.84818667953e-06, 7.34070590624e-06, 7.72554121795e-05, 1.91590261238e-05, 0.00069115916267, 0.000455412256997, 9.83649370028e-05, 4.13119305449e-05, 1.91360304598e-05, 7.58202418183e-07, 4.95702295211e-07, 1.41018603017e-07, 6.28215743315e-11, 6.31902030701e-11],
        "median": [5.43302295514e-12, 4.44115647036e-11, 3.32126792735e-09, 3.74917590307e-08, 2.73229261438e-07, 2.16324292523e-06, 8.17392049157e-07, 4.05114997193e-06, 1.77459478437e-05, 4.24516156272e-06, 5.07739423483e-06, 2.04527509595e-06, 1.71377007518e-06, 4.80357300603e-07, 7.22147774468e-07, 3.77730975742e-06, 1.67035409504e-06, 0.000194189837202, 0.000161763484357, 2.48287833529e-05, 5.89163346376e-06, 1.6346615439e-06, 7.45231574228e-08, 5.4285639095e-08, 2.93662107964e-08, 3.11737441416e-12, 2.07136868421e-12],
        "min": [1.02677587976e-14, 8.68006906044e-14, 1.27977896293e-13, 3.97819797937e-13, 1.42698765131e-12, 7.5291276035e-13, 7.02629035683e-13, 2.79625064423e-13, 3.52929512872e-12, 1.99394767733e-13, 2.85733719671e-12, 1.3021002462e-12, 4.57717360108e-13, 9.84416744627e-14, 7.98136676108e-13, 1.46166639989e-12, 1.52280033201e-12, 2.89839940243e-12, 7.13157701296e-12, 8.81647359285e-12, 2.08234211124e-12, 2.92744843124e-12, 1.18592635712e-12, 7.22109492427e-13, 1.34024345441e-12, 7.26343423883e-14, 2.72009871462e-15],
        "skew": [3.32454323769, 3.11642408371, 7.16452121735, 3.89328145981, 4.45173978806, 3.082934618, 3.44368457794, 2.29921007156, 1.57413387299, 2.78163003922, 2.2378718853, 4.96864461899, 4.2431845665, 5.89317846298, 1.93227052689, 2.4090192318, 2.66287946701, 2.15915203094, 2.58840417862, 2.97985291481, 2.16620588303, 2.42967438698, 2.40996956825, 2.20077466965, 2.51563358307, 3.87075328827, 3.88867235184],
        "var": [7.04019235458e-21, 1.35953790823e-16, 1.48829638392e-13, 4.86624792111e-13, 1.94411986509e-10, 1.97017979708e-09, 3.85355532206e-11, 7.58783758048e-10, 3.57299967391e-08, 7.0304662092e-10, 4.92074214709e-10, 4.72332895018e-10, 6.70921374013e-10, 9.53336923293e-11, 1.35582517435e-10, 1.82173884866e-08, 1.11639719691e-09, 9.6500195923e-07, 4.57519263364e-07, 2.61962096459e-08, 4.65409621953e-09, 1.13521281264e-09, 1.74372343821e-12, 5.95296815314e-13, 4.93736047056e-14, 2.2685331364e-20, 2.39057264979e-20],
        "cov": [[7.06397702836e-21, 1.71006796195e-19, 3.09539277703e-18, 4.01534769234e-18, 2.39044979693e-16, 1.28604980618e-15, 1.20751058197e-16, 4.97049521361e-16, 6.35562743994e-15, 6.36022322896e-16, 6.60995183521e-16, 4.40112972498e-16, 4.39966806375e-16, 1.86099729487e-16, 2.55181857311e-16, 3.38847864901e-15, 7.74208919037e-16, 3.10096288654e-14, 1.73431690016e-14, 4.67266911199e-15, 1.61187659357e-15, 7.77838137579e-16, 2.88474010846e-17, 2.40256395626e-17, 6.2385184249e-18, 1.95831657679e-21, 1.94616170698e-21], [1.71006796195e-19, 1.36413094438e-16, 2.54057474013e-15, -1.28833128942e-16, -2.94181890592e-15, 2.46274761652e-13, 1.39355732425e-14, 9.74703987227e-14, 1.17780102078e-12, 1.52882359008e-13, 1.44991738884e-13, 1.37644141419e-13, 2.05375904542e-13, 6.6695225189e-14, 8.92972151843e-14, 9.06807777739e-13, 2.72732276216e-13, 7.59572786613e-12, 5.18832372898e-12, 1.21445908885e-12, 5.77003072058e-13, 2.63469503376e-13, 1.10441864665e-14, 6.59065705995e-15, 1.88169978595e-15, 6.0038268124e-19, 6.08542145898e-19], [3.09539277703e-18, 2.54057474013e-15, 1.49332437149e-13, 3.56635158688e-14, -2.04986947013e-13, 6.2274113817e-12, 5.4358188957e-13, 6.77123450626e-13, 2.44551566497e-11, 4.24225932161e-12, 2.61289861275e-12, 6.14682263422e-12, 6.00276816101e-12, 2.83708408329e-12, 2.46773478388e-12, 2.11998023303e-11, 6.18627501656e-12, 1.85110052286e-10, 1.45656237072e-10, 4.40712605299e-11, 1.39121101791e-11, 5.4294511595e-12, 2.95995324605e-13, 1.81143240598e-13, 4.55808080082e-14, 9.70978765574e-18, 9.65844455512e-18], [4.01534769234e-18, -1.28833128942e-16, 3.56635158688e-14, 4.88268822076e-13, 8.1178710672e-13, 2.20444561043e-12, 7.93133950443e-13, 4.26672065734e-12, 1.07597637397e-11, 2.03137810392e-12, 2.97242070367e-12, 1.89361243699e-12, 1.00279214186e-12, 7.0153480464e-13, 6.08578617188e-13, 6.42462645584e-12, 1.53744746968e-12, 1.18071885602e-10, 9.31919402758e-11, 1.49740324307e-11, 4.3261687635e-12, 1.67186891501e-12, 7.22419628459e-14, 6.72421848562e-14, 1.83263862121e-14, 1.30817612987e-17, 1.32444329836e-17], [2.39044979693e-16, -2.94181890592e-15, -2.04986947013e-13, 8.1178710672e-13, 1.95068794451e-10, -4.51591541939e-11, 5.17577161685e-11, 3.70762309743e-11, 9.28896237706e-10, 7.72938796301e-11, 9.13832828853e-11, 3.1409593676e-11, 2.72993468109e-11, 1.41211591032e-11, 4.27307564332e-11, 6.89538370846e-10, 1.7822236742e-10, 3.19527315717e-09, 2.24454366204e-09, 3.56626284059e-10, 3.16659476418e-10, 1.31786928592e-10, 3.73189933817e-12, 2.56176134993e-12, 7.65784625382e-13, 3.45442508733e-16, 3.49980461278e-16], [1.28604980618e-15, 2.46274761652e-13, 6.2274113817e-12, 2.20444561043e-12, -4.51591541939e-11, 1.97683580616e-09, 3.69059886818e-11, 1.81719778114e-10, 4.48958159538e-09, 4.10323441891e-10, 4.16765344458e-10, 3.72102210155e-10, 5.8823684812e-10, 1.6077569831e-10, 2.28127475244e-10, 2.39103870037e-09, 5.13507791844e-10, 2.29643930538e-08, 1.4114743152e-08, 3.86875731451e-09, 1.44797385193e-09, 6.96880220197e-10, 2.98649854846e-11, 1.96452368262e-11, 5.34007126712e-12, 2.01053730888e-15, 2.03343345647e-15], [1.20751058197e-16, 1.39355732425e-14, 5.4358188957e-13, 7.93133950443e-13, 5.17577161685e-11, 3.69059886818e-11, 3.86657407481e-11, 5.01035983536e-11, 7.23737791919e-10, 5.90929874478e-11, 6.2280861024e-11, 4.48739240211e-11, 4.83737598589e-11, 1.84132431524e-11, 3.59400391392e-11, 4.30669222506e-10, 1.11711563611e-10, 2.77485723288e-09, 2.01795025134e-09, 4.19331208645e-10, 2.10352193997e-10, 9.79767239562e-11, 3.44025415794e-12, 2.39707646094e-12, 6.51384545261e-13, 2.49339976953e-16, 2.52145297134e-16], [4.97049521361e-16, 9.74703987227e-14, 6.77123450626e-13, 4.26672065734e-12, 3.70762309743e-11, 1.81719778114e-10, 5.01035983536e-11, 7.61347207501e-10, 2.06053618612e-09, 3.1097288633e-10, 2.75080347389e-10, 1.48026257918e-10, 1.53127649449e-10, 4.52208687163e-11, 1.3083126249e-10, 1.35296807091e-09, 3.05294872716e-10, 1.23470336177e-08, 6.92055790452e-09, 1.32449240464e-09, 6.47911058138e-10, 3.11205561321e-10, 1.24296579973e-11, 8.26150519523e-12, 2.41821862014e-12, 8.18312230535e-16, 8.21604382903e-16], [6.35562743994e-15, 1.17780102078e-12, 2.44551566497e-11, 1.07597637397e-11, 9.28896237706e-10, 4.48958159538e-09, 7.23737791919e-10, 2.06053618612e-09, 3.5850703739e-08, 2.7594821983e-09, 3.06861291932e-09, 2.38756858728e-09, 3.14339643204e-09, 9.80848513521e-10, 1.54496393456e-09, 1.77957240055e-08, 4.37237446249e-09, 1.41357105576e-07, 9.19403433386e-08, 2.05583496893e-08, 9.27854237887e-09, 4.6484052163e-09, 1.82772061375e-10, 1.15378241683e-10, 3.20990040104e-11, 1.42025182169e-14, 1.43690652232e-14], [6.36022322896e-16, 1.52882359008e-13, 4.24225932161e-12, 2.03137810392e-12, 7.72938796301e-11, 4.10323441891e-10, 5.90929874478e-11, 3.1097288633e-10, 2.7594821983e-09, 7.05421776548e-10, 3.32087635169e-10, 2.76371536767e-10, 3.20549059518e-10, 1.15749486385e-10, 2.25200524895e-10, 2.13711803809e-09, 5.57016155422e-10, 1.53585251184e-08, 1.04228305986e-08, 2.87100276886e-09, 1.13109566158e-09, 4.91694129856e-10, 2.11360928759e-11, 1.33639072031e-11, 3.45420437045e-12, 1.45576948018e-15, 1.46664241861e-15], [6.60995183521e-16, 1.44991738884e-13, 2.61289861275e-12, 2.97242070367e-12, 9.13832828853e-11, 4.16765344458e-10, 6.2280861024e-11, 2.75080347389e-10, 3.06861291932e-09, 3.32087635169e-10, 4.93736607154e-10, 2.48512016521e-10, 3.28929550264e-10, 9.234608217e-11, 1.75193248797e-10, 1.80310766318e-09, 4.77355599493e-10, 1.48481875684e-08, 1.02839967653e-08, 2.19061568885e-09, 1.02453578954e-09, 4.94198904022e-10, 1.84255891794e-11, 1.20244916454e-11, 3.46558892694e-12, 1.40485792961e-15, 1.41751641349e-15], [4.40112972498e-16, 1.37644141419e-13, 6.14682263422e-12, 1.89361243699e-12, 3.1409593676e-11, 3.72102210155e-10, 4.48739240211e-11, 1.48026257918e-10, 2.38756858728e-09, 2.76371536767e-10, 2.48512016521e-10, 4.73928618572e-10, 4.1738193457e-10, 1.68178221349e-10, 1.76586009704e-10, 1.73939251891e-09, 4.10210254653e-10, 1.33584583395e-08, 9.18553944018e-09, 2.60169308319e-09, 1.06348241324e-09, 4.54119908344e-10, 2.13186725218e-11, 1.26142143606e-11, 3.36565042329e-12, 1.23344969543e-15, 1.24637785342e-15], [4.39966806375e-16, 2.05375904542e-13, 6.00276816101e-12, 1.00279214186e-12, 2.72993468109e-11, 5.8823684812e-10, 4.83737598589e-11, 1.53127649449e-10, 3.14339643204e-09, 3.20549059518e-10, 3.28929550264e-10, 4.1738193457e-10, 6.7318800534e-10, 1.78669634643e-10, 2.0366487663e-10, 2.23604557092e-09, 5.43999956193e-10, 1.71654370718e-08, 1.25314398858e-08, 2.90169377415e-09, 1.27444543807e-09, 6.24209739453e-10, 2.60480803593e-11, 1.45869861329e-11, 4.2474869108e-12, 1.87102526499e-15, 1.88915113479e-15], [1.86099729487e-16, 6.6695225189e-14, 2.83708408329e-12, 7.0153480464e-13, 1.41211591032e-11, 1.6077569831e-10, 1.84132431524e-11, 4.52208687163e-11, 9.80848513521e-10, 1.15749486385e-10, 9.234608217e-11, 1.68178221349e-10, 1.78669634643e-10, 9.56557680287e-11, 7.22848864099e-11, 8.20299106419e-10, 1.81927320431e-10, 6.35970653917e-09, 4.5228314427e-09, 1.19654408604e-09, 4.56516324743e-10, 2.11513612181e-10, 9.65880760789e-12, 5.95996429292e-12, 1.55709581513e-12, 3.69069381066e-16, 3.68131450896e-16], [2.55181857311e-16, 8.92972151843e-14, 2.46773478388e-12, 6.08578617188e-13, 4.27307564332e-11, 2.28127475244e-10, 3.59400391392e-11, 1.3083126249e-10, 1.54496393456e-09, 2.25200524895e-10, 1.75193248797e-10, 1.76586009704e-10, 2.0366487663e-10, 7.22848864099e-11, 1.360405677e-10, 1.30896915529e-09, 2.9667424073e-10, 8.83259509976e-09, 5.98981131361e-09, 1.49270984462e-09, 6.90770662892e-10, 3.19988785469e-10, 1.31587379881e-11, 7.67562229054e-12, 2.1398612049e-12, 7.99563368006e-16, 8.1058316077e-16], [3.38847864901e-15, 9.06807777739e-13, 2.11998023303e-11, 6.42462645584e-12, 6.89538370846e-10, 2.39103870037e-09, 4.30669222506e-10, 1.35296807091e-09, 1.77957240055e-08, 2.13711803809e-09, 1.80310766318e-09, 1.73939251891e-09, 2.23604557092e-09, 8.20299106419e-10, 1.30896915529e-09, 1.8278933922e-08, 3.3355596063e-09, 9.6627786661e-08, 6.28520666623e-08, 1.67935088058e-08, 7.96349652887e-09, 4.12639078462e-09, 1.4719735153e-10, 8.50001458108e-11, 2.39716996253e-11, 7.80274299626e-15, 7.82256356723e-15], [7.74208919037e-16, 2.72732276216e-13, 6.18627501656e-12, 1.53744746968e-12, 1.7822236742e-10, 5.13507791844e-10, 1.11711563611e-10, 3.05294872716e-10, 4.37237446249e-09, 5.57016155422e-10, 4.77355599493e-10, 4.10210254653e-10, 5.43999956193e-10, 1.81927320431e-10, 2.9667424073e-10, 3.3355596063e-09, 1.12016884657e-09, 2.30711538762e-08, 1.54687604947e-08, 3.87851306627e-09, 1.80337533795e-09, 8.69122052105e-10, 3.21682819271e-11, 1.95637187006e-11, 5.51079060856e-12, 1.94079473358e-15, 1.94900036526e-15], [3.10096288654e-14, 7.59572786613e-12, 1.85110052286e-10, 1.18071885602e-10, 3.19527315717e-09, 2.29643930538e-08, 2.77485723288e-09, 1.23470336177e-08, 1.41357105576e-07, 1.53585251184e-08, 1.48481875684e-08, 1.33584583395e-08, 1.71654370718e-08, 6.35970653917e-09, 8.83259509976e-09, 9.6627786661e-08, 2.30711538762e-08, 9.68262156675e-07, 5.6986675645e-07, 1.20420821759e-07, 5.10882784965e-08, 2.62612811497e-08, 1.01742536618e-09, 6.47520370656e-10, 1.98273897301e-10, 7.23981963789e-14, 7.31306562616e-14], [1.73431690016e-14, 5.18832372898e-12, 1.45656237072e-10, 9.31919402758e-11, 2.24454366204e-09, 1.4114743152e-08, 2.01795025134e-09, 6.92055790452e-09, 9.19403433386e-08, 1.04228305986e-08, 1.02839967653e-08, 9.18553944018e-09, 1.25314398858e-08, 4.5228314427e-09, 5.98981131361e-09, 6.28520666623e-08, 1.54687604947e-08, 5.6986675645e-07, 4.59064949609e-07, 8.72906298355e-08, 3.50424080864e-08, 1.72521978925e-08, 6.87530310461e-10, 4.4190415216e-10, 1.3286632905e-10, 4.66677613437e-14, 4.72412737997e-14], [4.67266911199e-15, 1.21445908885e-12, 4.40712605299e-11, 1.49740324307e-11, 3.56626284059e-10, 3.86875731451e-09, 4.19331208645e-10, 1.32449240464e-09, 2.05583496893e-08, 2.87100276886e-09, 2.19061568885e-09, 2.60169308319e-09, 2.90169377415e-09, 1.19654408604e-09, 1.49270984462e-09, 1.67935088058e-08, 3.87851306627e-09, 1.20420821759e-07, 8.72906298355e-08, 2.628470952e-08, 8.81087469651e-09, 4.20809387336e-09, 1.70904318475e-10, 1.05239574e-10, 2.95524958671e-11, 8.59450619668e-15, 8.60200328529e-15], [1.61187659357e-15, 5.77003072058e-13, 1.39121101791e-11, 4.3261687635e-12, 3.16659476418e-10, 1.44797385193e-09, 2.10352193997e-10, 6.47911058138e-10, 9.27854237887e-09, 1.13109566158e-09, 1.02453578954e-09, 1.06348241324e-09, 1.27444543807e-09, 4.56516324743e-10, 6.90770662892e-10, 7.96349652887e-09, 1.80337533795e-09, 5.10882784965e-08, 3.50424080864e-08, 8.81087469651e-09, 4.669819198e-09, 2.11187023424e-09, 7.99963775777e-11, 4.62811212965e-11, 1.3432283931e-11, 4.2395358498e-15, 4.27297501649e-15], [7.77838137579e-16, 2.63469503376e-13, 5.4294511595e-12, 1.67186891501e-12, 1.31786928592e-10, 6.96880220197e-10, 9.79767239562e-11, 3.11205561321e-10, 4.6484052163e-09, 4.91694129856e-10, 4.94198904022e-10, 4.54119908344e-10, 6.24209739453e-10, 2.11513612181e-10, 3.19988785469e-10, 4.12639078462e-09, 8.69122052105e-10, 2.62612811497e-08, 1.72521978925e-08, 4.20809387336e-09, 2.11187023424e-09, 1.13904796706e-09, 3.75035592859e-11, 2.19180819327e-11, 6.70525267255e-12, 2.24083540284e-15, 2.25448745637e-15], [2.88474010846e-17, 1.10441864665e-14, 2.95995324605e-13, 7.22419628459e-14, 3.73189933817e-12, 2.98649854846e-11, 3.44025415794e-12, 1.24296579973e-11, 1.82772061375e-10, 2.11360928759e-11, 1.84255891794e-11, 2.13186725218e-11, 2.60480803593e-11, 9.65880760789e-12, 1.31587379881e-11, 1.4719735153e-10, 3.21682819271e-11, 1.01742536618e-09, 6.87530310461e-10, 1.70904318475e-10, 7.99963775777e-11, 3.75035592859e-11, 1.74961434229e-12, 9.23167250109e-13, 2.48752949662e-13, 8.78307058028e-17, 8.9035398412e-17], [2.40256395626e-17, 6.59065705995e-15, 1.81143240598e-13, 6.72421848562e-14, 2.56176134993e-12, 1.96452368262e-11, 2.39707646094e-12, 8.26150519523e-12, 1.15378241683e-10, 1.33639072031e-11, 1.20244916454e-11, 1.26142143606e-11, 1.45869861329e-11, 5.95996429292e-12, 7.67562229054e-12, 8.50001458108e-11, 1.95637187006e-11, 6.47520370656e-10, 4.4190415216e-10, 1.05239574e-10, 4.62811212965e-11, 2.19180819327e-11, 9.23167250109e-13, 5.97307956134e-13, 1.56113566085e-13, 5.06860115036e-17, 5.11760597683e-17], [6.2385184249e-18, 1.88169978595e-15, 4.55808080082e-14, 1.83263862121e-14, 7.65784625382e-13, 5.34007126712e-12, 6.51384545261e-13, 2.41821862014e-12, 3.20990040104e-11, 3.45420437045e-12, 3.46558892694e-12, 3.36565042329e-12, 4.2474869108e-12, 1.55709581513e-12, 2.1398612049e-12, 2.39716996253e-11, 5.51079060856e-12, 1.98273897301e-10, 1.3286632905e-10, 2.95524958671e-11, 1.3432283931e-11, 6.70525267255e-12, 2.48752949662e-13, 1.56113566085e-13, 4.95404092098e-14, 1.60975915017e-17, 1.62667019605e-17], [1.95831657679e-21, 6.0038268124e-19, 9.70978765574e-18, 1.30817612987e-17, 3.45442508733e-16, 2.01053730888e-15, 2.49339976953e-16, 8.18312230535e-16, 1.42025182169e-14, 1.45576948018e-15, 1.40485792961e-15, 1.23344969543e-15, 1.87102526499e-15, 3.69069381066e-16, 7.99563368006e-16, 7.80274299626e-15, 1.94079473358e-15, 7.23981963789e-14, 4.66677613437e-14, 8.59450619668e-15, 4.2395358498e-15, 2.24083540284e-15, 8.78307058028e-17, 5.06860115036e-17, 1.60975915017e-17, 2.27619699709e-20, 2.33603915232e-20], [1.94616170698e-21, 6.08542145898e-19, 9.65844455512e-18, 1.32444329836e-17, 3.49980461278e-16, 2.03343345647e-15, 2.52145297134e-16, 8.21604382903e-16, 1.43690652232e-14, 1.46664241861e-15, 1.41751641349e-15, 1.24637785342e-15, 1.88915113479e-15, 3.68131450896e-16, 8.1058316077e-16, 7.82256356723e-15, 1.94900036526e-15, 7.31306562616e-14, 4.72412737997e-14, 8.60200328529e-15, 4.27297501649e-15, 2.25448745637e-15, 8.9035398412e-17, 5.11760597683e-17, 1.62667019605e-17, 2.33603915232e-20, 2.39864880832e-20]]
    },
    "mfcc": {
        "kurt": [-1.53231704235, -0.905246973038, -1.36105465889, -1.13685142994, -1.23932492733, -0.726248502731, -0.362046003342, 0.989403486252, -0.646663427353, -0.839165687561, 0.421124219894, -0.854099035263, -0.852162361145],
        "max": [-708.234130859, 79.6361999512, 15.028503418, 53.4187049866, 7.35087585449, 2.28881835938e-05, 26.5411148071, 29.8010349274, 8.23605728149, 13.3099842072, 26.5735740662, 1.67426300049, -3.81469726562e-05],
        "mean": [-925.212463379, 35.4799804688, -67.865447998, 20.3772754669, -41.3769836426, -42.5346488953, -5.1830072403, 4.47671890259, -11.1627597809, -12.5763521194, 1.4953981638, -13.2910137177, -14.9731693268],
        "median": [-895.255554199, 41.9876060486, -90.4916229248, 24.5739631653, -55.0582122803, -50.0650749207, -1.60338973999, 3.03317642212, -12.022315979, -14.111907959, 1.07426071167, -14.4761505127, -16.5172653198],
        "min": [-1138.42004395, -8.29329299927, -127.013320923, -14.7282829285, -76.214881897, -81.3236083984, -41.2731971741, -13.4881515503, -36.0138931274, -31.9783325195, -19.0956554413, -39.6294975281, -33.579864502],
        "skew": [-0.227249458432, -0.397941559553, 0.580791532993, -0.254256248474, 0.598946332932, 0.717019617558, -0.189308360219, 0.889721155167, 0.0164837762713, 0.176019951701, 0.198585674167, 0.0254457723349, 0.247753292322],
        "var": [22538.5371094, 465.926391602, 2166.69799805, 252.209014893, 626.552307129, 521.212341309, 176.017501831, 57.4907951355, 69.9666748047, 92.4693450928, 55.973274231, 77.0607147217, 75.9734573364],
        "cov": [[22614.6816406, 2264.03833008, -6656.25878906, 1946.27111816, -3432.39135742, -2362.18139648, -1337.1307373, -284.02444458, -511.351837158, -1086.8482666, -337.489135742, -850.905273438, -923.780273438], [2264.03833008, 467.500488281, -683.977905273, 215.264068604, -435.732025146, -382.007720947, -84.611038208, -36.2479972839, -114.736457825, -158.896820068, -32.8401565552, -134.345947266, -136.094726562], [-6656.25878906, -683.977905273, 2174.01806641, -622.06439209, 1085.59387207, 845.597900391, 312.097351074, 54.1704902649, 180.07699585, 331.649017334, 41.6661071777, 247.942703247, 276.088226318], [1946.27111816, 215.264068604, -622.06439209, 253.061080933, -314.763000488, -265.18927002, -79.042930603, -21.1088676453, -70.7309417725, -111.808433533, -13.4078826904, -84.2981414795, -85.6923065186], [-3432.39135742, -435.732025146, 1085.59387207, -314.763000488, 628.669006348, 493.81539917, 159.692321777, 35.1353149414, 108.057754517, 188.384033203, 33.3335380554, 143.972412109, 156.092041016], [-2362.18139648, -382.007720947, 845.597900391, -265.18927002, 493.81539917, 522.973205566, 43.8296775818, -15.8287811279, 131.912277222, 151.95916748, -15.1538085938, 117.455551147, 129.63180542], [-1337.1307373, -84.611038208, 312.097351074, -79.042930603, 159.692321777, 43.8296775818, 176.6121521, 47.1638755798, -9.83022689819, 54.3328285217, 53.3107643127, 44.3320426941, 47.5475196838], [-284.02444458, -36.2479972839, 54.1704902649, -21.1088676453, 35.1353149414, -15.8287811279, 47.1638755798, 57.6850204468, 0.86438959837, 18.895160675, 21.9704380035, 5.90079307556, 5.52539634705], [-511.351837158, -114.736457825, 180.07699585, -70.7309417725, 108.057754517, 131.912277222, -9.83022689819, 0.86438959837, 70.2030487061, 48.2973480225, -4.09759616852, 34.44190979, 31.9108257294], [-1086.8482666, -158.896820068, 331.649017334, -111.808433533, 188.384033203, 151.95916748, 54.3328285217, 18.895160675, 48.2973480225, 92.7817382812, 23.2660255432, 51.0951309204, 56.9039878845], [-337.489135742, -32.8401565552, 41.6661071777, -13.4078826904, 33.3335380554, -15.1538085938, 53.3107643127, 21.9704380035, -4.09759616852, 23.2660255432, 56.1623725891, 25.363319397, 11.1894464493], [-850.905273438, -134.345947266, 247.942703247, -84.2981414795, 143.972412109, 117.455551147, 44.3320426941, 5.90079307556, 34.44190979, 51.0951309204, 25.363319397, 77.3210601807, 59.424079895], [-923.780273438, -136.094726562, 276.088226318, -85.6923065186, 156.092041016, 129.63180542, 47.5475196838, 5.52539634705, 31.9108257294, 56.9039878845, 11.1894464493, 59.424079895, 76.2301254272]]
    },
    "sccoeffs": {
        "kurt": [-0.607609510422, -0.159048557281, -0.355922460556, -0.265602827072, -0.151440858841, -0.338702201843],
        "max": [-0.377253055573, -0.570990741253, -0.623769342899, -0.668919324875, -0.577693521976, -0.642172276974],
        "mean": [-0.656274139881, -0.765718817711, -0.819298505783, -0.823720633984, -0.710370123386, -0.752902805805],
        "median": [-0.647658884525, -0.760885298252, -0.826537966728, -0.825257718563, -0.671391963959, -0.734092414379],
        "min": [-0.938417673111, -0.945744037628, -0.936790049076, -0.950547873974, -0.932822048664, -0.926057040691],
        "skew": [-0.192393839359, -0.196481719613, 0.391494244337, -0.0424160175025, -0.981876671314, -0.75712531805],
        "var": [0.0164209175855, 0.00548637611791, 0.00310394633561, 0.00292302714661, 0.00761473597959, 0.00525659695268],
        "cov": [[0.016476392746, 0.00431519886479, 0.00315073970705, 0.00414690701291, 0.00735026691109, 0.00658125337213], [0.00431519886479, 0.00550491083413, 0.00231512496248, 0.00255146855488, 0.0044600176625, 0.00373147870414], [0.00315073970705, 0.00231512496248, 0.00311443279497, 0.00194030511193, 0.00300644221716, 0.00269232830033], [0.00414690701291, 0.00255146855488, 0.00194030511193, 0.0029329021927, 0.00378075311892, 0.00343570043333], [0.00735026691109, 0.0044600176625, 0.00300644221716, 0.00378075311892, 0.0076404614374, 0.00577590242028], [0.00658125337213, 0.00373147870414, 0.00269232830033, 0.00343570043333, 0.00577590242028, 0.00527435587719]]
    },
    "scvalleys": {
        "kurt": [-1.26279866695, -0.0182573795319, 0.457580804825, -0.489380836487, -0.589208126068, -1.26533770561],
        "max": [-9.82651329041, -6.66989517212, -6.24153089523, -7.13207292557, -6.80773639679, -9.64886569977],
        "mean": [-12.8404788971, -9.57188606262, -8.99859142303, -10.1419010162, -9.68415164948, -12.3791418076],
        "median": [-12.8731031418, -8.44236469269, -7.96866703033, -9.30975437164, -8.73037242889, -11.6040325165],
        "min": [-15.9087867737, -15.6765165329, -15.5989685059, -16.2549667358, -15.5986948013, -16.5666751862],
        "skew": [0.0671724155545, -1.07782280445, -1.24149167538, -0.836483776569, -0.833022773266, -0.49509370327],
        "var": [2.36533856392, 6.1378159523, 6.36670684814, 6.04714536667, 5.87561750412, 4.3653755188],
        "cov": [[2.37332963943, 3.07596206665, 3.07018208504, 3.2054169178, 3.11540579796, 2.79912590981], [3.07596206665, 6.15855169296, 6.15850687027, 5.98702335358, 5.8561296463, 4.92697906494], [3.07018208504, 6.15850687027, 6.38821601868, 6.09241819382, 5.98988056183, 4.97110128403], [3.2054169178, 5.98702335358, 6.09241819382, 6.06757497787, 5.91103458405, 5.04154109955], [3.11540579796, 5.8561296463, 5.98988056183, 5.91103458405, 5.89546728134, 4.9916768074], [2.79912590981, 4.92697906494, 4.97110128403, 5.04154109955, 4.9916768074, 4.38012313843]]
    }
},
"rhythm": {
    "beats_loudness": {
        "kurt": -0.831508398056,
        "max": 0.0063611199148,
        "mean": 0.00202498119324,
        "median": 0.00148301746231,
        "min": 1.08070913996e-07,
        "skew": 0.630157709122,
        "var": 4.60423962068e-06
    },
    "bpm": 94.5572967529,
    "confidence": 3.41503763199,
    "first_peak_bpm": {
        "kurt": 0,
        "max": 94,
        "mean": 94,
        "median": 94,
        "min": 94,
        "skew": 0,
        "var": 0
    },
    "first_peak_spread": {
        "kurt": 0,
        "max": 0.444444417953,
        "mean": 0.444444417953,
        "median": 0.444444417953,
        "min": 0.444444417953,
        "skew": 0,
        "var": 0
    },
    "first_peak_weight": {
        "kurt": 0,
        "max": 0.555555582047,
        "mean": 0.555555582047,
        "median": 0.555555582047,
        "min": 0.555555582047,
        "skew": 0,
        "var": 0
    },
    "onset_rate": 1.89264142513,
    "second_peak_bpm": {
        "kurt": 0,
        "max": 0,
        "mean": 0,
        "median": 0,
        "min": 0,
        "skew": 0,
        "var": 0
    },
    "second_peak_spread": {
        "kurt": 0,
        "max": 0,
        "mean": 0,
        "median": 0,
        "min": 0,
        "skew": 0,
        "var": 0
    },
    "second_peak_weight": {
        "kurt": 0,
        "max": 0,
        "mean": 0,
        "median": 0,
        "min": 0,
        "skew": 0,
        "var": 0
    },
    "beats_loudness_band_ratio": {
        "kurt": [-1.35955047607, -0.227706193924, 1.65192270279, -1.58185052872, 0.424819946289, -1.052932024],
        "max": [0.000347932451405, 0.0535493791103, 0.298312753439, 0.0595766715705, 0.657588005066, 0.44286853075],
        "mean": [0.000140869611641, 0.0181452892721, 0.116725467145, 0.0362232364714, 0.558613836765, 0.300727754831],
        "median": [9.45929059526e-05, 0.0116342492402, 0.0980260372162, 0.0344116166234, 0.555868506432, 0.295096874237],
        "min": [6.29134910923e-06, 0.000159034272656, 0.0428946688771, 0.0169212240726, 0.495467782021, 0.175700262189],
        "skew": [0.516413986683, 0.948222756386, 1.55824244022, 0.159467071295, 0.840483665466, 0.214045628905],
        "var": [1.6023593119e-08, 0.000259101652773, 0.00495956186205, 0.000234833612922, 0.00184973457363, 0.00654818350449],
        "cov": [[1.78039911702e-08, 8.65116192017e-08, -2.09701374843e-06, -8.51350932862e-07, 4.0715744376e-07, 1.5043157191e-06], [8.65116192017e-08, 0.000287890725303, -0.000769902952015, 0.000118329320685, 0.000442815420683, -8.81922096596e-05], [-2.09701374843e-06, -0.000769902952015, 0.00551062403247, -0.000821653811727, -0.000259561144048, -0.00385749083944], [-8.51350932862e-07, 0.000118329320685, -0.000821653811727, 0.000260926230112, -6.50927831884e-05, 0.000653319933917], [4.0715744376e-07, 0.000442815420683, -0.000259561144048, -6.50927831884e-05, 0.00205526058562, -0.00276297610253], [1.5043157191e-06, -8.81922096596e-05, -0.00385749083944, 0.000653319933917, -0.00276297610253, 0.00727575924248]]
    },
    "beats_position": [0.615328788757, 1.25387752056, 1.89242625237, 2.51936507225, 3.14630389214, 3.78485250473, 4.42340135574, 5.06195020676, 5.71210861206, 6.32743740082],
    "bpm_estimates": [93.9630737305, 93.9630737305, 95.7031173706, 95.7031173706, 93.9630889893, 93.9630508423, 93.9630508423, 92.2852020264, 97.5088424683],
    "bpm_intervals": [0.638548731804, 0.638548731804, 0.626938819885, 0.626938819885, 0.638548612595, 0.638548851013, 0.638548851013, 0.650158405304, 0.615328788757],
    "onset_times": [0.0232199542224, 0.9287981987, 1.13777780533, 1.91564631462, 2.14784574509, 2.31038546562, 2.7863945961, 2.91410422325, 3.11147403717, 4.33052158356, 4.63238096237, 5.4334692955, 5.64244890213],
    "histogram": [[0, 0, 0, 0, 0, 0, 0, 0, 0, 0, 0, 0, 0, 0, 0, 0, 0, 0, 0, 0, 0, 0, 0, 0, 0, 0, 0, 0, 0, 0, 0, 0, 0, 0, 0, 0, 0, 0, 0, 0, 0, 0, 0, 0, 0, 0, 0, 0, 0, 0, 0, 0, 0, 0, 0, 0, 0, 0, 0, 0, 0, 0, 0, 0, 0, 0, 0, 0, 0, 0, 0, 0, 0, 0, 0, 0, 0, 0, 0, 0, 0, 0, 0, 0, 0, 0, 0, 0, 0, 0, 0, 0, 0.111111111939, 0, 0.555555582047, 0, 0.222222223878, 0, 0.111111111939, 0, 0, 0, 0, 0, 0, 0, 0, 0, 0, 0, 0, 0, 0, 0, 0, 0, 0, 0, 0, 0, 0, 0, 0, 0, 0, 0, 0, 0, 0, 0, 0, 0, 0, 0, 0, 0, 0, 0, 0, 0, 0, 0, 0, 0, 0, 0, 0, 0, 0, 0, 0, 0, 0, 0, 0, 0, 0, 0, 0, 0, 0, 0, 0, 0, 0, 0, 0, 0, 0, 0, 0, 0, 0, 0, 0, 0, 0, 0, 0, 0, 0, 0, 0, 0, 0, 0, 0, 0, 0, 0, 0, 0, 0, 0, 0, 0, 0, 0, 0, 0, 0, 0, 0, 0, 0, 0, 0, 0, 0, 0, 0, 0, 0, 0, 0, 0, 0, 0, 0, 0, 0, 0, 0, 0, 0, 0, 0, 0, 0, 0, 0, 0, 0, 0, 0, 0, 0, 0, 0, 0, 0, 0, 0, 0, 0, 0, 0, 0, 0, 0]]
},
"sfx": {
    "inharmonicity": {
        "kurt": 26.0075511932,
        "max": 0.351023346186,
        "mean": 0.0116900745779,
        "median": 0,
        "min": 0,
        "skew": 5.0295176506,
        "var": 0.00227037258446
    },
    "oddtoevenharmonicenergyratio": {
        "kurt": 253.40133667,
        "max": 25.3564891815,
        "mean": 0.170755669475,
        "median": 0,
        "min": 0,
        "skew": 15.5264139175,
        "var": 2.29952216148
    },
    "pitch_after_max_to_before_max_energy_ratio": 0.0173327587545,
    "pitch_centroid": 143.200134277,
    "pitch_max_to_total": 0.989898979664,
    "pitch_min_to_total": 0.774410784245,
    "tristimulus": {
        "kurt": [5.85935783386, 7.20422458649, 17.4071826935],
        "max": [1, 0.852168083191, 0.657400071621],
        "mean": [0.916158258915, 0.0549025535583, 0.0289393179119],
        "median": [1, 0, 0],
        "min": [0.0344419330359, 0, 0],
        "skew": [-2.69281673431, 2.84070754051, 4.19781637192],
        "var": [0.0545137785375, 0.0242191236466, 0.0111586032435],
        "cov": [[0.054697945714, -0.0339012369514, -0.0207965988666], [-0.0339012369514, 0.0243009440601, 0.00960028171539], [-0.0207965988666, 0.00960028171539, 0.0111963003874]]
    }
},
"tonal": {
    "chords_changes_rate": 0.0738255009055,
    "chords_number_rate": 0.0201342273504,
    "chords_strength": {
        "kurt": -1.04253828526,
        "max": 0.614660620689,
        "mean": 0.461795628071,
        "median": 0.481674820185,
        "min": 0.325417786837,
        "skew": -0.148302137852,
        "var": 0.00476389424875
    },
    "key_strength": 0.40597486496,
    "tuning_diatonic_strength": 0.489762306213,
    "tuning_equal_tempered_deviation": 0.230604201555,
    "tuning_frequency": 439.745910645,
    "tuning_nontempered_energy_ratio": 0.903149425983,
    "hpcp": {
        "kurt": [10.4574146271, 5.27092552185, 18.3834209442, 16.888885498, 14.9207439423, 13.3974342346, 19.9348678589, 6.79696750641, 34.6920166016, 39.2631988525, 9.60666561127, 16.4027118683, 9.43965339661, 19.7871112823, 5.928191185, 4.29416656494, 25.6822013855, 19.217502594, 15.3455581665, 9.80857276917, 18.3054199219, 13.6922130585, 12.0651912689, 3.61034059525, 5.86150932312, 0.0733869075775, -0.61869430542, -0.381979703903, 0.12803030014, -0.215481996536, -0.266634464264, -0.636203765869, -0.450123548508, 0.10689997673, 3.41810798645, 7.61303901672],
        "max": [0.21553184092, 0.274863213301, 0.787862062454, 0.973071932793, 0.97765392065, 1, 0.888254582882, 0.339488506317, 0.803402483463, 1, 0.501013815403, 0.623203516006, 0.586219072342, 0.753581106663, 0.389720439911, 0.254457175732, 1, 1, 1, 1, 1, 0.806975245476, 1, 0.771769583225, 1, 1, 1, 1, 1, 1, 1, 1, 1, 0.599303483963, 1, 0.697784781456],
        "mean": [0.0348698161542, 0.0545098334551, 0.115428462625, 0.141823321581, 0.134227305651, 0.116618089378, 0.0885793268681, 0.064834356308, 0.0707032680511, 0.0765181332827, 0.0669244527817, 0.067610912025, 0.0763384178281, 0.0802468433976, 0.0625974684954, 0.0490026324987, 0.0656228661537, 0.0768725126982, 0.0899670869112, 0.111386448145, 0.096100948751, 0.0889620706439, 0.1099967435, 0.125049203634, 0.181244492531, 0.340621143579, 0.553801953793, 0.688107252121, 0.695024967194, 0.650488913059, 0.614865899086, 0.584363937378, 0.391923338175, 0.214716896415, 0.215019360185, 0.131503850222],
