{
"metadata": {
    "version": {
        "essentia": "2.1-beta3"
    }
},
"lowLevel": {
    "average_loudness": 0.973212897778,
    "barkbands_kurtosis": {
        "kurt": 80.7702789307,
        "max": 449.770599365,
        "mean": 6.2530913353,
        "median": -0.831310153008,
        "min": -1.92873072624,
        "skew": 8.60401153564,
        "var": 1664.29626465
    },
    "barkbands_skewness": {
        "kurt": 24.7753810883,
        "max": 19.7787628174,
        "mean": 0.648198306561,
        "median": 0.566887378693,
        "min": -6.52496433258,
        "skew": 3.74847531319,
        "var": 5.93326616287
    },
    "barkbands_spread": {
        "kurt": 0.910655021667,
        "max": 39.0260238647,
        "mean": 17.6081905365,
        "median": 18.6787834167,
        "min": 0.409930765629,
        "skew": -0.292388558388,
        "var": 43.8884544373
    },
    "dissonance": {
        "kurt": 3.57496643066,
        "max": 0.499943226576,
        "mean": 0.457324504852,
        "median": 0.476402014494,
        "min": 0.264974921942,
        "skew": -1.92819547653,
        "var": 0.00244030915201
    },
    "hfc": {
        "kurt": 2.22632694244,
        "max": 79.5647354126,
        "mean": 11.2253990173,
        "median": 3.13430690765,
        "min": 7.45994307993e-11,
        "skew": 1.66562616825,
        "var": 243.160797119
    },
    "pitch": {
        "kurt": -1.24580252171,
        "max": 3333.14135742,
        "mean": 1407.60339355,
        "median": 765.946411133,
        "min": 140.83972168,
        "skew": 0.791766941547,
        "var": 1314546.5
    },
    "pitch_instantaneous_confidence": {
        "kurt": 2.06724309921,
        "max": 0.960879743099,
        "mean": 0.684663593769,
        "median": 0.686954379082,
        "min": 0.00420796871185,
        "skew": -0.648832917213,
        "var": 0.0177967660129
    },
    "pitch_salience": {
        "kurt": 1.47227811813,
        "max": 0.970617234707,
        "mean": 0.593968689442,
        "median": 0.623547792435,
        "min": 0.0572272501886,
        "skew": -0.999397695065,
        "var": 0.0241469461471
    },
    "silence_rate_20dB": {
        "kurt": 0,
        "max": 1,
        "mean": 1,
        "median": 1,
        "min": 1,
        "skew": 0,
        "var": 0
    },
    "silence_rate_30dB": {
        "kurt": 0,
        "max": 1,
        "mean": 1,
        "median": 1,
        "min": 1,
        "skew": 0,
        "var": 0
    },
    "silence_rate_60dB": {
        "kurt": -1.95732808113,
        "max": 1,
        "mean": 0.551369845867,
        "median": 1,
        "min": 0,
        "skew": -0.206572324038,
        "var": 0.247360929847
    },
    "spectral_centroid": {
        "kurt": -0.00378084182739,
        "max": 3116.484375,
        "mean": 1555.06811523,
        "median": 1508.5769043,
        "min": 209.321777344,
        "skew": 0.223658934236,
        "var": 388712.78125
    },
    "spectral_complexity": {
        "kurt": -0.963534593582,
        "max": 25,
        "mean": 7.5342464447,
        "median": 7,
        "min": 0,
        "skew": 0.477705478668,
        "var": 53.7282218933
    },
    "spectral_crest": {
        "kurt": 0.650725364685,
        "max": 26.7854671478,
        "mean": 13.3735313416,
        "median": 12.978395462,
        "min": 2.21568989754,
        "skew": 0.56526017189,
        "var": 17.4673728943
    },
    "spectral_decrease": {
        "kurt": 1.26895141602,
        "max": -1.09981433413e-20,
        "mean": -1.76544734387e-09,
        "median": -3.22244009254e-10,
        "min": -1.01429522559e-08,
        "skew": -1.45265710354,
        "var": 5.81471988268e-18
    },
    "spectral_energy": {
        "kurt": 1.24607992172,
        "max": 0.0454986095428,
        "mean": 0.00768138607964,
        "median": 0.00150082586333,
        "min": 4.82759889193e-14,
        "skew": 1.45229804516,
        "var": 0.000109669854282
    },
    "spectral_energyband_high": {
        "kurt": 1.94978380203,
        "max": 0.000514154555276,
        "mean": 7.93799845269e-05,
        "median": 2.00238500838e-05,
        "min": 3.64274862241e-15,
        "skew": 1.66145336628,
        "var": 1.33272539671e-08
    },
    "spectral_energyband_low": {
        "kurt": 3.27039146423,
        "max": 3.73380207748e-05,
        "mean": 5.141523161e-06,
        "median": 8.55195537497e-07,
        "min": 4.79139263801e-15,
        "skew": 1.94428515434,
        "var": 6.56677628941e-11
    },
    "spectral_energyband_middle_high": {
        "kurt": 4.35215854645,
        "max": 0.0237243529409,
        "mean": 0.00317417783663,
        "median": 0.000932342023589,
        "min": 2.10445860906e-14,
        "skew": 2.10360050201,
        "var": 2.26547981583e-05
    },
    "spectral_energyband_middle_low": {
        "kurt": 2.37489938736,
        "max": 0.0306725464761,
        "mean": 0.0048357732594,
        "median": 0.000752754625864,
        "min": 1.9181457502e-14,
        "skew": 1.6915102005,
        "var": 4.89664562338e-05
    },
    "spectral_flatness_db": {
        "kurt": 3.29785919189,
        "max": 0.512517213821,
        "mean": 0.284105658531,
        "median": 0.282005429268,
        "min": 0.0228232704103,
        "skew": -0.0995888188481,
        "var": 0.00325487647206
    },
    "spectral_flux": {
        "kurt": -1.11994051933,
        "max": 0.14681981504,
        "mean": 0.0445062369108,
        "median": 0.0311230029911,
        "min": 1.27310822791e-05,
        "skew": 0.489155501127,
        "var": 0.001809276524
    },
    "spectral_kurtosis": {
        "kurt": 14.5447292328,
        "max": 34.853603363,
        "mean": 6.49189901352,
        "median": 5.89330101013,
        "min": 0.891598939896,
        "skew": 2.76967191696,
        "var": 12.9776773453
    },
    "spectral_rms": {
        "kurt": -0.937703609467,
        "max": 0.00666249822825,
        "mean": 0.0019452443812,
        "median": 0.00120996451005,
        "min": 6.86283652129e-09,
        "skew": 0.604420781136,
        "var": 3.71005990019e-06
    },
    "spectral_rolloff": {
        "kurt": 1.81709957123,
        "max": 3359.1796875,
        "mean": 2703.52075195,
        "median": 3079.24804688,
        "min": 193.798828125,
        "skew": -1.8735845089,
        "var": 756489.25
    },
    "spectral_skewness": {
        "kurt": 6.84279537201,
        "max": 4.79218578339,
        "mean": 1.69009780884,
        "median": 1.55717813969,
        "min": 0.980856359005,
        "skew": 1.9285774231,
        "var": 0.234686791897
    },
    "spectral_spread": {
        "kurt": 87.5683898926,
        "max": 32427184,
        "mean": 3771680.5,
        "median": 3295773,
        "min": 1718253.75,
        "skew": 8.11660766602,
        "var": 5.36028223898e+12
    },
    "spectral_strongpeak": {
        "kurt": 2.16518974304,
        "max": 5.11412143707,
        "mean": 0.870251238346,
        "median": 0.457118272781,
        "min": 0,
        "skew": 1.55314862728,
        "var": 1.11023950577
    },
    "zerocrossingrate": {
        "kurt": 48.7480964661,
        "max": 0.458984375,
        "mean": 0.080322265625,
        "median": 0.081787109375,
        "min": 0.0078125,
        "skew": 4.24079608917,
        "var": 0.00117955228779
    },
    "barkbands": {
        "kurt": [9.70510101318, 15.680513382, 15.528377533, 12.0146713257, 4.81295776367, 6.18424034119, 25.9541492462, 11.1704378128, 4.32403278351, 9.56368732452, 2.7887096405, 9.26279354095, 11.2470083237, 8.2900762558, 9.52800941467, 5.64665985107, 3.5030632019, 7.18258190155, 9.07004070282, 3.13158893585, 2.36127185822, 3.06730794907, 3.04313707352, 2.87320613861, 4.89550876617, 11.062087059, 11.1957178116],
        "max": [6.56280789713e-08, 1.23142790471e-05, 1.30696698761e-05, 0.000142689532368, 0.000147438157001, 0.00139916676562, 0.00204405514523, 0.00178438634612, 0.0263054408133, 0.017494155094, 0.000427997496445, 0.000248837022809, 0.000316188525176, 0.000102877522295, 4.50904335594e-05, 0.000481814029627, 0.000132407483761, 0.0158202815801, 0.00661217328161, 0.000702676712535, 0.000265828421107, 0.000183337921044, 8.14613213151e-06, 8.59307328938e-06, 2.86335671262e-06, 4.0868850526e-09, 4.3250190096e-09],
        "mean": [5.31817923033e-09, 7.44006342757e-07, 9.10860478598e-07, 1.03543125078e-05, 1.59143437486e-05, 0.000122737183119, 9.20480888453e-05, 0.000145293801324, 0.00342980283312, 0.00139334902633, 6.05806453677e-05, 2.27625532716e-05, 2.37093445321e-05, 7.73609372118e-06, 3.78703066417e-06, 5.28132986801e-05, 1.71680367202e-05, 0.00153852801304, 0.000583942746744, 9.30973037612e-05, 4.00413482566e-05, 2.3531178158e-05, 1.07051562281e-06, 1.14771546578e-06, 3.14063271389e-07, 2.97070784638e-10, 3.10866887787e-10],
        "median": [4.25719903774e-10, 1.3572346802e-08, 1.48224785335e-07, 1.51412484684e-06, 2.59170610661e-06, 7.10857511876e-06, 1.03396560007e-05, 3.26291046804e-05, 0.000483788520796, 9.11537863431e-05, 1.77455294761e-05, 3.80227811547e-06, 3.5920843402e-06, 7.5346150652e-07, 7.398833759e-07, 5.1823353715e-06, 2.69480688075e-06, 0.000616176577751, 0.000227137439651, 2.43933245656e-05, 7.43164309824e-06, 4.76653394799e-06, 1.39918455488e-07, 1.70298122271e-07, 8.15729350734e-08, 1.2155904755e-11, 1.24975984422e-11],
        "min": [1.37393783891e-15, 2.05749745075e-15, 1.36623608595e-15, 1.35951689122e-15, 3.35652348404e-15, 3.27162219536e-15, 3.1586548935e-15, 3.01961083531e-15, 3.95176275871e-15, 3.58610075297e-15, 3.18655531175e-15, 3.48392147447e-15, 3.0684854834e-15, 2.47272507171e-15, 1.90177806669e-15, 1.20898378402e-15, 6.77329049239e-16, 5.75749311254e-16, 8.79891790498e-16, 1.03127330707e-15, 4.27090635027e-16, 4.48838629464e-16, 9.1622166888e-16, 2.49558617332e-16, 3.59244248864e-16, 4.21782067789e-16, 3.4458292911e-16],
        "skew": [2.88610506058, 3.69772291183, 3.50556612015, 3.14657950401, 2.2556643486, 2.50529360771, 4.70324707031, 3.10893750191, 2.1035630703, 3.00969147682, 1.66788768768, 2.74442696571, 3.00847911835, 2.86319756508, 2.87191343307, 2.28195333481, 1.90904319286, 2.44759917259, 2.58522224426, 1.82906162739, 1.76574289799, 1.84658312798, 1.86922764778, 1.77854955196, 2.01238679886, 3.16164207458, 3.17212915421],
        "var": [9.99120823133e-17, 3.03694482756e-12, 3.25867219493e-12, 3.9439668198e-10, 7.48026418584e-10, 6.09763617376e-08, 5.80363028746e-08, 7.16795014455e-08, 2.93018547382e-05, 8.53294477565e-06, 6.7088392619e-09, 1.44963197002e-09, 1.88770798992e-09, 2.68065569742e-10, 4.59835919342e-11, 7.69559793667e-09, 6.74170275161e-10, 5.69793064642e-06, 7.97518339368e-07, 1.80359123192e-08, 3.63100149947e-09, 1.26646504395e-09, 2.7039997845e-12, 2.86504652468e-12, 1.99488185302e-13, 4.14423199605e-19, 4.56918905641e-19],
        "cov": [[1.00255421825e-16, 8.29873669106e-15, 8.7770646667e-15, 4.65898410888e-14, 5.59111879516e-14, 1.15631853051e-12, 8.57821843073e-13, 6.57753745133e-13, 2.60579457317e-11, 1.63285912569e-11, 4.15768900428e-13, 2.15273789463e-13, 2.15953286069e-13, 9.43378133857e-14, 3.31883839529e-14, 5.40560272325e-13, 1.35300801053e-13, 1.30997131545e-11, 4.90560153263e-12, 8.56248828351e-13, 3.86176008706e-13, 2.27969336117e-13, 1.01146279462e-14, 1.10597837312e-14, 2.81617490897e-15, 3.25088039831e-18, 3.41584047838e-18], [8.29873669106e-15, 3.04738092399e-12, 1.31435118865e-12, 7.15508988863e-12, 5.00318059551e-12, 1.98647820415e-10, 1.55699425575e-10, 9.31852164876e-11, 4.13358058893e-09, 2.38049957524e-09, 7.35471059055e-11, 2.86774718555e-11, 3.71433613033e-11, 1.62222804634e-11, 5.85454731569e-12, 7.06820435514e-11, 2.0764862052e-11, 1.97613392316e-09, 7.4011685669e-10, 1.28497129603e-10, 5.95397411929e-11, 3.32182545359e-11, 1.67655277682e-12, 1.81057436838e-12, 4.71942363661e-13, 3.76491877843e-16, 3.94607477365e-16], [8.7770646667e-15, 1.31435118865e-12, 3.26987048549e-12, 1.14055206252e-11, 3.74131628456e-12, 2.10995929062e-10, 1.63327115721e-10, 9.95175747365e-11, 5.32244337492e-09, 2.94223090336e-09, 8.12733075284e-11, 4.08998321322e-11, 5.01612154591e-11, 2.10249092442e-11, 7.27179904833e-12, 8.84597534112e-11, 2.75627194679e-11, 2.65625588192e-09, 9.18995268773e-10, 1.55532198232e-10, 7.5360342966e-11, 4.42247037602e-11, 2.04713177833e-12, 2.05501674705e-12, 5.04179543167e-13, 5.5602932545e-16, 5.81978391548e-16], [4.65898410888e-14, 7.15508988863e-12, 1.14055206252e-11, 3.95751986737e-10, 1.74618361437e-10, 1.24187726769e-09, 6.62138899266e-10, 4.05937172765e-10, 2.85450134641e-08, 1.01436672395e-08, 4.50958465015e-10, 2.05541500486e-10, 1.8789990397e-10, 8.19892417847e-11, 3.07043383774e-11, 4.05404737558e-10, 1.17586995696e-10, 1.3889551731e-08, 4.7647517043e-09, 7.58921092636e-10, 3.32032346062e-10, 1.8738542662e-10, 7.26445336177e-12, 8.63719165634e-12, 2.68435837794e-12, 1.57128116314e-15, 1.64872347969e-15], [5.59111879516e-14, 5.00318059551e-12, 3.74131628456e-12, 1.74618361437e-10, 7.50596917953e-10, 5.58752155655e-10, 1.12472697822e-09, 2.69824540489e-09, 5.0828248277e-08, 1.12902629468e-08, 7.14200809604e-10, 2.02569017116e-10, 1.73590405939e-10, 2.73137207296e-11, 2.8844019187e-11, 6.7626965139e-10, 2.70768907296e-10, 1.15430340841e-08, 5.23354781734e-09, 7.55529416807e-10, 2.88988971642e-10, 2.44907011338e-10, 1.06765984942e-11, 9.69360963027e-12, 3.13200095199e-12, 2.38126287758e-15, 2.49396463462e-15], [1.15631853051e-12, 1.98647820415e-10, 2.10995929062e-10, 1.24187726769e-09, 5.58752155655e-10, 6.11859007904e-08, 1.06391766508e-08, 1.46602046058e-08, 1.09673464976e-06, 1.6130188385e-07, 9.91038362486e-09, 4.62904692355e-09, 5.90540016887e-09, 2.0087904673e-09, 7.96604282538e-10, 1.17883445228e-08, 3.72303365914e-09, 2.95531293659e-07, 1.101097169e-07, 2.02323366949e-08, 9.86406600845e-09, 5.38158717589e-09, 2.53910448222e-10, 2.53110976622e-10, 6.91659438057e-11, 7.91433772359e-14, 8.30845537769e-14], [8.57821843073e-13, 1.55699425575e-10, 1.63327115721e-10, 6.62138899266e-10, 1.12472697822e-09, 1.06391766508e-08, 5.82357380097e-08, 1.15225731179e-08, 3.33280752329e-07, 3.20527988151e-07, 9.82126735494e-09, 5.30090815687e-09, 7.16210291074e-09, 1.98582594813e-09, 1.21351706461e-09, 1.32641178041e-08, 3.42723471825e-09, 3.40391295595e-07, 1.41586951941e-07, 1.93865385967e-08, 8.54752979507e-09, 5.21389864616e-09, 2.3972793195e-10, 2.48369214084e-10, 6.12253234222e-11, 6.95308882085e-14, 7.25798070191e-14], [6.57753745133e-13, 9.31852164876e-11, 9.95175747365e-11, 4.05937172765e-10, 2.69824540489e-09, 1.46602046058e-08, 1.15225731179e-08, 7.19258252957e-08, 3.35069898938e-07, 1.25055777289e-07, 1.00371844169e-08, 2.95238300474e-09, 2.77704259588e-09, 6.19606477237e-10, 4.79874529002e-10, 5.34192423629e-09, 1.79899728447e-09, 1.88288055369e-07, 6.29517060702e-08, 1.26607169193e-08, 4.46056125369e-09, 2.76325740067e-09, 1.27522270521e-10, 1.47582640553e-10, 3.54870959007e-11, 5.47418521916e-14, 5.74577278117e-14], [2.60579457317e-11, 4.13358058893e-09, 5.32244337492e-09, 2.85450134641e-08, 5.0828248277e-08, 1.09673464976e-06, 3.33280752329e-07, 3.35069898938e-07, 2.94025485346e-05, 5.6679368754e-06, 2.27853689694e-07, 1.12408059749e-07, 1.31675520265e-07, 5.4581821729e-08, 2.05932604302e-08, 2.99724518982e-07, 9.77411644953e-08, 7.14735415386e-06, 2.78985089608e-06, 5.14969656251e-07, 2.35178120533e-07, 1.36235314585e-07, 6.37183328323e-09, 6.24339380195e-09, 1.76038206234e-09, 1.80896801445e-12, 1.89907096125e-12], [1.63285912569e-11, 2.38049957524e-09, 2.94223090336e-09, 1.01436672395e-08, 1.12902629468e-08, 1.6130188385e-07, 3.20527988151e-07, 1.25055777289e-07, 5.6679368754e-06, 8.56226779433e-06, 1.55610592856e-07, 7.57128617579e-08, 7.2977101695e-08, 3.66058472423e-08, 1.26582451188e-08, 1.71490626144e-07, 5.06515398513e-08, 5.06398828293e-06, 1.91759886548e-06, 2.64733472477e-07, 1.23505955685e-07, 7.44542845155e-08, 3.37518724081e-09, 3.59344998202e-09, 9.80032055509e-10, 7.31148648569e-13, 7.61571957841e-13], [4.15768900428e-13, 7.35471059055e-11, 8.12733075284e-11, 4.50958465015e-10, 7.14200809604e-10, 9.91038362486e-09, 9.82126735494e-09, 1.00371844169e-08, 2.27853689694e-07, 1.55610592856e-07, 6.73189370914e-09, 2.18402274044e-09, 2.30907337695e-09, 8.06233968476e-10, 3.57824270214e-10, 4.69474548126e-09, 1.52611412396e-09, 1.39756011208e-07, 4.97265375543e-08, 8.09830869031e-09, 3.66854036038e-09, 2.24917950931e-09, 9.82006004291e-11, 1.08305878155e-10, 2.63343825913e-11, 2.5959313502e-14, 2.71682344997e-14], [2.15273789463e-13, 2.86774718555e-11, 4.08998321322e-11, 2.05541500486e-10, 2.02569017116e-10, 4.62904692355e-09, 5.30090815687e-09, 2.95238300474e-09, 1.12408059749e-07, 7.57128617579e-08, 2.18402274044e-09, 1.45461354073e-09, 1.24968557724e-09, 4.523990349e-10, 1.90564272695e-10, 2.6530091457e-09, 7.09787062458e-10, 7.36136129831e-08, 2.72280864522e-08, 4.06798772445e-09, 1.86585435991e-09, 1.09472753085e-09, 4.93801180501e-11, 5.2694338476e-11, 1.34692413473e-11, 1.25888916533e-14, 1.31573574871e-14], [2.15953286069e-13, 3.71433613033e-11, 5.01612154591e-11, 1.8789990397e-10, 1.73590405939e-10, 5.90540016887e-09, 7.16210291074e-09, 2.77704259588e-09, 1.31675520265e-07, 7.2977101695e-08, 2.30907337695e-09, 1.24968557724e-09, 1.89419502306e-09, 5.14312981093e-10, 2.24606777621e-10, 2.84088619296e-09, 7.96957277949e-10, 8.41627780801e-08, 3.17591535293e-08, 4.5006189886e-09, 2.03121230946e-09, 1.20304999296e-09, 5.8365638711e-11, 6.17245629608e-11, 1.57136040291e-11, 1.52737438447e-14, 1.59858139502e-14], [9.43378133857e-14, 1.62222804634e-11, 2.10249092442e-11, 8.19892417847e-11, 2.73137207296e-11, 2.0087904673e-09, 1.98582594813e-09, 6.19606477237e-10, 5.4581821729e-08, 3.66058472423e-08, 8.06233968476e-10, 4.523990349e-10, 5.14312981093e-10, 2.68986777296e-10, 8.26028204171e-11, 1.08970221735e-09, 2.85051648952e-10, 2.99005655791e-08, 1.12316183021e-08, 1.72949732313e-09, 8.17545808829e-10, 4.90810669884e-10, 2.16420631416e-11, 2.27795404067e-11, 5.7822080457e-12, 5.55875874844e-15, 5.81856492919e-15], [3.31883839529e-14, 5.85454731569e-12, 7.27179904833e-12, 3.07043383774e-11, 2.8844019187e-11, 7.96604282538e-10, 1.21351706461e-09, 4.79874529002e-10, 2.05932604302e-08, 1.26582451188e-08, 3.57824270214e-10, 1.90564272695e-10, 2.24606777621e-10, 8.26028204171e-11, 4.61416113651e-11, 4.67930416637e-10, 1.2035739072e-10, 1.24555130654e-08, 4.70376626538e-09, 6.8269145892e-10, 3.39989369991e-10, 1.91337057309e-10, 8.96588272375e-12, 9.17630641611e-12, 2.36383959282e-12, 2.51225927573e-15, 2.63639894217e-15], [5.40560272325e-13, 7.06820435514e-11, 8.84597534112e-11, 4.05404737558e-10, 6.7626965139e-10, 1.17883445228e-08, 1.32641178041e-08, 5.34192423629e-09, 2.99724518982e-07, 1.71490626144e-07, 4.69474548126e-09, 2.6530091457e-09, 2.84088619296e-09, 1.08970221735e-09, 4.67930416637e-10, 7.72204256094e-09, 1.72619185612e-09, 1.72234777551e-07, 6.42948805307e-08, 9.28320087468e-09, 4.40218972386e-09, 2.57537857706e-09, 1.2104751923e-10, 1.21233856287e-10, 3.10595195396e-11, 3.00585192858e-14, 3.1469445783e-14], [1.35300801053e-13, 2.0764862052e-11, 2.75627194679e-11, 1.17586995696e-10, 2.70768907296e-10, 3.72303365914e-09, 3.42723471825e-09, 1.79899728447e-09, 9.77411644953e-08, 5.06515398513e-08, 1.52611412396e-09, 7.09787062458e-10, 7.96957277949e-10, 2.85051648952e-10, 1.2035739072e-10, 1.72619185612e-09, 6.76487033058e-10, 4.40415597325e-08, 1.71493130807e-08, 2.61645305422e-09, 1.24044108318e-09, 7.46324502199e-10, 3.36384496646e-11, 3.56864295059e-11, 9.46310738104e-12, 9.49948636192e-15, 9.92707875809e-15], [1.30997131545e-11, 1.97613392316e-09, 2.65625588192e-09, 1.3889551731e-08, 1.15430340841e-08, 2.95531293659e-07, 3.40391295595e-07, 1.88288055369e-07, 7.14735415386e-06, 5.06398828293e-06, 1.39756011208e-07, 7.36136129831e-08, 8.41627780801e-08, 2.99005655791e-08, 1.24555130654e-08, 1.72234777551e-07, 4.40415597325e-08, 5.71751115785e-06, 1.79575874881e-06, 2.57760319755e-07, 1.16040162368e-07, 7.23648483358e-08, 3.38000116784e-09, 3.43011619108e-09, 8.99972540935e-10, 8.33156189439e-13, 8.72816304908e-13], [4.90560153263e-12, 7.4011685669e-10, 9.18995268773e-10, 4.7647517043e-09, 5.23354781734e-09, 1.101097169e-07, 1.41586951941e-07, 6.29517060702e-08, 2.78985089608e-06, 1.91759886548e-06, 4.97265375543e-08, 2.72280864522e-08, 3.17591535293e-08, 1.12316183021e-08, 4.70376626538e-09, 6.42948805307e-08, 1.71493130807e-08, 1.79575874881e-06, 8.00258931122e-07, 9.47951050989e-08, 4.31169411286e-08, 2.47463027847e-08, 1.19468834825e-09, 1.22964938232e-09, 3.44300254973e-10, 2.90102414747e-13, 3.02245018293e-13], [8.56248828351e-13, 1.28497129603e-10, 1.55532198232e-10, 7.58921092636e-10, 7.55529416807e-10, 2.02323366949e-08, 1.93865385967e-08, 1.26607169193e-08, 5.14969656251e-07, 2.64733472477e-07, 8.09830869031e-09, 4.06798772445e-09, 4.5006189886e-09, 1.72949732313e-09, 6.8269145892e-10, 9.28320087468e-09, 2.61645305422e-09, 2.57760319755e-07, 9.47951050989e-08, 1.80978911857e-08, 7.15981274269e-09, 4.24461976678e-09, 1.92404883692e-10, 2.05172004386e-10, 5.0747971797e-11, 5.66065410149e-14, 5.93081898696e-14], [3.86176008706e-13, 5.95397411929e-11, 7.5360342966e-11, 3.32032346062e-10, 2.88988971642e-10, 9.86406600845e-09, 8.54752979507e-09, 4.46056125369e-09, 2.35178120533e-07, 1.23505955685e-07, 3.66854036038e-09, 1.86585435991e-09, 2.03121230946e-09, 8.17545808829e-10, 3.39989369991e-10, 4.40218972386e-09, 1.24044108318e-09, 1.16040162368e-07, 4.31169411286e-08, 7.15981274269e-09, 3.643479074e-09, 1.94339455639e-09, 8.63100979576e-11, 9.09601075016e-11, 2.36223662159e-11, 2.387551589e-14, 2.50201098175e-14], [2.27969336117e-13, 3.32182545359e-11, 4.42247037602e-11, 1.8738542662e-10, 2.44907011338e-10, 5.38158717589e-09, 5.21389864616e-09, 2.76325740067e-09, 1.36235314585e-07, 7.44542845155e-08, 2.24917950931e-09, 1.09472753085e-09, 1.20304999296e-09, 4.90810669884e-10, 1.91337057309e-10, 2.57537857706e-09, 7.46324502199e-10, 7.23648483358e-08, 2.47463027847e-08, 4.24461976678e-09, 1.94339455639e-09, 1.2708171182e-09, 5.32457515579e-11, 5.48107913223e-11, 1.36426052746e-11, 1.47089100882e-14, 1.54198638043e-14], [1.01146279462e-14, 1.67655277682e-12, 2.04713177833e-12, 7.26445336177e-12, 1.06765984942e-11, 2.53910448222e-10, 2.3972793195e-10, 1.27522270521e-10, 6.37183328323e-09, 3.37518724081e-09, 9.82006004291e-11, 4.93801180501e-11, 5.8365638711e-11, 2.16420631416e-11, 8.96588272375e-12, 1.2104751923e-10, 3.36384496646e-11, 3.38000116784e-09, 1.19468834825e-09, 1.92404883692e-10, 8.63100979576e-11, 5.32457515579e-11, 2.7132918308e-12, 2.57293708908e-12, 6.41956106329e-13, 6.96848076475e-16, 7.30801233347e-16], [1.10597837312e-14, 1.81057436838e-12, 2.05501674705e-12, 8.63719165634e-12, 9.69360963027e-12, 2.53110976622e-10, 2.48369214084e-10, 1.47582640553e-10, 6.24339380195e-09, 3.59344998202e-09, 1.08305878155e-10, 5.2694338476e-11, 6.17245629608e-11, 2.27795404067e-11, 9.17630641611e-12, 1.21233856287e-10, 3.56864295059e-11, 3.43011619108e-09, 1.22964938232e-09, 2.05172004386e-10, 9.09601075016e-11, 5.48107913223e-11, 2.57293708908e-12, 2.87489194777e-12, 6.70011463845e-13, 6.97941172494e-16, 7.31173769026e-16], [2.81617490897e-15, 4.71942363661e-13, 5.04179543167e-13, 2.68435837794e-12, 3.13200095199e-12, 6.91659438057e-11, 6.12253234222e-11, 3.54870959007e-11, 1.76038206234e-09, 9.80032055509e-10, 2.63343825913e-11, 1.34692413473e-11, 1.57136040291e-11, 5.7822080457e-12, 2.36383959282e-12, 3.10595195396e-11, 9.46310738104e-12, 8.99972540935e-10, 3.44300254973e-10, 5.0747971797e-11, 2.36223662159e-11, 1.36426052746e-11, 6.41956106329e-13, 6.70011463845e-13, 2.00173712783e-13, 1.58663379413e-16, 1.66324832126e-16], [3.25088039831e-18, 3.76491877843e-16, 5.5602932545e-16, 1.57128116314e-15, 2.38126287758e-15, 7.91433772359e-14, 6.95308882085e-14, 5.47418521916e-14, 1.80896801445e-12, 7.31148648569e-13, 2.5959313502e-14, 1.25888916533e-14, 1.52737438447e-14, 5.55875874844e-15, 2.51225927573e-15, 3.00585192858e-14, 9.49948636192e-15, 8.33156189439e-13, 2.90102414747e-13, 5.66065410149e-14, 2.387551589e-14, 1.47089100882e-14, 6.96848076475e-16, 6.97941172494e-16, 1.58663379413e-16, 4.15847320277e-19, 4.36595439883e-19], [3.41584047838e-18, 3.94607477365e-16, 5.81978391548e-16, 1.64872347969e-15, 2.49396463462e-15, 8.30845537769e-14, 7.25798070191e-14, 5.74577278117e-14, 1.89907096125e-12, 7.61571957841e-13, 2.71682344997e-14, 1.31573574871e-14, 1.59858139502e-14, 5.81856492919e-15, 2.63639894217e-15, 3.1469445783e-14, 9.92707875809e-15, 8.72816304908e-13, 3.02245018293e-13, 5.93081898696e-14, 2.50201098175e-14, 1.54198638043e-14, 7.30801233347e-16, 7.31173769026e-16, 1.66324832126e-16, 4.36595439883e-19, 4.5848904954e-19]]
    },
    "mfcc": {
        "kurt": [-1.51093244553, -1.02234101295, -1.16305029392, -0.643056631088, -1.26853573322, -0.699728488922, 1.01421785355, 0.0271010398865, 0.697278261185, -0.321063041687, -0.315247058868, -0.805615186691, -0.49902510643],
        "max": [-662.238952637, 132.88949585, 24.4742469788, 62.6029968262, 11.6920471191, 7.51511383057, 23.1779670715, 60.3449554443, 12.6217575073, 13.6327915192, 35.4349937439, -3.0517578125e-05, -3.81469726562e-05],
        "mean": [-883.443481445, 68.3862075806, -45.6764144897, 18.9658336639, -46.5018882751, -50.0418586731, -3.20538067818, 18.4925498962, -3.79153704643, -9.65772247314, 8.20066070557, -14.2265205383, -23.6067390442],
        "median": [-839.357788086, 87.0973892212, -61.897819519, 21.1763114929, -61.742149353, -58.3259620667, -2.00771903992, 20.0191307068, -1.81022453308, -10.197555542, 7.78406524658, -15.0173568726, -26.3988075256],
        "min": [-1138.42004395, -0.421253204346, -86.6859741211, -8.7901725769, -86.8247070312, -94.5820007324, -27.3935832977, -5.75230407715, -35.0983200073, -33.9950408936, -13.4975185394, -32.6367950439, -42.747795105],
        "skew": [-0.327586114407, -0.74821126461, 0.679046273232, -0.0946771800518, 0.621875822544, 0.751556277275, -0.202029377222, -0.110085934401, -0.825846672058, 0.0488509647548, 0.0853745043278, 0.131667539477, 0.680799901485],
        "var": [30656.5, 1515.62634277, 1073.77832031, 175.443283081, 881.159057617, 792.177612305, 64.4092330933, 133.211044312, 66.3427658081, 84.8600387573, 74.28931427, 63.2447357178, 135.755371094],
        "cov": [[30761.8496094, 6129.57910156, -5218.30419922, 1629.04785156, -4605.36816406, -3340.33105469, -703.950683594, 1200.25878906, 12.049571991, -848.265991211, 402.580932617, -709.499755859, -1238.04956055], [6129.57910156, 1520.8347168, -1074.47363281, 389.317779541, -1031.46154785, -885.105163574, -120.364974976, 255.66557312, -62.8911094666, -231.576385498, 107.737884521, -207.412246704, -333.678527832], [-5218.30419922, -1074.47363281, 1077.46826172, -302.241638184, 905.412475586, 755.684143066, 106.361709595, -225.675842285, 36.8893013, 189.068450928, -119.262641907, 141.96156311, 263.658111572], [1629.04785156, 389.317779541, -302.241638184, 176.046173096, -255.402648926, -242.345275879, -8.47514247894, 78.9637832642, -24.5306034088, -73.2126464844, 35.5426673889, -63.0333442688, -101.16204071], [-4605.36816406, -1031.46154785, 905.412475586, -255.402648926, 884.187072754, 728.074584961, 108.672637939, -190.030105591, 42.1447296143, 184.422454834, -98.7680053711, 137.996185303, 255.15296936], [-3340.33105469, -885.105163574, 755.684143066, -242.345275879, 728.074584961, 794.899841309, 58.3193321228, -209.685562134, 98.0102462769, 176.141799927, -143.154876709, 145.269287109, 274.811340332], [-703.950683594, -120.364974976, 106.361709595, -8.47514247894, 108.672637939, 58.3193321228, 64.630569458, 0.739728093147, -7.63850164413, 16.9868106842, 4.75452899933, 10.4256420135, 13.7943601608], [1200.25878906, 255.66557312, -225.675842285, 78.9637832642, -190.030105591, -209.685562134, 0.739728093147, 133.668807983, 6.12477064133, -26.2122344971, 49.226108551, -45.008605957, -81.9519424438], [12.049571991, -62.8911094666, 36.8893013, -24.5306034088, 42.1447296143, 98.0102462769, -7.63850164413, 6.12477064133, 66.5707473755, 41.6731147766, -21.9883899689, 17.1910133362, 33.0944061279], [-848.265991211, -231.576385498, 189.068450928, -73.2126464844, 184.422454834, 176.141799927, 16.9868106842, -26.2122344971, 41.6731147766, 85.1516494751, -9.25156879425, 41.3679580688, 64.8135452271], [402.580932617, 107.737884521, -119.262641907, 35.5426673889, -98.7680053711, -143.154876709, 4.75452899933, 49.226108551, -21.9883899689, -9.25156879425, 74.5446090698, -7.81694316864, -47.1386642456], [-709.499755859, -207.412246704, 141.96156311, -63.0333442688, 137.996185303, 145.269287109, 10.4256420135, -45.008605957, 17.1910133362, 41.3679580688, -7.81694316864, 63.4620704651, 72.6823272705], [-1238.04956055, -333.678527832, 263.658111572, -101.16204071, 255.15296936, 274.811340332, 13.7943601608, -81.9519424438, 33.0944061279, 64.8135452271, -47.1386642456, 72.6823272705, 136.221878052]]
    },
    "sccoeffs": {
        "kurt": [-0.0760028362274, 0.41813492775, -0.777509689331, -0.565785884857, 0.279132127762, -0.457607030869],
        "max": [-0.385517507792, -0.4588727355, -0.450547516346, -0.656230151653, -0.517368972301, -0.672587573528],
        "mean": [-0.681216180325, -0.723212361336, -0.675984859467, -0.815669238567, -0.67886865139, -0.766326248646],
        "median": [-0.692281126976, -0.729045987129, -0.683770298958, -0.804707288742, -0.641368329525, -0.741922140121],
        "min": [-0.999367535114, -0.997358083725, -0.992745399475, -0.972096383572, -0.987480938435, -0.951503932476],
        "skew": [0.242269739509, 0.407489567995, -0.0733351036906, -0.365757346153, -1.18908405304, -0.873123347759],
        "var": [0.009257029742, 0.00719499168918, 0.0115236267447, 0.0039688674733, 0.0107200033963, 0.00515615520999],
        "cov": [[0.00928884092718, 0.00160273304209, 0.00200751353987, 0.00162329117302, 0.00385377579369, 0.00206286739558], [0.00160273304209, 0.00721971690655, 0.0048917774111, 0.00287638418376, 0.00453808438033, 0.0034576584585], [0.00200751353987, 0.0048917774111, 0.0115632265806, 0.00492974137887, 0.00705339992419, 0.00530934426934], [0.00162329117302, 0.00287638418376, 0.00492974137887, 0.00398250622675, 0.00554635282606, 0.00405035540462], [0.00385377579369, 0.00453808438033, 0.00705339992419, 0.00554635282606, 0.0107568418607, 0.00673894025385], [0.00206286739558, 0.0034576584585, 0.00530934426934, 0.00405035540462, 0.00673894025385, 0.00517387408763]]
    },
    "scvalleys": {
        "kurt": [-1.17661261559, -0.461720943451, -0.384264469147, -0.755094051361, -0.505877971649, -0.930556058884],
        "max": [-7.47785615921, -5.15120744705, -5.59746456146, -7.06386613846, -6.98684549332, -9.40668773651],
        "mean": [-10.6975812912, -8.86152648926, -8.70033740997, -10.377163887, -9.9120798111, -12.1846513748],
        "median": [-10.2528133392, -7.29899597168, -7.38069152832, -9.08859443665, -8.58025550842, -11.1187400818],
        "min": [-17.4686775208, -17.5293655396, -17.707118988, -18.3873405457, -19.11028862, -20.4340629578],
        "skew": [-0.331849932671, -0.999337852001, -1.00871968269, -0.826509475708, -0.913104891777, -0.709345400333],
        "var": [4.84544992447, 9.88120937347, 9.39137744904, 8.1622428894, 7.34549427032, 6.29503202438],
        "cov": [[4.8621006012, 5.81851816177, 5.75324344635, 5.58751106262, 5.13981962204, 4.86983633041], [5.81851816177, 9.91516590118, 9.51253795624, 8.81946563721, 8.3617515564, 7.66407680511], [5.75324344635, 9.51253795624, 9.4236497879, 8.66549015045, 8.26075172424, 7.55153226852], [5.58751106262, 8.81946563721, 8.66549015045, 8.1902923584, 7.68920707703, 7.10439920425], [5.13981962204, 8.3617515564, 8.26075172424, 7.68920707703, 7.37073612213, 6.75394201279], [4.86983633041, 7.66407680511, 7.55153226852, 7.10439920425, 6.75394201279, 6.3166642189]]
    }
},
"rhythm": {
    "beats_loudness": {
        "kurt": -0.935396194458,
        "max": 0.0361017882824,
        "mean": 0.0107173388824,
        "median": 0.00346565083601,
        "min": 2.27033716271e-08,
        "skew": 0.861765921116,
        "var": 0.000178673755727
    },
    "bpm": 96.9410324097,
    "confidence": 3.52451133728,
    "first_peak_bpm": {
        "kurt": 0,
        "max": 96,
        "mean": 96,
        "median": 96,
        "min": 96,
        "skew": 0,
        "var": 0
    },
    "first_peak_spread": {
        "kurt": 0,
        "max": 0.666666686535,
        "mean": 0.666666686535,
        "median": 0.666666686535,
        "min": 0.666666686535,
        "skew": 0,
        "var": 0
    },
    "first_peak_weight": {
        "kurt": 0,
        "max": 0.222222223878,
        "mean": 0.222222223878,
        "median": 0.222222223878,
        "min": 0.222222223878,
        "skew": 0,
        "var": 0
    },
    "onset_rate": 1.63346529007,
    "second_peak_bpm": {
        "kurt": 0,
        "max": 101,
        "mean": 101,
        "median": 101,
        "min": 101,
        "skew": 0,
        "var": 0
    },
    "second_peak_spread": {
        "kurt": 0,
        "max": 0.33333337307,
        "mean": 0.33333337307,
        "median": 0.33333337307,
        "min": 0.33333337307,
        "skew": 0,
        "var": 0
    },
    "second_peak_weight": {
        "kurt": 0,
        "max": 0.222222223878,
        "mean": 0.222222223878,
        "median": 0.222222223878,
        "min": 0.222222223878,
        "skew": 0,
        "var": 0
    },
    "beats_loudness_band_ratio": {
        "kurt": [0.76207280159, 0.399471998215, -1.10370254517, 2.65034723282, -0.92803144455, 1.55251789093],
        "max": [0.0116509655491, 0.0630060508847, 0.716897964478, 0.335133016109, 0.811102449894, 0.152619242668],
        "mean": [0.00270702387206, 0.0176045782864, 0.428716748953, 0.0861516445875, 0.435574293137, 0.0664228945971],
        "median": [0.000825031427667, 0.00824487023056, 0.407083749771, 0.0543645322323, 0.379549264908, 0.0518773831427],
        "min": [5.15615829499e-05, 0.000902555068024, 0.112661615014, 0.0136507274583, 0.133976280689, 0.0356878936291],
        "skew": [1.45504403114, 1.20381855965, -0.200241178274, 1.94598042965, 0.538941264153, 1.54137063026],
        "var": [1.36303806357e-05, 0.000368867331417, 0.0386334098876, 0.00833444297314, 0.0483371466398, 0.00112294987775],
        "cov": [[1.51448666657e-05, 4.77691392007e-05, 1.14785425467e-05, -0.000103653183032, -3.40614096785e-05, 2.0502757252e-05], [4.77691392007e-05, 0.000409852596931, 0.00127566931769, -0.000271502969554, -0.00159195333254, -0.000197373243282], [1.14785425467e-05, 0.00127566931769, 0.0429260097444, 0.0036798408255, -0.0437273830175, -0.00336699467152], [-0.000103653183032, -0.000271502969554, 0.0036798408255, 0.00926049239933, -0.0110748652369, -0.000827587209642], [-3.40614096785e-05, -0.00159195333254, -0.0437273830175, -0.0110748652369, 0.0537079423666, 0.00310128740966], [2.0502757252e-05, -0.000197373243282, -0.00336699467152, -0.000827587209642, 0.00310128740966, 0.00124772218987]]
    },
    "beats_position": [0.568888902664, 1.14938771725, 1.74149656296, 2.33360528946, 2.94893407822, 3.55265307426, 4.15637159348, 4.78331041336, 5.42185926437, 6.04879808426],
    "bpm_estimates": [97.5088424683, 99.3839874268, 99.3840637207, 95.7031173706, 93.9630508423, 95.7031173706],
    "bpm_intervals": [0.580498814583, 0.592108845711, 0.592108726501, 0.615328788757, 0.603718996048, 0.603718519211, 0.626938819885, 0.638548851013, 0.626938819885],
    "onset_times": [0.0928798168898, 0.325079351664, 0.615328788757, 1.43963718414, 1.66022670269, 2.64707493782, 2.85605430603, 3.77324271202, 4.00544214249, 5.24770975113, 5.45668935776],
    "histogram": [[0, 0, 0, 0, 0, 0, 0, 0, 0, 0, 0, 0, 0, 0, 0, 0, 0, 0, 0, 0, 0, 0, 0, 0, 0, 0, 0, 0, 0, 0, 0, 0, 0, 0, 0, 0, 0, 0, 0, 0, 0, 0, 0, 0, 0, 0, 0, 0, 0, 0, 0, 0, 0, 0, 0, 0, 0, 0, 0, 0, 0, 0, 0, 0, 0, 0, 0, 0, 0, 0, 0, 0, 0, 0, 0, 0, 0, 0, 0, 0, 0, 0, 0, 0, 0, 0, 0, 0, 0, 0, 0, 0, 0, 0, 0.111111111939, 0, 0.222222223878, 0, 0.111111111939, 0.222222223878, 0, 0.222222223878, 0, 0.111111111939, 0, 0, 0, 0, 0, 0, 0, 0, 0, 0, 0, 0, 0, 0, 0, 0, 0, 0, 0, 0, 0, 0, 0, 0, 0, 0, 0, 0, 0, 0, 0, 0, 0, 0, 0, 0, 0, 0, 0, 0, 0, 0, 0, 0, 0, 0, 0, 0, 0, 0, 0, 0, 0, 0, 0, 0, 0, 0, 0, 0, 0, 0, 0, 0, 0, 0, 0, 0, 0, 0, 0, 0, 0, 0, 0, 0, 0, 0, 0, 0, 0, 0, 0, 0, 0, 0, 0, 0, 0, 0, 0, 0, 0, 0, 0, 0, 0, 0, 0, 0, 0, 0, 0, 0, 0, 0, 0, 0, 0, 0, 0, 0, 0, 0, 0, 0, 0, 0, 0, 0, 0, 0, 0, 0, 0, 0, 0, 0, 0, 0, 0, 0, 0, 0, 0, 0, 0, 0, 0, 0, 0, 0, 0, 0, 0, 0]]
},
"sfx": {
    "inharmonicity": {
        "kurt": 7.47621440887,
        "max": 0.367705315351,
        "mean": 0.0369671806693,
        "median": 0.00951790064573,
        "min": 0,
        "skew": 2.68007588387,
        "var": 0.00431778514758
    },
    "oddtoevenharmonicenergyratio": {
        "kurt": 69.0758132935,
        "max": 21.7214241028,
        "mean": 0.591174662113,
        "median": 0.0839429870248,
        "min": 0,
        "skew": 7.62887048721,
        "var": 3.74658250809
    },
    "pitch_after_max_to_before_max_energy_ratio": 0.25577300787,
    "pitch_centroid": 142.141113281,
    "pitch_max_to_total": 0.75684928894,
    "pitch_min_to_total": 0.986301362514,
    "tristimulus": {
        "kurt": [-0.845045566559, -1.09528243542, 30.6768875122],
        "max": [1, 0.807620465755, 1],
        "mean": [0.672860205173, 0.25591814518, 0.0712217763066],
        "median": [0.657112896442, 0.270915359259, 0.0527512505651],
        "min": [0, 0, 0],
        "skew": [-0.222799479961, 0.202636033297, 4.17526626587],
        "var": [0.070519708097, 0.0463897250593, 0.00924303103238],
        "cov": [[0.0707620456815, -0.0540181994438, -0.0167438555509], [-0.0540181994438, 0.046549141407, 0.00746907154098], [-0.0167438555509, 0.00746907154098, 0.00927479378879]]
    }
},
"tonal": {
    "chords_changes_rate": 0.115646257997,
    "chords_number_rate": 0.0204081628472,
    "chords_strength": {
        "kurt": -0.81180524826,
        "max": 0.561336934566,
        "mean": 0.446451663971,
        "median": 0.43292337656,
        "min": 0.341471135616,
        "skew": 0.454502940178,
        "var": 0.00268344115466
    },
    "key_strength": 0.420756399632,
    "tuning_diatonic_strength": 0.510538101196,
    "tuning_equal_tempered_deviation": 0.221304655075,
    "tuning_frequency": 442.804626465,
    "tuning_nontempered_energy_ratio": 0.850414097309,
    "hpcp": {
        "kurt": [7.42651748657, 5.78229618073, 5.44355964661, 30.1604919434, 55.3900871277, 7.01730728149, 6.21560382843, 7.50460720062, 45.3053092957, 26.4912834167, 63.1778030396, 23.7076759338, 11.183795929, 17.4284343719, 30.7589111328, 27.3400478363, 18.866558075, 6.94252300262, 3.18130970001, 2.80010080338, 4.89281797409, 2.12613868713, 0.440913200378, 0.982120990753, 1.66374349594, -0.286408424377, -0.975245475769, -1.03587794304, -1.06030094624, -1.33441734314, -1.19629049301, -0.493941307068, 7.43118953705, 13.5586299896, 0.716096878052, 2.6789894104],
        "max": [0.157945305109, 0.19908952713, 0.242289692163, 0.466641783714, 0.629628658295, 0.888553202152, 1, 0.546251893044, 0.460120946169, 0.230119466782, 0.703386902809, 1, 1, 1, 0.530363023281, 0.800130426884, 1, 1, 1, 1, 1, 1, 1, 1, 1, 1, 1, 1, 1, 1, 1, 0.85820966959, 1, 0.725613176823, 0.265518784523, 0.185191869736],
        "mean": [0.0247535649687, 0.0320783779025, 0.0378078296781, 0.0408462956548, 0.0433473959565, 0.100817933679, 0.122857153416, 0.0546076633036, 0.0200217086822, 0.0174744110554, 0.0240365453064, 0.0558751747012, 0.0870664939284, 0.06506819278, 0.0337757095695, 0.045808788389, 0.0700497999787, 0.115407399833, 0.160785257816, 0.167810052633, 0.1597109586, 0.195436626673, 0.248228996992, 0.245826616883, 0.250722289085, 0.345995336771, 0.509170770645, 0.580783843994, 0.565993607044, 0.56891810894, 0.509783804417, 0.327671080828, 0.148558422923, 0.0865947380662, 0.0687730908394, 0.0384225286543],
