{
"metadata": {
    "version": {
        "essentia": "2.1-beta3"
    }
},
"lowLevel": {
    "average_loudness": 0.779134333134,
    "barkbands_kurtosis": {
        "kurt": 41.6266860962,
        "max": 77.7858886719,
        "mean": 2.93639922142,
        "median": 0.860949516296,
        "min": -1.3615847826,
        "skew": 4.9437623024,
        "var": 36.2782249451
    },
    "barkbands_skewness": {
        "kurt": 2.94022130966,
        "max": 7.98127746582,
        "mean": 1.27176952362,
        "median": 0.984891057014,
        "min": -0.777003705502,
        "skew": 1.45632815361,
        "var": 1.3228905201
    },
    "barkbands_spread": {
        "kurt": 4.3821310997,
        "max": 37.0199203491,
        "mean": 8.8432226181,
        "median": 7.08150625229,
        "min": 0.636196494102,
        "skew": 2.20215654373,
        "var": 51.2402496338
    },
    "dissonance": {
        "kurt": 4.30717134476,
        "max": 0.500000119209,
        "mean": 0.433939993382,
        "median": 0.449191898108,
        "min": 3.91879511881e-05,
        "skew": -1.42431116104,
        "var": 0.0033363122493
    },
    "hfc": {
        "kurt": 1.83988714218,
        "max": 95.3573226929,
        "mean": 16.9518013,
        "median": 11.317281723,
        "min": 2.05350420401e-06,
        "skew": 1.34967577457,
        "var": 292.614562988
    },
    "pitch": {
        "kurt": 51.1462440491,
        "max": 3563.58886719,
        "mean": 455.549285889,
        "median": 535.270507812,
        "min": 75.2145767212,
        "skew": 3.41048693657,
        "var": 50386.3046875
    },
    "pitch_instantaneous_confidence": {
        "kurt": -1.50906920433,
        "max": 0.975806415081,
        "mean": 0.63674813509,
        "median": 0.627709746361,
        "min": 0.00687384605408,
        "skew": -0.128686338663,
        "var": 0.0739139616489
    },
    "pitch_salience": {
        "kurt": -0.601821184158,
        "max": 0.892876446247,
        "mean": 0.54656547308,
        "median": 0.569584310055,
        "min": 0.100406073034,
        "skew": -0.590461015701,
        "var": 0.0295197330415
    },
    "silence_rate_20dB": {
        "kurt": 0,
        "max": 1,
        "mean": 1,
        "median": 1,
        "min": 1,
        "skew": 0,
        "var": 0
    },
    "silence_rate_30dB": {
        "kurt": 64.1135940552,
        "max": 1,
        "mean": 0.985528230667,
        "median": 1,
        "min": 0,
        "skew": -8.13105773926,
        "var": 0.0142624517903
    },
    "silence_rate_60dB": {
        "kurt": -0.404313325882,
        "max": 1,
        "mean": 0.232995659113,
        "median": 0,
        "min": 0,
        "skew": 1.26319086552,
        "var": 0.178709596395
    },
    "spectral_centroid": {
        "kurt": -0.608266115189,
        "max": 1351.54980469,
        "mean": 880.508605957,
        "median": 871.604919434,
        "min": 586.821289062,
        "skew": 0.304882526398,
        "var": 30127.84375
    },
    "spectral_complexity": {
        "kurt": -0.350092411041,
        "max": 27,
        "mean": 12.1215629578,
        "median": 12,
        "min": 0,
        "skew": -0.0212137624621,
        "var": 37.7478981018
    },
    "spectral_crest": {
        "kurt": -1.30885386467,
        "max": 26.3733234406,
        "mean": 13.8980388641,
        "median": 13.2080259323,
        "min": 3.42817234993,
        "skew": 0.23531550169,
        "var": 43.4856376648
    },
    "spectral_decrease": {
        "kurt": 3.07069015503,
        "max": -7.76495907995e-16,
        "mean": -5.54200907388e-09,
        "median": -2.60056198798e-09,
        "min": -3.764637313e-08,
        "skew": -1.70472359657,
        "var": 4.27107066143e-17
    },
    "spectral_energy": {
        "kurt": 3.00115585327,
        "max": 0.150732770562,
        "mean": 0.0224543772638,
        "median": 0.0109171746299,
        "min": 3.11693937327e-09,
        "skew": 1.68454146385,
        "var": 0.000685844104737
    },
    "spectral_energyband_high": {
        "kurt": 20.7264633179,
        "max": 9.05939159566e-05,
        "mean": 1.23427626022e-05,
        "median": 9.82669735095e-06,
        "min": 8.80905626222e-11,
        "skew": 4.05579185486,
        "var": 9.53761999933e-11
    },
    "spectral_energyband_low": {
        "kurt": 7.7988576889,
        "max": 0.000279382948065,
        "mean": 4.35472866229e-05,
        "median": 3.61267229891e-05,
        "min": 1.02503461274e-09,
        "skew": 2.09336256981,
        "var": 9.42599331921e-10
    },
    "spectral_energyband_middle_high": {
        "kurt": 0.412639379501,
        "max": 0.0237958803773,
        "mean": 0.00530089298263,
        "median": 0.00429053837433,
        "min": 3.91519178189e-10,
        "skew": 0.922316551208,
        "var": 2.10765538213e-05
    },
    "spectral_energyband_middle_low": {
        "kurt": 4.06625175476,
        "max": 0.13638459146,
        "mean": 0.0171210765839,
        "median": 0.00492194900289,
        "min": 1.59722712834e-09,
        "skew": 1.97583496571,
        "var": 0.000565077585634
    },
    "spectral_flatness_db": {
        "kurt": -0.735712528229,
        "max": 0.447540462017,
        "mean": 0.265787810087,
        "median": 0.253854006529,
        "min": 0.0629260614514,
        "skew": 0.0109350075945,
        "var": 0.00633975630626
    },
    "spectral_flux": {
        "kurt": -0.00743365287781,
        "max": 0.0967180728912,
        "mean": 0.0378815867007,
        "median": 0.0360708348453,
        "min": 0.00676011480391,
        "skew": 0.329097867012,
        "var": 0.000273198442301
    },
    "spectral_kurtosis": {
        "kurt": 0.0578417778015,
        "max": 60.4211730957,
        "mean": 22.661157608,
        "median": 21.0099697113,
        "min": 1.16851711273,
        "skew": 0.537955880165,
        "var": 132.139770508
    },
    "spectral_rms": {
        "kurt": -0.379713058472,
        "max": 0.0121266795322,
        "mean": 0.00390593800694,
        "median": 0.0032635719981,
        "min": 1.74382239493e-06,
        "skew": 0.654211938381,
        "var": 6.65035122438e-06
    },
    "spectral_rolloff": {
        "kurt": 1.90673351288,
        "max": 3294.58007812,
        "mean": 1314.6496582,
        "median": 1313.52539062,
        "min": 559.86328125,
        "skew": 0.894935369492,
        "var": 240796.640625
    },
    "spectral_skewness": {
        "kurt": 0.299620866776,
        "max": 5.94649457932,
        "mean": 3.21623039246,
        "median": 3.18552994728,
        "min": 1.42853522301,
        "skew": 0.0697638094425,
        "var": 0.698446512222
    },
    "spectral_spread": {
        "kurt": 290.541259766,
        "max": 32662130,
        "mean": 2014460.125,
        "median": 1677747,
        "min": 1054105.125,
        "skew": 14.17923069,
        "var": 2.08787800064e+12
    },
    "spectral_strongpeak": {
        "kurt": 0.108349323273,
        "max": 8.30190658569,
        "mean": 2.11088204384,
        "median": 1.60235416889,
        "min": 0,
        "skew": 0.846309244633,
        "var": 3.10587692261
    },
    "zerocrossingrate": {
        "kurt": -0.614341974258,
        "max": 0.08740234375,
        "mean": 0.0447021126747,
        "median": 0.04541015625,
        "min": 0,
        "skew": 0.21149507165,
        "var": 0.00020438687352
    },
    "barkbands": {
        "kurt": [11.9075183868, 32.1042823792, 6.97326564789, 10.4801721573, 7.85361862183, 14.0379238129, 20.2111968994, 3.88122653961, 3.5532283783, 14.5311660767, 5.95045661926, 7.75814247131, 4.21430683136, 4.19639539719, 93.2607879639, 12.7587804794, 10.1232299805, 41.5669708252, 31.8807067871, 17.9642696381, 7.5728187561, 4.19355821609, 20.8075485229, 312.926300049, 285.954162598, 26.14128685, 31.0119667053],
        "max": [1.76672915586e-06, 7.12876935722e-05, 0.000213184175664, 0.000117096598842, 0.000366837135516, 0.000493849685881, 0.00383355421945, 0.135819271207, 0.00740939332172, 0.0017958492972, 0.00704004755244, 0.0202973466367, 0.00436100410298, 0.00465001957491, 0.00608828943223, 0.00575923034921, 0.00135595863685, 0.00177922344301, 0.00104828353506, 0.000209703008295, 1.8544275008e-05, 3.08783637593e-06, 7.58423482239e-07, 6.07384095019e-07, 3.37840020848e-07, 1.22986740791e-08, 1.18076135536e-08],
        "mean": [1.72965044953e-07, 5.53343807042e-06, 2.99144667224e-05, 1.43862162076e-05, 6.55510302749e-05, 5.1875023928e-05, 0.000351574592059, 0.0157647840679, 0.000839936663397, 0.000131697495817, 0.000760407478083, 0.00220713741146, 0.00064536271384, 0.00056844035862, 0.000195580971194, 0.000504555879161, 0.000142642020364, 9.81860139291e-05, 5.03532974108e-05, 2.05589585676e-05, 4.43780299975e-06, 1.06859170046e-06, 1.7412951081e-07, 4.91643135092e-08, 2.33125216909e-08, 1.52425128075e-09, 5.89160165099e-10],
        "median": [1.05844947029e-07, 3.79790617444e-06, 2.43185495492e-05, 1.03303100332e-05, 5.3073901654e-05, 3.07084737869e-05, 0.000258241139818, 0.00203952100128, 0.000278244202491, 5.68249561184e-05, 0.000183646785445, 0.00113525276538, 0.000340058846632, 0.000266894727247, 7.97114989837e-05, 0.000189344893442, 7.36223373679e-05, 4.97785767948e-05, 2.20094643737e-05, 1.21286439025e-05, 3.87439922633e-06, 1.02469766716e-06, 1.67321914546e-07, 4.5956042527e-08, 2.13422968187e-08, 1.15742826434e-09, 1.46229556242e-10],
        "min": [3.08428893536e-10, 4.51393838974e-10, 2.8442834199e-10, 2.64961053098e-10, 5.52527246178e-10, 3.76619430087e-10, 2.1730853228e-10, 1.0635622244e-10, 6.52828346936e-11, 5.27429280806e-11, 6.01025132441e-11, 6.09695766096e-11, 4.06041450463e-11, 4.24211915595e-11, 3.70216253487e-11, 2.84011442836e-11, 2.64468915517e-11, 7.4866996283e-12, 2.55142122707e-11, 2.66922352277e-11, 1.6947089565e-11, 1.12419006396e-11, 1.09619847921e-11, 1.03427258077e-11, 9.5563253491e-12, 9.3940879381e-12, 1.00010121712e-11],
        "skew": [2.86335110664, 4.36145401001, 1.93956410885, 2.65773844719, 2.2860686779, 3.39938950539, 3.64945816994, 1.94569599628, 1.80530416965, 3.27939295769, 2.54552721977, 2.40660691261, 1.9603536129, 1.94054079056, 8.14455509186, 3.17198705673, 2.8330283165, 5.51777410507, 5.25692176819, 4.03242063522, 2.38550281525, 1.33222043514, 2.47321391106, 15.1490249634, 14.4042224884, 4.33975076675, 4.86923980713],
        "var": [4.30572664654e-14, 3.77724379552e-11, 5.52383194741e-10, 1.85442106115e-10, 2.4210429217e-09, 4.09840028581e-09, 1.49541051542e-07, 0.00058594258735, 1.29629154344e-06, 3.86494640736e-08, 1.88378771782e-06, 8.12617327028e-06, 5.59444629289e-07, 5.05864250044e-07, 1.66019731296e-07, 6.35296089513e-07, 3.52044935426e-08, 2.68923230351e-08, 1.17653353726e-08, 7.84987186364e-10, 6.32165543871e-12, 1.05122385948e-13, 2.84907684501e-15, 6.70534309755e-16, 2.23047306646e-16, 1.43704929766e-18, 1.51732717611e-18],
        "cov": [[4.31196690766e-14, 5.76417494465e-13, 2.22758281005e-13, -5.94866630997e-14, -7.60890536775e-13, -1.44400919173e-12, -3.01904725178e-12, -1.12109564687e-10, 4.05655162239e-11, -2.39812510128e-12, 2.2954652068e-11, -1.10672955175e-11, -2.56161476579e-12, -6.20244133831e-12, -1.09193632868e-12, 5.19720811526e-12, 1.40823323055e-12, -1.61046924494e-12, 2.69642733705e-13, 2.86227557498e-13, -1.31329858081e-14, -3.31805992966e-15, -1.61476177308e-16, 4.31045696556e-16, 4.51686407173e-16, 2.26624227521e-17, 7.73651190855e-18], [5.76417494465e-13, 3.78271823587e-11, 2.34437573521e-11, 2.73233063779e-12, -1.29539790353e-11, -2.26016896171e-11, -3.25953955667e-12, -1.90901339181e-08, 9.71879687839e-10, -7.33243119e-11, 2.35433395002e-10, -2.06314587636e-09, -1.60736118859e-10, -5.37020927727e-10, -1.62487523436e-10, -2.93735369361e-10, -4.41058890799e-11, -1.40898709367e-10, -4.90284306209e-11, -3.91077225942e-13, -1.10246198021e-12, -1.00553815491e-13, -3.0350884566e-14, 3.20032933802e-15, 3.22656554828e-15, -6.20733669365e-17, -2.61223372746e-16], [2.22758281005e-13, 2.34437573521e-11, 5.53183776564e-10, 1.16987766696e-10, 8.22861223604e-12, 4.22753628979e-12, 1.11733966524e-09, 4.16125836011e-08, -1.1724616833e-09, -1.48978385184e-10, 5.62068169785e-09, 2.84586865185e-09, 5.93370186319e-10, 1.51685952687e-09, -4.69371042033e-10, 1.89231963432e-09, 3.42261163855e-10, 8.88918175179e-11, 5.3832462793e-11, 5.35623490006e-11, 5.36998483874e-12, 2.83280099682e-13, 5.34881282332e-14, -1.64906133996e-14, -1.33209644419e-14, -2.6249238692e-16, 4.14988696461e-18], [-5.94866630997e-14, 2.73233063779e-12, 1.16987766696e-10, 1.85710863354e-10, 4.80397180369e-11, 1.70647870834e-10, 8.04209421279e-10, -2.20551097385e-08, 2.10715653259e-10, 2.65156507862e-10, -4.20344037355e-10, -1.54372048478e-09, 1.27940213979e-09, -5.63245179663e-11, -1.24063450485e-11, -5.42047740026e-10, 2.07868808971e-11, -1.17015994117e-10, -8.02459487748e-11, -2.30388919747e-11, 7.51064249856e-13, -2.22248529801e-13, 4.97496712405e-15, -8.82412751131e-15, -7.941614895e-15, -2.0269111969e-16, -5.62824011995e-17], [-7.60890536775e-13, -1.29539790353e-11, 8.22861223604e-12, 4.80397180369e-11, 2.42455167054e-09, 1.09133346804e-09, 4.46459269554e-09, -1.19759988593e-07, 4.19606172031e-09, 3.1481517393e-09, -2.35408270655e-09, -8.90867823955e-09, 8.60597015873e-09, -3.86467496893e-10, 7.69551533608e-10, -1.55026236293e-09, 3.16495690766e-10, 4.50277974628e-11, 1.73137563314e-11, -8.24368767693e-11, 7.20888734991e-13, -4.55434098095e-14, 9.48394127446e-14, 6.68366847734e-15, 3.72680266638e-15, -3.03867394707e-15, -3.65496707268e-15], [-1.44400919173e-12, -2.26016896171e-11, 4.22753628979e-12, 1.70647870834e-10, 1.09133346804e-09, 4.10433997899e-09, 1.15425571323e-08, -3.36342935725e-07, 9.15640718802e-09, 5.3886823892e-09, -7.61246976566e-09, -2.70810200931e-08, 1.75223906496e-08, -6.33013597096e-09, 3.96900345923e-10, -6.93761226245e-09, 1.66037406046e-10, -7.2951544805e-10, -3.71404351718e-10, -1.79506548514e-10, -1.1669051142e-11, -9.70359426491e-13, -3.81317969821e-14, -2.52598472467e-14, -3.63280945311e-14, -7.19355859466e-15, -7.37864376397e-15], [-3.01904725178e-12, -3.25953955667e-12, 1.11733966524e-09, 8.04209421279e-10, 4.46459269554e-09, 1.15425571323e-08, 1.49757781287e-07, -7.56530766921e-07, 6.42987885158e-08, 2.32743850859e-08, 4.2039896897e-08, -7.70633477032e-08, 1.11125068258e-07, 2.45358595663e-08, 3.61215968248e-09, 1.82559045658e-09, 4.9553166015e-09, -3.10923220503e-09, 6.01696470426e-10, -4.77776880559e-11, 1.11538374023e-11, 3.74655222211e-13, -1.09610031555e-12, -8.35399078473e-13, -3.66134368917e-13, -1.78223219874e-14, -7.46452866966e-15], [-1.12109564687e-10, -1.90901339181e-08, 4.16125836011e-08, -2.20551097385e-08, -1.19759988593e-07, -3.36342935725e-07, -7.56530766921e-07, 0.000586791778915, -9.77419222181e-06, -1.06531081201e-06, 4.93082961839e-06, 2.97778351523e-05, -3.81033396479e-06, 9.73766145762e-06, 7.11410677923e-07, 7.30993542675e-06, 6.5031701979e-07, 1.43223394389e-06, 6.96209667694e-07, 1.39607465144e-07, 1.46100322951e-08, 6.50919484979e-10, 8.97261015487e-11, -3.2965834923e-11, -9.55117235302e-12, 1.0772659674e-11, 1.14649097507e-11], [4.05655162239e-11, 9.71879687839e-10, -1.1724616833e-09, 2.10715653259e-10, 4.19606172031e-09, 9.15640718802e-09, 6.42987885158e-08, -9.77419222181e-06, 1.29817033212e-06, 5.93774771573e-08, -3.86876592984e-07, -5.60178193609e-07, 3.24223321968e-07, -2.21604139483e-07, 3.66738319713e-08, -2.32909542319e-07, -1.90017246382e-09, -1.74840888434e-08, -1.65116293971e-08, -7.99596211465e-09, -5.43127764985e-10, -6.11645872839e-11, -9.10468922477e-12, -2.02590656924e-12, -6.48181324153e-13, -1.3893346109e-13, -1.67870044579e-13], [-2.39812510128e-12, -7.33243119e-11, -1.48978385184e-10, 2.65156507862e-10, 3.1481517393e-09, 5.3886823892e-09, 2.32743850859e-08, -1.06531081201e-06, 5.93774771573e-08, 3.87054761575e-08, -1.87743882663e-08, -6.84885606006e-08, 8.70784973017e-08, -1.18671010796e-08, 6.90415946636e-09, -1.9343788793e-08, 5.05213693103e-09, 7.22596926739e-10, -5.14326636836e-10, -6.96547208801e-10, 2.38195088653e-11, 7.29930439008e-13, 8.04623620336e-13, -1.91714279543e-13, -1.85003501776e-13, -1.52369605919e-14, -2.02832813479e-14], [2.2954652068e-11, 2.35433395002e-10, 5.62068169785e-09, -4.20344037355e-10, -2.35408270655e-09, -7.61246976566e-09, 4.2039896897e-08, 4.93082961839e-06, -3.86876592984e-07, -1.87743882663e-08, 1.88651790722e-06, 6.94097366249e-07, -3.9607243707e-08, 4.2977086423e-07, -4.38936815783e-08, 6.27755639471e-07, 1.36876863621e-07, 8.64543814316e-09, 5.61106716646e-08, 2.79769025724e-08, 1.4921437419e-09, 1.27523713811e-10, 3.01651932599e-12, -2.63508962914e-12, -1.16959404401e-12, 2.82953158516e-13, 3.37881686605e-13], [-1.10672955175e-11, -2.06314587636e-09, 2.84586865185e-09, -1.54372048478e-09, -8.90867823955e-09, -2.70810200931e-08, -7.70633477032e-08, 2.97778351523e-05, -5.60178193609e-07, -6.84885606006e-08, 6.94097366249e-07, 8.13795031718e-06, 6.93122998996e-08, 4.0520450284e-07, 4.67402315962e-07, 4.98891608913e-07, 1.74182616774e-07, 2.06623468557e-07, 5.8860223362e-08, 1.55256643097e-08, 2.36979857959e-09, 8.0863329921e-11, 1.18263029578e-11, -6.93458832024e-12, -4.0482218272e-12, 1.15350405009e-12, 1.34069209727e-12], [-2.56161476579e-12, -1.60736118859e-10, 5.93370186319e-10, 1.27940213979e-09, 8.60597015873e-09, 1.75223906496e-08, 1.11125068258e-07, -3.81033396479e-06, 3.24223321968e-07, 8.70784973017e-08, -3.9607243707e-08, 6.93122998996e-08, 5.60255443816e-07, -3.53780471585e-08, 7.39528829286e-08, -1.06327755489e-08, 4.71193111196e-08, 1.50738035387e-08, 7.07451963677e-09, -6.40344777203e-10, 2.76704298363e-10, -3.94986604188e-12, 9.49380222874e-13, -2.07298327809e-12, -1.78369461128e-12, -4.15135184258e-14, -2.5204248004e-14], [-6.20244133831e-12, -5.37020927727e-10, 1.51685952687e-09, -5.63245179663e-11, -3.86467496893e-10, -6.33013597096e-09, 2.45358595663e-08, 9.73766145762e-06, -2.21604139483e-07, -1.18671010796e-08, 4.2977086423e-07, 4.0520450284e-07, -3.53780471585e-08, 5.06597359617e-07, -1.81067694172e-08, 3.28355582724e-07, 2.75078946288e-08, 2.88062782516e-08, 3.16770005782e-08, 6.14429174206e-09, 3.73560071765e-10, 3.25360224873e-11, 4.53630058864e-12, -1.13185882108e-12, -1.49624683845e-13, 1.80044564327e-13, 1.8008581822e-13], [-1.09193632868e-12, -1.62487523436e-10, -4.69371042033e-10, -1.24063450485e-11, 7.69551533608e-10, 3.96900345923e-10, 3.61215968248e-09, 7.11410677923e-07, 3.66738319713e-08, 6.90415946636e-09, -4.38936815783e-08, 4.67402315962e-07, 7.39528829286e-08, -1.81067694172e-08, 1.66260335277e-07, -1.91488358503e-09, 2.87311454628e-08, 1.15236513665e-08, 2.09462491796e-09, -3.19946603933e-11, 1.98399921492e-10, 1.60921677459e-12, -9.71569321577e-15, -9.62401490966e-13, -5.8502882443e-13, 4.98659239714e-14, 6.24748869174e-14], [5.19720811526e-12, -2.93735369361e-10, 1.89231963432e-09, -5.42047740026e-10, -1.55026236293e-09, -6.93761226245e-09, 1.82559045658e-09, 7.30993542675e-06, -2.32909542319e-07, -1.9343788793e-08, 6.27755639471e-07, 4.98891608913e-07, -1.06327755489e-08, 3.28355582724e-07, -1.91488358503e-09, 6.36216839212e-07, 8.33997546579e-08, 4.94195582235e-08, 5.99495066922e-08, 1.5569417755e-08, 1.18872733879e-09, 8.51955589409e-11, 4.44093893603e-12, -1.26534839464e-12, -3.72188418323e-13, 2.02254350963e-13, 2.20305151617e-13], [1.40823323055e-12, -4.41058890799e-11, 3.42261163855e-10, 2.07868808971e-11, 3.16495690766e-10, 1.66037406046e-10, 4.9553166015e-09, 6.5031701979e-07, -1.90017246382e-09, 5.05213693103e-09, 1.36876863621e-07, 1.74182616774e-07, 4.71193111196e-08, 2.75078946288e-08, 2.87311454628e-08, 8.33997546579e-08, 3.52555140637e-08, 1.11140598946e-08, 1.17602834138e-08, 3.78482090113e-09, 3.28770455305e-10, 1.88453593009e-11, 1.06437276527e-12, -4.9377066021e-13, -3.87144634927e-13, 4.1136839486e-14, 4.95957035206e-14], [-1.61046924494e-12, -1.40898709367e-10, 8.88918175179e-11, -1.17015994117e-10, 4.50277974628e-11, -7.2951544805e-10, -3.10923220503e-09, 1.43223394389e-06, -1.74840888434e-08, 7.22596926739e-10, 8.64543814316e-09, 2.06623468557e-07, 1.50738035387e-08, 2.88062782516e-08, 1.15236513665e-08, 4.94195582235e-08, 1.11140598946e-08, 2.69312980805e-08, 8.7431963891e-09, 1.16195253419e-09, 1.80696985153e-10, 7.69747807161e-12, 1.24523503488e-12, -2.63781536761e-13, -1.87366791461e-13, 4.51349061478e-14, 5.099121063e-14], [2.69642733705e-13, -4.90284306209e-11, 5.3832462793e-11, -8.02459487748e-11, 1.73137563314e-11, -3.71404351718e-10, 6.01696470426e-10, 6.96209667694e-07, -1.65116293971e-08, -5.14326636836e-10, 5.61106716646e-08, 5.8860223362e-08, 7.07451963677e-09, 3.16770005782e-08, 2.09462491796e-09, 5.99495066922e-08, 1.17602834138e-08, 8.7431963891e-09, 1.17823866219e-08, 1.98241778548e-09, 1.7260573526e-10, 1.07954678183e-11, 9.72203112286e-13, -5.50997744338e-14, -4.17823904002e-14, 2.9250781891e-14, 2.99468803434e-14], [2.86227557498e-13, -3.91077225942e-13, 5.35623490006e-11, -2.30388919747e-11, -8.24368767693e-11, -1.79506548514e-10, -4.77776880559e-11, 1.39607465144e-07, -7.99596211465e-09, -6.96547208801e-10, 2.79769025724e-08, 1.55256643097e-08, -6.40344777203e-10, 6.14429174206e-09, -3.19946603933e-11, 1.5569417755e-08, 3.78482090113e-09, 1.16195253419e-09, 1.98241778548e-09, 7.86124887409e-10, 4.82449288852e-11, 3.97298687005e-12, 1.19007451463e-13, -2.47669740212e-14, -1.73411174878e-14, 5.4985812927e-15, 6.47148630054e-15], [-1.31329858081e-14, -1.10246198021e-12, 5.36998483874e-12, 7.51064249856e-13, 7.20888734991e-13, -1.1669051142e-11, 1.11538374023e-11, 1.46100322951e-08, -5.43127764985e-10, 2.38195088653e-11, 1.4921437419e-09, 2.36979857959e-09, 2.76704298363e-10, 3.73560071765e-10, 1.98399921492e-10, 1.18872733879e-09, 3.28770455305e-10, 1.80696985153e-10, 1.7260573526e-10, 4.82449288852e-11, 6.33081738075e-12, 3.51680083709e-13, 2.53195190237e-14, -1.28950993577e-15, -2.15264995567e-15, 7.13819069788e-16, 8.12782375939e-16], [-3.31805992966e-15, -1.00553815491e-13, 2.83280099682e-13, -2.22248529801e-13, -4.55434098095e-14, -9.70359426491e-13, 3.74655222211e-13, 6.50919484979e-10, -6.11645872839e-11, 7.29930439008e-13, 1.27523713811e-10, 8.0863329921e-11, -3.94986604188e-12, 3.25360224873e-11, 1.60921677459e-12, 8.51955589409e-11, 1.88453593009e-11, 7.69747807161e-12, 1.07954678183e-11, 3.97298687005e-12, 3.51680083709e-13, 1.05274736682e-13, 5.62179366983e-15, 2.26558443501e-15, 1.12624052354e-15, 5.49499091856e-17, 4.14721657744e-17], [-1.61476177308e-16, -3.0350884566e-14, 5.34881282332e-14, 4.97496712405e-15, 9.48394127446e-14, -3.81317969821e-14, -1.09610031555e-12, 8.97261015487e-11, -9.10468922477e-12, 8.04623620336e-13, 3.01651932599e-12, 1.18263029578e-11, 9.49380222874e-13, 4.53630058864e-12, -9.71569321577e-15, 4.44093893603e-12, 1.06437276527e-12, 1.24523503488e-12, 9.72203112286e-13, 1.19007451463e-13, 2.53195190237e-14, 5.62179366983e-15, 2.85320591887e-15, 6.48160887365e-16, 3.581578497e-16, 9.04373024598e-18, 2.35013199644e-18], [4.31045696556e-16, 3.20032933802e-15, -1.64906133996e-14, -8.82412751131e-15, 6.68366847734e-15, -2.52598472467e-14, -8.35399078473e-13, -3.2965834923e-11, -2.02590656924e-12, -1.91714279543e-13, -2.63508962914e-12, -6.93458832024e-12, -2.07298327809e-12, -1.13185882108e-12, -9.62401490966e-13, -1.26534839464e-12, -4.9377066021e-13, -2.63781536761e-13, -5.50997744338e-14, -2.47669740212e-14, -1.28950993577e-15, 2.26558443501e-15, 6.48160887365e-16, 6.71506121243e-16, 3.48763248463e-16, 5.92578004685e-18, -8.80440510373e-20], [4.51686407173e-16, 3.22656554828e-15, -1.33209644419e-14, -7.941614895e-15, 3.72680266638e-15, -3.63280945311e-14, -3.66134368917e-13, -9.55117235302e-12, -6.48181324153e-13, -1.85003501776e-13, -1.16959404401e-12, -4.0482218272e-12, -1.78369461128e-12, -1.49624683845e-13, -5.8502882443e-13, -3.72188418323e-13, -3.87144634927e-13, -1.87366791461e-13, -4.17823904002e-14, -1.73411174878e-14, -2.15264995567e-15, 1.12624052354e-15, 3.581578497e-16, 3.48763248463e-16, 2.23370555595e-16, 3.78819976023e-18, -1.65719124909e-20], [2.26624227521e-17, -6.20733669365e-17, -2.6249238692e-16, -2.0269111969e-16, -3.03867394707e-15, -7.19355859466e-15, -1.78223219874e-14, 1.0772659674e-11, -1.3893346109e-13, -1.52369605919e-14, 2.82953158516e-13, 1.15350405009e-12, -4.15135184258e-14, 1.80044564327e-13, 4.98659239714e-14, 2.02254350963e-13, 4.1136839486e-14, 4.51349061478e-14, 2.9250781891e-14, 5.4985812927e-15, 7.13819069788e-16, 5.49499091856e-17, 9.04373024598e-18, 5.92578004685e-18, 3.78819976023e-18, 1.43913203504e-18, 1.40734627584e-18], [7.73651190855e-18, -2.61223372746e-16, 4.14988696461e-18, -5.62824011995e-17, -3.65496707268e-15, -7.37864376397e-15, -7.46452866966e-15, 1.14649097507e-11, -1.67870044579e-13, -2.02832813479e-14, 3.37881686605e-13, 1.34069209727e-12, -2.5204248004e-14, 1.8008581822e-13, 6.24748869174e-14, 2.20305151617e-13, 4.95957035206e-14, 5.099121063e-14, 2.99468803434e-14, 6.47148630054e-15, 8.12782375939e-16, 4.14721657744e-17, 2.35013199644e-18, -8.80440510373e-20, -1.65719124909e-20, 1.40734627584e-18, 1.51952613237e-18]]
    },
    "mfcc": {
        "kurt": [11.8296785355, 10.718495369, 0.0887756347656, 2.1782002449, 1.48351430893, 0.501540184021, -0.154672384262, 0.0508522987366, -0.0700092315674, -0.0935323238373, -0.378744840622, -0.370726823807, -0.921527385712],
        "max": [-694.520690918, 208.508209229, -6.103515625e-05, 61.5405807495, 10.3569641113, 14.2362976074, 14.8279457092, 8.65117835999, 15.9324531555, 22.5346889496, 30.6378974915, 38.7205200195, 33.9811210632],
        "mean": [-758.152954102, 177.587356567, -93.5536117554, -0.321374952793, -23.0471420288, -13.9524478912, -7.41780853271, -13.1007070541, -1.14734530449, -1.66982364655, 11.9253005981, 10.2413158417, 6.18025302887],
        "median": [-745.736083984, 182.636749268, -101.290542603, -4.95621871948, -23.275188446, -13.9783325195, -7.0567779541, -13.0212478638, -0.985969543457, -2.03844451904, 12.0458641052, 10.2712478638, 3.53415679932],
        "min": [-1138.42004395, 1.14440917969e-05, -150.844604492, -30.1612167358, -54.6295166016, -42.0444908142, -30.9726028442, -39.3687744141, -19.3012313843, -21.4906921387, -10.8621730804, -17.1504974365, -15.5238037109],
        "skew": [-2.22398877144, -2.34248733521, 0.822447121143, 1.65840184689, 0.142790108919, -0.129738271236, -0.102811515331, -0.101297155023, -0.124846987426, 0.163792386651, -0.165192365646, -0.177560120821, 0.347308695316],
        "var": [1609.05432129, 381.479644775, 723.856018066, 335.938140869, 61.1334495544, 61.7101402283, 60.278755188, 48.1112670898, 37.4990463257, 49.5008811951, 59.9437522888, 95.6496276855, 114.910072327],
        "cov": [[1611.38623047, 664.409912109, -990.307250977, -509.764709473, -81.5873336792, -179.626113892, -137.713806152, -9.38062763214, 69.0415267944, 57.4974632263, 133.906494141, 248.778625488, 155.491378784], [664.409912109, 382.032531738, -346.065979004, -296.62487793, -60.5132751465, -55.6997413635, -58.3063278198, -7.93659830093, 32.3542861938, 33.8460502625, 68.2213439941, 89.0422592163, 33.3572273254], [-990.307250977, -346.065979004, 724.905090332, 330.823364258, 28.5736789703, 132.753189087, 95.0867996216, -1.60021030903, -50.1638069153, -39.3313713074, -91.170501709, -179.312789917, -117.440818787], [-509.764709473, -296.62487793, 330.823364258, 336.424987793, 76.3020248413, 49.2264823914, 54.3649902344, -1.82630598545, -29.1461925507, -34.4774131775, -69.237663269, -77.1043548584, -16.725479126], [-81.5873336792, -60.5132751465, 28.5736789703, 76.3020248413, 61.2220497131, 19.4942436218, 2.8605864048, 3.75160717964, 3.15466833115, -2.89651894569, -10.3687610626, -2.72448348999, 8.88267993927], [-179.626113892, -55.6997413635, 132.753189087, 49.2264823914, 19.4942436218, 61.7995758057, 35.0210838318, 4.1077337265, -5.44782161713, -8.99816322327, -20.6125488281, -36.2218818665, -20.9666786194], [-137.713806152, -58.3063278198, 95.0867996216, 54.3649902344, 2.8605864048, 35.0210838318, 60.3661193848, 26.6156311035, -8.1051158905, -13.1868619919, -20.0312099457, -33.1708183289, -26.5773525238], [-9.38062763214, -7.93659830093, -1.60021030903, -1.82630598545, 3.75160717964, 4.1077337265, 26.6156311035, 48.1809959412, 13.3955984116, -8.44573879242, -0.309032022953, -11.0051374435, -25.3275413513], [69.0415267944, 32.3542861938, -50.1638069153, -29.1461925507, 3.15466833115, -5.44782161713, -8.1051158905, 13.3955984116, 37.5533905029, 23.5099334717, 15.5949668884, 23.6080646515, 12.9547147751], [57.4974632263, 33.8460502625, -39.3313713074, -34.4774131775, -2.89651894569, -8.99816322327, -13.1868619919, -8.44573879242, 23.5099334717, 49.5726203918, 37.725769043, 29.3870944977, 19.6719989777], [133.906494141, 68.2213439941, -91.170501709, -69.237663269, -10.3687610626, -20.6125488281, -20.0312099457, -0.309032022953, 15.5949668884, 37.725769043, 60.0306282043, 45.9057044983, 10.8995695114], [248.778625488, 89.0422592163, -179.312789917, -77.1043548584, -2.72448348999, -36.2218818665, -33.1708183289, -11.0051374435, 23.6080646515, 29.3870944977, 45.9057044983, 95.7882461548, 76.6140136719], [155.491378784, 33.3572273254, -117.440818787, -16.725479126, 8.88267993927, -20.9666786194, -26.5773525238, -25.3275413513, 12.9547147751, 19.6719989777, 10.8995695114, 76.6140136719, 115.07660675]]
    },
    "sccoeffs": {
        "kurt": [0.516845226288, -1.20291769505, -0.793917179108, 0.598483562469, -0.411791324615, 20.7217979431],
        "max": [-0.561947584152, -0.268170624971, -0.505016207695, -0.52952003479, -0.648656249046, -0.718686878681],
        "mean": [-0.729454219341, -0.586106002331, -0.71774828434, -0.733945310116, -0.782306790352, -0.7821611166],
        "median": [-0.731582343578, -0.624144434929, -0.723513424397, -0.729966402054, -0.784171879292, -0.782256424427],
        "min": [-0.986011981964, -0.941254794598, -0.992420434952, -0.972795367241, -0.958880186081, -0.968491613865],
        "skew": [0.0700221732259, 0.230030328035, 0.107793040574, -0.485249072313, 0.0978155061603, -1.73595702648],
        "var": [0.00271145952865, 0.0264136865735, 0.00831352267414, 0.00352923525497, 0.00243313028477, 0.000290959287668],
        "cov": [[0.00271538924426, 0.000176352623384, -2.61158402282e-05, 0.000225202093134, 0.000269984506303, 0.000145658574183], [0.000176352623384, 0.0264519676566, 0.0111062126234, 0.00504831317812, 0.00416223611683, 0.000780286849476], [-2.61158402282e-05, 0.0111062126234, 0.00832557119429, 0.00296680163592, 0.0025136761833, 0.000505710253492], [0.000225202093134, 0.00504831317812, 0.00296680163592, 0.00353435007855, 0.00164691056125, 0.000362559803762], [0.000269984506303, 0.00416223611683, 0.0025136761833, 0.00164691056125, 0.00243665650487, 0.000450472463854], [0.000145658574183, 0.000780286849476, 0.000505710253492, 0.000362559803762, 0.000450472463854, 0.000291380943963]]
    },
    "scvalleys": {
        "kurt": [10.6230611801, 18.8765487671, 12.612326622, 14.5862731934, 146.71585083, 205.684875488],
        "max": [-6.35241794586, -4.93687152863, -5.16106462479, -5.60547733307, -7.10820198059, -10.1173257828],
        "mean": [-7.48741912842, -6.30695104599, -6.41696405411, -6.71876907349, -8.0408372879, -11.278878212],
        "median": [-7.45433616638, -6.27372169495, -6.34025907516, -6.58998632431, -8.03256893158, -11.2832288742],
        "min": [-11.4639282227, -12.4066820145, -12.8323221207, -13.4516410828, -14.2205753326, -14.9857368469],
        "skew": [-1.50665974617, -2.11382246017, -2.0542049408, -2.26211237907, -8.20966243744, -9.98077297211],
        "var": [0.181664988399, 0.321187436581, 0.443812251091, 0.447272390127, 0.119135372341, 0.0364558249712],
        "cov": [[0.181928262115, 0.0437006726861, 0.0454131737351, 0.0462896861136, 0.0311399865896, 0.0209081117064], [0.0437006726861, 0.321652919054, 0.292396575212, 0.261194884777, 0.0867979601026, 0.0181872695684], [0.0454131737351, 0.292396575212, 0.444455444813, 0.372939318419, 0.117741391063, 0.0122171360999], [0.0462896861136, 0.261194884777, 0.372939318419, 0.447920590639, 0.162103101611, 0.0107110254467], [0.0311399865896, 0.0867979601026, 0.117741391063, 0.162103101611, 0.119308032095, 0.0284937508404], [0.0209081117064, 0.0181872695684, 0.0122171360999, 0.0107110254467, 0.0284937508404, 0.0365086607635]]
    }
},
"rhythm": {
    "beats_loudness": {
        "kurt": -0.863875389099,
        "max": 0.0648513510823,
        "mean": 0.0220549982041,
        "median": 0.0141420988366,
        "min": 0.000181969429832,
        "skew": 0.672779202461,
        "var": 0.000391600653529
    },
    "bpm": 96.6233444214,
    "confidence": 1.31766831875,
    "first_peak_bpm": {
        "kurt": 0,
        "max": 96,
        "mean": 96,
        "median": 96,
        "min": 96,
        "skew": 0,
        "var": 0
    },
    "first_peak_spread": {
        "kurt": 0,
        "max": 0.25,
        "mean": 0.25,
        "median": 0.25,
        "min": 0.25,
        "skew": 0,
        "var": 0
    },
    "first_peak_weight": {
        "kurt": 0,
        "max": 0.239999994636,
        "mean": 0.239999994636,
        "median": 0.239999994636,
        "min": 0.239999994636,
        "skew": 0,
        "var": 0
    },
    "onset_rate": 0.3125,
    "second_peak_bpm": {
        "kurt": 0,
        "max": 105,
        "mean": 105,
        "median": 105,
        "min": 105,
        "skew": 0,
        "var": 0
    },
    "second_peak_spread": {
        "kurt": 0,
        "max": 0.647058844566,
        "mean": 0.647058844566,
        "median": 0.647058844566,
        "min": 0.647058844566,
        "skew": 0,
        "var": 0
    },
    "second_peak_weight": {
        "kurt": 0,
        "max": 0.239999994636,
        "mean": 0.239999994636,
        "median": 0.239999994636,
        "min": 0.239999994636,
        "skew": 0,
        "var": 0
    },
    "beats_loudness_band_ratio": {
        "kurt": [10.0966176987, 8.14267349243, -0.8019323349, -0.128334999084, 2.3770403862, 14.5226459503],
        "max": [0.238617271185, 0.243782952428, 0.9490198493, 0.750044047832, 0.180308431387, 0.11172876507],
        "mean": [0.022441951558, 0.0300241801888, 0.586383938789, 0.297324538231, 0.066544264555, 0.00942862406373],
        "median": [0.00537111843005, 0.00895813386887, 0.604903519154, 0.272549599409, 0.0583067685366, 0.00348688988015],
        "min": [0.000538024352863, 0.00151411350816, 0.132132127881, 0.0262504797429, 0.0175775457174, 0.000807866919786],
        "skew": [3.31288433075, 2.83993816376, -0.207415267825, 0.559631764889, 1.50079202652, 3.90895175934],
        "var": [0.00266078021377, 0.00275777000934, 0.0444404296577, 0.0293290577829, 0.00137526006438, 0.000495186599437],
        "cov": [[0.00276721152477, 0.0022475484293, -0.0049676517956, -0.00194950087462, 0.00114517251495, 0.00116914627142], [0.0022475484293, 0.00286808074452, -0.00522700557485, -0.000927820045035, 0.000688913045451, 0.000828300253488], [-0.0049676517956, -0.00522700557485, 0.0462180487812, -0.0290860962123, -0.00583238014951, -0.00200727838092], [-0.00194950087462, -0.000927820045035, -0.0290860962123, 0.0305022187531, 0.00218068785034, -0.000878614315297], [0.00114517251495, 0.000688913045451, -0.00583238014951, 0.00218068785034, 0.00143027049489, 0.000530553516001], [0.00116914627142, 0.000828300253488, -0.00200727838092, -0.000878614315297, 0.000530553516001, 0.000514994026162]]
    },
    "beats_position": [0.580498874187, 1.17260766029, 1.764716506, 2.35682535172, 2.94893407822, 3.52943301201, 4.1099319458, 4.67882061005, 5.24770975113, 5.8282084465, 6.40870714188, 6.96598625183, 7.52326536179, 8.09215450287, 8.66104316711, 9.21832180023, 9.78721046448, 10.3560991287, 10.95981884, 11.5635375977, 12.1904764175, 12.8174142838, 13.4443531036, 14.0712919235, 14.6982307434, 15.3251695633],
    "bpm_estimates": [99.3838653564, 99.3840255737, 95.7031173706, 95.7032623291, 95.7031173706, 95.7031173706, 95.7031173706, 95.7031173706],
    "bpm_intervals": [0.592108786106, 0.592108845711, 0.592108845711, 0.592108726501, 0.580498933792, 0.580498933792, 0.568888664246, 0.568889141083, 0.580498695374, 0.580498695374, 0.557279109955, 0.557279109955, 0.568889141083, 0.568888664246, 0.557278633118, 0.568888664246, 0.568888664246, 0.603719711304, 0.603718757629, 0.626938819885, 0.626937866211, 0.626938819885, 0.626938819885, 0.626938819885, 0.626938819885],
    "onset_times": [0.0116099771112, 0.232199549675, 3.49460315704, 5.78176879883, 10.1239004135],
    "histogram": [[0, 0, 0, 0, 0, 0, 0, 0, 0, 0, 0, 0, 0, 0, 0, 0, 0, 0, 0, 0, 0, 0, 0, 0, 0, 0, 0, 0, 0, 0, 0, 0, 0, 0, 0, 0, 0, 0, 0, 0, 0, 0, 0, 0, 0, 0, 0, 0, 0, 0, 0, 0, 0, 0, 0, 0, 0, 0, 0, 0, 0, 0, 0, 0, 0, 0, 0, 0, 0, 0, 0, 0, 0, 0, 0, 0, 0, 0, 0, 0, 0, 0, 0, 0, 0, 0, 0, 0, 0, 0, 0, 0, 0, 0, 0, 0, 0.239999994636, 0, 0, 0.0799999982119, 0, 0.159999996424, 0, 0.159999996424, 0, 0.239999994636, 0, 0, 0.119999997318, 0, 0, 0, 0, 0, 0, 0, 0, 0, 0, 0, 0, 0, 0, 0, 0, 0, 0, 0, 0, 0, 0, 0, 0, 0, 0, 0, 0, 0, 0, 0, 0, 0, 0, 0, 0, 0, 0, 0, 0, 0, 0, 0, 0, 0, 0, 0, 0, 0, 0, 0, 0, 0, 0, 0, 0, 0, 0, 0, 0, 0, 0, 0, 0, 0, 0, 0, 0, 0, 0, 0, 0, 0, 0, 0, 0, 0, 0, 0, 0, 0, 0, 0, 0, 0, 0, 0, 0, 0, 0, 0, 0, 0, 0, 0, 0, 0, 0, 0, 0, 0, 0, 0, 0, 0, 0, 0, 0, 0, 0, 0, 0, 0, 0, 0, 0, 0, 0, 0, 0, 0, 0, 0, 0, 0, 0, 0, 0, 0, 0, 0, 0, 0, 0, 0, 0, 0, 0, 0, 0, 0]]
},
"sfx": {
    "inharmonicity": {
        "kurt": 1.10451793671,
        "max": 0.432491481304,
        "mean": 0.0689538195729,
        "median": 0.00797512289137,
        "min": 0,
        "skew": 1.53006219864,
        "var": 0.010620797053
    },
    "oddtoevenharmonicenergyratio": {
        "kurt": 208.794723511,
        "max": 59.6629066467,
        "mean": 1.00456833839,
        "median": 0.329288125038,
        "min": 0,
        "skew": 12.7962207794,
        "var": 9.67087554932
    },
    "pitch_after_max_to_before_max_energy_ratio": 0.0874603688717,
    "pitch_centroid": 343.272094727,
    "pitch_max_to_total": 0.933429837227,
    "pitch_min_to_total": 0.419681608677,
    "tristimulus": {
        "kurt": [-1.33306670189, 0.170252799988, -0.175184488297],
        "max": [1, 0.818406224251, 1],
        "mean": [0.380615890026, 0.386189758778, 0.233194380999],
        "median": [0.422932684422, 0.374415934086, 0.0779325067997],
        "min": [0, 0, 0],
        "skew": [-0.141993239522, 0.208129182458, 1.06164741516],
        "var": [0.0654899403453, 0.0205141082406, 0.0664242953062],
        "cov": [[0.0655848532915, -0.00980407837778, -0.0557807907462], [-0.00980407837778, 0.0205438397825, -0.0107397455722], [-0.0557807907462, -0.0107397455722, 0.0665205642581]]
    }
},
"tonal": {
    "chords_changes_rate": 0.0867052003741,
    "chords_number_rate": 0.0317919068038,
    "chords_strength": {
        "kurt": -1.33132004738,
        "max": 0.587513625622,
        "mean": 0.424410045147,
        "median": 0.416067302227,
        "min": 0.248843774199,
        "skew": -0.0165233798325,
        "var": 0.00849823560566
    },
    "key_strength": 0.376556307077,
    "tuning_diatonic_strength": 0.474874794483,
    "tuning_equal_tempered_deviation": 0.254643112421,
    "tuning_frequency": 451.065460205,
    "tuning_nontempered_energy_ratio": 0.93675750494,
    "hpcp": {
        "kurt": [10.3705940247, 10.4876232147, 13.235080719, 6.41348838806, 5.19719409943, 8.58300113678, 16.4178504944, 4.81654882431, 0.728079080582, -1.33746004105, 0.193220853806, 2.97848844528, 4.02754020691, 5.85972499847, 1.80837917328, 1.10096788406, 3.05567073822, 5.24576187134, 0.980666160583, -0.286967992783, 1.72780799866, 9.22775745392, 6.64816474915, 3.72298049927, 3.51157426834, 5.91341018677, 10.3054847717, 9.3189907074, 22.5750637054, 22.7488155365, 20.1519203186, 12.9873275757, 31.906211853, 5.64600658417, 2.94292926788, 4.75417470932],
        "max": [0.940348505974, 0.957045257092, 1, 1, 1, 1, 0.752536714077, 0.56262242794, 1, 1, 1, 1, 1, 1, 1, 1, 1, 1, 1, 1, 1, 1, 1, 1, 1, 1, 0.624288499355, 0.488915771246, 1, 0.886884391308, 0.528988480568, 0.463876396418, 1, 0.974016964436, 1, 1],
