{
"metadata": {
    "version": {
        "essentia": "2.1-beta3"
    }
},
"lowLevel": {
    "average_loudness": 0.548895776272,
    "barkbands_kurtosis": {
        "kurt": 1.45512628555,
        "max": 17.9284801483,
        "mean": 1.86070132256,
        "median": 0.144881844521,
        "min": -1.73770093918,
        "skew": 1.41820800304,
        "var": 14.8407468796
    },
    "barkbands_skewness": {
        "kurt": -0.391702413559,
        "max": 2.18686461449,
        "mean": -0.856949448586,
        "median": -0.998467206955,
        "min": -3.05183267593,
        "skew": 0.305815935135,
        "var": 0.795965671539
    },
    "barkbands_spread": {
        "kurt": -0.682381629944,
        "max": 53.4166107178,
        "mean": 21.5406646729,
        "median": 21.5148200989,
        "min": 3.41321229935,
        "skew": 0.320698112249,
        "var": 148.431732178
    },
    "dissonance": {
        "kurt": 35.5940742493,
        "max": 0.499966919422,
        "mean": 0.492236495018,
        "median": 0.495009869337,
        "min": 0.400733321905,
        "skew": -4.82748508453,
        "var": 9.60760808084e-05
    },
    "hfc": {
        "kurt": 4.07107496262,
        "max": 11.8151054382,
        "mean": 1.37377226353,
        "median": 0.0348394699395,
        "min": 6.86687635607e-05,
        "skew": 2.22214841843,
        "var": 6.85599279404
    },
    "pitch": {
        "kurt": -1.65421044827,
        "max": 3898.59106445,
        "mean": 2257.45727539,
        "median": 3269.94824219,
        "min": 69.1893463135,
        "skew": -0.430987775326,
        "var": 2173104.75
    },
    "pitch_instantaneous_confidence": {
        "kurt": -0.892167806625,
        "max": 0.568678498268,
        "mean": 0.322263538837,
        "median": 0.323566973209,
        "min": 0.145430266857,
        "skew": 0.183740884066,
        "var": 0.00897300895303
    },
    "pitch_salience": {
        "kurt": 8.41182994843,
        "max": 0.86352878809,
        "mean": 0.758840382099,
        "median": 0.768679618835,
        "min": 0.432180732489,
        "skew": -2.03542804718,
        "var": 0.00274947844446
    },
    "silence_rate_20dB": {
        "kurt": 0,
        "max": 1,
        "mean": 1,
        "median": 1,
        "min": 1,
        "skew": 0,
        "var": 0
    },
    "silence_rate_30dB": {
        "kurt": 0,
        "max": 1,
        "mean": 1,
        "median": 1,
        "min": 1,
        "skew": 0,
        "var": 0
    },
    "silence_rate_60dB": {
        "kurt": 3.88755893707,
        "max": 1,
        "mean": 0.885826766491,
        "median": 1,
        "min": 0,
        "skew": -2.42644667625,
        "var": 0.101137258112
    },
    "spectral_centroid": {
        "kurt": -0.756892442703,
        "max": 3785.98706055,
        "mean": 2502.16650391,
        "median": 2669.8659668,
        "min": 359.321990967,
        "skew": -0.370300501585,
        "var": 505111.8125
    },
    "spectral_complexity": {
        "kurt": 4.81650209427,
        "max": 32,
        "mean": 2.97637796402,
        "median": 0,
        "min": 0,
        "skew": 2.46428990364,
        "var": 54.3614082336
    },
    "spectral_crest": {
        "kurt": -0.0773904323578,
        "max": 12.5823612213,
        "mean": 5.8974738121,
        "median": 5.68732023239,
        "min": 2.66721153259,
        "skew": 0.610757946968,
        "var": 3.58506894112
    },
    "spectral_decrease": {
        "kurt": 5.59254932404,
        "max": -9.07613082455e-15,
        "mean": -1.57185361949e-10,
        "median": -2.39711896166e-12,
        "min": -1.85370352401e-09,
        "skew": -2.50598692894,
        "var": 1.1756835661e-19
    },
    "spectral_energy": {
        "kurt": 5.2219953537,
        "max": 0.00803685374558,
        "mean": 0.000717858725693,
        "median": 1.23135196191e-05,
        "min": 4.06644105055e-08,
        "skew": 2.44721341133,
        "var": 2.33058653976e-06
    },
    "spectral_energyband_high": {
        "kurt": 5.90151023865,
        "max": 0.000836093677208,
        "mean": 7.26059515728e-05,
        "median": 1.64387870427e-06,
        "min": 1.86561122106e-09,
        "skew": 2.32826709747,
        "var": 1.74011205445e-08
    },
    "spectral_energyband_low": {
        "kurt": 8.27337837219,
        "max": 0.000185359327588,
        "mean": 1.25730093714e-05,
        "median": 1.56601842605e-07,
        "min": 1.00833696948e-09,
        "skew": 2.9829325676,
        "var": 1.05695874275e-09
    },
    "spectral_energyband_middle_high": {
        "kurt": 5.96063995361,
        "max": 0.00487430440262,
        "mean": 0.000433532870375,
        "median": 1.04683931568e-05,
        "min": 2.03558183642e-08,
        "skew": 2.55744338036,
        "var": 8.38608968934e-07
    },
    "spectral_energyband_middle_low": {
        "kurt": 11.7190475464,
        "max": 0.00367248384282,
        "mean": 0.000213993451325,
        "median": 7.57346356295e-07,
        "min": 9.27360943592e-09,
        "skew": 3.19887590408,
        "var": 2.92838592486e-07
    },
    "spectral_flatness_db": {
        "kurt": -0.728804588318,
        "max": 0.22705411911,
        "mean": 0.132029250264,
        "median": 0.124187082052,
        "min": 0.0671224072576,
        "skew": 0.568588793278,
        "var": 0.00138726562727
    },
    "spectral_flux": {
        "kurt": 1.43423271179,
        "max": 0.0561040826142,
        "mean": 0.00960418023169,
        "median": 0.0024108805228,
        "min": 0.000112196088594,
        "skew": 1.61036777496,
        "var": 0.00017382693477
    },
    "spectral_kurtosis": {
        "kurt": 3.61781454086,
        "max": 11.4006004333,
        "mean": 3.24294304848,
        "median": 2.80089044571,
        "min": 0.957606315613,
        "skew": 1.63376367092,
        "var": 2.59112215042
    },
    "spectral_rms": {
        "kurt": 1.54772901535,
        "max": 0.00280014867894,
        "mean": 0.000485102616949,
        "median": 0.000109580141725,
        "min": 6.29861870038e-06,
        "skew": 1.64686608315,
        "var": 4.65025323138e-07
    },
    "spectral_rolloff": {
        "kurt": 4.56036901474,
        "max": 5167.96875,
        "mean": 3811.37670898,
        "median": 3929.80957031,
        "min": 538.330078125,
        "skew": -1.4748185873,
        "var": 377087.78125
    },
    "spectral_skewness": {
        "kurt": 3.71029615402,
        "max": 2.6412935257,
        "mean": 1.49215304852,
        "median": 1.4558069706,
        "min": 1.00692081451,
        "skew": 1.42009747028,
        "var": 0.0608606822789
    },
    "spectral_spread": {
        "kurt": -0.373694181442,
        "max": 10984622,
        "mean": 6061298.5,
        "median": 6024564,
        "min": 2991492.5,
        "skew": 0.298283040524,
        "var": 2.19205730304e+12
    },
    "spectral_strongpeak": {
        "kurt": 2.97399425507,
        "max": 1.02979898453,
        "mean": 0.155066862702,
        "median": 0.0636072456837,
        "min": 0.000214365427382,
        "skew": 1.72560095787,
        "var": 0.0394684746861
    },
    "zerocrossingrate": {
        "kurt": -0.394575595856,
        "max": 0.1826171875,
        "mean": 0.129061967134,
        "median": 0.13427734375,
        "min": 0.04052734375,
        "skew": -0.490067303181,
        "var": 0.000786232354585
    },
    "barkbands": {
        "kurt": [18.4103088379, 31.4228286743, 8.93585109711, 9.24883651733, 28.47265625, 19.1099033356, 28.2570228577, 9.52354049683, 12.9077749252, 14.4182262421, 27.5669517517, 14.2126674652, 10.2947492599, 10.1876106262, 9.10126304626, 13.7066631317, 6.11664676666, 4.57629680634, 3.88028717041, 5.19881153107, 6.85762882233, 3.63173294067, 3.36617136002, 4.38216495514, 7.5823392868, 21.05509758, 3.96398162842],
        "max": [1.22645209544e-08, 1.89879901882e-05, 7.83737195889e-05, 0.000122413184727, 0.000726642785594, 0.00102924299426, 0.00135512743145, 0.000348810688592, 0.000800469890237, 0.00149499974214, 0.00135927007068, 0.000644392799586, 0.000346343353158, 0.000312132324325, 0.000562635774259, 0.000476814020658, 0.000430675572716, 0.000392320973333, 0.000520109897479, 0.000515335297678, 0.000356518605258, 0.000110839144327, 1.95520569832e-05, 2.80415879388e-05, 4.16005641455e-05, 1.14692074931e-05, 7.57212159641e-09],
        "mean": [7.28849591791e-10, 9.14937913876e-07, 5.73615216126e-06, 7.82459210313e-06, 2.92431395792e-05, 4.62398420495e-05, 4.96860666317e-05, 2.20635592996e-05, 4.30733489338e-05, 7.18251467333e-05, 4.7966499551e-05, 3.47731038346e-05, 2.24761333811e-05, 1.93156101886e-05, 3.81632416975e-05, 2.92740987788e-05, 3.86483261536e-05, 4.54873588751e-05, 6.37511184323e-05, 5.05599709868e-05, 2.99804942188e-05, 1.16312494356e-05, 2.51550363828e-06, 3.00315082313e-06, 3.19228956869e-06, 5.13022825999e-07, 7.89335652396e-10],
        "median": [1.08422382183e-10, 2.42252795601e-08, 8.14052327769e-08, 6.30866878737e-08, 1.35340599172e-07, 8.52258352779e-08, 8.17296239575e-08, 1.06359991037e-07, 1.1795714272e-07, 1.09709802132e-07, 7.98914143729e-08, 1.20048042618e-07, 1.58567871722e-07, 1.263564684e-07, 1.92964364487e-07, 8.21039407128e-07, 2.45597948378e-06, 1.5414597101e-06, 2.61254308498e-06, 1.47160244524e-06, 7.36465949558e-07, 1.81369756547e-07, 5.74372052142e-08, 3.23046194239e-08, 2.1318259158e-08, 9.55019285875e-10, 4.70480338716e-12],
        "min": [6.30911664058e-13, 6.21998216821e-11, 1.44118703083e-10, 1.42007780535e-10, 8.54237292014e-10, 3.22423171495e-10, 2.19869455975e-10, 2.49259390905e-10, 2.91791174556e-10, 5.33805666336e-10, 3.97081978409e-10, 5.87753623549e-10, 7.89838860982e-10, 5.39511046949e-10, 6.26356078115e-10, 1.40548850336e-09, 1.54777335393e-09, 1.11918796453e-09, 2.82490764114e-09, 2.06509387368e-09, 4.73656336375e-10, 2.41476533214e-10, 5.27314025778e-11, 3.06070273293e-11, 2.5953336702e-11, 1.53041392493e-12, 4.24495813121e-14],
        "skew": [3.83835482597, 4.47705364227, 3.1658847332, 3.01165723801, 4.90341615677, 4.09850645065, 4.70482301712, 3.08934283257, 3.355727911, 3.50487375259, 4.65153455734, 3.59973025322, 3.24562573433, 3.14545106888, 3.07397556305, 3.43125414848, 2.44578099251, 2.23003411293, 2.10308432579, 2.31836128235, 2.47886276245, 2.10251903534, 1.94256734848, 2.2839140892, 2.77466225624, 3.89838767052, 2.25686979294],
        "var": [2.37306206341e-18, 3.70330459007e-12, 2.66763361401e-10, 3.8964978466e-10, 8.24340506966e-09, 1.85473947312e-08, 2.30846524119e-08, 3.12015058235e-09, 1.23316814538e-08, 3.86196994384e-08, 2.22951559437e-08, 9.51260314963e-09, 3.54250206946e-09, 2.39654585066e-09, 9.50828571433e-09, 4.61943816532e-09, 5.13379250222e-09, 6.80136258424e-09, 1.20373098156e-08, 8.49561931915e-09, 3.14052184258e-09, 4.68515504171e-10, 1.71625491596e-11, 3.63366559064e-11, 4.8751055276e-11, 1.73944571854e-12, 2.92479608147e-18],
        "cov": [[2.38244167117e-18, 1.17184424802e-15, 1.22039668478e-14, 1.35558238083e-14, 3.26270518307e-14, 5.07218710934e-14, 7.77103872245e-14, 3.22577386894e-14, 7.74134581308e-14, 1.03169175405e-13, 7.3725361482e-14, 5.99193952918e-14, 3.65038775845e-14, 2.56747070436e-14, 6.3970354079e-14, 4.34392546076e-14, 4.90398161261e-14, 6.23391515817e-14, 8.15132195683e-14, 7.38650134981e-14, 4.23450100125e-14, 1.55371609269e-14, 2.53625593089e-15, 3.94838055615e-15, 5.16532803807e-15, 9.26972952201e-16, 1.10123940477e-18], [1.17184424802e-15, 3.71794218676e-12, 1.55008991753e-11, 2.4322486733e-11, 9.89941531526e-11, 1.45866180246e-10, 1.38005107342e-10, 6.27378704543e-11, 1.18482570977e-10, 2.48516152102e-10, 1.86665766178e-10, 1.0331692446e-10, 8.36083216549e-11, 5.33782774925e-11, 1.24567772763e-10, 8.65335303413e-11, 9.35310648376e-11, 1.16959303353e-10, 1.51870613307e-10, 1.24644544686e-10, 7.32958693739e-11, 3.07327947813e-11, 6.11806222003e-12, 8.45700245944e-12, 9.71698242702e-12, 1.23437187121e-12, 2.36938260522e-15], [1.22039668478e-14, 1.55008991753e-11, 2.67817767963e-10, 2.75477862743e-10, 6.35396735227e-10, 8.96439478204e-10, 1.30894362016e-09, 6.54696685753e-10, 1.24586418959e-09, 1.58678248319e-09, 1.18742593536e-09, 9.81535075439e-10, 5.14925158068e-10, 4.17747531012e-10, 8.77680872424e-10, 5.82300374585e-10, 7.47242545618e-10, 9.66186686213e-10, 1.29229060786e-09, 1.07475139899e-09, 5.76391101514e-10, 2.61869276263e-10, 3.73894214201e-11, 6.62847346455e-11, 8.17471784709e-11, 1.5991468566e-11, 1.82196143209e-14], [1.35558238083e-14, 2.4322486733e-11, 2.75477862743e-10, 3.9118988604e-10, 1.19802179288e-09, 1.50171208801e-09, 1.95104021827e-09, 7.82866882432e-10, 1.53954449189e-09, 2.3109583136e-09, 1.59343405137e-09, 1.34889488468e-09, 7.45650097222e-10, 6.4361627139e-10, 1.26308519199e-09, 8.50661485696e-10, 9.83285675105e-10, 1.25441135257e-09, 1.72862180126e-09, 1.34965949528e-09, 7.80871201034e-10, 3.43249012547e-10, 5.96780957984e-11, 9.30727994675e-11, 1.09654521574e-10, 1.85404573638e-11, 2.64943706622e-14], [3.26270518307e-14, 9.89941531526e-11, 6.35396735227e-10, 1.19802179288e-09, 8.27598789499e-09, 1.13062244012e-08, 1.02138297819e-08, 2.95113622428e-09, 6.02481042833e-09, 1.07031867813e-08, 5.54589174584e-09, 5.42690026251e-09, 2.97279090233e-09, 2.78160694478e-09, 5.36970334863e-09, 4.10761646918e-09, 4.22338253259e-09, 4.5404546789e-09, 6.28981933204e-09, 4.58399540548e-09, 3.10866954401e-09, 1.17997378535e-09, 2.41140579726e-10, 3.4219294065e-10, 4.09797612511e-10, 5.77678564706e-11, 1.13828529393e-13], [5.07218710934e-14, 1.45866180246e-10, 8.96439478204e-10, 1.50171208801e-09, 1.13062244012e-08, 1.86207049779e-08, 1.60452788833e-08, 4.9369233146e-09, 1.0336045797e-08, 1.91071105604e-08, 1.06301518699e-08, 8.896847703e-09, 5.23047205547e-09, 4.74706851605e-09, 9.24066512198e-09, 6.92028123694e-09, 7.33227967231e-09, 7.48299466835e-09, 9.73566827156e-09, 7.8798603198e-09, 5.19771692353e-09, 1.90419169321e-09, 3.86037729561e-10, 5.65516911077e-10, 6.34629182539e-10, 8.63230806281e-11, 1.75303917433e-13], [7.77103872245e-14, 1.38005107342e-10, 1.30894362016e-09, 1.95104021827e-09, 1.02138297819e-08, 1.60452788833e-08, 2.31758967573e-08, 6.30369134669e-09, 1.42645646406e-08, 2.33068000455e-08, 1.22255237045e-08, 1.25619665781e-08, 5.99630389786e-09, 5.19391685216e-09, 1.12017390919e-08, 7.54489892785e-09, 7.67674102065e-09, 8.27103008305e-09, 1.12053379908e-08, 8.70757688176e-09, 5.46124878653e-09, 2.12746953387e-09, 4.05149608307e-10, 5.61034829705e-10, 7.09679370825e-10, 1.09590517217e-10, 1.72969874101e-13], [3.22577386894e-14, 6.27378704543e-11, 6.54696685753e-10, 7.82866882432e-10, 2.95113622428e-09, 4.9369233146e-09, 6.30369134669e-09, 3.13248316175e-09, 4.96008301099e-09, 8.82593287344e-09, 5.7535092246e-09, 4.43527881089e-09, 2.64042432363e-09, 2.02933891913e-09, 4.07438660588e-09, 2.68139976889e-09, 3.12296188909e-09, 3.41104633428e-09, 4.27357393917e-09, 3.80458375915e-09, 2.26280971738e-09, 9.24011533954e-10, 1.57523008526e-10, 2.37276781556e-10, 3.29389099329e-10, 5.12844870737e-11, 6.69556166695e-14], [7.74134581308e-14, 1.18482570977e-10, 1.24586418959e-09, 1.53954449189e-09, 6.02481042833e-09, 1.0336045797e-08, 1.42645646406e-08, 4.96008301099e-09, 1.23804229091e-08, 1.76293237786e-08, 1.19832739287e-08, 9.94249926833e-09, 5.29187271781e-09, 4.50634063398e-09, 9.42904865298e-09, 6.34240393538e-09, 6.58763399386e-09, 7.31843030621e-09, 9.70924762811e-09, 8.1943403174e-09, 4.90737317449e-09, 1.9216799263e-09, 3.51609685811e-10, 5.00554597771e-10, 6.38108121898e-10, 9.32502061679e-11, 1.44746438143e-13], [1.03169175405e-13, 2.48516152102e-10, 1.58678248319e-09, 2.3109583136e-09, 1.07031867813e-08, 1.91071105604e-08, 2.33068000455e-08, 8.82593287344e-09, 1.76293237786e-08, 3.87723453343e-08, 2.22230180924e-08, 1.59375304065e-08, 1.03916786287e-08, 7.53891615801e-09, 1.60564272988e-08, 1.12519558115e-08, 1.15950893331e-08, 1.26915038479e-08, 1.59492543617e-08, 1.40016025441e-08, 8.73598438034e-09, 3.27753801876e-09, 6.07362715677e-10, 8.59354143401e-10, 1.07095055046e-09, 1.36869099387e-10, 2.44487318845e-13], [7.3725361482e-14, 1.86665766178e-10, 1.18742593536e-09, 1.59343405137e-09, 5.54589174584e-09, 1.06301518699e-08, 1.22255237045e-08, 5.7535092246e-09, 1.19832739287e-08, 2.22230180924e-08, 2.23832792301e-08, 1.05640767245e-08, 7.48768158587e-09, 5.55027845905e-09, 1.09974269691e-08, 7.72094299606e-09, 8.36257374459e-09, 8.93385454503e-09, 1.15357847719e-08, 1.03528252637e-08, 6.09760331116e-09, 2.59143817516e-09, 4.37831354505e-10, 7.05873415274e-10, 8.44338210459e-10, 9.48667464029e-11, 1.88286506612e-13], [5.99193952918e-14, 1.0331692446e-10, 9.81535075439e-10, 1.34889488468e-09, 5.42690026251e-09, 8.896847703e-09, 1.25619665781e-08, 4.43527881089e-09, 9.94249926833e-09, 1.59375304065e-08, 1.05640767245e-08, 9.55020240667e-09, 4.88526774589e-09, 3.93185217717e-09, 7.84050779856e-09, 5.40490052714e-09, 5.41953681932e-09, 6.20802520501e-09, 7.75284725307e-09, 6.76237910113e-09, 4.31500168929e-09, 1.61139657173e-09, 2.98568891832e-10, 4.21718826527e-10, 5.50582024417e-10, 7.58638776799e-11, 1.21040791322e-13], [3.65038775845e-14, 8.36083216549e-11, 5.14925158068e-10, 7.45650097222e-10, 2.97279090233e-09, 5.23047205547e-09, 5.99630389786e-09, 2.64042432363e-09, 5.29187271781e-09, 1.03916786287e-08, 7.48768158587e-09, 4.88526774589e-09, 3.55650398021e-09, 2.44018960593e-09, 5.00213914734e-09, 3.44351036574e-09, 3.57516305449e-09, 3.95159904798e-09, 4.81335105107e-09, 4.5293382378e-09, 2.72296429848e-09, 1.05301367626e-09, 1.91220067558e-10, 2.82605910895e-10, 3.50725226639e-10, 4.14456732822e-11, 7.78539694735e-14], [2.56747070436e-14, 5.33782774925e-11, 4.17747531012e-10, 6.4361627139e-10, 2.78160694478e-09, 4.74706851605e-09, 5.19391685216e-09, 2.02933891913e-09, 4.50634063398e-09, 7.53891615801e-09, 5.55027845905e-09, 3.93185217717e-09, 2.44018960593e-09, 2.4060182735e-09, 4.01358324353e-09, 2.88610380039e-09, 3.04227709691e-09, 3.12757975074e-09, 4.03467437238e-09, 3.58891671937e-09, 2.23367480068e-09, 8.61021365317e-10, 1.59222010576e-10, 2.30668623091e-10, 2.86236701008e-10, 3.57996653155e-11, 6.49614097323e-14], [6.3970354079e-14, 1.24567772763e-10, 8.77680872424e-10, 1.26308519199e-09, 5.36970334863e-09, 9.24066512198e-09, 1.12017390919e-08, 4.07438660588e-09, 9.42904865298e-09, 1.60564272988e-08, 1.09974269691e-08, 7.84050779856e-09, 5.00213914734e-09, 4.01358324353e-09, 9.54586809598e-09, 5.63223023775e-09, 6.00355587466e-09, 6.48955378324e-09, 8.21812307095e-09, 7.24738713487e-09, 4.45396963755e-09, 1.67316982491e-09, 3.28001820149e-10, 4.48544701381e-10, 5.85009374277e-10, 6.90321341756e-11, 1.29047543051e-13], [4.34392546076e-14, 8.65335303413e-11, 5.82300374585e-10, 8.50661485696e-10, 4.10761646918e-09, 6.92028123694e-09, 7.54489892785e-09, 2.68139976889e-09, 6.34240393538e-09, 1.12519558115e-08, 7.72094299606e-09, 5.40490052714e-09, 3.44351036574e-09, 2.88610380039e-09, 5.63223023775e-09, 4.63769689318e-09, 4.28169588673e-09, 4.49805437341e-09, 6.07817085552e-09, 5.15470777174e-09, 3.20544235599e-09, 1.23917143213e-09, 2.24121388115e-10, 3.32764288347e-10, 4.00305122383e-10, 5.4816238354e-11, 9.31756231957e-14], [4.90398161261e-14, 9.35310648376e-11, 7.47242545618e-10, 9.83285675105e-10, 4.22338253259e-09, 7.33227967231e-09, 7.67674102065e-09, 3.12296188909e-09, 6.58763399386e-09, 1.15950893331e-08, 8.36257374459e-09, 5.41953681932e-09, 3.57516305449e-09, 3.04227709691e-09, 6.00355587466e-09, 4.28169588673e-09, 5.1540838264e-09, 5.26822763192e-09, 6.8342815851e-09, 5.81063597238e-09, 3.63377972157e-09, 1.37865296956e-09, 2.56143189992e-10, 3.73551106714e-10, 4.39077940673e-10, 6.47993672609e-11, 1.04558682133e-13], [6.23391515817e-14, 1.16959303353e-10, 9.66186686213e-10, 1.25441135257e-09, 4.5404546789e-09, 7.48299466835e-09, 8.27103008305e-09, 3.41104633428e-09, 7.31843030621e-09, 1.26915038479e-08, 8.93385454503e-09, 6.20802520501e-09, 3.95159904798e-09, 3.12757975074e-09, 6.48955378324e-09, 4.49805437341e-09, 5.26822763192e-09, 6.82824552456e-09, 8.35541236199e-09, 7.04375135996e-09, 4.23459800558e-09, 1.63591951097e-09, 2.95473367995e-10, 4.46635284312e-10, 4.97509422548e-10, 7.86060314062e-11, 1.24265981077e-13], [8.15132195683e-14, 1.51870613307e-10, 1.29229060786e-09, 1.72862180126e-09, 6.28981933204e-09, 9.73566827156e-09, 1.12053379908e-08, 4.27357393917e-09, 9.70924762811e-09, 1.59492543617e-08, 1.15357847719e-08, 7.75284725307e-09, 4.81335105107e-09, 4.03467437238e-09, 8.21812307095e-09, 6.07817085552e-09, 6.8342815851e-09, 8.35541236199e-09, 1.20848886453e-08, 9.32223009897e-09, 5.4016506823e-09, 2.19239648658e-09, 3.96271432335e-10, 5.94734705928e-10, 6.47335685056e-10, 1.08813846822e-10, 1.67477698918e-13], [7.38650134981e-14, 1.24644544686e-10, 1.07475139899e-09, 1.34965949528e-09, 4.58399540548e-09, 7.8798603198e-09, 8.70757688176e-09, 3.80458375915e-09, 8.1943403174e-09, 1.40016025441e-08, 1.03528252637e-08, 6.76237910113e-09, 4.5293382378e-09, 3.58891671937e-09, 7.24738713487e-09, 5.15470777174e-09, 5.81063597238e-09, 7.04375135996e-09, 9.32223009897e-09, 8.52919868066e-09, 4.79814810106e-09, 1.85613313608e-09, 3.35933364459e-10, 5.03995789547e-10, 5.72229263973e-10, 9.23620832594e-11, 1.40354782375e-13], [4.23450100125e-14, 7.32958693739e-11, 5.76391101514e-10, 7.80871201034e-10, 3.10866954401e-09, 5.19771692353e-09, 5.46124878653e-09, 2.26280971738e-09, 4.90737317449e-09, 8.73598438034e-09, 6.09760331116e-09, 4.31500168929e-09, 2.72296429848e-09, 2.23367480068e-09, 4.45396963755e-09, 3.20544235599e-09, 3.63377972157e-09, 4.23459800558e-09, 5.4016506823e-09, 4.79814810106e-09, 3.15293502418e-09, 1.09602493747e-09, 2.01628339025e-10, 2.95919094784e-10, 3.37255029459e-10, 5.4756754686e-11, 8.37447515847e-14], [1.55371609269e-14, 3.07327947813e-11, 2.61869276263e-10, 3.43249012547e-10, 1.17997378535e-09, 1.90419169321e-09, 2.12746953387e-09, 9.24011533954e-10, 1.9216799263e-09, 3.27753801876e-09, 2.59143817516e-09, 1.61139657173e-09, 1.05301367626e-09, 8.61021365317e-10, 1.67316982491e-09, 1.23917143213e-09, 1.37865296956e-09, 1.63591951097e-09, 2.19239648658e-09, 1.85613313608e-09, 1.09602493747e-09, 4.70367300665e-10, 7.94483992483e-11, 1.2453191256e-10, 1.35354394359e-10, 2.21278967372e-11, 3.44788555887e-14], [2.53625593089e-15, 6.11806222003e-12, 3.73894214201e-11, 5.96780957984e-11, 2.41140579726e-10, 3.86037729561e-10, 4.05149608307e-10, 1.57523008526e-10, 3.51609685811e-10, 6.07362715677e-10, 4.37831354505e-10, 2.98568891832e-10, 1.91220067558e-10, 1.59222010576e-10, 3.28001820149e-10, 2.24121388115e-10, 2.56143189992e-10, 2.95473367995e-10, 3.96271432335e-10, 3.35933364459e-10, 2.01628339025e-10, 7.94483992483e-11, 1.72303855211e-11, 2.205259933e-11, 2.42088241814e-11, 3.44725571873e-12, 6.1422488291e-15], [3.94838055615e-15, 8.45700245944e-12, 6.62847346455e-11, 9.30727994675e-11, 3.4219294065e-10, 5.65516911077e-10, 5.61034829705e-10, 2.37276781556e-10, 5.00554597771e-10, 8.59354143401e-10, 7.05873415274e-10, 4.21718826527e-10, 2.82605910895e-10, 2.30668623091e-10, 4.48544701381e-10, 3.32764288347e-10, 3.73551106714e-10, 4.46635284312e-10, 5.94734705928e-10, 5.03995789547e-10, 2.95919094784e-10, 1.2453191256e-10, 2.205259933e-11, 3.64802771324e-11, 3.66390667805e-11, 5.91600943581e-12, 9.85598304766e-15], [5.16532803807e-15, 9.71698242702e-12, 8.17471784709e-11, 1.09654521574e-10, 4.09797612511e-10, 6.34629182539e-10, 7.09679370825e-10, 3.29389099329e-10, 6.38108121898e-10, 1.07095055046e-09, 8.44338210459e-10, 5.50582024417e-10, 3.50725226639e-10, 2.86236701008e-10, 5.85009374277e-10, 4.00305122383e-10, 4.39077940673e-10, 4.97509422548e-10, 6.47335685056e-10, 5.72229263973e-10, 3.37255029459e-10, 1.35354394359e-10, 2.42088241814e-11, 3.66390667805e-11, 4.89437448903e-11, 6.6548151538e-12, 1.05019735719e-14], [9.26972952201e-16, 1.23437187121e-12, 1.5991468566e-11, 1.85404573638e-11, 5.77678564706e-11, 8.63230806281e-11, 1.09590517217e-10, 5.12844870737e-11, 9.32502061679e-11, 1.36869099387e-10, 9.48667464029e-11, 7.58638776799e-11, 4.14456732822e-11, 3.57996653155e-11, 6.90321341756e-11, 5.4816238354e-11, 6.47993672609e-11, 7.86060314062e-11, 1.08813846822e-10, 9.23620832594e-11, 5.4756754686e-11, 2.21278967372e-11, 3.44725571873e-12, 5.91600943581e-12, 6.6548151538e-12, 1.7463210782e-12, 1.78742141903e-15], [1.10123940477e-18, 2.36938260522e-15, 1.82196143209e-14, 2.64943706622e-14, 1.13828529393e-13, 1.75303917433e-13, 1.72969874101e-13, 6.69556166695e-14, 1.44746438143e-13, 2.44487318845e-13, 1.88286506612e-13, 1.21040791322e-13, 7.78539694735e-14, 6.49614097323e-14, 1.29047543051e-13, 9.31756231957e-14, 1.04558682133e-13, 1.24265981077e-13, 1.67477698918e-13, 1.40354782375e-13, 8.37447515847e-14, 3.44788555887e-14, 6.1422488291e-15, 9.85598304766e-15, 1.05019735719e-14, 1.78742141903e-15, 2.93635655092e-18]]
    },
    "mfcc": {
        "kurt": [-1.24751091003, -0.798733949661, -0.828248023987, -0.584360122681, -0.658740282059, -0.524866580963, 1.37176704407, 0.929529190063, 0.169566631317, -0.0664372444153, -0.337508440018, -0.303815126419, -0.237075328827],
        "max": [-635.730529785, 102.915382385, 24.686252594, 62.6118888855, 39.456073761, 20.0167694092, 26.44506073, 19.0084476471, 20.3210868835, 22.5251331329, 13.8329219818, 17.5611972809, 13.4826622009],
        "mean": [-941.583190918, 28.5481567383, -38.702709198, 23.5393123627, -5.19982528687, -13.5792827606, 2.39407253265, -1.45575904846, -0.380616277456, -4.106112957, -3.55858111382, -2.72534179688, -1.64752364159],
        "median": [-1013.82629395, 26.8399028778, -42.8740234375, 25.813583374, -4.12295532227, -14.448682785, 2.62572956085, -0.0276565551758, -1.08395385742, -4.08853912354, -3.24446105957, -1.96891784668, -1.4581155777],
        "min": [-1137.83862305, -40.86378479, -95.3144989014, -20.4463005066, -46.6929168701, -37.0097923279, -21.1311264038, -31.6016387939, -25.1744766235, -25.0745983124, -23.2584953308, -21.0959472656, -15.0385093689],
        "skew": [0.485740035772, 0.210923656821, 0.28598049283, -0.160504698753, 0.170404359698, 0.191276669502, -0.416004657745, -0.791377007961, 0.248731136322, 0.343786299229, -0.0744700059295, -0.030361527577, -0.0815230309963],
        "var": [26474.8691406, 1034.10766602, 716.132324219, 332.698699951, 277.09487915, 113.494689941, 49.6015434265, 73.4611663818, 53.9499664307, 85.6587142944, 59.228767395, 50.2422523499, 29.2018375397],
        "cov": [[26579.5136719, 3600.23681641, -2158.57763672, 120.645858765, -2074.83569336, -839.833435059, -217.960525513, -646.557373047, 112.82183075, -561.145019531, -230.877563477, -585.183288574, -218.975784302], [3600.23681641, 1038.19506836, 92.6139450073, -87.6028442383, -240.480987549, -125.240959167, -58.6558456421, -141.305664062, -46.1014060974, -114.680679321, -64.5425872803, -112.063842773, -34.9517326355], [-2158.57763672, 92.6139450073, 718.962890625, -124.602546692, 218.203475952, 152.282302856, -3.21041321754, 15.9269332886, -65.5357055664, 16.1148910522, 5.31749677658, 5.02377986908, 3.47152042389], [120.645858765, -87.6028442383, -124.602546692, 334.013702393, 93.7331924438, -28.169216156, 27.154050827, 34.45753479, 21.6936759949, -19.9435214996, -43.3161468506, -7.21977853775, -5.48515367508], [-2074.83569336, -240.480987549, 218.203475952, 93.7331924438, 278.190124512, 88.8198318481, 28.7965888977, 47.2258338928, -13.2575464249, 38.8638153076, -18.5802288055, 24.6020069122, 13.5961694717], [-839.833435059, -125.240959167, 152.282302856, -28.169216156, 88.8198318481, 113.943283081, 29.2661590576, 26.8296451569, -0.333684504032, 14.7669038773, 8.18960762024, 7.3604683876, 2.30477714539], [-217.960525513, -58.6558456421, -3.21041321754, 27.154050827, 28.7965888977, 29.2661590576, 49.7975959778, 35.7719116211, 5.9916062355, 8.23299789429, 9.69114875793, 12.196969986, 1.74867999554], [-646.557373047, -141.305664062, 15.9269332886, 34.45753479, 47.2258338928, 26.8296451569, 35.7719116211, 73.7515258789, 21.7472763062, 36.258682251, 30.8067817688, 26.4891281128, 8.63179779053], [112.82183075, -46.1014060974, -65.5357055664, 21.6936759949, -13.2575464249, -0.333684504032, 5.9916062355, 21.7472763062, 54.1632041931, 33.1516990662, 8.61510658264, 9.27859783173, 7.24997472763], [-561.145019531, -114.680679321, 16.1148910522, -19.9435214996, 38.8638153076, 14.7669038773, 8.23299789429, 36.258682251, 33.1516990662, 85.9972839355, 39.2043914795, 27.0010223389, 15.5455570221], [-230.877563477, -64.5425872803, 5.31749677658, -43.3161468506, -18.5802288055, 8.18960762024, 9.69114875793, 30.8067817688, 8.61510658264, 39.2043914795, 59.4628715515, 30.0632724762, 7.72323513031], [-585.183288574, -112.063842773, 5.02377986908, -7.21977853775, 24.6020069122, 7.3604683876, 12.196969986, 26.4891281128, 9.27859783173, 27.0010223389, 30.0632724762, 50.4408378601, 17.531375885], [-218.975784302, -34.9517326355, 3.47152042389, -5.48515367508, 13.5961694717, 2.30477714539, 1.74867999554, 8.63179779053, 7.24997472763, 15.5455570221, 7.72323513031, 17.531375885, 29.3172588348]]
    },
    "sccoeffs": {
        "kurt": [1.07385587692, -0.0106182098389, 0.667201280594, 0.339180469513, -0.601390123367, -0.816686868668],
        "max": [-0.487645745277, -0.66146427393, -0.694086790085, -0.763627111912, -0.786907553673, -0.780768036842],
        "mean": [-0.777171373367, -0.846174836159, -0.865955293179, -0.86073499918, -0.85580188036, -0.835079371929],
        "median": [-0.790003120899, -0.852357149124, -0.873021602631, -0.863615632057, -0.856602430344, -0.834118485451],
        "min": [-0.962195217609, -0.940362870693, -0.935468018055, -0.926324248314, -0.912815332413, -0.885950863361],
        "skew": [0.979152143002, 0.65334635973, 0.909133195877, 0.564247190952, 0.180375367403, -0.117627196014],
        "var": [0.00587284378707, 0.0030387097504, 0.00173972372431, 0.000857458682731, 0.000656796095427, 0.000599637569394],
        "cov": [[0.00589605653659, 0.00275291572325, 0.0018898131093, 0.0012828768231, 0.00126712070778, 0.000958110205829], [0.00275291572325, 0.00305072055198, 0.00137712911237, 0.000716668495443, 0.000833588128444, 0.000590229348745], [0.0018898131093, 0.00137712911237, 0.00174660014454, 0.000663827406242, 0.000615105032921, 0.000500558177009], [0.0012828768231, 0.000716668495443, 0.000663827406242, 0.000860847881995, 0.000415206683101, 0.000325882603647], [0.00126712070778, 0.000833588128444, 0.000615105032921, 0.000415206683101, 0.000659392098896, 0.00044847841491], [0.000958110205829, 0.000590229348745, 0.000500558177009, 0.000325882603647, 0.00044847841491, 0.000602007668931]]
    },
    "scvalleys": {
        "kurt": [-0.956573724747, -0.973433494568, -1.07406461239, -1.02921628952, -1.1020014286, -1.13465964794],
        "max": [-7.00604724884, -5.29420042038, -5.30361843109, -5.94943475723, -6.22516012192, -8.06992340088],
        "mean": [-10.1377658844, -9.37827110291, -9.27950954437, -9.31314945221, -8.9816865921, -11.1635398865],
        "median": [-10.3318500519, -9.83617973328, -9.87171173096, -9.87948513031, -9.14597034454, -11.5192699432],
        "min": [-12.876033783, -12.349275589, -12.5720233917, -12.5802202225, -12.5056648254, -14.8608036041],
        "skew": [0.409631282091, 0.446608096361, 0.426392585039, 0.280746936798, -0.230937719345, -0.193193390965],
        "var": [2.32420897484, 3.91859793663, 3.84387350082, 3.02138328552, 3.01567769051, 3.95467042923],
        "cov": [[2.33339548111, 2.73538064957, 2.604991436, 2.21433401108, 2.08093214035, 2.44710922241], [2.73538064957, 3.93408632278, 3.76965999603, 3.2419834137, 3.03711819649, 3.52084994316], [2.604991436, 3.76965999603, 3.85906672478, 3.31768107414, 3.14208269119, 3.59848999977], [2.21433401108, 3.2419834137, 3.31768107414, 3.03332543373, 2.92007613182, 3.33272314072], [2.08093214035, 3.03711819649, 3.14208269119, 2.92007613182, 3.02759718895, 3.42709088326], [2.44710922241, 3.52084994316, 3.59848999977, 3.33272314072, 3.42709088326, 3.97030138969]]
    }
},
"rhythm": {
    "beats_loudness": {
        "kurt": 1.87954759598,
        "max": 0.00620930315927,
        "mean": 0.000990435830317,
        "median": 5.60718399356e-05,
        "min": 4.2904662223e-07,
        "skew": 1.90098822117,
        "var": 3.88605621993e-06
    },
    "bpm": 128.14881897,
    "confidence": 0.40000000596,
    "first_peak_bpm": {
        "kurt": 0,
        "max": 129,
        "mean": 129,
        "median": 129,
        "min": 129,
        "skew": 0,
        "var": 0
    },
    "first_peak_spread": {
        "kurt": 0,
        "max": 0.333333313465,
        "mean": 0.333333313465,
        "median": 0.333333313465,
        "min": 0.333333313465,
        "skew": 0,
        "var": 0
    },
    "first_peak_weight": {
        "kurt": 0,
        "max": 0.363636374474,
        "mean": 0.363636374474,
        "median": 0.363636374474,
        "min": 0.363636374474,
        "skew": 0,
        "var": 0
    },
    "onset_rate": 2.04562854767,
    "second_peak_bpm": {
        "kurt": 0,
        "max": 140,
        "mean": 140,
        "median": 140,
        "min": 140,
        "skew": 0,
        "var": 0
    },
    "second_peak_spread": {
        "kurt": 0,
        "max": 0.5,
        "mean": 0.5,
        "median": 0.5,
        "min": 0.5,
        "skew": 0,
        "var": 0
    },
    "second_peak_weight": {
        "kurt": 0,
        "max": 0.181818187237,
        "mean": 0.181818187237,
        "median": 0.181818187237,
        "min": 0.181818187237,
        "skew": 0,
        "var": 0
    },
    "beats_loudness_band_ratio": {
        "kurt": [3.84370851517, 5.33462524414, 0.0777888298035, 2.8359003067, -1.19893014431, -1.02234280109],
        "max": [0.155788660049, 0.289480447769, 0.300599306822, 0.633852124214, 0.513221859932, 0.680113196373],
        "mean": [0.0315257869661, 0.0525236725807, 0.105629980564, 0.152017131448, 0.32201230526, 0.360905528069],
        "median": [0.0144767668098, 0.0300658792257, 0.0873407796025, 0.0792187303305, 0.303240418434, 0.351304531097],
        "min": [0.000898088386748, 0.000622013409156, 0.00555875152349, 0.00949846673757, 0.155744507909, 0.072528488934],
        "skew": [2.16966080666, 2.53737354279, 1.11837768555, 1.89883971214, 0.0928199291229, 0.114422790706],
        "var": [0.00171677966136, 0.0056324005127, 0.00898427050561, 0.0281195640564, 0.0123599814251, 0.0377621427178],
        "cov": [[0.001872850582, -0.000235521234572, -0.000733709486667, -0.0017042827094, 0.0017876632046, -0.000768232683185], [-0.000235521234572, 0.00614443700761, 0.00573605764657, 0.0012142151827, -0.0032513954211, -0.00793071649969], [-0.000733709486667, 0.00573605764657, 0.00980102177709, 0.00743078766391, -0.00607546279207, -0.0146705172956], [-0.0017042827094, 0.0012142151827, 0.00743078766391, 0.0306758880615, -0.0120205795392, -0.0255943238735], [0.0017876632046, -0.0032513954211, -0.00607546279207, -0.0120205795392, 0.0134836165234, 0.00548694608733], [-0.000768232683185, -0.00793071649969, -0.0146705172956, -0.0255943238735, 0.00548694608733, 0.0411950647831]]
    },
    "beats_position": [0.417959183455, 0.859138309956, 1.28870749474, 1.70666658878, 2.13623571396, 2.60063481331, 3.07664394379, 3.59909296036, 4.07510185242, 4.53950119019, 5.00390005112, 5.46829938889],
    "bpm_estimates": [129.19921875, 126.04800415, 126.048065186, 129.199157715, 129.199279785, 129.199157715],
    "bpm_intervals": [0.441179126501, 0.42956918478, 0.417959094048, 0.429569125175, 0.46439909935, 0.476009130478, 0.522449016571, 0.476008892059, 0.464399337769, 0.464398860931, 0.464399337769],
    "onset_times": [0.0232199542224, 0.383129239082, 0.53405892849, 1.45124721527, 1.50929701328, 1.69505667686, 3.03020405769, 3.61070299149, 3.73841261864, 4.051882267, 4.7833108902, 5.05034017563],
    "histogram": [[0, 0, 0, 0, 0, 0, 0, 0, 0, 0, 0, 0, 0, 0, 0, 0, 0, 0, 0, 0, 0, 0, 0, 0, 0, 0, 0, 0, 0, 0, 0, 0, 0, 0, 0, 0, 0, 0, 0, 0, 0, 0, 0, 0, 0, 0, 0, 0, 0, 0, 0, 0, 0, 0, 0, 0, 0, 0, 0, 0, 0, 0, 0, 0, 0, 0, 0, 0, 0, 0, 0, 0, 0, 0, 0, 0, 0, 0, 0, 0, 0, 0, 0, 0, 0, 0, 0, 0, 0, 0, 0, 0, 0, 0, 0, 0, 0, 0, 0, 0, 0, 0, 0, 0, 0, 0, 0, 0, 0, 0, 0, 0, 0, 0, 0, 0.0909090936184, 0, 0, 0, 0, 0, 0, 0, 0, 0, 0, 0.181818187237, 0, 0, 0.363636374474, 0, 0, 0, 0, 0, 0, 0.0909090936184, 0, 0, 0, 0.181818187237, 0, 0, 0, 0.0909090936184, 0, 0, 0, 0, 0, 0, 0, 0, 0, 0, 0, 0, 0, 0, 0, 0, 0, 0, 0, 0, 0, 0, 0, 0, 0, 0, 0, 0, 0, 0, 0, 0, 0, 0, 0, 0, 0, 0, 0, 0, 0, 0, 0, 0, 0, 0, 0, 0, 0, 0, 0, 0, 0, 0, 0, 0, 0, 0, 0, 0, 0, 0, 0, 0, 0, 0, 0, 0, 0, 0, 0, 0, 0, 0, 0, 0, 0, 0, 0, 0, 0, 0, 0, 0, 0, 0, 0, 0, 0, 0, 0, 0, 0, 0, 0, 0, 0, 0, 0, 0, 0, 0, 0, 0, 0]]
},
"sfx": {
    "inharmonicity": {
        "kurt": 1.20144987106,
        "max": 0.361080765724,
        "mean": 0.0560134723783,
        "median": 0,
        "min": 0,
        "skew": 1.58466637135,
        "var": 0.00875137001276
    },
    "oddtoevenharmonicenergyratio": {
        "kurt": 9.32125091553,
        "max": 5.53589868546,
        "mean": 0.473764717579,
        "median": 0,
        "min": 0,
        "skew": 2.74129128456,
        "var": 0.722183525562
    },
    "pitch_after_max_to_before_max_energy_ratio": 0.420517772436,
    "pitch_centroid": 112.526351929,
    "pitch_max_to_total": 0.594488203526,
    "pitch_min_to_total": 0.354330718517,
    "tristimulus": {
        "kurt": [-1.58590173721, 2.59976148605, -0.381813049316],
        "max": [1, 0.96621966362, 0.952535450459],
        "mean": [0.658341884613, 0.14496512711, 0.19669303298],
        "median": [1, 0, 0],
        "min": [0, 0, 0],
        "skew": [-0.524214506149, 1.68597257137, 1.11608064175],
        "var": [0.176864087582, 0.0480842106044, 0.0917054116726],
        "cov": [[0.177563145757, -0.0668847411871, -0.110678449273], [-0.0668847411871, 0.0482742674649, 0.0186105370522], [-0.110678449273, 0.0186105370522, 0.0920678824186]]
    }
},
"tonal": {
    "chords_changes_rate": 0.203125,
    "chords_number_rate": 0.09375,
    "chords_strength": {
        "kurt": -1.33748149872,
        "max": 0.649911403656,
        "mean": 0.454675316811,
        "median": 0.398994266987,
        "min": 0.305155873299,
        "skew": 0.52768689394,
        "var": 0.0122411092743
    },
    "key_strength": 0.623973548412,
    "tuning_diatonic_strength": 0.549408078194,
    "tuning_equal_tempered_deviation": 0.184169113636,
    "tuning_frequency": 441.782684326,
    "tuning_nontempered_energy_ratio": 0.878602564335,
    "hpcp": {
        "kurt": [-0.427188873291, 0.0424757003784, -0.278260231018, 0.622059345245, 0.595824241638, 1.02017116547, 0.479825496674, 0.805829524994, -0.28786277771, 0.299839019775, 0.40261054039, -0.238492965698, -0.218009710312, 0.135421037674, -0.0851106643677, 0.96364235878, -0.104980230331, 0.231538772583, -0.561361789703, -0.315664052963, -0.558799028397, 0.311316251755, 1.54619598389, 2.36487531662, 0.108996152878, 2.09877586365, 0.535519838333, 0.329771280289, 0.629635810852, -0.279778718948, -0.133333444595, -0.879873752594, -1.04263353348, -0.666278839111, -0.111458539963, 0.145218372345],
        "max": [1, 1, 1, 1, 1, 1, 0.93849337101, 1, 1, 1, 1, 1, 1, 1, 1, 1, 0.897420227528, 1, 1, 1, 1, 1, 1, 1, 0.69851821661, 1, 1, 1, 1, 0.952197670937, 1, 1, 1, 1, 1, 1],
        "mean": [0.431143939495, 0.44727435708, 0.436995655298, 0.412499606609, 0.384838104248, 0.366578131914, 0.362017154694, 0.370748341084, 0.387241244316, 0.382359683514, 0.390518277884, 0.431609928608, 0.464237958193, 0.44760081172, 0.403902858496, 0.374420881271, 0.369588375092, 0.413028895855, 0.427887320518, 0.40002822876, 0.404149889946, 0.36893633008, 0.2970893085, 0.279595583677, 0.273120492697, 0.296988666058, 0.367840796709, 0.394915044308, 0.373308360577, 0.372406989336, 0.41888910532, 0.512104153633, 0.54641264677, 0.488439410925, 0.423483371735, 0.403129726648],
