{
"metadata": {
    "version": {
        "essentia": "2.1-beta3"
    }
},
"lowLevel": {
    "average_loudness": 0.985719442368,
    "barkbands_kurtosis": {
        "kurt": 44.2373580933,
        "max": 280.467590332,
        "mean": 10.2803936005,
        "median": 3.63271546364,
        "min": -1.52552735806,
        "skew": 6.50065135956,
        "var": 1160.91357422
    },
    "barkbands_skewness": {
        "kurt": 16.1039962769,
        "max": 14.761806488,
        "mean": -1.09669029713,
        "median": -1.52881348133,
        "min": -12.2286481857,
        "skew": 2.4993224144,
        "var": 6.75154685974
    },
    "barkbands_spread": {
        "kurt": 14.4861183167,
        "max": 79.0682601929,
        "mean": 9.39901924133,
        "median": 5.78798961639,
        "min": 0.524403989315,
        "skew": 3.73251414299,
        "var": 152.914047241
    },
    "dissonance": {
        "kurt": 14.5317649841,
        "max": 0.499999880791,
        "mean": 0.496285676956,
        "median": 0.497613012791,
        "min": 0.467074304819,
        "skew": -3.34304904938,
        "var": 2.2286303647e-05
    },
    "hfc": {
        "kurt": 3.66690301895,
        "max": 660.338806152,
        "mean": 136.737930298,
        "median": 157.158966064,
        "min": 3.60640228791e-07,
        "skew": 1.08400559425,
        "var": 12479.7128906
    },
    "pitch": {
        "kurt": 13.8181209564,
        "max": 4590.21289062,
        "mean": 3877.02856445,
        "median": 4051.12353516,
        "min": 81.2810058594,
        "skew": -3.79735445976,
        "var": 641165.625
    },
    "pitch_instantaneous_confidence": {
        "kurt": 0.40486907959,
        "max": 0.849332809448,
        "mean": 0.48883330822,
        "median": 0.497353196144,
        "min": 0.24390232563,
        "skew": 0.271181076765,
        "var": 0.01267263107
    },
    "pitch_salience": {
        "kurt": 5.43727302551,
        "max": 0.846803188324,
        "mean": 0.703228473663,
        "median": 0.765759348869,
        "min": 0.0297237429768,
        "skew": -2.53020453453,
        "var": 0.0315460674465
    },
    "silence_rate_20dB": {
        "kurt": 0,
        "max": 1,
        "mean": 1,
        "median": 1,
        "min": 1,
        "skew": 0,
        "var": 0
    },
    "silence_rate_30dB": {
        "kurt": 34.3595199585,
        "max": 1,
        "mean": 0.974576294422,
        "median": 1,
        "min": 0,
        "skew": -6.02987718582,
        "var": 0.0247773546726
    },
    "silence_rate_60dB": {
        "kurt": -0.605194568634,
        "max": 1,
        "mean": 0.245762705803,
        "median": 0,
        "min": 0,
        "skew": 1.18101704121,
        "var": 0.185363650322
    },
    "spectral_centroid": {
        "kurt": 4.53094816208,
        "max": 4613.36328125,
        "mean": 3399.18945312,
        "median": 3747.38183594,
        "min": 87.0500564575,
        "skew": -2.35980200768,
        "var": 988541.5625
    },
    "spectral_complexity": {
        "kurt": -0.836917877197,
        "max": 56,
        "mean": 34.1949157715,
        "median": 44.5,
        "min": 0,
        "skew": -0.992465078831,
        "var": 404.885894775
    },
    "spectral_crest": {
        "kurt": 2.6461892128,
        "max": 25.8080806732,
        "mean": 10.6321907043,
        "median": 10.0218029022,
        "min": 4.42688655853,
        "skew": 1.57785928249,
        "var": 17.3911075592
    },
    "spectral_decrease": {
        "kurt": 6.58188343048,
        "max": -1.48788801663e-16,
        "mean": -6.42166542164e-09,
        "median": -7.33346494641e-09,
        "min": -3.53847333656e-08,
        "skew": -1.53086876869,
        "var": 2.88229562432e-17
    },
    "spectral_energy": {
        "kurt": 5.52844810486,
        "max": 0.193444862962,
        "mean": 0.0366393774748,
        "median": 0.0425481274724,
        "min": 6.00434479914e-10,
        "skew": 1.37116193771,
        "var": 0.00091978139244
    },
    "spectral_energyband_high": {
        "kurt": 2.03440904617,
        "max": 0.0749921351671,
        "mean": 0.0162013657391,
        "median": 0.0186428055167,
        "min": 3.76240774647e-11,
        "skew": 0.795027375221,
        "var": 0.000173593056388
    },
    "spectral_energyband_low": {
        "kurt": 110.521438599,
        "max": 4.86030476168e-05,
        "mean": 4.8720551149e-07,
        "median": 2.52453058458e-09,
        "min": 1.78300624265e-10,
        "skew": 10.5564460754,
        "var": 2.00034520198e-11
    },
    "spectral_energyband_middle_high": {
        "kurt": 8.44578266144,
        "max": 0.118060566485,
        "mean": 0.0204225741327,
        "median": 0.0218032859266,
        "min": 2.18531737844e-11,
        "skew": 1.97052693367,
        "var": 0.000329093745677
    },
    "spectral_energyband_middle_low": {
        "kurt": 12.9436321259,
        "max": 0.00275209499523,
        "mean": 0.000307640439132,
        "median": 0.000194849504624,
        "min": 1.18785016545e-12,
        "skew": 3.18859410286,
        "var": 1.72876283955e-07
    },
    "spectral_flatness_db": {
        "kurt": 6.63697242737,
        "max": 0.592149674892,
        "mean": 0.299877554178,
        "median": 0.309684634209,
        "min": 0.113515473902,
        "skew": 0.320743560791,
        "var": 0.00307100033388
    },
    "spectral_flux": {
        "kurt": -0.349658727646,
        "max": 0.292192488909,
        "mean": 0.110512070358,
        "median": 0.133776664734,
        "min": 8.87232181412e-06,
        "skew": -0.370152384043,
        "var": 0.00448238663375
    },
    "spectral_kurtosis": {
        "kurt": 87.1541824341,
        "max": 103.470146179,
        "mean": 5.03225278854,
        "median": 4.00302934647,
        "min": 0.375145435333,
        "skew": 9.10871219635,
        "var": 94.5092086792
    },
    "spectral_rms": {
        "kurt": -0.662046909332,
        "max": 0.0137377837673,
        "mean": 0.00507081393152,
        "median": 0.00644285278395,
        "min": 7.65369009059e-07,
        "skew": -0.4516094625,
        "var": 1.00325842141e-05
    },
    "spectral_rolloff": {
        "kurt": 7.14245319366,
        "max": 5275.63476562,
        "mean": 4284.92431641,
        "median": 4608.10546875,
        "min": 64.599609375,
        "skew": -2.92328000069,
        "var": 1536627.625
    },
    "spectral_skewness": {
        "kurt": 55.9681739807,
        "max": 7.63773918152,
        "mean": 1.52610146999,
        "median": 1.49473202229,
        "min": 0.845419466496,
        "skew": 6.891954422,
        "var": 0.463029533625
    },
    "spectral_spread": {
        "kurt": 6.18240642548,
        "max": 16014984,
        "mean": 5592395.5,
        "median": 4874994,
        "min": 1167835.625,
        "skew": 2.6890900135,
        "var": 8.53846419046e+12
    },
    "spectral_strongpeak": {
        "kurt": -0.6734354496,
        "max": 14.5038232803,
        "mean": 4.43485307693,
        "median": 4.26360940933,
        "min": 0,
        "skew": 0.471645385027,
        "var": 13.6709575653
    },
    "zerocrossingrate": {
        "kurt": 4.04541301727,
        "max": 0.212890625,
        "mean": 0.161770060658,
        "median": 0.17626953125,
        "min": 0.0185546875,
        "skew": -2.25709867477,
        "var": 0.00173232727684
    },
    "barkbands": {
        "kurt": [71.5289764404, 110.437263489, 111.475593567, 109.909263611, 106.720703125, 37.9094734192, 21.7139377594, 67.6507797241, 29.8324508667, 24.2776794434, 52.2080612183, 76.9744796753, 48.165435791, 1.59356212616, 3.63083648682, 1.11369895935, 6.4984369278, 1.32661771774, 6.1368522644, -0.244199991226, 4.31256246567, 8.8211812973, 29.1363372803, 54.1111183167, 39.9707870483, -0.794782876968, 74.747215271],
        "max": [8.55342321415e-08, 6.17995010543e-06, 2.84311390715e-05, 2.68455733021e-05, 6.76501513226e-05, 0.000120237855299, 0.00168140092865, 0.00216671335511, 0.000736574816983, 0.00119138602167, 0.000905354856513, 0.0151329636574, 0.0275783017278, 0.00220412993804, 0.00234784255736, 0.00704769603908, 0.00791664794087, 0.0111190779135, 0.0420112237334, 0.0443667285144, 0.0262151397765, 0.0165088474751, 0.00629876088351, 0.000779365596827, 0.000866826216225, 2.83807803498e-05, 6.25845359536e-07],
        "mean": [1.96470795188e-09, 6.55313385778e-08, 2.71696904974e-07, 2.77750103805e-07, 9.56495796345e-07, 5.99433406023e-06, 0.000114242640848, 8.16896281322e-05, 6.47793203825e-05, 9.60782417678e-05, 4.51482483186e-05, 0.000498174398672, 0.00158629985526, 0.000484511547256, 0.000436349626398, 0.00173439842183, 0.00135572790168, 0.00262908008881, 0.00673777097836, 0.0125927878544, 0.00492739351466, 0.00256338296458, 0.000549190386664, 5.53045319975e-05, 7.06151331542e-05, 8.88994964043e-06, 3.0862370437e-08],
        "median": [4.9324261342e-10, 1.27870558586e-09, 2.67637328966e-10, 2.26983293272e-10, 4.21173584897e-09, 1.17426088764e-06, 3.37666133419e-05, 2.79837968264e-05, 4.98765657539e-05, 5.52472047275e-05, 1.98166671908e-05, 0.000236639403738, 0.000907337991521, 0.000403980084229, 0.00039480093983, 0.00156579527538, 0.00123438891023, 0.00220009218901, 0.00590208079666, 0.01229907386, 0.00535186938941, 0.00266142794862, 0.000506274751388, 5.14797102369e-05, 6.88194777467e-05, 1.02675867311e-05, 2.78462515269e-08],
        "min": [1.27041701811e-11, 3.96792841639e-11, 1.36871839817e-12, 8.52132966511e-14, 1.33172430874e-13, 7.64981339992e-14, 6.43023842181e-14, 4.64705178635e-14, 6.59411896831e-14, 1.63022807059e-13, 1.58247628326e-13, 2.42505044908e-13, 1.71210105555e-13, 2.31951610696e-13, 4.92479104372e-13, 7.21069742544e-13, 2.19865293506e-12, 3.02074879867e-12, 4.87216430395e-12, 8.13774742037e-12, 1.1561034248e-11, 7.22740313777e-12, 2.32941855909e-12, 2.66326348995e-12, 2.89508152694e-12, 4.42859263801e-13, 2.67412536613e-14],
        "skew": [8.28645420074, 10.550652504, 10.6198501587, 10.5150947571, 10.2942667007, 5.51382303238, 4.28285360336, 7.68180274963, 4.34146118164, 4.20329999924, 6.50924730301, 8.41558074951, 6.36767196655, 1.15807783604, 1.50152623653, 1.06815838814, 2.0173664093, 1.127404809, 1.85517549515, 0.532966673374, 1.25023496151, 1.79957473278, 4.92436933517, 6.43605136871, 5.36394071579, 0.322537273169, 8.06031131744],
        "var": [7.68490361382e-17, 3.23147324871e-13, 6.82265311955e-12, 6.11529143296e-12, 3.9093211307e-11, 1.95212623844e-10, 5.46645786415e-08, 4.80210644582e-08, 7.32848093321e-09, 2.2582952397e-08, 9.28236243425e-09, 2.22578592002e-06, 9.12515224627e-06, 2.03569271662e-07, 1.72264620346e-07, 2.54518363363e-06, 1.76793059836e-06, 6.11104178461e-06, 4.37223352492e-05, 0.000109851353045, 1.76810262928e-05, 5.43247688256e-06, 6.35640219571e-07, 6.43256026223e-09, 9.09136677052e-09, 5.57850189653e-11, 3.70616386159e-15],
        "cov": [[7.75058704842e-17, 4.63037887452e-15, 2.10526091867e-14, 2.00457919442e-14, 4.97324214145e-14, 9.38874764609e-14, 2.58343422609e-13, 2.6327716591e-13, 4.97612476398e-13, 8.41662080742e-13, 7.56069631815e-13, 1.13217889924e-11, 2.02150986922e-11, 1.60702310834e-12, 1.66624244784e-12, 5.63739419729e-12, 5.31176188104e-12, 7.90154226771e-12, 2.07810903902e-11, 2.97127634996e-11, 1.92723094428e-11, 1.13146185129e-11, 6.01738407366e-12, 5.94017727801e-13, 6.99832227759e-13, 1.75158959602e-14, 4.90637799587e-16], [4.63037887452e-15, 3.2590924859e-13, 1.49671681299e-12, 1.41632799239e-12, 3.54610698444e-12, 6.20079074892e-12, 1.00063629258e-11, 1.77366211995e-11, 3.58005257384e-11, 5.8824042859e-11, 4.75830867763e-11, 7.83116183012e-10, 1.39452305259e-09, 9.61642224184e-11, 1.06529236821e-10, 3.09887948635e-10, 3.25418469949e-10, 4.81090889348e-10, 1.27234578429e-09, 1.52979628965e-09, 1.19138554577e-09, 7.59551366247e-10, 3.31629945727e-10, 3.94979014773e-11, 4.41544578678e-11, 1.09657443716e-12, 3.23834485432e-14], [2.10526091867e-14, 1.49671681299e-12, 6.88096628287e-12, 6.50830995e-12, 1.63044733964e-11, 2.83418080671e-11, 4.29374660826e-11, 8.16467449205e-11, 1.64874044972e-10, 2.70431149696e-10, 2.16923895513e-10, 3.59088603297e-09, 6.39380770551e-09, 4.37246433505e-10, 4.87204832034e-10, 1.40272349292e-09, 1.48194234662e-09, 2.19523910161e-09, 5.78441161636e-09, 6.93937307616e-09, 5.43664313568e-09, 3.48159678865e-09, 1.50082313244e-09, 1.80918127701e-10, 2.01539424038e-10, 5.02218969536e-12, 1.48268848371e-13], [2.00457919442e-14, 1.41632799239e-12, 6.50830995e-12, 6.16755865129e-12, 1.54569777117e-11, 2.69189340957e-11, 4.0371594956e-11, 7.71111438591e-11, 1.56542834251e-10, 2.57364463074e-10, 2.07715636358e-10, 3.39698225105e-09, 6.06639050105e-09, 4.21467916123e-10, 4.73717232108e-10, 1.37496070085e-09, 1.46152545621e-09, 2.14746709304e-09, 5.75695491278e-09, 6.87622536688e-09, 5.2665574124e-09, 3.3351295059e-09, 1.44986966877e-09, 1.7326248769e-10, 1.93498481127e-10, 4.89627696026e-12, 1.41376697133e-13], [4.97324214145e-14, 3.54610698444e-12, 1.63044733964e-11, 1.54569777117e-11, 3.94273398652e-11, 6.77218767176e-11, 9.79352224317e-11, 2.01886701801e-10, 4.00826066782e-10, 6.53465448419e-10, 5.20005372096e-10, 8.62539906166e-09, 1.56621844383e-08, 1.12152687137e-09, 1.23527155171e-09, 3.70125574634e-09, 3.90820886764e-09, 5.82927128789e-09, 1.49823051743e-08, 1.88201862983e-08, 1.37746170026e-08, 8.63021831776e-09, 3.62361896045e-09, 4.41064518242e-10, 4.89252471869e-10, 1.36099681872e-11, 3.57821221654e-13], [9.38874764609e-14, 6.20079074892e-12, 2.83418080671e-11, 2.69189340957e-11, 6.77218767176e-11, 1.96881108638e-10, 3.53522794372e-10, 2.89764712225e-10, 6.83797185541e-10, 1.18074394706e-09, 9.77305902872e-10, 1.63684816812e-08, 3.05659995092e-08, 3.52291995576e-09, 2.40657804795e-09, 8.29748447728e-09, 8.02651545229e-09, 9.08694541835e-09, 2.63446455762e-08, 3.64869379155e-08, 2.66048125752e-08, 1.45697462983e-08, 7.02619784576e-09, 7.64594165759e-10, 8.68366101248e-10, 2.02170988284e-11, 6.40313648458e-13], [2.58343422609e-13, 1.00063629258e-11, 4.29374660826e-11, 4.0371594956e-11, 9.79352224317e-11, 3.53522794372e-10, 5.51317960173e-08, 1.0506846948e-08, 4.46603865001e-09, 9.37119271072e-09, 7.02377978001e-09, 3.91533276911e-08, 1.30505085849e-07, 2.97574125341e-08, 1.90830178326e-08, 9.46884526343e-08, 6.40241921701e-08, 7.63127090408e-08, 1.88140603541e-07, 3.99772915216e-07, 2.69561638788e-07, 1.48779747633e-07, 3.65910821643e-08, 3.44620931791e-09, 4.56225057732e-09, 4.75536610089e-10, 2.75711766785e-12], [2.6327716591e-13, 1.77366211995e-11, 8.16467449205e-11, 7.71111438591e-11, 2.01886701801e-10, 2.89764712225e-10, 1.0506846948e-08, 4.84315023641e-08, 2.88210766364e-09, 3.64243524231e-09, 3.60667029575e-09, 4.70207446313e-08, 1.29935543214e-07, 3.95935337849e-08, 8.73506422749e-09, 5.22015177751e-08, 7.01973448258e-08, 1.06747975792e-07, 2.27450286161e-07, 3.33797430585e-07, 1.65393501561e-07, 8.55814050738e-08, 2.66173998398e-08, 3.01087621501e-09, 3.53148377208e-09, 2.17317136508e-10, 2.23281137503e-12], [4.97612476398e-13, 3.58005257384e-11, 1.64874044972e-10, 1.56542834251e-10, 4.00826066782e-10, 6.83797185541e-10, 4.46603865001e-09, 2.88210766364e-09, 7.39111749581e-09, 8.91611584564e-09, 6.24439344676e-09, 9.41769044971e-08, 1.83051369618e-07, 2.0394745448e-08, 2.17998810115e-08, 7.52487849809e-08, 6.74588989114e-08, 1.36327102496e-07, 3.53278153398e-07, 5.33504021405e-07, 2.54438589309e-07, 1.62100420198e-07, 4.87817963801e-08, 5.86827564319e-09, 6.78520351016e-09, 4.00466770856e-10, 4.33914015829e-12], [8.41662080742e-13, 5.8824042859e-11, 2.70431149696e-10, 2.57364463074e-10, 6.53465448419e-10, 1.18074394706e-09, 9.37119271072e-09, 3.64243524231e-09, 8.91611584564e-09, 2.27759677784e-08, 1.03876116597e-08, 1.54895445803e-07, 3.18101371022e-07, 3.07334850902e-08, 3.21512843016e-08, 1.04446073124e-07, 9.84912631452e-08, 1.41212396443e-07, 4.19187557554e-07, 5.60711384878e-07, 3.37375126946e-07, 2.21288630087e-07, 7.79731834655e-08, 8.75338201922e-09, 1.02163815185e-08, 4.48712789147e-10, 6.61126058413e-12], [7.56069631815e-13, 4.75830867763e-11, 2.16923895513e-10, 2.07715636358e-10, 5.20005372096e-10, 9.77305902872e-10, 7.02377978001e-09, 3.60667029575e-09, 6.24439344676e-09, 1.03876116597e-08, 9.36169897159e-09, 1.20681605154e-07, 2.29893984738e-07, 2.2252709897e-08, 2.38830430987e-08, 8.39288034626e-08, 8.19469789803e-08, 1.229606994e-07, 3.33055083956e-07, 4.36873364151e-07, 2.7591761409e-07, 1.55279650471e-07, 6.60585754986e-08, 6.95598156852e-09, 8.23620815993e-09, 3.45839412663e-10, 5.49963199981e-12], [1.13217889924e-11, 7.83116183012e-10, 3.59088603297e-09, 3.39698225105e-09, 8.62539906166e-09, 1.63684816812e-08, 3.91533276911e-08, 4.70207446313e-08, 9.41769044971e-08, 1.54895445803e-07, 1.20681605154e-07, 2.2448098207e-06, 4.24435665991e-06, 3.52285468352e-07, 3.69234385289e-07, 1.16583885301e-06, 1.1283132153e-06, 1.53389567004e-06, 3.77628930437e-06, 4.8717856771e-06, 3.2924081097e-06, 2.06603772313e-06, 8.51611844155e-07, 9.99541214242e-08, 1.13381084077e-07, 3.69448804882e-09, 8.06426730948e-11], [2.02150986922e-11, 1.39452305259e-09, 6.39380770551e-09, 6.06639050105e-09, 1.56621844383e-08, 3.05659995092e-08, 1.30505085849e-07, 1.29935543214e-07, 1.83051369618e-07, 3.18101371022e-07, 2.29893984738e-07, 4.24435665991e-06, 9.20314505493e-06, 8.47354101552e-07, 7.72541511651e-07, 2.65420044343e-06, 2.58208592641e-06, 3.56504733645e-06, 8.87198439159e-06, 1.16581504699e-05, 7.10533959136e-06, 4.25903044743e-06, 1.61028822276e-06, 1.91611491118e-07, 2.18155690845e-07, 8.61854143608e-09, 1.50196285964e-10], [1.60702310834e-12, 9.61642224184e-11, 4.37246433505e-10, 4.21467916123e-10, 1.12152687137e-09, 3.52291995576e-09, 2.97574125341e-08, 3.95935337849e-08, 2.0394745448e-08, 3.07334850902e-08, 2.2252709897e-08, 3.52285468352e-07, 8.47354101552e-07, 2.05309177659e-07, 1.00979200113e-07, 4.27913960266e-07, 3.92417234707e-07, 6.41444671601e-07, 1.55377983901e-06, 2.51791334449e-06, 1.20276922644e-06, 6.74388559219e-07, 1.89355944258e-07, 2.13389501624e-08, 2.51051996969e-08, 2.00530836381e-09, 1.46485289176e-11], [1.66624244784e-12, 1.06529236821e-10, 4.87204832034e-10, 4.73717232108e-10, 1.23527155171e-09, 2.40657804795e-09, 1.90830178326e-08, 8.73506422749e-09, 2.17998810115e-08, 3.21512843016e-08, 2.38830430987e-08, 3.69234385289e-07, 7.72541511651e-07, 1.00979200113e-07, 1.73736964371e-07, 5.07888387347e-07, 4.01457782573e-07, 6.85733084538e-07, 1.83578401902e-06, 3.01861928165e-06, 1.30629950945e-06, 7.25103802779e-07, 2.18088771931e-07, 2.30690275771e-08, 2.82439582833e-08, 2.25602003745e-09, 1.5986073576e-11], [5.63739419729e-12, 3.09887948635e-10, 1.40272349292e-09, 1.37496070085e-09, 3.70125574634e-09, 8.29748447728e-09, 9.46884526343e-08, 5.22015177751e-08, 7.52487849809e-08, 1.04446073124e-07, 8.39288034626e-08, 1.16583885301e-06, 2.65420044343e-06, 4.27913960266e-07, 5.07888387347e-07, 2.56693738265e-06, 1.61126843068e-06, 2.71429939858e-06, 6.85994791638e-06, 1.17022336781e-05, 5.27199381395e-06, 2.47535945164e-06, 8.02948250112e-07, 7.7843573365e-08, 9.73149596462e-08, 8.70512550932e-09, 5.52630372019e-11], [5.31176188104e-12, 3.25418469949e-10, 1.48194234662e-09, 1.46152545621e-09, 3.90820886764e-09, 8.02651545229e-09, 6.40241921701e-08, 7.01973448258e-08, 6.74588989114e-08, 9.84912631452e-08, 8.19469789803e-08, 1.1283132153e-06, 2.58208592641e-06, 3.92417234707e-07, 4.01457782573e-07, 1.61126843068e-06, 1.78304105702e-06, 2.40871759161e-06, 6.80422226651e-06, 9.61608748185e-06, 4.19838124799e-06, 2.18848822442e-06, 7.21705362139e-07, 7.41143608707e-08, 9.29446741793e-08, 6.8330550107e-09, 5.23361388949e-11], [7.90154226771e-12, 4.81090889348e-10, 2.19523910161e-09, 2.14746709304e-09, 5.82927128789e-09, 9.08694541835e-09, 7.63127090408e-08, 1.06747975792e-07, 1.36327102496e-07, 1.41212396443e-07, 1.229606994e-07, 1.53389567004e-06, 3.56504733645e-06, 6.41444671601e-07, 6.85733084538e-07, 2.71429939858e-06, 2.40871759161e-06, 6.16327270109e-06, 1.30720654852e-05, 1.97463796212e-05, 7.79651873017e-06, 4.47225329481e-06, 1.21541438602e-06, 1.33518241796e-07, 1.65597754176e-07, 1.4926062164e-08, 8.72047295486e-11], [2.07810903902e-11, 1.27234578429e-09, 5.78441161636e-09, 5.75695491278e-09, 1.49823051743e-08, 2.63446455762e-08, 1.88140603541e-07, 2.27450286161e-07, 3.53278153398e-07, 4.19187557554e-07, 3.33055083956e-07, 3.77628930437e-06, 8.87198439159e-06, 1.55377983901e-06, 1.83578401902e-06, 6.85994791638e-06, 6.80422226651e-06, 1.30720654852e-05, 4.40960320702e-05, 5.1348892157e-05, 2.1235404347e-05, 1.22393485071e-05, 3.61709362551e-06, 3.59325412091e-07, 4.66639562546e-07, 3.65572141448e-08, 2.36497349482e-10], [2.97127634996e-11, 1.52979628965e-09, 6.93937307616e-09, 6.87622536688e-09, 1.88201862983e-08, 3.64869379155e-08, 3.99772915216e-07, 3.33797430585e-07, 5.33504021405e-07, 5.60711384878e-07, 4.36873364151e-07, 4.8717856771e-06, 1.16581504699e-05, 2.51791334449e-06, 3.01861928165e-06, 1.17022336781e-05, 9.61608748185e-06, 1.97463796212e-05, 5.1348892157e-05, 0.000110790249892, 3.59411023965e-05, 1.89166239579e-05, 5.44505792277e-06, 5.32788590135e-07, 6.53703239095e-07, 6.26733651643e-08, 3.37634725733e-10], [1.92723094428e-11, 1.19138554577e-09, 5.43664313568e-09, 5.2665574124e-09, 1.37746170026e-08, 2.66048125752e-08, 2.69561638788e-07, 1.65393501561e-07, 2.54438589309e-07, 3.37375126946e-07, 2.7591761409e-07, 3.2924081097e-06, 7.10533959136e-06, 1.20276922644e-06, 1.30629950945e-06, 5.27199381395e-06, 4.19838124799e-06, 7.79651873017e-06, 2.1235404347e-05, 3.59411023965e-05, 1.78321461135e-05, 8.43026373332e-06, 2.54352403317e-06, 2.68336947329e-07, 3.2842734754e-07, 2.6089406191e-08, 1.88853099825e-10], [1.13146185129e-11, 7.59551366247e-10, 3.48159678865e-09, 3.3351295059e-09, 8.63021831776e-09, 1.45697462983e-08, 1.48779747633e-07, 8.55814050738e-08, 1.62100420198e-07, 2.21288630087e-07, 1.55279650471e-07, 2.06603772313e-06, 4.25903044743e-06, 6.74388559219e-07, 7.25103802779e-07, 2.47535945164e-06, 2.18848822442e-06, 4.47225329481e-06, 1.22393485071e-05, 1.89166239579e-05, 8.43026373332e-06, 5.47890840608e-06, 1.41967507261e-06, 1.60092795909e-07, 1.94193660263e-07, 1.47461829414e-08, 1.10675801857e-10], [6.01738407366e-12, 3.31629945727e-10, 1.50082313244e-09, 1.44986966877e-09, 3.62361896045e-09, 7.02619784576e-09, 3.65910821643e-08, 2.66173998398e-08, 4.87817963801e-08, 7.79731834655e-08, 6.60585754986e-08, 8.51611844155e-07, 1.61028822276e-06, 1.89355944258e-07, 2.18088771931e-07, 8.02948250112e-07, 7.21705362139e-07, 1.21541438602e-06, 3.61709362551e-06, 5.44505792277e-06, 2.54352403317e-06, 1.41967507261e-06, 6.41073086172e-07, 5.71629854562e-08, 7.11216756599e-08, 3.43336381547e-09, 4.33468538841e-11], [5.94017727801e-13, 3.94979014773e-11, 1.80918127701e-10, 1.7326248769e-10, 4.41064518242e-10, 7.64594165759e-10, 3.44620931791e-09, 3.01087621501e-09, 5.86827564319e-09, 8.75338201922e-09, 6.95598156852e-09, 9.99541214242e-08, 1.91611491118e-07, 2.13389501624e-08, 2.30690275771e-08, 7.7843573365e-08, 7.41143608707e-08, 1.33518241796e-07, 3.59325412091e-07, 5.32788590135e-07, 2.68336947329e-07, 1.60092795909e-07, 5.71629854562e-08, 6.48753939458e-09, 7.48137285456e-09, 3.92682386607e-10, 4.77192027212e-12], [6.99832227759e-13, 4.41544578678e-11, 2.01539424038e-10, 1.93498481127e-10, 4.89252471869e-10, 8.68366101248e-10, 4.56225057732e-09, 3.53148377208e-09, 6.78520351016e-09, 1.02163815185e-08, 8.23620815993e-09, 1.13381084077e-07, 2.18155690845e-07, 2.51051996969e-08, 2.82439582833e-08, 9.73149596462e-08, 9.29446741793e-08, 1.65597754176e-07, 4.66639562546e-07, 6.53703239095e-07, 3.2842734754e-07, 1.94193660263e-07, 7.11216756599e-08, 7.48137285456e-09, 9.16907083592e-09, 4.84680129365e-10, 5.55764939278e-12], [1.75158959602e-14, 1.09657443716e-12, 5.02218969536e-12, 4.89627696026e-12, 1.36099681872e-11, 2.02170988284e-11, 4.75536610089e-10, 2.17317136508e-10, 4.00466770856e-10, 4.48712789147e-10, 3.45839412663e-10, 3.69448804882e-09, 8.61854143608e-09, 2.00530836381e-09, 2.25602003745e-09, 8.70512550932e-09, 6.8330550107e-09, 1.4926062164e-08, 3.65572141448e-08, 6.26733651643e-08, 2.6089406191e-08, 1.47461829414e-08, 3.43336381547e-09, 3.92682386607e-10, 4.84680129365e-10, 5.62618146516e-11, 2.48166802863e-13], [4.90637799587e-16, 3.23834485432e-14, 1.48268848371e-13, 1.41376697133e-13, 3.57821221654e-13, 6.40313648458e-13, 2.75711766785e-12, 2.23281137503e-12, 4.33914015829e-12, 6.61126058413e-12, 5.49963199981e-12, 8.06426730948e-11, 1.50196285964e-10, 1.46485289176e-11, 1.5986073576e-11, 5.52630372019e-11, 5.23361388949e-11, 8.72047295486e-11, 2.36497349482e-10, 3.37634725733e-10, 1.88853099825e-10, 1.10675801857e-10, 4.33468538841e-11, 4.77192027212e-12, 5.55764939278e-12, 2.48166802863e-13, 3.73784035272e-15]]
    },
    "mfcc": {
        "kurt": [-0.117094516754, -0.517852067947, 0.524896860123, 2.58290910721, -0.632713317871, -0.110374450684, 3.52362346649, -0.666576623917, -0.301197528839, 0.340400218964, -0.682577610016, 0.178760290146, -0.826043367386],
        "max": [-490.484558105, 29.1359062195, 5.69400024414, 60.1337051392, 5.79490661621, 23.1164779663, 55.8725814819, 7.41675758362, 9.46026229858, 24.5248641968, 39.8849601746, 29.384765625, 43.3279762268],
        "mean": [-747.620666504, -63.1839866638, -116.867446899, -2.41308379173, -54.5117874146, -17.4366493225, -15.6080150604, -19.9380455017, -8.15230560303, 0.873889923096, 11.7724609375, 8.19245624542, 16.4212703705],
        "median": [-649.582458496, -76.4155349731, -141.644317627, -4.2338142395, -69.8594436646, -22.8359832764, -20.3917922974, -21.4933929443, -7.12271976471, 0.308680534363, 11.514216423, 8.78878498077, 18.699508667],
        "min": [-1138.42004395, -114.65838623, -170.152389526, -30.6811771393, -88.6025085449, -37.0246505737, -41.3113555908, -49.1525726318, -32.1834602356, -20.2374687195, -13.3419857025, -16.1885528564, -4.96528625488],
        "skew": [-1.26453995705, 0.860086083412, 1.47669351101, 1.53253364563, 0.978257715702, 0.859922230244, 1.40637147427, 0.307704299688, -0.396727532148, 0.0168144293129, 0.0181296020746, -0.183032736182, -0.266032844782],
        "var": [37393.2695312, 1282.92175293, 2923.2487793, 286.184875488, 897.81072998, 186.286468506, 217.250823975, 146.104064941, 78.2233734131, 59.6950721741, 120.637496948, 73.5645675659, 111.980453491],
        "cov": [[37712.8710938, -5370.90917969, -9734.51464844, -1677.62719727, -5358.59326172, -1809.45361328, -2057.82202148, -1707.51757812, -596.630432129, -111.553382874, 1196.79345703, 452.123352051, 1353.30285645], [-5370.90917969, 1293.88684082, 1603.19177246, 190.113204956, 837.940734863, 247.475799561, 293.050109863, 217.153915405, 10.7504043579, -53.158367157, -199.718612671, -96.0620574951, -219.241516113], [-9734.51464844, 1603.19177246, 2948.23364258, 392.282958984, 1450.63024902, 505.105499268, 526.928833008, 473.358947754, 170.604507446, -27.7366733551, -358.552276611, -180.048355103, -418.490905762], [-1677.62719727, 190.113204956, 392.282958984, 288.63092041, 338.332763672, 155.245193481, 161.728866577, 73.915763855, -7.1684551239, -11.0521707535, -97.9375076294, -27.8488731384, -67.5636672974], [-5358.59326172, 837.940734863, 1450.63024902, 338.332763672, 905.484313965, 337.7706604, 355.462280273, 267.719848633, 57.1714057922, -20.2500648499, -218.027130127, -97.2747344971, -220.111358643], [-1809.45361328, 247.475799561, 505.105499268, 155.245193481, 337.7706604, 187.878662109, 141.395126343, 95.8334884644, 15.9580039978, -23.3356952667, -91.7243118286, -32.5808830261, -87.0486907959], [-2057.82202148, 293.050109863, 526.928833008, 161.728866577, 355.462280273, 141.395126343, 219.107666016, 140.677947998, 26.7149829865, 10.0477581024, -90.8905029297, -40.8158721924, -82.6778030396], [-1707.51757812, 217.153915405, 473.358947754, 73.915763855, 267.719848633, 95.8334884644, 140.677947998, 147.352813721, 61.2950363159, 23.0228366852, -55.7676734924, -37.6377830505, -69.857925415], [-596.630432129, 10.7504043579, 170.604507446, -7.1684551239, 57.1714057922, 15.9580039978, 26.7149829865, 61.2950363159, 78.8919525146, 33.967414856, -0.786821842194, -0.496476411819, -20.3340930939], [-111.553382874, -53.158367157, -27.7366733551, -11.0521707535, -20.2500648499, -23.3356952667, 10.0477581024, 23.0228366852, 33.967414856, 60.2052879333, 38.2289886475, 21.0944366455, 19.3437709808], [1196.79345703, -199.718612671, -358.552276611, -97.9375076294, -218.027130127, -91.7243118286, -90.8905029297, -55.7676734924, -0.786821842194, 38.2289886475, 121.668586731, 62.4784812927, 71.6838302612], [452.123352051, -96.0620574951, -180.048355103, -27.8488731384, -97.2747344971, -32.5808830261, -40.8158721924, -37.6377830505, -0.496476411819, 21.0944366455, 62.4784812927, 74.1933288574, 58.5521507263], [1353.30285645, -219.241516113, -418.490905762, -67.5636672974, -220.111358643, -87.0486907959, -82.6778030396, -69.857925415, -20.3340930939, 19.3437709808, 71.6838302612, 58.5521507263, 112.937553406]]
    },
    "sccoeffs": {
        "kurt": [-0.550420999527, -0.836416482925, -0.436952590942, 0.707397699356, 0.514948606491, 1.16196393967],
        "max": [-0.557136356831, -0.503107011318, -0.639739215374, -0.629429578781, -0.626766979694, -0.617183744907],
        "mean": [-0.794061005116, -0.741094648838, -0.809054791927, -0.781065642834, -0.76045447588, -0.702658355236],
        "median": [-0.806064128876, -0.730480730534, -0.803110420704, -0.763942599297, -0.741510868073, -0.66436702013],
        "min": [-0.953261256218, -0.961793422699, -0.971787571907, -0.940757989883, -0.928655266762, -0.92385160923],
        "skew": [0.419653385878, -0.137313351035, -0.3082228899, -0.903932094574, -1.0589441061, -1.55487751961],
        "var": [0.00838286988437, 0.0131834652275, 0.00482319341972, 0.00395636400208, 0.00451086647809, 0.00704956706613],
        "cov": [[0.00845451839268, -0.00324910366908, -0.00214363308623, -0.00153295253403, -0.00162495160475, -0.00270460243337], [-0.00324910366908, 0.0132961450145, 0.00410366244614, 0.00490926206112, 0.00479196198285, 0.00747807370499], [-0.00214363308623, 0.00410366244614, 0.00486441701651, 0.00241680885665, 0.00283895852044, 0.00424380367622], [-0.00153295253403, 0.00490926206112, 0.00241680885665, 0.00399017939344, 0.00310877058655, 0.00448382552713], [-0.00162495160475, 0.00479196198285, 0.00283895852044, 0.00310877058655, 0.00454942090437, 0.0044534932822], [-0.00270460243337, 0.00747807370499, 0.00424380367622, 0.00448382552713, 0.0044534932822, 0.00710981991142]]
    },
    "scvalleys": {
        "kurt": [0.768233776093, 0.742130279541, 0.608809709549, 1.20844841003, 1.29083299637, 0.723051786423],
        "max": [-7.04191255569, -5.5931558609, -4.80375289917, -4.77902984619, -4.26117324829, -6.26350212097],
        "mean": [-12.1801166534, -9.16777801514, -8.51265144348, -7.43574714661, -6.82309103012, -9.07479667664],
        "median": [-11.7878284454, -8.01705265045, -6.9651184082, -5.75460672379, -5.15889644623, -7.52380180359],
        "min": [-15.7694664001, -16.5644321442, -16.5847072601, -16.2580680847, -15.379278183, -16.0978145599],
        "skew": [-0.389951318502, -1.47310912609, -1.46872377396, -1.67218720913, -1.69044268131, -1.53688299656],
        "var": [2.51995587349, 8.81761837006, 10.9833173752, 11.8581228256, 11.0456819534, 8.76087760925],
        "cov": [[2.54149389267, 3.89831161499, 4.36105060577, 4.44151306152, 4.27427148819, 3.82538676262], [3.89831161499, 8.89298248291, 9.68277454376, 10.0495185852, 9.60017299652, 8.42296504974], [4.36105060577, 9.68277454376, 11.0771923065, 11.3435535431, 10.9088973999, 9.65512943268], [4.44151306152, 10.0495185852, 11.3435535431, 11.9594745636, 11.4931688309, 10.1325559616], [4.27427148819, 9.60017299652, 10.9088973999, 11.4931688309, 11.1400899887, 9.82841300964], [3.82538676262, 8.42296504974, 9.65512943268, 10.1325559616, 9.82841300964, 8.83575725555]]
    }
},
"rhythm": {
    "beats_loudness": {
        "kurt": -1.09672892094,
        "max": 0.100882463157,
        "mean": 0.0514010004699,
        "median": 0.0454305037856,
        "min": 0.0138605339453,
        "skew": 0.490096539259,
        "var": 0.00102756393608
    },
    "bpm": 93.9630737305,
    "confidence": 0,
    "first_peak_bpm": {
        "kurt": 0,
        "max": 94,
        "mean": 94,
        "median": 94,
        "min": 94,
        "skew": 0,
        "var": 0
    },
    "first_peak_spread": {
        "kurt": 0,
        "max": 0,
        "mean": 0,
        "median": 0,
        "min": 0,
        "skew": 0,
        "var": 0
    },
    "first_peak_weight": {
        "kurt": 0,
        "max": 1,
        "mean": 1,
        "median": 1,
        "min": 1,
        "skew": 0,
        "var": 0
    },
    "onset_rate": 1.47235584259,
    "second_peak_bpm": {
        "kurt": 0,
        "max": 0,
        "mean": 0,
        "median": 0,
        "min": 0,
        "skew": 0,
        "var": 0
    },
    "second_peak_spread": {
        "kurt": 0,
        "max": 0,
        "mean": 0,
        "median": 0,
        "min": 0,
        "skew": 0,
        "var": 0
    },
    "second_peak_weight": {
        "kurt": 0,
        "max": 0,
        "mean": 0,
        "median": 0,
        "min": 0,
        "skew": 0,
        "var": 0
    },
    "beats_loudness_band_ratio": {
        "kurt": [-0.666691303253, -1.2762619257, -0.70898103714, -1.91714811325, -0.778958797455, -1.43571531773],
        "max": [8.83503598743e-05, 0.00114538113121, 0.0278652813286, 0.174694016576, 0.243701383471, 0.780168056488],
        "mean": [2.22807175305e-05, 0.000522847520187, 0.0110837798566, 0.110358983278, 0.214493453503, 0.668708145618],
        "median": [3.5282363342e-07, 0.000462729018182, 0.00655449926853, 0.106023341417, 0.22677077353, 0.657793283463],
        "min": [6.68666046977e-08, 2.05508586077e-05, 0.00336084119044, 0.0546952486038, 0.160730853677, 0.579078018665],
        "skew": [1.15466785431, 0.343528658152, 1.09151160717, 0.0576023161411, -0.97788220644, 0.294319421053],
        "var": [1.45507939031e-09, 1.77493291176e-07, 9.55744253588e-05, 0.00291996216401, 0.00101421563886, 0.00602495670319],
        "cov": [[1.94010585375e-09, -6.91481583104e-09, -2.25995918868e-07, -1.49833488194e-06, -1.57979877713e-06, 3.26632994074e-06], [-6.91481583104e-09, 2.36657726305e-07, 4.68666758024e-06, 2.83920726361e-05, 1.98191514755e-06, -3.4540611523e-05], [-2.25995918868e-07, 4.68666758024e-06, 0.000127432562294, 0.000513434060849, 0.000126862782054, -0.000756904250011], [-1.49833488194e-06, 2.83920726361e-05, 0.000513434060849, 0.00389328296296, 0.00079672067659, -0.00513060251251], [-1.57979877713e-06, 1.98191514755e-06, 0.000126862782054, 0.00079672067659, 0.00135228747968, -0.00225192471407], [3.26632994074e-06, -3.4540611523e-05, -0.000756904250011, -0.00513060251251, -0.00225192471407, 0.00803327560425]]
    },
    "beats_position": [0.603718817234, 1.24226760864, 1.88081634045, 2.51936507225],
    "bpm_estimates": [93.9630661011, 93.9630737305, 93.9630737305],
    "bpm_intervals": [0.638548791409, 0.638548731804, 0.638548731804],
    "onset_times": [0.0464399084449, 0.615328788757, 1.20743763447, 2.54258513451],
    "histogram": [[0, 0, 0, 0, 0, 0, 0, 0, 0, 0, 0, 0, 0, 0, 0, 0, 0, 0, 0, 0, 0, 0, 0, 0, 0, 0, 0, 0, 0, 0, 0, 0, 0, 0, 0, 0, 0, 0, 0, 0, 0, 0, 0, 0, 0, 0, 0, 0, 0, 0, 0, 0, 0, 0, 0, 0, 0, 0, 0, 0, 0, 0, 0, 0, 0, 0, 0, 0, 0, 0, 0, 0, 0, 0, 0, 0, 0, 0, 0, 0, 0, 0, 0, 0, 0, 0, 0, 0, 0, 0, 0, 0, 0, 0, 1, 0, 0, 0, 0, 0, 0, 0, 0, 0, 0, 0, 0, 0, 0, 0, 0, 0, 0, 0, 0, 0, 0, 0, 0, 0, 0, 0, 0, 0, 0, 0, 0, 0, 0, 0, 0, 0, 0, 0, 0, 0, 0, 0, 0, 0, 0, 0, 0, 0, 0, 0, 0, 0, 0, 0, 0, 0, 0, 0, 0, 0, 0, 0, 0, 0, 0, 0, 0, 0, 0, 0, 0, 0, 0, 0, 0, 0, 0, 0, 0, 0, 0, 0, 0, 0, 0, 0, 0, 0, 0, 0, 0, 0, 0, 0, 0, 0, 0, 0, 0, 0, 0, 0, 0, 0, 0, 0, 0, 0, 0, 0, 0, 0, 0, 0, 0, 0, 0, 0, 0, 0, 0, 0, 0, 0, 0, 0, 0, 0, 0, 0, 0, 0, 0, 0, 0, 0, 0, 0, 0, 0, 0, 0, 0, 0, 0, 0, 0, 0, 0, 0, 0, 0, 0, 0]]
},
"sfx": {
    "inharmonicity": {
        "kurt": 42.00548172,
        "max": 0.178819805384,
        "mean": 0.00362213770859,
        "median": 0,
        "min": 0,
        "skew": 6.47552013397,
        "var": 0.000494544627145
    },
    "oddtoevenharmonicenergyratio": {
        "kurt": 31.6149215698,
        "max": 1.34467101097,
        "mean": 0.0351857095957,
        "median": 0,
        "min": 0,
        "skew": 5.68608951569,
        "var": 0.0381627231836
    },
    "pitch_after_max_to_before_max_energy_ratio": 2.3391726017,
    "pitch_centroid": 59.65467453,
    "pitch_max_to_total": 0.305084735155,
    "pitch_min_to_total": 0.415254235268,
    "tristimulus": {
        "kurt": [24.7707176208, 40.2357711792, 56.6205101013],
        "max": [1, 0.925750911236, 0.640856087208],
        "mean": [0.968741953373, 0.0209616832435, 0.0102963699028],
        "median": [1, 0, 0],
        "min": [0.037399969995, 0, 0],
        "skew": [-5.16489028931, 6.33315563202, 7.59473419189],
        "var": [0.0268936734647, 0.015127370134, 0.00559312431142],
        "cov": [[0.0271235350519, -0.0183696039021, -0.00875393114984], [-0.0183696039021, 0.0152566637844, 0.00311299646273], [-0.00875393114984, 0.00311299646273, 0.00564092863351]]
    }
},
"tonal": {
    "chords_changes_rate": 0,
    "chords_number_rate": 0.0166666675359,
    "chords_strength": {
        "kurt": -1.37624466419,
        "max": 0.531794965267,
        "mean": 0.433811932802,
        "median": 0.432283461094,
        "min": 0.349489063025,
        "skew": 0.0144506888464,
        "var": 0.00265165208839
    },
    "key_strength": 0.281517356634,
    "tuning_diatonic_strength": 0.346830129623,
    "tuning_equal_tempered_deviation": 0.229311347008,
    "tuning_frequency": 440,
    "tuning_nontempered_energy_ratio": 0.867352366447,
    "hpcp": {
        "kurt": [-0.939345598221, -0.491274118423, 0.424176454544, -0.599215269089, -0.737062215805, -0.835708618164, -0.672619819641, -0.318452119827, -0.578352451324, -0.0547533035278, 0.783656358719, -0.136770486832, -0.230125427246, 0.497815847397, -0.19539141655, 0.0701293945312, 0.604264497757, 2.24669742584, 1.13892030716, 2.94635391235, 1.52197980881, 1.30092334747, 2.16920900345, 16.5534896851, 7.2179069519, 3.81422710419, -0.126358270645, -0.746483802795, -0.277375459671, 0.694354534149, 0.371226549149, 2.14635562897, -0.777503490448, 0.899778604507, 0.678980588913, -0.880892753601],
        "max": [0.989305615425, 0.912601172924, 1, 0.885193407536, 0.954404473305, 1, 1, 1, 1, 1, 1, 1, 0.952468037605, 1, 1, 1, 1, 0.923379719257, 0.677241504192, 0.793113946915, 0.704496264458, 0.670770943165, 0.636573851109, 1, 0.765527427197, 0.886678755283, 0.724932134151, 0.563661038876, 0.489145517349, 0.455654025078, 0.54256439209, 0.776525855064, 0.543357849121, 0.890547513962, 1, 1],
        "mean": [0.451572448015, 0.378155589104, 0.340966105461, 0.358224481344, 0.40674829483, 0.442677825689, 0.459709733725, 0.472835689783, 0.58311766386, 0.720037579536, 0.740347862244, 0.635469198227, 0.484922379255, 0.410934478045, 0.38539648056, 0.361755400896, 0.312106013298, 0.24030046165, 0.194429785013, 0.169484615326, 0.168442428112, 0.173652648926, 0.14761094749, 0.135635688901, 0.147257596254, 0.191753730178, 0.237332805991, 0.224839180708, 0.172215610743, 0.145941480994, 0.181149870157, 0.206357777119, 0.221262440085, 0.270524442196, 0.348859280348, 0.444867581129],
        "median": [0.446177303791, 0.364315778017, 0.281835794449, 0.32035779953, 0.42415162921, 0.434459626675, 0.471774816513, 0.505596041679, 0.661874771118, 0.844665765762, 0.860620856285, 0.670314669609, 0.498386144638, 0.417479604483, 0.360385537148, 0.286216706038, 0.244326293468, 0.178479701281, 0.155218496919, 0.125914633274, 0.126177921891, 0.128836065531, 0.10130982101, 0.100153148174, 0.114895693958, 0.156976088881, 0.219746887684, 0.196997433901, 0.148279339075, 0.132045000792, 0.15992179513, 0.174590781331, 0.209918797016, 0.234036564827, 0.312901139259, 0.420051336288],
        "min": [0, 0, 0, 0, 0, 0, 0, 0, 0, 0, 0, 0, 0, 0, 0, 0, 0, 0, 0, 0, 0, 0, 0, 0, 0, 0, 0, 0, 0, 0, 0, 0, 0, 0, 0, 0],
