{
"metadata": {
    "version": {
        "essentia": "2.1-beta3"
    }
},
"lowLevel": {
    "average_loudness": 0.881157100201,
    "barkbands_kurtosis": {
        "kurt": 78.5640869141,
        "max": 40322.6679688,
        "mean": 702.069824219,
        "median": 4.43392324448,
        "min": -1.84271240234,
        "skew": 8.10640621185,
        "var": 12204274
    },
    "barkbands_skewness": {
        "kurt": 33.4870147705,
        "max": 27.6345367432,
        "mean": -3.44577789307,
        "median": -1.53458344936,
        "min": -105.732727051,
        "skew": -5.15734291077,
        "var": 149.608886719
    },
    "barkbands_spread": {
        "kurt": 24.9899959564,
        "max": 90.3745422363,
        "mean": 8.358335495,
        "median": 6.39421796799,
        "min": 0.00299644982442,
        "skew": 4.56526327133,
        "var": 129.107269287
    },
    "dissonance": {
        "kurt": 177.739212036,
        "max": 0.499999970198,
        "mean": 0.496870666742,
        "median": 0.498549163342,
        "min": 0.340587973595,
        "skew": -12.8380031586,
        "var": 0.00012223579688
    },
    "hfc": {
        "kurt": 4.13753461838,
        "max": 614.352539062,
        "mean": 87.4307937622,
        "median": 44.2777824402,
        "min": 1.20746968616e-16,
        "skew": 2.11518621445,
        "var": 16459.1953125
    },
    "pitch": {
        "kurt": 4.92409706116,
        "max": 4834.26513672,
        "mean": 3740.16625977,
        "median": 3955.21875,
        "min": 86.4702606201,
        "skew": -2.26622128487,
        "var": 736752.1875
    },
    "pitch_instantaneous_confidence": {
        "kurt": -0.586410284042,
        "max": 0.999061703682,
        "mean": 0.61789727211,
        "median": 0.575691223145,
        "min": 0.106877148151,
        "skew": 0.539266884327,
        "var": 0.0426383540034
    },
    "pitch_salience": {
        "kurt": 0.211736440659,
        "max": 0.908129513264,
        "mean": 0.658357977867,
        "median": 0.776767849922,
        "min": 0.04460914433,
        "skew": -1.26582920551,
        "var": 0.0571392923594
    },
    "silence_rate_20dB": {
        "kurt": 0,
        "max": 1,
        "mean": 1,
        "median": 1,
        "min": 1,
        "skew": 0,
        "var": 0
    },
    "silence_rate_30dB": {
        "kurt": 17.147146225,
        "max": 1,
        "mean": 0.954751133919,
        "median": 1,
        "min": 0,
        "skew": -4.37577676773,
        "var": 0.0432014800608
    },
    "silence_rate_60dB": {
        "kurt": -1.8105148077,
        "max": 1,
        "mean": 0.393665164709,
        "median": 0,
        "min": 0,
        "skew": 0.435297697783,
        "var": 0.238692626357
    },
    "spectral_centroid": {
        "kurt": 9.12185001373,
        "max": 10984.421875,
        "mean": 3647.21899414,
        "median": 3818.90258789,
        "min": 96.8673782349,
        "skew": -0.586214721203,
        "var": 1378477.875
    },
    "spectral_complexity": {
        "kurt": -1.72755968571,
        "max": 58,
        "mean": 25.2036190033,
        "median": 31,
        "min": 0,
        "skew": -0.0642612203956,
        "var": 463.654907227
    },
    "spectral_crest": {
        "kurt": -0.649807214737,
        "max": 26.9923381805,
        "mean": 14.1208305359,
        "median": 12.1149988174,
        "min": 4.55287742615,
        "skew": 0.818198680878,
        "var": 44.1416816711
    },
    "spectral_decrease": {
        "kurt": 3.89949703217,
        "max": 3.61138910347e-30,
        "mean": -3.93169230506e-09,
        "median": -2.01055727622e-09,
        "min": -2.72493263509e-08,
        "skew": -2.05745863914,
        "var": 3.21824609656e-17
    },
    "spectral_energy": {
        "kurt": 3.97805643082,
        "max": 0.158568605781,
        "mean": 0.0227693412453,
        "median": 0.0117583451793,
        "min": 1.09384748617e-20,
        "skew": 2.07697987556,
        "var": 0.00109155999962
    },
    "spectral_energyband_high": {
        "kurt": 5.17758560181,
        "max": 0.0631600320339,
        "mean": 0.00862314924598,
        "median": 0.00430763000622,
        "min": 8.14116409533e-21,
        "skew": 2.35610413551,
        "var": 0.000179283088073
    },
    "spectral_energyband_low": {
        "kurt": 27.427324295,
        "max": 9.25180484046e-06,
        "mean": 3.44152567777e-07,
        "median": 4.45268488747e-09,
        "min": 7.57320100529e-23,
        "skew": 4.99212408066,
        "var": 1.50331656845e-12
    },
    "spectral_energyband_middle_high": {
        "kurt": 3.77114725113,
        "max": 0.102376043797,
        "mean": 0.0142570128664,
        "median": 0.00679986132309,
        "min": 1.53947581427e-21,
        "skew": 1.98556983471,
        "var": 0.0004119919613
    },
    "spectral_energyband_middle_low": {
        "kurt": 12.2392930984,
        "max": 0.00204640161246,
        "mean": 0.000173597582034,
        "median": 8.76195263118e-05,
        "min": 2.25849539257e-22,
        "skew": 3.10691571236,
        "var": 8.00357469188e-08
    },
    "spectral_flatness_db": {
        "kurt": 1.97635793686,
        "max": 0.996066987514,
        "mean": 0.349133491516,
        "median": 0.270575076342,
        "min": 0.0778534859419,
        "skew": 1.74160838127,
        "var": 0.0372982062399
    },
    "spectral_flux": {
        "kurt": 0.0450637340546,
        "max": 0.248256221414,
        "mean": 0.0723564326763,
        "median": 0.0677228942513,
        "min": 1.04587165317e-10,
        "skew": 0.835023999214,
        "var": 0.00429147854447
    },
    "spectral_kurtosis": {
        "kurt": 10.3703603745,
        "max": 102.965667725,
        "mean": 8.24255466461,
        "median": 2.18573856354,
        "min": -1.2472358942,
        "skew": 3.17496085167,
        "var": 274.303436279
    },
    "spectral_rms": {
        "kurt": -0.147753238678,
        "max": 0.0124378884211,
        "mean": 0.00345639325678,
        "median": 0.00338696874678,
        "min": 3.26675405476e-12,
        "skew": 0.77620446682,
        "var": 1.02673566289e-05
    },
    "spectral_rolloff": {
        "kurt": 32.2423820496,
        "max": 18626.2207031,
        "mean": 4389.55761719,
        "median": 4672.70507812,
        "min": 43.06640625,
        "skew": 1.91494989395,
        "var": 2447589.25
    },
    "spectral_skewness": {
        "kurt": 5.98635005951,
        "max": 7.56079435349,
        "mean": 1.75580096245,
        "median": 1.25923502445,
        "min": 0.0125977126881,
        "skew": 2.63478660583,
        "var": 1.94906020164
    },
    "spectral_spread": {
        "kurt": 26.7385864258,
        "max": 42071956,
        "mean": 6214504.5,
        "median": 6179432.5,
        "min": 789091.375,
        "skew": 3.68688035011,
        "var": 1.64883899351e+13
    },
    "spectral_strongpeak": {
        "kurt": 2.58874559402,
        "max": 19.5536518097,
        "mean": 3.57600307465,
        "median": 2.16132092476,
        "min": 0,
        "skew": 1.60397875309,
        "var": 15.8065624237
    },
    "zerocrossingrate": {
        "kurt": 11.8158407211,
        "max": 0.494140625,
        "mean": 0.171099498868,
        "median": 0.17626953125,
        "min": 0.015625,
        "skew": -0.199271306396,
        "var": 0.00224763969891
    },
    "barkbands": {
        "kurt": [84.7842407227, 35.328666687, 32.1425628662, 22.3619480133, 20.0200271606, 29.0121269226, 34.6137046814, 6.75218105316, 8.5187959671, 14.207983017, 12.9869298935, 12.494345665, 3.9013710022, 6.21355247498, 16.3308582306, 8.04264736176, 8.25364494324, 6.46515083313, 10.4597473145, 2.19281291962, 8.40834617615, 9.58032131195, 9.0764837265, 6.97879695892, 2.77791309357, 8.80505561829, 11.1932373047],
        "max": [2.35313528663e-08, 6.1213444269e-07, 4.77957883049e-06, 9.7813526736e-06, 7.84327785368e-05, 0.000617989804596, 0.000995369860902, 0.000456742214737, 0.000354177318513, 0.000637445948087, 0.00121960649267, 0.00418775994331, 0.00515687838197, 0.00262714759447, 0.00449876021594, 0.00543791661039, 0.00510427495465, 0.0129756564274, 0.0499765761197, 0.0522370524704, 0.0246568620205, 0.015351110138, 0.00425142748281, 0.00161832512822, 0.00152904132847, 0.00011672762048, 8.92780747108e-07],
        "mean": [8.75422012658e-10, 2.37701502925e-08, 1.53958808369e-07, 4.4204747951e-07, 4.50052857559e-06, 2.51759956882e-05, 3.2060284866e-05, 5.40512919542e-05, 4.22652701673e-05, 5.29469689354e-05, 8.77254278748e-05, 0.000384797225706, 0.000734882836696, 0.000314191478537, 0.000330396054778, 0.000562861037906, 0.000541321816854, 0.0014052784536, 0.00464135129005, 0.00863715168089, 0.0026103942655, 0.0014738405589, 0.000426935439464, 0.000164311393746, 0.000231756988796, 1.04898408608e-05, 6.14523685272e-08],
        "median": [4.45840586671e-10, 1.59372859354e-09, 2.84293727448e-10, 5.92784987763e-10, 1.50562318169e-08, 8.79592505498e-08, 1.5825931996e-06, 2.92318763968e-05, 2.82896198769e-05, 1.91087819985e-05, 1.82088679139e-05, 0.000130903732497, 0.000428576720878, 0.000192772931769, 0.000142426186358, 0.000226966847549, 0.000206315831747, 0.000304605229758, 0.00166828266811, 0.0038617644459, 0.00122212991118, 0.000638247525785, 0.00016186798166, 5.45902621525e-05, 7.17700895621e-05, 2.50580023931e-06, 8.50064463265e-09],
        "min": [3.75287953884e-23, 3.47456120733e-23, 1.69490078703e-23, 4.39496498404e-24, 2.67253831568e-23, 1.51854588295e-23, 8.70719991614e-23, 4.52713547327e-23, 2.54365832306e-23, 5.55161177594e-23, 8.51902503581e-23, 9.55081534125e-23, 9.51386257209e-23, 6.24303826194e-23, 1.78732922115e-22, 1.77157383872e-22, 1.9472794156e-22, 2.68923692332e-22, 2.4475700792e-22, 2.1094534405e-22, 4.33197071733e-22, 5.8847448332e-22, 7.70293214727e-22, 9.46036227793e-22, 1.38225777962e-21, 1.60733511871e-21, 2.51031605036e-21],
        "skew": [8.49850749969, 5.68201875687, 5.40395879745, 4.52867698669, 3.93639492989, 4.91688776016, 5.29780960083, 2.36452174187, 2.3348107338, 3.35238838196, 3.51052427292, 3.38814353943, 1.92407476902, 2.22984695435, 3.54107356071, 2.58194923401, 2.74456381798, 2.56099057198, 3.0346455574, 1.66432547569, 2.83577466011, 2.9698112011, 2.88101625443, 2.52613902092, 1.80824244022, 2.80254793167, 3.36974239349],
        "var": [4.00684758437e-18, 6.40890750639e-15, 3.69672879547e-13, 1.91043643578e-12, 9.61675808431e-11, 5.38540323447e-09, 1.14661666828e-08, 5.9852105494e-09, 2.95591773281e-09, 8.22749424145e-09, 3.75849360523e-08, 5.31883245003e-07, 9.4605564982e-07, 1.81609166816e-07, 3.46622925917e-07, 7.39927713767e-07, 8.07200251529e-07, 6.10277857049e-06, 6.56261108816e-05, 0.000138210190926, 1.99869773496e-05, 6.68497750667e-06, 5.44482247733e-07, 7.11173484547e-08, 1.12525235352e-07, 3.4750569089e-10, 2.13879410601e-14],
        "cov": [[4.02506044709e-18, 8.21363216741e-17, 3.77048934355e-16, 1.22009992678e-15, 2.89156571171e-15, 3.87463329379e-14, 1.09223014747e-13, 5.09405851648e-14, 3.12129337134e-14, 4.31134179735e-14, 1.00152653911e-13, 2.04327833407e-13, 3.31921664633e-13, 6.83969008275e-14, 2.15857036022e-13, 2.9135678245e-13, 4.14829222405e-13, 1.51556013833e-12, 6.56855386055e-12, 4.86714444789e-12, 2.59682596607e-12, 1.23833126912e-12, 5.2530121095e-13, 1.32502678534e-13, 1.05377193787e-13, 1.04353629009e-14, 8.96049155725e-17], [8.21363216741e-17, 6.43803866351e-15, 2.59480411875e-14, 6.72083441959e-14, 2.2785598278e-13, 3.06279264103e-12, 3.94147214866e-12, 3.14207644278e-12, 1.62847036203e-12, 4.05212148558e-12, 6.67770222798e-12, 2.49705083e-11, 3.28325248933e-11, 1.27124482815e-11, 2.7977052966e-11, 3.02265573682e-11, 3.55249614448e-11, 1.33860547646e-10, 4.76304995445e-10, 4.91953533466e-10, 2.25082091854e-10, 1.11479235565e-10, 3.83191256503e-11, 1.22581406831e-11, 1.05999124408e-11, 1.01699757556e-12, 7.07937050656e-15], [3.77048934355e-16, 2.59480411875e-14, 3.71353203179e-13, 6.34699432768e-13, 3.82400404744e-12, 2.63182947657e-11, 3.11896966587e-11, 2.91717171252e-11, 1.1868866133e-11, 2.3230075849e-11, 5.63879949678e-11, 2.02814182115e-10, 3.17044751563e-10, 1.22882926057e-10, 2.03555436395e-10, 2.80418632759e-10, 2.76703937541e-10, 1.10526687802e-09, 3.03042524408e-09, 3.86965792742e-09, 1.71114533654e-09, 1.02100861099e-09, 2.71799249774e-10, 1.12870227054e-10, 9.76733208202e-11, 7.53578796586e-12, 5.42173151806e-14], [1.22009992678e-15, 6.72083441959e-14, 6.34699432768e-13, 1.91912024466e-12, 7.95219272376e-12, 7.53028889244e-11, 8.2672604873e-11, 7.24345652903e-11, 4.05667131831e-11, 8.07946279324e-11, 1.78260628481e-10, 5.50205714323e-10, 8.56392401438e-10, 2.81560386117e-10, 5.4447768516e-10, 7.71643637876e-10, 7.78392628131e-10, 2.6237159112e-09, 8.06198574566e-09, 9.77151604076e-09, 4.6910066942e-09, 2.71444489108e-09, 7.21500192924e-10, 2.91757257243e-10, 2.78368467166e-10, 1.92692181655e-11, 1.56620891386e-13], [2.89156571171e-15, 2.2785598278e-13, 3.82400404744e-12, 7.95219272376e-12, 9.66047034034e-11, 3.80833281577e-10, 6.56919518782e-10, 5.02659747159e-10, 2.16404047459e-10, 5.68001923273e-10, 1.24006893643e-09, 3.45487061182e-09, 5.22715604134e-09, 2.64692623375e-09, 3.72130970483e-09, 5.86049075935e-09, 5.98458438361e-09, 1.79022432434e-08, 4.93503868881e-08, 7.97690162813e-08, 2.85607626438e-08, 1.6410734105e-08, 4.88996088066e-09, 1.8964960713e-09, 2.0733326167e-09, 1.16505610714e-10, 8.70104661065e-13], [3.87463329379e-14, 3.06279264103e-12, 2.63182947657e-11, 7.53028889244e-11, 3.80833281577e-10, 5.4098823199e-09, 4.55775772679e-09, 3.05318281768e-09, 2.5075217458e-09, 5.04453190331e-09, 1.01187458412e-08, 3.45487585207e-08, 4.69816505699e-08, 1.53259360758e-08, 3.01870741737e-08, 4.13457463821e-08, 4.05709421614e-08, 1.34700385956e-07, 4.05202740694e-07, 5.28369810127e-07, 2.60136971519e-07, 1.50734521753e-07, 3.73835717937e-08, 1.47349243917e-08, 1.56169033261e-08, 1.04124342482e-09, 7.9186778662e-12], [1.09223014747e-13, 3.94147214866e-12, 3.11896966587e-11, 8.2672604873e-11, 6.56919518782e-10, 4.55775772679e-09, 1.15182849925e-08, 5.21267518039e-09, 2.21466511796e-09, 5.87980553135e-09, 1.35067903528e-08, 3.76882027808e-08, 5.24696766036e-08, 2.3540605909e-08, 3.13835215593e-08, 4.93568812487e-08, 5.58530466321e-08, 1.77656716005e-07, 6.0181309891e-07, 8.09019411463e-07, 3.262901771e-07, 1.71258392356e-07, 5.80668739758e-08, 1.77373422616e-08, 1.94696951894e-08, 1.15542519996e-09, 1.00081288743e-11], [5.09405851648e-14, 3.14207644278e-12, 2.91717171252e-11, 7.24345652903e-11, 5.02659747159e-10, 3.05318281768e-09, 5.21267518039e-09, 6.01241634257e-09, 2.53610221712e-09, 4.36314406826e-09, 8.41323188894e-09, 3.61270942051e-08, 5.40132880644e-08, 2.11550084117e-08, 3.1782683152e-08, 4.54593269694e-08, 4.93083049946e-08, 1.49821730133e-07, 4.64969531322e-07, 7.06930279648e-07, 2.62959332531e-07, 1.51435642692e-07, 4.40352891928e-08, 1.60306701247e-08, 1.8939996238e-08, 1.02984620831e-09, 7.53977956458e-12], [3.12129337134e-14, 1.62847036203e-12, 1.1868866133e-11, 4.05667131831e-11, 2.16404047459e-10, 2.5075217458e-09, 2.21466511796e-09, 2.53610221712e-09, 2.96935365185e-09, 3.0579767607e-09, 6.57804788418e-09, 2.44207143396e-08, 3.14459782658e-08, 1.12549507492e-08, 1.62438613671e-08, 2.53719036891e-08, 2.75982294795e-08, 8.15766796336e-08, 2.72318800398e-07, 3.6835120909e-07, 1.52677785081e-07, 9.44178353279e-08, 2.46476652421e-08, 8.84682727076e-09, 1.20787229108e-08, 6.53953557972e-10, 4.63600859091e-12], [4.31134179735e-14, 4.05212148558e-12, 2.3230075849e-11, 8.07946279324e-11, 5.68001923273e-10, 5.04453190331e-09, 5.87980553135e-09, 4.36314406826e-09, 3.0579767607e-09, 8.26489188199e-09, 1.37963063196e-08, 4.77699906298e-08, 5.84994381825e-08, 2.30440146964e-08, 3.66935175578e-08, 5.40839089069e-08, 5.95674549686e-08, 1.75196632313e-07, 5.61573074265e-07, 7.58309909088e-07, 3.39556379458e-07, 1.75202259811e-07, 5.28167340974e-08, 1.87570776689e-08, 2.17544613434e-08, 1.33176547568e-09, 1.02104973781e-11], [1.00152653911e-13, 6.67770222798e-12, 5.63879949678e-11, 1.78260628481e-10, 1.24006893643e-09, 1.01187458412e-08, 1.35067903528e-08, 8.41323188894e-09, 6.57804788418e-09, 1.37963063196e-08, 3.7755775395e-08, 1.03085127989e-07, 1.20439338502e-07, 5.22287493254e-08, 7.49108863829e-08, 1.27177912645e-07, 1.26137805978e-07, 3.63662337577e-07, 1.18123568882e-06, 1.58438353992e-06, 7.12405039849e-07, 4.08467570878e-07, 1.1074036621e-07, 3.92493682e-08, 4.85463189648e-08, 2.97789215509e-09, 2.30966513276e-11], [2.04327833407e-13, 2.49705083e-11, 2.02814182115e-10, 5.50205714323e-10, 3.45487061182e-09, 3.45487585207e-08, 3.76882027808e-08, 3.61270942051e-08, 2.44207143396e-08, 4.77699906298e-08, 1.03085127989e-07, 5.34300909294e-07, 4.94729590628e-07, 1.86426547089e-07, 2.77404154758e-07, 3.51330328385e-07, 4.60990605688e-07, 1.24655662148e-06, 4.37935113951e-06, 5.93209142608e-06, 2.59919988821e-06, 1.52888708271e-06, 3.89775266285e-07, 1.45560946407e-07, 1.71314013642e-07, 1.01645154515e-08, 8.14634887325e-11], [3.31921664633e-13, 3.28325248933e-11, 3.17044751563e-10, 8.56392401438e-10, 5.22715604134e-09, 4.69816505699e-08, 5.24696766036e-08, 5.40132880644e-08, 3.14459782658e-08, 5.84994381825e-08, 1.20439338502e-07, 4.94729590628e-07, 9.503559113e-07, 3.0174692256e-07, 4.36360551248e-07, 6.51326502066e-07, 6.0797185597e-07, 1.7470262037e-06, 5.36508878213e-06, 8.37266998133e-06, 3.26052281707e-06, 1.93466416931e-06, 4.94040989452e-07, 1.99135911316e-07, 2.45379283115e-07, 1.30643185159e-08, 9.67558810849e-11], [6.83969008275e-14, 1.27124482815e-11, 1.22882926057e-10, 2.81560386117e-10, 2.64692623375e-09, 1.53259360758e-08, 2.3540605909e-08, 2.11550084117e-08, 1.12549507492e-08, 2.30440146964e-08, 5.22287493254e-08, 1.86426547089e-07, 3.0174692256e-07, 1.82434661156e-07, 1.68308602611e-07, 2.59087556742e-07, 2.55586940057e-07, 7.61389401305e-07, 2.39878181674e-06, 3.90675859308e-06, 1.28632484575e-06, 7.50073127165e-07, 2.25351911354e-07, 8.122954398e-08, 1.01790504914e-07, 5.72200731241e-09, 4.01349127543e-11], [2.15857036022e-13, 2.7977052966e-11, 2.03555436395e-10, 5.4447768516e-10, 3.72130970483e-09, 3.01870741737e-08, 3.13835215593e-08, 3.1782683152e-08, 1.62438613671e-08, 3.66935175578e-08, 7.49108863829e-08, 2.77404154758e-07, 4.36360551248e-07, 1.68308602611e-07, 3.4819848338e-07, 4.28066840641e-07, 4.28691578236e-07, 1.21751997995e-06, 3.66354584003e-06, 5.26209032614e-06, 2.13941711991e-06, 1.28309966385e-06, 3.28903183799e-07, 1.30960884803e-07, 1.52712871682e-07, 8.72396999085e-09, 6.53943010853e-11], [2.9135678245e-13, 3.02265573682e-11, 2.80418632759e-10, 7.71643637876e-10, 5.86049075935e-09, 4.13457463821e-08, 4.93568812487e-08, 4.54593269694e-08, 2.53719036891e-08, 5.40839089069e-08, 1.27177912645e-07, 3.51330328385e-07, 6.51326502066e-07, 2.59087556742e-07, 4.28066840641e-07, 7.4329096833e-07, 6.14983832747e-07, 1.712675612e-06, 5.0431622185e-06, 7.62575746194e-06, 3.13878695124e-06, 1.76917080807e-06, 4.64338057782e-07, 1.85786248608e-07, 2.26346529075e-07, 1.26192096772e-08, 9.21436885126e-11], [4.14829222405e-13, 3.55249614448e-11, 2.76703937541e-10, 7.78392628131e-10, 5.98458438361e-09, 4.05709421614e-08, 5.58530466321e-08, 4.93083049946e-08, 2.75982294795e-08, 5.95674549686e-08, 1.26137805978e-07, 4.60990605688e-07, 6.0797185597e-07, 2.55586940057e-07, 4.28691578236e-07, 6.14983832747e-07, 8.1086938053e-07, 1.87955959063e-06, 6.09672406426e-06, 8.31088527775e-06, 3.27301881953e-06, 2.00857084565e-06, 5.22698030636e-07, 2.0630611175e-07, 2.35658603742e-07, 1.342771494e-08, 1.01704290822e-10], [1.51556013833e-12, 1.33860547646e-10, 1.10526687802e-09, 2.6237159112e-09, 1.79022432434e-08, 1.34700385956e-07, 1.77656716005e-07, 1.49821730133e-07, 8.15766796336e-08, 1.75196632313e-07, 3.63662337577e-07, 1.24655662148e-06, 1.7470262037e-06, 7.61389401305e-07, 1.21751997995e-06, 1.712675612e-06, 1.87955959063e-06, 6.13051861365e-06, 1.7874121113e-05, 2.45075461862e-05, 9.88608098851e-06, 5.65991877011e-06, 1.60861418408e-06, 6.02625163992e-07, 6.90409649451e-07, 4.13300504931e-08, 3.08495895496e-10], [6.56855386055e-12, 4.76304995445e-10, 3.03042524408e-09, 8.06198574566e-09, 4.93503868881e-08, 4.05202740694e-07, 6.0181309891e-07, 4.64969531322e-07, 2.72318800398e-07, 5.61573074265e-07, 1.18123568882e-06, 4.37935113951e-06, 5.36508878213e-06, 2.39878181674e-06, 3.66354584003e-06, 5.0431622185e-06, 6.09672406426e-06, 1.7874121113e-05, 6.59244105918e-05, 7.78356115916e-05, 3.2538355299e-05, 1.80682000064e-05, 5.37176629223e-06, 1.92810557564e-06, 2.07234211302e-06, 1.37711367643e-07, 1.05328379352e-09], [4.86714444789e-12, 4.91953533466e-10, 3.86965792742e-09, 9.77151604076e-09, 7.97690162813e-08, 5.28369810127e-07, 8.09019411463e-07, 7.06930279648e-07, 3.6835120909e-07, 7.58309909088e-07, 1.58438353992e-06, 5.93209142608e-06, 8.37266998133e-06, 3.90675859308e-06, 5.26209032614e-06, 7.62575746194e-06, 8.31088527775e-06, 2.45075461862e-05, 7.78356115916e-05, 0.00013883842621, 4.44634824817e-05, 2.55266859313e-05, 7.22302138456e-06, 2.75971797237e-06, 3.13696796184e-06, 1.85083038673e-07, 1.32268074271e-09], [2.59682596607e-12, 2.25082091854e-10, 1.71114533654e-09, 4.6910066942e-09, 2.85607626438e-08, 2.60136971519e-07, 3.262901771e-07, 2.62959332531e-07, 1.52677785081e-07, 3.39556379458e-07, 7.12405039849e-07, 2.59919988821e-06, 3.26052281707e-06, 1.28632484575e-06, 2.13941711991e-06, 3.13878695124e-06, 3.27301881953e-06, 9.88608098851e-06, 3.2538355299e-05, 4.44634824817e-05, 2.00778267754e-05, 1.06331744973e-05, 2.94160986414e-06, 1.10964913347e-06, 1.23283450648e-06, 7.64880425663e-08, 6.07608741099e-10], [1.23833126912e-12, 1.11479235565e-10, 1.02100861099e-09, 2.71444489108e-09, 1.6410734105e-08, 1.50734521753e-07, 1.71258392356e-07, 1.51435642692e-07, 9.44178353279e-08, 1.75202259811e-07, 4.08467570878e-07, 1.52888708271e-06, 1.93466416931e-06, 7.50073127165e-07, 1.28309966385e-06, 1.76917080807e-06, 2.00857084565e-06, 5.65991877011e-06, 1.80682000064e-05, 2.55266859313e-05, 1.06331744973e-05, 6.71536372465e-06, 1.63505910677e-06, 6.47921922337e-07, 7.38101562092e-07, 4.40870771001e-08, 3.36231376075e-10], [5.2530121095e-13, 3.83191256503e-11, 2.71799249774e-10, 7.21500192924e-10, 4.88996088066e-09, 3.73835717937e-08, 5.80668739758e-08, 4.40352891928e-08, 2.46476652421e-08, 5.28167340974e-08, 1.1074036621e-07, 3.89775266285e-07, 4.94040989452e-07, 2.25351911354e-07, 3.28903183799e-07, 4.64338057782e-07, 5.22698030636e-07, 1.60861418408e-06, 5.37176629223e-06, 7.22302138456e-06, 2.94160986414e-06, 1.63505910677e-06, 5.4695721019e-07, 1.72738936044e-07, 1.91603149347e-07, 1.20500454059e-08, 9.50205469863e-11], [1.32502678534e-13, 1.22581406831e-11, 1.12870227054e-10, 2.91757257243e-10, 1.8964960713e-09, 1.47349243917e-08, 1.77373422616e-08, 1.60306701247e-08, 8.84682727076e-09, 1.87570776689e-08, 3.92493682e-08, 1.45560946407e-07, 1.99135911316e-07, 8.122954398e-08, 1.30960884803e-07, 1.85786248608e-07, 2.0630611175e-07, 6.02625163992e-07, 1.92810557564e-06, 2.75971797237e-06, 1.10964913347e-06, 6.47921922337e-07, 1.72738936044e-07, 7.14406098723e-08, 7.26250632965e-08, 4.58540272419e-09, 3.51251701336e-11], [1.05377193787e-13, 1.05999124408e-11, 9.76733208202e-11, 2.78368467166e-10, 2.0733326167e-09, 1.56169033261e-08, 1.94696951894e-08, 1.8939996238e-08, 1.20787229108e-08, 2.17544613434e-08, 4.85463189648e-08, 1.71314013642e-07, 2.45379283115e-07, 1.01790504914e-07, 1.52712871682e-07, 2.26346529075e-07, 2.35658603742e-07, 6.90409649451e-07, 2.07234211302e-06, 3.13696796184e-06, 1.23283450648e-06, 7.38101562092e-07, 1.91603149347e-07, 7.26250632965e-08, 1.13036712435e-07, 4.964687772e-09, 3.87544579761e-11], [1.04353629009e-14, 1.01699757556e-12, 7.53578796586e-12, 1.92692181655e-11, 1.16505610714e-10, 1.04124342482e-09, 1.15542519996e-09, 1.02984620831e-09, 6.53953557972e-10, 1.33176547568e-09, 2.97789215509e-09, 1.01645154515e-08, 1.30643185159e-08, 5.72200731241e-09, 8.72396999085e-09, 1.26192096772e-08, 1.342771494e-08, 4.13300504931e-08, 1.37711367643e-07, 1.85083038673e-07, 7.64880425663e-08, 4.40870771001e-08, 1.20500454059e-08, 4.58540272419e-09, 4.964687772e-09, 3.49085260698e-10, 2.49326882924e-12], [8.96049155725e-17, 7.07937050656e-15, 5.42173151806e-14, 1.56620891386e-13, 8.70104661065e-13, 7.9186778662e-12, 1.00081288743e-11, 7.53977956458e-12, 4.63600859091e-12, 1.02104973781e-11, 2.30966513276e-11, 8.14634887325e-11, 9.67558810849e-11, 4.01349127543e-11, 6.53943010853e-11, 9.21436885126e-11, 1.01704290822e-10, 3.08495895496e-10, 1.05328379352e-09, 1.32268074271e-09, 6.07608741099e-10, 3.36231376075e-10, 9.50205469863e-11, 3.51251701336e-11, 3.87544579761e-11, 2.49326882924e-12, 2.14851601137e-14]]
    },
    "mfcc": {
        "kurt": [-1.43563115597, -0.131386518478, -1.07703578472, 0.658924818039, -0.394461870193, -0.419736623764, 1.16784334183, -0.807272672653, -0.754857540131, -0.231476545334, -0.110193014145, -0.465349912643, -0.540671825409],
        "max": [-521.689697266, 62.6487197876, 15.3030090332, 85.98097229, 13.7332458496, 43.1821746826, 68.5271987915, 14.6703701019, 35.2884635925, 38.9309616089, 35.3367538452, 34.5717086792, 25.3000488281],
        "mean": [-808.633300781, -51.8552818298, -80.0458831787, 1.10289621353, -39.7692756653, -8.43753433228, 4.45665550232, -21.8088302612, -6.64838266373, -0.148460388184, 1.41131341457, 1.51424193382, 1.1630011797],
        "median": [-700.307739258, -57.2358932495, -97.3544921875, 8.01086425781e-05, -43.8013877869, -12.4076061249, 0.369226455688, -25.2039299011, -8.82753753662, -1.45259094238, -2.67028808594e-05, -3.0517578125e-05, 0.141819000244],
        "min": [-1138.42004395, -115.988342285, -158.699615479, -48.5887527466, -75.9806365967, -45.2582015991, -28.5766181946, -52.5027389526, -39.9091339111, -34.9584960938, -23.4145641327, -21.6800022125, -19.0092639923],
        "skew": [-0.485369384289, 0.39747017622, 0.605952858925, 0.537175059319, 0.619807064533, 0.50519490242, 0.809713363647, 0.316005527973, 0.378145605326, 0.287529975176, 0.37134578824, 0.481707572937, 0.067401625216],
        "var": [47499.7460938, 958.40447998, 2576.7421875, 559.57598877, 424.594177246, 325.828430176, 251.352050781, 206.375366211, 298.917877197, 174.749359131, 170.00163269, 173.967041016, 106.117874146],
        "cov": [[47715.65625, -4768.52734375, -8893.83984375, -2820.98779297, -3431.6418457, -2831.27929688, -1918.74645996, -783.001037598, -2427.45288086, -982.861206055, 1005.20037842, -1711.36096191, 773.675720215], [-4768.52734375, 962.760864258, 1419.97277832, 408.078552246, 510.251525879, 198.333892822, 29.547542572, 20.6128864288, 104.988174438, -93.6480484009, -227.400604248, 88.5509109497, -139.982879639], [-8893.83984375, 1419.97277832, 2588.45458984, 724.121887207, 807.74810791, 350.503234863, 155.095458984, 18.836139679, 364.039550781, -98.4024353027, -415.878326416, 253.873199463, -273.117431641], [-2820.98779297, 408.078552246, 724.121887207, 562.119506836, 270.273223877, 205.575088501, 177.670669556, -130.69203186, 35.9955215454, -0.465525060892, -212.864151001, 86.6066513062, -87.9767227173], [-3431.6418457, 510.251525879, 807.74810791, 270.273223877, 426.524139404, 214.091171265, 75.3969955444, 74.2872009277, 86.7133178711, 5.79305124283, -95.104598999, 45.8933410645, -70.8170623779], [-2831.27929688, 198.333892822, 350.503234863, 205.575088501, 214.091171265, 327.30947876, 188.404968262, 51.8267974854, 144.231933594, 94.2291107178, -40.4073143005, 135.971084595, -36.9478797913], [-1918.74645996, 29.547542572, 155.095458984, 177.670669556, 75.3969955444, 188.404968262, 252.494567871, 33.7031135559, 142.050064087, 136.230789185, -22.293756485, 109.142417908, -1.9261302948], [-783.001037598, 20.6128864288, 18.836139679, -130.69203186, 74.2872009277, 51.8267974854, 33.7031135559, 207.313446045, 98.4886474609, 81.4031066895, 90.0921783447, 20.5148143768, 30.0316677094], [-2427.45288086, 104.988174438, 364.039550781, 35.9955215454, 86.7133178711, 144.231933594, 142.050064087, 98.4886474609, 300.276611328, 110.157752991, -1.84795892239, 166.219940186, -43.2781486511], [-982.861206055, -93.6480484009, -98.4024353027, -0.465525060892, 5.79305124283, 94.2291107178, 136.230789185, 81.4031066895, 110.157752991, 175.543685913, 72.6394500732, 67.0694503784, 34.9034767151], [1005.20037842, -227.400604248, -415.878326416, -212.864151001, -95.104598999, -40.4073143005, -22.293756485, 90.0921783447, -1.84795892239, 72.6394500732, 170.774368286, -18.6800270081, 75.9410324097], [-1711.36096191, 88.5509109497, 253.873199463, 86.6066513062, 45.8933410645, 135.971084595, 109.142417908, 20.5148143768, 166.219940186, 67.0694503784, -18.6800270081, 174.757797241, -15.6350240707], [773.675720215, -139.982879639, -273.117431641, -87.9767227173, -70.8170623779, -36.9478797913, -1.9261302948, 30.0316677094, -43.2781486511, 34.9034767151, 75.9410324097, -15.6350240707, 106.600227356]]
    },
    "sccoeffs": {
        "kurt": [-0.672307729721, -0.014497756958, -0.617510080338, -0.199801445007, 1.64024734497, 1.00863695145],
        "max": [-0.476451933384, -0.349695533514, -0.652348399162, -0.657347738743, -0.425782203674, -0.452488034964],
        "mean": [-0.718026816845, -0.756965816021, -0.832098126411, -0.804787516594, -0.744792819023, -0.727571249008],
        "median": [-0.716055035591, -0.753546059132, -0.819611132145, -0.784901797771, -0.747339129448, -0.741155982018],
        "min": [-0.964439809322, -0.982907533646, -0.978230416775, -0.983273744583, -0.964572489262, -0.958106100559],
        "skew": [-0.0675782635808, 0.444766908884, -0.275271445513, -0.772160172462, 0.518880724907, 0.633846461773],
        "var": [0.0125610064715, 0.0183889251202, 0.00476859835908, 0.00474875746295, 0.00872568506747, 0.0102502265945],
        "cov": [[0.0126181021333, -0.0018118834123, 0.00110498664435, 0.00153487978969, 0.000425060105044, -0.000590634474065], [-0.0018118834123, 0.0184725113213, 0.00535354111344, 0.00480838026851, -8.21948051453e-05, -0.00275751319714], [0.00110498664435, 0.00535354111344, 0.00479027349502, 0.00314681208692, 0.000620273000095, -0.00124883756507], [0.00153487978969, 0.00480838026851, 0.00314681208692, 0.00477034272626, 0.00138593523297, -0.000499178015161], [0.000425060105044, -8.21948051453e-05, 0.000620273000095, 0.00138593523297, 0.00876534730196, 0.00632395083085], [-0.000590634474065, -0.00275751319714, -0.00124883756507, -0.000499178015161, 0.00632395083085, 0.0102968188003]]
    },
    "scvalleys": {
        "kurt": [8.08223819733, 0.138391494751, 0.332585334778, 0.672183275223, 0.986318349838, 0.629656076431],
        "max": [-8.1409406662, -5.69856405258, -5.19873189926, -4.98981428146, -4.37361478806, -6.03078460693],
        "mean": [-12.3580818176, -10.6240911484, -9.57660484314, -8.67931842804, -8.19043064117, -9.75077342987],
        "median": [-11.9961853027, -9.46568965912, -7.30919599533, -6.1694316864, -5.89526844025, -7.54382658005],
        "min": [-27.0481433868, -27.3288192749, -27.3022727966, -27.1306285858, -27.0702495575, -27.3282279968],
        "skew": [-1.44790244102, -0.676200807095, -1.0153400898, -1.19361114502, -1.20508563519, -1.07861566544],
        "var": [4.60981273651, 13.8929271698, 15.7387914658, 16.605134964, 15.7907457352, 14.2169008255],
        "cov": [[4.63076639175, 7.27037572861, 7.24952173233, 7.2049498558, 7.16248273849, 6.80634975433], [7.27037572861, 13.956076622, 13.9800615311, 14.010468483, 13.807217598, 13.1797094345], [7.24952173233, 13.9800615311, 15.8103313446, 15.9883966446, 15.6011629105, 14.8414087296], [7.2049498558, 14.010468483, 15.9883966446, 16.6806125641, 16.199804306, 15.2742118835], [7.16248273849, 13.807217598, 15.6011629105, 16.199804306, 15.8625221252, 14.9562654495], [6.80634975433, 13.1797094345, 14.8414087296, 15.2742118835, 14.9562654495, 14.2815227509]]
    }
},
"rhythm": {
    "beats_loudness": {
        "kurt": 0.522656679153,
        "max": 0.0752183794975,
        "mean": 0.0222100187093,
        "median": 0.0164844561368,
        "min": 1.6688189719e-09,
        "skew": 1.20102334023,
        "var": 0.000549164949916
    },
    "bpm": 101.354988098,
    "confidence": 0,
    "first_peak_bpm": {
        "kurt": 0,
        "max": 101,
        "mean": 101,
        "median": 101,
        "min": 101,
        "skew": 0,
        "var": 0
    },
    "first_peak_spread": {
        "kurt": 0,
        "max": 0.571428537369,
        "mean": 0.571428537369,
        "median": 0.571428537369,
        "min": 0.571428537369,
        "skew": 0,
        "var": 0
    },
    "first_peak_weight": {
        "kurt": 0,
        "max": 0.428571432829,
        "mean": 0.428571432829,
        "median": 0.428571432829,
        "min": 0.428571432829,
        "skew": 0,
        "var": 0
    },
    "onset_rate": 0.784809231758,
    "second_peak_bpm": {
        "kurt": 0,
        "max": 0,
        "mean": 0,
        "median": 0,
        "min": 0,
        "skew": 0,
        "var": 0
    },
    "second_peak_spread": {
        "kurt": 0,
        "max": 0,
        "mean": 0,
        "median": 0,
        "min": 0,
        "skew": 0,
        "var": 0
    },
    "second_peak_weight": {
        "kurt": 0,
        "max": 0,
        "mean": 0,
        "median": 0,
        "min": 0,
        "skew": 0,
        "var": 0
    },
    "beats_loudness_band_ratio": {
        "kurt": [3.14270019531, 2.75883436203, -1.11240911484, -0.547827959061, -0.125611543655, 2.69352245331],
        "max": [0.952469229698, 0.0069905188866, 0.00880599115044, 0.140191942453, 0.187665611506, 0.861167192459],
        "mean": [0.119551584125, 0.00134499464184, 0.00460668466985, 0.0760422646999, 0.133662983775, 0.671107172966],
        "median": [6.77598072798e-05, 0.000657333410345, 0.00406234245747, 0.0718687623739, 0.159094318748, 0.747680306435],
        "min": [1.05717234078e-07, 5.26742161e-09, 0.000319488812238, 0.00120004231576, 0.00739474734291, 0.0381207801402],
        "skew": [2.26772427559, 2.11434030533, 0.0729088485241, -0.24085727334, -1.20346808434, -2.07909822464],
        "var": [0.0991087555885, 4.71477460451e-06, 7.57681118557e-06, 0.00161573477089, 0.00358260236681, 0.059691645205],
        "cov": [[0.113267146051, -2.07362627407e-05, -0.000583792221732, -0.0101495292038, -0.017171472311, -0.0861071422696], [-2.07362627407e-05, 5.38831363883e-06, -1.30750254357e-06, 5.5943204643e-05, 9.59231238085e-06, -4.66101882921e-05], [-0.000583792221732, -1.30750254357e-06, 8.65921265358e-06, 4.54943037766e-05, 0.000138418647111, 0.000401120225433], [-0.0101495292038, 5.5943204643e-05, 4.54943037766e-05, 0.00184655399062, 0.00161749951076, 0.00664479332045], [-0.017171472311, 9.59231238085e-06, 0.000138418647111, 0.00161749951076, 0.00409440277144, 0.011461885646], [-0.0861071422696, -4.66101882921e-05, 0.000401120225433, 0.00664479332045, 0.011461885646, 0.0682190209627]]
    },
    "beats_position": [0.592108845711, 1.19582760334, 1.79954648018, 2.39165520668, 2.9837641716, 3.5758728981, 4.15637159348, 4.73687076569],
    "bpm_estimates": [99.3840255737, 99.3840026855, 101.332740784, 101.332702637, 101.332740784, 103.359405518, 103.359321594],
    "bpm_intervals": [0.603718757629, 0.603718876839, 0.592108726501, 0.59210896492, 0.592108726501, 0.580498695374, 0.580499172211],
    "onset_times": [0.0928798168898, 1.82276642323, 3.52943301201, 4.09832191467],
    "histogram": [[0, 0, 0, 0, 0, 0, 0, 0, 0, 0, 0, 0, 0, 0, 0, 0, 0, 0, 0, 0, 0, 0, 0, 0, 0, 0, 0, 0, 0, 0, 0, 0, 0, 0, 0, 0, 0, 0, 0, 0, 0, 0, 0, 0, 0, 0, 0, 0, 0, 0, 0, 0, 0, 0, 0, 0, 0, 0, 0, 0, 0, 0, 0, 0, 0, 0, 0, 0, 0, 0, 0, 0, 0, 0, 0, 0, 0, 0, 0, 0, 0, 0, 0, 0, 0, 0, 0, 0, 0, 0, 0, 0, 0, 0, 0, 0, 0, 0, 0, 0.285714298487, 0, 0.428571432829, 0, 0.285714298487, 0, 0, 0, 0, 0, 0, 0, 0, 0, 0, 0, 0, 0, 0, 0, 0, 0, 0, 0, 0, 0, 0, 0, 0, 0, 0, 0, 0, 0, 0, 0, 0, 0, 0, 0, 0, 0, 0, 0, 0, 0, 0, 0, 0, 0, 0, 0, 0, 0, 0, 0, 0, 0, 0, 0, 0, 0, 0, 0, 0, 0, 0, 0, 0, 0, 0, 0, 0, 0, 0, 0, 0, 0, 0, 0, 0, 0, 0, 0, 0, 0, 0, 0, 0, 0, 0, 0, 0, 0, 0, 0, 0, 0, 0, 0, 0, 0, 0, 0, 0, 0, 0, 0, 0, 0, 0, 0, 0, 0, 0, 0, 0, 0, 0, 0, 0, 0, 0, 0, 0, 0, 0, 0, 0, 0, 0, 0, 0, 0, 0, 0, 0, 0, 0, 0, 0, 0, 0, 0, 0, 0, 0, 0, 0, 0, 0]]
},
"sfx": {
    "inharmonicity": {
        "kurt": 55.2534675598,
        "max": 0.462322771549,
        "mean": 0.00951613858342,
        "median": 0,
        "min": 0,
        "skew": 7.05781793594,
        "var": 0.00214207475074
    },
    "oddtoevenharmonicenergyratio": {
        "kurt": 83.1549530029,
        "max": 298492480,
        "mean": 4301777.5,
        "median": 0,
        "min": 0,
        "skew": 8.51894760132,
        "var": 6.69029203182e+14
    },
    "pitch_after_max_to_before_max_energy_ratio": 2.37424564362,
    "pitch_centroid": 109.341522217,
    "pitch_max_to_total": 0.289592772722,
    "pitch_min_to_total": 0.285067886114,
    "tristimulus": {
        "kurt": [3.54174661636, 4.74969434738, 64.8851852417],
        "max": [1, 0.999955356121, 0.95196390152],
        "mean": [0.88245934248, 0.104817315936, 0.0127234952524],
        "median": [1, 0, 0],
        "min": [4.46177000413e-05, 0, 0],
        "skew": [-2.34563469887, 2.57574343681, 7.97055196762],
        "var": [0.100183650851, 0.0884024053812, 0.0092374170199],
        "cov": [[0.100639030337, -0.090082064271, -0.0105570824817], [-0.090082064271, 0.0888042375445, 0.00127767329104], [-0.0105570824817, 0.00127767329104, 0.00927940476686]]
    }
},
"tonal": {
    "chords_changes_rate": 0.0630630627275,
    "chords_number_rate": 0.0450450442731,
    "chords_strength": {
        "kurt": -0.57236623764,
        "max": 0.614992201328,
        "mean": 0.479504942894,
        "median": 0.486128300428,
        "min": 0.286721557379,
        "skew": -0.507963180542,
        "var": 0.00745920883492
    },
    "key_strength": 0.191096141934,
    "tuning_diatonic_strength": 0.38548001647,
    "tuning_equal_tempered_deviation": 0.274630069733,
    "tuning_frequency": 438.477722168,
    "tuning_nontempered_energy_ratio": 0.900541305542,
    "hpcp": {
        "kurt": [0.75089597702, 0.541023731232, -0.533896207809, -1.16947340965, -1.52527558804, -1.51549911499, -1.53917384148, -1.33165287971, -1.37714457512, -1.08815073967, -0.423086643219, 1.37376260757, 0.173617362976, -0.451260328293, 2.13958024979, 0.366718769073, 0.149526357651, 0.847140789032, 6.92156028748, 2.58828639984, 0.641584396362, 1.16576099396, 4.0015501976, 7.73501777649, 8.42900371552, -0.55687713623, 2.31202363968, 0.542464733124, 2.58870077133, 1.48675441742, 3.05945062637, 4.55919361115, 2.22649383545, 0.681335449219, 0.312821626663, 1.19551563263],
        "max": [1, 1, 1, 1, 1, 1, 1, 1, 1, 1, 1, 1, 0.715062201023, 0.635974109173, 1, 1, 1, 0.763092637062, 0.89155548811, 0.598918557167, 0.375208586454, 0.486785322428, 0.652535021305, 1, 0.970169425011, 0.359561800957, 0.60167402029, 0.520330369473, 0.606358587742, 0.456502616405, 0.5867177248, 0.953603684902, 1, 1, 0.937150835991, 1],
        "mean": [0.273209065199, 0.276489168406, 0.306132316589, 0.383306413889, 0.477937787771, 0.508321940899, 0.483273983002, 0.435691863298, 0.414936304092, 0.393034189939, 0.31083086133, 0.220718815923, 0.185132876039, 0.207985490561, 0.255024820566, 0.334620565176, 0.340677917004, 0.229055434465, 0.143500447273, 0.109255060554, 0.0956452861428, 0.106298066676, 0.119010612369, 0.151073426008, 0.150912836194, 0.110195212066, 0.114990323782, 0.129077658057, 0.114620141685, 0.0950058400631, 0.114432357252, 0.166264295578, 0.207343012094, 0.233163133264, 0.255758017302, 0.273812770844],
