{
"metadata": {
    "version": {
        "essentia": "2.1-beta3"
    }
},
"lowLevel": {
    "average_loudness": 0.05910384655,
    "barkbands_kurtosis": {
        "kurt": 5.68754291534,
        "max": 18.9389362335,
        "mean": 1.63807320595,
        "median": 1.12608551979,
        "min": -1.76654005051,
        "skew": 1.82695543766,
        "var": 6.7136349678
    },
    "barkbands_skewness": {
        "kurt": 1.79126834869,
        "max": 2.14253354073,
        "mean": -1.11607801914,
        "median": -1.21577858925,
        "min": -3.68082404137,
        "skew": 0.934230327606,
        "var": 0.680665671825
    },
    "barkbands_spread": {
        "kurt": -0.408694028854,
        "max": 61.4524383545,
        "mean": 25.4017047882,
        "median": 23.9819984436,
        "min": 5.88160181046,
        "skew": 0.556437313557,
        "var": 130.986679077
    },
    "dissonance": {
        "kurt": 11.12758255,
        "max": 0.499999970198,
        "mean": 0.490020006895,
        "median": 0.492579758167,
        "min": 0.421492397785,
        "skew": -2.57241511345,
        "var": 8.67657872732e-05
    },
    "hfc": {
        "kurt": 38.095489502,
        "max": 27.9057922363,
        "mean": 1.14103758335,
        "median": 0.35928529501,
        "min": 4.5056331146e-05,
        "skew": 5.86672115326,
        "var": 9.54315376282
    },
    "pitch": {
        "kurt": -1.25789380074,
        "max": 5013.99169922,
        "mean": 2527.98730469,
        "median": 2497.68847656,
        "min": 97.1451416016,
        "skew": -0.0753893405199,
        "var": 2369041.5
    },
    "pitch_instantaneous_confidence": {
        "kurt": 1.50226354599,
        "max": 0.818830966949,
        "mean": 0.332060992718,
        "median": 0.312056571245,
        "min": 0.133635401726,
        "skew": 1.06444728374,
        "var": 0.0130943702534
    },
    "pitch_salience": {
        "kurt": 4.63698720932,
        "max": 0.875087738037,
        "mean": 0.741451621056,
        "median": 0.746178805828,
        "min": 0.435946047306,
        "skew": -1.18730330467,
        "var": 0.00210128468461
    },
    "silence_rate_20dB": {
        "kurt": 0,
        "max": 1,
        "mean": 1,
        "median": 1,
        "min": 1,
        "skew": 0,
        "var": 0
    },
    "silence_rate_30dB": {
        "kurt": 0,
        "max": 1,
        "mean": 1,
        "median": 1,
        "min": 1,
        "skew": 0,
        "var": 0
    },
    "silence_rate_60dB": {
        "kurt": 43.8953399658,
        "max": 1,
        "mean": 0.979539632797,
        "median": 1,
        "min": 0,
        "skew": -6.77462863922,
        "var": 0.0200417619199
    },
    "spectral_centroid": {
        "kurt": 1.1508603096,
        "max": 5655.96289062,
        "mean": 3713.84106445,
        "median": 3905.33911133,
        "min": 577.848815918,
        "skew": -1.21911334991,
        "var": 972367.5625
    },
    "spectral_complexity": {
        "kurt": 40.6605148315,
        "max": 22,
        "mean": 0.483375966549,
        "median": 0,
        "min": 0,
        "skew": 6.23426151276,
        "var": 6.1143245697
    },
    "spectral_crest": {
        "kurt": 2.32211780548,
        "max": 18.6835918427,
        "mean": 6.65184259415,
        "median": 6.06342697144,
        "min": 2.49026536942,
        "skew": 1.37224853039,
        "var": 6.28127193451
    },
    "spectral_decrease": {
        "kurt": 39.5715675354,
        "max": -6.10886387252e-15,
        "mean": -4.90824395016e-11,
        "median": -1.53303376937e-11,
        "min": -1.23232624105e-09,
        "skew": -5.98847723007,
        "var": 1.86554382822e-20
    },
    "spectral_energy": {
        "kurt": 38.0618591309,
        "max": 0.00706977071241,
        "mean": 0.000288743642159,
        "median": 9.11871102289e-05,
        "min": 2.71429989596e-08,
        "skew": 5.88832759857,
        "var": 6.26584323982e-07
    },
    "spectral_energyband_high": {
        "kurt": 38.7171173096,
        "max": 0.00352313183248,
        "mean": 0.000139998475788,
        "median": 4.70340091852e-05,
        "min": 3.11532510899e-09,
        "skew": 5.90697002411,
        "var": 1.44613437669e-07
    },
    "spectral_energyband_low": {
        "kurt": 160.806060791,
        "max": 5.56734885322e-05,
        "mean": 1.18548359751e-06,
        "median": 4.8827973842e-07,
        "min": 1.02657093937e-09,
        "skew": 11.215921402,
        "var": 1.02217860912e-11
    },
    "spectral_energyband_middle_high": {
        "kurt": 57.1093902588,
        "max": 0.00529081281275,
        "mean": 0.000132926696097,
        "median": 3.18645033985e-05,
        "min": 1.03504333993e-08,
        "skew": 6.85222387314,
        "var": 1.72253351138e-07
    },
    "spectral_energyband_middle_low": {
        "kurt": 47.7148513794,
        "max": 0.000397597497795,
        "mean": 1.59683968377e-05,
        "median": 8.35094579088e-06,
        "min": 9.4016865404e-09,
        "skew": 6.23295640945,
        "var": 1.09391196101e-09
    },
    "spectral_flatness_db": {
        "kurt": 0.377956390381,
        "max": 0.22932228446,
        "mean": 0.111091263592,
        "median": 0.1040918082,
        "min": 0.0435445643961,
        "skew": 0.8185557127,
        "var": 0.00109428330325
    },
    "spectral_flux": {
        "kurt": 13.6050224304,
        "max": 0.0639749094844,
        "mean": 0.00890818424523,
        "median": 0.00688071828336,
        "min": 0.000199597445317,
        "skew": 3.24833655357,
        "var": 7.48853635741e-05
    },
    "spectral_kurtosis": {
        "kurt": 10.8976221085,
        "max": 8.34630775452,
        "mean": 0.663356602192,
        "median": 0.385096311569,
        "min": -0.654262781143,
        "skew": 2.59138655663,
        "var": 0.979616105556
    },
    "spectral_rms": {
        "kurt": 13.3683109283,
        "max": 0.00262627820484,
        "mean": 0.000384165236028,
        "median": 0.000298266357277,
        "min": 5.14596695211e-06,
        "skew": 3.19013118744,
        "var": 1.34118039341e-07
    },
    "spectral_rolloff": {
        "kurt": 0.632384538651,
        "max": 9366.94335938,
        "mean": 5795.62451172,
        "median": 5727.83203125,
        "min": 689.0625,
        "skew": -0.445556104183,
        "var": 1724584.375
    },
    "spectral_skewness": {
        "kurt": 2.18790435791,
        "max": 2.29577684402,
        "mean": 0.794748902321,
        "median": 0.725730001926,
        "min": 0.209290280938,
        "skew": 1.3556419611,
        "var": 0.0864465907216
    },
    "spectral_spread": {
        "kurt": 11.2925739288,
        "max": 22427950,
        "mean": 9235214,
        "median": 9397065,
        "min": 4451189.5,
        "skew": 0.666981577873,
        "var": 1.84978361549e+12
    },
    "spectral_strongpeak": {
        "kurt": 32.7950897217,
        "max": 4.15667629242,
        "mean": 0.246204614639,
        "median": 0.162781566381,
        "min": 7.48917736928e-05,
        "skew": 4.23080301285,
        "var": 0.106491111219
    },
    "zerocrossingrate": {
        "kurt": 1.53582763672,
        "max": 0.25830078125,
        "mean": 0.189182758331,
        "median": 0.198486328125,
        "min": 0.0224609375,
        "skew": -1.3426463604,
        "var": 0.00161073566414
    },
    "barkbands": {
        "kurt": [94.0095825195, 191.258804321, 83.9708786011, 201.017929077, 178.407363892, 180.204528809, 63.4417877197, 104.077667236, 36.280456543, 40.2034416199, 104.510055542, 318.002593994, 78.4312286377, 79.9124603271, 313.047912598, 58.5898895264, 56.744228363, 47.0938110352, 44.037197113, 79.1279830933, 45.0967750549, 30.086063385, 49.5497245789, 40.1159973145, 63.8040313721, 49.9219017029, 37.8264961243],
        "max": [9.76323590862e-08, 1.03292541098e-05, 1.77093697857e-05, 6.46469416097e-05, 0.000124918136862, 8.17102772999e-05, 0.000121273806144, 0.000262869318249, 3.76185780624e-05, 7.05570855644e-05, 0.000132870583911, 0.000645801948849, 0.00034837264684, 0.00118300656322, 0.000757994363084, 0.00103676354047, 0.000433639041148, 0.000884055509232, 0.000708752020728, 0.000678169133607, 0.00234345206991, 0.000588317867368, 0.000424382596975, 0.000184748962056, 0.000394266593503, 5.273401257e-06, 5.82756705114e-08],
        "mean": [2.3068325028e-09, 1.8041396288e-07, 5.26182361682e-07, 1.07379480596e-06, 3.15142983709e-06, 1.79276275958e-06, 3.17245826409e-06, 4.25250800618e-06, 1.90202445083e-06, 2.41279144575e-06, 2.32648471865e-06, 4.3443164941e-06, 4.90352567795e-06, 1.61339485203e-05, 9.15756572795e-06, 1.98816469492e-05, 1.36752369144e-05, 2.6389661798e-05, 2.64313039224e-05, 1.98036868824e-05, 6.95087728673e-05, 2.61753921222e-05, 1.38073892231e-05, 9.18952991924e-06, 8.34076672618e-06, 2.05525495289e-07, 2.58608889858e-09],
        "median": [7.28738180911e-10, 4.60373712485e-08, 2.0750255203e-07, 3.38940964184e-07, 1.65250116879e-06, 9.34805484576e-07, 8.63475747792e-07, 1.05047388388e-06, 8.36626952605e-07, 5.90168156123e-07, 4.47402157988e-07, 5.10740278514e-07, 5.93910954194e-07, 1.44957391512e-06, 2.80832296085e-06, 2.37389349422e-06, 4.77446019431e-06, 5.16700765729e-06, 5.89426826991e-06, 7.3117721513e-06, 1.83787415153e-05, 7.94936477178e-06, 4.770909527e-06, 4.366691428e-06, 1.79757898877e-06, 9.69489306613e-08, 1.04119490807e-09],
        "min": [2.70526981892e-12, 1.42507061707e-10, 4.48762027538e-10, 7.86335885294e-10, 1.98573557597e-09, 1.5574032064e-09, 7.71655128684e-10, 3.04428704467e-10, 2.41295927683e-10, 5.27446038234e-11, 7.76619740739e-11, 5.36765631942e-10, 4.23673901517e-10, 3.27322585703e-10, 3.19245185842e-10, 6.93764101722e-10, 4.54662724136e-10, 7.92662102622e-10, 1.46103551479e-09, 1.71458858222e-09, 1.13165343762e-09, 6.50118681111e-10, 2.50946402547e-10, 1.0630509667e-10, 7.46364428594e-11, 2.58029483197e-11, 6.78406495477e-13],
        "skew": [8.30642127991, 11.4162893295, 7.62597179413, 12.9300441742, 11.0796585083, 11.3796892166, 7.55600643158, 10.0146074295, 5.543217659, 6.03578138351, 9.17885684967, 15.9011831284, 8.63855838776, 8.86400508881, 15.8304920197, 6.86301231384, 6.56116485596, 6.49054479599, 5.97654104233, 6.98288631439, 6.39386177063, 5.01265478134, 6.44609165192, 5.88550043106, 7.35706186295, 6.18243789673, 5.58442115784],
        "var": [3.91422759215e-17, 2.71816098275e-13, 1.36591530187e-12, 1.36940753875e-11, 4.15165159195e-11, 1.81743457089e-11, 1.14741410817e-10, 4.64308397286e-10, 1.63891140242e-11, 5.43275875675e-11, 8.71903105271e-11, 8.39090630311e-10, 8.91038631767e-10, 1.19608785099e-08, 1.17366361074e-09, 6.00883565127e-09, 1.15597753592e-09, 7.12908621026e-09, 4.99223196115e-09, 1.86215243225e-09, 4.94824448083e-08, 4.06070732595e-09, 1.35305155968e-09, 4.07098216249e-10, 8.9680479709e-10, 1.87503400935e-13, 3.12443488154e-17],
        "cov": [[3.91923931405e-17, 1.82877166169e-15, 4.24731881203e-15, 1.45436776771e-14, 2.08621216412e-14, 1.55031694947e-14, 1.73628218601e-14, 9.14593735083e-15, 6.53061936465e-15, 3.80112303124e-15, 4.81828508705e-15, 1.41236221801e-14, 2.10420094164e-14, 3.56251554407e-14, 6.93588185475e-14, 1.00700519904e-14, 1.7067837554e-14, 5.54459839044e-14, 4.14986241985e-14, 5.9857365375e-14, 1.73199619929e-14, 2.92625014389e-14, 5.06614810324e-15, 9.31934871206e-15, -2.36352113723e-15, 9.94948391774e-17, 6.55467843554e-19], [1.82877166169e-15, 2.72164127173e-13, 4.78776144164e-13, 1.46527505841e-12, 1.51677758894e-12, 7.82016270316e-13, 7.48625174438e-13, 4.13664057435e-13, 5.01922180034e-13, 4.55674777425e-13, 3.83782713725e-13, 1.04382344782e-12, 1.18572057554e-12, 1.37805370413e-12, 3.63245804963e-12, 2.69720985997e-13, 1.33367253873e-12, 3.00767288679e-12, 2.07427065975e-12, 3.58917713258e-12, -1.25009039036e-13, 1.45949376716e-12, -1.22300119251e-13, 1.81817917926e-12, -3.96253098693e-13, 4.54575604792e-15, 3.08345668487e-17], [4.24731881203e-15, 4.78776144164e-13, 1.3676642284e-12, 3.16597681231e-12, 4.09339923069e-12, 2.08973810478e-12, 1.99477435438e-12, 2.06666519835e-12, 1.36939754241e-12, 9.07420514597e-13, 1.06156023642e-12, 2.11422784661e-12, 3.50121515981e-12, 6.8726075178e-12, 8.1394491841e-12, 1.60800637129e-12, 3.21134178277e-12, 8.4283881957e-12, 6.58420973992e-12, 8.57678685018e-12, 3.16656249832e-12, 3.91377598732e-12, 3.67757148519e-13, 3.38499302373e-12, -4.3760408166e-13, 1.48424211154e-14, 9.92504172326e-17], [1.45436776771e-14, 1.46527505841e-12, 3.16597681231e-12, 1.37116099724e-11, 1.0909571857e-11, 9.18760467011e-12, 1.2388027236e-11, 8.58747274679e-12, 5.13887066581e-12, 3.43736172338e-12, 2.2786531776e-12, 1.56661870976e-11, 1.31713650403e-11, 3.13481220149e-11, 4.04878561233e-11, 1.17418869766e-11, 1.22023259552e-11, 4.35799452081e-11, 2.41467280199e-11, 2.38209833803e-11, 2.199999731e-11, 1.2041955974e-11, 2.33941446943e-12, 1.23269849189e-11, 1.75959913957e-13, 5.85262768154e-14, 6.30508667805e-16], [2.08621216412e-14, 1.51677758894e-12, 4.09339923069e-12, 1.0909571857e-11, 4.15696747857e-11, 1.5774857115e-11, 1.55418733438e-11, 1.27329171512e-11, 1.03766977649e-11, 1.29268627053e-11, 1.76883091507e-11, 3.37202106515e-11, 4.20252513345e-11, 4.64163915637e-11, 5.55848839179e-11, 6.17512291301e-11, 4.37091057792e-11, 8.51329978735e-11, 8.70479244242e-11, 7.3038505799e-11, 1.33761349219e-10, 3.86083352788e-11, 1.52100380901e-11, 1.25815408439e-11, 1.06893703958e-11, 1.84220707807e-13, 1.95889836876e-15], [1.55031694947e-14, 7.82016270316e-13, 2.08973810478e-12, 9.18760467011e-12, 1.5774857115e-11, 1.81976152897e-11, 1.59191670263e-11, 1.60254847587e-11, 6.03269127361e-12, 6.3791350674e-12, 1.27970490107e-11, 4.72801242601e-11, 2.40622435171e-11, 8.52456438771e-11, 7.90416551655e-11, 7.22881338122e-11, 3.81643050495e-11, 9.61618493167e-11, 7.92640050817e-11, 5.70791955368e-11, 1.33918182099e-10, 4.07550208859e-11, 2.05132161257e-11, 1.11714994894e-11, 1.36220808938e-11, 1.91434446962e-13, 2.65485833119e-15], [1.73628218601e-14, 7.48625174438e-13, 1.99477435438e-12, 1.2388027236e-11, 1.55418733438e-11, 1.59191670263e-11, 1.14888328018e-10, 4.27396451563e-11, 8.08911184563e-12, 5.87220289755e-12, 1.96446799799e-11, 7.84069337234e-11, 2.32799127198e-10, 2.92751489717e-10, 1.29035254703e-10, 4.26030988265e-10, 1.84348591947e-10, 5.50567202939e-10, 3.88315851696e-10, 2.17401693869e-10, 1.37441524828e-09, 3.60485918893e-10, 2.03718208969e-10, 1.11101544631e-10, 1.69327385446e-10, 2.57656634743e-12, 3.0908120437e-14], [9.14593735083e-15, 4.13664057435e-13, 2.06666519835e-12, 8.58747274679e-12, 1.27329171512e-11, 1.60254847587e-11, 4.27396451563e-11, 4.6490289396e-10, 1.0774968591e-11, 6.1250926206e-12, 4.47810538651e-11, 1.06155834123e-10, 3.27135887823e-11, 2.19105045218e-09, 1.87605403434e-10, 9.84115233749e-10, 3.47274320411e-10, 1.19918830421e-09, 1.01899400029e-09, 3.61785212899e-10, 3.38218497653e-09, 7.97253318918e-10, 5.75194392116e-10, 2.77988854158e-10, 4.42800851541e-10, 5.60069915792e-12, 8.41795302084e-14], [6.53061936465e-15, 5.01922180034e-13, 1.36939754241e-12, 5.13887066581e-12, 1.03766977649e-11, 6.03269127361e-12, 8.08911184563e-12, 1.0774968591e-11, 1.64100989741e-11, 4.51625542519e-12, 5.36126308279e-12, 1.38894867829e-11, 1.38115569329e-11, 4.70199920666e-11, 2.92638240029e-11, 4.02983167669e-11, 2.11298600145e-11, 7.28058238697e-11, 5.84037540552e-11, 2.98575573987e-11, 9.62608256994e-11, 2.7085771126e-11, 1.6007133119e-11, 9.07433850283e-12, 1.02791716111e-11, 1.58126211235e-13, 1.61809159194e-15], [3.80112303124e-15, 4.55674777425e-13, 9.07420514597e-13, 3.43736172338e-12, 1.29268627053e-11, 6.3791350674e-12, 5.87220289755e-12, 6.1250926206e-12, 4.51625542519e-12, 5.43971499789e-11, 2.2911178163e-11, 6.78857109415e-11, 4.07728538432e-11, 8.18458981144e-11, 8.44973674363e-11, 9.7098128149e-11, 7.80071493511e-11, 1.53221130228e-10, 1.57310109383e-10, 7.89528095679e-11, 1.78273965035e-10, 6.65713664749e-11, 2.90055080648e-11, 1.63919832569e-11, 2.21965085201e-11, 2.48537925266e-13, 3.03456710782e-15], [4.81828508705e-15, 3.83782713725e-13, 1.06156023642e-12, 2.2786531776e-12, 1.76883091507e-11, 1.27970490107e-11, 1.96446799799e-11, 4.47810538651e-11, 5.36126308279e-12, 2.2911178163e-11, 8.73019503911e-11, 1.48153517232e-10, 9.92387352849e-11, 3.51273454768e-10, 1.70984296166e-10, 3.65828201065e-10, 1.91193005872e-10, 3.83910625512e-10, 3.44651973627e-10, 2.18431259191e-10, 8.81574702127e-10, 2.41776654253e-10, 1.30473493121e-10, 6.96025251323e-11, 9.9410479848e-11, 1.30201741316e-12, 1.78221627452e-14], [1.41236221801e-14, 1.04382344782e-12, 2.11422784661e-12, 1.56661870976e-11, 3.37202106515e-11, 4.72801242601e-11, 7.84069337234e-11, 1.06155834123e-10, 1.38894867829e-11, 6.78857109415e-11, 1.48153517232e-10, 8.40164993132e-10, 4.26683993693e-10, 1.1121285004e-09, 7.90602916467e-10, 1.11088727106e-09, 6.44215791823e-10, 1.16747578272e-09, 9.78837455534e-10, 7.61542051642e-10, 1.96388372231e-09, 5.26654553301e-10, 2.85884482754e-10, 1.53242737944e-10, 2.40487546543e-10, 3.00012662283e-12, 4.20839205769e-14], [2.10420094164e-14, 1.18572057554e-12, 3.50121515981e-12, 1.31713650403e-11, 4.20252513345e-11, 2.40622435171e-11, 2.32799127198e-10, 3.27135887823e-11, 1.38115569329e-11, 4.07728538432e-11, 9.92387352849e-11, 4.26683993693e-10, 8.92179496947e-10, 4.91472362807e-10, 5.26370058651e-10, 1.25805810214e-09, 6.90849488727e-10, 1.30466559778e-09, 1.0861606059e-09, 7.87625187293e-10, 3.06255421023e-09, 7.73763164652e-10, 4.57563015255e-10, 2.68467914566e-10, 4.30988772449e-10, 6.41506596108e-12, 7.14310473835e-14], [3.56251554407e-14, 1.37805370413e-12, 6.8726075178e-12, 3.13481220149e-11, 4.64163915637e-11, 8.52456438771e-11, 2.92751489717e-10, 2.19105045218e-09, 4.70199920666e-11, 8.18458981144e-11, 3.51273454768e-10, 1.1121285004e-09, 4.91472362807e-10, 1.19761933703e-08, 1.56199408963e-09, 5.53484236221e-09, 2.15406803505e-09, 7.23378734691e-09, 5.65152502574e-09, 2.42835196396e-09, 1.78654602223e-08, 4.21623091995e-09, 2.93909985238e-09, 1.41605793758e-09, 2.21781704113e-09, 2.86740006739e-11, 4.29770422809e-13], [6.93588185475e-14, 3.63245804963e-12, 8.1394491841e-12, 4.04878561233e-11, 5.55848839179e-11, 7.90416551655e-11, 1.29035254703e-10, 1.87605403434e-10, 2.92638240029e-11, 8.44973674363e-11, 1.70984296166e-10, 7.90602916467e-10, 5.26370058651e-10, 1.56199408963e-09, 1.17516640863e-09, 1.13912368427e-09, 7.33089033922e-10, 1.46092038467e-09, 1.26484511753e-09, 1.07657693871e-09, 2.12686446233e-09, 7.02191027546e-10, 3.55538376517e-10, 1.91789806259e-10, 2.87885965067e-10, 3.9668017135e-12, 5.09644206719e-14], [1.00700519904e-14, 2.69720985997e-13, 1.60800637129e-12, 1.17418869766e-11, 6.17512291301e-11, 7.22881338122e-11, 4.26030988265e-10, 9.84115233749e-10, 4.02983167669e-11, 9.7098128149e-11, 3.65828201065e-10, 1.11088727106e-09, 1.25805810214e-09, 5.53484236221e-09, 1.13912368427e-09, 6.01652949683e-09, 2.17021023374e-09, 5.40787059577e-09, 4.60904736599e-09, 2.07397654606e-09, 1.43668339447e-08, 3.85855525309e-09, 2.30801888712e-09, 1.20509002777e-09, 1.89694282504e-09, 2.46111186986e-11, 3.36006558948e-13], [1.7067837554e-14, 1.33367253873e-12, 3.21134178277e-12, 1.22023259552e-11, 4.37091057792e-11, 3.81643050495e-11, 1.84348591947e-10, 3.47274320411e-10, 2.11298600145e-11, 7.80071493511e-11, 1.91193005872e-10, 6.44215791823e-10, 6.90849488727e-10, 2.15406803505e-09, 7.33089033922e-10, 2.17021023374e-09, 1.15745768525e-09, 2.31631824832e-09, 1.94346472249e-09, 1.12865228274e-09, 5.44935518931e-09, 1.51733459131e-09, 8.67073357558e-10, 4.85349871404e-10, 7.30572269347e-10, 1.05037306977e-11, 1.33090478742e-13], [5.54459839044e-14, 3.00767288679e-12, 8.4283881957e-12, 4.35799452081e-11, 8.51329978735e-11, 9.61618493167e-11, 5.50567202939e-10, 1.19918830421e-09, 7.28058238697e-11, 1.53221130228e-10, 3.83910625512e-10, 1.16747578272e-09, 1.30466559778e-09, 7.23378734691e-09, 1.46092038467e-09, 5.40787059577e-09, 2.31631824832e-09, 7.13821446396e-09, 5.3701905145e-09, 2.6085991145e-09, 1.68147167301e-08, 4.19770529447e-09, 2.58911048157e-09, 1.36955813357e-09, 2.09344519497e-09, 2.90498146371e-11, 3.85468106002e-13], [4.14986241985e-14, 2.07427065975e-12, 6.58420973992e-12, 2.41467280199e-11, 8.70479244242e-11, 7.92640050817e-11, 3.88315851696e-10, 1.01899400029e-09, 5.84037540552e-11, 1.57310109383e-10, 3.44651973627e-10, 9.78837455534e-10, 1.0861606059e-09, 5.65152502574e-09, 1.26484511753e-09, 4.60904736599e-09, 1.94346472249e-09, 5.3701905145e-09, 4.99862418124e-09, 2.38029440602e-09, 1.36542714912e-08, 3.64179819634e-09, 2.20151319397e-09, 1.1362619734e-09, 1.80357062618e-09, 2.46179326924e-11, 3.1649428087e-13], [5.9857365375e-14, 3.58917713258e-12, 8.57678685018e-12, 2.38209833803e-11, 7.3038505799e-11, 5.70791955368e-11, 2.17401693869e-10, 3.61785212899e-10, 2.98575573987e-11, 7.89528095679e-11, 2.18431259191e-10, 7.61542051642e-10, 7.87625187293e-10, 2.42835196396e-09, 1.07657693871e-09, 2.07397654606e-09, 1.12865228274e-09, 2.6085991145e-09, 2.38029440602e-09, 1.86453674722e-09, 5.94664895104e-09, 1.86361526211e-09, 9.63584878555e-10, 5.16196863032e-10, 7.53176188084e-10, 1.17161063837e-11, 1.349135918e-13], [1.73199619929e-14, -1.25009039036e-13, 3.16656249832e-12, 2.199999731e-11, 1.33761349219e-10, 1.33918182099e-10, 1.37441524828e-09, 3.38218497653e-09, 9.62608256994e-11, 1.78273965035e-10, 8.81574702127e-10, 1.96388372231e-09, 3.06255421023e-09, 1.78654602223e-08, 2.12686446233e-09, 1.43668339447e-08, 5.44935518931e-09, 1.68147167301e-08, 1.36542714912e-08, 5.94664895104e-09, 4.95458003513e-08, 1.21852377077e-08, 7.54485895982e-09, 3.91156307344e-09, 6.06144467952e-09, 8.44678979539e-11, 1.12370464496e-12], [2.92625014389e-14, 1.45949376716e-12, 3.91377598732e-12, 1.2041955974e-11, 3.86083352788e-11, 4.07550208859e-11, 3.60485918893e-10, 7.97253318918e-10, 2.7085771126e-11, 6.65713664749e-11, 2.41776654253e-10, 5.26654553301e-10, 7.73763164652e-10, 4.21623091995e-09, 7.02191027546e-10, 3.85855525309e-09, 1.51733459131e-09, 4.19770529447e-09, 3.64179819634e-09, 1.86361526211e-09, 1.21852377077e-08, 4.06590672242e-09, 2.05144679022e-09, 1.03611463853e-09, 1.51068513254e-09, 2.23856506248e-11, 2.9173866556e-13], [5.06614810324e-15, -1.22300119251e-13, 3.67757148519e-13, 2.33941446943e-12, 1.52100380901e-11, 2.05132161257e-11, 2.03718208969e-10, 5.75194392116e-10, 1.6007133119e-11, 2.90055080648e-11, 1.30473493121e-10, 2.85884482754e-10, 4.57563015255e-10, 2.93909985238e-09, 3.55538376517e-10, 2.30801888712e-09, 8.67073357558e-10, 2.58911048157e-09, 2.20151319397e-09, 9.63584878555e-10, 7.54485895982e-09, 2.05144679022e-09, 1.35478406271e-09, 6.70295208227e-10, 9.80811099005e-10, 1.38831749916e-11, 1.87925928074e-13], [9.31934871206e-15, 1.81817917926e-12, 3.38499302373e-12, 1.23269849189e-11, 1.25815408439e-11, 1.11714994894e-11, 1.11101544631e-10, 2.77988854158e-10, 9.07433850283e-12, 1.63919832569e-11, 6.96025251323e-11, 1.53242737944e-10, 2.68467914566e-10, 1.41605793758e-09, 1.91789806259e-10, 1.20509002777e-09, 4.85349871404e-10, 1.36955813357e-09, 1.1362619734e-09, 5.16196863032e-10, 3.91156307344e-09, 1.03611463853e-09, 6.70295208227e-10, 4.07619465959e-10, 5.46720446692e-10, 7.64489253152e-12, 1.01401085608e-13], [-2.36352113723e-15, -3.96253098693e-13, -4.3760408166e-13, 1.75959913957e-13, 1.06893703958e-11, 1.36220808938e-11, 1.69327385446e-10, 4.42800851541e-10, 1.02791716111e-11, 2.21965085201e-11, 9.9410479848e-11, 2.40487546543e-10, 4.30988772449e-10, 2.21781704113e-09, 2.87885965067e-10, 1.89694282504e-09, 7.30572269347e-10, 2.09344519497e-09, 1.80357062618e-09, 7.53176188084e-10, 6.06144467952e-09, 1.51068513254e-09, 9.80811099005e-10, 5.46720446692e-10, 8.97953100765e-10, 1.17161913851e-11, 1.52022952603e-13], [9.94948391774e-17, 4.54575604792e-15, 1.48424211154e-14, 5.85262768154e-14, 1.84220707807e-13, 1.91434446962e-13, 2.57656634743e-12, 5.60069915792e-12, 1.58126211235e-13, 2.48537925266e-13, 1.30201741316e-12, 3.00012662283e-12, 6.41506596108e-12, 2.86740006739e-11, 3.9668017135e-12, 2.46111186986e-11, 1.05037306977e-11, 2.90498146371e-11, 2.46179326924e-11, 1.17161063837e-11, 8.44678979539e-11, 2.23856506248e-11, 1.38831749916e-11, 7.64489253152e-12, 1.17161913851e-11, 1.87743470401e-13, 2.16771782477e-15], [6.55467843554e-19, 3.08345668487e-17, 9.92504172326e-17, 6.30508667805e-16, 1.95889836876e-15, 2.65485833119e-15, 3.0908120437e-14, 8.41795302084e-14, 1.61809159194e-15, 3.03456710782e-15, 1.78221627452e-14, 4.20839205769e-14, 7.14310473835e-14, 4.29770422809e-13, 5.09644206719e-14, 3.36006558948e-13, 1.33090478742e-13, 3.85468106002e-13, 3.1649428087e-13, 1.349135918e-13, 1.12370464496e-12, 2.9173866556e-13, 1.87925928074e-13, 1.01401085608e-13, 1.52022952603e-13, 2.16771782477e-15, 3.12843545786e-17]]
    },
    "mfcc": {
        "kurt": [0.979147672653, 0.647888183594, 0.809835910797, 0.122242212296, -0.553145170212, -0.00284576416016, -0.513447761536, -0.268010616302, 0.0776777267456, 2.44568681717, 0.469921588898, 0.618303537369, -0.49485874176],
        "max": [-674.1171875, 91.5886383057, 44.9583473206, 68.0989532471, 24.3599853516, 27.8905277252, 16.8041572571, 25.3582115173, 23.9726314545, 19.4264659882, 18.4192085266, 19.6010017395, 8.63275718689],
        "mean": [-890.963623047, 2.15375137329, -17.2859153748, 23.9480075836, -9.24400806427, -5.41031742096, -14.4528255463, -9.58390903473, -1.39598488808, -5.2515873909, -7.09646940231, -3.23351049423, -11.787935257],
        "median": [-871, 2.78734016418, -16.4175205231, 22.5015258789, -9.81930446625, -4.8164768219, -14.8150472641, -10.1971626282, -1.38997650146, -3.6134185791, -6.11595153809, -2.89005851746, -11.7946090698],
        "min": [-1138.08996582, -68.747467041, -100.04246521, -9.53943252563, -45.2146034241, -35.5681762695, -47.24269104, -36.779876709, -27.3196544647, -50.8231964111, -41.4546775818, -32.6091384888, -32.4935531616],
        "skew": [-1.1530880928, 0.145384401083, -0.304859161377, 0.441491931677, 0.193445906043, -0.163996681571, -0.0693513303995, 0.188553601503, -0.0154377734289, -1.25895869732, -0.44024348259, -0.320459991693, -0.00263484288007],
        "var": [9795.22558594, 625.301757812, 364.958526611, 161.251800537, 157.829605103, 101.658004761, 137.651367188, 101.700531006, 68.9047698975, 112.075401306, 87.8268890381, 67.308303833, 62.3397979736],
        "cov": [[9807.76757812, -771.260253906, -1294.8470459, 125.734474182, -656.862670898, -326.4324646, -536.10949707, -337.500274658, 35.0258178711, -172.674240112, -109.745567322, -32.4593353271, -117.626731873], [-771.260253906, 626.102416992, 168.265060425, -11.8854532242, -3.93283438683, 54.0787811279, 131.286743164, 25.9532699585, -0.00963438861072, 56.2701301575, 9.77297878265, 7.22147798538, 0.0237993001938], [-1294.8470459, 168.265060425, 365.425811768, 3.20389127731, 64.6390762329, 60.2519950867, 70.7339477539, 41.1643066406, 0.801027595997, 62.781375885, 18.8564872742, 0.524223864079, -0.172515720129], [125.734474182, -11.8854532242, 3.20389127731, 161.458267212, 16.4627914429, 20.1863136292, -17.154510498, -1.17749071121, 14.3825302124, 25.2638626099, 24.7363033295, -4.07072687149, -3.35952758789], [-656.862670898, -3.93283438683, 64.6390762329, 16.4627914429, 158.031692505, 49.2569313049, 25.5430908203, 20.3939857483, -11.1689414978, 28.127822876, 22.0863170624, 8.48411369324, 11.770570755], [-326.4324646, 54.0787811279, 60.2519950867, 20.1863136292, 49.2569313049, 101.788169861, 30.9861888885, -4.92486143112, 2.52336215973, 33.2551879883, 16.233215332, 10.9707641602, 6.56241989136], [-536.10949707, 131.286743164, 70.7339477539, -17.154510498, 25.5430908203, 30.9861888885, 137.82762146, 33.0873718262, -10.8679037094, 15.8050966263, 1.19200277328, -21.0642547607, 16.061372757], [-337.500274658, 25.9532699585, 41.1643066406, -1.17749071121, 20.3939857483, -4.92486143112, 33.0873718262, 101.830749512, 30.1000919342, -20.2951812744, -16.2847957611, -16.0392417908, -5.20846033096], [35.0258178711, -0.00963438861072, 0.801027595997, 14.3825302124, -11.1689414978, 2.52336215973, -10.8679037094, 30.1000919342, 68.9929962158, 2.66461110115, -6.0285654068, 4.71637248993, -1.74877762794], [-172.674240112, 56.2701301575, 62.781375885, 25.2638626099, 28.127822876, 33.2551879883, 15.8050966263, -20.2951812744, 2.66461110115, 112.218902588, 50.1967887878, 8.97030639648, 0.254379689693], [-109.745567322, 9.77297878265, 18.8564872742, 24.7363033295, 22.0863170624, 16.233215332, 1.19200277328, -16.2847957611, -6.0285654068, 50.1967887878, 87.9393386841, 22.8154411316, 14.0866127014], [-32.4593353271, 7.22147798538, 0.524223864079, -4.07072687149, 8.48411369324, 10.9707641602, -21.0642547607, -16.0392417908, 4.71637248993, 8.97030639648, 22.8154411316, 67.3944854736, 10.8151245117], [-117.626731873, 0.0237993001938, -0.172515720129, -3.35952758789, 11.770570755, 6.56241989136, 16.061372757, -5.20846033096, -1.74877762794, 0.254379689693, 14.0866127014, 10.8151245117, 62.4196205139]]
    },
    "sccoeffs": {
        "kurt": [0.332421064377, 2.04957723618, 1.60948038101, 2.79650354385, 0.988502264023, 0.0693321228027],
        "max": [-0.528364956379, -0.663456857204, -0.700144886971, -0.60248029232, -0.738409161568, -0.692973077297],
        "mean": [-0.758638501167, -0.846080005169, -0.864739954472, -0.838284134865, -0.844940245152, -0.828117191792],
        "median": [-0.762745916843, -0.849519252777, -0.872147858143, -0.847759485245, -0.844900488853, -0.831169009209],
        "min": [-0.95342206955, -0.956826210022, -0.944190323353, -0.93375658989, -0.925316274166, -0.905641794205],
        "skew": [0.474739968777, 1.01486706734, 1.16830015182, 1.35490047932, 0.0263757202774, 0.303431034088],
        "var": [0.00412943772972, 0.00196004542522, 0.00158269924577, 0.00246277544647, 0.000820413348265, 0.000970841676462],
        "cov": [[0.00413472484797, 0.000959747296292, 0.0011153643718, 0.00102700409479, 0.000714135589078, 0.000572716468014], [0.000959747296292, 0.00196255510673, 0.000550330441911, 0.000922570179682, 0.000436372734839, 0.000407505460316], [0.0011153643718, 0.000550330441911, 0.00158472568728, 0.000832369318232, 0.000455133442301, 0.000440129311755], [0.00102700409479, 0.000922570179682, 0.000832369318232, 0.00246592890471, 0.000818720262032, 0.00076499133138], [0.000714135589078, 0.000436372734839, 0.000455133442301, 0.000818720262032, 0.000821463821921, 0.000502950977534], [0.000572716468014, 0.000407505460316, 0.000440129311755, 0.00076499133138, 0.000502950977534, 0.000972084759269]]
    },
    "scvalleys": {
        "kurt": [-0.0452938079834, 0.88919043541, 0.843824386597, 1.54242897034, 1.45690631866, 2.00906085968],
        "max": [-7.34691238403, -6.33751964569, -6.29735708237, -5.40397787094, -6.08446455002, -7.0246887207],
        "mean": [-9.72755622864, -8.84164333344, -9.23968982697, -9.10596370697, -8.7278547287, -9.59892940521],
        "median": [-9.6956653595, -8.60716247559, -8.98316574097, -8.83291816711, -8.54523086548, -9.2781867981],
        "min": [-12.3143110275, -11.9343585968, -13.1340522766, -12.5723295212, -12.6984090805, -14.1466827393],
        "skew": [-0.143126085401, -1.16201996803, -1.14402902126, -1.32261133194, -1.2831414938, -1.59043455124],
        "var": [0.612057983875, 0.921191811562, 1.15653300285, 1.3040343523, 1.38849854469, 1.92630469799],
        "cov": [[0.612841665745, 0.488206893206, 0.481754124165, 0.52392321825, 0.484545052052, 0.490278720856], [0.488206893206, 0.922371327877, 0.916794776917, 0.976135194302, 0.968997895718, 1.09441530704], [0.481754124165, 0.916794776917, 1.15801382065, 1.12869238853, 1.13749217987, 1.28148818016], [0.52392321825, 0.976135194302, 1.12869238853, 1.30570399761, 1.27690589428, 1.44663405418], [0.484545052052, 0.968997895718, 1.13749217987, 1.27690589428, 1.39027643204, 1.56172168255], [0.490278720856, 1.09441530704, 1.28148818016, 1.44663405418, 1.56172168255, 1.92877113819]]
    }
},
"rhythm": {
    "beats_loudness": {
        "kurt": 11.1085653305,
        "max": 0.00224747788161,
        "mean": 0.000239175671595,
        "median": 8.91129457159e-05,
        "min": 8.99221959116e-08,
        "skew": 3.41709065437,
        "var": 2.12217557305e-07
    },
    "bpm": 102.061073303,
    "confidence": 0.911472797394,
    "first_peak_bpm": {
        "kurt": 0,
        "max": 101,
        "mean": 101,
        "median": 101,
        "min": 101,
        "skew": 0,
        "var": 0
    },
    "first_peak_spread": {
        "kurt": 0,
        "max": 0.66666662693,
        "mean": 0.66666662693,
        "median": 0.66666662693,
        "min": 0.66666662693,
        "skew": 0,
        "var": 0
    },
    "first_peak_weight": {
        "kurt": 0,
        "max": 0.148148149252,
        "mean": 0.148148149252,
        "median": 0.148148149252,
        "min": 0.148148149252,
        "skew": 0,
        "var": 0
    },
    "onset_rate": 2.86926174164,
    "second_peak_bpm": {
        "kurt": 0,
        "max": 108,
        "mean": 108,
        "median": 108,
        "min": 108,
        "skew": 0,
        "var": 0
    },
    "second_peak_spread": {
        "kurt": 0,
        "max": 0.25,
        "mean": 0.25,
        "median": 0.25,
        "min": 0.25,
        "skew": 0,
        "var": 0
    },
    "second_peak_weight": {
        "kurt": 0,
        "max": 0.111111111939,
        "mean": 0.111111111939,
        "median": 0.111111111939,
        "min": 0.111111111939,
        "skew": 0,
        "var": 0
    },
    "beats_loudness_band_ratio": {
        "kurt": [7.15335655212, 2.40126085281, 0.11260843277, 8.58723926544, 1.87228727341, -0.589850664139],
        "max": [0.32059982419, 0.300686776638, 0.221862912178, 0.31067237258, 0.60263299942, 0.852845489979],
        "mean": [0.0400079973042, 0.0691062361002, 0.0682428479195, 0.057416561991, 0.25365871191, 0.531336128712],
        "median": [0.0119090648368, 0.0416345410049, 0.0484097003937, 0.0416451692581, 0.243060857058, 0.541764616966],
        "min": [0.00115807494149, 0.00106278457679, 0.0013463619398, 0.000607894093264, 0.0845018774271, 0.213117361069],
        "skew": [2.78834176064, 1.71109414101, 1.03070867062, 2.79585313797, 1.36555230618, -0.162189483643],
        "var": [0.00517541449517, 0.0053204302676, 0.00349300773814, 0.00365879759192, 0.0139615470544, 0.0260786730796],
        "cov": [[0.00536709651351, 0.0040125050582, 0.00181170133874, 0.000250230485108, -0.00300843012519, -0.00705683743581], [0.0040125050582, 0.00551748322323, 0.0023475093767, 0.000840758380946, -0.00415770336986, -0.00728265149519], [0.00181170133874, 0.0023475093767, 0.00362237845547, 0.0011590392096, -0.00305945682339, -0.00530785275623], [0.000250230485108, 0.000840758380946, 0.0011590392096, 0.00379430851899, -0.000837865110952, -0.00493985973299], [-0.00300843012519, -0.00415770336986, -0.00305945682339, -0.000837865110952, 0.0144786415622, -0.00430182181299], [-0.00705683743581, -0.00728265149519, -0.00530785275623, -0.00493985973299, -0.00430182181299, 0.0270445495844]]
    },
    "beats_position": [0.731428563595, 1.49768710136, 2.2523355484, 3.00698399544, 3.78485250473, 4.48145103455, 5.21287965775, 5.93269824982, 6.64090681076, 7.32589578629, 7.98766422272, 8.6146030426, 9.18349170685, 9.79882049561, 10.379319191, 10.9714279175, 11.5635375977, 12.1324262619, 12.7129249573, 13.3166437149, 13.9203624725, 14.512471199, 15.0697498322, 15.6386394501, 16.2307472229, 16.7880268097, 17.3336963654, 17.8909740448],
    "bpm_estimates": [105.468788147, 97.5088424683, 103.359405518, 101.332740784, 101.332580566, 105.468788147, 103.359405518, 99.3840255737, 99.3840255737, 101.332740784, 105.468612671, 101.332901001],
    "bpm_intervals": [0.766258537769, 0.754648447037, 0.754648447037, 0.777868509293, 0.696598529816, 0.731428623199, 0.719818592072, 0.708208560944, 0.684988975525, 0.661768436432, 0.626938819885, 0.568888664246, 0.615328788757, 0.580498695374, 0.592108726501, 0.592109680176, 0.568888664246, 0.580498695374, 0.603718757629, 0.603718757629, 0.592108726501, 0.557278633118, 0.56888961792, 0.592107772827, 0.557279586792, 0.545669555664, 0.557277679443],
    "onset_times": [0.0464399084449, 0.162539675832, 0.208979591727, 0.49922901392, 0.603718817234, 0.696598649025, 0.835918366909, 2.5890250206, 2.72834467888, 3.25079369545, 3.33206343651, 3.79646253586, 5.25931978226, 5.42185926437, 5.54956912994, 5.89786863327, 6.01396846771, 6.58285713196, 7.60453510284, 7.99927425385, 8.12698459625, 8.24308395386, 8.67265319824, 8.99773216248, 9.35764217377, 10.1935596466, 10.5418596268, 10.7856693268, 10.8321084976, 11.1687984467, 11.4822673798, 11.5751476288, 11.8770065308, 12.0279369354, 12.2485256195, 12.3994560242, 13.4443540573, 13.5952835083, 13.7462129593, 13.8274831772, 14.4776420593, 14.8723812103, 15.0233106613, 15.8127889633, 15.9288892746, 16.0565986633, 16.1726989746, 17.2059860229, 17.3453063965, 17.5426750183, 17.7516555786, 17.879365921],
    "histogram": [[0, 0, 0, 0, 0, 0, 0, 0, 0, 0, 0, 0, 0, 0, 0, 0, 0, 0, 0, 0, 0, 0, 0, 0, 0, 0, 0, 0, 0, 0, 0, 0, 0, 0, 0, 0, 0, 0, 0, 0, 0, 0, 0, 0, 0, 0, 0, 0, 0, 0, 0, 0, 0, 0, 0, 0, 0, 0, 0, 0, 0, 0, 0, 0, 0, 0, 0, 0, 0, 0, 0, 0, 0, 0, 0, 0, 0, 0.037037037313, 0.037037037313, 0, 0.074074074626, 0, 0.037037037313, 0.037037037313, 0, 0.037037037313, 0.037037037313, 0, 0.037037037313, 0, 0, 0.037037037313, 0, 0, 0, 0, 0.037037037313, 0, 0.037037037313, 0.074074074626, 0, 0.148148149252, 0, 0.074074074626, 0, 0.111111111939, 0, 0, 0.111111111939, 0, 0.037037037313, 0, 0, 0, 0, 0, 0, 0, 0, 0, 0, 0, 0, 0, 0, 0, 0, 0, 0, 0, 0, 0, 0, 0, 0, 0, 0, 0, 0, 0, 0, 0, 0, 0, 0, 0, 0, 0, 0, 0, 0, 0, 0, 0, 0, 0, 0, 0, 0, 0, 0, 0, 0, 0, 0, 0, 0, 0, 0, 0, 0, 0, 0, 0, 0, 0, 0, 0, 0, 0, 0, 0, 0, 0, 0, 0, 0, 0, 0, 0, 0, 0, 0, 0, 0, 0, 0, 0, 0, 0, 0, 0, 0, 0, 0, 0, 0, 0, 0, 0, 0, 0, 0, 0, 0, 0, 0, 0, 0, 0, 0, 0, 0, 0, 0, 0, 0, 0, 0, 0, 0, 0, 0, 0, 0, 0, 0, 0, 0, 0, 0, 0, 0, 0, 0, 0, 0, 0, 0, 0]]
},
"sfx": {
    "inharmonicity": {
        "kurt": 3.33211565018,
        "max": 0.40305736661,
        "mean": 0.0507548451424,
        "median": 0.0103895431384,
        "min": 0,
        "skew": 1.98522663116,
        "var": 0.00664872303605
    },
    "oddtoevenharmonicenergyratio": {
        "kurt": 336.106414795,
        "max": 198.606002808,
        "mean": 1.82042264938,
        "median": 0.294330567122,
        "min": 0,
        "skew": 16.5642490387,
        "var": 77.3261566162
    },
    "pitch_after_max_to_before_max_energy_ratio": 0.176847860217,
    "pitch_centroid": 406.206787109,
    "pitch_max_to_total": 0.841432213783,
    "pitch_min_to_total": 0.127877235413,
    "tristimulus": {
        "kurt": [-1.64395320415, -0.881973028183, 0.648692846298],
        "max": [1, 0.967507839203, 1],
        "mean": [0.569845199585, 0.283319860697, 0.146835148335],
        "median": [0.520907521248, 0.197297886014, 0],
        "min": [0, 0, 0],
        "skew": [-0.0309898201376, 0.631279051304, 1.50567936897],
        "var": [0.145719081163, 0.0865882635117, 0.0720334798098],
        "cov": [[0.145905658603, -0.0802397355437, -0.0656655356288], [-0.0802397355437, 0.0866991281509, -0.00645980192348], [-0.0656655356288, -0.00645980192348, 0.072125710547]]
    }
},
"tonal": {
    "chords_changes_rate": 0.102040819824,
    "chords_number_rate": 0.012755102478,
    "chords_strength": {
        "kurt": -0.265128135681,
        "max": 0.636502444744,
        "mean": 0.462374508381,
        "median": 0.469621956348,
        "min": 0.262335538864,
        "skew": 0.0286474861205,
        "var": 0.00632241927087
    },
    "key_strength": 0.342649936676,
    "tuning_diatonic_strength": 0.40303426981,
    "tuning_equal_tempered_deviation": 0.24081119895,
    "tuning_frequency": 438.984558105,
    "tuning_nontempered_energy_ratio": 0.887973189354,
    "hpcp": {
