{
"metadata": {
    "version": {
        "essentia": "2.1-beta3"
    }
},
"lowLevel": {
    "average_loudness": 0.853474676609,
    "barkbands_kurtosis": {
        "kurt": 1.95177268982,
        "max": 19.1814861298,
        "mean": 5.41474962234,
        "median": 5.29768848419,
        "min": -1.66738820076,
        "skew": 0.424259752035,
        "var": 9.74984359741
    },
    "barkbands_skewness": {
        "kurt": 0.882504701614,
        "max": 0.0819798484445,
        "mean": -1.68128812313,
        "median": -1.72465240955,
        "min": -3.371986866,
        "skew": 0.444824814796,
        "var": 0.282193183899
    },
    "barkbands_spread": {
        "kurt": 9.68555831909,
        "max": 46.8574523926,
        "mean": 7.63931941986,
        "median": 5.27766609192,
        "min": 1.92160356045,
        "skew": 3.28636288643,
        "var": 77.6799240112
    },
    "dissonance": {
        "kurt": 286.129760742,
        "max": 0.499996095896,
        "mean": 0.496624082327,
        "median": 0.498182535172,
        "min": 0.317902058363,
        "skew": -15.9923458099,
        "var": 9.67703163042e-05
    },
    "hfc": {
        "kurt": 100.269111633,
        "max": 361.161590576,
        "mean": 18.6086902618,
        "median": 15.6923236847,
        "min": 3.03855252071e-08,
        "skew": 7.929063797,
        "var": 602.699157715
    },
    "pitch": {
        "kurt": 4.60924339294,
        "max": 4888.74609375,
        "mean": 3626.97143555,
        "median": 3917.18554688,
        "min": 113.456214905,
        "skew": -2.3339445591,
        "var": 968453.25
    },
    "pitch_instantaneous_confidence": {
        "kurt": 0.0326895713806,
        "max": 0.802236199379,
        "mean": 0.471428632736,
        "median": 0.468204021454,
        "min": 0.144687831402,
        "skew": 0.188141793013,
        "var": 0.0151151577011
    },
    "pitch_salience": {
        "kurt": 2.30963134766,
        "max": 0.912397861481,
        "mean": 0.731880962849,
        "median": 0.746381700039,
        "min": 0.423981130123,
        "skew": -1.33931446075,
        "var": 0.00490817800164
    },
    "silence_rate_20dB": {
        "kurt": 0,
        "max": 1,
        "mean": 1,
        "median": 1,
        "min": 1,
        "skew": 0,
        "var": 0
    },
    "silence_rate_30dB": {
        "kurt": 0,
        "max": 1,
        "mean": 1,
        "median": 1,
        "min": 1,
        "skew": 0,
        "var": 0
    },
    "silence_rate_60dB": {
        "kurt": -1.82587063313,
        "max": 1,
        "mean": 0.397877991199,
        "median": 0,
        "min": 0,
        "skew": 0.417285561562,
        "var": 0.239570692182
    },
    "spectral_centroid": {
        "kurt": 3.74566602707,
        "max": 4551.52148438,
        "mean": 3737.1484375,
        "median": 3802.46801758,
        "min": 2056.12646484,
        "skew": -1.72024476528,
        "var": 169763.203125
    },
    "spectral_complexity": {
        "kurt": -0.960524082184,
        "max": 45,
        "mean": 14.5305042267,
        "median": 15,
        "min": 0,
        "skew": 0.110215842724,
        "var": 114.912322998
    },
    "spectral_crest": {
        "kurt": 0.432213306427,
        "max": 20.292509079,
        "mean": 9.35618972778,
        "median": 8.89276885986,
        "min": 3.17768359184,
        "skew": 0.694075286388,
        "var": 10.3203105927
    },
    "spectral_decrease": {
        "kurt": 66.7436218262,
        "max": -2.24951188557e-18,
        "mean": -8.26817059263e-10,
        "median": -6.97490121215e-10,
        "min": -1.36760407443e-08,
        "skew": -6.24575424194,
        "var": 1.04915494352e-18
    },
    "spectral_energy": {
        "kurt": 78.2615356445,
        "max": 0.0843749269843,
        "mean": 0.00480846036226,
        "median": 0.00408639060333,
        "min": 1.12462461219e-11,
        "skew": 6.83900403976,
        "var": 3.69791123376e-05
    },
    "spectral_energyband_high": {
        "kurt": 129.81678772,
        "max": 0.046529058367,
        "mean": 0.00200254074298,
        "median": 0.00163370301016,
        "min": 1.53022278009e-12,
        "skew": 9.44643592834,
        "var": 8.96590972843e-06
    },
    "spectral_energyband_low": {
        "kurt": 14.7441291809,
        "max": 1.39330395541e-05,
        "mean": 8.27838050554e-07,
        "median": 6.24869889165e-09,
        "min": 5.74368569199e-13,
        "skew": 3.60537338257,
        "var": 4.08530327622e-12
    },
    "spectral_energyband_middle_high": {
        "kurt": 39.6429634094,
        "max": 0.0415556430817,
        "mean": 0.0028271896299,
        "median": 0.00214403728023,
        "min": 7.54605752884e-12,
        "skew": 5.1173582077,
        "var": 1.37492006616e-05
    },
    "spectral_energyband_middle_low": {
        "kurt": 4.73966741562,
        "max": 0.000235042767599,
        "mean": 3.71894057025e-05,
        "median": 2.75903039437e-05,
        "min": 1.64350401777e-12,
        "skew": 1.78797888756,
        "var": 1.4927968861e-09
    },
    "spectral_flatness_db": {
        "kurt": 2.58606958389,
        "max": 0.351600587368,
        "mean": 0.243429780006,
        "median": 0.2524741292,
        "min": 0.0493551008403,
        "skew": -1.53770256042,
        "var": 0.00348552805372
    },
    "spectral_flux": {
        "kurt": 11.4268827438,
        "max": 0.246639534831,
        "mean": 0.0418656915426,
        "median": 0.0440289787948,
        "min": 5.11104226462e-05,
        "skew": 1.98198008537,
        "var": 0.00077120878268
    },
    "spectral_kurtosis": {
        "kurt": 2.07353591919,
        "max": 6.41933631897,
        "mean": 2.90828871727,
        "median": 2.75336313248,
        "min": 1.58959579468,
        "skew": 1.23243975639,
        "var": 0.666823983192
    },
    "spectral_rms": {
        "kurt": 4.08180999756,
        "max": 0.00907287187874,
        "mean": 0.00184911373071,
        "median": 0.00199667783454,
        "min": 1.04747066132e-07,
        "skew": 0.75032055378,
        "var": 1.27195778532e-06
    },
    "spectral_rolloff": {
        "kurt": -0.753700256348,
        "max": 5663.23242188,
        "mean": 4824.18017578,
        "median": 4823.4375,
        "min": 3789.84375,
        "skew": -0.0898973569274,
        "var": 193872.53125
    },
    "spectral_skewness": {
        "kurt": 1.47418689728,
        "max": 1.92705273628,
        "mean": 1.19654166698,
        "median": 1.1799249649,
        "min": 0.768090724945,
        "skew": 0.680657327175,
        "var": 0.0227800887078
    },
    "spectral_spread": {
        "kurt": 11.0008020401,
        "max": 14615637,
        "mean": 4880448.5,
        "median": 4649890,
        "min": 2547865.75,
        "skew": 2.98112416267,
        "var": 1.93668120576e+12
    },
    "spectral_strongpeak": {
        "kurt": 1.13717699051,
        "max": 11.7025852203,
        "mean": 2.51287055016,
        "median": 1.96927201748,
        "min": 8.34543334349e-06,
        "skew": 1.11363708973,
        "var": 4.86334943771
    },
    "zerocrossingrate": {
        "kurt": 67.1772155762,
        "max": 0.44677734375,
        "mean": 0.178356066346,
        "median": 0.1796875,
        "min": 0.06494140625,
        "skew": 4.472884655,
        "var": 0.000454637629446
    },
    "barkbands": {
        "kurt": [21.6720428467, 15.6297683716, 12.4946680069, 16.0089015961, 36.5723381042, 12.2587175369, 4.60585260391, 15.3760566711, 7.21644306183, 33.7613830566, 31.482635498, 27.8517246246, 93.7827377319, 4.53508901596, 45.5508270264, 12.6512088776, 3.16499233246, 3.74149751663, 21.9618339539, 74.9559783936, 73.8897705078, 212.874603271, 36.054725647, 36.3113746643, 6.26214313507, 21.5386810303, 68.6623077393],
        "max": [4.695859257e-10, 2.58605297176e-07, 4.43472208644e-06, 1.75210770976e-05, 2.72646939266e-05, 2.14222873183e-05, 1.72048748937e-05, 6.98869553162e-05, 0.000147755694343, 0.000444821460405, 0.000557948718779, 0.000561497989111, 0.0010564805707, 0.000344109052094, 0.00282780174166, 0.00131622422487, 0.000887410715222, 0.00202466407791, 0.0116587523371, 0.037551663816, 0.0157801695168, 0.0142393959686, 0.000826513743959, 0.000250288663665, 4.48764294561e-05, 2.75526485893e-06, 6.45610995775e-08],
        "mean": [2.89385217178e-11, 1.62545177318e-08, 2.76425453194e-07, 9.16778674309e-07, 1.37131519296e-06, 2.15632167055e-06, 2.58646286966e-06, 6.64707113174e-06, 1.68990009115e-05, 2.82038836303e-05, 3.20221479342e-05, 3.34463693434e-05, 3.77234537154e-05, 4.36081354565e-05, 0.000137484792504, 0.000148284787429, 0.000151709158672, 0.000371712201741, 0.000946328451391, 0.00148748455103, 0.00082738470519, 0.000436745991465, 6.67466738378e-05, 2.22158159886e-05, 6.2058502408e-06, 2.85845970893e-07, 3.17302673025e-09],
        "median": [5.98662178858e-12, 8.69107008583e-10, 2.99896063538e-09, 8.87650664083e-09, 4.27287886851e-07, 1.3634729612e-06, 1.68757605934e-06, 4.12591134591e-06, 1.11013850983e-05, 1.66104400705e-05, 1.43749530253e-05, 1.44232990351e-05, 1.95627944777e-05, 2.80627009488e-05, 6.40790021862e-05, 0.000100903067505, 0.00012328113371, 0.000324807915604, 0.000651170907076, 0.000916179968044, 0.000545182032511, 0.00032454484608, 5.89724077145e-05, 2.02714272746e-05, 5.09937444804e-06, 2.34642570263e-07, 1.87329218804e-09],
        "min": [3.29457784703e-15, 2.35675303058e-13, 1.81830191095e-13, 1.71834741531e-13, 2.30040704367e-13, 1.28889439269e-13, 3.13390941887e-13, 4.88729282738e-13, 2.81421993998e-13, 7.22652799688e-14, 6.8514428343e-14, 1.28446745969e-13, 5.01618766056e-13, 2.13592029263e-13, 2.11983168107e-13, 7.79914707035e-13, 1.10211134923e-12, 1.9740656592e-12, 1.96393877723e-12, 9.18792494344e-13, 2.49945897313e-13, 5.21682198308e-13, 1.92127929777e-13, 5.99938732048e-14, 1.04644388315e-13, 8.45521501663e-15, 7.33083044816e-15],
        "skew": [4.09853219986, 3.60453009605, 3.38149499893, 3.73993992805, 4.73832130432, 2.84870862961, 1.8429710865, 3.42422652245, 2.12746334076, 4.61089944839, 4.36403656006, 4.72691249847, 8.27589702606, 1.85256302357, 5.39357042313, 3.10432553291, 1.46756482124, 1.47703504562, 4.10868787766, 7.47701406479, 6.71973848343, 12.999756813, 4.81392478943, 3.85699391365, 1.91074419022, 3.53541374207, 6.3909945488],
        "var": [3.34775867044e-21, 1.29424188533e-15, 4.40225004887e-13, 5.21929027775e-12, 6.0211757455e-12, 7.8731335687e-12, 8.17869123121e-12, 8.6297448354e-11, 3.77947978469e-10, 1.7073334968e-09, 2.63747934603e-09, 4.28513224904e-09, 5.8098201805e-09, 2.49120413187e-09, 5.79494887631e-08, 3.60810865629e-08, 2.09420267794e-08, 1.03993706091e-07, 1.79281880719e-06, 8.26876748761e-06, 1.37742836159e-06, 6.69071425818e-07, 6.4251035603e-09, 4.39004860242e-10, 3.5814875371e-11, 9.62426617351e-14, 2.35245517455e-17],
        "cov": [[3.35666237308e-21, 3.94306658246e-19, 5.53538057623e-18, 1.38529897602e-17, 3.91966117616e-17, 3.11090319934e-17, 5.15893522895e-17, 1.79552866254e-16, 3.25407347264e-16, 8.23921123893e-16, 1.33908010379e-15, 1.64590370701e-15, 1.98758546886e-15, 8.95793034138e-16, 5.32125367465e-15, 2.77052131542e-15, 3.0505573958e-15, 6.11568502884e-15, 2.90738163796e-14, 5.11951253417e-14, 2.20201444291e-14, 7.55726437782e-15, 1.30914500652e-15, 4.24596784742e-16, 1.20482085531e-16, 6.67765082772e-18, 9.92912129015e-20], [3.94306658246e-19, 1.29768401547e-15, 1.25820620266e-14, 4.19565674792e-14, 2.74772168722e-14, 3.77870444082e-14, 2.95177768404e-14, 1.06311843823e-13, 2.83678787925e-13, 5.30496870391e-13, 5.60411146742e-13, 1.16272996006e-12, 1.27643804814e-12, 6.71204357285e-13, 4.55350297399e-12, 2.36305701569e-12, 2.35526030103e-12, 3.39716818044e-12, 2.12786628595e-11, 3.63747226784e-11, 9.77299231125e-12, 9.10328149667e-12, 8.06483731793e-13, 2.10076544376e-13, 5.94781385602e-14, 4.41838346848e-15, 8.32576543299e-17], [5.53538057623e-18, 1.25820620266e-14, 4.41395807708e-13, 1.18685410892e-12, 5.08010571543e-13, 6.87912346444e-13, 7.89602270287e-13, 9.91923665601e-13, 3.98491135922e-12, 7.53157605726e-12, 7.90648536225e-12, 1.85148580495e-11, 2.11581880488e-11, 1.15303617348e-11, 6.2745149354e-11, 6.31913965599e-11, 3.21430833339e-11, 5.20146703487e-11, 3.17104675851e-10, 5.79293724101e-10, 1.69136760153e-10, 1.44342857111e-10, 1.7215612616e-11, 3.43689855221e-12, 1.16290451661e-12, 8.09606627073e-14, 1.35014235408e-15], [1.38529897602e-17, 4.19565674792e-14, 1.18685410892e-12, 5.233171535e-12, 1.65462467946e-12, 1.67585639376e-12, 2.01709612555e-12, 2.95794031629e-12, 1.09801421427e-11, 1.96460209212e-11, 2.0977126286e-11, 4.42376829612e-11, 4.88314388924e-11, 4.10192955991e-11, 1.88479593044e-10, 1.51223270017e-10, 1.06119925347e-10, 1.31241670309e-10, 1.10567821565e-09, 1.06640252184e-09, 4.22770290998e-10, 3.98424293557e-10, 5.20326490228e-11, 8.12990733762e-12, 2.49356308171e-12, 2.26874264818e-13, 3.57884379819e-15], [3.91966117616e-17, 2.74772168722e-14, 5.08010571543e-13, 1.65462467946e-12, 6.03718984526e-12, 4.49230019503e-12, 2.59128981293e-12, 7.23076676659e-12, 2.28224956295e-11, 4.02776284547e-11, 4.82113793332e-11, 6.06040495565e-11, 6.7705563378e-11, 6.37116887026e-11, 2.41890729669e-10, 2.33476543654e-10, 1.60278165739e-10, 3.1612215623e-10, 9.89431647724e-10, 1.71016811823e-09, 8.33835112068e-10, 4.33477809203e-10, 8.62866028628e-11, 1.87895532466e-11, 5.29309148595e-12, 3.54294799878e-13, 4.75222837563e-15], [3.11090319934e-17, 3.77870444082e-14, 6.87912346444e-13, 1.67585639376e-12, 4.49230019503e-12, 7.89407341578e-12, 3.91745707054e-12, 1.10240323814e-11, 3.09906059148e-11, 5.37129334066e-11, 5.26340047935e-11, 5.96908494854e-11, 6.42576478138e-11, 6.76955436152e-11, 2.19087137321e-10, 3.00939800857e-10, 2.1780882653e-10, 4.09519085309e-10, 1.01930897056e-09, 1.82715198527e-09, 9.32194543779e-10, 4.49226544852e-10, 9.56073067937e-11, 2.34806670635e-11, 6.89566719697e-12, 3.94195933491e-13, 4.89273208333e-15], [5.15893522895e-17, 2.95177768404e-14, 7.89602270287e-13, 2.01709612555e-12, 2.59128981293e-12, 3.91745707054e-12, 8.20044292887e-12, 9.23744674503e-12, 2.53180861692e-11, 4.93806939783e-11, 5.3527134114e-11, 7.67919061673e-11, 1.03350668301e-10, 7.43952191518e-11, 2.57394300318e-10, 2.7031682448e-10, 2.06472894337e-10, 4.73851069493e-10, 1.49613432754e-09, 3.14734793783e-09, 1.42211187271e-09, 7.52105488999e-10, 1.13593988382e-10, 3.06698035024e-11, 1.00302249145e-11, 4.97213923679e-13, 6.65387282287e-15], [1.79552866254e-16, 1.06311843823e-13, 9.91923665601e-13, 2.95794031629e-12, 7.23076676659e-12, 1.10240323814e-11, 9.23744674503e-12, 8.65269661476e-11, 1.067767888e-10, 1.89664506323e-10, 2.13551232253e-10, 2.59843258021e-10, 2.26031166006e-10, 2.26007754178e-10, 8.07447608775e-10, 5.94441607049e-10, 8.51970549665e-10, 1.31741106912e-09, 4.65595295651e-09, 6.54542908762e-09, 3.6265099812e-09, 2.01507943665e-09, 2.43112724396e-10, 8.39558422783e-11, 1.98821462766e-11, 1.19513166724e-12, 1.7691557041e-14], [3.25407347264e-16, 2.83678787925e-13, 3.98491135922e-12, 1.09801421427e-11, 2.28224956295e-11, 3.09906059148e-11, 2.53180861692e-11, 1.067767888e-10, 3.7895314664e-10, 4.0861936057e-10, 4.58241722345e-10, 5.00467611797e-10, 5.21616805305e-10, 5.60032908936e-10, 2.30779995114e-09, 1.87918347549e-09, 1.67889668834e-09, 3.17920245685e-09, 9.73265557036e-09, 1.67417404384e-08, 7.92942067562e-09, 4.53114123999e-09, 6.2950017421e-10, 1.80158596375e-10, 4.41320868738e-11, 2.80985998358e-12, 4.05906963586e-14], [8.23921123893e-16, 5.30496870391e-13, 7.53157605726e-12, 1.96460209212e-11, 4.02776284547e-11, 5.37129334066e-11, 4.93806939783e-11, 1.89664506323e-10, 4.0861936057e-10, 1.71187430897e-09, 1.37245914633e-09, 1.76008796426e-09, 1.1663312538e-09, 9.77044667394e-10, 4.17939682862e-09, 4.0723402428e-09, 3.36196226414e-09, 6.61046550832e-09, 2.62186681255e-08, 4.5601691312e-08, 1.77787580213e-08, 8.62296101189e-09, 1.11835596339e-09, 3.51092349637e-10, 1.1386670079e-10, 6.56992602682e-12, 9.62691772545e-14], [1.33908010379e-15, 5.60411146742e-13, 7.90648536225e-12, 2.0977126286e-11, 4.82113793332e-11, 5.26340047935e-11, 5.3527134114e-11, 2.13551232253e-10, 4.58241722345e-10, 1.37245914633e-09, 2.64449395715e-09, 2.26429186512e-09, 1.83952708621e-09, 1.21116994212e-09, 4.58043958318e-09, 4.46997061587e-09, 4.05931022129e-09, 7.6108630509e-09, 2.6452394053e-08, 6.17296436189e-08, 2.50431568816e-08, 9.87366277627e-09, 1.56948554153e-09, 4.24198787208e-10, 1.27675828243e-10, 7.5894854637e-12, 1.24393767856e-13], [1.64590370701e-15, 1.16272996006e-12, 1.85148580495e-11, 4.42376829612e-11, 6.06040495565e-11, 5.96908494854e-11, 7.67919061673e-11, 2.59843258021e-10, 5.00467611797e-10, 1.76008796426e-09, 2.26429186512e-09, 4.29652891043e-09, 3.5715246316e-09, 1.39707512226e-09, 8.61472759794e-09, 6.08182437745e-09, 5.18854070819e-09, 1.07822097917e-08, 5.04802954993e-08, 1.03032775201e-07, 3.98692812098e-08, 2.34644303987e-08, 2.93775070936e-09, 6.46953102201e-10, 2.07070527392e-10, 1.29403883442e-11, 2.19837616535e-13], [1.98758546886e-15, 1.27643804814e-12, 2.11581880488e-11, 4.88314388924e-11, 6.7705563378e-11, 6.42576478138e-11, 1.03350668301e-10, 2.26031166006e-10, 5.21616805305e-10, 1.1663312538e-09, 1.83952708621e-09, 3.5715246316e-09, 5.82527182047e-09, 1.56557977693e-09, 8.77134098687e-09, 6.073956893e-09, 5.56318813238e-09, 1.09480753352e-08, 3.65964538673e-08, 1.12503109051e-07, 3.47268880319e-08, 1.80003159045e-08, 2.84542966966e-09, 5.89709170384e-10, 2.29786800698e-10, 1.10441230813e-11, 1.99067067626e-13], [8.95793034138e-16, 6.71204357285e-13, 1.15303617348e-11, 4.10192955991e-11, 6.37116887026e-11, 6.76955436152e-11, 7.43952191518e-11, 2.26007754178e-10, 5.60032908936e-10, 9.77044667394e-10, 1.21116994212e-09, 1.39707512226e-09, 1.56557977693e-09, 2.49782972084e-09, 4.78872230758e-09, 5.01168884171e-09, 4.42410685864e-09, 8.19222556458e-09, 2.79991230201e-08, 4.51097612597e-08, 2.31346639623e-08, 1.23744374747e-08, 1.95920457635e-09, 5.03837971344e-10, 1.38378516978e-10, 7.55484910742e-12, 1.17993261646e-13], [5.32125367465e-15, 4.55350297399e-12, 6.2745149354e-11, 1.88479593044e-10, 2.41890729669e-10, 2.19087137321e-10, 2.57394300318e-10, 8.07447608775e-10, 2.30779995114e-09, 4.17939682862e-09, 4.58043958318e-09, 8.61472759794e-09, 8.77134098687e-09, 4.78872230758e-09, 5.8103612588e-08, 1.19765237727e-08, 1.89378788207e-08, 3.21003703618e-08, 1.78212687274e-07, 4.02929146048e-07, 9.22621055111e-08, 7.72942243543e-08, 5.56655121997e-09, 1.84917714474e-09, 4.64259714006e-10, 3.10228717715e-11, 6.76198626173e-13], [2.77052131542e-15, 2.36305701569e-12, 6.31913965599e-11, 1.51223270017e-10, 2.33476543654e-10, 3.00939800857e-10, 2.7031682448e-10, 5.94441607049e-10, 1.87918347549e-09, 4.0723402428e-09, 4.46997061587e-09, 6.08182437745e-09, 6.073956893e-09, 5.01168884171e-09, 1.19765237727e-08, 3.61770453594e-08, 1.48944874212e-08, 3.056555542e-08, 7.67116858924e-08, 1.90220006857e-07, 8.90780995633e-08, 3.71472381744e-08, 9.37930622058e-09, 2.0819490576e-09, 6.20986595479e-10, 3.67375678489e-11, 4.57637888088e-13], [3.0505573958e-15, 2.35526030103e-12, 3.21430833339e-11, 1.06119925347e-10, 1.60278165739e-10, 2.1780882653e-10, 2.06472894337e-10, 8.51970549665e-10, 1.67889668834e-09, 3.36196226414e-09, 4.05931022129e-09, 5.18854070819e-09, 5.56318813238e-09, 4.42410685864e-09, 1.89378788207e-08, 1.48944874212e-08, 2.09977244481e-08, 3.00580680346e-08, 1.13740746599e-07, 1.9557609221e-07, 8.0333080632e-08, 4.79273438714e-08, 5.50178613778e-09, 1.71861136433e-09, 4.80494533051e-10, 2.53408214551e-11, 4.22772114626e-13], [6.11568502884e-15, 3.39716818044e-12, 5.20146703487e-11, 1.31241670309e-10, 3.1612215623e-10, 4.09519085309e-10, 4.73851069493e-10, 1.31741106912e-09, 3.17920245685e-09, 6.61046550832e-09, 7.6108630509e-09, 1.07822097917e-08, 1.09480753352e-08, 8.19222556458e-09, 3.21003703618e-08, 3.056555542e-08, 3.00580680346e-08, 1.04270284851e-07, 2.12766934737e-07, 5.09470339694e-07, 2.38945887077e-07, 1.28856299852e-07, 1.62400262127e-08, 4.82738160557e-09, 1.16439557996e-09, 6.25997378934e-11, 9.62414935073e-13], [2.90738163796e-14, 2.12786628595e-11, 3.17104675851e-10, 1.10567821565e-09, 9.89431647724e-10, 1.01930897056e-09, 1.49613432754e-09, 4.65595295651e-09, 9.73265557036e-09, 2.62186681255e-08, 2.6452394053e-08, 5.04802954993e-08, 3.65964538673e-08, 2.79991230201e-08, 1.78212687274e-07, 7.67116858924e-08, 1.13740746599e-07, 2.12766934737e-07, 1.79758694685e-06, 1.81588086434e-06, 8.61717694534e-07, 6.28221130228e-07, 4.80452655438e-08, 1.52155674726e-08, 2.98427282885e-09, 2.19545728819e-10, 4.32501864184e-12], [5.11951253417e-14, 3.63747226784e-11, 5.79293724101e-10, 1.06640252184e-09, 1.71016811823e-09, 1.82715198527e-09, 3.14734793783e-09, 6.54542908762e-09, 1.67417404384e-08, 4.5601691312e-08, 6.17296436189e-08, 1.03032775201e-07, 1.12503109051e-07, 4.51097612597e-08, 4.02929146048e-07, 1.90220006857e-07, 1.9557609221e-07, 5.09470339694e-07, 1.81588086434e-06, 8.2907590695e-06, 2.29063653023e-06, 1.74812760179e-06, 1.28835850433e-07, 3.93017494105e-08, 7.72209229893e-09, 4.99206675997e-10, 1.15834997844e-11], [2.20201444291e-14, 9.77299231125e-12, 1.69136760153e-10, 4.22770290998e-10, 8.33835112068e-10, 9.32194543779e-10, 1.42211187271e-09, 3.6265099812e-09, 7.92942067562e-09, 1.77787580213e-08, 2.50431568816e-08, 3.98692812098e-08, 3.47268880319e-08, 2.31346639623e-08, 9.22621055111e-08, 8.90780995633e-08, 8.0333080632e-08, 2.38945887077e-07, 8.61717694534e-07, 2.29063653023e-06, 1.38109180625e-06, 7.45330680729e-07, 6.90548489501e-08, 2.01531396016e-08, 4.32232649672e-09, 2.48146392323e-10, 4.41354158082e-12], [7.55726437782e-15, 9.10328149667e-12, 1.44342857111e-10, 3.98424293557e-10, 4.33477809203e-10, 4.49226544852e-10, 7.52105488999e-10, 2.01507943665e-09, 4.53114123999e-09, 8.62296101189e-09, 9.87366277627e-09, 2.34644303987e-08, 1.80003159045e-08, 1.23744374747e-08, 7.72942243543e-08, 3.71472381744e-08, 4.79273438714e-08, 1.28856299852e-07, 6.28221130228e-07, 1.74812760179e-06, 7.45330680729e-07, 6.70850852202e-07, 4.18411296721e-08, 1.2708972541e-08, 2.19061480067e-09, 1.63703245404e-10, 3.39054262097e-12], [1.30914500652e-15, 8.06483731793e-13, 1.7215612616e-11, 5.20326490228e-11, 8.62866028628e-11, 9.56073067937e-11, 1.13593988382e-10, 2.43112724396e-10, 6.2950017421e-10, 1.11835596339e-09, 1.56948554153e-09, 2.93775070936e-09, 2.84542966966e-09, 1.95920457635e-09, 5.56655121997e-09, 9.37930622058e-09, 5.50178613778e-09, 1.62400262127e-08, 4.80452655438e-08, 1.28835850433e-07, 6.90548489501e-08, 4.18411296721e-08, 6.44219166901e-09, 1.30873112347e-09, 3.22195270464e-10, 1.90416554052e-11, 2.7866784943e-13], [4.24596784742e-16, 2.10076544376e-13, 3.43689855221e-12, 8.12990733762e-12, 1.87895532466e-11, 2.34806670635e-11, 3.06698035024e-11, 8.39558422783e-11, 1.80158596375e-10, 3.51092349637e-10, 4.24198787208e-10, 6.46953102201e-10, 5.89709170384e-10, 5.03837971344e-10, 1.84917714474e-09, 2.0819490576e-09, 1.71861136433e-09, 4.82738160557e-09, 1.52155674726e-08, 3.93017494105e-08, 2.01531396016e-08, 1.2708972541e-08, 1.30873112347e-09, 4.40172426286e-10, 9.442154697e-11, 5.30740685775e-12, 7.99770812727e-14], [1.20482085531e-16, 5.94781385602e-14, 1.16290451661e-12, 2.49356308171e-12, 5.29309148595e-12, 6.89566719697e-12, 1.00302249145e-11, 1.98821462766e-11, 4.41320868738e-11, 1.1386670079e-10, 1.27675828243e-10, 2.07070527392e-10, 2.29786800698e-10, 1.38378516978e-10, 4.64259714006e-10, 6.20986595479e-10, 4.80494533051e-10, 1.16439557996e-09, 2.98427282885e-09, 7.72209229893e-09, 4.32232649672e-09, 2.19061480067e-09, 3.22195270464e-10, 9.442154697e-11, 3.5910129037e-11, 1.4882195953e-12, 1.78310820021e-14], [6.67765082772e-18, 4.41838346848e-15, 8.09606627073e-14, 2.26874264818e-13, 3.54294799878e-13, 3.94195933491e-13, 4.97213923679e-13, 1.19513166724e-12, 2.80985998358e-12, 6.56992602682e-12, 7.5894854637e-12, 1.29403883442e-11, 1.10441230813e-11, 7.55484910742e-12, 3.10228717715e-11, 3.67375678489e-11, 2.53408214551e-11, 6.25997378934e-11, 2.19545728819e-10, 4.99206675997e-10, 2.48146392323e-10, 1.63703245404e-10, 1.90416554052e-11, 5.30740685775e-12, 1.4882195953e-12, 9.64986283155e-14, 1.19840349548e-15], [9.92912129015e-20, 8.32576543299e-17, 1.35014235408e-15, 3.57884379819e-15, 4.75222837563e-15, 4.89273208333e-15, 6.65387282287e-15, 1.7691557041e-14, 4.05906963586e-14, 9.62691772545e-14, 1.24393767856e-13, 2.19837616535e-13, 1.99067067626e-13, 1.17993261646e-13, 6.76198626173e-13, 4.57637888088e-13, 4.22772114626e-13, 9.62414935073e-13, 4.32501864184e-12, 1.15834997844e-11, 4.41354158082e-12, 3.39054262097e-12, 2.7866784943e-13, 7.99770812727e-14, 1.78310820021e-14, 1.19840349548e-15, 2.35871163783e-17]]
    },
    "mfcc": {
        "kurt": [1.38507890701, -0.641203165054, 4.97663784027, 0.907856464386, 1.07836723328, -0.799288749695, -0.474369525909, -0.257452964783, -0.00249028205872, 0.0783429145813, -0.208743333817, -0.121521234512, -0.3210272789],
        "max": [-623.307739258, 17.9976921082, -6.103515625e-05, 62.3643989563, 8.87814331055, 15.1466503143, 17.7007293701, 16.2901706696, 15.0426368713, 20.313785553, 17.4481506348, 13.4767532349, 11.7335357666],
        "mean": [-789.449829102, -43.2042388916, -88.9980316162, 16.035369873, -43.9120330811, -13.8505430222, -8.97211360931, -6.88614940643, -4.25206565857, -1.80569159985, -7.07778644562, -9.54556751251, -5.40375041962],
        "median": [-736.236022949, -45.5835380554, -96.6152420044, 14.5141620636, -48.9581756592, -15.5745220184, -10.1145877838, -7.33503341675, -4.09686088562, -1.57914733887, -7.49469947815, -9.43099212646, -4.6989440918],
        "min": [-1138.42004395, -82.4404678345, -125.234207153, -4.49048805237, -70.6127166748, -39.8330802917, -31.4011707306, -25.7223949432, -20.3546142578, -24.430316925, -29.9386329651, -31.1052474976, -23.8643951416],
        "skew": [-1.56714367867, 0.457957178354, 2.41768932343, 0.841387689114, 1.3141938448, 0.268276810646, 0.258181154728, 0.162175148726, 0.061163470149, 0.0739877969027, 0.0278521385044, -0.052890136838, -0.227603703737],
        "var": [17762.5175781, 476.043609619, 784.652038574, 136.366226196, 314.060943604, 117.252052307, 89.361579895, 54.3533706665, 40.2567329407, 52.7575492859, 71.6077804565, 54.7684631348, 43.0886306763],
        "cov": [[17809.7578125, -1063.78820801, -2873.50390625, 62.6922683716, -1850.33190918, -112.062477112, -492.580108643, -517.193359375, -349.169830322, -349.416625977, -650.234985352, -569.414489746, -334.351745605], [-1063.78820801, 477.309661865, 427.644989014, 27.7980079651, 274.825775146, 149.406448364, 106.042076111, 45.5907592773, 9.08399677277, 17.2808456421, -21.8791809082, -14.043888092, -22.6066913605], [-2873.50390625, 427.644989014, 786.738891602, -69.3583450317, 400.978607178, 123.587020874, 98.7145614624, 67.9437713623, 33.9199981689, 14.8401641846, 52.4167289734, 62.8133087158, 27.2931194305], [62.6922683716, 27.7980079651, -69.3583450317, 136.728897095, 39.7853164673, 24.6976299286, 43.635723114, 23.1755809784, 11.8089933395, 23.7414741516, -2.79503965378, -10.8191719055, -12.9106521606], [-1850.33190918, 274.825775146, 400.978607178, 39.7853164673, 314.896209717, 95.9235610962, 95.2436599731, 65.782585144, 35.0630531311, 40.8101234436, 41.4241256714, 35.289352417, 16.0735282898], [-112.062477112, 149.406448364, 123.587020874, 24.6976299286, 95.9235610962, 117.56388855, 58.4977645874, 11.499917984, 2.81270456314, 4.17035865784, -18.7217350006, -13.9194383621, -15.6271686554], [-492.580108643, 106.042076111, 98.7145614624, 43.635723114, 95.2436599731, 58.4977645874, 89.5992431641, 36.8755340576, 15.8505973816, 21.0902290344, 9.61959075928, 4.56632518768, 2.10854268074], [-517.193359375, 45.5907592773, 67.9437713623, 23.1755809784, 65.782585144, 11.499917984, 36.8755340576, 54.4979286194, 17.9510974884, 20.0605888367, 19.7927589417, 10.3896570206, 9.582695961], [-349.169830322, 9.08399677277, 33.9199981689, 11.8089933395, 35.0630531311, 2.81270456314, 15.8505973816, 17.9510974884, 40.3637962341, 17.8213157654, 18.8409671783, 17.4835109711, 6.8813996315], [-349.416625977, 17.2808456421, 14.8401641846, 23.7414741516, 40.8101234436, 4.17035865784, 21.0902290344, 20.0605888367, 17.8213157654, 52.8978614807, 23.174489975, 7.69453859329, 10.4081144333], [-650.234985352, -21.8791809082, 52.4167289734, -2.79503965378, 41.4241256714, -18.7217350006, 9.61959075928, 19.7927589417, 18.8409671783, 23.174489975, 71.7982254028, 31.3521957397, 16.7599182129], [-569.414489746, -14.043888092, 62.8133087158, -10.8191719055, 35.289352417, -13.9194383621, 4.56632518768, 10.3896570206, 17.4835109711, 7.69453859329, 31.3521957397, 54.9141235352, 23.5087909698], [-334.351745605, -22.6066913605, 27.2931194305, -12.9106521606, 16.0735282898, -15.6271686554, 2.10854268074, 9.582695961, 6.8813996315, 10.4081144333, 16.7599182129, 23.5087909698, 43.2032279968]]
    },
    "sccoeffs": {
        "kurt": [-0.105823040009, 0.360520124435, 0.154052019119, 0.68145108223, 2.18717193604, 2.46390581131],
        "max": [-0.542618215084, -0.70168197155, -0.72830671072, -0.665577471256, -0.615092337132, -0.575105428696],
        "mean": [-0.702278494835, -0.839713513851, -0.85099029541, -0.818892836571, -0.79350310564, -0.737985789776],
        "median": [-0.694256424904, -0.842309355736, -0.851851224899, -0.818275511265, -0.78615039587, -0.724681317806],
        "min": [-0.977085471153, -0.960658192635, -0.962666213512, -0.953424394131, -0.9265589118, -0.915124893188],
        "skew": [-0.446280956268, 0.285773038864, 0.0360985435545, -0.438763171434, -0.927701413631, -1.46429932117],
        "var": [0.00581409363076, 0.0018586613005, 0.00133286404889, 0.00180386612192, 0.00197453657165, 0.00274829147384],
        "cov": [[0.00582955684513, 0.000993068912067, 0.00119863229338, 0.00154793669935, 0.00187702919357, 0.00258994172327], [0.000993068912067, 0.0018636045279, 0.000489150057547, 0.000608043337706, 0.000781380804256, 0.00106307002716], [0.00119863229338, 0.000489150057547, 0.00133640889544, 0.000784705742262, 0.000922505860217, 0.0011539607076], [0.00154793669935, 0.000608043337706, 0.000784705742262, 0.00180866359733, 0.00131139322184, 0.00151967944112], [0.00187702919357, 0.000781380804256, 0.000922505860217, 0.00131139322184, 0.00197978806682, 0.00186386017594], [0.00258994172327, 0.00106307002716, 0.0011539607076, 0.00151967944112, 0.00186386017594, 0.00275560072623]]
    },
    "scvalleys": {
        "kurt": [-1.23094022274, 2.30536746979, 3.51743936539, 4.25272893906, 5.4156999588, 4.45203304291],
        "max": [-9.07309818268, -6.95798158646, -6.03798341751, -5.93890666962, -5.44608211517, -7.41121244431],
        "mean": [-11.6671037674, -8.68898773193, -7.93161916733, -7.78465557098, -7.07920312881, -9.11002540588],
        "median": [-11.7581863403, -8.14270496368, -7.31056499481, -7.14522266388, -6.36037492752, -8.39739131927],
        "min": [-15.3841085434, -15.6017723083, -16.3830471039, -16.0105285645, -16.1119060516, -17.7995109558],
        "skew": [0.106820046902, -1.70328783989, -1.99064588547, -2.19197964668, -2.46919679642, -2.31196069717],
        "var": [1.85052275658, 2.29661250114, 3.07994699478, 3.21076273918, 3.42786812782, 3.28341817856],
        "cov": [[1.8554444313, 1.44058573246, 1.6087667942, 1.5939617157, 1.50840628147, 1.41528356075], [1.44058573246, 2.3027203083, 2.5721154213, 2.59683847427, 2.64345765114, 2.6053071022], [1.6087667942, 2.5721154213, 3.0881383419, 3.10018587112, 3.17481708527, 3.10271501541], [1.5939617157, 2.59683847427, 3.10018587112, 3.21930193901, 3.2803542614, 3.18613553047], [1.50840628147, 2.64345765114, 3.17481708527, 3.2803542614, 3.43698477745, 3.31567764282], [1.41528356075, 2.6053071022, 3.10271501541, 3.18613553047, 3.31567764282, 3.29215073586]]
    }
},
"rhythm": {
    "beats_loudness": {
        "kurt": -0.804918527603,
        "max": 0.00978789012879,
        "mean": 0.00454146368429,
        "median": 0.0048972456716,
        "min": 5.91029038333e-06,
        "skew": -0.105782352388,
        "var": 7.63112802815e-06
    },
    "bpm": 103.386947632,
    "confidence": 1.98105275631,
    "first_peak_bpm": {
        "kurt": 0,
        "max": 101,
        "mean": 101,
        "median": 101,
        "min": 101,
        "skew": 0,
        "var": 0
    },
    "first_peak_spread": {
        "kurt": 0,
        "max": 0.666666686535,
        "mean": 0.666666686535,
        "median": 0.666666686535,
        "min": 0.666666686535,
        "skew": 0,
        "var": 0
    },
    "first_peak_weight": {
        "kurt": 0,
        "max": 0.230769231915,
        "mean": 0.230769231915,
        "median": 0.230769231915,
        "min": 0.230769231915,
        "skew": 0,
        "var": 0
    },
    "onset_rate": 1.26228189468,
    "second_peak_bpm": {
        "kurt": 0,
        "max": 108,
        "mean": 108,
        "median": 108,
        "min": 108,
        "skew": 0,
        "var": 0
    },
    "second_peak_spread": {
        "kurt": 0,
        "max": 0.25,
        "mean": 0.25,
        "median": 0.25,
        "min": 0.25,
        "skew": 0,
        "var": 0
    },
    "second_peak_weight": {
        "kurt": 0,
        "max": 0.230769231915,
        "mean": 0.230769231915,
        "median": 0.230769231915,
        "min": 0.230769231915,
        "skew": 0,
        "var": 0
    },
    "beats_loudness_band_ratio": {
        "kurt": [1.00787305832, 0.720886707306, 1.27649211884, 2.89663648605, -0.642092943192, -0.790962934494],
        "max": [0.00128083582968, 0.00218871980906, 0.0217459592968, 0.0792980194092, 0.456639349461, 0.862346351147],
        "mean": [0.000255278137047, 0.000783528550528, 0.00762677844614, 0.0278592053801, 0.252206593752, 0.724163711071],
        "median": [2.44371130975e-05, 0.000632909941487, 0.00673298398033, 0.0209893975407, 0.219875276089, 0.748058736324],
        "min": [3.81379277314e-06, 0.000101069497759, 0.000509239034727, 0.0116923535243, 0.120022453368, 0.548320889473],
        "skew": [1.56405544281, 1.25544881821, 1.20676732063, 1.82315397263, 0.656276285648, -0.457163870335],
        "var": [1.60052508136e-07, 3.22406833675e-07, 2.74584544968e-05, 0.000298604980344, 0.0101852649823, 0.00874084420502],
        "cov": [[1.72364238438e-07, 5.96762603777e-08, -3.4328790921e-09, 1.97182657757e-06, -1.12061979962e-05, 7.76154138293e-06], [5.96762603777e-08, 3.47207361528e-07, 1.22664584978e-06, 3.04955142383e-06, 3.61491402145e-06, -2.41857537731e-06], [-3.4328790921e-09, 1.22664584978e-06, 2.95706431643e-05, 7.33829510864e-05, -7.33596898499e-05, -1.54703429871e-05], [1.97182657757e-06, 3.04955142383e-06, 7.33829510864e-05, 0.000321574567351, -0.000379958481062, -2.59955231741e-05], [-1.12061979962e-05, 3.61491402145e-06, -7.33596898499e-05, -0.000379958481062, 0.0109687466174, -0.00981858186424], [7.76154138293e-06, -2.41857537731e-06, -1.54703429871e-05, -2.59955231741e-05, -0.00981858186424, 0.00941321719438]]
    },
    "beats_position": [0.592108845711, 1.17260766029, 1.74149656296, 2.29877543449, 2.85605430603, 3.44816327095, 4.01705217361, 4.55111122131, 5.14321994781, 5.72371864319, 6.31582736969, 6.88471651077, 7.44199514389, 8.0224943161],
    "bpm_estimates": [103.359382629, 105.46875, 101.332702637, 105.46875, 101.332740784, 103.359405518, 101.332740784, 105.468704224, 103.359321594],
    "bpm_intervals": [0.580498814583, 0.568888902664, 0.557278871536, 0.557278871536, 0.59210896492, 0.568888902664, 0.534059047699, 0.592108726501, 0.580498695374, 0.592108726501, 0.568889141083, 0.557278633118, 0.580499172211],
    "onset_times": [0.0928798168898, 0.255419492722, 0.859138309956, 1.25387752056, 1.66022670269, 2.02013611794, 3.1811337471, 3.30884361267, 3.43655323982, 4.56272125244, 4.82975053787],
    "histogram": [[0, 0, 0, 0, 0, 0, 0, 0, 0, 0, 0, 0, 0, 0, 0, 0, 0, 0, 0, 0, 0, 0, 0, 0, 0, 0, 0, 0, 0, 0, 0, 0, 0, 0, 0, 0, 0, 0, 0, 0, 0, 0, 0, 0, 0, 0, 0, 0, 0, 0, 0, 0, 0, 0, 0, 0, 0, 0, 0, 0, 0, 0, 0, 0, 0, 0, 0, 0, 0, 0, 0, 0, 0, 0, 0, 0, 0, 0, 0, 0, 0, 0, 0, 0, 0, 0, 0, 0, 0, 0, 0, 0, 0, 0, 0, 0, 0, 0, 0, 0, 0, 0.230769231915, 0, 0.230769231915, 0, 0.230769231915, 0, 0, 0.230769231915, 0, 0, 0, 0.0769230797887, 0, 0, 0, 0, 0, 0, 0, 0, 0, 0, 0, 0, 0, 0, 0, 0, 0, 0, 0, 0, 0, 0, 0, 0, 0, 0, 0, 0, 0, 0, 0, 0, 0, 0, 0, 0, 0, 0, 0, 0, 0, 0, 0, 0, 0, 0, 0, 0, 0, 0, 0, 0, 0, 0, 0, 0, 0, 0, 0, 0, 0, 0, 0, 0, 0, 0, 0, 0, 0, 0, 0, 0, 0, 0, 0, 0, 0, 0, 0, 0, 0, 0, 0, 0, 0, 0, 0, 0, 0, 0, 0, 0, 0, 0, 0, 0, 0, 0, 0, 0, 0, 0, 0, 0, 0, 0, 0, 0, 0, 0, 0, 0, 0, 0, 0, 0, 0, 0, 0, 0, 0, 0, 0, 0, 0, 0, 0, 0, 0, 0, 0, 0, 0, 0, 0, 0, 0]]
},
"sfx": {
    "inharmonicity": {
        "kurt": 19.7635879517,
        "max": 0.443340778351,
        "mean": 0.0164332892746,
        "median": 0,
        "min": 0,
        "skew": 4.43426942825,
        "var": 0.00418254500255
    },
    "oddtoevenharmonicenergyratio": {
        "kurt": 153.613204956,
        "max": 43.233455658,
        "mean": 0.509767353535,
        "median": 0,
        "min": 0,
        "skew": 10.9840764999,
        "var": 7.6294631958
    },
    "pitch_after_max_to_before_max_energy_ratio": 0.671897888184,
    "pitch_centroid": 182.913421631,
    "pitch_max_to_total": 0.572944283485,
    "pitch_min_to_total": 0.931034505367,
    "tristimulus": {
        "kurt": [4.83235359192, 14.5448188782, 13.5008487701],
        "max": [1, 0.98182785511, 0.953678607941],
        "mean": [0.901935100555, 0.0513149350882, 0.0467498488724],
        "median": [1, 0, 0],
        "min": [0.00223931251094, 0, 0],
        "skew": [-2.59231734276, 3.93181204796, 3.87887740135],
        "var": [0.0804257914424, 0.0343095473945, 0.034944113344],
        "cov": [[0.0806396901608, -0.0400017425418, -0.0406377762556], [-0.0400017425418, 0.0344007983804, 0.00560085941106], [-0.0406377762556, 0.00560085941106, 0.035037048161]]
    }
},
"tonal": {
    "chords_changes_rate": 0.206349208951,
    "chords_number_rate": 0.047619048506,
    "chords_strength": {
        "kurt": -0.986144304276,
        "max": 0.63428413868,
        "mean": 0.462189257145,
        "median": 0.469282537699,
        "min": 0.281814038754,
        "skew": -0.199351012707,
        "var": 0.00909413024783
    },
    "key_strength": 0.293064445257,
    "tuning_diatonic_strength": 0.389488518238,
    "tuning_equal_tempered_deviation": 0.234557062387,
    "tuning_frequency": 436.708374023,
    "tuning_nontempered_energy_ratio": 0.897018671036,
    "hpcp": {
        "kurt": [-0.0685641765594, -0.306753635406, -0.112079143524, -0.386106967926, -1.04497718811, -1.18202757835, -1.11668801308, -0.684779644012, 0.204051733017, 0.146571397781, 0.505094051361, -0.156573295593, 0.0892422199249, 0.453798294067, 1.28325223923, 1.31123542786, 1.73953914642, 2.369764328, 3.73891830444, 8.4276714325, 24.1811637878, 20.6768703461, 9.88841533661, 15.1277561188, 10.0643863678, 13.7738513947, 11.4051074982, 1.62089061737, 2.809902668, 0.542943000793, 0.788015604019, 0.848432064056, 0.838691711426, 2.04384469986, 1.50728988647, 0.489726066589],
        "max": [1, 1, 1, 1, 1, 1, 1, 1, 1, 1, 1, 1, 1, 1, 1, 1, 1, 1, 1, 0.988837778568, 0.778064906597, 0.890014410019, 0.788856387138, 1, 0.778881430626, 0.95231795311, 1, 0.728827655315, 1, 1, 1, 1, 1, 1, 0.978816568851, 1],
        "mean": [0.367666900158, 0.388835847378, 0.383204698563, 0.394873857498, 0.459776043892, 0.511950194836, 0.497546643019, 0.440586388111, 0.376637011766, 0.343532830477, 0.341264337301, 0.359992176294, 0.355210840702, 0.320129483938, 0.298255383968, 0.296314924955, 0.276304602623, 0.258381664753, 0.239878639579, 0.151961788535, 0.0879660099745, 0.0964142456651, 0.11105094105, 0.115139424801, 0.114000380039, 0.121766135097, 0.144613310695, 0.18870267272, 0.259092390537, 0.304033398628, 0.315180212259, 0.324978739023, 0.308621764183, 0.276919782162, 0.282716244459, 0.324472546577],
