{
"metadata": {
    "version": {
        "essentia": "2.1-beta3"
    }
},
"lowLevel": {
    "average_loudness": 0.118349537253,
    "barkbands_kurtosis": {
        "kurt": 97.0386886597,
        "max": 180.068725586,
        "mean": 10.9495630264,
        "median": 8.24562454224,
        "min": -1.52908062935,
        "skew": 8.42412757874,
        "var": 171.607406616
    },
    "barkbands_skewness": {
        "kurt": 10.933426857,
        "max": 2.62957310677,
        "mean": -2.53224015236,
        "median": -2.48687386513,
        "min": -11.1406345367,
        "skew": -0.0625535696745,
        "var": 1.55788040161
    },
    "barkbands_spread": {
        "kurt": 4.79806947708,
        "max": 48.5476570129,
        "mean": 12.0084152222,
        "median": 10.2417316437,
        "min": 0.708341419697,
        "skew": 1.93535447121,
        "var": 56.4002914429
    },
    "dissonance": {
        "kurt": 92.4635543823,
        "max": 0.499999970198,
        "mean": 0.493759512901,
        "median": 0.495857805014,
        "min": 0.345093697309,
        "skew": -8.20190811157,
        "var": 0.000114721267892
    },
    "hfc": {
        "kurt": 210.316040039,
        "max": 1284.81945801,
        "mean": 15.0939235687,
        "median": 2.25727891922,
        "min": 4.79739483694e-08,
        "skew": 13.7641363144,
        "var": 5440.97314453
    },
    "pitch": {
        "kurt": 0.65727353096,
        "max": 5812.24560547,
        "mean": 3507.61499023,
        "median": 4158.96337891,
        "min": 102.488853455,
        "skew": -1.50541520119,
        "var": 2037382.875
    },
    "pitch_instantaneous_confidence": {
        "kurt": 0.613258123398,
        "max": 0.958176374435,
        "mean": 0.51469540596,
        "median": 0.504201412201,
        "min": 0.132640779018,
        "skew": 0.239262878895,
        "var": 0.0141787156463
    },
    "pitch_salience": {
        "kurt": 1.52894163132,
        "max": 0.971100270748,
        "mean": 0.74592924118,
        "median": 0.755431175232,
        "min": 0.378173351288,
        "skew": -0.563460886478,
        "var": 0.00598990451545
    },
    "silence_rate_20dB": {
        "kurt": 0,
        "max": 1,
        "mean": 1,
        "median": 1,
        "min": 1,
        "skew": 0,
        "var": 0
    },
    "silence_rate_30dB": {
        "kurt": 154.005249023,
        "max": 1,
        "mean": 0.993710696697,
        "median": 1,
        "min": 0,
        "skew": -12.4902067184,
        "var": 0.00624977378175
    },
    "silence_rate_60dB": {
        "kurt": -1.91453313828,
        "max": 1,
        "mean": 0.572327017784,
        "median": 1,
        "min": 0,
        "skew": -0.292381256819,
        "var": 0.244770124555
    },
    "spectral_centroid": {
        "kurt": 8.03320407867,
        "max": 7602.64941406,
        "mean": 3989.73828125,
        "median": 4009.77026367,
        "min": 449.688262939,
        "skew": -1.65223503113,
        "var": 727972.1875
    },
    "spectral_complexity": {
        "kurt": -1.526299119,
        "max": 29,
        "mean": 7.9874215126,
        "median": 1,
        "min": 0,
        "skew": 0.429303944111,
        "var": 82.0589447021
    },
    "spectral_crest": {
        "kurt": 1.2832903862,
        "max": 20.4810028076,
        "mean": 9.79448032379,
        "median": 9.61295700073,
        "min": 3.80560731888,
        "skew": 0.695988118649,
        "var": 7.0251750946
    },
    "spectral_decrease": {
        "kurt": 203.940841675,
        "max": -1.96912545119e-17,
        "mean": -6.10349104591e-10,
        "median": -7.87592352447e-11,
        "min": -4.60337723496e-08,
        "skew": -13.3798894882,
        "var": 6.93035036895e-18
    },
    "spectral_energy": {
        "kurt": 207.18258667,
        "max": 0.290278911591,
        "mean": 0.00367266009562,
        "median": 0.000500040245242,
        "min": 7.86706880196e-11,
        "skew": 13.5390710831,
        "var": 0.000274456571788
    },
    "spectral_energyband_high": {
        "kurt": 294.659637451,
        "max": 0.284606546164,
        "mean": 0.00194024830125,
        "median": 0.000333930976922,
        "min": 1.56013721907e-12,
        "skew": 16.6836166382,
        "var": 0.000220451445784
    },
    "spectral_energyband_low": {
        "kurt": 6.28197860718,
        "max": 8.2177684817e-05,
        "mean": 7.56355802878e-06,
        "median": 2.23219714712e-07,
        "min": 2.51365872561e-11,
        "skew": 2.16291499138,
        "var": 1.32574035083e-10
    },
    "spectral_energyband_middle_high": {
        "kurt": 313.634368896,
        "max": 0.127066418529,
        "mean": 0.00162726058625,
        "median": 0.000167820879142,
        "min": 5.32012454924e-12,
        "skew": 16.7627830505,
        "var": 4.09539061366e-05
    },
    "spectral_energyband_middle_low": {
        "kurt": 8.2998714447,
        "max": 0.00135650217999,
        "mean": 0.000119249925774,
        "median": 7.07398658051e-06,
        "min": 4.80107273382e-11,
        "skew": 2.24878525734,
        "var": 2.89154602484e-08
    },
    "spectral_flatness_db": {
        "kurt": 6.45933914185,
        "max": 0.426094740629,
        "mean": 0.158502459526,
        "median": 0.148446023464,
        "min": 0.0649117976427,
        "skew": 1.60019147396,
        "var": 0.00160147610586
    },
    "spectral_flux": {
        "kurt": 75.6832733154,
        "max": 0.587465107441,
        "mean": 0.0275293551385,
        "median": 0.0147767867893,
        "min": 0.000157875445439,
        "skew": 7.84770011902,
        "var": 0.00243232701905
    },
    "spectral_kurtosis": {
        "kurt": 18.1900424957,
        "max": 11.5467061996,
        "mean": 1.77297890186,
        "median": 1.62605333328,
        "min": -1.2872364521,
        "skew": 3.39632034302,
        "var": 1.59068465233
    },
    "spectral_rms": {
        "kurt": 40.435295105,
        "max": 0.0168285146356,
        "mean": 0.00123414141126,
        "median": 0.000698458403349,
        "min": 2.77041323216e-07,
        "skew": 4.70054721832,
        "var": 2.05997866942e-06
    },
    "spectral_rolloff": {
        "kurt": 18.7446746826,
        "max": 13242.9199219,
        "mean": 5087.79101562,
        "median": 5167.96875,
        "min": 495.263671875,
        "skew": 0.682639062405,
        "var": 1264594.375
    },
    "spectral_skewness": {
        "kurt": 4.86279058456,
        "max": 2.52958750725,
        "mean": 1.05509591103,
        "median": 1.08826625347,
        "min": -0.0165646672249,
        "skew": 0.955503106117,
        "var": 0.0905949994922
    },
    "spectral_spread": {
        "kurt": 17.4984264374,
        "max": 24248718,
        "mean": 7791376.5,
        "median": 7526218,
        "min": 2910453.25,
        "skew": 2.79481983185,
        "var": 3.74908859187e+12
    },
    "spectral_strongpeak": {
        "kurt": -0.782755851746,
        "max": 9.02661132812,
        "mean": 1.73732566833,
        "median": 0.564105272293,
        "min": 2.7572916224e-05,
        "skew": 0.7776299119,
        "var": 3.58199095726
    },
    "zerocrossingrate": {
        "kurt": 9.77164936066,
        "max": 0.39697265625,
        "mean": 0.187518432736,
        "median": 0.18798828125,
        "min": 0.00927734375,
        "skew": -0.389925926924,
        "var": 0.0014857534552
    },
    "barkbands": {
        "kurt": [29.073551178, 17.8189125061, 10.9583311081, 8.45368862152, 36.9226570129, 55.8841590881, 8.26526737213, 4.5949306488, 4.16854143143, 30.8136253357, 73.7043457031, 5.86391544342, 178.87600708, 90.2136993408, 374.531494141, 67.5986480713, 422.112609863, 222.499984741, 310.068450928, 334.586883545, 248.323974609, 363.350585938, 359.061309814, 243.034957886, 263.462341309, 235.136413574, 175.720855713],
        "max": [2.07150463893e-07, 2.08482451853e-05, 5.10071258759e-05, 7.22965633031e-05, 0.000690541812219, 0.000655419309624, 0.000287600589218, 0.000185841170605, 0.000124901736854, 0.000181307506864, 0.000212936662138, 0.000211342747207, 0.000702783581801, 0.0003037348215, 0.00164891849272, 0.000849046744406, 0.00875137280673, 0.0148436687887, 0.0768184885383, 0.123320892453, 0.164941236377, 0.0360887907445, 0.00380522198975, 0.00650681275874, 0.00535646406934, 0.00128271616995, 8.76815192896e-06],
        "mean": [9.97024329763e-09, 1.28121234866e-06, 3.57765975423e-06, 5.97571897742e-06, 2.8019585443e-05, 2.58200307144e-05, 2.42521309701e-05, 1.85111366591e-05, 1.39276953632e-05, 9.30445003178e-06, 6.77775551594e-06, 1.90855735127e-05, 1.83659758477e-05, 1.12783745863e-05, 2.33137143368e-05, 3.78633594664e-05, 9.41882972256e-05, 0.000290952593787, 0.000813101709355, 0.000751986983232, 0.00105514843017, 0.000261774170212, 3.98300508095e-05, 6.37492848909e-05, 4.62707721454e-05, 8.17862746771e-06, 1.19507163276e-07],
        "median": [1.66266456159e-09, 5.80702206321e-08, 1.19637761031e-07, 1.9941546725e-07, 1.37057850225e-06, 2.408092314e-06, 2.60674028141e-06, 1.00815782389e-06, 9.00207396626e-07, 9.13148369364e-07, 1.60255513038e-06, 9.90020112113e-07, 6.5342084099e-07, 8.33762044294e-07, 1.79391099664e-06, 3.87568798033e-06, 6.87615147399e-06, 1.42399339893e-05, 4.99106099596e-05, 0.000160843701451, 0.000163680932019, 4.86580211145e-05, 7.1234862844e-06, 1.73851021827e-05, 3.17622880175e-06, 3.21895186062e-07, 4.64062033245e-09],
        "min": [2.00379253121e-12, 1.39400626459e-11, 7.99571346632e-12, 3.08660996068e-12, 1.0184200705e-11, 4.0853921808e-12, 1.54395051431e-12, 8.92246866668e-12, 1.99531051404e-11, 4.64637226263e-13, 3.14347370833e-13, 4.97124693841e-13, 1.51038578346e-13, 2.04501156677e-13, 3.82943676769e-13, 7.13771327199e-13, 1.12795298275e-12, 4.62991949467e-13, 5.25162866753e-13, 9.5377481954e-13, 4.14931164514e-13, 2.82801451527e-13, 9.76502001005e-14, 1.10933919657e-13, 1.03431525226e-13, 6.46903320842e-14, 6.36307209722e-14],
        "skew": [4.52754592896, 3.38695287704, 2.8453848362, 2.53672504425, 5.35355615616, 6.21987771988, 2.61237072945, 1.91660392284, 1.85236632824, 4.5874171257, 7.43220758438, 2.1218726635, 10.9223089218, 7.22956991196, 18.3586502075, 6.20671081543, 20.0418796539, 12.9595365524, 16.85896492, 17.7538337708, 15.4910984039, 18.4863090515, 18.1048564911, 15.3015871048, 15.5121145248, 15.1314630508, 12.369102478],
        "var": [4.04893924886e-16, 5.04316640532e-12, 4.04829850198e-11, 1.00103557388e-10, 4.43675451933e-09, 3.46067485779e-09, 1.76431280696e-09, 7.39674987926e-10, 3.97027410948e-10, 3.1450633764e-10, 2.66285743455e-10, 8.7437090901e-10, 1.59417212764e-09, 4.19732582024e-10, 6.22762597047e-09, 3.98382926647e-09, 1.66436436189e-07, 6.49377739137e-07, 1.52488746608e-05, 3.80578312615e-05, 8.63219756866e-05, 3.0926682939e-06, 3.42001698073e-08, 1.36691411967e-07, 8.16689933458e-08, 5.58837509601e-09, 2.79314711551e-13],
        "cov": [[4.05744557723e-16, 1.92242089489e-14, 5.64267667422e-14, 6.38024721489e-14, 3.30700744566e-13, 2.810283744e-13, 2.8263570412e-13, 1.99494378807e-13, 1.65164445163e-13, 9.14027086982e-14, 4.69398079976e-14, 1.43922227651e-13, 1.8206714348e-13, 1.33039602555e-13, 1.89553247773e-13, 3.43110224477e-13, 7.15345914015e-13, 2.83305128489e-12, 6.94891193198e-12, 8.44020166257e-12, 1.39007165154e-11, 2.10328737933e-12, 2.77037751463e-13, 5.38325894278e-13, 4.11741658563e-13, 5.08022877238e-13, 5.26995100661e-16], [1.92242089489e-14, 5.05376122895e-12, 8.71247431838e-12, 1.04467311537e-11, 5.20028985151e-11, 4.52581479238e-11, 4.7930198005e-11, 3.1959331015e-11, 2.37910871559e-11, 1.59116868986e-11, 9.75754373134e-12, 2.48383327794e-11, 2.25132343323e-11, 1.68102597814e-11, 2.80158569954e-11, 5.61172913693e-11, 1.05357673974e-10, 3.7590400237e-10, 8.20041312632e-10, 3.56456919537e-10, 1.51985712904e-09, 5.37622446561e-10, 4.6619343802e-11, 6.024757776e-11, 5.57731048845e-11, 2.48709906836e-11, 1.85964308189e-13], [5.64267667422e-14, 8.71247431838e-12, 4.05680350424e-11, 3.56170405669e-11, 1.38166075803e-10, 1.0619888996e-10, 1.2568231178e-10, 8.61558671628e-11, 5.75775017941e-11, 3.85827654548e-11, 2.74425360908e-11, 6.64867605416e-11, 7.5863086646e-11, 4.35319870429e-11, 8.27374488366e-11, 1.56046398025e-10, 3.97301525012e-10, 1.4655491265e-09, 2.85176082748e-09, 7.85995823982e-10, 3.49231732422e-09, 1.244303105e-09, 9.12989267521e-11, 1.65298566501e-10, 1.98228433668e-10, 6.52956438918e-11, 5.10909565522e-13], [6.38024721489e-14, 1.04467311537e-11, 3.56170405669e-11, 1.00313854445e-10, 2.91153351428e-10, 1.7306488187e-10, 1.63546926002e-10, 1.30804519993e-10, 9.18886980394e-11, 7.48496126191e-11, 5.61541924071e-11, 1.0993044669e-10, 1.74053590984e-10, 9.33393640157e-11, 1.41492664807e-10, 2.60193394608e-10, 5.63631141759e-10, 1.79080750229e-09, 4.46753745109e-09, 3.78175579741e-09, 4.59906290828e-09, 1.37802047551e-09, 2.30058083694e-10, 2.6659072172e-10, 4.40287917236e-10, 3.24016299902e-11, 1.42557764638e-12], [3.30700744566e-13, 5.20028985151e-11, 1.38166075803e-10, 2.91153351428e-10, 4.44607550776e-09, 2.16753837101e-09, 9.01960506283e-10, 5.58234181103e-10, 4.93907470478e-10, 5.46400369394e-10, 3.48676060247e-10, 4.23286183882e-10, 6.79687361949e-10, 4.00473626483e-10, 6.49586107127e-10, 9.08478070549e-10, 2.04261785264e-09, 5.88259219114e-09, 1.36267139794e-08, 1.2597821808e-07, 2.2159993307e-07, 3.42842803036e-08, 2.49500731186e-09, 5.71538949501e-09, 9.87812498465e-09, 1.28113064601e-09, 1.37739333828e-11], [2.810283744e-13, 4.52581479238e-11, 1.0619888996e-10, 1.7306488187e-10, 2.16753837101e-09, 3.46794504225e-09, 1.00816821558e-09, 5.56272250485e-10, 5.09869368948e-10, 6.47623066286e-10, 3.82196718718e-10, 4.24286772382e-10, 4.62247434774e-10, 3.44681005959e-10, 7.59125540206e-10, 1.06685205115e-09, 2.07383221706e-09, 7.69632180209e-09, 1.19839587143e-08, 3.0220050462e-08, 5.68628237829e-08, 2.72654130384e-08, 6.9322392271e-09, 5.62286173178e-09, 3.52432638628e-09, 6.54806486811e-10, 5.15558993067e-12], [2.8263570412e-13, 4.7930198005e-11, 1.2568231178e-10, 1.63546926002e-10, 9.01960506283e-10, 1.00816821558e-09, 1.76801939755e-09, 6.10333117379e-10, 4.08473366242e-10, 2.73773920201e-10, 1.59552634993e-10, 5.03474761882e-10, 5.09884745536e-10, 2.96066005046e-10, 5.84232051626e-10, 1.01603681024e-09, 1.57061585959e-09, 8.1479072378e-09, 2.04630357103e-08, 1.14442748611e-08, 7.18221526697e-09, 4.8699200228e-09, 8.90749252136e-10, 2.19974194415e-09, 1.84256432334e-09, 1.29384808423e-10, 1.82965903713e-12], [1.99494378807e-13, 3.1959331015e-11, 8.61558671628e-11, 1.30804519993e-10, 5.58234181103e-10, 5.56272250485e-10, 6.10333117379e-10, 7.41228911583e-10, 3.45831197013e-10, 1.82125883819e-10, 1.06150213619e-10, 3.89712123683e-10, 4.00003669077e-10, 2.42097619729e-10, 3.97795213436e-10, 7.57683860098e-10, 1.40048406205e-09, 5.01492847249e-09, 1.00700381367e-08, 1.29339330357e-08, 2.04989856201e-08, 4.08433908916e-09, 4.78455108865e-10, 8.56387016857e-10, 6.85446088777e-10, 5.80562854735e-11, 1.49347363903e-12], [1.65164445163e-13, 2.37910871559e-11, 5.75775017941e-11, 9.18886980394e-11, 4.93907470478e-10, 5.09869368948e-10, 4.08473366242e-10, 3.45831197013e-10, 3.97861521506e-10, 1.47640524806e-10, 9.17592529737e-11, 2.790767617e-10, 3.02966013388e-10, 1.7501400329e-10, 2.81808298919e-10, 5.15596620954e-10, 1.08286524192e-09, 3.35185457168e-09, 7.83756615164e-09, 6.7951662075e-09, 2.77358189749e-08, 8.87344508982e-09, 4.80821549242e-10, 1.0069447498e-09, 9.2632101989e-10, 1.86349963238e-10, 2.00382115415e-12], [9.14027086982e-14, 1.59116868986e-11, 3.85827654548e-11, 7.48496126191e-11, 5.46400369394e-10, 6.47623066286e-10, 2.73773920201e-10, 1.82125883819e-10, 1.47640524806e-10, 3.15167059117e-10, 1.42741013454e-10, 1.26382862509e-10, 1.52461362979e-10, 1.10192140135e-10, 2.04659400538e-10, 3.44895390025e-10, 5.69474911671e-10, 1.99791450051e-09, 6.8573871026e-09, 3.03357183817e-09, 2.41550401903e-09, 3.90395271666e-09, 1.74934644548e-09, 4.04732858339e-10, 6.23995410898e-10, 2.84072598777e-10, 2.91204126784e-12], [4.69398079976e-14, 9.75754373134e-12, 2.74425360908e-11, 5.61541924071e-11, 3.48676060247e-10, 3.82196718718e-10, 1.59552634993e-10, 1.06150213619e-10, 9.17592529737e-11, 1.42741013454e-10, 2.66845157082e-10, 1.07578758402e-10, 7.88351883774e-11, 8.52074938384e-11, 2.16207857173e-10, 2.689910239e-10, 3.74387437718e-10, 1.04312847249e-09, 3.56704266125e-09, 2.92247426259e-09, 1.51192924847e-09, 1.08324571535e-09, 8.40250813372e-10, 2.87388068898e-09, 2.5220531219e-10, 4.80232416333e-11, 3.47529166903e-12], [1.43922227651e-13, 2.48383327794e-11, 6.64867605416e-11, 1.0993044669e-10, 4.23286183882e-10, 4.24286772382e-10, 5.03474761882e-10, 3.89712123683e-10, 2.790767617e-10, 1.26382862509e-10, 1.07578758402e-10, 8.76207828515e-10, 4.37154784594e-10, 2.79778061829e-10, 3.73465508519e-10, 7.07319147697e-10, 1.53155743643e-09, 6.92102641864e-09, 6.8561933908e-09, 2.29255880946e-09, -5.20207266153e-10, 1.18670240301e-09, 4.28668239794e-10, 2.85393153554e-09, 1.23268062424e-09, 1.60147849843e-11, 1.32412711438e-12], [1.8206714348e-13, 2.25132343323e-11, 7.5863086646e-11, 1.74053590984e-10, 6.79687361949e-10, 4.62247434774e-10, 5.09884745536e-10, 4.00003669077e-10, 3.02966013388e-10, 1.52461362979e-10, 7.88351883774e-11, 4.37154784594e-10, 1.59752122642e-09, 6.53353038338e-10, 4.08501371618e-10, 7.4188455379e-10, 2.11941841854e-09, 7.35032168464e-09, 1.29841186691e-08, 1.2068225308e-09, -1.17582010795e-09, 1.48539713862e-09, 4.30444208055e-10, 3.26030397124e-10, 1.60280910766e-09, -3.2254490745e-11, 8.98086238623e-13], [1.33039602555e-13, 1.68102597814e-11, 4.35319870429e-11, 9.33393640157e-11, 4.00473626483e-10, 3.44681005959e-10, 2.96066005046e-10, 2.42097619729e-10, 1.7501400329e-10, 1.10192140135e-10, 8.52074938384e-11, 2.79778061829e-10, 6.53353038338e-10, 4.20614376662e-10, 7.56508189426e-10, 6.98684776701e-10, 1.14247977745e-09, 4.27110702361e-09, 1.09324638231e-08, 9.3583647498e-09, 1.98683713926e-09, 1.09945896831e-09, 2.84094359149e-10, 3.22110116358e-10, 2.77607492549e-10, 2.7115343304e-10, 1.09631683072e-12], [1.89553247773e-13, 2.80158569954e-11, 8.27374488366e-11, 1.41492664807e-10, 6.49586107127e-10, 7.59125540206e-10, 5.84232051626e-10, 3.97795213436e-10, 2.81808298919e-10, 2.04659400538e-10, 2.16207857173e-10, 3.73465508519e-10, 4.08501371618e-10, 7.56508189426e-10, 6.24070883859e-09, 3.63750274346e-09, 1.52359380667e-09, 4.71209782305e-09, 4.35353442185e-08, 6.86648320425e-08, 3.91923471454e-09, 2.6020570143e-09, 6.67852717573e-10, 7.39916572456e-10, 5.11253483992e-10, -8.85078642321e-12, 1.91573644968e-12], [3.43110224477e-13, 5.61172913693e-11, 1.56046398025e-10, 2.60193394608e-10, 9.08478070549e-10, 1.06685205115e-09, 1.01603681024e-09, 7.57683860098e-10, 5.15596620954e-10, 3.44895390025e-10, 2.689910239e-10, 7.07319147697e-10, 7.4188455379e-10, 6.98684776701e-10, 3.63750274346e-09, 3.99219857172e-09, 1.31534463321e-08, 1.5779171747e-08, 3.70585766518e-08, 4.06570244138e-08, 4.58505127199e-08, 1.11265858749e-08, 1.10966824618e-09, 1.19131060572e-09, 1.10298559175e-09, 2.57117469676e-11, 4.11211993276e-12], [7.15345914015e-13, 1.05357673974e-10, 3.97301525012e-10, 5.63631141759e-10, 2.04261785264e-09, 2.07383221706e-09, 1.57061585959e-09, 1.40048406205e-09, 1.08286524192e-09, 5.69474911671e-10, 3.74387437718e-10, 1.53155743643e-09, 2.11941841854e-09, 1.14247977745e-09, 1.52359380667e-09, 1.31534463321e-08, 1.66786094269e-07, 1.04968279402e-07, 5.17822833501e-08, 3.44680231024e-08, 5.7557127775e-07, 8.44933651933e-08, 2.24614526978e-09, 2.59328292174e-09, 1.60782309688e-09, -1.83259407649e-10, 4.7225725934e-12], [2.83305128489e-12, 3.7590400237e-10, 1.4655491265e-09, 1.79080750229e-09, 5.88259219114e-09, 7.69632180209e-09, 8.1479072378e-09, 5.01492847249e-09, 3.35185457168e-09, 1.99791450051e-09, 1.04312847249e-09, 6.92102641864e-09, 7.35032168464e-09, 4.27110702361e-09, 4.71209782305e-09, 1.5779171747e-08, 1.04968279402e-07, 6.5074198119e-07, 1.1318459201e-06, 4.29576907379e-08, 3.1027079217e-07, 1.06516800713e-07, 1.2407318728e-08, 1.41578588853e-08, 4.27176649609e-09, -4.65352589796e-10, 1.01575744343e-11], [6.94891193198e-12, 8.20041312632e-10, 2.85176082748e-09, 4.46753745109e-09, 1.36267139794e-08, 1.19839587143e-08, 2.04630357103e-08, 1.00700381367e-08, 7.83756615164e-09, 6.8573871026e-09, 3.56704266125e-09, 6.8561933908e-09, 1.29841186691e-08, 1.09324638231e-08, 4.35353442185e-08, 3.70585766518e-08, 5.17822833501e-08, 1.1318459201e-06, 1.52809097926e-05, 8.67429571372e-06, 8.38977527451e-08, 2.22477893885e-07, 1.53915010515e-07, 5.82800367965e-08, 2.70231765853e-08, -1.45483358693e-09, 3.20572283996e-11], [8.44020166257e-12, 3.56456919537e-10, 7.85995823982e-10, 3.78175579741e-09, 1.2597821808e-07, 3.0220050462e-08, 1.14442748611e-08, 1.29339330357e-08, 6.7951662075e-09, 3.03357183817e-09, 2.92247426259e-09, 2.29255880946e-09, 1.2068225308e-09, 9.3583647498e-09, 6.86648320425e-08, 4.06570244138e-08, 3.44680231024e-08, 4.29576907379e-08, 8.67429571372e-06, 3.81377831218e-05, 4.26802871516e-05, 1.17731552507e-07, 9.52753467232e-08, 1.99281743107e-07, 3.54203137931e-08, 5.4717552711e-10, 5.5436186891e-11], [1.39007165154e-11, 1.51985712904e-09, 3.49231732422e-09, 4.59906290828e-09, 2.2159993307e-07, 5.68628237829e-08, 7.18221526697e-09, 2.04989856201e-08, 2.77358189749e-08, 2.41550401903e-09, 1.51192924847e-09, -5.20207266153e-10, -1.17582010795e-09, 1.98683713926e-09, 3.91923471454e-09, 4.58505127199e-08, 5.7557127775e-07, 3.1027079217e-07, 8.38977527451e-08, 4.26802871516e-05, 8.65033216542e-05, 8.97195332072e-06, 1.32181394719e-08, 2.48092078436e-07, 7.66631842453e-08, 2.68883959542e-09, 9.84895706657e-11], [2.10328737933e-12, 5.37622446561e-10, 1.244303105e-09, 1.37802047551e-09, 3.42842803036e-08, 2.72654130384e-08, 4.8699200228e-09, 4.08433908916e-09, 8.87344508982e-09, 3.90395271666e-09, 1.08324571535e-09, 1.18670240301e-09, 1.48539713862e-09, 1.09945896831e-09, 2.6020570143e-09, 1.11265858749e-08, 8.44933651933e-08, 1.06516800713e-07, 2.22477893885e-07, 1.17731552507e-07, 8.97195332072e-06, 3.09916549668e-06, 2.08195114482e-08, 2.04194705589e-08, 2.42488393809e-08, 8.85561457498e-10, 3.45256254142e-11], [2.77037751463e-13, 4.6619343802e-11, 9.12989267521e-11, 2.30058083694e-10, 2.49500731186e-09, 6.9322392271e-09, 8.90749252136e-10, 4.78455108865e-10, 4.80821549242e-10, 1.74934644548e-09, 8.40250813372e-10, 4.28668239794e-10, 4.30444208055e-10, 2.84094359149e-10, 6.67852717573e-10, 1.10966824618e-09, 2.24614526978e-09, 1.2407318728e-08, 1.53915010515e-07, 9.52753467232e-08, 1.32181394719e-08, 2.08195114482e-08, 3.42720198887e-08, 1.19997896064e-08, 2.21764984154e-09, 2.62660698747e-10, 5.17705626632e-12], [5.38325894278e-13, 6.024757776e-11, 1.65298566501e-10, 2.6659072172e-10, 5.71538949501e-09, 5.62286173178e-09, 2.19974194415e-09, 8.56387016857e-10, 1.0069447498e-09, 4.04732858339e-10, 2.87388068898e-09, 2.85393153554e-09, 3.26030397124e-10, 3.22110116358e-10, 7.39916572456e-10, 1.19131060572e-09, 2.59328292174e-09, 1.41578588853e-08, 5.82800367965e-08, 1.99281743107e-07, 2.48092078436e-07, 2.04194705589e-08, 1.19997896064e-08, 1.36978584919e-07, 7.52536344351e-09, 2.52232706943e-10, 1.31367755216e-11], [4.11741658563e-13, 5.57731048845e-11, 1.98228433668e-10, 4.40287917236e-10, 9.87812498465e-09, 3.52432638628e-09, 1.84256432334e-09, 6.85446088777e-10, 9.2632101989e-10, 6.23995410898e-10, 2.5220531219e-10, 1.23268062424e-09, 1.60280910766e-09, 2.77607492549e-10, 5.11253483992e-10, 1.10298559175e-09, 1.60782309688e-09, 4.27176649609e-09, 2.70231765853e-08, 3.54203137931e-08, 7.66631842453e-08, 2.42488393809e-08, 2.21764984154e-09, 7.52536344351e-09, 8.18405681002e-08, 6.50536902125e-10, 5.88308264951e-12], [5.08022877238e-13, 2.48709906836e-11, 6.52956438918e-11, 3.24016299902e-11, 1.28113064601e-09, 6.54806486811e-10, 1.29384808423e-10, 5.80562854735e-11, 1.86349963238e-10, 2.84072598777e-10, 4.80232416333e-11, 1.60147849843e-11, -3.2254490745e-11, 2.7115343304e-10, -8.85078642321e-12, 2.57117469676e-11, -1.83259407649e-10, -4.65352589796e-10, -1.45483358693e-09, 5.4717552711e-10, 2.68883959542e-09, 8.85561457498e-10, 2.62660698747e-10, 2.52232706943e-10, 6.50536902125e-10, 5.60011503836e-09, 1.19605898536e-12], [5.26995100661e-16, 1.85964308189e-13, 5.10909565522e-13, 1.42557764638e-12, 1.37739333828e-11, 5.15558993067e-12, 1.82965903713e-12, 1.49347363903e-12, 2.00382115415e-12, 2.91204126784e-12, 3.47529166903e-12, 1.32412711438e-12, 8.98086238623e-13, 1.09631683072e-12, 1.91573644968e-12, 4.11211993276e-12, 4.7225725934e-12, 1.01575744343e-11, 3.20572283996e-11, 5.5436186891e-11, 9.84895706657e-11, 3.45256254142e-11, 5.17705626632e-12, 1.31367755216e-11, 5.88308264951e-12, 1.19605898536e-12, 2.79901508872e-13]]
    },
    "mfcc": {
        "kurt": [-1.3864454031, -0.266488552094, -0.0362718105316, 2.23285484314, 0.268387556076, -0.0853309631348, 3.21103858948, 5.68811225891, 3.89649534225, 1.49636507034, -0.592548370361, 1.967648983, 1.1488404274],
        "max": [-654.762207031, 50.1890678406, 29.1712684631, 96.2984542847, 9.82002258301, 9.6299571991, 18.5497303009, 16.3090190887, 34.4330291748, 20.0188140869, 17.0592918396, 25.2161026001, 17.9054279327],
        "mean": [-832.824462891, -10.6223211288, -19.9068450928, 47.4092521667, -23.8789634705, -16.1721172333, -0.884864389896, -13.5170898438, -5.60975694656, -9.27934169769, -8.0083398819, 3.87263774872, -7.35351991653],
        "median": [-842.622680664, -9.05355453491, -22.6740550995, 47.6321182251, -22.474029541, -16.9649620056, -0.929573059082, -13.4556407928, -5.84365463257, -9.06866073608, -7.76193809509, 3.94144248962, -7.0777797699],
        "min": [-1138.42004395, -55.9232978821, -63.2225723267, 8.01086425781e-05, -58.2450866699, -41.1838378906, -43.3519973755, -66.1937408447, -42.3968315125, -49.388092041, -48.1651763916, -40.0166282654, -36.4247817993],
        "skew": [-0.306583791971, 0.121594876051, 0.574258089066, -0.699496209621, 0.0953406766057, 0.327818214893, -0.61393558979, -0.683158099651, 0.343249797821, -0.390606760979, -0.276376396418, -0.678789556026, -0.35177564621],
        "var": [23289.6542969, 382.74987793, 260.920074463, 169.835845947, 134.588180542, 69.8529891968, 47.4742088318, 63.9822998047, 53.6498146057, 68.2706604004, 131.936172485, 75.9580764771, 60.1153831482],
        "cov": [[23338.5820312, 581.794921875, -1838.11694336, -203.092147827, -277.790863037, -576.524902344, -249.81854248, -225.8800354, -363.45022583, -289.47668457, 842.290039062, -373.112854004, -198.998275757], [581.794921875, 383.553955078, 37.8040351868, -133.902633667, 137.811141968, 40.628490448, 15.2139377594, 32.6350402832, 1.59693169594, 8.06622695923, 116.789466858, -70.0755157471, 5.15147304535], [-1838.11694336, 37.8040351868, 261.468231201, -4.33153343201, 41.7149925232, 51.4424362183, 14.5464143753, 23.467048645, 37.4624252319, 21.4953079224, -69.3161468506, 1.17525100708, 12.3448934555], [-203.092147827, -133.902633667, -4.33153343201, 170.192642212, -53.4344139099, -14.0559844971, 4.20146512985, -34.6171035767, 1.57052659988, -18.186750412, -56.2953071594, 29.8188781738, -17.6698074341], [-277.790863037, 137.811141968, 41.7149925232, -53.4344139099, 134.870925903, 47.3975219727, 18.0909671783, 32.3719215393, 2.13428092003, 21.7385311127, 46.7149009705, -20.5282096863, 23.0870704651], [-576.524902344, 40.628490448, 51.4424362183, -14.0559844971, 47.3975219727, 69.9997406006, 23.5850448608, 12.6780567169, 20.3359088898, 11.4524068832, -7.29607439041, -11.2321481705, -0.687887072563], [-249.81854248, 15.2139377594, 14.5464143753, 4.20146512985, 18.0909671783, 23.5850448608, 47.5739440918, 11.312962532, 3.59400653839, 0.820092022419, -0.334411978722, 6.04923725128, -1.58661222458], [-225.8800354, 32.6350402832, 23.467048645, -34.6171035767, 32.3719215393, 12.6780567169, 11.312962532, 64.1167144775, 16.8160114288, 6.86052131653, 13.4245681763, -6.05803585052, 5.59246873856], [-363.45022583, 1.59693169594, 37.4624252319, 1.57052659988, 2.13428092003, 20.3359088898, 3.59400653839, 16.8160114288, 53.7625236511, 17.532831192, -8.90969085693, 1.32735455036, -2.11068153381], [-289.47668457, 8.06622695923, 21.4953079224, -18.186750412, 21.7385311127, 11.4524068832, 0.820092022419, 6.86052131653, 17.532831192, 68.4140853882, 17.0672035217, -6.50196361542, 9.81614494324], [842.290039062, 116.789466858, -69.3161468506, -56.2953071594, 46.7149009705, -7.29607439041, -0.334411978722, 13.4245681763, -8.90969085693, 17.0672035217, 132.213348389, -8.76701641083, -5.89617490768], [-373.112854004, -70.0755157471, 1.17525100708, 29.8188781738, -20.5282096863, -11.2321481705, 6.04923725128, -6.05803585052, 1.32735455036, -6.50196361542, -8.76701641083, 76.1176528931, 19.4006175995], [-198.998275757, 5.15147304535, 12.3448934555, -17.6698074341, 23.0870704651, -0.687887072563, -1.58661222458, 5.59246873856, -2.11068153381, 9.81614494324, -5.89617490768, 19.4006175995, 60.2416763306]]
    },
    "sccoeffs": {
        "kurt": [-0.197854280472, 0.267736196518, 0.194279909134, 4.12170886993, 27.9806098938, 20.3911590576],
        "max": [-0.534005999565, -0.650214672089, -0.697466850281, -0.592893004417, -0.353696703911, -0.446053951979],
        "mean": [-0.767130672932, -0.83538454771, -0.85923153162, -0.850712001324, -0.809507012367, -0.787197291851],
        "median": [-0.772090256214, -0.840572476387, -0.863353252411, -0.851199686527, -0.802897751331, -0.784556388855],
        "min": [-0.955694019794, -0.939284145832, -0.939404964447, -0.942827284336, -0.921863555908, -0.933811903],
        "skew": [0.35265815258, 0.481964468956, 0.512947380543, 0.800859451294, 3.16713666916, 2.46005988121],
        "var": [0.00530390348285, 0.00182120501995, 0.00161653768737, 0.00143468065653, 0.0021581184119, 0.00144118478056],
        "cov": [[0.0053150462918, 0.00105425191578, 0.00128316518385, 0.00168920529541, 0.00176465243567, 0.00138372578658], [0.00105425191578, 0.00182503112592, 0.000568526156712, 0.000668204738759, 0.000599042570684, 0.000507944612764], [0.00128316518385, 0.000568526156712, 0.00161993375514, 0.000642636732664, 0.000719397736248, 0.000584480003454], [0.00168920529541, 0.000668204738759, 0.000642636732664, 0.00143769476563, 0.000979575444944, 0.000586240319535], [0.00176465243567, 0.000599042570684, 0.000719397736248, 0.000979575444944, 0.00216265232302, 0.00104521261528], [0.00138372578658, 0.000507944612764, 0.000584480003454, 0.000586240319535, 0.00104521261528, 0.00144421251025]]
    },
    "scvalleys": {
        "kurt": [-1.12514996529, -0.979016542435, -0.470729827881, -0.541295289993, 1.67420148849, 2.62816476822],
        "max": [-6.926841259, -5.93004655838, -6.10529184341, -6.63634204865, -5.86414813995, -6.91763973236],
        "mean": [-9.1657743454, -8.31597805023, -8.83053588867, -8.88161563873, -7.76741504669, -9.11221218109],
        "median": [-9.62633323669, -8.59665203094, -8.96037387848, -9.04400157928, -7.64318609238, -8.87346172333],
        "min": [-13.6883840561, -14.7048492432, -15.8147010803, -16.2888202667, -16.5204906464, -17.6959018707],
        "skew": [0.0583130680025, -0.273033291101, -0.441721558571, -0.432185560465, -1.0987225771, -1.45566856861],
        "var": [1.35420751572, 2.48800563812, 2.3282752037, 2.83387970924, 2.59887385368, 2.99777460098],
        "cov": [[1.35705244541, 1.67035400867, 1.5946315527, 1.77375078201, 1.58200144768, 1.6093120575], [1.67035400867, 2.49323248863, 2.31342029572, 2.55983352661, 2.3792746067, 2.46579289436], [1.5946315527, 2.31342029572, 2.33316659927, 2.50583195686, 2.34147071838, 2.43766999245], [1.77375078201, 2.55983352661, 2.50583195686, 2.83983325958, 2.63302016258, 2.75024986267], [1.58200144768, 2.3792746067, 2.34147071838, 2.63302016258, 2.60433363914, 2.75554776192], [1.6093120575, 2.46579289436, 2.43766999245, 2.75024986267, 2.75554776192, 3.00407242775]]
    }
},
"rhythm": {
    "beats_loudness": {
        "kurt": 18.1805915833,
        "max": 0.0466605201364,
        "mean": 0.00373382261023,
        "median": 0.000453564251075,
        "min": 5.04890886077e-06,
        "skew": 4.33422851562,
        "var": 7.85514348536e-05
    },
    "bpm": 172.265640259,
    "confidence": 1.48094534874,
    "first_peak_bpm": {
        "kurt": 0,
        "max": 172,
        "mean": 172,
        "median": 172,
        "min": 172,
        "skew": 0,
        "var": 0
    },
    "first_peak_spread": {
        "kurt": 0,
        "max": 0,
        "mean": 0,
        "median": 0,
        "min": 0,
        "skew": 0,
        "var": 0
    },
    "first_peak_weight": {
        "kurt": 0,
        "max": 0.40000000596,
        "mean": 0.40000000596,
        "median": 0.40000000596,
        "min": 0.40000000596,
        "skew": 0,
        "var": 0
    },
    "onset_rate": 0.996577441692,
    "second_peak_bpm": {
        "kurt": 0,
        "max": 167,
        "mean": 167,
        "median": 167,
        "min": 167,
        "skew": 0,
        "var": 0
    },
    "second_peak_spread": {
        "kurt": 0,
        "max": 0,
        "mean": 0,
        "median": 0,
        "min": 0,
        "skew": 0,
        "var": 0
    },
    "second_peak_weight": {
        "kurt": 0,
        "max": 0.159999996424,
        "mean": 0.159999996424,
        "median": 0.159999996424,
        "min": 0.159999996424,
        "skew": 0,
        "var": 0
    },
    "beats_loudness_band_ratio": {
        "kurt": [0.955529928207, -0.641823768616, -0.43140745163, -0.348305940628, 0.76435303688, -0.386853218079],
        "max": [0.0197977144271, 0.0283416770399, 0.0442507900298, 0.0398089513183, 0.653584063053, 0.934413135052],
        "mean": [0.00546328397468, 0.0124707873911, 0.0163053795695, 0.0147605156526, 0.183649852872, 0.779478430748],
        "median": [0.00404936820269, 0.0112483706325, 0.0106563204899, 0.0121090970933, 0.0965202003717, 0.85697966814],
        "min": [0.000321664119838, 0.00111501023639, 0.000624990672804, 0.000665797211695, 0.0393381230533, 0.385736584663],
        "skew": [1.25700342655, 0.431513547897, 0.86526620388, 0.682312965393, 1.30285692215, -0.989861607552],
        "var": [2.61570985458e-05, 5.24966490048e-05, 0.000150059582666, 0.000105589577288, 0.0257384255528, 0.0258481707424],
        "cov": [[2.72033830697e-05, 2.14054944081e-05, 1.95297070604e-05, 2.01432376343e-05, -0.000113239249913, 1.76060566446e-05], [2.14054944081e-05, 5.45965122001e-05, 1.69432678376e-05, 6.92612093189e-06, -0.000124143669382, -1.87763325812e-05], [1.95297070604e-05, 1.69432678376e-05, 0.000156061971211, 7.02213947079e-05, 0.000429464795161, -0.000663882296067], [2.01432376343e-05, 6.92612093189e-06, 7.02213947079e-05, 0.000109813154268, 0.000725151738152, -0.000877671001945], [-0.000113239249913, -0.000124143669382, 0.000429464795161, 0.000725151738152, 0.0267679616809, -0.026284666732], [1.76060566446e-05, -1.87763325812e-05, -0.000663882296067, -0.000877671001945, -0.026284666732, 0.0268820971251]]
    },
    "beats_position": [0.510838985443, 1.04489791393, 1.57895684242, 2.08979582787, 2.60063481331, 3.04181408882, 3.50621318817, 3.97061228752, 4.41179132462, 4.76009082794, 5.11999988556, 5.4915189743, 5.85142850876, 6.19972801208, 6.54802703857, 6.90793657303, 7.26784563065, 7.61614513397, 7.96444416046, 8.31274318695, 8.66104316711, 9.0093421936, 9.35764122009, 9.72916126251, 10.1006803513, 10.4489793777],
    "bpm_estimates": [172.265533447, 172.265533447, 172.265777588, 172.265533447, 172.265777588, 172.265777588, 172.265304565, 172.265777588, 172.265777588, 172.265777588],
    "bpm_intervals": [0.53405892849, 0.53405892849, 0.510838985443, 0.510838985443, 0.441179275513, 0.46439909935, 0.46439909935, 0.441179037094, 0.348299503326, 0.359909057617, 0.371519088745, 0.359909534454, 0.348299503326, 0.348299026489, 0.359909534454, 0.359909057617, 0.348299503326, 0.348299026489, 0.348299026489, 0.348299980164, 0.348299026489, 0.348299026489, 0.371520042419, 0.371519088745, 0.348299026489],
    "onset_times": [0.406349211931, 6.3622674942, 7.14013624191, 7.33750581741, 7.91800451279, 8.01088428497, 8.62621307373, 8.70748329163, 8.78875255585, 9.0906124115, 10.1239004135],
    "histogram": [[0, 0, 0, 0, 0, 0, 0, 0, 0, 0, 0, 0, 0, 0, 0, 0, 0, 0, 0, 0, 0, 0, 0, 0, 0, 0, 0, 0, 0, 0, 0, 0, 0, 0, 0, 0, 0, 0, 0, 0, 0, 0, 0, 0, 0, 0, 0, 0, 0, 0, 0, 0, 0, 0, 0, 0, 0, 0, 0, 0, 0, 0, 0, 0, 0, 0, 0, 0, 0, 0, 0, 0, 0, 0, 0, 0, 0, 0, 0, 0, 0, 0, 0, 0, 0, 0, 0, 0, 0, 0, 0, 0, 0, 0, 0, 0, 0, 0, 0, 0, 0, 0, 0, 0, 0, 0, 0, 0, 0, 0, 0, 0, 0.0799999982119, 0, 0, 0, 0, 0.0799999982119, 0, 0, 0, 0, 0, 0, 0, 0, 0, 0, 0, 0.0799999982119, 0, 0, 0, 0, 0, 0, 0.0799999982119, 0, 0, 0, 0, 0, 0, 0, 0, 0, 0, 0, 0, 0, 0, 0, 0, 0, 0, 0, 0, 0, 0, 0, 0, 0.119999997318, 0, 0, 0, 0, 0, 0.159999996424, 0, 0, 0, 0, 0.40000000596, 0, 0, 0, 0, 0, 0, 0, 0, 0, 0, 0, 0, 0, 0, 0, 0, 0, 0, 0, 0, 0, 0, 0, 0, 0, 0, 0, 0, 0, 0, 0, 0, 0, 0, 0, 0, 0, 0, 0, 0, 0, 0, 0, 0, 0, 0, 0, 0, 0, 0, 0, 0, 0, 0, 0, 0, 0, 0, 0, 0, 0, 0, 0, 0, 0, 0, 0, 0, 0, 0, 0, 0, 0, 0, 0, 0, 0]]
},
"sfx": {
    "inharmonicity": {
        "kurt": 9.94546604156,
        "max": 0.448462992907,
        "mean": 0.0296981092542,
        "median": 0,
        "min": 0,
        "skew": 3.2114238739,
        "var": 0.00696842977777
    },
    "oddtoevenharmonicenergyratio": {
        "kurt": 49.8859329224,
        "max": 31.9093647003,
        "mean": 0.677631735802,
        "median": 0,
        "min": 0,
        "skew": 6.76962471008,
        "var": 11.2920951843
    },
    "pitch_after_max_to_before_max_energy_ratio": 31.6133537292,
    "pitch_centroid": 258.971710205,
    "pitch_max_to_total": 0.0587002113461,
    "pitch_min_to_total": 0.0314465425909,
    "tristimulus": {
        "kurt": [1.016746521, 13.158575058, 3.87341594696],
        "max": [1, 0.97077947855, 0.946042716503],
        "mean": [0.835976839066, 0.0623471699655, 0.101676009595],
        "median": [1, 0, 0],
        "min": [0, 0, 0],
        "skew": [-1.71246242523, 3.67061686516, 2.36014389992],
        "var": [0.122444793582, 0.0350685566664, 0.0671371519566],
        "cov": [[0.122702032328, -0.0452829860151, -0.0774190723896], [-0.0452829860151, 0.0351422280073, 0.0101403789595], [-0.0774190723896, 0.0101403789595, 0.0672781988978]]
    }
},
"tonal": {
    "chords_changes_rate": 0.0585774071515,
    "chords_number_rate": 0.0251046027988,
    "chords_strength": {
        "kurt": -0.171642303467,
        "max": 0.758342206478,
        "mean": 0.580004870892,
        "median": 0.585635840893,
        "min": 0.413020223379,
        "skew": 0.0142104318365,
        "var": 0.00522656273097
    },
    "key_strength": 0.555305123329,
    "tuning_diatonic_strength": 0.647072255611,
    "tuning_equal_tempered_deviation": 0.251598328352,
    "tuning_frequency": 433.691802979,
    "tuning_nontempered_energy_ratio": 0.89239525795,
    "hpcp": {
        "kurt": [8.44339084625, 3.15086269379, 4.78679800034, 2.87092065811, 1.53053998947, 0.232491731644, -0.656624794006, -1.39278805256, -1.64578211308, -1.39436757565, -0.942371606827, -0.110988140106, -0.0493702888489, 0.0496845245361, -0.00582551956177, -0.305802822113, -0.431372880936, -0.532997369766, -0.294420719147, 1.63042163849, 22.8892745972, 39.3164367676, 37.1607666016, 20.2091503143, 35.4507904053, 38.2885284424, 22.6632232666, 18.822259903, 18.7166614532, 8.46217918396, 1.17588996887, -0.224989175797, -0.228885650635, 1.44250679016, 5.78370380402, 8.06023311615],
        "max": [1, 0.781855642796, 1, 1, 1, 1, 1, 1, 1, 1, 0.976465702057, 1, 1, 1, 1, 1, 1, 1, 1, 0.984936654568, 1, 1, 0.788643121719, 0.651633024216, 1, 1, 0.980864286423, 1, 1, 1, 1, 1, 1, 1, 1, 1],
