{
"metadata": {
    "version": {
        "essentia": "2.1-beta3"
    }
},
"lowLevel": {
    "average_loudness": 0.90123128891,
    "barkbands_kurtosis": {
        "kurt": 14.6236515045,
        "max": 39.179309845,
        "mean": 4.82272195816,
        "median": 3.54769253731,
        "min": -1.71933627129,
        "skew": 2.76364898682,
        "var": 17.5177268982
    },
    "barkbands_skewness": {
        "kurt": 9.9331445694,
        "max": 2.57131576538,
        "mean": -1.26913738251,
        "median": -1.29176855087,
        "min": -2.78159451485,
        "skew": 2.40291690826,
        "var": 0.505782425404
    },
    "barkbands_spread": {
        "kurt": 16.9977016449,
        "max": 57.9564781189,
        "mean": 8.85929107666,
        "median": 8.08723449707,
        "min": 0.914977252483,
        "skew": 3.75347423553,
        "var": 59.2179450989
    },
    "dissonance": {
        "kurt": 17.9846401215,
        "max": 0.49999499321,
        "mean": 0.496157497168,
        "median": 0.49786517024,
        "min": 0.45962113142,
        "skew": -3.71163535118,
        "var": 2.72964207397e-05
    },
    "hfc": {
        "kurt": 2.77588891983,
        "max": 296.585174561,
        "mean": 59.547870636,
        "median": 71.430305481,
        "min": 1.58574238185e-07,
        "skew": 0.855020165443,
        "var": 2083.78881836
    },
    "pitch": {
        "kurt": 6.68373584747,
        "max": 4328.39013672,
        "mean": 3384.0847168,
        "median": 3659.09472656,
        "min": 94.150642395,
        "skew": -2.81639552116,
        "var": 780361.75
    },
    "pitch_instantaneous_confidence": {
        "kurt": 0.300035715103,
        "max": 0.864879906178,
        "mean": 0.483358979225,
        "median": 0.469770610332,
        "min": 0.145169556141,
        "skew": 0.325911194086,
        "var": 0.0172903817147
    },
    "pitch_salience": {
        "kurt": 5.09552574158,
        "max": 0.946671247482,
        "mean": 0.714439630508,
        "median": 0.73123216629,
        "min": 0.341802448034,
        "skew": -1.64204144478,
        "var": 0.00590171897784
    },
    "silence_rate_20dB": {
        "kurt": 0,
        "max": 1,
        "mean": 1,
        "median": 1,
        "min": 1,
        "skew": 0,
        "var": 0
    },
    "silence_rate_30dB": {
        "kurt": 0,
        "max": 1,
        "mean": 1,
        "median": 1,
        "min": 1,
        "skew": 0,
        "var": 0
    },
    "silence_rate_60dB": {
        "kurt": -0.337287425995,
        "max": 1,
        "mean": 0.229064032435,
        "median": 0,
        "min": 0,
        "skew": 1.2894616127,
        "var": 0.176593825221
    },
    "spectral_centroid": {
        "kurt": 13.9809684753,
        "max": 5118.72412109,
        "mean": 3609.03222656,
        "median": 3749.66186523,
        "min": 408.474853516,
        "skew": -3.52250599861,
        "var": 388173.09375
    },
    "spectral_complexity": {
        "kurt": -1.24982094765,
        "max": 56,
        "mean": 30.4852218628,
        "median": 40,
        "min": 0,
        "skew": -0.539284646511,
        "var": 324.077575684
    },
    "spectral_crest": {
        "kurt": 1.45680189133,
        "max": 19.9595375061,
        "mean": 8.58356571198,
        "median": 7.79463815689,
        "min": 3.59112048149,
        "skew": 1.28918659687,
        "var": 9.72362518311
    },
    "spectral_decrease": {
        "kurt": 3.51504850388,
        "max": -5.37608933034e-17,
        "mean": -2.69938760233e-09,
        "median": -3.22339177572e-09,
        "min": -1.37618192397e-08,
        "skew": -0.949720442295,
        "var": 4.22346592087e-18
    },
    "spectral_energy": {
        "kurt": 3.26040935516,
        "max": 0.0783994868398,
        "mean": 0.0155892567709,
        "median": 0.0190141238272,
        "min": 2.17289006232e-10,
        "skew": 0.914123654366,
        "var": 0.00014121530694
    },
    "spectral_energyband_high": {
        "kurt": -1.48553073406,
        "max": 0.0124401031062,
        "mean": 0.00468592345715,
        "median": 0.00581825478002,
        "min": 1.83729559344e-11,
        "skew": -0.142757713795,
        "var": 1.18152802315e-05
    },
    "spectral_energyband_low": {
        "kurt": 4.65734577179,
        "max": 1.82294672868e-06,
        "mean": 3.02652097162e-07,
        "median": 2.053407826e-07,
        "min": 1.66142252733e-10,
        "skew": 1.99232673645,
        "var": 9.27703077661e-14
    },
    "spectral_energyband_middle_high": {
        "kurt": 9.45204162598,
        "max": 0.0703697353601,
        "mean": 0.0107543151826,
        "median": 0.0121417269111,
        "min": 1.12987319154e-11,
        "skew": 1.94555532932,
        "var": 8.1655831309e-05
    },
    "spectral_energyband_middle_low": {
        "kurt": 0.372813940048,
        "max": 0.00109561113641,
        "mean": 0.000233639453654,
        "median": 0.000231682060985,
        "min": 2.45094170653e-11,
        "skew": 0.705779910088,
        "var": 4.1125268524e-08
    },
    "spectral_flatness_db": {
        "kurt": 1.8613319397,
        "max": 0.346638858318,
        "mean": 0.205368712544,
        "median": 0.199829161167,
        "min": 0.076075039804,
        "skew": -0.269471436739,
        "var": 0.00147879926953
    },
    "spectral_flux": {
        "kurt": -0.153359174728,
        "max": 0.191460996866,
        "mean": 0.0724007114768,
        "median": 0.0862959772348,
        "min": 4.3307805754e-05,
        "skew": -0.417773038149,
        "var": 0.00136671541259
    },
    "spectral_kurtosis": {
        "kurt": 13.9192123413,
        "max": 11.0851268768,
        "mean": 2.48582315445,
        "median": 2.04686236382,
        "min": 1.00325489044,
        "skew": 2.61959981918,
        "var": 1.30601918697
    },
    "spectral_rms": {
        "kurt": -0.582472085953,
        "max": 0.00874570198357,
        "mean": 0.00345072639175,
        "median": 0.00430701300502,
        "min": 4.60422938886e-07,
        "skew": -0.462450444698,
        "var": 3.30152124661e-06
    },
    "spectral_rolloff": {
        "kurt": 5.23815345764,
        "max": 7235.15625,
        "mean": 4830.28222656,
        "median": 5017.23632812,
        "min": 344.53125,
        "skew": -1.51735901833,
        "var": 1022073.75
    },
    "spectral_skewness": {
        "kurt": 0.680912017822,
        "max": 2.43922066689,
        "mean": 1.34625196457,
        "median": 1.24774217606,
        "min": 0.546955049038,
        "skew": 0.945616424084,
        "var": 0.0577299594879
    },
    "spectral_spread": {
        "kurt": 30.724281311,
        "max": 17136542,
        "mean": 6780682,
        "median": 6981100,
        "min": 2929690,
        "skew": 2.49825930595,
        "var": 947837796352
    },
    "spectral_strongpeak": {
        "kurt": 4.41200494766,
        "max": 32.1124038696,
        "mean": 5.10847139359,
        "median": 4.01013755798,
        "min": 1.97463123186e-05,
        "skew": 1.66399383545,
        "var": 21.8128852844
    },
    "zerocrossingrate": {
        "kurt": 9.24451541901,
        "max": 0.28564453125,
        "mean": 0.174401789904,
        "median": 0.181396484375,
        "min": 0.04345703125,
        "skew": -2.47173643112,
        "var": 0.000732998829335
    },
    "barkbands": {
        "kurt": [18.3684482574, 1.40407466888, 15.6968917847, 6.88188457489, 5.23421859741, -0.838041067123, 1.92741775513, 1.90541553497, 3.1117773056, 0.347603082657, 0.751927137375, 0.991616487503, 1.07725858688, 0.866177797318, 0.693906784058, -0.24521446228, 2.95581769943, 10.2790088654, 46.0765991211, 25.4158344269, -0.584082603455, 4.74821472168, -0.0214533805847, -1.44779539108, -1.13271868229, 0.641984701157, -1.16301178932],
        "max": [2.05093382277e-08, 1.6080558396e-07, 1.17225590657e-06, 4.36817026639e-06, 3.17945850838e-05, 0.000179034366738, 5.63176472497e-05, 0.000108706444735, 0.000682438781951, 0.00110815814696, 0.00053217553068, 0.000798536057118, 0.00083095318405, 0.00186199939344, 0.0016989359865, 0.00223920121789, 0.00462628761306, 0.0119659081101, 0.0579563081264, 0.0343931019306, 0.00534414825961, 0.00506123853847, 0.00613443087786, 0.000439801486209, 0.000230344056035, 6.17481491645e-05, 1.66647126321e-07],
        "mean": [1.73016390104e-09, 3.9399978391e-08, 1.02840338911e-07, 4.82210225528e-07, 4.80397375213e-06, 4.51318446721e-05, 9.29293037188e-06, 1.70976163645e-05, 0.000103763610241, 0.000244399474468, 0.000101098296, 0.000140790536534, 0.000157681613928, 0.000326658366248, 0.000352404313162, 0.000527280382812, 0.000813607592136, 0.00159269792493, 0.0040542986244, 0.00337873841636, 0.00144347921014, 0.000905854860321, 0.00112987461034, 0.000144500052556, 8.10715500847e-05, 1.4067556549e-05, 6.20577793597e-08],
        "median": [9.22672493964e-10, 2.95091897584e-08, 5.9752579773e-08, 2.57783369761e-07, 3.58642591891e-06, 2.58007130469e-05, 7.1472268246e-06, 1.37718161568e-05, 8.52913071867e-05, 0.000151138461661, 7.72307903389e-05, 9.18677760637e-05, 0.000114100039355, 0.000271557510132, 0.000280080828816, 0.000416441063862, 0.000583156244829, 0.0014224650804, 0.00345225306228, 0.00281129218638, 0.00155593664385, 0.000926445936784, 0.000817556167021, 0.000141021650052, 9.0349742095e-05, 1.20695476653e-05, 6.83907686039e-08],
        "min": [7.86815057552e-12, 1.4181578134e-10, 1.2915199292e-11, 1.01553860807e-11, 7.62318853875e-12, 4.41318813091e-12, 2.60234921719e-13, 1.03821964047e-12, 6.67158385828e-13, 1.02264984675e-12, 3.92601885247e-13, 2.35610982764e-13, 3.58896424949e-13, 6.04763960264e-13, 4.91474320009e-13, 1.85462512318e-13, 7.51105449538e-13, 6.88627540407e-13, 2.91203974996e-12, 6.93313332092e-12, 6.50000886449e-12, 3.65598263469e-12, 1.93497149727e-12, 1.29645925072e-12, 1.59152931719e-12, 1.53605128833e-13, 3.53215009053e-14],
        "skew": [3.8074464798, 1.30952560902, 3.03902411461, 2.1748790741, 1.97093605995, 0.62853038311, 1.27726840973, 1.21024572849, 1.36911010742, 1.03739881516, 1.04595184326, 1.16031038761, 1.13523340225, 1.02160286903, 1.00429046154, 0.752840101719, 1.64147567749, 2.06775093079, 5.75181341171, 3.61543750763, 0.319597452879, 1.56159806252, 0.735367298126, 0.162339866161, 0.101705357432, 1.02607488632, 0.0808864161372],
        "var": [6.20580012295e-18, 1.01689312285e-15, 1.55395919114e-14, 3.43184600746e-13, 2.71090320331e-11, 2.1428592234e-09, 9.0346743975e-11, 2.92344343178e-10, 1.04899200437e-08, 6.63009700475e-08, 1.06976356662e-08, 2.38627873017e-08, 2.773020924e-08, 1.12745588865e-07, 1.22752084053e-07, 2.27969536581e-07, 7.14698728643e-07, 2.02313049158e-06, 2.7625619623e-05, 1.31224860525e-05, 1.23837185129e-06, 6.69089843086e-07, 1.31007493565e-06, 1.43276439601e-08, 3.63810204185e-09, 1.71682598693e-10, 2.02747034453e-15],
        "cov": [[6.22112281662e-18, 2.63114175278e-17, -4.67540018444e-17, -2.69322384151e-16, -2.63639788338e-15, -2.56903043082e-14, -5.07510759424e-15, -9.10869500621e-15, -6.08218580752e-14, -1.37527603238e-13, -5.42161191701e-14, -7.99940219317e-14, -9.02516044754e-14, -1.84857730794e-13, -2.02175122889e-13, -2.86205141618e-13, -4.63616992019e-13, -7.87404050382e-13, -2.41023910899e-12, -1.9930691212e-12, -8.27241866588e-13, -5.18454799491e-13, -5.79754289281e-13, -8.06487445186e-14, -4.55563050391e-14, -8.44548430213e-15, -3.47340219877e-17], [2.63114175278e-17, 1.01940394026e-15, 6.42274802475e-16, 1.25861589132e-15, 1.03704767891e-14, 2.16148699959e-13, 2.63769380144e-14, -6.70539106079e-15, 1.6448797077e-13, 8.24305033953e-13, 3.41902423257e-13, 7.24742856874e-13, 5.14773933116e-13, 1.30438737068e-12, 1.17122869563e-12, 2.8012700666e-12, 1.86174730146e-12, 6.77563094607e-13, -3.83056043482e-12, 5.70017600829e-12, 3.47321542186e-12, 7.42467177149e-13, 2.79684565438e-12, 4.71526843179e-13, 2.04296865883e-13, 3.15835546735e-14, 1.75502037063e-16], [-4.67540018444e-17, 6.42274802475e-16, 1.55779608099e-14, 2.58779915628e-14, 9.37878111762e-14, 2.26840508183e-12, 3.2538772024e-13, 4.51235186369e-13, 4.10502317902e-12, 1.04977831983e-11, 3.95785097404e-12, 6.52081904098e-12, 6.86879893241e-12, 1.60604793353e-11, 1.52169561674e-11, 2.25135049492e-11, 3.39448330555e-11, 4.64358412833e-11, 1.25055091282e-10, 1.25260204986e-10, 5.33027441629e-11, 2.77291158784e-11, 4.52775282545e-11, 6.35577744948e-12, 3.02248785895e-12, 5.45378954671e-13, 2.38470394893e-15], [-2.69322384151e-16, 1.25861589132e-15, 2.58779915628e-14, 3.44031958954e-13, 5.02132786306e-13, 8.9702750436e-12, 1.69755008661e-12, 1.84702643805e-12, 1.70262866306e-11, 4.51302675786e-11, 1.79330612859e-11, 3.15848944221e-11, 3.23647948719e-11, 6.73996067291e-11, 7.21461501652e-11, 9.22737442011e-11, 1.77498904463e-10, 2.36168307133e-10, 6.32284502533e-10, 4.8267156938e-10, 2.29739102742e-10, 1.25764135217e-10, 2.17479090292e-10, 2.90743783216e-11, 1.42042965931e-11, 2.58937424454e-12, 1.04827484651e-14], [-2.63639788338e-15, 1.03704767891e-14, 9.37878111762e-14, 5.02132786306e-13, 2.71759680731e-11, 4.68623334582e-11, 1.12901051355e-11, 2.25459685643e-11, 1.02480142428e-10, 2.52374288134e-10, 1.06022239599e-10, 1.68298375236e-10, 1.44918937961e-10, 3.3405769817e-10, 3.67657404521e-10, 4.60383647871e-10, 5.55454793272e-10, 2.56101895246e-09, 3.30540839144e-09, 3.46339912305e-09, 2.85415469037e-09, 1.56278090468e-09, 8.56673398886e-10, 1.4795027703e-10, 9.72085120732e-11, 1.47163531361e-11, 7.55663096658e-14], [-2.56903043082e-14, 2.16148699959e-13, 2.26840508183e-12, 8.9702750436e-12, 4.68623334582e-11, 2.14815010224e-09, 3.12237569133e-10, 4.00327326844e-10, 2.82483081371e-09, 8.69522587266e-09, 3.26716631527e-09, 5.15420239822e-09, 5.31211830079e-09, 1.13578577654e-08, 1.16503082737e-08, 1.69115281778e-08, 2.20260307771e-08, 3.40518013786e-08, 4.27463504593e-08, 8.58507362977e-08, 3.61148870809e-08, 1.86788255974e-08, 3.65470391728e-08, 4.7072186149e-09, 2.238365715e-09, 4.26615159865e-10, 1.68716581504e-12], [-5.07510759424e-15, 2.63769380144e-14, 3.2538772024e-13, 1.69755008661e-12, 1.12901051355e-11, 3.12237569133e-10, 9.05698224751e-11, 8.0679678216e-11, 4.80360251576e-10, 1.47349821233e-09, 5.58637358594e-10, 7.92558685347e-10, 9.62282142858e-10, 1.95268023973e-09, 2.04736583242e-09, 2.96658231314e-09, 3.89456955574e-09, 5.7894351535e-09, 1.00583639195e-08, 1.49401255811e-08, 6.74326416927e-09, 3.42085693106e-09, 6.71392319518e-09, 8.22229395681e-10, 4.05106032053e-10, 8.13793893384e-11, 3.00358343882e-13], [-9.10869500621e-15, -6.70539106079e-15, 4.51235186369e-13, 1.84702643805e-12, 2.25459685643e-11, 4.00327326844e-10, 8.0679678216e-11, 2.93066182433e-10, 8.83156048292e-10, 2.03189221004e-09, 8.28823232268e-10, 1.41588951674e-09, 1.57918034205e-09, 2.96435542779e-09, 3.05340175366e-09, 4.04949185295e-09, 4.61696636478e-09, 1.11167040018e-08, 2.49142040332e-08, 2.59477381803e-08, 1.15317293492e-08, 7.10274106197e-09, 9.98712756939e-09, 1.25299115528e-09, 6.54421017376e-10, 1.20560672556e-10, 4.61965968951e-13], [-6.08218580752e-14, 1.6448797077e-13, 4.10502317902e-12, 1.70262866306e-11, 1.02480142428e-10, 2.82483081371e-09, 4.80360251576e-10, 8.83156048292e-10, 1.05158211028e-08, 1.38312170606e-08, 5.91449511589e-09, 8.17028045219e-09, 8.16235878887e-09, 2.00426697461e-08, 2.09290647035e-08, 2.70983999684e-08, 3.50278988037e-08, 5.54558674537e-08, 1.79018158519e-07, 1.47624518831e-07, 6.23934113264e-08, 4.35455902448e-08, 7.15198495982e-08, 8.02068989003e-09, 4.02998301396e-09, 7.17762682623e-10, 3.05995419975e-12], [-1.37527603238e-13, 8.24305033953e-13, 1.04977831983e-11, 4.51302675786e-11, 2.52374288134e-10, 8.69522587266e-09, 1.47349821233e-09, 2.03189221004e-09, 1.38312170606e-08, 6.64646719883e-08, 1.76419767683e-08, 2.42709798925e-08, 2.78888645511e-08, 5.6089472622e-08, 6.23865190619e-08, 8.87057680643e-08, 1.03046673416e-07, 1.66904740695e-07, 2.82914982108e-07, 4.24012199574e-07, 1.76295301912e-07, 9.64204929232e-08, 1.84280281701e-07, 2.32673897926e-08, 1.13375264732e-08, 2.29920238404e-09, 8.49864970065e-12], [-5.42161191701e-14, 3.41902423257e-13, 3.95785097404e-12, 1.79330612859e-11, 1.06022239599e-10, 3.26716631527e-09, 5.58637358594e-10, 8.28823232268e-10, 5.91449511589e-09, 1.76419767683e-08, 1.07240492042e-08, 9.74593383773e-09, 1.10012408072e-08, 2.20288800534e-08, 2.3920170733e-08, 3.41577788276e-08, 3.56800775592e-08, 6.85371119857e-08, 1.40178968877e-07, 1.67831430531e-07, 7.32273051085e-08, 4.44639525199e-08, 7.14722858675e-08, 9.05593733336e-09, 4.52165638265e-09, 8.42143743629e-10, 3.37633133257e-12], [-7.99940219317e-14, 7.24742856874e-13, 6.52081904098e-12, 3.15848944221e-11, 1.68298375236e-10, 5.15420239822e-09, 7.92558685347e-10, 1.41588951674e-09, 8.17028045219e-09, 2.42709798925e-08, 9.74593383773e-09, 2.39217072817e-08, 1.72149672295e-08, 3.59478988798e-08, 3.58422518332e-08, 5.01323533797e-08, 6.24300682261e-08, 1.06532134225e-07, 1.97869383101e-07, 2.68931643177e-07, 1.11749457687e-07, 5.9172350575e-08, 1.12179492362e-07, 1.42537963654e-08, 6.81185863272e-09, 1.31513633317e-09, 4.84952833099e-12], [-9.02516044754e-14, 5.14773933116e-13, 6.86879893241e-12, 3.23647948719e-11, 1.44918937961e-10, 5.31211830079e-09, 9.62282142858e-10, 1.57918034205e-09, 8.16235878887e-09, 2.78888645511e-08, 1.10012408072e-08, 1.72149672295e-08, 2.77986789143e-08, 3.74713486906e-08, 3.83378591096e-08, 5.29903445567e-08, 6.28622487397e-08, 1.15290482938e-07, 2.41090475583e-07, 3.05675627033e-07, 1.15920769872e-07, 6.85482817175e-08, 1.30929990405e-07, 1.50975658642e-08, 7.20947568311e-09, 1.40920108915e-09, 5.39314426451e-12], [-1.84857730794e-13, 1.30438737068e-12, 1.60604793353e-11, 6.73996067291e-11, 3.3405769817e-10, 1.13578577654e-08, 1.95268023973e-09, 2.96435542779e-09, 2.00426697461e-08, 5.6089472622e-08, 2.20288800534e-08, 3.59478988798e-08, 3.74713486906e-08, 1.13023972403e-07, 7.40859960047e-08, 1.18598279641e-07, 1.36770296422e-07, 2.31782493643e-07, 4.65142193207e-07, 5.83469272897e-07, 2.50825308967e-07, 1.39577863933e-07, 2.59327407548e-07, 3.21199706832e-08, 1.5146698118e-08, 2.94473889717e-09, 1.120010161e-11], [-2.02175122889e-13, 1.17122869563e-12, 1.52169561674e-11, 7.21461501652e-11, 3.67657404521e-10, 1.16503082737e-08, 2.04736583242e-09, 3.05340175366e-09, 2.09290647035e-08, 6.23865190619e-08, 2.3920170733e-08, 3.58422518332e-08, 3.83378591096e-08, 7.40859960047e-08, 1.23055187373e-07, 1.14067603363e-07, 1.50310043523e-07, 2.4630529083e-07, 5.55833423732e-07, 6.26840289897e-07, 2.42524833993e-07, 1.45591428691e-07, 2.64164413011e-07, 3.2057684507e-08, 1.6041907358e-08, 3.08347480882e-09, 1.16922808241e-11], [-2.86205141618e-13, 2.8012700666e-12, 2.25135049492e-11, 9.22737442011e-11, 4.60383647871e-10, 1.69115281778e-08, 2.96658231314e-09, 4.04949185295e-09, 2.70983999684e-08, 8.87057680643e-08, 3.41577788276e-08, 5.01323533797e-08, 5.29903445567e-08, 1.18598279641e-07, 1.14067603363e-07, 2.28532414326e-07, 2.16674422404e-07, 3.43243527823e-07, 5.82069617394e-07, 8.55102598507e-07, 3.66148128705e-07, 1.98637394533e-07, 3.93232426177e-07, 4.70375987049e-08, 2.2429569313e-08, 4.36550262606e-09, 1.73222495375e-11], [-4.63616992019e-13, 1.86174730146e-12, 3.39448330555e-11, 1.77498904463e-10, 5.55454793272e-10, 2.20260307771e-08, 3.89456955574e-09, 4.61696636478e-09, 3.50278988037e-08, 1.03046673416e-07, 3.56800775592e-08, 6.24300682261e-08, 6.28622487397e-08, 1.36770296422e-07, 1.50310043523e-07, 2.16674422404e-07, 7.16463432582e-07, 4.66338576643e-07, 1.45612739288e-06, 1.37741562867e-06, 4.60828943005e-07, 2.52288714364e-07, 4.78668653159e-07, 5.84664370251e-08, 2.9513921973e-08, 5.39113775844e-09, 2.20960298669e-11], [-7.87404050382e-13, 6.77563094607e-13, 4.64358412833e-11, 2.36168307133e-10, 2.56101895246e-09, 3.40518013786e-08, 5.7894351535e-09, 1.11167040018e-08, 5.54558674537e-08, 1.66904740695e-07, 6.85371119857e-08, 1.06532134225e-07, 1.15290482938e-07, 2.31782493643e-07, 2.4630529083e-07, 3.43243527823e-07, 4.66338576643e-07, 2.02812589123e-06, 2.45644696406e-06, 2.238363777e-06, 8.7959836037e-07, 6.85363829689e-07, 7.57369491566e-07, 9.56532346663e-08, 4.93102341181e-08, 9.10273989518e-09, 3.64941271647e-11], [-2.41023910899e-12, -3.83056043482e-12, 1.25055091282e-10, 6.32284502533e-10, 3.30540839144e-09, 4.27463504593e-08, 1.00583639195e-08, 2.49142040332e-08, 1.79018158519e-07, 2.82914982108e-07, 1.40178968877e-07, 1.97869383101e-07, 2.41090475583e-07, 4.65142193207e-07, 5.55833423732e-07, 5.82069617394e-07, 1.45612739288e-06, 2.45644696406e-06, 2.76938317256e-05, 6.60808382236e-06, 1.78667050932e-06, 1.31261288061e-06, 2.67400764642e-06, 1.76169848487e-07, 9.2611742275e-08, 1.487841228e-08, 6.77345610156e-11], [-1.9930691212e-12, 5.70017600829e-12, 1.25260204986e-10, 4.8267156938e-10, 3.46339912305e-09, 8.58507362977e-08, 1.49401255811e-08, 2.59477381803e-08, 1.47624518831e-07, 4.24012199574e-07, 1.67831430531e-07, 2.68931643177e-07, 3.05675627033e-07, 5.83469272897e-07, 6.26840289897e-07, 8.55102598507e-07, 1.37741562867e-06, 2.238363777e-06, 6.60808382236e-06, 1.31548877107e-05, 2.07683615372e-06, 1.7238143073e-06, 2.4278285764e-06, 2.58329180269e-07, 1.33781952627e-07, 2.38331363533e-08, 8.93923476908e-11], [-8.27241866588e-13, 3.47321542186e-12, 5.33027441629e-11, 2.29739102742e-10, 2.85415469037e-09, 3.61148870809e-08, 6.74326416927e-09, 1.15317293492e-08, 6.23934113264e-08, 1.76295301912e-07, 7.32273051085e-08, 1.11749457687e-07, 1.15920769872e-07, 2.50825308967e-07, 2.42524833993e-07, 3.66148128705e-07, 4.60828943005e-07, 8.7959836037e-07, 1.78667050932e-06, 2.07683615372e-06, 1.24142957247e-06, 4.90559955324e-07, 8.26020652767e-07, 1.03668384099e-07, 5.25629637593e-08, 9.68108793131e-09, 3.89266154033e-11], [-5.18454799491e-13, 7.42467177149e-13, 2.77291158784e-11, 1.25764135217e-10, 1.56278090468e-09, 1.86788255974e-08, 3.42085693106e-09, 7.10274106197e-09, 4.35455902448e-08, 9.64204929232e-08, 4.44639525199e-08, 5.9172350575e-08, 6.85482817175e-08, 1.39577863933e-07, 1.45591428691e-07, 1.98637394533e-07, 2.52288714364e-07, 6.85363829689e-07, 1.31261288061e-06, 1.7238143073e-06, 4.90559955324e-07, 6.70741883368e-07, 5.03326930357e-07, 5.93046287634e-08, 3.30095275558e-08, 5.64802604686e-09, 2.21712440074e-11], [-5.79754289281e-13, 2.79684565438e-12, 4.52775282545e-11, 2.17479090292e-10, 8.56673398886e-10, 3.65470391728e-08, 6.71392319518e-09, 9.98712756939e-09, 7.15198495982e-08, 1.84280281701e-07, 7.14722858675e-08, 1.12179492362e-07, 1.30929990405e-07, 2.59327407548e-07, 2.64164413011e-07, 3.93232426177e-07, 4.78668653159e-07, 7.57369491566e-07, 2.67400764642e-06, 2.4278285764e-06, 8.26020652767e-07, 5.03326930357e-07, 1.31330966724e-06, 1.07327799981e-07, 5.20997502917e-08, 9.90132598133e-09, 3.87782479738e-11], [-8.06487445186e-14, 4.71526843179e-13, 6.35577744948e-12, 2.90743783216e-11, 1.4795027703e-10, 4.7072186149e-09, 8.22229395681e-10, 1.25299115528e-09, 8.02068989003e-09, 2.32673897926e-08, 9.05593733336e-09, 1.42537963654e-08, 1.50975658642e-08, 3.21199706832e-08, 3.2057684507e-08, 4.70375987049e-08, 5.84664370251e-08, 9.56532346663e-08, 1.76169848487e-07, 2.58329180269e-07, 1.03668384099e-07, 5.93046287634e-08, 1.07327799981e-07, 1.43630209948e-08, 6.55141318973e-09, 1.25532584327e-09, 4.84920090194e-12], [-4.55563050391e-14, 2.04296865883e-13, 3.02248785895e-12, 1.42042965931e-11, 9.72085120732e-11, 2.238365715e-09, 4.05106032053e-10, 6.54421017376e-10, 4.02998301396e-09, 1.13375264732e-08, 4.52165638265e-09, 6.81185863272e-09, 7.20947568311e-09, 1.5146698118e-08, 1.6041907358e-08, 2.2429569313e-08, 2.9513921973e-08, 4.93102341181e-08, 9.2611742275e-08, 1.33781952627e-07, 5.25629637593e-08, 3.30095275558e-08, 5.20997502917e-08, 6.55141318973e-09, 3.64708507838e-09, 6.48174791618e-10, 2.43361927832e-12], [-8.44548430213e-15, 3.15835546735e-14, 5.45378954671e-13, 2.58937424454e-12, 1.47163531361e-11, 4.26615159865e-10, 8.13793893384e-11, 1.20560672556e-10, 7.17762682623e-10, 2.29920238404e-09, 8.42143743629e-10, 1.31513633317e-09, 1.40920108915e-09, 2.94473889717e-09, 3.08347480882e-09, 4.36550262606e-09, 5.39113775844e-09, 9.10273989518e-09, 1.487841228e-08, 2.38331363533e-08, 9.68108793131e-09, 5.64802604686e-09, 9.90132598133e-09, 1.25532584327e-09, 6.48174791618e-10, 1.72106509599e-10, 4.95729271435e-13], [-3.47340219877e-17, 1.75502037063e-16, 2.38470394893e-15, 1.04827484651e-14, 7.55663096658e-14, 1.68716581504e-12, 3.00358343882e-13, 4.61965968951e-13, 3.05995419975e-12, 8.49864970065e-12, 3.37633133257e-12, 4.84952833099e-12, 5.39314426451e-12, 1.120010161e-11, 1.16922808241e-11, 1.73222495375e-11, 2.20960298669e-11, 3.64941271647e-11, 6.77345610156e-11, 8.93923476908e-11, 3.89266154033e-11, 2.21712440074e-11, 3.87782479738e-11, 4.84920090194e-12, 2.43361927832e-12, 4.95729271435e-13, 2.032476521e-15]]
    },
    "mfcc": {
        "kurt": [2.23616266251, 4.25507116318, 9.10220527649, -1.05913865566, 0.790785312653, 2.44452095032, 0.704132318497, 0.772606372833, 0.404165506363, 0.543973445892, -0.0196900367737, -0.0469632148743, 0.337913513184],
        "max": [-597.928039551, 27.6109733582, 23.0013427734, 58.496963501, 25.0131568909, 12.5549182892, 29.4613265991, 41.7017402649, 31.0536575317, 21.8710708618, 15.3760261536, 5.35675048828, 8.97190093994],
        "mean": [-706.76361084, -43.0962142944, -82.0618438721, 9.77569007874, -35.9110336304, -21.3892097473, -11.2790851593, -0.627406537533, -11.1868839264, -1.76786649227, -10.8819665909, -16.052526474, -7.2835278511],
        "median": [-635.796264648, -45.9415626526, -87.2992858887, 0.793964385986, -43.1987876892, -22.4715824127, -13.4885940552, -4.61826133728, -15.3207120895, -2.17958259583, -11.2769060135, -16.3926239014, -7.09306192398],
        "min": [-1138.42004395, -78.521697998, -122.58102417, -23.2415218353, -65.3525390625, -46.2155990601, -30.449344635, -21.9755268097, -33.0056304932, -24.3006134033, -30.1387710571, -37.6370887756, -31.6133136749],
        "skew": [-1.7612285614, 1.97629523277, 3.01959490776, 0.60187703371, 1.24074363708, 1.0802116394, 0.986758947372, 1.20618116856, 1.04026055336, 0.530219554901, 0.315641373396, 0.130256891251, -0.308376431465],
        "var": [20083.0917969, 300.886413574, 551.272521973, 406.383789062, 329.300537109, 87.4625930786, 100.183677673, 161.643203735, 176.281997681, 56.0780143738, 54.9697113037, 64.6148605347, 37.2777633667],
        "cov": [[20132.6796875, -1591.29858398, -2349.77270508, -1667.17895508, -2337.78393555, -777.716186523, -1130.97705078, -1212.73632812, -1444.81384277, -453.166625977, -657.350524902, -393.963104248, -113.478851318], [-1591.29858398, 301.629333496, 328.392944336, -8.18977832794, 161.341598511, 98.2871780396, 80.5361175537, 26.1496582031, 65.6585617065, 11.5248737335, 43.0150108337, 64.9502487183, 17.5617618561], [-2349.77270508, 328.392944336, 552.633666992, 55.4314651489, 257.523651123, 130.223358154, 89.9378738403, 25.4222927094, 80.3031082153, 10.9865684509, 61.856048584, 81.1446914673, 32.0031509399], [-1667.17895508, -8.18977832794, 55.4314651489, 407.387176514, 244.057769775, -1.19622814655, 123.690162659, 189.070037842, 186.643493652, 47.6562995911, 67.4911193848, -26.8629169464, -27.1376495361], [-2337.78393555, 161.341598511, 257.523651123, 244.057769775, 330.113616943, 92.0884170532, 136.701095581, 165.533676147, 177.412628174, 61.4127120972, 70.2127456665, 53.1479301453, 15.5763835907], [-777.716186523, 98.2871780396, 130.223358154, -1.19622814655, 92.0884170532, 87.6785507202, 47.9418869019, 29.9022903442, 43.368396759, 21.4786052704, 27.232427597, 34.5654640198, 22.3768539429], [-1130.97705078, 80.5361175537, 89.9378738403, 123.690162659, 136.701095581, 47.9418869019, 100.431045532, 95.203704834, 101.800292969, 36.31483078, 42.5862045288, 18.0443172455, 2.74954366684], [-1212.73632812, 26.1496582031, 25.4222927094, 189.070037842, 165.533676147, 29.9022903442, 95.203704834, 162.042327881, 143.067855835, 55.7815170288, 44.8094902039, 8.17739391327, 3.32076191902], [-1444.81384277, 65.6585617065, 80.3031082153, 186.643493652, 177.412628174, 43.368396759, 101.800292969, 143.067855835, 176.717269897, 60.1896514893, 53.8428726196, 11.0555620193, -1.92825496197], [-453.166625977, 11.5248737335, 10.9865684509, 47.6562995911, 61.4127120972, 21.4786052704, 36.31483078, 55.7815170288, 60.1896514893, 56.2164802551, 21.1053104401, 11.1808929443, 11.8802623749], [-657.350524902, 43.0150108337, 61.856048584, 67.4911193848, 70.2127456665, 27.232427597, 42.5862045288, 44.8094902039, 53.8428726196, 21.1053104401, 55.1054382324, 10.7175121307, 3.11221790314], [-393.963104248, 64.9502487183, 81.1446914673, -26.8629169464, 53.1479301453, 34.5654640198, 18.0443172455, 8.17739391327, 11.0555620193, 11.1808929443, 10.7175121307, 64.7743988037, 19.8045692444], [-113.478851318, 17.5617618561, 32.0031509399, -27.1376495361, 15.5763835907, 22.3768539429, 2.74954366684, 3.32076191902, -1.92825496197, 11.8802623749, 3.11221790314, 19.8045692444, 37.369808197]]
    },
    "sccoeffs": {
        "kurt": [-0.351392507553, -0.328321218491, 0.217484951019, 1.25834703445, 1.77543830872, 2.62964105606],
        "max": [-0.498157113791, -0.622748494148, -0.678124129772, -0.729920387268, -0.630231261253, -0.688558280468],
        "mean": [-0.727499604225, -0.811925053596, -0.818643808365, -0.802730977535, -0.766514241695, -0.756932079792],
        "median": [-0.710007488728, -0.811817884445, -0.816682457924, -0.800358891487, -0.762157320976, -0.745922923088],
        "min": [-0.90902775526, -0.93446546793, -0.930295407772, -0.927129328251, -0.920484244823, -0.921246349812],
        "skew": [-0.492148011923, -0.00330265029334, -0.0629676356912, -0.878935754299, -0.824641048908, -1.51279985905],
        "var": [0.00611472502351, 0.00263606011868, 0.00170393113513, 0.00136991601903, 0.0022485635709, 0.00147494638804],
        "cov": [[0.00612982269377, 0.00166793807875, 0.000960980600212, 0.000860304164235, 0.00226030871272, 0.00209027831443], [0.00166793807875, 0.00264256889932, 0.000738129077945, 0.000604108325206, 0.000970919907559, 0.00111047830433], [0.000960980600212, 0.000738129077945, 0.00170813838486, 0.000619517522864, 0.000738620990887, 0.000720818177797], [0.000860304164235, 0.000604108325206, 0.000619517522864, 0.00137329846621, 0.000849589065183, 0.000737714755815], [0.00226030871272, 0.000970919907559, 0.000738620990887, 0.000849589065183, 0.0022541154176, 0.0013991612941], [0.00209027831443, 0.00111047830433, 0.000720818177797, 0.000737714755815, 0.0013991612941, 0.00147858832497]]
    },
    "scvalleys": {
        "kurt": [7.65404510498, 1.99000740051, 3.70033311844, 5.0766992569, 9.14633464813, 6.25200271606],
        "max": [-8.95197868347, -6.34626531601, -5.38082361221, -5.54192495346, -5.19650745392, -6.83081960678],
        "mean": [-9.98711967468, -7.94452285767, -7.08236265182, -7.05312204361, -6.3426361084, -8.066157341],
        "median": [-9.91802692413, -7.27870702744, -6.30660820007, -6.25855541229, -5.72184276581, -7.29277276993],
        "min": [-13.8820571899, -15.4350290298, -15.9246711731, -16.3567180634, -15.9453439713, -16.3836574554],
        "skew": [-1.69268727303, -1.55012524128, -1.87007820606, -2.13040542603, -2.95551633835, -2.5415353775],
        "var": [0.285051703453, 2.29916286469, 2.97115802765, 2.94416236877, 2.75415968895, 3.23789334297],
        "cov": [[0.285755515099, 0.53809517622, 0.595134615898, 0.599255800247, 0.570957362652, 0.623086214066], [0.53809517622, 2.30483961105, 2.48344564438, 2.44967484474, 2.23594117165, 2.50550985336], [0.595134615898, 2.48344564438, 2.97849416733, 2.91162490845, 2.70992922783, 2.9830634594], [0.599255800247, 2.44967484474, 2.91162490845, 2.95143198967, 2.75600385666, 3.02055501938], [0.570957362652, 2.23594117165, 2.70992922783, 2.75600385666, 2.76096010208, 2.95928025246], [0.623086214066, 2.50550985336, 2.9830634594, 3.02055501938, 2.95928025246, 3.24588823318]]
    }
},
"rhythm": {
    "beats_loudness": {
        "kurt": 1.62245178223,
        "max": 0.053262013942,
        "mean": 0.0180766712874,
        "median": 0.0208509191871,
        "min": 1.58151633514e-05,
        "skew": 0.940873026848,
        "var": 0.000156304333359
    },
    "bpm": 103.449714661,
    "confidence": 2.12914180756,
    "first_peak_bpm": {
        "kurt": 0,
        "max": 103,
        "mean": 103,
        "median": 103,
        "min": 103,
        "skew": 0,
        "var": 0
    },
    "first_peak_spread": {
        "kurt": 0,
        "max": 0.375,
        "mean": 0.375,
        "median": 0.375,
        "min": 0.375,
        "skew": 0,
        "var": 0
    },
    "first_peak_weight": {
        "kurt": 0,
        "max": 0.333333343267,
        "mean": 0.333333343267,
        "median": 0.333333343267,
        "min": 0.333333343267,
        "skew": 0,
        "var": 0
    },
    "onset_rate": 0.31903424859,
    "second_peak_bpm": {
        "kurt": 0,
        "max": 108,
        "mean": 108,
        "median": 108,
        "min": 108,
        "skew": 0,
        "var": 0
    },
    "second_peak_spread": {
        "kurt": 0,
        "max": 0,
        "mean": 0,
        "median": 0,
        "min": 0,
        "skew": 0,
        "var": 0
    },
    "second_peak_weight": {
        "kurt": 0,
        "max": 0.20000000298,
        "mean": 0.20000000298,
        "median": 0.20000000298,
        "min": 0.20000000298,
        "skew": 0,
        "var": 0
    },
    "beats_loudness_band_ratio": {
        "kurt": [11.0218849182, -0.401296138763, -0.577468633652, -1.03825867176, -0.15057182312, -0.489103555679],
        "max": [0.00551875354722, 0.00688847340643, 0.0261025056243, 0.0935058146715, 0.616506814957, 0.876226723194],
        "mean": [0.000415660208091, 0.00243659177795, 0.0107407048345, 0.0413324721158, 0.297905147076, 0.659938871861],
        "median": [5.88135153521e-05, 0.00232790783048, 0.00996618065983, 0.0452923476696, 0.247980505228, 0.687417864799],
        "min": [1.00879087768e-05, 3.24354550685e-05, 0.00206366903149, 0.00445621320978, 0.0988743007183, 0.40161755681],
        "skew": [3.60485363007, 0.739246964455, 0.809553861618, 0.201496556401, 0.798881113529, -0.304708778858],
        "var": [1.73891066879e-06, 3.84323675462e-06, 5.34346036147e-05, 0.000763753661886, 0.0183846764266, 0.015048426576],
        "cov": [[1.85483804671e-06, -6.90641059009e-07, 5.50627237317e-06, 1.41481848459e-06, 5.55900223844e-05, -6.06814101047e-05], [-6.90641059009e-07, 4.09945232605e-06, 5.17555554325e-06, 3.891502638e-05, -0.000124443118693, 7.4286464951e-05], [5.50627237317e-06, 5.17555554325e-06, 5.69969088247e-05, 0.000139555995702, -7.4628587754e-05, -0.000112929214083], [1.41481848459e-06, 3.891502638e-05, 0.000139555995702, 0.000814670580439, -0.00149581360165, 0.000509439560119], [5.55900223844e-05, -0.000124443118693, -7.4628587754e-05, -0.00149581360165, 0.0196103211492, -0.017183303833], [-6.06814101047e-05, 7.4286464951e-05, -0.000112929214083, 0.000509439560119, -0.017183303833, 0.0160516556352]]
    },
    "beats_position": [0.476009070873, 0.975238084793, 1.43963718414, 1.95047616959, 2.43809509277, 3.04181408882, 3.62231278419, 4.20281171799, 4.78331041336, 5.34058952332, 5.89786815643, 6.47836732864, 7.03564596176, 7.63936471939, 8.24308395386, 8.82358264923],
    "bpm_estimates": [99.3839874268, 103.359405518, 103.359359741, 103.359405518, 107.665977478, 107.666069031, 103.359321594, 107.666069031, 99.3840255737, 99.3839492798, 103.359405518],
    "bpm_intervals": [0.49922901392, 0.46439909935, 0.510838985443, 0.487618923187, 0.603718996048, 0.580498695374, 0.580498933792, 0.580498695374, 0.557279109955, 0.557278633118, 0.580499172211, 0.557278633118, 0.603718757629, 0.603719234467, 0.580498695374],
    "onset_times": [0.116099774837, 0.18575963378, 0.383129239082],
    "histogram": [[0, 0, 0, 0, 0, 0, 0, 0, 0, 0, 0, 0, 0, 0, 0, 0, 0, 0, 0, 0, 0, 0, 0, 0, 0, 0, 0, 0, 0, 0, 0, 0, 0, 0, 0, 0, 0, 0, 0, 0, 0, 0, 0, 0, 0, 0, 0, 0, 0, 0, 0, 0, 0, 0, 0, 0, 0, 0, 0, 0, 0, 0, 0, 0, 0, 0, 0, 0, 0, 0, 0, 0, 0, 0, 0, 0, 0, 0, 0, 0, 0, 0, 0, 0, 0, 0, 0, 0, 0, 0, 0, 0, 0, 0, 0, 0, 0, 0, 0, 0.20000000298, 0, 0, 0, 0.333333343267, 0, 0, 0, 0, 0.20000000298, 0, 0, 0, 0, 0, 0, 0, 0, 0.0666666701436, 0, 0, 0.0666666701436, 0, 0, 0.0666666701436, 0, 0, 0, 0, 0, 0.0666666701436, 0, 0, 0, 0, 0, 0, 0, 0, 0, 0, 0, 0, 0, 0, 0, 0, 0, 0, 0, 0, 0, 0, 0, 0, 0, 0, 0, 0, 0, 0, 0, 0, 0, 0, 0, 0, 0, 0, 0, 0, 0, 0, 0, 0, 0, 0, 0, 0, 0, 0, 0, 0, 0, 0, 0, 0, 0, 0, 0, 0, 0, 0, 0, 0, 0, 0, 0, 0, 0, 0, 0, 0, 0, 0, 0, 0, 0, 0, 0, 0, 0, 0, 0, 0, 0, 0, 0, 0, 0, 0, 0, 0, 0, 0, 0, 0, 0, 0, 0, 0, 0, 0, 0, 0, 0, 0, 0, 0, 0, 0, 0, 0, 0, 0, 0, 0, 0, 0, 0, 0]]
},
"sfx": {
    "inharmonicity": {
        "kurt": 25.03074646,
        "max": 0.40592956543,
        "mean": 0.0129473209381,
        "median": 0,
        "min": 0,
        "skew": 4.89107751846,
        "var": 0.00281613878906
    },
    "oddtoevenharmonicenergyratio": {
        "kurt": 151.532730103,
        "max": 63.1996994019,
        "mean": 0.511023104191,
        "median": 0,
        "min": 0,
        "skew": 11.9160289764,
        "var": 17.9453258514
    },
    "pitch_after_max_to_before_max_energy_ratio": 0.00377238565125,
    "pitch_centroid": 195.042633057,
    "pitch_max_to_total": 0.997536957264,
    "pitch_min_to_total": 0.97536945343,
    "tristimulus": {
        "kurt": [6.75042915344, 25.0239982605, 14.5532302856],
        "max": [1, 0.956769883633, 0.965556561947],
        "mean": [0.91931438446, 0.0348917208612, 0.0457940064371],
        "median": [1, 0, 0],
        "min": [0, 0, 0],
        "skew": [-2.93007707596, 4.96082258224, 3.95165634155],
        "var": [0.0661665275693, 0.0210696589202, 0.032248493284],
        "cov": [[0.06632989645, -0.0275617204607, -0.0387681908906], [-0.0275617204607, 0.0211216825992, 0.00644013890997], [-0.0387681908906, 0.00644013890997, 0.0323281176388]]
    }
},
"tonal": {
    "chords_changes_rate": 0.0931372568011,
    "chords_number_rate": 0.0490196086466,
    "chords_strength": {
        "kurt": -0.826444625854,
        "max": 0.56863296032,
        "mean": 0.450611144304,
        "median": 0.472761362791,
        "min": 0.254477709532,
        "skew": -0.557749271393,
        "var": 0.00639160303399
    },
    "key_strength": 0.254453063011,
    "tuning_diatonic_strength": 0.283931702375,
    "tuning_equal_tempered_deviation": 0.251055210829,
    "tuning_frequency": 452.631469727,
    "tuning_nontempered_energy_ratio": 0.883822977543,
    "hpcp": {
        "kurt": [-0.551742076874, -0.855652809143, -0.736283063889, -0.831616401672, -1.08563256264, -0.567586421967, 0.752852916718, 2.24027252197, 1.79376363754, 0.556240558624, 0.965718269348, -0.651317119598, -0.0781133174896, 1.634578228, 3.55665922165, 3.04016304016, 3.83302593231, 10.2410049438, 5.77578735352, 1.08643484116, 2.18494415283, 2.978764534, 9.18684196472, 4.90151643753, 2.94702720642, 0.12166762352, -0.00580739974976, 0.622255802155, 1.09228467941, 0.62251663208, 0.141050577164, -0.340765476227, -0.946168899536, -0.741659641266, -0.419429779053, -0.720567464828],
        "max": [1, 1, 1, 1, 1, 1, 1, 1, 1, 0.901728153229, 0.898515820503, 0.797592818737, 1, 0.951603770256, 0.699336647987, 0.775275170803, 1, 1, 0.716233313084, 0.907426834106, 1, 0.770649790764, 1, 0.905047595501, 1, 1, 1, 1, 1, 1, 1, 1, 1, 1, 1, 1],
        "mean": [0.655813753605, 0.667699694633, 0.551661789417, 0.468582302332, 0.455488443375, 0.374259799719, 0.261138111353, 0.2518902421, 0.273845255375, 0.26765114069, 0.254323482513, 0.297724574804, 0.328081697226, 0.253526508808, 0.190744772553, 0.201431274414, 0.218060731888, 0.173827081919, 0.135862395167, 0.201185539365, 0.222648575902, 0.179172098637, 0.186982035637, 0.196480184793, 0.248776972294, 0.345771968365, 0.359033703804, 0.313275903463, 0.31762740016, 0.359840989113, 0.38273999095, 0.429058223963, 0.484643220901, 0.476478725672, 0.467406511307, 0.5370221138],
