{
"metadata": {
    "version": {
        "essentia": "2.1-beta3"
    }
},
"lowLevel": {
    "average_loudness": 0.938745439053,
    "barkbands_kurtosis": {
        "kurt": 39.200958252,
        "max": 37.6631355286,
        "mean": 0.556709468365,
        "median": -0.429652690887,
        "min": -1.63204789162,
        "skew": 5.44860076904,
        "var": 15.0143003464
    },
    "barkbands_skewness": {
        "kurt": 7.03845500946,
        "max": 5.57297420502,
        "mean": -0.536015748978,
        "median": -0.703659296036,
        "min": -2.80680823326,
        "skew": 2.14128279686,
        "var": 1.15177178383
    },
    "barkbands_spread": {
        "kurt": 1.68455505371,
        "max": 43.502658844,
        "mean": 23.3866558075,
        "median": 24.0203285217,
        "min": 3.0374789238,
        "skew": -0.132300332189,
        "var": 39.2785491943
    },
    "dissonance": {
        "kurt": -0.982971429825,
        "max": 0.499929487705,
        "mean": 0.479475110769,
        "median": 0.479322195053,
        "min": 0.437545597553,
        "skew": -0.146105855703,
        "var": 0.000191329352674
    },
    "hfc": {
        "kurt": 4.30653572083,
        "max": 166.432037354,
        "mean": 25.4710426331,
        "median": 19.3749504089,
        "min": 6.54990060411e-07,
        "skew": 1.43863129616,
        "var": 511.975402832
    },
    "pitch": {
        "kurt": -0.267615795135,
        "max": 4065.3034668,
        "mean": 975.723205566,
        "median": 312.288818359,
        "min": 68.9311676025,
        "skew": 1.21868109703,
        "var": 1271800.625
    },
    "pitch_instantaneous_confidence": {
        "kurt": 0.913659572601,
        "max": 0.709320783615,
        "mean": 0.48249155283,
        "median": 0.497469007969,
        "min": 0.108126997948,
        "skew": -0.929296910763,
        "var": 0.0136709352955
    },
    "pitch_salience": {
        "kurt": -0.0816640853882,
        "max": 0.846345305443,
        "mean": 0.577022075653,
        "median": 0.573274374008,
        "min": 0.413071930408,
        "skew": 0.562618136406,
        "var": 0.00813901890069
    },
    "silence_rate_20dB": {
        "kurt": 0,
        "max": 1,
        "mean": 1,
        "median": 1,
        "min": 1,
        "skew": 0,
        "var": 0
    },
    "silence_rate_30dB": {
        "kurt": 0,
        "max": 1,
        "mean": 1,
        "median": 1,
        "min": 1,
        "skew": 0,
        "var": 0
    },
    "silence_rate_60dB": {
        "kurt": -0.831217288971,
        "max": 1,
        "mean": 0.262237757444,
        "median": 0,
        "min": 0,
        "skew": 1.08109819889,
        "var": 0.193469300866
    },
    "spectral_centroid": {
        "kurt": 3.22631931305,
        "max": 3687.46435547,
        "mean": 2518.13647461,
        "median": 2687.48486328,
        "min": 140.462402344,
        "skew": -1.92212200165,
        "var": 477633.40625
    },
    "spectral_complexity": {
        "kurt": -1.20303666592,
        "max": 37,
        "mean": 17.2622375488,
        "median": 18,
        "min": 0,
        "skew": -0.129320651293,
        "var": 113.382255554
    },
    "spectral_crest": {
        "kurt": 3.85627603531,
        "max": 19.9632759094,
        "mean": 7.79461956024,
        "median": 7.50789451599,
        "min": 3.8345913887,
        "skew": 1.43736350536,
        "var": 4.55659008026
    },
    "spectral_decrease": {
        "kurt": 1.96723890305,
        "max": -1.21976968981e-15,
        "mean": -1.8363480736e-09,
        "median": -1.60469770805e-09,
        "min": -1.01454924462e-08,
        "skew": -1.08308804035,
        "var": 2.38276116968e-18
    },
    "spectral_energy": {
        "kurt": 2.51336526871,
        "max": 0.0533872954547,
        "mean": 0.00924108829349,
        "median": 0.00793768372387,
        "min": 4.66310678959e-09,
        "skew": 1.1662889719,
        "var": 6.16449979134e-05
    },
    "spectral_energyband_high": {
        "kurt": 0.381695747375,
        "max": 0.00646572560072,
        "mean": 0.00164226302877,
        "median": 0.00120764039457,
        "min": 1.67931953066e-11,
        "skew": 0.944928824902,
        "var": 1.94074095816e-06
    },
    "spectral_energyband_low": {
        "kurt": 1.06266355515,
        "max": 0.000307883892674,
        "mean": 7.05376878614e-05,
        "median": 5.25071809534e-05,
        "min": 4.12483780465e-09,
        "skew": 1.17001616955,
        "var": 3.97974408983e-09
    },
    "spectral_energyband_middle_high": {
        "kurt": 13.8830413818,
        "max": 0.045068860054,
        "mean": 0.00520168198273,
        "median": 0.003857961623,
        "min": 7.23137383307e-11,
        "skew": 2.39289140701,
        "var": 2.41764264501e-05
    },
    "spectral_energyband_middle_low": {
        "kurt": 0.153190135956,
        "max": 0.00969867408276,
        "mean": 0.00233968137763,
        "median": 0.00190689694136,
        "min": 4.61869098523e-10,
        "skew": 0.90165323019,
        "var": 4.42044438387e-06
    },
    "spectral_flatness_db": {
        "kurt": 0.314225912094,
        "max": 0.246639415622,
        "mean": 0.151434719563,
        "median": 0.153196811676,
        "min": 0.0717046409845,
        "skew": -0.0411259382963,
        "var": 0.000620017584879
    },
    "spectral_flux": {
        "kurt": -0.119978666306,
        "max": 0.162250652909,
        "mean": 0.0540427938104,
        "median": 0.0563884526491,
        "min": 0.000462818192318,
        "skew": -0.160482555628,
        "var": 0.00074676744407
    },
    "spectral_kurtosis": {
        "kurt": 3.69793319702,
        "max": 8.31432819366,
        "mean": 3.1229019165,
        "median": 3.13104438782,
        "min": 1.36396551132,
        "skew": 0.987729072571,
        "var": 0.80201613903
    },
    "spectral_rms": {
        "kurt": -0.525829792023,
        "max": 0.00721700536087,
        "mean": 0.00265495339409,
        "median": 0.00278277648613,
        "min": 2.13292582885e-06,
        "skew": -0.0848610848188,
        "var": 1.96691553356e-06
    },
    "spectral_rolloff": {
        "kurt": 3.84832620621,
        "max": 5232.56835938,
        "mean": 4190.01367188,
        "median": 4425.07324219,
        "min": 129.19921875,
        "skew": -2.02954268456,
        "var": 1359106.5
    },
    "spectral_skewness": {
        "kurt": 19.8939647675,
        "max": 2.77234816551,
        "mean": 1.35616695881,
        "median": 1.32733774185,
        "min": 0.789452195168,
        "skew": 3.19322609901,
        "var": 0.0281215254217
    },
    "spectral_spread": {
        "kurt": 6.68584060669,
        "max": 14721484,
        "mean": 6759752,
        "median": 6682820,
        "min": 4002486.25,
        "skew": 1.31444823742,
        "var": 1.33162113434e+12
    },
    "spectral_strongpeak": {
        "kurt": 13.127035141,
        "max": 22.6107311249,
        "mean": 2.1598341465,
        "median": 1.00416874886,
        "min": 3.6592111428e-05,
        "skew": 2.57110190392,
        "var": 6.59365558624
    },
    "zerocrossingrate": {
        "kurt": 5.10487747192,
        "max": 0.1728515625,
        "mean": 0.13017475605,
        "median": 0.13720703125,
        "min": 0.0048828125,
        "skew": -2.31615328789,
        "var": 0.000745087105315
    },
    "barkbands": {
        "kurt": [21.5083522797, 4.30090141296, -0.852408409119, 37.0279350281, 4.96004343033, 2.21810626984, 29.7128944397, 0.66110253334, 0.306620121002, 0.723853588104, 11.5628423691, 0.204817533493, 158.566345215, 228.632797241, 0.689254283905, 4.81842184067, 0.451410293579, 20.943189621, 21.8389892578, 1.1223988533, 1.71902322769, -0.588463544846, -0.718888282776, 1.58969449997, -0.134031534195, 1.93845176697, 0.212523937225],
        "max": [3.30696661877e-06, 0.000237466709223, 0.000110810629849, 6.55997282593e-05, 0.000463657983346, 6.23087180429e-05, 7.492932491e-05, 0.00150748132728, 0.00811053719372, 0.000232750069699, 5.00395399285e-05, 8.14321319922e-05, 0.000173820430064, 0.000470032304293, 0.000499429414049, 0.00214463495649, 0.00270701991394, 0.0242409091443, 0.0148277608678, 0.0028781266883, 0.00522028515115, 0.000757276313379, 0.000469793594675, 8.7804015493e-05, 3.51770177076e-05, 4.40280973635e-06, 2.69232572236e-07],
        "mean": [2.5821529448e-07, 3.62482314813e-05, 3.20964027196e-05, 4.0103864194e-06, 7.11759494152e-05, 1.29980198835e-05, 7.3700757639e-06, 0.000347395602148, 0.00187726831064, 5.18114065926e-05, 7.52987079977e-06, 2.12799222936e-05, 8.26875475468e-06, 1.29051886688e-05, 0.000132342916913, 0.000390500441426, 0.000640411337372, 0.00229489943013, 0.00132156373002, 0.000515947351232, 0.00103709334508, 0.000225373180001, 0.000155360990902, 2.45802366408e-05, 1.1169501704e-05, 1.17329682325e-06, 7.19739929878e-08],
        "median": [1.36907686965e-07, 2.21843074542e-05, 2.31632329815e-05, 2.28553653869e-06, 4.16048715124e-05, 1.10190558189e-05, 5.29561748408e-06, 0.000308616348775, 0.0014332177816, 4.28546845797e-05, 6.457555628e-06, 1.60708077601e-05, 6.66764617563e-06, 1.0222113815e-05, 0.000122817873489, 0.00037332586362, 0.000575270678382, 0.00164351402782, 0.00101174041629, 0.000312893331284, 0.000681006815284, 0.000205034652026, 0.000147633720189, 2.67125360551e-05, 1.09778266051e-05, 1.10152700472e-06, 5.58458310707e-08],
        "min": [4.44625558593e-10, 2.52930720812e-09, 1.11290776594e-09, 2.32575333992e-10, 1.62100111112e-10, 4.16459228214e-11, 1.33436681843e-11, 5.73953298083e-12, 5.2963930984e-12, 3.01155064428e-12, 1.89498612115e-12, 1.32326189936e-11, 4.0642216155e-12, 1.42541707604e-11, 3.03780069676e-12, 1.79853896533e-12, 1.16391132843e-11, 5.1420330667e-12, 1.17590867599e-11, 7.46387673889e-12, 5.73946185717e-12, 3.33572232336e-12, 7.91977648826e-13, 7.68315207463e-13, 6.43376302754e-13, 2.54891539733e-13, 2.41216958517e-13],
        "skew": [3.66619825363, 1.90618956089, 0.562392473221, 5.2675204277, 2.05791211128, 1.13454532623, 4.57455062866, 0.935164868832, 0.976368308067, 1.04255056381, 2.10866260529, 0.925532460213, 11.0896081924, 14.4744443893, 0.807774960995, 1.27752459049, 0.64177685976, 3.14553284645, 3.15801858902, 1.22628462315, 1.3270534277, 0.367255330086, 0.447925657034, -0.248223885894, 0.156311377883, 0.993927538395, 1.01788568497],
        "var": [1.24858985455e-13, 1.58236190817e-09, 7.50923601078e-10, 4.16935513892e-11, 6.73451472366e-09, 8.91540938297e-11, 6.94566487658e-11, 9.37196986683e-08, 3.24778716276e-06, 2.00772976022e-09, 3.2316715276e-11, 3.21194015829e-10, 1.27616042733e-10, 8.12043043918e-10, 9.78140235475e-09, 7.90186973632e-08, 2.10039601711e-07, 6.1807622842e-06, 2.24703353524e-06, 2.85635223918e-07, 9.86022769212e-07, 2.52080969432e-08, 1.45093981274e-08, 1.59358026774e-10, 4.54404361361e-11, 6.62180976285e-13, 4.24621809272e-15],
        "cov": [[1.25297098001e-13, 1.91017297466e-12, 1.70867204934e-12, 4.03935782392e-13, 3.54178361986e-12, 4.04267250101e-13, 1.43109631675e-13, 6.9874804727e-12, 4.41574277144e-11, 2.10865136116e-12, 1.34993931181e-13, 4.63142436728e-13, 1.79074366013e-13, 2.21334262767e-13, 4.59385134099e-12, 1.77403907536e-11, 2.38685217424e-11, 7.3291414604e-11, 3.43663604518e-11, 2.1747069423e-11, 3.10520255342e-11, 6.41526111747e-12, 4.9080912945e-12, 9.02887411103e-13, 3.25601009913e-13, 4.55848060037e-14, 4.27016329062e-15], [1.91017297466e-12, 1.58791402249e-09, 8.33140556544e-10, -1.20187141489e-11, 4.85261553163e-10, 7.22421775179e-11, 3.12390564805e-11, 6.74141187318e-09, 4.04100788387e-08, 7.69576402604e-10, 5.9479629555e-11, 2.67528471598e-10, 9.64834809269e-11, 8.91544338355e-11, 1.96258698182e-09, 4.24596979798e-09, 1.03032409271e-08, 4.56269688698e-08, 3.10585761554e-08, 1.30717285884e-08, 2.41470488049e-08, 3.93018684264e-09, 2.83353163155e-09, 2.3029994578e-10, 1.22635027133e-10, 5.18377441666e-12, 1.28450776491e-12], [1.70867204934e-12, 8.33140556544e-10, 7.53558437872e-10, -5.565463021e-12, 4.82999751306e-10, 6.03690639145e-11, 3.34263138002e-11, 6.14859185788e-09, 3.66257424389e-08, 7.14729275764e-10, 6.20216655811e-11, 2.66358851642e-10, 9.13618000697e-11, 1.10416509269e-10, 1.94866101033e-09, 4.10893941094e-09, 9.87571446842e-09, 4.83896585024e-08, 2.97489588519e-08, 1.22123218205e-08, 2.22563318886e-08, 3.46485085068e-09, 2.65336641547e-09, 2.16533541098e-10, 1.29306704233e-10, 5.01205457346e-12, 1.32328588191e-12], [4.03935782392e-13, -1.20187141489e-11, -5.565463021e-12, 4.18398440893e-11, 7.57367779602e-11, 7.18572423786e-12, 3.76393144083e-12, -2.43127934452e-10, -1.39436273638e-09, -3.58040090631e-11, 7.66180467595e-13, -6.40214357223e-12, 6.26633022815e-13, 7.62900246448e-12, -6.57816717764e-11, -9.16735090617e-11, -2.89286095079e-10, -1.31546329385e-09, -8.59774473838e-10, -3.64690666554e-10, -8.76416605955e-10, -1.24963817072e-10, -9.9322119973e-11, -6.45522307482e-12, -5.07013701856e-12, 7.93965791008e-14, -4.68640764758e-14], [3.54178361986e-12, 4.85261553163e-10, 4.82999751306e-10, 7.57367779602e-11, 6.75814471052e-09, 2.94616858687e-10, 2.17344947595e-10, 3.09511172247e-09, 1.79076167228e-08, 7.41808670046e-10, 8.75663985767e-11, 2.12068682059e-10, 1.16386573989e-10, 1.12943862596e-10, 1.51043311192e-09, 1.84141846216e-09, 7.9926714136e-09, 2.48240699108e-08, 1.75710468397e-08, 6.78706513213e-09, 1.47523744332e-08, 2.91034796263e-09, 1.62617030952e-09, 1.92593052617e-10, 9.20073808808e-11, 7.18222833637e-12, 8.41603696455e-13], [4.04267250101e-13, 7.22421775179e-11, 6.03690639145e-11, 7.18572423786e-12, 2.94616858687e-10, 8.94669199836e-11, 2.05593788521e-11, 7.21009307814e-10, 4.05780298252e-09, 9.32091973049e-11, 1.02139408042e-11, 4.67305118212e-11, 1.89035263137e-11, 3.22851988199e-11, 2.49085252424e-10, 8.65658267291e-10, 1.22924370682e-09, 6.56426291101e-09, 3.78497988507e-09, 1.32177946366e-09, 2.38798492092e-09, 4.32692548458e-10, 2.68509686707e-10, 3.95922530871e-11, 1.86953421494e-11, 2.47975099656e-12, 1.55674396442e-13], [1.43109631675e-13, 3.12390564805e-11, 3.34263138002e-11, 3.76393144083e-12, 2.17344947595e-10, 2.05593788521e-11, 6.97003496586e-11, 2.70557132254e-10, 1.46397627354e-09, 5.16699565078e-11, 1.23041082531e-11, 1.88627412301e-11, 2.51075028823e-11, 2.84969547959e-11, 1.1547719031e-10, 4.34422442464e-10, 6.91672996656e-10, 2.98882740779e-09, 1.72716918545e-09, 5.76775849304e-10, 1.4142923499e-09, 1.60015223294e-10, 9.8691839423e-11, 1.12082686882e-11, 3.61362784314e-12, -2.25788246606e-13, 5.25801563476e-14], [6.9874804727e-12, 6.74141187318e-09, 6.14859185788e-09, -2.43127934452e-10, 3.09511172247e-09, 7.21009307814e-10, 2.70557132254e-10, 9.40485449519e-08, 4.91541584324e-07, 6.8505303652e-09, 3.5059774528e-10, 4.25242507873e-09, 6.03793404164e-10, 7.99966981546e-10, 2.34428494394e-08, 4.05313294038e-08, 8.65820055651e-08, 4.6086427119e-07, 2.500154892e-07, 1.05390711269e-07, 2.19850775807e-07, 3.17836814645e-08, 2.32623253993e-08, 2.13104889291e-09, 1.40185618669e-09, 8.77723865811e-11, 1.25411668897e-11], [4.41574277144e-11, 4.04100788387e-08, 3.66257424389e-08, -1.39436273638e-09, 1.79076167228e-08, 4.05780298252e-09, 1.46397627354e-09, 4.91541584324e-07, 3.259182904e-06, 3.94685777394e-08, 2.1647277304e-09, 2.53483065649e-08, 3.5071467952e-09, 4.8984705181e-09, 1.3513073327e-07, 2.305482667e-07, 5.01416536736e-07, 2.78960010291e-06, 1.53932853664e-06, 6.56359361528e-07, 1.39269343435e-06, 1.93347716504e-07, 1.43686094134e-07, 1.20930865322e-08, 8.29594704044e-09, 4.45837339269e-10, 7.82075446071e-11], [2.10865136116e-12, 7.69576402604e-10, 7.14729275764e-10, -3.58040090631e-11, 7.41808670046e-10, 9.32091973049e-11, 5.16699565078e-11, 6.8505303652e-09, 3.94685777394e-08, 2.0147745694e-09, 1.06046810222e-10, 2.89693408151e-10, 1.52003132303e-10, 2.1749346768e-10, 2.65970312441e-09, 5.14632869653e-09, 1.14200897627e-08, 4.26696828981e-08, 3.03716838346e-08, 1.17491172347e-08, 2.23868763527e-08, 3.90214172086e-09, 3.13059778101e-09, 2.70258065926e-10, 1.52904730544e-10, 3.13545500327e-12, 1.2670454963e-12], [1.34993931181e-13, 5.9479629555e-11, 6.20216655811e-11, 7.66180467595e-13, 8.75663985767e-11, 1.02139408042e-11, 1.23041082531e-11, 3.5059774528e-10, 2.1647277304e-09, 1.06046810222e-10, 3.24301072108e-11, 2.24498683532e-11, 4.06895003802e-11, 8.7592211262e-11, 2.46980658147e-10, 4.76328976262e-10, 1.53089496635e-09, 5.42045297536e-09, 3.61319107967e-09, 1.30288768663e-09, 2.21525109367e-09, 4.19325379974e-10, 3.23180510131e-10, 2.76936407834e-11, 1.58228898733e-11, 4.31252635599e-13, 1.45693448083e-13], [4.63142436728e-13, 2.67528471598e-10, 2.66358851642e-10, -6.40214357223e-12, 2.12068682059e-10, 4.67305118212e-11, 1.88627412301e-11, 4.25242507873e-09, 2.53483065649e-08, 2.89693408151e-10, 2.24498683532e-11, 3.22321003221e-10, 6.84140938345e-11, 1.6086741661e-10, 1.28242616526e-09, 1.93840343776e-09, 3.52503004564e-09, 2.14331290493e-08, 9.2200735935e-09, 4.16304501982e-09, 9.61651647202e-09, 1.2269542049e-09, 8.175979338e-10, 1.02210170883e-10, 6.42822808872e-11, 6.19513511671e-12, 5.48636711149e-13], [1.79074366013e-13, 9.64834809269e-11, 9.13618000697e-11, 6.26633022815e-13, 1.16386573989e-10, 1.89035263137e-11, 2.51075028823e-11, 6.03793404164e-10, 3.5071467952e-09, 1.52003132303e-10, 4.06895003802e-11, 6.84140938345e-11, 1.28063823435e-10, 2.91889457049e-10, 5.06906683295e-10, 7.68560548536e-10, 2.43553310852e-09, 9.93025928153e-09, 6.07340799874e-09, 1.99418725977e-09, 3.21524806779e-09, 5.8924654045e-10, 4.28869939562e-10, 4.25320403896e-11, 2.14100404072e-11, 7.59293235925e-13, 2.09032403474e-13], [2.21334262767e-13, 8.91544338355e-11, 1.10416509269e-10, 7.62900246448e-12, 1.12943862596e-10, 3.22851988199e-11, 2.84969547959e-11, 7.99966981546e-10, 4.8984705181e-09, 2.1749346768e-10, 8.7592211262e-11, 1.6086741661e-10, 2.91889457049e-10, 8.14892320289e-10, 9.81236869535e-10, 1.10917586227e-09, 4.41116165817e-09, 2.03095371631e-08, 1.08161701817e-08, 3.30135296878e-09, 4.88478768546e-09, 7.87985565687e-10, 5.11523490232e-10, 5.82745379729e-11, 3.47946498003e-11, 2.70441091396e-12, 3.79985458246e-13], [4.59385134099e-12, 1.96258698182e-09, 1.94866101033e-09, -6.57816717764e-11, 1.51043311192e-09, 2.49085252424e-10, 1.1547719031e-10, 2.34428494394e-08, 1.3513073327e-07, 2.65970312441e-09, 2.46980658147e-10, 1.28242616526e-09, 5.06906683295e-10, 9.81236869535e-10, 9.81572334524e-09, 1.33975799343e-08, 3.16654400478e-08, 1.48538461531e-07, 8.42987759597e-08, 3.50348052791e-08, 6.97602189348e-08, 1.04345811991e-08, 7.82534659294e-09, 7.22554793775e-10, 4.43909714543e-10, 2.55195274634e-11, 4.06104663786e-12], [1.77403907536e-11, 4.24596979798e-09, 4.10893941094e-09, -9.16735090617e-11, 1.84141846216e-09, 8.65658267291e-10, 4.34422442464e-10, 4.05313294038e-08, 2.305482667e-07, 5.14632869653e-09, 4.76328976262e-10, 1.93840343776e-09, 7.68560548536e-10, 1.10917586227e-09, 1.33975799343e-08, 7.92959582441e-08, 7.91599319427e-08, 4.36713690988e-07, 2.55750876477e-07, 8.99839704971e-08, 1.54598367885e-07, 2.53078713541e-08, 1.78319492505e-08, 2.40673903029e-09, 1.11085707299e-09, 1.09983890051e-10, 9.798196976e-12], [2.38685217424e-11, 1.03032409271e-08, 9.87571446842e-09, -2.89286095079e-10, 7.9926714136e-09, 1.22924370682e-09, 6.91672996656e-10, 8.65820055651e-08, 5.01416536736e-07, 1.14200897627e-08, 1.53089496635e-09, 3.52503004564e-09, 2.43553310852e-09, 4.41116165817e-09, 3.16654400478e-08, 7.91599319427e-08, 2.10776576637e-07, 9.46825139181e-07, 5.85292923461e-07, 2.19118859945e-07, 3.70326546317e-07, 6.30551824088e-08, 4.79858570657e-08, 4.37667946329e-09, 2.48357023835e-09, 1.19740897753e-10, 2.43533821581e-11], [7.3291414604e-11, 4.56269688698e-08, 4.83896585024e-08, -1.31546329385e-09, 2.48240699108e-08, 6.56426291101e-09, 2.98882740779e-09, 4.6086427119e-07, 2.78960010291e-06, 4.26696828981e-08, 5.42045297536e-09, 2.14331290493e-08, 9.93025928153e-09, 2.03095371631e-08, 1.48538461531e-07, 4.36713690988e-07, 9.46825139181e-07, 6.20244918537e-06, 3.43539977621e-06, 1.19409662602e-06, 1.95731627173e-06, 3.00347750226e-07, 2.21954778112e-07, 2.15699689221e-08, 1.34063489199e-08, 7.10915215585e-10, 1.33250951939e-10], [3.43663604518e-11, 3.10585761554e-08, 2.97489588519e-08, -8.59774473838e-10, 1.75710468397e-08, 3.78497988507e-09, 1.72716918545e-09, 2.500154892e-07, 1.53932853664e-06, 3.03716838346e-08, 3.61319107967e-09, 9.2200735935e-09, 6.07340799874e-09, 1.08161701817e-08, 8.42987759597e-08, 2.55750876477e-07, 5.85292923461e-07, 3.43539977621e-06, 2.25491771744e-06, 7.294935358e-07, 1.20796005376e-06, 1.85797148333e-07, 1.41554721722e-07, 1.30277788557e-08, 7.70672503592e-09, 3.12720155327e-10, 7.60569593417e-11], [2.1747069423e-11, 1.30717285884e-08, 1.22123218205e-08, -3.64690666554e-10, 6.78706513213e-09, 1.32177946366e-09, 5.76775849304e-10, 1.05390711269e-07, 6.56359361528e-07, 1.17491172347e-08, 1.30288768663e-09, 4.16304501982e-09, 1.99418725977e-09, 3.30135296878e-09, 3.50348052791e-08, 8.99839704971e-08, 2.19118859945e-07, 1.19409662602e-06, 7.294935358e-07, 2.86637458657e-07, 4.73886842656e-07, 7.34543945669e-08, 5.57353594388e-08, 4.6098533879e-09, 2.81431478122e-09, 1.30503954865e-10, 3.04674757645e-11], [3.10520255342e-11, 2.41470488049e-08, 2.22563318886e-08, -8.76416605955e-10, 1.47523744332e-08, 2.38798492092e-09, 1.4142923499e-09, 2.19850775807e-07, 1.39269343435e-06, 2.23868763527e-08, 2.21525109367e-09, 9.61651647202e-09, 3.21524806779e-09, 4.88478768546e-09, 6.97602189348e-08, 1.54598367885e-07, 3.70326546317e-07, 1.95731627173e-06, 1.20796005376e-06, 4.73886842656e-07, 9.89482600744e-07, 1.29084384071e-07, 9.81859074045e-08, 7.74160024974e-09, 5.13472686592e-09, 2.5797927683e-10, 5.31223190436e-11], [6.41526111747e-12, 3.93018684264e-09, 3.46485085068e-09, -1.24963817072e-10, 2.91034796263e-09, 4.32692548458e-10, 1.60015223294e-10, 3.17836814645e-08, 1.93347716504e-07, 3.90214172086e-09, 4.19325379974e-10, 1.2269542049e-09, 5.8924654045e-10, 7.87985565687e-10, 1.04345811991e-08, 2.53078713541e-08, 6.30551824088e-08, 3.00347750226e-07, 1.85797148333e-07, 7.34543945669e-08, 1.29084384071e-07, 2.52965470793e-08, 1.76010761521e-08, 1.53214052556e-09, 9.13892572729e-10, 4.95808845369e-11, 8.68894105971e-12], [4.9080912945e-12, 2.83353163155e-09, 2.65336641547e-09, -9.9322119973e-11, 1.62617030952e-09, 2.68509686707e-10, 9.8691839423e-11, 2.32623253993e-08, 1.43686094134e-07, 3.13059778101e-09, 3.23180510131e-10, 8.175979338e-10, 4.28869939562e-10, 5.11523490232e-10, 7.82534659294e-09, 1.78319492505e-08, 4.79858570657e-08, 2.21954778112e-07, 1.41554721722e-07, 5.57353594388e-08, 9.81859074045e-08, 1.76010761521e-08, 1.45603085144e-08, 1.06534703281e-09, 6.93844204314e-10, 2.77073555072e-11, 6.56084474943e-12], [9.02887411103e-13, 2.3029994578e-10, 2.16533541098e-10, -6.45522307482e-12, 1.92593052617e-10, 3.95922530871e-11, 1.12082686882e-11, 2.13104889291e-09, 1.20930865322e-08, 2.70258065926e-10, 2.76936407834e-11, 1.02210170883e-10, 4.25320403896e-11, 5.82745379729e-11, 7.22554793775e-10, 2.40673903029e-09, 4.37667946329e-09, 2.15699689221e-08, 1.30277788557e-08, 4.6098533879e-09, 7.74160024974e-09, 1.53214052556e-09, 1.06534703281e-09, 1.59917176723e-10, 6.96844804082e-11, 6.23683743539e-12, 5.78285520598e-13], [3.25601009913e-13, 1.22635027133e-10, 1.29306704233e-10, -5.07013701856e-12, 9.20073808808e-11, 1.86953421494e-11, 3.61362784314e-12, 1.40185618669e-09, 8.29594704044e-09, 1.52904730544e-10, 1.58228898733e-11, 6.42822808872e-11, 2.14100404072e-11, 3.47946498003e-11, 4.43909714543e-10, 1.11085707299e-09, 2.48357023835e-09, 1.34063489199e-08, 7.70672503592e-09, 2.81431478122e-09, 5.13472686592e-09, 9.13892572729e-10, 6.93844204314e-10, 6.96844804082e-11, 4.55998745708e-11, 2.85276728455e-12, 3.83605094304e-13], [4.55848060037e-14, 5.18377441666e-12, 5.01205457346e-12, 7.93965791008e-14, 7.18222833637e-12, 2.47975099656e-12, -2.25788246606e-13, 8.77723865811e-11, 4.45837339269e-10, 3.13545500327e-12, 4.31252635599e-13, 6.19513511671e-12, 7.59293235925e-13, 2.70441091396e-12, 2.55195274634e-11, 1.09983890051e-10, 1.19740897753e-10, 7.10915215585e-10, 3.12720155327e-10, 1.30503954865e-10, 2.5797927683e-10, 4.95808845369e-11, 2.77073555072e-11, 6.23683743539e-12, 2.85276728455e-12, 6.6450442154e-13, 2.48340285375e-14], [4.27016329062e-15, 1.28450776491e-12, 1.32328588191e-12, -4.68640764758e-14, 8.41603696455e-13, 1.55674396442e-13, 5.25801563476e-14, 1.25411668897e-11, 7.82075446071e-11, 1.2670454963e-12, 1.45693448083e-13, 5.48636711149e-13, 2.09032403474e-13, 3.79985458246e-13, 4.06104663786e-12, 9.798196976e-12, 2.43533821581e-11, 1.33250951939e-10, 7.60569593417e-11, 3.04674757645e-11, 5.31223190436e-11, 8.68894105971e-12, 6.56084474943e-12, 5.78285520598e-13, 3.83605094304e-13, 2.48340285375e-14, 4.26111697874e-15]]
    },
    "mfcc": {
        "kurt": [4.22635030746, 2.80185222626, 4.38372945786, 2.05130720139, 1.82844352722, 3.56627702713, 2.97777986526, 0.724461555481, 0.897072315216, 0.0249762535095, 0.48029088974, -0.405718803406, 1.44649362564],
        "max": [-613.187316895, 113.228622437, 42.4484291077, 100.04460144, 26.0200538635, 18.5261306763, 20.7361793518, 40.4443740845, 40.0023880005, 28.8019638062, 25.2622852325, 11.4451446533, 9.07942962646],
        "mean": [-710.12878418, 31.4527931213, -38.901512146, 53.7135391235, -17.0708694458, -16.6409759521, -19.432554245, 23.2413082123, 19.5107727051, 8.70901489258, 6.13715219498, -5.71039009094, -14.7562952042],
        "median": [-675.281860352, 24.7541618347, -44.9168777466, 53.5338973999, -20.6706848145, -18.1528816223, -20.9930591583, 25.5053291321, 21.1809158325, 10.7893781662, 6.34110736847, -5.89678096771, -15.6656074524],
        "min": [-1138.42004395, -28.7164955139, -86.3418579102, 8.01086425781e-05, -38.8480224609, -38.6043968201, -37.4837684631, -10.0735931396, -18.1594848633, -22.6821212769, -29.7303829193, -21.1581497192, -36.832485199],
        "skew": [-2.24955248833, 1.74471116066, 2.18729686737, -0.416294008493, 1.46210467815, 1.2818955183, 1.58930301666, -1.01717603207, -0.910768985748, -0.777275621891, -0.366637200117, -0.0496253557503, 0.687345921993],
        "var": [11629.9472656, 539.564331055, 448.881347656, 131.293167114, 142.624588013, 69.751449585, 124.04737854, 102.626808167, 95.6894226074, 108.346191406, 67.1786117554, 36.9186019897, 39.9974479675],
        "cov": [[11670.7539062, -1872.828125, -2079.67260742, 572.113647461, -969.84777832, -617.163818359, -807.889282227, 833.072631836, 691.764770508, 659.571655273, 449.56451416, -161.443145752, -379.927490234], [-1872.828125, 541.457519531, 380.300018311, -54.7338256836, 142.197662354, 89.8565979004, 128.721008301, -169.710571289, -130.162780762, -142.662063599, -94.3659896851, 18.7580242157, 53.9712600708], [-2079.67260742, 380.300018311, 450.456359863, -76.2943954468, 191.046142578, 123.200546265, 158.238296509, -153.168762207, -123.415130615, -111.237594604, -84.208442688, 26.538351059, 65.1268081665], [572.113647461, -54.7338256836, -76.2943954468, 131.753845215, -54.4140319824, -40.181476593, -10.213552475, 37.529083252, 17.3637924194, 22.9432239532, 38.2895927429, -14.7711362839, -17.8320732117], [-969.84777832, 142.197662354, 191.046142578, -54.4140319824, 143.125030518, 73.6184692383, 64.8385925293, -75.3729782104, -61.4533309937, -63.2655220032, -50.6549224854, 18.1826782227, 28.5529460907], [-617.163818359, 89.8565979004, 123.200546265, -40.181476593, 73.6184692383, 69.9961929321, 61.5812568665, -37.479434967, -27.0739688873, -24.1953372955, -22.119512558, 13.9909734726, 25.195274353], [-807.889282227, 128.721008301, 158.238296509, -10.213552475, 64.8385925293, 61.5812568665, 124.482635498, -36.3866004944, -37.5297393799, -9.0585308075, -2.88907241821, 16.9624481201, 38.1731719971], [833.072631836, -169.710571289, -153.168762207, 37.529083252, -75.3729782104, -37.479434967, -36.3866004944, 102.98690033, 79.4784622192, 74.9296112061, 49.7516860962, -10.2759237289, -20.0824642181], [691.764770508, -130.162780762, -123.415130615, 17.3637924194, -61.4533309937, -27.0739688873, -37.5297393799, 79.4784622192, 96.0251693726, 76.7556915283, 38.1625442505, 0.165475144982, -11.5477399826], [659.571655273, -142.662063599, -111.237594604, 22.9432239532, -63.2655220032, -24.1953372955, -9.0585308075, 74.9296112061, 76.7556915283, 108.726356506, 62.6292152405, 4.16302490234, -6.28379631042], [449.56451416, -94.3659896851, -84.208442688, 38.2895927429, -50.6549224854, -22.119512558, -2.88907241821, 49.7516860962, 38.1625442505, 62.6292152405, 67.4143295288, 12.6321401596, -5.94391012192], [-161.443145752, 18.7580242157, 26.538351059, -14.7711362839, 18.1826782227, 13.9909734726, 16.9624481201, -10.2759237289, 0.165475144982, 4.16302490234, 12.6321401596, 37.0481376648, 18.527173996], [-379.927490234, 53.9712600708, 65.1268081665, -17.8320732117, 28.5529460907, 25.195274353, 38.1731719971, -20.0824642181, -11.5477399826, -6.28379631042, -5.94391012192, 18.527173996, 40.1377906799]]
    },
    "sccoeffs": {
        "kurt": [-0.427388429642, -0.417176246643, -0.073780298233, 1.0756020546, 2.36002445221, 1.79889392853],
        "max": [-0.58329731226, -0.377296149731, -0.616284668446, -0.665084540844, -0.684140205383, -0.654062449932],
        "mean": [-0.714736282825, -0.620852828026, -0.745267033577, -0.753184735775, -0.7626298666, -0.726329803467],
        "median": [-0.709521412849, -0.595048308372, -0.735376596451, -0.742963194847, -0.753767132759, -0.717519760132],
        "min": [-0.867128968239, -0.938838362694, -0.929957687855, -0.903280854225, -0.935417056084, -0.913338899612],
        "skew": [-0.251955419779, -0.72980183363, -0.674723446369, -1.21564567089, -1.58813154697, -1.41765141487],
        "var": [0.00391368661076, 0.0159276071936, 0.00468629272655, 0.00284725241363, 0.00226661469787, 0.00254315766506],
        "cov": [[0.00392741896212, 0.00381307350472, 0.00206324411556, 0.00141308328602, 0.00138989847619, 0.00183288671542], [0.00381307350472, 0.015983492136, 0.00597900990397, 0.0047375028953, 0.00435650534928, 0.00481405993924], [0.00206324411556, 0.00597900990397, 0.00470273569226, 0.00238060043193, 0.00202861987054, 0.00274909194559], [0.00141308328602, 0.0047375028953, 0.00238060043193, 0.00285724271089, 0.00190755398944, 0.00198307866231], [0.00138989847619, 0.00435650534928, 0.00202861987054, 0.00190755398944, 0.002274567727, 0.00191171898041], [0.00183288671542, 0.00481405993924, 0.00274909194559, 0.00198307866231, 0.00191171898041, 0.00255208089948]]
    },
    "scvalleys": {
        "kurt": [15.8461933136, 16.6494884491, 17.8845806122, 11.4750566483, 7.86749458313, 9.34039211273],
        "max": [-6.28950214386, -6.36650419235, -6.37591266632, -6.17021942139, -5.18615484238, -7.66223335266],
        "mean": [-7.66855669022, -7.5438990593, -7.67751264572, -7.72982788086, -6.85409355164, -8.77693843842],
        "median": [-7.62982130051, -7.40408420563, -7.40899181366, -7.40043878555, -6.49114131927, -8.38899612427],
        "min": [-12.1132593155, -14.0134210587, -14.9057378769, -15.1297512054, -15.0269489288, -16.6952209473],
        "skew": [-2.6011557579, -3.14361453056, -3.5604467392, -2.99012064934, -2.558624506, -2.88651657104],
        "var": [0.318436682224, 0.656071722507, 0.815411150455, 1.1148198843, 1.72241044044, 1.53048050404],
        "cov": [[0.319554001093, 0.329255700111, 0.357252061367, 0.412745326757, 0.495578914881, 0.476024210453], [0.329255700111, 0.658373713493, 0.616891622543, 0.735104560852, 0.901360630989, 0.8306209445], [0.357252061367, 0.616891622543, 0.818272233009, 0.90573066473, 1.09456503391, 1.03983867168], [0.412745326757, 0.735104560852, 0.90573066473, 1.11873161793, 1.35053479671, 1.26894593239], [0.495578914881, 0.901360630989, 1.09456503391, 1.35053479671, 1.7284539938, 1.57719063759], [0.476024210453, 0.8306209445, 1.03983867168, 1.26894593239, 1.57719063759, 1.53585064411]]
    }
},
"rhythm": {
    "beats_loudness": {
        "kurt": -0.299394130707,
        "max": 0.0200478956103,
        "mean": 0.00807815883309,
        "median": 0.00780351646245,
        "min": 1.50259720613e-05,
        "skew": 0.553866147995,
        "var": 3.16758123518e-05
    },
    "bpm": 99.7088012695,
    "confidence": 3.47353363037,
    "first_peak_bpm": {
        "kurt": 0,
        "max": 99,
        "mean": 99,
        "median": 99,
        "min": 99,
        "skew": 0,
        "var": 0
    },
    "first_peak_spread": {
        "kurt": 0,
        "max": 0.16666662693,
        "mean": 0.16666662693,
        "median": 0.16666662693,
        "min": 0.16666662693,
        "skew": 0,
        "var": 0
    },
    "first_peak_weight": {
        "kurt": 0,
        "max": 0.555555582047,
        "mean": 0.555555582047,
        "median": 0.555555582047,
        "min": 0.555555582047,
        "skew": 0,
        "var": 0
    },
    "onset_rate": 0.302621692419,
    "second_peak_bpm": {
        "kurt": 0,
        "max": 94,
        "mean": 94,
        "median": 94,
        "min": 94,
        "skew": 0,
        "var": 0
    },
    "second_peak_spread": {
        "kurt": 0,
        "max": 0.33333337307,
        "mean": 0.33333337307,
        "median": 0.33333337307,
        "min": 0.33333337307,
        "skew": 0,
        "var": 0
    },
    "second_peak_weight": {
        "kurt": 0,
        "max": 0.222222223878,
        "mean": 0.222222223878,
        "median": 0.222222223878,
        "min": 0.222222223878,
        "skew": 0,
        "var": 0
    },
    "beats_loudness_band_ratio": {
        "kurt": [5.07664871216, 5.02632904053, 0.800031900406, 0.523612737656, 1.34919548035, 0.85301733017],
        "max": [0.369796872139, 0.337616086006, 0.365557283163, 0.0391668044031, 0.619302988052, 0.406974613667],
        "mean": [0.0463004745543, 0.0444137975574, 0.19482383132, 0.0171262864023, 0.398809880018, 0.316816627979],
        "median": [0.00966719165444, 0.0142538407817, 0.191839471459, 0.0138839008287, 0.393973082304, 0.33134663105],
        "min": [0.00201188051142, 0.00242345221341, 0.0313248895109, 0.00796308927238, 0.0558163337409, 0.124268993735],
        "skew": [2.65565228462, 2.63938736916, 0.0718668103218, 1.29704785347, -1.00122642517, -1.13652181625],
        "var": [0.0116535741836, 0.00960445869714, 0.00647900113836, 8.73732351465e-05, 0.019488286227, 0.00630577653646],
        "cov": [[0.0129484152421, 0.0117104137316, -3.27065099555e-05, 0.000854040379636, -0.0139315016568, -0.00760420318693], [0.0117104137316, 0.0106716202572, -0.000115952308988, 0.000779908616096, -0.0125905591995, -0.00688877841458], [-3.27065099555e-05, -0.000115952308988, 0.00719889020547, -0.000188823003555, -0.00568568706512, -0.0012812523637], [0.000854040379636, 0.000779908616096, -0.000188823003555, 9.70813707681e-05, -0.000656061514746, -0.000601039384492], [-0.0139315016568, -0.0125905591995, -0.00568568706512, -0.000656061514746, 0.0216536503285, 0.00705493567511], [-0.00760420318693, -0.00688877841458, -0.0012812523637, -0.000601039384492, 0.00705493567511, 0.00700641842559]]
    },
    "beats_position": [0.626938760281, 1.26548755169, 1.91564619541, 2.55419492722, 3.15791368484, 3.76163268089, 4.3653512001, 4.96907043457, 5.5727891922, 6.1648979187],
    "bpm_estimates": [99.3840255737, 99.3839874268, 99.3840637207, 99.3839492798, 99.3840255737, 101.332740784],
    "bpm_intervals": [0.638548791409, 0.650158643723, 0.638548731804, 0.603718757629, 0.603718996048, 0.603718519211, 0.603719234467, 0.603718757629, 0.592108726501],
    "onset_times": [0.0580498874187, 5.56117916107],
    "histogram": [[0, 0, 0, 0, 0, 0, 0, 0, 0, 0, 0, 0, 0, 0, 0, 0, 0, 0, 0, 0, 0, 0, 0, 0, 0, 0, 0, 0, 0, 0, 0, 0, 0, 0, 0, 0, 0, 0, 0, 0, 0, 0, 0, 0, 0, 0, 0, 0, 0, 0, 0, 0, 0, 0, 0, 0, 0, 0, 0, 0, 0, 0, 0, 0, 0, 0, 0, 0, 0, 0, 0, 0, 0, 0, 0, 0, 0, 0, 0, 0, 0, 0, 0, 0, 0, 0, 0, 0, 0, 0, 0, 0, 0.111111111939, 0, 0.222222223878, 0, 0, 0, 0, 0.555555582047, 0, 0.111111111939, 0, 0, 0, 0, 0, 0, 0, 0, 0, 0, 0, 0, 0, 0, 0, 0, 0, 0, 0, 0, 0, 0, 0, 0, 0, 0, 0, 0, 0, 0, 0, 0, 0, 0, 0, 0, 0, 0, 0, 0, 0, 0, 0, 0, 0, 0, 0, 0, 0, 0, 0, 0, 0, 0, 0, 0, 0, 0, 0, 0, 0, 0, 0, 0, 0, 0, 0, 0, 0, 0, 0, 0, 0, 0, 0, 0, 0, 0, 0, 0, 0, 0, 0, 0, 0, 0, 0, 0, 0, 0, 0, 0, 0, 0, 0, 0, 0, 0, 0, 0, 0, 0, 0, 0, 0, 0, 0, 0, 0, 0, 0, 0, 0, 0, 0, 0, 0, 0, 0, 0, 0, 0, 0, 0, 0, 0, 0, 0, 0, 0, 0, 0, 0, 0, 0, 0, 0, 0, 0, 0, 0, 0, 0, 0, 0, 0, 0, 0]]
},
"sfx": {
    "inharmonicity": {
        "kurt": -0.314195632935,
        "max": 0.407276451588,
        "mean": 0.0955263525248,
        "median": 0.0428482741117,
        "min": 0,
        "skew": 1.08695757389,
        "var": 0.0125964572653
    },
    "oddtoevenharmonicenergyratio": {
        "kurt": 110.448043823,
        "max": 46.2494506836,
        "mean": 1.04160189629,
        "median": 0.209223628044,
        "min": 0,
        "skew": 9.08417987823,
        "var": 11.4554567337
    },
    "pitch_after_max_to_before_max_energy_ratio": 38.4842605591,
    "pitch_centroid": 135.183868408,
    "pitch_max_to_total": 0,
    "pitch_min_to_total": 0.958041965961,
    "tristimulus": {
        "kurt": [-0.561512947083, 2.97693490982, -1.27009618282],
        "max": [1, 0.851535201073, 0.872107088566],
        "mean": [0.311596959829, 0.223449006677, 0.464954078197],
        "median": [0.198210045695, 0.223233342171, 0.556865394115],
        "min": [0, 0, 0],
        "skew": [0.97267216444, 1.04262042046, -0.551136732101],
        "var": [0.136131256819, 0.0231974627823, 0.0920477285981],
        "cov": [[0.136608913541, -0.0337585359812, -0.102850370109], [-0.0337585359812, 0.02327885665, 0.0104797091335], [-0.102850370109, 0.0104797091335, 0.0923707038164]]
    }
},
"tonal": {
    "chords_changes_rate": 0.0138888889924,
    "chords_number_rate": 0.0208333339542,
    "chords_strength": {
        "kurt": 2.27974557877,
        "max": 0.868884503841,
        "mean": 0.711877882481,
        "median": 0.736252069473,
        "min": 0.325329035521,
        "skew": -1.56238126755,
        "var": 0.015352351591
    },
    "key_strength": 0.489313542843,
    "tuning_diatonic_strength": 0.609793543816,
    "tuning_equal_tempered_deviation": 0.137126505375,
    "tuning_frequency": 441.272583008,
    "tuning_nontempered_energy_ratio": 0.763710379601,
    "hpcp": {
        "kurt": [14.2981529236, 7.03785514832, 30.2851829529, 4.74390554428, 11.403927803, 20.5402450562, 27.9590644836, 34.8390693665, 11.9747409821, 10.8323669434, 6.92224121094, 5.53897666931, 7.97502613068, 9.49993133545, 8.58563995361, 9.9660243988, 4.82139062881, -0.114735126495, -0.654447793961, -0.510574579239, -0.655860900879, 9.42812347412, 8.91725635529, 7.80059814453, 5.7308177948, 5.31824588776, 6.68842124939, 5.38949680328, 3.89088392258, -0.410207509995, -1.33022558689, 4.08746671677, 15.6005077362, 5.99965381622, 15.8102550507, 40.7870368958],
        "max": [0.509171426296, 0.391357511282, 0.658946692944, 0.444588303566, 0.411683350801, 0.360120773315, 0.536066532135, 0.955037117004, 1, 1, 1, 1, 1, 1, 0.953657090664, 1, 1, 1, 1, 0.989422619343, 0.942827761173, 1, 0.995788991451, 1, 1, 1, 1, 1, 1, 1, 1, 0.961667776108, 0.866819083691, 0.571960568428, 0.734459936619, 1],
        "mean": [0.0794921815395, 0.0715070292354, 0.105402857065, 0.131656304002, 0.0836014971137, 0.0496101267636, 0.0577011853456, 0.0708049833775, 0.111734986305, 0.152703344822, 0.176424562931, 0.181706860662, 0.162781298161, 0.146556526423, 0.147648215294, 0.147993594408, 0.171860918403, 0.495930314064, 0.737766861916, 0.533055126667, 0.303524702787, 0.169791027904, 0.131814166903, 0.144381910563, 0.143272340298, 0.17177516222, 0.184704065323, 0.173053622246, 0.264050066471, 0.611037015915, 0.60165810585, 0.233667850494, 0.135638847947, 0.135049313307, 0.116246342659, 0.0950427949429],
