{
"metadata": {
    "version": {
        "essentia": "2.1-beta3"
    }
},
"lowLevel": {
    "average_loudness": 0.971739649773,
    "barkbands_kurtosis": {
        "kurt": 1.37264871597,
        "max": 5.09632396698,
        "mean": 0.643226265907,
        "median": 0.545506358147,
        "min": -1.31262373924,
        "skew": 0.773899137974,
        "var": 0.717486262321
    },
    "barkbands_skewness": {
        "kurt": 0.408573865891,
        "max": -0.0725109130144,
        "mean": -0.978786885738,
        "median": -0.992906928062,
        "min": -1.89440739155,
        "skew": 0.122650705278,
        "var": 0.0689989849925
    },
    "barkbands_spread": {
        "kurt": 0.286743402481,
        "max": 19.5219345093,
        "mean": 11.9431943893,
        "median": 11.8700370789,
        "min": 6.09589672089,
        "skew": 0.328573793173,
        "var": 3.99186754227
    },
    "dissonance": {
        "kurt": 43.9718017578,
        "max": 0.5,
        "mean": 0.492310643196,
        "median": 0.493933856487,
        "min": 0.398550450802,
        "skew": -3.88092756271,
        "var": 4.37297385361e-05
    },
    "hfc": {
        "kurt": 19.0519695282,
        "max": 39.180973053,
        "mean": 9.33345127106,
        "median": 8.55076026917,
        "min": 0.549213588238,
        "skew": 3.57338428497,
        "var": 12.6051397324
    },
    "pitch": {
        "kurt": -1.84261798859,
        "max": 3164.34155273,
        "mean": 1497.50793457,
        "median": 1267.3293457,
        "min": 67.493270874,
        "skew": -0.0210693385452,
        "var": 1238095.25
    },
    "pitch_instantaneous_confidence": {
        "kurt": 0.525862932205,
        "max": 0.503681957722,
        "mean": 0.262070536613,
        "median": 0.252651870251,
        "min": 0.143025875092,
        "skew": 0.75847941637,
        "var": 0.00374173023738
    },
    "pitch_salience": {
        "kurt": 1.36031961441,
        "max": 0.863636016846,
        "mean": 0.782536745071,
        "median": 0.785385429859,
        "min": 0.631772220135,
        "skew": -0.670124530792,
        "var": 0.00101891241502
    },
    "silence_rate_20dB": {
        "kurt": 0,
        "max": 1,
        "mean": 1,
        "median": 1,
        "min": 1,
        "skew": 0,
        "var": 0
    },
    "silence_rate_30dB": {
        "kurt": 0,
        "max": 1,
        "mean": 1,
        "median": 1,
        "min": 1,
        "skew": 0,
        "var": 0
    },
    "silence_rate_60dB": {
        "kurt": 4.89878559113,
        "max": 1,
        "mean": 0.102197803557,
        "median": 0,
        "min": 0,
        "skew": 2.62654018402,
        "var": 0.0917535349727
    },
    "spectral_centroid": {
        "kurt": 0.9249958992,
        "max": 2635.36035156,
        "mean": 2140.85302734,
        "median": 2136.12182617,
        "min": 1728.87194824,
        "skew": 0.488022565842,
        "var": 16122.0595703
    },
    "spectral_complexity": {
        "kurt": 2.52315855026,
        "max": 44,
        "mean": 22.3153839111,
        "median": 22,
        "min": 0,
        "skew": 0.835734844208,
        "var": 22.0313587189
    },
    "spectral_crest": {
        "kurt": 0.475888967514,
        "max": 11.0528173447,
        "mean": 5.93608188629,
        "median": 5.80492830276,
        "min": 3.29533743858,
        "skew": 0.625228404999,
        "var": 1.58449828625
    },
    "spectral_decrease": {
        "kurt": 20.7241592407,
        "max": -6.41012451452e-11,
        "mean": -9.23384368967e-10,
        "median": -8.62237503618e-10,
        "min": -3.53871443259e-09,
        "skew": -3.47762656212,
        "var": 9.2062882194e-20
    },
    "spectral_energy": {
        "kurt": 20.5570468903,
        "max": 0.0167264454067,
        "mean": 0.00433163624257,
        "median": 0.00402213074267,
        "min": 0.00029174858355,
        "skew": 3.51819777489,
        "var": 2.13428529605e-06
    },
    "spectral_energyband_high": {
        "kurt": 12.127494812,
        "max": 0.000922700332012,
        "mean": 0.000154125358677,
        "median": 0.000125236198073,
        "min": 7.90271406004e-06,
        "skew": 3.09781289101,
        "var": 9.82034720209e-09
    },
    "spectral_energyband_low": {
        "kurt": 2.55461406708,
        "max": 3.23406275129e-05,
        "mean": 6.8163776632e-06,
        "median": 5.76308502787e-06,
        "min": 3.97055345047e-07,
        "skew": 1.40456175804,
        "var": 2.20418319014e-11
    },
    "spectral_energyband_middle_high": {
        "kurt": 22.5534725189,
        "max": 0.0156038431451,
        "mean": 0.00373237580061,
        "median": 0.00344007834792,
        "min": 0.00021983566694,
        "skew": 3.681173563,
        "var": 1.79626920271e-06
    },
    "spectral_energyband_middle_low": {
        "kurt": 3.73669528961,
        "max": 0.00153881136794,
        "mean": 0.000457197020296,
        "median": 0.000419840158429,
        "min": 6.55721160001e-05,
        "skew": 1.4398175478,
        "var": 3.40241648189e-08
    },
    "spectral_flatness_db": {
        "kurt": 1.74389266968,
        "max": 0.332399725914,
        "mean": 0.242859303951,
        "median": 0.24080824852,
        "min": 0.114284530282,
        "skew": 0.301678180695,
        "var": 0.000458094436908
    },
    "spectral_flux": {
        "kurt": 5.95453929901,
        "max": 0.0837002396584,
        "mean": 0.0415435507894,
        "median": 0.0406372323632,
        "min": 0.030124342069,
        "skew": 1.71429097652,
        "var": 3.91255234717e-05
    },
    "spectral_kurtosis": {
        "kurt": 1.21123170853,
        "max": 34.9019393921,
        "mean": 6.79125070572,
        "median": 5.78830099106,
        "min": 0.0487627983093,
        "skew": 0.930912435055,
        "var": 21.5709877014
    },
    "spectral_rms": {
        "kurt": 9.48385715485,
        "max": 0.00403961446136,
        "mean": 0.00203376659192,
        "median": 0.00198091659695,
        "min": 0.000533509824891,
        "skew": 2.07197713852,
        "var": 8.97818281942e-08
    },
    "spectral_rolloff": {
        "kurt": 3.58363056183,
        "max": 4091.30859375,
        "mean": 3023.57250977,
        "median": 3014.6484375,
        "min": 2519.38476562,
        "skew": 1.04349279404,
        "var": 32664.890625
    },
    "spectral_skewness": {
        "kurt": 3.93140268326,
        "max": 4.18415260315,
        "mean": 1.09864592552,
        "median": 1.02160096169,
        "min": 0.409007161856,
        "skew": 1.22153139114,
        "var": 0.162127569318
    },
    "spectral_spread": {
        "kurt": 528.375244141,
        "max": 12888161,
        "mean": 1754846.125,
        "median": 1705790.75,
        "min": 1309987.125,
        "skew": 20.2647342682,
        "var": 178294243328
    },
    "spectral_strongpeak": {
        "kurt": 4.00525760651,
        "max": 4.07750988007,
        "mean": 0.928161203861,
        "median": 0.853240132332,
        "min": 0.0696220695972,
        "skew": 1.43342971802,
        "var": 0.245083302259
    },
    "zerocrossingrate": {
        "kurt": 19.6905288696,
        "max": 0.12890625,
        "mean": 0.105423144996,
        "median": 0.10546875,
        "min": 0.033203125,
        "skew": -1.48665952682,
        "var": 4.27348313679e-05
    },
    "barkbands": {
        "kurt": [564.731201172, 9.83163166046, 3.03668880463, 10.5469760895, 10.1788663864, 9.85770797729, 77.2061004639, 15.2244968414, 5.09737682343, 30.0353164673, 9.79076194763, 20.4875030518, 12.0811738968, 0.954222679138, 5.93805503845, 36.1583213806, 20.2143611908, 9.27993965149, 18.6327152252, 10.9392004013, 10.1070413589, 14.943069458, 44.8878898621, 69.9220123291, 852.728637695, 852.347595215, 852.079101562],
        "max": [2.06662946312e-07, 1.04612663563e-05, 1.99381465791e-05, 4.3733864004e-05, 0.000206027121749, 0.000554015045054, 0.000459430651972, 0.00097827706486, 0.000913552357815, 0.000661598169245, 0.000751725980081, 0.00156030117068, 0.00182870170102, 0.000632130308077, 0.00175999617204, 0.00591646973044, 0.00541744660586, 0.00280120107345, 0.00180272501893, 0.000996815040708, 0.000306564819766, 9.04679181986e-05, 3.05478934024e-05, 1.89489810509e-06, 1.17870193606e-07, 1.08993361891e-07, 1.12263073504e-07],
        "mean": [3.87382215195e-09, 1.06100401354e-06, 3.7382355913e-06, 4.57544047094e-06, 2.73945915978e-05, 7.02074903529e-05, 3.37158853654e-05, 0.000130876884214, 0.000170758270542, 6.71861780575e-05, 0.000114655085781, 0.00019667117158, 0.000284315960016, 0.000203301417059, 0.000358308578143, 0.000754397595301, 0.000798854220193, 0.000554917671252, 0.000285440968582, 0.000208036406548, 5.30875367986e-05, 8.89805050974e-06, 1.19253650155e-06, 4.41087379954e-08, 3.07028680258e-10, 2.83254253386e-10, 2.92181168149e-10],
        "median": [2.65075739136e-09, 6.71364091431e-07, 2.77756294054e-06, 3.1962263165e-06, 2.20016190724e-05, 5.84458830417e-05, 2.7039393899e-05, 0.000109149135824, 0.000143589015352, 5.57586499781e-05, 0.00010046690295, 0.000168139886227, 0.000237548374571, 0.000188236677786, 0.000325885339407, 0.000677413656376, 0.000696100993082, 0.000496846740134, 0.000243320682785, 0.000181703217095, 4.10636057495e-05, 5.45974853594e-06, 4.46127955911e-07, 1.19675878096e-08, 6.68638269752e-11, 5.99298735637e-11, 6.12762618424e-11],
        "min": [5.80972492337e-11, 1.92684410649e-08, 4.23195416488e-08, 6.91330797054e-08, 1.61346690675e-07, 5.06402102474e-07, 1.76369087512e-06, 5.72472799831e-06, 1.33530174935e-05, 6.86096063873e-06, 1.05568069557e-05, 9.26109805732e-06, 2.39877372223e-05, 1.07198002297e-05, 2.07353023143e-05, 2.04075913643e-05, 7.28265586076e-05, 1.24841862998e-05, 1.37325141623e-05, 1.0709455637e-05, 4.02024397772e-06, 6.28041675554e-07, 2.27894023097e-11, 6.85559248259e-13, 2.29448865506e-13, 3.70254804735e-14, 3.84933911121e-15],
        "skew": [21.4130344391, 2.58898043633, 1.5765106678, 2.52765965462, 2.37510824203, 2.15711975098, 6.4104847908, 2.90425372124, 1.7737351656, 4.28655481339, 2.14514136314, 3.22443842888, 2.7471344471, 0.933897316456, 1.54731702805, 4.24892616272, 3.3865852356, 2.42465925217, 3.64408397675, 2.71992063522, 2.99267625809, 3.6327996254, 6.07021045685, 7.42721033096, 28.9128723145, 28.9039020538, 28.8974494934],
        "var": [5.7260909542e-17, 1.28295106743e-12, 9.31515541785e-12, 1.98039987187e-11, 4.41980702037e-10, 2.81372947164e-09, 8.95022223002e-10, 9.09262798388e-09, 1.44588625517e-08, 2.99412850069e-09, 5.11264008907e-09, 1.75165926208e-08, 3.52746738486e-08, 9.27287846508e-09, 2.86571992802e-08, 1.75331962282e-07, 2.30433002457e-07, 7.71632713281e-08, 3.17553201512e-08, 1.18311112018e-08, 1.57840507331e-09, 1.23752882941e-10, 8.31060827794e-12, 1.92150203355e-14, 1.5667489016e-17, 1.33996881671e-17, 1.42178483751e-17],
        "cov": [[5.73239010001e-17, -1.05010280979e-16, -9.46823486957e-16, 3.18907692883e-16, -2.92906216622e-15, -5.37956077576e-16, -8.40169523986e-15, -4.51319855782e-14, -4.13073506064e-14, -1.38441631409e-14, -2.16532063682e-14, -4.9308623726e-14, -3.78712462594e-14, -4.91206230693e-14, -5.65002146631e-14, -1.71123613326e-13, -1.15041643204e-13, -1.56724012565e-13, -8.82602503452e-14, -6.67133787991e-14, -1.63576224506e-14, -4.4092342421e-15, -7.47723204628e-16, -5.54972264728e-18, 2.70332517262e-17, 2.4998605795e-17, 2.57489462918e-17], [-1.05010280979e-16, 1.2843623734e-12, 1.24233262566e-12, 2.25816178365e-13, 1.55112988426e-12, 2.10274601008e-13, 1.30809436633e-12, 4.190861525e-14, 1.64473868552e-11, 4.57707179449e-12, 4.94683244021e-12, 2.25610155558e-11, 8.28525355961e-12, 1.02909243627e-11, 9.93416546941e-12, 3.23221588383e-11, 4.64481821061e-11, 1.2016232627e-11, 2.58343259979e-12, 5.61682774944e-12, 2.54113136783e-13, -1.73392740053e-13, -1.97557871754e-13, -8.91146507851e-15, -9.60418696633e-17, -8.90954120198e-17, -9.19339716273e-17], [-9.46823486957e-16, 1.24233262566e-12, 9.32540329679e-12, 2.88715904483e-12, -2.78788840971e-12, 6.46713932406e-12, 2.78486587089e-12, -5.61097826188e-12, 1.82669903509e-11, 7.69819971658e-12, 5.14321701547e-12, 7.51111672859e-12, -1.0001882135e-11, 1.36570806747e-11, -4.26033600759e-12, 6.06592970298e-11, 9.56737120084e-11, 1.66261622525e-11, 1.59436925468e-11, 2.35596893557e-12, 1.58139611296e-14, -7.46610455751e-13, -1.74976027591e-13, -9.28849384289e-15, -3.87842410504e-16, -3.58581736751e-16, -3.69337705222e-16], [3.18907692883e-16, 2.25816178365e-13, 2.88715904483e-12, 1.98257851108e-11, 1.20275794532e-11, 3.0844027419e-12, 2.5419345448e-12, 1.3149928195e-11, 3.93560982415e-11, -1.13610379784e-12, 1.06858697238e-11, -1.64840519706e-11, -1.30134184678e-11, 4.07757369536e-11, 4.83280603036e-11, 8.45844436159e-11, 5.56765016035e-11, 2.13496113149e-11, 2.02656259829e-11, 1.3557442495e-11, 3.34082761455e-12, 1.00304996514e-12, -3.52464693716e-13, -5.75289107666e-15, -5.42158313906e-16, -5.00870698744e-16, -5.15377779092e-16], [-2.92906216622e-15, 1.55112988426e-12, -2.78788840971e-12, 1.20275794532e-11, 4.42466924211e-10, 2.04303449158e-10, 4.34456498555e-11, 1.07140879502e-10, 9.12263320441e-11, 3.59096051505e-11, 7.48838283049e-11, 2.96754593121e-10, 3.91989302129e-10, 2.41265507572e-10, 4.6420761679e-10, 1.589808174e-09, 1.7400048069e-09, 6.61407872915e-10, 6.02509098169e-10, 5.00655239488e-10, 1.34368557947e-10, 3.57806076434e-11, 7.66522349066e-12, 3.04668264358e-13, -3.07633790234e-15, -2.84466126226e-15, -2.92777764076e-15], [-5.37956077576e-16, 2.10274601008e-13, 6.46713932406e-12, 3.0844027419e-12, 2.04303449158e-10, 2.81682499548e-09, 1.48657627874e-10, 1.11134858261e-10, 1.99582114724e-10, 2.29797667006e-10, 1.04492151043e-10, 5.02338615149e-10, 9.98105154082e-10, 4.89044249541e-10, 1.14677412011e-09, 3.05385583488e-09, 5.18874232469e-09, 1.65775460026e-09, 1.37608557882e-09, 4.70432748312e-10, 2.1336894751e-10, 6.0218212361e-11, 1.26916203241e-11, 4.17078941913e-13, -8.49160439908e-15, -7.84671755875e-15, -8.076611618e-15], [-8.40169523986e-15, 1.30809436633e-12, 2.78486587089e-12, 2.5419345448e-12, 4.34456498555e-11, 1.48657627874e-10, 8.96006879803e-10, -2.35664751602e-11, 2.74390926647e-10, 4.86091826513e-11, -2.21343408012e-12, 2.13511472391e-10, 4.07278794023e-10, 2.51257487038e-10, 4.7232573408e-10, 1.8030111848e-09, 1.6443798545e-09, 4.21371298964e-10, 4.92941465424e-10, 2.78794515252e-10, 3.56645928068e-11, 4.27684884036e-12, 2.23426875959e-12, 4.59326485538e-14, -2.70613283538e-15, -2.48327147894e-15, -2.54077654573e-15], [-4.51319855782e-14, 4.190861525e-14, -5.61097826188e-12, 1.3149928195e-11, 1.07140879502e-10, 1.11134858261e-10, -2.35664751602e-11, 9.10263153742e-09, 1.18754894807e-09, -1.96094585014e-10, -1.65068875235e-10, -4.69275229786e-10, -7.03169911187e-10, 5.7669130582e-10, 6.41553088432e-10, 5.53367740519e-10, 2.63563304514e-09, 1.45038014931e-09, 1.09933306902e-09, 7.8578887841e-10, 1.35246397415e-10, 6.58025647859e-11, 5.95177119395e-12, 6.23908748016e-13, -1.2242843119e-14, -1.12729446546e-14, -1.15720040362e-14], [-4.13073506064e-14, 1.64473868552e-11, 1.82669903509e-11, 3.93560982415e-11, 9.12263320441e-11, 1.99582114724e-10, 2.74390926647e-10, 1.18754894807e-09, 1.4474768939e-08, 1.04103337062e-09, 1.23299093158e-09, 1.41785261309e-09, 8.934048501e-10, 1.24989518735e-09, 1.45279976937e-09, 9.53083034716e-09, 9.09618869116e-09, 4.99817565114e-09, 3.18199600002e-09, 1.81439485658e-09, 4.90113449825e-10, 9.17324272098e-11, 3.65054306228e-11, 1.65292410835e-12, -1.51493604445e-14, -1.40432946576e-14, -1.44874838173e-14], [-1.38441631409e-14, 4.57707179449e-12, 7.69819971658e-12, -1.13610379784e-12, 3.59096051505e-11, 2.29797667006e-10, 4.86091826513e-11, -1.96094585014e-10, 1.04103337062e-09, 2.99742231036e-09, 3.6627659239e-10, 1.19982923596e-09, 1.05288522345e-09, 4.88827311962e-10, 4.27609725406e-10, 2.38567987587e-09, 3.47003226153e-09, 1.81173709368e-09, 1.34999034174e-09, 5.00881114363e-10, 1.81940504329e-10, 7.34473853264e-12, 1.08764071968e-12, -1.5394249528e-14, -5.32604279893e-15, -4.91909852492e-15, -5.06039886711e-15], [-2.16532063682e-14, 4.94683244021e-12, 5.14321701547e-12, 1.06858697238e-11, 7.48838283049e-11, 1.04492151043e-10, -2.21343408012e-12, -1.65068875235e-10, 1.23299093158e-09, 3.6627659239e-10, 5.11826447891e-09, 1.77334436025e-09, 1.40145206551e-09, 4.73522554501e-10, -1.24849533489e-10, 2.84273909967e-10, 4.48306586298e-10, 1.79315423621e-10, 3.1659158628e-10, 1.91370017055e-10, 1.15823566016e-11, -5.21772468981e-12, 1.26699421354e-12, 2.85368327276e-13, -1.2435172114e-14, -1.14925506516e-14, -1.18335584929e-14], [-4.9308623726e-14, 2.25610155558e-11, 7.51111672859e-12, -1.64840519706e-11, 2.96754593121e-10, 5.02338615149e-10, 2.13511472391e-10, -4.69275229786e-10, 1.41785261309e-09, 1.19982923596e-09, 1.77334436025e-09, 1.75358625398e-08, 8.62330118423e-09, 9.78630176895e-10, 1.40031874984e-09, 9.79210224017e-09, 9.14753073289e-09, 4.00990840532e-09, 3.27926197308e-09, 2.02378069858e-09, 6.19576778771e-10, 1.20225079892e-10, 2.59952337434e-11, 1.27133243169e-12, -2.14046428558e-14, -1.97614548423e-14, -2.03300002972e-14], [-3.78712462594e-14, 8.28525355961e-12, -1.0001882135e-11, -1.30134184678e-11, 3.91989302129e-10, 9.98105154082e-10, 4.07278794023e-10, -7.03169911187e-10, 8.934048501e-10, 1.05288522345e-09, 1.40145206551e-09, 8.62330118423e-09, 3.53134801401e-08, 3.36641980958e-09, 5.46919620703e-09, 2.1273024231e-08, 2.47497133898e-08, 1.17313145864e-08, 9.21676246435e-09, 4.50917214678e-09, 1.30203248183e-09, 3.2790833937e-10, 1.05789675631e-10, 4.87790407025e-12, -2.91070302355e-14, -2.69399777551e-14, -2.77555993326e-14], [-4.91206230693e-14, 1.02909243627e-11, 1.36570806747e-11, 4.07757369536e-11, 2.41265507572e-10, 4.89044249541e-10, 2.51257487038e-10, 5.7669130582e-10, 1.24989518735e-09, 4.88827311962e-10, 4.73522554501e-10, 9.78630176895e-10, 3.36641980958e-09, 9.28307919423e-09, 2.87360135687e-09, 9.09270791993e-09, 1.0982736498e-08, 5.39133004906e-09, 3.99440924781e-09, 2.18918150274e-09, 7.76202324637e-10, 2.1885132595e-10, 4.99571460588e-11, 2.17904383773e-12, -1.88180176872e-14, -1.73845990771e-14, -1.78915449079e-14], [-5.65002146631e-14, 9.93416546941e-12, -4.26033600759e-12, 4.83280603036e-11, 4.6420761679e-10, 1.14677412011e-09, 4.7232573408e-10, 6.41553088432e-10, 1.45279976937e-09, 4.27609725406e-10, -1.24849533489e-10, 1.40031874984e-09, 5.46919620703e-09, 2.87360135687e-09, 2.86887242851e-08, 2.26016645399e-08, 2.15190869568e-08, 1.13348930242e-08, 5.59087887098e-09, 3.19543524974e-09, 9.82723347143e-10, 3.21970339279e-10, 6.7926227143e-11, 1.70005491889e-12, -4.69408549303e-14, -4.35448897806e-14, -4.49294261192e-14], [-1.71123613326e-13, 3.23221588383e-11, 6.06592970298e-11, 8.45844436159e-11, 1.589808174e-09, 3.05385583488e-09, 1.8030111848e-09, 5.53367740519e-10, 9.53083034716e-09, 2.38567987587e-09, 2.84273909967e-10, 9.79210224017e-09, 2.1273024231e-08, 9.09270791993e-09, 2.26016645399e-08, 1.75524846213e-07, 9.59899608688e-08, 4.80202402287e-08, 2.91584374423e-08, 1.86989286277e-08, 6.24532514593e-09, 1.57510338106e-09, 4.08283962194e-10, 1.4018939655e-11, -8.81148791627e-14, -8.19610153943e-14, -8.46613767589e-14], [-1.15041643204e-13, 4.64481821061e-11, 9.56737120084e-11, 5.56765016035e-11, 1.7400048069e-09, 5.18874232469e-09, 1.6443798545e-09, 2.63563304514e-09, 9.09618869116e-09, 3.47003226153e-09, 4.48306586298e-10, 9.14753073289e-09, 2.47497133898e-08, 1.0982736498e-08, 2.15190869568e-08, 9.59899608688e-08, 2.30686495684e-07, 7.3525690425e-08, 4.42487717578e-08, 2.23289919887e-08, 8.51048920225e-09, 2.13867235033e-09, 6.11370676307e-10, 2.38554124371e-11, -6.92244181357e-14, -6.42600122419e-14, -6.62448205015e-14], [-1.56724012565e-13, 1.2016232627e-11, 1.66261622525e-11, 2.13496113149e-11, 6.61407872915e-10, 1.65775460026e-09, 4.21371298964e-10, 1.45038014931e-09, 4.99817565114e-09, 1.81173709368e-09, 1.79315423621e-10, 4.00990840532e-09, 1.17313145864e-08, 5.39133004906e-09, 1.13348930242e-08, 4.80202402287e-08, 7.3525690425e-08, 7.72481598688e-08, 2.96953963641e-08, 1.43146099418e-08, 5.92117332943e-09, 1.59955504397e-09, 4.0730999129e-10, 1.55011455061e-11, -6.59491653453e-14, -6.12832945198e-14, -6.32645249122e-14], [-8.82602503452e-14, 2.58343259979e-12, 1.59436925468e-11, 2.02656259829e-11, 6.02509098169e-10, 1.37608557882e-09, 4.92941465424e-10, 1.09933306902e-09, 3.18199600002e-09, 1.34999034174e-09, 3.1659158628e-10, 3.27926197308e-09, 9.21676246435e-09, 3.99440924781e-09, 5.59087887098e-09, 2.91584374423e-08, 4.42487717578e-08, 2.96953963641e-08, 3.17902539848e-08, 1.11106670531e-08, 4.33636726527e-09, 1.2182013176e-09, 2.99407970639e-10, 1.16867080249e-11, -2.46351299549e-14, -2.29697242672e-14, -2.37272664895e-14], [-6.67133787991e-14, 5.61682774944e-12, 2.35596893557e-12, 1.3557442495e-11, 5.00655239488e-10, 4.70432748312e-10, 2.78794515252e-10, 7.8578887841e-10, 1.81439485658e-09, 5.00881114363e-10, 1.91370017055e-10, 2.02378069858e-09, 4.50917214678e-09, 2.18918150274e-09, 3.19543524974e-09, 1.86989286277e-08, 2.23289919887e-08, 1.43146099418e-08, 1.11106670531e-08, 1.18441265684e-08, 2.90428014971e-09, 7.3530703748e-10, 1.95027799466e-10, 7.88011843278e-12, -2.35901538782e-14, -2.19924583102e-14, -2.27315860362e-14], [-1.63576224506e-14, 2.54113136783e-13, 1.58139611296e-14, 3.34082761455e-12, 1.34368557947e-10, 2.1336894751e-10, 3.56645928068e-11, 1.35246397415e-10, 4.90113449825e-10, 1.81940504329e-10, 1.15823566016e-11, 6.19576778771e-10, 1.30203248183e-09, 7.76202324637e-10, 9.82723347143e-10, 6.24532514593e-09, 8.51048920225e-09, 5.92117332943e-09, 4.33636726527e-09, 2.90428014971e-09, 1.58014146212e-09, 3.34841682159e-10, 7.55480331072e-11, 3.20500223583e-12, -5.25796591393e-15, -4.93275481361e-15, -5.1144357575e-15], [-4.4092342421e-15, -1.73392740053e-13, -7.46610455751e-13, 1.00304996514e-12, 3.57806076434e-11, 6.0218212361e-11, 4.27684884036e-12, 6.58025647859e-11, 9.17324272098e-11, 7.34473853264e-12, -5.21772468981e-12, 1.20225079892e-10, 3.2790833937e-10, 2.1885132595e-10, 3.21970339279e-10, 1.57510338106e-09, 2.13867235033e-09, 1.59955504397e-09, 1.2182013176e-09, 7.3530703748e-10, 3.34841682159e-10, 1.2388902404e-10, 2.32762507185e-11, 9.34456722071e-13, -7.14913859872e-16, -6.76352049674e-16, -7.03111726302e-16], [-7.47723204628e-16, -1.97557871754e-13, -1.74976027591e-13, -3.52464693716e-13, 7.66522349066e-12, 1.26916203241e-11, 2.23426875959e-12, 5.95177119395e-12, 3.65054306228e-11, 1.08764071968e-12, 1.26699421354e-12, 2.59952337434e-11, 1.05789675631e-10, 4.99571460588e-11, 6.7926227143e-11, 4.08283962194e-10, 6.11370676307e-10, 4.0730999129e-10, 2.99407970639e-10, 1.95027799466e-10, 7.55480331072e-11, 2.32762507185e-11, 8.31975113802e-12, 3.32043013961e-13, -5.99575712785e-17, -5.92285869309e-17, -6.26673752606e-17], [-5.54972264728e-18, -8.91146507851e-15, -9.28849384289e-15, -5.75289107666e-15, 3.04668264358e-13, 4.17078941913e-13, 4.59326485538e-14, 6.23908748016e-13, 1.65292410835e-12, -1.5394249528e-14, 2.85368327276e-13, 1.27133243169e-12, 4.87790407025e-12, 2.17904383773e-12, 1.70005491889e-12, 1.4018939655e-11, 2.38554124371e-11, 1.55011455061e-11, 1.16867080249e-11, 7.88011843278e-12, 3.20500223583e-12, 9.34456722071e-13, 3.32043013961e-13, 1.92361588897e-14, 1.49825569991e-17, 1.36706948697e-17, 1.39959919173e-17], [2.70332517262e-17, -9.60418696633e-17, -3.87842410504e-16, -5.42158313906e-16, -3.07633790234e-15, -8.49160439908e-15, -2.70613283538e-15, -1.2242843119e-14, -1.51493604445e-14, -5.32604279893e-15, -1.2435172114e-14, -2.14046428558e-14, -2.91070302355e-14, -1.88180176872e-14, -4.69408549303e-14, -8.81148791627e-14, -6.92244181357e-14, -6.59491653453e-14, -2.46351299549e-14, -2.35901538782e-14, -5.25796591393e-15, -7.14913859872e-16, -5.99575712785e-17, 1.49825569991e-17, 1.56847241513e-17, 1.45051927219e-17, 1.49414080723e-17], [2.4998605795e-17, -8.90954120198e-17, -3.58581736751e-16, -5.00870698744e-16, -2.84466126226e-15, -7.84671755875e-15, -2.48327147894e-15, -1.12729446546e-14, -1.40432946576e-14, -4.91909852492e-15, -1.14925506516e-14, -1.97614548423e-14, -2.69399777551e-14, -1.73845990771e-14, -4.35448897806e-14, -8.19610153943e-14, -6.42600122419e-14, -6.12832945198e-14, -2.29697242672e-14, -2.19924583102e-14, -4.93275481361e-15, -6.76352049674e-16, -5.92285869309e-17, 1.36706948697e-17, 1.45051927219e-17, 1.34144293528e-17, 1.38178809063e-17], [2.57489462918e-17, -9.19339716273e-17, -3.69337705222e-16, -5.15377779092e-16, -2.92777764076e-15, -8.076611618e-15, -2.54077654573e-15, -1.15720040362e-14, -1.44874838173e-14, -5.06039886711e-15, -1.18335584929e-14, -2.03300002972e-14, -2.77555993326e-14, -1.78915449079e-14, -4.49294261192e-14, -8.46613767589e-14, -6.62448205015e-14, -6.32645249122e-14, -2.37272664895e-14, -2.27315860362e-14, -5.1144357575e-15, -7.03111726302e-16, -6.26673752606e-17, 1.39959919173e-17, 1.49414080723e-17, 1.38178809063e-17, 1.42334887061e-17]]
    },
    "mfcc": {
        "kurt": [6.87831687927, 1.96777439117, 1.2947640419, 0.698755025864, 0.320748567581, 0.481707334518, 0.579863548279, 0.526526689529, 0.726585865021, -0.182916641235, 0.210840702057, 0.100687742233, 0.290508031845],
        "max": [-672.461120605, 141.738250732, -102.397918701, 56.38230896, -7.20732116699, 10.1898422241, 11.6795387268, 16.3543605804, 20.3639678955, 8.78994178772, 15.8484840393, 20.8071498871, 15.6176109314],
        "mean": [-733.287414551, 118.180717468, -136.164718628, 35.2531089783, -26.2277545929, -15.9025335312, -11.4599256516, -13.4750185013, -0.379337400198, -11.3726835251, -4.65904188156, -2.83325433731, -2.80913829803],
        "median": [-735.465454102, 120.253646851, -136.197753906, 35.4079246521, -25.7181510925, -16.8308372498, -11.0200614929, -13.8246078491, 0.252052307129, -11.3137245178, -4.72143936157, -2.77321624756, -2.77848243713],
        "min": [-852.95513916, 72.375, -160.439682007, 3.46389007568, -54.4530525208, -37.9296073914, -40.8563079834, -33.4393539429, -29.1026000977, -28.8050460815, -28.5543994904, -20.5661315918, -20.0347557068],
        "skew": [0.693815410137, -1.21854543686, 0.04904557392, -0.0392676927149, -0.329742908478, 0.546661257744, -0.398762345314, 0.459044903517, -0.441074997187, -0.0662876293063, -0.00422737607732, -0.0137017443776, 0.0135968429968],
        "var": [217.442062378, 132.375030518, 40.3343734741, 41.210308075, 50.4851493835, 58.1562194824, 69.5900650024, 52.6730270386, 45.3440704346, 33.3237838745, 31.269203186, 32.1571960449, 26.6336364746],
        "cov": [[217.681274414, -65.2319335938, 10.1524019241, 41.3674316406, -46.8281555176, 61.0898399353, -61.360710144, 49.4859237671, -37.6214065552, 10.41431427, -2.63712286949, -10.5500202179, 11.7737922668], [-65.2319335938, 132.5206604, -3.6250576973, -11.6013393402, 46.817943573, -43.2304992676, 59.1399917603, -40.6639862061, 36.8428955078, -12.7329454422, 0.394468516111, 9.73171520233, -6.20470333099], [10.1524019241, -3.6250576973, 40.3787460327, 15.0040502548, -2.32331347466, 15.6018781662, -10.9948396683, 11.4540777206, -6.53058433533, 5.30300140381, -0.698689103127, -1.11773097515, 4.09607982635], [41.3674316406, -11.6013393402, 15.0040502548, 41.2556419373, 5.63265514374, 16.9058704376, -8.69369983673, 6.55916786194, -2.58328938484, -0.287688225508, 2.95249533653, -2.12454295158, 4.80793046951], [-46.8281555176, 46.817943573, -2.32331347466, 5.63265514374, 50.540687561, -7.97763347626, 27.9081287384, -15.4761381149, 14.7212467194, -1.86217534542, -0.424129664898, 8.87783432007, -1.75355160236], [61.0898399353, -43.2304992676, 15.6018781662, 16.9058704376, -7.97763347626, 58.220199585, -14.3437824249, 26.4847431183, -13.79043293, 3.98086071014, 4.6119222641, -6.51067399979, 10.0577411652], [-61.360710144, 59.1399917603, -10.9948396683, -8.69369983673, 27.9081287384, -14.3437824249, 69.6666183472, -10.6167011261, 27.3657398224, -2.31629133224, 0.602314412594, 12.2915067673, -5.4925160408], [49.4859237671, -40.6639862061, 11.4540777206, 6.55916786194, -15.4761381149, 26.4847431183, -10.6167011261, 52.73097229, 0.266226321459, 14.0532302856, 4.13422727585, -4.17948293686, 5.73925304413], [-37.6214065552, 36.8428955078, -6.53058433533, -2.58328938484, 14.7212467194, -13.79043293, 27.3657398224, 0.266226321459, 45.3939552307, 8.29961967468, 8.40520858765, 4.03206157684, -3.99964046478], [10.41431427, -12.7329454422, 5.30300140381, -0.287688225508, -1.86217534542, 3.98086071014, -2.31629133224, 14.0532302856, 8.29961967468, 33.3604431152, 8.74534702301, 5.95344257355, 1.45690941811], [-2.63712286949, 0.394468516111, -0.698689103127, 2.95249533653, -0.424129664898, 4.6119222641, 0.602314412594, 4.13422727585, 8.40520858765, 8.74534702301, 31.3036022186, 7.36103916168, 4.71631574631], [-10.5500202179, 9.73171520233, -1.11773097515, -2.12454295158, 8.87783432007, -6.51067399979, 12.2915067673, -4.17948293686, 4.03206157684, 5.95344257355, 7.36103916168, 32.1925697327, 6.07278060913], [11.7737922668, -6.20470333099, 4.09607982635, 4.80793046951, -1.75355160236, 10.0577411652, -5.4925160408, 5.73925304413, -3.99964046478, 1.45690941811, 4.71631574631, 6.07278060913, 26.6629371643]]
    },
    "sccoeffs": {
        "kurt": [0.395023584366, 0.128785133362, 0.583770513535, 0.0874652862549, 0.504149198532, 2.01367712021],
        "max": [-0.526258289814, -0.630178868771, -0.698390722275, -0.709343671799, -0.683186769485, -0.334364175797],
        "mean": [-0.694611489773, -0.7841771245, -0.815842688084, -0.803595125675, -0.766191124916, -0.505771994591],
        "median": [-0.69614803791, -0.784467816353, -0.81760263443, -0.80516397953, -0.766102194786, -0.508070468903],
        "min": [-0.887582063675, -0.910973787308, -0.917465507984, -0.871434390545, -0.834312856197, -0.862516641617],
        "skew": [0.17429472506, 0.142644867301, 0.47201821208, 0.341995596886, 0.150776162744, 0.0216520130634],
        "var": [0.00228604464792, 0.00192548509222, 0.00104660494253, 0.000689773412887, 0.000442543823738, 0.00291775842197],
        "cov": [[0.0022885594517, -1.12912384793e-05, 6.16791294306e-05, 6.18977646809e-05, 4.52500330539e-07, 0.000232647245866], [-1.12912384793e-05, 0.001927603269, 6.88018626533e-05, 2.31944886764e-05, -8.65470519784e-06, 7.89749246906e-05], [6.16791294306e-05, 6.88018626533e-05, 0.00104775629006, 4.52502208645e-05, 1.26928589452e-05, 0.000117810042866], [6.18977646809e-05, 2.31944886764e-05, 4.52502208645e-05, 0.000690532266162, 2.47413390753e-05, 4.24976024078e-05], [4.52500330539e-07, -8.65470519784e-06, 1.26928589452e-05, 2.47413390753e-05, 0.000443030672614, 1.79224534804e-05], [0.000232647245866, 7.89749246906e-05, 0.000117810042866, 4.24976024078e-05, 1.79224534804e-05, 0.00292096822523]]
    },
    "scvalleys": {
        "kurt": [0.359987020493, 0.17101764679, 0.50483083725, 1.58786153793, 7.05694389343, 0.620771884918],
        "max": [-7.06381511688, -5.79684305191, -5.41401004791, -5.48223495483, -5.79794549942, -10.2660312653],
        "mean": [-8.59369277954, -6.6163277626, -6.40582132339, -6.10708427429, -6.65252351761, -14.0543365479],
        "median": [-8.5752620697, -6.61364841461, -6.39982938766, -6.10167980194, -6.67208242416, -13.9722518921],
        "min": [-9.9911699295, -8.0022315979, -7.17431735992, -7.32661533356, -8.26636123657, -16.8826217651],
        "skew": [-0.31688529253, -0.280038505793, 0.0409979186952, -0.239467635751, 0.28960481286, -0.422003686428],
        "var": [0.147643402219, 0.0915692672133, 0.0620525069535, 0.0397461131215, 0.0361603088677, 0.691720306873],
        "cov": [[0.147805824876, 0.00586715340614, 0.0126315914094, 0.00578629784286, 0.0027449678164, 0.0103593729436], [0.00586715340614, 0.0916700065136, 0.00416562939063, 0.00864203833044, 0.00684104068205, 0.015531193465], [0.0126315914094, 0.00416562939063, 0.0621207728982, 0.0075005274266, 0.00817944854498, 0.00458610942587], [0.00578629784286, 0.00864203833044, 0.0075005274266, 0.039789840579, 0.0132911549881, -0.00049750378821], [0.0027449678164, 0.00684104068205, 0.00817944854498, 0.0132911549881, 0.0362000875175, 0.00886581838131], [0.0103593729436, 0.015531193465, 0.00458610942587, -0.00049750378821, 0.00886581838131, 0.692481219769]]
    }
},
"rhythm": {
    "beats_loudness": {
        "kurt": 4.00032138824,
        "max": 0.0100476928055,
        "mean": 0.00431814137846,
        "median": 0.00391384307295,
        "min": 0.0026882821694,
        "skew": 1.98647809029,
        "var": 2.25180588131e-06
    },
    "bpm": 122.728912354,
    "confidence": 0.583681106567,
    "first_peak_bpm": {
        "kurt": 0,
        "max": 123,
        "mean": 123,
        "median": 123,
        "min": 123,
        "skew": 0,
        "var": 0
    },
    "first_peak_spread": {
        "kurt": 0,
        "max": 0.111111104488,
        "mean": 0.111111104488,
        "median": 0.111111104488,
        "min": 0.111111104488,
        "skew": 0,
        "var": 0
    },
    "first_peak_weight": {
        "kurt": 0,
        "max": 0.166666671634,
        "mean": 0.166666671634,
        "median": 0.166666671634,
        "min": 0.166666671634,
        "skew": 0,
        "var": 0
    },
    "onset_rate": 0.28438770771,
    "second_peak_bpm": {
        "kurt": 0,
        "max": 161,
        "mean": 161,
        "median": 161,
        "min": 161,
        "skew": 0,
        "var": 0
    },
    "second_peak_spread": {
        "kurt": 0,
        "max": 0.428571462631,
        "mean": 0.428571462631,
        "median": 0.428571462631,
        "min": 0.428571462631,
        "skew": 0,
        "var": 0
    },
    "second_peak_weight": {
        "kurt": 0,
        "max": 0.166666671634,
        "mean": 0.166666671634,
        "median": 0.166666671634,
        "min": 0.166666671634,
        "skew": 0,
        "var": 0
    },
    "beats_loudness_band_ratio": {
        "kurt": [-0.279919862747, 7.09442043304, -0.700952529907, 3.54440975189, 0.835930109024, 4.86459112167],
        "max": [0.00681241927668, 0.0847478210926, 0.162662521005, 0.479671746492, 0.792943656445, 0.288826197386],
        "mean": [0.00295996107161, 0.0218594800681, 0.0827540829778, 0.200991183519, 0.583593428135, 0.119259931147],
        "median": [0.00283129583113, 0.018249431625, 0.0789347812533, 0.198427855968, 0.581138730049, 0.111360296607],
        "min": [0.000424212397775, 0.00458199949935, 0.029763225466, 0.0673395171762, 0.366365939379, 0.0661214217544],
        "skew": [0.533764958382, 2.25157356262, 0.395228773355, 1.27547776699, -0.195929348469, 1.83610868454],
        "var": [2.53096300185e-06, 0.000190498816664, 0.00111401395407, 0.00495151430368, 0.00572346895933, 0.00165008939803],
        "cov": [[2.58369141193e-06, 3.89157730751e-06, 2.18857917389e-06, 2.24949126277e-05, -1.31514461827e-05, -1.64891171153e-05], [3.89157730751e-06, 0.000194467545953, 3.61202000931e-05, 7.00128339304e-06, -0.000138816903927, -6.37779085082e-05], [2.18857917389e-06, 3.61202000931e-05, 0.00113722262904, -8.56642654981e-05, -0.000670772918966, -0.000348439876689], [2.24949126277e-05, 7.00128339304e-06, -8.56642654981e-05, 0.00505467085168, -0.00446168007329, -0.000486034201458], [-1.31514461827e-05, -0.000138816903927, -0.000670772918966, -0.00446168007329, 0.0058427080512, -0.000718088820577], [-1.64891171153e-05, -6.37779085082e-05, -0.000348439876689, -0.000486034201458, -0.000718088820577, 0.00168446626049]]
    },
    "beats_position": [0.545668900013, 1.10294783115, 1.67183673382, 2.22911548615, 2.77478456497, 3.26240348816, 3.75002264977, 4.23764181137, 4.72526073456, 5.21287965775, 5.70049858093, 6.18811798096, 6.67573690414, 7.17496585846, 7.60453510284, 8.03410434723, 8.46367359161, 8.893242836, 9.31120204926, 9.72916126251, 10.1587295532, 10.5418596268, 10.9133787155, 11.2848978043, 11.656416893, 12.0279359818, 12.3994560242, 12.7709751129, 13.1424942017, 13.4907932281, 13.8390922546, 14.1873922348, 14.5356912613, 14.8839902878, 15.2439002991, 15.5921993256, 15.9521083832, 16.3120174408, 16.6719264984, 17.0202255249, 17.3801364899, 17.7516555786, 18.1347846985, 18.5179138184, 18.9126529694, 19.2957820892, 19.6905212402, 20.0736503601, 20.45677948],
    "bpm_estimates": [123.046905518, 123.046844482, 123.046844482, 123.046905518, 123.046905518, 123.046905518, 123.046783447, 123.046905518, 120.185333252],
    "bpm_intervals": [0.557278931141, 0.568888902664, 0.557278752327, 0.545669078827, 0.487618923187, 0.487619161606, 0.487619161606, 0.487618923187, 0.487618923187, 0.487618923187, 0.487619400024, 0.487618923187, 0.499228954315, 0.429569244385, 0.429569244385, 0.429569244385, 0.429569244385, 0.417959213257, 0.417959213257, 0.42956829071, 0.383130073547, 0.371519088745, 0.371519088745, 0.371519088745, 0.371519088745, 0.371520042419, 0.371519088745, 0.371519088745, 0.348299026489, 0.348299026489, 0.348299980164, 0.348299026489, 0.348299026489, 0.359910011292, 0.348299026489, 0.359909057617, 0.359909057617, 0.359909057617, 0.348299026489, 0.359910964966, 0.371519088745, 0.383129119873, 0.383129119873, 0.394739151001, 0.383129119873, 0.394739151001, 0.383129119873, 0.383129119873],
    "onset_times": [0.0116099771112, 0.789478480816, 1.68344676495, 5.81659841537, 11.6680269241, 16.9737873077],
    "histogram": [[0, 0, 0, 0, 0, 0, 0, 0, 0, 0, 0, 0, 0, 0, 0, 0, 0, 0, 0, 0, 0, 0, 0, 0, 0, 0, 0, 0, 0, 0, 0, 0, 0, 0, 0, 0, 0, 0, 0, 0, 0, 0, 0, 0, 0, 0, 0, 0, 0, 0, 0, 0, 0, 0, 0, 0, 0, 0, 0, 0, 0, 0, 0, 0, 0, 0, 0, 0, 0, 0, 0, 0, 0, 0, 0, 0, 0, 0, 0, 0, 0, 0, 0, 0, 0, 0, 0, 0, 0, 0, 0, 0, 0, 0, 0, 0, 0, 0, 0, 0, 0, 0, 0, 0, 0, 0.0208333339542, 0, 0, 0.0416666679084, 0, 0.0208333339542, 0, 0, 0, 0, 0, 0, 0, 0, 0, 0.0208333339542, 0, 0, 0.166666671634, 0, 0, 0, 0, 0, 0, 0, 0, 0, 0, 0, 0, 0, 0, 0, 0, 0.104166664183, 0, 0, 0, 0.0416666679084, 0, 0, 0, 0, 0, 0, 0, 0.0416666679084, 0, 0, 0, 0, 0.125, 0, 0, 0, 0.166666671634, 0, 0, 0, 0, 0, 0.104166664183, 0, 0, 0, 0, 0.145833328366, 0, 0, 0, 0, 0, 0, 0, 0, 0, 0, 0, 0, 0, 0, 0, 0, 0, 0, 0, 0, 0, 0, 0, 0, 0, 0, 0, 0, 0, 0, 0, 0, 0, 0, 0, 0, 0, 0, 0, 0, 0, 0, 0, 0, 0, 0, 0, 0, 0, 0, 0, 0, 0, 0, 0, 0, 0, 0, 0, 0, 0, 0, 0, 0, 0, 0, 0, 0, 0, 0, 0, 0, 0, 0, 0, 0, 0]]
},
"sfx": {
    "inharmonicity": {
        "kurt": -0.482008934021,
        "max": 0.393463939428,
        "mean": 0.0896794423461,
        "median": 0.0152002256364,
        "min": 0,
        "skew": 0.985186219215,
        "var": 0.0130752241239
    },
    "oddtoevenharmonicenergyratio": {
        "kurt": 22.1195888519,
        "max": 10.518901825,
        "mean": 0.690369188786,
        "median": 0.23868881166,
        "min": 0,
        "skew": 3.72498273849,
        "var": 1.16978085041
    },
    "pitch_after_max_to_before_max_energy_ratio": 13.9041748047,
    "pitch_centroid": 442.631164551,
    "pitch_max_to_total": 0.0802197828889,
    "pitch_min_to_total": 0.472527474165,
    "tristimulus": {
        "kurt": [-1.86196494102, 0.97842502594, -1.35265672207],
        "max": [1, 0.941258251667, 1],
        "mean": [0.486772269011, 0.216062426567, 0.297165423632],
        "median": [0.4124802351, 0.145468384027, 0],
        "min": [0, 0, 0],
        "skew": [0.00978853926063, 1.39050877094, 0.661709010601],
        "var": [0.172666817904, 0.0452938713133, 0.136660605669],
        "cov": [[0.172856763005, -0.0406950898468, -0.132161706686], [-0.0406950898468, 0.0453437007964, -0.00464860675856], [-0.132161706686, -0.00464860675856, 0.136810943484]]
    }
},
"tonal": {
    "chords_changes_rate": 0.0767543837428,
    "chords_number_rate": 0.0153508773074,
    "chords_strength": {
        "kurt": 0.79588341713,
        "max": 0.700335741043,
        "mean": 0.431071728468,
        "median": 0.4259750247,
        "min": 0.237818315625,
        "skew": 0.415774315596,
        "var": 0.00746309477836
    },
    "key_strength": 0.213240295649,
    "tuning_diatonic_strength": 0.40948933363,
    "tuning_equal_tempered_deviation": 0.128440722823,
    "tuning_frequency": 445.112548828,
    "tuning_nontempered_energy_ratio": 0.80139786005,
    "hpcp": {
