{
"metadata": {
    "version": {
        "essentia": "2.1-beta3"
    }
},
"lowLevel": {
    "average_loudness": 0.873462378979,
    "barkbands_kurtosis": {
        "kurt": 8.13873100281,
        "max": 14.5167999268,
        "mean": 1.4656021595,
        "median": 1.28755784035,
        "min": -1.45064353943,
        "skew": 1.71666872501,
        "var": 2.44229984283
    },
    "barkbands_skewness": {
        "kurt": 0.218116760254,
        "max": 1.50202012062,
        "mean": -0.358090132475,
        "median": -0.497423708439,
        "min": -3.69449615479,
        "skew": 0.185761481524,
        "var": 0.466349631548
    },
    "barkbands_spread": {
        "kurt": 2.45483064651,
        "max": 38.8128356934,
        "mean": 14.5022029877,
        "median": 13.5858573914,
        "min": 3.39568662643,
        "skew": 1.21893966198,
        "var": 31.367767334
    },
    "dissonance": {
        "kurt": 516.321166992,
        "max": 0.499999970198,
        "mean": 0.495018690825,
        "median": 0.496959000826,
        "min": 0.226092666388,
        "skew": -20.2295188904,
        "var": 0.000106720399344
    },
    "hfc": {
        "kurt": 5.19349765778,
        "max": 19.7043132782,
        "mean": 2.57266330719,
        "median": 1.91634011269,
        "min": 0.000127904626424,
        "skew": 1.73632228374,
        "var": 5.89399623871
    },
    "pitch": {
        "kurt": -1.0007827282,
        "max": 4158.52490234,
        "mean": 1707.45983887,
        "median": 2020.10302734,
        "min": 99.4818649292,
        "skew": -0.450718551874,
        "var": 717854.4375
    },
    "pitch_instantaneous_confidence": {
        "kurt": 1.51581716537,
        "max": 0.93040060997,
        "mean": 0.352919995785,
        "median": 0.329743057489,
        "min": 0.139331579208,
        "skew": 1.01635575294,
        "var": 0.0125148389488
    },
    "pitch_salience": {
        "kurt": 1.43874168396,
        "max": 0.923660457134,
        "mean": 0.747287809849,
        "median": 0.752314567566,
        "min": 0.577845335007,
        "skew": -0.686091244221,
        "var": 0.00153974804562
    },
    "silence_rate_20dB": {
        "kurt": 0,
        "max": 1,
        "mean": 1,
        "median": 1,
        "min": 1,
        "skew": 0,
        "var": 0
    },
    "silence_rate_30dB": {
        "kurt": 0,
        "max": 1,
        "mean": 1,
        "median": 1,
        "min": 1,
        "skew": 0,
        "var": 0
    },
    "silence_rate_60dB": {
        "kurt": 44.242603302,
        "max": 1,
        "mean": 0.979683995247,
        "median": 1,
        "min": 0,
        "skew": -6.80018091202,
        "var": 0.0199033301324
    },
    "spectral_centroid": {
        "kurt": -0.252546310425,
        "max": 4547.92919922,
        "mean": 2864.69726562,
        "median": 2925.83056641,
        "min": 1278.02124023,
        "skew": -0.0902703329921,
        "var": 360656.90625
    },
    "spectral_complexity": {
        "kurt": 0.688436746597,
        "max": 17,
        "mean": 3.13318276405,
        "median": 1,
        "min": 0,
        "skew": 1.24990212917,
        "var": 15.551109314
    },
    "spectral_crest": {
        "kurt": 5.43824958801,
        "max": 23.7193450928,
        "mean": 6.90662717819,
        "median": 6.29714870453,
        "min": 2.90504002571,
        "skew": 1.68672943115,
        "var": 6.13875246048
    },
    "spectral_decrease": {
        "kurt": 6.97875785828,
        "max": -1.59254272774e-14,
        "mean": -1.8519233369e-10,
        "median": -1.2579090547e-10,
        "min": -1.61155910838e-09,
        "skew": -2.03418636322,
        "var": 3.61879724206e-20
    },
    "spectral_energy": {
        "kurt": 6.66408061981,
        "max": 0.00786964315921,
        "mean": 0.000932306342293,
        "median": 0.000664245453663,
        "min": 7.17074826184e-08,
        "skew": 1.95750081539,
        "var": 8.62694150783e-07
    },
    "spectral_energyband_high": {
        "kurt": 0.923760414124,
        "max": 0.000816994870547,
        "mean": 0.0001777040452,
        "median": 0.000133122492116,
        "min": 3.82325371362e-09,
        "skew": 1.14580583572,
        "var": 2.40189006462e-08
    },
    "spectral_energyband_low": {
        "kurt": 14.570148468,
        "max": 2.64598638751e-05,
        "mean": 2.93578546007e-06,
        "median": 1.89024626707e-06,
        "min": 2.75240635839e-10,
        "skew": 3.43695187569,
        "var": 1.17527411414e-11
    },
    "spectral_energyband_middle_high": {
        "kurt": 9.17639732361,
        "max": 0.00712129799649,
        "mean": 0.000724406912923,
        "median": 0.000471327221021,
        "min": 4.79860879921e-08,
        "skew": 2.31041359901,
        "var": 6.34621358131e-07
    },
    "spectral_energyband_middle_low": {
        "kurt": 16.8596496582,
        "max": 0.000373147777282,
        "mean": 3.0542301829e-05,
        "median": 1.55364632519e-05,
        "min": 2.13932747073e-08,
        "skew": 3.6998796463,
        "var": 1.89668170059e-09
    },
    "spectral_flatness_db": {
        "kurt": -0.193180799484,
        "max": 0.218953222036,
        "mean": 0.129489675164,
        "median": 0.131963938475,
        "min": 0.063721075654,
        "skew": 0.0320561788976,
        "var": 0.000778281479143
    },
    "spectral_flux": {
        "kurt": -0.371164798737,
        "max": 0.0422612726688,
        "mean": 0.0162239652127,
        "median": 0.0157202407718,
        "min": 0.00187440274749,
        "skew": 0.523036777973,
        "var": 6.56879856251e-05
    },
    "spectral_kurtosis": {
        "kurt": 4.09534263611,
        "max": 7.67320823669,
        "mean": 1.31804549694,
        "median": 1.2160449028,
        "min": -0.875386238098,
        "skew": 1.34179925919,
        "var": 1.16203761101
    },
    "spectral_rms": {
        "kurt": -0.0064537525177,
        "max": 0.00277086650021,
        "mean": 0.000843671848997,
        "median": 0.000805009272881,
        "min": 8.36412073113e-06,
        "skew": 0.606450617313,
        "var": 1.97785055889e-07
    },
    "spectral_rolloff": {
        "kurt": -0.966252088547,
        "max": 6503.02734375,
        "mean": 4598.77636719,
        "median": 4823.4375,
        "min": 1421.19140625,
        "skew": -0.546263813972,
        "var": 1468338.125
    },
    "spectral_skewness": {
        "kurt": 1.68010950089,
        "max": 2.47921490669,
        "mean": 1.19908547401,
        "median": 1.19021582603,
        "min": 0.667271018028,
        "skew": 0.616514980793,
        "var": 0.0556756742299
    },
    "spectral_spread": {
        "kurt": -0.241010189056,
        "max": 14001466,
        "mean": 8619371,
        "median": 8271399,
        "min": 4958863,
        "skew": 0.589674174786,
        "var": 2.3232750551e+12
    },
    "spectral_strongpeak": {
        "kurt": 6.95217514038,
        "max": 3.62449812889,
        "mean": 0.559963166714,
        "median": 0.44343405962,
        "min": 8.0691446783e-05,
        "skew": 2.13681292534,
        "var": 0.223081946373
    },
    "zerocrossingrate": {
        "kurt": 0.00907754898071,
        "max": 0.2216796875,
        "mean": 0.149524837732,
        "median": 0.1533203125,
        "min": 0.02392578125,
        "skew": -0.236418038607,
        "var": 0.000757944479119
    },
    "barkbands": {
        "kurt": [1.39463710785, 12.2094554901, 4.4127664566, 12.1052980423, 3.5539264679, 19.134557724, 70.9637069702, 21.8989582062, 23.9449615479, 51.1714172363, 22.9876899719, 14.3235836029, 21.5195655823, 7.5059928894, 5.23066711426, 63.2584533691, 15.7542076111, 26.9319801331, 11.1915931702, 4.66835021973, 6.88780975342, 4.65158510208, 6.05540847778, 35.2354660034, 12.1032466888, 14.1972141266, 75.1449584961],
        "max": [2.06664765301e-08, 2.2783424356e-06, 6.41378937871e-06, 3.19738137478e-05, 1.15407401609e-05, 2.15875188587e-05, 0.00018423635629, 0.000147211365402, 0.000156096299179, 0.000428317813203, 0.000727660371922, 0.00123498099856, 0.000656723743305, 0.000679577526171, 0.00052674068138, 0.00424807332456, 0.00153592519928, 0.00107229186688, 0.000354292074917, 0.000323205516906, 0.000357888173312, 0.000553542049602, 0.000113575362775, 0.000225907482672, 0.000101188103145, 6.40400276097e-06, 3.56419604941e-07],
        "mean": [3.92149113182e-09, 2.45009061928e-07, 1.09795985281e-06, 2.86882823275e-06, 2.41253860622e-06, 1.95943130166e-06, 5.77387390877e-06, 8.71961037774e-06, 7.51970037527e-06, 1.22951450976e-05, 3.37420096912e-05, 7.45722281863e-05, 3.64203297067e-05, 6.63687969791e-05, 7.44540375308e-05, 0.00016599582159, 0.000138723044074, 6.47784327157e-05, 3.61462189176e-05, 3.89906344935e-05, 4.74319349451e-05, 7.7417207649e-05, 1.3836076505e-05, 1.02074900497e-05, 9.80386175797e-06, 5.1517912425e-07, 7.72132935367e-09],
        "median": [2.62727040123e-09, 1.77457636141e-07, 8.42710051074e-07, 1.23574272948e-06, 2.01505372388e-06, 1.41431519296e-06, 1.90577020476e-06, 2.73022078545e-06, 2.61767445409e-06, 2.16522312257e-06, 4.69117730972e-06, 1.31973556563e-05, 9.12066025194e-06, 2.7437312383e-05, 3.78584663849e-05, 7.8129247413e-05, 7.02180259395e-05, 2.9165064916e-05, 1.82666026376e-05, 2.12282357097e-05, 3.28641181113e-05, 5.20377761859e-05, 8.76892954693e-06, 4.49885465059e-06, 4.95423682878e-06, 3.09161379164e-07, 2.13690709572e-09],
        "min": [1.968504873e-11, 1.42954065252e-10, 4.4196951654e-11, 2.54490400975e-10, 1.78633241532e-09, 5.71725888854e-10, 3.48679218831e-09, 6.10481043495e-09, 6.59471810494e-09, 6.35976427077e-09, 3.67706909365e-09, 2.62967470022e-09, 1.85193504976e-09, 5.49199041799e-09, 4.40593517226e-09, 1.38134632621e-08, 1.5933505626e-09, 2.94884872076e-09, 1.54105062045e-09, 6.2126312983e-09, 4.31323782246e-10, 1.19035237223e-09, 9.99555022085e-11, 2.01945404843e-10, 2.17678888803e-10, 1.62944883281e-11, 1.3800747654e-12],
        "skew": [1.3485660553, 2.60950779915, 1.75902068615, 3.32286214828, 1.57358801365, 3.29501700401, 7.0478477478, 4.40738677979, 4.36009740829, 6.38281488419, 4.29522895813, 3.51878833771, 3.8723950386, 2.29279232025, 2.06991410255, 6.80815505981, 3.43095469475, 4.15047073364, 2.81091713905, 1.95624780655, 2.3444018364, 1.85943555832, 2.08049535751, 5.46904802322, 3.13559222221, 2.90504622459, 7.85499811172],
        "var": [1.45143231415e-17, 5.53297675959e-14, 8.43154213982e-13, 2.19627354497e-11, 2.78277097546e-12, 3.58986646833e-12, 1.81957462986e-10, 3.35772243343e-10, 2.21174079051e-10, 1.40824774064e-09, 6.38588870672e-09, 2.55200784949e-08, 4.47151515814e-09, 7.06768066294e-09, 7.48410755591e-09, 1.01161660382e-07, 3.99433517373e-08, 1.03625303893e-08, 2.20875295831e-09, 2.07651273954e-09, 2.88463253284e-09, 6.04081007438e-09, 2.43380232634e-10, 4.72306194155e-10, 1.84277551551e-10, 3.85719261435e-13, 7.06451630152e-16],
        "cov": [[1.45307228243e-17, 3.97457875582e-16, 4.68516845955e-16, -1.90209803339e-15, 2.65998206658e-17, -5.7865982234e-16, -8.96136802459e-15, -1.58070730577e-14, -1.28128175184e-14, -2.68941295557e-14, -7.14139779755e-14, -1.55741888028e-13, -7.02692434405e-14, -9.98684574166e-14, -8.64851200095e-14, -1.80186798099e-13, -1.24455255671e-13, -5.07386186289e-14, -1.5735249746e-14, -2.02615617291e-14, -2.82046555436e-14, -1.53565209865e-14, -1.28875148129e-14, -1.53326668446e-14, -1.08683144746e-14, -2.173738932e-16, 9.4278836758e-18], [3.97457875582e-16, 5.53922887918e-14, 4.26498029601e-14, -1.43571488248e-13, 2.06603363703e-14, 8.49391934012e-15, -2.03120560736e-13, -4.34187706405e-13, -3.76776409551e-13, -8.75145171175e-13, -2.65749553439e-12, -6.19447245234e-12, -2.73748276651e-12, -3.95936798972e-12, -3.90463572933e-12, -1.08795836923e-11, -4.99487560687e-12, -2.43794654603e-12, -8.3537788232e-13, -7.64547008602e-13, -1.0709428136e-12, -9.75439997872e-13, -5.60724372749e-13, -5.96043722191e-13, -4.98484662836e-13, -1.0819350888e-14, 3.88410822551e-16], [4.68516845955e-16, 4.26498029601e-14, 8.44106956641e-13, 2.0429250739e-12, 3.98218581049e-14, 7.69375137059e-14, 1.03362942662e-13, -6.717358874e-13, -1.28084663101e-13, -1.30310757844e-12, -3.24666075274e-12, -4.77939042509e-12, -3.54917592711e-12, 6.05210109458e-13, 3.5275918471e-12, 5.22084589102e-12, 5.28884618392e-12, 3.18748357515e-14, 1.36985756939e-12, 5.42439270584e-12, 3.90172703174e-12, 1.03159763717e-11, 8.4839833726e-13, -7.06575477381e-13, -2.54899606874e-14, 2.81410569218e-14, 3.23615687292e-16], [-1.90209803339e-15, -1.43571488248e-13, 2.0429250739e-12, 2.19875524038e-11, 4.40955025315e-13, -2.39520209222e-13, 4.03896615589e-13, 5.78608558635e-13, 1.13196116976e-12, 1.82814852666e-12, 1.61839066454e-11, 5.79127266975e-11, 1.39660297216e-11, 7.91327003924e-11, 1.28098087693e-10, 4.29857566209e-10, 2.40268971385e-10, 1.13690619419e-10, 5.13385965684e-11, 7.34649008294e-11, 6.55584336817e-11, 1.38498504332e-10, 1.91782353887e-11, 3.98959554629e-12, 1.15700513406e-11, 5.2204757444e-13, -5.41082994992e-15], [2.65998206658e-17, 2.06603363703e-14, 3.98218581049e-14, 4.40955025315e-13, 2.7859153786e-12, 7.22294294687e-13, 4.05170515194e-12, 6.06669402214e-12, 5.10851994387e-12, 1.33408683406e-11, 1.4382296569e-11, 5.40045751174e-11, 8.83732930584e-12, 1.47318580945e-11, 1.11739749398e-11, -2.58442364731e-11, -1.85349340043e-11, -8.3516310187e-12, -1.27768292908e-12, 1.32145542339e-12, 7.48813337725e-12, -9.29885682344e-12, -1.78057004904e-12, -3.45174236416e-12, -1.58866257823e-12, -2.1875813403e-14, 1.18856245494e-15], [-5.7865982234e-16, 8.49391934012e-15, 7.69375137059e-14, -2.39520209222e-13, 7.22294294687e-13, 3.59392290233e-12, 1.26617761415e-11, 1.27829934138e-11, 1.11423908294e-11, 2.78000088227e-11, 3.24277445174e-11, 6.71905447946e-11, 1.37024610408e-11, 2.98291669143e-11, 2.31628709269e-11, 8.76090812309e-13, 1.82309965735e-11, 3.43644839147e-12, 1.0049700655e-11, 8.71365479771e-12, 2.39837594229e-11, 9.46579099825e-12, -4.81585095153e-13, -2.86636729976e-12, -1.88653866834e-12, 1.28072316749e-13, 4.64993347714e-15], [-8.96136802459e-15, -2.03120560736e-13, 1.03362942662e-13, 4.03896615589e-13, 4.05170515194e-12, 1.26617761415e-11, 1.8216307629e-10, 1.07663891691e-10, 8.29260618507e-11, 2.0227421127e-10, 3.10739489695e-10, 6.1765859094e-10, 2.12463602267e-10, 2.45140241439e-10, 2.48733311725e-10, 8.43429423525e-11, 1.07635990398e-10, 2.62916494131e-11, 8.11884517948e-11, 6.97789950821e-11, 1.363941321e-10, 5.21000881326e-11, 3.40875765115e-11, 2.7856028248e-11, 9.19637456465e-12, 4.96136985662e-13, -1.80898336268e-14], [-1.58070730577e-14, -4.34187706405e-13, -6.717358874e-13, 5.78608558635e-13, 6.06669402214e-12, 1.27829934138e-11, 1.07663891691e-10, 3.36151662061e-10, 2.25396090681e-10, 4.33810848355e-10, 6.88201662324e-10, 1.5317788149e-09, 3.83424125783e-10, 5.7507015816e-10, 4.30597696388e-10, 2.36416802801e-10, 2.31593744182e-10, 1.34647459848e-10, 8.98984706121e-11, 1.47590481503e-10, 3.95052573987e-10, 1.6321037577e-10, 4.55907499253e-11, 3.49997912596e-11, 9.17173108295e-12, 1.27704791186e-12, -1.60996026623e-14], [-1.28128175184e-14, -3.76776409551e-13, -1.28084663101e-13, 1.13196116976e-12, 5.10851994387e-12, 1.11423908294e-11, 8.29260618507e-11, 2.25396090681e-10, 2.21424004132e-10, 3.75406067343e-10, 7.25804749635e-10, 1.49098078328e-09, 3.84689446964e-10, 5.7100096873e-10, 4.14956513595e-10, 2.7541188774e-10, 1.30695662626e-10, 2.96162920577e-11, 5.27546617501e-11, 1.32272651165e-10, 3.92607391042e-10, 1.25411320218e-10, 3.94810850679e-11, 4.46075711091e-11, 1.25298079204e-11, 1.20170073978e-12, -1.42208276811e-14], [-2.68941295557e-14, -8.75145171175e-13, -1.30310757844e-12, 1.82814852666e-12, 1.33408683406e-11, 2.78000088227e-11, 2.0227421127e-10, 4.33810848355e-10, 3.75406067343e-10, 1.40983891228e-09, 1.49645595915e-09, 3.81911524627e-09, 8.81805961583e-10, 1.22773580191e-09, 8.00972677073e-10, 5.95515914359e-10, 1.03538453852e-11, -8.00570928994e-11, 6.07646086226e-11, 2.58842752787e-10, 8.52794057593e-10, 3.48470030609e-10, 5.60399851524e-11, 3.21666478176e-11, 1.11446474878e-12, 3.21699025925e-12, -3.25887490008e-14], [-7.14139779755e-14, -2.65749553439e-12, -3.24666075274e-12, 1.61839066454e-11, 1.4382296569e-11, 3.24277445174e-11, 3.10739489695e-10, 6.88201662324e-10, 7.25804749635e-10, 1.49645595915e-09, 6.3931042682e-09, 8.95405616319e-09, 3.03981084748e-09, 3.53221851768e-09, 2.7105591105e-09, 3.65347352371e-09, 1.30334243398e-09, -1.6190571106e-10, 1.0695338365e-10, 5.00779306911e-10, 1.74019931798e-09, 3.27436550096e-10, 3.66209479408e-10, 4.97714758296e-10, 2.2019984447e-10, 4.6652972284e-12, -1.07882310669e-13], [-1.55741888028e-13, -6.19447245234e-12, -4.77939042509e-12, 5.79127266975e-11, 5.40045751174e-11, 6.71905447946e-11, 6.1765859094e-10, 1.5317788149e-09, 1.49098078328e-09, 3.81911524627e-09, 8.95405616319e-09, 2.55489140955e-08, 6.42121600336e-09, 7.49412798484e-09, 5.63724444902e-09, 1.5190201097e-08, 5.11980191575e-09, 3.50636797375e-10, 5.31723887143e-10, 1.11422848725e-09, 3.55049056822e-09, 1.21308751933e-09, 9.05348518376e-10, 1.10967590672e-09, 6.22924489768e-10, 1.8897213655e-11, -2.11477550424e-13], [-7.02692434405e-14, -2.73748276651e-12, -3.54917592711e-12, 1.39660297216e-11, 8.83732930584e-12, 1.37024610408e-11, 2.12463602267e-10, 3.83424125783e-10, 3.84689446964e-10, 8.81805961583e-10, 3.03981084748e-09, 6.42121600336e-09, 4.47656800517e-09, 3.17588377818e-09, 2.29868235557e-09, 4.25903357026e-09, 2.21598872585e-09, 4.06595423996e-10, 1.52226092842e-10, 1.2877167388e-10, 6.97140123407e-10, 8.08840286415e-11, 4.47148401639e-10, 6.91754820092e-10, 3.36749378382e-10, 2.48480533024e-12, -1.13794878468e-13], [-9.98684574166e-14, -3.95936798972e-12, 6.05210109458e-13, 7.91327003924e-11, 1.47318580945e-11, 2.98291669143e-11, 2.45140241439e-10, 5.7507015816e-10, 5.7100096873e-10, 1.22773580191e-09, 3.53221851768e-09, 7.49412798484e-09, 3.17588377818e-09, 7.0756667192e-09, 4.88032148027e-09, 7.7581514546e-09, 5.57888535369e-09, 1.8339217922e-09, 8.60197635344e-10, 9.2203966684e-10, 1.67709868215e-09, 1.07278808059e-09, 7.39635963587e-10, 9.89138215779e-10, 6.02091321245e-10, 9.89227796899e-12, -1.24402712524e-13], [-8.64851200095e-14, -3.90463572933e-12, 3.5275918471e-12, 1.28098087693e-10, 1.11739749398e-11, 2.31628709269e-11, 2.48733311725e-10, 4.30597696388e-10, 4.14956513595e-10, 8.00972677073e-10, 2.7105591105e-09, 5.63724444902e-09, 2.29868235557e-09, 4.88032148027e-09, 7.49256390264e-09, 1.31810535819e-08, 7.33212157655e-09, 2.5952680005e-09, 1.60025626084e-09, 1.41539246989e-09, 2.01833016966e-09, 2.08097050702e-09, 6.81365741606e-10, 7.16247894328e-10, 5.55272550162e-10, 1.61969968687e-11, -7.20291204069e-14], [-1.80186798099e-13, -1.08795836923e-11, 5.22084589102e-12, 4.29857566209e-10, -2.58442364731e-11, 8.76090812309e-13, 8.43429423525e-11, 2.36416802801e-10, 2.7541188774e-10, 5.95515914359e-10, 3.65347352371e-09, 1.5190201097e-08, 4.25903357026e-09, 7.7581514546e-09, 1.31810535819e-08, 1.01275972497e-07, 3.5439075674e-08, 1.0249865845e-08, 5.15292120085e-09, 4.87302598273e-09, 6.25034957125e-09, 8.26863377767e-09, 2.25021423716e-09, 2.04136796356e-09, 2.14698192558e-09, 7.83614562128e-11, 2.57158958841e-13], [-1.24455255671e-13, -4.99487560687e-12, 5.28884618392e-12, 2.40268971385e-10, -1.85349340043e-11, 1.82309965735e-11, 1.07635990398e-10, 2.31593744182e-10, 1.30695662626e-10, 1.03538453852e-11, 1.30334243398e-09, 5.11980191575e-09, 2.21598872585e-09, 5.57888535369e-09, 7.33212157655e-09, 3.5439075674e-08, 3.99884854119e-08, 1.36985418564e-08, 5.75100322919e-09, 4.8519548379e-09, 5.3312767534e-09, 6.75631239844e-09, 1.89243931636e-09, 1.79676007406e-09, 1.51957291195e-09, 7.32104307732e-11, 4.11426480992e-13], [-5.07386186289e-14, -2.43794654603e-12, 3.18748357515e-14, 1.13690619419e-10, -8.3516310187e-12, 3.43644839147e-12, 2.62916494131e-11, 1.34647459848e-10, 2.96162920577e-11, -8.00570928994e-11, -1.6190571106e-10, 3.50636797375e-10, 4.06595423996e-10, 1.8339217922e-09, 2.5952680005e-09, 1.0249865845e-08, 1.36985418564e-08, 1.03742392454e-08, 3.12914139045e-09, 2.44754838619e-09, 2.62310395627e-09, 3.3328306781e-09, 7.4014094853e-10, 4.96495344837e-10, 4.91333751462e-10, 3.01438110584e-11, 1.27637890491e-13], [-1.5735249746e-14, -8.3537788232e-13, 1.36985756939e-12, 5.13385965684e-11, -1.27768292908e-12, 1.0049700655e-11, 8.11884517948e-11, 8.98984706121e-11, 5.27546617501e-11, 6.07646086226e-11, 1.0695338365e-10, 5.31723887143e-10, 1.52226092842e-10, 8.60197635344e-10, 1.60025626084e-09, 5.15292120085e-09, 5.75100322919e-09, 3.12914139045e-09, 2.21124873967e-09, 1.35012823144e-09, 1.3825613987e-09, 2.05019956567e-09, 3.4980573993e-10, 1.67253572103e-10, 1.99659982991e-10, 1.60250753639e-11, 4.61550794058e-14], [-2.02615617291e-14, -7.64547008602e-13, 5.42439270584e-12, 7.34649008294e-11, 1.32145542339e-12, 8.71365479771e-12, 6.97789950821e-11, 1.47590481503e-10, 1.32272651165e-10, 2.58842752787e-10, 5.00779306911e-10, 1.11422848725e-09, 1.2877167388e-10, 9.2203966684e-10, 1.41539246989e-09, 4.87302598273e-09, 4.8519548379e-09, 2.44754838619e-09, 1.35012823144e-09, 2.07885908488e-09, 1.62136137849e-09, 1.94925875441e-09, 3.13721937317e-10, 1.71703221086e-10, 1.82247522629e-10, 1.38595784155e-11, 5.2038661737e-14], [-2.82046555436e-14, -1.0709428136e-12, 3.90172703174e-12, 6.55584336817e-11, 7.48813337725e-12, 2.39837594229e-11, 1.363941321e-10, 3.95052573987e-10, 3.92607391042e-10, 8.52794057593e-10, 1.74019931798e-09, 3.55049056822e-09, 6.97140123407e-10, 1.67709868215e-09, 2.01833016966e-09, 6.25034957125e-09, 5.3312767534e-09, 2.62310395627e-09, 1.3825613987e-09, 1.62136137849e-09, 2.88789214764e-09, 2.36910580043e-09, 3.93490656725e-10, 2.17276904801e-10, 2.23624604945e-10, 1.85091351967e-11, 1.39548163064e-13], [-1.53565209865e-14, -9.75439997872e-13, 1.03159763717e-11, 1.38498504332e-10, -9.29885682344e-12, 9.46579099825e-12, 5.21000881326e-11, 1.6321037577e-10, 1.25411320218e-10, 3.48470030609e-10, 3.27436550096e-10, 1.21308751933e-09, 8.08840286415e-11, 1.07278808059e-09, 2.08097050702e-09, 8.26863377767e-09, 6.75631239844e-09, 3.3328306781e-09, 2.05019956567e-09, 1.94925875441e-09, 2.36910580043e-09, 6.04763572554e-09, 5.81591885762e-10, 2.1193656552e-10, 2.96532104427e-10, 2.65010947215e-11, 9.64502119122e-14], [-1.28875148129e-14, -5.60724372749e-13, 8.4839833726e-13, 1.91782353887e-11, -1.78057004904e-12, -4.81585095153e-13, 3.40875765115e-11, 4.55907499253e-11, 3.94810850679e-11, 5.60399851524e-11, 3.66209479408e-10, 9.05348518376e-10, 4.47148401639e-10, 7.39635963587e-10, 6.81365741606e-10, 2.25021423716e-09, 1.89243931636e-09, 7.4014094853e-10, 3.4980573993e-10, 3.13721937317e-10, 3.93490656725e-10, 5.81591885762e-10, 2.43655262633e-10, 2.637036145e-10, 1.69908864756e-10, 4.69064717623e-12, 4.86960003706e-15], [-1.53326668446e-14, -5.96043722191e-13, -7.06575477381e-13, 3.98959554629e-12, -3.45174236416e-12, -2.86636729976e-12, 2.7856028248e-11, 3.49997912596e-11, 4.46075711091e-11, 3.21666478176e-11, 4.97714758296e-10, 1.10967590672e-09, 6.91754820092e-10, 9.89138215779e-10, 7.16247894328e-10, 2.04136796356e-09, 1.79676007406e-09, 4.96495344837e-10, 1.67253572103e-10, 1.71703221086e-10, 2.17276904801e-10, 2.1193656552e-10, 2.637036145e-10, 4.72839878363e-10, 2.4321125669e-10, 3.22515408477e-12, -7.69558062294e-15], [-1.08683144746e-14, -4.98484662836e-13, -2.54899606874e-14, 1.15700513406e-11, -1.58866257823e-12, -1.88653866834e-12, 9.19637456465e-12, 9.17173108295e-12, 1.25298079204e-11, 1.11446474878e-12, 2.2019984447e-10, 6.22924489768e-10, 3.36749378382e-10, 6.02091321245e-10, 5.55272550162e-10, 2.14698192558e-09, 1.51957291195e-09, 4.91333751462e-10, 1.99659982991e-10, 1.82247522629e-10, 2.23624604945e-10, 2.96532104427e-10, 1.69908864756e-10, 2.4321125669e-10, 1.84485787758e-10, 3.54288885555e-12, -1.74812332544e-15], [-2.173738932e-16, -1.0819350888e-14, 2.81410569218e-14, 5.2204757444e-13, -2.1875813403e-14, 1.28072316749e-13, 4.96136985662e-13, 1.27704791186e-12, 1.20170073978e-12, 3.21699025925e-12, 4.6652972284e-12, 1.8897213655e-11, 2.48480533024e-12, 9.89227796899e-12, 1.61969968687e-11, 7.83614562128e-11, 7.32104307732e-11, 3.01438110584e-11, 1.60250753639e-11, 1.38595784155e-11, 1.85091351967e-11, 2.65010947215e-11, 4.69064717623e-12, 3.22515408477e-12, 3.54288885555e-12, 3.86155110709e-13, 1.88951430016e-15], [9.4278836758e-18, 3.88410822551e-16, 3.23615687292e-16, -5.41082994992e-15, 1.18856245494e-15, 4.64993347714e-15, -1.80898336268e-14, -1.60996026623e-14, -1.42208276811e-14, -3.25887490008e-14, -1.07882310669e-13, -2.11477550424e-13, -1.13794878468e-13, -1.24402712524e-13, -7.20291204069e-14, 2.57158958841e-13, 4.11426480992e-13, 1.27637890491e-13, 4.61550794058e-14, 5.2038661737e-14, 1.39548163064e-13, 9.64502119122e-14, 4.86960003706e-15, -7.69558062294e-15, -1.74812332544e-15, 1.88951430016e-15, 7.07249905766e-16]]
    },
    "mfcc": {
        "kurt": [1.22902727127, -0.0965445041656, -0.237943172455, -0.628643274307, 1.71779537201, 0.255251407623, 0.276141881943, 0.126008272171, 0.366432189941, 0.0652022361755, 0.929905891418, 0.227330446243, 0.0325191020966],
        "max": [-698.250854492, 92.8109817505, 0.0718688964844, 45.1565246582, 28.520526886, 43.6923294067, 33.0780601501, 17.9833393097, 28.0298652649, 15.5674915314, 20.7262916565, 17.889749527, 24.4975509644],
        "mean": [-796.480163574, 19.594587326, -60.8849754333, 4.83536195755, -2.5328412056, 11.5178108215, -16.2210197449, -5.535800457, 5.78077030182, -13.442065239, -1.12580215931, -6.25510168076, 2.77218866348],
        "median": [-788.290771484, 18.8543968201, -60.8854522705, 10.3195915222, 0.442185401917, 12.175860405, -15.926484108, -5.54834747314, 6.52981948853, -14.0681219101, -1.19738006592, -6.40657329559, 2.93517303467],
        "min": [-1138.05090332, -35.4730110168, -97.7591934204, -55.8285293579, -53.0358581543, -21.1926746368, -44.4431838989, -28.9955043793, -24.2797622681, -37.3889694214, -32.2799110413, -31.112575531, -19.2794456482],
        "skew": [-0.799117982388, 0.332370847464, 0.163599148393, -0.590191364288, -1.29013192654, -0.19352465868, 0.138307228684, 0.0653374791145, -0.372423559427, 0.251096189022, -0.205455645919, 0.198579162359, -0.0175060313195],
        "var": [3192.43188477, 628.461364746, 213.310211182, 518.912414551, 211.740966797, 94.9039840698, 106.066711426, 55.1090431213, 69.119430542, 62.5725517273, 53.7519035339, 60.2374000549, 42.1204681396],
        "cov": [[3196.03930664, -844.736938477, -634.881286621, -414.770324707, -112.76109314, -125.320640564, -12.6243648529, 52.3033599854, -67.6930923462, 37.6411132812, 17.8101272583, 98.0339584351, -25.4643325806], [-844.736938477, 629.171447754, 137.184921265, -87.1285552979, -142.985931396, 63.2182388306, 50.512550354, -29.4622993469, -4.37253379822, -4.26372051239, -30.023525238, -10.2042865753, -5.54912614822], [-634.881286621, 137.184921265, 213.551239014, 91.290512085, 54.0703086853, 32.812210083, 9.45876121521, -8.65290355682, 15.054901123, -8.30046749115, 2.51760411263, -18.8822002411, 3.03369164467], [-414.770324707, -87.1285552979, 91.290512085, 519.498779297, 64.0606002808, -26.5077934265, -86.4071655273, -11.037322998, 87.3571624756, -15.4926223755, 30.8937454224, -68.6642990112, 25.8073768616], [-112.76109314, -142.985931396, 54.0703086853, 64.0606002808, 211.980224609, 10.2536678314, -28.4796409607, -2.65992546082, -6.3286485672, -1.27992463112, 15.351852417, -7.37594556808, 5.92707633972], [-125.320640564, 63.2182388306, 32.812210083, -26.5077934265, 10.2536678314, 95.0112228394, 29.3605651855, 7.04540634155, 6.59026145935, -17.4471988678, -3.73270797729, -15.3551063538, -4.97957754135], [-12.6243648529, 50.512550354, 9.45876121521, -86.4071655273, -28.4796409607, 29.3605651855, 106.186561584, 22.2909317017, -19.6138286591, -12.9803304672, -20.4275989532, 14.9490566254, -14.931842804], [52.3033599854, -29.4622993469, -8.65290355682, -11.037322998, -2.65992546082, 7.04540634155, 22.2909317017, 55.1713142395, 6.21803617477, -10.1526021957, -2.87456059456, 6.46196937561, -2.57361221313], [-67.6930923462, -4.37253379822, 15.054901123, 87.3571624756, -6.3286485672, 6.59026145935, -19.6138286591, 6.21803617477, 69.1975250244, -5.26195383072, -0.909448981285, -15.4294214249, 6.57357978821], [37.6411132812, -4.26372051239, -8.30046749115, -15.4926223755, -1.27992463112, -17.4471988678, -12.9803304672, -10.1526021957, -5.26195383072, 62.6432571411, 13.8594083786, 5.2570643425, 2.8864235878], [17.8101272583, -30.023525238, 2.51760411263, 30.8937454224, 15.351852417, -3.73270797729, -20.4275989532, -2.87456059456, -0.909448981285, 13.8594083786, 53.8126411438, 2.13171362877, 1.35370337963], [98.0339584351, -10.2042865753, -18.8822002411, -68.6642990112, -7.37594556808, -15.3551063538, 14.9490566254, 6.46196937561, -15.4294214249, 5.2570643425, 2.13171362877, 60.3054656982, 2.74433851242], [-25.4643325806, -5.54912614822, 3.03369164467, 25.8073768616, 5.92707633972, -4.97957754135, -14.931842804, -2.57361221313, 6.57357978821, 2.8864235878, 1.35370337963, 2.74433851242, 42.1680603027]]
    },
    "sccoeffs": {
        "kurt": [0.137475013733, 0.310840606689, 0.860831260681, -0.0808372497559, 0.846378564835, -0.0164012908936],
        "max": [-0.570513725281, -0.66377389431, -0.60820132494, -0.675381660461, -0.683217942715, -0.682880401611],
        "mean": [-0.756169497967, -0.828473806381, -0.82221788168, -0.804411828518, -0.805718958378, -0.797049999237],
        "median": [-0.759497344494, -0.834604978561, -0.83332836628, -0.807175636292, -0.809347689152, -0.798614442348],
        "min": [-0.888957381248, -0.928195953369, -0.959219872952, -0.909357786179, -0.888637423515, -0.903941512108],
        "skew": [0.348255425692, 0.708864271641, 0.902359127998, 0.429412186146, 0.650124013424, 0.245636850595],
        "var": [0.00270784460008, 0.0022055641748, 0.0028878073208, 0.00154967943672, 0.000963006692473, 0.000940921658184],
        "cov": [[0.0027109044604, 0.000439545809058, 0.000964134233072, 0.000392597314203, 0.000250387674896, -9.69791653915e-05], [0.000439545809058, 0.00220805639401, 0.000795679516159, 0.000340514496202, 0.000203107716516, 7.85693773651e-05], [0.000964134233072, 0.000795679516159, 0.00289107044227, 0.000229181649047, 0.000383106205845, -0.000351991795469], [0.000392597314203, 0.000340514496202, 0.000229181649047, 0.00155143055599, 0.000486544711748, 0.000199004993192], [0.000250387674896, 0.000203107716516, 0.000383106205845, 0.000486544711748, 0.000964094826486, -4.22396624344e-05], [-9.69791653915e-05, 7.85693773651e-05, -0.000351991795469, 0.000199004993192, -4.22396624344e-05, 0.000941984879319]]
    },
    "scvalleys": {
        "kurt": [2.54552364349, 2.11219501495, 0.731940507889, 1.11581420898, 1.69511508942, 2.53173542023],
        "max": [-8.06736946106, -6.81767892838, -5.95979738235, -6.02666473389, -6.5625128746, -7.56640911102],
        "mean": [-9.17026042938, -8.21925449371, -7.89746046066, -7.39852952957, -7.92294645309, -9.08331680298],
        "median": [-9.15321445465, -8.22727394104, -8.05561542511, -7.40776109695, -7.84161472321, -8.95134449005],
        "min": [-12.2968025208, -11.341550827, -10.8024740219, -11.4725904465, -12.3904924393, -13.9215965271],
        "skew": [-0.612652957439, -0.0805347040296, 0.694089889526, -0.458313107491, -0.833754062653, -1.04418230057],
        "var": [0.193780943751, 0.217268198729, 0.423364460468, 0.441113203764, 0.479073435068, 0.550299346447],
        "cov": [[0.193999901414, -0.00526516279206, -0.024926526472, -0.0319230891764, 0.0257242452353, -0.00490266596898], [-0.00526516279206, 0.217513695359, 0.193851843476, 0.185450196266, 0.157742962241, 0.143434226513], [-0.024926526472, 0.193851843476, 0.423842847347, 0.324616789818, 0.230721652508, 0.244106993079], [-0.0319230891764, 0.185450196266, 0.324616789818, 0.441611617804, 0.322380691767, 0.396602362394], [0.0257242452353, 0.157742962241, 0.230721652508, 0.322380691767, 0.479614764452, 0.431621611118], [-0.00490266596898, 0.143434226513, 0.244106993079, 0.396602362394, 0.431621611118, 0.550921201706]]
    }
},
"rhythm": {
    "beats_loudness": {
        "kurt": 9.15957546234,
        "max": 0.00586161995307,
        "mean": 0.00100560125429,
        "median": 0.000815127743408,
        "min": 3.97390867874e-05,
        "skew": 2.7585875988,
        "var": 1.25375629523e-06
    },
    "bpm": 91.3408966064,
    "confidence": 0.740662455559,
    "first_peak_bpm": {
        "kurt": 0,
        "max": 94,
        "mean": 94,
        "median": 94,
        "min": 94,
        "skew": 0,
        "var": 0
    },
    "first_peak_spread": {
        "kurt": 0,
        "max": 0.526315808296,
        "mean": 0.526315808296,
        "median": 0.526315808296,
        "min": 0.526315808296,
        "skew": 0,
        "var": 0
    },
    "first_peak_weight": {
        "kurt": 0,
        "max": 0.310344815254,
        "mean": 0.310344815254,
        "median": 0.310344815254,
        "min": 0.310344815254,
        "skew": 0,
        "var": 0
    },
    "onset_rate": 1.36344814301,
    "second_peak_bpm": {
        "kurt": 0,
        "max": 89,
        "mean": 89,
        "median": 89,
        "min": 89,
        "skew": 0,
        "var": 0
    },
    "second_peak_spread": {
        "kurt": 0,
        "max": 0.300000011921,
        "mean": 0.300000011921,
        "median": 0.300000011921,
        "min": 0.300000011921,
        "skew": 0,
        "var": 0
    },
    "second_peak_weight": {
        "kurt": 0,
        "max": 0.241379320621,
        "mean": 0.241379320621,
        "median": 0.241379320621,
        "min": 0.241379320621,
        "skew": 0,
        "var": 0
    },
    "beats_loudness_band_ratio": {
        "kurt": [15.6046009064, 5.52105998993, 3.4325838089, 0.632681369781, -0.0526080131531, 1.65165615082],
        "max": [0.119319066405, 0.0789348781109, 0.1318718642, 0.639428198338, 0.901753902435, 0.86122405529],
        "mean": [0.0130299562588, 0.0124118765816, 0.0282708909363, 0.170254737139, 0.480509400368, 0.306351095438],
        "median": [0.00507738254964, 0.00525784492493, 0.018316147849, 0.0911378860474, 0.499671518803, 0.288687378168],
        "min": [0.000594398705289, 0.000664798601065, 0.00257234554738, 0.0146523546427, 0.0444907136261, 0.0395201072097],
        "skew": [3.84330606461, 2.36411046982, 1.98025250435, 1.38093960285, 0.0598896220326, 1.17658674717],
        "var": [0.000479947135318, 0.000295255973469, 0.000884930894244, 0.0295554157346, 0.0371656157076, 0.0308413114399],
        "cov": [[0.000496497028507, 0.000331325252773, 0.000218802320887, -0.000400616438128, -0.000237858956098, -0.000287115282845], [0.000331325252773, 0.000305437220959, 0.000157363683684, -0.000219600158744, -0.00015448933118, -0.000320694467518], [0.000218802320887, 0.000157363683684, 0.000915445794817, 0.00283298664726, -0.0023545587901, -0.00172786926851], [-0.000400616438128, -0.000219600158744, 0.00283298664726, 0.030574567616, -0.0191221572459, -0.0131130609661], [-0.000237858956098, -0.00015448933118, -0.0023545587901, -0.0191221572459, 0.0384471863508, -0.0168720651418], [-0.000287115282845, -0.000320694467518, -0.00172786926851, -0.0131130609661, -0.0168720651418, 0.0319048054516]]
    },
    "beats_position": [0.696598649025, 1.40480720997, 2.11301589012, 2.80961441994, 3.44816327095, 4.08671188354, 4.72526073456, 5.36380958557, 6.00235795975, 6.64090681076, 7.2910656929, 7.92961454391, 8.56816291809, 9.2067117691, 9.83365058899, 10.5070295334, 11.1804075241, 11.8421764374, 12.5039453506, 13.1657142639, 13.8390922546, 14.5008611679, 15.1626300812, 15.8243989944, 16.4977779388, 17.1479358673, 17.7980957031, 18.4714736938, 19.1448516846, 19.8298416138],
    "bpm_estimates": [86.1328277588, 93.9630508423, 93.9630889893, 93.9630508423, 93.9630508423, 93.9631271362, 93.9630508423, 92.2851333618, 93.9630508423, 93.9631271362, 93.9630508423, 89.1028747559, 89.1030044556, 90.6660919189, 90.6660919189, 90.6660919189, 89.1030044556, 90.6660919189, 90.6660919189, 90.6660919189, 89.1028747559, 92.2852706909, 92.2849960327, 89.1030044556, 89.1030044556, 87.5925292969],
    "bpm_intervals": [0.708208560944, 0.708208680153, 0.696598529816, 0.638548851013, 0.638548612595, 0.638548851013, 0.638548851013, 0.638548374176, 0.638548851013, 0.650158882141, 0.638548851013, 0.638548374176, 0.638548851013, 0.626938819885, 0.673378944397, 0.673377990723, 0.661768913269, 0.661768913269, 0.661768913269, 0.673377990723, 0.661768913269, 0.661768913269, 0.661768913269, 0.673378944397, 0.650157928467, 0.650159835815, 0.673377990723, 0.673377990723, 0.684989929199],
    "onset_times": [0.0116099771112, 4.3073015213, 5.05034017563, 5.34058952332, 6.5596370697, 6.65251684189, 7.0356464386, 8.3011341095, 11.4242172241, 12.4458961487, 12.7361450195, 14.0132427216, 14.1757822037, 14.5821313858, 14.6982316971, 15.8011789322, 15.8824491501, 16.1494789124, 16.3700675964, 16.50938797, 16.602268219, 17.1247158051, 17.2408161163, 17.3685264587, 17.4614067078, 17.7516555786, 19.2029018402, 19.3886623383],
    "histogram": [[0, 0, 0, 0, 0, 0, 0, 0, 0, 0, 0, 0, 0, 0, 0, 0, 0, 0, 0, 0, 0, 0, 0, 0, 0, 0, 0, 0, 0, 0, 0, 0, 0, 0, 0, 0, 0, 0, 0, 0, 0, 0, 0, 0, 0, 0, 0, 0, 0, 0, 0, 0, 0, 0, 0, 0, 0, 0, 0, 0, 0, 0, 0, 0, 0, 0, 0, 0, 0, 0, 0, 0, 0, 0, 0, 0, 0, 0, 0, 0, 0, 0, 0, 0, 0, 0.0689655169845, 0.0344827584922, 0, 0.0344827584922, 0.206896558404, 0, 0.206896558404, 0.103448279202, 0, 0.310344815254, 0, 0.0344827584922, 0, 0, 0, 0, 0, 0, 0, 0, 0, 0, 0, 0, 0, 0, 0, 0, 0, 0, 0, 0, 0, 0, 0, 0, 0, 0, 0, 0, 0, 0, 0, 0, 0, 0, 0, 0, 0, 0, 0, 0, 0, 0, 0, 0, 0, 0, 0, 0, 0, 0, 0, 0, 0, 0, 0, 0, 0, 0, 0, 0, 0, 0, 0, 0, 0, 0, 0, 0, 0, 0, 0, 0, 0, 0, 0, 0, 0, 0, 0, 0, 0, 0, 0, 0, 0, 0, 0, 0, 0, 0, 0, 0, 0, 0, 0, 0, 0, 0, 0, 0, 0, 0, 0, 0, 0, 0, 0, 0, 0, 0, 0, 0, 0, 0, 0, 0, 0, 0, 0, 0, 0, 0, 0, 0, 0, 0, 0, 0, 0, 0, 0, 0, 0, 0, 0, 0, 0, 0, 0, 0, 0, 0, 0, 0, 0, 0, 0, 0, 0, 0, 0, 0, 0]]
},
"sfx": {
    "inharmonicity": {
        "kurt": 3.29825401306,
        "max": 0.415651202202,
        "mean": 0.0498608574271,
        "median": 0.00735065899789,
        "min": 0,
        "skew": 2.08010005951,
        "var": 0.0079146232456
    },
    "oddtoevenharmonicenergyratio": {
        "kurt": 213.12840271,
        "max": 73.7402114868,
        "mean": 1.15514755249,
        "median": 0.252970665693,
        "min": 0,
        "skew": 12.1700963974,
        "var": 12.5625753403
    },
    "pitch_after_max_to_before_max_energy_ratio": 0.198054865003,
    "pitch_centroid": 425.282226562,
    "pitch_max_to_total": 0.804740428925,
    "pitch_min_to_total": 0.638826191425,
    "tristimulus": {
        "kurt": [-1.2803055048, -0.686381816864, 2.65387582779],
        "max": [1, 0.976475477219, 0.993565797806],
        "mean": [0.542276620865, 0.328508377075, 0.129214897752],
        "median": [0.636408209801, 0.28160071373, 0],
        "min": [0, 0, 0],
        "skew": [-0.385872840881, 0.565790653229, 2.03411054611],
        "var": [0.109191782773, 0.055733256042, 0.075276479125],
        "cov": [[0.109315164387, -0.0448749139905, -0.0644402131438], [-0.0448749139905, 0.0557962320745, -0.0109213124961], [-0.0644402131438, -0.0109213124961, 0.0753615349531]]
    }
},
"tonal": {
    "chords_changes_rate": 0.0833333358169,
    "chords_number_rate": 0.0202702693641,
    "chords_strength": {
        "kurt": -0.583484172821,
        "max": 0.625533044338,
        "mean": 0.462303370237,
        "median": 0.474003583193,
        "min": 0.227376550436,
        "skew": -0.524306416512,
        "var": 0.00873030070215
    },
    "key_strength": 0.265819013119,
    "tuning_diatonic_strength": 0.415297478437,
    "tuning_equal_tempered_deviation": 0.158063858747,
    "tuning_frequency": 452.631469727,
    "tuning_nontempered_energy_ratio": 0.839668154716,
    "hpcp": {
