{
"metadata": {
    "version": {
        "essentia": "2.1-beta3"
    }
},
"lowLevel": {
    "average_loudness": 0.952372729778,
    "barkbands_kurtosis": {
        "kurt": 5.04797554016,
        "max": 9.17069149017,
        "mean": 0.202358290553,
        "median": -0.166144609451,
        "min": -1.80963456631,
        "skew": 1.75380587578,
        "var": 2.82756018639
    },
    "barkbands_skewness": {
        "kurt": -0.386670589447,
        "max": 2.43224263191,
        "mean": 0.00871364306659,
        "median": -0.0153884822503,
        "min": -2.97184062004,
        "skew": 0.0149411568418,
        "var": 0.919306099415
    },
    "barkbands_spread": {
        "kurt": -0.386617660522,
        "max": 63.9753417969,
        "mean": 24.4823513031,
        "median": 22.8186092377,
        "min": 6.68982744217,
        "skew": 0.721158802509,
        "var": 188.418212891
    },
    "dissonance": {
        "kurt": 5.60837745667,
        "max": 0.499954432249,
        "mean": 0.475797474384,
        "median": 0.484211444855,
        "min": 0.326153248549,
        "skew": -2.13614201546,
        "var": 0.000836405495647
    },
    "hfc": {
        "kurt": 5.0728597641,
        "max": 27.9909973145,
        "mean": 3.21353363991,
        "median": 0.00209426134825,
        "min": 6.79420263623e-05,
        "skew": 1.85567748547,
        "var": 21.7435016632
    },
    "pitch": {
        "kurt": 1.4182767868,
        "max": 4673.07080078,
        "mean": 1115.02893066,
        "median": 641.456237793,
        "min": 106.496955872,
        "skew": 1.65832602978,
        "var": 1778588.5
    },
    "pitch_instantaneous_confidence": {
        "kurt": -0.419099807739,
        "max": 0.722946047783,
        "mean": 0.409203708172,
        "median": 0.398343980312,
        "min": 0.137838482857,
        "skew": 0.136701434851,
        "var": 0.013725024648
    },
    "pitch_salience": {
        "kurt": 0.636912345886,
        "max": 0.960686445236,
        "mean": 0.675308287144,
        "median": 0.662684082985,
        "min": 0.408366322517,
        "skew": 0.524640738964,
        "var": 0.00909523665905
    },
    "silence_rate_20dB": {
        "kurt": 0,
        "max": 1,
        "mean": 1,
        "median": 1,
        "min": 1,
        "skew": 0,
        "var": 0
    },
    "silence_rate_30dB": {
        "kurt": 0,
        "max": 1,
        "mean": 1,
        "median": 1,
        "min": 1,
        "skew": 0,
        "var": 0
    },
    "silence_rate_60dB": {
        "kurt": 16.3349952698,
        "max": 1,
        "mean": 0.95302015543,
        "median": 1,
        "min": 0,
        "skew": -4.28194046021,
        "var": 0.0447727739811
    },
    "spectral_centroid": {
        "kurt": -1.64198875427,
        "max": 4072.1784668,
        "mean": 2158.83422852,
        "median": 1811.1809082,
        "min": 613.958496094,
        "skew": 0.173207595944,
        "var": 1297783.625
    },
    "spectral_complexity": {
        "kurt": 9.94631576538,
        "max": 23,
        "mean": 2.16778516769,
        "median": 0,
        "min": 0,
        "skew": 2.70579695702,
        "var": 13.2805843353
    },
    "spectral_crest": {
        "kurt": 0.99293422699,
        "max": 16.2698097229,
        "mean": 7.24626684189,
        "median": 6.79153966904,
        "min": 2.40714383125,
        "skew": 1.02419197559,
        "var": 6.76130008698
    },
    "spectral_decrease": {
        "kurt": 4.93289136887,
        "max": -1.34944046023e-14,
        "mean": -1.78938169837e-10,
        "median": -2.51215714897e-13,
        "min": -1.35072963925e-09,
        "skew": -1.88914346695,
        "var": 6.40516838326e-20
    },
    "spectral_energy": {
        "kurt": 4.86858177185,
        "max": 0.00763683393598,
        "mean": 0.000966830644757,
        "median": 1.28877297811e-06,
        "min": 6.434067501e-08,
        "skew": 1.86461615562,
        "var": 1.87968805676e-06
    },
    "spectral_energyband_high": {
        "kurt": 4.96158123016,
        "max": 0.00360423023812,
        "mean": 0.000414441485191,
        "median": 1.36360526426e-07,
        "min": 2.02576311281e-09,
        "skew": 1.8597676754,
        "var": 3.7438394429e-07
    },
    "spectral_energyband_low": {
        "kurt": 50.6530418396,
        "max": 2.54046062764e-05,
        "mean": 1.0178220009e-06,
        "median": 9.77318492801e-08,
        "min": 3.42591199853e-09,
        "skew": 6.82327747345,
        "var": 9.11702571077e-12
    },
    "spectral_energyband_middle_high": {
        "kurt": 5.77739715576,
        "max": 0.00399963464588,
        "mean": 0.0005049535539,
        "median": 6.00254850269e-07,
        "min": 2.04649222013e-08,
        "skew": 2.09447574615,
        "var": 5.80341293244e-07
    },
    "spectral_energyband_middle_low": {
        "kurt": 23.8674621582,
        "max": 0.000937529141083,
        "mean": 5.44877257198e-05,
        "median": 6.44405929506e-07,
        "min": 1.25178578614e-08,
        "skew": 4.7280292511,
        "var": 2.17234017441e-08
    },
    "spectral_flatness_db": {
        "kurt": -0.645393133163,
        "max": 0.201421737671,
        "mean": 0.146737426519,
        "median": 0.150786548853,
        "min": 0.0740505754948,
        "skew": -0.418264895678,
        "var": 0.000902326428331
    },
    "spectral_flux": {
        "kurt": 1.82529973984,
        "max": 0.086535602808,
        "mean": 0.0146123720333,
        "median": 0.0010125549743,
        "min": 0.000148883264046,
        "skew": 1.27507960796,
        "var": 0.000307046284433
    },
    "spectral_kurtosis": {
        "kurt": -0.166375398636,
        "max": 9.98078918457,
        "mean": 3.13018608093,
        "median": 1.9984588623,
        "min": -0.106327533722,
        "skew": 0.89745682478,
        "var": 5.31188678741
    },
    "spectral_rms": {
        "kurt": -0.958872318268,
        "max": 0.00272957305424,
        "mean": 0.00064148317324,
        "median": 3.5458982893e-05,
        "min": 7.92284026829e-06,
        "skew": 0.62260478735,
        "var": 5.31749151378e-07
    },
    "spectral_rolloff": {
        "kurt": -1.19652533531,
        "max": 5770.8984375,
        "mean": 3655.15234375,
        "median": 4069.77539062,
        "min": 495.263671875,
        "skew": -0.390850901604,
        "var": 2243073.75
    },
    "spectral_skewness": {
        "kurt": -0.765455007553,
        "max": 2.49088120461,
        "mean": 1.32647538185,
        "median": 1.10254895687,
        "min": 0.506127774715,
        "skew": 0.614492833614,
        "var": 0.204847559333
    },
    "spectral_spread": {
        "kurt": 45.5242042542,
        "max": 22701330,
        "mean": 6055803.5,
        "median": 6242117,
        "min": 3357838.75,
        "skew": 5.13284111023,
        "var": 3.27597267354e+12
    },
    "spectral_strongpeak": {
        "kurt": 2.20487976074,
        "max": 4.25301265717,
        "mean": 0.648957908154,
        "median": 0.0119242928922,
        "min": 0.000215496140299,
        "skew": 1.81913256645,
        "var": 1.30961501598
    },
    "zerocrossingrate": {
        "kurt": -1.52802205086,
        "max": 0.1845703125,
        "mean": 0.112579956651,
        "median": 0.10107421875,
        "min": 0.0263671875,
        "skew": 0.219448238611,
        "var": 0.00221654213965
    },
    "barkbands": {
        "kurt": [57.1512374878, 65.4321670532, 55.392906189, 17.798625946, 22.3344249725, 39.945350647, 63.0656661987, 53.0291252136, 40.3563575745, 65.7906341553, 59.3225212097, 25.6155605316, 41.4817733765, 38.6893424988, 42.4779205322, -0.0255906581879, 31.9597091675, 4.79095506668, 21.542383194, 22.3195705414, 0.311816453934, 2.94225549698, -0.151724100113, -0.443171739578, -0.117168188095, -0.180335283279, -0.844205141068],
        "max": [1.8630432308e-08, 2.05881769944e-06, 1.55540001288e-05, 1.39603525895e-05, 7.94638617663e-05, 0.000159706745762, 0.00027107715141, 0.000351360591594, 0.000570923148189, 0.000568470044527, 0.000498858105857, 0.000560719752684, 0.0010739332065, 0.000659419689327, 0.000512345053721, 0.000670765701216, 0.000555949402042, 0.000495633168612, 0.00101080804598, 0.00383801572025, 0.000567259907257, 0.000626289984211, 0.000111390851089, 3.01793461404e-05, 1.44433042806e-05, 1.17990362014e-06, 3.28158478169e-09],
        "mean": [6.93879120828e-10, 7.42853814018e-08, 4.92900710469e-07, 9.90143803392e-07, 4.24455402026e-06, 6.4052592279e-06, 7.27119322619e-06, 1.03337333712e-05, 1.98541238206e-05, 1.6195624994e-05, 1.99034311663e-05, 3.47559835063e-05, 4.91649880132e-05, 2.66139777523e-05, 1.84476029972e-05, 0.000122425553855, 3.35784934578e-05, 6.08650552749e-05, 7.23589182599e-05, 0.000256944767898, 9.77433810476e-05, 7.65713266446e-05, 2.31193771469e-05, 5.82955453865e-06, 2.4170492452e-06, 2.28953240367e-07, 7.12002401482e-10],
        "median": [2.11855435972e-10, 1.12423093057e-08, 6.5004684302e-08, 5.6673499671e-08, 5.28734531713e-08, 1.37046171744e-07, 5.58054296107e-08, 1.46062646422e-07, 3.11909190032e-07, 9.11875446263e-08, 7.26563698095e-08, 5.14922362527e-08, 3.08781196168e-08, 3.94401240555e-08, 3.26124229844e-08, 5.5775931429e-08, 6.06660535141e-08, 4.09803817547e-08, 4.02823658874e-08, 7.58694724823e-08, 5.97966192117e-08, 1.67097766735e-08, 8.25565926732e-09, 1.92495974716e-09, 5.91490523227e-10, 2.06848045636e-11, 4.99889788851e-13],
        "min": [3.26499114203e-12, 4.6866110992e-10, 5.69504554626e-10, 1.34198607782e-09, 1.53631074529e-09, 9.66903224153e-10, 5.11172049134e-10, 6.15087869527e-10, 1.74293232624e-10, 2.06261313584e-10, 8.22578671844e-11, 1.09798545256e-10, 1.24085033915e-10, 3.30486166211e-10, 2.68683547633e-10, 7.34921590251e-09, 4.42696296288e-10, 9.74874181381e-10, 7.98062171903e-10, 1.36877564838e-09, 5.15850528959e-10, 2.12004261368e-10, 4.55286364165e-11, 2.71892751369e-11, 2.25832564454e-11, 1.77232967885e-12, 8.22275529459e-14],
        "skew": [6.91503381729, 7.37225437164, 7.23816823959, 3.9283246994, 4.65633535385, 5.97498512268, 7.30014467239, 6.66526222229, 6.2528924942, 7.59664106369, 6.82589244843, 4.72507572174, 5.94903945923, 5.67908573151, 6.05595397949, 1.32422804832, 4.71516609192, 2.01157832146, 3.53306818008, 3.98641681671, 1.11663532257, 1.55845713615, 1.11090517044, 0.979476094246, 0.947777867317, 1.06844258308, 0.851545214653],
        "var": [3.52304660129e-18, 4.00564116924e-14, 3.12211953339e-12, 4.42245155427e-12, 1.5155524058e-10, 3.73747838234e-10, 7.2118272465e-10, 1.32593513946e-09, 5.59214630158e-09, 3.14259751555e-09, 2.42815945128e-09, 6.35376018465e-09, 1.58489026347e-08, 5.51758327916e-09, 3.23317705941e-09, 4.26084909577e-08, 3.97109500838e-09, 8.95868801365e-09, 1.48907766118e-08, 2.3908094704e-07, 1.7216692072e-08, 1.23210277536e-08, 1.04797881484e-09, 6.22980833587e-11, 1.00429673258e-11, 1.00197092648e-13, 8.8700200426e-19],
        "cov": [[3.54685120495e-18, 1.78506740859e-16, 1.05499954696e-15, 2.3534630445e-15, 1.35070694389e-14, 8.78412129818e-15, 1.01546866754e-14, 2.46223482277e-14, 6.42206404565e-15, 7.53837384903e-15, 3.11565416479e-14, 6.48056505377e-14, 9.45825991312e-14, 2.8125637534e-14, 2.45298607002e-14, 5.09401548721e-14, 5.47768109354e-14, 6.78630600066e-14, 8.26918421975e-14, 4.13605808674e-13, 7.28987318644e-14, 5.59192686459e-14, 9.58936926312e-15, 2.26292051639e-15, 1.32430837858e-15, 7.64900596047e-17, 2.62986436878e-19], [1.78506740859e-16, 4.03270624359e-14, 3.20212877481e-13, 2.795016009e-13, 1.6504752209e-12, 4.41979542158e-13, 1.69631181931e-12, 1.14336947028e-12, 6.6811747107e-13, 4.24378305934e-13, 1.19063092718e-12, 4.04747329402e-12, 6.34106786176e-12, 3.90886151572e-12, 2.26124219176e-12, 6.88629014922e-12, 3.31323705451e-12, 6.7632522846e-12, 1.65954194831e-11, 6.34738303584e-11, 1.11647097817e-11, 1.10369161727e-11, 1.10176191087e-12, 2.53733394972e-13, 1.58457990652e-13, 1.02040043217e-14, 2.89912577193e-17], [1.05499954696e-15, 3.20212877481e-13, 3.1432150719e-12, 2.49661814659e-12, 1.44962453499e-11, 4.03301437385e-12, 1.82279590727e-11, 9.40017248069e-12, 7.11584697416e-12, 1.78067001248e-12, 2.91145644919e-12, 1.7101356789e-11, 2.85704845199e-11, 1.29321301931e-11, 1.94596803949e-11, 2.73670270473e-11, 1.3761595162e-11, 3.18950976741e-11, 1.08907452501e-10, 4.02192640303e-10, 7.16293482861e-11, 7.17845019538e-11, 6.12524267418e-12, 1.17560486085e-12, 6.91003786309e-13, 4.89296171397e-14, 9.82764286049e-17], [2.3534630445e-15, 2.795016009e-13, 2.49661814659e-12, 4.45233303351e-12, 2.14276409116e-11, 1.67457072514e-11, 2.35150614258e-11, 2.18281573372e-11, 3.04690777816e-12, 1.34663927145e-12, 1.41552715729e-11, 2.49879249237e-11, 3.7131808045e-11, 1.26349790006e-11, 1.69555550156e-11, 9.05865382705e-11, 2.46626868233e-11, 5.08476073746e-11, 1.09134201676e-10, 3.85428827743e-10, 9.88481033137e-11, 8.6383449005e-11, 1.59253773363e-11, 3.76267810312e-12, 1.62531023796e-12, 1.52622828113e-13, 3.68082746501e-16], [1.35070694389e-14, 1.6504752209e-12, 1.44962453499e-11, 2.14276409116e-11, 1.52579254786e-10, 1.1986217574e-10, 1.75929007473e-10, 1.83249374008e-10, 9.33406824055e-11, 4.0093272452e-11, 5.04856503825e-11, 9.34651661622e-11, 1.4802310766e-10, 6.72408101421e-11, 3.70265623717e-11, -4.6553223082e-11, 8.62991761386e-11, 1.25078766788e-10, 5.06361230723e-10, 1.91673832362e-09, 2.87694784662e-10, 2.58589510915e-10, -2.51585644678e-13, -1.67455448379e-12, 8.42568202708e-13, -4.14952292904e-14, -4.31668054014e-16], [8.78412129818e-15, 4.41979542158e-13, 4.03301437385e-12, 1.67457072514e-11, 1.1986217574e-10, 3.76273151526e-10, 3.7155634125e-10, 3.1740091111e-10, 4.71270134028e-10, 3.26810911666e-10, 1.05682865237e-10, 4.1592288641e-11, 2.23572237112e-11, 1.95827971894e-11, 7.14233117094e-11, 3.91377277809e-11, 5.10189841763e-11, 5.37228872499e-11, 1.64781799317e-10, 4.95493646113e-10, 1.45203432611e-10, 8.42946337731e-11, 2.02990575737e-11, 4.05117996441e-12, 1.52607267101e-12, 1.53005117799e-13, 5.36150362151e-16], [1.01546866754e-14, 1.69631181931e-12, 1.82279590727e-11, 2.35150614258e-11, 1.75929007473e-10, 3.7155634125e-10, 7.26055549016e-10, 5.12466347136e-10, 4.47931747249e-10, 2.66409727612e-10, 1.66329991447e-10, 1.27123658822e-10, 1.13404383106e-10, 1.37890540999e-11, 6.33533434047e-11, -3.01319497131e-10, 9.60525617377e-11, 8.22118831345e-11, 3.11163178557e-10, 1.54040458167e-09, 1.72732272929e-10, 7.90584611665e-11, -3.92565424612e-11, -9.25088217835e-12, -2.37091097623e-12, -3.60376686175e-13, -1.22775678699e-15], [2.46223482277e-14, 1.14336947028e-12, 9.40017248069e-12, 2.18281573372e-11, 1.83249374008e-10, 3.1740091111e-10, 5.12466347136e-10, 1.33489419518e-09, 1.90936311206e-09, 8.69275651461e-10, 3.8272290892e-10, 3.02606772973e-10, 3.83240911228e-10, 1.10245000629e-10, 1.01536147545e-10, -4.59149218646e-10, 2.80387213447e-10, 1.91241106284e-10, 2.37224379029e-10, 1.53951895676e-09, 1.92659485587e-10, -3.47046141824e-11, -3.68446800847e-11, -8.33851303977e-12, -1.8449599487e-12, -3.15706743517e-13, -1.11783827434e-15], [6.42206404565e-15, 6.6811747107e-13, 7.11584697416e-12, 3.04690777816e-12, 9.33406824055e-11, 4.71270134028e-10, 4.47931747249e-10, 1.90936311206e-09, 5.62993118791e-09, 3.4518155001e-09, 8.60571836014e-10, 4.92613061454e-10, 9.36074440183e-10, 3.93691551581e-10, 2.01016703283e-10, -6.75518085913e-10, 5.93518678649e-10, 4.49715070738e-10, 4.0103065313e-10, 2.16313855717e-09, 5.99401528412e-10, 1.15762219255e-10, 4.01737115796e-11, 9.08114469039e-12, 4.95070651141e-12, 6.74092563453e-13, 3.25185646978e-15], [7.53837384903e-15, 4.24378305934e-13, 1.78067001248e-12, 1.34663927145e-12, 4.0093272452e-11, 3.26810911666e-10, 2.66409727612e-10, 8.69275651461e-10, 3.4518155001e-09, 3.16383141907e-09, 1.32158262112e-09, 8.42469871642e-10, 7.6699840923e-10, 6.36183716818e-10, 4.05582206708e-10, 6.48312584173e-11, 6.96335378247e-10, 7.2429479081e-10, 5.17947462697e-10, 2.74754152763e-09, 8.42798386635e-10, 3.76272429881e-10, 1.38842395914e-10, 4.31222314801e-11, 2.03439678298e-11, 1.84968143233e-12, 7.62153215566e-15], [3.11565416479e-14, 1.19063092718e-12, 2.91145644919e-12, 1.41552715729e-11, 5.04856503825e-11, 1.05682865237e-10, 1.66329991447e-10, 3.8272290892e-10, 8.60571836014e-10, 1.32158262112e-09, 2.4445661051e-09, 3.11008174769e-09, 3.3674090183e-09, 5.16893750024e-10, 5.57394297385e-10, 3.13795145424e-09, 2.16141260445e-09, 2.72121813971e-09, 1.79632098085e-09, 1.23094876514e-08, 2.85204793116e-09, 1.68187130889e-09, 5.31026667083e-10, 1.36320427169e-10, 6.08473063601e-11, 5.53207046144e-12, 1.84078335121e-14], [6.48056505377e-14, 4.04747329402e-12, 1.7101356789e-11, 2.49879249237e-11, 9.34651661622e-11, 4.1592288641e-11, 1.27123658822e-10, 3.02606772973e-10, 4.92613061454e-10, 8.42469871642e-10, 3.11008174769e-09, 6.39669073266e-09, 8.94320528744e-09, 2.16377316065e-09, 1.10652753627e-09, 6.45861542026e-09, 4.53242288145e-09, 6.22896711988e-09, 5.07601560784e-09, 2.95194571009e-08, 6.2432312653e-09, 4.07905442756e-09, 1.12236797634e-09, 2.76761169538e-10, 1.31384902957e-10, 1.12736044458e-11, 3.66096584471e-14], [9.45825991312e-14, 6.34106786176e-12, 2.85704845199e-11, 3.7131808045e-11, 1.4802310766e-10, 2.23572237112e-11, 1.13404383106e-10, 3.83240911228e-10, 9.36074440183e-10, 7.6699840923e-10, 3.3674090183e-09, 8.94320528744e-09, 1.59559885304e-08, 4.61464466639e-09, 1.13574349925e-09, 7.88699150434e-09, 6.81084166843e-09, 9.39141919787e-09, 7.83681475269e-09, 4.63896725478e-08, 9.59102663955e-09, 6.10083183972e-09, 1.62979763019e-09, 3.92518628711e-10, 1.82060658216e-10, 1.70026978608e-11, 5.1812785155e-14], [2.8125637534e-14, 3.90886151572e-12, 1.29321301931e-11, 1.26349790006e-11, 6.72408101421e-11, 1.95827971894e-11, 1.37890540999e-11, 1.10245000629e-10, 3.93691551581e-10, 6.36183716818e-10, 5.16893750024e-10, 2.16377316065e-09, 4.61464466639e-09, 5.55486412424e-09, 5.73412040072e-10, 1.1559605495e-09, 2.07068162617e-09, 3.45371864441e-09, 3.28711813324e-09, 1.52627936956e-08, 3.96783095269e-09, 2.64133603878e-09, 6.51732334767e-10, 1.62886523714e-10, 9.57999790607e-11, 7.00580435678e-12, 2.29287380369e-14], [2.45298607002e-14, 2.26124219176e-12, 1.94596803949e-11, 1.69555550156e-11, 3.70265623717e-11, 7.14233117094e-11, 6.33533434047e-11, 1.01536147545e-10, 2.01016703283e-10, 4.05582206708e-10, 5.57394297385e-10, 1.10652753627e-09, 1.13574349925e-09, 5.73412040072e-10, 3.25502269583e-09, 1.95313254459e-09, 9.38268351902e-10, 1.77063064211e-09, 1.97653560186e-09, 5.61679591726e-09, 3.19444959374e-09, 2.45000819632e-09, 8.38370151079e-10, 1.61849908475e-10, 8.87703452412e-11, 6.97284114129e-12, 2.01214573974e-14], [5.09401548721e-14, 6.88629014922e-12, 2.73670270473e-11, 9.05865382705e-11, -4.6553223082e-11, 3.91377277809e-11, -3.01319497131e-10, -4.59149218646e-10, -6.75518085913e-10, 6.48312584173e-11, 3.13795145424e-09, 6.45861542026e-09, 7.88699150434e-09, 1.1559605495e-09, 1.95313254459e-09, 4.28963851107e-08, 5.26004750867e-09, 1.29463542109e-08, 1.66145124325e-08, 5.26655519195e-08, 1.85207209569e-08, 1.73832805928e-08, 5.52020607003e-09, 1.44575229566e-09, 5.34647937034e-10, 5.04783541355e-11, 1.59332941806e-13], [5.47768109354e-14, 3.31323705451e-12, 1.3761595162e-11, 2.46626868233e-11, 8.62991761386e-11, 5.10189841763e-11, 9.60525617377e-11, 2.80387213447e-10, 5.93518678649e-10, 6.96335378247e-10, 2.16141260445e-09, 4.53242288145e-09, 6.81084166843e-09, 2.07068162617e-09, 9.38268351902e-10, 5.26004750867e-09, 3.99792687844e-09, 5.07241271208e-09, 4.20163814852e-09, 2.41427251524e-08, 5.49722711796e-09, 3.74344022447e-09, 9.99957117109e-10, 2.59680305037e-10, 1.21881477133e-10, 1.10613618959e-11, 3.41613131012e-14], [6.78630600066e-14, 6.7632522846e-12, 3.18950976741e-11, 5.08476073746e-11, 1.25078766788e-10, 5.37228872499e-11, 8.22118831345e-11, 1.91241106284e-10, 4.49715070738e-10, 7.2429479081e-10, 2.72121813971e-09, 6.22896711988e-09, 9.39141919787e-09, 3.45371864441e-09, 1.77063064211e-09, 1.29463542109e-08, 5.07241271208e-09, 9.01921914931e-09, 8.48807069076e-09, 3.76366813271e-08, 1.04529922496e-08, 8.06256306163e-09, 2.17779061451e-09, 5.53662504732e-10, 2.40798547768e-10, 2.24543075106e-11, 6.77953922385e-14], [8.26918421975e-14, 1.65954194831e-11, 1.08907452501e-10, 1.09134201676e-10, 5.06361230723e-10, 1.64781799317e-10, 3.11163178557e-10, 2.37224379029e-10, 4.0103065313e-10, 5.17947462697e-10, 1.79632098085e-09, 5.07601560784e-09, 7.83681475269e-09, 3.28711813324e-09, 1.97653560186e-09, 1.66145124325e-08, 4.20163814852e-09, 8.48807069076e-09, 1.49913894631e-08, 5.28594696902e-08, 1.30507755713e-08, 1.18364624768e-08, 2.69391797758e-09, 6.42175201904e-10, 2.75765632551e-10, 2.61760994824e-11, 7.43269107286e-14], [4.13605808674e-13, 6.34738303584e-11, 4.02192640303e-10, 3.85428827743e-10, 1.91673832362e-09, 4.95493646113e-10, 1.54040458167e-09, 1.53951895676e-09, 2.16313855717e-09, 2.74754152763e-09, 1.23094876514e-08, 2.95194571009e-08, 4.63896725478e-08, 1.52627936956e-08, 5.61679591726e-09, 5.26655519195e-08, 2.41427251524e-08, 3.76366813271e-08, 5.28594696902e-08, 2.4069638016e-07, 4.91893565879e-08, 4.09268565704e-08, 8.48884340598e-09, 2.10204453843e-09, 9.55514667389e-10, 8.58466076004e-11, 2.52535568412e-13], [7.28987318644e-14, 1.11647097817e-11, 7.16293482861e-11, 9.88481033137e-11, 2.87694784662e-10, 1.45203432611e-10, 1.72732272929e-10, 1.92659485587e-10, 5.99401528412e-10, 8.42798386635e-10, 2.85204793116e-09, 6.2432312653e-09, 9.59102663955e-09, 3.96783095269e-09, 3.19444959374e-09, 1.85207209569e-08, 5.49722711796e-09, 1.04529922496e-08, 1.30507755713e-08, 4.91893565879e-08, 1.73330203523e-08, 1.32239774686e-08, 3.70378394621e-09, 8.76884898027e-10, 3.62458091319e-10, 3.68534855411e-11, 1.04477719336e-13], [5.59192686459e-14, 1.10369161727e-11, 7.17845019538e-11, 8.6383449005e-11, 2.58589510915e-10, 8.42946337731e-11, 7.90584611665e-11, -3.47046141824e-11, 1.15762219255e-10, 3.76272429881e-10, 1.68187130889e-09, 4.07905442756e-09, 6.10083183972e-09, 2.64133603878e-09, 2.45000819632e-09, 1.73832805928e-08, 3.74344022447e-09, 8.06256306163e-09, 1.18364624768e-08, 4.09268565704e-08, 1.32239774686e-08, 1.24042776051e-08, 3.08412939631e-09, 7.55520257467e-10, 3.03160135884e-10, 3.07242564723e-11, 8.70824679727e-14], [9.58936926312e-15, 1.10176191087e-12, 6.12524267418e-12, 1.59253773363e-11, -2.51585644678e-13, 2.02990575737e-11, -3.92565424612e-11, -3.68446800847e-11, 4.01737115796e-11, 1.38842395914e-10, 5.31026667083e-10, 1.12236797634e-09, 1.62979763019e-09, 6.51732334767e-10, 8.38370151079e-10, 5.52020607003e-09, 9.99957117109e-10, 2.17779061451e-09, 2.69391797758e-09, 8.48884340598e-09, 3.70378394621e-09, 3.08412939631e-09, 1.05505970627e-09, 2.37693503768e-10, 9.29320370657e-11, 9.55380392853e-12, 2.82755759182e-14], [2.26292051639e-15, 2.53733394972e-13, 1.17560486085e-12, 3.76267810312e-12, -1.67455448379e-12, 4.05117996441e-12, -9.25088217835e-12, -8.33851303977e-12, 9.08114469039e-12, 4.31222314801e-11, 1.36320427169e-10, 2.76761169538e-10, 3.92518628711e-10, 1.62886523714e-10, 1.61849908475e-10, 1.44575229566e-09, 2.59680305037e-10, 5.53662504732e-10, 6.42175201904e-10, 2.10204453843e-09, 8.76884898027e-10, 7.55520257467e-10, 2.37693503768e-10, 6.27190174796e-11, 2.34877343269e-11, 2.30728739066e-12, 7.02455900454e-15], [1.32430837858e-15, 1.58457990652e-13, 6.91003786309e-13, 1.62531023796e-12, 8.42568202708e-13, 1.52607267101e-12, -2.37091097623e-12, -1.8449599487e-12, 4.95070651141e-12, 2.03439678298e-11, 6.08473063601e-11, 1.31384902957e-10, 1.82060658216e-10, 9.57999790607e-11, 8.87703452412e-11, 5.34647937034e-10, 1.21881477133e-10, 2.40798547768e-10, 2.75765632551e-10, 9.55514667389e-10, 3.62458091319e-10, 3.03160135884e-10, 9.29320370657e-11, 2.34877343269e-11, 1.01108253714e-11, 9.13994032369e-13, 2.799722141e-15], [7.64900596047e-17, 1.02040043217e-14, 4.89296171397e-14, 1.52622828113e-13, -4.14952292904e-14, 1.53005117799e-13, -3.60376686175e-13, -3.15706743517e-13, 6.74092563453e-13, 1.84968143233e-12, 5.53207046144e-12, 1.12736044458e-11, 1.70026978608e-11, 7.00580435678e-12, 6.97284114129e-12, 5.04783541355e-11, 1.10613618959e-11, 2.24543075106e-11, 2.61760994824e-11, 8.58466076004e-11, 3.68534855411e-11, 3.07242564723e-11, 9.55380392853e-12, 2.30728739066e-12, 9.13994032369e-13, 1.00874102365e-13, 2.75306883681e-16], [2.62986436878e-19, 2.89912577193e-17, 9.82764286049e-17, 3.68082746501e-16, -4.31668054014e-16, 5.36150362151e-16, -1.22775678699e-15, -1.11783827434e-15, 3.25185646978e-15, 7.62153215566e-15, 1.84078335121e-14, 3.66096584471e-14, 5.1812785155e-14, 2.29287380369e-14, 2.01214573974e-14, 1.59332941806e-13, 3.41613131012e-14, 6.77953922385e-14, 7.43269107286e-14, 2.52535568412e-13, 1.04477719336e-13, 8.70824679727e-14, 2.82755759182e-14, 7.02455900454e-15, 2.799722141e-15, 2.75306883681e-16, 8.92995237991e-19]]
    },
    "mfcc": {
        "kurt": [-1.90502369404, 0.404592990875, -1.66875767708, 2.31147050858, -0.975590467453, 1.44949960709, 1.97840833664, 0.899538755417, -0.226407051086, -0.462239265442, -0.146585464478, 1.56590938568, 1.47425365448],
        "max": [-675.844909668, 85.9743728638, 28.700717926, 52.0463485718, 12.4733428955, 18.1697807312, 21.3610267639, 21.336938858, 20.6372871399, 16.0318546295, 10.0393848419, 18.4835624695, 12.9851036072],
        "mean": [-942.387145996, 14.0482645035, -24.693025589, 9.29326820374, -17.5500411987, 0.089610978961, -4.34764242172, -3.83855247498, -3.40575218201, -4.64300060272, -6.66746664047, -3.10586762428, -3.02248358727],
        "median": [-1080.92431641, 14.3282585144, 1.9762878418, 9.93492507935, -19.2131462097, 2.12865447998, -3.04580879211, -2.36129760742, -3.66959381104, -3.40009117126, -4.86340713501, -3.28125762939, -1.83078765869],
        "min": [-1136.0065918, -26.5153179169, -105.295600891, -22.8718070984, -75.3574142456, -35.7856445312, -37.548866272, -33.7003822327, -27.8773441315, -25.0302028656, -29.4212856293, -19.7061901093, -30.2520637512],
        "skew": [0.163287520409, 0.732786238194, -0.292528867722, 0.400428205729, -0.322641432285, -1.13935136795, -0.885589241982, -0.26942461729, 0.172476366162, -0.147841781378, -0.516396641731, 0.441753655672, -0.923413097858],
        "var": [35010.0234375, 622.150024414, 1643.5032959, 155.218795776, 493.856323242, 105.746704102, 90.4916992188, 85.4139022827, 90.3522872925, 83.0466079712, 63.0243873596, 35.427936554, 54.9865837097],
        "cov": [[35246.578125, -1877.84436035, -7343.96630859, 573.760009766, -3643.8918457, 237.672897339, -686.684143066, -820.82244873, -1197.4119873, -1200.49572754, -789.950317383, 84.5340118408, 134.872512817], [-1877.84436035, 626.35369873, 544.352539062, -5.50348043442, 41.5492630005, -160.995162964, -46.9718589783, -29.2264766693, 62.4509925842, 104.097267151, 26.1996021271, -11.6018419266, -44.3163261414], [-7343.96630859, 544.352539062, 1654.60803223, -49.8296661377, 739.845397949, -65.1156311035, 107.435447693, 137.996658325, 229.457641602, 245.060516357, 152.421890259, -26.2590503693, -42.2542991638], [573.760009766, -5.50348043442, -49.8296661377, 156.267562866, 2.89818096161, 55.7775497437, -1.91293132305, -58.8872871399, -53.6330451965, -54.9722709656, -29.3180065155, 1.40936112404, 13.0708742142], [-3643.8918457, 41.5492630005, 739.845397949, 2.89818096161, 497.193206787, 66.2757339478, 103.736885071, 86.4749755859, 104.33115387, 96.0567245483, 78.3005142212, -5.1590795517, 16.8508872986], [237.672897339, -160.995162964, -65.1156311035, 55.7775497437, 66.2757339478, 106.461204529, 51.8384552002, 12.7166452408, -19.964214325, -29.2686462402, -1.16905426979, 0.781042337418, 12.2888269424], [-686.684143066, -46.9718589783, 107.435447693, -1.91293132305, 103.736885071, 51.8384552002, 91.1031265259, 55.7206687927, 38.0503807068, 22.6930065155, 31.3418006897, 5.98015356064, -2.94336557388], [-820.82244873, -29.2264766693, 137.996658325, -58.8872871399, 86.4749755859, 12.7166452408, 55.7206687927, 85.9910202026, 64.4103164673, 40.6072425842, 33.9964599609, 8.49853801727, -0.12000336498], [-1197.4119873, 62.4509925842, 229.457641602, -53.6330451965, 104.33115387, -19.964214325, 38.0503807068, 64.4103164673, 90.9627761841, 69.3149490356, 41.1086235046, -0.989379882812, -5.90831136703], [-1200.49572754, 104.097267151, 245.060516357, -54.9722709656, 96.0567245483, -29.2686462402, 22.6930065155, 40.6072425842, 69.3149490356, 83.6077346802, 53.2582511902, -7.68359470367, -20.8971576691], [-789.950317383, 26.1996021271, 152.421890259, -29.3180065155, 78.3005142212, -1.16905426979, 31.3418006897, 33.9964599609, 41.1086235046, 53.2582511902, 63.4502296448, 6.92206716537, -19.688419342], [84.5340118408, -11.6018419266, -26.2590503693, 1.40936112404, -5.1590795517, 0.781042337418, 5.98015356064, 8.49853801727, -0.989379882812, -7.68359470367, 6.92206716537, 35.6673164368, 17.647726059], [134.872512817, -44.3163261414, -42.2542991638, 13.0708742142, 16.8508872986, 12.2888269424, -2.94336557388, -0.12000336498, -5.90831136703, -20.8971576691, -19.688419342, 17.647726059, 55.3581161499]]
    },
    "sccoeffs": {
        "kurt": [-0.0703539848328, 2.09659433365, -0.938332080841, -0.939817428589, -1.12169218063, -1.24859786034],
        "max": [-0.534859061241, -0.638623118401, -0.72941750288, -0.670457482338, -0.769300937653, -0.680610537529],
        "mean": [-0.772550046444, -0.844463765621, -0.841560900211, -0.814824521542, -0.851113498211, -0.806923806667],
        "median": [-0.793232023716, -0.849883615971, -0.838700711727, -0.841365814209, -0.854663074017, -0.81567555666],
        "min": [-0.876936793327, -0.94204300642, -0.951071918011, -0.92137914896, -0.912755727768, -0.918161392212],
        "skew": [0.75244551897, 0.919991791248, 0.0741463080049, 0.615680277348, 0.239390283823, 0.148996174335],
        "var": [0.00609674258158, 0.00207340228371, 0.00245189340785, 0.00356956501491, 0.00163983984385, 0.00245884573087],
        "cov": [[0.0061379368417, 0.0013431875268, 0.00138716574293, 0.00165666872635, 0.0018961672904, 0.00256630103104], [0.0013431875268, 0.00208741193637, 0.000613655196503, 0.000342674087733, 0.000538190302905, 0.000558818515856], [0.00138716574293, 0.000613655196503, 0.00246846023947, 0.00134210311808, 0.00104768411256, 0.00116096099373], [0.00165666872635, 0.000342674087733, 0.00134210311808, 0.00359368370846, 0.00179709901568, 0.00211195321754], [0.0018961672904, 0.000538190302905, 0.00104768411256, 0.00179709901568, 0.00165091990493, 0.00164484570269], [0.00256630103104, 0.000558818515856, 0.00116096099373, 0.00211195321754, 0.00164484570269, 0.00247545959428]]
    },
    "scvalleys": {
        "kurt": [-0.713744163513, -1.58054673672, -1.73796141148, -1.82651221752, -1.86213958263, -1.88079679012],
        "max": [-7.75665616989, -6.07214593887, -5.68284320831, -6.18696737289, -5.89604949951, -8.09010028839],
        "mean": [-10.311665535, -9.45369148254, -9.67108154297, -9.91354179382, -9.68185520172, -11.6548576355],
        "median": [-10.5684347153, -10.2310295105, -10.2437906265, -10.8526992798, -10.9081363678, -13.0910654068],
        "min": [-11.6101427078, -11.9445419312, -13.1030950546, -13.2231578827, -12.9436378479, -14.92781353],
        "skew": [0.502011060715, 0.158817410469, 0.0454391352832, 0.0888762548566, 0.116376779974, 0.0981945320964],
        "var": [0.741975843906, 3.19991636276, 5.41771173477, 5.99697494507, 6.52847003937, 8.13366889954],
        "cov": [[0.746989190578, 1.29349184036, 1.6710793972, 1.79145932198, 1.8854290247, 2.08235287666], [1.29349184036, 3.22153735161, 3.98587560654, 4.17340755463, 4.33545207977, 4.77087545395], [1.6710793972, 3.98587560654, 5.45431804657, 5.616502285, 5.81061553955, 6.42697715759], [1.79145932198, 4.17340755463, 5.616502285, 6.03749513626, 6.23473358154, 6.87996530533], [1.8854290247, 4.33545207977, 5.81061553955, 6.23473358154, 6.5725812912, 7.23679828644], [2.08235287666, 4.77087545395, 6.42697715759, 6.87996530533, 7.23679828644, 8.18862628937]]
    }
},
"rhythm": {
    "beats_loudness": {
        "kurt": -1.08119010925,
        "max": 0.00276299961843,
        "mean": 0.00100456574,
        "median": 0.000879563333001,
        "min": 8.27481656529e-08,
        "skew": 0.477760523558,
        "var": 9.35541550007e-07
    },
    "bpm": 147.65625,
    "confidence": 0,
    "first_peak_bpm": {
        "kurt": 0,
        "max": 148,
        "mean": 148,
        "median": 148,
        "min": 148,
        "skew": 0,
        "var": 0
    },
    "first_peak_spread": {
        "kurt": 0,
        "max": 0,
        "mean": 0,
        "median": 0,
        "min": 0,
        "skew": 0,
        "var": 0
    },
    "first_peak_weight": {
        "kurt": 0,
        "max": 0.428571432829,
        "mean": 0.428571432829,
        "median": 0.428571432829,
        "min": 0.428571432829,
        "skew": 0,
        "var": 0
    },
    "onset_rate": 2.32791399956,
    "second_peak_bpm": {
        "kurt": 0,
        "max": 157,
        "mean": 157,
        "median": 157,
        "min": 157,
        "skew": 0,
        "var": 0
    },
    "second_peak_spread": {
        "kurt": 0,
        "max": 0.25,
        "mean": 0.25,
        "median": 0.25,
        "min": 0.25,
        "skew": 0,
        "var": 0
    },
    "second_peak_weight": {
        "kurt": 0,
        "max": 0.428571432829,
        "mean": 0.428571432829,
        "median": 0.428571432829,
        "min": 0.428571432829,
        "skew": 0,
        "var": 0
    },
    "beats_loudness_band_ratio": {
        "kurt": [-1.02506148815, -0.459480524063, 0.557927846909, -1.19332289696, -1.13397324085, -0.804908037186],
        "max": [0.452218294144, 0.397170364857, 0.59286570549, 0.248634397984, 0.339602023363, 0.583694934845],
        "mean": [0.141587302089, 0.141150981188, 0.188272148371, 0.133455276489, 0.174919307232, 0.270687043667],
        "median": [0.0489281713963, 0.135343298316, 0.167757853866, 0.125939488411, 0.155588269234, 0.190776228905],
        "min": [0.000361380574759, 0.00336285424419, 0.00745092332363, 0.0244882199913, 0.0263826400042, 0.0931808054447],
        "skew": [0.739457964897, 0.714072048664, 1.16264593601, 0.0805139765143, 0.197096154094, 0.930753588676],
        "var": [0.0272666011006, 0.016143899411, 0.0319784209132, 0.00618228130043, 0.00983329303563, 0.0307915546],
        "cov": [[0.0311618298292, 0.0220042336732, -0.00925613753498, -0.0118214394897, -0.00838618725538, -0.0160632617772], [0.0220042336732, 0.0184501707554, -0.00382017507218, -0.00638304743916, -0.00961301475763, -0.0145772937685], [-0.00925613753498, -0.00382017507218, 0.036546766758, 0.0106628881767, -0.0108832288533, -0.0239165835083], [-0.0118214394897, -0.00638304743916, 0.0106628881767, 0.00706546427682, -0.00108973041642, -0.000808611221146], [-0.00838618725538, -0.00961301475763, -0.0108832288533, -0.00108973041642, 0.0112380487844, 0.015234076418], [-0.0160632617772, -0.0145772937685, -0.0239165835083, -0.000808611221146, 0.015234076418, 0.0351903475821]]
    },
    "beats_position": [0.371519267559, 0.754648506641, 1.13777780533, 1.52090704441, 1.92725622654, 2.33360528946, 2.73995471001, 3.11147379875],
    "bpm_estimates": [147.656265259, 147.656295776, 147.656173706],
    "bpm_intervals": [0.383129239082, 0.383129298687, 0.383129239082, 0.406349182129, 0.40634906292, 0.406349420547, 0.371519088745],
    "onset_times": [0.359909296036, 0.441179126501, 0.53405892849, 1.40480720997, 2.76317453384, 2.91410422325, 3.07664394379, 3.12308382988],
    "histogram": [[0, 0, 0, 0, 0, 0, 0, 0, 0, 0, 0, 0, 0, 0, 0, 0, 0, 0, 0, 0, 0, 0, 0, 0, 0, 0, 0, 0, 0, 0, 0, 0, 0, 0, 0, 0, 0, 0, 0, 0, 0, 0, 0, 0, 0, 0, 0, 0, 0, 0, 0, 0, 0, 0, 0, 0, 0, 0, 0, 0, 0, 0, 0, 0, 0, 0, 0, 0, 0, 0, 0, 0, 0, 0, 0, 0, 0, 0, 0, 0, 0, 0, 0, 0, 0, 0, 0, 0, 0, 0, 0, 0, 0, 0, 0, 0, 0, 0, 0, 0, 0, 0, 0, 0, 0, 0, 0, 0, 0, 0, 0, 0, 0, 0, 0, 0, 0, 0, 0, 0, 0, 0, 0, 0, 0, 0, 0, 0, 0, 0, 0, 0, 0, 0, 0, 0, 0, 0, 0, 0, 0, 0, 0, 0, 0, 0, 0, 0, 0.428571432829, 0, 0, 0, 0, 0, 0, 0, 0, 0.428571432829, 0, 0, 0, 0.142857149243, 0, 0, 0, 0, 0, 0, 0, 0, 0, 0, 0, 0, 0, 0, 0, 0, 0, 0, 0, 0, 0, 0, 0, 0, 0, 0, 0, 0, 0, 0, 0, 0, 0, 0, 0, 0, 0, 0, 0, 0, 0, 0, 0, 0, 0, 0, 0, 0, 0, 0, 0, 0, 0, 0, 0, 0, 0, 0, 0, 0, 0, 0, 0, 0, 0, 0, 0, 0, 0, 0, 0, 0, 0, 0, 0, 0, 0, 0, 0, 0, 0, 0, 0, 0, 0, 0, 0, 0]]
},
"sfx": {
    "inharmonicity": {
        "kurt": 0.435188531876,
        "max": 0.370469838381,
        "mean": 0.0817529186606,
        "median": 0.0365648157895,
        "min": 0,
        "skew": 1.23572397232,
        "var": 0.00913743022829
    },
    "oddtoevenharmonicenergyratio": {
        "kurt": 32.1412734985,
        "max": 46.3415794373,
        "mean": 2.68797016144,
        "median": 0.507145226002,
        "min": 0,
        "skew": 4.73342370987,
        "var": 27.2747268677
    },
    "pitch_after_max_to_before_max_energy_ratio": 2.81169462204,
    "pitch_centroid": 66.514541626,
    "pitch_max_to_total": 0.127516776323,
    "pitch_min_to_total": 0.959731519222,
    "tristimulus": {
        "kurt": [0.297326803207, -0.925824403763, -1.32340312004],
        "max": [1, 0.94116717577, 0.955261766911],
        "mean": [0.309726655483, 0.370322167873, 0.319951117039],
        "median": [0.178983926773, 0.286750406027, 0.302567780018],
        "min": [0, 0, 0],
        "skew": [1.29050147533, 0.612641751766, 0.316532999277],
        "var": [0.103478878736, 0.0928714126348, 0.093534193933],
        "cov": [[0.104178063571, -0.0517553761601, -0.052422657609], [-0.0517553761601, 0.0934989228845, -0.0417435280979], [-0.052422657609, -0.0417435280979, 0.0941661819816]]
    }
},
"tonal": {
    "chords_changes_rate": 0.0266666673124,
    "chords_number_rate": 0.0399999991059,
    "chords_strength": {
        "kurt": -0.26363492012,
        "max": 0.583778619766,
        "mean": 0.458162546158,
        "median": 0.473715633154,
        "min": 0.273250043392,
        "skew": -0.538965940475,
        "var": 0.00566076114774
    },
    "key_strength": 0.537847816944,
    "tuning_diatonic_strength": 0.557166934013,
    "tuning_equal_tempered_deviation": 0.235763013363,
    "tuning_frequency": 442.293365479,
    "tuning_nontempered_energy_ratio": 0.876096725464,
    "hpcp": {
        "kurt": [5.57396793365, 8.08093357086, 3.38132143021, 0.771190166473, 0.594791173935, 0.618252277374, -0.480428218842, -1.37914347649, -0.936574697495, -1.71609723568, -1.04562056065, -0.140123128891, 0.565820455551, 2.2487654686, 2.38512325287, 2.91850471497, 1.19206762314, 1.35727405548, 1.13882827759, 2.44524002075, 3.354408741, 3.05761957169, 1.86270904541, 2.47966337204, 5.65304470062, 3.16338920593, 2.47752714157, 3.68569040298, 3.0982003212, 2.21447229385, 1.22226715088, 1.49847269058, 1.80485630035, 3.67022418976, 7.55898761749, 2.78718996048],
        "max": [0.762394845486, 1, 1, 1, 1, 1, 1, 1, 1, 1, 1, 1, 0.980747044086, 1, 0.796921551228, 0.997705042362, 1, 1, 0.828341782093, 1, 1, 1, 1, 1, 0.865488350391, 0.777339100838, 0.853560626507, 1, 1, 1, 1, 1, 1, 1, 1, 0.563310563564],
        "mean": [0.116987638175, 0.138014227152, 0.189865604043, 0.267782926559, 0.300731629133, 0.294788748026, 0.367084294558, 0.475720018148, 0.505466938019, 0.471423685551, 0.378340154886, 0.28460213542, 0.23815895617, 0.200071170926, 0.171265691519, 0.201566487551, 0.252492934465, 0.218503192067, 0.192972227931, 0.209590569139, 0.193820908666, 0.193180635571, 0.216822177172, 0.189247265458, 0.137236922979, 0.142119348049, 0.168678894639, 0.186910361052, 0.192281752825, 0.210986763239, 0.238446041942, 0.230219528079, 0.207542061806, 0.184161111712, 0.152518928051, 0.121825918555],
