{
"metadata": {
    "version": {
        "essentia": "2.1-beta3"
    }
},
"lowLevel": {
    "average_loudness": 0.2962449193,
    "barkbands_kurtosis": {
        "kurt": 22.6257762909,
        "max": 24.2044124603,
        "mean": 1.24767351151,
        "median": 0.869552373886,
        "min": -1.82815742493,
        "skew": 3.76551532745,
        "var": 6.55971384048
    },
    "barkbands_skewness": {
        "kurt": 5.70196819305,
        "max": 4.27167081833,
        "mean": -0.843274593353,
        "median": -1.1787314415,
        "min": -2.598102808,
        "skew": 2.29711961746,
        "var": 1.11780834198
    },
    "barkbands_spread": {
        "kurt": 1.5685915947,
        "max": 58.2837944031,
        "mean": 17.8859596252,
        "median": 14.8961811066,
        "min": 4.430311203,
        "skew": 1.46286785603,
        "var": 102.565414429
    },
    "dissonance": {
        "kurt": 24.5630989075,
        "max": 0.5,
        "mean": 0.491558223963,
        "median": 0.494997441769,
        "min": 0.366658955812,
        "skew": -3.81818675995,
        "var": 0.000114921320346
    },
    "hfc": {
        "kurt": 0.75133228302,
        "max": 4.93497133255,
        "mean": 0.91283005476,
        "median": 0.355495840311,
        "min": 0.000107493498945,
        "skew": 1.37238574028,
        "var": 1.37069511414
    },
    "pitch": {
        "kurt": -1.50293731689,
        "max": 4834.62353516,
        "mean": 2621.46533203,
        "median": 3619.63720703,
        "min": 71.3804855347,
        "skew": -0.467897444963,
        "var": 2385873
    },
    "pitch_instantaneous_confidence": {
        "kurt": 5.03978443146,
        "max": 0.817134320736,
        "mean": 0.316315531731,
        "median": 0.309584200382,
        "min": 0.0892949104309,
        "skew": 1.32002031803,
        "var": 0.00615714816377
    },
    "pitch_salience": {
        "kurt": 6.1264667511,
        "max": 0.89110916853,
        "mean": 0.753201246262,
        "median": 0.760034501553,
        "min": 0.42403960228,
        "skew": -1.80567514896,
        "var": 0.00217875116505
    },
    "silence_rate_20dB": {
        "kurt": 0,
        "max": 1,
        "mean": 1,
        "median": 1,
        "min": 1,
        "skew": 0,
        "var": 0
    },
    "silence_rate_30dB": {
        "kurt": 0,
        "max": 1,
        "mean": 1,
        "median": 1,
        "min": 1,
        "skew": 0,
        "var": 0
    },
    "silence_rate_60dB": {
        "kurt": 0,
        "max": 1,
        "mean": 1,
        "median": 1,
        "min": 1,
        "skew": 0,
        "var": 0
    },
    "spectral_centroid": {
        "kurt": 1.62268447876,
        "max": 3762.484375,
        "mean": 2780.58496094,
        "median": 3091.59814453,
        "min": 242.104812622,
        "skew": -1.62802970409,
        "var": 665517
    },
    "spectral_complexity": {
        "kurt": 13.0318698883,
        "max": 8,
        "mean": 0.352322518826,
        "median": 0,
        "min": 0,
        "skew": 3.33078360558,
        "var": 0.867991149426
    },
    "spectral_crest": {
        "kurt": 5.47478675842,
        "max": 18.477563858,
        "mean": 6.62457323074,
        "median": 6.18891096115,
        "min": 2.91344499588,
        "skew": 1.87687063217,
        "var": 4.0140709877
    },
    "spectral_decrease": {
        "kurt": 0.153333902359,
        "max": -8.50678983635e-14,
        "mean": -5.10567907397e-11,
        "median": -2.22104383496e-11,
        "min": -2.50110571143e-10,
        "skew": -1.21769189835,
        "var": 3.86550789872e-21
    },
    "spectral_energy": {
        "kurt": 0.310345172882,
        "max": 0.001375213149,
        "mean": 0.000275496626273,
        "median": 0.000115047732834,
        "min": 3.30814714289e-07,
        "skew": 1.26003789902,
        "var": 1.15960325786e-07
    },
    "spectral_energyband_high": {
        "kurt": 2.10724115372,
        "max": 0.000651806942187,
        "mean": 9.34285926633e-05,
        "median": 3.4857494029e-05,
        "min": 1.7117260942e-09,
        "skew": 1.63916897774,
        "var": 1.57483803775e-08
    },
    "spectral_energyband_low": {
        "kurt": 14.7990207672,
        "max": 1.88547016933e-06,
        "mean": 2.10003591405e-07,
        "median": 1.64129986047e-07,
        "min": 8.79181971669e-09,
        "skew": 2.92495346069,
        "var": 3.08431326811e-14
    },
    "spectral_energyband_middle_high": {
        "kurt": 0.110353708267,
        "max": 0.00093241862487,
        "mean": 0.000175441498868,
        "median": 7.81856288086e-05,
        "min": 1.50694035028e-08,
        "skew": 1.21840429306,
        "var": 4.68774423723e-08
    },
    "spectral_energyband_middle_low": {
        "kurt": 2.00700759888,
        "max": 5.46931551071e-05,
        "mean": 8.56492897583e-06,
        "median": 7.10725953468e-06,
        "min": 2.14460030179e-07,
        "skew": 1.20900690556,
        "var": 5.58064046363e-11
    },
    "spectral_flatness_db": {
        "kurt": -0.805171012878,
        "max": 0.246121123433,
        "mean": 0.168480947614,
        "median": 0.165014237165,
        "min": 0.103830195963,
        "skew": 0.193732246757,
        "var": 0.000820551009383
    },
    "spectral_flux": {
        "kurt": -0.840886116028,
        "max": 0.0253635197878,
        "mean": 0.00851240102202,
        "median": 0.00703076366335,
        "min": 0.000282664608676,
        "skew": 0.602444469929,
        "var": 4.40109179181e-05
    },
    "spectral_kurtosis": {
        "kurt": 22.7934627533,
        "max": 16.5507144928,
        "mean": 2.81598067284,
        "median": 2.64338874817,
        "min": 0.132854700089,
        "skew": 3.33852219582,
        "var": 1.6537617445
    },
    "spectral_rms": {
        "kurt": -0.87416601181,
        "max": 0.00115830532741,
        "mean": 0.000409451895393,
        "median": 0.000335024902597,
        "min": 1.79651342478e-05,
        "skew": 0.58939820528,
        "var": 1.0112654536e-07
    },
    "spectral_rolloff": {
        "kurt": 6.43064212799,
        "max": 5447.90039062,
        "mean": 4155.11669922,
        "median": 4500.43945312,
        "min": 236.865234375,
        "skew": -2.60889387131,
        "var": 995887.875
    },
    "spectral_skewness": {
        "kurt": 10.7485733032,
        "max": 3.25434613228,
        "mean": 1.09507107735,
        "median": 1.05565595627,
        "min": 0.348438203335,
        "skew": 2.3794760704,
        "var": 0.0767887458205
    },
    "spectral_spread": {
        "kurt": 0.393085479736,
        "max": 5834562,
        "mean": 4007468.75,
        "median": 4056455.25,
        "min": 3121848.75,
        "skew": 0.0872528925538,
        "var": 145342087168
    },
    "spectral_strongpeak": {
        "kurt": 1.82757616043,
        "max": 1.54803049564,
        "mean": 0.279561758041,
        "median": 0.18483145535,
        "min": 0.000330521754222,
        "skew": 1.40263462067,
        "var": 0.0866503491998
    },
    "zerocrossingrate": {
        "kurt": 2.88341999054,
        "max": 0.18115234375,
        "mean": 0.141379028559,
        "median": 0.15283203125,
        "min": 0.01025390625,
        "skew": -1.89629554749,
        "var": 0.00106557679828
    },
    "barkbands": {
        "kurt": [159.263641357, 51.8835296631, 12.0166835785, 13.0232658386, 2.80841732025, 8.6533241272, 6.6903553009, 11.2028017044, 4.3111166954, 3.4903216362, 4.45486736298, 2.92976570129, 3.69545650482, 3.49543142319, 5.78273105621, 10.1827507019, 7.80282783508, 2.12649250031, 2.39154911041, 5.95806980133, 1.72551870346, 8.9310426712, 5.50619983673, 5.25711250305, 4.01705169678, 10.159825325, 51.915851593],
        "max": [2.14297948276e-08, 4.9942127589e-07, 1.00734598618e-06, 1.67450707522e-06, 2.58513796325e-06, 6.19498086962e-06, 9.69301527221e-06, 1.71904321178e-05, 2.44329694397e-05, 2.68624808086e-05, 7.34108107281e-05, 1.50135183503e-05, 4.39701871073e-05, 8.56068872963e-05, 9.50855901465e-05, 9.75698203547e-05, 0.000163904565852, 0.000357727636583, 0.000329143949784, 0.00051794043975, 0.00040691185859, 0.000102298145066, 8.34414186102e-06, 2.98085865325e-06, 1.18619334444e-06, 1.00964342664e-07, 3.39738182031e-10],
        "mean": [7.53224593808e-10, 3.08395975424e-08, 1.09398158088e-07, 1.79216300467e-07, 5.90244553678e-07, 6.89334513027e-07, 1.12057284696e-06, 1.68753865637e-06, 3.02635112348e-06, 4.06580147683e-06, 9.21747505345e-06, 2.35474180954e-06, 5.84886356592e-06, 1.13950363811e-05, 9.56165331445e-06, 7.90135254647e-06, 1.38389750646e-05, 4.97505352541e-05, 4.38020761067e-05, 4.78408255731e-05, 5.17667649547e-05, 9.10188555281e-06, 1.027911253e-06, 4.30011198205e-07, 1.49832544594e-07, 8.77759909201e-09, 1.08879034261e-11],
        "median": [5.34865096657e-10, 2.27129071106e-08, 7.67636976207e-08, 1.30687425326e-07, 5.13500992838e-07, 4.54867858934e-07, 4.74756205904e-07, 8.97539393918e-07, 2.29022339227e-06, 2.59267335423e-06, 5.09113624503e-06, 1.49128243265e-06, 2.41426869252e-06, 3.92730362364e-06, 3.45630928678e-06, 2.54066458183e-06, 5.75295325689e-06, 1.94308813661e-05, 1.61390162248e-05, 2.06027107197e-05, 1.73224325408e-05, 3.84380246032e-06, 4.07615601716e-07, 2.34295342239e-07, 7.75909114736e-08, 1.8157091386e-09, 1.31349054897e-12],
        "min": [7.10093268907e-12, 9.5752450413e-10, 4.08668127116e-10, 2.18536988505e-09, 5.57972938964e-08, 1.61797295561e-08, 2.8880502434e-09, 7.63775320767e-10, 1.13415399294e-09, 7.92951981854e-10, 3.69698216485e-10, 7.07883807127e-10, 2.4293184131e-10, 3.36191186001e-10, 4.65713578812e-10, 2.15271078741e-10, 9.55405865533e-10, 9.46844269656e-10, 1.45191592082e-09, 1.2731263821e-09, 4.412375465e-10, 1.14699472142e-10, 2.89030743783e-11, 2.22992058846e-11, 1.23192367765e-11, 2.30313977525e-13, 2.15428642332e-15],
        "skew": [10.1261081696, 5.21796417236, 2.805382967, 2.74515938759, 1.38082671165, 2.38447570801, 2.4193046093, 2.876557827, 1.63614368439, 1.76083648205, 1.975466609, 1.59165680408, 1.93008649349, 1.93733274937, 2.20800566673, 2.67423200607, 2.43157815933, 1.66723573208, 1.72393524647, 2.25285291672, 1.54078567028, 2.80704045296, 2.29768323898, 2.26181221008, 1.88000023365, 3.26797246933, 6.26847219467],
        "var": [1.15868472016e-18, 1.04413804348e-15, 1.2509804187e-14, 2.93416922432e-14, 1.31931222674e-13, 4.96393291055e-13, 2.50192336466e-12, 5.23764018268e-12, 1.0139976532e-11, 2.15443062695e-11, 1.32535371566e-10, 6.73360195727e-12, 6.47744566318e-11, 2.72674077761e-10, 1.97138083635e-10, 1.46466200279e-10, 4.06488592786e-10, 4.52456738742e-09, 3.66352881365e-09, 4.85462425814e-09, 4.76326089682e-09, 2.13147471895e-10, 2.11204252872e-12, 3.28733134464e-13, 3.6824604916e-14, 3.52806110251e-16, 8.46273267892e-22],
        "cov": [[1.15970111834e-18, 1.19123843385e-17, 1.08386476551e-17, 1.19195758468e-17, 1.03012532266e-17, 5.71229962001e-18, -2.58627398743e-17, 1.28770762833e-17, -1.37625542693e-16, 1.0828463242e-16, -2.90028289835e-16, 4.71006004472e-17, -2.61169903792e-16, -4.23183616149e-16, -4.30395360541e-16, -5.53422740374e-17, -3.88492084775e-16, -2.92460931402e-15, -1.56033929741e-15, -1.63786483494e-15, -2.4959346215e-15, -2.14760955377e-16, -2.41327627607e-17, -1.16402956837e-17, -3.49056487299e-18, -8.14613205808e-19, 7.85161311659e-22], [1.19123843385e-17, 1.04505389785e-15, 1.98664716812e-15, 8.98353085342e-16, 8.42332337914e-16, -5.50013750399e-16, -2.83381182899e-15, -4.0936259543e-15, -9.78935628306e-15, -7.65387017952e-15, -1.84835057416e-14, -5.34010269882e-15, -1.36305973358e-14, -3.43459154617e-14, -2.52925444125e-14, -2.29462072444e-14, -4.87439339651e-14, -1.52309181977e-13, -1.33209225985e-13, -2.03564378895e-13, -1.80715685472e-13, -2.8609039237e-14, -3.65554983134e-15, -1.33379334765e-15, -4.54519732381e-16, -2.17970164691e-17, -5.13544945494e-21], [1.08386476551e-17, 1.98664716812e-15, 1.25207774988e-14, 5.57156334551e-15, 3.70011774041e-15, -1.96281631966e-15, -2.10427920748e-14, -2.26690157124e-14, -3.18033360064e-14, -4.29738709895e-14, -1.42688635972e-13, -2.14976064158e-14, -7.79851579364e-14, -1.81168407641e-13, -1.30660998514e-13, -1.41479154238e-13, -2.36770672513e-13, -9.18676701551e-13, -6.47783530375e-13, -8.63216507822e-13, -8.70459845696e-13, -1.67390434196e-13, -1.6427021554e-14, -6.79186846602e-15, -2.50937534031e-15, -1.25197147372e-16, -1.91216123954e-19], [1.19195758468e-17, 8.98353085342e-16, 5.57156334551e-15, 2.93674318804e-14, 1.27188993522e-14, 2.49649832193e-15, 8.02489178624e-15, 6.66796829815e-15, -1.15626197581e-14, 1.86419127612e-14, -3.63599395817e-14, 1.16607104086e-14, 5.65427695984e-15, -2.7544825348e-14, -1.42779329484e-14, 3.76135720606e-14, 1.88845351845e-14, 1.98963959999e-13, -5.44245570377e-14, -1.12776677103e-13, -5.05567030568e-14, 5.18848778232e-14, -4.43187410929e-16, 1.68882784276e-15, 6.09703685736e-16, -7.95498403952e-17, 3.2057097065e-20], [1.03012532266e-17, 8.42332337914e-16, 3.70011774041e-15, 1.27188993522e-14, 1.32046961256e-13, 5.47809309037e-14, 8.0756988553e-14, 9.095691187e-14, 1.74788948506e-13, 1.98361306222e-13, 2.11033095296e-13, 1.26980592924e-13, 2.00718144904e-13, 3.78419653469e-13, 3.73863754625e-13, 4.53052011054e-13, 7.14008550635e-13, 2.06715070408e-12, 2.13861567344e-12, 2.81188375535e-12, 2.36344299166e-12, 7.23611708747e-13, 6.75343705655e-14, 2.97914193044e-14, 7.38863536461e-15, 3.14052658848e-16, 1.01254827231e-18], [5.71229962001e-18, -5.50013750399e-16, -1.96281631966e-15, 2.49649832193e-15, 5.47809309037e-14, 4.96828706648e-13, 4.2021678563e-13, 5.56643598403e-13, 9.75914553163e-13, 1.20005437879e-12, 1.93666783999e-12, 7.40258386273e-13, 1.69574239633e-12, 2.74960132787e-12, 2.35977209995e-12, 2.9540979038e-12, 5.34663329235e-12, 1.33157391363e-11, 1.38862454521e-11, 1.81318900866e-11, 1.84397185021e-11, 4.36631633627e-12, 4.7375314392e-13, 1.88414794834e-13, 4.81730371468e-14, -2.83749155187e-16, 3.04877908156e-18], [-2.58627398743e-17, -2.83381182899e-15, -2.10427920748e-14, 8.02489178624e-15, 8.0756988553e-14, 4.2021678563e-13, 2.5041180067e-12, 2.48223989106e-12, 2.24387695924e-12, 4.18542240796e-12, 9.73218120676e-12, 2.2934119881e-12, 7.5798716262e-12, 1.5269020423e-11, 1.29983948952e-11, 1.27761958998e-11, 2.13029836826e-11, 7.48100678627e-11, 6.58881491034e-11, 7.94996013465e-11, 7.95730842329e-11, 1.68742155665e-11, 1.65661906935e-12, 6.53011444831e-13, 2.15634503526e-13, 1.10728534231e-16, 1.50210490217e-17], [1.28770762833e-17, -4.0936259543e-15, -2.26690157124e-14, 6.66796829815e-15, 9.095691187e-14, 5.56643598403e-13, 2.48223989106e-12, 5.2422345978e-12, 3.51866257485e-12, 5.28304179917e-12, 1.20253355884e-11, 3.23519488109e-12, 1.03809322249e-11, 2.14181380964e-11, 1.78140367041e-11, 1.79771336706e-11, 2.95226967872e-11, 9.86338996589e-11, 9.18161519037e-11, 1.12259680718e-10, 1.11482233167e-10, 2.33183194975e-11, 2.2964494889e-12, 8.61325333973e-13, 2.87446390475e-13, 2.10361712418e-15, 2.37956850067e-17], [-1.37625542693e-16, -9.78935628306e-15, -3.18033360064e-14, -1.15626197581e-14, 1.74788948506e-13, 9.75914553163e-13, 2.24387695924e-12, 3.51866257485e-12, 1.01488713267e-11, 7.53031664802e-12, 1.59417184314e-11, 4.50541340347e-12, 1.19479487068e-11, 2.41703896481e-11, 1.89510976356e-11, 1.77122656819e-11, 3.00300929956e-11, 1.04628965214e-10, 9.81561290581e-11, 1.07872578925e-10, 1.17323484261e-10, 2.16493923483e-11, 2.411043587e-12, 9.33481915898e-13, 2.82400947245e-13, 5.91553622561e-15, 2.22807268759e-17], [1.0828463242e-16, -7.65387017952e-15, -4.29738709895e-14, 1.86419127612e-14, 1.98361306222e-13, 1.20005437879e-12, 4.18542240796e-12, 5.28304179917e-12, 7.53031664802e-12, 2.15632043471e-11, 2.83510766946e-11, 6.72357742398e-12, 2.12045728198e-11, 4.25456891939e-11, 3.60170747393e-11, 3.15980644428e-11, 5.40910996549e-11, 1.8837441329e-10, 1.69177838405e-10, 1.92930102449e-10, 2.03933536724e-10, 4.04445921198e-11, 3.99758958575e-12, 1.53283570732e-12, 5.19895649968e-13, 3.46337309045e-15, 4.84793020788e-17], [-2.90028289835e-16, -1.84835057416e-14, -1.42688635972e-13, -3.63599395817e-14, 2.11033095296e-13, 1.93666783999e-12, 9.73218120676e-12, 1.20253355884e-11, 1.59417184314e-11, 2.83510766946e-11, 1.32651639673e-10, 1.45240902638e-11, 5.66169229554e-11, 1.28816318723e-10, 1.02904795796e-10, 7.56457813056e-11, 1.23931448437e-10, 4.97053065374e-10, 4.27438723305e-10, 4.52769294279e-10, 5.00417318694e-10, 7.97532456742e-11, 8.21770602955e-12, 2.97400710829e-12, 1.16833918842e-12, 1.89696027034e-14, 9.47546376638e-17], [4.71006004472e-17, -5.34010269882e-15, -2.14976064158e-14, 1.16607104086e-14, 1.26980592924e-13, 7.40258386273e-13, 2.2934119881e-12, 3.23519488109e-12, 4.50541340347e-12, 6.72357742398e-12, 1.45240902638e-11, 6.73950869071e-12, 1.22828596252e-11, 2.24416093347e-11, 1.89744053802e-11, 1.8805911689e-11, 3.19825589623e-11, 1.05482449164e-10, 1.00323714614e-10, 1.15567666548e-10, 1.19302998036e-10, 2.31703094211e-11, 2.51022033021e-12, 9.67197459276e-13, 3.01973208808e-13, -3.59386815097e-16, 2.19224501371e-17], [-2.61169903792e-16, -1.36305973358e-14, -7.79851579364e-14, 5.65427695984e-15, 2.00718144904e-13, 1.69574239633e-12, 7.5798716262e-12, 1.03809322249e-11, 1.19479487068e-11, 2.12045728198e-11, 5.66169229554e-11, 1.22828596252e-11, 6.4831279234e-11, 9.97478905029e-11, 7.63994978392e-11, 6.79944850424e-11, 1.1756971785e-10, 4.16177536877e-10, 3.78473058449e-10, 4.07646083556e-10, 4.3661455007e-10, 7.41800579296e-11, 7.64727517422e-12, 2.89666186003e-12, 1.03495478247e-12, 5.38291926139e-16, 9.23166319961e-17], [-4.23183616149e-16, -3.43459154617e-14, -1.81168407641e-13, -2.7544825348e-14, 3.78419653469e-13, 2.74960132787e-12, 1.5269020423e-11, 2.14181380964e-11, 2.41703896481e-11, 4.25456891939e-11, 1.28816318723e-10, 2.24416093347e-11, 9.97478905029e-11, 2.72913247557e-10, 1.7526342877e-10, 1.34080163638e-10, 2.21903898034e-10, 8.83835782339e-10, 7.46732287116e-10, 7.66448016165e-10, 8.93172369398e-10, 1.36794478522e-10, 1.39337881511e-11, 4.82200824409e-12, 1.98013935977e-12, -4.20668664155e-15, 1.81599483143e-16], [-4.30395360541e-16, -2.52925444125e-14, -1.30660998514e-13, -1.42779329484e-14, 3.73863754625e-13, 2.35977209995e-12, 1.29983948952e-11, 1.78140367041e-11, 1.89510976356e-11, 3.60170747393e-11, 1.02904795796e-10, 1.89744053802e-11, 7.63994978392e-11, 1.7526342877e-10, 1.97311014749e-10, 1.07066848443e-10, 1.80399375993e-10, 7.04059310852e-10, 6.27814022991e-10, 6.45180076031e-10, 7.26452009658e-10, 1.13907869248e-10, 1.15643926726e-11, 4.16689469387e-12, 1.67674901741e-12, -3.84910660067e-15, 1.33718775277e-16], [-5.53422740374e-17, -2.29462072444e-14, -1.41479154238e-13, 3.76135720606e-14, 4.53052011054e-13, 2.9540979038e-12, 1.27761958998e-11, 1.79771336706e-11, 1.77122656819e-11, 3.15980644428e-11, 7.56457813056e-11, 1.8805911689e-11, 6.79944850424e-11, 1.34080163638e-10, 1.07066848443e-10, 1.46594680839e-10, 2.02113464853e-10, 5.98677052377e-10, 5.67774438576e-10, 7.00513036467e-10, 6.97224111779e-10, 1.4158166306e-10, 1.42312099605e-11, 5.56362594883e-12, 1.83095227348e-12, -3.95970708073e-15, 1.67246655435e-16], [-3.88492084775e-16, -4.87439339651e-14, -2.36770672513e-13, 1.88845351845e-14, 7.14008550635e-13, 5.34663329235e-12, 2.13029836826e-11, 2.95226967872e-11, 3.00300929956e-11, 5.40910996549e-11, 1.23931448437e-10, 3.19825589623e-11, 1.1756971785e-10, 2.21903898034e-10, 1.80399375993e-10, 2.02113464853e-10, 4.0684514091e-10, 1.0202126921e-09, 9.89724302514e-10, 1.20480203591e-09, 1.17303433633e-09, 2.36737046633e-10, 2.47236241896e-11, 9.33612475523e-12, 3.05397504161e-12, 3.67231896612e-15, 2.56251633453e-16], [-2.92460931402e-15, -1.52309181977e-13, -9.18676701551e-13, 1.98963959999e-13, 2.06715070408e-12, 1.33157391363e-11, 7.48100678627e-11, 9.86338996589e-11, 1.04628965214e-10, 1.8837441329e-10, 4.97053065374e-10, 1.05482449164e-10, 4.16177536877e-10, 8.83835782339e-10, 7.04059310852e-10, 5.98677052377e-10, 1.0202126921e-09, 4.52853665678e-09, 3.37820327267e-09, 3.65399022151e-09, 3.95031873879e-09, 6.84908962878e-10, 6.89730703107e-11, 2.5613291002e-11, 9.37519679944e-12, -6.32837415487e-15, 7.43237053442e-16], [-1.56033929741e-15, -1.33209225985e-13, -6.47783530375e-13, -5.44245570377e-14, 2.13861567344e-12, 1.38862454521e-11, 6.58881491034e-11, 9.18161519037e-11, 9.81561290581e-11, 1.69177838405e-10, 4.27438723305e-10, 1.00323714614e-10, 3.78473058449e-10, 7.46732287116e-10, 6.27814022991e-10, 5.67774438576e-10, 9.89724302514e-10, 3.37820327267e-09, 3.66674246521e-09, 3.50247408853e-09, 3.66356323056e-09, 6.78856693082e-10, 6.88747947564e-11, 2.57982888524e-11, 8.90884848531e-12, -1.1769185683e-14, 7.31468801189e-16], [-1.63786483494e-15, -2.03564378895e-13, -8.63216507822e-13, -1.12776677103e-13, 2.81188375535e-12, 1.81318900866e-11, 7.94996013465e-11, 1.12259680718e-10, 1.07872578925e-10, 1.92930102449e-10, 4.52769294279e-10, 1.15567666548e-10, 4.07646083556e-10, 7.66448016165e-10, 6.45180076031e-10, 7.00513036467e-10, 1.20480203591e-09, 3.65399022151e-09, 3.50247408853e-09, 4.85888307367e-09, 4.17438261735e-09, 8.69266991721e-10, 9.00323496311e-11, 3.43159979599e-11, 1.10276345347e-11, 1.29003227981e-14, 8.769083287e-16], [-2.4959346215e-15, -1.80715685472e-13, -8.70459845696e-13, -5.05567030568e-14, 2.36344299166e-12, 1.84397185021e-11, 7.95730842329e-11, 1.11482233167e-10, 1.17323484261e-10, 2.03933536724e-10, 5.00417318694e-10, 1.19302998036e-10, 4.3661455007e-10, 8.93172369398e-10, 7.26452009658e-10, 6.97224111779e-10, 1.17303433633e-09, 3.95031873879e-09, 3.66356323056e-09, 4.17438261735e-09, 4.7674393322e-09, 8.2436496518e-10, 8.42065098206e-11, 3.1672903883e-11, 1.07766772936e-11, -2.14791698967e-14, 9.16284772835e-16], [-2.14760955377e-16, -2.8609039237e-14, -1.67390434196e-13, 5.18848778232e-14, 7.23611708747e-13, 4.36631633627e-12, 1.68742155665e-11, 2.33183194975e-11, 2.16493923483e-11, 4.04445921198e-11, 7.97532456742e-11, 2.31703094211e-11, 7.41800579296e-11, 1.36794478522e-10, 1.13907869248e-10, 1.4158166306e-10, 2.36737046633e-10, 6.84908962878e-10, 6.78856693082e-10, 8.69266991721e-10, 8.2436496518e-10, 2.1333444733e-10, 1.91330944144e-11, 7.48420422858e-12, 2.33151345452e-12, 2.59796355164e-15, 1.84355966581e-16], [-2.41327627607e-17, -3.65554983134e-15, -1.6427021554e-14, -4.43187410929e-16, 6.75343705655e-14, 4.7375314392e-13, 1.65661906935e-12, 2.2964494889e-12, 2.411043587e-12, 3.99758958575e-12, 8.21770602955e-12, 2.51022033021e-12, 7.64727517422e-12, 1.39337881511e-11, 1.15643926726e-11, 1.42312099605e-11, 2.47236241896e-11, 6.89730703107e-11, 6.88747947564e-11, 9.00323496311e-11, 8.42065098206e-11, 1.91330944144e-11, 2.11389521339e-12, 7.7162749931e-13, 2.33385874645e-13, -3.20084724573e-16, 1.76637322601e-17], [-1.16402956837e-17, -1.33379334765e-15, -6.79186846602e-15, 1.68882784276e-15, 2.97914193044e-14, 1.88414794834e-13, 6.53011444831e-13, 8.61325333973e-13, 9.33481915898e-13, 1.53283570732e-12, 2.97400710829e-12, 9.67197459276e-13, 2.89666186003e-12, 4.82200824409e-12, 4.16689469387e-12, 5.56362594883e-12, 9.33612475523e-12, 2.5613291002e-11, 2.57982888524e-11, 3.43159979599e-11, 3.1672903883e-11, 7.48420422858e-12, 7.7162749931e-13, 3.29021505137e-13, 9.06158896291e-14, -1.18476139459e-16, 6.6139260741e-18], [-3.49056487299e-18, -4.54519732381e-16, -2.50937534031e-15, 6.09703685736e-16, 7.38863536461e-15, 4.81730371468e-14, 2.15634503526e-13, 2.87446390475e-13, 2.82400947245e-13, 5.19895649968e-13, 1.16833918842e-12, 3.01973208808e-13, 1.03495478247e-12, 1.98013935977e-12, 1.67674901741e-12, 1.83095227348e-12, 3.05397504161e-12, 9.37519679944e-12, 8.90884848531e-12, 1.10276345347e-11, 1.07766772936e-11, 2.33151345452e-12, 2.33385874645e-13, 9.06158896291e-14, 3.68569073644e-14, -1.69138569698e-16, 2.39322293648e-18], [-8.14613205808e-19, -2.17970164691e-17, -1.25197147372e-16, -7.95498403952e-17, 3.14052658848e-16, -2.83749155187e-16, 1.10728534231e-16, 2.10361712418e-15, 5.91553622561e-15, 3.46337309045e-15, 1.89696027034e-14, -3.59386815097e-16, 5.38291926139e-16, -4.20668664155e-15, -3.84910660067e-15, -3.95970708073e-15, 3.67231896612e-15, -6.32837415487e-15, -1.1769185683e-14, 1.29003227981e-14, -2.14791698967e-14, 2.59796355164e-15, -3.20084724573e-16, -1.18476139459e-16, -1.69138569698e-16, 3.53115594914e-16, -7.10764150183e-21], [7.85161311659e-22, -5.13544945494e-21, -1.91216123954e-19, 3.2057097065e-20, 1.01254827231e-18, 3.04877908156e-18, 1.50210490217e-17, 2.37956850067e-17, 2.22807268759e-17, 4.84793020788e-17, 9.47546376638e-17, 2.19224501371e-17, 9.23166319961e-17, 1.81599483143e-16, 1.33718775277e-16, 1.67246655435e-16, 2.56251633453e-16, 7.43237053442e-16, 7.31468801189e-16, 8.769083287e-16, 9.16284772835e-16, 1.84355966581e-16, 1.76637322601e-17, 6.6139260741e-18, 2.39322293648e-18, -7.10764150183e-21, 8.4701563018e-22]]
    },
    "mfcc": {
        "kurt": [-0.738990068436, 0.252135038376, -0.101737499237, 2.35125255585, -0.0879137516022, 0.425820827484, -0.136759281158, 0.192241430283, -0.0931377410889, 0.495390892029, 0.121446609497, 0.406585216522, 0.0373961925507],
        "max": [-772.907836914, 91.86743927, 51.9255714417, 50.0038757324, 33.3747291565, 13.8244781494, 31.1881484985, 13.8785572052, 16.3980064392, 14.8513202667, 15.2901878357, 17.8047828674, 9.18698883057],
        "mean": [-909.68371582, 33.6948852539, -64.1085586548, 26.015329361, -30.0776500702, -10.0222129822, 3.41026234627, -8.18182945251, -2.60362100601, -8.74183273315, -6.16462087631, -6.63285589218, -13.9039039612],
        "median": [-887.58972168, 34.4047050476, -80.3448944092, 26.7986412048, -39.5494384766, -10.1593284607, 3.04888916016, -8.20809936523, -2.1492729187, -8.26775360107, -6.39241027832, -6.27555847168, -14.1580028534],
        "min": [-1114.31347656, -19.5687942505, -119.203994751, -14.5599479675, -63.3331794739, -30.1530532837, -20.11120224, -28.460018158, -25.7629013062, -30.1479187012, -30.979429245, -31.5092277527, -35.6350402832],
        "skew": [-0.674171924591, 0.12903867662, 1.02500462532, -0.95280277729, 1.05763041973, 0.231113821268, 0.182827323675, 0.139821723104, -0.333384156227, -0.308803379536, -0.164100527763, -0.194909706712, 0.11088886112],
        "var": [9314.70214844, 347.413543701, 1874.86437988, 65.1058807373, 439.994598389, 48.9565429688, 73.4863739014, 41.4428749084, 46.8245697021, 40.5176887512, 53.6872253418, 43.052192688, 49.3288078308],
        "cov": [[9322.87304688, -1218.79040527, -4027.20092773, 63.2535095215, -1841.70544434, -152.41078186, -204.029846191, -251.9453125, 312.648956299, 180.852386475, 345.588500977, 250.888626099, -216.752456665], [-1218.79040527, 347.718292236, 496.093048096, -34.5087547302, 206.252120972, 5.6232676506, 88.3183135986, 52.7117424011, -28.0284500122, -16.3843345642, -44.5870056152, -52.4997024536, 16.4087047577], [-4027.20092773, 496.093048096, 1876.5090332, -26.5698642731, 835.889831543, 87.3981246948, 52.3652648926, 111.925422668, -154.584213257, -72.8412322998, -159.907699585, -97.7926712036, 119.685447693], [63.2535095215, -34.5087547302, -26.5698642731, 65.1629943848, 5.5121421814, -3.11243534088, -12.3590965271, -5.56270217896, 9.81713485718, -9.01366519928, 5.6676068306, 9.6774187088, -12.517739296], [-1841.70544434, 206.252120972, 835.889831543, 5.5121421814, 440.380554199, 45.5758285522, 19.1231231689, 44.4302864075, -72.5204238892, -35.7205162048, -70.7111587524, -40.6911964417, 55.7077064514], [-152.41078186, 5.6232676506, 87.3981246948, -3.11243534088, 45.5758285522, 48.9994850159, 5.03656625748, 8.97540473938, -7.02622175217, 5.20999765396, -7.66476678848, -5.35821247101, 12.2529411316], [-204.029846191, 88.3183135986, 52.3652648926, -12.3590965271, 19.1231231689, 5.03656625748, 73.5508346558, 23.8278217316, 5.4876203537, -2.07953262329, 2.34586644173, -15.4510669708, -7.72770690918], [-251.9453125, 52.7117424011, 111.925422668, -5.56270217896, 44.4302864075, 8.97540473938, 23.8278217316, 41.4792289734, 2.55760478973, -2.23731541634, -13.06645298, -6.6761803627, 5.63580513], [312.648956299, -28.0284500122, -154.584213257, 9.81713485718, -72.5204238892, -7.02622175217, 5.4876203537, 2.55760478973, 46.8656425476, 11.2367010117, 18.141292572, 8.72041225433, -15.9787330627], [180.852386475, -16.3843345642, -72.8412322998, -9.01366519928, -35.7205162048, 5.20999765396, -2.07953262329, -2.23731541634, 11.2367010117, 40.5532302856, 13.0531492233, 3.90693497658, 6.34018182755], [345.588500977, -44.5870056152, -159.907699585, 5.6676068306, -70.7111587524, -7.66476678848, 2.34586644173, -13.06645298, 18.141292572, 13.0531492233, 53.7343215942, 14.2882862091, -11.8499546051], [250.888626099, -52.4997024536, -97.7926712036, 9.6774187088, -40.6911964417, -5.35821247101, -15.4510669708, -6.6761803627, 8.72041225433, 3.90693497658, 14.2882862091, 43.0899581909, -0.592328190804], [-216.752456665, 16.4087047577, 119.685447693, -12.517739296, 55.7077064514, 12.2529411316, -7.72770690918, 5.63580513, -15.9787330627, 6.34018182755, -11.8499546051, -0.592328190804, 49.3720817566]]
    },
    "sccoeffs": {
        "kurt": [0.393336772919, 0.184783935547, -0.186312437057, 0.224656105042, 0.272778272629, 0.992910385132],
        "max": [-0.62060624361, -0.724978089333, -0.741478145123, -0.735068440437, -0.769929945469, -0.686820745468],
        "mean": [-0.774410009384, -0.851566672325, -0.848949015141, -0.854718089104, -0.845668494701, -0.755296587944],
        "median": [-0.776005089283, -0.854303598404, -0.850140750408, -0.855206370354, -0.843887209892, -0.751763761044],
        "min": [-0.91344088316, -0.937981545925, -0.948301672935, -0.977311968803, -0.971533000469, -0.883565783501],
        "skew": [0.229366138577, 0.504044592381, 0.177506938577, 0.169301837683, -0.333156168461, -0.820589721203],
        "var": [0.00129772303626, 0.00122196250595, 0.00114837673027, 0.000803051516414, 0.00057996250689, 0.000991912791505],
        "cov": [[0.00129886134528, -6.71674060868e-05, 7.58816240705e-05, 6.38260607957e-05, 9.93782596197e-05, 9.85381921055e-05], [-6.71674060868e-05, 0.00122303434182, 8.99684237083e-05, 0.000127919702209, 0.000123720834381, 0.000179256589036], [7.58816240705e-05, 8.99684237083e-05, 0.00114938407205, 0.00041348094237, 0.000375325995265, 0.000483529205667], [6.38260607957e-05, 0.000127919702209, 0.00041348094237, 0.000803755945526, 0.000397461873945, 0.000484319170937], [9.93782596197e-05, 0.000123720834381, 0.000375325995265, 0.000397461873945, 0.000580471241847, 0.00050748558715], [9.85381921055e-05, 0.000179256589036, 0.000483529205667, 0.000484319170937, 0.00050748558715, 0.000992782879621]]
    },
    "scvalleys": {
        "kurt": [0.481073379517, 0.0674986839294, 0.437279224396, -0.106207609177, -0.0691246986389, -0.41688990593],
        "max": [-8.57751560211, -7.49670553207, -7.09504699707, -7.06753873825, -6.57565736771, -9.30100345612],
        "mean": [-10.1529092789, -8.93736839294, -8.63713550568, -8.82558250427, -8.47085094452, -11.3110122681],
        "median": [-10.1408472061, -8.71607303619, -8.20339870453, -8.46487617493, -8.04034423828, -10.8042736053],
        "min": [-11.295006752, -11.374168396, -12.3189668655, -12.6575918198, -12.5744829178, -15.1615495682],
        "skew": [-0.163940191269, -0.902656376362, -1.19285202026, -0.894886791706, -0.938368439674, -0.893954217434],
        "var": [0.121771648526, 0.631651520729, 1.27299463749, 1.65868937969, 1.9453625679, 2.23626327515],
        "cov": [[0.1218784675, 0.0143205495551, 0.0139234950766, 0.00833980366588, 0.00183641363401, 0.00719184288755], [0.0143205495551, 0.632205605507, 0.797907233238, 0.916591048241, 0.986202418804, 1.07833814621], [0.0139234950766, 0.797907233238, 1.2741112709, 1.37396216393, 1.47103619576, 1.60344254971], [0.00833980366588, 0.916591048241, 1.37396216393, 1.66014432907, 1.76318192482, 1.8865686655], [0.00183641363401, 0.986202418804, 1.47103619576, 1.76318192482, 1.94706904888, 2.06160879135], [0.00719184288755, 1.07833814621, 1.60344254971, 1.8865686655, 2.06160879135, 2.23822498322]]
    }
},
"rhythm": {
    "beats_loudness": {
        "kurt": 0.0652887821198,
        "max": 0.00115273485426,
        "mean": 0.000279723288259,
        "median": 0.000113200803753,
        "min": 8.78248044955e-07,
        "skew": 1.2174217701,
        "var": 1.19523406283e-07
    },
    "bpm": 106.47555542,
    "confidence": 0.397650301456,
    "first_peak_bpm": {
        "kurt": 0,
        "max": 105,
        "mean": 105,
        "median": 105,
        "min": 105,
        "skew": 0,
        "var": 0
    },
    "first_peak_spread": {
        "kurt": 0,
        "max": 0.533333301544,
        "mean": 0.533333301544,
        "median": 0.533333301544,
        "min": 0.533333301544,
        "skew": 0,
        "var": 0
    },
    "first_peak_weight": {
        "kurt": 0,
        "max": 0.137254908681,
        "mean": 0.137254908681,
        "median": 0.137254908681,
        "min": 0.137254908681,
        "skew": 0,
        "var": 0
    },
    "onset_rate": 0.264442831278,
    "second_peak_bpm": {
        "kurt": 0,
        "max": 126,
        "mean": 126,
        "median": 126,
        "min": 126,
        "skew": 0,
        "var": 0
    },
    "second_peak_spread": {
        "kurt": 0,
        "max": 0.611111104488,
        "mean": 0.611111104488,
        "median": 0.611111104488,
        "min": 0.611111104488,
        "skew": 0,
        "var": 0
    },
    "second_peak_weight": {
        "kurt": 0,
        "max": 0.137254908681,
        "mean": 0.137254908681,
        "median": 0.137254908681,
        "min": 0.137254908681,
        "skew": 0,
        "var": 0
    },
    "beats_loudness_band_ratio": {
        "kurt": [4.64743089676, 3.7715420723, 5.50207710266, 5.98435497284, 0.53013086319, 0.308761835098],
        "max": [0.464091747999, 0.479957640171, 0.179040074348, 0.458988428116, 0.597306549549, 0.670414865017],
        "mean": [0.0521191135049, 0.0647286623716, 0.0459269843996, 0.123785167933, 0.310651510954, 0.425982147455],
        "median": [0.00327388150617, 0.0106360949576, 0.0396318435669, 0.115926265717, 0.315514802933, 0.471803724766],
        "min": [0.000121658973512, 0.000852517841849, 0.0129589755088, 0.0151451928541, 0.030661387369, 0.0536962114275],
        "skew": [2.36268949509, 2.16424584389, 1.98735463619, 2.00120258331, -0.477907925844, -1.03584420681],
        "var": [0.0115006472915, 0.0134291509166, 0.000911312759854, 0.00572205660865, 0.0130772478878, 0.0236430093646],
        "cov": [[0.0117261502892, 0.0104004777968, 0.00166667893063, -0.00100636016577, -0.00798265915364, -0.0128404926509], [0.0104004777968, 0.0136924674734, 0.000859594962094, -0.00118472008035, -0.00819994788617, -0.0135983172804], [0.00166667893063, 0.000859594962094, 0.000929181638639, 0.000659964396618, -0.00147815141827, -0.00240594753996], [-0.00100636016577, -0.00118472008035, 0.000659964396618, 0.00583425397053, -0.00208900216967, -0.00221563526429], [-0.00798265915364, -0.00819994788617, -0.00147815141827, -0.00208900216967, 0.0133336642757, 0.00499441241845], [-0.0128404926509, -0.0135983172804, -0.00240594753996, -0.00221563526429, 0.00499441241845, 0.0241065975279]]
    },
    "beats_position": [0.510838985443, 1.01006805897, 1.50929701328, 1.99691605568, 2.48453521729, 2.97215414047, 3.44816327095, 3.92417216301, 4.40018129349, 4.88780021667, 5.3754196167, 5.87464857101, 6.31582736969, 6.7570066452, 7.19818592072, 7.65097475052, 8.10376358032, 8.56816291809, 9.04417228699, 9.52018165588, 9.99619007111, 10.47219944, 10.9365987778, 11.4009971619, 11.8537864685, 12.3181858063, 12.782585144, 13.2469835281, 13.6881628036, 14.1409521103, 14.5821313858, 15.0929698944, 15.6038093567, 16.114648819, 16.6603164673, 17.2059860229, 17.7516555786, 18.3205432892, 18.8894329071, 19.4699325562, 20.0388202667, 20.6193199158, 21.1765975952, 21.7454872131, 22.3143768311, 22.8948745728, 23.4521541595, 24.0210418701, 24.589931488, 25.1472110748, 25.7044887543, 26.2617683411],
    "bpm_estimates": [109.957038879, 109.95665741, 109.95665741, 105.468971252, 105.468612671, 103.359237671, 105.468971252, 103.359237671, 107.666252136, 105.468612671, 105.468612671, 103.359573364, 107.665885925, 105.468971252, 105.468612671, 107.665885925, 107.666252136, 107.665885925],
    "bpm_intervals": [0.499229073524, 0.499228954315, 0.487619042397, 0.487619161606, 0.487618923187, 0.476009130478, 0.476008892059, 0.476009130478, 0.487618923187, 0.487619400024, 0.499228954315, 0.441178798676, 0.441179275513, 0.441179275513, 0.452788829803, 0.452788829803, 0.464399337769, 0.476009368896, 0.476009368896, 0.476008415222, 0.476009368896, 0.464399337769, 0.464398384094, 0.452789306641, 0.464399337769, 0.464399337769, 0.464398384094, 0.441179275513, 0.452789306641, 0.441179275513, 0.510838508606, 0.51083946228, 0.51083946228, 0.545667648315, 0.545669555664, 0.545669555664, 0.568887710571, 0.56888961792, 0.580499649048, 0.568887710571, 0.580499649048, 0.557277679443, 0.56888961792, 0.56888961792, 0.580497741699, 0.557279586792, 0.568887710571, 0.56888961792, 0.557279586792, 0.557277679443, 0.557279586792],
    "onset_times": [0.557278931141, 0.696598649025, 1.62539684772, 9.84526062012, 10.1122903824, 25.3329696655, 26.2501583099],
    "histogram": [[0, 0, 0, 0, 0, 0, 0, 0, 0, 0, 0, 0, 0, 0, 0, 0, 0, 0, 0, 0, 0, 0, 0, 0, 0, 0, 0, 0, 0, 0, 0, 0, 0, 0, 0, 0, 0, 0, 0, 0, 0, 0, 0, 0, 0, 0, 0, 0, 0, 0, 0, 0, 0, 0, 0, 0, 0, 0, 0, 0, 0, 0, 0, 0, 0, 0, 0, 0, 0, 0, 0, 0, 0, 0, 0, 0, 0, 0, 0, 0, 0, 0, 0, 0, 0, 0, 0, 0, 0, 0, 0, 0, 0, 0, 0, 0, 0, 0, 0, 0, 0, 0, 0, 0.0588235296309, 0, 0.137254908681, 0, 0, 0.0980392172933, 0, 0.0588235296309, 0, 0, 0, 0, 0, 0, 0.0588235296309, 0, 0, 0.0588235296309, 0, 0, 0.0980392172933, 0, 0, 0.137254908681, 0, 0, 0.117647059262, 0, 0, 0, 0.0784313753247, 0, 0, 0.0980392172933, 0, 0, 0, 0, 0, 0, 0, 0, 0, 0, 0, 0, 0, 0, 0, 0, 0, 0, 0, 0, 0, 0, 0, 0, 0, 0, 0, 0, 0, 0, 0, 0, 0, 0, 0, 0, 0, 0, 0, 0, 0, 0, 0, 0, 0, 0, 0, 0, 0, 0, 0, 0, 0, 0, 0, 0, 0, 0, 0, 0, 0, 0, 0, 0, 0, 0, 0, 0, 0, 0, 0, 0, 0, 0, 0, 0, 0, 0, 0, 0, 0, 0, 0, 0, 0, 0, 0, 0, 0, 0, 0, 0, 0, 0, 0, 0, 0, 0, 0, 0, 0, 0, 0, 0, 0, 0, 0, 0, 0, 0, 0, 0, 0]]
},
"sfx": {
    "inharmonicity": {
        "kurt": 5.46960353851,
        "max": 0.416391909122,
        "mean": 0.0393983274698,
        "median": 0,
        "min": 0,
        "skew": 2.41362643242,
        "var": 0.00576747022569
    },
    "oddtoevenharmonicenergyratio": {
        "kurt": 186.882247925,
        "max": 52.9258422852,
        "mean": 0.694112062454,
        "median": 0,
        "min": 0,
        "skew": 12.1319189072,
        "var": 7.89126968384
    },
    "pitch_after_max_to_before_max_energy_ratio": 0.00811084639281,
    "pitch_centroid": 569.151916504,
    "pitch_max_to_total": 0.974583685398,
    "pitch_min_to_total": 0.995617866516,
    "tristimulus": {
        "kurt": [-1.60304808617, -0.357739925385, 2.61835289001],
        "max": [1, 0.958455324173, 0.973666846752],
        "mean": [0.671189069748, 0.210598960519, 0.118212088943],
        "median": [1, 0, 0],
        "min": [0, 0, 0],
        "skew": [-0.491418689489, 1.11602592468, 1.99299275875],
        "var": [0.159824982285, 0.0930089280009, 0.0615317672491],
        "cov": [[0.159965187311, -0.0957336127758, -0.0642291530967], [-0.0957336127758, 0.0930905118585, 0.00264341570437], [-0.0642291530967, 0.00264341570437, 0.0615857429802]]
    }
},
"tonal": {
    "chords_changes_rate": 0.0280210152268,
    "chords_number_rate": 0.0105078807101,
    "chords_strength": {
        "kurt": 0.40650677681,
        "max": 0.81901961565,
        "mean": 0.623678326607,
        "median": 0.635077059269,
        "min": 0.361198484898,
        "skew": -0.597363650799,
        "var": 0.00928102619946
    },
    "key_strength": 0.643877983093,
    "tuning_diatonic_strength": 0.723552525043,
    "tuning_equal_tempered_deviation": 0.227536067367,
    "tuning_frequency": 435.197479248,
    "tuning_nontempered_energy_ratio": 0.898993611336,
    "hpcp": {
