{
"metadata": {
    "version": {
        "essentia": "2.1-beta3"
    }
},
"lowLevel": {
    "average_loudness": 0.553793728352,
    "barkbands_kurtosis": {
        "kurt": 204.350448608,
        "max": 201.688674927,
        "mean": 3.32806944847,
        "median": 2.0663087368,
        "min": -1.69629430771,
        "skew": 12.9746341705,
        "var": 114.630157471
    },
    "barkbands_skewness": {
        "kurt": 4.90655040741,
        "max": 9.48165988922,
        "mean": -0.69001942873,
        "median": -1.32999801636,
        "min": -6.0408449173,
        "skew": 1.70955312252,
        "var": 2.54806661606
    },
    "barkbands_spread": {
        "kurt": -0.108210325241,
        "max": 56.7193565369,
        "mean": 17.3403053284,
        "median": 14.7481307983,
        "min": 0.376135289669,
        "skew": 0.701806843281,
        "var": 75.7982330322
    },
    "dissonance": {
        "kurt": 210.631484985,
        "max": 0.500000059605,
        "mean": 0.487629354,
        "median": 0.492082208395,
        "min": 0.0751797035336,
        "skew": -12.0392847061,
        "var": 0.000419831660111
    },
    "hfc": {
        "kurt": -1.55897474289,
        "max": 25.7939491272,
        "mean": 7.99904298782,
        "median": 3.95777177811,
        "min": 3.18393689192e-09,
        "skew": 0.341801613569,
        "var": 69.8805236816
    },
    "pitch": {
        "kurt": -1.6936006546,
        "max": 4859.98828125,
        "mean": 2593.01806641,
        "median": 3788.76196289,
        "min": 62.9196128845,
        "skew": -0.447867959738,
        "var": 3281243.75
    },
    "pitch_instantaneous_confidence": {
        "kurt": 4.31919574738,
        "max": 0.884104430676,
        "mean": 0.309687942266,
        "median": 0.298511147499,
        "min": 0.0826946496964,
        "skew": 1.39697790146,
        "var": 0.0116391703486
    },
    "pitch_salience": {
        "kurt": 11.2622613907,
        "max": 0.889352321625,
        "mean": 0.733849227428,
        "median": 0.750068247318,
        "min": 0.208035081625,
        "skew": -2.67885661125,
        "var": 0.00523767713457
    },
    "silence_rate_20dB": {
        "kurt": 0,
        "max": 1,
        "mean": 1,
        "median": 1,
        "min": 1,
        "skew": 0,
        "var": 0
    },
    "silence_rate_30dB": {
        "kurt": 0,
        "max": 1,
        "mean": 1,
        "median": 1,
        "min": 1,
        "skew": 0,
        "var": 0
    },
    "silence_rate_60dB": {
        "kurt": -1.88610160351,
        "max": 1,
        "mean": 0.583194673061,
        "median": 1,
        "min": 0,
        "skew": -0.337479948997,
        "var": 0.243079185486
    },
    "spectral_centroid": {
        "kurt": -0.981000900269,
        "max": 4194.60253906,
        "mean": 2795.49658203,
        "median": 3473.64477539,
        "min": 176.693496704,
        "skew": -0.866251587868,
        "var": 1722295.25
    },
    "spectral_complexity": {
        "kurt": -1.59045827389,
        "max": 33,
        "mean": 9.05823612213,
        "median": 2,
        "min": 0,
        "skew": 0.386013478041,
        "var": 99.4350509644
    },
    "spectral_crest": {
        "kurt": 7.17777442932,
        "max": 21.9059448242,
        "mean": 6.82471656799,
        "median": 6.14838886261,
        "min": 2.84153985977,
        "skew": 2.39601397514,
        "var": 7.07573795319
    },
    "spectral_decrease": {
        "kurt": -1.61520397663,
        "max": -7.96226583453e-19,
        "mean": -3.84383136431e-10,
        "median": -1.75693987137e-10,
        "min": -1.24471055685e-09,
        "skew": -0.335512518883,
        "var": 1.62745019635e-19
    },
    "spectral_energy": {
        "kurt": -1.61472725868,
        "max": 0.00703091500327,
        "mean": 0.00217628548853,
        "median": 0.00102158531081,
        "min": 3.29393977372e-12,
        "skew": 0.327719122171,
        "var": 5.18283241036e-06
    },
    "spectral_energyband_high": {
        "kurt": -1.59138834476,
        "max": 0.00306729250588,
        "mean": 0.000865154492203,
        "median": 0.000439872848801,
        "min": 1.62035668086e-13,
        "skew": 0.309287369251,
        "var": 8.0777221001e-07
    },
    "spectral_energyband_low": {
        "kurt": 15.3590373993,
        "max": 2.14896499529e-05,
        "mean": 1.15066461603e-06,
        "median": 1.07718051368e-07,
        "min": 8.50375108871e-13,
        "skew": 3.25913643837,
        "var": 4.77719253045e-12
    },
    "spectral_energyband_middle_high": {
        "kurt": -1.11110508442,
        "max": 0.00436058919877,
        "mean": 0.00113560911268,
        "median": 0.000492717605084,
        "min": 7.33648656149e-13,
        "skew": 0.550468504429,
        "var": 1.51568440288e-06
    },
    "spectral_energyband_middle_low": {
        "kurt": 2.3783955574,
        "max": 0.00141893851105,
        "mean": 0.000185382596101,
        "median": 1.33870153149e-05,
        "min": 1.59536771814e-12,
        "skew": 1.72627520561,
        "var": 7.91111531839e-08
    },
    "spectral_flatness_db": {
        "kurt": 11.199754715,
        "max": 0.44752150774,
        "mean": 0.152025610209,
        "median": 0.14939904213,
        "min": 0.0510323271155,
        "skew": 1.92718076706,
        "var": 0.00140729220584
    },
    "spectral_flux": {
        "kurt": -1.78769648075,
        "max": 0.0521969646215,
        "mean": 0.0213000364602,
        "median": 0.0211190953851,
        "min": 5.37334308319e-05,
        "skew": 0.0497016720474,
        "var": 0.000363427388947
    },
    "spectral_kurtosis": {
        "kurt": 355.643493652,
        "max": 111.760932922,
        "mean": 3.74274921417,
        "median": 2.30242013931,
        "min": 1.23378705978,
        "skew": 15.1707668304,
        "var": 18.0223178864
    },
    "spectral_rms": {
        "kurt": -1.8062633276,
        "max": 0.00261905114166,
        "mean": 0.0010784144979,
        "median": 0.000998330768198,
        "min": 5.66886200204e-08,
        "skew": 0.070843115449,
        "var": 9.60229954217e-07
    },
    "spectral_rolloff": {
        "kurt": -0.461169958115,
        "max": 5770.8984375,
        "mean": 4050.53662109,
        "median": 5081.8359375,
        "min": 129.19921875,
        "skew": -1.05239355564,
        "var": 2864792.5
    },
    "spectral_skewness": {
        "kurt": 31.0197792053,
        "max": 8.22277641296,
        "mean": 1.43589234352,
        "median": 1.20054268837,
        "min": 0.956850528717,
        "skew": 3.62973570824,
        "var": 0.264371454716
    },
    "spectral_spread": {
        "kurt": 30.2139816284,
        "max": 26667936,
        "mean": 6128336.5,
        "median": 6697237,
        "min": 816046.125,
        "skew": 1.60217761993,
        "var": 2.17489132749e+12
    },
    "spectral_strongpeak": {
        "kurt": 5.58572101593,
        "max": 7.54932832718,
        "mean": 0.660316288471,
        "median": 0.362798154354,
        "min": 0,
        "skew": 1.93267190456,
        "var": 0.730243265629
    },
    "zerocrossingrate": {
        "kurt": -0.859312772751,
        "max": 0.20361328125,
        "mean": 0.141993165016,
        "median": 0.173095703125,
        "min": 0.00244140625,
        "skew": -0.893948972225,
        "var": 0.00327576557174
    },
    "barkbands": {
        "kurt": [61.0456771851, 11.0897636414, 20.2908859253, 27.0195636749, 20.2180137634, 20.6315536499, 9.36984729767, 3.49163579941, 4.0216293335, 4.3285484314, 5.85683917999, 2.13524198532, 2.5798830986, 4.31523084641, 0.591506004333, 0.612408876419, 3.77199363708, 1.22665023804, 0.297302007675, -0.0684633255005, -0.858546495438, -0.812544584274, -0.661702156067, -1.12387084961, -1.13908410072, -1.24104726315, 1.65587806702],
        "max": [1.2211000211e-08, 7.85570955486e-06, 7.50406070438e-06, 3.83888545912e-05, 0.000455431581941, 0.000179667767952, 0.00034514060826, 0.00101988681126, 7.82508723205e-05, 8.68328352226e-05, 0.000171509251231, 0.000164555327501, 0.000246186333243, 0.000275815284112, 0.000189717218745, 0.000492646067869, 0.00125430221669, 0.00140599627048, 0.00226758699864, 0.00206287228502, 0.00184245419223, 0.00114479835611, 0.000271136814263, 0.000105575381895, 7.47401354602e-05, 3.41608301824e-06, 2.32329668393e-07],
        "mean": [4.32140656592e-10, 4.51775321153e-07, 3.62078765193e-07, 1.63477750448e-06, 2.11372516787e-05, 1.1087790881e-05, 2.50604043686e-05, 0.000115278671728, 8.63106561155e-06, 9.95554819383e-06, 1.91130420717e-05, 2.09357494896e-05, 3.15710130963e-05, 3.29009926645e-05, 3.11944677378e-05, 7.88795077824e-05, 0.000138761402923, 0.000178369606147, 0.000359316472895, 0.000388230400858, 0.000380544632208, 0.000233774422668, 4.50092920801e-05, 2.62246685452e-05, 1.69351897057e-05, 8.99812107491e-07, 2.89363288886e-08],
        "median": [1.70437663982e-10, 1.20654437552e-08, 2.94216349062e-08, 1.12228114801e-07, 1.09323821107e-06, 1.30788498609e-06, 1.736385002e-06, 1.76972719146e-06, 3.00478518511e-06, 5.40165729035e-06, 8.08741242508e-06, 8.13649330667e-06, 1.20560016512e-05, 1.11631879918e-05, 1.61974130606e-05, 2.54790320469e-05, 3.72762369807e-05, 7.92352075223e-05, 0.000163982680533, 0.000184266187716, 0.000179986236617, 8.24608796393e-05, 1.29576128529e-05, 8.87932583282e-06, 5.73396209802e-06, 5.20071466781e-07, 4.80220929688e-09],
        "min": [1.07122386591e-13, 3.51670054839e-13, 2.55277380181e-13, 2.65593672272e-13, 5.95644790002e-13, 3.02703879757e-13, 5.27136148588e-14, 6.89995884864e-14, 2.49301691487e-13, 1.42484914384e-13, 2.66411445313e-14, 7.94483446723e-15, 8.44036280212e-14, 3.86391019549e-14, 1.95315795872e-13, 6.06179738566e-14, 3.91523666515e-14, 5.44408505635e-14, 7.33101256025e-14, 7.10596539293e-14, 5.47745408871e-14, 3.42232515385e-14, 1.32189257709e-14, 9.46988679558e-15, 7.95138965521e-15, 7.17837214095e-15, 7.61947471263e-15],
        "skew": [5.96552419662, 3.21976017952, 3.8077609539, 4.54774808884, 3.80088067055, 3.70877027512, 2.69167709351, 2.03222560883, 1.76212632656, 1.7704064846, 2.12299823761, 1.45064198971, 1.53736186028, 2.001308918, 1.03753530979, 1.14600014687, 1.6764768362, 1.10635721684, 0.964880466461, 0.872384905815, 0.605510652065, 0.614326357841, 0.692389845848, 0.553562581539, 0.55373865366, 0.504423737526, 0.906783938408],
        "var": [5.82990123186e-19, 1.14679175444e-12, 5.88823044143e-13, 1.41681067919e-11, 1.81084125472e-09, 3.87597315354e-10, 1.9277670571e-09, 4.12811473893e-08, 1.30462404768e-10, 1.58130827876e-10, 7.14481529496e-10, 7.06767921965e-10, 1.66173952376e-09, 2.24256302417e-09, 1.30281085919e-09, 9.41370270624e-09, 3.28985372278e-08, 4.34845475183e-08, 1.73403705617e-07, 1.95798833147e-07, 1.72298825873e-07, 6.646519779e-08, 2.59656718349e-09, 8.36587410458e-10, 3.4907088331e-10, 9.50154017965e-13, 1.06294090436e-15],
        "cov": [[5.83475523109e-19, 1.7495832132e-16, 2.18361454207e-16, 5.74553883067e-16, 5.71331388571e-15, 2.70488812047e-15, 6.76733627429e-15, 2.26306518962e-14, 2.2407174535e-15, 2.05893994786e-15, 4.60502209621e-15, 6.11755781869e-15, 9.25413479842e-15, 8.52070506302e-15, 8.46331688677e-15, 2.9744029505e-14, 3.58161444296e-14, 5.06202982905e-14, 1.11082224961e-13, 1.09547028566e-13, 1.05951244956e-13, 7.11189665644e-14, 1.24699834741e-14, 7.09816362656e-15, 4.90748612673e-15, 2.33184729308e-16, 8.70122205129e-18], [1.7495832132e-16, 1.14774661129e-12, 6.0754163202e-13, 1.1706852935e-12, 1.30675409729e-11, 5.77052121364e-12, 2.59879947423e-11, 1.5650720997e-10, 3.36998809934e-12, 2.43786197826e-12, 4.14799444792e-12, 1.23099247809e-11, 2.01305742908e-11, 8.19934831836e-12, 1.56391427586e-11, 4.85852920395e-11, 4.7969406225e-11, 7.08471822874e-11, 1.22840362882e-10, 1.32164126865e-10, 1.89126062033e-10, 9.56334386681e-11, 1.72155414924e-11, 1.01097914762e-11, 7.62326660131e-12, 3.09255713486e-13, 1.19596452763e-14], [2.18361454207e-16, 6.0754163202e-13, 5.89313320365e-13, 1.07921104778e-12, 9.14591232609e-12, 4.17761962176e-12, 1.66958009917e-11, 9.16707751375e-11, 2.95864656559e-12, 2.33329740078e-12, 4.13165422014e-12, 9.12307122208e-12, 1.45997658407e-11, 9.99269070268e-12, 1.10133646994e-11, 3.69750202678e-11, 4.08505278215e-11, 6.65552682411e-11, 1.20920912172e-10, 1.17925169629e-10, 1.47184917032e-10, 8.49322695506e-11, 1.49047128806e-11, 8.80374939616e-12, 6.1101900449e-12, 2.76396689824e-13, 1.00865699799e-14], [5.74553883067e-16, 1.1706852935e-12, 1.07921104778e-12, 1.41799037789e-11, 5.06834157976e-11, 1.92608221039e-11, 4.7479641746e-11, 2.40369696369e-10, 1.30917516411e-11, 1.49871642874e-11, 2.8481841885e-11, 3.25600484075e-11, 5.32574262468e-11, 3.17573814468e-11, 4.65623303803e-11, 1.16881046508e-10, 1.82519110936e-10, 2.2702295599e-10, 5.49261358618e-10, 5.62284496741e-10, 5.63013635713e-10, 3.70583369547e-10, 6.1124424966e-11, 3.62082724914e-11, 2.54182612458e-11, 1.266873325e-12, 4.32209369477e-14], [5.71331388571e-15, 1.30675409729e-11, 9.14591232609e-12, 5.06834157976e-11, 1.81234904861e-09, 6.01382665888e-10, 8.38550784366e-10, 3.5376193086e-09, 2.13232070889e-10, 2.19216200747e-10, 4.94444762911e-10, 4.74855876842e-10, 6.82554679443e-10, 5.78323333666e-10, 7.01683544602e-10, 1.91348115131e-09, 2.88249402125e-09, 3.58996943284e-09, 7.55714069101e-09, 9.04034358484e-09, 8.71964633831e-09, 5.48806200484e-09, 1.03327479906e-09, 6.03093130991e-10, 4.1040298937e-10, 2.03128919934e-11, 5.80011733087e-13], [2.70488812047e-15, 5.77052121364e-12, 4.17761962176e-12, 1.92608221039e-11, 6.01382665888e-10, 3.87920029432e-10, 3.71574049307e-10, 1.93877824906e-09, 1.0657020405e-10, 1.13839486449e-10, 2.64905819503e-10, 2.51101861526e-10, 3.57234325454e-10, 3.09934772291e-10, 3.36470601381e-10, 9.85593939795e-10, 1.57367685549e-09, 2.05923855745e-09, 4.16603063158e-09, 4.69032990225e-09, 4.55424498114e-09, 2.90426216409e-09, 5.48483647389e-10, 3.23567450611e-10, 2.16159076749e-10, 1.06392637755e-11, 3.07183667609e-13], [6.76733627429e-15, 2.59879947423e-11, 1.66958009917e-11, 4.7479641746e-11, 8.38550784366e-10, 3.71574049307e-10, 1.92937221755e-09, 7.08420033746e-09, 2.32706881542e-10, 1.95142998982e-10, 3.21801196801e-10, 6.30941576762e-10, 9.59396673217e-10, 7.41799788262e-10, 8.40467362373e-10, 2.40255726425e-09, 2.97436586472e-09, 4.10029166176e-09, 7.539846969e-09, 9.05962860287e-09, 1.05532214079e-08, 5.99008842528e-09, 1.06468034389e-09, 6.4924970955e-10, 4.16806089643e-10, 2.00249851423e-11, 7.18975280787e-13], [2.26306518962e-14, 1.5650720997e-10, 9.16707751375e-11, 2.40369696369e-10, 3.5376193086e-09, 1.93877824906e-09, 7.08420033746e-09, 4.13155198942e-08, 1.10384013041e-09, 9.20903797663e-10, 1.7480039638e-09, 3.17524229132e-09, 5.13264986068e-09, 3.61723162534e-09, 4.05836386719e-09, 1.16014735596e-08, 1.64031170868e-08, 2.06320365237e-08, 3.86086966842e-08, 4.38228759947e-08, 5.2912877635e-08, 2.75868199395e-08, 5.38766053992e-09, 3.25515236987e-09, 2.21032037118e-09, 1.01460700952e-10, 3.09737413669e-12], [2.2407174535e-15, 3.36998809934e-12, 2.95864656559e-12, 1.30917516411e-11, 2.13232070889e-10, 1.0657020405e-10, 2.32706881542e-10, 1.10384013041e-09, 1.30571040091e-10, 8.5790451132e-11, 1.7808109154e-10, 1.71593378395e-10, 2.76367984053e-10, 3.10511311108e-10, 2.64654187454e-10, 6.89749424243e-10, 1.31715305329e-09, 1.56740820323e-09, 3.26514171256e-09, 3.53700979616e-09, 3.42941741671e-09, 2.09104289439e-09, 4.12683776041e-10, 2.46276748994e-10, 1.58149493501e-10, 8.32618349267e-12, 2.4064482503e-13], [2.05893994786e-15, 2.43786197826e-12, 2.33329740078e-12, 1.49871642874e-11, 2.19216200747e-10, 1.13839486449e-10, 1.95142998982e-10, 9.20903797663e-10, 8.5790451132e-11, 1.58262486449e-10, 2.06499248256e-10, 1.7901355398e-10, 2.6679661258e-10, 3.08367553714e-10, 2.75591438559e-10, 6.79996225994e-10, 1.34499167359e-09, 1.64931501789e-09, 3.45308248662e-09, 3.71478181549e-09, 3.42127570718e-09, 2.25550245148e-09, 4.4497450169e-10, 2.56011267741e-10, 1.63915409024e-10, 8.89129828791e-12, 2.6099107142e-13], [4.60502209621e-15, 4.14799444792e-12, 4.13165422014e-12, 2.8481841885e-11, 4.94444762911e-10, 2.64905819503e-10, 3.21801196801e-10, 1.7480039638e-09, 1.7808109154e-10, 2.06499248256e-10, 7.15076442503e-10, 3.66165792132e-10, 5.01473307324e-10, 6.43278541546e-10, 5.75558600779e-10, 1.35183786387e-09, 2.73588796063e-09, 3.39357231205e-09, 7.41136840787e-09, 7.97573918021e-09, 7.00238533824e-09, 4.89932272529e-09, 9.36852151412e-10, 5.41366895757e-10, 3.56240564825e-10, 1.9296184442e-11, 5.23035011569e-13], [6.11755781869e-15, 1.23099247809e-11, 9.12307122208e-12, 3.25600484075e-11, 4.74855876842e-10, 2.51101861526e-10, 6.30941576762e-10, 3.17524229132e-09, 1.71593378395e-10, 1.7901355398e-10, 3.66165792132e-10, 7.07356451191e-10, 7.98742016972e-10, 7.309832184e-10, 6.43794073607e-10, 1.91605709077e-09, 3.06479686074e-09, 3.80758713447e-09, 7.24830462318e-09, 8.05840016938e-09, 8.28810708953e-09, 5.04693398184e-09, 9.7814722988e-10, 5.61148127964e-10, 3.7222105953e-10, 1.87521699557e-11, 5.94683265305e-13], [9.25413479842e-15, 2.01305742908e-11, 1.45997658407e-11, 5.32574262468e-11, 6.82554679443e-10, 3.57234325454e-10, 9.59396673217e-10, 5.13264986068e-09, 2.76367984053e-10, 2.6679661258e-10, 5.01473307324e-10, 7.98742016972e-10, 1.66312319472e-09, 1.11146680748e-09, 1.00541186487e-09, 2.80275402886e-09, 4.67365035561e-09, 5.60686297391e-09, 1.05000586004e-08, 1.19360050732e-08, 1.26916051002e-08, 7.25856219574e-09, 1.44482092956e-09, 8.42889813502e-10, 5.46469480778e-10, 2.78468532955e-11, 9.02197804312e-13], [8.52070506302e-15, 8.19934831836e-12, 9.99269070268e-12, 3.17573814468e-11, 5.78323333666e-10, 3.09934772291e-10, 7.41799788262e-10, 3.61723162534e-09, 3.10511311108e-10, 3.08367553714e-10, 6.43278541546e-10, 7.309832184e-10, 1.11146680748e-09, 2.24443019725e-09, 1.04139508128e-09, 2.89677370979e-09, 6.52257714506e-09, 7.16041403948e-09, 1.37901601249e-08, 1.49501762081e-08, 1.47081617996e-08, 8.58324611386e-09, 1.80262982319e-09, 1.06853847992e-09, 6.27027707534e-10, 3.53530330011e-11, 9.58846500462e-13], [8.46331688677e-15, 1.56391427586e-11, 1.10133646994e-11, 4.65623303803e-11, 7.01683544602e-10, 3.36470601381e-10, 8.40467362373e-10, 4.05836386719e-09, 2.64654187454e-10, 2.75591438559e-10, 5.75558600779e-10, 6.43794073607e-10, 1.00541186487e-09, 1.04139508128e-09, 1.30389565811e-09, 2.55591148246e-09, 4.53136905776e-09, 5.41672040555e-09, 1.0599089606e-08, 1.21035013123e-08, 1.1873982686e-08, 7.25430604476e-09, 1.44358980325e-09, 8.37902858208e-10, 5.39264632948e-10, 2.81196940732e-11, 8.61370274153e-13], [2.9744029505e-14, 4.85852920395e-11, 3.69750202678e-11, 1.16881046508e-10, 1.91348115131e-09, 9.85593939795e-10, 2.40255726425e-09, 1.16014735596e-08, 6.89749424243e-10, 6.79996225994e-10, 1.35183786387e-09, 1.91605709077e-09, 2.80275402886e-09, 2.89677370979e-09, 2.55591148246e-09, 9.42154088079e-09, 1.18288747686e-08, 1.48718575232e-08, 2.9312246852e-08, 3.1885559082e-08, 3.20860138459e-08, 1.94439522261e-08, 3.77895448267e-09, 2.19914286781e-09, 1.44434331162e-09, 7.13772166372e-11, 2.30922290838e-12], [3.58161444296e-14, 4.7969406225e-11, 4.08505278215e-11, 1.82519110936e-10, 2.88249402125e-09, 1.57367685549e-09, 2.97436586472e-09, 1.64031170868e-08, 1.31715305329e-09, 1.34499167359e-09, 2.73588796063e-09, 3.06479686074e-09, 4.67365035561e-09, 6.52257714506e-09, 4.53136905776e-09, 1.18288747686e-08, 3.29259322029e-08, 2.83168368753e-08, 5.78595731326e-08, 5.99637743903e-08, 5.82788217685e-08, 3.57262486261e-08, 7.56276108405e-09, 4.39167902044e-09, 2.71518429962e-09, 1.47832746045e-10, 3.96884651879e-12], [5.06202982905e-14, 7.08471822874e-11, 6.65552682411e-11, 2.2702295599e-10, 3.58996943284e-09, 2.05923855745e-09, 4.10029166176e-09, 2.06320365237e-08, 1.56740820323e-09, 1.64931501789e-09, 3.39357231205e-09, 3.80758713447e-09, 5.60686297391e-09, 7.16041403948e-09, 5.41672040555e-09, 1.48718575232e-08, 2.83168368753e-08, 4.35207532234e-08, 6.96132005373e-08, 7.30849620822e-08, 6.93123141104e-08, 4.3352528678e-08, 8.67228067136e-09, 5.09003994509e-09, 3.20612114635e-09, 1.67774849569e-10, 4.95431820569e-12], [1.11082224961e-13, 1.22840362882e-10, 1.20920912172e-10, 5.49261358618e-10, 7.55714069101e-09, 4.16603063158e-09, 7.539846969e-09, 3.86086966842e-08, 3.26514171256e-09, 3.45308248662e-09, 7.41136840787e-09, 7.24830462318e-09, 1.05000586004e-08, 1.37901601249e-08, 1.0599089606e-08, 2.9312246852e-08, 5.78595731326e-08, 6.96132005373e-08, 1.73548087901e-07, 1.50770745222e-07, 1.41122356467e-07, 8.90583180535e-08, 1.79975128134e-08, 1.04486161945e-08, 6.63855637129e-09, 3.53212292747e-10, 1.02027839302e-11], [1.09547028566e-13, 1.32164126865e-10, 1.17925169629e-10, 5.62284496741e-10, 9.04034358484e-09, 4.69032990225e-09, 9.05962860287e-09, 4.38228759947e-08, 3.53700979616e-09, 3.71478181549e-09, 7.97573918021e-09, 8.05840016938e-09, 1.19360050732e-08, 1.49501762081e-08, 1.21035013123e-08, 3.1885559082e-08, 5.99637743903e-08, 7.30849620822e-08, 1.50770745222e-07, 1.95961860072e-07, 1.51828857042e-07, 9.67171445154e-08, 1.91284286188e-08, 1.12719220624e-08, 7.11976611001e-09, 3.77541553576e-10, 1.08329439169e-11], [1.05951244956e-13, 1.89126062033e-10, 1.47184917032e-10, 5.63013635713e-10, 8.71964633831e-09, 4.55424498114e-09, 1.05532214079e-08, 5.2912877635e-08, 3.42941741671e-09, 3.42127570718e-09, 7.00238533824e-09, 8.28810708953e-09, 1.26916051002e-08, 1.47081617996e-08, 1.1873982686e-08, 3.20860138459e-08, 5.82788217685e-08, 6.93123141104e-08, 1.41122356467e-07, 1.51828857042e-07, 1.72442298663e-07, 9.24533694047e-08, 1.85232806871e-08, 1.08018909373e-08, 6.9043513129e-09, 3.58326868177e-10, 1.09435446816e-11], [7.11189665644e-14, 9.56334386681e-11, 8.49322695506e-11, 3.70583369547e-10, 5.48806200484e-09, 2.90426216409e-09, 5.99008842528e-09, 2.75868199395e-08, 2.09104289439e-09, 2.25550245148e-09, 4.89932272529e-09, 5.04693398184e-09, 7.25856219574e-09, 8.58324611386e-09, 7.25430604476e-09, 1.94439522261e-08, 3.57262486261e-08, 4.3352528678e-08, 8.90583180535e-08, 9.67171445154e-08, 9.24533694047e-08, 6.65205348582e-08, 1.14688951669e-08, 6.66454402776e-09, 4.29129975998e-09, 2.26587859586e-10, 6.8112902471e-12], [1.24699834741e-14, 1.72155414924e-11, 1.49047128806e-11, 6.1124424966e-11, 1.03327479906e-09, 5.48483647389e-10, 1.06468034389e-09, 5.38766053992e-09, 4.12683776041e-10, 4.4497450169e-10, 9.36852151412e-10, 9.7814722988e-10, 1.44482092956e-09, 1.80262982319e-09, 1.44358980325e-09, 3.77895448267e-09, 7.56276108405e-09, 8.67228067136e-09, 1.79975128134e-08, 1.91284286188e-08, 1.85232806871e-08, 1.14688951669e-08, 2.59872900976e-09, 1.348976153e-09, 8.60539528524e-10, 4.56673344973e-11, 1.32021477084e-12], [7.09816362656e-15, 1.01097914762e-11, 8.80374939616e-12, 3.62082724914e-11, 6.03093130991e-10, 3.23567450611e-10, 6.4924970955e-10, 3.25515236987e-09, 2.46276748994e-10, 2.56011267741e-10, 5.41366895757e-10, 5.61148127964e-10, 8.42889813502e-10, 1.06853847992e-09, 8.37902858208e-10, 2.19914286781e-09, 4.39167902044e-09, 5.09003994509e-09, 1.04486161945e-08, 1.12719220624e-08, 1.08018909373e-08, 6.66454402776e-09, 1.348976153e-09, 8.37283964383e-10, 5.00803398751e-10, 2.66196734794e-11, 7.6494507343e-13], [4.90748612673e-15, 7.62326660131e-12, 6.1101900449e-12, 2.54182612458e-11, 4.1040298937e-10, 2.16159076749e-10, 4.16806089643e-10, 2.21032037118e-09, 1.58149493501e-10, 1.63915409024e-10, 3.56240564825e-10, 3.7222105953e-10, 5.46469480778e-10, 6.27027707534e-10, 5.39264632948e-10, 1.44434331162e-09, 2.71518429962e-09, 3.20612114635e-09, 6.63855637129e-09, 7.11976611001e-09, 6.9043513129e-09, 4.29129975998e-09, 8.60539528524e-10, 5.00803398751e-10, 3.49361511942e-10, 1.67817496011e-11, 4.87810150347e-13], [2.33184729308e-16, 3.09255713486e-13, 2.76396689824e-13, 1.266873325e-12, 2.03128919934e-11, 1.06392637755e-11, 2.00249851423e-11, 1.01460700952e-10, 8.32618349267e-12, 8.89129828791e-12, 1.9296184442e-11, 1.87521699557e-11, 2.78468532955e-11, 3.53530330011e-11, 2.81196940732e-11, 7.13772166372e-11, 1.47832746045e-10, 1.67774849569e-10, 3.53212292747e-10, 3.77541553576e-10, 3.58326868177e-10, 2.26587859586e-10, 4.56673344973e-11, 2.66196734794e-11, 1.67817496011e-11, 9.5094516029e-13, 2.52564794437e-14], [8.70122205129e-18, 1.19596452763e-14, 1.00865699799e-14, 4.32209369477e-14, 5.80011733087e-13, 3.07183667609e-13, 7.18975280787e-13, 3.09737413669e-12, 2.4064482503e-13, 2.6099107142e-13, 5.23035011569e-13, 5.94683265305e-13, 9.02197804312e-13, 9.58846500462e-13, 8.61370274153e-13, 2.30922290838e-12, 3.96884651879e-12, 4.95431820569e-12, 1.02027839302e-11, 1.08329439169e-11, 1.09435446816e-11, 6.8112902471e-12, 1.32021477084e-12, 7.6494507343e-13, 4.87810150347e-13, 2.52564794437e-14, 1.06382594791e-15]]
    },
    "mfcc": {
        "kurt": [-1.65231704712, 3.87311315536, -0.962334394455, -0.869199752808, -1.24123764038, -0.101102828979, -0.201396942139, -0.95911860466, -0.360768318176, -0.769998788834, 0.771226167679, 0.470341444016, 1.05949068069],
        "max": [-655.649169922, 115.120475769, 49.9796485901, 51.6775360107, 23.7265777588, 27.5288925171, 34.6615219116, 20.0538272858, 15.7849369049, 15.4603443146, 22.4793968201, 25.5823936462, 15.6697845459],
        "mean": [-868.688293457, -4.41417598724, -43.505569458, 14.7278156281, -22.7405033112, -11.2429056168, -6.50585174561, -11.098072052, -5.74628019333, -8.95107746124, -1.20902442932, -1.89125299454, -1.15137553215],
        "median": [-797.017822266, 1.14440917969e-05, -50.7064285278, 15.0971336365, -28.2105331421, -11.7437419891, -6.04145526886, -12.4062738419, -4.46158409119, -9.22248840332, -0.362348556519, -0.681201934814, -0.581150054932],
        "min": [-1138.42004395, -62.0265960693, -117.517868042, -21.3591423035, -62.1426239014, -52.9297866821, -32.9289131165, -39.7925872803, -32.1791610718, -31.9129199982, -27.985250473, -28.0211658478, -25.7205619812],
        "skew": [-0.330568939447, 0.928318798542, 0.368169307709, 0.169705733657, 0.316204249859, -0.27529925108, 0.221133798361, 0.0216307453811, -0.387409299612, -0.216894343495, -0.183633714914, -0.077668376267, -0.302234679461],
        "var": [39021.2226562, 425.161895752, 1073.11730957, 153.651687622, 369.274505615, 127.115364075, 114.327095032, 94.0375900269, 57.0421295166, 71.1956100464, 55.3638000488, 57.3401374817, 36.4209861755],
        "cov": [[39053.7109375, -1578.87329102, -4216.22900391, 1518.98071289, -3063.5871582, -1385.57299805, -1586.43908691, -1590.93310547, -775.059448242, -1136.56274414, 177.903335571, 22.0805511475, 82.0746612549], [-1578.87329102, 425.515899658, 334.513122559, 57.4163856506, 219.613189697, 41.2121200562, 67.0751876831, 49.9356536865, 5.31505298615, 35.9440155029, -16.848279953, 10.2106552124, -6.56100988388], [-4216.22900391, 334.513122559, 1074.01086426, -113.341522217, 536.24420166, 229.735839844, 94.5451812744, 183.559951782, 65.9607772827, 129.592895508, 4.31523323059, 22.5238800049, -1.01315951347], [1518.98071289, 57.4163856506, -113.341522217, 153.77961731, -64.3296966553, -45.7600631714, -45.0380592346, -63.7229270935, -34.9659080505, -44.5949935913, 5.51801013947, 2.59638261795, 2.90755224228], [-3063.5871582, 219.613189697, 536.24420166, -64.3296966553, 369.581970215, 147.383453369, 112.185577393, 131.963378906, 50.3504714966, 93.636756897, -4.69430685043, 10.1917514801, -3.607888937], [-1385.57299805, 41.2121200562, 229.735839844, -45.7600631714, 147.383453369, 127.221206665, 69.7344665527, 66.7307052612, 44.5287208557, 43.6794166565, 5.50079584122, 4.6487569809, 3.20614171028], [-1586.43908691, 67.0751876831, 94.5451812744, -45.0380592346, 112.185577393, 69.7344665527, 114.422294617, 74.7009353638, 39.6110725403, 45.3508338928, -11.4257507324, -7.42634630203, -4.88279342651], [-1590.93310547, 49.9356536865, 183.559951782, -63.7229270935, 131.963378906, 66.7307052612, 74.7009353638, 94.1158905029, 44.5354003906, 51.5674781799, -0.410494267941, 0.529282271862, -0.151943072677], [-775.059448242, 5.31505298615, 65.9607772827, -34.9659080505, 50.3504714966, 44.5287208557, 39.6110725403, 44.5354003906, 57.0896263123, 41.6926307678, 15.7881174088, 17.9895572662, 12.7002639771], [-1136.56274414, 35.9440155029, 129.592895508, -44.5949935913, 93.636756897, 43.6794166565, 45.3508338928, 51.5674781799, 41.6926307678, 71.2548904419, 23.3849925995, 22.1222667694, 11.8135261536], [177.903335571, -16.848279953, 4.31523323059, 5.51801013947, -4.69430685043, 5.50079584122, -11.4257507324, -0.410494267941, 15.7881174088, 23.3849925995, 55.4099006653, 39.8746795654, 18.6808280945], [22.0805511475, 10.2106552124, 22.5238800049, 2.59638261795, 10.1917514801, 4.6487569809, -7.42634630203, 0.529282271862, 17.9895572662, 22.1222667694, 39.8746795654, 57.387878418, 28.5417709351], [82.0746612549, -6.56100988388, -1.01315951347, 2.90755224228, -3.607888937, 3.20614171028, -4.88279342651, -0.151943072677, 12.7002639771, 11.8135261536, 18.6808280945, 28.5417709351, 36.4513130188]]
    },
    "sccoeffs": {
        "kurt": [-1.1489995718, -0.900058269501, -0.574902534485, -0.988672733307, -0.839646577835, -1.07989084721],
        "max": [-0.452402621508, -0.551466822624, -0.739313483238, -0.724753975868, -0.656643390656, -0.712129354477],
        "mean": [-0.742382705212, -0.805717349052, -0.862376391888, -0.854596972466, -0.843242049217, -0.794140398502],
        "median": [-0.748891174793, -0.835136055946, -0.861620903015, -0.849808633327, -0.830982387066, -0.774127840996],
        "min": [-0.994042515755, -0.960339963436, -0.952855348587, -0.941314697266, -0.944652676582, -0.935751020908],
        "skew": [0.180750116706, 0.526423037052, 0.110814832151, -0.059050206095, -0.172110140324, -0.654083967209],
        "var": [0.0125016402453, 0.0085307797417, 0.00150869367644, 0.00185898353811, 0.00227999989875, 0.00269275996834],
        "cov": [[0.0125120496377, 0.00740345707163, 0.00276734563522, 0.0034200984519, 0.00394941261038, 0.00432803155854], [0.00740345707163, 0.00853788293898, 0.00204453035258, 0.00275196461007, 0.00296934414655, 0.00338599202223], [0.00276734563522, 0.00204453035258, 0.00150994991418, 0.00110300525557, 0.0013377511641, 0.00148037774488], [0.0034200984519, 0.00275196461007, 0.00110300525557, 0.00186053139623, 0.00166081544012, 0.00189952016808], [0.00394941261038, 0.00296934414655, 0.0013377511641, 0.00166081544012, 0.00228189816698, 0.0021743553225], [0.00432803155854, 0.00338599202223, 0.00148037774488, 0.00189952016808, 0.0021743553225, 0.00269500212744]]
    },
    "scvalleys": {
        "kurt": [-1.25607204437, -1.30243611336, -1.15673351288, -1.16318142414, -1.18732905388, -1.425552845],
        "max": [-7.76205968857, -6.34609699249, -6.33384227753, -6.27566385269, -5.93357181549, -7.53632354736],
        "mean": [-10.3779029846, -9.08274745941, -8.99755001068, -9.03579139709, -8.71566963196, -10.6830177307],
        "median": [-10.5159387589, -8.396068573, -7.73283720016, -7.57601070404, -7.06159496307, -8.70098304749],
        "min": [-14.9204740524, -16.3126163483, -17.1903934479, -16.9520664215, -17.4991436005, -18.6403751373],
        "skew": [0.0484964251518, -0.477219134569, -0.675140142441, -0.711396813393, -0.713979661465, -0.574327707291],
        "var": [1.53693282604, 4.13500356674, 5.12936019897, 6.66467571259, 8.51860713959, 11.1351652145],
        "cov": [[1.53821253777, 2.12558269501, 2.20122075081, 2.48913025856, 2.79413866997, 3.25450205803], [2.12558269501, 4.13844680786, 4.46545314789, 5.0703701973, 5.73274326324, 6.56574058533], [2.20122075081, 4.46545314789, 5.13363075256, 5.78471040726, 6.54019165039, 7.45829582214], [2.48913025856, 5.0703701973, 5.78471040726, 6.6702246666, 7.50747013092, 8.53187561035], [2.79413866997, 5.73274326324, 6.54019165039, 7.50747013092, 8.52569961548, 9.67042541504], [3.25450205803, 6.56574058533, 7.45829582214, 8.53187561035, 9.67042541504, 11.1444368362]]
    }
},
"rhythm": {
    "beats_loudness": {
        "kurt": -1.5308907032,
        "max": 0.00608111079782,
        "mean": 0.00202193553559,
        "median": 0.00056779908482,
        "min": 5.36242916738e-09,
        "skew": 0.382342487574,
        "var": 4.720054676e-06
    },
    "bpm": 95.3850860596,
    "confidence": 0.456770956516,
    "first_peak_bpm": {
        "kurt": 0,
        "max": 96,
        "mean": 96,
        "median": 96,
        "min": 96,
        "skew": 0,
        "var": 0
    },
    "first_peak_spread": {
        "kurt": 0,
        "max": 0.4375,
        "mean": 0.4375,
        "median": 0.4375,
        "min": 0.4375,
        "skew": 0,
        "var": 0
    },
    "first_peak_weight": {
        "kurt": 0,
        "max": 0.20000000298,
        "mean": 0.20000000298,
        "median": 0.20000000298,
        "min": 0.20000000298,
        "skew": 0,
        "var": 0
    },
    "onset_rate": 0.287081569433,
    "second_peak_bpm": {
        "kurt": 0,
        "max": 91,
        "mean": 91,
        "median": 91,
        "min": 91,
        "skew": 0,
        "var": 0
    },
    "second_peak_spread": {
        "kurt": 0,
        "max": 0.5,
        "mean": 0.5,
        "median": 0.5,
        "min": 0.5,
        "skew": 0,
        "var": 0
    },
    "second_peak_weight": {
        "kurt": 0,
        "max": 0.0888888910413,
        "mean": 0.0888888910413,
        "median": 0.0888888910413,
        "min": 0.0888888910413,
        "skew": 0,
        "var": 0
    },
    "beats_loudness_band_ratio": {
        "kurt": [1.87804985046, 5.15967941284, -0.709713220596, 1.98866605759, 1.13924312592, -1.44726753235],
        "max": [0.904530227184, 0.74446862936, 0.20810739696, 0.209426984191, 0.566923856735, 0.780077517033],
        "mean": [0.12907192111, 0.0973869487643, 0.0757193788886, 0.0744492933154, 0.204001516104, 0.440225481987],
        "median": [0.00204635504633, 0.0176409818232, 0.0507326647639, 0.0614484325051, 0.210169762373, 0.579989910126],
        "min": [3.46448578057e-05, 0.00118916179053, 0.00147126324009, 0.0234150122851, 0.000761731876992, 0.000777792185545],
        "skew": [1.70611381531, 2.2479994297, 0.74106502533, 1.54308760166, 0.720684230328, -0.49031484127],
        "var": [0.0526336692274, 0.0249467380345, 0.00364346406423, 0.00198444118723, 0.0138059519231, 0.0743559375405],
        "cov": [[0.053803306073, 0.0163944158703, 0.00299364933744, 0.000132059969474, -0.0189027674496, -0.0510066449642], [0.0163944158703, 0.0255011115223, 0.00281534017995, 0.000703887722921, -0.00947829987854, -0.0318923406303], [0.00299364933744, 0.00281534017995, 0.00372442998923, 0.0002247148077, -0.00209869933315, -0.00734897935763], [0.000132059969474, 0.000703887722921, 0.0002247148077, 0.00202854000963, 0.00158486468717, -0.00450585829094], [-0.0189027674496, -0.00947829987854, -0.00209869933315, 0.00158486468717, 0.0141127509996, 0.0132653033361], [-0.0510066449642, -0.0318923406303, -0.00734897935763, -0.00450585829094, 0.0132653033361, 0.0760082900524]]
    },
    "beats_position": [0.638548731804, 1.31192743778, 1.98530614376, 2.6470746994, 3.30884337425, 3.97061228752, 4.6439909935, 5.30575942993, 5.94430828094, 6.57124710083, 7.19818592072, 7.8251247406, 8.44045352936, 9.06739234924, 9.70594120026, 10.3328800201, 10.95981884, 11.5751476288, 12.1556463242, 12.7361450195, 13.328253746, 13.8042631149, 14.2802715302, 14.7678909302, 15.2439002991, 15.7199087143, 16.1726989746, 16.6254863739, 17.0782756805, 17.5194549561, 18.0070743561, 18.5411338806, 19.0751914978, 19.6324710846, 20.1897506714, 20.7354183197, 21.43201828, 22.1170063019, 22.8136043549, 23.5102043152, 24.1371421814, 24.7756919861, 25.4142398834, 26.0527877808, 26.6797275543, 27.3066654205],
    "bpm_estimates": [93.9630508423, 95.7031173706, 95.7031173706, 95.7031173706, 97.5088424683, 95.7031173706, 93.9630508423, 95.7031173706, 95.7031173706, 97.5088424683, 95.7032623291, 93.9629135132, 93.9631958008, 93.9631958008, 95.7029724121, 95.7032623291],
    "bpm_intervals": [0.673378705978, 0.673378705978, 0.661768555641, 0.66176867485, 0.661768913269, 0.673378705978, 0.661768436432, 0.638548851013, 0.626938819885, 0.626938819885, 0.626938819885, 0.615328788757, 0.626938819885, 0.638548851013, 0.626938819885, 0.626938819885, 0.615328788757, 0.580498695374, 0.580498695374, 0.592108726501, 0.476009368896, 0.476008415222, 0.487619400024, 0.476009368896, 0.476008415222, 0.452790260315, 0.452787399292, 0.452789306641, 0.441179275513, 0.487619400024, 0.534059524536, 0.534057617188, 0.557279586792, 0.557279586792, 0.545667648315, 0.696599960327, 0.684988021851, 0.696598052979, 0.696599960327, 0.626937866211, 0.638549804688, 0.638547897339, 0.638547897339, 0.62693977356, 0.626937866211],
    "onset_times": [3.14630389214, 3.23918366432, 3.40172338486, 3.50621318817, 3.65714287758, 18.0651245117, 18.1347846985, 26.3546485901],
    "histogram": [[0, 0, 0, 0, 0, 0, 0, 0, 0, 0, 0, 0, 0, 0, 0, 0, 0, 0, 0, 0, 0, 0, 0, 0, 0, 0, 0, 0, 0, 0, 0, 0, 0, 0, 0, 0, 0, 0, 0, 0, 0, 0, 0, 0, 0, 0, 0, 0, 0, 0, 0, 0, 0, 0, 0, 0, 0, 0, 0, 0, 0, 0, 0, 0, 0, 0, 0, 0, 0, 0, 0, 0, 0, 0, 0, 0, 0, 0, 0, 0, 0, 0, 0, 0, 0, 0, 0.0666666701436, 0, 0.0222222227603, 0.0666666701436, 0, 0.0888888910413, 0, 0, 0.111111111939, 0, 0.20000000298, 0, 0.0444444455206, 0, 0, 0.0222222227603, 0, 0.0444444455206, 0, 0, 0, 0, 0.0444444455206, 0, 0.0222222227603, 0, 0.0444444455206, 0, 0, 0, 0, 0, 0, 0, 0, 0, 0, 0.0444444455206, 0, 0, 0.0888888910413, 0, 0, 0, 0, 0, 0, 0.0666666701436, 0, 0, 0.0222222227603, 0, 0, 0, 0, 0, 0, 0, 0, 0, 0, 0, 0, 0, 0, 0, 0, 0, 0, 0, 0, 0, 0, 0, 0, 0, 0, 0, 0, 0, 0, 0, 0, 0, 0, 0, 0, 0, 0, 0, 0, 0, 0, 0, 0, 0, 0, 0, 0, 0, 0, 0, 0, 0, 0, 0, 0, 0, 0, 0, 0, 0, 0, 0, 0, 0, 0, 0, 0, 0, 0, 0, 0, 0, 0, 0, 0, 0, 0, 0, 0, 0, 0, 0, 0, 0, 0, 0, 0, 0, 0, 0, 0, 0, 0, 0, 0, 0, 0, 0, 0, 0, 0, 0, 0, 0, 0, 0, 0, 0, 0, 0, 0, 0]]
},
"sfx": {
    "inharmonicity": {
        "kurt": 3.70097732544,
        "max": 0.431222468615,
        "mean": 0.04273461923,
        "median": 0,
        "min": 0,
        "skew": 2.00554561615,
        "var": 0.00558756152168
    },
    "oddtoevenharmonicenergyratio": {
        "kurt": 995.625732422,
        "max": 587.42388916,
        "mean": 1.14016962051,
        "median": 0,
        "min": 0,
        "skew": 30.7540607452,
        "var": 314.813018799
    },
    "pitch_after_max_to_before_max_energy_ratio": 0.156522452831,
    "pitch_centroid": 624.936035156,
    "pitch_max_to_total": 0.868552386761,
    "pitch_min_to_total": 0.627287864685,
    "tristimulus": {
        "kurt": [-1.39888954163, 3.2910785675, -0.0259974002838],
        "max": [1, 0.969238698483, 1],
        "mean": [0.691536009312, 0.131444945931, 0.177018806338],
        "median": [1, 0, 0],
        "min": [0, 0, 0],
        "skew": [-0.64704811573, 1.85603249073, 1.15687358379],
        "var": [0.160976409912, 0.0437195785344, 0.0705736801028],
        "cov": [[0.161110445857, -0.0671157836914, -0.0939926728606], [-0.0671157836914, 0.0437559820712, 0.0233598407358], [-0.0939926728606, 0.0233598407358, 0.0706324353814]]
    }
},
"tonal": {
    "chords_changes_rate": 0.0897009968758,
    "chords_number_rate": 0.021594684571,
    "chords_strength": {
        "kurt": -0.873759508133,
        "max": 0.700355827808,
        "mean": 0.464021205902,
        "median": 0.470284551382,
        "min": 0.259136527777,
        "skew": 0.0763384401798,
        "var": 0.00946353748441
    },
    "key_strength": 0.302790820599,
    "tuning_diatonic_strength": 0.351467907429,
    "tuning_equal_tempered_deviation": 0.20350176096,
    "tuning_frequency": 436.708374023,
    "tuning_nontempered_energy_ratio": 0.870161771774,
    "hpcp": {
