{
"metadata": {
    "version": {
        "essentia": "2.1-beta3"
    }
},
"lowLevel": {
    "average_loudness": 0.955939531326,
    "barkbands_kurtosis": {
        "kurt": 1.48580217361,
        "max": 16.9604873657,
        "mean": 4.12834501266,
        "median": 3.58447384834,
        "min": -1.17721891403,
        "skew": 0.947062909603,
        "var": 5.6918182373
    },
    "barkbands_skewness": {
        "kurt": 8.54278182983,
        "max": 3.32021331787,
        "mean": -1.26901555061,
        "median": -1.32566905022,
        "min": -3.07396316528,
        "skew": 2.3732278347,
        "var": 0.551459133625
    },
    "barkbands_spread": {
        "kurt": 0.579349279404,
        "max": 36.9003143311,
        "mean": 11.1920900345,
        "median": 7.72642326355,
        "min": 3.74184322357,
        "skew": 1.45476043224,
        "var": 61.1962089539
    },
    "dissonance": {
        "kurt": 363.414306641,
        "max": 0.500000119209,
        "mean": 0.495829045773,
        "median": 0.498149871826,
        "min": 0.162948235869,
        "skew": -17.9413795471,
        "var": 0.000255129329162
    },
    "hfc": {
        "kurt": -1.10673582554,
        "max": 32.2838439941,
        "mean": 11.9816761017,
        "median": 14.4875926971,
        "min": 1.08183425218e-16,
        "skew": -0.400625675917,
        "var": 61.9044380188
    },
    "pitch": {
        "kurt": -1.09030210972,
        "max": 4607.54882812,
        "mean": 2933.09912109,
        "median": 3837.26757812,
        "min": 79.8128051758,
        "skew": -0.850176990032,
        "var": 2460347.5
    },
    "pitch_instantaneous_confidence": {
        "kurt": -0.666838169098,
        "max": 0.613872230053,
        "mean": 0.337985605001,
        "median": 0.340345829725,
        "min": 0.0868182778358,
        "skew": -0.0726021677256,
        "var": 0.0156063167378
    },
    "pitch_salience": {
        "kurt": 11.1146316528,
        "max": 0.918346762657,
        "mean": 0.774928510189,
        "median": 0.780614972115,
        "min": 0.529456198215,
        "skew": -2.16650128365,
        "var": 0.00123532954603
    },
    "silence_rate_20dB": {
        "kurt": 0,
        "max": 1,
        "mean": 1,
        "median": 1,
        "min": 1,
        "skew": 0,
        "var": 0
    },
    "silence_rate_30dB": {
        "kurt": 0,
        "max": 1,
        "mean": 1,
        "median": 1,
        "min": 1,
        "skew": 0,
        "var": 0
    },
    "silence_rate_60dB": {
        "kurt": -1.95269489288,
        "max": 1,
        "mean": 0.445945948362,
        "median": 0,
        "min": 0,
        "skew": 0.217490538955,
        "var": 0.247078329325
    },
    "spectral_centroid": {
        "kurt": 1.41511726379,
        "max": 11817.546875,
        "mean": 4947.47509766,
        "median": 4070.73779297,
        "min": 562.27746582,
        "skew": 1.60664188862,
        "var": 7005764
    },
    "spectral_complexity": {
        "kurt": -1.31997132301,
        "max": 32,
        "mean": 12.8011579514,
        "median": 15,
        "min": 0,
        "skew": -0.235919937491,
        "var": 81.2598190308
    },
    "spectral_crest": {
        "kurt": 1.07984018326,
        "max": 16.0928459167,
        "mean": 7.4311580658,
        "median": 6.85086584091,
        "min": 3.90425443649,
        "skew": 1.08716750145,
        "var": 4.62891817093
    },
    "spectral_decrease": {
        "kurt": -1.17101573944,
        "max": 2.09788419206e-28,
        "mean": -5.10630537853e-10,
        "median": -5.93137539084e-10,
        "min": -1.28997579285e-09,
        "skew": 0.265427708626,
        "var": 1.1976244026e-19
    },
    "spectral_energy": {
        "kurt": -1.15799188614,
        "max": 0.00779690919444,
        "mean": 0.00301401130855,
        "median": 0.00356883089989,
        "min": 9.78800718571e-21,
        "skew": -0.326182156801,
        "var": 4.05931723435e-06
    },
    "spectral_energyband_high": {
        "kurt": -0.955567359924,
        "max": 0.00412136781961,
        "mean": 0.00142594298813,
        "median": 0.00166605063714,
        "min": 6.91694648227e-21,
        "skew": -0.253946065903,
        "var": 9.17106774523e-07
    },
    "spectral_energyband_low": {
        "kurt": 134.050125122,
        "max": 2.38349985011e-05,
        "mean": 9.92323293758e-07,
        "median": 7.28404017991e-07,
        "min": 1.56495457001e-23,
        "skew": 8.92698383331,
        "var": 1.97366515492e-12
    },
    "spectral_energyband_middle_high": {
        "kurt": -0.932861089706,
        "max": 0.00460926350206,
        "mean": 0.0015941405436,
        "median": 0.00160875462461,
        "min": 1.1476212134e-21,
        "skew": 0.171491265297,
        "var": 1.41388636621e-06
    },
    "spectral_energyband_middle_low": {
        "kurt": 1.02687215805,
        "max": 9.61134355748e-05,
        "mean": 2.1184581783e-05,
        "median": 2.20150650421e-05,
        "min": 1.94896505358e-22,
        "skew": 0.24193495512,
        "var": 1.92264731913e-10
    },
    "spectral_flatness_db": {
        "kurt": 0.0555431842804,
        "max": 0.256104141474,
        "mean": 0.176502883434,
        "median": 0.196222066879,
        "min": 0.0595641955733,
        "skew": -1.21023762226,
        "var": 0.00252154795453
    },
    "spectral_flux": {
        "kurt": -0.790917158127,
        "max": 0.0607759952545,
        "mean": 0.0291742831469,
        "median": 0.0362891554832,
        "min": 6.34362423702e-11,
        "skew": -0.835230708122,
        "var": 0.000286368245725
    },
    "spectral_kurtosis": {
        "kurt": 15.5148105621,
        "max": 14.3755493164,
        "mean": 1.07138228416,
        "median": 1.11028885841,
        "min": -1.24872565269,
        "skew": 2.47288751602,
        "var": 2.42338418961
    },
    "spectral_rms": {
        "kurt": -0.825086116791,
        "max": 0.00275803194381,
        "mean": 0.00148286251351,
        "median": 0.00186593830585,
        "min": 3.09019021309e-12,
        "skew": -0.872555792332,
        "var": 7.41617895983e-07
    },
    "spectral_rolloff": {
        "kurt": 1.49410581589,
        "max": 19832.0800781,
        "mean": 7365.85107422,
        "median": 5620.16601562,
        "min": 172.265625,
        "skew": 1.76274311543,
        "var": 24015932
    },
    "spectral_skewness": {
        "kurt": 1.96438360214,
        "max": 3.14640021324,
        "mean": 0.914183437824,
        "median": 0.997656166553,
        "min": -0.0671889930964,
        "skew": -0.557962179184,
        "var": 0.198835760355
    },
    "spectral_spread": {
        "kurt": 1.5099272728,
        "max": 52605484,
        "mean": 12359500,
        "median": 7182530,
        "min": 3302266.75,
        "skew": 1.83147621155,
        "var": 1.49891942711e+14
    },
    "spectral_strongpeak": {
        "kurt": 2.19034862518,
        "max": 9.44456195831,
        "mean": 1.54020726681,
        "median": 1.41487765312,
        "min": 0,
        "skew": 0.967262268066,
        "var": 1.69608724117
    },
    "zerocrossingrate": {
        "kurt": 1.39102458954,
        "max": 0.5263671875,
        "mean": 0.237012475729,
        "median": 0.197265625,
        "min": 0.0439453125,
        "skew": 1.6414951086,
        "var": 0.0132094211876
    },
    "barkbands": {
        "kurt": [389.425323486, 248.116851807, 129.364456177, 72.8385848999, 6.25606918335, 2.48044919968, 1.67465829849, 4.29121351242, 3.88124036789, 12.6591033936, 7.34861755371, 6.09412097931, 3.95178508759, 1.0865983963, 0.813047647476, 1.7340555191, 0.965155363083, -0.0276243686676, 0.755228042603, 0.330924510956, 0.349185466766, -0.545734405518, 0.482658624649, 0.104315757751, 1.59366369247, 2.49714756012, 1.56733989716],
        "max": [1.15741833895e-08, 1.38165739827e-06, 1.04044047475e-05, 2.97854330711e-05, 5.9799211158e-05, 2.95587178698e-05, 7.90740432421e-06, 1.14094573291e-05, 1.58218135766e-05, 3.22609739669e-05, 4.82245777675e-05, 9.797437815e-05, 0.000486989243655, 0.000133183581056, 0.000324856519001, 0.00130755943246, 0.000536808918696, 0.00114763178863, 0.0019465246005, 0.00331075419672, 0.00159451912623, 0.000735141977202, 0.00072404765524, 0.000158643073519, 0.000151521453517, 1.19864425869e-05, 5.04516712851e-08],
        "mean": [1.29985411323e-10, 3.00334299652e-08, 4.1402398665e-07, 1.42808778492e-06, 7.98029122961e-06, 5.01682461618e-06, 1.48723938764e-06, 1.73795592673e-06, 2.53715779763e-06, 3.13216014547e-06, 5.62954846828e-06, 1.07632422441e-05, 6.89139851602e-05, 2.83915178443e-05, 7.08113075234e-05, 0.000257342326222, 0.000119376047223, 0.000281179032754, 0.000447571772384, 0.00080196512863, 0.000413303787354, 0.000235502098803, 0.000174116095877, 4.19372445322e-05, 3.14101453114e-05, 2.0274005692e-06, 9.09930797377e-09],
        "median": [5.84200882114e-11, 1.79659060962e-08, 2.67378425178e-07, 8.67536414262e-07, 7.20268053556e-06, 4.00396720579e-06, 1.16719525067e-06, 1.40909492075e-06, 2.03420040634e-06, 2.1043945253e-06, 3.16291016134e-06, 5.95985375185e-06, 3.28696842189e-05, 2.30826572079e-05, 6.40347134322e-05, 0.000194156658836, 0.000103082922578, 0.000224414106924, 0.00041052812594, 0.000801707210485, 0.000419264746597, 0.000229700177442, 0.000163440214237, 4.14690730395e-05, 2.85053265543e-05, 1.25737221879e-06, 6.44780406844e-09],
        "min": [2.95632502113e-25, 1.74553126043e-24, 9.10582635935e-25, 8.40636213013e-25, 4.71207050186e-24, 3.00570736867e-24, 7.35238085189e-24, 6.48462123437e-24, 1.81267740463e-23, 1.62761063627e-23, 1.29163667e-23, 2.88106012756e-23, 3.02591045144e-23, 3.43146826043e-23, 3.27136641536e-23, 3.55567251669e-23, 5.07574784317e-23, 7.80071921886e-23, 1.28321718911e-22, 2.04185904186e-22, 2.50131738148e-22, 3.55620692262e-22, 3.78461408777e-22, 6.17426612553e-22, 8.61233251342e-22, 1.24737705462e-21, 1.99602559218e-21],
        "skew": [18.6972694397, 13.9464731216, 8.66230869293, 6.17561674118, 1.56532633305, 1.34256780148, 1.25462043285, 1.66313755512, 1.56770563126, 2.70994448662, 2.36488604546, 2.13721323013, 1.89875459671, 1.05453073978, 0.941468179226, 1.33354842663, 0.962680339813, 0.821558475494, 0.825202763081, 0.59159964323, 0.602689027786, 0.411602437496, 0.74243927002, 0.459294289351, 1.09551846981, 1.61290109158, 1.24222314358],
        "var": [2.90729195743e-19, 5.11352773818e-15, 3.83313471025e-13, 4.1490808185e-12, 4.79644934881e-11, 2.14727697428e-11, 1.89530010609e-12, 2.74993526214e-12, 5.71019880685e-12, 1.29194675791e-11, 5.09482005195e-11, 1.71008415761e-10, 7.62480567573e-09, 6.69471422743e-10, 3.9666412377e-09, 6.56722249914e-08, 1.09587778852e-08, 6.42226183345e-08, 1.40400658211e-07, 4.07054869811e-07, 1.06854706416e-07, 3.40134285182e-08, 2.06478993903e-08, 9.97972260386e-10, 7.40835170987e-10, 5.13664891871e-12, 8.17851537256e-17],
        "cov": [[2.91291523464e-19, 1.37672376005e-17, 1.53558718813e-17, 5.56531814512e-17, 6.48588427245e-16, 6.46450516086e-17, 4.61747471138e-17, 1.6640485027e-17, -5.04072439858e-19, -6.20039118892e-18, -1.87459194206e-17, -2.87326876773e-17, -9.64877253074e-16, -4.364821393e-16, -1.14328843803e-15, -5.81573753321e-15, -1.69821932057e-15, -2.51149525201e-15, -2.16513289197e-15, -1.00660667003e-14, -7.11447197541e-15, -4.20915786018e-15, -2.43298207407e-15, -5.02561270628e-16, -3.32326415303e-16, -1.73962021977e-17, -1.92539276892e-19], [1.37672376005e-17, 5.1234185419e-15, 3.09299061244e-14, 8.45280334442e-14, 1.91789685804e-13, 1.21336300789e-14, 1.00487923104e-14, 1.01418049983e-14, 5.13487296845e-15, 3.82172033142e-15, 7.12504464066e-15, 2.37579917626e-14, 1.14076933663e-13, 9.46048659333e-14, 1.60673029243e-13, 5.59022554809e-13, 2.50309809772e-13, 5.28871868175e-13, 9.85004612597e-13, 1.65319635152e-12, 9.85164640838e-13, 7.19397252272e-13, 5.218130073e-13, 5.77676605553e-14, 5.71141576958e-14, 1.12102362644e-14, 1.10705237516e-17], [1.53558718813e-17, 3.09299061244e-14, 3.8405490268e-13, 8.46338461553e-13, 1.97308033627e-12, 4.88572723945e-13, 1.28388537865e-13, 2.12158917279e-13, 2.08105234434e-13, 2.33851512373e-13, 3.19646246321e-13, 4.15938008862e-13, 4.0549659984e-12, 2.90859263757e-12, 6.64581714313e-12, 2.65034175162e-11, 9.60066574851e-12, 2.73934087219e-11, 4.23671236982e-11, 6.36154323663e-11, 3.09192636772e-11, 1.93367561546e-11, 1.59950993422e-11, 2.83701187542e-12, 1.8478343855e-12, 2.06089485755e-13, 9.01291548515e-16], [5.56531814512e-17, 8.45280334442e-14, 8.46338461553e-13, 4.15710608298e-12, 7.04061722118e-12, 1.26358862609e-12, 5.60390655321e-13, 7.1585792849e-13, 7.95229225352e-13, 7.7161253732e-13, 1.86975738711e-12, 2.85921655276e-12, 1.62120265129e-11, 9.46062065493e-12, 1.83140048265e-11, 8.87528592286e-11, 3.59796706317e-11, 9.53894671585e-11, 1.50425283341e-10, 2.07864322976e-10, 1.17824444645e-10, 6.94776389198e-11, 4.61326359058e-11, 9.57442718857e-12, 8.11000138573e-12, 9.12845320167e-13, 2.93230418483e-15], [6.48588427245e-16, 1.91789685804e-13, 1.97308033627e-12, 7.04061722118e-12, 4.8057269969e-11, 1.5732493433e-11, 2.8662929235e-12, 4.13968729088e-12, 3.44022401712e-12, 4.8429042894e-12, 6.99983994379e-12, 2.01324529964e-11, 1.49186954457e-10, 5.30322973036e-11, 1.35903316378e-10, 2.78530365438e-10, 2.29208457769e-10, 4.63278804208e-10, 6.99282409755e-10, 1.70713654324e-09, 9.78551462083e-10, 4.84447648663e-10, 3.69071051498e-10, 8.26021889777e-11, 5.14276711494e-11, 2.98426517872e-12, 1.52108076026e-14], [6.46450516086e-17, 1.21336300789e-14, 4.88572723945e-13, 1.26358862609e-12, 1.5732493433e-11, 2.15143024923e-11, 1.76538970074e-12, 2.58886033271e-12, 2.98928546846e-12, 4.12279195158e-12, 5.65272741809e-12, 1.13873598051e-11, 8.60687215942e-11, 4.33543374811e-11, 1.04715042193e-10, 1.88141599522e-10, 1.57716353866e-10, 3.95628918515e-10, 5.55703705274e-10, 1.30762900508e-09, 6.02344174538e-10, 3.43907985423e-10, 3.04431729825e-10, 5.80908827985e-11, 3.30480261213e-11, 2.74785424449e-12, 1.23883320391e-14], [4.61747471138e-17, 1.00487923104e-14, 1.28388537865e-13, 5.60390655321e-13, 2.8662929235e-12, 1.76538970074e-12, 1.89896601048e-12, 1.01611080661e-12, 1.43854557173e-12, 2.10914033634e-12, 3.68454138727e-12, 7.04089477693e-12, 4.75563928515e-11, 1.44413656381e-11, 3.17538773054e-11, 1.42819756022e-10, 6.75734815325e-11, 1.47940090733e-10, 2.22404900052e-10, 3.09739456306e-10, 1.93462371123e-10, 1.0522175492e-10, 7.49801193356e-11, 1.92441236557e-11, 1.36002294496e-11, 9.89729999346e-13, 4.126281192e-15], [1.6640485027e-17, 1.01418049983e-14, 2.12158917279e-13, 7.1585792849e-13, 4.13968729088e-12, 2.58886033271e-12, 1.01611080661e-12, 2.75525414116e-12, 1.48272464185e-12, 2.01032419878e-12, 3.42597434796e-12, 6.20878695679e-12, 4.78062520126e-11, 2.00322675115e-11, 3.93583325653e-11, 1.11969308825e-10, 8.64312441062e-11, 1.32995170432e-10, 2.41403452783e-10, 3.85350307219e-10, 2.12738507366e-10, 1.40659248138e-10, 1.09325201669e-10, 2.17897991317e-11, 1.40321218187e-11, 1.26218924635e-12, 6.25680241192e-15], [-5.04072439858e-19, 5.13487296845e-15, 2.08105234434e-13, 7.95229225352e-13, 3.44022401712e-12, 2.98928546846e-12, 1.43854557173e-12, 1.48272464185e-12, 5.72124379122e-12, 4.46688346034e-12, 8.27700148004e-12, 1.49427380192e-11, 1.01860034296e-10, 2.98575227042e-11, 8.12964903729e-11, 3.00551944443e-10, 1.48924067522e-10, 3.26886906432e-10, 5.21153509236e-10, 7.337968011e-10, 4.33761943031e-10, 2.37244224266e-10, 1.60482613309e-10, 4.06899687555e-11, 2.95976819442e-11, 2.22401957961e-12, 9.4162255643e-15], [-6.20039118892e-18, 3.82172033142e-15, 2.33851512373e-13, 7.7161253732e-13, 4.8429042894e-12, 4.12279195158e-12, 2.10914033634e-12, 2.01032419878e-12, 4.46688346034e-12, 1.29444562708e-11, 1.84024670502e-11, 2.82979247673e-11, 1.69486397139e-10, 4.97527054277e-11, 1.03491715198e-10, 3.49698547897e-10, 2.18151247067e-10, 5.00704200324e-10, 6.44268083327e-10, 8.51468229257e-10, 5.02002328595e-10, 3.1230734665e-10, 2.78314454816e-10, 6.64254762306e-11, 3.94772964318e-11, 2.84441242261e-12, 1.16567750935e-14], [-1.87459194206e-17, 7.12504464066e-15, 3.19646246321e-13, 1.86975738711e-12, 6.99983994379e-12, 5.65272741809e-12, 3.68454138727e-12, 3.42597434796e-12, 8.27700148004e-12, 1.84024670502e-11, 5.10467466908e-11, 6.32764257658e-11, 3.48305800868e-10, 1.06025833946e-10, 2.00114425031e-10, 7.09540703969e-10, 4.27986895923e-10, 9.65704405331e-10, 1.34081434844e-09, 1.57311508264e-09, 1.00447039575e-09, 5.52134227227e-10, 5.08422692835e-10, 1.24367335874e-10, 7.69725602701e-11, 5.13913000696e-12, 1.92018049275e-14], [-2.87326876773e-17, 2.37579917626e-14, 4.15938008862e-13, 2.85921655276e-12, 2.01324529964e-11, 1.13873598051e-11, 7.04089477693e-12, 6.20878695679e-12, 1.49427380192e-11, 2.82979247673e-11, 6.32764257658e-11, 1.71339192834e-10, 7.80650377674e-10, 2.03762631767e-10, 3.5756320127e-10, 9.42032674089e-10, 8.51377524036e-10, 1.4998193798e-09, 2.22217111379e-09, 3.32132299441e-09, 2.07234451821e-09, 1.21507426343e-09, 6.90805967984e-10, 2.63033955727e-10, 1.71310479691e-10, 5.242271027e-12, 2.06755507761e-14], [-9.64877253074e-16, 1.14076933663e-13, 4.0549659984e-12, 1.62120265129e-11, 1.49186954457e-10, 8.60687215942e-11, 4.75563928515e-11, 4.78062520126e-11, 1.01860034296e-10, 1.69486397139e-10, 3.48305800868e-10, 7.80650377674e-10, 7.63955387839e-09, 1.25277732632e-09, 2.3192392451e-09, 5.59137758316e-09, 5.58889290403e-09, 9.31980181917e-09, 1.37705908898e-08, 2.36692461186e-08, 1.48469272432e-08, 9.17896514352e-09, 4.81629491844e-09, 1.74856007451e-09, 1.17940235356e-09, 3.79038016252e-11, 1.45493317914e-13], [-4.364821393e-16, 9.46048659333e-14, 2.90859263757e-12, 9.46062065493e-12, 5.30322973036e-11, 4.33543374811e-11, 1.44413656381e-11, 2.00322675115e-11, 2.98575227042e-11, 4.97527054277e-11, 1.06025833946e-10, 2.03762631767e-10, 1.25277732632e-09, 6.70766386879e-10, 9.43861100389e-10, 2.94216095931e-09, 1.85731396929e-09, 4.07382039214e-09, 5.96104543504e-09, 9.2509617744e-09, 4.27267421443e-09, 2.86558110574e-09, 2.06514294554e-09, 4.64897592645e-10, 2.92798507662e-10, 2.4392089043e-11, 9.68606230921e-14], [-1.14328843803e-15, 1.60673029243e-13, 6.64581714313e-12, 1.83140048265e-11, 1.35903316378e-10, 1.04715042193e-10, 3.17538773054e-11, 3.93583325653e-11, 8.12964903729e-11, 1.03491715198e-10, 2.00114425031e-10, 3.5756320127e-10, 2.3192392451e-09, 9.43861100389e-10, 3.97431376697e-09, 9.43157907329e-09, 3.86051679513e-09, 9.36375954552e-09, 1.54600545699e-08, 2.11613695456e-08, 1.13287743631e-08, 8.4238767073e-09, 5.86687587401e-09, 1.05127995198e-09, 6.46532494208e-10, 8.23327100941e-11, 3.62283580956e-13], [-5.81573753321e-15, 5.59022554809e-13, 2.65034175162e-11, 8.87528592286e-11, 2.78530365438e-10, 1.88141599522e-10, 1.42819756022e-10, 1.11969308825e-10, 3.00551944443e-10, 3.49698547897e-10, 7.09540703969e-10, 9.42032674089e-10, 5.59137758316e-09, 2.94216095931e-09, 9.43157907329e-09, 6.57992487163e-08, 1.37671829492e-08, 3.71224828655e-08, 6.36548378452e-08, 6.8283597443e-08, 4.02716651138e-08, 2.66142219374e-08, 1.38173374964e-08, 3.22469517755e-09, 2.62996069367e-09, 3.17110088188e-10, 1.12390825813e-12], [-1.69821932057e-15, 2.50309809772e-13, 9.60066574851e-12, 3.59796706317e-11, 2.29208457769e-10, 1.57716353866e-10, 6.75734815325e-11, 8.64312441062e-11, 1.48924067522e-10, 2.18151247067e-10, 4.27986895923e-10, 8.51377524036e-10, 5.58889290403e-09, 1.85731396929e-09, 3.86051679513e-09, 1.37671829492e-08, 1.09799751513e-08, 1.60398379023e-08, 2.49988811873e-08, 3.82961857781e-08, 1.94218987559e-08, 1.22079484299e-08, 8.51266790391e-09, 2.06674077852e-09, 1.27241550629e-09, 1.07299502616e-10, 4.64227560473e-13], [-2.51149525201e-15, 5.28871868175e-13, 2.73934087219e-11, 9.53894671585e-11, 4.63278804208e-10, 3.95628918515e-10, 1.47940090733e-10, 1.32995170432e-10, 3.26886906432e-10, 5.00704200324e-10, 9.65704405331e-10, 1.4998193798e-09, 9.31980181917e-09, 4.07382039214e-09, 9.36375954552e-09, 3.71224828655e-08, 1.60398379023e-08, 6.43468354156e-08, 7.38120462529e-08, 1.07055164733e-07, 3.99740720525e-08, 2.58851517998e-08, 1.96949443421e-08, 4.66031657709e-09, 2.09366990411e-09, 2.47399378761e-10, 8.55146628422e-13], [-2.16513289197e-15, 9.85004612597e-13, 4.23671236982e-11, 1.50425283341e-10, 6.99282409755e-10, 5.55703705274e-10, 2.22404900052e-10, 2.41403452783e-10, 5.21153509236e-10, 6.44268083327e-10, 1.34081434844e-09, 2.22217111379e-09, 1.37705908898e-08, 5.96104543504e-09, 1.54600545699e-08, 6.36548378452e-08, 2.49988811873e-08, 7.38120462529e-08, 1.40672227644e-07, 1.57249743893e-07, 6.51257536788e-08, 4.544682497e-08, 2.8844446831e-08, 7.1897949816e-09, 4.20856194339e-09, 4.69510097467e-10, 1.54935472004e-12], [-1.00660667003e-14, 1.65319635152e-12, 6.36154323663e-11, 2.07864322976e-10, 1.70713654324e-09, 1.30762900508e-09, 3.09739456306e-10, 3.85350307219e-10, 7.337968011e-10, 8.51468229257e-10, 1.57311508264e-09, 3.32132299441e-09, 2.36692461186e-08, 9.2509617744e-09, 2.11613695456e-08, 6.8283597443e-08, 3.82961857781e-08, 1.07055164733e-07, 1.57249743893e-07, 4.07842208006e-07, 1.24209108776e-07, 6.67119195441e-08, 5.00069674558e-08, 1.2669337579e-08, 8.07301425709e-09, 4.66990834891e-10, 1.55355188349e-12], [-7.11447197541e-15, 9.85164640838e-13, 3.09192636772e-11, 1.17824444645e-10, 9.78551462083e-10, 6.02344174538e-10, 1.93462371123e-10, 2.12738507366e-10, 4.33761943031e-10, 5.02002328595e-10, 1.00447039575e-09, 2.07234451821e-09, 1.48469272432e-08, 4.27267421443e-09, 1.13287743631e-08, 4.02716651138e-08, 1.94218987559e-08, 3.99740720525e-08, 6.51257536788e-08, 1.24209108776e-07, 1.07061389087e-07, 4.09742817453e-08, 2.3409793215e-08, 6.95892854452e-09, 5.40918376757e-09, 2.41465292206e-10, 1.02297066217e-12], [-4.20915786018e-15, 7.19397252272e-13, 1.93367561546e-11, 6.94776389198e-11, 4.84447648663e-10, 3.43907985423e-10, 1.0522175492e-10, 1.40659248138e-10, 2.37244224266e-10, 3.1230734665e-10, 5.52134227227e-10, 1.21507426343e-09, 9.17896514352e-09, 2.86558110574e-09, 8.4238767073e-09, 2.66142219374e-08, 1.22079484299e-08, 2.58851517998e-08, 4.544682497e-08, 6.67119195441e-08, 4.09742817453e-08, 3.40792176701e-08, 1.62397402192e-08, 3.81459264176e-09, 2.55135801375e-09, 2.43211145667e-10, 9.11470334972e-13], [-2.43298207407e-15, 5.218130073e-13, 1.59950993422e-11, 4.61326359058e-11, 3.69071051498e-10, 3.04431729825e-10, 7.49801193356e-11, 1.09325201669e-10, 1.60482613309e-10, 2.78314454816e-10, 5.08422692835e-10, 6.90805967984e-10, 4.81629491844e-09, 2.06514294554e-09, 5.86687587401e-09, 1.38173374964e-08, 8.51266790391e-09, 1.96949443421e-08, 2.8844446831e-08, 5.00069674558e-08, 2.3409793215e-08, 1.62397402192e-08, 2.06878372211e-08, 2.49136422603e-09, 1.73782288559e-09, 2.01022004598e-10, 8.45354493871e-13], [-5.02561270628e-16, 5.77676605553e-14, 2.83701187542e-12, 9.57442718857e-12, 8.26021889777e-11, 5.80908827985e-11, 1.92441236557e-11, 2.17897991317e-11, 4.06899687555e-11, 6.64254762306e-11, 1.24367335874e-10, 2.63033955727e-10, 1.74856007451e-09, 4.64897592645e-10, 1.05127995198e-09, 3.22469517755e-09, 2.06674077852e-09, 4.66031657709e-09, 7.1897949816e-09, 1.2669337579e-08, 6.95892854452e-09, 3.81459264176e-09, 2.49136422603e-09, 9.99902605159e-10, 6.06099892497e-10, 2.29130239088e-11, 9.34165329185e-14], [-3.32326415303e-16, 5.71141576958e-14, 1.8478343855e-12, 8.11000138573e-12, 5.14276711494e-11, 3.30480261213e-11, 1.36002294496e-11, 1.40321218187e-11, 2.95976819442e-11, 3.94772964318e-11, 7.69725602701e-11, 1.71310479691e-10, 1.17940235356e-09, 2.92798507662e-10, 6.46532494208e-10, 2.62996069367e-09, 1.27241550629e-09, 2.09366990411e-09, 4.20856194339e-09, 8.07301425709e-09, 5.40918376757e-09, 2.55135801375e-09, 1.73782288559e-09, 6.06099892497e-10, 7.42268135845e-10, 2.48343637321e-11, 7.85601442298e-14], [-1.73962021977e-17, 1.12102362644e-14, 2.06089485755e-13, 9.12845320167e-13, 2.98426517872e-12, 2.74785424449e-12, 9.89729999346e-13, 1.26218924635e-12, 2.22401957961e-12, 2.84441242261e-12, 5.13913000696e-12, 5.242271027e-12, 3.79038016252e-11, 2.4392089043e-11, 8.23327100941e-11, 3.17110088188e-10, 1.07299502616e-10, 2.47399378761e-10, 4.69510097467e-10, 4.66990834891e-10, 2.41465292206e-10, 2.43211145667e-10, 2.01022004598e-10, 2.29130239088e-11, 2.48343637321e-11, 5.14658411374e-12, 1.53622401529e-14], [-1.92539276892e-19, 1.10705237516e-17, 9.01291548515e-16, 2.93230418483e-15, 1.52108076026e-14, 1.23883320391e-14, 4.126281192e-15, 6.25680241192e-15, 9.4162255643e-15, 1.16567750935e-14, 1.92018049275e-14, 2.06755507761e-14, 1.45493317914e-13, 9.68606230921e-14, 3.62283580956e-13, 1.12390825813e-12, 4.64227560473e-13, 8.55146628422e-13, 1.54935472004e-12, 1.55355188349e-12, 1.02297066217e-12, 9.11470334972e-13, 8.45354493871e-13, 9.34165329185e-14, 7.85601442298e-14, 1.53622401529e-14, 8.19433437459e-17]]
    },
    "mfcc": {
        "kurt": [-0.139681339264, 6.29273033142, -0.567662000656, -1.01507711411, -0.566392183304, 2.15300607681, -0.921667814255, -0.913980960846, -1.03215563297, -0.819125890732, -0.842308759689, -0.577482223511, 0.32533121109],
        "max": [-679.23449707, 108.866462708, 25.2922706604, 53.8501586914, 11.2344932556, 21.2876625061, 8.04146194458, 0.723405838013, 1.34286117554, 3.73965644836, -2.67028808594e-05, 3.75715827942, 9.44973373413],
        "mean": [-811.76574707, -33.394695282, -51.8219604492, 23.6672267914, -9.41557979584, -1.27089452744, -11.2462348938, -15.3660793304, -15.0683765411, -11.0294561386, -12.7241392136, -11.9350214005, -4.51013994217],
        "median": [-724.337280273, -45.5220375061, -62.2151069641, 26.7868690491, -10.2341966629, 2.28881835938e-05, -11.7995939255, -16.5898075104, -16.3423156738, -11.3256483078, -13.9954538345, -12.19917202, -3.97305870056],
        "min": [-1138.42004395, -71.2876434326, -91.3636398315, -0.205577850342, -34.1608314514, -34.3092308044, -35.6895980835, -39.0909957886, -35.0643348694, -33.582649231, -35.7846031189, -36.9471244812, -29.4061851501],
        "skew": [-1.32056593895, 2.32611608505, 0.956486940384, -0.41446942091, -0.188077226281, -0.674710512161, -0.196006640792, 0.136839598417, 0.19364669919, -0.1052813977, 0.163864925504, -0.149623274803, -0.566293418407],
        "var": [28508.8691406, 978.260620117, 862.759155273, 219.114395142, 54.3901901245, 56.3090820312, 89.2196807861, 102.004570007, 97.1830368042, 63.2764167786, 67.2155914307, 70.5519104004, 29.5982036591],
        "cov": [[28564.0117188, -3911.42407227, -4736.14501953, 1904.54626465, -837.988464355, 120.511650085, -890.433776855, -1262.07714844, -1182.58837891, -860.467285156, -998.122131348, -930.633361816, -305.975280762], [-3911.42407227, 980.152832031, 690.713562012, -220.500762939, 117.571586609, -87.4239807129, 114.062561035, 165.392471313, 119.080375671, 74.1139602661, 108.938217163, 101.451057434, 5.67730331421], [-4736.14501953, 690.713562012, 864.427978516, -287.18838501, 150.735153198, -24.7426490784, 136.173736572, 192.315948486, 184.995544434, 141.030929565, 156.245422363, 148.449493408, 48.3794670105], [1904.54626465, -220.500762939, -287.18838501, 219.538223267, -39.1690750122, 8.46005916595, -84.1049728394, -86.2689666748, -82.6002655029, -38.8134841919, -74.6708831787, -79.555267334, -26.1376838684], [-837.988464355, 117.571586609, 150.735153198, -39.1690750122, 54.4953956604, -0.0594730786979, 28.0212726593, 38.5255088806, 39.2678871155, 31.4554538727, 26.9376106262, 25.5655059814, 12.5437631607], [120.511650085, -87.4239807129, -24.7426490784, 8.46005916595, -0.0594730786979, 56.4179992676, 4.23328113556, -0.947773635387, 4.61593961716, 5.48946046829, 8.74818992615, 5.25834274292, 4.55460119247], [-890.433776855, 114.062561035, 136.173736572, -84.1049728394, 28.0212726593, 4.23328113556, 89.392250061, 40.9745292664, 40.7081794739, 12.7591581345, 42.7562026978, 47.1952896118, 9.04646873474], [-1262.07714844, 165.392471313, 192.315948486, -86.2689666748, 38.5255088806, -0.947773635387, 40.9745292664, 102.201873779, 63.9451751709, 50.0164413452, 46.1320266724, 33.5429801941, 18.119430542], [-1182.58837891, 119.080375671, 184.995544434, -82.6002655029, 39.2678871155, 4.61593961716, 40.7081794739, 63.9451751709, 97.3710098267, 45.0702285767, 43.2910919189, 38.1929969788, 24.4670524597], [-860.467285156, 74.1139602661, 141.030929565, -38.8134841919, 31.4554538727, 5.48946046829, 12.7591581345, 50.0164413452, 45.0702285767, 63.3988075256, 36.3267936707, 26.1960468292, 17.234664917], [-998.122131348, 108.938217163, 156.245422363, -74.6708831787, 26.9376106262, 8.74818992615, 42.7562026978, 46.1320266724, 43.2910919189, 36.3267936707, 67.3456039429, 52.1741218567, 14.7112789154], [-930.633361816, 101.451057434, 148.449493408, -79.555267334, 25.5655059814, 5.25834274292, 47.1952896118, 33.5429801941, 38.1929969788, 26.1960468292, 52.1741218567, 70.6883773804, 15.9758052826], [-305.975280762, 5.67730331421, 48.3794670105, -26.1376838684, 12.5437631607, 4.55460119247, 9.04646873474, 18.119430542, 24.4670524597, 17.234664917, 14.7112789154, 15.9758052826, 29.6554527283]]
    },
    "sccoeffs": {
        "kurt": [0.0359332561493, -0.434768676758, -0.378024816513, -0.445473194122, -0.10657787323, 0.0279793739319],
        "max": [-0.493920922279, -0.710293114185, -0.75147742033, -0.670639693737, -0.739705383778, -0.683937609196],
        "mean": [-0.690929710865, -0.860180675983, -0.881541073322, -0.826449930668, -0.831546545029, -0.808436691761],
        "median": [-0.644691824913, -0.84893399477, -0.87239408493, -0.807379841805, -0.806553721428, -0.782279610634],
        "min": [-0.981016457081, -0.97930419445, -0.977760076523, -0.971674263477, -0.965911567211, -0.965103924274],
        "skew": [-1.19336009026, -0.478823661804, -0.521826386452, -0.636299431324, -1.18317365646, -1.20659577847],
        "var": [0.0174851659685, 0.00315545056947, 0.00208906456828, 0.00551998103037, 0.00426963809878, 0.00573176005855],
        "cov": [[0.0175189860165, 0.00602317228913, 0.00478240754455, 0.00797473732382, 0.00774501310661, 0.00897681619972], [0.00602317228913, 0.00316155399196, 0.00173409970012, 0.00290808547288, 0.00291245593689, 0.00337246246636], [0.00478240754455, 0.00173409970012, 0.0020931053441, 0.00255849957466, 0.00241786520928, 0.00284280115739], [0.00797473732382, 0.00290808547288, 0.00255849957466, 0.00553065817803, 0.00415649963543, 0.00500016380101], [0.00774501310661, 0.00291245593689, 0.00241786520928, 0.00415649963543, 0.00427789660171, 0.00461212499067], [0.00897681619972, 0.00337246246636, 0.00284280115739, 0.00500016380101, 0.00461212499067, 0.00574284652248]]
    },
    "scvalleys": {
        "kurt": [0.66871380806, 0.735967636108, 0.714108943939, 0.681807994843, 0.688423395157, 0.566681623459],
        "max": [-8.42998504639, -7.35782766342, -7.0153465271, -6.25449895859, -5.76251792908, -7.3421330452],
        "mean": [-13.2157897949, -11.6222715378, -11.4600467682, -10.7664051056, -10.252363205, -11.5339698792],
        "median": [-10.1693286896, -8.2402381897, -8.08387184143, -7.11615371704, -6.42774105072, -7.85614395142],
        "min": [-28.1880645752, -27.9687957764, -27.7041454315, -27.8434886932, -27.5443973541, -27.4216175079],
        "skew": [-1.60798954964, -1.63002336025, -1.62003207207, -1.6060000658, -1.60380673409, -1.56112706661],
        "var": [42.0837974548, 51.4118080139, 51.9149360657, 57.440990448, 60.5861358643, 53.0339889526],
        "cov": [[42.1651954651, 46.4398460388, 46.6242713928, 48.9803695679, 50.2340888977, 46.7851333618], [46.4398460388, 51.5112495422, 51.666809082, 54.2882118225, 55.6976013184, 51.8825035095], [46.6242713928, 51.666809082, 52.0153541565, 54.6302719116, 56.0581932068, 52.2513389587], [48.9803695679, 54.2882118225, 54.6302719116, 57.5520973206, 59.0608558655, 55.1423377991], [50.2340888977, 55.6976013184, 56.0581932068, 59.0608558655, 60.7033233643, 56.7065963745], [46.7851333618, 51.8825035095, 52.2513389587, 55.1423377991, 56.7065963745, 53.1365661621]]
    }
},
"rhythm": {
    "beats_loudness": {
        "kurt": -0.796969652176,
        "max": 0.00569439353421,
        "mean": 0.0030061902944,
        "median": 0.00363245327026,
        "min": 0,
        "skew": -0.576443433762,
        "var": 2.83661961475e-06
    },
    "bpm": 102.153778076,
    "confidence": 1.66070461273,
    "first_peak_bpm": {
        "kurt": 0,
        "max": 103,
        "mean": 103,
        "median": 103,
        "min": 103,
        "skew": 0,
        "var": 0
    },
    "first_peak_spread": {
        "kurt": 0,
        "max": 0.466666698456,
        "mean": 0.466666698456,
        "median": 0.466666698456,
        "min": 0.466666698456,
        "skew": 0,
        "var": 0
    },
    "first_peak_weight": {
        "kurt": 0,
        "max": 0.444444447756,
        "mean": 0.444444447756,
        "median": 0.444444447756,
        "min": 0.444444447756,
        "skew": 0,
        "var": 0
    },
    "onset_rate": 0.250222235918,
    "second_peak_bpm": {
        "kurt": 0,
        "max": 94,
        "mean": 94,
        "median": 94,
        "min": 94,
        "skew": 0,
        "var": 0
    },
    "second_peak_spread": {
        "kurt": 0,
        "max": 0.33333337307,
        "mean": 0.33333337307,
        "median": 0.33333337307,
        "min": 0.33333337307,
        "skew": 0,
        "var": 0
    },
    "second_peak_weight": {
        "kurt": 0,
        "max": 0.111111111939,
        "mean": 0.111111111939,
        "median": 0.111111111939,
        "min": 0.111111111939,
        "skew": 0,
        "var": 0
    },
    "beats_loudness_band_ratio": {
        "kurt": [13.9305324554, 13.973783493, 13.9650993347, 2.23540830612, -0.243978738785, 0.965357780457],
        "max": [0.0873270779848, 0.411371678114, 0.150183036923, 0.145903468132, 0.417399019003, 0.832307338715],
        "mean": [0.00567713193595, 0.0256646536291, 0.0102091701701, 0.0371302440763, 0.236729249358, 0.585748493671],
        "median": [0.000987433362752, 0.00232057715766, 0.00209291861393, 0.0272950306535, 0.234832569957, 0.669165074825],
        "min": [0, 0, 0, 0, 0, 0],
        "skew": [3.98249793053, 3.99091601372, 3.98907518387, 1.6071587801, -0.463014870882, -1.5571283102],
        "var": [0.000371748348698, 0.00828503444791, 0.00109140609857, 0.0012682051165, 0.0129535477608, 0.0641804262996],
        "cov": [[0.000392401037971, 0.00185188569594, 0.000671681307722, 0.000519464025274, -0.000315243989462, -0.00238368543796], [0.00185188569594, 0.00874531455338, 0.00317151215859, 0.00244248169474, -0.00160527648404, -0.0112575143576], [0.000671681307722, 0.00317151215859, 0.00115203985479, 0.00090698961867, -0.000578521052375, -0.00400728778914], [0.000519464025274, 0.00244248169474, 0.00090698961867, 0.00133866094984, -6.2768245698e-05, -0.000857856008224], [-0.000315243989462, -0.00160527648404, -0.000578521052375, -6.2768245698e-05, 0.0136731900275, 0.0154344439507], [-0.00238368543796, -0.0112575143576, -0.00400728778914, -0.000857856008224, 0.0154344439507, 0.0677460059524]]
    },
    "beats_position": [0.603718817234, 1.19582760334, 1.78793644905, 2.40326523781, 2.99537420273, 3.5758728981, 4.15637159348, 4.73687076569, 5.31736946106, 5.92108821869, 6.5015873909, 7.08208608627, 7.67419481277, 8.26630401611, 8.84680271149, 9.42730140686, 10.0310201645, 10.6695690155, 11.3081178665],
    "bpm_estimates": [101.332733154, 101.332717896, 101.332702637, 103.359405518, 103.359405518, 103.359321594, 103.359405518, 99.3840255737, 103.359321594, 103.359405518, 101.332740784, 101.33265686, 103.359405518, 103.359405518, 99.3840255737],
    "bpm_intervals": [0.592108786106, 0.592108845711, 0.615328788757, 0.59210896492, 0.580498695374, 0.580498695374, 0.580499172211, 0.580498695374, 0.603718757629, 0.580499172211, 0.580498695374, 0.592108726501, 0.592109203339, 0.580498695374, 0.580498695374, 0.603718757629, 0.638548851013, 0.638548851013],
    "onset_times": [0.545668959618, 0.615328788757, 9.82204055786],
    "histogram": [[0, 0, 0, 0, 0, 0, 0, 0, 0, 0, 0, 0, 0, 0, 0, 0, 0, 0, 0, 0, 0, 0, 0, 0, 0, 0, 0, 0, 0, 0, 0, 0, 0, 0, 0, 0, 0, 0, 0, 0, 0, 0, 0, 0, 0, 0, 0, 0, 0, 0, 0, 0, 0, 0, 0, 0, 0, 0, 0, 0, 0, 0, 0, 0, 0, 0, 0, 0, 0, 0, 0, 0, 0, 0, 0, 0, 0, 0, 0, 0, 0, 0, 0, 0, 0, 0, 0, 0, 0, 0, 0, 0, 0, 0, 0.111111111939, 0, 0, 0, 0.0555555559695, 0.111111111939, 0, 0.277777791023, 0, 0.444444447756, 0, 0, 0, 0, 0, 0, 0, 0, 0, 0, 0, 0, 0, 0, 0, 0, 0, 0, 0, 0, 0, 0, 0, 0, 0, 0, 0, 0, 0, 0, 0, 0, 0, 0, 0, 0, 0, 0, 0, 0, 0, 0, 0, 0, 0, 0, 0, 0, 0, 0, 0, 0, 0, 0, 0, 0, 0, 0, 0, 0, 0, 0, 0, 0, 0, 0, 0, 0, 0, 0, 0, 0, 0, 0, 0, 0, 0, 0, 0, 0, 0, 0, 0, 0, 0, 0, 0, 0, 0, 0, 0, 0, 0, 0, 0, 0, 0, 0, 0, 0, 0, 0, 0, 0, 0, 0, 0, 0, 0, 0, 0, 0, 0, 0, 0, 0, 0, 0, 0, 0, 0, 0, 0, 0, 0, 0, 0, 0, 0, 0, 0, 0, 0, 0, 0, 0, 0, 0, 0, 0, 0, 0, 0, 0, 0, 0]]
},
"sfx": {
    "inharmonicity": {
        "kurt": 3.54519081116,
        "max": 0.378538757563,
        "mean": 0.0396511405706,
        "median": 0,
        "min": 0,
        "skew": 2.13649392128,
        "var": 0.00639037135988
    },
    "oddtoevenharmonicenergyratio": {
        "kurt": 67.7354888916,
        "max": 26.8988227844,
        "mean": 0.632898032665,
        "median": 0,
        "min": 0,
        "skew": 7.04438591003,
        "var": 4.05639791489
    },
    "pitch_after_max_to_before_max_energy_ratio": 1.23466479778,
    "pitch_centroid": 221.666793823,
    "pitch_max_to_total": 0.368725866079,
    "pitch_min_to_total": 0.928571403027,
    "tristimulus": {
        "kurt": [-1.13303697109, 3.01754283905, 1.34738492966],
        "max": [1, 0.983106076717, 1],
        "mean": [0.72277879715, 0.13466770947, 0.142553403974],
        "median": [1, 0, 0],
        "min": [0, 0, 0],
        "skew": [-0.878158032894, 2.03068709373, 1.71321940422],
        "var": [0.169754058123, 0.0674708560109, 0.0802016630769],
        "cov": [[0.17008240521, -0.0786637365818, -0.0914188101888], [-0.0786637365818, 0.0676013603806, 0.011062159203], [-0.0914188101888, 0.011062159203, 0.0803567916155]]
    }
},
"tonal": {
    "chords_changes_rate": 0.15000000596,
    "chords_number_rate": 0.0346153862774,
    "chords_strength": {
        "kurt": 8.16538333893,
        "max": 0.628566861153,
        "mean": 0.288120478392,
        "median": 0.374317139387,
        "min": -1,
        "skew": -3.12545394897,
        "var": 0.134380564094
    },
    "key_strength": 0.3839802742,
    "tuning_diatonic_strength": 0.429918467999,
    "tuning_equal_tempered_deviation": 0.214507550001,
    "tuning_frequency": 443.572570801,
    "tuning_nontempered_energy_ratio": 0.809956789017,
    "hpcp": {
        "kurt": [1.13232374191, 0.556609869003, 0.318527936935, 0.390274524689, 0.0924987792969, -0.625422477722, -1.20131838322, -1.11649513245, -1.11159956455, -1.1134032011, -1.24621808529, -0.928830385208, -1.19920885563, -0.745392799377, 1.21009159088, 0.827724933624, 2.35666751862, 2.43049478531, 3.14432144165, 6.06500530243, 4.28594207764, 10.3010721207, 2.23635101318, 2.14190530777, 2.3430314064, 2.53233861923, 3.52573823929, 3.33727264404, 3.47313117981, 3.18875265121, 2.17160367966, 1.84030723572, 1.68007898331, 0.64824962616, 0.674010753632, 0.819967269897],
        "max": [1, 0.957177460194, 0.907961547375, 1, 1, 1, 1, 1, 1, 1, 1, 1, 1, 1, 1, 0.810814917088, 1, 0.825049221516, 0.662719964981, 0.666035473347, 0.626998186111, 1, 0.703418195248, 0.846504628658, 0.949764251709, 0.804231882095, 0.906270503998, 0.806413471699, 0.91847717762, 1, 0.871809601784, 1, 0.984061598778, 0.849569022655, 0.971433460712, 1],
        "mean": [0.225728929043, 0.23246191442, 0.256785422564, 0.278865695, 0.290394634008, 0.345900505781, 0.460463136435, 0.449639588594, 0.485440582037, 0.549395859241, 0.578704833984, 0.605226695538, 0.532333731651, 0.38101246953, 0.234906852245, 0.20863686502, 0.202668890357, 0.175840064883, 0.127452284098, 0.104783214629, 0.110323160887, 0.12827886641, 0.151736974716, 0.179177641869, 0.174628451467, 0.153583660722, 0.159624174237, 0.161620423198, 0.16973631084, 0.179639384151, 0.185804188251, 0.193663358688, 0.20797047019, 0.228084340692, 0.256749600172, 0.255641907454],
