{
"metadata": {
    "version": {
        "essentia": "2.1-beta3"
    }
},
"lowLevel": {
    "average_loudness": 0.62179684639,
    "barkbands_kurtosis": {
        "kurt": 9.50088500977,
        "max": 6.21823215485,
        "mean": -0.531484305859,
        "median": -0.86624622345,
        "min": -1.64253735542,
        "skew": 2.46958136559,
        "var": 0.963110268116
    },
    "barkbands_skewness": {
        "kurt": -0.469696998596,
        "max": 2.5254752636,
        "mean": 0.313499450684,
        "median": 0.194866508245,
        "min": -1.33627462387,
        "skew": 0.390498757362,
        "var": 0.466524153948
    },
    "barkbands_spread": {
        "kurt": -0.532117128372,
        "max": 51.0347213745,
        "mean": 31.9749660492,
        "median": 32.0200576782,
        "min": 12.3582763672,
        "skew": 0.0229676607996,
        "var": 55.7659797668
    },
    "dissonance": {
        "kurt": 3.01735305786,
        "max": 0.49988886714,
        "mean": 0.483568042517,
        "median": 0.486008048058,
        "min": 0.422642379999,
        "skew": -1.47512388229,
        "var": 0.000142972290632
    },
    "hfc": {
        "kurt": 0.327899694443,
        "max": 4.17120027542,
        "mean": 0.936439394951,
        "median": 0.811133384705,
        "min": 0.00204344885424,
        "skew": 0.907499372959,
        "var": 0.836378395557
    },
    "pitch": {
        "kurt": 33.2401161194,
        "max": 3513.05322266,
        "mean": 416.168243408,
        "median": 340.519317627,
        "min": 83.6025314331,
        "skew": 4.22624349594,
        "var": 106786.148438
    },
    "pitch_instantaneous_confidence": {
        "kurt": 1.32861709595,
        "max": 0.495860040188,
        "mean": 0.228781417012,
        "median": 0.220669567585,
        "min": 0.107562124729,
        "skew": 0.900849163532,
        "var": 0.00364926503971
    },
    "pitch_salience": {
        "kurt": 2.60502338409,
        "max": 0.834258496761,
        "mean": 0.680603206158,
        "median": 0.70370143652,
        "min": 0.320691794157,
        "skew": -1.56459414959,
        "var": 0.00771357491612
    },
    "silence_rate_20dB": {
        "kurt": 0,
        "max": 1,
        "mean": 1,
        "median": 1,
        "min": 1,
        "skew": 0,
        "var": 0
    },
    "silence_rate_30dB": {
        "kurt": 0,
        "max": 1,
        "mean": 1,
        "median": 1,
        "min": 1,
        "skew": 0,
        "var": 0
    },
    "silence_rate_60dB": {
        "kurt": 642.004943848,
        "max": 1,
        "mean": 0.998454391956,
        "median": 1,
        "min": 0,
        "skew": -25.3773384094,
        "var": 0.00154320208821
    },
    "spectral_centroid": {
        "kurt": -0.949774742126,
        "max": 2554.79833984,
        "mean": 1262.25061035,
        "median": 1311.08618164,
        "min": 256.436157227,
        "skew": 0.00535793183371,
        "var": 224109.671875
    },
    "spectral_complexity": {
        "kurt": 3.17584943771,
        "max": 11,
        "mean": 1.61050999165,
        "median": 1,
        "min": 0,
        "skew": 1.7945138216,
        "var": 4.936398983
    },
    "spectral_crest": {
        "kurt": 2.29601573944,
        "max": 18.4698925018,
        "mean": 5.72971582413,
        "median": 4.90800428391,
        "min": 2.34081959724,
        "skew": 1.48514139652,
        "var": 7.49066209793
    },
    "spectral_decrease": {
        "kurt": 4.33854818344,
        "max": -8.00616463317e-13,
        "mean": -1.48928702703e-10,
        "median": -1.30159813483e-10,
        "min": -1.21446441792e-09,
        "skew": -1.50087165833,
        "var": 2.2348080781e-20
    },
    "spectral_energy": {
        "kurt": 3.36527252197,
        "max": 0.00492418697104,
        "mean": 0.000647028908134,
        "median": 0.000577323895413,
        "min": 3.30609168486e-06,
        "skew": 1.36875772476,
        "var": 4.10621908031e-07
    },
    "spectral_energyband_high": {
        "kurt": 1.34827280045,
        "max": 0.000182907053386,
        "mean": 3.6884968722e-05,
        "median": 2.9895312764e-05,
        "min": 2.60929180484e-08,
        "skew": 1.18456053734,
        "var": 1.45770728821e-09
    },
    "spectral_energyband_low": {
        "kurt": 2.34351491928,
        "max": 0.000746960577089,
        "mean": 0.000109377549961,
        "median": 4.20870601374e-05,
        "min": 2.30231719911e-07,
        "skew": 1.80756092072,
        "var": 2.43928877097e-08
    },
    "spectral_energyband_middle_high": {
        "kurt": 0.533202886581,
        "max": 0.00154763483442,
        "mean": 0.000320769642713,
        "median": 0.000271973811323,
        "min": 5.04096590248e-07,
        "skew": 0.939681351185,
        "var": 1.00586660778e-07
    },
    "spectral_energyband_middle_low": {
        "kurt": 63.6311798096,
        "max": 0.00393279734999,
        "mean": 0.000191236846149,
        "median": 0.000144371006172,
        "min": 1.07469463728e-06,
        "skew": 5.59633684158,
        "var": 6.9761767918e-08
    },
    "spectral_flatness_db": {
        "kurt": 0.72220826149,
        "max": 0.19898417592,
        "mean": 0.114265441895,
        "median": 0.108270198107,
        "min": 0.077306702733,
        "skew": 1.0295034647,
        "var": 0.000383176578907
    },
    "spectral_flux": {
        "kurt": -0.742183208466,
        "max": 0.0521711222827,
        "mean": 0.0135045312345,
        "median": 0.0167991686612,
        "min": 0.00100622931495,
        "skew": -0.00338621786796,
        "var": 7.88500183262e-05
    },
    "spectral_kurtosis": {
        "kurt": 3.24215602875,
        "max": 11.1061573029,
        "mean": 3.9096634388,
        "median": 3.49477386475,
        "min": 1.83326482773,
        "skew": 1.72451639175,
        "var": 2.1286649704
    },
    "spectral_rms": {
        "kurt": -0.929495334625,
        "max": 0.00219182227738,
        "mean": 0.000664002727717,
        "median": 0.000750495062675,
        "min": 5.6793091062e-05,
        "skew": 0.0741291418672,
        "var": 1.90348359297e-07
    },
    "spectral_rolloff": {
        "kurt": -0.585713148117,
        "max": 4026.70898438,
        "mean": 2536.45776367,
        "median": 2691.65039062,
        "min": 301.46484375,
        "skew": -0.61110830307,
        "var": 719851.75
    },
    "spectral_skewness": {
        "kurt": 1.31532382965,
        "max": 2.62637591362,
        "mean": 1.56995820999,
        "median": 1.49898838997,
        "min": 1.1502250433,
        "skew": 1.30313766003,
        "var": 0.0758749470115
    },
    "spectral_spread": {
        "kurt": 153.132507324,
        "max": 17413008,
        "mean": 4382273,
        "median": 4281531,
        "min": 3250091.75,
        "skew": 8.96460437775,
        "var": 535694540800
    },
    "spectral_strongpeak": {
        "kurt": 2.23472547531,
        "max": 0.689896464348,
        "mean": 0.101647764444,
        "median": 0.0340636149049,
        "min": 0,
        "skew": 1.77053248882,
        "var": 0.0209880620241
    },
    "zerocrossingrate": {
        "kurt": -0.697947740555,
        "max": 0.1181640625,
        "mean": 0.077183149755,
        "median": 0.08349609375,
        "min": 0.01611328125,
        "skew": -0.583678007126,
        "var": 0.000373109651264
    },
    "barkbands": {
        "kurt": [0.0353381633759, 3.71189212799, 14.2874126434, 38.5555953979, 73.4940261841, 36.4832725525, 275.876678467, 25.6360874176, 20.3326263428, 18.6800003052, 11.1977767944, 60.8355331421, 3.11555480957, 2.33131933212, 3.10754776001, 5.15467453003, 2.93960475922, 5.4609079361, 2.64648342133, 2.93220281601, 4.27155971527, 2.43370389938, 0.819720983505, 3.83966064453, 3.2059135437, 24.5993518829, 128.235122681],
        "max": [7.45795259718e-05, 0.000640152487904, 0.000241114976234, 0.000229493554798, 0.00106858019717, 0.000778067391366, 0.00131148751825, 0.000490867823828, 0.000486796256155, 0.000612521776929, 0.000156410751515, 0.000400792807341, 0.000308408256387, 0.000124082056573, 0.000191035083844, 0.000296033191262, 0.000374147959519, 0.000204483163543, 0.000221562688239, 0.000256504717981, 0.000114974172902, 3.77322394343e-05, 7.68705376686e-06, 2.62634353021e-06, 1.16977309972e-06, 5.1640732579e-08, 1.2401081273e-09],
        "mean": [1.47169439515e-05, 7.40186369512e-05, 1.79203580046e-05, 1.16401661217e-05, 3.76787502319e-05, 3.97185140173e-05, 2.82482087641e-05, 2.70416985586e-05, 3.28087116941e-05, 4.14958085457e-05, 1.49717343447e-05, 1.53044402396e-05, 4.26863698522e-05, 1.91376093426e-05, 2.64086065727e-05, 3.37002675224e-05, 5.17776788911e-05, 2.55217364611e-05, 3.61424827133e-05, 3.4424214391e-05, 1.45979629451e-05, 5.13057557328e-06, 1.40199745147e-06, 3.42502687545e-07, 1.90551460832e-07, 3.11029468847e-09, 3.53511178663e-11],
        "median": [1.48885337694e-05, 1.57442900672e-05, 5.70258862354e-06, 5.57914700039e-06, 1.54596546054e-05, 1.77453384822e-05, 1.70315179275e-05, 1.39932799357e-05, 1.37201823236e-05, 2.11154820136e-05, 9.43179838941e-06, 8.3355098468e-06, 3.12241500069e-05, 1.32836339617e-05, 1.86303732335e-05, 2.35541956499e-05, 3.60330304829e-05, 1.77167985385e-05, 2.91070809908e-05, 2.58231375483e-05, 1.1505789189e-05, 4.0364780034e-06, 9.64999912867e-07, 2.70086644605e-07, 1.35410616053e-07, 1.79594872307e-09, 1.55013987757e-11],
        "min": [1.53746315679e-09, 7.17767107972e-08, 3.86073111258e-08, 1.12105551509e-08, 6.4499189989e-08, 3.9285165343e-08, 3.40577699376e-08, 3.73728923364e-08, 5.2146674534e-08, 3.00749825044e-08, 5.17351672613e-09, 2.38067521252e-08, 2.61308574778e-08, 1.80692545371e-08, 1.60101816249e-08, 2.99759683742e-08, 2.16062421288e-08, 2.19210409824e-08, 4.62661766676e-08, 2.26415615145e-08, 8.37051583602e-09, 4.00856592364e-09, 7.5444944736e-10, 2.7569035943e-10, 6.23160800739e-10, 2.16155695773e-12, 4.3973105593e-14],
        "skew": [0.712468922138, 2.10638022423, 3.43438839912, 5.18011188507, 6.48675060272, 4.33111667633, 14.137213707, 4.29294776917, 4.0204076767, 3.40554141998, 2.81417584419, 6.18751096725, 1.56283247471, 1.41030287743, 1.59601402283, 1.82461881638, 1.52116084099, 2.03833627701, 1.53868186474, 1.52061545849, 1.6568210125, 1.33322930336, 1.16041100025, 1.73137414455, 1.83687365055, 3.72787570953, 8.95157146454],
        "var": [2.00191974109e-10, 1.59032111924e-08, 9.86715376072e-10, 4.03331562593e-10, 5.04248376387e-09, 3.72722341879e-09, 3.89700716141e-09, 2.27500440708e-09, 3.66313335221e-09, 3.81311693332e-09, 4.14156015038e-10, 8.06358313454e-10, 2.36512120999e-09, 4.65198601862e-10, 9.17006026668e-10, 1.5484238336e-09, 3.30979177399e-09, 9.36307475996e-10, 1.6105471401e-09, 1.46900391851e-09, 2.50209825081e-10, 2.93852789324e-11, 2.28793893553e-12, 1.47158937054e-13, 5.37640678505e-14, 2.07864052469e-17, 5.15339741631e-21],
        "cov": [[2.00501878989e-10, 1.03351638359e-09, 8.17571219058e-11, 1.18144660721e-10, 4.55421811374e-10, 3.57415375074e-10, 2.81949935621e-10, 3.32023852856e-10, 4.91913287881e-10, 4.14607265187e-10, 1.57323265526e-10, 1.68137073708e-10, 3.32651489687e-10, 1.69314021137e-10, 2.31428695652e-10, 3.40136641075e-10, 3.81122550186e-10, 2.67492195061e-10, 3.66100844085e-10, 3.18695320134e-10, 1.48999076965e-10, 4.96723807919e-11, 1.34538942487e-11, 4.02923614612e-12, 2.40784714216e-12, 4.15300626733e-14, 3.67729057306e-16], [1.03351638359e-09, 1.59278279455e-08, 2.10329531569e-09, 4.60879834296e-10, 3.29120375397e-09, 1.21364229777e-09, 1.65644520322e-09, 2.84919399185e-09, 4.40655689715e-09, 2.81641976407e-09, 8.99559093881e-10, 1.16047516041e-09, 8.49543657644e-10, 6.64819366225e-10, 9.15094666709e-10, 1.77152448266e-09, 1.02026209703e-09, 1.65903779603e-09, 1.93496618728e-09, 1.55349821895e-09, 9.04211261421e-10, 2.97424973539e-10, 7.68913960281e-11, 3.26471384648e-11, 2.04709704049e-11, 3.74863334818e-13, 3.22299763375e-15], [8.17571219058e-11, 2.10329531569e-09, 9.8824282091e-10, 2.53463916522e-10, 6.61906751631e-10, 2.9075516994e-10, 4.24664386989e-10, 3.81952136586e-10, 4.41535169537e-10, 3.08348263589e-10, 7.67625199516e-11, 1.48176970693e-10, 8.19357082182e-11, 1.04419500824e-10, 7.41861572173e-11, 1.61124599773e-10, 2.21553567159e-10, 1.93588034492e-10, 1.99476296592e-10, 1.42647366141e-10, 1.04110886578e-10, 3.03516448086e-11, 8.05354654493e-12, 3.11522335705e-12, 2.07458898151e-12, 3.57574823158e-14, 3.45810968065e-16], [1.18144660721e-10, 4.60879834296e-10, 2.53463916522e-10, 4.03955896511e-10, 6.68979260876e-10, 5.22181964335e-10, 4.45229547674e-10, 3.26959681551e-10, 3.02038477562e-10, 2.27043148171e-10, 7.91237214637e-11, 1.2685523465e-10, 2.06143602188e-10, 1.41766876016e-10, 1.4106367463e-10, 2.15196693798e-10, 3.30653560088e-10, 2.11406947503e-10, 2.51745069235e-10, 2.14513573571e-10, 9.34978344747e-11, 3.0833790382e-11, 9.01780820156e-12, 2.23752787132e-12, 1.35703655344e-12, 2.15857622168e-14, 2.51603328397e-16], [4.55421811374e-10, 3.29120375397e-09, 6.61906751631e-10, 6.68979260876e-10, 5.05028907583e-09, 2.86857426701e-09, 3.0961622155e-09, 1.97070892938e-09, 2.12968842561e-09, 2.05426564648e-09, 6.9152805704e-10, 9.85678316745e-10, 1.03708530652e-09, 6.03447736225e-10, 7.30682014893e-10, 1.18869536436e-09, 1.38611855327e-09, 1.11180953333e-09, 1.39198819138e-09, 1.21251986229e-09, 5.54839840738e-10, 1.78005832296e-10, 4.72787989314e-11, 1.37579799983e-11, 8.52115253358e-12, 1.3782937736e-13, 1.42893949982e-15], [3.57415375074e-10, 1.21364229777e-09, 2.9075516994e-10, 5.22181964335e-10, 2.86857426701e-09, 3.73299302581e-09, 2.44516207282e-09, 1.59565649582e-09, 1.35864930417e-09, 1.43046863244e-09, 5.78903258663e-10, 6.17595141694e-10, 1.28551580492e-09, 5.71640013103e-10, 8.26764212647e-10, 9.78098047e-10, 1.63605184955e-09, 8.91662577107e-10, 1.18312526443e-09, 1.13033349347e-09, 4.34345587275e-10, 1.49341164435e-10, 4.22201648642e-11, 9.32390969988e-12, 5.31975938994e-12, 7.42950622898e-14, 9.55183172751e-16], [2.81949935621e-10, 1.65644520322e-09, 4.24664386989e-10, 4.45229547674e-10, 3.0961622155e-09, 2.44516207282e-09, 3.90303966924e-09, 2.04159955608e-09, 1.28631727492e-09, 1.03782282768e-09, 3.64785646134e-10, 4.33091507102e-10, 8.10740086177e-10, 4.29887070386e-10, 5.40013811445e-10, 7.55974949307e-10, 1.10179654289e-09, 6.38153807575e-10, 8.48507764051e-10, 8.41177516531e-10, 2.85412138368e-10, 1.0003234352e-10, 3.20426116196e-11, 7.22914870327e-12, 4.11606642867e-12, 6.37579792022e-14, 8.33001422967e-16], [3.32023852856e-10, 2.84919399185e-09, 3.81952136586e-10, 3.26959681551e-10, 1.97070892938e-09, 1.59565649582e-09, 2.04159955608e-09, 2.27852603452e-09, 1.73462566533e-09, 1.38742750622e-09, 4.15512457774e-10, 6.70380528867e-10, 7.92424903473e-10, 4.30323610079e-10, 5.59531920796e-10, 9.01009711285e-10, 1.05991548871e-09, 7.94520782499e-10, 1.04795894185e-09, 8.70665095576e-10, 3.75674769071e-10, 1.29413924022e-10, 3.71006905753e-11, 1.06451306103e-11, 6.69409493115e-12, 9.83923364875e-14, 1.04219198528e-15], [4.91913287881e-10, 4.40655689715e-09, 4.41535169537e-10, 3.02038477562e-10, 2.12968842561e-09, 1.35864930417e-09, 1.28631727492e-09, 1.73462566533e-09, 3.66880370528e-09, 2.04591299457e-09, 7.04218461323e-10, 9.08322805859e-10, 6.78851364011e-10, 5.28636689978e-10, 6.82231493521e-10, 1.23160048826e-09, 9.99271221325e-10, 1.03078989788e-09, 1.36901912029e-09, 1.11726294882e-09, 5.60975932373e-10, 1.79841253001e-10, 4.54479613665e-11, 1.53272880499e-11, 1.04810561272e-11, 1.61648377518e-13, 1.36957032527e-15], [4.14607265187e-10, 2.81641976407e-09, 3.08348263589e-10, 2.27043148171e-10, 2.05426564648e-09, 1.43046863244e-09, 1.03782282768e-09, 1.38742750622e-09, 2.04591299457e-09, 3.81901976709e-09, 8.3406181961e-10, 1.13227782705e-09, 1.42783940227e-09, 6.99685975825e-10, 1.00571306838e-09, 1.39134626043e-09, 1.85055704094e-09, 1.20538778958e-09, 1.5511020246e-09, 1.4390202363e-09, 6.95857316213e-10, 2.24722157549e-10, 5.45842399058e-11, 1.43384210755e-11, 9.43598671421e-12, 1.41335931131e-13, 1.16775784345e-15], [1.57323265526e-10, 8.99559093881e-10, 7.67625199516e-11, 7.91237214637e-11, 6.9152805704e-10, 5.78903258663e-10, 3.64785646134e-10, 4.15512457774e-10, 7.04218461323e-10, 8.3406181961e-10, 4.14797113324e-10, 3.75101283367e-10, 4.75486150453e-10, 2.4544644095e-10, 3.58958140989e-10, 4.99737140558e-10, 6.6405869692e-10, 4.14566853069e-10, 5.42843325846e-10, 4.6722320457e-10, 2.28421850879e-10, 7.5364527119e-11, 1.96138175146e-11, 5.01987340584e-12, 3.10816671879e-12, 4.91791191646e-14, 4.21022305705e-16], [1.68137073708e-10, 1.16047516041e-09, 1.48176970693e-10, 1.2685523465e-10, 9.85678316745e-10, 6.17595141694e-10, 4.33091507102e-10, 6.70380528867e-10, 9.08322805859e-10, 1.13227782705e-09, 3.75101283367e-10, 8.07606592712e-10, 5.31545751858e-10, 2.87083662398e-10, 3.91052551452e-10, 5.60354873613e-10, 7.87781839762e-10, 5.49326306665e-10, 6.86485090995e-10, 5.52398515818e-10, 2.88901125245e-10, 8.4822371349e-11, 2.38363166011e-11, 6.52161788114e-12, 4.27537128964e-12, 5.61145165165e-14, 5.40932233715e-16], [3.32651489687e-10, 8.49543657644e-10, 8.19357082182e-11, 2.06143602188e-10, 1.03708530652e-09, 1.28551580492e-09, 8.10740086177e-10, 7.92424903473e-10, 6.78851364011e-10, 1.42783940227e-09, 4.75486150453e-10, 5.31545751858e-10, 2.36878228144e-09, 6.04804095694e-10, 7.28928528648e-10, 1.14175069399e-09, 1.71256675507e-09, 7.99309896049e-10, 1.03460684464e-09, 1.00925912072e-09, 4.51481019237e-10, 1.62692206929e-10, 4.39166029931e-11, 9.59238851544e-12, 5.20072396606e-12, 7.83580828261e-14, 6.63939628865e-16], [1.69314021137e-10, 6.64819366225e-10, 1.04419500824e-10, 1.41766876016e-10, 6.03447736225e-10, 5.71640013103e-10, 4.29887070386e-10, 4.30323610079e-10, 5.28636689978e-10, 6.99685975825e-10, 2.4544644095e-10, 2.87083662398e-10, 6.04804095694e-10, 4.65918692516e-10, 3.95477622872e-10, 5.66226676657e-10, 8.8078694338e-10, 4.41724323785e-10, 6.19455653439e-10, 5.67248248373e-10, 2.46416581584e-10, 8.2020550074e-11, 2.3451744019e-11, 5.15555436884e-12, 2.94203398622e-12, 4.61479880459e-14, 3.15368048076e-16], [2.31428695652e-10, 9.15094666709e-10, 7.41861572173e-11, 1.4106367463e-10, 7.30682014893e-10, 8.26764212647e-10, 5.40013811445e-10, 5.59531920796e-10, 6.82231493521e-10, 1.00571306838e-09, 3.58958140989e-10, 3.91052551452e-10, 7.28928528648e-10, 3.95477622872e-10, 9.18425557828e-10, 7.96527899194e-10, 1.37066868966e-09, 5.43861122804e-10, 8.18517142953e-10, 9.00662433523e-10, 3.33588240364e-10, 9.86944970194e-11, 3.40261360754e-11, 6.59815648299e-12, 3.84931322928e-12, 5.65869169556e-14, 5.35496611534e-16], [3.40136641075e-10, 1.77152448266e-09, 1.61124599773e-10, 2.15196693798e-10, 1.18869536436e-09, 9.78098047e-10, 7.55974949307e-10, 9.01009711285e-10, 1.23160048826e-09, 1.39134626043e-09, 4.99737140558e-10, 5.60354873613e-10, 1.14175069399e-09, 5.66226676657e-10, 7.96527899194e-10, 1.55082080511e-09, 1.60682689376e-09, 8.36007263416e-10, 1.18410892203e-09, 1.05994157895e-09, 4.75578465498e-10, 1.60519583736e-10, 4.56060814114e-11, 1.05409630677e-11, 6.18176560288e-12, 1.0054525707e-13, 8.64803063213e-16], [3.81122550186e-10, 1.02026209703e-09, 2.21553567159e-10, 3.30653560088e-10, 1.38611855327e-09, 1.63605184955e-09, 1.10179654289e-09, 1.05991548871e-09, 9.99271221325e-10, 1.85055704094e-09, 6.6405869692e-10, 7.87781839762e-10, 1.71256675507e-09, 8.8078694338e-10, 1.37066868966e-09, 1.60682689376e-09, 3.3149152312e-09, 1.19016341227e-09, 1.68564762149e-09, 1.70921221621e-09, 6.53694987029e-10, 2.13021794648e-10, 6.90331958264e-11, 1.26905022949e-11, 6.93149921141e-12, 1.06389486251e-13, 9.38136422929e-16], [2.67492195061e-10, 1.65903779603e-09, 1.93588034492e-10, 2.11406947503e-10, 1.11180953333e-09, 8.91662577107e-10, 6.38153807575e-10, 7.94520782499e-10, 1.03078989788e-09, 1.20538778958e-09, 4.14566853069e-10, 5.49326306665e-10, 7.99309896049e-10, 4.41724323785e-10, 5.43861122804e-10, 8.36007263416e-10, 1.19016341227e-09, 9.37756872155e-10, 1.01899610971e-09, 8.57201309934e-10, 3.91973814517e-10, 1.27876473299e-10, 3.65267122104e-11, 8.72518810674e-12, 5.3367371286e-12, 8.31030800815e-14, 7.24706566594e-16], [3.66100844085e-10, 1.93496618728e-09, 1.99476296592e-10, 2.51745069235e-10, 1.39198819138e-09, 1.18312526443e-09, 8.48507764051e-10, 1.04795894185e-09, 1.36901912029e-09, 1.5511020246e-09, 5.42843325846e-10, 6.86485090995e-10, 1.03460684464e-09, 6.19455653439e-10, 8.18517142953e-10, 1.18410892203e-09, 1.68564762149e-09, 1.01899610971e-09, 1.61304025692e-09, 1.2280264583e-09, 5.25100685156e-10, 1.74477904347e-10, 5.14259745898e-11, 1.17030595284e-11, 7.11054132241e-12, 1.09846126064e-13, 1.04082879163e-15], [3.18695320134e-10, 1.55349821895e-09, 1.42647366141e-10, 2.14513573571e-10, 1.21251986229e-09, 1.13033349347e-09, 8.41177516531e-10, 8.70665095576e-10, 1.11726294882e-09, 1.4390202363e-09, 4.6722320457e-10, 5.52398515818e-10, 1.00925912072e-09, 5.67248248373e-10, 9.00662433523e-10, 1.05994157895e-09, 1.70921221621e-09, 8.57201309934e-10, 1.2280264583e-09, 1.47127798833e-09, 4.99804919674e-10, 1.5551727961e-10, 4.78219616684e-11, 1.03166425056e-11, 5.93260857107e-12, 9.36451098415e-14, 8.55410261921e-16], [1.48999076965e-10, 9.04211261421e-10, 1.04110886578e-10, 9.34978344747e-11, 5.54839840738e-10, 4.34345587275e-10, 2.85412138368e-10, 3.75674769071e-10, 5.60975932373e-10, 6.95857316213e-10, 2.28421850879e-10, 2.88901125245e-10, 4.51481019237e-10, 2.46416581584e-10, 3.33588240364e-10, 4.75578465498e-10, 6.53694987029e-10, 3.91973814517e-10, 5.25100685156e-10, 4.99804919674e-10, 2.50597126383e-10, 7.31071245208e-11, 1.97788712492e-11, 4.94030120632e-12, 2.99924148017e-12, 4.76035226862e-14, 4.2794656182e-16], [4.96723807919e-11, 2.97424973539e-10, 3.03516448086e-11, 3.0833790382e-11, 1.78005832296e-10, 1.49341164435e-10, 1.0003234352e-10, 1.29413924022e-10, 1.79841253001e-10, 2.24722157549e-10, 7.5364527119e-11, 8.4822371349e-11, 1.62692206929e-10, 8.2020550074e-11, 9.86944970194e-11, 1.60519583736e-10, 2.13021794648e-10, 1.27876473299e-10, 1.74477904347e-10, 1.5551727961e-10, 7.31071245208e-11, 2.94307668514e-11, 6.49497166119e-12, 1.64210301173e-12, 9.92057564569e-13, 1.63163922748e-14, 1.39445525329e-16], [1.34538942487e-11, 7.68913960281e-11, 8.05354654493e-12, 9.01780820156e-12, 4.72787989314e-11, 4.22201648642e-11, 3.20426116196e-11, 3.71006905753e-11, 4.54479613665e-11, 5.45842399058e-11, 1.96138175146e-11, 2.38363166011e-11, 4.39166029931e-11, 2.3451744019e-11, 3.40261360754e-11, 4.56060814114e-11, 6.90331958264e-11, 3.65267122104e-11, 5.14259745898e-11, 4.78219616684e-11, 1.97788712492e-11, 6.49497166119e-12, 2.29148059035e-12, 4.51563455682e-13, 2.62469652132e-13, 4.21419601215e-15, 3.79040196317e-17], [4.02923614612e-12, 3.26471384648e-11, 3.11522335705e-12, 2.23752787132e-12, 1.37579799983e-11, 9.32390969988e-12, 7.22914870327e-12, 1.06451306103e-11, 1.53272880499e-11, 1.43384210755e-11, 5.01987340584e-12, 6.52161788114e-12, 9.59238851544e-12, 5.15555436884e-12, 6.59815648299e-12, 1.05409630677e-11, 1.26905022949e-11, 8.72518810674e-12, 1.17030595284e-11, 1.03166425056e-11, 4.94030120632e-12, 1.64210301173e-12, 4.51563455682e-13, 1.47386741483e-13, 8.23771118593e-14, 1.39011447413e-15, 1.12508085933e-17], [2.40784714216e-12, 2.04709704049e-11, 2.07458898151e-12, 1.35703655344e-12, 8.52115253358e-12, 5.31975938994e-12, 4.11606642867e-12, 6.69409493115e-12, 1.04810561272e-11, 9.43598671421e-12, 3.10816671879e-12, 4.27537128964e-12, 5.20072396606e-12, 2.94203398622e-12, 3.84931322928e-12, 6.18176560288e-12, 6.93149921141e-12, 5.3367371286e-12, 7.11054132241e-12, 5.93260857107e-12, 2.99924148017e-12, 9.92057564569e-13, 2.62469652132e-13, 8.23771118593e-14, 5.38472939198e-14, 8.36464834809e-16, 7.00206403293e-18], [4.15300626733e-14, 3.74863334818e-13, 3.57574823158e-14, 2.15857622168e-14, 1.3782937736e-13, 7.42950622898e-14, 6.37579792022e-14, 9.83923364875e-14, 1.61648377518e-13, 1.41335931131e-13, 4.91791191646e-14, 5.61145165165e-14, 7.83580828261e-14, 4.61479880459e-14, 5.65869169556e-14, 1.0054525707e-13, 1.06389486251e-13, 8.31030800815e-14, 1.09846126064e-13, 9.36451098415e-14, 4.76035226862e-14, 1.63163922748e-14, 4.21419601215e-15, 1.39011447413e-15, 8.36464834809e-16, 2.08185825728e-17, 1.55507628714e-19], [3.67729057306e-16, 3.22299763375e-15, 3.45810968065e-16, 2.51603328397e-16, 1.42893949982e-15, 9.55183172751e-16, 8.33001422967e-16, 1.04219198528e-15, 1.36957032527e-15, 1.16775784345e-15, 4.21022305705e-16, 5.40932233715e-16, 6.63939628865e-16, 3.15368048076e-16, 5.35496611534e-16, 8.64803063213e-16, 9.38136422929e-16, 7.24706566594e-16, 1.04082879163e-15, 8.55410261921e-16, 4.2794656182e-16, 1.39445525329e-16, 3.79040196317e-17, 1.12508085933e-17, 7.00206403293e-18, 1.55507628714e-19, 5.16137478168e-21]]
    },
    "mfcc": {
        "kurt": [-1.17315769196, 1.01927280426, -0.635850191116, -0.222091674805, -0.704008102417, 0.366738319397, -0.0976364612579, -0.435617923737, 0.0683808326721, 0.464374780655, 0.0366938114166, -0.0328521728516, 0.043336391449],
        "max": [-695.638122559, 165.203536987, 29.9196510315, 60.7036781311, 28.1755256653, 23.5383224487, 27.3505325317, 19.5279941559, 26.5438041687, 24.2542228699, 23.1819839478, 20.4524250031, 15.1259689331],
        "mean": [-840.851989746, 109.050170898, -34.7233543396, 35.2447853088, -4.44608831406, 1.72726285458, 1.76339137554, 1.40661251545, 5.0700006485, 2.79986357689, 2.24123120308, 1.16859269142, 0.913472056389],
        "median": [-786.789245605, 109.768013, -42.2447929382, 38.9810447693, -6.18177032471, 2.13377380371, 1.68408584595, 1.28141784668, 4.67143630981, 2.82909393311, 1.8915977478, 1.02737617493, 0.834190368652],
        "min": [-1063.15979004, 73.2024307251, -84.7985458374, -2.95728683472, -35.2870101929, -22.816078186, -22.9579048157, -18.5697174072, -18.0693416595, -18.5071525574, -16.3718223572, -15.2899856567, -14.6013450623],
        "skew": [-0.652279675007, 0.19047357142, 0.659586548805, -0.778669297695, 0.311374008656, -0.530514359474, -0.0841477364302, 0.0056935409084, 0.0838326215744, 0.179291754961, 0.00577077548951, 0.143565446138, -0.0919242948294],
        "var": [11571.1201172, 126.009391785, 754.831726074, 184.975601196, 147.123947144, 55.2508277893, 62.3403930664, 45.8754043579, 51.9627494812, 45.3720359802, 38.3977088928, 33.1871147156, 23.2563934326],
        "cov": [[11589.03125, 510.613922119, -2606.43969727, 1161.06835938, -1096.37207031, 314.303100586, -316.342773438, -244.055648804, -27.3950443268, -86.3592834473, -80.8530883789, -179.596176147, 110.836700439], [510.613922119, 126.204452515, -63.4240341187, 68.2557067871, -41.3797302246, 0.25982773304, 4.62533569336, -4.87048196793, 12.3508777618, 1.96071696281, 8.09483528137, 2.74004721642, -3.47095370293], [-2606.43969727, -63.4240341187, 756.000183105, -263.223999023, 275.576721191, -66.9553833008, 95.465385437, 88.6922912598, 27.5716571808, 42.9570884705, 42.0904579163, 43.1084213257, -31.8098297119], [1161.06835938, 68.2557067871, -263.223999023, 185.261932373, -88.2940292358, 35.8771057129, -17.5628185272, -22.681055069, 10.4727907181, -1.70032632351, 2.47752118111, -8.1165561676, 10.3069438934], [-1096.37207031, -41.3797302246, 275.576721191, -88.2940292358, 147.351699829, -15.3307781219, 39.109916687, 31.1475849152, 10.7611284256, 18.0776786804, 14.1702404022, 21.5979652405, -11.038277626], [314.303100586, 0.25982773304, -66.9553833008, 35.8771057129, -15.3307781219, 55.336353302, -0.182017862797, -5.06030368805, -3.12868356705, -8.20066356659, 2.36920213699, -8.01279067993, 3.95248103142], [-316.342773438, 4.62533569336, 95.465385437, -17.5628185272, 39.109916687, -0.182017862797, 62.4368934631, 34.6116409302, 26.9143428802, 14.2598409653, 16.7890586853, 15.6367864609, -7.3083820343], [-244.055648804, -4.87048196793, 88.6922912598, -22.681055069, 31.1475849152, -5.06030368805, 34.6116409302, 45.9464187622, 27.6108837128, 13.4763307571, 13.0599164963, 8.02822589874, -3.06940698624], [-27.3950443268, 12.3508777618, 27.5716571808, 10.4727907181, 10.7611284256, -3.12868356705, 26.9143428802, 27.6108837128, 52.0431861877, 28.8453674316, 15.7488288879, 12.191576004, -0.584972202778], [-86.3592834473, 1.96071696281, 42.9570884705, -1.70032632351, 18.0776786804, -8.20066356659, 14.2598409653, 13.4763307571, 28.8453674316, 45.4422721863, 20.1456851959, 8.95220851898, 2.38540554047], [-80.8530883789, 8.09483528137, 42.0904579163, 2.47752118111, 14.1702404022, 2.36920213699, 16.7890586853, 13.0599164963, 15.7488288879, 20.1456851959, 38.4571495056, 21.4775009155, 1.66122317314], [-179.596176147, 2.74004721642, 43.1084213257, -8.1165561676, 21.5979652405, -8.01279067993, 15.6367864609, 8.02822589874, 12.191576004, 8.95220851898, 21.4775009155, 33.2384910583, 5.32811260223], [110.836700439, -3.47095370293, -31.8098297119, 10.3069438934, -11.038277626, 3.95248103142, -7.3083820343, -3.06940698624, -0.584972202778, 2.38540554047, 1.66122317314, 5.32811260223, 23.2923946381]]
    },
    "sccoeffs": {
        "kurt": [0.87986779213, -0.178726673126, 0.587299108505, -0.0893199443817, -0.498717069626, -0.799298524857],
        "max": [-0.559547543526, -0.646826922894, -0.679657697678, -0.732661426067, -0.780820250511, -0.731247782707],
        "mean": [-0.80624216795, -0.824576258659, -0.835249066353, -0.83664047718, -0.841212570667, -0.799257516861],
        "median": [-0.813800215721, -0.826540231705, -0.840446174145, -0.837613999844, -0.83888989687, -0.793706417084],
        "min": [-0.923220157623, -0.930980324745, -0.928318738937, -0.922592461109, -0.90804028511, -0.901340544224],
        "skew": [0.854510426521, 0.338009148836, 0.557939827442, 0.29100677371, -0.168474748731, -0.307158946991],
        "var": [0.00315491831861, 0.00212933169678, 0.00151545763947, 0.000936562719289, 0.000519373454154, 0.00107805698644],
        "cov": [[0.00315980194137, 0.000179154463694, 0.000470774772111, -5.11789630764e-06, 3.21402585541e-05, -5.74752266402e-05], [0.000179154463694, 0.0021326278802, 0.000548797484953, 0.000495519139804, 0.00044636556413, 0.000787219323684], [0.000470774772111, 0.000548797484953, 0.00151780352462, 0.000281294953311, 0.000239825749304, 0.000406214414397], [-5.11789630764e-06, 0.000495519139804, 0.000281294953311, 0.0009380124975, 0.000413754169131, 0.000631994334981], [3.21402585541e-05, 0.00044636556413, 0.000239825749304, 0.000413754169131, 0.000520177418366, 0.000566268688999], [-5.74752266402e-05, 0.000787219323684, 0.000406214414397, 0.000631994334981, 0.000566268688999, 0.00107972580008]]
    },
    "scvalleys": {
        "kurt": [-0.999454021454, -0.973477840424, -1.11446583271, -1.18884658813, -0.905731678009, -0.811176300049],
        "max": [-5.60634946823, -5.2911605835, -5.86359596252, -6.61270189285, -6.79639196396, -9.31391143799],
        "mean": [-7.27477693558, -7.56163740158, -7.87132310867, -8.0873336792, -8.4264125824, -10.9538192749],
        "median": [-6.97736120224, -7.18024921417, -7.44086170197, -7.44407892227, -7.77272558212, -10.3837165833],
        "min": [-9.90742015839, -10.1500597, -10.5846643448, -10.59116745, -11.201965332, -13.5552473068],
        "skew": [-0.433143377304, -0.541817724705, -0.506543695927, -0.657756149769, -0.786467194557, -0.820514559746],
        "var": [0.879969060421, 0.967696487904, 1.20418834686, 1.39530670643, 1.62092852592, 1.52964448929],
        "cov": [[0.881331205368, 0.819355845451, 0.907405018806, 0.998352825642, 1.07799839973, 1.04824185371], [0.819355845451, 0.969194412231, 0.996614634991, 1.0867061615, 1.17310428619, 1.12700521946], [0.907405018806, 0.996614634991, 1.20605242252, 1.24315178394, 1.33599042892, 1.28004693985], [0.998352825642, 1.0867061615, 1.24315178394, 1.39746665955, 1.47629964352, 1.41618704796], [1.07799839973, 1.17310428619, 1.33599042892, 1.47629964352, 1.62343764305, 1.55328536034], [1.04824185371, 1.12700521946, 1.28004693985, 1.41618704796, 1.55328536034, 1.53201234341]]
    }
},
"rhythm": {
    "beats_loudness": {
        "kurt": 0.37504029274,
        "max": 0.00224263640121,
        "mean": 0.00063833699096,
        "median": 0.00048647436779,
        "min": 4.32784054283e-06,
        "skew": 1.1327444315,
        "var": 4.03915350944e-07
    },
    "bpm": 122.689163208,
    "confidence": 1.18547320366,
    "first_peak_bpm": {
        "kurt": 0,
        "max": 123,
        "mean": 123,
        "median": 123,
        "min": 123,
        "skew": 0,
        "var": 0
    },
    "first_peak_spread": {
        "kurt": 0,
        "max": 0.125,
        "mean": 0.125,
        "median": 0.125,
        "min": 0.125,
        "skew": 0,
        "var": 0
    },
    "first_peak_weight": {
        "kurt": 0,
        "max": 0.280000001192,
        "mean": 0.280000001192,
        "median": 0.280000001192,
        "min": 0.280000001192,
        "skew": 0,
        "var": 0
    },
    "onset_rate": 0.333333343267,
    "second_peak_bpm": {
        "kurt": 0,
        "max": 96,
        "mean": 96,
        "median": 96,
        "min": 96,
        "skew": 0,
        "var": 0
    },
    "second_peak_spread": {
        "kurt": 0,
        "max": 0.66666662693,
        "mean": 0.66666662693,
        "median": 0.66666662693,
        "min": 0.66666662693,
        "skew": 0,
        "var": 0
    },
    "second_peak_weight": {
        "kurt": 0,
        "max": 0.0799999982119,
        "mean": 0.0799999982119,
        "median": 0.0799999982119,
        "min": 0.0799999982119,
        "skew": 0,
        "var": 0
    },
    "beats_loudness_band_ratio": {
        "kurt": [-0.617211580276, -0.88586640358, 3.06653022766, -1.28473937511, -1.29078996181, -1.09356129169],
        "max": [0.708828508854, 0.282840669155, 0.364418953657, 0.266627401114, 0.288336694241, 0.194864094257],
        "mean": [0.303028464317, 0.139154732227, 0.149261817336, 0.14888907969, 0.182069525123, 0.10720923543],
        "median": [0.238033592701, 0.14394980669, 0.138266056776, 0.135434061289, 0.189481019974, 0.116883561015],
        "min": [0.0823398604989, 0.0425030812621, 0.0718661025167, 0.0428975857794, 0.0519377440214, 0.0176894385368],
        "skew": [0.635790944099, 0.437148481607, 1.52225828171, 0.170535117388, -0.162873521447, -0.279064029455],
        "var": [0.0300695709884, 0.00478762947023, 0.00389664573595, 0.00496392603964, 0.00502502499148, 0.00254439143464],
        "cov": [[0.0312723554671, -0.0043100793846, 0.000177930589416, -0.0104882149026, -0.0102870641276, -0.00667250808328], [-0.0043100793846, 0.00497913453728, 0.00146864564158, 0.000264973205049, -0.000359982630471, -0.000958155083936], [0.000177930589416, 0.00146864564158, 0.00405251141638, -0.00156560423784, -0.00182498071808, -0.00116970133968], [-0.0104882149026, 0.000264973205049, -0.00156560423784, 0.00516248308122, 0.00365976034664, 0.00275785126723], [-0.0102870641276, -0.000359982630471, -0.00182498071808, 0.00365976034664, 0.00522602628917, 0.00306407688186], [-0.00667250808328, -0.000958155083936, -0.00116970133968, 0.00275785126723, 0.00306407688186, 0.00264616706409]]
    },
    "beats_position": [0.487619042397, 0.975238084793, 1.47446703911, 2.02013611794, 2.55419492722, 3.04181408882, 3.52943301201, 4.01705217361, 4.5046710968, 4.99229001999, 5.47990942001, 6.01396799088, 6.52480697632, 7.03564596176, 7.66258478165, 8.28952407837, 8.87002277374, 9.45052146912, 10.0542402267, 10.6115188599, 11.1687984467, 11.7144670486, 12.3530158997, 12.9683446884, 13.6185035706, 14.2918815613],
    "bpm_estimates": [123.046875, 120.185333252, 123.046844482, 123.046905518, 123.046844482, 123.046905518, 123.046905518, 123.046783447],
    "bpm_intervals": [0.487619042397, 0.499228954315, 0.545669078827, 0.53405880928, 0.487619161606, 0.487618923187, 0.487619161606, 0.487618923187, 0.487618923187, 0.487619400024, 0.534058570862, 0.510838985443, 0.510838985443, 0.626938819885, 0.626939296722, 0.580498695374, 0.580498695374, 0.603718757629, 0.557278633118, 0.557279586792, 0.54566860199, 0.638548851013, 0.615328788757, 0.650158882141, 0.673377990723],
    "onset_times": [0.0116099771112, 2.0549659729, 2.49614500999, 5.87464857101, 11.0526981354],
    "histogram": [[0, 0, 0, 0, 0, 0, 0, 0, 0, 0, 0, 0, 0, 0, 0, 0, 0, 0, 0, 0, 0, 0, 0, 0, 0, 0, 0, 0, 0, 0, 0, 0, 0, 0, 0, 0, 0, 0, 0, 0, 0, 0, 0, 0, 0, 0, 0, 0, 0, 0, 0, 0, 0, 0, 0, 0, 0, 0, 0, 0, 0, 0, 0, 0, 0, 0, 0, 0, 0, 0, 0, 0, 0, 0, 0, 0, 0, 0, 0, 0, 0, 0, 0, 0, 0, 0, 0, 0, 0, 0.0399999991059, 0, 0, 0.0399999991059, 0, 0.0399999991059, 0, 0.0799999982119, 0, 0.0399999991059, 0.0399999991059, 0, 0, 0, 0.0799999982119, 0, 0, 0, 0, 0.0799999982119, 0, 0.0799999982119, 0, 0.0799999982119, 0, 0, 0, 0, 0.0799999982119, 0, 0, 0.0399999991059, 0, 0, 0.280000001192, 0, 0, 0, 0, 0, 0, 0, 0, 0, 0, 0, 0, 0, 0, 0, 0, 0, 0, 0, 0, 0, 0, 0, 0, 0, 0, 0, 0, 0, 0, 0, 0, 0, 0, 0, 0, 0, 0, 0, 0, 0, 0, 0, 0, 0, 0, 0, 0, 0, 0, 0, 0, 0, 0, 0, 0, 0, 0, 0, 0, 0, 0, 0, 0, 0, 0, 0, 0, 0, 0, 0, 0, 0, 0, 0, 0, 0, 0, 0, 0, 0, 0, 0, 0, 0, 0, 0, 0, 0, 0, 0, 0, 0, 0, 0, 0, 0, 0, 0, 0, 0, 0, 0, 0, 0, 0, 0, 0, 0, 0, 0, 0, 0, 0, 0, 0, 0, 0, 0, 0, 0, 0, 0, 0, 0, 0]]
},
"sfx": {
    "inharmonicity": {
        "kurt": -0.677938938141,
        "max": 0.362594544888,
        "mean": 0.1302742064,
        "median": 0.111971773207,
        "min": 0,
        "skew": 0.526791751385,
        "var": 0.00676101073623
    },
    "oddtoevenharmonicenergyratio": {
        "kurt": 15.4792442322,
        "max": 8.11856555939,
        "mean": 0.864931643009,
        "median": 0.645166814327,
        "min": 0,
        "skew": 2.96749973297,
        "var": 0.673264503479
    },
    "pitch_after_max_to_before_max_energy_ratio": 2.44469618797,
    "pitch_centroid": 304.844146729,
    "pitch_max_to_total": 0.275115907192,
    "pitch_min_to_total": 0.627511620522,
    "tristimulus": {
        "kurt": [7.32336235046, 0.11966586113, -0.331834077835],
        "max": [1, 0.897694528103, 1],
        "mean": [0.177642941475, 0.342292785645, 0.480064570904],
        "median": [0.156748712063, 0.330900251865, 0.484276920557],
        "min": [0, 0, 0],
        "skew": [1.65291762352, 0.26659321785, -0.0275590289384],
        "var": [0.0162353925407, 0.0208702925593, 0.0353485383093],
        "cov": [[0.0162605252117, -0.000879931263626, -0.0153805725276], [-0.000879931263626, 0.0209026001394, -0.0200226660818], [-0.0153805725276, -0.0200226660818, 0.0354032590985]]
    }
},
"tonal": {
    "chords_changes_rate": 0.117283947766,
    "chords_number_rate": 0.0308641977608,
    "chords_strength": {
        "kurt": -0.801972150803,
        "max": 0.641514718533,
        "mean": 0.467288911343,
        "median": 0.496700316668,
        "min": 0.262841165066,
        "skew": -0.577858030796,
        "var": 0.0097989551723
    },
    "key_strength": 0.418314367533,
    "tuning_diatonic_strength": 0.395212352276,
    "tuning_equal_tempered_deviation": 0.221678420901,
    "tuning_frequency": 434.193115234,
    "tuning_nontempered_energy_ratio": 0.891925632954,
    "hpcp": {
        "kurt": [0.376322507858, 1.91046047211, 1.15563631058, 2.57323360443, 2.17112779617, 1.16519975662, 0.303055047989, -0.125406980515, -0.86811542511, -0.608171224594, 0.586269140244, 2.46767473221, 3.78722953796, 5.86923217773, 5.9744310379, 3.39260149002, 1.72757434845, 0.741745948792, -0.0188410282135, -0.696194171906, -0.954897642136, -0.324156522751, 0.989940881729, 0.191395759583, -0.95259475708, -1.30907928944, -0.618935585022, 3.73072576523, 2.7453455925, 2.3055524826, 2.31492376328, 1.50750684738, 0.90106344223, 0.370878219604, 0.267479896545, 0.102548837662],
        "max": [1, 1, 1, 1, 1, 1, 1, 1, 1, 1, 1, 1, 1, 1, 1, 1, 1, 1, 1, 1, 1, 1, 1, 1, 1, 1, 1, 1, 1, 1, 1, 1, 1, 1, 1, 1],
