{
"metadata": {
    "version": {
        "essentia": "2.1-beta3"
    }
},
"lowLevel": {
    "average_loudness": 0.652998566628,
    "barkbands_kurtosis": {
        "kurt": 4.64997529984,
        "max": 7.50769805908,
        "mean": 0.0865015760064,
        "median": -0.208402395248,
        "min": -1.52010047436,
        "skew": 1.73227024078,
        "var": 1.20416557789
    },
    "barkbands_skewness": {
        "kurt": -0.261624336243,
        "max": 2.69886946678,
        "mean": 0.823919415474,
        "median": 0.856169104576,
        "min": -0.85370773077,
        "skew": -0.0183938108385,
        "var": 0.305241674185
    },
    "barkbands_spread": {
        "kurt": 1.1321721077,
        "max": 46.8186836243,
        "mean": 21.2244186401,
        "median": 21.834487915,
        "min": 6.47927236557,
        "skew": -0.166798532009,
        "var": 29.3463249207
    },
    "dissonance": {
        "kurt": 3.47736930847,
        "max": 0.500000059605,
        "mean": 0.480620503426,
        "median": 0.482661366463,
        "min": 0.398419767618,
        "skew": -1.22705078125,
        "var": 0.00016110445722
    },
    "hfc": {
        "kurt": 54.235748291,
        "max": 39.4372596741,
        "mean": 1.74645900726,
        "median": 1.04429984093,
        "min": 0.000155482150149,
        "skew": 6.41863203049,
        "var": 8.64650917053
    },
    "pitch": {
        "kurt": 43.1797447205,
        "max": 3606.71264648,
        "mean": 262.469116211,
        "median": 159.950134277,
        "min": 67.0453720093,
        "skew": 5.27111530304,
        "var": 74671.9609375
    },
    "pitch_instantaneous_confidence": {
        "kurt": 6.27605724335,
        "max": 0.669178724289,
        "mean": 0.228490754962,
        "median": 0.219416499138,
        "min": 0.120897650719,
        "skew": 1.68386888504,
        "var": 0.00387583998963
    },
    "pitch_salience": {
        "kurt": 0.177108049393,
        "max": 0.827569484711,
        "mean": 0.687372088432,
        "median": 0.695932984352,
        "min": 0.440377563238,
        "skew": -0.622699677944,
        "var": 0.00479908892885
    },
    "silence_rate_20dB": {
        "kurt": 0,
        "max": 1,
        "mean": 1,
        "median": 1,
        "min": 1,
        "skew": 0,
        "var": 0
    },
    "silence_rate_30dB": {
        "kurt": 0,
        "max": 1,
        "mean": 1,
        "median": 1,
        "min": 1,
        "skew": 0,
        "var": 0
    },
    "silence_rate_60dB": {
        "kurt": 4.07893276215,
        "max": 1,
        "mean": 0.888304889202,
        "median": 1,
        "min": 0,
        "skew": -2.46557211876,
        "var": 0.099218018353
    },
    "spectral_centroid": {
        "kurt": 1.04133653641,
        "max": 2027.31359863,
        "mean": 871.430419922,
        "median": 802.271118164,
        "min": 375.538116455,
        "skew": 1.14281690121,
        "var": 88998.2890625
    },
    "spectral_complexity": {
        "kurt": 10.0948438644,
        "max": 39,
        "mean": 6.53219461441,
        "median": 5,
        "min": 0,
        "skew": 2.79813480377,
        "var": 30.9191570282
    },
    "spectral_crest": {
        "kurt": 0.425847530365,
        "max": 14.0336399078,
        "mean": 6.47845554352,
        "median": 5.9488902092,
        "min": 2.64927363396,
        "skew": 0.933438658714,
        "var": 4.59569358826
    },
    "spectral_decrease": {
        "kurt": 28.3813552856,
        "max": -1.9693602421e-14,
        "mean": -4.47809123116e-10,
        "median": -3.43688411064e-10,
        "min": -5.07133179894e-09,
        "skew": -4.39319133759,
        "var": 1.9840719276e-19
    },
    "spectral_energy": {
        "kurt": 32.1458282471,
        "max": 0.0227174516767,
        "mean": 0.00184854178224,
        "median": 0.00139597558882,
        "min": 8.84308803961e-08,
        "skew": 4.70681285858,
        "var": 3.71806709154e-06
    },
    "spectral_energyband_high": {
        "kurt": 56.381565094,
        "max": 0.000964577135164,
        "mean": 3.25559158227e-05,
        "median": 1.69017457665e-05,
        "min": 9.33775901046e-09,
        "skew": 7.06824588776,
        "var": 7.27669213774e-09
    },
    "spectral_energyband_low": {
        "kurt": 4.5252623558,
        "max": 0.00237846956588,
        "mean": 0.000365405256161,
        "median": 0.000294360623229,
        "min": 1.839969066e-09,
        "skew": 1.72885918617,
        "var": 1.21907291373e-07
    },
    "spectral_energyband_middle_high": {
        "kurt": 42.5610389709,
        "max": 0.0171605516225,
        "mean": 0.00077452842379,
        "median": 0.000403465091949,
        "min": 4.05865350217e-08,
        "skew": 5.67615699768,
        "var": 1.9401420559e-06
    },
    "spectral_energyband_middle_low": {
        "kurt": 12.1997261047,
        "max": 0.00586752220988,
        "mean": 0.000788008794188,
        "median": 0.000628317822702,
        "min": 2.6170543066e-08,
        "skew": 3.12667489052,
        "var": 5.71983605369e-07
    },
    "spectral_flatness_db": {
        "kurt": 2.12628936768,
        "max": 0.265421241522,
        "mean": 0.170632660389,
        "median": 0.169907703996,
        "min": 0.0594097860157,
        "skew": -0.209309220314,
        "var": 0.000617838930339
    },
    "spectral_flux": {
        "kurt": 8.76872730255,
        "max": 0.0921821147203,
        "mean": 0.0223298110068,
        "median": 0.0207686554641,
        "min": 0.00028464521165,
        "skew": 1.89275443554,
        "var": 0.000115906528663
    },
    "spectral_kurtosis": {
        "kurt": 3.08521366119,
        "max": 20.5645008087,
        "mean": 6.71182060242,
        "median": 6.19253444672,
        "min": 1.27532672882,
        "skew": 1.3877530098,
        "var": 7.26310539246
    },
    "spectral_rms": {
        "kurt": 6.27657032013,
        "max": 0.00470779836178,
        "mean": 0.00122745498084,
        "median": 0.00116701645311,
        "min": 9.28838107939e-06,
        "skew": 1.28606915474,
        "var": 2.96808337907e-07
    },
    "spectral_rolloff": {
        "kurt": 4.29049777985,
        "max": 4629.63867188,
        "mean": 1604.29577637,
        "median": 1528.85742188,
        "min": 387.59765625,
        "skew": 1.05977106094,
        "var": 203688.28125
    },
    "spectral_skewness": {
        "kurt": 1.82046842575,
        "max": 3.1976454258,
        "mean": 1.87369525433,
        "median": 1.82343971729,
        "min": 0.997600615025,
        "skew": 1.06019556522,
        "var": 0.0888049975038
    },
    "spectral_spread": {
        "kurt": 106.158370972,
        "max": 15286879,
        "mean": 2967913,
        "median": 2831784,
        "min": 1738109.5,
        "skew": 7.62006187439,
        "var": 539840151552
    },
    "spectral_strongpeak": {
        "kurt": 18.5717601776,
        "max": 2.04511022568,
        "mean": 0.159952014685,
        "median": 0.0909287706017,
        "min": 0.000352011091309,
        "skew": 3.83514046669,
        "var": 0.0531444810331
    },
    "zerocrossingrate": {
        "kurt": 1.27201461792,
        "max": 0.1142578125,
        "mean": 0.0557121858001,
        "median": 0.0546875,
        "min": 0.0244140625,
        "skew": 0.838675618172,
        "var": 0.000169849008671
    },
    "barkbands": {
        "kurt": [26.5842399597, 12.3686532974, 1.26528692245, 25.7110710144, 16.8338756561, 30.5936813354, 5.84857749939, 62.4276809692, 57.2912368774, 57.5385360718, 29.4583320618, 26.7272377014, 19.1518936157, 60.6649169922, 82.8654022217, 83.7998580933, 163.33555603, 68.8341293335, 39.2418212891, 37.4318275452, 64.1975097656, 66.8311233521, 79.5641708374, 95.9834823608, 62.4954452515, 128.029037476, 74.3177337646],
        "max": [8.91828165095e-07, 0.000277992716292, 0.00110970507376, 0.00259922491387, 0.00178864598274, 0.00205433252268, 0.00106234184932, 0.0012900964357, 0.00101106602233, 0.00317886425182, 0.00151279312558, 0.00169076898601, 0.00148596975487, 0.00224952283315, 0.00333593087271, 0.00167156464886, 0.00321440957487, 0.00108939933125, 0.000561485998333, 0.000362182792742, 0.000419320887886, 0.0004223761498, 9.00170416571e-05, 2.1918951461e-05, 3.10938548864e-06, 8.2115299449e-08, 2.24400187321e-09],
        "mean": [8.85338806711e-08, 2.65488688456e-05, 0.00024168350501, 0.000160609895829, 0.000179720766027, 0.000158211652888, 0.000165682082297, 5.46985102119e-05, 4.66658930236e-05, 0.000105053477455, 6.25007451163e-05, 9.50826943154e-05, 0.000143912591739, 9.15036944207e-05, 9.30912938202e-05, 5.07653385284e-05, 5.723220238e-05, 3.56778946298e-05, 3.31152768922e-05, 2.42043861363e-05, 1.28642914206e-05, 7.80969457992e-06, 1.45284741393e-06, 3.0688931929e-07, 5.96035896194e-08, 1.15249354504e-09, 6.73713654309e-11],
        "median": [8.69836398465e-08, 1.47021337398e-05, 0.000191789484234, 8.47720657475e-05, 0.000136852409923, 0.000122505356558, 0.000144309247844, 3.17510639434e-05, 2.49810709647e-05, 3.0308145142e-05, 1.91263989109e-05, 4.93723491672e-05, 9.36002470553e-05, 5.06903452333e-05, 2.68566527666e-05, 2.51573437708e-05, 2.85214609903e-05, 1.90252903849e-05, 2.35863226408e-05, 1.84147775144e-05, 6.81566689309e-06, 1.37579399961e-06, 1.75968338567e-07, 5.88910502586e-08, 1.04213659924e-08, 2.93989471656e-10, 2.1195651137e-11],
        "min": [1.35817052049e-12, 4.05033118156e-10, 9.27588117428e-10, 2.16464263181e-10, 8.36540259286e-09, 6.47337383697e-09, 7.93064169891e-10, 9.04622377007e-10, 1.3844948521e-09, 3.26530713579e-09, 1.14334119949e-09, 1.72963110501e-09, 1.63398872211e-09, 1.26164767522e-09, 1.39183065073e-09, 5.07450881315e-09, 2.86694579188e-09, 4.19594314849e-09, 6.68510669044e-09, 3.95952337584e-09, 4.7810004844e-09, 5.32081767535e-10, 1.50170847979e-10, 9.20405696103e-11, 6.23610676986e-11, 4.04374797536e-12, 4.19597055669e-13],
        "skew": [3.42316603661, 3.13315248489, 1.22944748402, 4.72745704651, 3.35002851486, 4.40871715546, 1.79022967815, 6.2219171524, 6.48194217682, 6.91685962677, 4.96519708633, 4.58305025101, 3.90241718292, 6.28066015244, 7.58949899673, 7.99942684174, 11.4409542084, 7.67875289917, 5.89158010483, 5.40067911148, 7.48052692413, 7.6913356781, 8.21191215515, 8.93396377563, 7.58711528778, 9.84735488892, 7.35561800003],
        "var": [6.09042100064e-15, 1.38022948626e-09, 5.04921402467e-08, 9.17734723771e-08, 3.82142530952e-08, 3.10881596022e-08, 1.79193229144e-08, 7.67821983771e-09, 7.14487580211e-09, 8.91229490207e-08, 2.23827179013e-08, 2.63548134427e-08, 3.45013333458e-08, 2.39898856336e-08, 5.80791095217e-08, 1.37107676323e-08, 3.28718385845e-08, 7.92001220162e-09, 2.95061686195e-09, 9.52838918877e-10, 1.22782994882e-09, 1.18594045695e-09, 4.67579273911e-11, 2.13600426409e-12, 7.93973854761e-14, 2.27440141933e-17, 2.46815411332e-20],
        "cov": [[6.09843477936e-15, 1.47107207058e-12, 9.12726144664e-12, 6.46837184509e-12, 5.66755236492e-12, 3.41262109717e-12, 1.62055731247e-12, 4.97795381305e-13, -3.58402408229e-13, -1.77768227656e-12, -4.9226833547e-13, -1.52496927846e-12, 8.78085649439e-14, 4.5283034592e-13, -1.78079361153e-12, -1.99276477887e-14, -2.90521919672e-13, 4.45583836755e-13, 5.03365253125e-13, 4.93442580633e-13, 1.87497288745e-13, 2.16075055526e-14, 9.8637096822e-15, 1.26639091263e-15, 8.89986093889e-16, 1.24716394963e-17, 2.22335033415e-19], [1.47107207058e-12, 1.38204558908e-09, 3.69084318663e-09, 5.96304516876e-09, 4.02218347517e-09, 2.70735500685e-09, 1.51728773989e-09, 1.04755326635e-09, 5.14671694152e-10, 1.18471332744e-09, 5.32552668631e-10, 2.80202500091e-10, 1.40341493982e-09, 1.07116371328e-09, 1.37110017784e-10, 4.03162725426e-10, 6.41638964183e-10, 6.03711192149e-10, 6.00925198491e-10, 3.9086128778e-10, 2.09919040484e-10, 1.77534750789e-10, 3.76085135256e-11, 7.32365123407e-12, 1.4803931735e-12, 2.88066147542e-14, 1.08868774134e-15], [9.12726144664e-12, 3.69084318663e-09, 5.05585759925e-08, 2.29365042514e-08, 1.32218271887e-08, 6.78360878581e-09, 3.73181840985e-09, 8.46881065275e-10, -1.05088981961e-09, -5.95260685188e-09, -3.78731890294e-09, -5.92588200732e-09, -3.43762840416e-09, -2.64817368034e-09, -8.58174686869e-09, -1.64420099757e-09, -1.32929411922e-09, -2.79609696507e-10, 7.92248211479e-10, 5.36000466234e-10, 2.3143485739e-10, 4.08719412481e-11, -2.28379086475e-11, 2.6997503625e-12, 2.13667530392e-13, 3.06995097746e-14, 1.84022481769e-15], [6.46837184509e-12, 5.96304516876e-09, 2.29365042514e-08, 9.18942220096e-08, 3.6814320481e-08, 3.06282750273e-08, 1.04177306781e-08, 8.03054245324e-09, 2.5847299856e-09, -1.99341002038e-10, 6.68711419571e-10, 5.30654908903e-10, 9.50153378199e-09, 1.51078927146e-09, -2.37325692432e-09, 9.58159218634e-10, 1.04140895907e-09, 1.45135037322e-09, 2.19517892752e-09, 1.82944726035e-09, 6.8930805508e-10, 3.53822943167e-10, 2.09931134976e-11, 1.16733150923e-11, 2.8123371687e-12, 7.70250630313e-14, 1.33612112124e-14], [5.66755236492e-12, 4.02218347517e-09, 1.32218271887e-08, 3.6814320481e-08, 3.82645346519e-08, 1.94426110767e-08, 1.06264810285e-08, 6.34550145762e-09, 5.62518298608e-09, 1.48986165627e-08, 4.84644857579e-09, 6.46852038599e-09, 9.68125757339e-09, 7.1902270804e-09, 5.22507814793e-09, 5.52417223076e-09, 1.05840101128e-08, 4.99987873326e-09, 3.88892384962e-09, 2.35929564774e-09, 2.04358774347e-09, 1.62985058783e-09, 3.20339588189e-10, 7.40257993792e-11, 1.40143530461e-11, 2.99495020797e-13, 8.29130397694e-15], [3.41262109717e-12, 2.70735500685e-09, 6.78360878581e-09, 3.06282750273e-08, 1.94426110767e-08, 3.11290655475e-08, 9.13216613441e-09, 6.33212549062e-09, 4.47100756418e-09, 9.46792599876e-09, 4.59900073579e-09, 6.17079187748e-09, 8.4826403679e-09, 6.88453072328e-09, 6.66914568015e-09, 5.07642949898e-09, 8.91487683674e-09, 3.82167497648e-09, 2.62124189021e-09, 1.91188798127e-09, 1.55345736275e-09, 1.2951925088e-09, 2.55688775708e-10, 6.31182398014e-11, 1.06459190422e-11, 2.45799420314e-13, 5.87294359737e-15], [1.62055731247e-12, 1.51728773989e-09, 3.73181840985e-09, 1.04177306781e-08, 1.06264810285e-08, 9.13216613441e-09, 1.79429004987e-08, 4.03060029797e-09, 3.02494429505e-09, 8.61919779993e-09, 3.67970298676e-09, 5.06986630455e-09, 6.50375842071e-09, 6.13143136263e-09, 4.87207119093e-09, 3.49493856078e-09, 6.39150554704e-09, 3.1860798444e-09, 2.0767345621e-09, 1.40421130279e-09, 1.14268572382e-09, 1.11201581277e-09, 2.31053606803e-10, 4.93727385364e-11, 8.06800893455e-12, 1.81263654802e-13, 4.75516419182e-15], [4.97795381305e-13, 1.04755326635e-09, 8.46881065275e-10, 8.03054245324e-09, 6.34550145762e-09, 6.33212549062e-09, 4.03060029797e-09, 7.68832286724e-09, 4.96161511876e-09, 1.44316389949e-08, 7.1357888487e-09, 8.82099904231e-09, 9.25912502225e-09, 9.05922714622e-09, 1.25622889868e-08, 6.60062893232e-09, 1.07559365858e-08, 4.37989822188e-09, 2.76345768491e-09, 1.65451652379e-09, 1.87870097257e-09, 1.6658928681e-09, 3.52787160596e-10, 8.08035374722e-11, 1.44637062743e-11, 2.8947750772e-13, 4.93864635127e-15], [-3.58402408229e-13, 5.14671694152e-10, -1.05088981961e-09, 2.5847299856e-09, 5.62518298608e-09, 4.47100756418e-09, 3.02494429505e-09, 4.96161511876e-09, 7.1542767266e-09, 1.76748038427e-08, 9.13866848862e-09, 9.28956644941e-09, 9.27304366627e-09, 9.73777147806e-09, 1.512289316e-08, 7.80033548864e-09, 1.21115677487e-08, 5.06567499059e-09, 3.09344994065e-09, 1.75624215171e-09, 2.27985874623e-09, 2.0311408111e-09, 4.10703637765e-10, 9.24314860762e-11, 1.68747377183e-11, 3.12208375472e-13, 4.54502505849e-15], [-1.77768227656e-12, 1.18471332744e-09, -5.95260685188e-09, -1.99341002038e-10, 1.48986165627e-08, 9.46792599876e-09, 8.61919779993e-09, 1.44316389949e-08, 1.76748038427e-08, 8.92402169939e-08, 3.26627223046e-08, 3.46501956017e-08, 3.07507086461e-08, 3.48105260173e-08, 4.71266083935e-08, 2.47713902723e-08, 3.51754678718e-08, 2.05306189827e-08, 1.21146923604e-08, 6.95621737989e-09, 8.1612379077e-09, 8.07784505952e-09, 1.66391622702e-09, 3.38983480175e-10, 6.74851424742e-11, 1.07632858789e-12, 2.03516386008e-14], [-4.9226833547e-13, 5.32552668631e-10, -3.78731890294e-09, 6.68711419571e-10, 4.84644857579e-09, 4.59900073579e-09, 3.67970298676e-09, 7.1357888487e-09, 9.13866848862e-09, 3.26627223046e-08, 2.24121681214e-08, 1.69590226307e-08, 1.75481922327e-08, 1.72995147096e-08, 2.55265337756e-08, 1.28414301415e-08, 1.70355729523e-08, 9.70299307568e-09, 5.88257220713e-09, 3.24346793867e-09, 4.04527256137e-09, 3.97504162919e-09, 7.73807962151e-10, 1.63023580746e-10, 3.24414523023e-11, 4.96811630463e-13, 7.86886238813e-15], [-1.52496927846e-12, 2.80202500091e-10, -5.92588200732e-09, 5.30654908903e-10, 6.46852038599e-09, 6.17079187748e-09, 5.06986630455e-09, 8.82099904231e-09, 9.28956644941e-09, 3.46501956017e-08, 1.69590226307e-08, 2.63894914809e-08, 1.94062828029e-08, 1.80085866219e-08, 2.78265961384e-08, 1.42559688499e-08, 2.0493210684e-08, 9.7089722928e-09, 5.4712141484e-09, 3.16709569681e-09, 3.72410169369e-09, 3.69567487724e-09, 7.57979012889e-10, 1.63075219994e-10, 2.94404951806e-11, 5.41412834704e-13, 9.59151310351e-15], [8.78085649439e-14, 1.40341493982e-09, -3.43762840416e-09, 9.50153378199e-09, 9.68125757339e-09, 8.4826403679e-09, 6.50375842071e-09, 9.25912502225e-09, 9.27304366627e-09, 3.07507086461e-08, 1.75481922327e-08, 1.94062828029e-08, 3.45467299212e-08, 1.73513541313e-08, 2.45553444245e-08, 1.28950921052e-08, 1.83365500561e-08, 8.34788149717e-09, 5.00706764939e-09, 3.00363645067e-09, 3.23524562695e-09, 2.97704283447e-09, 6.05898164974e-10, 1.33178884587e-10, 2.49932644025e-11, 4.51331111156e-13, 8.34233601795e-15], [4.5283034592e-13, 1.07116371328e-09, -2.64817368034e-09, 1.51078927146e-09, 7.1902270804e-09, 6.88453072328e-09, 6.13143136263e-09, 9.05922714622e-09, 9.73777147806e-09, 3.48105260173e-08, 1.72995147096e-08, 1.80085866219e-08, 1.73513541313e-08, 2.40214514946e-08, 3.02709075584e-08, 1.53791894775e-08, 2.26455210139e-08, 1.12845750522e-08, 6.86594558985e-09, 3.68089225766e-09, 4.56240067948e-09, 4.27609014864e-09, 8.5169887809e-10, 1.88659685096e-10, 3.35725093559e-11, 6.23862506793e-13, 1.07814351522e-14], [-1.78079361153e-12, 1.37110017784e-10, -8.58174686869e-09, -2.37325692432e-09, 5.22507814793e-09, 6.66914568015e-09, 4.87207119093e-09, 1.25622889868e-08, 1.512289316e-08, 4.71266083935e-08, 2.55265337756e-08, 2.78265961384e-08, 2.45553444245e-08, 3.02709075584e-08, 5.81555283929e-08, 2.52510439225e-08, 3.52431435147e-08, 1.56214046143e-08, 9.2394625284e-09, 5.04275732283e-09, 6.46175513097e-09, 5.84953374627e-09, 1.13181475303e-09, 2.56717952452e-10, 4.75169799341e-11, 8.61675260224e-13, 1.19334228304e-14], [-1.99276477887e-14, 4.03162725426e-10, -1.64420099757e-09, 9.58159218634e-10, 5.52417223076e-09, 5.07642949898e-09, 3.49493856078e-09, 6.60062893232e-09, 7.80033548864e-09, 2.47713902723e-08, 1.28414301415e-08, 1.42559688499e-08, 1.28950921052e-08, 1.53791894775e-08, 2.52510439225e-08, 1.37288083124e-08, 1.87117716877e-08, 8.380237837e-09, 5.06506259157e-09, 2.71252331707e-09, 3.50422557638e-09, 3.1753482066e-09, 6.26899199219e-10, 1.40782926983e-10, 2.58391762847e-11, 4.79754311365e-13, 6.7820344135e-15], [-2.90521919672e-13, 6.41638964183e-10, -1.32929411922e-09, 1.04140895907e-09, 1.05840101128e-08, 8.91487683674e-09, 6.39150554704e-09, 1.07559365858e-08, 1.21115677487e-08, 3.51754678718e-08, 1.70355729523e-08, 2.0493210684e-08, 1.83365500561e-08, 2.26455210139e-08, 3.52431435147e-08, 1.87117716877e-08, 3.29150893208e-08, 1.32058017854e-08, 7.30879934352e-09, 3.99512023463e-09, 5.36960165221e-09, 4.79982187329e-09, 9.49174627785e-10, 2.28799840185e-10, 3.98765326315e-11, 8.0836856306e-13, 1.09755844211e-14], [4.45583836755e-13, 6.03711192149e-10, -2.79609696507e-10, 1.45135037322e-09, 4.99987873326e-09, 3.82167497648e-09, 3.1860798444e-09, 4.37989822188e-09, 5.06567499059e-09, 2.05306189827e-08, 9.70299307568e-09, 9.7089722928e-09, 8.34788149717e-09, 1.12845750522e-08, 1.56214046143e-08, 8.380237837e-09, 1.32058017854e-08, 7.93043319902e-09, 4.29138768965e-09, 2.34206209981e-09, 2.83485723784e-09, 2.82039591681e-09, 5.38104283354e-10, 1.18866597121e-10, 2.29276545666e-11, 3.82137816399e-13, 6.4776247483e-15], [5.03365253125e-13, 6.00925198491e-10, 7.92248211479e-10, 2.19517892752e-09, 3.88892384962e-09, 2.62124189021e-09, 2.0767345621e-09, 2.76345768491e-09, 3.09344994065e-09, 1.21146923604e-08, 5.88257220713e-09, 5.4712141484e-09, 5.00706764939e-09, 6.86594558985e-09, 9.2394625284e-09, 5.06506259157e-09, 7.30879934352e-09, 4.29138768965e-09, 2.95449931187e-09, 1.47936340955e-09, 1.7034750277e-09, 1.67376323912e-09, 3.15901665937e-10, 6.74041378268e-11, 1.30176806834e-11, 2.1841662051e-13, 3.82998017321e-15], [4.93442580633e-13, 3.9086128778e-10, 5.36000466234e-10, 1.82944726035e-09, 2.35929564774e-09, 1.91188798127e-09, 1.40421130279e-09, 1.65451652379e-09, 1.75624215171e-09, 6.95621737989e-09, 3.24346793867e-09, 3.16709569681e-09, 3.00363645067e-09, 3.68089225766e-09, 5.04275732283e-09, 2.71252331707e-09, 3.99512023463e-09, 2.34206209981e-09, 1.47936340955e-09, 9.54092693739e-10, 9.12756537019e-10, 9.20882259337e-10, 1.87273752061e-10, 3.78213640961e-11, 7.51847108876e-12, 1.20893122986e-13, 2.00301692685e-15], [1.87497288745e-13, 2.09919040484e-10, 2.3143485739e-10, 6.8930805508e-10, 2.04358774347e-09, 1.55345736275e-09, 1.14268572382e-09, 1.87870097257e-09, 2.27985874623e-09, 8.1612379077e-09, 4.04527256137e-09, 3.72410169369e-09, 3.23524562695e-09, 4.56240067948e-09, 6.46175513097e-09, 3.50422557638e-09, 5.36960165221e-09, 2.83485723784e-09, 1.7034750277e-09, 9.12756537019e-10, 1.22944554537e-09, 1.14016385222e-09, 2.14203807469e-10, 4.89566512329e-11, 9.36891363101e-12, 1.54912595338e-13, 2.69430550258e-15], [2.16075055526e-14, 1.77534750789e-10, 4.08719412481e-11, 3.53822943167e-10, 1.62985058783e-09, 1.2951925088e-09, 1.11201581277e-09, 1.6658928681e-09, 2.0311408111e-09, 8.07784505952e-09, 3.97504162919e-09, 3.69567487724e-09, 2.97704283447e-09, 4.27609014864e-09, 5.84953374627e-09, 3.1753482066e-09, 4.79982187329e-09, 2.82039591681e-09, 1.67376323912e-09, 9.20882259337e-10, 1.14016385222e-09, 1.18750087541e-09, 2.2238007269e-10, 4.79008256671e-11, 9.04225826159e-12, 1.46491000753e-13, 2.4803115223e-15], [9.8637096822e-15, 3.76085135256e-11, -2.28379086475e-11, 2.09931134976e-11, 3.20339588189e-10, 2.55688775708e-10, 2.31053606803e-10, 3.52787160596e-10, 4.10703637765e-10, 1.66391622702e-09, 7.73807962151e-10, 7.57979012889e-10, 6.05898164974e-10, 8.5169887809e-10, 1.13181475303e-09, 6.26899199219e-10, 9.49174627785e-10, 5.38104283354e-10, 3.15901665937e-10, 1.87273752061e-10, 2.14203807469e-10, 2.2238007269e-10, 4.68194510939e-11, 9.51327124715e-12, 1.78323436746e-12, 2.95941521072e-14, 4.67023632749e-16], [1.26639091263e-15, 7.32365123407e-12, 2.6997503625e-12, 1.16733150923e-11, 7.40257993792e-11, 6.31182398014e-11, 4.93727385364e-11, 8.08035374722e-11, 9.24314860762e-11, 3.38983480175e-10, 1.63023580746e-10, 1.63075219994e-10, 1.33178884587e-10, 1.88659685096e-10, 2.56717952452e-10, 1.40782926983e-10, 2.28799840185e-10, 1.18866597121e-10, 6.74041378268e-11, 3.78213640961e-11, 4.89566512329e-11, 4.79008256671e-11, 9.51327124715e-12, 2.13881473296e-12, 3.88848702586e-13, 6.74087369447e-15, 1.08233949409e-16], [8.89986093889e-16, 1.4803931735e-12, 2.13667530392e-13, 2.8123371687e-12, 1.40143530461e-11, 1.06459190422e-11, 8.06800893455e-12, 1.44637062743e-11, 1.68747377183e-11, 6.74851424742e-11, 3.24414523023e-11, 2.94404951806e-11, 2.49932644025e-11, 3.35725093559e-11, 4.75169799341e-11, 2.58391762847e-11, 3.98765326315e-11, 2.29276545666e-11, 1.30176806834e-11, 7.51847108876e-12, 9.36891363101e-12, 9.04225826159e-12, 1.78323436746e-12, 3.88848702586e-13, 7.95018551317e-14, 1.21496468366e-15, 1.95748602735e-17], [1.24716394963e-17, 2.88066147542e-14, 3.06995097746e-14, 7.70250630313e-14, 2.99495020797e-13, 2.45799420314e-13, 1.81263654802e-13, 2.8947750772e-13, 3.12208375472e-13, 1.07632858789e-12, 4.96811630463e-13, 5.41412834704e-13, 4.51331111156e-13, 6.23862506793e-13, 8.61675260224e-13, 4.79754311365e-13, 8.0836856306e-13, 3.82137816399e-13, 2.1841662051e-13, 1.20893122986e-13, 1.54912595338e-13, 1.46491000753e-13, 2.95941521072e-14, 6.74087369447e-15, 1.21496468366e-15, 2.27739415879e-17, 3.41185403652e-19], [2.22335033415e-19, 1.08868774134e-15, 1.84022481769e-15, 1.33612112124e-14, 8.29130397694e-15, 5.87294359737e-15, 4.75516419182e-15, 4.93864635127e-15, 4.54502505849e-15, 2.03516386008e-14, 7.86886238813e-15, 9.59151310351e-15, 8.34233601795e-15, 1.07814351522e-14, 1.19334228304e-14, 6.7820344135e-15, 1.09755844211e-14, 6.4776247483e-15, 3.82998017321e-15, 2.00301692685e-15, 2.69430550258e-15, 2.4803115223e-15, 4.67023632749e-16, 1.08233949409e-16, 1.95748602735e-17, 3.41185403652e-19, 2.47140176657e-20]]
    },
    "mfcc": {
        "kurt": [8.64369773865, 5.05865192413, 3.99378347397, 0.781308174133, 1.56735992432, 0.894995450974, 1.37292289734, 1.43086528778, 0.514305591583, 0.863401651382, 0.930616617203, 2.43427944183, 0.935391187668],
        "max": [-597.719482422, 188.744598389, 42.4676856995, 62.2635650635, 21.2360687256, 24.1604804993, 25.5129470825, 15.0607089996, 11.5143051147, 10.2930393219, 13.0841636658, 14.4607048035, 10.821144104],
        "mean": [-792.939086914, 152.037872314, -56.2373886108, 33.2613372803, -9.97038078308, 3.54744935036, 0.1708201617, -17.4303855896, -9.85727310181, -9.60318565369, -1.97741293907, -2.01437902451, -2.6034154892],
        "median": [-784.209472656, 163.677581787, -55.6080818176, 42.5094184875, -7.537109375, 3.70506668091, 3.95875930786, -18.7827682495, -10.0419769287, -9.24272918701, -1.33095169067, -0.635005950928, -2.45955657959],
        "min": [-1133.89343262, 6.1524772644, -125.707244873, -35.080696106, -54.8409500122, -24.492805481, -47.6931991577, -33.9695281982, -31.1185760498, -34.1963119507, -26.3548278809, -36.7329063416, -26.0531730652],
        "skew": [-2.47479939461, -2.2575981617, 0.621739029884, -1.44684505463, -1.29433131218, -0.376864612103, -1.40791845322, 1.07666051388, -0.0652047693729, -0.419977366924, -0.670397400856, -1.25789046288, -0.308993190527],
        "var": [5688.76171875, 932.984802246, 513.160339355, 518.170654297, 173.493118286, 46.3872375488, 176.453369141, 71.0765151978, 36.0081710815, 35.8476219177, 37.9040985107, 58.6238250732, 25.2913398743],
        "cov": [[5696.24658203, 1324.92700195, -1140.40881348, 389.287322998, -356.541748047, 164.364120483, -74.8014373779, -65.1073684692, -81.8442840576, -76.159576416, -14.4063796997, -36.4625091553, 5.71465539932], [1324.92700195, 934.212402344, -113.107757568, 470.837371826, 90.6598815918, 41.5517311096, 193.431930542, -134.434402466, -16.4146080017, -2.52959108353, 56.229183197, 98.4593734741, 23.1736660004], [-1140.40881348, -113.107757568, 513.835571289, 198.64352417, 216.353317261, 15.4132480621, 151.848739624, 31.1150550842, 46.3670005798, 56.6550827026, 40.1349983215, 71.1854705811, -0.241048112512], [389.287322998, 470.837371826, 198.64352417, 518.852478027, 204.572967529, 61.9145317078, 246.015197754, -47.3498458862, 24.9974975586, 43.9939231873, 69.1095428467, 114.209007263, 14.7092065811], [-356.541748047, 90.6598815918, 216.353317261, 204.572967529, 173.721405029, 31.1168327332, 137.112182617, 1.38688445091, 27.0005779266, 33.5773696899, 35.4185562134, 61.6122779846, 2.13004636765], [164.364120483, 41.5517311096, 15.4132480621, 61.9145317078, 31.1168327332, 46.4482727051, 38.7932281494, 13.400138855, 5.58428192139, 11.6070413589, 8.10264873505, 11.0286636353, 2.76383495331], [-74.8014373779, 193.431930542, 151.848739624, 246.015197754, 137.112182617, 38.7932281494, 176.685546875, -3.40244626999, 25.6681995392, 35.8389663696, 41.2503967285, 68.0991516113, 6.08049201965], [-65.1073684692, -134.434402466, 31.1150550842, -47.3498458862, 1.38688445091, 13.400138855, -3.40244626999, 71.1700363159, 22.0265426636, 13.0334348679, -5.20543146133, -13.1366214752, -6.87723207474], [-81.8442840576, -16.4146080017, 46.3670005798, 24.9974975586, 27.0005779266, 5.58428192139, 25.6681995392, 22.0265426636, 36.0555496216, 18.8086185455, 8.65693664551, 7.87358140945, -3.4734172821], [-76.159576416, -2.52959108353, 56.6550827026, 43.9939231873, 33.5773696899, 11.6070413589, 35.8389663696, 13.0334348679, 18.8086185455, 35.8947868347, 19.1612205505, 15.486823082, 1.15334999561], [-14.4063796997, 56.229183197, 40.1349983215, 69.1095428467, 35.4185562134, 8.10264873505, 41.2503967285, -5.20543146133, 8.65693664551, 19.1612205505, 37.9539718628, 29.026227951, 1.58926951885], [-36.4625091553, 98.4593734741, 71.1854705811, 114.209007263, 61.6122779846, 11.0286636353, 68.0991516113, -13.1366214752, 7.87358140945, 15.486823082, 29.026227951, 58.7009620667, 13.0055961609], [5.71465539932, 23.1736660004, -0.241048112512, 14.7092065811, 2.13004636765, 2.76383495331, 6.08049201965, -6.87723207474, -3.4734172821, 1.15334999561, 1.58926951885, 13.0055961609, 25.3246173859]]
    },
    "sccoeffs": {
        "kurt": [1.40030431747, -0.200037479401, 1.68303871155, 1.00545787811, 1.49250459671, 5.5693321228],
        "max": [-0.422089785337, -0.641082465649, -0.64162749052, -0.712912976742, -0.720229804516, -0.682500422001],
        "mean": [-0.652130484581, -0.784623920918, -0.836499869823, -0.810998797417, -0.834214866161, -0.753537774086],
        "median": [-0.649594068527, -0.784411728382, -0.841278672218, -0.809227406979, -0.836750686169, -0.751507639885],
        "min": [-0.902816712856, -0.925430715084, -0.939804852009, -0.918785274029, -0.912029385567, -0.878471791744],
        "skew": [-0.487648844719, -0.104888223112, 0.770451545715, -0.352326065302, 0.50903737545, -1.73986721039],
        "var": [0.00388778722845, 0.00243964930996, 0.00145427940879, 0.000949574750848, 0.000729648862034, 0.000729769759346],
        "cov": [[0.00389290275052, 0.000911235867534, 0.000586875597946, 0.000628166773822, 0.000586274662055, 0.000807681528386], [0.000911235867534, 0.00244285934605, 7.95357700554e-05, 0.000282927998342, 8.52399753057e-05, 0.000347861379851], [0.000586875597946, 7.95357700554e-05, 0.00145619292744, 0.000402882578783, 0.000528834818397, 0.000467202538857], [0.000628166773822, 0.000282927998342, 0.000402882578783, 0.00095082417829, 0.000335389573593, 0.000436883448856], [0.000586274662055, 8.52399753057e-05, 0.000528834818397, 0.000335389573593, 0.000730608939193, 0.000479993381305], [0.000807681528386, 0.000347861379851, 0.000467202538857, 0.000436883448856, 0.000479993381305, 0.00073072995292]]
    },
    "scvalleys": {
        "kurt": [1.88867807388, 8.89912223816, 7.80837917328, 9.53872299194, 9.21930885315, 5.40588855743],
        "max": [-5.82609605789, -5.13289785385, -4.78916883469, -5.28880310059, -6.39553451538, -8.59666919708],
        "mean": [-7.46653842926, -6.65592002869, -7.08008337021, -7.22871112823, -8.06281471252, -11.4081926346],
        "median": [-7.07430076599, -6.48428583145, -7.01354694366, -7.12482357025, -7.90067005157, -11.4297637939],
        "min": [-11.933836937, -11.6083431244, -11.7614688873, -11.9947271347, -11.7900905609, -14.4017457962],
        "skew": [-1.62806630135, -2.74381184578, -2.18585944176, -2.70177483559, -2.84707403183, -0.405417382717],
        "var": [1.30996727943, 0.793394386768, 0.818624854088, 0.822436869144, 0.66301625967, 0.552939176559],
        "cov": [[1.31169092655, 0.614736676216, 0.403934031725, 0.471348643303, 0.644595086575, 0.351172447205], [0.614736676216, 0.794438302517, 0.678711473942, 0.704499959946, 0.634237170219, 0.493831723928], [0.403934031725, 0.678711473942, 0.819701969624, 0.776459276676, 0.63500225544, 0.580955922604], [0.471348643303, 0.704499959946, 0.776459276676, 0.82351899147, 0.668695926666, 0.589199542999], [0.644595086575, 0.634237170219, 0.63500225544, 0.668695926666, 0.663888633251, 0.528252661228], [0.351172447205, 0.493831723928, 0.580955922604, 0.589199542999, 0.528252661228, 0.553666710854]]
    }
},
"rhythm": {
    "beats_loudness": {
        "kurt": 12.4748344421,
        "max": 0.0184893496335,
        "mean": 0.00270434259437,
        "median": 0.00160686951131,
        "min": 2.30266814469e-05,
        "skew": 3.49304986,
        "var": 1.14715185191e-05
    },
    "bpm": 92.5902252197,
    "confidence": 0.78350764513,
    "first_peak_bpm": {
        "kurt": 0,
        "max": 92,
        "mean": 92,
        "median": 92,
        "min": 92,
        "skew": 0,
        "var": 0
    },
    "first_peak_spread": {
        "kurt": 0,
        "max": 0.181818187237,
        "mean": 0.181818187237,
        "median": 0.181818187237,
        "min": 0.181818187237,
        "skew": 0,
        "var": 0
    },
    "first_peak_weight": {
        "kurt": 0,
        "max": 0.28125,
        "mean": 0.28125,
        "median": 0.28125,
        "min": 0.28125,
        "skew": 0,
        "var": 0
    },
    "onset_rate": 0.850083291531,
    "second_peak_bpm": {
        "kurt": 0,
        "max": 108,
        "mean": 108,
        "median": 108,
        "min": 108,
        "skew": 0,
        "var": 0
    },
    "second_peak_spread": {
        "kurt": 0,
        "max": 0.428571403027,
        "mean": 0.428571403027,
        "median": 0.428571403027,
        "min": 0.428571403027,
        "skew": 0,
        "var": 0
    },
    "second_peak_weight": {
        "kurt": 0,
        "max": 0.125,
        "mean": 0.125,
        "median": 0.125,
        "min": 0.125,
        "skew": 0,
        "var": 0
    },
    "beats_loudness_band_ratio": {
        "kurt": [-1.05681550503, -0.0750160217285, 0.641288280487, -0.429846763611, 0.754686117172, 1.57274723053],
        "max": [0.673395931721, 0.389663696289, 0.430946499109, 0.484702676535, 0.368312776089, 0.095924012363],
        "mean": [0.293671905994, 0.182301193476, 0.182181462646, 0.229017347097, 0.130074009299, 0.0361509732902],
        "median": [0.291135519743, 0.173005253077, 0.151420488954, 0.196282893419, 0.101845651865, 0.0379556342959],
        "min": [0.00115824874956, 0.0319997929037, 0.0682552307844, 0.09358420223, 0.0307220257819, 0.00661029154435],
        "skew": [-0.0883500128984, 0.374158710241, 1.11961221695, 0.823236227036, 1.35101807117, 0.94947463274],
        "var": [0.040115762502, 0.00673696957529, 0.00781173957512, 0.0127089526504, 0.00839381292462, 0.000326140667312],
        "cov": [[0.0413693785667, 0.00619498547167, -0.0113409049809, -0.0201195515692, -0.0150678707287, -0.000736408983357], [0.00619498547167, 0.00694749969989, -0.00229233386926, -0.00465007545426, -0.00496282335371, -0.000214703235542], [-0.0113409049809, -0.00229233386926, 0.00805585645139, 0.00349563895725, 0.00254061212763, -0.000468125741463], [-0.0201195515692, -0.00465007545426, 0.00349563895725, 0.0131061077118, 0.00778884766623, 0.000315687124385], [-0.0150678707287, -0.00496282335371, 0.00254061212763, 0.00778884766623, 0.00865611992776, 0.000755293935072], [-0.000736408983357, -0.000214703235542, -0.000468125741463, 0.000315687124385, 0.000755293935072, 0.000336332566803]]
    },
    "beats_position": [0.325079351664, 0.708208620548, 1.10294783115, 1.48607707024, 1.86920630932, 2.26394557953, 2.65868473053, 3.03020405769, 3.39011335373, 3.76163268089, 4.13315200806, 4.57433080673, 5.01551008224, 5.45668935776, 5.90947818756, 6.47836732864, 7.03564596176, 7.59292507172, 8.15020370483, 8.70748329163, 9.27637195587, 9.84526062012, 10.4954195023, 11.1339683533, 11.7725172043, 12.4226751328, 13.0728340149, 13.722992897, 14.3731517792, 15.0233106613, 15.6734695435, 16.3236274719, 16.9737873077],
    "bpm_estimates": [92.2851333618, 93.9630508423, 93.9630508423, 92.2852706909, 92.2851333618, 92.2851333618, 92.2851333618, 92.2851333618, 92.2851333618, 92.2852706909, 92.2849960327],
    "bpm_intervals": [0.383129268885, 0.394739210606, 0.383129239082, 0.383129239082, 0.39473927021, 0.394739151001, 0.371519327164, 0.359909296036, 0.371519327164, 0.371519327164, 0.441178798676, 0.441179275513, 0.441179275513, 0.452788829803, 0.568889141083, 0.557278633118, 0.557279109955, 0.557278633118, 0.557279586792, 0.568888664246, 0.568888664246, 0.650158882141, 0.638548851013, 0.638548851013, 0.650157928467, 0.650158882141, 0.650158882141, 0.650158882141, 0.650158882141, 0.650158882141, 0.650157928467, 0.650159835815],
    "onset_times": [0.174149662256, 0.27863946557, 0.603718817234, 0.870748281479, 1.06811785698, 1.25387752056, 1.43963718414, 1.62539684772, 1.81115651131, 1.97369611263, 2.15945577621, 2.33360552788, 2.47292518616, 2.61224484444, 2.90249443054],
    "histogram": [[0, 0, 0, 0, 0, 0, 0, 0, 0, 0, 0, 0, 0, 0, 0, 0, 0, 0, 0, 0, 0, 0, 0, 0, 0, 0, 0, 0, 0, 0, 0, 0, 0, 0, 0, 0, 0, 0, 0, 0, 0, 0, 0, 0, 0, 0, 0, 0, 0, 0, 0, 0, 0, 0, 0, 0, 0, 0, 0, 0, 0, 0, 0, 0, 0, 0, 0, 0, 0, 0, 0, 0, 0, 0, 0, 0, 0, 0, 0, 0, 0, 0, 0, 0, 0, 0, 0, 0, 0, 0, 0, 0, 0.28125, 0, 0.0625, 0, 0, 0, 0, 0, 0, 0, 0, 0, 0, 0.09375, 0, 0, 0.125, 0, 0, 0, 0, 0, 0, 0, 0, 0, 0, 0, 0, 0, 0, 0, 0, 0, 0, 0, 0, 0, 0, 0, 0, 0.03125, 0, 0, 0.09375, 0, 0, 0, 0, 0, 0, 0, 0, 0, 0, 0, 0, 0, 0, 0, 0.09375, 0, 0, 0, 0, 0.09375, 0, 0, 0, 0.09375, 0, 0, 0, 0, 0, 0.03125, 0, 0, 0, 0, 0, 0, 0, 0, 0, 0, 0, 0, 0, 0, 0, 0, 0, 0, 0, 0, 0, 0, 0, 0, 0, 0, 0, 0, 0, 0, 0, 0, 0, 0, 0, 0, 0, 0, 0, 0, 0, 0, 0, 0, 0, 0, 0, 0, 0, 0, 0, 0, 0, 0, 0, 0, 0, 0, 0, 0, 0, 0, 0, 0, 0, 0, 0, 0, 0, 0, 0, 0, 0, 0, 0, 0, 0, 0, 0, 0, 0, 0]]
},
"sfx": {
    "inharmonicity": {
        "kurt": 0.0546734333038,
        "max": 0.388359248638,
        "mean": 0.124799631536,
        "median": 0.11634811759,
        "min": 0,
        "skew": 0.569052219391,
        "var": 0.00507570523769
    },
    "oddtoevenharmonicenergyratio": {
        "kurt": 348.625152588,
        "max": 43.9074859619,
        "mean": 0.827673196793,
        "median": 0.479671508074,
        "min": 0,
        "skew": 16.727180481,
        "var": 3.67076778412
    },
    "pitch_after_max_to_before_max_energy_ratio": 0.119069218636,
    "pitch_centroid": 354.312225342,
    "pitch_max_to_total": 0.998685956001,
    "pitch_min_to_total": 0.5098554492,
    "tristimulus": {
        "kurt": [3.7357339859, 1.88491344452, 0.803457975388],
        "max": [1, 0.853402197361, 0.938931584358],
        "mean": [0.221082046628, 0.316310822964, 0.462607115507],
        "median": [0.220053195953, 0.30300077796, 0.464500308037],
        "min": [0, 0, 0],
        "skew": [0.999545812607, 0.819411277771, -0.295751720667],
        "var": [0.0183904208243, 0.0150977810845, 0.0302699487656],
        "cov": [[0.0184146184474, -0.00161122332793, -0.0168033726513], [-0.00161122332793, 0.015117646195, -0.0135064050555], [-0.0168033726513, -0.0135064050555, 0.0303097777069]]
    }
},
"tonal": {
    "chords_changes_rate": 0.0603674538434,
    "chords_number_rate": 0.0209973752499,
    "chords_strength": {
        "kurt": -0.819926023483,
        "max": 0.681753098965,
        "mean": 0.530127108097,
        "median": 0.565762937069,
        "min": 0.31929692626,
        "skew": -0.61958116293,
        "var": 0.00880151614547
    },
    "key_strength": 0.499632418156,
    "tuning_diatonic_strength": 0.645656168461,
    "tuning_equal_tempered_deviation": 0.190785616636,
    "tuning_frequency": 449.245300293,
    "tuning_nontempered_energy_ratio": 0.871786653996,
    "hpcp": {
        "kurt": [3.7837266922, 3.75750827789, 2.52111768723, 0.0697772502899, -0.119987487793, 1.8967628479, 1.40552282333, -0.928919553757, -1.55836772919, -0.902466535568, 1.92063188553, 6.36390590668, 7.85981655121, 5.30102157593, 5.3904542923, 4.16341876984, 4.56151151657, 4.73428058624, 6.85675239563, 5.00039577484, 4.54697227478, 3.82878684998, 3.99779081345, 3.33169221878, 2.67327928543, 4.93728351593, 6.97529983521, 6.49910259247, 4.62865257263, 2.95215415955, 3.40442895889, 3.34875106812, 3.06813907623, 1.07636022568, 1.60123538971, 2.34227180481],
        "max": [1, 1, 1, 1, 1, 1, 1, 1, 1, 1, 1, 1, 1, 0.971474468708, 1, 1, 1, 1, 1, 1, 1, 1, 1, 1, 0.882142305374, 1, 1, 1, 1, 1, 1, 1, 1, 1, 1, 0.994491577148],
