{
"metadata": {
    "version": {
        "essentia": "2.1-beta3"
    }
},
"lowLevel": {
    "average_loudness": 0.984903275967,
    "barkbands_kurtosis": {
        "kurt": -0.0230193138123,
        "max": 92.9201278687,
        "mean": 37.070766449,
        "median": 36.0412940979,
        "min": -1.52462673187,
        "skew": 0.158262968063,
        "var": 344.887451172
    },
    "barkbands_skewness": {
        "kurt": 3.79149723053,
        "max": 7.70661306381,
        "mean": 4.82341957092,
        "median": 5.04470300674,
        "min": -1.75133216381,
        "skew": -1.61498916149,
        "var": 2.29388856888
    },
    "barkbands_spread": {
        "kurt": 16.5395526886,
        "max": 53.4343795776,
        "mean": 4.92864704132,
        "median": 2.99351549149,
        "min": 1.09003281593,
        "skew": 4.00783443451,
        "var": 47.8023223877
    },
    "dissonance": {
        "kurt": 1.13647270203,
        "max": 0.49997279048,
        "mean": 0.463133394718,
        "median": 0.46904066205,
        "min": 0.364176124334,
        "skew": -1.10096597672,
        "var": 0.0006120352773
    },
    "hfc": {
        "kurt": 650.223937988,
        "max": 4.50754308701,
        "mean": 0.0610809065402,
        "median": 0.0495513342321,
        "min": 1.13399156322e-16,
        "skew": 24.5602760315,
        "var": 0.0270711556077
    },
    "pitch": {
        "kurt": 50.0159492493,
        "max": 1661.89489746,
        "mean": 148.133865356,
        "median": 131.539505005,
        "min": 43.0243911743,
        "skew": 6.64801740646,
        "var": 21261.2988281
    },
    "pitch_instantaneous_confidence": {
        "kurt": -0.662562608719,
        "max": 0.697718143463,
        "mean": 0.37770435214,
        "median": 0.37282294035,
        "min": 0.130176723003,
        "skew": 0.187142536044,
        "var": 0.0130078885704
    },
    "pitch_salience": {
        "kurt": 1.66599082947,
        "max": 0.81608080864,
        "mean": 0.388583302498,
        "median": 0.380125701427,
        "min": 0.151144132018,
        "skew": 0.91865581274,
        "var": 0.0124664269388
    },
    "silence_rate_20dB": {
        "kurt": 0,
        "max": 1,
        "mean": 1,
        "median": 1,
        "min": 1,
        "skew": 0,
        "var": 0
    },
    "silence_rate_30dB": {
        "kurt": 0,
        "max": 1,
        "mean": 1,
        "median": 1,
        "min": 1,
        "skew": 0,
        "var": 0
    },
    "silence_rate_60dB": {
        "kurt": 0,
        "max": 1,
        "mean": 1,
        "median": 1,
        "min": 1,
        "skew": 0,
        "var": 0
    },
    "spectral_centroid": {
        "kurt": 260.343688965,
        "max": 11609.7451172,
        "mean": 238.804214478,
        "median": 143.115829468,
        "min": 109.021728516,
        "skew": 13.438990593,
        "var": 281021.53125
    },
    "spectral_complexity": {
        "kurt": 1.74099349976,
        "max": 5,
        "mean": 1.17661392689,
        "median": 1,
        "min": 0,
        "skew": 0.311921656132,
        "var": 0.342739611864
    },
    "spectral_crest": {
        "kurt": 1.45945119858,
        "max": 23.641960144,
        "mean": 13.0032949448,
        "median": 12.9560184479,
        "min": 2.70758295059,
        "skew": -0.137283787131,
        "var": 9.37528514862
    },
    "spectral_decrease": {
        "kurt": 0.75590801239,
        "max": 1.0462728775e-29,
        "mean": -9.4194541056e-11,
        "median": -9.00644836488e-11,
        "min": -2.92845775407e-10,
        "skew": -0.47763517499,
        "var": 2.12276719115e-21
    },
    "spectral_energy": {
        "kurt": 2.28885984421,
        "max": 0.00151411641855,
        "mean": 0.000361051701475,
        "median": 0.000345407053828,
        "min": 1.02461529618e-20,
        "skew": 0.688874840736,
        "var": 3.17641095648e-08
    },
    "spectral_energyband_high": {
        "kurt": 661.119750977,
        "max": 0.000329139147652,
        "mean": 1.24149482872e-06,
        "median": 4.10707031051e-07,
        "min": 7.21344630323e-21,
        "skew": 24.8947544098,
        "var": 1.46026871151e-10
    },
    "spectral_energyband_low": {
        "kurt": 0.414009332657,
        "max": 0.00102345936466,
        "mean": 0.000331346527673,
        "median": 0.000312211515848,
        "min": 6.49704958016e-23,
        "skew": 0.440289527178,
        "var": 2.88019350592e-08
    },
    "spectral_energyband_middle_high": {
        "kurt": 636.311096191,
        "max": 0.00112178758718,
        "mean": 8.07296237326e-06,
        "median": 4.88820069222e-06,
        "min": 1.6353005281e-21,
        "skew": 24.2740001678,
        "var": 1.71815539574e-09
    },
    "spectral_energyband_middle_low": {
        "kurt": 1.74197006226,
        "max": 0.000389416672988,
        "mean": 7.69353064243e-05,
        "median": 6.61560916342e-05,
        "min": 2.92937299863e-22,
        "skew": 1.07804191113,
        "var": 2.92908075572e-09
    },
    "spectral_flatness_db": {
        "kurt": 4.57088375092,
        "max": 0.347410559654,
        "mean": 0.269618600607,
        "median": 0.278698801994,
        "min": 0.0670699551702,
        "skew": -1.92443871498,
        "var": 0.00247063860297
    },
    "spectral_flux": {
        "kurt": 1.71762990952,
        "max": 0.030016457662,
        "mean": 0.00925204716623,
        "median": 0.00899266730994,
        "min": 1.01223279758e-10,
        "skew": 0.375407248735,
        "var": 1.39063058668e-05
    },
    "spectral_kurtosis": {
        "kurt": 0.38237452507,
        "max": 22.4823665619,
        "mean": 10.9814033508,
        "median": 10.9646883011,
        "min": -1.19816493988,
        "skew": -0.270189076662,
        "var": 12.4767656326
    },
    "spectral_rms": {
        "kurt": 2.55202865601,
        "max": 0.00121539575048,
        "mean": 0.000568309682421,
        "median": 0.000580501917284,
        "min": 3.16168423907e-12,
        "skew": -1.00847434998,
        "var": 2.92696960003e-08
    },
    "spectral_rolloff": {
        "kurt": 184.818466187,
        "max": 18798.4863281,
        "mean": 325.491516113,
        "median": 150.732421875,
        "min": 86.1328125,
        "skew": 10.9117279053,
        "var": 883048.625
    },
    "spectral_skewness": {
        "kurt": 2.85003328323,
        "max": 4.00530815125,
        "mean": 2.85896897316,
        "median": 2.92339015007,
        "min": -0.0426023080945,
        "skew": -1.35243678093,
        "var": 0.253592997789
    },
    "spectral_spread": {
        "kurt": 450.442565918,
        "max": 40591548,
        "mean": 4335858.5,
        "median": 4156726.75,
        "min": 2707797.75,
        "skew": 18.5310611725,
        "var": 2.15571968819e+12
    },
    "spectral_strongpeak": {
        "kurt": 17.1024856567,
        "max": 0.293503075838,
        "mean": 0.0425113812089,
        "median": 0.0390252992511,
        "min": 1.62958002647e-09,
        "skew": 2.79028439522,
        "var": 0.000695591967087
    },
    "zerocrossingrate": {
        "kurt": 125.718261719,
        "max": 0.49609375,
        "mean": 0.0174544192851,
        "median": 0.01171875,
        "min": 0.00439453125,
        "skew": 9.29036045074,
        "var": 0.000800384907052
    },
    "barkbands": {
        "kurt": [1.92713928223, 5.55368995667, 0.502645015717, 1.5920381546, 41.6917610168, 6.98674678802, 27.0467414856, 386.531860352, 13.4006347656, 97.4844207764, 385.372192383, 176.260391235, 447.375, 357.89151001, 550.19317627, 744.856628418, 599.392333984, 665.620666504, 622.284301758, 651.73046875, 709.532470703, 639.793029785, 565.751586914, 765.834594727, 699.534362793, 684.284423828, 242.654541016],
        "max": [9.41982852964e-06, 0.000681471836288, 0.000489934580401, 0.000363957224181, 5.15462197654e-05, 3.35277968588e-06, 3.024588068e-06, 3.92465371988e-05, 2.65901871899e-05, 3.58282741217e-05, 4.0584596718e-05, 3.09063179884e-05, 6.34737007204e-05, 4.43157332484e-05, 6.97109280736e-05, 0.000162305252161, 0.000241942267166, 0.000176227142219, 0.000146275444422, 0.00022317233379, 0.000164647848578, 4.76614804938e-05, 9.24050164031e-06, 9.72950419964e-06, 2.44969760388e-06, 9.81901919772e-08, 6.29614693715e-10],
        "mean": [2.53128882832e-06, 0.000137843977427, 0.000134792528115, 6.65252809995e-05, 4.63974902232e-06, 5.91793650528e-07, 3.31920006147e-07, 1.09501354473e-06, 3.01193426822e-06, 1.83450924851e-06, 1.29541251681e-06, 1.24334326301e-06, 5.91066168454e-07, 4.63222534108e-07, 3.49617465645e-07, 4.15331641079e-07, 7.12672715508e-07, 5.69598910261e-07, 6.17705154582e-07, 7.1625640885e-07, 5.97906762323e-07, 1.88130982792e-07, 4.90872693604e-08, 3.10736361087e-08, 1.3354831907e-08, 5.53775914014e-10, 1.90967259367e-11],
        "median": [2.75877027889e-06, 0.00012023531599, 0.000107613661385, 5.46554911125e-05, 3.94712014895e-06, 4.85858947741e-07, 2.77234022406e-07, 8.56414544614e-07, 2.46034369411e-06, 1.39550809308e-06, 1.07347045741e-06, 9.97935558189e-07, 2.95997523381e-07, 2.47120055974e-07, 1.33625661647e-07, 9.07187995836e-08, 1.6127195579e-07, 1.55170113203e-07, 2.18451759793e-07, 2.05080823434e-07, 1.90353375729e-07, 6.0486719633e-08, 2.20484590585e-08, 1.12126157248e-08, 7.56184448392e-09, 3.22986887236e-10, 1.09480766466e-11],
        "min": [3.01046108392e-23, 2.88242643465e-23, 7.37974485897e-24, 4.58296852378e-23, 2.18174850349e-23, 5.39785836789e-23, 1.38981040965e-23, 5.8642581786e-23, 9.38869054127e-23, 8.26983839089e-23, 1.17295387209e-22, 1.09042917642e-22, 1.25100717794e-22, 1.02986232939e-22, 8.16928891773e-23, 2.19474230478e-22, 2.5478609322e-22, 1.82872409762e-22, 2.51659200053e-22, 3.00559084602e-22, 2.98491991351e-22, 5.64523252599e-22, 3.48983986534e-22, 8.15930269598e-22, 1.31094838885e-21, 1.67618073909e-21, 2.31062523969e-21],
        "skew": [-0.519877851009, 1.5846105814, 1.03261053562, 1.13195991516, 4.31137514114, 2.04134011269, 3.85925984383, 16.9300384521, 2.49303078651, 7.86153316498, 16.7267818451, 11.3866901398, 19.2117557526, 17.3444061279, 22.2702236176, 26.8312187195, 23.6027393341, 25.0575466156, 23.9946136475, 24.8113498688, 25.9552536011, 24.3772182465, 22.8486003876, 27.3368225098, 25.77917099, 25.438911438, 12.1223373413],
        "var": [1.17750384096e-12, 8.24207280203e-09, 9.76413705445e-09, 2.8844202582e-09, 1.47601392914e-11, 1.98010932737e-13, 7.5889652635e-14, 2.58656702827e-12, 5.81171005418e-12, 4.6128704155e-12, 2.73895272782e-12, 2.62718037429e-12, 6.5438253774e-12, 3.65672639738e-12, 7.20820365202e-12, 3.34560226745e-11, 8.34294300311e-11, 4.17851100942e-11, 2.97564022034e-11, 6.78529732401e-11, 3.52075070487e-11, 3.11388675261e-12, 1.25403878362e-13, 1.18403442433e-13, 7.82657511527e-15, 1.27141316288e-17, 8.32880504936e-22],
        "cov": [[1.17893986674e-12, -4.68284048691e-12, 1.77153712706e-12, 1.14037364621e-11, 3.2241342842e-13, -7.5375374887e-14, -3.64195097149e-14, -5.37925959202e-14, 8.69444002471e-13, 4.07954811425e-13, 1.59253998335e-13, -8.0938287485e-14, -5.24505514975e-13, -3.51674879539e-13, -3.93191311758e-13, -7.24560060388e-13, -1.2839338967e-12, -8.69449640322e-13, -7.81692473337e-13, -1.14495088757e-12, -8.13928893902e-13, -2.5674435993e-13, -4.56827467293e-14, -3.58077079815e-14, -9.5895615396e-15, -3.61869230438e-16, 1.03406022859e-19], [-4.68284048691e-12, 8.25212431721e-09, 2.75074141243e-09, -6.02242367087e-10, 2.0271942458e-10, 1.68860637279e-11, 7.36997442241e-12, 4.20144995184e-12, 3.67349865804e-11, 2.62246613314e-11, 1.16253803459e-11, 3.75574441339e-12, -1.7258635493e-11, -7.32814676996e-12, -1.56609517021e-11, -3.57739740608e-11, -6.38417999022e-11, -3.95521566887e-11, -3.03376317123e-11, -4.85661892646e-11, -2.89885702248e-11, -9.93150613832e-12, -1.96573746863e-12, -1.6520089333e-12, -4.19859161544e-13, -1.86025392817e-14, 1.27675237075e-19], [1.77153712706e-12, 2.75074141243e-09, 9.77604397434e-09, 2.32737717987e-09, 4.55087495466e-11, 1.34065996152e-11, 2.76523920949e-12, 1.50043356646e-12, -2.01936783267e-11, -4.28064620426e-13, -1.02557250886e-11, -1.61225512108e-11, -3.04483625813e-11, -2.1067411704e-11, -2.41433661258e-11, -4.00842518899e-11, -6.84194645384e-11, -4.85497961278e-11, -4.24917774577e-11, -5.9851047729e-11, -4.49056382357e-11, -1.39092617632e-11, -2.82485775223e-12, -2.19501391889e-12, -5.77262196377e-13, -2.24724651051e-14, -6.42905683202e-17], [1.14037364621e-11, -6.02242367087e-10, 2.32737717987e-09, 2.88793788883e-09, 3.06851852955e-12, 9.77360987281e-13, -1.38538364266e-13, -1.80721919634e-12, -2.16202750147e-12, -2.12918400901e-13, -6.47026572945e-12, -1.16742700576e-11, -1.63244539414e-11, -1.17043579689e-11, -1.25564697528e-11, -2.00863579242e-11, -3.39106139002e-11, -2.4508459498e-11, -2.18132768792e-11, -3.02917274597e-11, -2.27688649185e-11, -7.09211552333e-12, -1.38876117637e-12, -1.10519991596e-12, -3.03831043441e-13, -1.15557367684e-14, -7.30133202285e-17], [3.2241342842e-13, 2.0271942458e-10, 4.55087495466e-11, 3.06851852955e-12, 1.47781405169e-11, 5.35769508186e-13, 1.85596682337e-13, 4.59354776439e-15, 2.0727484399e-12, 9.82702959805e-13, 6.75156382624e-13, 3.50354700763e-13, -3.60881924387e-13, -1.72691247695e-13, -2.59048370862e-13, -7.12559460221e-13, -1.55259886978e-12, -8.30478481123e-13, -3.71309347201e-13, -1.15067916133e-12, -2.71866432361e-13, -1.64286539559e-13, -2.57853888388e-14, -2.54435941039e-14, -3.32287488845e-15, -2.46184408647e-16, 2.71372626572e-18], [-7.5375374887e-14, 1.68860637279e-11, 1.34065996152e-11, 9.77360987281e-13, 5.35769508186e-13, 1.98252411666e-13, 3.93090067604e-14, 9.7007776432e-14, 8.13490713594e-14, 9.80988090781e-14, 8.50520283542e-14, 8.564569003e-14, 1.03652390761e-13, 3.91852586349e-14, 3.20106320736e-14, 5.46346279849e-14, 8.62480592045e-14, 6.89186324654e-14, 7.06634525741e-14, 1.04010509515e-13, 7.90165797918e-14, 2.30744937724e-14, 5.25271007449e-15, 3.56975301708e-15, 1.2951866447e-15, 5.25941385058e-17, 1.04543438852e-18], [-3.64195097149e-14, 7.36997442241e-12, 2.76523920949e-12, -1.38538364266e-13, 1.85596682337e-13, 3.93090067604e-14, 7.59822028429e-14, 1.27911732855e-13, 1.06310048113e-13, 1.6068518586e-13, 8.58764624624e-14, 1.40183668168e-13, 1.68224700663e-13, 1.46397691604e-13, 1.77037638022e-13, 2.62502828719e-13, 5.62254561486e-13, 3.72069345819e-13, 3.40423083603e-13, 4.97324620721e-13, 3.02030644418e-13, 1.07282157333e-13, 2.47203770447e-14, 1.47029385059e-14, 4.76953283522e-15, 1.93511863345e-16, 1.36937806534e-18], [-5.37925959202e-14, 4.20144995184e-12, 1.50043356646e-12, -1.80721919634e-12, 4.59354776439e-15, 9.7007776432e-14, 1.27911732855e-13, 2.58972140607e-12, 1.59802086928e-12, 8.69773708351e-13, 2.0814248762e-12, 1.94197956327e-12, 3.40582249903e-12, 2.48613998312e-12, 3.69577935963e-12, 8.00109718063e-12, 1.26678936438e-11, 9.05296324016e-12, 7.61715777259e-12, 1.15897274416e-11, 8.24491169782e-12, 2.46288276232e-12, 4.9524311518e-13, 4.74215230886e-13, 1.23984915217e-13, 4.97384395836e-15, 3.1525967418e-17], [8.69444002471e-13, 3.67349865804e-11, -2.01936783267e-11, -2.16202750147e-12, 2.0727484399e-12, 8.13490713594e-14, 1.06310048113e-13, 1.59802086928e-12, 5.81879726694e-12, 1.64337553982e-12, 1.81964903215e-12, 1.54510865907e-12, 2.14765379959e-12, 1.58470122875e-12, 2.29711171959e-12, 4.91288476914e-12, 7.6726194842e-12, 5.57782119104e-12, 4.72993085671e-12, 7.08319210577e-12, 5.10412675667e-12, 1.51766956207e-12, 3.12575892903e-13, 3.01577529225e-13, 7.88110150599e-14, 3.19324030752e-15, 2.50150733067e-17], [4.07954811425e-13, 2.62246613314e-11, -4.28064620426e-13, -2.12918400901e-13, 9.82702959805e-13, 9.80988090781e-14, 1.6068518586e-13, 8.69773708351e-13, 1.64337553982e-12, 4.61849569006e-12, 1.44224725478e-12, 1.03234348153e-12, 1.12586155676e-12, 7.95893787073e-13, 1.08763985231e-12, 2.22453847877e-12, 3.2044599179e-12, 2.51844508789e-12, 2.3737927856e-12, 3.05014802478e-12, 2.58375265627e-12, 7.24424860377e-13, 1.61950029667e-13, 1.44765791152e-13, 3.7910748488e-14, 1.46638735581e-15, 1.38409079602e-17], [1.59253998335e-13, 1.16253803459e-11, -1.02557250886e-11, -6.47026572945e-12, 6.75156382624e-13, 8.50520283542e-14, 8.58764624624e-14, 2.0814248762e-12, 1.81964903215e-12, 1.44224725478e-12, 2.74229293787e-12, 1.94045907814e-12, 3.53517952759e-12, 2.36893209042e-12, 3.57224471358e-12, 7.99958103231e-12, 1.19875090757e-11, 8.78082936223e-12, 7.4385211532e-12, 1.10984476817e-11, 8.30911468103e-12, 2.41330805166e-12, 4.75444390888e-13, 4.84085319573e-13, 1.23221270969e-13, 4.88427615342e-15, 3.29738445099e-17], [-8.0938287485e-14, 3.75574441339e-12, -1.61225512108e-11, -1.16742700576e-11, 3.50354700763e-13, 8.564569003e-14, 1.40183668168e-13, 1.94197956327e-12, 1.54510865907e-12, 1.03234348153e-12, 1.94045907814e-12, 2.63038419171e-12, 3.45721042939e-12, 2.60778941844e-12, 3.65228680632e-12, 6.95768876541e-12, 1.18454534376e-11, 8.21006630736e-12, 7.23760764862e-12, 1.0594776792e-11, 7.44297679045e-12, 2.28639871792e-12, 4.78569007339e-13, 4.0626052869e-13, 1.11041926522e-13, 4.43322263868e-15, 2.86329363129e-17], [-5.24505514975e-13, -1.7258635493e-11, -3.04483625813e-11, -1.63244539414e-11, -3.60881924387e-13, 1.03652390761e-13, 1.68224700663e-13, 3.40582249903e-12, 2.14765379959e-12, 1.12586155676e-12, 3.53517952759e-12, 3.45721042939e-12, 6.55180553907e-12, 4.45619235956e-12, 6.39953628284e-12, 1.36271939913e-11, 2.15151316901e-11, 1.53007814752e-11, 1.3011315983e-11, 1.95028975608e-11, 1.4129327916e-11, 4.2124294504e-12, 8.3695469175e-13, 7.96887675205e-13, 2.07821661356e-13, 8.29010034313e-15, 5.08419019619e-17], [-3.51674879539e-13, -7.32814676996e-12, -2.1067411704e-11, -1.17043579689e-11, -1.72691247695e-13, 3.91852586349e-14, 1.46397691604e-13, 2.48613998312e-12, 1.58470122875e-12, 7.95893787073e-13, 2.36893209042e-12, 2.60778941844e-12, 4.45619235956e-12, 3.66118550407e-12, 4.90579018381e-12, 9.86111279438e-12, 1.5962793587e-11, 1.14892271044e-11, 9.74386283464e-12, 1.44274401453e-11, 1.03531679757e-11, 3.14796582898e-12, 6.35277963047e-13, 5.80478156861e-13, 1.54385700188e-13, 6.25897589846e-15, 3.81877194208e-17], [-3.93191311758e-13, -1.56609517021e-11, -2.41433661258e-11, -1.25564697528e-11, -2.59048370862e-13, 3.20106320736e-14, 1.77037638022e-13, 3.69577935963e-12, 2.29711171959e-12, 1.08763985231e-12, 3.57224471358e-12, 3.65228680632e-12, 6.39953628284e-12, 4.90579018381e-12, 7.21699392955e-12, 1.49879032796e-11, 2.4092368725e-11, 1.70917707071e-11, 1.45440491248e-11, 2.17608864955e-11, 1.55650908829e-11, 4.67990706951e-12, 9.42123440893e-13, 8.84114992588e-13, 2.32551499758e-13, 9.35055086474e-15, 5.74019008231e-17], [-7.24560060388e-13, -3.57739740608e-11, -4.00842518899e-11, -2.00863579242e-11, -7.12559460221e-13, 5.46346279849e-14, 2.62502828719e-13, 8.00109718063e-12, 4.91288476914e-12, 2.22453847877e-12, 7.99958103231e-12, 6.95768876541e-12, 1.36271939913e-11, 9.86111279438e-12, 1.49879032796e-11, 3.34968233706e-11, 5.14942880003e-11, 3.69343097772e-11, 3.09620593053e-11, 4.68454441904e-11, 3.41338519949e-11, 1.0035676283e-11, 1.97322431832e-12, 1.97724865994e-12, 5.07349533479e-13, 2.03969362288e-14, 1.26424206945e-16], [-1.2839338967e-12, -6.38417999022e-11, -6.84194645384e-11, -3.39106139002e-11, -1.55259886978e-12, 8.62480592045e-14, 5.62254561486e-13, 1.26678936438e-11, 7.6726194842e-12, 3.2044599179e-12, 1.19875090757e-11, 1.18454534376e-11, 2.15151316901e-11, 1.5962793587e-11, 2.4092368725e-11, 5.14942880003e-11, 8.35311680936e-11, 5.80191346355e-11, 4.92872166691e-11, 7.49264955635e-11, 5.27729700217e-11, 1.58399630218e-11, 3.19303806486e-12, 3.01100355586e-12, 7.90209044033e-13, 3.1690206286e-14, 1.92800183616e-16], [-8.69449640322e-13, -3.95521566887e-11, -4.85497961278e-11, -2.4508459498e-11, -8.30478481123e-13, 6.89186324654e-14, 3.72069345819e-13, 9.05296324016e-12, 5.57782119104e-12, 2.51844508789e-12, 8.78082936223e-12, 8.21006630736e-12, 1.53007814752e-11, 1.14892271044e-11, 1.70917707071e-11, 3.69343097772e-11, 5.80191346355e-11, 4.18360658616e-11, 3.49980044945e-11, 5.29516673564e-11, 3.79739399647e-11, 1.13702684421e-11, 2.26226307652e-12, 2.19088397597e-12, 5.69398911701e-13, 2.2963319004e-14, 1.40369585335e-16], [-7.81692473337e-13, -3.03376317123e-11, -4.24917774577e-11, -2.18132768792e-11, -3.71309347201e-13, 7.06634525741e-14, 3.40423083603e-13, 7.61715777259e-12, 4.72993085671e-12, 2.3737927856e-12, 7.4385211532e-12, 7.23760764862e-12, 1.3011315983e-11, 9.74386283464e-12, 1.45440491248e-11, 3.09620593053e-11, 4.92872166691e-11, 3.49980044945e-11, 2.9792689149e-11, 4.46882600369e-11, 3.21001801529e-11, 9.58448077848e-12, 1.92308712357e-12, 1.83236238682e-12, 4.79184292072e-13, 1.91934413241e-14, 1.19038000236e-16], [-1.14495088757e-12, -4.85661892646e-11, -5.9851047729e-11, -3.02917274597e-11, -1.15067916133e-12, 1.04010509515e-13, 4.97324620721e-13, 1.15897274416e-11, 7.08319210577e-12, 3.05014802478e-12, 1.10984476817e-11, 1.0594776792e-11, 1.95028975608e-11, 1.44274401453e-11, 2.17608864955e-11, 4.68454441904e-11, 7.49264955635e-11, 5.29516673564e-11, 4.46882600369e-11, 6.79357264888e-11, 4.81598788626e-11, 1.44375700631e-11, 2.89497375724e-12, 2.76695897097e-12, 7.2202595465e-13, 2.89588164104e-14, 1.76938247599e-16], [-8.13928893902e-13, -2.89885702248e-11, -4.49056382357e-11, -2.27688649185e-11, -2.71866432361e-13, 7.90165797918e-14, 3.02030644418e-13, 8.24491169782e-12, 5.10412675667e-12, 2.58375265627e-12, 8.30911468103e-12, 7.44297679045e-12, 1.4129327916e-11, 1.03531679757e-11, 1.55650908829e-11, 3.41338519949e-11, 5.27729700217e-11, 3.79739399647e-11, 3.21001801529e-11, 4.81598788626e-11, 3.52504449241e-11, 1.03824492406e-11, 2.05113335171e-12, 2.02967438863e-12, 5.23187884075e-13, 2.09380242636e-14, 1.31106155091e-16], [-2.5674435993e-13, -9.93150613832e-12, -1.39092617632e-11, -7.09211552333e-12, -1.64286539559e-13, 2.30744937724e-14, 1.07282157333e-13, 2.46288276232e-12, 1.51766956207e-12, 7.24424860377e-13, 2.41330805166e-12, 2.28639871792e-12, 4.2124294504e-12, 3.14796582898e-12, 4.67990706951e-12, 1.0035676283e-11, 1.58399630218e-11, 1.13702684421e-11, 9.58448077848e-12, 1.44375700631e-11, 1.03824492406e-11, 3.1176840623e-12, 6.19716897157e-13, 5.96348925103e-13, 1.55218109958e-13, 6.22216172899e-15, 3.84200082804e-17], [-4.56827467293e-14, -1.96573746863e-12, -2.82485775223e-12, -1.38876117637e-12, -2.57853888388e-14, 5.25271007449e-15, 2.47203770447e-14, 4.9524311518e-13, 3.12575892903e-13, 1.61950029667e-13, 4.75444390888e-13, 4.78569007339e-13, 8.3695469175e-13, 6.35277963047e-13, 9.42123440893e-13, 1.97322431832e-12, 3.19303806486e-12, 2.26226307652e-12, 1.92308712357e-12, 2.89497375724e-12, 2.05113335171e-12, 6.19716897157e-13, 1.25556805079e-13, 1.16931909034e-13, 3.08295191676e-14, 1.23603865163e-15, 7.63623611161e-18], [-3.58077079815e-14, -1.6520089333e-12, -2.19501391889e-12, -1.10519991596e-12, -2.54435941039e-14, 3.56975301708e-15, 1.47029385059e-14, 4.74215230886e-13, 3.01577529225e-13, 1.44765791152e-13, 4.84085319573e-13, 4.0626052869e-13, 7.96887675205e-13, 5.80478156861e-13, 8.84114992588e-13, 1.97724865994e-12, 3.01100355586e-12, 2.19088397597e-12, 1.83236238682e-12, 2.76695897097e-12, 2.02967438863e-12, 5.96348925103e-13, 1.16931909034e-13, 1.18547831057e-13, 3.02361759762e-14, 1.21241225576e-15, 7.59698473718e-18], [-9.5895615396e-15, -4.19859161544e-13, -5.77262196377e-13, -3.03831043441e-13, -3.32287488845e-15, 1.2951866447e-15, 4.76953283522e-15, 1.23984915217e-13, 7.88110150599e-14, 3.7910748488e-14, 1.23221270969e-13, 1.11041926522e-13, 2.07821661356e-13, 1.54385700188e-13, 2.32551499758e-13, 5.07349533479e-13, 7.90209044033e-13, 5.69398911701e-13, 4.79184292072e-13, 7.2202595465e-13, 5.23187884075e-13, 1.55218109958e-13, 3.08295191676e-14, 3.02361759762e-14, 7.83611948252e-15, 3.14452696627e-16, 1.97059009854e-18], [-3.61869230438e-16, -1.86025392817e-14, -2.24724651051e-14, -1.15557367684e-14, -2.46184408647e-16, 5.25941385058e-17, 1.93511863345e-16, 4.97384395836e-15, 3.19324030752e-15, 1.46638735581e-15, 4.88427615342e-15, 4.43322263868e-15, 8.29010034313e-15, 6.25897589846e-15, 9.35055086474e-15, 2.03969362288e-14, 3.1690206286e-14, 2.2963319004e-14, 1.91934413241e-14, 2.89588164104e-14, 2.09380242636e-14, 6.22216172899e-15, 1.23603865163e-15, 1.21241225576e-15, 3.14452696627e-16, 1.27296363022e-17, 7.92881568454e-20], [1.03406022859e-19, 1.27675237075e-19, -6.42905683202e-17, -7.30133202285e-17, 2.71372626572e-18, 1.04543438852e-18, 1.36937806534e-18, 3.1525967418e-17, 2.50150733067e-17, 1.38409079602e-17, 3.29738445099e-17, 2.86329363129e-17, 5.08419019619e-17, 3.81877194208e-17, 5.74019008231e-17, 1.26424206945e-16, 1.92800183616e-16, 1.40369585335e-16, 1.19038000236e-16, 1.76938247599e-16, 1.31106155091e-16, 3.84200082804e-17, 7.63623611161e-18, 7.59698473718e-18, 1.97059009854e-18, 7.92881568454e-20, 8.33896204372e-22]]
    },
    "mfcc": {
        "kurt": [14.3696746826, 14.1423358917, 18.6768741608, 3.44804954529, 7.20997142792, 1.33575201035, 9.66937351227, 3.73720407486, 1.25321865082, 0.189755678177, 0.700787067413, 0.578001499176, 0.382447242737],
        "max": [-741.851257324, 155.75189209, 49.5356788635, 67.1350402832, 33.1444282532, 44.3450164795, 51.1918563843, 36.6004753113, 31.2327919006, 21.1166858673, 24.7800865173, 22.5160999298, 13.353553772],
        "mean": [-965.716125488, 132.997940063, 27.864233017, 30.1386108398, 9.9539642334, 17.8986663818, 35.9532089233, 21.1828079224, 16.4037647247, 9.22658348083, 2.68000888824, 2.01999735832, -6.22346591949],
        "median": [-963.094543457, 139.744537354, 31.0127296448, 30.5595588684, 10.6120605469, 18.239151001, 37.197883606, 21.9982852936, 16.7578239441, 9.30251502991, 2.2999458313, 1.86427307129, -6.61979293823],
        "min": [-1138.42004395, 1.14440917969e-05, -89.2805633545, -12.8548088074, -36.6841239929, -5.52796173096, -8.37389755249, -12.5022583008, -4.93500518799, -10.6126937866, -12.0880947113, -12.2423324585, -18.890247345],
        "skew": [-2.2505440712, -3.74396085739, -3.6747610569, -0.866316914558, -1.64112997055, -0.433443158865, -2.73743200302, -1.44674229622, -0.718939840794, -0.254134565592, 0.348728477955, 0.258568674326, 0.268707066774],
        "var": [1346.24328613, 756.300292969, 268.177368164, 87.3761978149, 55.0231552124, 37.0549736023, 70.3138580322, 42.7791748047, 28.1572914124, 22.8369293213, 23.0253696442, 21.2139644623, 21.8106594086],
        "cov": [[1347.88500977, 622.856933594, -50.7653694153, 191.495651245, -31.9972133636, 87.3588867188, 145.568664551, 68.8343582153, 85.9625701904, 31.1323451996, 26.771812439, 14.3261699677, -42.401134491], [622.856933594, 757.22265625, 303.90435791, 131.552032471, 68.4321060181, 70.9105300903, 181.366882324, 114.951667786, 78.3868484497, 43.3051300049, -7.3087053299, -7.46488761902, -41.6414451599], [-50.7653694153, 303.90435791, 268.504425049, 50.4317550659, 68.6999359131, 18.1739082336, 70.984085083, 56.9588546753, 23.6814937592, 16.1742801666, -20.3152637482, -13.1399688721, -15.783115387], [191.495651245, 131.552032471, 50.4317550659, 87.4827575684, 27.3836708069, 20.6804924011, 33.8115386963, 13.9899482727, 11.7406845093, 1.41146421432, -1.7409453392, -0.412773698568, -6.71999263763], [-31.9972133636, 68.4321060181, 68.6999359131, 27.3836708069, 55.090259552, 20.5761260986, 19.5818328857, 16.5364379883, 2.05688142776, 4.87089347839, -6.0729675293, -5.02294111252, -1.43294620514], [87.3588867188, 70.9105300903, 18.1739082336, 20.6804924011, 20.5761260986, 37.1001625061, 31.2777748108, 11.445274353, 9.11180686951, 4.46644830704, 0.664269328117, -2.6324634552, -5.42304468155], [145.568664551, 181.366882324, 70.984085083, 33.8115386963, 19.5818328857, 31.2777748108, 70.3996047974, 39.0969009399, 19.0057373047, 12.0532770157, -2.947732687, -5.58774900436, -11.9856042862], [68.8343582153, 114.951667786, 56.9588546753, 13.9899482727, 16.5364379883, 11.445274353, 39.0969009399, 42.8313446045, 22.1856365204, 7.62705993652, -4.28218746185, -5.45250892639, -8.84128093719], [85.9625701904, 78.3868484497, 23.6814937592, 11.7406845093, 2.05688142776, 9.11180686951, 19.0057373047, 22.1856365204, 28.1916294098, 12.1472854614, -1.40962707996, -1.04230511189, -7.39376735687], [31.1323451996, 43.3051300049, 16.1742801666, 1.41146421432, 4.87089347839, 4.46644830704, 12.0532770157, 7.62705993652, 12.1472854614, 22.8647785187, 9.1230096817, -1.28238976002, -3.01990222931], [26.771812439, -7.3087053299, -20.3152637482, -1.7409453392, -6.0729675293, 0.664269328117, -2.947732687, -4.28218746185, -1.40962707996, 9.1230096817, 23.0534496307, 11.2145719528, 1.03349387646], [14.3261699677, -7.46488761902, -13.1399688721, -0.412773698568, -5.02294111252, -2.6324634552, -5.58774900436, -5.45250892639, -1.04230511189, -1.28238976002, 11.2145719528, 21.2398338318, 10.0280103683], [-42.401134491, -41.6414451599, -15.783115387, -6.71999263763, -1.43294620514, -5.42304468155, -11.9856042862, -8.84128093719, -7.39376735687, -3.01990222931, 1.03349387646, 10.0280103683, 21.8372573853]]
    },
    "sccoeffs": {
        "kurt": [4.39957952499, 0.423872232437, 0.173938751221, 1.38852071762, 4.23868083954, 8.74842643738],
        "max": [-0.496442973614, -0.702489674091, -0.798640072346, -0.775855958462, -0.817027509212, -0.757952213287],
        "mean": [-0.635277450085, -0.846816241741, -0.867974102497, -0.862189292908, -0.885670721531, -0.846628904343],
        "median": [-0.632123708725, -0.848810434341, -0.867290198803, -0.862978160381, -0.886546909809, -0.847333550453],
        "min": [-0.959080517292, -0.96989274025, -0.968419790268, -0.953620433807, -0.958450675011, -0.959293365479],
        "skew": [-1.48130047321, 0.336811006069, -0.0484979711473, 0.108923912048, 0.0879066437483, 0.623325884342],
        "var": [0.0039234450087, 0.00127698411234, 0.000597556936555, 0.00046132170246, 0.000136401053169, 0.000261217239313],
        "cov": [[0.00392822967842, 7.80237678555e-05, 0.000245022471063, 0.000185096723726, 0.000104128375824, 0.000129677748191], [7.80237678555e-05, 0.0012785414001, 0.000127110877656, 0.000124070429592, 5.6184377172e-05, 8.87477872311e-05], [0.000245022471063, 0.000127110877656, 0.000598285696469, 7.72322819103e-05, 3.90023487853e-05, 8.2913757069e-05], [0.000185096723726, 0.000124070429592, 7.72322819103e-05, 0.000461884279503, 5.63584617339e-05, 0.000103551770735], [0.000104128375824, 5.6184377172e-05, 3.90023487853e-05, 5.63584617339e-05, 0.00013656738156, 8.07684264146e-05], [0.000129677748191, 8.87477872311e-05, 8.2913757069e-05, 0.000103551770735, 8.07684264146e-05, 0.000261535809841]]
    },
    "scvalleys": {
        "kurt": [87.8918151855, 127.067062378, 131.806304932, 160.176742554, 155.08631897, 113.790809631],
        "max": [-6.61880016327, -7.85027742386, -7.18525886536, -6.90079021454, -6.69731378555, -8.73440647125],
        "mean": [-7.80150127411, -8.96650600433, -8.66567802429, -9.93189907074, -10.2287273407, -12.105840683],
        "median": [-7.60801792145, -8.79901695251, -8.51926708221, -9.86130237579, -10.172627449, -12.0214986801],
        "min": [-27.5877323151, -27.11901474, -27.0969562531, -27.6166343689, -27.2240543365, -27.259305954],
        "skew": [-7.33182191849, -8.96949005127, -9.38395023346, -9.9833650589, -9.66334438324, -8.34498596191],
        "var": [1.54167509079, 1.05931770802, 1.09412992001, 0.890795469284, 0.838395535946, 0.800832092762],
        "cov": [[1.5435551405, 1.14694344997, 1.16022515297, 0.952486157417, 0.900859236717, 0.931689977646], [1.14694344997, 1.06060957909, 0.999091029167, 0.859249651432, 0.833649039268, 0.837969720364], [1.16022515297, 0.999091029167, 1.09546422958, 0.91486364603, 0.879296720028, 0.878797233105], [0.952486157417, 0.859249651432, 0.91486364603, 0.89188182354, 0.840394318104, 0.808442115784], [0.900859236717, 0.833649039268, 0.879296720028, 0.840394318104, 0.839417994022, 0.794841945171], [0.931689977646, 0.837969720364, 0.878797233105, 0.808442115784, 0.794841945171, 0.801808714867]]
    }
},
"rhythm": {
    "beats_loudness": {
        "kurt": -0.747740507126,
        "max": 0.000787148310337,
        "mean": 0.000381675781682,
        "median": 0.000381513033062,
        "min": 1.11334452413e-06,
        "skew": 0.0110150650144,
        "var": 3.0563818143e-08
    },
    "bpm": 178.205917358,
    "confidence": 1.12678551674,
    "first_peak_bpm": {
        "kurt": 0,
        "max": 178,
        "mean": 178,
        "median": 178,
        "min": 178,
        "skew": 0,
        "var": 0
    },
    "first_peak_spread": {
        "kurt": 0,
        "max": 0,
        "mean": 0,
        "median": 0,
        "min": 0,
        "skew": 0,
        "var": 0
    },
    "first_peak_weight": {
        "kurt": 0,
        "max": 0.452830195427,
        "mean": 0.452830195427,
        "median": 0.452830195427,
        "min": 0.452830195427,
        "skew": 0,
        "var": 0
    },
    "onset_rate": 1.15586829185,
    "second_peak_bpm": {
        "kurt": 0,
        "max": 172,
        "mean": 172,
        "median": 172,
        "min": 172,
        "skew": 0,
        "var": 0
    },
    "second_peak_spread": {
        "kurt": 0,
        "max": 0,
        "mean": 0,
        "median": 0,
        "min": 0,
        "skew": 0,
        "var": 0
    },
    "second_peak_weight": {
        "kurt": 0,
        "max": 0.396226406097,
        "mean": 0.396226406097,
        "median": 0.396226406097,
        "min": 0.396226406097,
        "skew": 0,
        "var": 0
    },
    "beats_loudness_band_ratio": {
        "kurt": [21.0977039337, -0.980946302414, 0.931393861771, 19.8584632874, 23.7447223663, 25.8606872559],
        "max": [0.979157686234, 0.02411968261, 0.0509869381785, 0.241306304932, 0.407832205296, 0.322205960751],
        "mean": [0.923230707645, 0.0134540162981, 0.0181378498673, 0.0234117992222, 0.0162921510637, 0.0128531176597],
        "median": [0.960881710052, 0.0131003381684, 0.0145956985652, 0.0111863911152, 0.00198011030443, 0.00197304598987],
        "min": [0.115850783885, 0.00250648823567, 0.00564143108204, 0.00534045137465, 0.000887274683919, 0.000763839110732],
        "skew": [-4.75081253052, 0.00172518042382, 1.2149939537, 4.46584272385, 5.02189397812, 5.17192935944],
        "var": [0.0243878718466, 2.85586829705e-05, 0.00011476315558, 0.00157483725343, 0.00465782918036, 0.00263522285968],
        "cov": [[0.0248480197042, 0.000157346803462, -0.000857300066855, -0.00620551500469, -0.0107233235613, -0.00791478529572], [0.000157346803462, 2.90975258395e-05, -6.22926745564e-06, -3.94788439735e-05, -7.88693432696e-05, -5.23225207871e-05], [-0.000857300066855, -6.22926745564e-06, 0.000116928495117, 0.000245967268711, 0.000323691347148, 0.000206586235436], [-0.00620551500469, -3.94788439735e-05, 0.000245967268711, 0.00160455110017, 0.00267032301053, 0.00190792046487], [-0.0107233235613, -7.88693432696e-05, 0.000323691347148, 0.00267032301053, 0.00474571296945, 0.00336880167015], [-0.00791478529572, -5.23225207871e-05, 0.000206586235436, 0.00190792046487, 0.00336880167015, 0.00268494407646]]
    },
    "beats_position": [0.348299324512, 0.684988677502, 1.03328800201, 1.38158726692, 1.71827661991, 2.0549659729, 2.40326523781, 2.73995471001, 3.09986400604, 3.44816327095, 3.80807256699, 4.17959165573, 4.53950119019, 4.8994102478, 5.25931978226, 5.60761880875, 5.95591831207, 6.30421733856, 6.66412687302, 7.01242637634, 7.36072540283, 7.70902490616, 8.05732440948, 8.39401340485, 8.74231243134, 9.0906124115, 9.42730140686, 9.76399040222, 10.1122903824, 10.4489793777, 10.7856683731, 11.1223583221, 11.4590473175, 11.7957363129, 12.1324262619, 12.4691152573, 12.8174142838, 13.1657142639, 13.5140132904, 13.8623123169, 14.2106122971, 14.5473012924, 14.8839902878, 15.2322902679, 15.5689792633, 15.9056682587, 16.242357254, 16.5790481567, 16.9157371521, 17.2524261475, 17.5891151428, 17.9258041382, 18.2508831024, 18.5991840363],
    "bpm_estimates": [178.205810547, 178.205810547, 178.205810547, 178.205749512, 178.206008911, 178.206008911, 178.206008911, 178.206008911, 178.206008911, 178.205505371, 178.206008911, 178.206008911, 178.205505371, 178.206008911, 178.206008911, 178.206008911, 178.206008911, 178.206008911, 178.206008911, 178.204986572, 178.206008911, 178.206008911, 178.206008911, 178.206008911],
    "bpm_intervals": [0.336689352989, 0.348299324512, 0.348299264908, 0.336689352989, 0.336689352989, 0.348299264908, 0.336689472198, 0.359909296036, 0.348299264908, 0.359909296036, 0.371519088745, 0.359909534454, 0.359909057617, 0.359909534454, 0.348299026489, 0.348299503326, 0.348299026489, 0.359909534454, 0.348299503326, 0.348299026489, 0.348299503326, 0.348299503326, 0.336688995361, 0.348299026489, 0.348299980164, 0.336688995361, 0.336688995361, 0.348299980164, 0.336688995361, 0.336688995361, 0.336689949036, 0.336688995361, 0.336688995361, 0.336689949036, 0.336688995361, 0.348299026489, 0.348299980164, 0.348299026489, 0.348299026489, 0.348299980164, 0.336688995361, 0.336688995361, 0.348299980164, 0.336688995361, 0.336688995361, 0.336688995361, 0.33669090271, 0.336688995361, 0.336688995361, 0.336688995361, 0.336688995361, 0.325078964233, 0.348300933838],
    "onset_times": [0.116099774837, 0.359909296036, 2.32199549675, 3.45977330208, 4.21442174911, 4.55111122131, 5.23609972, 5.34058952332, 6.81505680084, 7.60453510284, 8.78875255585, 9.81043052673, 10.4489793777, 10.7856693268, 11.3081178665, 12.144036293, 12.8174152374, 14.1525621414, 15.0117006302, 16.3236274719, 16.8344669342, 17.1247158051],
    "histogram": [[0, 0, 0, 0, 0, 0, 0, 0, 0, 0, 0, 0, 0, 0, 0, 0, 0, 0, 0, 0, 0, 0, 0, 0, 0, 0, 0, 0, 0, 0, 0, 0, 0, 0, 0, 0, 0, 0, 0, 0, 0, 0, 0, 0, 0, 0, 0, 0, 0, 0, 0, 0, 0, 0, 0, 0, 0, 0, 0, 0, 0, 0, 0, 0, 0, 0, 0, 0, 0, 0, 0, 0, 0, 0, 0, 0, 0, 0, 0, 0, 0, 0, 0, 0, 0, 0, 0, 0, 0, 0, 0, 0, 0, 0, 0, 0, 0, 0, 0, 0, 0, 0, 0, 0, 0, 0, 0, 0, 0, 0, 0, 0, 0, 0, 0, 0, 0, 0, 0, 0, 0, 0, 0, 0, 0, 0, 0, 0, 0, 0, 0, 0, 0, 0, 0, 0, 0, 0, 0, 0, 0, 0, 0, 0, 0, 0, 0, 0, 0, 0, 0, 0, 0, 0, 0, 0, 0, 0, 0, 0, 0, 0.0188679248095, 0, 0, 0, 0, 0, 0.113207548857, 0, 0, 0, 0, 0.396226406097, 0, 0, 0, 0, 0, 0.452830195427, 0, 0, 0, 0, 0, 0, 0.0188679248095, 0, 0, 0, 0, 0, 0, 0, 0, 0, 0, 0, 0, 0, 0, 0, 0, 0, 0, 0, 0, 0, 0, 0, 0, 0, 0, 0, 0, 0, 0, 0, 0, 0, 0, 0, 0, 0, 0, 0, 0, 0, 0, 0, 0, 0, 0, 0, 0, 0, 0, 0, 0, 0, 0, 0, 0, 0, 0, 0, 0, 0, 0, 0, 0]]
},
"sfx": {
    "inharmonicity": {
        "kurt": 11.5447130203,
        "max": 0.352117806673,
        "mean": 0.0288392435759,
        "median": 0.00793418474495,
        "min": 0.000446095335064,
        "skew": 2.83487677574,
        "var": 0.00188689108472
    },
    "oddtoevenharmonicenergyratio": {
        "kurt": 146.010803223,
        "max": 20.644733429,
        "mean": 0.329767435789,
        "median": 0.0200552623719,
        "min": 0.000283616740489,
        "skew": 10.4805431366,
        "var": 1.41705846786
    },
    "pitch_after_max_to_before_max_energy_ratio": 2.3196439743,
    "pitch_centroid": 386.149230957,
    "pitch_max_to_total": 0.0207064561546,
    "pitch_min_to_total": 0.149817302823,
    "tristimulus": {
        "kurt": [0.637190580368, 5.22034645081, 3.27726459503],
        "max": [0.880384683609, 0.897625803947, 1],
        "mean": [0.566783487797, 0.146023213863, 0.287193357944],
        "median": [0.666408121586, 0.0937573388219, 0.230358988047],
        "min": [0, 0, 0],
        "skew": [-1.35763204098, 2.1717748642, 1.92042684555],
        "var": [0.0609466694295, 0.0250909421593, 0.0338980555534],
        "cov": [[0.0610209964216, -0.0261015594006, -0.034919437021], [-0.0261015594006, 0.0251215398312, 0.000980050768703], [-0.034919437021, 0.000980050768703, 0.0339393950999]]
    }
},
"tonal": {
    "chords_changes_rate": 0.0535279810429,
    "chords_number_rate": 0.012165450491,
    "chords_strength": {
        "kurt": 0.565373659134,
        "max": 0.728569507599,
        "mean": 0.567367196083,
        "median": 0.58574461937,
        "min": 0.265447825193,
        "skew": -0.930300414562,
        "var": 0.0104419644922
    },
    "key_strength": 0.684689939022,
