{
"metadata": {
    "version": {
        "essentia": "2.1-beta3"
    }
},
"lowLevel": {
    "average_loudness": 0.982600748539,
    "barkbands_kurtosis": {
        "kurt": 23.5041942596,
        "max": 10.8470363617,
        "mean": -0.811090707779,
        "median": -1.20845389366,
        "min": -1.77875769138,
        "skew": 3.65964317322,
        "var": 1.20347499847
    },
    "barkbands_skewness": {
        "kurt": 0.587916612625,
        "max": 2.86818194389,
        "mean": 0.356952041388,
        "median": 0.259232133627,
        "min": -3.06496667862,
        "skew": 0.0735793709755,
        "var": 0.445520550013
    },
    "barkbands_spread": {
        "kurt": 0.259741306305,
        "max": 67.6486282349,
        "mean": 41.4788208008,
        "median": 41.226726532,
        "min": 5.71056127548,
        "skew": -0.174759447575,
        "var": 100.628494263
    },
    "dissonance": {
        "kurt": 4.83977508545,
        "max": 0.49993532896,
        "mean": 0.483696699142,
        "median": 0.486574858427,
        "min": 0.39332279563,
        "skew": -1.60923182964,
        "var": 0.000167998616234
    },
    "hfc": {
        "kurt": 89.4063491821,
        "max": 15.81208992,
        "mean": 1.07845652103,
        "median": 0.894424140453,
        "min": 1.15784731974e-16,
        "skew": 7.97588539124,
        "var": 1.10722160339
    },
    "pitch": {
        "kurt": -1.62602901459,
        "max": 5098.51464844,
        "mean": 1812.37512207,
        "median": 689.375488281,
        "min": 43.7121238708,
        "skew": 0.502875745296,
        "var": 3091949.75
    },
    "pitch_instantaneous_confidence": {
        "kurt": 2.39221477509,
        "max": 0.708917200565,
        "mean": 0.281892836094,
        "median": 0.267531096935,
        "min": 0.00473707914352,
        "skew": 1.14997434616,
        "var": 0.00633337162435
    },
    "pitch_salience": {
        "kurt": -0.418495416641,
        "max": 0.96664917469,
        "mean": 0.623633146286,
        "median": 0.634406983852,
        "min": 0.337768673897,
        "skew": -0.0868847817183,
        "var": 0.00962780881673
    },
    "silence_rate_20dB": {
        "kurt": 0,
        "max": 1,
        "mean": 1,
        "median": 1,
        "min": 1,
        "skew": 0,
        "var": 0
    },
    "silence_rate_30dB": {
        "kurt": 0,
        "max": 1,
        "mean": 1,
        "median": 1,
        "min": 1,
        "skew": 0,
        "var": 0
    },
    "silence_rate_60dB": {
        "kurt": 209.753540039,
        "max": 1,
        "mean": 0.995343446732,
        "median": 1,
        "min": 0,
        "skew": -14.5520486832,
        "var": 0.00463490607217
    },
    "spectral_centroid": {
        "kurt": 41.2846069336,
        "max": 10823.1640625,
        "mean": 1724.26940918,
        "median": 1740.18701172,
        "min": 329.363952637,
        "skew": 3.21853661537,
        "var": 432265.4375
    },
    "spectral_complexity": {
        "kurt": 127.808700562,
        "max": 34,
        "mean": 1.55413269997,
        "median": 1,
        "min": 0,
        "skew": 9.83102893829,
        "var": 4.01657533646
    },
    "spectral_crest": {
        "kurt": -0.353937387466,
        "max": 19.40965271,
        "mean": 6.75848913193,
        "median": 5.965965271,
        "min": 2.30710577965,
        "skew": 0.698098957539,
        "var": 7.68015813828
    },
    "spectral_decrease": {
        "kurt": 22.4115524292,
        "max": -7.85650440189e-29,
        "mean": -1.41868947146e-10,
        "median": -1.31199565101e-10,
        "min": -9.53177758944e-10,
        "skew": -2.68181061745,
        "var": 6.05427545936e-21
    },
    "spectral_energy": {
        "kurt": 41.4479980469,
        "max": 0.00503171095625,
        "mean": 0.000633265415672,
        "median": 0.000594890036155,
        "min": 1.07985327042e-20,
        "skew": 4.19780635834,
        "var": 1.35159254455e-07
    },
    "spectral_energyband_high": {
        "kurt": 47.6735649109,
        "max": 0.0015532784164,
        "mean": 0.000103545949969,
        "median": 7.46236983105e-05,
        "min": 7.60685469503e-21,
        "skew": 5.5612912178,
        "var": 1.32860966673e-08
    },
    "spectral_energyband_low": {
        "kurt": -0.391800880432,
        "max": 0.000605794135481,
        "mean": 0.00018443177396,
        "median": 0.000122948971693,
        "min": 9.76321330008e-23,
        "skew": 0.90382796526,
        "var": 2.53758596358e-08
    },
    "spectral_energyband_middle_high": {
        "kurt": 186.575866699,
        "max": 0.00389128178358,
        "mean": 0.00019055865414,
        "median": 0.000157751157531,
        "min": 1.8292549947e-21,
        "skew": 12.0614566803,
        "var": 4.87391531578e-08
    },
    "spectral_energyband_middle_low": {
        "kurt": 1.25031900406,
        "max": 0.000678143696859,
        "mean": 0.000182546544238,
        "median": 0.000148490944412,
        "min": 3.13510640809e-22,
        "skew": 1.25159263611,
        "var": 1.45982346211e-08
    },
    "spectral_flatness_db": {
        "kurt": 9.85921859741,
        "max": 0.236320182681,
        "mean": 0.108267016709,
        "median": 0.10540933907,
        "min": 0.0229529421777,
        "skew": 1.82668983936,
        "var": 0.000299585837638
    },
    "spectral_flux": {
        "kurt": 6.35875606537,
        "max": 0.0453415215015,
        "mean": 0.0190026238561,
        "median": 0.019439779222,
        "min": 1.03915986926e-10,
        "skew": -0.726527154446,
        "var": 2.29784454859e-05
    },
    "spectral_kurtosis": {
        "kurt": 7.72552680969,
        "max": 7.44787406921,
        "mean": 1.79483628273,
        "median": 1.75416088104,
        "min": -1.19622969627,
        "skew": 1.50831329823,
        "var": 0.512513637543
    },
    "spectral_rms": {
        "kurt": 5.89886760712,
        "max": 0.0022156231571,
        "mean": 0.000754563079681,
        "median": 0.000761827104725,
        "min": 3.2457901384e-12,
        "skew": -0.00775136612356,
        "var": 4.84537352463e-08
    },
    "spectral_rolloff": {
        "kurt": 37.5177154541,
        "max": 18604.6875,
        "mean": 3738.90405273,
        "median": 3962.109375,
        "min": 495.263671875,
        "skew": 1.82159721851,
        "var": 1232453.75
    },
    "spectral_skewness": {
        "kurt": 2.87041425705,
        "max": 1.98319900036,
        "mean": 1.12208223343,
        "median": 1.12015593052,
        "min": 0.00968752894551,
        "skew": 0.130736336112,
        "var": 0.0344672054052
    },
    "spectral_spread": {
        "kurt": 244.292739868,
        "max": 40915160,
        "mean": 6696221.5,
        "median": 6601372.5,
        "min": 2501496,
        "skew": 13.4236745834,
        "var": 3.0396687319e+12
    },
    "spectral_strongpeak": {
        "kurt": 53.3098831177,
        "max": 1.8205755949,
        "mean": 0.0800876617432,
        "median": 0.0511927306652,
        "min": 0,
        "skew": 6.76525306702,
        "var": 0.0225231610239
    },
    "zerocrossingrate": {
        "kurt": 133.080581665,
        "max": 0.48681640625,
        "mean": 0.105963855982,
        "median": 0.10400390625,
        "min": 0.05029296875,
        "skew": 8.9633398056,
        "var": 0.000606707821134
    },
    "barkbands": {
        "kurt": [3.55775022507, 0.0387279987335, -0.380046844482, -0.213556528091, 2.3103427887, 3.06870794296, 1.78689622879, 2.83951425552, 3.37762784958, 9.93598270416, 10.0938024521, 3.35963869095, 25.2916202545, 201.139755249, 249.785110474, 271.896759033, 24.9942131042, 156.595474243, 194.495025635, 88.4114837646, 40.6584777832, 13.6064777374, 22.6440429688, 24.0936203003, 38.1143226624, 84.303817749, 27.7235374451],
        "max": [3.17636846603e-07, 0.000104964114144, 0.000482908595586, 8.30842909636e-05, 3.4840661101e-05, 0.000105009348772, 0.000331791903591, 0.000154944616952, 0.000167799298652, 0.000156799083925, 0.000140962176374, 8.65329857334e-05, 5.69817675569e-05, 0.000280742387986, 0.000466741330456, 0.00096378143644, 0.000151372805703, 0.000488938647322, 0.00116371852346, 0.00103702477645, 0.000670015055221, 0.000229779077927, 4.74033004139e-05, 1.81081722985e-05, 1.09706534204e-05, 1.07979315089e-06, 6.68009247917e-09],
        "mean": [6.44742286227e-08, 2.20893216465e-05, 0.000138706571306, 2.56478560914e-05, 5.4736506172e-06, 1.68427486642e-05, 6.13983356743e-05, 3.09425013256e-05, 3.41166560247e-05, 2.35224342759e-05, 1.84683703992e-05, 1.74836150109e-05, 6.11007180851e-06, 6.75097726344e-06, 4.07602101404e-06, 1.15660623123e-05, 1.69585619005e-05, 1.97790941456e-05, 4.37732705905e-05, 5.81612039241e-05, 3.90602799598e-05, 2.54018741543e-05, 4.37400194642e-06, 1.66199083651e-06, 7.9241755202e-07, 4.33934559396e-08, 4.9941656366e-10],
        "median": [5.45356968473e-08, 1.2395590602e-05, 9.14075862966e-05, 2.0217279598e-05, 2.4806276997e-06, 1.13547685032e-05, 2.88161372737e-05, 2.58953459706e-05, 2.91928208753e-05, 1.95791199076e-05, 1.47560540427e-05, 1.39285766636e-05, 5.07612185174e-06, 4.31482749264e-06, 1.98554130293e-06, 7.14708494343e-06, 1.37920269481e-05, 1.47163082147e-05, 3.31512746925e-05, 4.40199655714e-05, 2.45807314059e-05, 1.70881176018e-05, 3.34056858264e-06, 1.10448240775e-06, 5.16007389706e-07, 2.67254236519e-08, 3.35367150717e-10],
        "min": [7.4995680973e-23, 4.33817772737e-23, 2.90340981919e-23, 5.40731333915e-24, 4.38219301044e-23, 3.24344799684e-23, 6.09779003663e-23, 4.74223102085e-23, 1.02422393029e-22, 5.47347731208e-23, 6.83015461709e-23, 9.64303886087e-23, 5.41327397215e-23, 1.72941534489e-22, 6.96360653197e-23, 1.85434377547e-22, 3.05799317202e-22, 2.74316219262e-22, 3.04706069583e-22, 6.10602120064e-22, 3.96981161772e-22, 5.012206107e-22, 5.87769077588e-22, 7.19887653456e-22, 1.00597743871e-21, 1.79656520463e-21, 2.51809611215e-21],
        "skew": [1.72906446457, 1.06458473206, 0.917468190193, 0.807575941086, 1.68157505989, 1.55744230747, 1.64328062534, 1.37863183022, 1.5021276474, 2.3163921833, 2.48878121376, 1.67470014095, 3.42327857018, 13.0924701691, 15.347910881, 16.0732326508, 3.6981420517, 10.8435201645, 12.0444345474, 8.20413589478, 5.15326499939, 3.21576452255, 3.74771714211, 4.11944818497, 5.02268505096, 7.30302286148, 4.26340246201],
        "var": [2.30944168344e-15, 5.72352609751e-10, 1.61477160532e-08, 3.42461559111e-10, 4.35610367222e-11, 2.46733439235e-10, 5.29731414289e-09, 5.05973707376e-10, 5.16385156857e-10, 3.09362313544e-10, 2.45399173204e-10, 1.95246277479e-10, 2.07568597727e-11, 2.32207017503e-10, 5.9600779867e-10, 2.4634054796e-09, 1.86155965642e-10, 8.18564493965e-10, 3.75783093531e-09, 5.42218714372e-09, 2.60634691607e-09, 7.22813586762e-10, 1.78302927978e-11, 3.6262655205e-12, 9.15012098208e-13, 4.36181987881e-15, 3.30132176867e-19],
        "cov": [[2.31213334238e-15, 1.1149338153e-13, 5.38274936776e-13, -1.20039164698e-13, -6.42820418748e-14, -1.35174830313e-13, -3.84397727407e-13, 3.92221763965e-13, 3.571929536e-13, 3.24861394296e-13, 1.72581648408e-13, 2.1254364642e-13, 7.20192135095e-14, 9.42043209932e-14, -5.81300890127e-14, -9.20772383036e-14, 1.26203165756e-13, 2.72708125613e-13, 3.7673843537e-13, 5.04853103767e-13, 7.26296518587e-13, 4.83753553708e-13, 8.02179503379e-14, 3.30061939423e-14, 1.70811190306e-14, 8.57814459063e-16, 1.09973827875e-17], [1.1149338153e-13, 5.73019687256e-10, 2.77744049981e-09, 2.22817139739e-10, 3.53448798007e-11, 1.52476892223e-10, 7.79060538303e-10, 1.15834168646e-10, -6.23752577367e-11, -1.55613143898e-11, -3.78114727029e-11, -6.86085840917e-11, -7.9449467838e-12, 1.19888734357e-11, -2.52600163009e-11, -8.03116323445e-11, -6.00509503235e-11, -2.45434176455e-11, -6.91267806885e-11, -2.88274855376e-11, 1.59080679185e-10, 1.05575916065e-10, 2.17047820689e-11, 1.08347567029e-11, 4.68440000331e-12, 2.23434484348e-13, 2.87959353628e-15], [5.38274936776e-13, 2.77744049981e-09, 1.61665347775e-08, 1.19424570233e-09, 1.38839523212e-10, 7.10114467228e-10, 3.73649822194e-09, 5.0459675327e-10, -3.92705312713e-10, -1.47513390392e-10, -2.82729367695e-10, -3.9414091435e-10, -6.28832264038e-11, 3.76601636161e-13, -2.28786656287e-10, -5.77270953261e-10, -3.84770493245e-10, -2.17930271051e-10, -7.58509421939e-10, -6.81068257347e-10, 5.52264234344e-10, 4.46095660411e-10, 1.03234469584e-10, 4.75591788174e-11, 2.16473974163e-11, 7.7178731071e-13, 1.27574512098e-14], [-1.20039164698e-13, 2.22817139739e-10, 1.19424570233e-09, 3.42860684288e-10, 9.29317872655e-11, 2.15422360506e-10, 1.10645270723e-09, 1.24871321616e-10, -1.14036904919e-11, -8.29827734306e-11, -5.16741857637e-11, -3.12626174948e-11, -1.05643297929e-11, -3.52300168205e-11, -4.47738165987e-11, -9.98602658897e-11, -4.84066918494e-11, -9.92819923495e-11, -1.69356098589e-10, -2.30984911753e-10, -1.7323507906e-10, -8.46615694217e-11, -4.72565953383e-12, -4.20167589957e-12, -1.91934424083e-12, -1.78326469802e-13, -1.20410148611e-15], [-6.42820418748e-14, 3.53448798007e-11, 1.38839523212e-10, 9.29317872655e-11, 4.36118086089e-11, 8.46440348368e-11, 4.2235209774e-10, 4.75692471524e-11, 9.14867053642e-12, -1.66771093463e-11, -4.51033264556e-12, 4.11035094849e-12, 3.14878992428e-15, -7.64163125139e-12, -6.59697470262e-12, -1.56135070151e-11, -5.18572858266e-12, -2.50517384615e-11, -2.27159870775e-11, -2.85091360241e-11, -4.64080093798e-11, -2.67779617924e-11, -2.41230408045e-12, -1.68862688589e-12, -8.58797841868e-13, -5.77239604315e-14, -4.42945953599e-16], [-1.35174830313e-13, 1.52476892223e-10, 7.10114467228e-10, 2.15422360506e-10, 8.46440348368e-11, 2.47020986999e-10, 9.01241581364e-10, 1.0721083743e-10, 3.41457396212e-12, -2.99091966471e-11, -1.64086175203e-11, -1.4443072606e-11, -4.18363434174e-12, -1.51718238667e-11, -1.94502487033e-11, -5.03531209783e-11, -2.07977333272e-11, -5.80873578404e-11, -7.395308671e-11, -7.30439805863e-11, -6.16855108659e-11, -3.07807147826e-11, -1.24700391072e-12, -9.11729459291e-13, -6.7751484761e-13, -8.59382823151e-14, -2.96977189315e-16], [-3.84397727407e-13, 7.79060538303e-10, 3.73649822194e-09, 1.10645270723e-09, 4.2235209774e-10, 9.01241581364e-10, 5.30348831518e-09, 6.02773220226e-10, 9.97931945412e-11, -1.81226339491e-10, -8.2369534804e-11, -2.28697061289e-11, -4.20958276917e-12, -6.90917947854e-11, -7.69822400271e-11, -1.91597085419e-10, -1.13954130854e-10, -2.76308670388e-10, -3.02772362737e-10, -4.13638567842e-10, -4.62774235599e-10, -2.1468277156e-10, -1.04750201568e-11, -1.12608325442e-11, -5.64373938208e-12, -3.97857555278e-13, -2.8549241252e-15], [3.92221763965e-13, 1.15834168646e-10, 5.0459675327e-10, 1.24871321616e-10, 4.75692471524e-11, 1.0721083743e-10, 6.02773220226e-10, 5.06563457847e-10, 7.65258828528e-11, 6.65589250382e-11, 6.81673398284e-11, 4.92379158279e-11, 2.13051486175e-11, 3.15463766221e-11, -2.65075357497e-11, -4.90216860161e-11, 1.76415913128e-11, 3.58114475574e-11, 1.22350393705e-10, 1.27073074285e-10, 1.36416530849e-10, 1.03193065204e-10, 2.55054172227e-11, 7.69008381279e-12, 4.06242791143e-12, 2.28025199634e-13, 2.89546481613e-15], [3.571929536e-13, -6.23752577367e-11, -3.92705312713e-10, -1.14036904919e-11, 9.14867053642e-12, 3.41457396212e-12, 9.97931945412e-11, 7.65258828528e-11, 5.16987008758e-10, 1.63988878032e-10, 9.72506311592e-11, 9.91696308406e-11, 2.43671732097e-11, 1.05064594177e-11, -1.02373109989e-11, -1.87024683934e-11, 5.02569513783e-11, 4.25454844966e-11, 6.49923101448e-11, 8.03238447977e-11, 5.73746709864e-11, 3.46522428807e-11, 1.13654649928e-11, 1.97895996465e-12, 1.07105470326e-12, 3.44877087771e-14, 8.97503511296e-16], [3.24861394296e-13, -1.55613143898e-11, -1.47513390392e-10, -8.29827734306e-11, -1.66771093463e-11, -2.99091966471e-11, -1.81226339491e-10, 6.65589250382e-11, 1.63988878032e-10, 3.09722858471e-10, 1.27644575465e-10, 8.09161349036e-11, 2.53820194029e-11, 4.47179515639e-11, 2.50691134518e-11, 4.59329449476e-11, 4.58177835949e-11, 8.96273055773e-11, 1.81837961355e-10, 3.20206555715e-10, 2.62406874008e-10, 1.66074279329e-10, 2.511661365e-11, 1.08446385552e-11, 5.04570647417e-12, 2.95350224312e-13, 3.20096058932e-15], [1.72581648408e-13, -3.78114727029e-11, -2.82729367695e-10, -5.16741857637e-11, -4.51033264556e-12, -1.64086175203e-11, -8.2369534804e-11, 6.81673398284e-11, 9.72506311592e-11, 1.27644575465e-10, 2.45685194411e-10, 1.11932817182e-10, 2.11874493644e-11, 1.76151367798e-11, -5.91625815179e-13, 1.37900975361e-11, 4.67993664655e-11, 3.68241340198e-11, 1.30577035296e-10, 1.82097947832e-10, 1.25366925174e-10, 9.71203187317e-11, 1.45431982429e-11, 4.34066671495e-12, 1.75182242844e-12, 1.81818264871e-13, 1.34500351107e-15], [2.1254364642e-13, -6.86085840917e-11, -3.9414091435e-10, -3.12626174948e-11, 4.11035094849e-12, -1.4443072606e-11, -2.28697061289e-11, 4.92379158279e-11, 9.91696308406e-11, 8.09161349036e-11, 1.11932817182e-10, 1.95473831566e-10, 2.38828280069e-11, 1.79727500244e-11, 2.34491722914e-12, 1.41764412709e-11, 5.53715961971e-11, 4.60164545357e-11, 1.31304467299e-10, 1.57089605213e-10, 9.1064988883e-11, 6.04735567178e-11, 7.28142459522e-12, 2.24869428633e-12, 8.58113710298e-13, 6.73933429679e-14, 9.29081746602e-16], [7.20192135095e-14, -7.9449467838e-12, -6.28832264038e-11, -1.05643297929e-11, 3.14878992428e-15, -4.18363434174e-12, -4.20958276917e-12, 2.13051486175e-11, 2.43671732097e-11, 2.53820194029e-11, 2.11874493644e-11, 2.38828280069e-11, 2.07810522262e-11, 4.39588157541e-11, 5.7700365319e-11, 1.11971293348e-10, 3.2807395689e-11, 7.24910131922e-11, 1.44399714408e-10, 1.78170228571e-10, 8.6160231727e-11, 5.07886718792e-11, 7.41158263234e-12, 2.97760492478e-12, 1.79114828438e-12, 1.1354335034e-13, 9.87469421722e-16], [9.42043209932e-14, 1.19888734357e-11, 3.76601636161e-13, -3.52300168205e-11, -7.64163125139e-12, -1.51718238667e-11, -6.90917947854e-11, 3.15463766221e-11, 1.05064594177e-11, 4.47179515639e-11, 1.76151367798e-11, 1.79727500244e-11, 4.39588157541e-11, 2.32477662121e-10, 3.402634563e-10, 6.51463327728e-10, 1.11273594505e-10, 3.67059910245e-10, 7.41949890415e-10, 8.06363475991e-10, 3.78667014411e-10, 1.98907015858e-10, 2.82592942102e-11, 1.25328549622e-11, 7.5672471761e-12, 4.57201442504e-13, 4.31606739416e-15], [-5.81300890127e-14, -2.52600163009e-11, -2.28786656287e-10, -4.47738165987e-11, -6.59697470262e-12, -1.94502487033e-11, -7.69822400271e-11, -2.65075357497e-11, -1.02373109989e-11, 2.50691134518e-11, -5.91625815179e-13, 2.34491722914e-12, 5.7700365319e-11, 3.402634563e-10, 5.96702465216e-10, 1.18135679017e-09, 1.68632316444e-10, 5.74432945655e-10, 1.22066456942e-09, 1.32628175109e-09, 5.21048260094e-10, 2.48730480656e-10, 3.28003110783e-11, 1.58660827532e-11, 1.08546912778e-11, 6.86491282657e-13, 4.80966144461e-15], [-9.20772383036e-14, -8.03116323445e-11, -5.77270953261e-10, -9.98602658897e-11, -1.56135070151e-11, -5.03531209783e-11, -1.91597085419e-10, -4.90216860161e-11, -1.87024683934e-11, 4.59329449476e-11, 1.37900975361e-11, 1.41764412709e-11, 1.11971293348e-10, 6.51463327728e-10, 1.18135679017e-09, 2.46627673839e-09, 3.22991966506e-10, 1.15062093187e-09, 2.48005593839e-09, 2.60804222663e-09, 9.88032211602e-10, 5.22108689616e-10, 6.85469320194e-11, 3.24565409271e-11, 2.35550658839e-11, 1.50374287675e-12, 9.88940781479e-15], [1.26203165756e-13, -6.00509503235e-11, -3.84770493245e-10, -4.84066918494e-11, -5.18572858266e-12, -2.07977333272e-11, -1.13954130854e-10, 1.76415913128e-11, 5.02569513783e-11, 4.58177835949e-11, 4.67993664655e-11, 5.53715961971e-11, 3.2807395689e-11, 1.11273594505e-10, 1.68632316444e-10, 3.22991966506e-10, 1.86372930977e-10, 2.28727328744e-10, 4.53355991636e-10, 6.0201926777e-10, 3.01575597828e-10, 1.20222262701e-10, 1.56730895623e-11, 7.73762390965e-12, 4.18400730728e-12, 2.88729055855e-13, 2.08821001838e-15], [2.72708125613e-13, -2.45434176455e-11, -2.17930271051e-10, -9.92819923495e-11, -2.50517384615e-11, -5.80873578404e-11, -2.76308670388e-10, 3.58114475574e-11, 4.25454844966e-11, 8.96273055773e-11, 3.68241340198e-11, 4.60164545357e-11, 7.24910131922e-11, 3.67059910245e-10, 5.74432945655e-10, 1.15062093187e-09, 2.28727328744e-10, 8.1951850861e-10, 1.51665768833e-09, 1.6242233114e-09, 7.97390986573e-10, 3.63097441003e-10, 4.83724310607e-11, 2.57168956269e-11, 1.57075515789e-11, 8.24803712742e-13, 9.25854445194e-15], [3.7673843537e-13, -6.91267806885e-11, -7.58509421939e-10, -1.69356098589e-10, -2.27159870775e-11, -7.395308671e-11, -3.02772362737e-10, 1.22350393705e-10, 6.49923101448e-11, 1.81837961355e-10, 1.30577035296e-10, 1.31304467299e-10, 1.44399714408e-10, 7.41949890415e-10, 1.22066456942e-09, 2.48005593839e-09, 4.53355991636e-10, 1.51665768833e-09, 3.7622105431e-09, 3.59964569263e-09, 1.70854630444e-09, 8.48477066384e-10, 1.04838110415e-10, 5.63849175683e-11, 3.06510823667e-11, 1.85436410151e-12, 1.76067876777e-14], [5.04853103767e-13, -2.88274855376e-11, -6.81068257347e-10, -2.30984911753e-10, -2.85091360241e-11, -7.30439805863e-11, -4.13638567842e-10, 1.27073074285e-10, 8.03238447977e-11, 3.20206555715e-10, 1.82097947832e-10, 1.57089605213e-10, 1.78170228571e-10, 8.06363475991e-10, 1.32628175109e-09, 2.60804222663e-09, 6.0201926777e-10, 1.6242233114e-09, 3.59964569263e-09, 5.42850653318e-09, 2.60293409049e-09, 1.10012920995e-09, 1.55435511684e-10, 7.88637349869e-11, 4.30420594999e-11, 2.70054898582e-12, 2.16710008364e-14], [7.26296518587e-13, 1.59080679185e-10, 5.52264234344e-10, -1.7323507906e-10, -4.64080093798e-11, -6.16855108659e-11, -4.62774235599e-10, 1.36416530849e-10, 5.73746709864e-11, 2.62406874008e-10, 1.25366925174e-10, 9.1064988883e-11, 8.6160231727e-11, 3.78667014411e-10, 5.21048260094e-10, 9.88032211602e-10, 3.01575597828e-10, 7.97390986573e-10, 1.70854630444e-09, 2.60293409049e-09, 2.60938448626e-09, 1.06425690483e-09, 1.32581098877e-10, 6.63199703488e-11, 3.04005640106e-11, 2.08314810714e-12, 1.83241432688e-14], [4.83753553708e-13, 1.05575916065e-10, 4.46095660411e-10, -8.46615694217e-11, -2.67779617924e-11, -3.07807147826e-11, -2.1468277156e-10, 1.03193065204e-10, 3.46522428807e-11, 1.66074279329e-10, 9.71203187317e-11, 6.04735567178e-11, 5.07886718792e-11, 1.98907015858e-10, 2.48730480656e-10, 5.22108689616e-10, 1.20222262701e-10, 3.63097441003e-10, 8.48477066384e-10, 1.10012920995e-09, 1.06425690483e-09, 7.23656023993e-10, 7.90644771875e-11, 3.86790113827e-11, 1.78643506238e-11, 1.19945405604e-12, 1.07754694992e-14], [8.02179503379e-14, 2.17047820689e-11, 1.03234469584e-10, -4.72565953383e-12, -2.41230408045e-12, -1.24700391072e-12, -1.04750201568e-11, 2.55054172227e-11, 1.13654649928e-11, 2.511661365e-11, 1.45431982429e-11, 7.28142459522e-12, 7.41158263234e-12, 2.82592942102e-11, 3.28003110783e-11, 6.85469320194e-11, 1.56730895623e-11, 4.83724310607e-11, 1.04838110415e-10, 1.55435511684e-10, 1.32581098877e-10, 7.90644771875e-11, 1.78510730503e-11, 5.14380335201e-12, 2.52576540412e-12, 1.76882597111e-13, 1.45535358701e-15], [3.30061939423e-14, 1.08347567029e-11, 4.75591788174e-11, -4.20167589957e-12, -1.68862688589e-12, -9.11729459291e-13, -1.12608325442e-11, 7.69008381279e-12, 1.97895996465e-12, 1.08446385552e-11, 4.34066671495e-12, 2.24869428633e-12, 2.97760492478e-12, 1.25328549622e-11, 1.58660827532e-11, 3.24565409271e-11, 7.73762390965e-12, 2.57168956269e-11, 5.63849175683e-11, 7.88637349869e-11, 6.63199703488e-11, 3.86790113827e-11, 5.14380335201e-12, 3.63049195741e-12, 1.31695815277e-12, 8.79850324e-14, 7.85660275088e-16], [1.70811190306e-14, 4.68440000331e-12, 2.16473974163e-11, -1.91934424083e-12, -8.58797841868e-13, -6.7751484761e-13, -5.64373938208e-12, 4.06242791143e-12, 1.07105470326e-12, 5.04570647417e-12, 1.75182242844e-12, 8.58113710298e-13, 1.79114828438e-12, 7.5672471761e-12, 1.08546912778e-11, 2.35550658839e-11, 4.18400730728e-12, 1.57075515789e-11, 3.06510823667e-11, 4.30420594999e-11, 3.04005640106e-11, 1.78643506238e-11, 2.52576540412e-12, 1.31695815277e-12, 9.16078519465e-13, 4.64451339801e-14, 4.04789289847e-16], [8.57814459063e-16, 2.23434484348e-13, 7.7178731071e-13, -1.78326469802e-13, -5.77239604315e-14, -8.59382823151e-14, -3.97857555278e-13, 2.28025199634e-13, 3.44877087771e-14, 2.95350224312e-13, 1.81818264871e-13, 6.73933429679e-14, 1.1354335034e-13, 4.57201442504e-13, 6.86491282657e-13, 1.50374287675e-12, 2.88729055855e-13, 8.24803712742e-13, 1.85436410151e-12, 2.70054898582e-12, 2.08314810714e-12, 1.19945405604e-12, 1.76882597111e-13, 8.79850324e-14, 4.64451339801e-14, 4.36690334704e-15, 2.54048044154e-17], [1.09973827875e-17, 2.87959353628e-15, 1.27574512098e-14, -1.20410148611e-15, -4.42945953599e-16, -2.96977189315e-16, -2.8549241252e-15, 2.89546481613e-15, 8.97503511296e-16, 3.20096058932e-15, 1.34500351107e-15, 9.29081746602e-16, 9.87469421722e-16, 4.31606739416e-15, 4.80966144461e-15, 9.88940781479e-15, 2.08821001838e-15, 9.25854445194e-15, 1.76067876777e-14, 2.16710008364e-14, 1.83241432688e-14, 1.07754694992e-14, 1.45535358701e-15, 7.85660275088e-16, 4.04789289847e-16, 2.54048044154e-17, 3.30516945099e-19]]
    },
    "mfcc": {
        "kurt": [22.6981639862, 5.04150390625, 1.18727636337, 3.82705879211, 2.34024524689, 2.73024749756, -0.345315217972, -0.468737363815, -0.461895704269, 0.638189792633, -0.717925786972, -0.058931350708, 0.391243934631],
        "max": [-704.359558105, 126.819961548, 16.2308158875, 67.3719329834, 0.742340087891, 22.4032478333, 34.5795974731, 36.7688369751, 35.1917572021, 31.7512626648, 26.2909507751, 23.0170726776, 29.2645378113],
        "mean": [-795.14050293, 79.6495895386, -20.0234279633, 41.3584785461, -35.7859077454, -2.27744436264, 5.67179250717, 12.6964979172, 6.76739645004, 1.63282716274, 7.30540132523, 6.05335378647, 7.27663230896],
        "median": [-785.849914551, 79.0174102783, -20.1680870056, 42.4343795776, -36.3982009888, -2.83267974854, 5.9285774231, 12.8660545349, 6.41196060181, 1.58552932739, 8.23089981079, 5.93315887451, 7.43602180481],
        "min": [-1138.42004395, -37.5825653076, -113.99710083, -20.8522148132, -67.2423477173, -53.317073822, -14.7816085815, -10.950586319, -14.7936306, -18.6862831116, -15.3319969177, -14.465675354, -14.8340167999],
        "skew": [-4.42177248001, -1.23174834251, -0.505659401417, -1.26598596573, 0.766831934452, -0.468823641539, -0.0131911057979, -0.0503587052226, 0.0806442573667, 0.176540881395, -0.19683252275, -0.0196191743016, -0.0554738342762],
        "var": [3038.71655273, 392.251190186, 305.018615723, 128.008758545, 78.3844223022, 73.9167251587, 60.037940979, 67.5481872559, 70.9955749512, 43.4206848145, 63.2956047058, 32.473361969, 29.1945114136],
        "cov": [[3042.25805664, 399.476409912, 0.872399270535, 366.027984619, -177.619537354, 157.676055908, 6.81821489334, 27.9533367157, 15.8754692078, -8.66788578033, 78.2490005493, 40.8351211548, 17.398475647], [399.476409912, 392.708374023, 137.495376587, 125.000740051, -18.9509277344, -24.5736618042, -46.8451690674, -35.9378242493, -68.7077713013, -24.86627388, -25.5851097107, 7.2673406601, 38.8791923523], [0.872399270535, 137.495376587, 305.37411499, 83.054069519, 63.1234931946, 42.4674301147, -33.4937553406, -38.883014679, -24.8751888275, 10.5294427872, 28.5761566162, 19.9536190033, 5.56100034714], [366.027984619, 125.000740051, 83.054069519, 128.157958984, 4.68014669418, 22.767370224, -20.2862377167, -21.9495811462, -19.5649967194, -8.41928768158, 8.76600074768, 9.67070865631, 7.05483055115], [-177.619537354, -18.9509277344, 63.1234931946, 4.68014669418, 78.4757766724, 6.97641134262, -8.11641025543, -14.2605466843, -8.35862827301, 13.8076133728, 10.8075666428, 3.20105814934, -2.5580163002], [157.676055908, -24.5736618042, 42.4674301147, 22.767370224, 6.97641134262, 74.0028762817, 13.2089128494, 6.14566707611, 22.0916919708, 5.71962118149, 26.1820755005, 9.90299129486, -7.5672211647], [6.81821489334, -46.8451690674, -33.4937553406, -20.2862377167, -8.11641025543, 13.2089128494, 60.1079139709, 38.7593193054, 32.6230239868, 13.8961496353, 20.4322147369, 10.6406755447, -4.7819776535], [27.9533367157, -35.9378242493, -38.883014679, -21.9495811462, -14.2605466843, 6.14566707611, 38.7593193054, 67.626914978, 39.490436554, 10.0836000443, 21.7397289276, 8.51071834564, -6.45525503159], [15.8754692078, -68.7077713013, -24.8751888275, -19.5649967194, -8.35862827301, 22.0916919708, 32.6230239868, 39.490436554, 71.0783233643, 23.2333621979, 29.7698764801, 11.1633167267, -12.191493988], [-8.66788578033, -24.86627388, 10.5294427872, -8.41928768158, 13.8076133728, 5.71962118149, 13.8961496353, 10.0836000443, 23.2333621979, 43.4712905884, 25.7333869934, 6.12739372253, -3.11428141594], [78.2490005493, -25.5851097107, 28.5761566162, 8.76600074768, 10.8075666428, 26.1820755005, 20.4322147369, 21.7397289276, 29.7698764801, 25.7333869934, 63.3693771362, 20.00989151, -5.63293361664], [40.8351211548, 7.2673406601, 19.9536190033, 9.67070865631, 3.20105814934, 9.90299129486, 10.6406755447, 8.51071834564, 11.1633167267, 6.12739372253, 20.00989151, 32.5112075806, 2.97798037529], [17.398475647, 38.8791923523, 5.56100034714, 7.05483055115, -2.5580163002, -7.5672211647, -4.7819776535, -6.45525503159, -12.191493988, -3.11428141594, -5.63293361664, 2.97798037529, 29.2285385132]]
    },
    "sccoeffs": {
        "kurt": [0.203504800797, 1.12796926498, 0.853147745132, 1.93214035034, 6.31081485748, 8.78956317902],
        "max": [-0.483277201653, -0.619484245777, -0.721997141838, -0.737425804138, -0.75910192728, -0.663061857224],
        "mean": [-0.64567309618, -0.821298241615, -0.847771048546, -0.841262102127, -0.8355935812, -0.766422748566],
        "median": [-0.641775369644, -0.823827028275, -0.849242925644, -0.842823982239, -0.83462446928, -0.766213238239],
        "min": [-0.999049603939, -0.997065961361, -0.991832733154, -0.967798113823, -0.98770993948, -0.977823853493],
        "skew": [-0.541501104832, 0.200971737504, 0.154330432415, -0.0710658282042, -0.984727740288, -1.31507658958],
        "var": [0.00610233051702, 0.00152594002429, 0.000867854221724, 0.000605673645623, 0.000397174066165, 0.000800167035777],
        "cov": [[0.00610944256186, 0.000888926151674, 0.000160441879416, 0.000340209138812, 0.000479218811961, 0.00060388847487], [0.000888926151674, 0.00152771850117, 0.000133652036311, 0.000177395020728, 0.000183875818038, 0.000219637382543], [0.000160441879416, 0.000133652036311, 0.000868865754455, 7.71123959566e-05, 0.000101301004179, 0.000132431145175], [0.000340209138812, 0.000177395020728, 7.71123959566e-05, 0.000606379588135, 0.000170674815308, 0.000257671665167], [0.000479218811961, 0.000183875818038, 0.000101301004179, 0.000170674815308, 0.000397636962589, 0.000258261658018], [0.00060388847487, 0.000219637382543, 0.000132431145175, 0.000257671665167, 0.000258261658018, 0.00080109963892]]
    },
    "scvalleys": {
        "kurt": [109.729934692, 127.276535034, 165.57901001, 165.471755981, 161.613143921, 114.297668457],
        "max": [-7.17384910583, -5.77830028534, -5.97203111649, -6.21937322617, -6.050760746, -8.4919757843],
        "mean": [-8.34106445312, -7.13808012009, -7.28249931335, -8.42288303375, -7.92542409897, -9.97753810883],
        "median": [-8.26634788513, -7.05012893677, -7.15953016281, -8.32328033447, -7.82225704193, -9.88315010071],
        "min": [-26.9844455719, -27.4078655243, -27.0909881592, -27.3714618683, -27.3045578003, -27.312746048],
        "skew": [-8.13617134094, -8.96728420258, -11.0780277252, -11.0679063797, -11.1458520889, -9.0271062851],
        "var": [1.27500212193, 1.40423166752, 1.20080411434, 1.11361300945, 1.21147298813, 1.18953037262],
        "cov": [[1.27648806572, 1.27773416042, 1.03708028793, 1.01030611992, 1.04832029343, 1.02458155155], [1.27773416042, 1.40586829185, 1.10505104065, 1.07290482521, 1.11154270172, 1.10136735439], [1.03708028793, 1.10505104065, 1.2022036314, 1.09444856644, 1.14899265766, 1.09851872921], [1.01030611992, 1.07290482521, 1.09444856644, 1.1149109602, 1.13010907173, 1.08981919289], [1.04832029343, 1.11154270172, 1.14899265766, 1.13010907173, 1.21288490295, 1.14254200459], [1.02458155155, 1.10136735439, 1.09851872921, 1.08981919289, 1.14254200459, 1.19091677666]]
    }
},
"rhythm": {
    "beats_loudness": {
        "kurt": 1.36101150513,
        "max": 0.00104269443545,
        "mean": 0.000489430327434,
        "median": 0.000493133906275,
        "min": 2.38890643232e-05,
        "skew": 0.530807614326,
        "var": 3.43000472469e-08
    },
    "bpm": 104.764175415,
    "confidence": 0.775001764297,
    "first_peak_bpm": {
        "kurt": 0,
        "max": 103,
        "mean": 103,
        "median": 103,
        "min": 103,
        "skew": 0,
        "var": 0
    },
    "first_peak_spread": {
        "kurt": 0,
        "max": 0.222222268581,
        "mean": 0.222222268581,
        "median": 0.222222268581,
        "min": 0.222222268581,
        "skew": 0,
        "var": 0
    },
    "first_peak_weight": {
        "kurt": 0,
        "max": 0.205882355571,
        "mean": 0.205882355571,
        "median": 0.205882355571,
        "min": 0.205882355571,
        "skew": 0,
        "var": 0
    },
    "onset_rate": 2.8140733242,
    "second_peak_bpm": {
        "kurt": 0,
        "max": 112,
        "mean": 112,
        "median": 112,
        "min": 112,
        "skew": 0,
        "var": 0
    },
    "second_peak_spread": {
        "kurt": 0,
        "max": 0.533333301544,
        "mean": 0.533333301544,
        "median": 0.533333301544,
        "min": 0.533333301544,
        "skew": 0,
        "var": 0
    },
    "second_peak_weight": {
        "kurt": 0,
        "max": 0.205882355571,
        "mean": 0.205882355571,
        "median": 0.205882355571,
        "min": 0.205882355571,
        "skew": 0,
        "var": 0
    },
    "beats_loudness_band_ratio": {
        "kurt": [-0.783468008041, -0.0136711597443, 0.479696989059, -0.119216442108, 0.0363700389862, 1.68128824234],
        "max": [0.543942153454, 0.055959161371, 0.396736085415, 0.366936087608, 0.234665215015, 0.553874492645],
        "mean": [0.212622836232, 0.0237656850368, 0.218836799264, 0.156203210354, 0.115556664765, 0.287407904863],
        "median": [0.194194719195, 0.0201493073255, 0.207240238786, 0.140914991498, 0.112675398588, 0.276619404554],
        "min": [0.0187106914818, 0.00589548656717, 0.10118920356, 0.0410132855177, 0.0156545676291, 0.151318758726],
        "skew": [0.609000205994, 0.877745509148, 0.742256522179, 0.801360487938, 0.318927168846, 1.10691785812],
        "var": [0.0241787489504, 0.000139211158967, 0.00420060846955, 0.00642405636609, 0.00216140621342, 0.00750110810623],
        "cov": [[0.0248898882419, -7.89480473031e-05, -0.0047520082444, -0.00850253924727, -0.00364983757026, -0.0080997608602], [-7.89480473031e-05, 0.000143305602251, 4.7097386414e-05, -2.04274474527e-05, 3.66604181181e-05, -9.50731046032e-05], [-0.0047520082444, 4.7097386414e-05, 0.00432415585965, 0.00146517076064, 0.000391600478906, -0.00132672558539], [-0.00850253924727, -2.04274474527e-05, 0.00146517076064, 0.00661299889907, -9.72956113401e-05, 0.000646715925541], [-0.00364983757026, 3.66604181181e-05, 0.000391600478906, -9.72956113401e-05, 0.00222497689538, 0.0011070832843], [-0.0080997608602, -9.50731046032e-05, -0.00132672558539, 0.000646715925541, 0.0011070832843, 0.00772172911093]]
    },
    "beats_position": [0.441179126501, 0.952018141747, 1.46285712719, 1.95047616959, 2.43809509277, 2.92571425438, 3.45977306366, 3.99383211136, 4.55111122131, 5.10838985443, 5.64244890213, 6.19972801208, 6.7570066452, 7.30267572403, 7.84834432602, 8.38240337372, 8.91646194458, 9.45052146912, 9.99619007111, 10.5650787354, 11.1223583221, 11.656416893, 12.2369155884, 12.8174142838, 13.3979139328, 13.9784126282, 14.5589113235, 15.1394100189, 15.7199087143, 16.3700675964, 16.99700737, 17.600725174, 18.2276649475, 18.8546028137, 19.5047607422],
    "bpm_estimates": [107.665977478, 107.666069031, 107.665977478, 107.666069031, 105.468788147, 107.665885925, 103.359405518, 103.359405518, 103.359237671, 103.359405518, 103.359405518, 103.359405518, 103.359405518, 99.3841781616],
    "bpm_intervals": [0.510838985443, 0.510838985443, 0.487619042397, 0.487618923187, 0.487619161606, 0.53405880928, 0.534059047699, 0.557279109955, 0.557278633118, 0.534059047699, 0.557279109955, 0.557278633118, 0.545669078827, 0.54566860199, 0.534059047699, 0.534058570862, 0.534059524536, 0.54566860199, 0.568888664246, 0.557279586792, 0.534058570862, 0.580498695374, 0.580498695374, 0.580499649048, 0.580498695374, 0.580498695374, 0.580498695374, 0.580498695374, 0.650158882141, 0.62693977356, 0.603717803955, 0.62693977356, 0.626937866211, 0.650157928467],
    "onset_times": [0.162539675832, 0.267029464245, 1.23065757751, 1.35836732388, 1.75310659409, 1.89242625237, 2.24072551727, 2.33360552788, 2.4497051239, 3.50621318817, 3.70358276367, 3.81968259811, 3.94739222527, 4.43501138687, 4.7020406723, 4.99229001999, 5.18966007233, 5.32897949219, 5.51473903656, 5.65405893326, 5.95591831207, 6.09523820877, 6.35065746307, 6.6989569664, 6.88471651077, 7.10530614853, 7.30267572403, 7.8251247406, 8.16181373596, 8.62621307373, 8.75392246246, 9.45052146912, 9.55501174927, 9.90331077576, 10.077460289, 10.3909301758, 10.7624492645, 11.0526981354, 11.1571884155, 12.0627660751, 12.1672563553, 12.5852155685, 12.7477550507, 13.3863039017, 13.5256233215, 14.0712928772, 14.3499317169, 15.0929708481, 15.3832197189, 15.8592290878, 16.7415866852, 17.0202274323, 17.2756462097, 18.7036743164, 18.9358730316, 19.5395927429],
    "histogram": [[0, 0, 0, 0, 0, 0, 0, 0, 0, 0, 0, 0, 0, 0, 0, 0, 0, 0, 0, 0, 0, 0, 0, 0, 0, 0, 0, 0, 0, 0, 0, 0, 0, 0, 0, 0, 0, 0, 0, 0, 0, 0, 0, 0, 0, 0, 0, 0, 0, 0, 0, 0, 0, 0, 0, 0, 0, 0, 0, 0, 0, 0, 0, 0, 0, 0, 0, 0, 0, 0, 0, 0, 0, 0, 0, 0, 0, 0, 0, 0, 0, 0, 0, 0, 0, 0, 0, 0, 0, 0, 0, 0, 0.0588235296309, 0, 0, 0, 0.088235296309, 0, 0, 0.0294117648154, 0, 0, 0, 0.205882355571, 0, 0.0294117648154, 0, 0, 0.147058829665, 0, 0.088235296309, 0, 0.205882355571, 0, 0, 0, 0, 0.0588235296309, 0, 0, 0, 0, 0, 0.088235296309, 0, 0, 0, 0, 0, 0, 0, 0, 0, 0, 0, 0, 0, 0, 0, 0, 0, 0, 0, 0, 0, 0, 0, 0, 0, 0, 0, 0, 0, 0, 0, 0, 0, 0, 0, 0, 0, 0, 0, 0, 0, 0, 0, 0, 0, 0, 0, 0, 0, 0, 0, 0, 0, 0, 0, 0, 0, 0, 0, 0, 0, 0, 0, 0, 0, 0, 0, 0, 0, 0, 0, 0, 0, 0, 0, 0, 0, 0, 0, 0, 0, 0, 0, 0, 0, 0, 0, 0, 0, 0, 0, 0, 0, 0, 0, 0, 0, 0, 0, 0, 0, 0, 0, 0, 0, 0, 0, 0, 0, 0, 0, 0, 0, 0, 0, 0, 0, 0, 0, 0, 0, 0, 0, 0, 0, 0]]
},
"sfx": {
    "inharmonicity": {
        "kurt": 1.25653219223,
        "max": 0.394072830677,
        "mean": 0.0707185789943,
        "median": 0.0405612401664,
        "min": 0,
        "skew": 1.37610828876,
        "var": 0.00756337027997
    },
    "oddtoevenharmonicenergyratio": {
        "kurt": 12.059756279,
        "max": 5.71966600418,
        "mean": 0.408096402884,
        "median": 0.159907490015,
        "min": 0,
        "skew": 3.0099606514,
        "var": 0.442253470421
    },
    "pitch_after_max_to_before_max_energy_ratio": 0.104818068445,
    "pitch_centroid": 441.185699463,
    "pitch_max_to_total": 0.909196734428,
    "pitch_min_to_total": 0.998835861683,
    "tristimulus": {
        "kurt": [-1.61626982689, -0.555674314499, -1.33260917664],
        "max": [1, 0.751535117626, 0.958451449871],
        "mean": [0.534180521965, 0.172167867422, 0.293651580811],
        "median": [0.392370015383, 0.177781999111, 0.351448267698],
        "min": [0, 0, 0],
        "skew": [0.22657443583, 0.505096018314, 0.0989408418536],
        "var": [0.144907012582, 0.0264861620963, 0.0671371743083],
        "cov": [[0.145075902343, -0.0521887764335, -0.0928870439529], [-0.0521887764335, 0.0265170317143, 0.0256718583405], [-0.0928870439529, 0.0256718583405, 0.0672154203057]]
    }
},
"tonal": {
    "chords_changes_rate": 0.0674418583512,
    "chords_number_rate": 0.0139534883201,
    "chords_strength": {
        "kurt": -0.288987636566,
        "max": 0.57388740778,
        "mean": 0.379011720419,
        "median": 0.37451761961,
        "min": 0.240536913276,
        "skew": 0.455154240131,
        "var": 0.00587501283735
    },
    "key_strength": 0.384568661451,
    "tuning_diatonic_strength": 0.451118588448,
