{
"metadata": {
    "version": {
        "essentia": "2.1-beta3"
    }
},
"lowLevel": {
    "average_loudness": 0.559315443039,
    "barkbands_kurtosis": {
        "kurt": 26.8077697754,
        "max": 121.405807495,
        "mean": 8.84742069244,
        "median": 6.67270755768,
        "min": -1.72408270836,
        "skew": 3.51602339745,
        "var": 84.0366821289
    },
    "barkbands_skewness": {
        "kurt": 1.80351495743,
        "max": 9.37578964233,
        "mean": 2.72670483589,
        "median": 2.6263923645,
        "min": -0.49752253294,
        "skew": 0.755131900311,
        "var": 1.17891418934
    },
    "barkbands_spread": {
        "kurt": 1.3952460289,
        "max": 61.6644592285,
        "mean": 19.0875034332,
        "median": 16.7741661072,
        "min": 1.23454976082,
        "skew": 1.1342304945,
        "var": 105.693153381
    },
    "dissonance": {
        "kurt": 10.6879339218,
        "max": 0.500000059605,
        "mean": 0.467552691698,
        "median": 0.472721487284,
        "min": 0.250638574362,
        "skew": -2.07548594475,
        "var": 0.000484443007736
    },
    "hfc": {
        "kurt": 28.1220588684,
        "max": 6.63386058807,
        "mean": 0.653603196144,
        "median": 0.523290514946,
        "min": 4.51887189001e-07,
        "skew": 4.50129747391,
        "var": 0.408526360989
    },
    "pitch": {
        "kurt": 4.60421085358,
        "max": 3757.53198242,
        "mean": 513.366455078,
        "median": 173.303222656,
        "min": 43.3340644836,
        "skew": 2.54217076302,
        "var": 927528.125
    },
    "pitch_instantaneous_confidence": {
        "kurt": 2.86236619949,
        "max": 0.815967917442,
        "mean": 0.307164877653,
        "median": 0.294208645821,
        "min": 0.122367799282,
        "skew": 1.14215385914,
        "var": 0.00753021426499
    },
    "pitch_salience": {
        "kurt": 0.451608419418,
        "max": 0.829925775528,
        "mean": 0.590916872025,
        "median": 0.600365042686,
        "min": 0.177210912108,
        "skew": -0.541421413422,
        "var": 0.00796727091074
    },
    "silence_rate_20dB": {
        "kurt": 0,
        "max": 1,
        "mean": 1,
        "median": 1,
        "min": 1,
        "skew": 0,
        "var": 0
    },
    "silence_rate_30dB": {
        "kurt": 0,
        "max": 1,
        "mean": 1,
        "median": 1,
        "min": 1,
        "skew": 0,
        "var": 0
    },
    "silence_rate_60dB": {
        "kurt": 16.032081604,
        "max": 1,
        "mean": 0.952338159084,
        "median": 1,
        "min": 0,
        "skew": -4.2466802597,
        "var": 0.0453885048628
    },
    "spectral_centroid": {
        "kurt": 4.96608448029,
        "max": 2068.91748047,
        "mean": 557.224182129,
        "median": 474.721862793,
        "min": 173.117797852,
        "skew": 1.93172824383,
        "var": 80328.2421875
    },
    "spectral_complexity": {
        "kurt": 5.3177022934,
        "max": 13,
        "mean": 2.6609711647,
        "median": 2,
        "min": 0,
        "skew": 1.61592841148,
        "var": 2.24745416641
    },
    "spectral_crest": {
        "kurt": 0.569646835327,
        "max": 22.8415775299,
        "mean": 10.1712036133,
        "median": 9.95629310608,
        "min": 3.82506895065,
        "skew": 0.551236212254,
        "var": 7.23012685776
    },
    "spectral_decrease": {
        "kurt": 41.559009552,
        "max": -1.96916393163e-16,
        "mean": -3.62750940397e-10,
        "median": -2.60003185648e-10,
        "min": -4.9087884868e-09,
        "skew": -5.69720649719,
        "var": 2.18243979051e-19
    },
    "spectral_energy": {
        "kurt": 41.4998588562,
        "max": 0.0191286187619,
        "mean": 0.00142838864122,
        "median": 0.00104684894904,
        "min": 7.84196041437e-10,
        "skew": 5.69189786911,
        "var": 3.2909579204e-06
    },
    "spectral_energyband_high": {
        "kurt": 14.2638301849,
        "max": 0.000265308568487,
        "mean": 2.8713251595e-05,
        "median": 2.04750249395e-05,
        "min": 1.88609700774e-11,
        "skew": 3.28766393661,
        "var": 1.0101655068e-09
    },
    "spectral_energyband_low": {
        "kurt": 51.2562141418,
        "max": 0.0125715238973,
        "mean": 0.000681477598846,
        "median": 0.000416763359681,
        "min": 2.81810408342e-10,
        "skew": 6.15282154083,
        "var": 1.11491988264e-06
    },
    "spectral_energyband_middle_high": {
        "kurt": 23.609752655,
        "max": 0.000974658294581,
        "mean": 9.17116194614e-05,
        "median": 6.55267940601e-05,
        "min": 7.29284618806e-11,
        "skew": 4.0050573349,
        "var": 9.1141192371e-09
    },
    "spectral_energyband_middle_low": {
        "kurt": 44.973739624,
        "max": 0.0145417898893,
        "mean": 0.000948379922193,
        "median": 0.000650889705867,
        "min": 4.78038830742e-10,
        "skew": 5.98267412186,
        "var": 1.76355626991e-06
    },
    "spectral_flatness_db": {
        "kurt": 0.55256986618,
        "max": 0.318782925606,
        "mean": 0.167279466987,
        "median": 0.166732147336,
        "min": 0.0815080106258,
        "skew": 0.391971409321,
        "var": 0.00123621849343
    },
    "spectral_flux": {
        "kurt": 8.85466861725,
        "max": 0.094046227634,
        "mean": 0.0205339789391,
        "median": 0.0191651601344,
        "min": 0.000843929708935,
        "skew": 1.87767207623,
        "var": 7.32175249141e-05
    },
    "spectral_kurtosis": {
        "kurt": 1.78497457504,
        "max": 8.73003101349,
        "mean": 1.81942975521,
        "median": 1.68837618828,
        "min": -1.21970105171,
        "skew": 0.901003420353,
        "var": 2.18197798729
    },
    "spectral_rms": {
        "kurt": 10.1891183853,
        "max": 0.00431996164843,
        "mean": 0.00106890231837,
        "median": 0.00101060187444,
        "min": 8.74682427821e-07,
        "skew": 2.26420879364,
        "var": 2.50997544526e-07
    },
    "spectral_rolloff": {
        "kurt": 10.7621364594,
        "max": 6481.49414062,
        "mean": 775.311096191,
        "median": 538.330078125,
        "min": 150.732421875,
        "skew": 2.97761106491,
        "var": 803892
    },
    "spectral_skewness": {
        "kurt": 0.709846496582,
        "max": 2.63665890694,
        "mean": 1.42907345295,
        "median": 1.44001340866,
        "min": 0.306881010532,
        "skew": -0.0472824946046,
        "var": 0.121467195451
    },
    "spectral_spread": {
        "kurt": 5.19918346405,
        "max": 23648908,
        "mean": 8679541,
        "median": 8429562,
        "min": 4573164.5,
        "skew": 1.06620669365,
        "var": 2.91051798528e+12
    },
    "spectral_strongpeak": {
        "kurt": 9.55074119568,
        "max": 0.639105618,
        "mean": 0.100629635155,
        "median": 0.0806185752153,
        "min": 1.31232591229e-05,
        "skew": 2.45206141472,
        "var": 0.00621521053836
    },
    "zerocrossingrate": {
        "kurt": 0.0491054058075,
        "max": 0.1064453125,
        "mean": 0.0489427298307,
        "median": 0.04833984375,
        "min": 0.005859375,
        "skew": 0.241401299834,
        "var": 0.000232577323914
    },
    "barkbands": {
        "kurt": [2.92076349258, 106.80582428, 21.573091507, 68.3200912476, 21.6228179932, 46.0787696838, 256.28314209, 111.676559448, 54.9625282288, 26.9099369049, 35.7747077942, 215.016845703, 63.4731292725, 181.769363403, 53.1986694336, 34.4848442078, 18.6331615448, 40.9791679382, 189.919006348, 32.6778678894, 80.6408004761, 14.8035488129, 28.6478939056, 50.1771507263, 49.0913619995, 43.6478462219, 42.7288970947],
        "max": [9.87991029433e-07, 0.00209143920802, 0.00355338049121, 0.0124282408506, 0.00396489677951, 0.000693338806741, 0.0014386922121, 0.00101040757727, 0.00135354290251, 0.000302514788928, 0.000162143973284, 0.000244156632107, 6.58832577756e-05, 4.36605332652e-05, 1.95684806386e-05, 4.58650210931e-05, 0.000197266170289, 0.00021286989795, 0.000511850579642, 0.000138368006446, 0.000101636302134, 8.01848073024e-05, 0.000117605843116, 0.000109969521873, 5.19813438586e-05, 8.86754605744e-07, 3.07153524837e-09],
        "mean": [1.52181101498e-07, 6.23267842457e-05, 0.000300512008835, 0.000474392465549, 0.00033045001328, 2.97612041322e-05, 2.03158979275e-05, 3.09631941491e-05, 5.7110664784e-05, 1.91327453649e-05, 7.88007673691e-06, 4.8415990932e-06, 3.04734408019e-06, 1.28691499413e-06, 1.33654145884e-06, 3.17046510645e-06, 1.86105735338e-05, 1.34754691317e-05, 1.47618884512e-05, 9.55856830842e-06, 4.90252705276e-06, 7.46132582208e-06, 7.29904058971e-06, 3.52582105734e-06, 2.07000402952e-06, 4.48959482924e-08, 2.10285150404e-10],
        "median": [8.38638101186e-08, 3.17199992423e-05, 0.000193113344721, 0.000257299281657, 0.000232197053265, 1.42211620187e-05, 8.87842634256e-06, 1.72623076651e-05, 3.04108907585e-05, 1.00480374385e-05, 3.64753191207e-06, 2.29186184697e-06, 1.86281022252e-06, 9.0126707164e-07, 9.53471499088e-07, 2.14549277189e-06, 1.23202571558e-05, 8.75107343745e-06, 9.69782922766e-06, 6.29724172541e-06, 3.38733639182e-06, 4.87477336719e-06, 3.99227974412e-06, 1.18450827813e-06, 1.036324079e-06, 2.42248496818e-08, 1.47482748236e-10],
        "min": [9.70569284664e-12, 8.50894979476e-11, 1.20471521647e-10, 1.3863477033e-10, 1.95301469441e-10, 2.24762986001e-11, 6.80132269948e-11, 4.00277831714e-11, 1.17809581535e-11, 1.35882052138e-11, 8.56067647326e-12, 2.78272717369e-12, 1.50804423203e-12, 3.10482564138e-12, 2.92966345627e-12, 1.0387183301e-11, 4.62203669435e-12, 6.80777266157e-12, 1.67817947039e-11, 4.62713764873e-12, 8.75035124654e-13, 5.26956126304e-12, 6.86280416176e-12, 1.28179444055e-12, 9.47720526188e-13, 7.49949961073e-13, 2.39608029598e-13],
        "skew": [1.72885847092, 9.39754581451, 3.8330450058, 7.442237854, 3.50765442848, 5.72519922256, 13.6792993546, 8.54154396057, 5.61567115784, 4.53180360794, 5.18910455704, 12.1081342697, 7.23677492142, 11.1927995682, 5.47208738327, 5.03656291962, 3.63153505325, 5.43660831451, 11.4352788925, 4.58667039871, 6.96640920639, 3.19767546654, 4.2204656601, 5.81019353867, 5.92284584045, 5.8460059166, 5.5207285881],
        "var": [2.83171110258e-14, 2.30365682086e-08, 1.3716980618e-07, 9.64700461736e-07, 1.20412678939e-07, 2.75711231623e-09, 3.95265287167e-09, 3.19850190778e-09, 7.76815323178e-09, 9.21618836802e-10, 1.94981281121e-10, 1.24926666234e-10, 3.07849787329e-11, 4.33509348211e-12, 1.82335288361e-12, 1.47949326401e-11, 4.58786453272e-10, 3.30906746449e-10, 5.93859295073e-10, 1.20670973214e-10, 3.55278861885e-11, 7.27277196799e-11, 1.03178549038e-10, 5.81049201809e-11, 1.38697447624e-11, 6.08650135568e-15, 6.55066040572e-20],
        "cov": [[2.83425999413e-14, 1.76960800614e-12, 1.28318102671e-11, 2.77470386077e-12, 1.43797126984e-11, 2.19664607684e-12, 1.02761256535e-12, 2.06664438167e-12, 4.30975394261e-12, 1.27355862401e-12, 1.91172151351e-13, 1.70323905804e-13, 2.29310606013e-14, 3.71692355171e-14, 7.75017935028e-14, 1.59980346028e-13, 6.56204094968e-13, 1.95242964591e-13, 2.68134960849e-13, 4.52507280778e-13, 1.99707925978e-13, 3.40658165739e-13, 1.2812755685e-13, 1.68982151405e-13, 7.37489970894e-14, 1.77743172421e-15, 7.25086176321e-18], [1.76960800614e-12, 2.3057303622e-08, 3.2727587751e-08, 1.11447725715e-07, 2.80291736487e-08, 5.36121502748e-09, 5.13955455972e-09, 4.80441819661e-09, 3.75229047833e-09, 2.17307083439e-09, 7.62621077399e-10, 1.03365427329e-09, 5.68359359576e-10, 2.0752045915e-10, 1.39876804583e-10, 3.96367688671e-10, 9.09440689423e-10, 1.41176903501e-09, 1.12641729277e-09, 1.02567365712e-09, 5.95615445853e-10, 3.67227970255e-10, 6.60358046023e-10, 3.11532577513e-10, 3.26177640453e-10, 8.16966980177e-12, 2.70973683352e-14], [1.28318102671e-11, 3.2727587751e-08, 1.37293270086e-07, 2.37751706322e-07, 7.46585584466e-08, 1.19027294687e-08, 1.19147234301e-08, 8.52163495324e-09, 8.52173798194e-09, 4.01705158026e-09, 1.25397470185e-09, 1.97151872605e-09, 1.04264130663e-09, 3.91918664189e-10, 2.92313367956e-10, 7.99048660571e-10, 1.98187666278e-09, 2.45246112307e-09, 2.01218708362e-09, 1.86248405587e-09, 1.04144803892e-09, 7.05550062818e-10, 1.06252162624e-09, 5.46080014541e-10, 4.83185824685e-10, 1.35634793327e-11, 4.90806261735e-14], [2.77470386077e-12, 1.11447725715e-07, 2.37751706322e-07, 9.65568801803e-07, 1.64603264352e-07, 3.14739772023e-08, 2.99030382678e-08, 2.93785706873e-08, 2.38135005048e-08, 1.29595418841e-08, 3.09155234746e-09, 5.55727375229e-09, 3.56067131335e-09, 1.35999567163e-09, 8.15929324105e-10, 2.46288700545e-09, 5.36517097416e-09, 8.30848012612e-09, 7.04358127379e-09, 5.51777556979e-09, 3.2675806505e-09, 1.6787347068e-09, 3.13882164704e-09, 1.40680100902e-09, 1.54978874178e-09, 4.09695194437e-11, 1.43385073237e-13], [1.43797126984e-11, 2.80291736487e-08, 7.46585584466e-08, 1.64603264352e-07, 1.20521050917e-07, 1.15512044374e-08, 1.08866462512e-08, 6.33066177258e-09, 6.69526212249e-09, 3.19762794021e-09, 1.03819786101e-09, 1.17436171898e-09, 7.80518094601e-10, 2.71661748652e-10, 2.05282874033e-10, 5.17109355336e-10, 1.96083549397e-09, 1.74722813995e-09, 1.40404532445e-09, 1.59210489237e-09, 7.71793629006e-10, 6.92645607536e-10, 9.68511826294e-10, 4.50871312507e-10, 4.48170306422e-10, 1.08115339598e-11, 3.9206752943e-14], [2.19664607684e-12, 5.36121502748e-09, 1.19027294687e-08, 3.14739772023e-08, 1.15512044374e-08, 2.75959388674e-09, 2.38844677369e-09, 1.68102665121e-09, 1.88598758832e-09, 7.45259021162e-10, 2.13731032872e-10, 3.23021442927e-10, 1.72829542344e-10, 7.21662521408e-11, 4.35737765314e-11, 1.22864066143e-10, 3.52065293585e-10, 4.02182259718e-10, 2.97712021702e-10, 3.25488552777e-10, 1.70338063099e-10, 1.5136020215e-10, 1.7930890106e-10, 1.25808183316e-10, 1.04363330478e-10, 2.34485434542e-12, 7.94873590099e-15], [1.02761256535e-12, 5.13955455972e-09, 1.19147234301e-08, 2.99030382678e-08, 1.08866462512e-08, 2.38844677369e-09, 3.95621047034e-09, 1.91381865911e-09, 1.89723303734e-09, 7.51616047179e-10, 2.32945801537e-10, 3.45438733174e-10, 1.67314523347e-10, 7.6898855339e-11, 4.1852129401e-11, 1.26247956533e-10, 4.37988256774e-10, 4.09277889357e-10, 2.83239293131e-10, 3.09387349073e-10, 1.72327707659e-10, 1.58340854317e-10, 1.89179019672e-10, 1.34447925015e-10, 1.03879370383e-10, 2.36120129525e-12, 8.96760896335e-15], [2.06664438167e-12, 4.80441819661e-09, 8.52163495324e-09, 2.93785706873e-08, 6.33066177258e-09, 1.68102665121e-09, 1.91381865911e-09, 3.20138093812e-09, 2.99114599756e-09, 8.97096064101e-10, 2.51212411984e-10, 3.36266792189e-10, 1.53542539794e-10, 5.92569465718e-11, 4.12660183802e-11, 1.21236326533e-10, 4.18441864491e-10, 4.2842335235e-10, 3.67993302497e-10, 3.03653630018e-10, 2.30605409768e-10, 1.87761084458e-10, 2.08504546961e-10, 1.10447123669e-10, 8.88157464241e-11, 2.01506107807e-12, 6.92256776737e-15], [4.30975394261e-12, 3.75229047833e-09, 8.52173798194e-09, 2.38135005048e-08, 6.69526212249e-09, 1.88598758832e-09, 1.89723303734e-09, 2.99114599756e-09, 7.7751449723e-09, 1.208431466e-09, 3.82554710132e-10, 3.67118224709e-10, 1.78643266846e-10, 6.03221569917e-11, 4.040262222e-11, 1.41516035002e-10, 6.34846897274e-10, 5.54167822742e-10, 4.43778319648e-10, 3.58145374468e-10, 2.33361802104e-10, 2.95015872842e-10, 2.87110141217e-10, 1.69708677666e-10, 1.27724511523e-10, 2.433080213e-12, 8.16349602256e-15], [1.27355862401e-12, 2.17307083439e-09, 4.01705158026e-09, 1.29595418841e-08, 3.19762794021e-09, 7.45259021162e-10, 7.51616047179e-10, 8.97096064101e-10, 1.208431466e-09, 9.22448339935e-10, 1.80224016266e-10, 1.47038228815e-10, 8.2777056043e-11, 2.7634899577e-11, 1.77553232533e-11, 5.50965384427e-11, 2.22493634627e-10, 2.01410041423e-10, 1.65671115715e-10, 1.55593704587e-10, 9.10663766618e-11, 7.60264004529e-11, 9.40486230561e-11, 4.26480205318e-11, 4.32551668095e-11, 1.04487132922e-12, 3.7323511557e-15], [1.91172151351e-13, 7.62621077399e-10, 1.25397470185e-09, 3.09155234746e-09, 1.03819786101e-09, 2.13731032872e-10, 2.32945801537e-10, 2.51212411984e-10, 3.82554710132e-10, 1.80224016266e-10, 1.95156779625e-10, 7.10896272405e-11, 2.72721307343e-11, 8.67161550899e-12, 5.36698073136e-12, 1.92905327129e-11, 1.00991173757e-10, 1.0059662825e-10, 1.07720415921e-10, 5.64793038726e-11, 3.33146288334e-11, 3.96970963046e-11, 4.55681707645e-11, 1.89357765579e-11, 1.69067138761e-11, 3.78069239327e-13, 1.45010812372e-15], [1.70323905804e-13, 1.03365427329e-09, 1.97151872605e-09, 5.55727375229e-09, 1.17436171898e-09, 3.23021442927e-10, 3.45438733174e-10, 3.36266792189e-10, 3.67118224709e-10, 1.47038228815e-10, 7.10896272405e-11, 1.25039104071e-10, 3.76567665938e-11, 1.45835218901e-11, 8.74920014909e-12, 2.74860915278e-11, 7.80492545593e-11, 9.11479711152e-11, 7.57005916285e-11, 7.27476898166e-11, 4.00697634795e-11, 3.74284665761e-11, 4.268937287e-11, 2.98489809258e-11, 1.99273254148e-11, 5.03694904796e-13, 1.43609851641e-15], [2.29310606013e-14, 5.68359359576e-10, 1.04264130663e-09, 3.56067131335e-09, 7.80518094601e-10, 1.72829542344e-10, 1.67314523347e-10, 1.53542539794e-10, 1.78643266846e-10, 8.2777056043e-11, 2.72721307343e-11, 3.76567665938e-11, 3.08126892057e-11, 8.37373399787e-12, 4.33643268863e-12, 1.38022145796e-11, 4.10698350328e-11, 5.53934884073e-11, 4.42528964861e-11, 3.57602836232e-11, 2.16933589148e-11, 1.66413549607e-11, 2.23929121773e-11, 1.30483757479e-11, 1.17306754588e-11, 2.66337814433e-13, 9.73819379898e-16], [3.71692355171e-14, 2.0752045915e-10, 3.91918664189e-10, 1.35999567163e-09, 2.71661748652e-10, 7.21662521408e-11, 7.6898855339e-11, 5.92569465718e-11, 6.03221569917e-11, 2.7634899577e-11, 8.67161550899e-12, 1.45835218901e-11, 8.37373399787e-12, 4.33899530888e-12, 1.892818801e-12, 5.29777046884e-12, 1.39577741726e-11, 2.15006016463e-11, 1.73976666407e-11, 1.41254924424e-11, 7.06455033361e-12, 5.35198751636e-12, 6.82722541695e-12, 4.4237022899e-12, 4.00233925862e-12, 9.09571354867e-14, 3.24245720986e-16], [7.75017935028e-14, 1.39876804583e-10, 2.92313367956e-10, 8.15929324105e-10, 2.05282874033e-10, 4.35737765314e-11, 4.1852129401e-11, 4.12660183802e-11, 4.040262222e-11, 1.77553232533e-11, 5.36698073136e-12, 8.74920014909e-12, 4.33643268863e-12, 1.892818801e-12, 1.82499393202e-12, 3.63793999265e-12, 8.52778351407e-12, 1.06145058021e-11, 9.23456450197e-12, 8.90427748895e-12, 4.89501928574e-12, 3.30003060468e-12, 4.08810138519e-12, 2.29924261054e-12, 2.0117926422e-12, 5.53343076925e-14, 1.90326318015e-16], [1.59980346028e-13, 3.96367688671e-10, 7.99048660571e-10, 2.46288700545e-09, 5.17109355336e-10, 1.22864066143e-10, 1.26247956533e-10, 1.21236326533e-10, 1.41516035002e-10, 5.50965384427e-11, 1.92905327129e-11, 2.74860915278e-11, 1.38022145796e-11, 5.29777046884e-12, 3.63793999265e-12, 1.48082501122e-11, 3.9419831982e-11, 4.12621117829e-11, 3.75345275694e-11, 2.62553607328e-11, 1.57061984946e-11, 1.49495346657e-11, 1.62167154705e-11, 1.10459211222e-11, 8.15622829692e-12, 1.92320158822e-13, 6.61985206218e-16], [6.56204094968e-13, 9.09440689423e-10, 1.98187666278e-09, 5.36517097416e-09, 1.96083549397e-09, 3.52065293585e-10, 4.37988256774e-10, 4.18441864491e-10, 6.34846897274e-10, 2.22493634627e-10, 1.00991173757e-10, 7.80492545593e-11, 4.10698350328e-11, 1.39577741726e-11, 8.52778351407e-12, 3.9419831982e-11, 4.59199400726e-10, 1.86723428386e-10, 1.92283466927e-10, 1.20868523523e-10, 5.4616106776e-11, 5.54491383364e-11, 5.86287060567e-11, 2.61873508989e-11, 2.17895805565e-11, 5.50926166666e-13, 2.30957297354e-15], [1.95242964591e-13, 1.41176903501e-09, 2.45246112307e-09, 8.30848012612e-09, 1.74722813995e-09, 4.02182259718e-10, 4.09277889357e-10, 4.2842335235e-10, 5.54167822742e-10, 2.01410041423e-10, 1.0059662825e-10, 9.11479711152e-11, 5.53934884073e-11, 2.15006016463e-11, 1.06145058021e-11, 4.12621117829e-11, 1.86723428386e-10, 3.3120459153e-10, 2.92013940806e-10, 1.10324541169e-10, 6.19978443583e-11, 5.30814420197e-11, 6.56044385483e-11, 3.58980727089e-11, 3.12427063387e-11, 6.62687352909e-13, 2.66696560838e-15], [2.68134960849e-13, 1.12641729277e-09, 2.01218708362e-09, 7.04358127379e-09, 1.40404532445e-09, 2.97712021702e-10, 2.83239293131e-10, 3.67993302497e-10, 4.43778319648e-10, 1.65671115715e-10, 1.07720415921e-10, 7.57005916285e-11, 4.42528964861e-11, 1.73976666407e-11, 9.23456450197e-12, 3.75345275694e-11, 1.92283466927e-10, 2.92013940806e-10, 5.94393811948e-10, 1.14102199911e-10, 5.59174616332e-11, 5.39680349021e-11, 6.8730410252e-11, 1.79164860031e-11, 2.17070736386e-11, 5.5340346021e-13, 2.15478066705e-15], [4.52507280778e-13, 1.02567365712e-09, 1.86248405587e-09, 5.51777556979e-09, 1.59210489237e-09, 3.25488552777e-10, 3.09387349073e-10, 3.03653630018e-10, 3.58145374468e-10, 1.55593704587e-10, 5.64793038726e-11, 7.27476898166e-11, 3.57602836232e-11, 1.41254924424e-11, 8.90427748895e-12, 2.62553607328e-11, 1.20868523523e-10, 1.10324541169e-10, 1.14102199911e-10, 1.20779594659e-10, 4.2728022509e-11, 3.5830307471e-11, 4.4211505984e-11, 1.95130491626e-11, 1.78575713244e-11, 4.71918402793e-13, 1.7134867718e-15], [1.99707925978e-13, 5.95615445853e-10, 1.04144803892e-09, 3.2675806505e-09, 7.71793629006e-10, 1.70338063099e-10, 1.72327707659e-10, 2.30605409768e-10, 2.33361802104e-10, 9.10663766618e-11, 3.33146288334e-11, 4.00697634795e-11, 2.16933589148e-11, 7.06455033361e-12, 4.89501928574e-12, 1.57061984946e-11, 5.4616106776e-11, 6.19978443583e-11, 5.59174616332e-11, 4.2728022509e-11, 3.55598675505e-11, 2.35197677306e-11, 3.00148760013e-11, 1.70584865677e-11, 1.23730522356e-11, 2.93855407672e-13, 9.9459159238e-16], [3.40658165739e-13, 3.67227970255e-10, 7.05550062818e-10, 1.6787347068e-09, 6.92645607536e-10, 1.5136020215e-10, 1.58340854317e-10, 1.87761084458e-10, 2.95015872842e-10, 7.60264004529e-11, 3.96970963046e-11, 3.74284665761e-11, 1.66413549607e-11, 5.35198751636e-12, 3.30003060468e-12, 1.49495346657e-11, 5.54491383364e-11, 5.30814420197e-11, 5.39680349021e-11, 3.5830307471e-11, 2.35197677306e-11, 7.2793181205e-11, 5.07507855185e-11, 3.87456802753e-11, 2.00019306673e-11, 3.71959543244e-13, 9.92161560734e-16], [1.2812755685e-13, 6.60358046023e-10, 1.06252162624e-09, 3.13882164704e-09, 9.68511826294e-10, 1.7930890106e-10, 1.89179019672e-10, 2.08504546961e-10, 2.87110141217e-10, 9.40486230561e-11, 4.55681707645e-11, 4.268937287e-11, 2.23929121773e-11, 6.82722541695e-12, 4.08810138519e-12, 1.62167154705e-11, 5.86287060567e-11, 6.56044385483e-11, 6.8730410252e-11, 4.4211505984e-11, 3.00148760013e-11, 5.07507855185e-11, 1.03271419194e-10, 4.04977093527e-11, 2.38049614742e-11, 4.89773748901e-13, 1.39261152726e-15], [1.68982151405e-13, 3.11532577513e-10, 5.46080014541e-10, 1.40680100902e-09, 4.50871312507e-10, 1.25808183316e-10, 1.34447925015e-10, 1.10447123669e-10, 1.69708677666e-10, 4.26480205318e-11, 1.89357765579e-11, 2.98489809258e-11, 1.30483757479e-11, 4.4237022899e-12, 2.29924261054e-12, 1.10459211222e-11, 2.61873508989e-11, 3.58980727089e-11, 1.79164860031e-11, 1.95130491626e-11, 1.70584865677e-11, 3.87456802753e-11, 4.04977093527e-11, 5.81572186242e-11, 2.0609227866e-11, 3.78944109165e-13, 8.79284838452e-16], [7.37489970894e-14, 3.26177640453e-10, 4.83185824685e-10, 1.54978874178e-09, 4.48170306422e-10, 1.04363330478e-10, 1.03879370383e-10, 8.88157464241e-11, 1.27724511523e-10, 4.32551668095e-11, 1.69067138761e-11, 1.99273254148e-11, 1.17306754588e-11, 4.00233925862e-12, 2.0117926422e-12, 8.15622829692e-12, 2.17895805565e-11, 3.12427063387e-11, 2.17070736386e-11, 1.78575713244e-11, 1.23730522356e-11, 2.00019306673e-11, 2.38049614742e-11, 2.0609227866e-11, 1.38822286999e-11, 2.30819459683e-13, 6.55164208713e-16], [1.77743172421e-15, 8.16966980177e-12, 1.35634793327e-11, 4.09695194437e-11, 1.08115339598e-11, 2.34485434542e-12, 2.36120129525e-12, 2.01506107807e-12, 2.433080213e-12, 1.04487132922e-12, 3.78069239327e-13, 5.03694904796e-13, 2.66337814433e-13, 9.09571354867e-14, 5.53343076925e-14, 1.92320158822e-13, 5.50926166666e-13, 6.62687352909e-13, 5.5340346021e-13, 4.71918402793e-13, 2.93855407672e-13, 3.71959543244e-13, 4.89773748901e-13, 3.78944109165e-13, 2.30819459683e-13, 6.09197954127e-15, 1.57729313831e-17], [7.25086176321e-18, 2.70973683352e-14, 4.90806261735e-14, 1.43385073237e-13, 3.9206752943e-14, 7.94873590099e-15, 8.96760896335e-15, 6.92256776737e-15, 8.16349602256e-15, 3.7323511557e-15, 1.45010812372e-15, 1.43609851641e-15, 9.73819379898e-16, 3.24245720986e-16, 1.90326318015e-16, 6.61985206218e-16, 2.30957297354e-15, 2.66696560838e-15, 2.15478066705e-15, 1.7134867718e-15, 9.9459159238e-16, 9.92161560734e-16, 1.39261152726e-15, 8.79284838452e-16, 6.55164208713e-16, 1.57729313831e-17, 6.55655665252e-20]]
    },
    "mfcc": {
        "kurt": [9.29057884216, 1.77228307724, -0.0171196460724, 0.509088039398, 0.593616962433, 0.188539505005, -0.198899745941, 0.213649988174, 0.0684792995453, -0.0564496517181, -0.0328583717346, -0.063437461853, -0.0124182701111],
        "max": [-660.157409668, 162.41784668, 65.8295822144, 85.7301254272, 20.1412124634, 13.0544910431, 22.6867713928, 50.9474716187, 22.3519115448, 14.3934555054, 19.5778617859, 8.90489387512, 13.6838645935],
        "mean": [-814.18572998, 107.344078064, 22.6879196167, 48.5583610535, -2.67991232872, -9.65835380554, 1.6530841589, 21.1046028137, 0.634377539158, -7.94052553177, -2.68980503082, -12.1282129288, -6.34173202515],
        "median": [-811.704223633, 108.767227173, 22.1410388947, 49.1724624634, -2.58316516876, -9.60884857178, 1.78446006775, 20.341835022, 0.45055770874, -7.98672199249, -2.83354663849, -11.9671115875, -6.36656856537],
        "min": [-1138.42004395, 1.14440917969e-05, -15.7738800049, 8.01086425781e-05, -38.1451187134, -32.7308120728, -23.0128879547, -1.93266296387, -24.3981189728, -29.7372627258, -19.183008194, -32.3545951843, -27.1932582855],
        "skew": [-1.69940304756, -0.283844143152, 0.0387498959899, -0.451685726643, -0.339425653219, -0.0541616566479, 0.0684897899628, 0.312540531158, 0.0464732497931, -0.0106527842581, 0.165381923318, 0.174118131399, 0.0478400550783],
        "var": [2278.40625, 283.211395264, 163.21975708, 133.982376099, 77.783782959, 45.3255882263, 55.3521728516, 72.3996658325, 49.4866600037, 46.3887786865, 44.1127586365, 49.9794883728, 41.1118927002],
        "cov": [[2280.45703125, 11.611623764, 150.882965088, -38.3410453796, -71.0245819092, -51.2641677856, -38.3407402039, 96.3929443359, -13.788693428, 1.88133847713, 8.85287857056, 63.3162193298, 42.1391983032], [11.611623764, 283.466308594, -83.5119171143, 102.398086548, -8.29403018951, -4.78354597092, 13.4445333481, -38.4103622437, 19.0279388428, 9.45637321472, -12.5201272964, -36.9226493835, -6.43047380447], [150.882965088, -83.5119171143, 163.366668701, -50.9112548828, 18.2896575928, 7.98844671249, -34.4414710999, -7.61920642853, -16.9024105072, 5.41313457489, -8.01498126984, 14.3352918625, -4.94400835037], [-38.3410453796, 102.398086548, -50.9112548828, 134.102981567, 28.2384281158, 4.11140394211, 11.4723720551, -20.4735355377, 0.852978348732, 6.46736812592, -5.01983451843, -33.002117157, -5.13390111923], [-71.0245819092, -8.29403018951, 18.2896575928, 28.2384281158, 77.8537979126, 18.5403385162, 4.10220146179, -25.1574344635, -7.21682596207, 1.30583143234, -11.8879594803, 1.92765963078, -12.7755699158], [-51.2641677856, -4.78354597092, 7.98844671249, 4.11140394211, 18.5403385162, 45.3663864136, 7.39908790588, -7.86456918716, -7.58198738098, -1.9698703289, -5.04175376892, -3.22736883163, -1.47310519218], [-38.3407402039, 13.4445333481, -34.4414710999, 11.4723720551, 4.10220146179, 7.39908790588, 55.4019966125, 7.42791557312, -1.60673999786, -3.27185249329, -4.78855419159, -2.02986764908, -2.46825432777], [96.3929443359, -38.4103622437, -7.61920642853, -20.4735355377, -25.1574344635, -7.86456918716, 7.42791557312, 72.4648361206, 8.97441291809, -6.09944343567, 6.01288509369, -2.07468628883, 9.99903964996], [-13.788693428, 19.0279388428, -16.9024105072, 0.852978348732, -7.21682596207, -7.58198738098, -1.60673999786, 8.97441291809, 49.5312004089, 11.8011827469, 6.04445981979, -2.00051379204, 0.956534087658], [1.88133847713, 9.45637321472, 5.41313457489, 6.46736812592, 1.30583143234, -1.9698703289, -3.27185249329, -6.09944343567, 11.8011827469, 46.4305305481, 9.10296440125, 0.292599856853, 2.20393157005], [8.85287857056, -12.5201272964, -8.01498126984, -5.01983451843, -11.8879594803, -5.04175376892, -4.78855419159, 6.01288509369, 6.04445981979, 9.10296440125, 44.1524620056, 5.44806098938, 6.72115802765], [63.3162193298, -36.9226493835, 14.3352918625, -33.002117157, 1.92765963078, -3.22736883163, -2.02986764908, -2.07468628883, -2.00051379204, 0.292599856853, 5.44806098938, 50.0244750977, 5.460750103], [42.1391983032, -6.43047380447, -4.94400835037, -5.13390111923, -12.7755699158, -1.47310519218, -2.46825432777, 9.99903964996, 0.956534087658, 2.20393157005, 6.72115802765, 5.460750103, 41.1488990784]]
    },
    "sccoeffs": {
        "kurt": [-0.043128490448, 0.325119256973, 0.588835477829, 0.926498174667, 1.63651275635, 0.777704000473],
        "max": [-0.460460364819, -0.676231741905, -0.621096074581, -0.760307490826, -0.723858714104, -0.761785924435],
        "mean": [-0.656802475452, -0.824244201183, -0.801548480988, -0.855889439583, -0.83699464798, -0.835573792458],
        "median": [-0.658608198166, -0.827143251896, -0.80519670248, -0.858475923538, -0.839730262756, -0.837494254112],
        "min": [-0.932659864426, -0.94338452816, -0.935601532459, -0.933013379574, -0.922987341881, -0.909597873688],
        "skew": [0.108001604676, 0.393876492977, 0.524835288525, 0.554134786129, 0.780058264732, 0.583591401577],
        "var": [0.00416735326871, 0.00155928765889, 0.00177443097346, 0.00048605518532, 0.000496684515383, 0.000350514077581],
        "cov": [[0.00417110417038, 0.000235634550336, 0.000211074235267, 6.41707301838e-05, 0.000223969836952, 6.66984415147e-05], [0.000235634550336, 0.00156069116201, 0.000278406805592, 9.5515846624e-05, 0.000150063598994, 0.000103936879896], [0.000211074235267, 0.000278406805592, 0.00177602807526, 1.15815291792e-05, 0.000150952721015, 0.000159590490512], [6.41707301838e-05, 9.5515846624e-05, 1.15815291792e-05, 0.000486492674099, 6.6585096647e-05, 4.00651370001e-05], [0.000223969836952, 0.000150063598994, 0.000150952721015, 6.6585096647e-05, 0.000497131550219, 0.000134227331728], [6.66984415147e-05, 0.000103936879896, 0.000159590490512, 4.00651370001e-05, 0.000134227331728, 0.000350829563104]]
    },
    "scvalleys": {
        "kurt": [9.30617523193, 11.2612867355, 17.8122577667, 35.8961982727, 43.0135040283, 14.5032730103],
        "max": [-5.00120830536, -4.98934602737, -5.85960006714, -7.081158638, -7.07555866241, -7.94703102112],
        "mean": [-6.73047780991, -7.24869775772, -7.86702489853, -8.88847446442, -8.42850875854, -9.7210855484],
        "median": [-6.72435188293, -7.2238073349, -7.87514734268, -8.87619018555, -8.3924407959, -9.70417118073],
        "min": [-12.5740203857, -13.2675161362, -14.3509893417, -15.1058530807, -15.2264480591, -16.5030422211],
        "skew": [-1.48221683502, -1.45700359344, -1.90616619587, -3.76587772369, -4.1374540329, -1.61792850494],
        "var": [0.386719733477, 0.3881264925, 0.328668504953, 0.225442156196, 0.231372281909, 0.384897977114],
        "cov": [[0.387067824602, 0.260273724794, 0.19889947772, 0.208365410566, 0.210484296083, 0.208918452263], [0.260273724794, 0.388475835323, 0.252965033054, 0.2242513448, 0.22456599772, 0.261823028326], [0.19889947772, 0.252965033054, 0.328964322805, 0.201300606132, 0.215912878513, 0.252602547407], [0.208365410566, 0.2242513448, 0.201300606132, 0.225645080209, 0.196417018771, 0.203770294785], [0.210484296083, 0.22456599772, 0.215912878513, 0.196417018771, 0.231580540538, 0.226076692343], [0.208918452263, 0.261823028326, 0.252602547407, 0.203770294785, 0.226076692343, 0.385244429111]]
    }
},
"rhythm": {
    "beats_loudness": {
        "kurt": 15.3417644501,
        "max": 0.00858524255455,
        "mean": 0.00148730794899,
        "median": 0.0013307799818,
        "min": 2.41356701736e-05,
        "skew": 3.28104829788,
        "var": 1.51908875523e-06
    },
    "bpm": 162.714569092,
    "confidence": 0.985004127026,
    "first_peak_bpm": {
        "kurt": 0,
        "max": 161,
        "mean": 161,
        "median": 161,
        "min": 161,
        "skew": 0,
        "var": 0
    },
    "first_peak_spread": {
        "kurt": 0,
        "max": 0.233333289623,
        "mean": 0.233333289623,
        "median": 0.233333289623,
        "min": 0.233333289623,
        "skew": 0,
        "var": 0
    },
    "first_peak_weight": {
        "kurt": 0,
        "max": 0.348484843969,
        "mean": 0.348484843969,
        "median": 0.348484843969,
        "min": 0.348484843969,
        "skew": 0,
        "var": 0
    },
    "onset_rate": 4.30591344833,
    "second_peak_bpm": {
        "kurt": 0,
        "max": 152,
        "mean": 152,
        "median": 152,
        "min": 152,
        "skew": 0,
        "var": 0
    },
    "second_peak_spread": {
        "kurt": 0,
        "max": 0.111111104488,
        "mean": 0.111111104488,
        "median": 0.111111104488,
        "min": 0.111111104488,
        "skew": 0,
        "var": 0
    },
    "second_peak_weight": {
        "kurt": 0,
        "max": 0.242424249649,
        "mean": 0.242424249649,
        "median": 0.242424249649,
        "min": 0.242424249649,
        "skew": 0,
        "var": 0
    },
    "beats_loudness_band_ratio": {
        "kurt": [-0.445995092392, 2.07749223709, 12.375784874, 13.443271637, 10.0259256363, 2.75724172592],
        "max": [0.872899234295, 0.766522586346, 0.494667559862, 0.196574985981, 0.151153311133, 0.116106383502],
        "mean": [0.642001986504, 0.250252991915, 0.0897849798203, 0.0312119424343, 0.0335984602571, 0.0353578664362],
        "median": [0.654295325279, 0.221635758877, 0.0822950676084, 0.0228775721043, 0.0299160089344, 0.0303059183061],
        "min": [0.290196865797, 0.06301523, 0.0159135665745, 0.00326157663949, 0.00678895460442, 0.00546800438315],
        "skew": [-0.609156131744, 1.16316235065, 2.92291164398, 3.07704305649, 2.42007684708, 1.36444938183],
        "var": [0.0231114253402, 0.0173481926322, 0.00534661766142, 0.000852313125506, 0.000482473085867, 0.000404438789701],
        "cov": [[0.0234615989029, -0.0118884909898, -0.00643061101437, -0.00195119413547, -0.00150971673429, -0.00173414149322], [-0.0118884909898, 0.0176110453904, -0.0018545659259, -0.000623788568191, 8.25276511023e-05, 0.000332107476424], [-0.00643061101437, -0.0018545659259, 0.00542762689292, 0.00120528880507, 0.000601624778938, 0.000502151728142], [-0.00195119413547, -0.000623788568191, 0.00120528880507, 0.000865226960741, 0.000276384555036, 0.000231172918575], [-0.00150971673429, 8.25276511023e-05, 0.000601624778938, 0.000276384555036, 0.00048978329869, 0.000198941779672], [-0.00173414149322, 0.000332107476424, 0.000502151728142, 0.000231172918575, 0.000198941779672, 0.000410566630308]]
    },
    "beats_position": [0.348299324512, 0.673378646374, 1.02167797089, 1.369977355, 1.74149656296, 2.11301589012, 2.48453521729, 2.85605430603, 3.27401351929, 3.66875267029, 4.06349182129, 4.48145103455, 4.87619018555, 5.27092981339, 5.66566896439, 6.08362817764, 6.45514726639, 6.84988641739, 7.26784563065, 7.66258478165, 8.05732440948, 8.45206356049, 8.84680271149, 9.21832180023, 9.58984088898, 9.94974994659, 10.3328800201, 10.71600914, 11.0991382599, 11.4938774109, 11.8886165619, 12.2601356506, 12.6780948639, 13.0496139526, 13.4211339951, 13.7926530838, 14.1641721725, 14.5473012924, 14.90721035, 15.2671203613, 15.6270294189, 15.9985485077, 16.3700675964, 16.7183666229, 17.0898857117, 17.4614048004, 17.8329238892, 18.1928348541, 18.5643539429, 18.9242630005, 19.272562027, 19.6208610535, 19.9923801422, 20.3522891998, 20.7354183197, 21.1069393158, 21.4784584045, 21.8731975555, 22.2795467377, 22.6626758575, 23.0341949463, 23.405714035, 23.800453186, 24.195192337, 24.5783214569, 24.984670639, 25.37940979],
    "bpm_estimates": [161.499053955, 161.49899292, 161.49899292, 161.499099731, 161.499099731, 161.499099731, 161.499099731, 166.708786011, 161.499099731, 161.499099731, 161.498687744, 161.499099731, 161.499099731, 166.708786011, 166.708343506, 166.708786011, 161.499099731, 161.499099731, 161.499099731, 161.499099731, 161.499099731, 166.707901001, 161.499099731, 166.708786011, 161.499099731, 166.708786011, 161.498275757, 161.499099731, 161.499099731, 161.499099731],
    "bpm_intervals": [0.325079321861, 0.348299324512, 0.348299384117, 0.371519207954, 0.371519327164, 0.371519327164, 0.371519088745, 0.417959213257, 0.394739151001, 0.394739151001, 0.417959213257, 0.394739151001, 0.394739627838, 0.394739151001, 0.417959213257, 0.371519088745, 0.394739151001, 0.417959213257, 0.394739151001, 0.394739627838, 0.394739151001, 0.394739151001, 0.371519088745, 0.371519088745, 0.359909057617, 0.383130073547, 0.383129119873, 0.383129119873, 0.394739151001, 0.394739151001, 0.371519088745, 0.417959213257, 0.371519088745, 0.371520042419, 0.371519088745, 0.371519088745, 0.383129119873, 0.359909057617, 0.359910011292, 0.359909057617, 0.371519088745, 0.371519088745, 0.348299026489, 0.371519088745, 0.371519088745, 0.371519088745, 0.359910964966, 0.371519088745, 0.359909057617, 0.348299026489, 0.348299026489, 0.371519088745, 0.359909057617, 0.383129119873, 0.371520996094, 0.371519088745, 0.394739151001, 0.406349182129, 0.383129119873, 0.371519088745, 0.371519088745, 0.394739151001, 0.394739151001, 0.383129119873, 0.406349182129, 0.394739151001],
    "onset_times": [0.0696598663926, 0.371519267559, 1.02167797089, 1.11455786228, 1.46285712719, 1.5673469305, 1.62539684772, 1.98530614376, 2.17106580734, 2.68190479279, 2.89088439941, 3.00698423386, 3.12308382988, 3.56426310539, 3.77324271202, 4.051882267, 4.12154197693, 4.37696123123, 4.62077093124, 4.65560102463, 5.29414987564, 5.41024923325, 5.8282084465, 5.92108821869, 6.14167785645, 6.23455762863, 6.47836732864, 6.66412687302, 6.78022670746, 6.98920631409, 7.37233543396, 7.66258525848, 8.18503379822, 8.93968296051, 9.0093421936, 9.54340171814, 10.077460289, 10.2051696777, 10.4025392532, 10.7624492645, 10.9830389023, 11.1920185089, 11.4009981155, 11.5403175354, 11.9118366241, 12.2717456818, 12.5039453506, 12.6200456619, 12.9451246262, 13.328253746, 13.5488433838, 13.6997728348, 13.8390932083, 14.0945129395, 14.2106122971, 14.4544219971, 14.8259410858, 15.1858501434, 15.5341501236, 15.7663488388, 15.9288892746, 16.1494789124, 16.2771873474, 16.3816776276, 16.50938797, 16.6487083435, 16.7299766541, 16.8576869965, 16.99700737, 17.1247158051, 17.3685264587, 17.48462677, 17.600725174, 17.7516555786, 17.8561458588, 18.1463947296, 18.2160549164, 18.5179138184, 19.0868034363, 19.2957820892, 19.6324710846, 19.8878917694, 20.0272102356, 20.2594108582, 20.5380496979, 20.6541500092, 21.0140590668, 21.4087982178, 21.5132884979, 21.7803173065, 21.9428577423, 22.1634464264, 22.3492069244, 22.6394557953, 23.0225849152, 23.405714035, 23.6379146576, 23.7656230927, 23.8585033417, 23.9862136841, 24.1139221191, 24.2184123993, 24.4854431152, 24.5667114258, 24.7060317993, 24.8337421417, 24.9150104523, 25.0311107635, 25.2865314484, 25.4142398834, 25.5767803192],
