{
"metadata": {
    "version": {
        "essentia": "2.1-beta3"
    }
},
"lowLevel": {
    "average_loudness": 0.986125588417,
    "barkbands_kurtosis": {
        "kurt": 1.58852720261,
        "max": 4.99335050583,
        "mean": -0.00247464701533,
        "median": -0.280027151108,
        "min": -1.72042441368,
        "skew": 1.17969143391,
        "var": 1.38938784599
    },
    "barkbands_skewness": {
        "kurt": 0.179439067841,
        "max": 2.34764909744,
        "mean": 1.11847937107,
        "median": 1.10526454449,
        "min": -0.38220757246,
        "skew": 0.0658640116453,
        "var": 0.189795032144
    },
    "barkbands_spread": {
        "kurt": -0.24945640564,
        "max": 51.3935775757,
        "mean": 32.980758667,
        "median": 32.96118927,
        "min": 16.8576030731,
        "skew": 0.0877418145537,
        "var": 42.8942146301
    },
    "dissonance": {
        "kurt": 17.2736682892,
        "max": 0.5,
        "mean": 0.481497585773,
        "median": 0.483453273773,
        "min": 0.379789173603,
        "skew": -2.78536581993,
        "var": 0.000155028756126
    },
    "hfc": {
        "kurt": 0.923558473587,
        "max": 35.6195259094,
        "mean": 13.0770940781,
        "median": 11.8042488098,
        "min": 0.23294878006,
        "skew": 0.983215272427,
        "var": 27.9809055328
    },
    "pitch": {
        "kurt": -1.22335386276,
        "max": 4019.85986328,
        "mean": 1301.71179199,
        "median": 266.476043701,
        "min": 62.945438385,
        "skew": 0.869954645634,
        "var": 2722403.25
    },
    "pitch_instantaneous_confidence": {
        "kurt": 3.55604600906,
        "max": 0.615125536919,
        "mean": 0.241968348622,
        "median": 0.227784335613,
        "min": 0.115140974522,
        "skew": 1.51821291447,
        "var": 0.00593396555632
    },
    "pitch_salience": {
        "kurt": -0.129333734512,
        "max": 0.865769982338,
        "mean": 0.730169951916,
        "median": 0.733529865742,
        "min": 0.582680463791,
        "skew": -0.339045494795,
        "var": 0.00259450217709
    },
    "silence_rate_20dB": {
        "kurt": 0,
        "max": 1,
        "mean": 1,
        "median": 1,
        "min": 1,
        "skew": 0,
        "var": 0
    },
    "silence_rate_30dB": {
        "kurt": 0,
        "max": 1,
        "mean": 1,
        "median": 1,
        "min": 1,
        "skew": 0,
        "var": 0
    },
    "silence_rate_60dB": {
        "kurt": 0,
        "max": 0,
        "mean": 0,
        "median": 0,
        "min": 0,
        "skew": 0,
        "var": 0
    },
    "spectral_centroid": {
        "kurt": 1.17359781265,
        "max": 2076.59179688,
        "mean": 984.169067383,
        "median": 943.630249023,
        "min": 486.449066162,
        "skew": 0.84843057394,
        "var": 62198.3945312
    },
    "spectral_complexity": {
        "kurt": 0.410863161087,
        "max": 52,
        "mean": 27.1861114502,
        "median": 27,
        "min": 1,
        "skew": 0.250948667526,
        "var": 50.0070266724
    },
    "spectral_crest": {
        "kurt": 0.565862178802,
        "max": 17.3941287994,
        "mean": 7.79029130936,
        "median": 7.42679786682,
        "min": 3.23210906982,
        "skew": 0.785091221333,
        "var": 5.97443389893
    },
    "spectral_decrease": {
        "kurt": 0.339596748352,
        "max": -7.32541249882e-11,
        "mean": -3.26387294969e-09,
        "median": -2.97872748689e-09,
        "min": -7.05281566482e-09,
        "skew": -0.763272821903,
        "var": 1.40686175479e-18
    },
    "spectral_energy": {
        "kurt": 0.213922023773,
        "max": 0.0282374955714,
        "mean": 0.013504743576,
        "median": 0.0122863724828,
        "min": 0.000297607359244,
        "skew": 0.717845857143,
        "var": 2.32330621657e-05
    },
    "spectral_energyband_high": {
        "kurt": 4.68249845505,
        "max": 0.00309069687501,
        "mean": 0.000708988984115,
        "median": 0.000596342841163,
        "min": 1.01171053757e-05,
        "skew": 1.74585819244,
        "var": 1.54946221187e-07
    },
    "spectral_energyband_low": {
        "kurt": 2.52307510376,
        "max": 0.0102079454809,
        "mean": 0.00235301279463,
        "median": 0.00197543599643,
        "min": 4.26696060458e-05,
        "skew": 1.35934948921,
        "var": 2.49705885835e-06
    },
    "spectral_energyband_middle_high": {
        "kurt": 0.977075815201,
        "max": 0.00795773323625,
        "mean": 0.00301502109505,
        "median": 0.002764623845,
        "min": 5.14657403983e-05,
        "skew": 1.01809740067,
        "var": 1.45941919527e-06
    },
    "spectral_energyband_middle_low": {
        "kurt": 1.15690469742,
        "max": 0.0235646404326,
        "mean": 0.00802049972117,
        "median": 0.0072610876523,
        "min": 0.000201799659408,
        "skew": 0.961150705814,
        "var": 1.19500455185e-05
    },
    "spectral_flatness_db": {
        "kurt": -0.133901119232,
        "max": 0.166027724743,
        "mean": 0.120635390282,
        "median": 0.120120689273,
        "min": 0.0929290503263,
        "skew": 0.359490662813,
        "var": 0.00017559734988
    },
    "spectral_flux": {
        "kurt": -0.346767902374,
        "max": 0.108398348093,
        "mean": 0.0726442039013,
        "median": 0.0725430101156,
        "min": 0.0413077548146,
        "skew": 0.228248372674,
        "var": 0.000175493609277
    },
    "spectral_kurtosis": {
        "kurt": 2.56220531464,
        "max": 5.40243530273,
        "mean": 4.46923017502,
        "median": 4.42297458649,
        "min": 4.09901666641,
        "skew": 1.36736917496,
        "var": 0.0436591766775
    },
    "spectral_rms": {
        "kurt": 0.759046792984,
        "max": 0.00524869281799,
        "mean": 0.0035719901789,
        "median": 0.00346218212508,
        "min": 0.000538840075023,
        "skew": 0.102113999426,
        "var": 4.16245853785e-07
    },
    "spectral_rolloff": {
        "kurt": -0.62902879715,
        "max": 4005.17578125,
        "mean": 2469.31933594,
        "median": 2573.21777344,
        "min": 430.6640625,
        "skew": -0.367862462997,
        "var": 709205.75
    },
    "spectral_skewness": {
        "kurt": -0.0908074378967,
        "max": 1.98292815685,
        "mean": 1.6977558136,
        "median": 1.68825364113,
        "min": 1.52426719666,
        "skew": 0.364828020334,
        "var": 0.00589608168229
    },
    "spectral_spread": {
        "kurt": 1.70933818817,
        "max": 6048906.5,
        "mean": 5840895.5,
        "median": 5839875.5,
        "min": 5515863.5,
        "skew": -0.366779208183,
        "var": 4976174080
    },
    "spectral_strongpeak": {
        "kurt": 3.28163003922,
        "max": 1.30892753601,
        "mean": 0.279816508293,
        "median": 0.239210963249,
        "min": 0.0115156797692,
        "skew": 1.36399149895,
        "var": 0.0300048403442
    },
    "zerocrossingrate": {
        "kurt": 4.34428930283,
        "max": 0.0849609375,
        "mean": 0.0594292543828,
        "median": 0.0595703125,
        "min": 0.013671875,
        "skew": -0.747681856155,
        "var": 5.33196507604e-05
    },
    "barkbands": {
        "kurt": [5.86300373077, 3.68198251724, 3.31417369843, 0.258099317551, 4.11443996429, 3.08933401108, 2.79292964935, 7.51839542389, 2.34049034119, 8.21531295776, 16.4851169586, 2.30702877045, 21.4879684448, 10.3010396957, 8.19576454163, 2.09807682037, 4.43700027466, 11.9796466827, 3.4645242691, 8.6975479126, 2.79289913177, 1.8025970459, 4.32109880447, 0.158145189285, 3.05510425568, 6.58030986786, 0.94943356514],
        "max": [5.58783904125e-06, 0.00354462629184, 0.00621948391199, 0.00527295935899, 0.0181023851037, 0.0053618461825, 0.00271758972667, 0.00180896115489, 0.00132771511562, 0.00122121104505, 0.00100639951415, 0.000648114073556, 0.00109901069663, 0.00153805466834, 0.00125571468379, 0.000822562375106, 0.00093821779592, 0.0029197668191, 0.00206565484405, 0.00435896404088, 0.000973992864601, 0.000205078220461, 4.57788228232e-05, 1.31935921672e-05, 2.1107845896e-05, 2.33979972109e-06, 3.08511971525e-08],
        "mean": [8.0406152847e-07, 0.000611646741163, 0.00121462519746, 0.00152363616508, 0.00378256640397, 0.00133175624069, 0.000631700793747, 0.000334511627443, 0.000341408536769, 0.000231038924539, 0.000147920873133, 0.000167239340954, 0.000141930941027, 0.000252252357313, 0.000240839071921, 0.000227990691201, 0.000235951491049, 0.000458202150185, 0.000552701530978, 0.000708861509338, 0.000270529446425, 6.93300462444e-05, 1.42411299748e-05, 6.25341908744e-06, 6.30208342045e-06, 5.01684212395e-07, 1.2205459754e-08],
        "median": [5.13675502134e-07, 0.000452011707239, 0.000899998121895, 0.00140001787804, 0.00320808123797, 0.00114866090007, 0.000517846317962, 0.000284688721877, 0.000285665068077, 0.00019456956943, 0.000120514887385, 0.000133654801175, 0.000116216760944, 0.000190619379282, 0.000194667081814, 0.000201185728656, 0.00020678419969, 0.000360030593583, 0.00044231271022, 0.000493975705467, 0.000223534138058, 6.28859124845e-05, 1.22193068819e-05, 5.76508909944e-06, 5.66293965676e-06, 4.23471590238e-07, 1.11321352136e-08],
        "min": [4.91869256436e-09, 1.58553320944e-05, 1.42715198308e-05, 2.38828506554e-05, 0.000120657445223, 4.63555334136e-05, 7.56154895498e-06, 1.63615038673e-06, 1.41472378345e-06, 6.01278088652e-07, 2.97972434282e-07, 2.21915547627e-06, 7.29739349481e-06, 3.17374701808e-06, 1.09294887807e-06, 2.6826071462e-06, 1.19509886645e-05, 7.16853310223e-06, 1.23413328765e-05, 4.57583973912e-06, 6.27229019301e-06, 1.21362893424e-06, 1.74301291622e-07, 1.17112485043e-07, 1.29665053805e-07, 6.20612805591e-09, 3.13080505965e-10],
        "skew": [2.11000132561, 1.6800236702, 1.66345107555, 0.774277985096, 1.54991900921, 1.50485193729, 1.54532957077, 2.00544929504, 1.39127111435, 2.20616149902, 3.071641922, 1.47014760971, 3.54119348526, 2.73154520988, 2.3780066967, 1.29949259758, 1.68315315247, 2.63042783737, 1.79092741013, 2.59070014954, 1.60088968277, 1.19037520885, 1.72482454777, 0.720345258713, 1.46393382549, 1.94718754292, 0.951090931892],
        "var": [7.01523041047e-13, 2.97019653317e-07, 1.14581234811e-06, 1.0749743069e-06, 5.76722095502e-06, 7.80615039275e-07, 2.32967593661e-07, 5.36942437179e-08, 5.04139485713e-08, 2.61940815705e-08, 1.11884430609e-08, 1.16663887439e-08, 1.11074793807e-08, 4.20101073928e-08, 2.83183130279e-08, 1.54842609845e-08, 1.72888370287e-08, 1.05658706673e-07, 1.29060055087e-07, 3.62682044397e-07, 2.51501806048e-08, 9.35176047712e-10, 4.59057687696e-11, 4.69994139093e-12, 7.976007875e-12, 7.40133797891e-14, 2.04877086734e-17],
        "cov": [[7.03477098622e-13, 1.76029260612e-11, -2.46187722985e-11, 4.1896010966e-11, 2.73167488629e-10, 3.0971596815e-11, 1.32688582344e-11, 5.54258592148e-12, 2.87726457243e-11, 2.65713683695e-11, 1.77256750944e-11, 2.92221021686e-12, 6.07677059714e-12, -2.15424314672e-12, 3.32031069306e-11, 2.61292879694e-11, 3.6967729225e-12, 1.88304701693e-11, -7.77044783227e-14, 9.69553257124e-12, 4.3942371443e-12, 4.31004537615e-12, 3.77931139075e-13, 2.83763870691e-13, 3.59744108417e-13, 1.59321866003e-14, 4.44028355827e-16], [1.76029260612e-11, 2.97847009278e-07, 2.94384562949e-07, 4.2531681288e-08, 8.05853233032e-08, 7.31026617018e-08, 2.25808225451e-08, -8.0460438312e-09, 1.96915692641e-08, 6.15820283656e-10, -3.95929200536e-09, 3.32072391807e-09, 3.34696714788e-09, 1.05691606578e-08, 1.15829745795e-09, 3.90255472382e-09, 1.23321095558e-08, 1.8681591385e-08, -7.81825093554e-09, 2.48042795192e-08, 1.99781902133e-09, 2.40410735763e-09, 2.92664725787e-10, 3.1335103956e-10, 1.40858935627e-10, 1.49326644799e-11, 4.19568459836e-13], [-2.46187722985e-11, 2.94384562949e-07, 1.1490039924e-06, 2.3363196533e-07, 4.6731980774e-07, 1.32221416038e-08, 1.20144619586e-07, 1.71867835519e-08, 2.36243522522e-08, 1.16111360526e-08, -6.21942763956e-09, 2.78252110242e-09, 1.26735502093e-08, 6.39697539384e-09, -1.92895921458e-08, 4.8361878946e-09, 1.84580972729e-08, 6.78920599739e-08, -4.04182962654e-08, 4.13339158456e-08, -4.41541941898e-10, 2.52644349885e-09, 5.77838221716e-10, 7.8822487426e-10, 1.03291597497e-10, 1.85375742534e-11, 7.6817399013e-13], [4.1896010966e-11, 4.2531681288e-08, 2.3363196533e-07, 1.07796870452e-06, 5.83408052535e-07, 1.01486833159e-07, 9.12768598482e-08, 2.94964963565e-09, 1.42300224937e-08, 3.31557998834e-08, 3.2794094551e-08, 3.70678137074e-08, -3.50087625556e-09, -8.31826163505e-09, 2.48743727838e-08, 1.8582015926e-08, 1.88784312627e-08, 9.27818177843e-08, 5.61386279685e-08, 1.51878779775e-07, 3.75851527679e-08, 6.78831790779e-09, 7.96721633112e-10, 9.3881213914e-10, 4.78223904921e-10, 9.11846639862e-11, 1.62714286489e-12], [2.73167488629e-10, 8.05853233032e-08, 4.6731980774e-07, 5.83408052535e-07, 5.78328535994e-06, 5.97280291004e-07, 2.25878636684e-07, 4.14547152161e-08, 1.03245128003e-07, 5.68164644221e-08, 9.21735665571e-09, 2.36061445946e-08, 4.04231847995e-08, 7.9078184001e-09, 5.2104176973e-08, 6.31093470815e-08, 7.81302063046e-08, 2.62287358055e-07, 1.74296118871e-07, 9.78330305657e-08, 1.05209757351e-07, 2.15732853803e-08, 2.05537298292e-09, 3.34776606437e-09, 1.61754587502e-09, 1.27209603962e-10, 4.49155339657e-12], [3.0971596815e-11, 7.31026617018e-08, 1.32221416038e-08, 1.01486833159e-07, 5.97280291004e-07, 7.82789413734e-07, 7.4089193447e-08, 2.87829440282e-08, 2.64172648201e-08, 1.5679850307e-08, 4.0238656851e-09, 1.60668758298e-08, 1.49058916321e-08, 2.81079515219e-08, 1.4187362396e-08, 1.96234886118e-08, 2.87019030765e-08, 4.18261443258e-08, 2.70461200103e-08, 6.98945541444e-08, 1.60069184574e-08, 6.86563561558e-09, 1.27391530658e-09, 8.76602179734e-10, 5.84414960869e-10, 4.45520738357e-11, 1.49128344222e-12], [1.32688582344e-11, 2.25808225451e-08, 1.20144619586e-07, 9.12768598482e-08, 2.25878636684e-07, 7.4089193447e-08, 2.33616532341e-07, 1.51914782975e-08, 1.18375140801e-08, 1.02393338253e-08, -3.62359808825e-10, 6.55508802794e-09, 1.3826694456e-08, 3.74703112982e-09, 3.1972231529e-09, 1.74971930278e-08, 9.18152132101e-09, 2.74004818834e-08, 4.60026576832e-08, 1.99598044759e-08, 2.02149852413e-08, 2.74234346342e-09, 7.31094851325e-10, 4.18845652606e-10, 2.80262785202e-10, 2.22598935812e-11, 7.61196823889e-13], [5.54258592148e-12, -8.0460438312e-09, 1.71867835519e-08, 2.94964963565e-09, 4.14547152161e-08, 2.87829440282e-08, 1.51914782975e-08, 5.38438094111e-08, 1.47655336846e-08, 5.47826539687e-09, 1.4948393634e-09, 4.72453631772e-09, 2.8365321203e-09, 5.0121706785e-09, 3.49914097697e-09, 3.74090447508e-09, 4.31534985523e-09, 4.91055285323e-09, 1.95451477225e-08, 3.39710624075e-08, 7.05319491701e-09, 1.01519459506e-09, 3.33580219003e-10, 1.61915314489e-10, 1.32251223861e-10, 1.71734085286e-11, 3.46289349192e-13], [2.87726457243e-11, 1.96915692641e-08, 2.36243522522e-08, 1.42300224937e-08, 1.03245128003e-07, 2.64172648201e-08, 1.18375140801e-08, 1.47655336846e-08, 5.05543766849e-08, 1.12074323155e-08, 3.94879107191e-09, 6.78631950635e-09, 2.07491335225e-09, 1.18281962003e-08, 1.24838823723e-08, 5.3430557756e-09, 5.50488721274e-09, 1.58909490011e-08, 1.9504126314e-08, 3.6948886617e-08, 9.66391144885e-09, 2.26509655477e-09, 6.65628829832e-10, 2.2409017697e-10, 2.24631910295e-10, 2.20887318853e-11, 4.39299367282e-13], [2.65713683695e-11, 6.15820283656e-10, 1.16111360526e-08, 3.31557998834e-08, 5.68164644221e-08, 1.5679850307e-08, 1.02393338253e-08, 5.47826539687e-09, 1.12074323155e-08, 2.62670454276e-08, 7.82920928089e-09, 4.64063187877e-09, 1.13343689989e-09, 3.70115804671e-09, 7.13546199904e-09, 3.15455661593e-09, 3.62284935385e-09, 1.00382004931e-08, 8.3734388312e-09, 2.91144726106e-08, 4.13223233409e-09, 1.45152134756e-09, 3.44941186725e-10, 1.59919522069e-10, 1.16308504494e-10, 1.44232533902e-11, 2.89368762242e-13], [1.77256750944e-11, -3.95929200536e-09, -6.21942763956e-09, 3.2794094551e-08, 9.21735665571e-09, 4.0238656851e-09, -3.62359808825e-10, 1.4948393634e-09, 3.94879107191e-09, 7.82920928089e-09, 1.12196092417e-08, 1.98985916633e-09, 2.35821362438e-10, -5.28240839959e-10, 6.83229250953e-09, 3.34573102556e-09, 1.81165760171e-09, 2.31443730847e-09, 3.051447095e-09, 1.06400683819e-08, 1.27171528863e-09, 1.00529917724e-09, 1.1193038163e-10, 7.12464462427e-11, 5.87820001008e-11, 5.95621165236e-12, 1.17759277264e-13], [2.92221021686e-12, 3.32072391807e-09, 2.78252110242e-09, 3.70678137074e-08, 2.36061445946e-08, 1.60668758298e-08, 6.55508802794e-09, 4.72453631772e-09, 6.78631950635e-09, 4.64063187877e-09, 1.98985916633e-09, 1.16988863041e-08, 1.61104363183e-09, 1.47002576778e-09, 2.88321255759e-09, 1.98952765373e-09, 4.2995593752e-09, 1.16129967864e-08, 1.39468845362e-08, 2.5520790814e-08, 6.87265311328e-09, 1.04655317745e-09, 2.58913612772e-10, 1.2332329602e-10, 9.38102442949e-11, 1.47889148844e-11, 2.51861384396e-13], [6.07677059714e-12, 3.34696714788e-09, 1.26735502093e-08, -3.50087625556e-09, 4.04231847995e-08, 1.49058916321e-08, 1.3826694456e-08, 2.8365321203e-09, 2.07491335225e-09, 1.13343689989e-09, 2.35821362438e-10, 1.61104363183e-09, 1.1138419076e-08, 4.36326041964e-09, 2.41724595895e-09, 3.39786754289e-09, 3.83966103357e-09, 7.28926563554e-09, 4.6453760838e-09, 3.37184236088e-09, 2.65980548697e-09, 9.47281364461e-10, 3.94960814054e-10, 1.00145100546e-10, 9.08543171252e-11, 4.46393703252e-12, 1.52138162637e-13], [-2.15424314672e-12, 1.05691606578e-08, 6.39697539384e-09, -8.31826163505e-09, 7.9078184001e-09, 2.81079515219e-08, 3.74703112982e-09, 5.0121706785e-09, 1.18281962003e-08, 3.70115804671e-09, -5.28240839959e-10, 1.47002576778e-09, 4.36326041964e-09, 4.2127126676e-08, 1.12118492268e-08, 5.61888047201e-09, 5.85753268112e-09, 2.06060821739e-08, 1.61865401083e-08, 8.46449399461e-09, 7.94805288251e-09, 2.59209542719e-09, 1.05945607842e-09, 9.19029713442e-11, 4.01568389652e-10, 1.25436458095e-11, 3.4578646912e-13], [3.32031069306e-11, 1.15829745795e-09, -1.92895921458e-08, 2.48743727838e-08, 5.2104176973e-08, 1.4187362396e-08, 3.1972231529e-09, 3.49914097697e-09, 1.24838823723e-08, 7.13546199904e-09, 6.83229250953e-09, 2.88321255759e-09, 2.41724595895e-09, 1.12118492268e-08, 2.83971939297e-08, 8.92943674558e-09, 4.90859619617e-09, 1.27591297527e-08, 1.6552428761e-08, 2.05415453536e-08, 7.69580132953e-09, 3.06410163908e-09, 4.53665577327e-10, 1.11904256694e-10, 3.22488535875e-10, 1.60163080715e-11, 3.39706480177e-13], [2.61292879694e-11, 3.90255472382e-09, 4.8361878946e-09, 1.8582015926e-08, 6.31093470815e-08, 1.96234886118e-08, 1.74971930278e-08, 3.74090447508e-09, 5.3430557756e-09, 3.15455661593e-09, 3.34573102556e-09, 1.98952765373e-09, 3.39786754289e-09, 5.61888047201e-09, 8.92943674558e-09, 1.55273927049e-08, 7.0947061559e-09, 1.37263596045e-08, 1.24670380686e-08, 1.81568449165e-08, 6.89204826543e-09, 2.72993694317e-09, 2.8030081034e-10, 1.09354754418e-10, 2.24398027937e-10, 1.43664516047e-11, 3.05829986986e-13], [3.6967729225e-12, 1.23321095558e-08, 1.84580972729e-08, 1.88784312627e-08, 7.81302063046e-08, 2.87019030765e-08, 9.18152132101e-09, 4.31534985523e-09, 5.50488721274e-09, 3.62284935385e-09, 1.81165760171e-09, 4.2995593752e-09, 3.83966103357e-09, 5.85753268112e-09, 4.90859619617e-09, 7.0947061559e-09, 1.73369958389e-08, 2.21246754251e-08, 2.1334761513e-08, 2.29509087291e-08, 1.16280984841e-08, 3.11333181457e-09, 3.1678204504e-10, 1.43464823354e-10, 2.258066234e-10, 1.87610465358e-11, 3.56582439357e-13], [1.88304701693e-11, 1.8681591385e-08, 6.78920599739e-08, 9.27818177843e-08, 2.62287358055e-07, 4.18261443258e-08, 2.74004818834e-08, 4.91055285323e-09, 1.58909490011e-08, 1.00382004931e-08, 2.31443730847e-09, 1.16129967864e-08, 7.28926563554e-09, 2.06060821739e-08, 1.27591297527e-08, 1.37263596045e-08, 2.21246754251e-08, 1.05953020579e-07, 4.53416149071e-08, 4.33523652532e-08, 3.54200224706e-08, 5.90920246069e-09, 9.61453028303e-10, 3.82174902835e-10, 5.79324810346e-10, 4.4654765996e-11, 8.82925189124e-13], [-7.77044783227e-14, -7.81825093554e-09, -4.04182962654e-08, 5.61386279685e-08, 1.74296118871e-07, 2.70461200103e-08, 4.60026576832e-08, 1.95451477225e-08, 1.9504126314e-08, 8.3734388312e-09, 3.051447095e-09, 1.39468845362e-08, 4.6453760838e-09, 1.61865401083e-08, 1.6552428761e-08, 1.24670380686e-08, 2.1334761513e-08, 4.53416149071e-08, 1.2941956129e-07, 5.11466744513e-08, 5.2170449294e-08, 5.39288569357e-09, 8.96325402788e-10, 3.17842835384e-10, 5.35867517026e-10, 5.4379483555e-11, 9.52716421379e-13], [9.69553257124e-12, 2.48042795192e-08, 4.13339158456e-08, 1.51878779775e-07, 9.78330305657e-08, 6.98945541444e-08, 1.99598044759e-08, 3.39710624075e-08, 3.6948886617e-08, 2.91144726106e-08, 1.06400683819e-08, 2.5520790814e-08, 3.37184236088e-09, 8.46449399461e-09, 2.05415453536e-08, 1.81568449165e-08, 2.29509087291e-08, 4.33523652532e-08, 5.11466744513e-08, 3.63692294059e-07, 2.43308448944e-08, 6.1354947789e-09, 7.0555739029e-10, 6.5027389029e-10, 5.67475066937e-10, 1.42733033726e-10, 1.90971869395e-12], [4.3942371443e-12, 1.99781902133e-09, -4.41541941898e-10, 3.75851527679e-08, 1.05209757351e-07, 1.60069184574e-08, 2.02149852413e-08, 7.05319491701e-09, 9.66391144885e-09, 4.13223233409e-09, 1.27171528863e-09, 6.87265311328e-09, 2.65980548697e-09, 7.94805288251e-09, 7.69580132953e-09, 6.89204826543e-09, 1.16280984841e-08, 3.54200224706e-08, 5.2170449294e-08, 2.43308448944e-08, 2.52202365658e-08, 2.91737278779e-09, 4.54736304167e-10, 1.70353231521e-10, 2.79889500465e-10, 2.72039335503e-11, 4.77910842411e-13], [4.31004537615e-12, 2.40410735763e-09, 2.52644349885e-09, 6.78831790779e-09, 2.15732853803e-08, 6.86563561558e-09, 2.74234346342e-09, 1.01519459506e-09, 2.26509655477e-09, 1.45152134756e-09, 1.00529917724e-09, 1.04655317745e-09, 9.47281364461e-10, 2.59209542719e-09, 3.06410163908e-09, 2.72993694317e-09, 3.11333181457e-09, 5.90920246069e-09, 5.39288569357e-09, 6.1354947789e-09, 2.91737278779e-09, 9.37781075017e-10, 1.13083965803e-10, 3.86246416795e-11, 6.9085022425e-11, 5.20922324374e-12, 9.74208235784e-14], [3.77931139075e-13, 2.92664725787e-10, 5.77838221716e-10, 7.96721633112e-10, 2.05537298292e-09, 1.27391530658e-09, 7.31094851325e-10, 3.33580219003e-10, 6.65628829832e-10, 3.44941186725e-10, 1.1193038163e-10, 2.58913612772e-10, 3.94960814054e-10, 1.05945607842e-09, 4.53665577327e-10, 2.8030081034e-10, 3.1678204504e-10, 9.61453028303e-10, 8.96325402788e-10, 7.0555739029e-10, 4.54736304167e-10, 1.13083965803e-10, 4.60336387065e-11, 7.21911159324e-12, 1.33464836405e-11, 7.35149083535e-13, 1.68217168846e-14], [2.83763870691e-13, 3.1335103956e-10, 7.8822487426e-10, 9.3881213914e-10, 3.34776606437e-09, 8.76602179734e-10, 4.18845652606e-10, 1.61915314489e-10, 2.2409017697e-10, 1.59919522069e-10, 7.12464462427e-11, 1.2332329602e-10, 1.00145100546e-10, 9.19029713442e-11, 1.11904256694e-10, 1.09354754418e-10, 1.43464823354e-10, 3.82174902835e-10, 3.17842835384e-10, 6.5027389029e-10, 1.70353231521e-10, 3.86246416795e-11, 7.21911159324e-12, 4.71303291533e-12, 3.39895364458e-12, 3.80218751449e-13, 8.44807452889e-15], [3.59744108417e-13, 1.40858935627e-10, 1.03291597497e-10, 4.78223904921e-10, 1.61754587502e-09, 5.84414960869e-10, 2.80262785202e-10, 1.32251223861e-10, 2.24631910295e-10, 1.16308504494e-10, 5.87820001008e-11, 9.38102442949e-11, 9.08543171252e-11, 4.01568389652e-10, 3.22488535875e-10, 2.24398027937e-10, 2.258066234e-10, 5.79324810346e-10, 5.35867517026e-10, 5.67475066937e-10, 2.79889500465e-10, 6.9085022425e-11, 1.33464836405e-11, 3.39895364458e-12, 7.99822447856e-12, 4.52656277261e-13, 9.94412275505e-15], [1.59321866003e-14, 1.49326644799e-11, 1.85375742534e-11, 9.11846639862e-11, 1.27209603962e-10, 4.45520738357e-11, 2.22598935812e-11, 1.71734085286e-11, 2.20887318853e-11, 1.44232533902e-11, 5.95621165236e-12, 1.47889148844e-11, 4.46393703252e-12, 1.25436458095e-11, 1.60163080715e-11, 1.43664516047e-11, 1.87610465358e-11, 4.4654765996e-11, 5.4379483555e-11, 1.42733033726e-10, 2.72039335503e-11, 5.20922324374e-12, 7.35149083535e-13, 3.80218751449e-13, 4.52656277261e-13, 7.42195476085e-14, 1.06558788232e-15], [4.44028355827e-16, 4.19568459836e-13, 7.6817399013e-13, 1.62714286489e-12, 4.49155339657e-12, 1.49128344222e-12, 7.61196823889e-13, 3.46289349192e-13, 4.39299367282e-13, 2.89368762242e-13, 1.17759277264e-13, 2.51861384396e-13, 1.52138162637e-13, 3.4578646912e-13, 3.39706480177e-13, 3.05829986986e-13, 3.56582439357e-13, 8.82925189124e-13, 9.52716421379e-13, 1.90971869395e-12, 4.77910842411e-13, 9.74208235784e-14, 1.68217168846e-14, 8.44807452889e-15, 9.94412275505e-15, 1.06558788232e-15, 2.05447775182e-17]]
    },
    "mfcc": {
        "kurt": [38.5147399902, 0.646129846573, 0.195086479187, 0.138010025024, 0.464637994766, -0.137428760529, 0.321254730225, 0.291113376617, -0.560470819473, 0.0581123828888, -0.0967891216278, 0.585644483566, -0.280500888824],
        "max": [-588.364196777, 138.415298462, -7.49565315247, 74.549697876, 11.0454063416, 16.3218536377, 16.8460845947, 2.08555603027, 8.76839256287, 10.875875473, 11.9898757935, 6.39894294739, 11.2559719086],
        "mean": [-634.336608887, 120.028266907, -25.272441864, 57.5506401062, -8.84808444977, -1.30155730247, 2.43298077583, -12.1586408615, -4.13712644577, -6.21651220322, -4.49043369293, -10.768032074, -5.42109680176],
        "median": [-634.822753906, 120.056121826, -25.3825645447, 58.0230941772, -8.93780994415, -1.40284919739, 2.58875846863, -11.9472589493, -4.05445194244, -5.24284267426, -4.57448673248, -10.6504468918, -5.63145065308],
        "min": [-862.785827637, 97.9506225586, -45.8376312256, 27.5270366669, -28.2500953674, -16.1844749451, -16.3022041321, -31.1680526733, -16.8685092926, -27.6060962677, -21.8688163757, -28.8850059509, -17.8595237732],
        "skew": [-3.54305791855, -0.193501785398, -0.0861115902662, -0.369026660919, -0.0656730309129, 0.151212930679, -0.295558273792, -0.37913107872, -0.0290102157742, -0.44024476409, -0.0602446682751, -0.105422869325, 0.115867204964],
        "var": [432.795562744, 38.9934425354, 37.638999939, 56.0125579834, 39.3353347778, 34.3662643433, 37.5330963135, 31.894241333, 29.5723552704, 42.5293197632, 32.9719429016, 30.7313175201, 32.8536682129],
        "cov": [[434.00112915, -24.3058795929, -22.4920291901, 10.8430938721, -22.1420726776, -19.1838684082, -3.74860072136, -1.59936523438, 7.49330615997, 4.86041164398, 0.0640957579017, -11.6444416046, -12.322687149], [-24.3058795929, 39.1020584106, 35.9046554565, -1.03199803829, 4.94450235367, 2.71861553192, 1.64268660545, 13.4512491226, -1.11852800846, 8.96406078339, -3.06299877167, 11.9224004745, -1.08358955383], [-22.4920291901, 35.9046554565, 37.7438430786, 10.9878921509, 9.60071754456, 2.69570374489, 1.10985064507, 10.6544551849, -1.56009173393, 7.62234973907, -3.77296280861, 12.487862587, -1.97542989254], [10.8430938721, -1.03199803829, 10.9878921509, 56.1685829163, 13.2364749908, -1.88161611557, 11.7738246918, 4.82372283936, 4.00438928604, -2.36355304718, -0.214930176735, 16.7949008942, -2.86336684227], [-22.1420726776, 4.94450235367, 9.60071754456, 13.2364749908, 39.4449043274, 25.3055496216, -1.3074901104, 4.55399751663, 8.66546726227, -9.94666194916, 13.4463443756, 1.76382350922, 0.608628571033], [-19.1838684082, 2.71861553192, 2.69570374489, -1.88161611557, 25.3055496216, 34.4619941711, 13.923330307, 11.6713218689, 7.36316680908, -0.579042732716, 9.99153423309, -3.12675762177, 4.27145624161], [-3.74860072136, 1.64268660545, 1.10985064507, 11.7738246918, -1.3074901104, 13.923330307, 37.6376457214, 17.9828739166, 4.55335092545, 9.71624755859, -5.72278833389, 5.15682601929, 2.90085959435], [-1.59936523438, 13.4512491226, 10.6544551849, 4.82372283936, 4.55399751663, 11.6713218689, 17.9828739166, 31.983083725, 15.5126953125, -0.746540904045, -1.20422136784, 5.92613077164, -3.01842069626], [7.49330615997, -1.11852800846, -1.56009173393, 4.00438928604, 8.66546726227, 7.36316680908, 4.55335092545, 15.5126953125, 29.6547298431, 14.3960123062, 6.55046319962, -4.71612119675, 8.49141120911], [4.86041164398, 8.96406078339, 7.62234973907, -2.36355304718, -9.94666194916, -0.579042732716, 9.71624755859, -0.746540904045, 14.3960123062, 42.6477851868, 5.45866250992, -1.58060479164, 12.1380186081], [0.0640957579017, -3.06299877167, -3.77296280861, -0.214930176735, 13.4463443756, 9.99153423309, -5.72278833389, -1.20422136784, 6.55046319962, 5.45866250992, 33.063785553, 10.4000358582, -2.24233174324], [-11.6444416046, 11.9224004745, 12.487862587, 16.7949008942, 1.76382350922, -3.12675762177, 5.15682601929, 5.92613077164, -4.71612119675, -1.58060479164, 10.4000358582, 30.8169212341, 5.31693887711], [-12.322687149, -1.08358955383, -1.97542989254, -2.86336684227, 0.608628571033, 4.27145624161, 2.90085959435, -3.01842069626, 8.49141120911, 12.1380186081, -2.24233174324, 5.31693887711, 32.9451828003]]
    },
    "sccoeffs": {
        "kurt": [1.35402679443, 0.764027357101, -0.0577182769775, 0.008141040802, 1.45284080505, 0.562858581543],
        "max": [-0.398559361696, -0.549421012402, -0.713558673859, -0.732251346111, -0.716144919395, -0.713235676289],
        "mean": [-0.601892709732, -0.759241342545, -0.817334473133, -0.816435396671, -0.810586571693, -0.763894379139],
        "median": [-0.599857509136, -0.762726902962, -0.818389594555, -0.817179203033, -0.812207877636, -0.765839874744],
        "min": [-0.853247761726, -0.88506269455, -0.919996678829, -0.86799454689, -0.861171424389, -0.8176176548],
        "skew": [0.0441226959229, 0.471791297197, 0.141298487782, 0.378646701574, 0.803508341312, 0.505562484264],
        "var": [0.00348726124503, 0.00254158675671, 0.000938095327001, 0.000628086680081, 0.000509925594088, 0.000231291414821],
        "cov": [[0.00349697493948, 6.38827332295e-05, 0.000280778476736, 9.04854823602e-05, 0.000163661781698, 0.000158615104738], [6.38827332295e-05, 0.00254866643809, -2.11801193473e-06, 3.18971251545e-05, -8.37393963593e-05, 5.68477262277e-05], [0.000280778476736, -2.11801193473e-06, 0.000940708385315, -1.09803258965e-05, 5.5999498727e-05, 5.22092595929e-05], [9.04854823602e-05, 3.18971251545e-05, -1.09803258965e-05, 0.000629836227745, -1.71296687768e-05, 0.000102741490991], [0.000163661781698, -8.37393963593e-05, 5.5999498727e-05, -1.71296687768e-05, 0.000511345977429, 7.28905433789e-05], [0.000158615104738, 5.68477262277e-05, 5.22092595929e-05, 0.000102741490991, 7.28905433789e-05, 0.000231935686315]]
    },
    "scvalleys": {
        "kurt": [0.255435228348, 3.06986188889, 9.94264888763, 11.6374731064, 6.76538467407, 28.0173072815],
        "max": [-4.58160495758, -4.47284507751, -5.09767198563, -5.66371965408, -5.53692722321, -8.30929660797],
        "mean": [-5.55466604233, -5.44294261932, -6.08488559723, -6.35167646408, -6.37200307846, -8.7913684845],
        "median": [-5.54821395874, -5.40271902084, -6.05104064941, -6.35261631012, -6.37861680984, -8.78526687622],
        "min": [-6.95959234238, -7.60944366455, -8.48913669586, -8.35907649994, -8.26418209076, -10.7982091904],
        "skew": [-0.27041170001, -0.787868022919, -1.25789856911, -1.28197753429, -0.760561108589, -2.74998211861],
        "var": [0.152839422226, 0.126947566867, 0.0936773195863, 0.0593256354332, 0.0690484046936, 0.0389500521123],
        "cov": [[0.153265148401, 0.00828767195344, 0.00868861470371, 0.012396434322, 0.0147209130228, 0.0189047344029], [0.00828767195344, 0.127301171422, 0.0296464730054, 0.0260033402592, 0.0360885076225, 0.0376784019172], [0.00868861470371, 0.0296464730054, 0.0939382612705, 0.0266391467303, 0.0363026000559, 0.0370138175786], [0.012396434322, 0.0260033402592, 0.0266391467303, 0.0594908893108, 0.0361927077174, 0.0372821204364], [0.0147209130228, 0.0360885076225, 0.0363026000559, 0.0361927077174, 0.0692407414317, 0.0409979112446], [0.0189047344029, 0.0376784019172, 0.0370138175786, 0.0372821204364, 0.0409979112446, 0.039058547467]]
    }
},
"rhythm": {
    "beats_loudness": {
        "kurt": -1.67345261574,
        "max": 0.0177816357464,
        "mean": 0.0145635325462,
        "median": 0.0138964001089,
        "min": 0.011825944297,
        "skew": 0.256882041693,
        "var": 6.39538984615e-06
    },
    "bpm": 64.9500579834,
    "confidence": 2.51423764229,
    "first_peak_bpm": {
        "kurt": 0,
        "max": 65,
        "mean": 65,
        "median": 65,
        "min": 65,
        "skew": 0,
        "var": 0
    },
    "first_peak_spread": {
        "kurt": 0,
        "max": 0,
        "mean": 0,
        "median": 0,
        "min": 0,
        "skew": 0,
        "var": 0
    },
    "first_peak_weight": {
        "kurt": 0,
        "max": 1,
        "mean": 1,
        "median": 1,
        "min": 1,
        "skew": 0,
        "var": 0
    },
    "onset_rate": 1.56192100048,
    "second_peak_bpm": {
        "kurt": 0,
        "max": 0,
        "mean": 0,
        "median": 0,
        "min": 0,
        "skew": 0,
        "var": 0
    },
    "second_peak_spread": {
        "kurt": 0,
        "max": 0,
        "mean": 0,
        "median": 0,
        "min": 0,
        "skew": 0,
        "var": 0
    },
    "second_peak_weight": {
        "kurt": 0,
        "max": 0,
        "mean": 0,
        "median": 0,
        "min": 0,
        "skew": 0,
        "var": 0
    },
    "beats_loudness_band_ratio": {
        "kurt": [-1.66861248016, -1.47653567791, -1.70127427578, -1.70501434803, -1.71755635738, -1.56602227688],
        "max": [0.502480268478, 0.317571222782, 0.150119096041, 0.0493497401476, 0.120500661433, 0.145893231034],
        "mean": [0.42206916213, 0.306018590927, 0.114608734846, 0.0426969155669, 0.0903472527862, 0.126710385084],
        "median": [0.429751068354, 0.301378250122, 0.100232094526, 0.0459123104811, 0.0745304077864, 0.132074445486],
        "min": [0.337920278311, 0.299646735191, 0.0896337330341, 0.0340144895017, 0.070028975606, 0.107104837894],
        "skew": [-0.107658885419, 0.594188213348, 0.458592027426, -0.41658192873, 0.509898781776, -0.204136237502],
        "var": [0.00498221348971, 4.80030794279e-05, 0.000707400846295, 4.4831285777e-05, 0.0005067512393, 0.000224589777645],
        "cov": [[0.00569395814091, -0.000504959723912, -0.00207352288999, 0.000526879914105, -0.00168839260004, -0.000796929991338], [-0.000504959723912, 5.48606622033e-05, 0.000202327864827, -5.1135342801e-05, 0.000172977306647, 3.75086892745e-05], [-0.00207352288999, 0.000202327864827, 0.000808458134998, -0.000202995026484, 0.000678267679177, 0.000203486109967], [0.000526879914105, -5.1135342801e-05, -0.000202995026484, 5.1235754654e-05, -0.000169791033841, -5.51346638531e-05], [-0.00168839260004, 0.000172977306647, 0.000678267679177, -0.000169791033841, 0.000579144281801, 0.000130208965857], [-0.000796929991338, 3.75086892745e-05, 0.000203486109967, -5.51346638531e-05, 0.000130208965857, 0.000256674044067]]
    },
    "beats_position": [0.870748281479, 1.78793644905, 2.71673464775, 3.63392281532, 4.5627207756, 5.4915189743, 6.420317173, 7.33750534058],
    "bpm_estimates": [65.4173278809, 64.599609375, 65.4173278809, 64.5996246338, 64.599609375, 64.599609375, 65.4173278809],
    "bpm_intervals": [0.917188167572, 0.9287981987, 0.917188167572, 0.928797960281, 0.9287981987, 0.9287981987, 0.917188167572],
    "onset_times": [0.0116099771112, 0.696598649025, 1.04489791393, 2.00852608681, 2.62385487556, 3.01859402657, 3.47138333321, 3.66875290871, 3.79646253586, 4.7833108902, 5.79337882996, 6.44353723526, 6.5596370697],
    "histogram": [[0, 0, 0, 0, 0, 0, 0, 0, 0, 0, 0, 0, 0, 0, 0, 0, 0, 0, 0, 0, 0, 0, 0, 0, 0, 0, 0, 0, 0, 0, 0, 0, 0, 0, 0, 0, 0, 0, 0, 0, 0, 0, 0, 0, 0, 0, 0, 0, 0, 0, 0, 0, 0, 0, 0, 0, 0, 0, 0, 0, 0, 0, 0, 0, 0, 1, 0, 0, 0, 0, 0, 0, 0, 0, 0, 0, 0, 0, 0, 0, 0, 0, 0, 0, 0, 0, 0, 0, 0, 0, 0, 0, 0, 0, 0, 0, 0, 0, 0, 0, 0, 0, 0, 0, 0, 0, 0, 0, 0, 0, 0, 0, 0, 0, 0, 0, 0, 0, 0, 0, 0, 0, 0, 0, 0, 0, 0, 0, 0, 0, 0, 0, 0, 0, 0, 0, 0, 0, 0, 0, 0, 0, 0, 0, 0, 0, 0, 0, 0, 0, 0, 0, 0, 0, 0, 0, 0, 0, 0, 0, 0, 0, 0, 0, 0, 0, 0, 0, 0, 0, 0, 0, 0, 0, 0, 0, 0, 0, 0, 0, 0, 0, 0, 0, 0, 0, 0, 0, 0, 0, 0, 0, 0, 0, 0, 0, 0, 0, 0, 0, 0, 0, 0, 0, 0, 0, 0, 0, 0, 0, 0, 0, 0, 0, 0, 0, 0, 0, 0, 0, 0, 0, 0, 0, 0, 0, 0, 0, 0, 0, 0, 0, 0, 0, 0, 0, 0, 0, 0, 0, 0, 0, 0, 0, 0, 0, 0, 0, 0, 0]]
},
"sfx": {
    "inharmonicity": {
        "kurt": 1.78466176987,
        "max": 0.373508691788,
        "mean": 0.068282648921,
        "median": 0.0553197935224,
        "min": 0,
        "skew": 1.23322069645,
        "var": 0.00475697265938
    },
    "oddtoevenharmonicenergyratio": {
        "kurt": 42.0841369629,
        "max": 9.05290126801,
        "mean": 0.448887377977,
        "median": 0.196214556694,
        "min": 0,
        "skew": 5.92143011093,
        "var": 1.02068090439
    },
    "pitch_after_max_to_before_max_energy_ratio": 0.668552219868,
    "pitch_centroid": 178.197097778,
    "pitch_max_to_total": 0.594444453716,
    "pitch_min_to_total": 0.469444453716,
    "tristimulus": {
        "kurt": [-1.25434339046, 0.0679845809937, -1.278886199],
        "max": [1, 0.656502008438, 0.898408472538],
        "mean": [0.47745141387, 0.174564629793, 0.347983747721],
        "median": [0.30402097106, 0.168013215065, 0.454385817051],
        "min": [0, 0, 0],
        "skew": [0.683925271034, 0.690267026424, -0.530612170696],
        "var": [0.124149702489, 0.0237510036677, 0.0586571358144],
        "cov": [[0.124495521188, -0.0447461865842, -0.0797495543957], [-0.0447461865842, 0.0238171629608, 0.0209289770573], [-0.0797495543957, 0.0209289770573, 0.0588205270469]]
    }
},
"tonal": {
    "chords_changes_rate": 0.0552486181259,
    "chords_number_rate": 0.027624309063,
    "chords_strength": {
        "kurt": -0.364471673965,
        "max": 0.724443435669,
        "mean": 0.572629630566,
        "median": 0.589840352535,
        "min": 0.352408409119,
        "skew": -0.692162513733,
        "var": 0.0079160919413
    },
    "key_strength": 0.626099944115,
    "tuning_diatonic_strength": 0.701397657394,
    "tuning_equal_tempered_deviation": 0.247651830316,
    "tuning_frequency": 432.690917969,
    "tuning_nontempered_energy_ratio": 0.896282970905,
    "hpcp": {
        "kurt": [4.99815607071, 6.74726772308, 3.73366785049, 1.43591022491, -0.300081014633, -0.094286441803, 1.05713272095, 1.12903118134, 1.37127542496, 1.41906404495, 2.27807092667, 1.46991300583, 2.27160406113, 0.727006673813, 0.731198787689, 3.40454435349, 3.77897644043, 6.31462192535, 3.39576101303, 5.62674713135, 6.02999687195, 3.2128405571, 1.19761657715, -0.0515675544739, -1.20908212662, -0.186140775681, 3.51141786575, 9.68954849243, 13.6411781311, 6.96469593048, 0.897389650345, 0.39918589592, 0.317713499069, -0.108813524246, 1.13669919968, 5.18618965149],
        "max": [1, 1, 1, 1, 1, 1, 0.976007401943, 1, 1, 1, 1, 1, 1, 1, 1, 1, 0.752605974674, 0.880605638027, 0.870164871216, 1, 1, 1, 1, 1, 1, 1, 1, 1, 1, 1, 1, 1, 1, 1, 1, 1],
        "mean": [0.203308656812, 0.190227463841, 0.205871999264, 0.265795916319, 0.347224712372, 0.338661938906, 0.27128303051, 0.264897167683, 0.26966458559, 0.277212560177, 0.268628716469, 0.246091067791, 0.247717171907, 0.283046990633, 0.273032873869, 0.197796583176, 0.14497114718, 0.151521191001, 0.1959412992, 0.195875495672, 0.179088577628, 0.205597192049, 0.266248613596, 0.370498180389, 0.423765182495, 0.32163348794, 0.196917355061, 0.156171903014, 0.147787630558, 0.182506367564, 0.265776365995, 0.313682436943, 0.335220307112, 0.329269528389, 0.262177765369, 0.214139997959],
        "median": [0.14129473269, 0.133357584476, 0.134509637952, 0.15960867703, 0.21366019547, 0.202475190163, 0.165571734309, 0.156172931194, 0.159624144435, 0.169723436236, 0.17625387013, 0.130825027823, 0.148323118687, 0.159519836307, 0.181012645364, 0.102802745998, 0.0744980052114, 0.106728576124, 0.146574899554, 0.139188081026, 0.119798399508, 0.111198060215, 0.17001478374, 0.318898528814, 0.292432278395, 0.196597665548, 0.106868334115, 0.101415999234, 0.107693813741, 0.120348528028, 0.148440435529, 0.243012532592, 0.246064960957, 0.191630110145, 0.172514125705, 0.14777803421],
