{
"metadata": {
    "version": {
        "essentia": "2.1-beta3"
    }
},
"lowLevel": {
    "average_loudness": 0.973805367947,
    "barkbands_kurtosis": {
        "kurt": 11.3681697845,
        "max": 41.0190315247,
        "mean": 5.74233675003,
        "median": 5.009141922,
        "min": -1.60480940342,
        "skew": 2.30062556267,
        "var": 20.2593593597
    },
    "barkbands_skewness": {
        "kurt": 5.33835411072,
        "max": 5.08707714081,
        "mean": 2.2340028286,
        "median": 2.25068926811,
        "min": -1.78391885757,
        "skew": -0.716406583786,
        "var": 0.538438260555
    },
    "barkbands_spread": {
        "kurt": 2.38404273987,
        "max": 61.7088394165,
        "mean": 15.8960723877,
        "median": 14.8175640106,
        "min": 1.11060750484,
        "skew": 1.08673346043,
        "var": 51.1512031555
    },
    "dissonance": {
        "kurt": 0.173430681229,
        "max": 0.499957978725,
        "mean": 0.461502373219,
        "median": 0.464237272739,
        "min": 0.381707817316,
        "skew": -0.579100251198,
        "var": 0.000400387885747
    },
    "hfc": {
        "kurt": 153.300308228,
        "max": 77.1223526001,
        "mean": 5.21272659302,
        "median": 4.47377681732,
        "min": 1.29260430594e-16,
        "skew": 10.1088294983,
        "var": 15.3708457947
    },
    "pitch": {
        "kurt": 59.5572395325,
        "max": 4733.88330078,
        "mean": 260.17791748,
        "median": 184.962554932,
        "min": 66.618522644,
        "skew": 7.67430353165,
        "var": 229517
    },
    "pitch_instantaneous_confidence": {
        "kurt": 1.84215259552,
        "max": 0.70251429081,
        "mean": 0.317750990391,
        "median": 0.308864802122,
        "min": 0.150892198086,
        "skew": 0.965016245842,
        "var": 0.00637937150896
    },
    "pitch_salience": {
        "kurt": 1.77802753448,
        "max": 0.916987299919,
        "mean": 0.671108484268,
        "median": 0.679784536362,
        "min": 0.290831655264,
        "skew": -0.821900784969,
        "var": 0.00614836625755
    },
    "silence_rate_20dB": {
        "kurt": 0,
        "max": 1,
        "mean": 1,
        "median": 1,
        "min": 1,
        "skew": 0,
        "var": 0
    },
    "silence_rate_30dB": {
        "kurt": 0,
        "max": 1,
        "mean": 1,
        "median": 1,
        "min": 1,
        "skew": 0,
        "var": 0
    },
    "silence_rate_60dB": {
        "kurt": 50.3539848328,
        "max": 1,
        "mean": 0.0180722884834,
        "median": 0,
        "min": 0,
        "skew": 7.23578977585,
        "var": 0.0177452489734
    },
    "spectral_centroid": {
        "kurt": 227.267318726,
        "max": 11443.4765625,
        "mean": 655.328125,
        "median": 567.573730469,
        "min": 191.303314209,
        "skew": 12.3423471451,
        "var": 251766.40625
    },
    "spectral_complexity": {
        "kurt": 15.7729110718,
        "max": 45,
        "mean": 11.2168674469,
        "median": 11,
        "min": 0,
        "skew": 2.306599617,
        "var": 14.4388647079
    },
    "spectral_crest": {
        "kurt": -0.0016770362854,
        "max": 22.5045509338,
        "mean": 10.5638999939,
        "median": 10.1200647354,
        "min": 3.57774996758,
        "skew": 0.535243272781,
        "var": 9.25707912445
    },
    "spectral_decrease": {
        "kurt": 4.19372940063,
        "max": 3.58119541199e-29,
        "mean": -2.11822515084e-09,
        "median": -1.98516314498e-09,
        "min": -7.62806529053e-09,
        "skew": -1.19346356392,
        "var": 6.55542600002e-19
    },
    "spectral_energy": {
        "kurt": 3.75967931747,
        "max": 0.0292984154075,
        "mean": 0.00846747867763,
        "median": 0.00792070478201,
        "min": 1.15891380396e-20,
        "skew": 1.14872086048,
        "var": 1.01573814391e-05
    },
    "spectral_energyband_high": {
        "kurt": 426.499298096,
        "max": 0.0123677626252,
        "mean": 0.000234479972278,
        "median": 0.000166898651514,
        "min": 8.34311087148e-21,
        "skew": 18.1013584137,
        "var": 2.29186838396e-07
    },
    "spectral_energyband_low": {
        "kurt": 70.3263320923,
        "max": 0.0120117282495,
        "mean": 0.000727797567379,
        "median": 0.000562182685826,
        "min": 2.17184340819e-23,
        "skew": 5.88454008102,
        "var": 5.02373382005e-07
    },
    "spectral_energyband_middle_high": {
        "kurt": 262.993103027,
        "max": 0.0159684196115,
        "mean": 0.000925908505451,
        "median": 0.000825707102194,
        "min": 1.65485094996e-21,
        "skew": 13.102973938,
        "var": 4.51856863037e-07
    },
    "spectral_energyband_middle_low": {
        "kurt": 4.77554750443,
        "max": 0.0278354194015,
        "mean": 0.00693125277758,
        "median": 0.00647054146975,
        "min": 3.92027998812e-22,
        "skew": 1.31961429119,
        "var": 9.03261752683e-06
    },
    "spectral_flatness_db": {
        "kurt": 7.15896129608,
        "max": 0.397664576769,
        "mean": 0.154685556889,
        "median": 0.149796128273,
        "min": 0.0738929212093,
        "skew": 1.73169231415,
        "var": 0.00114732957445
    },
    "spectral_flux": {
        "kurt": 4.65306711197,
        "max": 0.158901482821,
        "mean": 0.0555659644306,
        "median": 0.0531604886055,
        "min": 1.0765285885e-10,
        "skew": 1.06021916866,
        "var": 0.00020640657749
    },
    "spectral_kurtosis": {
        "kurt": 78.8086624146,
        "max": 56.0029525757,
        "mean": 3.73794603348,
        "median": 2.80551338196,
        "min": -1.20139348507,
        "skew": 7.13414859772,
        "var": 14.9163675308
    },
    "spectral_rms": {
        "kurt": 3.98895978928,
        "max": 0.00534638389945,
        "mean": 0.00282039027661,
        "median": 0.00277984095737,
        "min": 3.36251035696e-12,
        "skew": -0.335377603769,
        "var": 3.06345555146e-07
    },
    "spectral_rolloff": {
        "kurt": 134.426605225,
        "max": 18863.0859375,
        "mean": 944.755981445,
        "median": 667.529296875,
        "min": 193.798828125,
        "skew": 8.53933620453,
        "var": 888652.125
    },
    "spectral_skewness": {
        "kurt": 11.3974466324,
        "max": 5.50077342987,
        "mean": 1.73450291157,
        "median": 1.67235708237,
        "min": -0.0233244039118,
        "skew": 1.88287341595,
        "var": 0.222765058279
    },
    "spectral_spread": {
        "kurt": 109.430183411,
        "max": 39688628,
        "mean": 6190856,
        "median": 6429810,
        "min": 1369407.875,
        "skew": 6.13100671768,
        "var": 3.41209697485e+12
    },
    "spectral_strongpeak": {
        "kurt": 103.265235901,
        "max": 4.95847225189,
        "mean": 0.393978148699,
        "median": 0.360466957092,
        "min": 0,
        "skew": 7.60560035706,
        "var": 0.0908754765987
    },
    "zerocrossingrate": {
        "kurt": 139.961975098,
        "max": 0.49609375,
        "mean": 0.0504018031061,
        "median": 0.04638671875,
        "min": 0.01025390625,
        "skew": 9.48143577576,
        "var": 0.000672812457196
    },
    "barkbands": {
        "kurt": [0.184926748276, 15.6337585449, 7.75165843964, 87.531211853, 4.41939163208, 2.37789535522, 42.7079544067, 7.04714584351, 14.166847229, 1.73353767395, 4.53192234039, 48.27759552, 4.4128446579, 5.74350643158, 337.359222412, 446.834716797, 216.145462036, 360.11605835, 432.907348633, 133.920593262, 593.767944336, 476.564910889, 15.2423915863, 49.2127189636, 61.5169448853, 193.869155884, 8.20170974731],
        "max": [3.92100555473e-05, 0.00108535960317, 0.00196849973872, 0.0223814547062, 0.0188482496887, 0.00754552567378, 0.00918033160269, 0.00111899431795, 0.00390878738835, 0.000452381791547, 0.000880625564605, 0.00129245524295, 0.000298586528515, 0.000268769450486, 0.00132966821548, 0.00184161483776, 0.00174080068246, 0.00323321809992, 0.00557739380747, 0.0032213726081, 0.00708589004353, 0.00361622450873, 0.000153404340381, 0.000353247625753, 9.04924381757e-05, 3.35222739523e-06, 3.48761175495e-09],
        "mean": [1.25293290694e-05, 0.000127542516566, 0.000256144441664, 0.000949757057242, 0.00291582057253, 0.00170483405236, 0.000600195606239, 0.000191881583305, 0.000535709725227, 0.000122211436974, 0.000159087503562, 0.000132131375722, 5.43408532394e-05, 5.15303072461e-05, 3.08731541736e-05, 3.95184360968e-05, 5.29493081558e-05, 9.60755205597e-05, 0.000135405280162, 0.000132246466819, 8.77636557561e-05, 4.3457832362e-05, 1.6419473468e-05, 1.31779643198e-05, 5.75225749344e-06, 1.25462292999e-07, 3.14536147128e-10],
        "median": [1.44017922139e-05, 0.000113090631203, 0.000192802530364, 0.000659018580336, 0.00256353314035, 0.00154216284864, 0.000423877470894, 0.000157604255946, 0.000454519700725, 0.000111240471597, 0.000138851566589, 0.000119743257528, 4.26867700298e-05, 4.642789645e-05, 2.32541297009e-05, 2.88431074296e-05, 3.94810922444e-05, 7.67866004026e-05, 9.4512673968e-05, 9.31919348659e-05, 5.19269342476e-05, 2.89899653581e-05, 1.29979371195e-05, 5.91260595684e-06, 4.31033913628e-06, 9.69582814037e-08, 1.32150915211e-10],
        "min": [1.03208234175e-23, 5.73603641152e-24, 4.40066450408e-24, 9.5979136505e-24, 4.72566588847e-23, 7.27384659333e-23, 3.84190122982e-23, 4.52079965802e-23, 1.4162061373e-22, 7.70166668816e-23, 4.98482973058e-23, 9.91588312879e-23, 1.33737217471e-22, 1.35798971711e-22, 9.1501131289e-23, 1.27999914149e-22, 1.22616260326e-22, 3.8979147086e-22, 3.50155842564e-22, 3.94169005174e-22, 4.67148988762e-22, 5.32407904732e-22, 8.29990522476e-22, 7.57489232307e-22, 1.17164509505e-21, 1.94995894259e-21, 2.51634380596e-21],
        "skew": [-0.882217407227, 2.41873407364, 2.31609535217, 7.08810853958, 1.43388974667, 1.17019546032, 5.47839784622, 2.15987610817, 2.79476380348, 1.03321647644, 1.53648459911, 4.67569589615, 1.74519896507, 1.47957313061, 16.4185943604, 18.7091827393, 13.4195098877, 16.1298942566, 17.7331428528, 9.33488082886, 22.322145462, 20.0200042725, 2.70782709122, 5.221575737, 5.87203979492, 10.3320045471, 2.55261540413],
        "var": [3.57062573952e-11, 8.33487767693e-09, 5.97242575395e-08, 1.67914924987e-06, 4.41432530351e-06, 1.04237528831e-06, 5.6072786947e-07, 2.12155519819e-08, 1.72501231077e-07, 4.91152229998e-09, 1.05656479121e-08, 8.36626234957e-09, 1.31497757128e-09, 7.75137842801e-10, 3.05712366533e-09, 4.9264943236e-09, 7.75755815141e-09, 1.66609854801e-08, 4.51889619058e-08, 3.07629264285e-08, 6.40078567926e-08, 1.89612610058e-08, 2.50182707884e-10, 5.54092216554e-10, 4.94256024997e-11, 2.42462469644e-14, 2.0323397258e-19],
        "cov": [[3.57421418851e-11, 1.97625596443e-10, 3.79034026388e-11, -9.21029363887e-10, 2.98564906132e-09, -1.13001483171e-10, -1.62450641827e-09, -1.61137089782e-10, -3.436457785e-10, 9.57508378141e-12, 1.16929424476e-10, 2.93093587594e-12, -4.30060015377e-11, 1.33197728021e-12, -6.30676899593e-11, -9.2458964096e-11, -1.13730191931e-10, -1.21433432754e-10, -1.79307055315e-10, -2.94768931486e-10, -2.7104107847e-10, -1.29683846994e-10, -1.37608344858e-11, -2.45440247987e-11, -3.74038430437e-12, -9.70207529767e-14, 1.58519279587e-18], [1.97625596443e-10, 8.34325497578e-09, 7.48512984927e-09, 1.67125087103e-08, 1.44976741723e-08, -3.82817777478e-09, -5.85185855329e-09, 4.20077833629e-10, -1.47102963144e-09, 5.08420860967e-10, -3.01557112614e-10, -4.79889628036e-10, -2.69876093695e-10, -1.15447595928e-10, -6.55961951423e-10, -7.6420897388e-10, -8.7504598012e-10, -7.91659460209e-10, -1.46831724557e-09, -2.56735654958e-09, -2.44651943149e-09, -1.43834988364e-09, -2.54154891577e-10, -3.24106769201e-10, -8.95421931046e-11, -1.70355678349e-12, 4.95542268583e-15], [3.79034026388e-11, 7.48512984927e-09, 5.97842841898e-08, 1.11724865803e-07, 4.41799805628e-08, 5.43430278555e-09, 9.29690902041e-09, 4.07370359667e-09, 1.77616266139e-09, 1.74730385716e-09, 3.12452974605e-09, 1.01795349927e-09, 1.08016728895e-09, -3.95611682302e-10, -6.66424814638e-12, -3.33641281269e-10, -8.65473248624e-10, -2.34593927617e-10, -5.61844216984e-11, -1.21003415621e-10, -1.8765700105e-09, -1.90166637992e-09, -1.60722712916e-10, 2.54728099724e-10, -5.41381592334e-11, -1.72023842653e-12, 1.1206293326e-14], [-9.21029363887e-10, 1.67125087103e-08, 1.11724865803e-07, 1.68083681729e-06, 6.8716548185e-07, -1.78609170121e-07, 1.11451585738e-08, -5.26211119123e-09, -2.78556093747e-08, 6.59188259533e-09, -1.29730750587e-08, -6.61592824969e-09, 5.31178490082e-10, -2.32498642561e-09, -4.13431600066e-09, -7.27153937063e-09, -7.41940242577e-09, -9.73751923539e-09, -2.22707612352e-08, -1.44529419543e-08, -2.02944239192e-08, -1.24101635635e-08, -2.6699598088e-09, -2.65661581622e-09, -1.00231123401e-09, -1.77190102868e-11, -8.25870506694e-15], [2.98564906132e-09, 1.44976741723e-08, 4.41799805628e-08, 6.8716548185e-07, 4.41876181867e-06, -8.77304771052e-08, -2.23546251732e-07, -1.90866433769e-08, -1.0055792643e-07, -8.34837976527e-10, 2.14127506837e-08, -3.08862424525e-09, -5.94971627521e-09, 2.94898572228e-09, -1.04022221947e-08, -1.59701780689e-08, -2.11253929905e-08, -2.99069427001e-08, -2.961805734e-08, -4.11191969363e-08, -5.66763702636e-08, -2.91636812477e-08, -3.65290375726e-09, -3.95102039974e-09, -8.85247375404e-10, -1.58621726865e-11, 2.27264551342e-15], [-1.13001483171e-10, -3.82817777478e-09, 5.43430278555e-09, -1.78609170121e-07, -8.77304771052e-08, 1.04342291252e-06, 1.9863435341e-07, 2.55933993998e-08, 1.29913161118e-07, 5.70720448678e-09, 1.07281978856e-08, 5.63747049043e-09, 3.91438259584e-09, -8.60421955906e-10, -8.14129097471e-10, -4.06412542509e-10, 9.93551019235e-10, -6.43932818178e-09, -1.42534639647e-09, 1.78352249636e-10, -9.02582275586e-09, -9.93443194375e-09, 2.3420226869e-10, 1.8299010085e-09, -2.81518891532e-10, -7.19300530597e-12, 2.98372505631e-14], [-1.62450641827e-09, -5.85185855329e-09, 9.29690902041e-09, 1.11451585738e-08, -2.23546251732e-07, 1.9863435341e-07, 5.61291415124e-07, 3.63009924342e-08, 9.71029834318e-08, 1.20654020108e-08, -4.28656582452e-10, 1.12569464861e-08, 6.48721076857e-09, 1.15008258472e-09, 2.26840901618e-09, 3.84066067838e-09, 6.04207173183e-09, 7.32751503918e-09, 1.06021582624e-08, 2.77362026679e-08, 1.37212277096e-08, 2.23326068749e-09, 2.02821426321e-09, 3.33742278258e-09, 2.05392383656e-10, 5.72755731731e-12, 2.64722952896e-14], [-1.61137089782e-10, 4.20077833629e-10, 4.07370359667e-09, -5.26211119123e-09, -1.90866433769e-08, 2.55933993998e-08, 3.63009924342e-08, 2.12368753694e-08, 1.6822243154e-08, 2.38741382219e-09, 9.08314923276e-10, 2.41805087065e-09, 1.84200621423e-09, 6.5655875181e-10, 6.41973696425e-10, 4.33260538557e-10, 8.98374596936e-10, 1.91188309628e-09, 3.17215542722e-09, 5.61657786946e-09, 2.7054039009e-09, 1.43823605803e-10, 4.14220130418e-10, 1.09520759128e-09, 6.56358578599e-11, 3.15312771552e-12, 8.4107381636e-15], [-3.436457785e-10, -1.47102963144e-09, 1.77616266139e-09, -2.78556093747e-08, -1.0055792643e-07, 1.29913161118e-07, 9.71029834318e-08, 1.6822243154e-08, 1.72674603505e-07, 4.8306150191e-09, 5.43799345831e-11, 5.45633049853e-09, 3.44260953078e-09, 1.39864275717e-09, 1.03943942342e-09, -1.03175919197e-10, 1.70696146107e-09, 1.89680804397e-09, 4.69788519197e-09, 8.83499318149e-09, 6.47050946156e-09, 6.61025470472e-11, 9.37314448279e-10, 2.39498865184e-09, -3.02009597886e-11, 4.03499499438e-12, 1.16444939628e-14], [9.57508378141e-12, 5.08420860967e-10, 1.74730385716e-09, 6.59188259533e-09, -8.34837976527e-10, 5.70720448678e-09, 1.20654020108e-08, 2.38741382219e-09, 4.8306150191e-09, 4.91645879563e-09, 1.69068758993e-09, 1.43010336906e-09, 6.35758501399e-10, 4.43510533854e-10, 1.31736413445e-10, -1.46243614441e-10, -1.01404544484e-10, 8.75150923951e-11, 2.22858884125e-10, 9.6508567804e-10, 2.16534762343e-10, -4.857739766e-10, 1.28436376118e-11, 6.58136670162e-11, -1.83290067152e-11, 4.74026254447e-13, 3.16587987278e-15], [1.16929424476e-10, -3.01557112614e-10, 3.12452974605e-09, -1.29730750587e-08, 2.14127506837e-08, 1.07281978856e-08, -4.28656582452e-10, 9.08314923276e-10, 5.43799345831e-11, 1.69068758993e-09, 1.05762669733e-08, 1.83938320131e-09, 4.84493667408e-10, 1.55957205483e-10, 2.23774040964e-10, 1.93412244553e-10, 2.76919563669e-11, 3.8182118578e-10, 2.55535437255e-09, 1.50351575634e-09, 4.19609569313e-10, -1.65348360004e-10, 2.04395930736e-10, 1.89263063555e-10, 4.70133133812e-11, 1.45191725396e-12, 4.07034779485e-15], [2.93093587594e-12, -4.79889628036e-10, 1.01795349927e-09, -6.61592824969e-09, -3.08862424525e-09, 5.63747049043e-09, 1.12569464861e-08, 2.41805087065e-09, 5.45633049853e-09, 1.43010336906e-09, 1.83938320131e-09, 8.37467073467e-09, 6.50755394016e-10, 4.10706274545e-10, 2.08950479141e-09, 2.95241675552e-09, 3.47294881742e-09, 6.03400485133e-09, 9.72145830502e-09, 4.42734249262e-09, 3.68604036183e-09, 1.57317436855e-09, 5.00922359148e-10, 4.66496619111e-10, 1.02538366686e-10, 3.14878722055e-12, 5.16140966365e-15], [-4.30060015377e-11, -2.69876093695e-10, 1.08016728895e-09, 5.31178490082e-10, -5.94971627521e-09, 3.91438259584e-09, 6.48721076857e-09, 1.84200621423e-09, 3.44260953078e-09, 6.35758501399e-10, 4.84493667408e-10, 6.50755394016e-10, 1.31629906974e-09, 3.52770229695e-10, 6.06865502295e-10, 7.53816231658e-10, 8.04857125392e-10, 1.36527333883e-09, 2.4082986716e-09, 1.82053949693e-09, 1.53638290978e-09, 5.88711857041e-10, 1.44240813738e-10, 2.08861719586e-10, 4.17278121778e-11, 1.06330970504e-12, 2.42856627956e-15], [1.33197728021e-12, -1.15447595928e-10, -3.95611682302e-10, -2.32498642561e-09, 2.94898572228e-09, -8.60421955906e-10, 1.15008258472e-09, 6.5655875181e-10, 1.39864275717e-09, 4.43510533854e-10, 1.55957205483e-10, 4.10706274545e-10, 3.52770229695e-10, 7.75916886298e-10, 5.7006360743e-10, 4.81025164145e-10, 5.27291377228e-10, 9.22161291772e-10, 1.08673292587e-09, 8.29404211977e-10, 6.61148802372e-10, 3.02338459823e-10, 4.26754985516e-11, 9.25286323256e-12, 1.60445354919e-11, 6.80551968946e-13, 1.05010464944e-15], [-6.30676899593e-11, -6.55961951423e-10, -6.66424814638e-12, -4.13431600066e-09, -1.04022221947e-08, -8.14129097471e-10, 2.26840901618e-09, 6.41973696425e-10, 1.03943942342e-09, 1.31736413445e-10, 2.23774040964e-10, 2.08950479141e-09, 6.06865502295e-10, 5.7006360743e-10, 3.06019631857e-09, 2.4888859862e-09, 3.12996539797e-09, 4.40469216656e-09, 7.35274907626e-09, 4.08441946931e-09, 5.65326985225e-09, 3.08078207389e-09, 3.65034641403e-10, 2.32115646148e-10, 1.66896621523e-10, 3.61971021733e-12, 1.6402669145e-15], [-9.2458964096e-11, -7.6420897388e-10, -3.33641281269e-10, -7.27153937063e-09, -1.59701780689e-08, -4.06412542509e-10, 3.84066067838e-09, 4.33260538557e-10, -1.03175919197e-10, -1.46243614441e-10, 1.93412244553e-10, 2.95241675552e-09, 7.53816231658e-10, 4.81025164145e-10, 2.4888859862e-09, 4.93144591829e-09, 4.65760052748e-09, 7.59286855612e-09, 1.25428565312e-08, 4.51580550731e-09, 4.27157109684e-09, 2.53294363262e-09, 4.23982848829e-10, 2.82666695606e-10, 1.17360773877e-10, 2.22571483813e-12, 5.127971344e-15], [-1.13730191931e-10, -8.7504598012e-10, -8.65473248624e-10, -7.41940242577e-09, -2.11253929905e-08, 9.93551019235e-10, 6.04207173183e-09, 8.98374596936e-10, 1.70696146107e-09, -1.01404544484e-10, 2.76919563669e-11, 3.47294881742e-09, 8.04857125392e-10, 5.27291377228e-10, 3.12996539797e-09, 4.65760052748e-09, 7.76535458158e-09, 9.01819241506e-09, 1.48087080376e-08, 8.56734061472e-09, 1.43552654208e-08, 7.76137465408e-09, 7.31064597748e-10, 4.4396675225e-10, 2.58942145503e-10, 7.64161563888e-12, 5.63865682526e-15], [-1.21433432754e-10, -7.91659460209e-10, -2.34593927617e-10, -9.73751923539e-09, -2.99069427001e-08, -6.43932818178e-09, 7.32751503918e-09, 1.91188309628e-09, 1.89680804397e-09, 8.75150923951e-11, 3.8182118578e-10, 6.03400485133e-09, 1.36527333883e-09, 9.22161291772e-10, 4.40469216656e-09, 7.59286855612e-09, 9.01819241506e-09, 1.66777311961e-08, 2.45523885667e-08, 1.39971607638e-08, 1.4140285387e-08, 8.98794638715e-09, 1.27746668799e-09, 7.23106463596e-10, 4.4645168118e-10, 8.87848301823e-12, 1.17269492321e-14], [-1.79307055315e-10, -1.46831724557e-09, -5.61844216984e-11, -2.22707612352e-08, -2.961805734e-08, -1.42534639647e-09, 1.06021582624e-08, 3.17215542722e-09, 4.69788519197e-09, 2.22858884125e-10, 2.55535437255e-09, 9.72145830502e-09, 2.4082986716e-09, 1.08673292587e-09, 7.35274907626e-09, 1.25428565312e-08, 1.48087080376e-08, 2.45523885667e-08, 4.52343762447e-08, 1.94627851613e-08, 2.22951292983e-08, 1.33055797491e-08, 2.01147765111e-09, 1.6897296895e-09, 7.28604065969e-10, 1.46529455236e-11, 1.70910208458e-14], [-2.94768931486e-10, -2.56735654958e-09, -1.21003415621e-10, -1.44529419543e-08, -4.11191969363e-08, 1.78352249636e-10, 2.77362026679e-08, 5.61657786946e-09, 8.83499318149e-09, 9.6508567804e-10, 1.50351575634e-09, 4.42734249262e-09, 1.82053949693e-09, 8.29404211977e-10, 4.08441946931e-09, 4.51580550731e-09, 8.56734061472e-09, 1.39971607638e-08, 1.94627851613e-08, 3.07938456956e-08, 3.06315364185e-08, 1.85960562504e-08, 2.05614725246e-09, 1.65070546121e-09, 8.92451501588e-10, 1.77707345367e-11, 5.89352183931e-15], [-2.7104107847e-10, -2.44651943149e-09, -1.8765700105e-09, -2.02944239192e-08, -5.66763702636e-08, -9.02582275586e-09, 1.37212277096e-08, 2.7054039009e-09, 6.47050946156e-09, 2.16534762343e-10, 4.19609569313e-10, 3.68604036183e-09, 1.53638290978e-09, 6.61148802372e-10, 5.65326985225e-09, 4.27157109684e-09, 1.43552654208e-08, 1.4140285387e-08, 2.22951292983e-08, 3.06315364185e-08, 6.40721822265e-08, 3.29435572155e-08, 2.27824514809e-09, 1.64545199688e-09, 1.13274922775e-09, 3.25239210563e-11, 2.37847952732e-15], [-1.29683846994e-10, -1.43834988364e-09, -1.90166637992e-09, -1.24101635635e-08, -2.91636812477e-08, -9.93443194375e-09, 2.23326068749e-09, 1.43823605803e-10, 6.61025470472e-11, -4.857739766e-10, -1.65348360004e-10, 1.57317436855e-09, 5.88711857041e-10, 3.02338459823e-10, 3.08078207389e-09, 2.53294363262e-09, 7.76137465408e-09, 8.98794638715e-09, 1.33055797491e-08, 1.85960562504e-08, 3.29435572155e-08, 1.89803177619e-08, 1.35718569716e-09, 7.88946852293e-10, 7.12571945893e-10, 1.72839433737e-11, 8.06975753327e-16], [-1.37608344858e-11, -2.54154891577e-10, -1.60722712916e-10, -2.6699598088e-09, -3.65290375726e-09, 2.3420226869e-10, 2.02821426321e-09, 4.14220130418e-10, 9.37314448279e-10, 1.28436376118e-11, 2.04395930736e-10, 5.00922359148e-10, 1.44240813738e-10, 4.26754985516e-11, 3.65034641403e-10, 4.23982848829e-10, 7.31064597748e-10, 1.27746668799e-09, 2.01147765111e-09, 2.05614725246e-09, 2.27824514809e-09, 1.35718569716e-09, 2.50434145643e-10, 2.32312780124e-10, 9.16671669127e-11, 1.81811759658e-12, 5.10335127259e-16], [-2.45440247987e-11, -3.24106769201e-10, 2.54728099724e-10, -2.65661581622e-09, -3.95102039974e-09, 1.8299010085e-09, 3.33742278258e-09, 1.09520759128e-09, 2.39498865184e-09, 6.58136670162e-11, 1.89263063555e-10, 4.66496619111e-10, 2.08861719586e-10, 9.25286323256e-12, 2.32115646148e-10, 2.82666695606e-10, 4.4396675225e-10, 7.23106463596e-10, 1.6897296895e-09, 1.65070546121e-09, 1.64545199688e-09, 7.88946852293e-10, 2.32312780124e-10, 5.54649104423e-10, 8.48798462072e-11, 1.21281348679e-12, 3.52189682023e-16], [-3.74038430437e-12, -8.95421931046e-11, -5.41381592334e-11, -1.00231123401e-09, -8.85247375404e-10, -2.81518891532e-10, 2.05392383656e-10, 6.56358578599e-11, -3.02009597886e-11, -1.83290067152e-11, 4.70133133812e-11, 1.02538366686e-10, 4.17278121778e-11, 1.60445354919e-11, 1.66896621523e-10, 1.17360773877e-10, 2.58942145503e-10, 4.4645168118e-10, 7.28604065969e-10, 8.92451501588e-10, 1.13274922775e-09, 7.12571945893e-10, 9.16671669127e-11, 8.48798462072e-11, 4.94752780411e-11, 8.49494682497e-13, 4.82751241252e-17], [-9.70207529767e-14, -1.70355678349e-12, -1.72023842653e-12, -1.77190102868e-11, -1.58621726865e-11, -7.19300530597e-12, 5.72755731731e-12, 3.15312771552e-12, 4.03499499438e-12, 4.74026254447e-13, 1.45191725396e-12, 3.14878722055e-12, 1.06330970504e-12, 6.80551968946e-13, 3.61971021733e-12, 2.22571483813e-12, 7.64161563888e-12, 8.87848301823e-12, 1.46529455236e-11, 1.77707345367e-11, 3.25239210563e-11, 1.72839433737e-11, 1.81811759658e-12, 1.21281348679e-12, 8.49494682497e-13, 2.42706161023e-14, 1.74021388729e-18], [1.58519279587e-18, 4.95542268583e-15, 1.1206293326e-14, -8.25870506694e-15, 2.27264551342e-15, 2.98372505631e-14, 2.64722952896e-14, 8.4107381636e-15, 1.16444939628e-14, 3.16587987278e-15, 4.07034779485e-15, 5.16140966365e-15, 2.42856627956e-15, 1.05010464944e-15, 1.6402669145e-15, 5.127971344e-15, 5.63865682526e-15, 1.17269492321e-14, 1.70910208458e-14, 5.89352183931e-15, 2.37847952732e-15, 8.06975753327e-16, 5.10335127259e-16, 3.52189682023e-16, 4.82751241252e-17, 1.74021388729e-18, 2.03438221568e-19]]
    },
    "mfcc": {
        "kurt": [52.2507591248, 9.34767723083, 6.03908538818, 3.41816902161, 1.81539773941, 2.18235111237, 2.2522482872, 0.766900539398, 2.6972193718, 0.736024618149, 0.202381849289, 0.276247501373, 0.199074983597],
        "max": [-600.849365234, 229.904907227, 25.7423820496, 65.243270874, 15.6349182129, 14.9493045807, 18.8574352264, 10.2098579407, 23.9242782593, 7.72155761719, 16.214427948, 18.7678031921, 11.1342582703],
        "mean": [-684.928344727, 127.487503052, -0.373674273491, 37.1398468018, -20.2683582306, -9.401471138, -0.870843648911, -6.61326026917, -12.4101648331, -10.5896072388, -7.98969364166, -7.03395700455, -6.78231477737],
        "median": [-678.555541992, 124.84488678, 2.09157276154, 36.9304351807, -20.8309726715, -8.98042297363, 0.316740036011, -6.29554176331, -12.3985881805, -10.6956033707, -8.8224401474, -7.71768760681, -6.73128795624],
        "min": [-1138.42004395, -106.184761047, -76.9882507324, 8.01086425781e-05, -48.9727172852, -37.9355621338, -37.0398826599, -30.1497440338, -28.301492691, -34.8967437744, -24.8010025024, -24.2144012451, -29.4079399109],
        "skew": [-5.58008146286, -1.21691930294, -1.92195630074, -0.277162104845, 0.328017890453, -0.627056598663, -1.08374118805, -0.422810226679, 0.366163700819, 0.193001911044, 0.467326194048, 0.482366293669, -0.0389460437],
        "var": [1816.75488281, 783.634338379, 172.493270874, 44.6667442322, 67.8890762329, 42.4386901855, 54.0151939392, 33.7513847351, 28.0811538696, 29.3936710358, 37.4117469788, 41.8131828308, 29.4157390594],
        "cov": [[1818.58081055, -273.697814941, 196.660385132, 29.3907585144, -160.800765991, -37.5104370117, 11.8134117126, 28.1827716827, -33.2304039001, 2.17422604561, -10.575510025, 38.0314254761, -3.27613997459], [-273.697814941, 784.421936035, -86.1710739136, 41.9847183228, 43.8316650391, 1.06087577343, -4.13137531281, -31.1359653473, -16.6979751587, -13.8658742905, -28.4808101654, -30.1484413147, -28.1759338379], [196.660385132, -86.1710739136, 172.666625977, 6.31852436066, -14.3149547577, 5.86173152924, 36.2303848267, 29.5769233704, -10.0267858505, -2.38465094566, 1.34577643871, 1.56558668613, 0.506358623505], [29.3907585144, 41.9847183228, 6.31852436066, 44.7116355896, 16.1057453156, 4.10569906235, 5.03519773483, 1.22639429569, -1.23971319199, -4.49828910828, -2.81383800507, -4.5066280365, 0.451954543591], [-160.800765991, 43.8316650391, -14.3149547577, 16.1057453156, 67.9573135376, 10.7037858963, 5.02518939972, -1.97266328335, 1.96903598309, -14.3783769608, -0.0117784971371, -24.3335037231, -2.82494449615], [-37.5104370117, 1.06087577343, 5.86173152924, 4.10569906235, 10.7037858963, 42.481338501, 25.2404537201, 10.9146595001, 7.32896566391, -2.88345837593, -2.58314633369, -10.0417661667, -0.0595356933773], [11.8134117126, -4.13137531281, 36.2303848267, 5.03519773483, 5.02518939972, 25.2404537201, 54.069480896, 22.6236038208, 2.26964759827, -2.14591050148, -3.97940015793, -8.8792514801, -0.64828234911], [28.1827716827, -31.1359653473, 29.5769233704, 1.22639429569, -1.97266328335, 10.9146595001, 22.6236038208, 33.7853050232, 6.69975614548, -1.1213504076, 4.00393342972, -0.210966452956, 4.89522886276], [-33.2304039001, -16.6979751587, -10.0267858505, -1.23971319199, 1.96903598309, 7.32896566391, 2.26964759827, 6.69975614548, 28.1093769073, 8.97028160095, 6.26953315735, 1.80647075176, -2.28289294243], [2.17422604561, -13.8658742905, -2.38465094566, -4.49828910828, -14.3783769608, -2.88345837593, -2.14591050148, -1.1213504076, 8.97028160095, 29.4232120514, 9.15814304352, 15.925945282, -2.85151028633], [-10.575510025, -28.4808101654, 1.34577643871, -2.81383800507, -0.0117784971371, -2.58314633369, -3.97940015793, 4.00393342972, 6.26953315735, 9.15814304352, 37.4493484497, 6.05781316757, 3.2659804821], [38.0314254761, -30.1484413147, 1.56558668613, -4.5066280365, -24.3335037231, -10.0417661667, -8.8792514801, -0.210966452956, 1.80647075176, 15.925945282, 6.05781316757, 41.8552055359, 3.45033288002], [-3.27613997459, -28.1759338379, 0.506358623505, 0.451954543591, -2.82494449615, -0.0595356933773, -0.64828234911, 4.89522886276, -2.28289294243, -2.85151028633, 3.2659804821, 3.45033288002, 29.4453029633]]
    },
    "sccoeffs": {
        "kurt": [2.33970308304, 1.13253211975, 0.649324178696, 3.19845867157, 4.40550804138, 16.0019168854],
        "max": [-0.290214985609, -0.513751685619, -0.677884221077, -0.653117775917, -0.689075171947, -0.615683674812],
        "mean": [-0.640600264072, -0.72222495079, -0.808739960194, -0.81681227684, -0.82521623373, -0.798720836639],
        "median": [-0.640753924847, -0.722680211067, -0.811902523041, -0.817332625389, -0.826320171356, -0.799846768379],
        "min": [-0.971232414246, -0.958711504936, -0.964812338352, -0.959643363953, -0.961090922356, -0.963487505913],
        "skew": [0.215164870024, -0.0267281569541, 0.170639559627, -0.0636357069016, 0.153436005116, 0.424934536219],
        "var": [0.00455441931263, 0.00323859415948, 0.00128853693604, 0.000716502312571, 0.000476572284242, 0.000400126300519],
        "cov": [[0.00455899629742, 0.000309303432005, -0.000124434911413, 0.000169755367097, 0.000200611582841, -1.94276926777e-05], [0.000309303432005, 0.00324184913188, 0.000450478255516, -5.47053132323e-05, 0.000123286008602, 3.91118555854e-05], [-0.000124434911413, 0.000450478255516, 0.00128983194008, -7.45118231862e-05, 8.35366736283e-05, 0.000111020017357], [0.000169755367097, -5.47053132323e-05, -7.45118231862e-05, 0.000717222399544, 0.00012718574726, 0.000103358499473], [0.000200611582841, 0.000123286008602, 8.35366736283e-05, 0.00012718574726, 0.00047705124598, 9.10238959477e-05], [-1.94276926777e-05, 3.91118555854e-05, 0.000111020017357, 0.000103358499473, 9.10238959477e-05, 0.000400528457249]]
    },
    "scvalleys": {
        "kurt": [236.415908813, 285.255432129, 320.990936279, 372.957305908, 323.776397705, 148.854324341],
        "max": [-4.92973995209, -4.4099187851, -5.34836816788, -5.70550918579, -5.67363500595, -7.58960533142],
        "mean": [-5.81881189346, -5.65040779114, -6.26311063766, -7.31096458435, -7.30510616302, -9.08250808716],
        "median": [-5.65000295639, -5.5529499054, -6.1692943573, -7.27171134949, -7.27057123184, -8.92711257935],
        "min": [-27.446100235, -27.3195838928, -27.2915916443, -27.3404521942, -27.2622318268, -27.1829147339],
        "skew": [-13.0404615402, -14.6497144699, -16.0369796753, -17.6015434265, -15.655831337, -9.08984565735],
        "var": [1.03488063812, 0.941977262497, 0.842602908611, 0.705275177956, 0.741638720036, 0.899458408356],
        "cov": [[1.03592073917, 0.854996562004, 0.825106620789, 0.691876292229, 0.689210653305, 0.659031629562], [0.854996562004, 0.94292396307, 0.823111951351, 0.723596453667, 0.735473275185, 0.689190626144], [0.825106620789, 0.823111951351, 0.8434497118, 0.705658137798, 0.713751375675, 0.672984361649], [0.691876292229, 0.723596453667, 0.705658137798, 0.705983996391, 0.673756480217, 0.620347082615], [0.689210653305, 0.735473275185, 0.713751375675, 0.673756480217, 0.742384076118, 0.744355082512], [0.659031629562, 0.689190626144, 0.672984361649, 0.620347082615, 0.744355082512, 0.900362432003]]
    }
},
"rhythm": {
    "beats_loudness": {
        "kurt": -0.608498573303,
        "max": 0.0145242428407,
        "mean": 0.00863270834088,
        "median": 0.00818545930088,
        "min": 0.00284436787479,
        "skew": 0.327403724194,
        "var": 7.87370663602e-06
    },
    "bpm": 162.404983521,
    "confidence": 0.980486094952,
    "first_peak_bpm": {
        "kurt": 0,
        "max": 161,
        "mean": 161,
        "median": 161,
        "min": 161,
        "skew": 0,
        "var": 0
    },
    "first_peak_spread": {
        "kurt": 0,
        "max": 0.4571428895,
        "mean": 0.4571428895,
        "median": 0.4571428895,
        "min": 0.4571428895,
        "skew": 0,
        "var": 0
    },
    "first_peak_weight": {
        "kurt": 0,
        "max": 0.339285701513,
        "mean": 0.339285701513,
        "median": 0.339285701513,
        "min": 0.339285701513,
        "skew": 0,
        "var": 0
    },
    "onset_rate": 1.73250305653,
    "second_peak_bpm": {
        "kurt": 0,
        "max": 152,
        "mean": 152,
        "median": 152,
        "min": 152,
        "skew": 0,
        "var": 0
    },
    "second_peak_spread": {
        "kurt": 0,
        "max": 0,
        "mean": 0,
        "median": 0,
        "min": 0,
        "skew": 0,
        "var": 0
    },
    "second_peak_weight": {
        "kurt": 0,
        "max": 0.107142858207,
        "mean": 0.107142858207,
        "median": 0.107142858207,
        "min": 0.107142858207,
        "skew": 0,
        "var": 0
    },
    "beats_loudness_band_ratio": {
        "kurt": [-0.573510885239, -0.408046007156, -0.432242155075, 2.66818284988, 38.4445457458, 22.0740528107],
        "max": [0.455498456955, 0.760967493057, 0.443031311035, 0.143377229571, 0.383498966694, 0.336816489697],
        "mean": [0.28725078702, 0.509159147739, 0.192228555679, 0.0558896139264, 0.0414943918586, 0.0533381775022],
        "median": [0.286864876747, 0.490138232708, 0.183982864022, 0.0485356636345, 0.0363763123751, 0.0420975126326],
        "min": [0.0152351809666, 0.0794255957007, 0.0229678060859, 0.0247265417129, 0.0138478055596, 0.00676544010639],
        "skew": [-0.422145903111, -0.429348021746, 0.525177836418, 1.43976032734, 5.9689078331, 4.25651454926],
        "var": [0.01330120489, 0.026677114889, 0.0104546733201, 0.000498903100379, 0.00241077621467, 0.00216484256089],
        "cov": [[0.0135387266055, 0.0082590803504, -0.00678722281009, -0.00127644930035, -0.00266886339523, -0.00230826297775], [0.0082590803504, 0.0271534919739, -0.011962194927, -0.00253752456047, -0.00441953772679, -0.0037534639705], [-0.00678722281009, -0.011962194927, 0.0106413643807, 0.000664460763801, 0.00012309376325, -0.000103356047475], [-0.00127644930035, -0.00253752456047, 0.000664460763801, 0.00050781207392, 0.000694715417922, 0.000660191406496], [-0.00266886339523, -0.00441953772679, 0.00012309376325, 0.000694715417922, 0.00245382590219, 0.00200779130682], [-0.00230826297775, -0.0037534639705, -0.000103356047475, 0.000660191406496, 0.00200779130682, 0.00220350059681]]
    },
    "beats_position": [0.522448956966, 1.04489791393, 1.57895684242, 2.11301589012, 2.6470746994, 3.06503391266, 3.49460315704, 3.9125623703, 4.33052158356, 4.76009082794, 5.18965959549, 5.61922883987, 6.01396799088, 6.39709758759, 6.78022670746, 7.1517457962, 7.52326536179, 7.8831744194, 8.25469398499, 8.63782310486, 9.03256225586, 9.41569137573, 9.79882049561, 10.1819496155, 10.5766887665, 10.9714279175, 11.3429479599, 11.7260770798, 12.1208162308, 12.5155553818, 12.8870744705, 13.2702035904, 13.6417226791, 14.0132427216, 14.3847618103, 14.7678909302, 15.1394100189, 15.5109291077, 15.8824491501, 16.2539672852, 16.6254863739, 16.99700737, 17.3801364899, 17.7632656097, 18.1463947296, 18.5295238495, 18.9010429382, 19.272562027, 19.6440811157, 20.0272102356, 20.4103393555, 20.7818584442, 21.153377533, 21.5132884979, 21.8964176178, 22.2563266754, 22.616235733],
    "bpm_estimates": [161.499099731, 161.498901367, 166.708786011, 161.498901367, 161.498687744, 161.499099731, 161.499099731, 161.498687744, 161.499099731, 161.499099731, 161.499099731, 161.498687744, 161.499511719, 161.499099731, 161.498275757, 161.499099731, 161.499099731, 161.499099731, 161.499099731, 161.499099731, 166.707901001, 166.708786011, 166.708786011],
    "bpm_intervals": [0.522448956966, 0.53405892849, 0.534059047699, 0.53405880928, 0.417959213257, 0.429569244385, 0.417959213257, 0.417959213257, 0.429569244385, 0.429568767548, 0.429569244385, 0.394739151001, 0.38312959671, 0.383129119873, 0.371519088745, 0.371519565582, 0.359909057617, 0.371519565582, 0.383129119873, 0.394739151001, 0.383129119873, 0.383129119873, 0.383129119873, 0.394739151001, 0.394739151001, 0.371520042419, 0.383129119873, 0.394739151001, 0.394739151001, 0.371519088745, 0.383129119873, 0.371519088745, 0.371520042419, 0.371519088745, 0.383129119873, 0.371519088745, 0.371519088745, 0.371520042419, 0.371518135071, 0.371519088745, 0.371520996094, 0.383129119873, 0.383129119873, 0.383129119873, 0.383129119873, 0.371519088745, 0.371519088745, 0.371519088745, 0.383129119873, 0.383129119873, 0.371519088745, 0.371519088745, 0.359910964966, 0.383129119873, 0.359909057617, 0.359909057617],
    "onset_times": [0.0928798168898, 0.568888902664, 0.870748281479, 1.03328800201, 1.17260766029, 1.369977355, 1.55573701859, 1.70666670799, 1.84598636627, 1.97369611263, 2.08979582787, 2.49614500999, 2.65868473053, 2.82122445107, 4.59755086899, 7.79029464722, 8.52172374725, 8.87002277374, 9.29959201813, 9.91492080688, 10.4025392532, 10.6695690155, 11.4822673798, 13.2702045441, 13.5836734772, 13.9900226593, 14.6285715103, 14.7795009613, 15.3948297501, 16.9737873077, 18.2857151031, 18.5411338806, 19.272562027, 19.8995018005, 20.0504302979, 20.6773700714, 21.1533794403, 21.4204082489, 21.9776878357, 22.2447166443],
    "histogram": [[0, 0, 0, 0, 0, 0, 0, 0, 0, 0, 0, 0, 0, 0, 0, 0, 0, 0, 0, 0, 0, 0, 0, 0, 0, 0, 0, 0, 0, 0, 0, 0, 0, 0, 0, 0, 0, 0, 0, 0, 0, 0, 0, 0, 0, 0, 0, 0, 0, 0, 0, 0, 0, 0, 0, 0, 0, 0, 0, 0, 0, 0, 0, 0, 0, 0, 0, 0, 0, 0, 0, 0, 0, 0, 0, 0, 0, 0, 0, 0, 0, 0, 0, 0, 0, 0, 0, 0, 0, 0, 0, 0, 0, 0, 0, 0, 0, 0, 0, 0, 0, 0, 0, 0, 0, 0, 0, 0, 0, 0, 0, 0, 0.0535714291036, 0, 0, 0.0178571436554, 0, 0, 0, 0, 0, 0, 0, 0, 0, 0, 0, 0, 0, 0, 0, 0, 0, 0, 0, 0, 0, 0, 0, 0, 0.0714285746217, 0, 0, 0, 0.0535714291036, 0, 0, 0, 0, 0, 0, 0, 0.107142858207, 0, 0, 0, 0, 0.285714298487, 0, 0, 0, 0.339285701513, 0, 0, 0, 0, 0, 0.0714285746217, 0, 0, 0, 0, 0, 0, 0, 0, 0, 0, 0, 0, 0, 0, 0, 0, 0, 0, 0, 0, 0, 0, 0, 0, 0, 0, 0, 0, 0, 0, 0, 0, 0, 0, 0, 0, 0, 0, 0, 0, 0, 0, 0, 0, 0, 0, 0, 0, 0, 0, 0, 0, 0, 0, 0, 0, 0, 0, 0, 0, 0, 0, 0, 0, 0, 0, 0, 0, 0, 0, 0, 0, 0, 0, 0, 0, 0, 0, 0, 0, 0, 0]]
},
"sfx": {
    "inharmonicity": {
        "kurt": 1.43865871429,
        "max": 0.447222083807,
        "mean": 0.0992500185966,
        "median": 0.0659171044827,
        "min": 0,
        "skew": 1.43597066402,
        "var": 0.00861634686589
    },
    "oddtoevenharmonicenergyratio": {
        "kurt": 37.7638816833,
        "max": 20.8156909943,
        "mean": 1.05711746216,
        "median": 0.435464590788,
        "min": 0,
        "skew": 5.20539617538,
        "var": 3.34979057312
    },
    "pitch_after_max_to_before_max_energy_ratio": 4.39660596848,
    "pitch_centroid": 402.215942383,
    "pitch_max_to_total": 0.00602409616113,
    "pitch_min_to_total": 0.426706820726,
    "tristimulus": {
        "kurt": [1.62421560287, -0.0525488853455, 3.03967237473],
        "max": [1, 0.880735814571, 0.794010221958],
        "mean": [0.282869964838, 0.388730406761, 0.328399389982],
        "median": [0.309366136789, 0.36595711112, 0.328418642282],
        "min": [0, 0, 0],
        "skew": [0.56394970417, 0.392366409302, -0.2112544626],
        "var": [0.0347607508302, 0.0274368487298, 0.00818751845509],
