{
"metadata": {
    "version": {
        "essentia": "2.1-beta3"
    }
},
"lowLevel": {
    "average_loudness": 0.977559566498,
    "barkbands_kurtosis": {
        "kurt": 5.89979171753,
        "max": 192.96585083,
        "mean": 32.3531074524,
        "median": 31.0829925537,
        "min": -1.82361233234,
        "skew": 1.12695884705,
        "var": 341.749206543
    },
    "barkbands_skewness": {
        "kurt": 1.13378667831,
        "max": 11.3426828384,
        "mean": 3.53009653091,
        "median": 3.65119314194,
        "min": -1.8687620163,
        "skew": -0.323989421129,
        "var": 2.51691412926
    },
    "barkbands_spread": {
        "kurt": 15.4909934998,
        "max": 74.0451278687,
        "mean": 4.74542951584,
        "median": 1.78607153893,
        "min": 0.671298623085,
        "skew": 4.05399942398,
        "var": 128.577178955
    },
    "dissonance": {
        "kurt": 0.0749397277832,
        "max": 0.499807596207,
        "mean": 0.451444506645,
        "median": 0.4518622756,
        "min": 0.343477398157,
        "skew": -0.172347962856,
        "var": 0.00050734472461
    },
    "hfc": {
        "kurt": 4.10905647278,
        "max": 0.173084914684,
        "mean": 0.0422180853784,
        "median": 0.038578543812,
        "min": 2.20201634704e-09,
        "skew": 1.38460302353,
        "var": 0.000635595060885
    },
    "pitch": {
        "kurt": 13.318529129,
        "max": 4347.65380859,
        "mean": 308.726837158,
        "median": 77.8044433594,
        "min": 47.8726234436,
        "skew": 3.88761162758,
        "var": 728583.5625
    },
    "pitch_instantaneous_confidence": {
        "kurt": -0.269125699997,
        "max": 0.605200409889,
        "mean": 0.337702363729,
        "median": 0.341128349304,
        "min": 0.115425407887,
        "skew": -0.0512208901346,
        "var": 0.0062837540172
    },
    "pitch_salience": {
        "kurt": -0.161273956299,
        "max": 0.846392571926,
        "mean": 0.511212766171,
        "median": 0.501212537289,
        "min": 0.194240301847,
        "skew": 0.112649835646,
        "var": 0.00841900706291
    },
    "silence_rate_20dB": {
        "kurt": 0,
        "max": 1,
        "mean": 1,
        "median": 1,
        "min": 1,
        "skew": 0,
        "var": 0
    },
    "silence_rate_30dB": {
        "kurt": 0,
        "max": 1,
        "mean": 1,
        "median": 1,
        "min": 1,
        "skew": 0,
        "var": 0
    },
    "silence_rate_60dB": {
        "kurt": 0,
        "max": 1,
        "mean": 1,
        "median": 1,
        "min": 1,
        "skew": 0,
        "var": 0
    },
    "spectral_centroid": {
        "kurt": 25.6328620911,
        "max": 4684.66162109,
        "mean": 234.076843262,
        "median": 118.679267883,
        "min": 83.3542785645,
        "skew": 4.89165449142,
        "var": 237021.46875
    },
    "spectral_complexity": {
        "kurt": -0.626502752304,
        "max": 3,
        "mean": 0.954507172108,
        "median": 1,
        "min": 0,
        "skew": 0.278099060059,
        "var": 0.562377750874
    },
    "spectral_crest": {
        "kurt": -0.0340259075165,
        "max": 23.9187316895,
        "mean": 15.587225914,
        "median": 16.5084877014,
        "min": 3.52723455429,
        "skew": -0.754947841167,
        "var": 15.8740501404
    },
    "spectral_decrease": {
        "kurt": 0.741554498672,
        "max": -7.16214010262e-20,
        "mean": -8.98593560672e-11,
        "median": -8.97836596736e-11,
        "min": -2.61922095124e-10,
        "skew": -0.130658447742,
        "var": 2.06712435077e-21
    },
    "spectral_energy": {
        "kurt": 0.767166137695,
        "max": 0.00100360088982,
        "mean": 0.000342979037669,
        "median": 0.000342528306646,
        "min": 4.700452267e-13,
        "skew": 0.144329696894,
        "var": 3.01941334158e-08
    },
    "spectral_energyband_high": {
        "kurt": 486.207366943,
        "max": 6.8289423325e-06,
        "mean": 9.57057935125e-08,
        "median": 7.4459713062e-08,
        "min": 2.67290042096e-13,
        "skew": 20.9433193207,
        "var": 7.02727196637e-14
    },
    "spectral_energyband_low": {
        "kurt": -0.219310760498,
        "max": 0.000666173174977,
        "mean": 0.000275659112958,
        "median": 0.000293128483463,
        "min": 2.26850542813e-15,
        "skew": -0.504067063332,
        "var": 1.71245311265e-08
    },
    "spectral_energyband_middle_high": {
        "kurt": 75.859336853,
        "max": 1.30186363094e-05,
        "mean": 1.00120348634e-06,
        "median": 9.00875249954e-07,
        "min": 1.86201897542e-13,
        "skew": 6.8184967041,
        "var": 5.98528171469e-13
    },
    "spectral_energyband_middle_low": {
        "kurt": 8.06998443604,
        "max": 0.00073968351353,
        "mean": 0.000108937470941,
        "median": 8.15792518551e-05,
        "min": 1.43959144735e-14,
        "skew": 2.55506110191,
        "var": 1.05059347888e-08
    },
    "spectral_flatness_db": {
        "kurt": 8.31891155243,
        "max": 0.423653125763,
        "mean": 0.357884973288,
        "median": 0.376841187477,
        "min": 0.0624171048403,
        "skew": -2.99641275406,
        "var": 0.00464865053073
    },
    "spectral_flux": {
        "kurt": 0.473989009857,
        "max": 0.0199640635401,
        "mean": 0.00778149161488,
        "median": 0.00768565339968,
        "min": 2.44724924414e-06,
        "skew": 0.183388337493,
        "var": 1.37876322697e-05
    },
    "spectral_kurtosis": {
        "kurt": 0.012256860733,
        "max": 61.2596969604,
        "mean": 30.3208789825,
        "median": 31.4501876831,
        "min": 0.332720994949,
        "skew": -0.480870485306,
        "var": 146.818984985
    },
    "spectral_rms": {
        "kurt": 1.98089265823,
        "max": 0.000989506370388,
        "mean": 0.000544514681678,
        "median": 0.000578077801038,
        "min": 2.14144986188e-08,
        "skew": -1.37275874615,
        "var": 3.81166778141e-08
    },
    "spectral_rolloff": {
        "kurt": 15.339132309,
        "max": 6524.56054688,
        "mean": 398.317932129,
        "median": 172.265625,
        "min": 86.1328125,
        "skew": 4.03218269348,
        "var": 827618.25
    },
    "spectral_skewness": {
        "kurt": 2.06573915482,
        "max": 6.30281400681,
        "mean": 4.32465028763,
        "median": 4.4988951683,
        "min": 0.704492688179,
        "skew": -1.38844203949,
        "var": 1.13754940033
    },
    "spectral_spread": {
        "kurt": 26.589515686,
        "max": 16535226,
        "mean": 2633760.25,
        "median": 2295877.5,
        "min": 1300563.875,
        "skew": 4.64736557007,
        "var": 2.19384197939e+12
    },
    "spectral_strongpeak": {
        "kurt": 2.06056308746,
        "max": 0.127565518022,
        "mean": 0.0410649701953,
        "median": 0.045083899051,
        "min": 4.1536181925e-06,
        "skew": -0.896995961666,
        "var": 0.000255835213466
    },
    "zerocrossingrate": {
        "kurt": 47.7518692017,
        "max": 0.42431640625,
        "mean": 0.0148302577436,
        "median": 0.0078125,
        "min": 0.0029296875,
        "skew": 5.69055271149,
        "var": 0.000827563519124
    },
    "barkbands": {
        "kurt": [27.5235671997, 0.035740852356, -0.536683320999, 3.06256198883, 15.1296157837, 11.1120233536, 26.7947902679, 48.3488578796, 36.2035751343, 29.7937164307, 25.7388725281, 619.682189941, 491.539428711, 44.8507080078, 24.5668563843, 72.9906463623, 44.9081573486, 84.7369995117, 98.7602615356, 447.150085449, 520.835144043, 466.596405029, 291.78604126, 147.385391235, 181.902648926, 105.042800903, 2.65217399597],
        "max": [9.08697472823e-07, 0.000459258910269, 0.000131934997626, 0.00034944145591, 0.00046367754112, 3.53917530447e-05, 2.24032119149e-05, 4.68244661533e-06, 1.16612102374e-06, 5.67953918562e-07, 7.14872896879e-07, 2.84528141492e-06, 2.931719564e-06, 2.77008757621e-06, 2.33255354942e-06, 5.99868599238e-07, 5.86433088756e-07, 1.30613216243e-06, 2.49348840953e-06, 4.18215813625e-06, 3.56452619599e-06, 1.59602643635e-06, 9.72272431454e-08, 1.57869362027e-08, 1.42312073237e-08, 6.61445398453e-10, 1.05876363232e-10],
        "mean": [7.52316182684e-08, 0.000193378014956, 3.95002898586e-05, 5.93763506913e-05, 4.447955871e-05, 3.53468544745e-06, 1.23799395624e-06, 2.16607546122e-07, 8.02328656846e-08, 5.30509502994e-08, 6.01265170985e-08, 5.69203493228e-08, 6.18241173811e-08, 2.04059503517e-07, 2.00381947479e-07, 4.38367635525e-08, 5.19467704407e-08, 8.43791667648e-08, 1.35582197913e-07, 8.37865812287e-08, 4.33942766165e-08, 1.73808967219e-08, 2.6980060408e-09, 5.91271309691e-10, 4.17369666605e-10, 4.09055185557e-11, 1.59589650522e-11],
        "median": [6.02253891202e-08, 0.000202256444027, 3.74400951841e-05, 4.51278465334e-05, 3.08239614242e-05, 2.51164192377e-06, 5.86904604916e-07, 1.29084440914e-07, 6.170322564e-08, 4.60326958773e-08, 4.7696147476e-08, 4.29019699766e-08, 5.22329379748e-08, 1.4936760806e-07, 1.53651271262e-07, 3.82864300263e-08, 4.56457307507e-08, 7.03546945147e-08, 1.10107535534e-07, 6.74829578884e-08, 3.05513374599e-08, 1.15922178523e-08, 2.09501216375e-09, 4.54169063469e-10, 3.26159543818e-10, 3.61670381144e-11, 9.94787845848e-12],
        "min": [6.26585105314e-16, 1.45308269167e-15, 1.51286053315e-16, 1.13698317771e-16, 1.67089382593e-15, 7.71109318434e-15, 2.20091029311e-15, 1.56595777283e-15, 8.37902726176e-16, 5.79215211255e-16, 1.57137454853e-15, 1.0617947629e-14, 3.53842105661e-15, 3.19995071429e-15, 9.25309972416e-15, 1.1581742374e-14, 1.3749660522e-14, 1.81239622783e-14, 7.67040782019e-14, 7.9712237787e-14, 1.22363111397e-13, 2.79870849667e-14, 1.31088030174e-14, 2.56079405185e-14, 2.85514545491e-14, 6.06784121985e-15, 7.14993957425e-16],
        "skew": [3.98181462288, -0.492398202419, 0.505437791348, 1.73422801495, 3.41081500053, 2.34957838058, 4.52190351486, 5.66504621506, 4.53403759003, 3.29075860977, 3.75142812729, 21.6654701233, 20.6931266785, 5.35900163651, 3.49979829788, 5.95192480087, 4.2630147934, 7.35447502136, 8.23732757568, 18.7734870911, 21.6981601715, 20.7796611786, 14.1723175049, 10.7914190292, 12.0666751862, 7.07915401459, 1.57359838486],
        "var": [6.4987624555e-15, 8.18508105738e-09, 8.44661895982e-10, 3.20123572095e-09, 2.63159138925e-09, 1.17162972033e-11, 4.33179447173e-12, 1.07290519242e-13, 7.1811266921e-15, 1.68793909344e-15, 3.13185794742e-15, 9.05620437447e-15, 1.22087940885e-14, 5.17293591859e-14, 3.52048847973e-14, 1.21436964302e-15, 1.38820790885e-15, 7.13451192791e-15, 2.46031493789e-14, 2.38657665407e-14, 1.7845271498e-14, 4.70878744389e-15, 1.57896321596e-17, 8.33589607939e-19, 4.98758579904e-19, 1.15892527463e-21, 3.10528342691e-22],
        "cov": [[6.50424191164e-15, 1.90811906206e-12, 5.79464644671e-13, 9.25398876994e-14, -3.10761263727e-13, -9.9252178267e-15, 3.8030424079e-15, -1.0897151923e-15, 1.57001765469e-16, 3.72487172243e-17, 1.07209034249e-15, 8.5553890505e-16, -1.42429794456e-16, 4.92333030152e-15, 2.14034701387e-15, 3.85207079247e-16, 7.34769212128e-16, 2.00309061872e-15, 5.14209646542e-15, 1.47907897986e-15, 9.99143970955e-16, 4.72070307988e-16, 9.62922473085e-17, 3.28809521271e-17, 1.75809083197e-17, 8.4927264216e-19, -6.75932123888e-20], [1.90811906206e-12, 8.1919822037e-09, 1.45901613013e-09, 1.68331037997e-09, 4.45482734035e-10, 5.25908969151e-11, 2.9187069428e-11, 4.87139061728e-12, 1.62217515896e-12, 1.07735912205e-12, 1.33152440896e-12, 1.34213983243e-13, 5.73582387099e-14, 5.46062283932e-12, 5.54860931506e-12, 1.05107307406e-12, 9.55359814696e-13, 1.22982483572e-12, 2.23992309076e-12, 3.06259195521e-13, -5.41657539134e-13, -2.04339027795e-13, 5.36238466283e-14, 1.27665610491e-14, 8.88154025151e-15, 9.57831421261e-16, 3.31044563286e-16], [5.79464644671e-13, 1.45901613013e-09, 8.45374104053e-10, 1.00702468586e-09, 5.70053337867e-10, 5.3022915919e-12, 2.44600971422e-11, 3.28892208606e-12, 6.87578954276e-13, 2.33023452964e-13, 3.39407050642e-13, 1.86821234481e-13, 1.02414372488e-14, 1.65175522999e-12, 1.0403525914e-12, 2.06448031413e-13, 1.91892590143e-13, 4.21834794742e-13, 7.20031564753e-13, 1.57118933207e-13, -1.66723256837e-14, -7.82505553816e-15, 1.4480483937e-14, 3.85682137675e-15, 2.69545598508e-15, 1.69285185807e-16, 2.90761198327e-17], [9.25398876994e-14, 1.68331037997e-09, 1.00702468586e-09, 3.20393489517e-09, 2.06170236439e-09, 2.46809447879e-11, 7.08449479636e-11, 1.03314084718e-11, 1.9361858037e-12, 5.14967463203e-13, 6.68972147642e-13, 3.28717142482e-13, 1.08855449882e-13, 3.76474806191e-12, 2.84493609226e-12, 3.58792612591e-13, 2.96445322717e-13, 4.20923739657e-13, 1.09399598755e-12, 1.76185495772e-13, -2.6655994713e-14, -2.3541713758e-14, 2.05958602224e-14, 6.52692926561e-15, 4.68847982898e-15, 3.39271529605e-16, 1.19668060399e-16], [-3.10761263727e-13, 4.45482734035e-10, 5.70053337867e-10, 2.06170236439e-09, 2.63381028098e-09, 6.54743967377e-11, 7.79052725108e-11, 1.13276558272e-11, 2.34847666487e-12, 4.3014555676e-13, 7.79511221197e-13, 4.05438893179e-13, 9.95227798827e-14, 3.38966485089e-12, 2.29055511537e-12, 2.41965816957e-13, 1.74511745115e-13, 1.36948869671e-13, 1.04246234041e-12, 1.72735157883e-14, -3.7891724128e-14, -2.91733495271e-14, 4.94610532341e-15, 3.54693585531e-15, 2.21122461331e-15, 1.67698256345e-16, 1.10916661572e-16], [-9.9252178267e-15, 5.25908969151e-11, 5.3022915919e-12, 2.46809447879e-11, 6.54743967377e-11, 1.17261764535e-11, 2.35600514792e-12, 4.4808145909e-13, 1.49115989738e-13, 2.02483835905e-14, 3.936062156e-14, 1.72127665853e-14, -2.64056565606e-16, 1.40127547153e-13, 1.52701649611e-13, 1.70198209503e-14, 1.36852639952e-14, 4.74247860289e-15, 2.71649327652e-14, -8.77345545931e-15, -1.2904792591e-14, -6.10349961286e-15, 1.55796212591e-16, 1.17478030244e-16, 8.53353268879e-17, 8.95620130229e-18, 8.08173242847e-18], [3.8030424079e-15, 2.9187069428e-11, 2.44600971422e-11, 7.08449479636e-11, 7.79052725108e-11, 2.35600514792e-12, 4.33544693201e-12, 5.71981047595e-13, 1.23500290398e-13, 1.75781545759e-14, 3.93062793143e-14, 3.02048120402e-14, 7.56971999731e-15, 1.7072137432e-13, 1.07151782022e-13, 9.45576252118e-15, 5.93385585419e-15, 7.4086287303e-15, 4.10486667443e-14, 2.98396895944e-15, 8.92273082846e-16, -1.33517094086e-15, 4.41919852593e-16, 1.22615536532e-16, 8.52709126792e-17, 5.95673025024e-18, 1.68749725326e-18], [-1.0897151923e-15, 4.87139061728e-12, 3.28892208606e-12, 1.03314084718e-11, 1.13276558272e-11, 4.4808145909e-13, 5.71981047595e-13, 1.07380989137e-13, 2.09641077962e-14, 2.77653122594e-15, 5.21172342072e-15, 4.60812011921e-15, 1.67253304644e-15, 2.31665103496e-14, 1.5929479483e-14, 1.7837647778e-15, 1.2178430075e-15, 9.91517180419e-16, 4.30276558876e-15, 9.15995616963e-16, 7.76190658496e-16, 1.2042578431e-16, 5.42334152652e-17, 1.06208543086e-17, 1.02941725605e-17, 9.47442437258e-19, 2.87687471685e-19], [1.57001765469e-16, 1.62217515896e-12, 6.87578954276e-13, 1.9361858037e-12, 2.34847666487e-12, 1.49115989738e-13, 1.23500290398e-13, 2.09641077962e-14, 7.1871812836e-15, 9.28220102337e-16, 1.70279340436e-15, 1.54980686623e-15, 8.35938350892e-16, 7.09787182371e-15, 5.06708873333e-15, 6.14207042279e-16, 5.00809447674e-16, 8.36511156923e-16, 2.07404678047e-15, 1.14089218182e-15, 8.86412250126e-16, 3.71423550324e-16, 4.87614897817e-17, 1.06922251062e-17, 8.40613942983e-18, 5.2435180655e-19, 1.43725035425e-19], [3.72487172243e-17, 1.07735912205e-12, 2.33023452964e-13, 5.14967463203e-13, 4.3014555676e-13, 2.02483835905e-14, 1.75781545759e-14, 2.77653122594e-15, 9.28220102337e-16, 1.68936232055e-15, 1.05796543282e-15, 1.42358995736e-15, 2.20423320337e-15, 1.76599974404e-15, 1.5689489638e-15, 5.14927739899e-16, 5.29049049679e-16, 1.33947587993e-15, 1.47865609866e-15, 2.81936229395e-15, 2.57410940978e-15, 1.37828703545e-15, 6.14548078919e-17, 1.17278792213e-17, 1.2316128714e-17, 6.3128547684e-19, 6.37689496218e-20], [1.07209034249e-15, 1.33152440896e-12, 3.39407050642e-13, 6.68972147642e-13, 7.79511221197e-13, 3.936062156e-14, 3.93062793143e-14, 5.21172342072e-15, 1.70279340436e-15, 1.05796543282e-15, 3.13449878439e-15, 1.9294307278e-15, 1.96314962713e-15, 6.06512351464e-15, 4.32329724388e-15, 6.21795875151e-16, 7.02490586454e-16, 2.21514955223e-15, 4.33190309863e-15, 2.99129897081e-15, 2.83198414365e-15, 1.58242652854e-15, 9.04529345191e-17, 2.51868754112e-17, 2.02490571405e-17, 8.14416647015e-19, 4.88753365106e-20], [8.5553890505e-16, 1.34213983243e-13, 1.86821234481e-13, 3.28717142482e-13, 4.05438893179e-13, 1.72127665853e-14, 3.02048120402e-14, 4.60812011921e-15, 1.54980686623e-15, 1.42358995736e-15, 1.9294307278e-15, 9.06384037649e-15, 8.34510412162e-15, 5.29412956209e-15, 4.19734344463e-15, 1.2822539339e-15, 1.71372743504e-15, 3.17772266393e-15, 6.25417110407e-15, 1.20188647378e-14, 1.03399200755e-14, 4.82619129258e-15, 2.96748013964e-16, 5.35411709716e-17, 4.81858614109e-17, 2.05707183158e-18, -3.83756672314e-21], [-1.42429794456e-16, 5.73582387099e-14, 1.02414372488e-14, 1.08855449882e-13, 9.95227798827e-14, -2.64056565606e-16, 7.56971999731e-15, 1.67253304644e-15, 8.35938350892e-16, 2.20423320337e-15, 1.96314962713e-15, 8.34510412162e-15, 1.221908808e-14, 2.78710240888e-15, 2.62354246434e-15, 1.43809423191e-15, 1.87674549024e-15, 4.26301560309e-15, 6.06862345478e-15, 1.43323141576e-14, 1.34762450629e-14, 6.77703437802e-15, 3.05546621643e-16, 5.06708145414e-17, 5.44595101964e-17, 2.35885792472e-18, 2.04609619175e-20], [4.92333030152e-15, 5.46062283932e-12, 1.65175522999e-12, 3.76474806191e-12, 3.38966485089e-12, 1.40127547153e-13, 1.7072137432e-13, 2.31665103496e-14, 7.09787182371e-15, 1.76599974404e-15, 6.06512351464e-15, 5.29412956209e-15, 2.78710240888e-15, 5.17729779946e-14, 2.95747516646e-14, 2.58748850694e-15, 2.55981149363e-15, 7.04241700017e-15, 1.74501966967e-14, 6.45812308524e-15, 5.25728447592e-15, 3.09207513923e-15, 3.30504950359e-16, 1.02490324873e-16, 6.95519134721e-17, 2.78015714072e-18, 2.48386337175e-19], [2.14034701387e-15, 5.54860931506e-12, 1.0403525914e-12, 2.84493609226e-12, 2.29055511537e-12, 1.52701649611e-13, 1.07151782022e-13, 1.5929479483e-14, 5.06708873333e-15, 1.5689489638e-15, 4.32329724388e-15, 4.19734344463e-15, 2.62354246434e-15, 2.95747516646e-14, 3.52345682199e-14, 2.74970929239e-15, 2.03643788234e-15, 4.37970667356e-15, 9.48832416174e-15, 4.71099819989e-15, 3.78074341853e-15, 2.32731386686e-15, 2.16413701945e-16, 5.9816394709e-17, 4.74424642682e-17, 2.07890836578e-18, 3.0385419977e-19], [3.85207079247e-16, 1.05107307406e-12, 2.06448031413e-13, 3.58792612591e-13, 2.41965816957e-13, 1.70198209503e-14, 9.45576252118e-15, 1.7837647778e-15, 6.14207042279e-16, 5.14927739899e-16, 6.21795875151e-16, 1.2822539339e-15, 1.43809423191e-15, 2.58748850694e-15, 2.74970929239e-15, 1.21539359997e-15, 7.00360139773e-16, 1.56728846159e-15, 2.48476479802e-15, 2.49075692085e-15, 1.92621094381e-15, 1.00529681828e-15, 7.21679813471e-17, 1.58507409546e-17, 1.28066782501e-17, 6.02613173761e-19, 6.20436964333e-20], [7.34769212128e-16, 9.55359814696e-13, 1.91892590143e-13, 2.96445322717e-13, 1.74511745115e-13, 1.36852639952e-14, 5.93385585419e-15, 1.2178430075e-15, 5.00809447674e-16, 5.29049049679e-16, 7.02490586454e-16, 1.71372743504e-15, 1.87674549024e-15, 2.55981149363e-15, 2.03643788234e-15, 7.00360139773e-16, 1.3893784025e-15, 1.59512852874e-15, 2.91654344278e-15, 3.34654734175e-15, 2.58116350017e-15, 1.30189228691e-15, 9.23622195741e-17, 2.07275943597e-17, 1.62316989857e-17, 7.47396095641e-19, 6.90147481209e-20], [2.00309061872e-15, 1.22982483572e-12, 4.21834794742e-13, 4.20923739657e-13, 1.36948869671e-13, 4.74247860289e-15, 7.4086287303e-15, 9.91517180419e-16, 8.36511156923e-16, 1.33947587993e-15, 2.21514955223e-15, 3.17772266393e-15, 4.26301560309e-15, 7.04241700017e-15, 4.37970667356e-15, 1.56728846159e-15, 1.59512852874e-15, 7.1405275559e-15, 9.16720126594e-15, 7.69986068042e-15, 6.48421551167e-15, 3.62966408096e-15, 2.09611656802e-16, 5.11943470772e-17, 4.34583653915e-17, 1.61049604402e-18, -1.03971368496e-20], [5.14209646542e-15, 2.23992309076e-12, 7.20031564753e-13, 1.09399598755e-12, 1.04246234041e-12, 2.71649327652e-14, 4.10486667443e-14, 4.30276558876e-15, 2.07404678047e-15, 1.47865609866e-15, 4.33190309863e-15, 6.25417110407e-15, 6.06862345478e-15, 1.74501966967e-14, 9.48832416174e-15, 2.48476479802e-15, 2.91654344278e-15, 9.16720126594e-15, 2.46238932158e-14, 1.3123291516e-14, 1.01762419699e-14, 5.13223191972e-15, 4.07621582735e-16, 1.12496920649e-16, 7.62272477805e-17, 2.99438306409e-18, -4.38805178572e-21], [1.47907897986e-15, 3.06259195521e-13, 1.57118933207e-13, 1.76185495772e-13, 1.72735157883e-14, -8.77345545931e-15, 2.98396895944e-15, 9.15995616963e-16, 1.14089218182e-15, 2.81936229395e-15, 2.99129897081e-15, 1.20188647378e-14, 1.43323141576e-14, 6.45812308524e-15, 4.71099819989e-15, 2.49075692085e-15, 3.34654734175e-15, 7.69986068042e-15, 1.3123291516e-14, 2.38858903495e-14, 1.86725482488e-14, 9.21029914933e-15, 5.41362738211e-16, 9.71776746711e-17, 9.07368096704e-17, 3.70630308932e-18, -4.94937897278e-20], [9.99143970955e-16, -5.41657539134e-13, -1.66723256837e-14, -2.6655994713e-14, -3.7891724128e-14, -1.2904792591e-14, 8.92273082846e-16, 7.76190658496e-16, 8.86412250126e-16, 2.57410940978e-15, 2.83198414365e-15, 1.03399200755e-14, 1.34762450629e-14, 5.25728447592e-15, 3.78074341853e-15, 1.92621094381e-15, 2.58116350017e-15, 6.48421551167e-15, 1.01762419699e-14, 1.86725482488e-14, 1.78603181913e-14, 8.8472676044e-15, 4.24318878526e-16, 8.39812719298e-17, 7.82426634168e-17, 3.13136334635e-18, -7.34964902278e-20], [4.72070307988e-16, -2.04339027795e-13, -7.82505553816e-15, -2.3541713758e-14, -2.91733495271e-14, -6.10349961286e-15, -1.33517094086e-15, 1.2042578431e-16, 3.71423550324e-16, 1.37828703545e-15, 1.58242652854e-15, 4.82619129258e-15, 6.77703437802e-15, 3.09207513923e-15, 2.32731386686e-15, 1.00529681828e-15, 1.30189228691e-15, 3.62966408096e-15, 5.13223191972e-15, 9.21029914933e-15, 8.8472676044e-15, 4.71275791083e-15, 2.09612225902e-16, 4.19142507984e-17, 4.12863810088e-17, 1.6105733854e-18, -3.2942487282e-20], [9.62922473085e-17, 5.36238466283e-14, 1.4480483937e-14, 2.05958602224e-14, 4.94610532341e-15, 1.55796212591e-16, 4.41919852593e-16, 5.42334152652e-17, 4.87614897817e-17, 6.14548078919e-17, 9.04529345191e-17, 2.96748013964e-16, 3.05546621643e-16, 3.30504950359e-16, 2.16413701945e-16, 7.21679813471e-17, 9.23622195741e-17, 2.09611656802e-16, 4.07621582735e-16, 5.41362738211e-16, 4.24318878526e-16, 2.09612225902e-16, 1.58029448044e-17, 3.00595180535e-18, 2.49682048396e-18, 1.01965571832e-19, -3.32304412528e-22], [3.28809521271e-17, 1.27665610491e-14, 3.85682137675e-15, 6.52692926561e-15, 3.54693585531e-15, 1.17478030244e-16, 1.22615536532e-16, 1.06208543086e-17, 1.06922251062e-17, 1.17278792213e-17, 2.51868754112e-17, 5.35411709716e-17, 5.06708145414e-17, 1.02490324873e-16, 5.9816394709e-17, 1.58507409546e-17, 2.07275943597e-17, 5.11943470772e-17, 1.12496920649e-16, 9.71776746711e-17, 8.39812719298e-17, 4.19142507984e-17, 3.00595180535e-18, 8.34292452966e-19, 5.75225068583e-19, 2.22123682306e-20, 6.29341933697e-23], [1.75809083197e-17, 8.88154025151e-15, 2.69545598508e-15, 4.68847982898e-15, 2.21122461331e-15, 8.53353268879e-17, 8.52709126792e-17, 1.02941725605e-17, 8.40613942983e-18, 1.2316128714e-17, 2.02490571405e-17, 4.81858614109e-17, 5.44595101964e-17, 6.95519134721e-17, 4.74424642682e-17, 1.28066782501e-17, 1.62316989857e-17, 4.34583653915e-17, 7.62272477805e-17, 9.07368096704e-17, 7.82426634168e-17, 4.12863810088e-17, 2.49682048396e-18, 5.75225068583e-19, 4.99179097848e-19, 1.89467916504e-20, 2.17255802151e-22], [8.4927264216e-19, 9.57831421261e-16, 1.69285185807e-16, 3.39271529605e-16, 1.67698256345e-16, 8.95620130229e-18, 5.95673025024e-18, 9.47442437258e-19, 5.2435180655e-19, 6.3128547684e-19, 8.14416647015e-19, 2.05707183158e-18, 2.35885792472e-18, 2.78015714072e-18, 2.07890836578e-18, 6.02613173761e-19, 7.47396095641e-19, 1.61049604402e-18, 2.99438306409e-18, 3.70630308932e-18, 3.13136334635e-18, 1.6105733854e-18, 1.01965571832e-19, 2.22123682306e-20, 1.89467916504e-20, 1.15990240192e-21, 3.01929481145e-22], [-6.75932123888e-20, 3.31044563286e-16, 2.90761198327e-17, 1.19668060399e-16, 1.10916661572e-16, 8.08173242847e-18, 1.68749725326e-18, 2.87687471685e-19, 1.43725035425e-19, 6.37689496218e-20, 4.88753365106e-20, -3.83756672314e-21, 2.04609619175e-20, 2.48386337175e-19, 3.0385419977e-19, 6.20436964333e-20, 6.90147481209e-20, -1.03971368496e-20, -4.38805178572e-21, -4.94937897278e-20, -7.34964902278e-20, -3.2942487282e-20, -3.32304412528e-22, 6.29341933697e-23, 2.17255802151e-22, 3.01929481145e-22, 3.10790168781e-22]]
    },
    "mfcc": {
        "kurt": [6.16139316559, 6.20275020599, 7.84931468964, 7.16949272156, 7.35214138031, 0.961648225784, 0.252749204636, 0.359237909317, 0.192571163177, 0.671765089035, -0.0573511123657, -0.328048944473, 0.0735173225403],
        "max": [-930.383605957, 174.68359375, 83.7471923828, 79.9383392334, 64.6211547852, 47.2138977051, 42.6760177612, 23.5558872223, 13.9117393494, 20.5410480499, 17.9137458801, 13.0526428223, 13.0171394348],
        "mean": [-1013.28399658, 123.069847107, 58.9848899841, 54.3980026245, 43.6457366943, 22.3501472473, 13.0682907104, -1.9582105875, -6.01306533813, 6.20567035675, 2.88432455063, -7.12666940689, -2.30514454842],
        "median": [-1005.32751465, 131.877593994, 63.1992530823, 57.3980865479, 46.1872901917, 23.2610931396, 13.2346839905, -1.70011138916, -6.04130554199, 6.26618385315, 2.73389053345, -7.16033935547, -2.02284240723],
        "min": [-1138.42004395, 1.14440917969e-05, -54.201839447, -7.9243888855, -38.2756156921, -6.10451507568, -6.34702301025, -22.1657409668, -27.7334976196, -20.4708709717, -10.9388523102, -23.3190231323, -18.5153617859],
        "skew": [-2.4746901989, -2.63923621178, -2.74632525444, -2.63044333458, -2.4826862812, -0.802838504314, 0.177019953728, 0.108879707754, 0.12101380527, -0.214997366071, 0.134055614471, 0.0551152788103, -0.0224225483835],
        "var": [1204.20898438, 1179.27722168, 345.476501465, 208.670257568, 160.548492432, 65.2793045044, 53.7772026062, 46.7388343811, 36.3241500854, 26.6451339722, 22.1193294525, 29.4737987518, 22.4270114899],
        "cov": [[1205.22436523, 1130.61022949, 453.991027832, 407.951873779, 313.931365967, 115.38217926, 24.4769821167, -94.2320022583, -86.6435623169, 58.4221115112, 28.737569809, -73.8854446411, -18.4169464111], [1130.61022949, 1180.27148438, 561.524841309, 407.227416992, 341.161376953, 127.667472839, 1.99504745007, -89.6052017212, -81.4196929932, 56.9780044556, 25.6402740479, -73.4156799316, -19.2034454346], [453.991027832, 561.524841309, 345.767791748, 212.859100342, 179.253662109, 70.8285446167, -0.94641917944, -28.9896183014, -31.6589641571, 21.6216068268, 7.69469738007, -31.7080860138, -10.9436779022], [407.951873779, 407.227416992, 212.859100342, 208.846206665, 156.709243774, 60.0858306885, 30.6841373444, -12.5865163803, -25.4014396667, 20.9078903198, 8.55672931671, -26.9557342529, -9.69377708435], [313.931365967, 341.161376953, 179.253662109, 156.709243774, 160.683868408, 75.5225296021, 16.6163921356, -12.6330595016, -15.4595050812, 20.9206390381, 5.19466686249, -27.5515098572, -10.54504776], [115.38217926, 127.667472839, 70.8285446167, 60.0858306885, 75.5225296021, 65.3343429565, 28.5578689575, -4.06822824478, -5.31077432632, 6.47028398514, -2.90191459656, -14.9230422974, -8.72420692444], [24.4769821167, 1.99504745007, -0.94641917944, 30.6841373444, 16.6163921356, 28.5578689575, 53.8225440979, 25.0008163452, -2.51363039017, -1.08497202396, 0.337263703346, -1.89695286751, -2.26768541336], [-94.2320022583, -89.6052017212, -28.9896183014, -12.5865163803, -12.6330595016, -4.06822824478, 25.0008163452, 46.7782440186, 23.6870765686, -7.47533750534, -2.69870448112, 9.19291687012, 1.62796139717], [-86.6435623169, -81.4196929932, -31.6589641571, -25.4014396667, -15.4595050812, -5.31077432632, -2.51363039017, 23.6870765686, 36.3547782898, 6.76570463181, -7.40377235413, 5.37926959991, 1.60907196999], [58.4221115112, 56.9780044556, 21.6216068268, 20.9078903198, 20.9206390381, 6.47028398514, -1.08497202396, -7.47533750534, 6.76570463181, 26.6676006317, 9.71858692169, -7.12330055237, -1.28614604473], [28.737569809, 25.6402740479, 7.69469738007, 8.55672931671, 5.19466686249, -2.90191459656, 0.337263703346, -2.69870448112, -7.40377235413, 9.71858692169, 22.1379795074, 8.74951171875, -1.23852133751], [-73.8854446411, -73.4156799316, -31.7080860138, -26.9557342529, -27.5515098572, -14.9230422974, -1.89695286751, 9.19291687012, 5.37926959991, -7.12330055237, 8.74951171875, 29.4986495972, 13.4121646881], [-18.4169464111, -19.2034454346, -10.9436779022, -9.69377708435, -10.54504776, -8.72420692444, -2.26768541336, 1.62796139717, 1.60907196999, -1.28614604473, -1.23852133751, 13.4121646881, 22.4459209442]]
    },
    "sccoeffs": {
        "kurt": [2.64689397812, 0.427628755569, 0.213814973831, 0.624157190323, 0.98623085022, 6.26898384094],
        "max": [-0.549740433693, -0.674952507019, -0.801962912083, -0.779635310173, -0.827647089958, -0.746054708958],
        "mean": [-0.695191323757, -0.798341929913, -0.889357686043, -0.866834044456, -0.882312595844, -0.829245686531],
        "median": [-0.687720894814, -0.792873978615, -0.889664113522, -0.866995513439, -0.882400810719, -0.828103303909],
        "min": [-0.933970928192, -0.952819705009, -0.958848357201, -0.956252217293, -0.939929306507, -0.926110029221],
        "skew": [-1.19365990162, -0.613124668598, 0.19514465332, -0.0588440001011, -0.0732355713844, -1.35445928574],
        "var": [0.0030301543884, 0.00231622508727, 0.000465476274258, 0.000644735700916, 0.000166395911947, 0.000344944448443],
        "cov": [[0.00303270923905, 0.0010043742368, 0.000173010063008, 0.000388063141145, 0.000175883280463, 0.000385902589187], [0.0010043742368, 0.00231817807071, 7.19143208698e-05, 0.000396136689233, 0.000131613007397, 0.000256979546975], [0.000173010063008, 7.19143208698e-05, 0.000465868739411, 0.000107406944153, 5.19935638295e-05, 0.000109188971692], [0.000388063141145, 0.000396136689233, 0.000107406944153, 0.000645279360469, 0.000103139456769, 0.000195369109861], [0.000175883280463, 0.000131613007397, 5.19935638295e-05, 0.000103139456769, 0.000166536206962, 9.36097130761e-05], [0.000385902589187, 0.000256979546975, 0.000109188971692, 0.000195369109861, 9.36097130761e-05, 0.000345235312125]]
    },
    "scvalleys": {
        "kurt": [13.9686927795, 13.0721817017, 17.0270862579, 16.0786533356, 14.8631687164, 10.7466154099],
        "max": [-6.05315589905, -7.31595039368, -9.12704086304, -9.23305606842, -9.27247714996, -11.756937027],
        "mean": [-7.49128484726, -9.47759246826, -10.4562196732, -10.513335228, -10.9494981766, -13.6303262711],
        "median": [-7.08555793762, -9.22361087799, -10.2352790833, -10.2691221237, -10.7479801178, -13.4842243195],
        "min": [-18.723110199, -18.367975235, -18.6003017426, -18.0937805176, -17.6366386414, -18.6526966095],
        "skew": [-3.65636563301, -3.38058209419, -3.97108721733, -3.94847679138, -3.79688501358, -3.15565919876],
        "var": [2.48296236992, 1.60366356373, 1.10373318195, 1.12105238438, 0.845578730106, 0.575338304043],
        "cov": [[2.48505592346, 1.87650763988, 1.52874493599, 1.54612338543, 1.29227805138, 1.03938150406], [1.87650763988, 1.60501563549, 1.23152780533, 1.24171245098, 1.04514837265, 0.835662722588], [1.52874493599, 1.23152780533, 1.10466372967, 1.06512188911, 0.911909580231, 0.727143645287], [1.54612338543, 1.24171245098, 1.06512188911, 1.12199759483, 0.93649995327, 0.746945202351], [1.29227805138, 1.04514837265, 0.911909580231, 0.93649995327, 0.846291720867, 0.669706761837], [1.03938150406, 0.835662722588, 0.727143645287, 0.746945202351, 0.669706761837, 0.575823426247]]
    }
},
"rhythm": {
    "beats_loudness": {
        "kurt": 1.1124215126,
        "max": 0.000590978073888,
        "mean": 0.0002668396628,
        "median": 0.000257351028267,
        "min": 4.78366846135e-10,
        "skew": 0.261488080025,
        "var": 1.48297232272e-08
    },
    "bpm": 110.16771698,
    "confidence": 0.731547653675,
    "first_peak_bpm": {
        "kurt": 0,
        "max": 110,
        "mean": 110,
        "median": 110,
        "min": 110,
        "skew": 0,
        "var": 0
    },
    "first_peak_spread": {
        "kurt": 0,
        "max": 0.552631616592,
        "mean": 0.552631616592,
        "median": 0.552631616592,
        "min": 0.552631616592,
        "skew": 0,
        "var": 0
    },
    "first_peak_weight": {
        "kurt": 0,
        "max": 0.354166656733,
        "mean": 0.354166656733,
        "median": 0.354166656733,
        "min": 0.354166656733,
        "skew": 0,
        "var": 0
    },
    "onset_rate": 4.97652864456,
    "second_peak_bpm": {
        "kurt": 0,
        "max": 103,
        "mean": 103,
        "median": 103,
        "min": 103,
        "skew": 0,
        "var": 0
    },
    "second_peak_spread": {
        "kurt": 0,
        "max": 0.571428596973,
        "mean": 0.571428596973,
        "median": 0.571428596973,
        "min": 0.571428596973,
        "skew": 0,
        "var": 0
    },
    "second_peak_weight": {
        "kurt": 0,
        "max": 0.0625,
        "mean": 0.0625,
        "median": 0.0625,
        "min": 0.0625,
        "skew": 0,
        "var": 0
    },
    "beats_loudness_band_ratio": {
        "kurt": [22.2774906158, -0.757895231247, 19.770565033, 18.7875118256, 34.4102020264, 43.5290718079],
        "max": [0.983523070812, 0.294271767139, 0.0472089089453, 0.0584630407393, 0.136794373393, 0.534270107746],
        "mean": [0.863735735416, 0.176156878471, 0.00581811415032, 0.00360430311412, 0.00588923227042, 0.0127483718097],
        "median": [0.862617850304, 0.187124669552, 0.00395760731772, 0.00113610585686, 0.00172049528919, 0.000746279605664],
        "min": [0.240598633885, 0.0162403453141, 0.00111395819113, 0.000306665926473, 0.000696020084433, 0.00025362172164],
        "skew": [-4.12661457062, -0.405046999454, 4.17248773575, 4.46744585037, 5.8447060585, 6.73020839691],
        "var": [0.0110817151144, 0.00573970610276, 5.23977723788e-05, 0.00010960943473, 0.000402189267334, 0.00569623708725],
        "cov": [[0.0113125843927, -0.00141327187885, -0.000304027227685, -0.000721374934074, -0.00185483694077, -0.0069902180694], [-0.00141327187885, 0.00585928326473, -6.02555228397e-05, -0.000226115764235, -0.000442464981461, -0.00161283137277], [-0.000304027227685, -6.02555228397e-05, 5.34893915756e-05, 6.27959889243e-05, 7.78009780333e-05, 0.000171691019204], [-0.000721374934074, -0.000226115764235, 6.27959889243e-05, 0.000111892964924, 0.000178961621714, 0.000532326404937], [-0.00185483694077, -0.000442464981461, 7.78009780333e-05, 0.000178961621714, 0.000410568201914, 0.00148778979201], [-0.0069902180694, -0.00161283137277, 0.000171691019204, 0.000532326404937, 0.00148778979201, 0.00581490853801]]
    },
    "beats_position": [0.557278871536, 1.13777780533, 1.74149656296, 2.33360528946, 2.90249419212, 3.45977306366, 4.00544214249, 4.55111122131, 5.0967798233, 5.61922883987, 6.15328788757, 6.68734693527, 7.23301553726, 7.76707458496, 8.31274318695, 8.87002277374, 9.45052146912, 10.0310201645, 10.5766887665, 11.0991382599, 11.656416893, 12.202085495, 12.7477550507, 13.2818136215, 13.8390922546, 14.3847618103, 14.9420404434, 15.4993190765, 16.0565986633, 16.5906581879, 17.1247158051, 17.6587753296, 18.2044448853, 18.7617225647, 19.2841720581, 19.8182315826, 20.3755092621, 20.9211788177, 21.4668483734, 22.0125160217, 22.5465755463, 23.0922451019, 23.6263027191, 24.195192337, 24.7408618927, 25.286529541, 25.8438091278, 26.3894786835, 26.9235363007],
    "bpm_estimates": [105.46875, 107.666023254, 109.956756592, 109.956756592, 109.956848145, 114.843742371, 112.347129822, 112.347129822, 109.956848145, 112.347129822, 109.956848145, 107.665885925, 109.956848145, 114.843635559, 107.666069031, 109.956848145, 109.95665741, 112.347229004, 107.666069031, 109.95665741, 107.666069031, 107.666069031, 107.665885925, 112.34703064, 112.347427368, 112.34703064, 109.95665741, 107.666252136, 114.843635559, 112.34703064, 107.666252136, 109.95665741, 109.95665741, 109.957038879, 112.34703064, 109.95665741, 112.347427368, 105.468612671, 109.95665741, 109.957038879, 107.665885925, 109.95665741, 112.347427368],
    "bpm_intervals": [0.580498933792, 0.603718757629, 0.592108726501, 0.568888902664, 0.557278871536, 0.545669078827, 0.545669078827, 0.54566860199, 0.522449016571, 0.534059047699, 0.534059047699, 0.54566860199, 0.534059047699, 0.54566860199, 0.557279586792, 0.580498695374, 0.580498695374, 0.54566860199, 0.522449493408, 0.557278633118, 0.54566860199, 0.545669555664, 0.534058570862, 0.557278633118, 0.545669555664, 0.557278633118, 0.557278633118, 0.557279586792, 0.534059524536, 0.534057617188, 0.534059524536, 0.545669555664, 0.557277679443, 0.522449493408, 0.534059524536, 0.557277679443, 0.545669555664, 0.545669555664, 0.545667648315, 0.534059524536, 0.545669555664, 0.534057617188, 0.56888961792, 0.545669555664, 0.545667648315, 0.557279586792, 0.545669555664, 0.534057617188],
    "onset_times": [0.0116099771112, 0.267029464245, 0.383129239082, 0.766258478165, 0.835918366909, 1.02167797089, 1.40480720997, 1.89242625237, 2.10140585899, 2.24072551727, 2.35682535172, 2.57741498947, 2.92571425438, 3.03020405769, 3.13469386101, 3.25079369545, 3.36689352989, 3.47138333321, 3.5758728981, 3.69197273254, 3.79646253586, 3.9125623703, 4.01705217361, 4.23764181137, 4.34213161469, 4.446621418, 4.66721105576, 4.77170085907, 4.99229001999, 5.10838985443, 5.20126962662, 5.30575942993, 5.53795909882, 5.630838871, 5.83981847763, 5.9675283432, 6.06040811539, 6.1648979187, 6.26938772202, 6.37387752533, 6.48997735977, 6.59446716309, 6.6989569664, 6.91954660416, 7.02403640747, 7.24462604523, 7.46521520615, 7.58131504059, 7.67419481277, 7.89478445053, 7.99927425385, 8.12698459625, 8.2198638916, 8.54494285583, 8.64943313599, 8.76553249359, 8.87002277374, 9.0906124115, 9.2067117691, 9.29959201813, 9.4040813446, 9.52018165588, 9.62467098236, 9.72916126251, 9.83365058899, 9.9613609314, 10.0542402267, 10.2748298645, 10.3793201447, 10.4838094711, 10.5882997513, 10.6927890778, 10.7972793579, 10.9017686844, 11.1223583221, 11.2268476486, 11.4474372864, 11.6680269241, 11.8886165619, 11.993106842, 12.1092061996, 12.2136964798, 12.4342861176, 12.5503854752, 12.6548757553, 12.8754644394, 13.3166437149, 13.4327440262, 13.6301136017, 13.8507032394, 14.4195919037, 14.5240812302, 14.6285715103, 14.7330608368, 14.9652605057, 15.1858501434, 15.5109300613, 15.6154193878, 16.2655773163, 16.3816776276, 16.6138782501, 16.7067565918, 16.9273471832, 17.0318374634, 17.2524261475, 17.5775051117, 17.6819953918, 17.9025859833, 18.2276649475, 18.4482536316, 18.7733325958, 19.0984134674, 19.3422222137, 19.4234924316, 19.6440811157, 20.0736503601, 20.2942409515, 20.3987293243, 20.94439888, 21.1649894714, 21.4900684357, 21.5945587158, 21.9196376801, 22.0241260529, 22.128616333, 22.5349655151, 22.9877548218, 23.2083454132, 23.312833786, 23.5218143463, 23.8701133728, 24.0790920258, 24.2996826172, 24.5318813324, 24.7524719238, 24.9614505768, 25.5187301636],
