{
"metadata": {
    "version": {
        "essentia": "2.1-beta3"
    }
},
"lowLevel": {
    "average_loudness": 0.655666708946,
    "barkbands_kurtosis": {
        "kurt": 41.77318573,
        "max": 10.3749980927,
        "mean": -0.839980065823,
        "median": -1.21855115891,
        "min": -1.73460566998,
        "skew": 5.98972654343,
        "var": 1.74737799168
    },
    "barkbands_skewness": {
        "kurt": 2.55688810349,
        "max": 1.2878036499,
        "mean": -0.176826879382,
        "median": -0.138976722956,
        "min": -2.87910199165,
        "skew": -0.732026517391,
        "var": 0.407056599855
    },
    "barkbands_spread": {
        "kurt": 1.10630083084,
        "max": 54.1420249939,
        "mean": 37.1041603088,
        "median": 37.8073501587,
        "min": 6.53375339508,
        "skew": -0.725903511047,
        "var": 69.7548065186
    },
    "dissonance": {
        "kurt": 47.1172180176,
        "max": 0.499731868505,
        "mean": 0.488087624311,
        "median": 0.490559339523,
        "min": 0.361608475447,
        "skew": -5.59442806244,
        "var": 0.000167947640875
    },
    "hfc": {
        "kurt": 1.38539457321,
        "max": 32.5009307861,
        "mean": 6.89180898666,
        "median": 2.83260512352,
        "min": 0.00916803348809,
        "skew": 1.42359912395,
        "var": 61.8578186035
    },
    "pitch": {
        "kurt": 0.592164993286,
        "max": 3568.63427734,
        "mean": 966.101074219,
        "median": 622.581054688,
        "min": 80.5241622925,
        "skew": 1.46046972275,
        "var": 1108122.5
    },
    "pitch_instantaneous_confidence": {
        "kurt": 12.8850507736,
        "max": 0.716159582138,
        "mean": 0.224929094315,
        "median": 0.208944618702,
        "min": 0.115121781826,
        "skew": 2.89645457268,
        "var": 0.00639250734821
    },
    "pitch_salience": {
        "kurt": 0.897893667221,
        "max": 0.839028716087,
        "mean": 0.676819860935,
        "median": 0.694311976433,
        "min": 0.362985938787,
        "skew": -1.0097464323,
        "var": 0.00751443020999
    },
    "silence_rate_20dB": {
        "kurt": 0,
        "max": 1,
        "mean": 1,
        "median": 1,
        "min": 1,
        "skew": 0,
        "var": 0
    },
    "silence_rate_30dB": {
        "kurt": 0,
        "max": 1,
        "mean": 1,
        "median": 1,
        "min": 1,
        "skew": 0,
        "var": 0
    },
    "silence_rate_60dB": {
        "kurt": -1.93452739716,
        "max": 1,
        "mean": 0.563451766968,
        "median": 1,
        "min": 0,
        "skew": -0.255876392126,
        "var": 0.245974093676
    },
    "spectral_centroid": {
        "kurt": -0.762155771255,
        "max": 2316.09423828,
        "mean": 1544.67102051,
        "median": 1551.64208984,
        "min": 607.56640625,
        "skew": -0.0957116559148,
        "var": 161594.890625
    },
    "spectral_complexity": {
        "kurt": -1.2304598093,
        "max": 50,
        "mean": 15.1522846222,
        "median": 6,
        "min": 0,
        "skew": 0.581726610661,
        "var": 253.540405273
    },
    "spectral_crest": {
        "kurt": 2.04912137985,
        "max": 16.9510288239,
        "mean": 5.66649484634,
        "median": 4.70836544037,
        "min": 2.48792743683,
        "skew": 1.48743391037,
        "var": 7.50077390671
    },
    "spectral_decrease": {
        "kurt": -0.0642681121826,
        "max": -2.74470051721e-12,
        "mean": -9.17525944111e-10,
        "median": -4.43985875842e-10,
        "min": -3.63475383125e-09,
        "skew": -1.03989207745,
        "var": 8.8004407114e-19
    },
    "spectral_energy": {
        "kurt": 0.0635364055634,
        "max": 0.0165270660073,
        "mean": 0.00408806186169,
        "median": 0.00189522176515,
        "min": 1.11907183964e-05,
        "skew": 1.07180726528,
        "var": 1.78573391167e-05
    },
    "spectral_energyband_high": {
        "kurt": 2.08044052124,
        "max": 0.00133317860309,
        "mean": 0.000235219747992,
        "median": 7.7206750575e-05,
        "min": 1.42293416161e-07,
        "skew": 1.62990343571,
        "var": 8.89231230872e-08
    },
    "spectral_energyband_low": {
        "kurt": 1.80410528183,
        "max": 0.00420220103115,
        "mean": 0.000852461555041,
        "median": 0.00047024973901,
        "min": 3.83900123779e-06,
        "skew": 1.55365526676,
        "var": 9.26530788092e-07
    },
    "spectral_energyband_middle_high": {
        "kurt": 1.41642379761,
        "max": 0.010637990199,
        "mean": 0.00229495042004,
        "median": 0.00100310950074,
        "min": 3.24090615322e-06,
        "skew": 1.41186594963,
        "var": 6.60517707729e-06
    },
    "spectral_energyband_middle_low": {
        "kurt": 1.59232282639,
        "max": 0.00380315445364,
        "mean": 0.000778623274527,
        "median": 0.000369471381418,
        "min": 3.81849895348e-06,
        "skew": 1.49517321587,
        "var": 7.6059723142e-07
    },
    "spectral_flatness_db": {
        "kurt": 6.72824764252,
        "max": 0.193956449628,
        "mean": 0.11456374079,
        "median": 0.111434742808,
        "min": 0.071241311729,
        "skew": 1.90177547932,
        "var": 0.000211390404729
    },
    "spectral_flux": {
        "kurt": -1.03023266792,
        "max": 0.0848835408688,
        "mean": 0.0386534743011,
        "median": 0.0328171737492,
        "min": 0.00763993989676,
        "skew": 0.518957614899,
        "var": 0.000465945660835
    },
    "spectral_kurtosis": {
        "kurt": 13.680393219,
        "max": 16.1322994232,
        "mean": 5.04887390137,
        "median": 4.75627994537,
        "min": 2.59339570999,
        "skew": 2.70846509933,
        "var": 2.38548135757
    },
    "spectral_rms": {
        "kurt": -1.02276170254,
        "max": 0.00401546619833,
        "mean": 0.00171822716948,
        "median": 0.00135977822356,
        "min": 0.0001044881501,
        "skew": 0.512278616428,
        "var": 1.03605100321e-06
    },
    "spectral_rolloff": {
        "kurt": 0.452312469482,
        "max": 3811.37695312,
        "mean": 3041.64794922,
        "median": 3100.78125,
        "min": 1313.52539062,
        "skew": -0.672973394394,
        "var": 195440.125
    },
    "spectral_skewness": {
        "kurt": 6.28112983704,
        "max": 3.01943039894,
        "mean": 1.64861249924,
        "median": 1.60057389736,
        "min": 1.26308858395,
        "skew": 1.80409097672,
        "var": 0.0590694583952
    },
    "spectral_spread": {
        "kurt": 115.958351135,
        "max": 14935316,
        "mean": 4240793.5,
        "median": 4217255.5,
        "min": 2756979.75,
        "skew": 9.56116294861,
        "var": 747744067584
    },
    "spectral_strongpeak": {
        "kurt": 42.8002929688,
        "max": 2.51779127121,
        "mean": 0.127290442586,
        "median": 0.0588834099472,
        "min": 0,
        "skew": 6.01490449905,
        "var": 0.0732293725014
    },
    "zerocrossingrate": {
        "kurt": 3.39753866196,
        "max": 0.115234375,
        "mean": 0.0863662958145,
        "median": 0.08740234375,
        "min": 0.02197265625,
        "skew": -0.981229662895,
        "var": 0.000155721325427
    },
    "barkbands": {
        "kurt": [1.53951311111, 3.32970142365, 1.46872425079, 13.2464828491, 10.5170278549, 8.08385944366, 5.20787811279, 5.02197742462, 2.08312129974, 2.49904346466, 14.5313911438, 4.39046669006, 4.95777177811, 4.97833490372, 2.60506725311, 8.99561214447, 9.15888404846, 6.71250534058, 2.396879673, 1.47912502289, 2.52110242844, 6.23146152496, 3.17057037354, 8.94035243988, 7.17479228973, 0.954283714294, 2.10628271103],
        "max": [1.46544880408e-05, 0.00328545668162, 0.00139853125438, 0.000997475115582, 0.000800003821496, 0.000493227154948, 0.00067435298115, 0.00106690614484, 0.00151761388406, 0.000884090666659, 0.00132689485326, 0.000894671422429, 0.000922100443859, 0.00102892168798, 0.00133133167401, 0.00166428508237, 0.00294011062942, 0.00303715211339, 0.0022180294618, 0.00124178768601, 0.000637826800812, 0.000219721128815, 3.23661588482e-05, 3.00036390399e-05, 1.00479310277e-05, 1.58179801701e-07, 4.38623448673e-09],
        "mean": [2.69362385552e-06, 0.000552489247639, 0.00025538681075, 9.98129253276e-05, 7.69779944676e-05, 5.63547364436e-05, 9.36423311941e-05, 0.000148371967953, 0.000259017542703, 0.00014010896848, 0.000111948465928, 0.00014293314598, 0.000122591620311, 0.000143905257573, 0.000214693660382, 0.000210401616641, 0.000358261662768, 0.000350719201379, 0.000368525274098, 0.000235582352616, 0.000107102059701, 2.72460929409e-05, 5.09289384354e-06, 2.97687211059e-06, 1.1965809108e-06, 3.26896874014e-08, 7.8698420003e-10],
        "median": [1.13344287911e-06, 0.000299060309771, 0.000100854325865, 3.56275086233e-05, 2.71076423815e-05, 2.29824472626e-05, 4.56252091681e-05, 6.61678495817e-05, 9.51848342083e-05, 5.75791855226e-05, 3.74333103537e-05, 6.88741492922e-05, 5.56236482225e-05, 5.46617920918e-05, 9.45896390476e-05, 0.000123632300529, 0.000172851083335, 0.000103663434857, 9.74204449449e-05, 8.93795804586e-05, 3.85764360544e-05, 9.58182044997e-06, 1.65329561241e-06, 9.56421104092e-07, 5.28832174496e-07, 1.76416179443e-08, 4.22888751794e-10],
        "min": [1.75996306417e-09, 1.80999688837e-06, 1.00945021586e-06, 8.56185380371e-08, 2.5593499231e-07, 2.9973745086e-07, 4.22351348561e-07, 4.15927104314e-07, 3.69750694063e-07, 2.86620888801e-07, 4.70909867545e-07, 2.59046061046e-07, 2.20834422748e-07, 1.10799291519e-07, 1.03282644659e-07, 2.0232110387e-07, 8.76343847267e-07, 3.03778051602e-07, 2.25399247711e-07, 2.40872310542e-07, 5.59811716982e-08, 2.95108524284e-08, 1.38655202875e-08, 5.77435832483e-09, 3.53241635942e-09, 6.58668064535e-10, 1.37432504613e-11],
        "skew": [1.54813158512, 1.99484539032, 1.49646425247, 3.41722989082, 3.0888633728, 2.61311841011, 2.18480348587, 2.11056923866, 1.63077318668, 1.62961399555, 3.37633442879, 1.96360516548, 2.13466930389, 1.98408854008, 1.59658205509, 2.40939331055, 2.74076938629, 2.43396902084, 1.66407740116, 1.44609820843, 1.74203157425, 2.36389732361, 1.86833298206, 2.824655056, 2.52667093277, 1.37561368942, 1.46551382542],
        "var": [1.06649853879e-11, 5.10865618253e-07, 1.00647774559e-07, 2.94148172486e-08, 1.7310677336e-08, 6.06432370986e-09, 1.43973775124e-08, 3.62747307747e-08, 1.00910668266e-07, 2.94180217963e-08, 3.28462270716e-08, 2.9480544228e-08, 2.72206293062e-08, 3.10879748611e-08, 6.21497804332e-08, 6.25891658501e-08, 2.30812531754e-07, 2.62003311491e-07, 2.30510494248e-07, 7.89176013427e-08, 1.93028917295e-08, 1.53088997035e-09, 4.60060323171e-11, 2.27794866303e-11, 3.0387099087e-12, 1.42547905259e-15, 7.05905905188e-19],
        "cov": [[1.07193984591e-11, 1.67732505663e-09, 6.36608876725e-10, 2.8330340851e-10, 2.40623493353e-10, 1.21173571177e-10, 2.17348292142e-10, 4.1181386079e-10, 6.69327260283e-10, 3.22487592186e-10, 2.32263763777e-10, 2.09892894731e-10, 1.61675992039e-10, 2.78667561249e-10, 3.86764509308e-10, 2.14026879553e-10, 3.09923198216e-10, 5.10978592771e-10, 6.6297378698e-10, 4.37867936354e-10, 1.81256565313e-10, 4.5097831719e-11, 8.5185747345e-12, 3.85497840247e-12, 1.84226982627e-12, 7.06029676454e-14, 1.55660589382e-15], [1.67732505663e-09, 5.13472059538e-07, 1.22633409205e-07, 5.87372852578e-08, 5.5429669743e-08, 3.63204222253e-08, 6.22539957362e-08, 1.02339576813e-07, 1.56349699409e-07, 6.79021283645e-08, 7.10627574563e-08, 5.7786273544e-08, 5.96281850562e-08, 7.12662284741e-08, 1.01554277876e-07, 8.34283184759e-08, 1.56804219387e-07, 2.1204323275e-07, 2.1901219327e-07, 1.42363077771e-07, 6.89778474339e-08, 1.93838598506e-08, 3.49665674193e-09, 2.15055484531e-09, 8.30546131869e-10, 2.16742925691e-11, 3.66296592667e-13], [6.36608876725e-10, 1.22633409205e-07, 1.01161283794e-07, 3.44671349239e-08, 2.43622917395e-08, 1.25017098895e-08, 1.99800140877e-08, 3.28348797041e-08, 4.94013434604e-08, 3.07044700776e-08, 2.02502707936e-08, 2.01019609847e-08, 1.82775554691e-08, 2.34314416758e-08, 3.29026264012e-08, 1.8886064268e-08, 2.82696444032e-08, 4.7804967096e-08, 6.22698337338e-08, 4.04044406821e-08, 1.82222628098e-08, 4.86131579436e-09, 8.06717137536e-10, 4.28797497509e-10, 1.87079338132e-10, 6.21246543792e-12, 9.64998887005e-14], [2.8330340851e-10, 5.87372852578e-08, 3.44671349239e-08, 2.95648927562e-08, 2.03946477484e-08, 7.65385799184e-09, 9.72897939988e-09, 1.34471633828e-08, 3.13491703707e-08, 1.60036925934e-08, 1.60956510342e-08, 1.25446462107e-08, 6.89745105475e-09, 1.28789983123e-08, 1.9066243695e-08, 1.26939854184e-08, 1.9600097545e-08, 2.91416206721e-08, 3.56407561242e-08, 2.35753407907e-08, 9.22278431403e-09, 2.76677969424e-09, 4.87495877e-10, 2.85974660619e-10, 1.19151924438e-10, 3.42515534164e-12, 4.88003023137e-14], [2.40623493353e-10, 5.5429669743e-08, 2.43622917395e-08, 2.03946477484e-08, 1.73989977981e-08, 6.28605478781e-09, 8.71064997909e-09, 1.39063587312e-08, 2.69290758581e-08, 1.29317481168e-08, 1.32418778165e-08, 1.09177840102e-08, 5.07794917226e-09, 1.07168487418e-08, 1.58856146015e-08, 1.22396848212e-08, 1.9678969565e-08, 2.58357655269e-08, 3.11056709279e-08, 2.0889048713e-08, 8.12022271646e-09, 2.46627518408e-09, 4.62941962542e-10, 2.63625288266e-10, 1.06781049281e-10, 3.07130080916e-12, 4.59394858038e-14], [1.21173571177e-10, 3.63204222253e-08, 1.25017098895e-08, 7.65385799184e-09, 6.28605478781e-09, 6.09526429329e-09, 5.34357935678e-09, 8.94873242174e-09, 1.51505545887e-08, 7.50478790223e-09, 8.38362268496e-09, 6.85820911173e-09, 5.58844259757e-09, 8.92456153423e-09, 1.13734008877e-08, 9.3604350937e-09, 1.68125033895e-08, 2.4737632387e-08, 2.61428336756e-08, 1.61473057148e-08, 7.24728366208e-09, 1.87229365345e-09, 3.7594019564e-10, 2.29693403186e-10, 8.05605859799e-11, 2.22777590646e-12, 3.25636734374e-14], [2.17348292142e-10, 6.22539957362e-08, 1.99800140877e-08, 9.72897939988e-09, 8.71064997909e-09, 5.34357935678e-09, 1.44708334204e-08, 1.54976067535e-08, 2.49281519871e-08, 1.06192512561e-08, 1.12075477787e-08, 8.19167578214e-09, 8.77863293169e-09, 1.01642694261e-08, 1.51180632457e-08, 1.27141612793e-08, 2.14751807448e-08, 3.41754855526e-08, 3.14411821023e-08, 2.17456417317e-08, 1.0132404249e-08, 2.59827848126e-09, 5.07965169927e-10, 2.84107681825e-10, 1.10503613204e-10, 3.24599114948e-12, 5.28896926797e-14], [4.1181386079e-10, 1.02339576813e-07, 3.28348797041e-08, 1.34471633828e-08, 1.39063587312e-08, 8.94873242174e-09, 1.54976067535e-08, 3.64598058411e-08, 4.03146138694e-08, 1.77810566271e-08, 1.36596289835e-08, 1.43958711618e-08, 1.26297790004e-08, 1.68376637077e-08, 2.39326780616e-08, 2.13256861059e-08, 3.91270269517e-08, 4.74625991842e-08, 5.32209618598e-08, 3.45726931528e-08, 1.54475152669e-08, 3.91744547912e-09, 8.16679279758e-10, 4.6302070511e-10, 1.83342591109e-10, 5.16230417788e-12, 9.88969512837e-14], [6.69327260283e-10, 1.56349699409e-07, 4.94013434604e-08, 3.13491703707e-08, 2.69290758581e-08, 1.51505545887e-08, 2.49281519871e-08, 4.03146138694e-08, 1.01425520427e-07, 3.83340932331e-08, 3.06361798152e-08, 3.45671153923e-08, 2.77519323078e-08, 3.55920128925e-08, 5.20451237662e-08, 4.79094985906e-08, 8.25282384653e-08, 8.83141098029e-08, 1.04221513197e-07, 6.59890204702e-08, 2.92720159223e-08, 7.98401522673e-09, 1.46401168966e-09, 9.13660147539e-10, 3.73591269032e-10, 8.84482851543e-12, 1.46543096668e-13], [3.22487592186e-10, 6.79021283645e-08, 3.07044700776e-08, 1.60036925934e-08, 1.29317481168e-08, 7.50478790223e-09, 1.06192512561e-08, 1.77810566271e-08, 3.83340932331e-08, 2.95681132911e-08, 1.68995004657e-08, 1.79941128664e-08, 1.526758453e-08, 1.93745357535e-08, 2.74310352211e-08, 2.42792932426e-08, 4.50258390572e-08, 5.01795014429e-08, 5.67708156041e-08, 3.39678329908e-08, 1.59973172487e-08, 4.34953939532e-09, 7.44839023792e-10, 4.35122521347e-10, 1.90423427027e-10, 4.40714218591e-12, 7.67350118451e-14], [2.32263763777e-10, 7.10627574563e-08, 2.02502707936e-08, 1.60956510342e-08, 1.32418778165e-08, 8.38362268496e-09, 1.12075477787e-08, 1.36596289835e-08, 3.06361798152e-08, 1.68995004657e-08, 3.30138085758e-08, 2.23982770109e-08, 1.33037207917e-08, 2.13994422182e-08, 3.09670191712e-08, 2.19778311106e-08, 4.54535644678e-08, 6.41429096504e-08, 5.31107815505e-08, 3.54583917783e-08, 1.74442043033e-08, 4.71532679569e-09, 8.44880054807e-10, 5.41965028411e-10, 1.97844129968e-10, 4.88997904668e-12, 7.89801980327e-14], [2.09892894731e-10, 5.7786273544e-08, 2.01019609847e-08, 1.25446462107e-08, 1.09177840102e-08, 6.85820911173e-09, 8.19167578214e-09, 1.43958711618e-08, 3.45671153923e-08, 1.79941128664e-08, 2.23982770109e-08, 2.96309536907e-08, 1.81345640726e-08, 2.29120864503e-08, 3.05281488977e-08, 2.70418549775e-08, 5.31197805742e-08, 6.18993212242e-08, 6.06108230272e-08, 3.73935264975e-08, 1.72299987611e-08, 4.6989501179e-09, 7.89560861136e-10, 5.42328293385e-10, 2.05750971816e-10, 4.57296700507e-12, 7.28348316988e-14], [1.61675992039e-10, 5.96281850562e-08, 1.82775554691e-08, 6.89745105475e-09, 5.07794917226e-09, 5.58844259757e-09, 8.77863293169e-09, 1.26297790004e-08, 2.77519323078e-08, 1.526758453e-08, 1.33037207917e-08, 1.81345640726e-08, 2.73595102129e-08, 1.77294516845e-08, 2.50297649274e-08, 2.62971227016e-08, 4.89570481932e-08, 5.84743133913e-08, 5.94186104763e-08, 3.46460389267e-08, 1.67104854398e-08, 4.6957437938e-09, 7.71089969653e-10, 5.3193882632e-10, 2.04896030698e-10, 4.01015678997e-12, 6.48418899954e-14], [2.78667561249e-10, 7.12662284741e-08, 2.34314416758e-08, 1.28789983123e-08, 1.07168487418e-08, 8.92456153423e-09, 1.01642694261e-08, 1.68376637077e-08, 3.55920128925e-08, 1.93745357535e-08, 2.13994422182e-08, 2.29120864503e-08, 1.77294516845e-08, 3.12465857633e-08, 3.34346736963e-08, 2.62706834064e-08, 5.09987962971e-08, 6.43520152721e-08, 6.50312159678e-08, 4.01898709868e-08, 1.90117894761e-08, 4.95757213059e-09, 8.92576901279e-10, 6.07137840003e-10, 2.22002680128e-10, 5.16033483305e-12, 8.35587702546e-14], [3.86764509308e-10, 1.01554277876e-07, 3.29026264012e-08, 1.9066243695e-08, 1.58856146015e-08, 1.13734008877e-08, 1.51180632457e-08, 2.39326780616e-08, 5.20451237662e-08, 2.74310352211e-08, 3.09670191712e-08, 3.05281488977e-08, 2.50297649274e-08, 3.34346736963e-08, 6.24668743399e-08, 4.52951702812e-08, 8.76473436051e-08, 8.90619062943e-08, 1.01364086902e-07, 5.52448895519e-08, 2.89848536283e-08, 7.99804578122e-09, 1.39262978927e-09, 9.37283917146e-10, 3.45496048437e-10, 7.43703015837e-12, 1.19778942624e-13], [2.14026879553e-10, 8.34283184759e-08, 1.8886064268e-08, 1.26939854184e-08, 1.22396848212e-08, 9.3604350937e-09, 1.27141612793e-08, 2.13256861059e-08, 4.79094985906e-08, 2.42792932426e-08, 2.19778311106e-08, 2.70418549775e-08, 2.62971227016e-08, 2.62706834064e-08, 4.52951702812e-08, 6.29084979664e-08, 8.92793963203e-08, 8.92794957963e-08, 9.20013505379e-08, 5.19877190186e-08, 2.64820450013e-08, 6.95138213658e-09, 1.27099186731e-09, 8.77787120768e-10, 3.30709570839e-10, 6.39178033418e-12, 1.10849080837e-13], [3.09923198216e-10, 1.56804219387e-07, 2.82696444032e-08, 1.9600097545e-08, 1.9678969565e-08, 1.68125033895e-08, 2.14751807448e-08, 3.91270269517e-08, 8.25282384653e-08, 4.50258390572e-08, 4.54535644678e-08, 5.31197805742e-08, 4.89570481932e-08, 5.09987962971e-08, 8.76473436051e-08, 8.92793963203e-08, 2.31990142652e-07, 1.62968532891e-07, 1.84993055541e-07, 1.03988135436e-07, 5.26627488284e-08, 1.47833842945e-08, 2.63389821065e-09, 1.9210975033e-09, 6.88111179148e-10, 1.30827354158e-11, 1.88364447195e-13], [5.10978592771e-10, 2.1204323275e-07, 4.7804967096e-08, 2.91416206721e-08, 2.58357655269e-08, 2.4737632387e-08, 3.41754855526e-08, 4.74625991842e-08, 8.83141098029e-08, 5.01795014429e-08, 6.41429096504e-08, 6.18993212242e-08, 5.84743133913e-08, 6.43520152721e-08, 8.90619062943e-08, 8.92794957963e-08, 1.62968532891e-07, 2.63340041329e-07, 2.01784573051e-07, 1.18261546334e-07, 6.13498016833e-08, 1.61117430508e-08, 2.8805802188e-09, 1.89498883252e-09, 6.74406586132e-10, 1.51981188051e-11, 2.40246326522e-13], [6.6297378698e-10, 2.1901219327e-07, 6.22698337338e-08, 3.56407561242e-08, 3.11056709279e-08, 2.61428336756e-08, 3.14411821023e-08, 5.32209618598e-08, 1.04221513197e-07, 5.67708156041e-08, 5.31107815505e-08, 6.06108230272e-08, 5.94186104763e-08, 6.50312159678e-08, 1.01364086902e-07, 9.20013505379e-08, 1.84993055541e-07, 2.01784573051e-07, 2.31686570373e-07, 1.21986801105e-07, 6.00900378345e-08, 1.68839715542e-08, 2.96642044262e-09, 2.00946015383e-09, 7.38600625105e-10, 1.57218925378e-11, 2.30798453266e-13], [4.37867936354e-10, 1.42363077771e-07, 4.04044406821e-08, 2.35753407907e-08, 2.0889048713e-08, 1.61473057148e-08, 2.17456417317e-08, 3.45726931528e-08, 6.59890204702e-08, 3.39678329908e-08, 3.54583917783e-08, 3.73935264975e-08, 3.46460389267e-08, 4.01898709868e-08, 5.52448895519e-08, 5.19877190186e-08, 1.03988135436e-07, 1.18261546334e-07, 1.21986801105e-07, 7.93202445948e-08, 3.61215413136e-08, 9.74623759475e-09, 1.76522985118e-09, 1.1614448292e-09, 4.34242003466e-10, 9.6182367626e-12, 1.49048349075e-13], [1.81256565313e-10, 6.89778474339e-08, 1.82222628098e-08, 9.22278431403e-09, 8.12022271646e-09, 7.24728366208e-09, 1.0132404249e-08, 1.54475152669e-08, 2.92720159223e-08, 1.59973172487e-08, 1.74442043033e-08, 1.72299987611e-08, 1.67104854398e-08, 1.90117894761e-08, 2.89848536283e-08, 2.64820450013e-08, 5.26627488284e-08, 6.13498016833e-08, 6.00900378345e-08, 3.61215413136e-08, 1.94013765054e-08, 4.97839947045e-09, 8.72268868246e-10, 5.89929771699e-10, 2.17967463523e-10, 4.65658501342e-12, 6.93608717553e-14], [4.5097831719e-11, 1.93838598506e-08, 4.86131579436e-09, 2.76677969424e-09, 2.46627518408e-09, 1.87229365345e-09, 2.59827848126e-09, 3.91744547912e-09, 7.98401522673e-09, 4.34953939532e-09, 4.71532679569e-09, 4.6989501179e-09, 4.6957437938e-09, 4.95757213059e-09, 7.99804578122e-09, 6.95138213658e-09, 1.47833842945e-08, 1.61117430508e-08, 1.68839715542e-08, 9.74623759475e-09, 4.97839947045e-09, 1.53870061137e-09, 2.4705140711e-10, 1.67888175584e-10, 6.36047742253e-11, 1.27396118828e-12, 1.77927910307e-14], [8.5185747345e-12, 3.49665674193e-09, 8.06717137536e-10, 4.87495877e-10, 4.62941962542e-10, 3.7594019564e-10, 5.07965169927e-10, 8.16679279758e-10, 1.46401168966e-09, 7.44839023792e-10, 8.44880054807e-10, 7.89560861136e-10, 7.71089969653e-10, 8.92576901279e-10, 1.39262978927e-09, 1.27099186731e-09, 2.63389821065e-09, 2.8805802188e-09, 2.96642044262e-09, 1.76522985118e-09, 8.72268868246e-10, 2.4705140711e-10, 4.62407577506e-11, 3.02644263817e-11, 1.08475459518e-11, 2.36952737162e-13, 3.63782481989e-15], [3.85497840247e-12, 2.15055484531e-09, 4.28797497509e-10, 2.85974660619e-10, 2.63625288266e-10, 2.29693403186e-10, 2.84107681825e-10, 4.6302070511e-10, 9.13660147539e-10, 4.35122521347e-10, 5.41965028411e-10, 5.42328293385e-10, 5.3193882632e-10, 6.07137840003e-10, 9.37283917146e-10, 8.77787120768e-10, 1.9210975033e-09, 1.89498883252e-09, 2.00946015383e-09, 1.1614448292e-09, 5.89929771699e-10, 1.67888175584e-10, 3.02644263817e-11, 2.2895707899e-11, 7.7991692965e-12, 1.55211008434e-13, 2.18735607189e-15], [1.84226982627e-12, 8.30546131869e-10, 1.87079338132e-10, 1.19151924438e-10, 1.06781049281e-10, 8.05605859799e-11, 1.10503613204e-10, 1.83342591109e-10, 3.73591269032e-10, 1.90423427027e-10, 1.97844129968e-10, 2.05750971816e-10, 2.04896030698e-10, 2.22002680128e-10, 3.45496048437e-10, 3.30709570839e-10, 6.88111179148e-10, 6.74406586132e-10, 7.38600625105e-10, 4.34242003466e-10, 2.17967463523e-10, 6.36047742253e-11, 1.08475459518e-11, 7.7991692965e-12, 3.05421356608e-12, 5.72590206586e-14, 8.31975666067e-16], [7.06029676454e-14, 2.16742925691e-11, 6.21246543792e-12, 3.42515534164e-12, 3.07130080916e-12, 2.22777590646e-12, 3.24599114948e-12, 5.16230417788e-12, 8.84482851543e-12, 4.40714218591e-12, 4.88997904668e-12, 4.57296700507e-12, 4.01015678997e-12, 5.16033483305e-12, 7.43703015837e-12, 6.39178033418e-12, 1.30827354158e-11, 1.51981188051e-11, 1.57218925378e-11, 9.6182367626e-12, 4.65658501342e-12, 1.27396118828e-12, 2.36952737162e-13, 1.55211008434e-13, 5.72590206586e-14, 1.43275188924e-15, 2.18252696501e-17], [1.55660589382e-15, 3.66296592667e-13, 9.64998887005e-14, 4.88003023137e-14, 4.59394858038e-14, 3.25636734374e-14, 5.28896926797e-14, 9.88969512837e-14, 1.46543096668e-13, 7.67350118451e-14, 7.89801980327e-14, 7.28348316988e-14, 6.48418899954e-14, 8.35587702546e-14, 1.19778942624e-13, 1.10849080837e-13, 1.88364447195e-13, 2.40246326522e-13, 2.30798453266e-13, 1.49048349075e-13, 6.93608717553e-14, 1.77927910307e-14, 3.63782481989e-15, 2.18735607189e-15, 8.31975666067e-16, 2.18252696501e-17, 7.09507449575e-19]]
    },
    "mfcc": {
        "kurt": [-0.714654922485, -0.416845321655, 2.29172372818, 0.451379537582, 0.835771560669, 0.661776065826, -0.299540996552, 0.582415342331, 0.122324705124, 0.635410547256, -0.271512746811, 0.215751647949, -0.358737707138],
        "max": [-601.237609863, 142.019195557, 1.0203704834, 64.3994827271, 22.8029632568, 22.1305007935, 26.118347168, 29.8061885834, 34.9062232971, 24.6596603394, 21.7218036652, 25.4250106812, 14.9007339478],
        "mean": [-726.12286377, 112.64175415, -59.6094589233, 44.0625495911, -4.285800457, 1.92366421223, 10.6493015289, 9.66457462311, 15.6063308716, 11.1994056702, 7.3365650177, 7.12310123444, 1.94717824459],
        "median": [-737.225830078, 112.584014893, -60.4976730347, 44.2110862732, -5.20046615601, 1.8881111145, 11.6103134155, 10.0978603363, 15.6323871613, 11.8205242157, 7.44270706177, 7.26535797119, 1.82188415527],
        "min": [-996.454833984, 78.8399200439, -97.3601913452, 13.653213501, -18.2965087891, -16.6250076294, -4.98041534424, -9.67216110229, -1.91079139709, -8.85229492188, -6.13254165649, -12.0826892853, -9.70665359497],
        "skew": [-0.22430446744, -0.0641714259982, 0.309746176004, -0.391545116901, 0.813459873199, -0.0668230727315, -0.110394395888, -0.139612242579, 0.159992337227, -0.531104385853, -0.0748605430126, -0.0608340278268, 0.176104262471],
        "var": [6056.39453125, 173.583236694, 150.838851929, 75.3046417236, 52.7027282715, 33.7895698547, 40.2168121338, 36.6299438477, 43.8895263672, 33.2832336426, 32.2438964844, 42.7547187805, 25.6573028564],
        "cov": [[6087.29443359, -372.910430908, -144.018768311, 82.3310165405, -239.391387939, 35.1457214355, 52.7396659851, -5.14579963684, -145.42918396, 78.4006347656, 67.1071929932, -129.679260254, -127.707580566], [-372.910430908, 174.46887207, 60.9838066101, 9.32661628723, 15.2861967087, 9.78090286255, 6.79091024399, -18.2357883453, 4.47349309921, 4.15851974487, 2.79708433151, -13.0032844543, -4.81248664856], [-144.018768311, 60.9838066101, 151.608444214, 49.7744522095, 7.89524888992, 4.83194541931, 10.8052930832, -10.7139825821, 6.35631942749, 13.63950634, 1.60515832901, -2.96508979797, -12.2189741135], [82.3310165405, 9.32661628723, 49.7744522095, 75.6888427734, -2.77245569229, 12.3275032043, -1.04482769966, -8.48178863525, 6.24031400681, 8.94688606262, 4.87322235107, -1.83940577507, -12.5360479355], [-239.391387939, 15.2861967087, 7.89524888992, -2.77245569229, 52.9716186523, 6.90546941757, -6.06366157532, 2.34217858315, 5.63726663589, -11.0880527496, -7.06773662567, 7.3635134697, 4.15238189697], [35.1457214355, 9.78090286255, 4.83194541931, 12.3275032043, 6.90546941757, 33.9619636536, 13.4535694122, 0.882669866085, 1.54719996452, 5.44438552856, 4.15585803986, -2.16789412498, -4.79396438599], [52.7396659851, 6.79091024399, 10.8052930832, -1.04482769966, -6.06366157532, 13.4535694122, 40.422000885, 12.355266571, 3.49372076988, 6.05627202988, 5.90168619156, -2.34703850746, -2.88104057312], [-5.14579963684, -18.2357883453, -10.7139825821, -8.48178863525, 2.34217858315, 0.882669866085, 12.355266571, 36.8168334961, 12.1740264893, -2.33570051193, 2.87365078926, 3.91588950157, 3.59030461311], [-145.42918396, 4.47349309921, 6.35631942749, 6.24031400681, 5.63726663589, 1.54719996452, 3.49372076988, 12.1740264893, 44.1134490967, 12.5324707031, 6.57353067398, 12.8187875748, 1.86348474026], [78.4006347656, 4.15851974487, 13.63950634, 8.94688606262, -11.0880527496, 5.44438552856, 6.05627202988, -2.33570051193, 12.5324707031, 33.4530487061, 15.3063230515, 5.95826053619, -4.43270540237], [67.1071929932, 2.79708433151, 1.60515832901, 4.87322235107, -7.06773662567, 4.15585803986, 5.90168619156, 2.87365078926, 6.57353067398, 15.3063230515, 32.408405304, 12.0648288727, 0.195736423135], [-129.679260254, -13.0032844543, -2.96508979797, -1.83940577507, 7.3635134697, -2.16789412498, -2.34703850746, 3.91588950157, 12.8187875748, 5.95826053619, 12.0648288727, 42.9728546143, 13.5754728317], [-127.707580566, -4.81248664856, -12.2189741135, -12.5360479355, 4.15238189697, -4.79396438599, -2.88104057312, 3.59030461311, 1.86348474026, -4.43270540237, 0.195736423135, 13.5754728317, 25.7882080078]]
    },
    "sccoeffs": {
        "kurt": [2.7288942337, 0.468289375305, -0.0680115222931, 0.432558298111, 3.67928218842, -0.2384557724],
        "max": [-0.472290784121, -0.626612067223, -0.730169951916, -0.717605650425, -0.680429279804, -0.704051375389],
        "mean": [-0.645441234112, -0.804263174534, -0.825359106064, -0.825545668602, -0.809977173805, -0.779848217964],
        "median": [-0.64148068428, -0.805536925793, -0.825912296772, -0.830150306225, -0.814297139645, -0.776591062546],
        "min": [-0.937196314335, -0.953886210918, -0.942390501499, -0.90628683567, -0.858910620213, -0.87189501524],
        "skew": [-0.603640675545, 0.23680986464, 0.22722248733, 0.441313683987, 1.21423399448, -0.225462377071],
        "var": [0.00362243270501, 0.0023103703279, 0.00137311918661, 0.000816652493086, 0.000737220572773, 0.000760530354455],
        "cov": [[0.00364091433585, 0.000684731872752, 0.000693963374943, 0.000333973730449, 0.000152010834427, 0.000488050980493], [0.000684731872752, 0.0023221578449, 0.000397448951844, 0.000269095733529, 0.000196843524463, 0.000464522105176], [0.000693963374943, 0.000397448951844, 0.00138012482785, 0.000310453120619, 0.000327516580001, 0.000428510917118], [0.000333973730449, 0.000269095733529, 0.000310453120619, 0.000820819055662, 0.00026905129198, 0.000323825079249], [0.000152010834427, 0.000196843524463, 0.000327516580001, 0.00026905129198, 0.000740981893614, 0.000237512693275], [0.000488050980493, 0.000464522105176, 0.000428510917118, 0.000323825079249, 0.000237512693275, 0.000764410651755]]
    },
    "scvalleys": {
        "kurt": [-0.322390794754, -0.831674098969, -0.913615465164, -0.298410177231, -0.186305761337, -0.719749927521],
        "max": [-5.43429136276, -5.2283539772, -5.03304004669, -5.50744581223, -5.5822429657, -8.28625297546],
        "mean": [-7.14013957977, -6.65946149826, -6.62119054794, -6.82664728165, -7.06296491623, -9.80647373199],
        "median": [-7.13237857819, -6.62676906586, -6.66481494904, -6.77898359299, -7.13831377029, -9.72702407837],
        "min": [-9.64544963837, -8.42492103577, -8.77042961121, -9.65175533295, -10.1492328644, -12.1890277863],
        "skew": [-0.308864712715, -0.235135108232, -0.109664417803, -0.471515029669, -0.279968589544, -0.129126831889],
        "var": [0.628922581673, 0.529575169086, 0.51446968317, 0.557537853718, 0.612662136555, 0.60287386179],
        "cov": [[0.632131397724, 0.484078764915, 0.421942412853, 0.442665249109, 0.490688830614, 0.492256134748], [0.484078764915, 0.532277107239, 0.423768520355, 0.450652688742, 0.488485425711, 0.492604315281], [0.421942412853, 0.423768520355, 0.517094492912, 0.483688116074, 0.507005095482, 0.499565273523], [0.442665249109, 0.450652688742, 0.483688116074, 0.560382425785, 0.550498068333, 0.542342722416], [0.490688830614, 0.488485425711, 0.507005095482, 0.550498068333, 0.615787982941, 0.590491354465], [0.492256134748, 0.492604315281, 0.499565273523, 0.542342722416, 0.590491354465, 0.605949759483]]
    }
},
"rhythm": {
    "beats_loudness": {
        "kurt": -1.37872684002,
        "max": 0.0101953931153,
        "mean": 0.00379705382511,
        "median": 0.00106443895493,
        "min": 0.000267987925326,
        "skew": 0.52967441082,
        "var": 1.41680257002e-05
    },
    "bpm": 106.93359375,
    "confidence": 0,
    "first_peak_bpm": {
        "kurt": 0,
        "max": 108,
        "mean": 108,
        "median": 108,
        "min": 108,
        "skew": 0,
        "var": 0
    },
    "first_peak_spread": {
        "kurt": 0,
        "max": 0.333333313465,
        "mean": 0.333333313465,
        "median": 0.333333313465,
        "min": 0.333333313465,
        "skew": 0,
        "var": 0
    },
    "first_peak_weight": {
        "kurt": 0,
        "max": 0.666666686535,
        "mean": 0.666666686535,
        "median": 0.666666686535,
        "min": 0.666666686535,
        "skew": 0,
        "var": 0
    },
    "onset_rate": 2.42323422432,
    "second_peak_bpm": {
        "kurt": 0,
        "max": 0,
        "mean": 0,
        "median": 0,
        "min": 0,
        "skew": 0,
        "var": 0
    },
    "second_peak_spread": {
        "kurt": 0,
        "max": 0,
        "mean": 0,
        "median": 0,
        "min": 0,
        "skew": 0,
        "var": 0
    },
    "second_peak_weight": {
        "kurt": 0,
        "max": 0,
        "mean": 0,
        "median": 0,
        "min": 0,
        "skew": 0,
        "var": 0
    },
    "beats_loudness_band_ratio": {
        "kurt": [-0.127903699875, -1.69625604153, -1.41763019562, -1.2819763422, -0.253220319748, 0.734632968903],
        "max": [0.412987828255, 0.0597963780165, 0.262306720018, 0.21649377048, 0.335869163275, 0.27915096283],
        "mean": [0.251231521368, 0.0340090990067, 0.197059601545, 0.156559020281, 0.250418752432, 0.140333458781],
        "median": [0.240529984236, 0.0384626239538, 0.209155842662, 0.147508189082, 0.244584441185, 0.124682448804],
        "min": [0.154085710645, 0.00967204105109, 0.127591192722, 0.0958645120263, 0.173618033528, 0.0843349844217],
        "skew": [0.850326538086, -0.0261521805078, -0.170551255345, 0.120810724795, 0.279386818409, 1.37084269524],
        "var": [0.00635393336415, 0.00038128066808, 0.00227538170293, 0.0018247293774, 0.00216045579873, 0.00386461685412],
        "cov": [[0.00741292210296, 0.00134972983506, -0.00169268914033, -0.00200852402486, -0.00304193492047, -0.00155914016068], [0.00134972983506, 0.000444827455794, 0.000253051577602, -0.00047054249444, -0.000548814190552, -0.000873693323229], [-0.00169268914033, 0.000253051577602, 0.00265461206436, -0.000160768759088, 0.00153927039355, -0.00249270093627], [-0.00200852402486, -0.00047054249444, -0.000160768759088, 0.0021288509015, -0.000137665032526, 0.000591902644373], [-0.00304193492047, -0.000548814190552, 0.00153927039355, -0.000137665032526, 0.00252053164877, -0.000546369410586], [-0.00155914016068, -0.000873693323229, -0.00249270093627, 0.000591902644373, -0.000546369410586, 0.00450871977955]]
    },
    "beats_position": [0.53405892849, 1.09133780003, 1.64861679077, 2.20589566231, 2.77478456497, 3.33206343651, 3.90095233917],
    "bpm_estimates": [107.666023254, 107.666000366, 107.666023254, 105.46875, 107.666023254, 105.46875],
    "bpm_intervals": [0.557278871536, 0.557278990746, 0.557278871536, 0.568888902664, 0.557278871536, 0.568888902664],
    "onset_times": [0.0116099771112, 1.64861679077, 3.25079369545, 3.64553284645, 3.75002264977, 3.85451245308, 3.95900225639, 4.17959165573, 4.29569149017, 4.41179132462, 4.5046710968],
    "histogram": [[0, 0, 0, 0, 0, 0, 0, 0, 0, 0, 0, 0, 0, 0, 0, 0, 0, 0, 0, 0, 0, 0, 0, 0, 0, 0, 0, 0, 0, 0, 0, 0, 0, 0, 0, 0, 0, 0, 0, 0, 0, 0, 0, 0, 0, 0, 0, 0, 0, 0, 0, 0, 0, 0, 0, 0, 0, 0, 0, 0, 0, 0, 0, 0, 0, 0, 0, 0, 0, 0, 0, 0, 0, 0, 0, 0, 0, 0, 0, 0, 0, 0, 0, 0, 0, 0, 0, 0, 0, 0, 0, 0, 0, 0, 0, 0, 0, 0, 0, 0, 0, 0, 0, 0, 0, 0.333333343267, 0, 0, 0.666666686535, 0, 0, 0, 0, 0, 0, 0, 0, 0, 0, 0, 0, 0, 0, 0, 0, 0, 0, 0, 0, 0, 0, 0, 0, 0, 0, 0, 0, 0, 0, 0, 0, 0, 0, 0, 0, 0, 0, 0, 0, 0, 0, 0, 0, 0, 0, 0, 0, 0, 0, 0, 0, 0, 0, 0, 0, 0, 0, 0, 0, 0, 0, 0, 0, 0, 0, 0, 0, 0, 0, 0, 0, 0, 0, 0, 0, 0, 0, 0, 0, 0, 0, 0, 0, 0, 0, 0, 0, 0, 0, 0, 0, 0, 0, 0, 0, 0, 0, 0, 0, 0, 0, 0, 0, 0, 0, 0, 0, 0, 0, 0, 0, 0, 0, 0, 0, 0, 0, 0, 0, 0, 0, 0, 0, 0, 0, 0, 0, 0, 0, 0, 0, 0, 0, 0, 0, 0, 0, 0, 0, 0]]
},
"sfx": {
    "inharmonicity": {
        "kurt": -0.231929779053,
        "max": 0.33583560586,
        "mean": 0.0977359265089,
        "median": 0.0783656015992,
        "min": 0,
        "skew": 0.851157546043,
        "var": 0.00762232858688
    },
    "oddtoevenharmonicenergyratio": {
        "kurt": 8.40864276886,
        "max": 5.19309997559,
        "mean": 0.793332874775,
        "median": 0.621994793415,
        "min": 0,
        "skew": 2.28165006638,
        "var": 0.636638760567
    },
    "pitch_after_max_to_before_max_energy_ratio": 0.488824039698,
    "pitch_centroid": 91.2675247192,
    "pitch_max_to_total": 0.522842645645,
    "pitch_min_to_total": 0.700507640839,
    "tristimulus": {
        "kurt": [0.132175683975, -0.332691669464, -1.28893315792],
        "max": [1, 0.955868601799, 1],
        "mean": [0.312441825867, 0.290404260159, 0.397154122591],
        "median": [0.203078493476, 0.264036566019, 0.370425701141],
        "min": [0, 0, 0],
        "skew": [1.28456568718, 0.485728412867, 0.0933086797595],
        "var": [0.111863061786, 0.0471664741635, 0.0895181447268],
        "cov": [[0.112433791161, -0.0349330194294, -0.0775007605553], [-0.0349330194294, 0.0474071204662, -0.0124741112813], [-0.0775007605553, -0.0124741112813, 0.0899748727679]]
    }
},
"tonal": {
    "chords_changes_rate": 0.0909090936184,
    "chords_number_rate": 0.0606060624123,
    "chords_strength": {
        "kurt": -1.37249863148,
        "max": 0.680042028427,
        "mean": 0.490258991718,
        "median": 0.487108439207,
        "min": 0.300647109747,
        "skew": 0.130482941866,
        "var": 0.0129176843911
    },
    "key_strength": 0.421082496643,
    "tuning_diatonic_strength": 0.546491205692,
    "tuning_equal_tempered_deviation": 0.238549798727,
    "tuning_frequency": 445.884552002,
    "tuning_nontempered_energy_ratio": 0.906949043274,
    "hpcp": {
        "kurt": [1.55153942108, 1.89204120636, 1.95562028885, 0.747222185135, 0.781633138657, 0.909061908722, 1.00014257431, 1.50815057755, -0.19849562645, -0.829020261765, 0.973186016083, 7.75419139862, 6.02381801605, 1.34698295593, 0.541618108749, 0.863276720047, 2.64199352264, 0.959246873856, 1.23493814468, 1.22256278992, 3.03348112106, 1.2198972702, 0.803988456726, 0.661534070969, 0.294358730316, 0.111281871796, 0.232270240784, 0.714462757111, 0.724427700043, 0.798323392868, 2.50822401047, 3.87611246109, 1.21799182892, 3.90968704224, 1.38397121429, 2.70810699463],
        "max": [1, 1, 1, 1, 1, 1, 1, 1, 1, 1, 1, 1, 1, 1, 1, 1, 1, 1, 1, 1, 1, 1, 1, 1, 1, 1, 1, 1, 1, 1, 1, 1, 1, 1, 0.745568156242, 1],
        "mean": [0.29245620966, 0.294467419386, 0.301873594522, 0.336527436972, 0.346680879593, 0.319463968277, 0.309759348631, 0.310809254646, 0.364542216063, 0.412628591061, 0.323145568371, 0.226913705468, 0.236050978303, 0.31272855401, 0.358467757702, 0.334426909685, 0.328301668167, 0.360905796289, 0.34599673748, 0.309473663568, 0.301259815693, 0.308571100235, 0.338801115751, 0.3376532197, 0.326145976782, 0.339460164309, 0.351708620787, 0.343642354012, 0.324622929096, 0.305533885956, 0.286214411259, 0.283404946327, 0.272359609604, 0.242918074131, 0.234664782882, 0.263523191214],
        "median": [0.246560618281, 0.244265973568, 0.265153735876, 0.290289998055, 0.291694968939, 0.269531875849, 0.258091360331, 0.231822535396, 0.284510403872, 0.323858678341, 0.26947003603, 0.193075791001, 0.208086401224, 0.237157464027, 0.282702118158, 0.248118683696, 0.297936707735, 0.321427881718, 0.282724380493, 0.235975220799, 0.246157243848, 0.273718863726, 0.28657528758, 0.280391603708, 0.229285821319, 0.258957713842, 0.285467803478, 0.293962240219, 0.254504114389, 0.215667515993, 0.242866709828, 0.256941914558, 0.210575371981, 0.207035511732, 0.225598186255, 0.211981549859],
