{
"metadata": {
    "version": {
        "essentia": "2.1-beta3"
    }
},
"lowLevel": {
    "average_loudness": 0.985858142376,
    "barkbands_kurtosis": {
        "kurt": -0.280165433884,
        "max": 2.32276439667,
        "mean": 0.304729014635,
        "median": 0.238789796829,
        "min": -0.917798757553,
        "skew": 0.522245287895,
        "var": 0.432726442814
    },
    "barkbands_skewness": {
        "kurt": 0.182921409607,
        "max": -0.308858990669,
        "mean": -0.770249843597,
        "median": -0.754226982594,
        "min": -1.43318557739,
        "skew": -0.434208393097,
        "var": 0.0353961884975
    },
    "barkbands_spread": {
        "kurt": -0.632676362991,
        "max": 25.8610725403,
        "mean": 15.8933801651,
        "median": 15.5578737259,
        "min": 9.22326850891,
        "skew": 0.396909594536,
        "var": 11.644952774
    },
    "dissonance": {
        "kurt": 153.979003906,
        "max": 0.499942481518,
        "mean": 0.491904884577,
        "median": 0.494120806456,
        "min": 0.315284609795,
        "skew": -11.1303567886,
        "var": 0.000153653178131
    },
    "hfc": {
        "kurt": 0.669062137604,
        "max": 22.3688430786,
        "mean": 11.0897321701,
        "median": 10.4957752228,
        "min": 0.0381224378943,
        "skew": 0.662887632847,
        "var": 10.6296577454
    },
    "pitch": {
        "kurt": 1.78807544708,
        "max": 3215.22338867,
        "mean": 674.936645508,
        "median": 416.976257324,
        "min": 63.1173286438,
        "skew": 1.5354026556,
        "var": 360440.21875
    },
    "pitch_instantaneous_confidence": {
        "kurt": -0.225994825363,
        "max": 0.324587583542,
        "mean": 0.216796010733,
        "median": 0.211036324501,
        "min": 0.135681569576,
        "skew": 0.464700013399,
        "var": 0.00167917576618
    },
    "pitch_salience": {
        "kurt": 1.73882055283,
        "max": 0.93217164278,
        "mean": 0.790751814842,
        "median": 0.791966557503,
        "min": 0.701859414577,
        "skew": 0.200462073088,
        "var": 0.000882327207364
    },
    "silence_rate_20dB": {
        "kurt": 0,
        "max": 1,
        "mean": 1,
        "median": 1,
        "min": 1,
        "skew": 0,
        "var": 0
    },
    "silence_rate_30dB": {
        "kurt": 0,
        "max": 1,
        "mean": 1,
        "median": 1,
        "min": 1,
        "skew": 0,
        "var": 0
    },
    "silence_rate_60dB": {
        "kurt": 126.507659912,
        "max": 1,
        "mean": 0.00760456267744,
        "median": 0,
        "min": 0,
        "skew": 11.3361206055,
        "var": 0.00754673406482
    },
    "spectral_centroid": {
        "kurt": 0.063572883606,
        "max": 2361.45581055,
        "mean": 1983.99609375,
        "median": 1982.22998047,
        "min": 1641.50305176,
        "skew": -0.0902097225189,
        "var": 16296.1904297
    },
    "spectral_complexity": {
        "kurt": 6.38223457336,
        "max": 39,
        "mean": 28.2547531128,
        "median": 29,
        "min": 0,
        "skew": -1.29162549973,
        "var": 18.6841640472
    },
    "spectral_crest": {
        "kurt": 0.37412405014,
        "max": 8.63280963898,
        "mean": 4.67369699478,
        "median": 4.52475833893,
        "min": 2.87541913986,
        "skew": 0.683134555817,
        "var": 1.02506518364
    },
    "spectral_decrease": {
        "kurt": 0.9678170681,
        "max": -3.60957379437e-12,
        "mean": -1.20926146874e-09,
        "median": -1.14892295677e-09,
        "min": -2.32642771714e-09,
        "skew": -0.664551913738,
        "var": 1.06366657367e-19
    },
    "spectral_energy": {
        "kurt": 0.888028860092,
        "max": 0.0106855407357,
        "mean": 0.00556990364566,
        "median": 0.00529135018587,
        "min": 1.70810071722e-05,
        "skew": 0.655390024185,
        "var": 2.30343516705e-06
    },
    "spectral_energyband_high": {
        "kurt": 1.72757005692,
        "max": 0.000628478475846,
        "mean": 0.00023873054306,
        "median": 0.000217401437112,
        "min": 2.56378666563e-06,
        "skew": 1.14647328854,
        "var": 1.05529354144e-08
    },
    "spectral_energyband_low": {
        "kurt": 0.169324398041,
        "max": 7.00922828401e-05,
        "mean": 3.89122615161e-05,
        "median": 3.62910686817e-05,
        "min": 1.65097844729e-07,
        "skew": 0.523199737072,
        "var": 1.26586477411e-10
    },
    "spectral_energyband_middle_high": {
        "kurt": 0.533773422241,
        "max": 0.00953684467822,
        "mean": 0.00466942600906,
        "median": 0.0044194268994,
        "min": 1.25341684907e-05,
        "skew": 0.707556247711,
        "var": 2.12672011912e-06
    },
    "spectral_energyband_middle_low": {
        "kurt": 0.167420625687,
        "max": 0.0013475761516,
        "mean": 0.000679253018461,
        "median": 0.000653939147014,
        "min": 1.96303676603e-06,
        "skew": 0.396481007338,
        "var": 4.23355253076e-08
    },
    "spectral_flatness_db": {
        "kurt": -0.52167725563,
        "max": 0.168125629425,
        "mean": 0.13540892303,
        "median": 0.1331577003,
        "min": 0.106179408729,
        "skew": 0.411679118872,
        "var": 0.000146546517499
    },
    "spectral_flux": {
        "kurt": 0.234825134277,
        "max": 0.0702559351921,
        "mean": 0.0501562096179,
        "median": 0.0496478453279,
        "min": 0.0351385325193,
        "skew": 0.38300332427,
        "var": 3.47292152583e-05
    },
    "spectral_kurtosis": {
        "kurt": 1.23851060867,
        "max": 15.1251525879,
        "mean": 8.99547576904,
        "median": 8.91342735291,
        "min": 6.48011016846,
        "skew": 0.663364648819,
        "var": 1.72913038731
    },
    "spectral_rms": {
        "kurt": 6.42081451416,
        "max": 0.00322876404971,
        "mean": 0.00230787578039,
        "median": 0.00227206805721,
        "min": 0.000129090651171,
        "skew": -0.616087436676,
        "var": 1.07760030232e-07
    },
    "spectral_rolloff": {
        "kurt": 1.3899936676,
        "max": 4005.17578125,
        "mean": 3079.00268555,
        "median": 3079.24804688,
        "min": 2497.8515625,
        "skew": 0.546141982079,
        "var": 50946.4179688
    },
    "spectral_skewness": {
        "kurt": 0.374825239182,
        "max": 2.92739200592,
        "mean": 2.29301786423,
        "median": 2.2904791832,
        "min": 1.9266346693,
        "skew": 0.277176648378,
        "var": 0.022795535624
    },
    "spectral_spread": {
        "kurt": 0.161520242691,
        "max": 4938775.5,
        "mean": 3652584.75,
        "median": 3629982.25,
        "min": 2689886,
        "skew": 0.25195813179,
        "var": 110256111616
    },
    "spectral_strongpeak": {
        "kurt": 0.72243642807,
        "max": 2.40386748314,
        "mean": 0.736695110798,
        "median": 0.694949924946,
        "min": 0.00628012558445,
        "skew": 0.644581675529,
        "var": 0.13856831193
    },
    "zerocrossingrate": {
        "kurt": 44.5635375977,
        "max": 0.11669921875,
        "mean": 0.0998340249062,
        "median": 0.10009765625,
        "min": 0.01953125,
        "skew": -4.91211652756,
        "var": 6.230371946e-05
    },
    "barkbands": {
        "kurt": [-1.03983914852, 0.551896095276, 0.110553979874, 1.5148601532, 0.0257549285889, 0.187862634659, 0.307494163513, 1.25076246262, 3.92447900772, 6.29347133636, 4.52601861954, 1.7672495842, 1.99010038376, 0.616398334503, 1.56977796555, 1.72440910339, 3.16661596298, 2.91089725494, 0.920752286911, 1.04993534088, 0.785605430603, 4.34835720062, 0.712062597275, -0.227289915085, -0.639051675797, 2.12723064423, 52.1678733826],
        "max": [1.68379528986e-06, 3.34191936417e-05, 3.59667392331e-05, 5.65402879147e-05, 0.000495023268741, 0.000292390672257, 0.000270181510132, 0.000270443793852, 0.000553282618057, 0.00126832851674, 0.000560725922696, 0.000925281317905, 0.0012622626964, 0.00201435037889, 0.00191530550364, 0.00165384833235, 0.00291078980081, 0.00148296297994, 0.000878316757735, 0.000795589934569, 0.000220101792365, 4.09558233514e-05, 4.10785469285e-06, 1.92724291992e-06, 2.83530312117e-06, 6.07467313785e-07, 4.66848115721e-09],
        "mean": [6.50193101137e-07, 1.8946648197e-05, 1.49883107952e-05, 1.61665229825e-05, 0.000185649230843, 0.000100355791801, 9.34537965804e-05, 8.18782937131e-05, 0.000134936024551, 0.000255905033555, 0.000133917608764, 0.000310426024953, 0.000396796094719, 0.000691804394592, 0.000604819448199, 0.000572401855607, 0.000678371696267, 0.000515434949193, 0.000365524727385, 0.000299773993902, 8.11612189864e-05, 1.19163223644e-05, 1.82010762728e-06, 9.74567001322e-07, 1.59561091095e-06, 2.38347013237e-07, 3.95189686531e-10],
        "median": [6.51809330066e-07, 1.77089623321e-05, 1.41067357617e-05, 1.31642245833e-05, 0.000154236593517, 8.80417210283e-05, 8.15179009805e-05, 7.35427238396e-05, 0.00012195664749, 0.000216647604248, 0.000119305914268, 0.000278562365565, 0.000363748084055, 0.00059113453608, 0.000558018102311, 0.000493801082484, 0.000529738375917, 0.000472857704153, 0.000348059809767, 0.000270751712378, 7.31276086299e-05, 1.05360286398e-05, 1.78067193701e-06, 9.33766614253e-07, 1.58709406151e-06, 2.22163876629e-07, 2.80366202476e-10],
        "min": [6.82922784989e-09, 7.45741601804e-08, 4.22555821444e-08, 4.05762534683e-08, 1.37670838285e-07, 3.03727347273e-07, 2.97173926356e-07, 5.78597962431e-07, 5.71296084217e-07, 3.65786092971e-07, 7.66213418046e-07, 1.23089751014e-06, 3.44650999295e-07, 1.32969807964e-06, 2.78637639894e-06, 1.02413423519e-06, 2.16785770135e-06, 7.8069325582e-07, 8.07298079053e-07, 2.53795451499e-06, 7.76575461714e-07, 4.48047607904e-08, 2.73655342831e-09, 8.30589108602e-09, 3.36621108765e-09, 1.25283827757e-09, 7.3058843697e-11],
        "skew": [0.25320237875, 0.407221198082, 0.560583889484, 1.23010635376, 0.8793836236, 0.751119792461, 0.857608914375, 1.15261614323, 1.38360357285, 2.01196312904, 1.59829819202, 1.21747398376, 1.20452105999, 0.998346149921, 0.99863755703, 1.36297929287, 1.64529955387, 1.26691710949, 0.774993300438, 1.04029428959, 1.02188503742, 1.79044497013, 0.530851781368, 0.483608514071, 0.176229640841, 1.10131049156, 5.63299846649],
        "var": [1.90473952257e-13, 2.26673489007e-11, 4.80655550084e-11, 1.31472263631e-10, 1.1470996597e-08, 2.70382605194e-09, 2.9090958531e-09, 2.53602383538e-09, 5.48041390047e-09, 2.85625052499e-08, 5.84040460438e-09, 2.39425421711e-08, 4.3211237255e-08, 1.60954527928e-07, 7.67173631289e-08, 9.30240204866e-08, 2.23566274826e-07, 4.35656879461e-08, 1.78469470313e-08, 1.97342071573e-08, 1.31507138512e-09, 3.74570721662e-11, 3.78124208377e-13, 1.15116751309e-13, 2.51148006471e-13, 6.47232020447e-15, 1.54872961465e-19],
        "cov": [[1.91200950472e-13, 1.20035145018e-12, 1.33669898067e-12, -7.20581201045e-13, 2.05778779433e-11, 2.17917177359e-12, 1.11085869236e-12, -4.35149138944e-12, -4.92181946241e-12, -9.43463276254e-12, -1.32703769848e-11, -1.97185601181e-11, -4.54556461915e-11, -1.04870251372e-10, -1.8378529601e-11, -5.89205351176e-11, -1.17807111288e-10, -1.99699007331e-11, -1.55898575299e-11, -2.22695351743e-11, -7.67708379507e-12, -9.43317798006e-13, -7.50207459089e-14, -2.12902629147e-14, 2.37516864493e-14, -9.09308757712e-15, 1.89181136087e-17], [1.20035145018e-12, 2.27538647646e-11, 1.52426907901e-11, 1.21850108128e-11, 2.4764210127e-10, 1.62464104669e-11, 1.73856207208e-11, -5.89691559472e-11, -2.8477312522e-11, 4.53328347083e-11, -1.23255378126e-10, -1.94146601573e-10, -3.10269615555e-10, -6.33206043155e-10, -1.54926516061e-10, -4.45442377428e-10, -8.88295714763e-10, -1.23928992068e-10, -1.14488397929e-10, -1.82423076645e-10, -6.91494639327e-11, -1.19719017685e-11, -1.09812387048e-12, -6.72669493891e-13, -7.73581177414e-13, -1.5025574372e-13, -7.28334646935e-17], [1.33669898067e-12, 1.52426907901e-11, 4.82490124243e-11, -1.24008147501e-11, 2.35878590965e-11, -3.06829388286e-11, 2.6433371117e-11, -3.16128477562e-11, -8.01047769783e-11, -2.96372787423e-10, -1.35569597215e-10, -7.22011200827e-11, -3.38811895206e-10, -9.05412800289e-10, -1.43578343659e-10, -3.98381022615e-10, -9.45201361624e-10, -1.31526262104e-10, -2.41268133944e-11, 1.84749354704e-10, -5.57667106937e-11, -9.69906793769e-12, 3.3143385497e-13, -3.12967913304e-13, 4.93564641468e-14, -1.94676089485e-14, -1.29743477602e-16], [-7.20581201045e-13, 1.21850108128e-11, -1.24008147501e-11, 1.31974070561e-10, 3.09374720286e-10, 1.16173293208e-10, -3.3925445786e-11, -6.39203481811e-11, 6.79126060943e-11, -3.16978387982e-11, -1.04329482553e-10, -1.099365321e-10, 1.73466324638e-10, 8.83947748331e-10, -4.02228424179e-11, 3.1214725249e-10, 9.74218261618e-10, 1.75962133753e-10, 1.74845110612e-10, -1.36465949652e-10, 3.34533060975e-11, -1.61446810781e-11, -2.61573206671e-12, -1.00921885866e-12, -2.04089761584e-12, -1.71562132448e-13, -3.59901586136e-17], [2.05778779433e-11, 2.4764210127e-10, 2.35878590965e-11, 3.09374720286e-10, 1.15147793522e-08, 1.43245493245e-09, 4.07925554446e-10, -7.93654753029e-10, 4.30536217788e-10, 1.29443689101e-09, -1.38937350513e-09, -4.06613231974e-09, -7.3503358955e-09, -8.78821193595e-09, 1.85180371037e-09, -7.84264564402e-09, -1.4611525323e-08, -1.12507803074e-09, -9.07418917784e-10, -4.72953676223e-09, -1.13520892686e-09, -2.00839567199e-10, -2.12111456871e-11, -7.44424227123e-12, -5.15547066843e-12, -1.92753387036e-12, -5.91876130355e-16], [2.17917177359e-12, 1.62464104669e-11, -3.06829388286e-11, 1.16173293208e-10, 1.43245493245e-09, 2.714145797e-09, 1.6727912111e-10, 1.32377372952e-10, -1.24071334803e-11, -1.56337845447e-10, -7.99318111699e-11, -4.40909114774e-10, 1.57414845048e-10, -1.68664782141e-09, 1.6541795711e-09, -1.53356727317e-09, -4.32557184515e-10, -2.78536110843e-10, 5.56392265594e-10, -9.59990198446e-10, -1.09887498406e-11, 4.13656955911e-11, -3.15808555522e-12, 8.59031595857e-13, 2.24513506744e-12, 3.26551638377e-13, -1.78380996171e-16], [1.11085869236e-12, 1.73856207208e-11, 2.6433371117e-11, -3.3925445786e-11, 4.07925554446e-10, 1.6727912111e-10, 2.92019919357e-09, 5.95948377452e-12, 6.51748766067e-10, 7.65964403016e-10, 7.53257123343e-10, 6.8034705647e-10, 2.97922901626e-11, 1.48673684475e-10, 2.71093791859e-09, -4.47567899409e-10, -3.06280067974e-09, 5.81591996784e-10, 3.07735642524e-10, -5.01430896804e-10, -1.11155765148e-10, -3.57984583817e-12, 2.41393927417e-12, -1.64385584138e-12, 6.57910141297e-13, -1.26184368401e-13, -1.42074244435e-15], [-4.35149138944e-12, -5.89691559472e-11, -3.16128477562e-11, -6.39203481811e-11, -7.93654753029e-10, 1.32377372952e-10, 5.95948377452e-12, 2.54570320379e-09, 5.87161763654e-10, 4.72059613621e-10, 1.08170961077e-09, 1.017175566e-09, 1.11339804043e-09, 4.05520594882e-09, 1.80625769897e-09, 4.21062429368e-09, 5.05681851948e-09, 2.26288343619e-09, -4.39876385316e-10, 1.17924670029e-09, 5.00305963325e-10, 8.48606462878e-11, 8.30845028194e-12, 5.46563835857e-12, 5.56442435531e-12, 6.36556562669e-13, -9.97356519678e-16], [-4.92181946241e-12, -2.8477312522e-11, -8.01047769783e-11, 6.79126060943e-11, 4.30536217788e-10, -1.24071334803e-11, 6.51748766067e-10, 5.87161763654e-10, 5.50133183452e-09, 3.12268944036e-09, 1.42001732595e-09, 2.916024755e-09, 1.98289518138e-09, 6.43529363131e-09, 3.83709197749e-09, 1.61119073638e-09, 8.2350197772e-09, 2.71770672633e-09, 3.85534021374e-10, 5.28239292585e-11, -8.89623374967e-11, -1.2937469672e-11, 3.56291125075e-12, -1.48591425622e-12, -9.53386024641e-13, 7.52511117655e-14, -2.40146757799e-15], [-9.43463276254e-12, 4.53328347083e-11, -2.96372787423e-10, -3.16978387982e-11, 1.29443689101e-09, -1.56337845447e-10, 7.65964403016e-10, 4.72059613621e-10, 3.12268944036e-09, 2.86715220454e-08, 3.04985525723e-09, 2.96011282153e-09, 5.47298983911e-10, 1.1501033903e-08, 3.77546438557e-09, 3.01877384201e-10, 1.24746062369e-08, 1.26338683959e-09, -3.00608760107e-10, -4.02197608551e-09, -8.47307501939e-10, 1.62026767003e-10, 9.0204935535e-12, -8.89223156914e-12, -8.67811291577e-12, 5.73132958193e-13, -7.16195156024e-15], [-1.32703769848e-11, -1.23255378126e-10, -1.35569597215e-10, -1.04329482553e-10, -1.38937350513e-09, -7.99318111699e-11, 7.53257123343e-10, 1.08170961077e-09, 1.42001732595e-09, 3.04985525723e-09, 5.86269610636e-09, 3.4418121686e-09, 4.79461492731e-09, 9.73170255492e-09, 5.81301939917e-09, 6.13825967832e-09, 9.96135618436e-09, 4.51498749499e-09, 1.73145298099e-09, 7.94429411144e-10, 5.50443746139e-10, 1.83400128417e-10, 1.80092746271e-11, 7.25337585133e-12, 8.51566820531e-12, 1.34918367711e-12, -2.33699439466e-15], [-1.97185601181e-11, -1.94146601573e-10, -7.22011200827e-11, -1.099365321e-10, -4.06613231974e-09, -4.40909114774e-10, 6.8034705647e-10, 1.017175566e-09, 2.916024755e-09, 2.96011282153e-09, 3.4418121686e-09, 2.40339250723e-08, 9.45544798014e-09, 2.05956602883e-08, 7.23755988474e-09, 5.41679501254e-09, 2.182758152e-08, 2.09366501913e-09, 3.13222514592e-09, 4.90905893713e-09, 6.66844079955e-10, 1.12058640145e-10, 3.16374634823e-11, 8.46082318789e-12, 1.17264861016e-11, 3.2481487118e-12, -1.18006078525e-15], [-4.54556461915e-11, -3.10269615555e-10, -3.38811895206e-10, 1.73466324638e-10, -7.3503358955e-09, 1.57414845048e-10, 2.97922901626e-11, 1.11339804043e-09, 1.98289518138e-09, 5.47298983911e-10, 4.79461492731e-09, 9.45544798014e-09, 4.33761648821e-08, 4.41057110834e-08, 9.63974766677e-09, 1.93788221026e-08, 4.69943230996e-08, 8.03897926005e-09, 4.20906287601e-09, 6.62289689757e-09, 2.47541809273e-09, 3.02237485039e-10, 3.18299796243e-11, 1.09949029048e-11, 5.33213750931e-12, 3.50434156519e-12, -4.82532266029e-15], [-1.04870251372e-10, -6.33206043155e-10, -9.05412800289e-10, 8.83947748331e-10, -8.78821193595e-09, -1.68664782141e-09, 1.48673684475e-10, 4.05520594882e-09, 6.43529363131e-09, 1.1501033903e-08, 9.73170255492e-09, 2.05956602883e-08, 4.41057110834e-08, 1.61568863177e-07, 1.91977935771e-08, 5.12740498948e-08, 9.2911101035e-08, 2.18998899015e-08, 8.05200617293e-09, 1.66006088875e-08, 6.32529095768e-09, 2.89476248527e-10, 6.68520031e-11, 2.63716774113e-11, -2.61095550562e-12, 6.14763578585e-12, -1.44910006981e-14], [-1.8378529601e-11, -1.54926516061e-10, -1.43578343659e-10, -4.02228424179e-11, 1.85180371037e-09, 1.6541795711e-09, 2.71093791859e-09, 1.80625769897e-09, 3.83709197749e-09, 3.77546438557e-09, 5.81301939917e-09, 7.23755988474e-09, 9.63974766677e-09, 1.91977935771e-08, 7.70101777903e-08, 1.77036270088e-08, 2.10426591707e-08, 6.88765355861e-09, 5.63674351639e-09, 5.72128122656e-10, 2.53308984899e-10, 2.19995452411e-10, 1.75000344077e-11, 9.13526806284e-12, 2.3152136458e-11, 2.12268028675e-12, -2.00415597441e-15], [-5.89205351176e-11, -4.45442377428e-10, -3.98381022615e-10, 3.1214725249e-10, -7.84264564402e-09, -1.53356727317e-09, -4.47567899409e-10, 4.21062429368e-09, 1.61119073638e-09, 3.01877384201e-10, 6.13825967832e-09, 5.41679501254e-09, 1.93788221026e-08, 5.12740498948e-08, 1.77036270088e-08, 9.33790715862e-08, 6.72457574069e-08, 1.52903982809e-08, 8.34755198298e-09, 1.26658692423e-08, 4.34679980899e-09, 4.52922727101e-10, 4.33942083655e-11, 3.0226338793e-11, 2.36153891581e-11, 6.11927565911e-12, -9.81989690301e-15], [-1.17807111288e-10, -8.88295714763e-10, -9.45201361624e-10, 9.74218261618e-10, -1.4611525323e-08, -4.32557184515e-10, -3.06280067974e-09, 5.05681851948e-09, 8.2350197772e-09, 1.24746062369e-08, 9.96135618436e-09, 2.182758152e-08, 4.69943230996e-08, 9.2911101035e-08, 2.10426591707e-08, 6.72457574069e-08, 2.24419579808e-07, 3.01965066285e-08, 1.74608008052e-08, 2.18860449763e-08, 6.70590383223e-09, 8.30042312661e-10, 8.10524425354e-11, 3.14668083257e-11, -7.71342538453e-12, 1.01144448719e-11, -2.15144437367e-14], [-1.99699007331e-11, -1.23928992068e-10, -1.31526262104e-10, 1.75962133753e-10, -1.12507803074e-09, -2.78536110843e-10, 5.81591996784e-10, 2.26288343619e-09, 2.71770672633e-09, 1.26338683959e-09, 4.51498749499e-09, 2.09366501913e-09, 8.03897926005e-09, 2.18998899015e-08, 6.88765355861e-09, 1.52903982809e-08, 3.01965066285e-08, 4.37319691571e-08, 3.30568639129e-09, 2.71518318939e-09, 1.29680921557e-09, 1.50686157996e-10, 1.35908281157e-11, 1.07778837938e-11, 1.30573199822e-12, 1.59540729152e-12, -1.12353778963e-14], [-1.55898575299e-11, -1.14488397929e-10, -2.41268133944e-11, 1.74845110612e-10, -9.07418917784e-10, 5.56392265594e-10, 3.07735642524e-10, -4.39876385316e-10, 3.85534021374e-10, -3.00608760107e-10, 1.73145298099e-09, 3.13222514592e-09, 4.20906287601e-09, 8.05200617293e-09, 5.63674351639e-09, 8.34755198298e-09, 1.74608008052e-08, 3.30568639129e-09, 1.79150649871e-08, 6.16596551595e-09, 1.42323530739e-09, 2.50014647873e-10, 2.35626171352e-11, 8.72784657047e-12, 1.14655967012e-11, 4.8634581605e-12, 2.16343384976e-16], [-2.22695351743e-11, -1.82423076645e-10, 1.84749354704e-10, -1.36465949652e-10, -4.72953676223e-09, -9.59990198446e-10, -5.01430896804e-10, 1.17924670029e-09, 5.28239292585e-11, -4.02197608551e-09, 7.94429411144e-10, 4.90905893713e-09, 6.62289689757e-09, 1.66006088875e-08, 5.72128122656e-10, 1.26658692423e-08, 2.18860449763e-08, 2.71518318939e-09, 6.16596551595e-09, 1.980952824e-08, 2.93199997614e-09, 2.38644021211e-10, 4.36940345017e-11, 2.02252051912e-11, 1.93211436433e-11, 6.21435368442e-12, 2.03826323834e-15], [-7.67708379507e-12, -6.91494639327e-11, -5.57667106937e-11, 3.34533060975e-11, -1.13520892686e-09, -1.09887498406e-11, -1.11155765148e-10, 5.00305963325e-10, -8.89623374967e-11, -8.47307501939e-10, 5.50443746139e-10, 6.66844079955e-10, 2.47541809273e-09, 6.32529095768e-09, 2.53308984899e-10, 4.34679980899e-09, 6.70590383223e-09, 1.29680921557e-09, 1.42323530739e-09, 2.93199997614e-09, 1.32009081444e-09, 7.57937115847e-11, 7.08517359366e-12, 7.04684010797e-12, 5.57662856865e-12, 1.34393429545e-12, 1.74715037576e-16], [-9.43317798006e-13, -1.19719017685e-11, -9.69906793769e-12, -1.61446810781e-11, -2.00839567199e-10, 4.13656955911e-11, -3.57984583817e-12, 8.48606462878e-11, -1.2937469672e-11, 1.62026767003e-10, 1.83400128417e-10, 1.12058640145e-10, 3.02237485039e-10, 2.89476248527e-10, 2.19995452411e-10, 4.52922727101e-10, 8.30042312661e-10, 1.50686157996e-10, 2.50014647873e-10, 2.38644021211e-10, 7.57937115847e-11, 3.76000376667e-11, 1.97295088253e-12, 9.102965777e-13, 1.2129277617e-12, 2.8053189112e-13, -1.71139645331e-16], [-7.50207459089e-14, -1.09812387048e-12, 3.3143385497e-13, -2.61573206671e-12, -2.12111456871e-11, -3.15808555522e-12, 2.41393927417e-12, 8.30845028194e-12, 3.56291125075e-12, 9.0204935535e-12, 1.80092746271e-11, 3.16374634823e-11, 3.18299796243e-11, 6.68520031e-11, 1.75000344077e-11, 4.33942083655e-11, 8.10524425354e-11, 1.35908281157e-11, 2.35626171352e-11, 4.36940345017e-11, 7.08517359366e-12, 1.97295088253e-12, 3.79567416994e-13, 8.88877459051e-14, 1.17097507363e-13, 2.64629982559e-14, -1.89760443758e-17], [-2.12902629147e-14, -6.72669493891e-13, -3.12967913304e-13, -1.00921885866e-12, -7.44424227123e-12, 8.59031595857e-13, -1.64385584138e-12, 5.46563835857e-12, -1.48591425622e-12, -8.89223156914e-12, 7.25337585133e-12, 8.46082318789e-12, 1.09949029048e-11, 2.63716774113e-11, 9.13526806284e-12, 3.0226338793e-11, 3.14668083257e-11, 1.07778837938e-11, 8.72784657047e-12, 2.02252051912e-11, 7.04684010797e-12, 9.102965777e-13, 8.88877459051e-14, 1.1555612424e-13, 1.18413823668e-13, 1.59869286456e-14, -8.44032349582e-19], [2.37516864493e-14, -7.73581177414e-13, 4.93564641468e-14, -2.04089761584e-12, -5.15547066843e-12, 2.24513506744e-12, 6.57910141297e-13, 5.56442435531e-12, -9.53386024641e-13, -8.67811291577e-12, 8.51566820531e-12, 1.17264861016e-11, 5.33213750931e-12, -2.61095550562e-12, 2.3152136458e-11, 2.36153891581e-11, -7.71342538453e-12, 1.30573199822e-12, 1.14655967012e-11, 1.93211436433e-11, 5.57662856865e-12, 1.2129277617e-12, 1.17097507363e-13, 1.18413823668e-13, 2.52106603822e-13, 2.30455201634e-14, 6.3353014517e-18], [-9.09308757712e-15, -1.5025574372e-13, -1.94676089485e-14, -1.71562132448e-13, -1.92753387036e-12, 3.26551638377e-13, -1.26184368401e-13, 6.36556562669e-13, 7.52511117655e-14, 5.73132958193e-13, 1.34918367711e-12, 3.2481487118e-12, 3.50434156519e-12, 6.14763578585e-12, 2.12268028675e-12, 6.11927565911e-12, 1.01144448719e-11, 1.59540729152e-12, 4.8634581605e-12, 6.21435368442e-12, 1.34393429545e-12, 2.8053189112e-13, 2.64629982559e-14, 1.59869286456e-14, 2.30455201634e-14, 6.49702349686e-15, 1.0974962057e-18], [1.89181136087e-17, -7.28334646935e-17, -1.29743477602e-16, -3.59901586136e-17, -5.91876130355e-16, -1.78380996171e-16, -1.42074244435e-15, -9.97356519678e-16, -2.40146757799e-15, -7.16195156024e-15, -2.33699439466e-15, -1.18006078525e-15, -4.82532266029e-15, -1.44910006981e-14, -2.00415597441e-15, -9.81989690301e-15, -2.15144437367e-14, -1.12353778963e-14, 2.16343384976e-16, 2.03826323834e-15, 1.74715037576e-16, -1.71139645331e-16, -1.89760443758e-17, -8.44032349582e-19, 6.3353014517e-18, 1.0974962057e-18, 1.55464072485e-19]]
    },
    "mfcc": {
        "kurt": [152.84236145, 2.18904924393, 0.181329965591, 0.348720550537, -0.250649690628, -0.495841741562, -0.0498564243317, -0.417390823364, -0.292795658112, 0.317862033844, -0.0176448822021, -0.336406230927, 0.0357306003571],
        "max": [-662.858520508, 137.217575073, -61.9995536804, 46.3878669739, 11.4941177368, 4.27058601379, 15.7270355225, -3.37629699707, 11.2233963013, 9.57354927063, 7.79911804199, 8.24174499512, 12.1625175476],
        "mean": [-685.984375, 113.832733154, -97.7007598877, 29.6216888428, -5.83402299881, -5.98779821396, 4.73335027695, -14.9048910141, 1.54945409298, -7.10132074356, -1.91484880447, -7.02629327774, -2.14941310883],
        "median": [-685.078552246, 113.717269897, -97.0293121338, 29.6093292236, -5.94025611877, -6.12810897827, 4.87995910645, -14.6711349487, 1.46915054321, -7.46333694458, -1.77897834778, -7.12051391602, -1.69448471069],
        "min": [-970.508239746, 69.6307754517, -116.847717285, 6.8829536438, -19.9177188873, -16.6381835938, -7.19811820984, -27.8424301147, -9.70597457886, -19.1568260193, -14.8834400177, -20.8742790222, -15.5686683655],
        "skew": [-10.918094635, -0.520147383213, 0.171243548393, -0.138106793165, 0.0221397653222, 0.0941950008273, -0.119625233114, -0.22524741292, -0.122980989516, 0.441462516785, -0.211800634861, -0.178596198559, -0.19983458519],
        "var": [400.04510498, 70.5542755127, 66.193069458, 37.6466217041, 25.7211933136, 19.1660556793, 18.6681804657, 27.7928447723, 18.5040416718, 22.4915103912, 16.1698646545, 28.1679553986, 23.3683261871],
        "cov": [[401.571990967, 18.5092868805, -79.10496521, 2.57341003418, -21.0386142731, 7.33855104446, -16.0237846375, -0.200615480542, 1.43394553661, -18.7935733795, 10.8971853256, -2.61784362793, -7.81107282639], [18.5092868805, 70.8235702515, 9.44776535034, 10.6212501526, 5.68916416168, -6.8609161377, -2.05614328384, -1.04825007915, -2.60834956169, -8.89897060394, 1.65986096859, -20.4185638428, -16.9080085754], [-79.10496521, 9.44776535034, 66.4457168579, 12.7757911682, 2.3282148838, -10.745262146, 5.3401427269, -5.833963871, -7.50591897964, 0.766131341457, -5.45868062973, -12.4167289734, 0.635984957218], [2.57341003418, 10.6212501526, 12.7757911682, 37.790309906, 11.1930379868, -2.04519963264, 4.05106782913, -8.69114494324, -5.36918640137, -1.4431527853, -2.99591088295, -5.63587903976, -4.5953669548], [-21.0386142731, 5.68916416168, 2.3282148838, 11.1930379868, 25.8193664551, 2.16413187981, 2.0915248394, -6.38555669785, -3.26968073845, -3.89200305939, -2.50451731682, -2.81509518623, -3.86316990852], [7.33855104446, -6.8609161377, -10.745262146, -2.04519963264, 2.16413187981, 19.2392101288, 4.50762891769, -1.74577856064, -2.53415870667, -0.0484470911324, -0.23813149333, 1.88250279427, 1.10836076736], [-16.0237846375, -2.05614328384, 5.3401427269, 4.05106782913, 2.0915248394, 4.50762891769, 18.7394332886, 0.391075432301, -4.47937011719, 3.82570171356, -1.51093161106, -1.76843857765, 0.0673438683152], [-0.200615480542, -1.04825007915, -5.833963871, -8.69114494324, -6.38555669785, -1.74577856064, 0.391075432301, 27.8989238739, 4.43355894089, -1.49974668026, -0.81492292881, -4.64689826965, -0.0570616088808], [1.43394553661, -2.60834956169, -7.50591897964, -5.36918640137, -3.26968073845, -2.53415870667, -4.47937011719, 4.43355894089, 18.5746669769, 1.93679070473, -2.90235519409, -0.573385775089, -4.03055095673], [-18.7935733795, -8.89897060394, 0.766131341457, -1.4431527853, -3.89200305939, -0.0484470911324, 3.82570171356, -1.49974668026, 1.93679070473, 22.5773544312, 1.18381536007, 2.7660446167, 4.67061281204], [10.8971853256, 1.65986096859, -5.45868062973, -2.99591088295, -2.50451731682, -0.23813149333, -1.51093161106, -0.81492292881, -2.90235519409, 1.18381536007, 16.2315807343, 7.02609920502, 1.09278452396], [-2.61784362793, -20.4185638428, -12.4167289734, -5.63587903976, -2.81509518623, 1.88250279427, -1.76843857765, -4.64689826965, -0.573385775089, 2.7660446167, 7.02609920502, 28.2754669189, 11.102599144], [-7.81107282639, -16.9080085754, 0.635984957218, -4.5953669548, -3.86316990852, 1.10836076736, 0.0673438683152, -0.0570616088808, -4.03055095673, 4.67061281204, 1.09278452396, 11.102599144, 23.4575176239]]
    },
    "sccoeffs": {
        "kurt": [1.66369438171, 0.210090637207, 0.710276126862, 0.374835729599, 1.78056287766, 0.0722637176514],
        "max": [-0.65229934454, -0.716927826405, -0.731451630592, -0.717623770237, -0.707085192204, -0.733071684837],
        "mean": [-0.758317291737, -0.81966227293, -0.827293813229, -0.804037451744, -0.786411464214, -0.776558220387],
        "median": [-0.758929073811, -0.817591547966, -0.827906012535, -0.806150376797, -0.787457644939, -0.777283430099],
        "min": [-0.97853577137, -0.952402412891, -0.937589168549, -0.878782749176, -0.893292605877, -0.838485836983],
        "skew": [-0.423036664724, -0.101850226521, 0.151703029871, 0.218713805079, 0.104092538357, 0.04753369838],
        "var": [0.00194148009177, 0.00137990433723, 0.000892133568414, 0.000703039695509, 0.000516868603881, 0.000283566856524],
        "cov": [[0.00194889039267, 7.69479156588e-05, 0.000237290732912, 0.000194048538106, 0.000246225157753, 0.000140122006997], [7.69479156588e-05, 0.0013851710828, -3.99571254093e-05, 0.000227103286306, 0.000130525149871, 6.15912649664e-05], [0.000237290732912, -3.99571254093e-05, 0.000895538658369, 5.58009269298e-05, 2.01361872314e-05, -1.63289805641e-05], [0.000194048538106, 0.000227103286306, 5.58009269298e-05, 0.000705723010469, 4.15874746977e-05, 5.79713814659e-05], [0.000246225157753, 0.000130525149871, 2.01361872314e-05, 4.15874746977e-05, 0.000518841377925, 0.000145117199281], [0.000140122006997, 6.15912649664e-05, -1.63289805641e-05, 5.79713814659e-05, 0.000145117199281, 0.000284649169771]]
    },
    "scvalleys": {
        "kurt": [5.39709854126, 5.48810768127, 16.9887714386, 36.1566123962, 35.7813606262, 83.5300369263],
        "max": [-6.2423157692, -5.52978658676, -5.34040880203, -5.2557349205, -5.84608316422, -9.39858818054],
        "mean": [-6.79022026062, -6.29439878464, -6.06075716019, -5.84182739258, -6.52105569839, -9.69730567932],
        "median": [-6.79096269608, -6.27062606812, -6.06520605087, -5.83325576782, -6.52498912811, -9.67680931091],
        "min": [-8.84569072723, -8.35458374023, -8.46250343323, -8.70369148254, -8.94225120544, -12.4517736435],
        "skew": [-1.19409954548, -1.14137399197, -2.04913759232, -3.68406605721, -3.45768260956, -7.01682949066],
        "var": [0.104397952557, 0.102071911097, 0.0830665901303, 0.081879273057, 0.059137519449, 0.0504108257592],
        "cov": [[0.104796417058, 0.014589369297, -0.000979130505584, 0.00513045862317, 0.000289469287964, 0.0100853284821], [0.014589369297, 0.102461501956, 0.0234135836363, 0.0256145168096, 0.0186694860458, 0.0226612649858], [-0.000979130505584, 0.0234135836363, 0.0833836421371, 0.0448030456901, 0.0280011873692, 0.0311815179884], [0.00513045862317, 0.0256145168096, 0.0448030456901, 0.0821917876601, 0.0422359630466, 0.0337578058243], [0.000289469287964, 0.0186694860458, 0.0280011873692, 0.0422359630466, 0.0593632347882, 0.0353647395968], [0.0100853284821, 0.0226612649858, 0.0311815179884, 0.0337578058243, 0.0353647395968, 0.0506032332778]]
    }
},
"rhythm": {
    "beats_loudness": {
        "kurt": 5.14421463013,
        "max": 0.00885350536555,
        "mean": 0.00506128696725,
        "median": 0.00463743507862,
        "min": 0.00405733846128,
        "skew": 2.40826439857,
        "var": 1.40524286962e-06
    },
    "bpm": 143.582397461,
    "confidence": 3.80751872063,
    "first_peak_bpm": {
        "kurt": 0,
        "max": 144,
        "mean": 144,
        "median": 144,
        "min": 144,
        "skew": 0,
        "var": 0
    },
    "first_peak_spread": {
        "kurt": 0,
        "max": 0.249999940395,
        "mean": 0.249999940395,
        "median": 0.249999940395,
        "min": 0.249999940395,
        "skew": 0,
        "var": 0
    },
    "first_peak_weight": {
        "kurt": 0,
        "max": 0.5,
        "mean": 0.5,
        "median": 0.5,
        "min": 0.5,
        "skew": 0,
        "var": 0
    },
    "onset_rate": 0.164814844728,
    "second_peak_bpm": {
        "kurt": 0,
        "max": 129,
        "mean": 129,
        "median": 129,
        "min": 129,
        "skew": 0,
        "var": 0
    },
    "second_peak_spread": {
        "kurt": 0,
        "max": 0,
        "mean": 0,
        "median": 0,
        "min": 0,
        "skew": 0,
        "var": 0
    },
    "second_peak_weight": {
        "kurt": 0,
        "max": 0.25,
        "mean": 0.25,
        "median": 0.25,
        "min": 0.25,
        "skew": 0,
        "var": 0
    },
    "beats_loudness_band_ratio": {
        "kurt": [-0.277795791626, -0.473718643188, -0.82975769043, -1.41199982166, 0.646971464157, -0.616444349289],
        "max": [0.0228528250009, 0.0965272560716, 0.111699536443, 0.289091020823, 0.54536151886, 0.192790150642],
        "mean": [0.0148259503767, 0.0659362003207, 0.0761143639684, 0.254550874233, 0.482206642628, 0.132894977927],
        "median": [0.0143285728991, 0.0695413127542, 0.073272690177, 0.258680969477, 0.495892554522, 0.135728299618],
        "min": [0.00410619843751, 0.0358537063003, 0.0439204461873, 0.221016794443, 0.386143565178, 0.0842844173312],
        "skew": [-0.376318365335, -0.252461403608, 0.245589420199, 0.0554379932582, -0.967710852623, 0.155172124505],
        "var": [2.35839779634e-05, 0.000272904115263, 0.000437866750872, 0.000517462729476, 0.00158873025794, 0.000955811701715],
        "cov": [[2.55493087025e-05, 6.82056488586e-05, 2.95733170788e-05, -4.31413318438e-05, -7.25166974007e-05, 1.78568552656e-06], [6.82056488586e-05, 0.000295646110317, 0.000101673525933, -9.46086438489e-05, -0.000245712377364, -5.98285732849e-05], [2.95733170788e-05, 0.000101673525933, 0.000474355649203, -0.000257985870121, -0.000334097625455, -7.4248186138e-05], [-4.31413318438e-05, -9.46086438489e-05, -0.000257985870121, 0.000560584594496, 6.06582034379e-05, -6.77924617776e-05], [-7.25166974007e-05, -0.000245712377364, -0.000334097625455, 6.06582034379e-05, 0.00172112451401, -0.00100448180456], [1.78568552656e-06, -5.98285732849e-05, -7.4248186138e-05, -6.77924617776e-05, -0.00100448180456, 0.00103546271566]]
    },
    "beats_position": [0.429569154978, 0.835918366909, 1.25387752056, 1.71827661991, 2.13623571396, 2.53097510338, 2.94893407822, 3.36689329147, 3.83129239082, 4.2492518425, 4.71365070343, 5.13160991669, 5.56117916107],
    "bpm_estimates": [147.65625, 143.554702759, 143.554718018, 143.554763794, 143.554672241, 143.554595947, 143.554672241, 139.674804688],
    "bpm_intervals": [0.406349211931, 0.417959153652, 0.46439909935, 0.417959094048, 0.39473938942, 0.417958974838, 0.417959213257, 0.46439909935, 0.417959451675, 0.464398860931, 0.417959213257, 0.429569244385],
    "onset_times": [0.0116099771112],
    "histogram": [[0, 0, 0, 0, 0, 0, 0, 0, 0, 0, 0, 0, 0, 0, 0, 0, 0, 0, 0, 0, 0, 0, 0, 0, 0, 0, 0, 0, 0, 0, 0, 0, 0, 0, 0, 0, 0, 0, 0, 0, 0, 0, 0, 0, 0, 0, 0, 0, 0, 0, 0, 0, 0, 0, 0, 0, 0, 0, 0, 0, 0, 0, 0, 0, 0, 0, 0, 0, 0, 0, 0, 0, 0, 0, 0, 0, 0, 0, 0, 0, 0, 0, 0, 0, 0, 0, 0, 0, 0, 0, 0, 0, 0, 0, 0, 0, 0, 0, 0, 0, 0, 0, 0, 0, 0, 0, 0, 0, 0, 0, 0, 0, 0, 0, 0, 0, 0, 0, 0, 0, 0, 0, 0, 0, 0, 0, 0, 0, 0, 0.25, 0, 0, 0, 0, 0, 0, 0, 0, 0, 0, 0.0833333358169, 0, 0, 0, 0.5, 0, 0, 0, 0.0833333358169, 0, 0, 0, 0.0833333358169, 0, 0, 0, 0, 0, 0, 0, 0, 0, 0, 0, 0, 0, 0, 0, 0, 0, 0, 0, 0, 0, 0, 0, 0, 0, 0, 0, 0, 0, 0, 0, 0, 0, 0, 0, 0, 0, 0, 0, 0, 0, 0, 0, 0, 0, 0, 0, 0, 0, 0, 0, 0, 0, 0, 0, 0, 0, 0, 0, 0, 0, 0, 0, 0, 0, 0, 0, 0, 0, 0, 0, 0, 0, 0, 0, 0, 0, 0, 0, 0, 0, 0, 0, 0, 0, 0, 0, 0, 0, 0, 0, 0, 0, 0, 0, 0, 0]]
},
"sfx": {
    "inharmonicity": {
        "kurt": -1.38416194916,
        "max": 0.357183665037,
        "mean": 0.147476032376,
        "median": 0.116352982819,
        "min": 0,
        "skew": 0.269986629486,
        "var": 0.0127991428599
    },
    "oddtoevenharmonicenergyratio": {
        "kurt": 15.3852272034,
        "max": 7.75745630264,
        "mean": 1.04377567768,
        "median": 0.870927751064,
        "min": 0,
        "skew": 3.02975511551,
        "var": 0.770045816898
    },
    "pitch_after_max_to_before_max_energy_ratio": 1.39154887199,
    "pitch_centroid": 134.004104614,
    "pitch_max_to_total": 0.471482902765,
    "pitch_min_to_total": 0.904942989349,
    "tristimulus": {
        "kurt": [2.61614084244, -1.16519069672, -1.55434608459],
        "max": [1, 0.823376119137, 0.9732234478],
        "mean": [0.180505409837, 0.363813698292, 0.45568099618],
        "median": [0.0912580117583, 0.319919854403, 0.542110681534],
        "min": [0, 0, 0],
        "skew": [1.89087939262, 0.37715023756, -0.123808920383],
        "var": [0.0461780503392, 0.0518926419318, 0.110047526658],
        "cov": [[0.0463543012738, 0.00601125741377, -0.0523655563593], [0.00601125741377, 0.0520907081664, -0.0581019818783], [-0.0523655563593, -0.0581019818783, 0.110467553139]]
    }
},
"tonal": {
    "chords_changes_rate": 0.113636367023,
    "chords_number_rate": 0.0151515156031,
    "chords_strength": {
        "kurt": -0.143262624741,
        "max": 0.489027827978,
        "mean": 0.425168156624,
        "median": 0.435322761536,
        "min": 0.331456363201,
        "skew": -0.898930549622,
        "var": 0.00159998668823
    },
    "key_strength": 0.680877864361,
    "tuning_diatonic_strength": 0.571186482906,
    "tuning_equal_tempered_deviation": 0.269277125597,
    "tuning_frequency": 446.142181396,
    "tuning_nontempered_energy_ratio": 0.917812883854,
    "hpcp": {
        "kurt": [-0.312812566757, -0.785548686981, -0.828345537186, -0.0787234306335, 0.436043024063, 0.696629524231, 1.70937299728, -0.25093460083, 0.350052833557, -0.108300209045, -0.3885679245, 0.687433004379, -0.507969856262, 0.301526546478, -0.335282325745, -1.10156679153, -0.641484498978, -0.0382976531982, 0.0168323516846, 0.280649900436, -0.158665895462, 0.555583715439, 0.550967693329, 0.753984212875, 0.381813526154, 0.177938699722, 1.35391283035, 1.26722192764, 0.202724933624, -0.376418590546, -0.818961620331, -0.726330041885, -0.847359657288, -0.839224100113, 0.723989963531, 0.0581254959106],
        "max": [1, 1, 1, 1, 1, 0.947179496288, 1, 0.933309197426, 1, 0.914035856724, 0.787717223167, 1, 0.968505561352, 1, 1, 1, 1, 1, 1, 1, 0.826175630093, 1, 1, 0.872913062572, 0.70935946703, 0.879433870316, 1, 1, 1, 0.988295435905, 1, 1, 1, 1, 1, 0.841240108013],
