{
"metadata": {
    "version": {
        "essentia": "2.1-beta3"
    }
},
"lowLevel": {
    "average_loudness": 0.90930056572,
    "barkbands_kurtosis": {
        "kurt": 0.849761247635,
        "max": 54.6879425049,
        "mean": 14.6297855377,
        "median": 14.7676677704,
        "min": -1.07996618748,
        "skew": 0.262503415346,
        "var": 61.4509048462
    },
    "barkbands_skewness": {
        "kurt": 1.05235242844,
        "max": 6.39172315598,
        "mean": 3.40807843208,
        "median": 3.55771780014,
        "min": -0.234260290861,
        "skew": -0.941568732262,
        "var": 1.07828605175
    },
    "barkbands_spread": {
        "kurt": 8.84373092651,
        "max": 53.1071205139,
        "mean": 11.2366533279,
        "median": 9.41153430939,
        "min": 2.98810100555,
        "skew": 2.45751619339,
        "var": 39.7770423889
    },
    "dissonance": {
        "kurt": 9.92204761505,
        "max": 0.499624341726,
        "mean": 0.470814883709,
        "median": 0.474948912859,
        "min": 0.313398182392,
        "skew": -2.16014456749,
        "var": 0.000368561479263
    },
    "hfc": {
        "kurt": 57.2542266846,
        "max": 1.36227464676,
        "mean": 0.148726060987,
        "median": 0.139431267977,
        "min": 2.80274480247e-06,
        "skew": 4.79226446152,
        "var": 0.00827143806964
    },
    "pitch": {
        "kurt": 5.6996717453,
        "max": 4563.52490234,
        "mean": 548.173828125,
        "median": 148.158874512,
        "min": 43.2530860901,
        "skew": 2.75116205215,
        "var": 1455342.5
    },
    "pitch_instantaneous_confidence": {
        "kurt": 1.40085744858,
        "max": 0.691954851151,
        "mean": 0.290960043669,
        "median": 0.275611966848,
        "min": 0.136506199837,
        "skew": 0.893794596195,
        "var": 0.00738939689472
    },
    "pitch_salience": {
        "kurt": 0.186146497726,
        "max": 0.780124127865,
        "mean": 0.61156976223,
        "median": 0.625167787075,
        "min": 0.30335599184,
        "skew": -0.667510509491,
        "var": 0.0060072070919
    },
    "silence_rate_20dB": {
        "kurt": 0,
        "max": 1,
        "mean": 1,
        "median": 1,
        "min": 1,
        "skew": 0,
        "var": 0
    },
    "silence_rate_30dB": {
        "kurt": 0,
        "max": 1,
        "mean": 1,
        "median": 1,
        "min": 1,
        "skew": 0,
        "var": 0
    },
    "silence_rate_60dB": {
        "kurt": 0,
        "max": 1,
        "mean": 1,
        "median": 1,
        "min": 1,
        "skew": 0,
        "var": 0
    },
    "spectral_centroid": {
        "kurt": 32.4361419678,
        "max": 2563.96313477,
        "mean": 306.845214844,
        "median": 247.467193604,
        "min": 131.340560913,
        "skew": 4.73031330109,
        "var": 43675.1875
    },
    "spectral_complexity": {
        "kurt": -0.437005519867,
        "max": 3,
        "mean": 1.45503592491,
        "median": 2,
        "min": 0,
        "skew": -0.793826937675,
        "var": 0.463805228472
    },
    "spectral_crest": {
        "kurt": -0.863121509552,
        "max": 18.7554073334,
        "mean": 11.5973501205,
        "median": 10.8816795349,
        "min": 3.93243169785,
        "skew": 0.284709304571,
        "var": 12.1624708176
    },
    "spectral_decrease": {
        "kurt": 7.44047546387,
        "max": -7.48466687798e-16,
        "mean": -1.53034057648e-10,
        "median": -1.49674661554e-10,
        "min": -7.56534224156e-10,
        "skew": -1.86295199394,
        "var": 9.61623796163e-21
    },
    "spectral_energy": {
        "kurt": 7.33868598938,
        "max": 0.00289530912414,
        "mean": 0.000591075455304,
        "median": 0.000578020873945,
        "min": 3.0791045269e-09,
        "skew": 1.84292769432,
        "var": 1.41422958677e-07
    },
    "spectral_energyband_high": {
        "kurt": 134.627975464,
        "max": 0.000128966974444,
        "mean": 6.49498269922e-06,
        "median": 4.94757432534e-06,
        "min": 1.56530496898e-10,
        "skew": 9.06805515289,
        "var": 5.55730877982e-11
    },
    "spectral_energyband_low": {
        "kurt": 4.820748806,
        "max": 0.00228920113295,
        "mean": 0.00043554865988,
        "median": 0.000430481712101,
        "min": 1.08360065365e-09,
        "skew": 1.5241894722,
        "var": 9.12006541398e-08
    },
    "spectral_energyband_middle_high": {
        "kurt": 35.2324028015,
        "max": 0.000212454760913,
        "mean": 2.4751505407e-05,
        "median": 2.06506192626e-05,
        "min": 7.87975074079e-10,
        "skew": 4.17954874039,
        "var": 2.98606694926e-10
    },
    "spectral_energyband_middle_low": {
        "kurt": 13.7997684479,
        "max": 0.00116286892444,
        "mean": 0.000164269731613,
        "median": 0.000139196636155,
        "min": 1.24949450786e-09,
        "skew": 2.86048388481,
        "var": 1.7787851192e-08
    },
    "spectral_flatness_db": {
        "kurt": 1.49829530716,
        "max": 0.275323867798,
        "mean": 0.195998668671,
        "median": 0.203170716763,
        "min": 0.0590067692101,
        "skew": -1.10507893562,
        "var": 0.00116145762149
    },
    "spectral_flux": {
        "kurt": 3.66259765625,
        "max": 0.0367756895721,
        "mean": 0.0120373731479,
        "median": 0.0112774437293,
        "min": 0.000141850920045,
        "skew": 1.17881178856,
        "var": 2.85301830445e-05
    },
    "spectral_kurtosis": {
        "kurt": 2.19573879242,
        "max": 17.3679332733,
        "mean": 4.45812559128,
        "median": 3.95353341103,
        "min": 0.902481794357,
        "skew": 1.14742994308,
        "var": 4.63148021698
    },
    "spectral_rms": {
        "kurt": 1.84361839294,
        "max": 0.00168068194762,
        "mean": 0.000714314868674,
        "median": 0.000750947918277,
        "min": 1.73320643171e-06,
        "skew": -0.365899503231,
        "var": 6.64134560679e-08
    },
    "spectral_rolloff": {
        "kurt": 22.0458965302,
        "max": 4112.84179688,
        "mean": 338.333740234,
        "median": 193.798828125,
        "min": 129.19921875,
        "skew": 4.26898145676,
        "var": 214518.25
    },
    "spectral_skewness": {
        "kurt": 0.164116382599,
        "max": 3.39721846581,
        "mean": 1.89779114723,
        "median": 1.85393929482,
        "min": 1.01883590221,
        "skew": 0.525650084019,
        "var": 0.12689474225
    },
    "spectral_spread": {
        "kurt": 18.5158901215,
        "max": 17896380,
        "mean": 5563015,
        "median": 5499750,
        "min": 3058872.75,
        "skew": 2.21046257019,
        "var": 1.47765251277e+12
    },
    "spectral_strongpeak": {
        "kurt": 1.35082817078,
        "max": 0.212972208858,
        "mean": 0.0574497543275,
        "median": 0.0515712276101,
        "min": 0,
        "skew": 1.06380152702,
        "var": 0.00182387034874
    },
    "zerocrossingrate": {
        "kurt": 3.53865909576,
        "max": 0.09814453125,
        "mean": 0.0253677908331,
        "median": 0.01953125,
        "min": 0.01025390625,
        "skew": 1.92028880119,
        "var": 0.000207292454434
    },
    "barkbands": {
        "kurt": [1.67759847641, 18.2398643494, 1.40566396713, 2.65027809143, 32.0083503723, 40.0707206726, 29.177028656, 31.3196907043, 294.387268066, 7.04590988159, 370.357086182, 59.8495178223, 7.13745307922, 20.2509250641, 5.50285243988, 36.6761779785, 25.5890083313, 270.028778076, 376.129302979, 49.5444755554, 94.9020309448, 254.285766602, 122.161407471, 232.531585693, 299.591278076, 296.920288086, 299.627960205],
        "max": [0.000101868201455, 0.00133551598992, 0.00101492239628, 0.000361713930033, 0.000865205191076, 9.92206769297e-05, 4.91135433549e-05, 3.3309286664e-05, 0.000141160504427, 3.74062292394e-05, 8.30729768495e-05, 5.52386954951e-05, 1.39602370837e-05, 2.82202981907e-05, 1.17550789582e-05, 1.1482269656e-05, 2.09632416954e-05, 3.73761831725e-05, 5.88398215768e-05, 6.31749499007e-05, 5.00533569721e-05, 2.56658750004e-05, 8.62534488988e-06, 5.32902004124e-06, 4.47381171398e-06, 3.00910073747e-07, 6.19148332603e-09],
        "mean": [3.10508985422e-05, 0.000133420006023, 0.000231481128139, 7.44966819184e-05, 7.34008062864e-05, 5.91096932112e-06, 4.36640220869e-06, 2.73626665148e-06, 2.84953830487e-06, 4.9464656513e-06, 1.75239904365e-06, 3.25459700434e-06, 2.48222090704e-06, 2.80929748442e-06, 2.16333341996e-06, 9.77546505965e-07, 2.10556208913e-06, 1.1272992424e-06, 1.13031444471e-06, 4.45131399829e-06, 2.73957925856e-06, 7.78869377882e-07, 4.40262482471e-07, 1.27658339011e-07, 7.41088399536e-08, 2.48239984124e-09, 4.23499117719e-11],
        "median": [2.89781382889e-05, 8.4762723418e-05, 0.000209759862628, 5.91199677729e-05, 5.83923938393e-05, 3.63403478332e-06, 3.36215134666e-06, 2.01271495825e-06, 1.83499514606e-06, 3.12029033012e-06, 1.17124000099e-06, 2.37635072153e-06, 2.15447380469e-06, 1.87053296941e-06, 1.69395389094e-06, 7.59082126933e-07, 1.67874293311e-06, 7.74041041041e-07, 7.73583337832e-07, 3.13281884701e-06, 1.94428866962e-06, 5.71196096644e-07, 3.46966089637e-07, 7.20196737802e-08, 4.928860875e-08, 8.67247162972e-10, 1.67350040076e-11],
        "min": [1.28848071101e-10, 3.33602839797e-10, 4.48399761765e-10, 3.86375792472e-10, 1.47225218128e-10, 2.43161657476e-10, 2.55010439848e-11, 2.09087316905e-10, 2.02332400834e-10, 1.99257582656e-10, 1.0318963739e-10, 2.53750822438e-11, 3.47524162225e-11, 1.8919891695e-11, 6.92635532262e-11, 1.18530150972e-11, 2.404732663e-11, 3.87214219022e-11, 8.04708660818e-11, 9.01424559996e-11, 2.83646214155e-11, 1.43764106522e-11, 2.25852496427e-11, 2.15548672661e-11, 6.62405503712e-12, 4.91837419316e-13, 2.22302102941e-14],
        "skew": [0.696513295174, 3.61100029945, 0.978492498398, 1.50563728809, 4.62763595581, 5.30333757401, 4.29717159271, 3.89967656136, 15.6573238373, 2.35073661804, 17.7211399078, 6.69702291489, 1.94975709915, 3.55704975128, 1.94059205055, 4.54538488388, 3.34677767754, 14.2766294479, 18.2447299957, 4.89370775223, 7.23943090439, 14.1223840714, 8.52852725983, 13.7684831619, 16.6176967621, 16.9664993286, 17.0913562775],
        "var": [2.8437432964e-10, 2.63724402316e-08, 3.04087706127e-08, 3.90010246321e-09, 6.44553965756e-09, 7.31356364359e-11, 2.089962578e-11, 7.28395729149e-12, 4.76692435525e-11, 2.80993301544e-11, 1.45281226285e-11, 1.92798277343e-11, 2.96058707064e-12, 8.87933910426e-12, 3.2097304415e-12, 9.14602269787e-13, 3.07619164516e-12, 3.3872130361e-12, 7.30068522997e-12, 2.11186138022e-11, 9.87284906606e-12, 1.67004463644e-12, 2.60480547722e-13, 7.87776826194e-14, 5.02691048781e-14, 2.42958721895e-16, 1.02807467213e-19],
        "cov": [[2.84886725321e-10, 2.00726479882e-09, 1.53086132659e-09, 5.58776080961e-10, 7.10389469472e-10, 9.61997426163e-11, 3.48553443053e-11, 1.01833558946e-11, -3.78970856432e-12, 2.33975824826e-11, -2.69183286772e-12, -2.24869537054e-12, 6.42362638775e-12, 7.83010808969e-12, 8.05548423105e-12, 1.66006965119e-12, 1.03308993304e-11, 5.1426315463e-12, 2.37390554263e-12, 2.53820176682e-11, 1.533403092e-11, 4.47474782922e-12, 2.10224871365e-12, 2.33020444303e-13, 2.53355957091e-13, 1.73764383382e-15, 8.29717277707e-17], [2.00726479882e-09, 2.64199577771e-08, 6.47567111045e-09, 3.62284957589e-09, 7.56373630395e-09, 1.0435869946e-09, 3.604344323e-10, 1.03350855651e-10, -3.95777161044e-12, 7.28786336834e-11, -1.30174100665e-11, 4.51012621347e-12, 3.98556777859e-11, -5.77710318819e-12, 2.55729291909e-11, 8.92152931392e-12, 6.6174891955e-11, 1.30217347322e-11, 5.55725170742e-12, 1.75114131529e-10, 8.13586073511e-11, 2.82472326779e-11, 1.21611401505e-11, 1.38648077394e-12, 1.07048332872e-12, -2.61090316576e-14, -5.6524218518e-16], [1.53086132659e-09, 6.47567111045e-09, 3.0463560563e-08, 5.01721730828e-09, 1.11339659714e-09, 4.32734709177e-10, 1.78852654908e-10, 1.26900681803e-12, 8.10672709517e-12, 2.98086444417e-10, -2.63853452975e-11, -9.34825619692e-11, 1.96803580377e-11, 6.11815849719e-12, 1.08324675618e-10, 8.7958165057e-12, 7.31744873028e-11, 5.01982899692e-11, 3.7274908854e-11, 1.92984711544e-10, 1.14797983619e-10, 3.30053206987e-11, 1.54512496547e-11, -8.1220653033e-13, 2.4150061291e-12, 4.55821497084e-14, 2.08193223369e-15], [5.58776080961e-10, 3.62284957589e-09, 5.01721730828e-09, 3.90712973086e-09, 2.67606425908e-09, 2.12585893333e-10, 8.2602036322e-11, 1.65042510908e-11, -1.08604852542e-11, 7.90574897214e-11, 4.12191304309e-13, 6.08585230821e-12, 1.58190439914e-11, -2.47875179583e-13, 2.69012277732e-11, 7.71682110573e-12, 4.04913116925e-11, 2.53183602555e-11, 1.5196689393e-11, 7.34293528759e-11, 4.69162104999e-11, 1.520062895e-11, 6.65618775375e-12, 1.05823661466e-12, 1.30238539137e-12, 3.86360797413e-14, 1.02399845873e-15], [7.10389469472e-10, 7.56373630395e-09, 1.11339659714e-09, 2.67606425908e-09, 6.45715303449e-09, 3.67569447102e-10, 1.53125165325e-10, 5.50480390438e-11, 4.42802669531e-11, 9.54801099295e-11, 1.87896798814e-11, 3.35218311442e-11, 2.7246919998e-11, 1.67324244738e-11, 1.87372339866e-11, 7.81384158766e-12, 3.58635517117e-11, 9.61156588347e-12, -7.61366948762e-14, 2.31809779705e-11, 4.8509403959e-12, 6.06568701517e-12, 3.14580718246e-13, -2.48359682429e-13, 2.61421553892e-13, -3.50478368421e-15, 5.13709283005e-16], [9.61997426163e-11, 1.0435869946e-09, 4.32734709177e-10, 2.12585893333e-10, 3.67569447102e-10, 7.32674060311e-11, 2.1751912771e-11, 5.69380523632e-12, 2.23451530716e-12, 9.3490831396e-12, 1.57601731145e-12, 2.31528555009e-12, 2.57399960721e-12, 2.33156397834e-12, 2.4003529199e-12, 7.24948313185e-13, 4.94746344587e-12, 1.83808654061e-12, 1.30094665509e-13, 5.53241697246e-12, 2.32003652401e-12, 1.2844235224e-12, 2.60970417368e-13, 2.76747534259e-14, 4.77410605081e-14, -1.14344746846e-15, 6.29566006161e-18], [3.48553443053e-11, 3.604344323e-10, 1.78852654908e-10, 8.2602036322e-11, 1.53125165325e-10, 2.1751912771e-11, 2.09372831572e-11, 4.08724790124e-12, 9.91055848498e-12, 7.09590372572e-12, 1.7993732589e-12, 3.43526162377e-12, 1.99966779246e-12, 6.33956429019e-13, 1.01075127001e-12, 3.05542321045e-13, 1.68855478645e-12, 8.08678482251e-13, 2.25923487275e-13, 2.57618297354e-12, 1.26573122643e-12, 5.7688440613e-13, 1.19673002519e-13, 6.53623815771e-15, 2.45410771105e-14, -4.2763795066e-16, 7.54783697391e-18], [1.01833558946e-11, 1.03350855651e-10, 1.26900681803e-12, 1.65042510908e-11, 5.50480390438e-11, 5.69380523632e-12, 4.08724790124e-12, 7.29708220931e-12, 3.62483263891e-12, 2.33644050288e-12, 1.11198073319e-12, 3.56204150377e-12, 9.64966388045e-13, 9.29504953909e-13, 1.01748329814e-12, 5.25631458932e-13, 9.38157863027e-13, 6.46683390431e-13, 8.48653287401e-13, 1.26682898113e-12, 8.53539136071e-13, 4.87164020062e-13, 1.76337107893e-13, 1.42849152104e-13, 9.00246674082e-14, 5.48956208588e-15, 9.97075040042e-17], [-3.78970856432e-12, -3.95777161044e-12, 8.10672709517e-12, -1.08604852542e-11, 4.42802669531e-11, 2.23451530716e-12, 9.91055848498e-12, 3.62483263891e-12, 4.77551366507e-11, 1.39274728903e-11, 8.77115394204e-12, 1.36748459778e-11, 4.73823801375e-12, 2.65296487036e-12, 1.74041185109e-12, 6.65695363417e-13, 1.14517141429e-12, 6.84387930442e-13, 4.90069193993e-13, -4.76182407307e-13, -5.16287533558e-13, 5.78699414777e-14, -6.65945908986e-14, 2.39926622406e-14, 1.79153245109e-14, 1.73051700448e-15, 4.01521674965e-17], [2.33975824826e-11, 7.28786336834e-11, 2.98086444417e-10, 7.90574897214e-11, 9.54801099295e-11, 9.3490831396e-12, 7.09590372572e-12, 2.33644050288e-12, 1.39274728903e-11, 2.8149958059e-11, 5.70902136329e-12, 6.27058474589e-12, 3.70104554642e-12, 3.05877827407e-12, 4.07951016718e-12, 1.360331227e-12, 3.19261565969e-12, 2.68402986468e-12, 2.4349491607e-12, 4.55649537198e-12, 2.25185581987e-12, 1.25498179557e-12, 3.8365033264e-13, 1.54606010069e-13, 1.7253157182e-13, 1.0747469131e-14, 2.38993098925e-16], [-2.69183286772e-12, -1.30174100665e-11, -2.63853452975e-11, 4.12191304309e-13, 1.87896798814e-11, 1.57601731145e-12, 1.7993732589e-12, 1.11198073319e-12, 8.77115394204e-12, 5.70902136329e-12, 1.45543004731e-11, 7.16431601544e-12, 2.48052424955e-12, 2.3491289209e-12, 1.85479973394e-12, 8.37176953195e-13, 6.83100115102e-13, 7.26884373005e-13, 6.51687688188e-13, 8.58496758925e-13, 2.14566171363e-13, 2.50477698478e-13, 7.45612271469e-14, 8.27719986193e-14, 4.116722764e-14, 2.5988749591e-15, 4.31926253479e-17], [-2.24869537054e-12, 4.51012621347e-12, -9.34825619692e-11, 6.08585230821e-12, 3.35218311442e-11, 2.31528555009e-12, 3.43526162377e-12, 3.56204150377e-12, 1.36748459778e-11, 6.27058474589e-12, 7.16431601544e-12, 1.93145655719e-11, 3.96232569325e-12, 2.10288058668e-12, 1.27326046841e-12, 8.91291543608e-13, 9.77531640703e-13, 7.95703238542e-13, 8.19981018849e-13, 5.14105197216e-13, -5.78552708671e-14, 2.71053633098e-13, 7.13545230389e-14, 1.43239708831e-13, 3.75855454344e-14, 2.23385923949e-15, 1.66577846823e-17], [6.42362638775e-12, 3.98556777859e-11, 1.96803580377e-11, 1.58190439914e-11, 2.7246919998e-11, 2.57399960721e-12, 1.99966779246e-12, 9.64966388045e-13, 4.73823801375e-12, 3.70104554642e-12, 2.48052424955e-12, 3.96232569325e-12, 2.96592134533e-12, 1.94759768209e-12, 9.96550823633e-13, 4.69088255652e-13, 8.49003376283e-13, 7.29993322734e-13, 6.3199044522e-13, 1.07451070611e-12, 5.52620340981e-13, 3.41266538683e-13, 9.385213147e-14, 7.44954567326e-14, 3.56309660867e-14, 1.79477112392e-15, 3.13372147284e-17], [7.83010808969e-12, -5.77710318819e-12, 6.11815849719e-12, -2.47875179583e-13, 1.67324244738e-11, 2.33156397834e-12, 6.33956429019e-13, 9.29504953909e-13, 2.65296487036e-12, 3.05877827407e-12, 2.3491289209e-12, 2.10288058668e-12, 1.94759768209e-12, 8.89533845888e-12, 1.90414264217e-12, 7.23876850389e-13, 1.45031924838e-12, 1.13680972188e-12, 8.19483695312e-13, 1.43622104227e-12, 8.16616685297e-13, 4.91450521771e-13, 1.97179905325e-13, 2.01071649023e-13, 7.36881394662e-14, 4.30657342537e-15, 6.52775403748e-17], [8.05548423105e-12, 2.55729291909e-11, 1.08324675618e-10, 2.69012277732e-11, 1.87372339866e-11, 2.4003529199e-12, 1.01075127001e-12, 1.01748329814e-12, 1.74041185109e-12, 4.07951016718e-12, 1.85479973394e-12, 1.27326046841e-12, 9.96550823633e-13, 1.90414264217e-12, 3.21551379273e-12, 9.66040507137e-13, 9.60402764261e-13, 1.00342455699e-12, 1.17513984654e-12, 8.80963758974e-13, 6.34561088571e-13, 4.83571570373e-13, 1.41553666033e-13, 1.198994788e-13, 8.61833391111e-14, 5.85014951724e-15, 1.17084226098e-16], [1.66006965119e-12, 8.92152931392e-12, 8.7958165057e-12, 7.71682110573e-12, 7.81384158766e-12, 7.24948313185e-13, 3.05542321045e-13, 5.25631458932e-13, 6.65695363417e-13, 1.360331227e-12, 8.37176953195e-13, 8.91291543608e-13, 4.69088255652e-13, 7.23876850389e-13, 9.66040507137e-13, 9.16250148669e-13, 7.31224271671e-13, 9.96607961087e-13, 1.40841548493e-12, 1.53999371848e-12, 1.13921328967e-12, 6.34377207882e-13, 2.23430459247e-13, 1.58947467276e-13, 1.1763735873e-13, 7.91223725129e-15, 1.56351376514e-16], [1.03308993304e-11, 6.6174891955e-11, 7.31744873028e-11, 4.04913116925e-11, 3.58635517117e-11, 4.94746344587e-12, 1.68855478645e-12, 9.38157863027e-13, 1.14517141429e-12, 3.19261565969e-12, 6.83100115102e-13, 9.77531640703e-13, 8.49003376283e-13, 1.45031924838e-12, 9.60402764261e-13, 7.31224271671e-13, 3.08173430351e-12, 2.07136499793e-12, 2.38830786745e-12, 3.73009132262e-12, 2.69641275454e-12, 1.30075800391e-12, 4.83504620889e-13, 2.38071010388e-13, 1.91522457073e-13, 1.17831151398e-14, 2.36343818094e-16], [5.1426315463e-12, 1.30217347322e-11, 5.01982899692e-11, 2.53183602555e-11, 9.61156588347e-12, 1.83808654061e-12, 8.08678482251e-13, 6.46683390431e-13, 6.84387930442e-13, 2.68402986468e-12, 7.26884373005e-13, 7.95703238542e-13, 7.29993322734e-13, 1.13680972188e-12, 1.00342455699e-12, 9.96607961087e-13, 2.07136499793e-12, 3.39331601013e-12, 4.39950159636e-12, 5.49653985521e-12, 4.10633029316e-12, 2.08815668749e-12, 7.29403842013e-13, 4.29881092745e-13, 3.59435056588e-13, 2.38425154863e-14, 4.89444012527e-16], [2.37390554263e-12, 5.55725170742e-12, 3.7274908854e-11, 1.5196689393e-11, -7.61366948762e-14, 1.30094665509e-13, 2.25923487275e-13, 8.48653287401e-13, 4.90069193993e-13, 2.4349491607e-12, 6.51687688188e-13, 8.19981018849e-13, 6.3199044522e-13, 8.19483695312e-13, 1.17513984654e-12, 1.40841548493e-12, 2.38830786745e-12, 4.39950159636e-12, 7.31383963809e-12, 8.68135337923e-12, 6.47673494697e-12, 3.22299283616e-12, 1.14435707004e-12, 6.95978919028e-13, 5.75444585645e-13, 3.92480576576e-14, 7.97929864967e-16], [2.53820176682e-11, 1.75114131529e-10, 1.92984711544e-10, 7.34293528759e-11, 2.31809779705e-11, 5.53241697246e-12, 2.57618297354e-12, 1.26682898113e-12, -4.76182407307e-13, 4.55649537198e-12, 8.58496758925e-13, 5.14105197216e-13, 1.07451070611e-12, 1.43622104227e-12, 8.80963758974e-13, 1.53999371848e-12, 3.73009132262e-12, 5.49653985521e-12, 8.68135337923e-12, 2.11566666963e-11, 1.17130055655e-11, 4.48322108604e-12, 1.91242399521e-12, 8.48174178461e-13, 6.9985786914e-13, 4.34928751813e-14, 8.63252781161e-16], [1.533403092e-11, 8.13586073511e-11, 1.14797983619e-10, 4.69162104999e-11, 4.8509403959e-12, 2.32003652401e-12, 1.26573122643e-12, 8.53539136071e-13, -5.16287533558e-13, 2.25185581987e-12, 2.14566171363e-13, -5.78552708671e-14, 5.52620340981e-13, 8.16616685297e-13, 6.34561088571e-13, 1.13921328967e-12, 2.69641275454e-12, 4.10633029316e-12, 6.47673494697e-12, 1.17130055655e-11, 9.89063778795e-12, 3.37189369308e-12, 1.32890237443e-12, 6.61495868932e-13, 5.48472020839e-13, 3.52650580179e-14, 7.06749468112e-16], [4.47474782922e-12, 2.82472326779e-11, 3.30053206987e-11, 1.520062895e-11, 6.06568701517e-12, 1.2844235224e-12, 5.7688440613e-13, 4.87164020062e-13, 5.78699414777e-14, 1.25498179557e-12, 2.50477698478e-13, 2.71053633098e-13, 3.41266538683e-13, 4.91450521771e-13, 4.83571570373e-13, 6.34377207882e-13, 1.30075800391e-12, 2.08815668749e-12, 3.22299283616e-12, 4.48322108604e-12, 3.37189369308e-12, 1.67305373115e-12, 5.75110217695e-13, 3.22894976815e-13, 2.70737506849e-13, 1.8026953289e-14, 3.66154370118e-16], [2.10224871365e-12, 1.21611401505e-11, 1.54512496547e-11, 6.65618775375e-12, 3.14580718246e-13, 2.60970417368e-13, 1.19673002519e-13, 1.76337107893e-13, -6.65945908986e-14, 3.8365033264e-13, 7.45612271469e-14, 7.13545230389e-14, 9.385213147e-14, 1.97179905325e-13, 1.41553666033e-13, 2.23430459247e-13, 4.83504620889e-13, 7.29403842013e-13, 1.14435707004e-12, 1.91242399521e-12, 1.32890237443e-12, 5.75110217695e-13, 2.60949898842e-13, 1.18827636533e-13, 9.52450331061e-14, 6.13587321211e-15, 1.21864932992e-16], [2.33020444303e-13, 1.38648077394e-12, -8.1220653033e-13, 1.05823661466e-12, -2.48359682429e-13, 2.76747534259e-14, 6.53623815771e-15, 1.42849152104e-13, 2.39926622406e-14, 1.54606010069e-13, 8.27719986193e-14, 1.43239708831e-13, 7.44954567326e-14, 2.01071649023e-13, 1.198994788e-13, 1.58947467276e-13, 2.38071010388e-13, 4.29881092745e-13, 6.95978919028e-13, 8.48174178461e-13, 6.61495868932e-13, 3.22894976815e-13, 1.18827636533e-13, 7.89196250126e-14, 5.99186770079e-14, 4.1087374456e-15, 8.18384638617e-17], [2.53355957091e-13, 1.07048332872e-12, 2.4150061291e-12, 1.30238539137e-12, 2.61421553892e-13, 4.77410605081e-14, 2.45410771105e-14, 9.00246674082e-14, 1.79153245109e-14, 1.7253157182e-13, 4.116722764e-14, 3.75855454344e-14, 3.56309660867e-14, 7.36881394662e-14, 8.61833391111e-14, 1.1763735873e-13, 1.91522457073e-13, 3.59435056588e-13, 5.75444585645e-13, 6.9985786914e-13, 5.48472020839e-13, 2.70737506849e-13, 9.52450331061e-14, 5.99186770079e-14, 5.03596798052e-14, 3.44345235784e-15, 7.01420704432e-17], [1.73764383382e-15, -2.61090316576e-14, 4.55821497084e-14, 3.86360797413e-14, -3.50478368421e-15, -1.14344746846e-15, -4.2763795066e-16, 5.48956208588e-15, 1.73051700448e-15, 1.0747469131e-14, 2.5988749591e-15, 2.23385923949e-15, 1.79477112392e-15, 4.30657342537e-15, 5.85014951724e-15, 7.91223725129e-15, 1.17831151398e-14, 2.38425154863e-14, 3.92480576576e-14, 4.34928751813e-14, 3.52650580179e-14, 1.8026953289e-14, 6.13587321211e-15, 4.1087374456e-15, 3.44345235784e-15, 2.43396479111e-16, 4.96896120716e-18], [8.29717277707e-17, -5.6524218518e-16, 2.08193223369e-15, 1.02399845873e-15, 5.13709283005e-16, 6.29566006161e-18, 7.54783697391e-18, 9.97075040042e-17, 4.01521674965e-17, 2.38993098925e-16, 4.31926253479e-17, 1.66577846823e-17, 3.13372147284e-17, 6.52775403748e-17, 1.17084226098e-16, 1.56351376514e-16, 2.36343818094e-16, 4.89444012527e-16, 7.97929864967e-16, 8.63252781161e-16, 7.06749468112e-16, 3.66154370118e-16, 1.21864932992e-16, 8.18384638617e-17, 7.01420704432e-17, 4.96896120716e-18, 1.02992710433e-19]]
    },
    "mfcc": {
        "kurt": [10.5712747574, 9.06519699097, 6.57552909851, 2.84037399292, 2.38048839569, 4.00499582291, -0.0702967643738, 0.208798885345, 1.02539300919, -0.247409820557, 0.196761369705, -0.11576628685, 0.306226015091],
        "max": [-757.876403809, 165.836730957, 48.0956459045, 77.1740875244, 31.7419776917, 46.5674819946, 35.2814178467, 19.9809627533, 27.7427177429, 20.9780979156, 11.0864639282, 17.2642841339, 13.9797668457],
        "mean": [-891.278320312, 127.013687134, 7.98571157455, 47.3241539001, 6.25221157074, 28.4636592865, 17.0449466705, 2.06401538849, 6.75598669052, 3.70218706131, -5.16015338898, 0.826848983765, -1.88200259209],
        "median": [-881.459472656, 130.050216675, 8.61121177673, 50.2644424438, 6.56350708008, 30.1122322083, 16.6769943237, 2.24174499512, 6.61842918396, 3.74461364746, -5.14965820312, 0.52818107605, -1.62639808655],
        "min": [-1138.42004395, 1.14440917969e-05, -72.4963150024, -17.9917411804, -35.9513511658, -13.590423584, -0.244762420654, -18.7459945679, -22.9608783722, -17.748878479, -26.8361778259, -23.4641494751, -25.2332878113],
        "skew": [-3.015604496, -2.47172307968, -1.36500823498, -1.54140686989, -0.675042331219, -1.63923621178, 0.0559025481343, -0.136102110147, -0.150434687734, -0.141695380211, -0.135629728436, 0.0108400210738, -0.164977133274],
        "var": [2538.39746094, 552.261779785, 161.221237183, 261.404632568, 81.0953903198, 82.1230545044, 41.767868042, 38.2044563293, 41.7223014832, 45.6723518372, 34.6697425842, 42.9154968262, 34.953502655],
        "cov": [[2542.97119141, 756.059326172, -127.607696533, 497.95803833, -56.7320289612, 230.241333008, 48.2434158325, -6.50201797485, 44.5209846497, 43.8861999512, -35.4623374939, 53.9692306519, 15.8456554413], [756.059326172, 553.256896973, -6.91996860504, 114.221290588, 34.7014770508, 63.5138511658, 8.6933927536, -29.5945072174, 34.8484191895, -13.5541372299, -17.5268039703, -13.5049362183, 1.98200702667], [-127.607696533, -6.91996860504, 161.51171875, 79.9186477661, 18.2584819794, 39.0594444275, 10.893658638, -0.271445989609, 2.22170472145, 4.23456525803, 5.04477024078, 17.1828155518, 27.21600914], [497.95803833, 114.221290588, 79.9186477661, 261.875610352, 12.9770231247, 97.1353225708, 25.1839618683, 2.81567382812, 26.1946659088, 18.9946842194, 1.669906497, 36.6970329285, 29.4110851288], [-56.7320289612, 34.7014770508, 18.2584819794, 12.9770231247, 81.2415084839, 13.662899971, -11.6367368698, 4.8152680397, 12.9297246933, 0.556428074837, 5.77489566803, -2.95585107803, -2.11742973328], [230.241333008, 63.5138511658, 39.0594444275, 97.1353225708, 13.662899971, 82.2710266113, 23.7990722656, -2.63478970528, 13.6406698227, 19.6510944366, -0.482178062201, 11.8996658325, 10.721367836], [48.2434158325, 8.6933927536, 10.893658638, 25.1839618683, -11.6367368698, 23.7990722656, 41.8431282043, 0.752149939537, 0.421887487173, 8.61506557465, -3.88096046448, 3.98843073845, 2.41770529747], [-6.50201797485, -29.5945072174, -0.271445989609, 2.81567382812, 4.8152680397, -2.63478970528, 0.752149939537, 38.2732925415, 3.75893163681, -6.09011220932, 1.80362653732, -4.22674655914, -1.07523989677], [44.5209846497, 34.8484191895, 2.22170472145, 26.1946659088, 12.9297246933, 13.6406698227, 0.421887487173, 3.75893163681, 41.7974777222, 14.5032167435, -5.73543787003, -6.47732639313, -1.57077038288], [43.8861999512, -13.5541372299, 4.23456525803, 18.9946842194, 0.556428074837, 19.6510944366, 8.61506557465, -6.09011220932, 14.5032167435, 45.7546463013, 4.60430765152, 1.82377457619, 3.22725272179], [-35.4623374939, -17.5268039703, 5.04477024078, 1.669906497, 5.77489566803, -0.482178062201, -3.88096046448, 1.80362653732, -5.73543787003, 4.60430765152, 34.7322120667, 12.0640516281, -1.93340039253], [53.9692306519, -13.5049362183, 17.1828155518, 36.6970329285, -2.95585107803, 11.8996658325, 3.98843073845, -4.22674655914, -6.47732639313, 1.82377457619, 12.0640516281, 42.9928207397, 11.8736553192], [15.8456554413, 1.98200702667, 27.21600914, 29.4110851288, -2.11742973328, 10.721367836, 2.41770529747, -1.07523989677, -1.57077038288, 3.22725272179, -1.93340039253, 11.8736553192, 35.0164794922]]
    },
    "sccoeffs": {
        "kurt": [0.75842165947, 2.13779067993, 0.321313381195, 1.07731819153, 1.80432796478, 3.37860441208],
        "max": [-0.570236742496, -0.682345211506, -0.742034077644, -0.756393551826, -0.757246673107, -0.766085982323],
        "mean": [-0.750142633915, -0.847963869572, -0.852276623249, -0.841506004333, -0.8543420434, -0.819387733936],
        "median": [-0.745232284069, -0.852477014065, -0.853677511215, -0.841929674149, -0.85538983345, -0.816707015038],
        "min": [-0.937994003296, -0.925271630287, -0.927279174328, -0.926544845104, -0.941287636757, -0.913667440414],
        "skew": [-0.24431528151, 1.0007352829, 0.354538142681, 0.035871271044, 0.0187120549381, -1.36756420135],
        "var": [0.00244418997318, 0.00138181366492, 0.000934517302085, 0.00056323397439, 0.000476446351968, 0.000499976973515],
        "cov": [[0.0024485939648, 9.35935531743e-05, 0.000342096376698, 0.000113846996101, 0.000334258045768, 0.000503031827975], [9.35935531743e-05, 0.00138430332299, 0.000192359540961, 0.000134623929625, 5.68779541936e-05, 0.000114283007861], [0.000342096376698, 0.000192359540961, 0.0009362011333, 0.000132620349177, 8.26508912724e-05, 0.000160746232723], [0.000113846996101, 0.000134623929625, 0.000132620349177, 0.000564248824958, 6.73792674206e-05, 9.16604549275e-05], [0.000334258045768, 5.68779541936e-05, 8.26508912724e-05, 6.73792674206e-05, 0.000477304798551, 0.000253098784015], [0.000503031827975, 0.000114283007861, 0.000160746232723, 9.16604549275e-05, 0.000253098784015, 0.000500877795275]]
    },
    "scvalleys": {
        "kurt": [9.62459564209, 13.3127689362, 15.363451004, 18.3803520203, 14.8423118591, 8.94550514221],
        "max": [-4.95270395279, -6.65093564987, -6.90691900253, -7.46525239944, -6.85416889191, -8.40103721619],
        "mean": [-6.5537405014, -8.10396671295, -8.51581668854, -8.93275260925, -9.35225772858, -11.1111326218],
        "median": [-6.38715171814, -7.99408769608, -8.45030021667, -8.81818675995, -9.21331501007, -11.0154380798],
        "min": [-12.2612915039, -13.0173435211, -13.0582561493, -14.1873283386, -14.0731592178, -15.3681335449],
        "skew": [-2.77866363525, -3.0608112812, -3.10198950768, -3.76497960091, -3.41214632988, -2.28344869614],
        "var": [0.7862855196, 0.459915041924, 0.380177170038, 0.480533093214, 0.535246133804, 0.495350390673],
        "cov": [[0.787702262402, 0.508677721024, 0.359636902809, 0.456387400627, 0.499660998583, 0.457064121962], [0.508677721024, 0.4607437253, 0.325104624033, 0.383408010006, 0.405585020781, 0.35980412364], [0.359636902809, 0.325104624033, 0.380862176418, 0.365666568279, 0.367344230413, 0.317887037992], [0.456387400627, 0.383408010006, 0.365666568279, 0.481398910284, 0.445515930653, 0.387400954962], [0.499660998583, 0.405585020781, 0.367344230413, 0.445515930653, 0.536210536957, 0.482409447432], [0.457064121962, 0.35980412364, 0.317887037992, 0.387400954962, 0.482409447432, 0.496242940426]]
    }
},
"rhythm": {
    "beats_loudness": {
        "kurt": 0.13992357254,
        "max": 0.00118264695629,
        "mean": 0.000611181196291,
        "median": 0.000642411527224,
        "min": 6.45643885946e-05,
        "skew": -0.22958034277,
        "var": 6.22677944762e-08
    },
    "bpm": 117.614532471,
    "confidence": 2.05118298531,
    "first_peak_bpm": {
        "kurt": 0,
        "max": 117,
        "mean": 117,
        "median": 117,
        "min": 117,
        "skew": 0,
        "var": 0
    },
    "first_peak_spread": {
        "kurt": 0,
        "max": 0.0588235259056,
        "mean": 0.0588235259056,
        "median": 0.0588235259056,
        "min": 0.0588235259056,
        "skew": 0,
        "var": 0
    },
    "first_peak_weight": {
        "kurt": 0,
        "max": 0.695652186871,
        "mean": 0.695652186871,
        "median": 0.695652186871,
        "min": 0.695652186871,
        "skew": 0,
        "var": 0
    },
    "onset_rate": 0.465947598219,
    "second_peak_bpm": {
        "kurt": 0,
        "max": 123,
        "mean": 123,
        "median": 123,
        "min": 123,
        "skew": 0,
        "var": 0
    },
    "second_peak_spread": {
        "kurt": 0,
        "max": 0,
        "mean": 0,
        "median": 0,
        "min": 0,
        "skew": 0,
        "var": 0
    },
    "second_peak_weight": {
        "kurt": 0,
        "max": 0.0869565233588,
        "mean": 0.0869565233588,
        "median": 0.0869565233588,
        "min": 0.0869565233588,
        "skew": 0,
        "var": 0
    },
    "beats_loudness_band_ratio": {
        "kurt": [6.72606658936, 5.67106723785, 3.96493196487, 1.86917495728, 2.41643238068, 0.66034913063],
        "max": [0.952930569649, 0.299760550261, 0.0718722417951, 0.112017974257, 0.0564327761531, 0.0440105013549],
        "mean": [0.884410619736, 0.0812211707234, 0.0198261234909, 0.0308479499072, 0.0163584109396, 0.0177815649658],
        "median": [0.921324014664, 0.0623482391238, 0.0137684512883, 0.019662745297, 0.0112756099552, 0.0150199439377],
        "min": [0.52096259594, 0.035519938916, 0.00747431814671, 0.00883768033236, 0.00556598510593, 0.00549367303029],
        "skew": [-2.54644155502, 2.42632937431, 2.19316911697, 1.65229940414, 1.7011013031, 1.24170339108],
        "var": [0.00885608047247, 0.00344531540759, 0.000244051290792, 0.000703504832927, 0.000154277222464, 9.92140267044e-05],
        "cov": [[0.00924112740904, -0.00452563073486, -0.00144460436422, -0.00247159833089, -0.00098262692336, -0.000368707580492], [-0.00452563073486, 0.00359511189163, 0.000642219849396, 0.00110775104258, 0.000328116555465, -1.86018514796e-05], [-0.00144460436422, 0.000642219849396, 0.000254662212683, 0.000394154514652, 0.000169207443832, 6.15254029981e-05], [-0.00247159833089, 0.00110775104258, 0.000394154514652, 0.000734092027415, 0.000311104318826, 0.000132160246721], [-0.00098262692336, 0.000328116555465, 0.000169207443832, 0.000311104318826, 0.000160984927788, 6.7552922701e-05], [-0.000368707580492, -1.86018514796e-05, 6.15254029981e-05, 0.000132160246721, 6.7552922701e-05, 0.000103527680039]]
    },
    "beats_position": [0.487619042397, 0.952018141747, 1.45124709606, 1.99691605568, 2.50775504112, 3.04181408882, 3.55265307426, 4.04027223587, 4.55111122131, 5.0387301445, 5.54956912994, 6.06040811539, 6.57124710083, 7.08208608627, 7.59292507172, 8.10376358032, 8.6146030426, 9.12544155121, 9.63628101349, 10.1471195221, 10.6579589844, 11.1687984467, 11.6796369553, 12.2601356506],
    "bpm_estimates": [120.185333252, 117.453842163, 117.453842163, 117.453842163, 117.453842163, 117.453842163, 117.453842163, 117.453842163, 117.453842163, 117.453948975, 117.453727722, 117.453948975, 117.453727722, 117.453948975, 117.453727722, 117.453727722, 117.453948975],
    "bpm_intervals": [0.46439909935, 0.499228954315, 0.545668959618, 0.510838985443, 0.534059047699, 0.510838985443, 0.487619161606, 0.510838985443, 0.487618923187, 0.510838985443, 0.510838985443, 0.510838985443, 0.510838985443, 0.510838985443, 0.510838508606, 0.51083946228, 0.510838508606, 0.51083946228, 0.510838508606, 0.51083946228, 0.51083946228, 0.510838508606, 0.580498695374],
    "onset_times": [0.127709746361, 0.27863946557, 0.441179126501, 0.557278931141, 6.31582784653, 8.82358264923],
    "histogram": [[0, 0, 0, 0, 0, 0, 0, 0, 0, 0, 0, 0, 0, 0, 0, 0, 0, 0, 0, 0, 0, 0, 0, 0, 0, 0, 0, 0, 0, 0, 0, 0, 0, 0, 0, 0, 0, 0, 0, 0, 0, 0, 0, 0, 0, 0, 0, 0, 0, 0, 0, 0, 0, 0, 0, 0, 0, 0, 0, 0, 0, 0, 0, 0, 0, 0, 0, 0, 0, 0, 0, 0, 0, 0, 0, 0, 0, 0, 0, 0, 0, 0, 0, 0, 0, 0, 0, 0, 0, 0, 0, 0, 0, 0, 0, 0, 0, 0, 0, 0, 0, 0, 0, 0.0434782616794, 0, 0, 0, 0, 0, 0, 0.0434782616794, 0, 0.0434782616794, 0, 0, 0, 0, 0.695652186871, 0, 0, 0.0434782616794, 0, 0, 0.0869565233588, 0, 0, 0, 0, 0, 0.0434782616794, 0, 0, 0, 0, 0, 0, 0, 0, 0, 0, 0, 0, 0, 0, 0, 0, 0, 0, 0, 0, 0, 0, 0, 0, 0, 0, 0, 0, 0, 0, 0, 0, 0, 0, 0, 0, 0, 0, 0, 0, 0, 0, 0, 0, 0, 0, 0, 0, 0, 0, 0, 0, 0, 0, 0, 0, 0, 0, 0, 0, 0, 0, 0, 0, 0, 0, 0, 0, 0, 0, 0, 0, 0, 0, 0, 0, 0, 0, 0, 0, 0, 0, 0, 0, 0, 0, 0, 0, 0, 0, 0, 0, 0, 0, 0, 0, 0, 0, 0, 0, 0, 0, 0, 0, 0, 0, 0, 0, 0, 0, 0, 0, 0, 0, 0, 0, 0, 0, 0, 0]]
},
"sfx": {
    "inharmonicity": {
        "kurt": 6.16106319427,
        "max": 0.33955898881,
        "mean": 0.0402468703687,
        "median": 0.0178601816297,
        "min": 0,
        "skew": 2.21061944962,
        "var": 0.00258300849237
    },
    "oddtoevenharmonicenergyratio": {
        "kurt": 459.64855957,
        "max": 361.09286499,
        "mean": 1.46390497684,
        "median": 0.0416240021586,
        "min": 0,
        "skew": 20.872833252,
        "var": 255.635742188
    },
    "pitch_after_max_to_before_max_energy_ratio": 0.308185309172,
    "pitch_centroid": 216.081314087,
    "pitch_max_to_total": 0.411870509386,
    "pitch_min_to_total": 0.262589931488,
    "tristimulus": {
        "kurt": [-0.177981138229, 1.14385032654, 0.803141832352],
        "max": [1, 0.955091655254, 0.868016958237],
        "mean": [0.492814362049, 0.215383291245, 0.29180252552],
        "median": [0.533623933792, 0.137692511082, 0.290837049484],
        "min": [0, 0, 0],
        "skew": [-0.150599077344, 1.43422162533, 0.30298191309],
        "var": [0.0703678652644, 0.0462249368429, 0.0257463660091],
        "cov": [[0.070494659245, -0.0455050580204, -0.0249895751476], [-0.0455050580204, 0.0463082268834, -0.000803150760476], [-0.0249895751476, -0.000803150760476, 0.0257927551866]]
    }
},
"tonal": {
    "chords_changes_rate": 0.0931899622083,
    "chords_number_rate": 0.0215053763241,
    "chords_strength": {
        "kurt": 0.376604795456,
        "max": 0.7636038661,
        "mean": 0.493195742369,
        "median": 0.43990778923,
        "min": 0.295687407255,
        "skew": 1.16274547577,
        "var": 0.0126862162724
    },
    "key_strength": 0.666723012924,
    "tuning_diatonic_strength": 0.479289650917,
    "tuning_equal_tempered_deviation": 0.266806274652,
    "tuning_frequency": 454.990661621,
    "tuning_nontempered_energy_ratio": 0.912249147892,
    "hpcp": {
        "kurt": [32.2369651794, 37.6416435242, 16.0534648895, 2.04059076309, -1.24521791935, -1.47157299519, -1.5055270195, -0.34476017952, 4.34086704254, 12.3308591843, 19.9244689941, 18.1442146301, 26.0332012177, 23.278842926, 34.5831832886, 32.3342437744, 30.8847618103, 20.9918060303, 20.7985076904, 16.5774345398, 27.2841567993, 13.9713401794, 19.0800590515, 12.4272937775, 6.2623167038, 1.94173240662, 1.45707988739, 2.84136152267, 7.11557769775, 15.2336788177, 22.6151885986, 28.5769882202, 36.6539382935, 23.7395515442, 32.2518997192, 24.7093715668],
        "max": [1, 0.985217213631, 1, 1, 1, 1, 1, 1, 1, 1, 1, 1, 1, 0.689788341522, 1, 1, 1, 0.834452807903, 1, 0.825239360332, 1, 1, 1, 0.596629798412, 0.929098188877, 1, 1, 1, 1, 1, 0.795253396034, 0.784805655479, 1, 1, 1, 0.747310757637],
