{
"metadata": {
    "version": {
        "essentia": "2.1-beta3"
    }
},
"lowLevel": {
    "average_loudness": 0.109466552734,
    "barkbands_kurtosis": {
        "kurt": 0.512081384659,
        "max": 10.603890419,
        "mean": 1.3222413063,
        "median": -0.0714439153671,
        "min": -1.61259543896,
        "skew": 1.31675863266,
        "var": 10.1958866119
    },
    "barkbands_skewness": {
        "kurt": -0.831094741821,
        "max": 3.13438892365,
        "mean": 0.730891287327,
        "median": 0.626757025719,
        "min": -1.75583577156,
        "skew": 0.0927167236805,
        "var": 1.56124722958
    },
    "barkbands_spread": {
        "kurt": 0.320107221603,
        "max": 69.9863510132,
        "mean": 23.936674118,
        "median": 23.0432090759,
        "min": 6.06877231598,
        "skew": 0.637916445732,
        "var": 135.605529785
    },
    "dissonance": {
        "kurt": 0.593643903732,
        "max": 0.499813914299,
        "mean": 0.484267473221,
        "median": 0.488428294659,
        "min": 0.435095816851,
        "skew": -1.10498964787,
        "var": 0.000206872369745
    },
    "hfc": {
        "kurt": 10.9110279083,
        "max": 5.99029588699,
        "mean": 0.426420092583,
        "median": 0.0146584743634,
        "min": 8.03562945351e-13,
        "skew": 2.89724397659,
        "var": 0.775432944298
    },
    "pitch": {
        "kurt": -0.540850400925,
        "max": 4274.49169922,
        "mean": 1283.25317383,
        "median": 600.300842285,
        "min": 81.6993713379,
        "skew": 1.15750789642,
        "var": 2089669.75
    },
    "pitch_instantaneous_confidence": {
        "kurt": -0.658755064011,
        "max": 0.73284971714,
        "mean": 0.367773026228,
        "median": 0.305889487267,
        "min": 0.134418070316,
        "skew": 0.85805952549,
        "var": 0.0285727232695
    },
    "pitch_salience": {
        "kurt": 2.18528366089,
        "max": 0.962085485458,
        "mean": 0.713758826256,
        "median": 0.726918697357,
        "min": 0.419229865074,
        "skew": -0.710321903229,
        "var": 0.00465655652806
    },
    "silence_rate_20dB": {
        "kurt": 0,
        "max": 1,
        "mean": 1,
        "median": 1,
        "min": 1,
        "skew": 0,
        "var": 0
    },
    "silence_rate_30dB": {
        "kurt": 0,
        "max": 1,
        "mean": 1,
        "median": 1,
        "min": 1,
        "skew": 0,
        "var": 0
    },
    "silence_rate_60dB": {
        "kurt": 0,
        "max": 1,
        "mean": 1,
        "median": 1,
        "min": 1,
        "skew": 0,
        "var": 0
    },
    "spectral_centroid": {
        "kurt": 4.98802232742,
        "max": 6415.27148438,
        "mean": 1655.12744141,
        "median": 1352.90771484,
        "min": 674.434509277,
        "skew": 1.68760120869,
        "var": 769562.25
    },
    "spectral_complexity": {
        "kurt": 74.3007965088,
        "max": 12,
        "mean": 0.219298243523,
        "median": 0,
        "min": 0,
        "skew": 8.23800373077,
        "var": 1.37296450138
    },
    "spectral_crest": {
        "kurt": -0.750081539154,
        "max": 16.1084003448,
        "mean": 7.61495542526,
        "median": 6.18373775482,
        "min": 2.87711668015,
        "skew": 0.776333391666,
        "var": 14.0701522827
    },
    "spectral_decrease": {
        "kurt": 36.0384254456,
        "max": -1.38765681938e-23,
        "mean": -3.4166152546e-11,
        "median": -3.17883848584e-12,
        "min": -6.98371416252e-10,
        "skew": -5.12829017639,
        "var": 6.19683042519e-21
    },
    "spectral_energy": {
        "kurt": 29.4934158325,
        "max": 0.00317914993502,
        "mean": 0.000167628430063,
        "median": 1.32982959258e-05,
        "min": 1.25258927838e-16,
        "skew": 4.57913827896,
        "var": 1.39866699556e-07
    },
    "spectral_energyband_high": {
        "kurt": 5.34250831604,
        "max": 0.000311258627335,
        "mean": 3.07201844407e-05,
        "median": 7.995888609e-07,
        "min": 7.70916912253e-17,
        "skew": 2.33671379089,
        "var": 3.83074816313e-09
    },
    "spectral_energyband_low": {
        "kurt": 9.33026218414,
        "max": 1.47705186464e-05,
        "mean": 1.22124902191e-06,
        "median": 1.1685231982e-07,
        "min": 2.87993001184e-18,
        "skew": 2.94241976738,
        "var": 6.28659407517e-12
    },
    "spectral_energyband_middle_high": {
        "kurt": 34.9414367676,
        "max": 0.00239643361419,
        "mean": 0.000106428255094,
        "median": 3.21249058288e-06,
        "min": 4.04533009441e-17,
        "skew": 4.95659637451,
        "var": 6.46012381367e-08
    },
    "spectral_energyband_middle_low": {
        "kurt": 63.7088699341,
        "max": 0.000916186894756,
        "mean": 3.15903271257e-05,
        "median": 8.04017327027e-06,
        "min": 4.87037864894e-18,
        "skew": 7.372610569,
        "var": 7.61341745203e-09
    },
    "spectral_flatness_db": {
        "kurt": -1.24736320972,
        "max": 0.196472927928,
        "mean": 0.116564914584,
        "median": 0.102660208941,
        "min": 0.0387126840651,
        "skew": 0.30517411232,
        "var": 0.00173576164525
    },
    "spectral_flux": {
        "kurt": 9.09247398376,
        "max": 0.0552901402116,
        "mean": 0.00537696341053,
        "median": 0.00236010923982,
        "min": 1.41223097216e-06,
        "skew": 2.40737581253,
        "var": 5.64823531022e-05
    },
    "spectral_kurtosis": {
        "kurt": 0.218238592148,
        "max": 9.79488945007,
        "mean": 3.62810969353,
        "median": 3.19010186195,
        "min": -0.583406925201,
        "skew": 0.696023523808,
        "var": 2.75649571419
    },
    "spectral_rms": {
        "kurt": 3.13008594513,
        "max": 0.00176113878842,
        "mean": 0.000250292767305,
        "median": 0.000113901944133,
        "min": 3.49576645409e-10,
        "skew": 1.73359882832,
        "var": 1.00893572608e-07
    },
    "spectral_rolloff": {
        "kurt": 2.98793745041,
        "max": 10745.0683594,
        "mean": 2830.95458984,
        "median": 3143.84765625,
        "min": 645.99609375,
        "skew": 0.774115204811,
        "var": 2581261
    },
    "spectral_skewness": {
        "kurt": 0.0837762355804,
        "max": 2.74784231186,
        "mean": 1.64037585258,
        "median": 1.56235003471,
        "min": 0.369654357433,
        "skew": 0.383692979813,
        "var": 0.143705651164
    },
    "spectral_spread": {
        "kurt": 7.96487236023,
        "max": 23603340,
        "mean": 8053252,
        "median": 7377968,
        "min": 4562988.5,
        "skew": 2.19369268417,
        "var": 7.7960881111e+12
    },
    "spectral_strongpeak": {
        "kurt": 11.5443429947,
        "max": 1.48243367672,
        "mean": 0.108802728355,
        "median": 0.0282218977809,
        "min": 4.54462103505e-08,
        "skew": 3.15183401108,
        "var": 0.0482222363353
    },
    "zerocrossingrate": {
        "kurt": 26.892583847,
        "max": 0.49560546875,
        "mean": 0.101273387671,
        "median": 0.09033203125,
        "min": 0.0439453125,
        "skew": 3.81434559822,
        "var": 0.00208975095302
    },
    "barkbands": {
        "kurt": [53.4765548706, 8.87867641449, 15.5653133392, 11.1237421036, 12.2614927292, 41.6122817993, 9.19229698181, 102.797302246, 63.7183380127, 98.8781814575, 105.103004456, 83.5884628296, 59.0706367493, 55.2141571045, 107.082084656, 45.9800643921, 19.1746616364, 5.97127532959, 9.80556201935, 7.74122810364, 9.27747154236, 11.7798471451, 9.07330989838, 10.8030996323, 11.1563177109, 21.0961437225, 56.1010856628],
        "max": [1.78782215698e-07, 8.67089602252e-06, 5.64721176488e-06, 2.71745943792e-06, 2.36288997257e-05, 0.000120135111501, 5.74700134166e-05, 0.00021431458299, 0.000386677565984, 0.000539620989002, 0.000458595197415, 0.000232278762269, 0.000140375530464, 0.000121925215353, 0.000220016343519, 0.000180485571036, 0.000179071066668, 0.000158839393407, 0.000331404502504, 0.000302068685414, 0.000196528373635, 5.41587032785e-05, 1.40406609717e-05, 4.73385352961e-06, 3.74003434445e-06, 4.07565750038e-07, 9.3940437651e-09],
        "mean": [5.42415312665e-09, 7.42981910662e-07, 3.71424363266e-07, 2.33691068274e-07, 2.03608396987e-06, 4.73093587061e-06, 4.69546557724e-06, 6.44601595923e-06, 9.72533689492e-06, 1.04680602817e-05, 8.62834440341e-06, 6.44660303806e-06, 4.52215726909e-06, 4.32415617979e-06, 5.22420123161e-06, 6.78646119923e-06, 9.43587838265e-06, 1.49476773004e-05, 2.45244464168e-05, 2.24259656534e-05, 1.56345467985e-05, 3.58516035703e-06, 1.01220166471e-06, 3.70214934264e-07, 2.82710630017e-07, 2.2173713532e-08, 3.23807480829e-10],
        "median": [1.94414540022e-10, 1.66835683046e-08, 3.22635500538e-08, 5.29503765279e-08, 5.8796643998e-07, 5.51956986783e-07, 5.08758034812e-07, 2.4834598662e-06, 1.67451889865e-06, 6.52833477943e-07, 4.66107223929e-07, 1.97969981741e-07, 2.27841752576e-07, 2.51879697544e-07, 2.69342820047e-07, 1.34506478844e-07, 2.21989182592e-07, 1.66805023127e-07, 2.05041231993e-07, 3.38911377185e-07, 3.1562916547e-07, 1.42434373629e-07, 3.54723894702e-08, 2.78275180676e-08, 1.57706114834e-08, 1.99297156556e-09, 7.00154795252e-11],
        "min": [9.08633811254e-19, 1.29644089784e-18, 7.75574365099e-19, 6.79283045474e-19, 1.23273796111e-18, 7.19172227852e-19, 4.91481872055e-19, 4.85607752333e-19, 9.20724917063e-19, 1.36727868094e-18, 1.62707760318e-18, 1.14879908466e-18, 3.4326501326e-19, 2.72180368441e-18, 1.44333742128e-18, 2.762515653e-18, 5.57223147252e-18, 1.0257750971e-17, 9.79416752285e-18, 4.33235514952e-18, 4.46963032167e-18, 7.61290548243e-18, 1.45522609531e-17, 1.35837557057e-17, 2.7024951796e-17, 7.70775249301e-18, 1.33792328177e-18],
        "skew": [6.58770799637, 2.96373057365, 3.64907503128, 3.04298377037, 3.19163322449, 5.74723768234, 2.74404644966, 9.08700752258, 7.74732398987, 9.62257957458, 9.63042926788, 7.84900426865, 6.60438871384, 6.33449602127, 9.20949077606, 6.07559633255, 3.82692193985, 2.49657678604, 3.00022721291, 2.5552546978, 2.80108094215, 3.14232468605, 2.87246155739, 3.12822556496, 3.2211959362, 4.43186759949, 6.59379816055],
        "var": [2.90166409145e-16, 2.80708746178e-12, 6.64407168605e-13, 1.73256903073e-13, 1.32179154774e-11, 1.52128323827e-10, 7.36337171792e-11, 2.82543877184e-10, 1.618163048e-09, 2.13167883345e-09, 1.36024602693e-09, 3.66874169933e-10, 1.61447563651e-10, 1.25954580099e-10, 2.93546575936e-10, 3.91955273793e-10, 4.94138174822e-10, 9.87717019285e-10, 3.05650260657e-09, 2.13654738346e-09, 1.08601783122e-09, 6.14268150234e-11, 4.92444800215e-12, 6.57291658167e-13, 4.19995635492e-13, 3.78144687939e-15, 7.59316698846e-19],
        "cov": [[2.91444687741e-16, 1.8632344677e-14, 6.90023532019e-15, 3.3572974604e-15, 2.56106137545e-14, 1.71250461592e-14, 1.82099784741e-14, 3.70337407388e-14, 3.96054540512e-17, 1.68359233212e-14, 9.5139392851e-15, 8.25151206315e-15, 1.24863600091e-14, 3.93855311049e-14, 4.24941996196e-14, 2.86446654428e-14, 1.00407129713e-13, 1.52334958883e-13, 1.16577347819e-13, 2.27720050932e-13, 1.8598356633e-13, 6.03160099991e-14, 1.82656675023e-14, 6.09419283836e-15, 5.79852921185e-15, 5.29010827318e-16, 4.31699440555e-18], [1.8632344677e-14, 2.81945343808e-12, 1.02041985972e-12, 3.6975183657e-13, 3.04947451839e-12, 2.27339002658e-12, 2.69824939302e-12, 3.97917419501e-12, -1.25730575582e-13, -7.42683231537e-15, -2.18095303644e-13, -1.25742190098e-13, 1.22019126574e-12, 2.77841942162e-12, 2.36695298778e-12, 3.38281247632e-12, 8.28009796144e-12, 1.11277332834e-11, 8.02661843241e-12, 1.73361047739e-11, 2.07726717771e-11, 6.78944140492e-12, 1.77319910057e-12, 6.19206400564e-13, 5.17723938807e-13, 4.95179730011e-14, 4.24262180258e-16], [6.90023532019e-15, 1.02041985972e-12, 6.6733408079e-13, 2.08438951863e-13, 1.39678752505e-12, 9.63575356658e-13, 1.61927643603e-12, 2.36774857533e-12, 1.06717954786e-12, 8.6530647014e-13, 1.61827528374e-13, 7.03357077442e-13, 7.07397790518e-13, 1.26000468739e-12, 8.95014477028e-13, 1.76566996701e-12, 4.002645871e-12, 5.4831495247e-12, 4.40783694267e-12, 8.67327650672e-12, 1.04250089464e-11, 2.90537776129e-12, 7.64979713689e-13, 2.97796645199e-13, 2.38517051162e-13, 2.23624761829e-14, 2.19012266679e-16], [3.3572974604e-15, 3.6975183657e-13, 2.08438951863e-13, 1.74020154298e-13, 7.9407053849e-13, 1.42874470935e-12, 1.51926214664e-12, 2.33953785164e-12, 3.15058092462e-12, 3.42591796945e-12, 2.4047916436e-12, 1.85763232054e-12, 1.3000221559e-12, 1.40368435191e-12, 1.64268034938e-12, 2.40862451512e-12, 3.42667994674e-12, 4.99379617519e-12, 6.50007304925e-12, 7.79044710686e-12, 6.89632942766e-12, 1.79531790909e-12, 5.01961644993e-13, 1.77882380592e-13, 1.41148079552e-13, 1.28045276069e-14, 1.33229957857e-16], [2.56106137545e-14, 3.04947451839e-12, 1.39678752505e-12, 7.9407053849e-13, 1.3276144073e-11, 2.18530974566e-11, 1.44735326155e-11, 2.70823346388e-11, 4.83217320324e-11, 5.7010538651e-11, 4.2140194112e-11, 3.47750613028e-11, 1.77134210078e-11, 1.83364348011e-11, 2.18796578078e-11, 3.5365793627e-11, 4.37909916662e-11, 5.67432593968e-11, 8.25348678291e-11, 9.63536889165e-11, 7.70745064993e-11, 1.59692137985e-11, 4.55836583757e-12, 1.85752802029e-12, 1.44376090944e-12, 1.27414829447e-13, 1.54350091769e-15], [1.71250461592e-14, 2.27339002658e-12, 9.63575356658e-13, 1.42874470935e-12, 2.18530974566e-11, 1.52798496078e-10, 5.64060083363e-11, 1.46139142454e-10, 3.22442184064e-10, 3.87786192046e-10, 2.77301737128e-10, 1.86205897923e-10, 9.91243684356e-11, 9.65972371536e-11, 1.26142638002e-10, 1.74640205075e-10, 1.73516950808e-10, 2.53020049357e-10, 4.2790548882e-10, 4.01968708319e-10, 2.45713061009e-10, 4.22800544575e-11, 1.34430522269e-11, 5.94115511995e-12, 4.19999885565e-12, 4.10914303885e-13, 6.31984114496e-15], [1.82099784741e-14, 2.69824939302e-12, 1.61927643603e-12, 1.51926214664e-12, 1.44735326155e-11, 5.64060083363e-11, 7.39580896525e-11, 7.36954941516e-11, 1.80337120237e-10, 1.79615392004e-10, 1.53367513134e-10, 8.66486812856e-11, 7.01697935868e-11, 6.47871895021e-11, 8.62243679234e-11, 1.0743209794e-10, 1.38158443019e-10, 1.80536516292e-10, 3.28684884865e-10, 2.90146628945e-10, 2.0621987451e-10, 4.39474082126e-11, 1.34256746345e-11, 4.90894261004e-12, 3.63665933305e-12, 2.95171195428e-13, 4.5219955032e-15], [3.70337407388e-14, 3.97917419501e-12, 2.36774857533e-12, 2.33953785164e-12, 2.70823346388e-11, 1.46139142454e-10, 7.36954941516e-11, 2.83788575972e-10, 5.31062138709e-10, 5.22821785864e-10, 3.82789855369e-10, 2.77343426003e-10, 1.22205967568e-10, 1.16212588164e-10, 1.47603970713e-10, 2.51883541802e-10, 2.16047554846e-10, 2.14181228309e-10, 4.37257230423e-10, 4.56088111722e-10, 3.46973172416e-10, 5.59999269178e-11, 1.98298842624e-11, 8.46481305189e-12, 6.05599554879e-12, 6.67195302912e-13, 9.07430970371e-15], [3.96054540512e-17, -1.25730575582e-13, 1.06717954786e-12, 3.15058092462e-12, 4.83217320324e-11, 3.22442184064e-10, 1.80337120237e-10, 5.31062138709e-10, 1.625291568e-09, 1.66824165593e-09, 1.34576394473e-09, 5.72711988944e-10, 4.03017813566e-10, 3.67169433746e-10, 5.57202839424e-10, 6.88326728948e-10, 5.77012548852e-10, 3.9176081823e-10, 1.08935194199e-09, 1.12761699977e-09, 6.53234188963e-10, 9.64637744683e-11, 3.66373910377e-11, 1.80103258696e-11, 1.16603462996e-11, 1.49230161648e-12, 2.64422595012e-14], [1.68359233212e-14, -7.42683231537e-15, 8.6530647014e-13, 3.42591796945e-12, 5.7010538651e-11, 3.87786192046e-10, 1.79615392004e-10, 5.22821785864e-10, 1.66824165593e-09, 2.14106954388e-09, 1.64735891595e-09, 5.94458648973e-10, 5.1790999267e-10, 4.59623783478e-10, 7.11206926685e-10, 8.23819568119e-10, 7.51739004379e-10, 5.20821830108e-10, 1.45551604103e-09, 1.44916101341e-09, 7.6438111396e-10, 1.272318223e-10, 4.47356283961e-11, 2.14076100596e-11, 1.42249155163e-11, 1.88073818672e-12, 3.42770211899e-14], [9.5139392851e-15, -2.18095303644e-13, 1.61827528374e-13, 2.4047916436e-12, 4.2140194112e-11, 2.77301737128e-10, 1.53367513134e-10, 3.82789855369e-10, 1.34576394473e-09, 1.64735891595e-09, 1.36623834468e-09, 4.26464780157e-10, 4.08293815424e-10, 3.64675872833e-10, 5.82357273515e-10, 6.45354270024e-10, 5.94708948753e-10, 3.78087922082e-10, 1.11453002383e-09, 1.12769682481e-09, 5.74910841156e-10, 9.58999685219e-11, 3.39066448529e-11, 1.62982943114e-11, 1.05971334138e-11, 1.4262877988e-12, 2.67049667698e-14], [8.25151206315e-15, -1.25742190098e-13, 7.03357077442e-13, 1.85763232054e-12, 3.47750613028e-11, 1.86205897923e-10, 8.66486812856e-11, 2.77343426003e-10, 5.72711988944e-10, 5.94458648973e-10, 4.26464780157e-10, 3.68490349345e-10, 1.52495349681e-10, 1.40324724063e-10, 1.73400113712e-10, 2.96722396653e-10, 2.65045596581e-10, 3.54231532995e-10, 6.44407749384e-10, 6.07550176834e-10, 4.15347090055e-10, 6.27382937268e-11, 2.18882811182e-11, 9.44936663638e-12, 6.86826854071e-12, 6.68622871913e-13, 9.30101807205e-15], [1.24863600091e-14, 1.22019126574e-12, 7.07397790518e-13, 1.3000221559e-12, 1.77134210078e-11, 9.91243684356e-11, 7.01697935868e-11, 1.22205967568e-10, 4.03017813566e-10, 5.1790999267e-10, 4.08293815424e-10, 1.52495349681e-10, 1.62158786399e-10, 1.30906674389e-10, 2.00858454869e-10, 2.2272435285e-10, 2.32944913359e-10, 2.31366967252e-10, 5.5098625662e-10, 4.66155058998e-10, 2.73789824146e-10, 5.15407612423e-11, 1.65716121381e-11, 7.00554891875e-12, 4.98500199453e-12, 5.29540658285e-13, 9.33375589546e-15], [3.93855311049e-14, 2.77841942162e-12, 1.26000468739e-12, 1.40368435191e-12, 1.83364348011e-11, 9.65972371536e-11, 6.47871895021e-11, 1.16212588164e-10, 3.67169433746e-10, 4.59623783478e-10, 3.64675872833e-10, 1.40324724063e-10, 1.30906674389e-10, 1.26509441811e-10, 1.7750137471e-10, 1.95986379903e-10, 2.20549717378e-10, 2.15763781841e-10, 4.74243644355e-10, 4.37015812427e-10, 2.53820492402e-10, 5.23910741179e-11, 1.62199802201e-11, 6.91235697153e-12, 4.91538060254e-12, 5.22349470535e-13, 8.74469614965e-15], [4.24941996196e-14, 2.36695298778e-12, 8.95014477028e-13, 1.64268034938e-12, 2.18796578078e-11, 1.26142638002e-10, 8.62243679234e-11, 1.47603970713e-10, 5.57202839424e-10, 7.11206926685e-10, 5.82357273515e-10, 1.73400113712e-10, 2.00858454869e-10, 1.7750137471e-10, 2.94839735959e-10, 2.99988200947e-10, 3.07029651703e-10, 2.61620364261e-10, 6.56432852519e-10, 6.06016570259e-10, 3.21280863025e-10, 6.35974536922e-11, 2.07081990444e-11, 9.0615041512e-12, 6.4406882605e-12, 7.33800390243e-13, 1.31928193684e-14], [2.86446654428e-14, 3.38281247632e-12, 1.76566996701e-12, 2.40862451512e-12, 3.5365793627e-11, 1.74640205075e-10, 1.0743209794e-10, 2.51883541802e-10, 6.88326728948e-10, 8.23819568119e-10, 6.45354270024e-10, 2.96722396653e-10, 2.2272435285e-10, 1.95986379903e-10, 2.99988200947e-10, 3.93681975908e-10, 3.7116820728e-10, 3.43628236976e-10, 8.00188915129e-10, 7.66624652648e-10, 4.69585759166e-10, 8.6002746591e-11, 2.86723769727e-11, 1.20510719459e-11, 8.60143987286e-12, 9.30157318356e-13, 1.49119760729e-14], [1.00407129713e-13, 8.28009796144e-12, 4.002645871e-12, 3.42667994674e-12, 4.37909916662e-11, 1.73516950808e-10, 1.38158443019e-10, 2.16047554846e-10, 5.77012548852e-10, 7.51739004379e-10, 5.94708948753e-10, 2.65045596581e-10, 2.32944913359e-10, 2.20549717378e-10, 3.07029651703e-10, 3.7116820728e-10, 4.96314989107e-10, 5.15458453698e-10, 1.04088471176e-09, 9.24043064288e-10, 6.25540674815e-10, 1.33144634207e-10, 3.97423899345e-11, 1.56912729338e-11, 1.19266176796e-11, 1.1206105488e-12, 1.69664646509e-14], [1.52334958883e-13, 1.11277332834e-11, 5.4831495247e-12, 4.99379617519e-12, 5.67432593968e-11, 2.53020049357e-10, 1.80536516292e-10, 2.14181228309e-10, 3.9176081823e-10, 5.20821830108e-10, 3.78087922082e-10, 3.54231532995e-10, 2.31366967252e-10, 2.15763781841e-10, 2.61620364261e-10, 3.43628236976e-10, 5.15458453698e-10, 9.92068205363e-10, 1.3912485608e-09, 1.15957610181e-09, 8.38581037943e-10, 1.88086046737e-10, 5.37256072963e-11, 1.97046198802e-11, 1.56400482842e-11, 1.19516180806e-12, 1.49256149974e-14], [1.16577347819e-13, 8.02661843241e-12, 4.40783694267e-12, 6.50007304925e-12, 8.25348678291e-11, 4.2790548882e-10, 3.28684884865e-10, 4.37257230423e-10, 1.08935194199e-09, 1.45551604103e-09, 1.11453002383e-09, 6.44407749384e-10, 5.5098625662e-10, 4.74243644355e-10, 6.56432852519e-10, 8.00188915129e-10, 1.04088471176e-09, 1.3912485608e-09, 3.06996739141e-09, 2.22109175496e-09, 1.41859624048e-09, 2.96141278167e-10, 8.8011306576e-11, 3.38608169281e-11, 2.59221619864e-11, 2.11797831877e-12, 3.31327372764e-14], [2.27720050932e-13, 1.73361047739e-11, 8.67327650672e-12, 7.79044710686e-12, 9.63536889165e-11, 4.01968708319e-10, 2.90146628945e-10, 4.56088111722e-10, 1.12761699977e-09, 1.44916101341e-09, 1.12769682481e-09, 6.07550176834e-10, 4.66155058998e-10, 4.37015812427e-10, 6.06016570259e-10, 7.66624652648e-10, 9.24043064288e-10, 1.15957610181e-09, 2.22109175496e-09, 2.14595941017e-09, 1.31428767869e-09, 2.86121404347e-10, 8.65245097792e-11, 3.28275982786e-11, 2.49788419115e-11, 2.20443910522e-12, 3.22292817705e-14], [1.8598356633e-13, 2.07726717771e-11, 1.04250089464e-11, 6.89632942766e-12, 7.70745064993e-11, 2.45713061009e-10, 2.0621987451e-10, 3.46973172416e-10, 6.53234188963e-10, 7.6438111396e-10, 5.74910841156e-10, 4.15347090055e-10, 2.73789824146e-10, 2.53820492402e-10, 3.21280863025e-10, 4.69585759166e-10, 6.25540674815e-10, 8.38581037943e-10, 1.41859624048e-09, 1.31428767869e-09, 1.09080200428e-09, 2.36369812612e-10, 6.76615638517e-11, 2.54122521637e-11, 1.98806787005e-11, 1.71097446107e-12, 2.13689099239e-14], [6.03160099991e-14, 6.78944140492e-12, 2.90537776129e-12, 1.79531790909e-12, 1.59692137985e-11, 4.22800544575e-11, 4.39474082126e-11, 5.59999269178e-11, 9.64637744683e-11, 1.272318223e-10, 9.58999685219e-11, 6.27382937268e-11, 5.15407612423e-11, 5.23910741179e-11, 6.35974536922e-11, 8.6002746591e-11, 1.33144634207e-10, 1.88086046737e-10, 2.96141278167e-10, 2.86121404347e-10, 2.36369812612e-10, 6.16974180079e-11, 1.64037585598e-11, 5.89046823471e-12, 4.69140741879e-12, 4.04833149425e-13, 4.74784370957e-15], [1.82656675023e-14, 1.77319910057e-12, 7.64979713689e-13, 5.01961644993e-13, 4.55836583757e-12, 1.34430522269e-11, 1.34256746345e-11, 1.98298842624e-11, 3.66373910377e-11, 4.47356283961e-11, 3.39066448529e-11, 2.18882811182e-11, 1.65716121381e-11, 1.62199802201e-11, 2.07081990444e-11, 2.86723769727e-11, 3.97423899345e-11, 5.37256072963e-11, 8.8011306576e-11, 8.65245097792e-11, 6.76615638517e-11, 1.64037585598e-11, 4.94614158658e-12, 1.72840398677e-12, 1.39211168634e-12, 1.21441973231e-13, 1.44362101602e-15], [6.09419283836e-15, 6.19206400564e-13, 2.97796645199e-13, 1.77882380592e-13, 1.85752802029e-12, 5.94115511995e-12, 4.90894261004e-12, 8.46481305189e-12, 1.80103258696e-11, 2.14076100596e-11, 1.62982943114e-11, 9.44936663638e-12, 7.00554891875e-12, 6.91235697153e-12, 9.0615041512e-12, 1.20510719459e-11, 1.56912729338e-11, 1.97046198802e-11, 3.38608169281e-11, 3.28275982786e-11, 2.54122521637e-11, 5.89046823471e-12, 1.72840398677e-12, 6.6018723691e-13, 5.15038315815e-13, 4.69385001787e-14, 5.99503556166e-16], [5.79852921185e-15, 5.17723938807e-13, 2.38517051162e-13, 1.41148079552e-13, 1.44376090944e-12, 4.19999885565e-12, 3.63665933305e-12, 6.05599554879e-12, 1.16603462996e-11, 1.42249155163e-11, 1.05971334138e-11, 6.86826854071e-12, 4.98500199453e-12, 4.91538060254e-12, 6.4406882605e-12, 8.60143987286e-12, 1.19266176796e-11, 1.56400482842e-11, 2.59221619864e-11, 2.49788419115e-11, 1.98806787005e-11, 4.69140741879e-12, 1.39211168634e-12, 5.15038315815e-13, 4.218458265e-13, 3.72360562523e-14, 4.47595873312e-16], [5.29010827318e-16, 4.95179730011e-14, 2.23624761829e-14, 1.28045276069e-14, 1.27414829447e-13, 4.10914303885e-13, 2.95171195428e-13, 6.67195302912e-13, 1.49230161648e-12, 1.88073818672e-12, 1.4262877988e-12, 6.68622871913e-13, 5.29540658285e-13, 5.22349470535e-13, 7.33800390243e-13, 9.30157318356e-13, 1.1206105488e-12, 1.19516180806e-12, 2.11797831877e-12, 2.20443910522e-12, 1.71097446107e-12, 4.04833149425e-13, 1.21441973231e-13, 4.69385001787e-14, 3.72360562523e-14, 3.79810505285e-15, 4.86818091277e-17], [4.31699440555e-18, 4.24262180258e-16, 2.19012266679e-16, 1.33229957857e-16, 1.54350091769e-15, 6.31984114496e-15, 4.5219955032e-15, 9.07430970371e-15, 2.64422595012e-14, 3.42770211899e-14, 2.67049667698e-14, 9.30101807205e-15, 9.33375589546e-15, 8.74469614965e-15, 1.31928193684e-14, 1.49119760729e-14, 1.69664646509e-14, 1.49256149974e-14, 3.31327372764e-14, 3.22292817705e-14, 2.13689099239e-14, 4.74784370957e-15, 1.44362101602e-15, 5.99503556166e-16, 4.47595873312e-16, 4.86818091277e-17, 7.62661713846e-19]]
    },
    "mfcc": {
        "kurt": [-1.20739901066, -1.06422483921, -0.374793052673, -0.92192530632, -0.665785074234, -1.09750127792, -0.260946273804, -0.0083532333374, 1.16688871384, 0.0513679981232, 1.86643981934, 2.70245933533, 0.3055331707],
        "max": [-710.843261719, 113.661262512, 20.331451416, 44.4568862915, -6.103515625e-05, 15.8037910461, 13.8774299622, 3.23474693298, 21.7424201965, 19.623003006, 16.9708061218, 11.8099975586, 12.9433898926],
        "mean": [-978.861450195, 54.4439506531, -22.7499542236, 5.98463916779, -24.3645820618, -14.8897619247, -5.58723974228, -7.33763170242, 1.82604527473, 1.39198458195, 1.45222377777, -0.80516910553, -2.89992260933],
        "median": [-982.56072998, 53.8584098816, -6.09832763672, 1.3168258667, -25.565990448, -14.71733284, -3.87943935394, -5.8762550354, 2.0293674469, 0.537479400635, 0.757453918457, -3.0517578125e-05, -1.60511016846],
        "min": [-1138.42004395, 1.14440917969e-05, -104.83518219, -23.3819999695, -61.4011917114, -42.6273880005, -32.6103439331, -30.9202537537, -28.9310703278, -27.6241722107, -33.370262146, -22.4997596741, -16.7742958069],
        "skew": [0.343849688768, -0.101601146162, -0.980121433735, 0.14176915586, -0.153190746903, 0.00331041589379, -0.318032115698, -0.778546929359, -0.852185308933, -0.56898355484, -0.95250672102, -1.2421002388, -0.329302936792],
        "var": [16814.7304688, 1278.06958008, 967.139404297, 298.466827393, 279.345062256, 168.329879761, 61.2281341553, 47.944568634, 78.8015441895, 103.316688538, 67.619682312, 28.4632930756, 24.8478279114],
        "cov": [[16888.8046875, 1869.95373535, -3566.4465332, 1529.34179688, -1575.79272461, -301.478546143, 36.0166778564, -544.9609375, -410.442504883, -767.976074219, -510.966827393, -296.348937988, 36.9579162598], [1869.95373535, 1283.6998291, -73.9514007568, 181.154495239, -174.747940063, -56.5688667297, 28.8701515198, -97.6570053101, 133.128875732, 63.7162895203, 36.1020011902, 5.02317380905, -39.1666564941], [-3566.4465332, -73.9514007568, 971.399902344, -279.358642578, 373.410888672, 95.0909194946, 15.4689283371, 134.298568726, 167.796386719, 230.250106812, 163.807022095, 93.7472763062, -9.38700294495], [1529.34179688, 181.154495239, -279.358642578, 299.781677246, -29.9152927399, 84.0974960327, 71.8817138672, -30.809589386, -27.7533779144, -98.1606063843, -49.6710128784, -18.4363021851, 29.630613327], [-1575.79272461, -174.747940063, 373.410888672, -29.9152927399, 280.575653076, 151.053985596, 64.6057128906, 71.4384994507, 56.2108612061, 57.6913986206, 43.7332344055, 32.8964729309, 17.9436302185], [-301.478546143, -56.5688667297, 95.0909194946, 84.0974960327, 151.053985596, 169.071411133, 79.3685531616, 28.0090637207, 28.8956394196, -7.14760160446, -4.68629980087, 9.75109672546, 24.8133964539], [36.0166778564, 28.8701515198, 15.4689283371, 71.8817138672, 64.6057128906, 79.3685531616, 61.4978637695, 14.708940506, 10.6558208466, -12.8822460175, -10.8234109879, 1.97754192352, 11.6808414459], [-544.9609375, -97.6570053101, 134.298568726, -30.809589386, 71.4384994507, 28.0090637207, 14.708940506, 48.1557769775, 24.6178302765, 28.870923996, 24.7610397339, 16.8009700775, 5.94928264618], [-410.442504883, 133.128875732, 167.796386719, -27.7533779144, 56.2108612061, 28.8956394196, 10.6558208466, 24.6178302765, 79.14868927, 67.2291412354, 42.4113082886, 27.1128807068, -3.02592372894], [-767.976074219, 63.7162895203, 230.250106812, -98.1606063843, 57.6913986206, -7.14760160446, -12.8822460175, 28.870923996, 67.2291412354, 103.771827698, 67.946434021, 29.9973468781, -5.23657560349], [-510.966827393, 36.1020011902, 163.807022095, -49.6710128784, 43.7332344055, -4.68629980087, -10.8234109879, 24.7610397339, 42.4113082886, 67.946434021, 67.9175720215, 30.831861496, -0.608135998249], [-296.348937988, 5.02317380905, 93.7472763062, -18.4363021851, 32.8964729309, 9.75109672546, 1.97754192352, 16.8009700775, 27.1128807068, 29.9973468781, 30.831861496, 28.5886821747, 5.15090894699], [36.9579162598, -39.1666564941, -9.38700294495, 29.630613327, 17.9436302185, 24.8133964539, 11.6808414459, 5.94928264618, -3.02592372894, -5.23657560349, -0.608135998249, 5.15090894699, 24.9572887421]]
    },
    "sccoeffs": {
        "kurt": [1.05323505402, -0.385629653931, 0.00514936447144, -0.245060920715, -0.63329911232, -0.796289205551],
        "max": [-0.554458141327, -0.66948056221, -0.729175746441, -0.773040473461, -0.794587373734, -0.742256402969],
        "mean": [-0.792579889297, -0.824387490749, -0.856551408768, -0.873128175735, -0.876112759113, -0.840011060238],
        "median": [-0.803452730179, -0.833014428616, -0.850885629654, -0.869067549706, -0.878707885742, -0.844467401505],
        "min": [-0.986162006855, -0.991142034531, -0.989183187485, -0.942974567413, -0.961294233799, -0.949008107185],
        "skew": [0.916260063648, 0.473225653172, -0.343817323446, -0.175486281514, 0.190829589963, 0.11652969569],
        "var": [0.00496105989441, 0.0036799388472, 0.00165972020477, 0.00104273064062, 0.00109496351797, 0.00202354346402],
        "cov": [[0.00498291477561, 0.00113141874317, 0.00119293667376, 0.0014325104421, 0.00149249634705, 0.00191294460092], [0.00113141874317, 0.00369614991359, 0.00129674898926, 0.000742431555409, 0.000259691907559, 0.000574352219701], [0.00119293667376, 0.00129674898926, 0.00166703178547, 0.000829439319205, 0.000702689227182, 0.000917857396416], [0.0014325104421, 0.000742431555409, 0.000829439319205, 0.00104732415639, 0.000828979478683, 0.00108463177457], [0.00149249634705, 0.000259691907559, 0.000702689227182, 0.000828979478683, 0.00109978718683, 0.0013465663651], [0.00191294460092, 0.000574352219701, 0.000917857396416, 0.00108463177457, 0.0013465663651, 0.00203245761804]]
    },
    "scvalleys": {
        "kurt": [2.27572345734, 3.38977909088, 1.78466653824, 1.86882400513, 1.55079841614, 1.2356338501],
        "max": [-7.49443244934, -6.43515634537, -5.89270353317, -6.18143510818, -6.84175109863, -8.91748046875],
        "mean": [-10.720785141, -9.40662193298, -9.81188106537, -10.316734314, -10.2904500961, -12.1340074539],
        "median": [-10.3397960663, -8.6058588028, -9.14029884338, -9.73409843445, -10.1109876633, -11.5606031418],
        "min": [-21.4278030396, -21.9056129456, -21.6985321045, -22.7443847656, -21.9347000122, -22.3253974915],
        "skew": [-1.07628405094, -1.50896310806, -1.23465764523, -1.12518250942, -0.865417957306, -0.832893311977],
        "var": [4.32097816467, 5.26140928268, 6.22435045242, 6.28789949417, 5.79052114487, 4.51203775406],
        "cov": [[4.34001302719, 4.36424255371, 4.56459712982, 4.63575124741, 4.25548648834, 3.91165852547], [4.36424255371, 5.28458738327, 5.65218353271, 5.66890907288, 5.3354434967, 4.7349190712], [4.56459712982, 5.65218353271, 6.25177049637, 6.22093105316, 5.89421844482, 5.18265771866], [4.63575124741, 5.66890907288, 6.22093105316, 6.31559944153, 5.98614025116, 5.28232336044], [4.25548648834, 5.3354434967, 5.89421844482, 5.98614025116, 5.81603002548, 5.08560371399], [3.91165852547, 4.7349190712, 5.18265771866, 5.28232336044, 5.08560371399, 4.531914711]]
    }
},
"rhythm": {
    "beats_loudness": {
        "kurt": 0.198180913925,
        "max": 0.000681064790115,
        "mean": 0.000150652704178,
        "median": 1.82286730706e-05,
        "min": 3.30242855284e-09,
        "skew": 1.40416741371,
        "var": 6.32605079431e-08
    },
    "bpm": 150.025085449,
    "confidence": 0,
    "first_peak_bpm": {
        "kurt": 0,
        "max": 152,
        "mean": 152,
        "median": 152,
        "min": 152,
        "skew": 0,
        "var": 0
    },
    "first_peak_spread": {
        "kurt": 0,
        "max": 0.45454543829,
        "mean": 0.45454543829,
        "median": 0.45454543829,
        "min": 0.45454543829,
        "skew": 0,
        "var": 0
    },
    "first_peak_weight": {
        "kurt": 0,
        "max": 0.54545456171,
        "mean": 0.54545456171,
        "median": 0.54545456171,
        "min": 0.54545456171,
        "skew": 0,
        "var": 0
    },
    "onset_rate": 1.52371740341,
    "second_peak_bpm": {
        "kurt": 0,
        "max": 0,
        "mean": 0,
        "median": 0,
        "min": 0,
        "skew": 0,
        "var": 0
    },
    "second_peak_spread": {
        "kurt": 0,
        "max": 0,
        "mean": 0,
        "median": 0,
        "min": 0,
        "skew": 0,
        "var": 0
    },
    "second_peak_weight": {
        "kurt": 0,
        "max": 0,
        "mean": 0,
        "median": 0,
        "min": 0,
        "skew": 0,
        "var": 0
    },
    "beats_loudness_band_ratio": {
        "kurt": [-0.169182062149, -1.26441645622, -1.13414442539, -1.10767114162, -0.426938295364, -0.492601156235],
        "max": [0.15912938118, 0.262842863798, 0.843085467815, 0.181816145778, 0.283143877983, 0.521268188953],
        "mean": [0.0486732423306, 0.105881921947, 0.441828966141, 0.100566416979, 0.122290633619, 0.19741268456],
        "median": [0.0334130786359, 0.0789931565523, 0.391274005175, 0.0974775478244, 0.113217800856, 0.16763651371],
        "min": [0.00400716811419, 0.0176750142127, 0.0698572695255, 0.0336874499917, 0.0339087881148, 0.0379245653749],
        "skew": [0.900114297867, 0.487150967121, 0.278368532658, 0.503190338612, 0.907578468323, 0.914030253887],
        "var": [0.0022653315682, 0.00726587930694, 0.069710098207, 0.0026475826744, 0.00615949137136, 0.0242003370076],
        "cov": [[0.002471270971, 0.00302476040088, -0.00169983552769, -0.000776152533945, -0.00114510837011, -0.00163969770074], [0.00302476040088, 0.00792641378939, -0.00836316868663, 0.000446034333436, -0.000980104436167, -0.00170189002529], [-0.00169983552769, -0.00836316868663, 0.0760473757982, -0.00937853101641, -0.0188653618097, -0.038815330714], [-0.000776152533945, 0.000446034333436, -0.00937853101641, 0.00288827205077, 0.0026100424584, 0.00432718591765], [-0.00114510837011, -0.000980104436167, -0.0188653618097, 0.0026100424584, 0.0067194448784, 0.0117579167709], [-0.00163969770074, -0.00170189002529, -0.038815330714, 0.00432718591765, 0.0117579167709, 0.0264003686607]]
    },
    "beats_position": [0.394739210606, 0.801088392735, 1.20743763447, 1.6137868166, 2.02013611794, 2.42648530006, 2.82122445107, 3.21596360207, 3.61070299149, 4.00544214249, 4.40018129349, 4.79492044449],
    "bpm_estimates": [147.656265259, 147.656234741, 147.656265259, 147.656219482, 147.656265259, 151.99911499, 151.99911499, 151.999023438, 151.99911499, 151.99911499, 151.99911499],
    "bpm_intervals": [0.406349182129, 0.406349241734, 0.406349182129, 0.406349301338, 0.406349182129, 0.394739151001, 0.394739151001, 0.39473938942, 0.394739151001, 0.394739151001, 0.394739151001],
    "onset_times": [0.0116099771112, 0.406349211931, 0.661768734455, 0.905578255653, 1.93886625767, 2.47292518616, 2.85605430603, 3.05342411995],
    "histogram": [[0, 0, 0, 0, 0, 0, 0, 0, 0, 0, 0, 0, 0, 0, 0, 0, 0, 0, 0, 0, 0, 0, 0, 0, 0, 0, 0, 0, 0, 0, 0, 0, 0, 0, 0, 0, 0, 0, 0, 0, 0, 0, 0, 0, 0, 0, 0, 0, 0, 0, 0, 0, 0, 0, 0, 0, 0, 0, 0, 0, 0, 0, 0, 0, 0, 0, 0, 0, 0, 0, 0, 0, 0, 0, 0, 0, 0, 0, 0, 0, 0, 0, 0, 0, 0, 0, 0, 0, 0, 0, 0, 0, 0, 0, 0, 0, 0, 0, 0, 0, 0, 0, 0, 0, 0, 0, 0, 0, 0, 0, 0, 0, 0, 0, 0, 0, 0, 0, 0, 0, 0, 0, 0, 0, 0, 0, 0, 0, 0, 0, 0, 0, 0, 0, 0, 0, 0, 0, 0, 0, 0, 0, 0, 0, 0, 0, 0, 0, 0.454545468092, 0, 0, 0, 0.54545456171, 0, 0, 0, 0, 0, 0, 0, 0, 0, 0, 0, 0, 0, 0, 0, 0, 0, 0, 0, 0, 0, 0, 0, 0, 0, 0, 0, 0, 0, 0, 0, 0, 0, 0, 0, 0, 0, 0, 0, 0, 0, 0, 0, 0, 0, 0, 0, 0, 0, 0, 0, 0, 0, 0, 0, 0, 0, 0, 0, 0, 0, 0, 0, 0, 0, 0, 0, 0, 0, 0, 0, 0, 0, 0, 0, 0, 0, 0, 0, 0, 0, 0, 0, 0, 0, 0, 0, 0, 0, 0, 0, 0, 0, 0, 0, 0, 0]]
},
"sfx": {
    "inharmonicity": {
        "kurt": 2.17114543915,
        "max": 0.370560288429,
        "mean": 0.0597085319459,
        "median": 0.00775145180523,
        "min": 0,
        "skew": 1.70923054218,
        "var": 0.00774389551952
    },
    "oddtoevenharmonicenergyratio": {
        "kurt": 48.1844825745,
        "max": 21.7955532074,
        "mean": 0.80309343338,
        "median": 0.0535442605615,
        "min": 0,
        "skew": 6.13639259338,
        "var": 4.54362201691
    },
    "pitch_after_max_to_before_max_energy_ratio": 0.507196128368,
    "pitch_centroid": 89.8026809692,
    "pitch_max_to_total": 0.232456147671,
    "pitch_min_to_total": 0.394736856222,
    "tristimulus": {
        "kurt": [-1.31210136414, -0.181262493134, -0.580024242401],
        "max": [1, 0.798371911049, 0.843516230583],
        "mean": [0.51227837801, 0.225010469556, 0.26271122694],
        "median": [0.54520380497, 0.216162070632, 0.211356565356],
        "min": [0, 0, 0],
        "skew": [0.0883941054344, 0.467640936375, 0.599844992161],
        "var": [0.121068157256, 0.0303059332073, 0.0513989441097],
        "cov": [[0.121601499617, -0.050207786262, -0.0713937133551], [-0.050207786262, 0.030439440161, 0.019768346101], [-0.0713937133551, 0.019768346101, 0.0516253709793]]
    }
},
"tonal": {
    "chords_changes_rate": 0.10434782505,
    "chords_number_rate": 0.0521739125252,
    "chords_strength": {
        "kurt": 0.445711135864,
        "max": 0.477508962154,
        "mean": 0.33090159297,
        "median": 0.317244321108,
        "min": 0.269956976175,
        "skew": 0.960863232613,
        "var": 0.00214981846511
    },
    "key_strength": 0.461784869432,
    "tuning_diatonic_strength": 0.332313269377,
    "tuning_equal_tempered_deviation": 0.302959948778,
    "tuning_frequency": 454.727905273,
    "tuning_nontempered_energy_ratio": 0.952280521393,
    "hpcp": {
        "kurt": [-0.642176389694, -0.407407522202, 0.537842512131, -0.0606257915497, -0.0377955436707, 0.917325735092, -0.588428497314, -0.755535364151, -0.13409781456, 0.749501466751, 0.324890613556, -0.0928328037262, 0.694727897644, -1.12794744968, -1.43112397194, 0.913566350937, 0.904875040054, 0.632722854614, 3.28565645218, -1.0547670126, -0.376661300659, 3.78865623474, 3.78845357895, 2.85967969894, 1.83828163147, 1.57303476334, 0.690671443939, 0.192240476608, 0.232419967651, 1.36776399612, 2.93801212311, 1.64547252655, 1.04560613632, 0.605845212936, 0.593908309937, -0.171391248703],
        "max": [1, 1, 1, 1, 1, 0.952650904655, 1, 1, 1, 1, 1, 1, 1, 1, 1, 1, 0.880072832108, 0.674112319946, 0.980436742306, 1, 1, 1, 1, 0.914169371128, 1, 1, 1, 1, 1, 0.946875095367, 1, 0.767796874046, 0.961227536201, 1, 1, 1],
        "mean": [0.316885411739, 0.317624628544, 0.259597539902, 0.250511080027, 0.247785434127, 0.229851484299, 0.346872597933, 0.492618203163, 0.392602682114, 0.258158177137, 0.257456481457, 0.250298410654, 0.236547514796, 0.466629654169, 0.581666648388, 0.335206001997, 0.182022288442, 0.14630395174, 0.228967785835, 0.396830826998, 0.32788425684, 0.177371144295, 0.158742874861, 0.171032577753, 0.202989459038, 0.211219221354, 0.214255809784, 0.255283236504, 0.250130355358, 0.19358292222, 0.158891677856, 0.157046914101, 0.191889062524, 0.221163824201, 0.226880922914, 0.251337140799],
