{
"metadata": {
    "version": {
        "essentia": "2.1-beta3"
    }
},
"lowLevel": {
    "average_loudness": 0.423183470964,
    "barkbands_kurtosis": {
        "kurt": 25.0128479004,
        "max": 83.0102233887,
        "mean": 4.49995708466,
        "median": 2.14515662193,
        "min": -1.74592483044,
        "skew": 4.44742965698,
        "var": 69.1800460815
    },
    "barkbands_skewness": {
        "kurt": 6.72977638245,
        "max": 8.80404758453,
        "mean": 2.04605293274,
        "median": 1.83991849422,
        "min": -1.83936738968,
        "skew": 1.81902635098,
        "var": 1.28872251511
    },
    "barkbands_spread": {
        "kurt": -0.0371487140656,
        "max": 64.2329101562,
        "mean": 25.9535045624,
        "median": 26.104265213,
        "min": 2.73139190674,
        "skew": 0.156016901135,
        "var": 97.7039337158
    },
    "dissonance": {
        "kurt": 147.226425171,
        "max": 0.499125868082,
        "mean": 0.478502362967,
        "median": 0.481298744678,
        "min": 0.156573668122,
        "skew": -7.99234580994,
        "var": 0.000255821534665
    },
    "hfc": {
        "kurt": 6.6196346283,
        "max": 1.15395283699,
        "mean": 0.102423690259,
        "median": 0.0258392971009,
        "min": 3.69716781279e-06,
        "skew": 2.54130554199,
        "var": 0.028025701642
    },
    "pitch": {
        "kurt": -1.93198692799,
        "max": 4259.99658203,
        "mean": 1729.73181152,
        "median": 193.151687622,
        "min": 60.7727508545,
        "skew": 0.216203585267,
        "var": 3027331.5
    },
    "pitch_instantaneous_confidence": {
        "kurt": 0.264049291611,
        "max": 0.672169685364,
        "mean": 0.29356366396,
        "median": 0.288613021374,
        "min": 0.119288086891,
        "skew": 0.540468335152,
        "var": 0.00642054481432
    },
    "pitch_salience": {
        "kurt": 1.94186258316,
        "max": 0.922063887119,
        "mean": 0.578830003738,
        "median": 0.608223319054,
        "min": 0.0840332880616,
        "skew": -1.33903074265,
        "var": 0.0164814908057
    },
    "silence_rate_20dB": {
        "kurt": 0,
        "max": 1,
        "mean": 1,
        "median": 1,
        "min": 1,
        "skew": 0,
        "var": 0
    },
    "silence_rate_30dB": {
        "kurt": 0,
        "max": 1,
        "mean": 1,
        "median": 1,
        "min": 1,
        "skew": 0,
        "var": 0
    },
    "silence_rate_60dB": {
        "kurt": 0,
        "max": 1,
        "mean": 1,
        "median": 1,
        "min": 1,
        "skew": 0,
        "var": 0
    },
    "spectral_centroid": {
        "kurt": 17.8958568573,
        "max": 3091.10571289,
        "mean": 606.32043457,
        "median": 568.391723633,
        "min": 99.8395767212,
        "skew": 3.100284338,
        "var": 99628.8515625
    },
    "spectral_complexity": {
        "kurt": 4.2103228569,
        "max": 4,
        "mean": 0.398916959763,
        "median": 0,
        "min": 0,
        "skew": 1.97289645672,
        "var": 0.496101409197
    },
    "spectral_crest": {
        "kurt": 1.09568119049,
        "max": 25.6834163666,
        "mean": 10.7472238541,
        "median": 9.66746520996,
        "min": 2.74969530106,
        "skew": 1.17896068096,
        "var": 22.4510879517
    },
    "spectral_decrease": {
        "kurt": 10.4449253082,
        "max": -4.47938180502e-16,
        "mean": -6.48463227559e-11,
        "median": -1.18026838303e-11,
        "min": -7.8264111858e-10,
        "skew": -3.15075159073,
        "var": 1.68455057097e-20
    },
    "spectral_energy": {
        "kurt": 10.0251178741,
        "max": 0.00298676732928,
        "mean": 0.000254035141552,
        "median": 4.76738860016e-05,
        "min": 2.02596917021e-09,
        "skew": 3.09098172188,
        "var": 2.50809080171e-07
    },
    "spectral_energyband_high": {
        "kurt": 10.0834293365,
        "max": 6.20514911134e-05,
        "mean": 4.26121823693e-06,
        "median": 9.4779727533e-07,
        "min": 1.72821840172e-10,
        "skew": 2.92061686516,
        "var": 5.61425350654e-11
    },
    "spectral_energyband_low": {
        "kurt": 15.1361446381,
        "max": 0.00291252671741,
        "mean": 0.000180214628926,
        "median": 2.20942347369e-05,
        "min": 1.41716680058e-10,
        "skew": 3.74589633942,
        "var": 1.85657626162e-07
    },
    "spectral_energyband_middle_high": {
        "kurt": 8.32015132904,
        "max": 0.000242647438427,
        "mean": 2.28515636991e-05,
        "median": 5.9206286096e-06,
        "min": 1.14363318815e-09,
        "skew": 2.88194417953,
        "var": 1.573027264e-09
    },
    "spectral_energyband_middle_low": {
        "kurt": 65.3828582764,
        "max": 0.00188319955487,
        "mean": 6.41857768642e-05,
        "median": 2.17124033952e-05,
        "min": 6.38782859941e-10,
        "skew": 7.1060552597,
        "var": 2.09613748581e-08
    },
    "spectral_flatness_db": {
        "kurt": 3.31668901443,
        "max": 0.320395648479,
        "mean": 0.162716880441,
        "median": 0.155581116676,
        "min": 0.0594651550055,
        "skew": 1.50616121292,
        "var": 0.00133686047047
    },
    "spectral_flux": {
        "kurt": 4.69468784332,
        "max": 0.0290435180068,
        "mean": 0.005622880999,
        "median": 0.00394689012319,
        "min": 0.00126838509459,
        "skew": 2.06302475929,
        "var": 1.9549179342e-05
    },
    "spectral_kurtosis": {
        "kurt": 6.72080516815,
        "max": 11.6429920197,
        "mean": 3.96825289726,
        "median": 3.81443309784,
        "min": 1.84447622299,
        "skew": 1.54557192326,
        "var": 0.947301089764
    },
    "spectral_rms": {
        "kurt": 3.23840618134,
        "max": 0.00170702056494,
        "mean": 0.00036577010178,
        "median": 0.000215664345887,
        "min": 1.40590009323e-06,
        "skew": 1.94398128986,
        "var": 1.14051267985e-07
    },
    "spectral_rolloff": {
        "kurt": 0.0452311038971,
        "max": 4478.90625,
        "mean": 1166.50268555,
        "median": 925.927734375,
        "min": 86.1328125,
        "skew": 1.03991293907,
        "var": 979349.125
    },
    "spectral_skewness": {
        "kurt": 3.0878276825,
        "max": 2.84702920914,
        "mean": 1.57883369923,
        "median": 1.56086683273,
        "min": 1.03475618362,
        "skew": 0.883926689625,
        "var": 0.0359536297619
    },
    "spectral_spread": {
        "kurt": 403.730163574,
        "max": 19186500,
        "mean": 4929599,
        "median": 4923308,
        "min": 3675006.75,
        "skew": 16.1294574738,
        "var": 304881762304
    },
    "spectral_strongpeak": {
        "kurt": 14.765127182,
        "max": 0.428307682276,
        "mean": 0.0322460979223,
        "median": 0.0183968916535,
        "min": 0,
        "skew": 2.88209629059,
        "var": 0.0014337656321
    },
    "zerocrossingrate": {
        "kurt": 4.65453243256,
        "max": 0.15234375,
        "mean": 0.0505393110216,
        "median": 0.05078125,
        "min": 0.0048828125,
        "skew": 0.832216858864,
        "var": 0.000326231005602
    },
    "barkbands": {
        "kurt": [36.6662483215, 18.352060318, 13.0175361633, 80.2923355103, 86.6833496094, 133.849578857, 70.3184356689, 108.613059998, 120.633010864, 79.5258255005, 33.1889190674, 39.8326339722, 48.7649345398, 35.7318458557, 21.2603607178, 14.6156921387, 12.1852560043, 13.901424408, 15.24451828, 14.7271728516, 10.8494062424, 8.98965072632, 7.11358737946, 32.2019805908, 19.5438804626, 149.500137329, 195.326202393],
        "max": [3.96225441364e-05, 0.00278369290754, 0.000403848243877, 0.00121344765648, 0.000480689050164, 0.000180453294888, 7.02007091604e-05, 5.62691529922e-05, 0.000333233561832, 0.000137811060995, 8.13604492578e-05, 3.00159463222e-05, 2.09486843232e-05, 1.53126256919e-05, 1.79823273356e-05, 2.51874553214e-05, 4.28142157034e-05, 5.49284195586e-05, 6.35619435343e-05, 5.94727243879e-05, 3.23535277857e-05, 5.09291021444e-06, 1.28121519083e-06, 8.14504517166e-07, 3.76068555852e-07, 4.50936923357e-08, 8.9172441653e-10],
        "mean": [2.19636194743e-06, 0.000134314817842, 2.6954248824e-05, 3.61662969226e-05, 1.26239965539e-05, 3.86343390346e-06, 1.77744027496e-06, 1.29832756102e-06, 6.53222605251e-06, 3.26396002492e-06, 3.34580772687e-06, 1.04372497844e-06, 6.48926118174e-07, 5.20563105511e-07, 8.13834333258e-07, 1.6074496898e-06, 2.94330948236e-06, 3.58427973879e-06, 4.27591521657e-06, 3.81192012355e-06, 1.89732497802e-06, 3.83206639754e-07, 1.15823418412e-07, 3.23008286784e-08, 1.88633269005e-08, 1.00886243803e-09, 1.49879188921e-11],
        "median": [1.34247432015e-06, 5.41814961252e-06, 5.79060315431e-06, 1.22127767099e-05, 4.57172518509e-06, 9.78764660431e-07, 4.73028620718e-07, 4.53151869806e-07, 7.41803262372e-07, 5.63857724956e-07, 1.09717575469e-06, 2.70456467888e-07, 1.2491929624e-07, 8.09596087947e-08, 1.42495537148e-07, 2.97631402191e-07, 6.22310210474e-07, 1.08732001536e-06, 1.35407663038e-06, 1.10137580123e-06, 3.48772204006e-07, 8.24782091513e-08, 2.73019225006e-08, 7.05950231605e-09, 4.23422186202e-09, 1.81359482987e-10, 2.65751244795e-12],
        "min": [2.43072033855e-12, 3.85827030047e-11, 6.18828321919e-11, 8.1353319914e-11, 1.80860826315e-10, 8.70990710111e-11, 5.09097278223e-11, 4.50828610554e-11, 1.47782161508e-10, 1.18283743911e-10, 1.93426472755e-11, 1.47555551111e-10, 9.47808845297e-11, 5.6510643387e-11, 1.66180246647e-11, 6.13773198932e-11, 1.87787688177e-10, 2.06244035739e-10, 2.03000879995e-10, 1.6742397746e-10, 2.25734205633e-11, 1.61725199205e-11, 9.00467905535e-13, 2.34221561417e-12, 2.74250565833e-12, 2.72557215512e-12, 2.36830574683e-13],
        "skew": [4.58605718613, 4.1645359993, 3.3376493454, 8.08306407928, 8.34491443634, 9.72071170807, 6.86591720581, 8.87331962585, 8.88087940216, 7.42650413513, 4.88500261307, 5.11023521423, 5.71283864975, 5.1237950325, 4.14768838882, 3.5605635643, 3.28612399101, 3.39170646667, 3.48927164078, 3.39676451683, 2.9783821106, 2.88186907768, 2.70219540596, 4.45833539963, 3.60690450668, 9.98137760162, 10.6553535461],
        "var": [8.33098780934e-12, 1.58547706519e-07, 2.71034084065e-09, 8.67257909931e-09, 1.14298170928e-09, 1.05740603773e-10, 1.95294804634e-11, 1.10614694487e-11, 3.58800544831e-10, 8.19633388938e-11, 4.43151938756e-11, 4.86295465701e-12, 2.31507001069e-12, 1.63683584915e-12, 3.23588378315e-12, 1.09166911622e-11, 3.31883860671e-11, 4.04373548535e-11, 5.43383948948e-11, 4.38647417e-11, 1.27384812768e-11, 4.99634242399e-13, 4.30700803798e-14, 3.91384617586e-15, 1.24047837483e-15, 6.59695563665e-18, 1.67741928858e-21],
        "cov": [[8.33851303977e-12, 1.87840659693e-10, 1.26137919554e-11, -1.59278666645e-11, -4.57732636516e-12, -1.64513834413e-12, -7.10899817746e-13, -3.93693595519e-13, -3.85551660043e-12, -2.04807872051e-12, -7.85619887287e-13, -4.3284275361e-13, -3.07972045218e-13, -2.4864439392e-13, -2.05721968323e-13, -4.39689381909e-13, -1.10054446025e-12, -9.52593472853e-13, -8.19718587713e-13, -7.96870599021e-13, -3.95177055142e-13, -2.20887236047e-14, -2.36357022279e-14, -2.28123315695e-15, -4.91104451214e-15, -1.91148628188e-16, -1.03571665001e-17], [1.87840659693e-10, 1.58690937724e-07, 8.08514499795e-09, 3.84076237481e-09, 2.04029992901e-09, 1.05853936727e-09, 5.65310243061e-10, 2.85066137362e-10, 1.77083936403e-09, 7.66082142167e-10, 6.23732676619e-10, 2.89331170134e-10, 1.40250269731e-10, 1.50198825599e-10, 2.21386964316e-10, 4.45763842505e-10, 6.59370003042e-10, 7.26504856274e-10, 9.33255805968e-10, 6.91676771414e-10, 4.19436180232e-10, 9.10182346159e-11, 2.46928848896e-11, 5.65874257175e-12, 3.83159996786e-12, 1.77676910728e-13, 3.36084737548e-15], [1.26137919554e-11, 8.08514499795e-09, 2.71278910446e-09, 1.65332325608e-09, 8.77652506226e-10, 2.1779000825e-10, 1.26261168187e-10, 8.78928943515e-11, 5.6309401586e-10, 2.71838662691e-10, 2.00050698229e-10, 6.89054091563e-11, 4.1966090325e-11, 3.79026567077e-11, 5.30603443127e-11, 1.03487954317e-10, 1.80705936326e-10, 1.96137037167e-10, 2.37518948953e-10, 2.0411292101e-10, 1.04573412429e-10, 2.367688684e-11, 6.37405709811e-12, 1.71780048953e-12, 1.01144223205e-12, 4.86286256759e-14, 8.62272234646e-16], [-1.59278666645e-11, 3.84076237481e-09, 1.65332325608e-09, 8.68041372115e-09, 2.2795474397e-09, 6.43135156242e-10, 1.68977595805e-10, 1.17619233797e-10, 7.66304630861e-10, 3.19295812012e-10, 2.14807657772e-10, 8.35082211714e-11, 7.20295281753e-11, 5.55051594964e-11, 6.36069599769e-11, 1.36803096629e-10, 2.50521964285e-10, 2.46717757335e-10, 2.30258589973e-10, 2.32650815279e-10, 1.47306722376e-10, 2.51834803011e-11, 9.14223991649e-12, 1.85128756942e-12, 1.29592896744e-12, 5.63042146272e-14, 1.14014192239e-15], [-4.57732636516e-12, 2.04029992901e-09, 8.77652506226e-10, 2.2795474397e-09, 1.14401421669e-09, 1.74470798919e-10, 8.06113578666e-11, 6.22681350926e-11, 3.51664031228e-10, 1.58832016983e-10, 1.20372087298e-10, 3.67982380678e-11, 2.80631837213e-11, 2.35115711622e-11, 3.12251301204e-11, 5.97334404162e-11, 1.1747700035e-10, 1.13772075094e-10, 1.23035442945e-10, 1.10650544283e-10, 6.08969957794e-11, 1.29059419401e-11, 3.94171414259e-12, 9.11238315707e-13, 6.13756766764e-13, 2.7454714595e-14, 5.14077954095e-16], [-1.64513834413e-12, 1.05853936727e-09, 2.1779000825e-10, 6.43135156242e-10, 1.74470798919e-10, 1.05836124586e-10, 2.19591532458e-11, 1.47443550425e-11, 8.32372989978e-11, 3.55479291836e-11, 3.05984369786e-11, 1.06035544928e-11, 8.78379140257e-12, 8.30714143307e-12, 8.78751932332e-12, 1.66628863485e-11, 3.07032871349e-11, 3.39760719559e-11, 3.52842199902e-11, 3.13234022054e-11, 1.82513362063e-11, 3.47872360258e-12, 1.17215753163e-12, 2.47653026558e-13, 1.64936844022e-13, 7.77399046287e-15, 1.6779010648e-16], [-7.10899817746e-13, 5.65310243061e-10, 1.26261168187e-10, 1.68977595805e-10, 8.06113578666e-11, 2.19591532458e-11, 1.95471226011e-11, 9.29903636732e-12, 4.53559759195e-11, 2.33495670715e-11, 1.75554154547e-11, 6.9649906502e-12, 4.13952899736e-12, 4.64643904949e-12, 5.63531816697e-12, 9.72619294132e-12, 1.52913376406e-11, 1.62544890742e-11, 1.84036431927e-11, 1.5361389244e-11, 8.61776709021e-12, 1.73675863187e-12, 5.36923099297e-13, 1.21253864154e-13, 7.96924036635e-14, 3.83841831543e-15, 7.57617767062e-17], [-3.93693595519e-13, 2.85066137362e-10, 8.78928943515e-11, 1.17619233797e-10, 6.22681350926e-11, 1.47443550425e-11, 9.29903636732e-12, 1.1071461456e-11, 4.45510087155e-11, 2.14774309448e-11, 1.10989802418e-11, 4.37600867001e-12, 3.14192942497e-12, 2.96330950229e-12, 3.62718232186e-12, 6.38283609994e-12, 1.17495284335e-11, 1.36471606585e-11, 1.50419988965e-11, 1.37150872256e-11, 7.01029425482e-12, 1.41215728347e-12, 4.29473215888e-13, 1.0343857254e-13, 6.44225544764e-14, 3.29259409586e-15, 5.61168658153e-17], [-3.85551660043e-12, 1.77083936403e-09, 5.6309401586e-10, 7.66304630861e-10, 3.51664031228e-10, 8.32372989978e-11, 4.53559759195e-11, 4.45510087155e-11, 3.59124646687e-10, 1.23213966807e-10, 6.94186860772e-11, 2.34534995591e-11, 1.4561634884e-11, 1.51139725735e-11, 2.01494584906e-11, 3.63668435643e-11, 6.51908457772e-11, 8.27275192794e-11, 8.87629622581e-11, 7.77174366529e-11, 4.09693216852e-11, 8.93976559446e-12, 2.47094814228e-12, 6.10763121935e-13, 3.81810604183e-13, 1.78274871943e-14, 3.03857823234e-16], [-2.04807872051e-12, 7.66082142167e-10, 2.71838662691e-10, 3.19295812012e-10, 1.58832016983e-10, 3.55479291836e-11, 2.33495670715e-11, 2.14774309448e-11, 1.23213966807e-10, 8.20373768917e-11, 3.43423900429e-11, 1.23857504114e-11, 7.80429366964e-12, 7.72999979998e-12, 9.63240598395e-12, 1.89328639572e-11, 3.27589171067e-11, 3.84291418132e-11, 4.40179143135e-11, 3.67952682212e-11, 1.91800880733e-11, 4.09626846332e-12, 1.21324022877e-12, 2.90954082658e-13, 1.90923177875e-13, 8.96549731021e-15, 1.63782528909e-16], [-7.85619887287e-13, 6.23732676619e-10, 2.00050698229e-10, 2.14807657772e-10, 1.20372087298e-10, 3.05984369786e-11, 1.75554154547e-11, 1.10989802418e-11, 6.94186860772e-11, 3.43423900429e-11, 4.43552243545e-11, 9.76880902559e-12, 6.61679868882e-12, 6.11114414281e-12, 8.85045248894e-12, 1.56988172462e-11, 2.82342014352e-11, 3.38021728663e-11, 3.63802009351e-11, 3.1971394282e-11, 1.71448445718e-11, 3.6364633093e-12, 1.06254599303e-12, 2.70884226508e-13, 1.77106227362e-13, 8.64000541847e-15, 1.22139954002e-16], [-4.3284275361e-13, 2.89331170134e-10, 6.89054091563e-11, 8.35082211714e-11, 3.67982380678e-11, 1.06035544928e-11, 6.9649906502e-12, 4.37600867001e-12, 2.34534995591e-11, 1.23857504114e-11, 9.76880902559e-12, 4.86734784422e-12, 2.56268725858e-12, 2.19468236987e-12, 3.00992087157e-12, 5.79307738932e-12, 9.15991067718e-12, 1.00120432778e-11, 1.20871966949e-11, 1.0846963952e-11, 5.93200662202e-12, 1.13881929061e-12, 3.45228430261e-13, 9.82836045622e-14, 5.96474841632e-14, 3.69729076795e-15, 4.22266636809e-17], [-3.07972045218e-13, 1.40250269731e-10, 4.1966090325e-11, 7.20295281753e-11, 2.80631837213e-11, 8.78379140257e-12, 4.13952899736e-12, 3.14192942497e-12, 1.4561634884e-11, 7.80429366964e-12, 6.61679868882e-12, 2.56268725858e-12, 2.31716121984e-12, 1.41985696204e-12, 1.88856981269e-12, 3.61993009353e-12, 6.27752147139e-12, 6.69305496442e-12, 7.76189269108e-12, 7.51299369939e-12, 4.33519062662e-12, 7.85422237231e-13, 2.50420425498e-13, 6.94300641827e-14, 4.32980914848e-14, 2.77743776295e-15, 2.8287422971e-17], [-2.4864439392e-13, 1.50198825599e-10, 3.79026567077e-11, 5.55051594964e-11, 2.35115711622e-11, 8.30714143307e-12, 4.64643904949e-12, 2.96330950229e-12, 1.51139725735e-11, 7.72999979998e-12, 6.11114414281e-12, 2.19468236987e-12, 1.41985696204e-12, 1.63831448408e-12, 1.8065974064e-12, 3.36800075676e-12, 5.34993707321e-12, 6.16215498767e-12, 6.89360764652e-12, 6.10596599324e-12, 3.30312795345e-12, 6.69960723183e-13, 2.0300062087e-13, 5.03372944184e-14, 3.18255452103e-14, 1.68676140001e-15, 2.70421091762e-17], [-2.05721968323e-13, 2.21386964316e-10, 5.30603443127e-11, 6.36069599769e-11, 3.12251301204e-11, 8.78751932332e-12, 5.63531816697e-12, 3.62718232186e-12, 2.01494584906e-11, 9.63240598395e-12, 8.85045248894e-12, 3.00992087157e-12, 1.88856981269e-12, 1.8065974064e-12, 3.23880700905e-12, 5.21073939205e-12, 8.36007565258e-12, 9.31018023093e-12, 1.05721846208e-11, 8.83908224392e-12, 4.96407732628e-12, 1.00084285477e-12, 2.967691468e-13, 7.55177645135e-14, 4.84485939052e-14, 2.39623270262e-15, 3.95861344208e-17], [-4.39689381909e-13, 4.45763842505e-10, 1.03487954317e-10, 1.36803096629e-10, 5.97334404162e-11, 1.66628863485e-11, 9.72619294132e-12, 6.38283609994e-12, 3.63668435643e-11, 1.89328639572e-11, 1.56988172462e-11, 5.79307738932e-12, 3.61993009353e-12, 3.36800075676e-12, 5.21073939205e-12, 1.09265521978e-11, 1.60417651385e-11, 1.72008622623e-11, 2.00561737357e-11, 1.70497973379e-11, 9.66011558939e-12, 1.93438451021e-12, 5.67922390973e-13, 1.48010469441e-13, 9.38177419324e-14, 4.80380887047e-15, 7.6902385979e-17], [-1.10054446025e-12, 6.59370003042e-10, 1.80705936326e-10, 2.50521964285e-10, 1.1747700035e-10, 3.07032871349e-11, 1.52913376406e-11, 1.17495284335e-11, 6.51908457772e-11, 3.27589171067e-11, 2.82342014352e-11, 9.15991067718e-12, 6.27752147139e-12, 5.34993707321e-12, 8.36007565258e-12, 1.60417651385e-11, 3.32183655583e-11, 3.10395355252e-11, 3.63843781492e-11, 3.08260361681e-11, 1.74843282214e-11, 3.47957665285e-12, 1.03335330744e-12, 2.66008731969e-13, 1.68364074852e-13, 8.55863181026e-15, 1.32455465341e-16], [-9.52593472853e-13, 7.26504856274e-10, 1.96137037167e-10, 2.46717757335e-10, 1.13772075094e-10, 3.39760719559e-11, 1.62544890742e-11, 1.36471606585e-11, 8.27275192794e-11, 3.84291418132e-11, 3.38021728663e-11, 1.00120432778e-11, 6.69305496442e-12, 6.16215498767e-12, 9.31018023093e-12, 1.72008622623e-11, 3.10395355252e-11, 4.04738846604e-11, 3.96773898459e-11, 3.40702813184e-11, 1.89744869122e-11, 3.85445451598e-12, 1.12540261398e-12, 2.92309199849e-13, 1.85138335869e-13, 9.41272054197e-15, 1.44922215373e-16], [-8.19718587713e-13, 9.33255805968e-10, 2.37518948953e-10, 2.30258589973e-10, 1.23035442945e-10, 3.52842199902e-11, 1.84036431927e-11, 1.50419988965e-11, 8.87629622581e-11, 4.40179143135e-11, 3.63802009351e-11, 1.20871966949e-11, 7.76189269108e-12, 6.89360764652e-12, 1.05721846208e-11, 2.00561737357e-11, 3.63843781492e-11, 3.96773898459e-11, 5.43874840997e-11, 4.16483098009e-11, 2.22822749835e-11, 4.6403159093e-12, 1.34699282978e-12, 3.56986738347e-13, 2.20690192466e-13, 1.17350578785e-14, 1.69442257479e-16], [-7.96870599021e-13, 6.91676771414e-10, 2.0411292101e-10, 2.32650815279e-10, 1.10650544283e-10, 3.13234022054e-11, 1.5361389244e-11, 1.37150872256e-11, 7.77174366529e-11, 3.67952682212e-11, 3.1971394282e-11, 1.0846963952e-11, 7.51299369939e-12, 6.10596599324e-12, 8.83908224392e-12, 1.70497973379e-11, 3.08260361681e-11, 3.40702813184e-11, 4.16483098009e-11, 4.39043662537e-11, 2.11951341894e-11, 4.19064869611e-12, 1.22690334455e-12, 3.66711923414e-13, 2.09567741849e-13, 1.31269591686e-14, 1.38501335056e-16], [-3.95177055142e-13, 4.19436180232e-10, 1.04573412429e-10, 1.47306722376e-10, 6.08969957794e-11, 1.82513362063e-11, 8.61776709021e-12, 7.01029425482e-12, 4.09693216852e-11, 1.91800880733e-11, 1.71448445718e-11, 5.93200662202e-12, 4.33519062662e-12, 3.30312795345e-12, 4.96407732628e-12, 9.66011558939e-12, 1.74843282214e-11, 1.89744869122e-11, 2.22822749835e-11, 2.11951341894e-11, 1.27499885649e-11, 2.24989710022e-12, 6.78732027179e-13, 1.97611932785e-13, 1.16582362254e-13, 7.31320962176e-15, 8.22544761528e-17], [-2.20887236047e-14, 9.10182346159e-11, 2.367688684e-11, 2.51834803011e-11, 1.29059419401e-11, 3.47872360258e-12, 1.73675863187e-12, 1.41215728347e-12, 8.93976559446e-12, 4.09626846332e-12, 3.6364633093e-12, 1.13881929061e-12, 7.85422237231e-13, 6.69960723183e-13, 1.00084285477e-12, 1.93438451021e-12, 3.47957665285e-12, 3.85445451598e-12, 4.6403159093e-12, 4.19064869611e-12, 2.24989710022e-12, 5.00085595764e-13, 1.34673644307e-13, 3.85310612084e-14, 2.22312436743e-14, 1.26083977633e-15, 1.58876712602e-17], [-2.36357022279e-14, 2.46928848896e-11, 6.37405709811e-12, 9.14223991649e-12, 3.94171414259e-12, 1.17215753163e-12, 5.36923099297e-13, 4.29473215888e-13, 2.47094814228e-12, 1.21324022877e-12, 1.06254599303e-12, 3.45228430261e-13, 2.50420425498e-13, 2.0300062087e-13, 2.967691468e-13, 5.67922390973e-13, 1.03335330744e-12, 1.12540261398e-12, 1.34699282978e-12, 1.22690334455e-12, 6.78732027179e-13, 1.34673644307e-13, 4.31089862971e-14, 1.11155557686e-14, 6.80503178154e-15, 3.97900820874e-16, 4.83673928138e-18], [-2.28123315695e-15, 5.65874257175e-12, 1.71780048953e-12, 1.85128756942e-12, 9.11238315707e-13, 2.47653026558e-13, 1.21253864154e-13, 1.0343857254e-13, 6.10763121935e-13, 2.90954082658e-13, 2.70884226508e-13, 9.82836045622e-14, 6.94300641827e-14, 5.03372944184e-14, 7.55177645135e-14, 1.48010469441e-13, 2.66008731969e-13, 2.92309199849e-13, 3.56986738347e-13, 3.66711923414e-13, 1.97611932785e-13, 3.85310612084e-14, 1.11155557686e-14, 3.91738169138e-15, 2.01086489887e-15, 1.43375599386e-16, 1.24512230244e-18], [-4.91104451214e-15, 3.83159996786e-12, 1.01144223205e-12, 1.29592896744e-12, 6.13756766764e-13, 1.64936844022e-13, 7.96924036635e-14, 6.44225544764e-14, 3.81810604183e-13, 1.90923177875e-13, 1.77106227362e-13, 5.96474841632e-14, 4.32980914848e-14, 3.18255452103e-14, 4.84485939052e-14, 9.38177419324e-14, 1.68364074852e-13, 1.85138335869e-13, 2.20690192466e-13, 2.09567741849e-13, 1.16582362254e-13, 2.22312436743e-14, 6.80503178154e-15, 2.01086489887e-15, 1.24159889354e-15, 7.81998088436e-17, 7.92970697165e-19], [-1.91148628188e-16, 1.77676910728e-13, 4.86286256759e-14, 5.63042146272e-14, 2.7454714595e-14, 7.77399046287e-15, 3.83841831543e-15, 3.29259409586e-15, 1.78274871943e-14, 8.96549731021e-15, 8.64000541847e-15, 3.69729076795e-15, 2.77743776295e-15, 1.68676140001e-15, 2.39623270262e-15, 4.80380887047e-15, 8.55863181026e-15, 9.41272054197e-15, 1.17350578785e-14, 1.31269591686e-14, 7.31320962176e-15, 1.26083977633e-15, 3.97900820874e-16, 1.43375599386e-16, 7.81998088436e-17, 6.60291505937e-18, 4.22463692427e-20], [-1.03571665001e-17, 3.36084737548e-15, 8.62272234646e-16, 1.14014192239e-15, 5.14077954095e-16, 1.6779010648e-16, 7.57617767062e-17, 5.61168658153e-17, 3.03857823234e-16, 1.63782528909e-16, 1.22139954002e-16, 4.22266636809e-17, 2.8287422971e-17, 2.70421091762e-17, 3.95861344208e-17, 7.6902385979e-17, 1.32455465341e-16, 1.44922215373e-16, 1.69442257479e-16, 1.38501335056e-16, 8.22544761528e-17, 1.58876712602e-17, 4.83673928138e-18, 1.24512230244e-18, 7.92970697165e-19, 4.22463692427e-20, 1.67893450736e-21]]
    },
    "mfcc": {
        "kurt": [-0.124097108841, 1.87590932846, 1.16228246689, 0.575723171234, 1.72016716003, -0.0420067310333, 0.662479877472, 0.36191868782, -0.265353441238, -0.0179953575134, -0.198620319366, 0.0808081626892, 0.172302007675],
        "max": [-776.799926758, 160.906311035, 35.5873451233, 86.3482055664, 24.6998939514, 18.9595870972, 42.6229019165, 37.3334503174, 33.473651886, 17.271188736, 14.7945289612, 14.7589492798, 18.5635299683],
        "mean": [-941.005187988, 108.349380493, 0.69513630867, 55.1181182861, 3.92551469803, -7.96021318436, 23.793586731, 14.899597168, 7.18765640259, -1.62480437756, -10.6097736359, -4.50625514984, -0.994828999043],
        "median": [-962.961425781, 104.963066101, 4.41717529297, 54.1045570374, 4.72678947449, -10.0936164856, 24.1195793152, 14.8071193695, 5.92305755615, -1.95621871948, -11.0867919922, -4.68422317505, -1.05184936523],
        "min": [-1138.42004395, 1.14440917969e-05, -66.9245452881, 8.01086425781e-05, -37.4542236328, -30.1018180847, -1.3716468811, -11.1539115906, -13.1611862183, -19.6963615417, -31.1389522552, -23.1555786133, -16.4120903015],
        "skew": [0.933636784554, 0.171608030796, -1.00021231174, 0.353765904903, -0.814709961414, 0.767957627773, -0.332985043526, 0.0361506640911, 0.466318100691, 0.194100797176, 0.345929533243, 0.176229521632, 0.16116322577],
        "var": [3602.98999023, 257.120819092, 241.459472656, 104.68637085, 59.8596496582, 84.9297409058, 34.0592651367, 38.3190536499, 73.5747451782, 35.3348655701, 59.9957351685, 30.7607593536, 29.9491653442],
        "cov": [[3606.24487305, 720.671325684, -766.330688477, 443.489929199, -267.111419678, 421.011535645, -91.9050064087, 107.405723572, 362.480865479, 119.311935425, 266.311248779, 67.953742981, 15.2973022461], [720.671325684, 257.353088379, -89.8985671997, 102.748565674, -29.0230960846, 78.3247909546, -7.48751354218, 31.5333003998, 85.737411499, 33.1238975525, 63.4103927612, 10.3385572433, 0.215126395226], [-766.330688477, -89.8985671997, 241.677597046, -70.6414108276, 65.3058319092, -87.8176574707, 22.435552597, -11.0089092255, -70.7008209229, -16.7384414673, -51.1901359558, -17.1504192352, -3.71656918526], [443.489929199, 102.748565674, -70.6414108276, 104.780937195, -8.49225330353, 60.1152381897, -2.47676491737, 20.2899837494, 56.5265846252, 20.064748764, 41.8399734497, 13.7604732513, 5.95821666718], [-267.111419678, -29.0230960846, 65.3058319092, -8.49225330353, 59.9137229919, -16.8800258636, 12.5347557068, -0.183666139841, -17.0494709015, -2.54768681526, -8.78067302704, 0.329603254795, 2.34783315659], [421.011535645, 78.3247909546, -87.8176574707, 60.1152381897, -16.8800258636, 85.0064620972, 3.17195367813, 18.1665019989, 51.2884788513, 18.8586063385, 41.1912994385, 16.9284992218, 11.1018924713], [-91.9050064087, -7.48751354218, 22.435552597, -2.47676491737, 12.5347557068, 3.17195367813, 34.0900306702, 11.5116300583, -2.23670911789, 2.23904156685, -1.59593188763, 3.87615394592, 5.29175806046], [107.405723572, 31.5333003998, -11.0089092255, 20.2899837494, -0.183666139841, 18.1665019989, 11.5116300583, 38.3536682129, 31.6599445343, 12.933216095, 19.3324680328, 6.96034145355, 7.7420258522], [362.480865479, 85.737411499, -70.7008209229, 56.5265846252, -17.0494709015, 51.2884788513, -2.23670911789, 31.6599445343, 73.6412124634, 30.8665733337, 39.7429580688, 14.2430553436, 6.66374731064], [119.311935425, 33.1238975525, -16.7384414673, 20.064748764, -2.54768681526, 18.8586063385, 2.23904156685, 12.933216095, 30.8665733337, 35.3667869568, 30.7844581604, 9.61623096466, 7.14558935165], [266.311248779, 63.4103927612, -51.1901359558, 41.8399734497, -8.78067302704, 41.1912994385, -1.59593188763, 19.3324680328, 39.7429580688, 30.7844581604, 60.0499305725, 26.4276180267, 11.757733345], [67.953742981, 10.3385572433, -17.1504192352, 13.7604732513, 0.329603254795, 16.9284992218, 3.87615394592, 6.96034145355, 14.2430553436, 9.61623096466, 26.4276180267, 30.7885475159, 17.7308540344], [15.2973022461, 0.215126395226, -3.71656918526, 5.95821666718, 2.34783315659, 11.1018924713, 5.29175806046, 7.7420258522, 6.66374731064, 7.14558935165, 11.757733345, 17.7308540344, 29.9762210846]]
    },
    "sccoeffs": {
        "kurt": [0.338068723679, 0.744135379791, 0.524555206299, 0.101401329041, 0.652927875519, -0.0571429729462],
        "max": [-0.483315706253, -0.706081986427, -0.689369618893, -0.805707812309, -0.8128028512, -0.767075538635],
        "mean": [-0.764527380466, -0.851414561272, -0.84842133522, -0.874568045139, -0.868888735771, -0.821027815342],
        "median": [-0.785131156445, -0.855475068092, -0.85117906332, -0.875329613686, -0.869925022125, -0.823983371258],
        "min": [-0.927214980125, -0.971712529659, -0.930058419704, -0.922668993473, -0.919369518757, -0.907359778881],
        "skew": [0.921476125717, 0.566014051437, 0.438401550055, 0.287297040224, 0.457678645849, 0.498306006193],
        "var": [0.00767752341926, 0.0012550734682, 0.000995923415758, 0.000340416823747, 0.000195901666302, 0.000380390178179],
        "cov": [[0.00768445851281, 0.00108644075226, 0.00101537024602, 0.000498596695252, 0.000495340616908, 0.00115032249596], [0.00108644075226, 0.00125620723702, 0.000273421930615, 9.77504460025e-05, 0.000108905675006, 0.000244850525633], [0.00101537024602, 0.000273421930615, 0.000996823073365, 0.000108556814666, 0.000100228877272, 0.000221421112656], [0.000498596695252, 9.77504460025e-05, 0.000108556814666, 0.000340724334819, 5.95464407525e-05, 0.000117760042485], [0.000495340616908, 0.000108905675006, 0.000100228877272, 5.95464407525e-05, 0.000196078632143, 0.000130137865199], [0.00115032249596, 0.000244850525633, 0.000221421112656, 0.000117760042485, 0.000130137865199, 0.000380733807106]]
    },
    "scvalleys": {
        "kurt": [13.0329265594, 1.23967218399, 1.1744017601, 0.340013980865, 1.47126054764, 1.53747463226],
        "max": [-6.21005344391, -6.4939160347, -6.65221691132, -7.57313537598, -7.51115655899, -9.97031593323],
        "mean": [-7.57048511505, -8.68694782257, -8.85235118866, -9.71737957001, -9.20096206665, -11.907336235],
        "median": [-7.57774925232, -8.83511734009, -9.04612350464, -9.91181182861, -9.42545318604, -12.190864563],
        "min": [-12.8937635422, -12.7457542419, -13.2008018494, -13.7351541519, -13.6236820221, -16.0620269775],
        "skew": [-1.19752633572, 0.465467482805, 0.520100533962, 0.620857596397, 0.499072551727, 0.720246076584],
        "var": [0.231170922518, 0.41297480464, 0.462189555168, 0.54509550333, 0.411792248487, 0.386571466923],
        "cov": [[0.231379762292, 0.188985541463, 0.20033557713, 0.216636180878, 0.187280312181, 0.174793750048], [0.188985541463, 0.413347870111, 0.368336796761, 0.40448641777, 0.349938780069, 0.334843844175], [0.20033557713, 0.368336796761, 0.462607055902, 0.456630140543, 0.39640840888, 0.382167488337], [0.216636180878, 0.40448641777, 0.456630140543, 0.545587897301, 0.449581384659, 0.433900743723], [0.187280312181, 0.349938780069, 0.39640840888, 0.449581384659, 0.412164241076, 0.384450614452], [0.174793750048, 0.334843844175, 0.382167488337, 0.433900743723, 0.384450614452, 0.386920690536]]
    }
},
"rhythm": {
    "beats_loudness": {
        "kurt": 3.7278137207,
        "max": 0.0026444834657,
        "mean": 0.000343025603797,
        "median": 3.63241706509e-05,
        "min": 1.00806792034e-05,
        "skew": 2.29399752617,
        "var": 5.24079780462e-07
    },
    "bpm": 165.761474609,
    "confidence": 0.493830353022,
    "first_peak_bpm": {
        "kurt": 0,
        "max": 167,
        "mean": 167,
        "median": 167,
        "min": 167,
        "skew": 0,
        "var": 0
    },
    "first_peak_spread": {
        "kurt": 0,
        "max": 0,
        "mean": 0,
        "median": 0,
        "min": 0,
        "skew": 0,
        "var": 0
    },
    "first_peak_weight": {
        "kurt": 0,
        "max": 0.1875,
        "mean": 0.1875,
        "median": 0.1875,
        "min": 0.1875,
        "skew": 0,
        "var": 0
    },
    "onset_rate": 0.506129980087,
    "second_peak_bpm": {
        "kurt": 0,
        "max": 157,
        "mean": 157,
        "median": 157,
        "min": 157,
        "skew": 0,
        "var": 0
    },
    "second_peak_spread": {
        "kurt": 0,
        "max": 0.285714268684,
        "mean": 0.285714268684,
        "median": 0.285714268684,
        "min": 0.285714268684,
        "skew": 0,
        "var": 0
    },
    "second_peak_weight": {
        "kurt": 0,
        "max": 0.104166664183,
        "mean": 0.104166664183,
        "median": 0.104166664183,
        "min": 0.104166664183,
        "skew": 0,
        "var": 0
    },
    "beats_loudness_band_ratio": {
        "kurt": [-0.265711069107, -0.392609119415, 2.21424293518, 8.54712104797, -0.611596107483, 0.50052690506],
        "max": [0.973744630814, 0.27160680294, 0.165933951735, 0.235409662127, 0.12531645596, 0.188204482198],
        "mean": [0.668991267681, 0.118168979883, 0.0533928982913, 0.0529360808432, 0.0583762601018, 0.0726960301399],
        "median": [0.669764041901, 0.112550713122, 0.0455257147551, 0.0483817905188, 0.0570247620344, 0.0704802647233],
        "min": [0.269648611546, 0.00321990274824, 0.00666750827804, 0.00370441447012, 0.00488205021247, 0.00801384355873],
        "skew": [-0.194444686174, 0.344933241606, 1.45080626011, 2.35431623459, 0.349862903357, 0.709441542625],
        "var": [0.023915361613, 0.00431953696534, 0.00108820211608, 0.0014534444781, 0.000946843123529, 0.00146535492968],
        "cov": [[0.0244135987014, -0.00806626863778, -0.0027711072471, -0.00448028603569, -0.00394045514986, -0.0050595686771], [-0.00806626863778, 0.00440952694044, 0.000493308238219, 0.00118973944336, 0.00102570210584, 0.00113954360131], [-0.0027711072471, 0.000493308238219, 0.00111087306868, 0.000398819684051, 0.000498161709402, 0.00044210953638], [-0.00448028603569, 0.00118973944336, 0.000398819684051, 0.00148372456897, 0.00052304827841, 0.000940750120208], [-0.00394045514986, 0.00102570210584, 0.000498161709402, 0.00052304827841, 0.000966569001321, 0.000936001772061], [-0.0050595686771, 0.00113954360131, 0.00044210953638, 0.000940750120208, 0.000936001772061, 0.00149588321801]]
    },
    "beats_position": [0.615328788757, 1.20743763447, 1.8111563921, 2.41487526894, 2.99537420273, 3.56426286697, 4.12154197693, 4.73687076569, 5.3754196167, 6.025578022, 6.71056699753, 7.41877555847, 8.09215450287, 8.80036258698, 9.45052146912, 10.1355104446, 10.7508392334, 11.3777770996, 11.9931058884, 12.5968255997, 13.1889343262, 13.7926530838, 14.4079818726, 15.0000905991, 15.5689792633, 16.1262588501, 16.5558280945, 16.9737873077, 17.3801364899, 17.8213157654, 18.2044448853, 18.575963974, 18.9590930939, 19.3422222137, 19.7369613647, 20.0968704224, 20.45677948, 20.8282985687, 21.1882076263, 21.548116684, 21.9080276489, 22.2911567688, 22.6510658264, 23.010974884, 23.405714035, 23.7656230927, 24.1487522125, 24.5434913635, 24.9034004211],
    "bpm_estimates": [161.499099731, 166.708786011, 166.708786011, 161.499099731, 166.708786011, 166.708786011, 166.707901001, 166.708786011, 166.708786011, 166.708786011, 166.708786011],
    "bpm_intervals": [0.592108845711, 0.603718757629, 0.603718876839, 0.580498933792, 0.568888664246, 0.557279109955, 0.615328788757, 0.638548851013, 0.650158405304, 0.684988975525, 0.708208560944, 0.673378944397, 0.708208084106, 0.650158882141, 0.684988975525, 0.615328788757, 0.626937866211, 0.615328788757, 0.603719711304, 0.592108726501, 0.603718757629, 0.615328788757, 0.592108726501, 0.568888664246, 0.557279586792, 0.429569244385, 0.417959213257, 0.406349182129, 0.441179275513, 0.383129119873, 0.371519088745, 0.383129119873, 0.383129119873, 0.394739151001, 0.359909057617, 0.359909057617, 0.371519088745, 0.359909057617, 0.359909057617, 0.359910964966, 0.383129119873, 0.359909057617, 0.359909057617, 0.394739151001, 0.359909057617, 0.383129119873, 0.394739151001, 0.359909057617],
    "onset_times": [0.0116099771112, 0.267029464245, 2.77478456497, 2.86766433716, 4.73687076569, 7.19818592072, 7.32589578629, 9.98458003998, 12.7129249573, 13.8042631149, 13.9203624725, 14.0712928772, 21.5016784668],
    "histogram": [[0, 0, 0, 0, 0, 0, 0, 0, 0, 0, 0, 0, 0, 0, 0, 0, 0, 0, 0, 0, 0, 0, 0, 0, 0, 0, 0, 0, 0, 0, 0, 0, 0, 0, 0, 0, 0, 0, 0, 0, 0, 0, 0, 0, 0, 0, 0, 0, 0, 0, 0, 0, 0, 0, 0, 0, 0, 0, 0, 0, 0, 0, 0, 0, 0, 0, 0, 0, 0, 0, 0, 0, 0, 0, 0, 0, 0, 0, 0, 0, 0, 0, 0, 0, 0, 0.0416666679084, 0, 0, 0.0416666679084, 0.0208333339542, 0, 0, 0.0416666679084, 0, 0.0208333339542, 0, 0.0208333339542, 0, 0.0833333358169, 0.0833333358169, 0, 0.0625, 0, 0.0208333339542, 0, 0.0416666679084, 0, 0, 0.0416666679084, 0, 0, 0, 0, 0, 0, 0, 0, 0, 0, 0, 0, 0, 0, 0, 0, 0, 0, 0, 0, 0, 0, 0, 0, 0, 0, 0, 0.0208333339542, 0, 0, 0, 0.0208333339542, 0, 0, 0, 0.0208333339542, 0, 0, 0, 0.0208333339542, 0, 0, 0, 0.0625, 0, 0, 0, 0, 0.104166664183, 0, 0, 0, 0.0416666679084, 0, 0, 0, 0, 0, 0.1875, 0, 0, 0, 0, 0, 0, 0, 0, 0, 0, 0, 0, 0, 0, 0, 0, 0, 0, 0, 0, 0, 0, 0, 0, 0, 0, 0, 0, 0, 0, 0, 0, 0, 0, 0, 0, 0, 0, 0, 0, 0, 0, 0, 0, 0, 0, 0, 0, 0, 0, 0, 0, 0, 0, 0, 0, 0, 0, 0, 0, 0, 0, 0, 0, 0, 0, 0, 0, 0, 0, 0, 0, 0, 0, 0, 0, 0, 0, 0, 0, 0, 0]]
},
"sfx": {
    "inharmonicity": {
        "kurt": 14.1951370239,
        "max": 0.344819873571,
        "mean": 0.026279039681,
        "median": 0.00717285834253,
        "min": 0,
        "skew": 3.24507164955,
        "var": 0.00202114577405
    },
    "oddtoevenharmonicenergyratio": {
        "kurt": 237.868225098,
        "max": 19.8315238953,
        "mean": 0.212352156639,
        "median": 0.0264645982534,
        "min": 0,
        "skew": 13.5842599869,
        "var": 0.922179400921
    },
    "pitch_after_max_to_before_max_energy_ratio": 1.11793637276,
    "pitch_centroid": 591.822875977,
    "pitch_max_to_total": 0.536101102829,
    "pitch_min_to_total": 0.388989180326,
    "tristimulus": {
        "kurt": [-1.28909397125, 4.42353105545, -0.986477851868],
        "max": [1, 0.884898483753, 1],
        "mean": [0.680292010307, 0.106784336269, 0.212923690677],
        "median": [0.603440284729, 0.0711029320955, 0.214717507362],
        "min": [0, 0, 0],
        "skew": [-0.271043390036, 1.70097625256, 0.397762149572],
        "var": [0.0980497002602, 0.0177190583199, 0.0459951534867],
        "cov": [[0.0981382727623, -0.0349185988307, -0.0632200986147], [-0.0349185988307, 0.0177350658923, 0.0171834304929], [-0.0632200986147, 0.0171834304929, 0.0460367053747]]
    }
},
"tonal": {
    "chords_changes_rate": 0.0468468479812,
    "chords_number_rate": 0.0108108110726,
    "chords_strength": {
        "kurt": -0.265661716461,
        "max": 0.761933982372,
        "mean": 0.463112711906,
        "median": 0.426527112722,
        "min": 0.280834972858,
        "skew": 0.806406676769,
        "var": 0.0112903993577
    },
    "key_strength": 0.51159787178,
    "tuning_diatonic_strength": 0.444876283407,
    "tuning_equal_tempered_deviation": 0.136274322867,
    "tuning_frequency": 434.193115234,
    "tuning_nontempered_energy_ratio": 0.820893168449,
    "hpcp": {
