{
"metadata": {
    "version": {
        "essentia": "2.1-beta3"
    }
},
"lowLevel": {
    "average_loudness": 0.44033074379,
    "barkbands_kurtosis": {
        "kurt": 4.40126180649,
        "max": 60.3916740417,
        "mean": 9.43399715424,
        "median": 7.95670604706,
        "min": -1.78467965126,
        "skew": 1.73300373554,
        "var": 110.619003296
    },
    "barkbands_skewness": {
        "kurt": -0.76206445694,
        "max": 6.2221570015,
        "mean": 0.186275780201,
        "median": 0.797443568707,
        "min": -6.30698394775,
        "skew": -0.521587312222,
        "var": 7.16905355453
    },
    "barkbands_spread": {
        "kurt": 0.393892288208,
        "max": 71.3713378906,
        "mean": 17.0498485565,
        "median": 8.96102333069,
        "min": 0.8549913764,
        "skew": 1.23691105843,
        "var": 252.220565796
    },
    "dissonance": {
        "kurt": 30.2750968933,
        "max": 0.499993830919,
        "mean": 0.471065223217,
        "median": 0.481068611145,
        "min": 0.101359128952,
        "skew": -3.68663525581,
        "var": 0.00100155046675
    },
    "hfc": {
        "kurt": 517.104370117,
        "max": 177.387710571,
        "mean": 0.783463120461,
        "median": 0.00920338183641,
        "min": 0.000363295985153,
        "skew": 22.0169181824,
        "var": 54.3259086609
    },
    "pitch": {
        "kurt": -1.0930056572,
        "max": 4535.31005859,
        "mean": 1372.29711914,
        "median": 414.567749023,
        "min": 43.0865058899,
        "skew": 0.625927448273,
        "var": 1920818.875
    },
    "pitch_instantaneous_confidence": {
        "kurt": -0.906581878662,
        "max": 0.996279478073,
        "mean": 0.490553379059,
        "median": 0.367413759232,
        "min": 0.130397975445,
        "skew": 0.800233900547,
        "var": 0.0849552601576
    },
    "pitch_salience": {
        "kurt": -0.352116823196,
        "max": 0.883728384972,
        "mean": 0.556860506535,
        "median": 0.643294930458,
        "min": 0.0883775725961,
        "skew": -1.03401434422,
        "var": 0.0477904975414
    },
    "silence_rate_20dB": {
        "kurt": 0,
        "max": 1,
        "mean": 1,
        "median": 1,
        "min": 1,
        "skew": 0,
        "var": 0
    },
    "silence_rate_30dB": {
        "kurt": 0,
        "max": 1,
        "mean": 1,
        "median": 1,
        "min": 1,
        "skew": 0,
        "var": 0
    },
    "silence_rate_60dB": {
        "kurt": 65.6807250977,
        "max": 1,
        "mean": 0.98584908247,
        "median": 1,
        "min": 0,
        "skew": -8.22682189941,
        "var": 0.0139507120475
    },
    "spectral_centroid": {
        "kurt": 0.782470703125,
        "max": 6707.79931641,
        "mean": 1298.08276367,
        "median": 1155.92895508,
        "min": 122.695976257,
        "skew": 0.902196764946,
        "var": 1261777
    },
    "spectral_complexity": {
        "kurt": 119.326873779,
        "max": 30,
        "mean": 0.512578606606,
        "median": 0,
        "min": 0,
        "skew": 10.358124733,
        "var": 4.51082229614
    },
    "spectral_crest": {
        "kurt": -1.0418087244,
        "max": 21.1894340515,
        "mean": 10.7932577133,
        "median": 9.11713314056,
        "min": 2.85991954803,
        "skew": 0.56457567215,
        "var": 24.9049968719
    },
    "spectral_decrease": {
        "kurt": 393.205474854,
        "max": -9.49914382179e-14,
        "mean": -6.38878255854e-11,
        "median": -7.8191723929e-12,
        "min": -7.29365279284e-09,
        "skew": -18.4487819672,
        "var": 1.04846254165e-19
    },
    "spectral_energy": {
        "kurt": 444.991638184,
        "max": 0.0436175577343,
        "mean": 0.000312190037221,
        "median": 3.13239579555e-05,
        "min": 3.91471274952e-07,
        "skew": 19.9439582825,
        "var": 3.5269995351e-06
    },
    "spectral_energyband_high": {
        "kurt": 519.296508789,
        "max": 0.0225528143346,
        "mean": 6.37375196675e-05,
        "median": 2.67388230668e-07,
        "min": 9.93430049334e-09,
        "skew": 22.1677284241,
        "var": 8.80199138464e-07
    },
    "spectral_energyband_low": {
        "kurt": 97.6642074585,
        "max": 0.00143510766793,
        "mean": 2.58569580183e-05,
        "median": 1.15935954454e-05,
        "min": 2.14436006729e-08,
        "skew": 9.00887298584,
        "var": 9.38283317709e-09
    },
    "spectral_energyband_middle_high": {
        "kurt": 395.85144043,
        "max": 0.0200198236853,
        "mean": 0.000191010607523,
        "median": 1.28680710532e-06,
        "min": 6.67517667807e-08,
        "skew": 18.3667526245,
        "var": 7.852016779e-07
    },
    "spectral_energyband_middle_low": {
        "kurt": 214.303573608,
        "max": 0.00377703900449,
        "mean": 3.68293112842e-05,
        "median": 1.0320391084e-05,
        "min": 8.38161966499e-08,
        "skew": 13.7871494293,
        "var": 4.24265671484e-08
    },
    "spectral_flatness_db": {
        "kurt": -0.840462207794,
        "max": 0.398306012154,
        "mean": 0.206204324961,
        "median": 0.211972594261,
        "min": 0.0616500526667,
        "skew": 0.183733657002,
        "var": 0.00704126618803
    },
    "spectral_flux": {
        "kurt": 103.152175903,
        "max": 0.189331158996,
        "mean": 0.00604099221528,
        "median": 0.0028616678901,
        "min": 0.000376452197088,
        "skew": 8.96331310272,
        "var": 0.000180823219125
    },
    "spectral_kurtosis": {
        "kurt": 0.672194004059,
        "max": 46.3709411621,
        "mean": 9.3950958252,
        "median": 9.52168273926,
        "min": -0.56597495079,
        "skew": 0.537244796753,
        "var": 40.3772239685
    },
    "spectral_rms": {
        "kurt": 69.37550354,
        "max": 0.00652332091704,
        "mean": 0.000338064797688,
        "median": 0.000174813656486,
        "min": 1.95428547158e-05,
        "skew": 6.1079120636,
        "var": 1.90287693158e-07
    },
    "spectral_rolloff": {
        "kurt": 2.87153959274,
        "max": 11175.7324219,
        "mean": 1919.16564941,
        "median": 2002.58789062,
        "min": 129.19921875,
        "skew": 1.22158503532,
        "var": 3016776
    },
    "spectral_skewness": {
        "kurt": -0.994912862778,
        "max": 5.62392663956,
        "mean": 2.35072588921,
        "median": 2.52288246155,
        "min": 0.207564234734,
        "skew": -0.102173626423,
        "var": 0.800908446312
    },
    "spectral_spread": {
        "kurt": 1.73942661285,
        "max": 14002450,
        "mean": 4767580,
        "median": 3746454.5,
        "min": 2055397.25,
        "skew": 1.39687395096,
        "var": 4.64000070451e+12
    },
    "spectral_strongpeak": {
        "kurt": 0.897401571274,
        "max": 2.52558684349,
        "mean": 0.429744273424,
        "median": 0.0159380435944,
        "min": 0,
        "skew": 1.59713613987,
        "var": 0.607907354832
    },
    "zerocrossingrate": {
        "kurt": -0.0941743850708,
        "max": 0.2822265625,
        "mean": 0.0695962011814,
        "median": 0.078125,
        "min": 0.0068359375,
        "skew": 0.569408774376,
        "var": 0.00245523545891
    },
    "barkbands": {
        "kurt": [21.6363887787, 56.231426239, 114.343994141, 121.693473816, 145.409988403, 88.8273849487, 192.296508789, 250.662628174, 246.155532837, 262.209686279, 158.58531189, 145.357940674, 95.2931671143, 105.588478088, 3.54861927032, 2.61246919632, 145.422927856, 199.85723877, 492.23135376, 584.843383789, 499.004730225, 493.529418945, 606.318359375, 393.778717041, 449.935516357, 236.536514282, 334.25402832],
        "max": [1.79383969225e-05, 0.000240534893237, 0.000930854235776, 0.000354570394848, 9.47643347899e-05, 0.000285439018626, 0.000725929916371, 0.0018525540363, 0.00056941434741, 0.000941153732128, 0.000303369568428, 0.000369133398635, 0.000209800316952, 7.97348911874e-05, 0.000392230955185, 0.000676661205944, 0.000588998140302, 0.00174317590427, 0.00690304441378, 0.0174044910818, 0.0102267274633, 0.00264805415645, 0.00125619990285, 0.000268807256361, 0.000302670901874, 2.9675834412e-06, 3.06520249183e-08],
        "mean": [1.48962726598e-06, 7.28606437406e-06, 1.32136692628e-05, 5.96522249907e-06, 2.68346161647e-06, 6.15436556473e-06, 6.61478134134e-06, 9.82175242825e-06, 3.53748760062e-06, 4.55553481515e-06, 2.27565442401e-06, 2.98908776131e-06, 2.40931581175e-06, 8.7710122898e-07, 3.17425292451e-05, 8.67561539053e-05, 4.95802441947e-06, 1.3785172996e-05, 2.22794751608e-05, 4.07926672779e-05, 2.91862197628e-05, 8.06653133623e-06, 2.74471699413e-06, 9.87389739748e-07, 9.98813334263e-07, 1.93414013694e-08, 1.65079117043e-10],
        "median": [1.59634828378e-06, 3.52837150785e-06, 2.55798067883e-06, 2.00048407351e-06, 1.58033049047e-06, 1.60771355695e-06, 8.51556364978e-07, 3.08628955281e-07, 3.54515123036e-07, 2.79764265088e-07, 9.04241943545e-08, 6.37496526679e-08, 3.38462982086e-08, 2.4996440473e-08, 4.64159484181e-08, 6.64830821506e-08, 5.80169157161e-08, 6.64508092996e-08, 7.03972773408e-08, 1.41529341136e-07, 3.66993972989e-08, 3.71559707446e-08, 2.12482165196e-09, 3.78412545743e-09, 2.36307040602e-09, 8.71389904677e-11, 3.29373637739e-12],
        "min": [6.9443291395e-11, 9.66210755848e-09, 7.57767626425e-09, 1.25464627576e-09, 1.20756933342e-08, 8.48069614534e-09, 2.68231459266e-09, 2.92239099586e-09, 2.65613309125e-09, 1.7744502534e-09, 1.67380798111e-09, 2.2907440389e-09, 1.41978684365e-09, 1.75844705463e-09, 1.52142975995e-09, 3.94542132298e-09, 5.42464695386e-09, 1.51770873646e-09, 5.0070712021e-09, 6.00255312122e-09, 5.23971133148e-09, 1.45572676136e-09, 4.31619656682e-10, 1.54191603929e-10, 9.76691297283e-11, 2.3049222253e-11, 1.08612673976e-12],
        "skew": [2.5877161026, 7.20403718948, 9.7479095459, 10.0989847183, 10.518781662, 8.58627223969, 13.1890830994, 15.1308040619, 15.1671552658, 15.6478672028, 12.3189525604, 11.8279037476, 9.50427913666, 9.64518928528, 2.09200882912, 1.98302149773, 11.6101093292, 13.3395442963, 21.4815406799, 23.8794670105, 21.6699504852, 21.4791221619, 24.462682724, 18.9658851624, 20.5182991028, 14.7643623352, 17.2152385712],
        "var": [2.51694650365e-12, 5.01238495154e-10, 3.68185903987e-09, 5.09040420926e-10, 3.33309629896e-11, 4.36901237411e-10, 1.9955070929e-09, 9.34525878904e-09, 1.00894825827e-09, 2.36864150516e-09, 4.10093681236e-10, 6.79882483645e-10, 2.93643109828e-10, 3.08482614453e-11, 4.31163194037e-09, 3.25019122727e-08, 1.51334300647e-09, 1.14751390612e-08, 8.48274623877e-08, 4.93281334002e-07, 1.84969323413e-07, 1.24524612843e-08, 2.52413157042e-09, 1.45662010231e-10, 1.7202168856e-10, 2.89376304223e-14, 2.08409437463e-18],
        "cov": [[2.52091012995e-12, 1.5368465181e-11, 2.73263269651e-11, 1.41956437924e-11, 2.31006294822e-12, -2.99701648047e-12, -7.00240906926e-12, -1.23516318701e-11, -3.94057399558e-12, -5.48029894035e-12, -2.89663388761e-12, -3.89024056024e-12, -3.11233590983e-12, -1.08072676242e-12, 1.0701764995e-11, 3.53205971415e-11, -6.60543061221e-12, -1.66113702654e-11, -3.08577677299e-11, -5.81596784621e-11, -4.09972125692e-11, -1.043450569e-11, -3.951162314e-12, -1.27155198263e-12, -1.34091197347e-12, -2.64920735089e-14, -2.2046586786e-16], [1.5368465181e-11, 5.02027863725e-10, 1.16884868451e-09, 4.35212366146e-10, 8.89455314956e-11, 5.30662354337e-11, 1.20048276875e-11, 4.07883058925e-12, 7.72938917731e-12, 9.83431218404e-13, -1.54877618976e-12, -1.56158798999e-12, 2.49591471622e-12, 6.02140191007e-13, -2.37148616716e-11, -7.73775835072e-11, -5.87712127229e-12, 9.5401138378e-11, -4.97421097367e-11, -1.67712663202e-10, -9.15783698874e-11, -5.4928518331e-12, -1.26409022139e-11, -3.57605958734e-12, -1.98790593361e-12, -3.65619264465e-14, -3.02534572482e-16], [2.73263269651e-11, 1.16884868451e-09, 3.68765729064e-09, 1.25591947953e-09, 3.02206121239e-10, 1.28952959422e-10, 2.40949968311e-11, -6.70058236327e-12, 1.33587516049e-11, -1.34779479244e-11, -7.69884243162e-12, -8.21635641468e-12, 6.7984866868e-12, 2.9741734249e-12, -2.2037260905e-10, -6.58105903106e-10, -1.88570062343e-11, 2.15661086211e-10, -9.97818633275e-11, -3.29698823798e-10, -1.82185558306e-10, -9.41193130377e-12, -2.60028717308e-11, -8.4919181062e-12, -6.24431192517e-12, -7.17142274384e-14, -3.33253492864e-16], [1.41956437924e-11, 4.35212366146e-10, 1.25591947953e-09, 5.09842057461e-10, 1.0422016028e-10, 4.81878772995e-11, 2.84985507415e-11, 2.48519503587e-11, 1.24476305999e-11, 9.56570326421e-12, 4.75771592262e-12, 6.21999327044e-12, 2.91892096431e-12, 1.88991227182e-12, -3.69356246976e-11, -1.27136370875e-10, 9.46408836716e-12, 1.49793108473e-10, 6.4068361727e-11, 7.64240545847e-11, 9.14761807969e-11, 4.12449970011e-11, 2.36086627678e-12, 2.42626491814e-12, 3.6031273451e-12, 6.00368753735e-14, 3.67042219465e-16], [2.31006294822e-12, 8.89455314956e-11, 3.02206121239e-10, 1.0422016028e-10, 3.33834522526e-11, 2.72212929281e-11, 3.33401813102e-11, 5.35894072173e-11, 2.1702485295e-11, 2.76242709263e-11, 1.3678100319e-11, 1.97637826244e-11, 9.6582724457e-12, 3.39027395567e-12, 1.2804628885e-11, 1.03222872957e-11, 3.2289608487e-11, 7.72267666482e-11, 1.82026407836e-10, 4.25280616279e-10, 2.95952706786e-10, 7.4529930838e-11, 2.59947757764e-11, 8.1971712404e-12, 4.81481347847e-12, 9.00307592692e-14, 6.27692124436e-16], [-2.99701648047e-12, 5.30662354337e-11, 1.28952959422e-10, 4.81878772995e-11, 2.72212929281e-11, 4.37589270375e-10, 6.56443066571e-10, 8.92431406552e-10, 2.87137424948e-10, 4.40709135852e-10, 2.56304144575e-10, 3.17483345169e-10, 1.63523292129e-10, 4.4549926248e-11, 2.06548458892e-10, 1.61889682215e-10, 4.80012474213e-10, 1.34075117675e-09, 3.78986619864e-09, 8.36160030104e-09, 5.10355624428e-09, 1.41595146719e-09, 5.97332738828e-10, 1.53641349643e-10, 5.94304536139e-11, 1.3083253014e-12, 8.49097420657e-15], [-7.00240906926e-12, 1.20048276875e-11, 2.40949968311e-11, 2.84985507415e-11, 3.33401813102e-11, 6.56443066571e-10, 1.99864946815e-09, 3.89908860754e-09, 1.15534004586e-09, 1.94749127935e-09, 8.48897452332e-10, 1.02155395254e-09, 4.66076621741e-10, 1.60245150482e-10, 3.35873079349e-10, 4.70745442627e-10, 1.33166722094e-09, 3.27138471867e-09, 6.77861589082e-09, 1.19056196013e-08, 7.50705897445e-09, 2.38451369761e-09, 8.50984449574e-10, 2.75504841163e-10, 1.63547328458e-10, 3.82603063814e-12, 2.25546205248e-14], [-1.23516318701e-11, 4.07883058925e-12, -6.70058236327e-12, 2.48519503587e-11, 5.35894072173e-11, 8.92431406552e-10, 3.89908860754e-09, 9.35997590545e-09, 2.89503110373e-09, 4.65775906733e-09, 1.78252346217e-09, 2.25994822856e-09, 1.04296793424e-09, 3.78059750172e-10, 5.93360749424e-10, 1.21312737633e-09, 2.79512035739e-09, 5.18774001534e-09, 8.59168824974e-09, 1.24417338654e-08, 8.30113666694e-09, 2.83362511233e-09, 8.01546107265e-10, 3.30725863362e-10, 2.78677719789e-10, 6.36572348653e-12, 3.79748316126e-14], [-3.94057399558e-12, 7.72938917731e-12, 1.33587516049e-11, 1.24476305999e-11, 2.1702485295e-11, 2.87137424948e-10, 1.15534004586e-09, 2.89503110373e-09, 1.01053709844e-09, 1.4757530753e-09, 5.53604162512e-10, 7.58942797496e-10, 3.71128433541e-10, 1.24333335294e-10, 2.25553908884e-10, 3.86011000941e-10, 9.92762205776e-10, 1.48447476533e-09, 2.97628810486e-09, 5.72645397767e-09, 3.63941476955e-09, 1.02718167305e-09, 3.54322959861e-10, 1.06776323894e-10, 6.76712783032e-11, 1.44201881339e-12, 9.63799488352e-15], [-5.48029894035e-12, 9.83431218404e-13, -1.34779479244e-11, 9.56570326421e-12, 2.76242709263e-11, 4.40709135852e-10, 1.94749127935e-09, 4.65775906733e-09, 1.4757530753e-09, 2.37237163248e-09, 8.82884709785e-10, 1.12552400733e-09, 4.86043982839e-10, 1.79084858054e-10, 2.72887268338e-10, 6.16805717613e-10, 1.41347533678e-09, 2.49964093868e-09, 4.06064648573e-09, 5.80610581835e-09, 3.93165811019e-09, 1.33139554936e-09, 3.6231204148e-10, 1.56132551332e-10, 1.30922120367e-10, 2.98566141428e-12, 1.78226591065e-14], [-2.89663388761e-12, -1.54877618976e-12, -7.69884243162e-12, 4.75771592262e-12, 1.3678100319e-11, 2.56304144575e-10, 8.48897452332e-10, 1.78252346217e-09, 5.53604162512e-10, 8.82884709785e-10, 4.10739497969e-10, 5.11963527128e-10, 2.6177626733e-10, 8.37581323743e-11, 2.04694067252e-10, 2.29229635273e-10, 6.96256385879e-10, 1.61928626063e-09, 3.81905618241e-09, 7.54689466476e-09, 4.70345096204e-09, 1.37719213811e-09, 5.32357546934e-10, 1.53251383805e-10, 7.72355512879e-11, 1.75385444015e-12, 1.07780563378e-14], [-3.89024056024e-12, -1.56158798999e-12, -8.21635641468e-12, 6.21999327044e-12, 1.97637826244e-11, 3.17483345169e-10, 1.02155395254e-09, 2.25994822856e-09, 7.58942797496e-10, 1.12552400733e-09, 5.11963527128e-10, 6.8095318273e-10, 3.5698674572e-10, 1.12083481385e-10, 2.89753998572e-10, 2.99900798639e-10, 9.58561008346e-10, 1.98942240459e-09, 4.85389639593e-09, 1.02099138033e-08, 6.45827302748e-09, 1.78463321898e-09, 6.95525803618e-10, 1.93355401135e-10, 8.66341026695e-11, 1.97187058348e-12, 1.24072860953e-14], [-3.11233590983e-12, 2.49591471622e-12, 6.7984866868e-12, 2.91892096431e-12, 9.6582724457e-12, 1.63523292129e-10, 4.66076621741e-10, 1.04296793424e-09, 3.71128433541e-10, 4.86043982839e-10, 2.6177626733e-10, 3.5698674572e-10, 2.94105545473e-10, 8.6607845895e-11, 1.50112450248e-10, 6.18043602407e-11, 4.85906093139e-10, 9.94096582829e-10, 2.7852340434e-09, 6.36594243986e-09, 3.89752452534e-09, 1.03445274569e-09, 4.35882996364e-10, 1.05741707057e-10, 3.63556719452e-11, 8.38877090622e-13, 5.62585222819e-15], [-1.08072676242e-12, 6.02140191007e-13, 2.9741734249e-12, 1.88991227182e-12, 3.39027395567e-12, 4.4549926248e-11, 1.60245150482e-10, 3.78059750172e-10, 1.24333335294e-10, 1.79084858054e-10, 8.37581323743e-11, 1.12083481385e-10, 8.6607845895e-11, 3.0896844111e-11, 3.26480890933e-11, 2.23888876189e-11, 1.44527737e-10, 2.87540380395e-10, 5.69258418182e-10, 1.11149789372e-09, 7.61890772694e-10, 2.10293213398e-10, 6.96576962778e-11, 2.29104131499e-11, 1.30000506887e-11, 3.10581042221e-13, 1.90619851988e-15], [1.0701764995e-11, -2.37148616716e-11, -2.2037260905e-10, -3.69356246976e-11, 1.2804628885e-11, 2.06548458892e-10, 3.35873079349e-10, 5.93360749424e-10, 2.25553908884e-10, 2.72887268338e-10, 2.04694067252e-10, 2.89753998572e-10, 1.50112450248e-10, 3.26480890933e-11, 4.31842206439e-09, 1.15335296869e-08, 4.82975437421e-10, 1.19368670504e-09, 4.23687573914e-09, 1.05775690429e-08, 6.53425447084e-09, 1.68693314873e-09, 7.28283988671e-10, 1.7553211662e-10, 2.06375593698e-11, 6.36458388163e-13, 2.94440701509e-15], [3.53205971415e-11, -7.73775835072e-11, -6.58105903106e-10, -1.27136370875e-10, 1.03222872957e-11, 1.61889682215e-10, 4.70745442627e-10, 1.21312737633e-09, 3.86011000941e-10, 6.16805717613e-10, 2.29229635273e-10, 2.99900798639e-10, 6.18043602407e-11, 2.23888876189e-11, 1.15335296869e-08, 3.25530962186e-08, 3.61868174314e-10, 4.1858427835e-10, 1.59496615915e-09, 3.62912921936e-09, 2.28225260912e-09, 6.7899741385e-10, 2.25081828176e-10, 7.64441496215e-11, -7.6132494406e-12, 1.81237454379e-14, -3.1817041423e-15], [-6.60543061221e-12, -5.87712127229e-12, -1.88570062343e-11, 9.46408836716e-12, 3.2289608487e-11, 4.80012474213e-10, 1.33166722094e-09, 2.79512035739e-09, 9.92762205776e-10, 1.41347533678e-09, 6.96256385879e-10, 9.58561008346e-10, 4.85906093139e-10, 1.44527737e-10, 4.82975437421e-10, 3.61868174314e-10, 1.51572632223e-09, 3.3166933644e-09, 8.49538128733e-09, 1.89572464393e-08, 1.2234730562e-08, 3.22122462038e-09, 1.27973398545e-09, 3.49587275794e-10, 1.30563573841e-10, 3.06209398115e-12, 1.92629166605e-14], [-1.66113702654e-11, 9.5401138378e-11, 2.15661086211e-10, 1.49793108473e-10, 7.72267666482e-11, 1.34075117675e-09, 3.27138471867e-09, 5.18774001534e-09, 1.48447476533e-09, 2.49964093868e-09, 1.61928626063e-09, 1.98942240459e-09, 9.94096582829e-10, 2.87540380395e-10, 1.19368670504e-09, 4.1858427835e-10, 3.3166933644e-09, 1.14932099393e-08, 2.66033755025e-08, 5.46359792963e-08, 3.50321727183e-08, 1.00108046297e-08, 3.9114742556e-09, 1.1215977036e-09, 4.64088684149e-10, 1.14088729783e-11, 6.59783845939e-14], [-3.08577677299e-11, -4.97421097367e-11, -9.97818633275e-11, 6.4068361727e-11, 1.82026407836e-10, 3.78986619864e-09, 6.77861589082e-09, 8.59168824974e-09, 2.97628810486e-09, 4.06064648573e-09, 3.81905618241e-09, 4.85389639593e-09, 2.7852340434e-09, 5.69258418182e-10, 4.23687573914e-09, 1.59496615915e-09, 8.49538128733e-09, 2.66033755025e-08, 8.4961044422e-08, 1.98534991114e-07, 1.20575094797e-07, 3.23326929674e-08, 1.42732288211e-08, 3.44543882314e-09, 9.18531306571e-10, 2.20068928358e-11, 1.37909215298e-13], [-5.81596784621e-11, -1.67712663202e-10, -3.29698823798e-10, 7.64240545847e-11, 4.25280616279e-10, 8.36160030104e-09, 1.19056196013e-08, 1.24417338654e-08, 5.72645397767e-09, 5.80610581835e-09, 7.54689466476e-09, 1.02099138033e-08, 6.36594243986e-09, 1.11149789372e-09, 1.05775690429e-08, 3.62912921936e-09, 1.89572464393e-08, 5.46359792963e-08, 1.98534991114e-07, 4.94058156164e-07, 2.9852174066e-07, 7.68819390373e-08, 3.50049447206e-08, 7.97075472292e-09, 1.48110079756e-09, 3.57561237563e-11, 2.36235130849e-13], [-4.09972125692e-11, -9.15783698874e-11, -1.82185558306e-10, 9.14761807969e-11, 2.95952706786e-10, 5.10355624428e-09, 7.50705897445e-09, 8.30113666694e-09, 3.63941476955e-09, 3.93165811019e-09, 4.70345096204e-09, 6.45827302748e-09, 3.89752452534e-09, 7.61890772694e-10, 6.53425447084e-09, 2.28225260912e-09, 1.2234730562e-08, 3.50321727183e-08, 1.20575094797e-07, 2.9852174066e-07, 1.85260617513e-07, 4.72174690458e-08, 2.08600798857e-08, 4.98049290698e-09, 9.6150254425e-10, 2.51247720545e-11, 1.55084400725e-13], [-1.043450569e-11, -5.4928518331e-12, -9.41193130377e-12, 4.12449970011e-11, 7.4529930838e-11, 1.41595146719e-09, 2.38451369761e-09, 2.83362511233e-09, 1.02718167305e-09, 1.33139554936e-09, 1.37719213811e-09, 1.78463321898e-09, 1.03445274569e-09, 2.10293213398e-10, 1.68693314873e-09, 6.7899741385e-10, 3.22122462038e-09, 1.00108046297e-08, 3.23326929674e-08, 7.68819390373e-08, 4.72174690458e-08, 1.24720713757e-08, 5.46779999056e-09, 1.32662558716e-09, 3.14008263835e-10, 7.95880028548e-12, 4.8099823007e-14], [-3.951162314e-12, -1.26409022139e-11, -2.60028717308e-11, 2.36086627678e-12, 2.59947757764e-11, 5.97332738828e-10, 8.50984449574e-10, 8.01546107265e-10, 3.54322959861e-10, 3.6231204148e-10, 5.32357546934e-10, 6.95525803618e-10, 4.35882996364e-10, 6.96576962778e-11, 7.28283988671e-10, 2.25081828176e-10, 1.27973398545e-09, 3.9114742556e-09, 1.42732288211e-08, 3.50049447206e-08, 2.08600798857e-08, 5.46779999056e-09, 2.5281063909e-09, 5.67511648786e-10, 1.01061804758e-10, 2.55079160918e-12, 1.68626980326e-14], [-1.27155198263e-12, -3.57605958734e-12, -8.4919181062e-12, 2.42626491814e-12, 8.1971712404e-12, 1.53641349643e-10, 2.75504841163e-10, 3.30725863362e-10, 1.06776323894e-10, 1.56132551332e-10, 1.53251383805e-10, 1.93355401135e-10, 1.05741707057e-10, 2.29104131499e-11, 1.7553211662e-10, 7.64441496215e-11, 3.49587275794e-10, 1.1215977036e-09, 3.44543882314e-09, 7.97075472292e-09, 4.98049290698e-09, 1.32662558716e-09, 5.67511648786e-10, 1.45891396186e-10, 4.96546970208e-11, 1.11588310207e-12, 7.07840107735e-15], [-1.34091197347e-12, -1.98790593361e-12, -6.24431192517e-12, 3.6031273451e-12, 4.81481347847e-12, 5.94304536139e-11, 1.63547328458e-10, 2.78677719789e-10, 6.76712783032e-11, 1.30922120367e-10, 7.72355512879e-11, 8.66341026695e-11, 3.63556719452e-11, 1.30000506887e-11, 2.06375593698e-11, -7.6132494406e-12, 1.30563573841e-10, 4.64088684149e-10, 9.18531306571e-10, 1.48110079756e-09, 9.6150254425e-10, 3.14008263835e-10, 1.01061804758e-10, 4.96546970208e-11, 1.72292596856e-10, 1.97205121157e-12, 1.84782151738e-14], [-2.64920735089e-14, -3.65619264465e-14, -7.17142274384e-14, 6.00368753735e-14, 9.00307592692e-14, 1.3083253014e-12, 3.82603063814e-12, 6.36572348653e-12, 1.44201881339e-12, 2.98566141428e-12, 1.75385444015e-12, 1.97187058348e-12, 8.38877090622e-13, 3.10581042221e-13, 6.36458388163e-13, 1.81237454379e-14, 3.06209398115e-12, 1.14088729783e-11, 2.20068928358e-11, 3.57561237563e-11, 2.51247720545e-11, 7.95880028548e-12, 2.55079160918e-12, 1.11588310207e-12, 1.97205121157e-12, 2.89832007949e-14, 2.27298194431e-16], [-2.2046586786e-16, -3.02534572482e-16, -3.33253492864e-16, 3.67042219465e-16, 6.27692124436e-16, 8.49097420657e-15, 2.25546205248e-14, 3.79748316126e-14, 9.63799488352e-15, 1.78226591065e-14, 1.07780563378e-14, 1.24072860953e-14, 5.62585222819e-15, 1.90619851988e-15, 2.94440701509e-15, -3.1817041423e-15, 1.92629166605e-14, 6.59783845939e-14, 1.37909215298e-13, 2.36235130849e-13, 1.55084400725e-13, 4.8099823007e-14, 1.68626980326e-14, 7.07840107735e-15, 1.84782151738e-14, 2.27298194431e-16, 2.0873764205e-18]]
    },
    "mfcc": {
        "kurt": [6.82432174683, 0.841528892517, 0.379888057709, 2.66680240631, 2.65930652618, 0.269551753998, -0.127375364304, 0.147091150284, -0.236197471619, -0.109570264816, 0.0731956958771, -0.00816917419434, 0.0733983516693],
        "max": [-595.199584961, 163.853546143, 73.170135498, 100.88192749, 74.1864776611, 30.7013206482, 26.1438827515, 31.7660999298, 40.7814292908, 36.1493988037, 37.4856987, 23.338716507, 43.6480979919],
        "mean": [-1000.47839355, 89.1379394531, 24.3398132324, 32.193031311, 9.04065322876, -3.59870696068, -3.34279727936, 1.43338894844, 7.64491033554, 3.05977463722, -4.57078504562, -5.66612052917, 6.16720438004],
        "median": [-1022.29064941, 106.740203857, 27.8384017944, 27.8171653748, 7.64842224121, -3.9743270874, 2.35927200317, 3.59624099731, 5.30479812622, 0.653549194336, -1.83646392822, -1.42237472534, 2.28344726562],
        "min": [-1117.77478027, -75.6868743896, -98.780380249, -9.79571151733, -73.1626434326, -44.9724731445, -52.7936019897, -39.6910705566, -33.0353775024, -35.6337051392, -34.7951431274, -42.4418640137, -17.2014274597],
        "skew": [2.05242609978, -1.14060246944, -0.887492239475, 1.44106471539, -0.564553201199, 0.0116974841803, -0.947814464569, -0.60228818655, 0.393600791693, 0.409573853016, -0.426474332809, -1.00567579269, 0.978609502316],
        "var": [4837.89355469, 1738.12365723, 1281.67492676, 231.951965332, 353.994506836, 154.299636841, 282.260650635, 147.251098633, 194.554946899, 167.161422729, 146.503158569, 194.355331421, 163.991088867],
        "cov": [[4845.51220703, -24.8388996124, -1373.82226562, 186.631362915, -508.433563232, -83.5143814087, -307.661560059, -360.488342285, 145.434112549, 83.3622131348, -44.5694351196, -108.926368713, 206.004608154], [-24.8388996124, 1740.86083984, 974.34588623, -313.923828125, 129.320785522, 181.676818848, -156.853363037, -60.4670829773, 126.045051575, 206.048416138, -141.867279053, -159.478912354, 118.96408844], [-1373.82226562, 974.34588623, 1283.69335938, -192.531784058, 162.024505615, 147.82383728, 54.6017951965, 142.427215576, 19.5646705627, 72.4237213135, -61.5758934021, -49.2790336609, -22.3390407562], [186.631362915, -313.923828125, -192.531784058, 232.317245483, -7.10783958435, -46.418384552, 71.8568344116, 21.9308204651, -21.4854698181, -59.0606498718, 44.4130401611, 40.2117881775, -50.8561172485], [-508.433563232, 129.320785522, 162.024505615, -7.10783958435, 354.552001953, 144.528289795, -167.881530762, -27.1146869659, 156.348678589, 131.718856812, -132.453399658, -164.575836182, 112.055206299], [-83.5143814087, 181.676818848, 147.82383728, -46.418384552, 144.528289795, 154.542633057, -92.4386901855, -21.3231277466, 111.035148621, 107.106117249, -85.0688095093, -107.764183044, 80.5724563599], [-307.661560059, -156.853363037, 54.6017951965, 71.8568344116, -167.881530762, -92.4386901855, 282.705169678, 130.898391724, -157.687759399, -153.204925537, 146.17767334, 182.369186401, -171.734710693], [-360.488342285, -60.4670829773, 142.427215576, 21.9308204651, -27.1146869659, -21.3231277466, 130.898391724, 147.48298645, -33.2403526306, -71.6658401489, 57.9517669678, 69.2308273315, -93.3518295288], [145.434112549, 126.045051575, 19.5646705627, -21.4854698181, 156.348678589, 111.035148621, -157.687759399, -33.2403526306, 194.861328125, 141.242782593, -115.053840637, -150.679000854, 119.255386353], [83.3622131348, 206.048416138, 72.4237213135, -59.0606498718, 131.718856812, 107.106117249, -153.204925537, -71.6658401489, 141.242782593, 167.424667358, -96.5876617432, -140.166748047, 123.410926819], [-44.5694351196, -141.867279053, -61.5758934021, 44.4130401611, -132.453399658, -85.0688095093, 146.17767334, 57.9517669678, -115.053840637, -96.5876617432, 146.73387146, 139.718902588, -115.048217773], [-108.926368713, -159.478912354, -49.2790336609, 40.2117881775, -164.575836182, -107.764183044, 182.369186401, 69.2308273315, -150.679000854, -140.166748047, 139.718902588, 194.661407471, -132.27784729], [206.004608154, 118.96408844, -22.3390407562, -50.8561172485, 112.055206299, 80.5724563599, -171.734710693, -93.3518295288, 119.255386353, 123.410926819, -115.048217773, -132.27784729, 164.249343872]]
    },
    "sccoeffs": {
        "kurt": [1.56224679947, 2.38201189041, -0.353970050812, 0.00849676132202, 4.71660900116, 0.365545749664],
        "max": [-0.605208396912, -0.565456390381, -0.757988572121, -0.473830014467, -0.682833611965, -0.632872223854],
        "mean": [-0.807777285576, -0.83410847187, -0.865814387798, -0.805903971195, -0.870819866657, -0.819880843163],
        "median": [-0.813399851322, -0.839548707008, -0.868492424488, -0.879253089428, -0.879252433777, -0.836988389492],
        "min": [-0.919881761074, -0.947083234787, -0.942339360714, -0.927049458027, -0.915375471115, -0.878743708134],
        "skew": [0.921922266483, 1.07590723038, 0.254744499922, 1.33875894547, 1.87463819981, 1.03976786137],
        "var": [0.00237493566237, 0.00278780213557, 0.000929632398766, 0.0205706004053, 0.000971191446297, 0.00167621660512],
        "cov": [[0.002378675621, 0.000419008312747, 0.000235186293139, 0.000342330109561, 6.11287905485e-05, 0.000379988516215], [0.000419008312747, 0.00279219239019, 0.000521870271768, 0.00106992176734, -1.81715840881e-05, 0.000299788749544], [0.000235186293139, 0.000521870271768, 0.000931096379645, 0.000631321046967, 3.08668713842e-05, 0.000217277047341], [0.000342330109561, 0.00106992176734, 0.000631321046967, 0.0206029955298, 0.000755646324251, 0.00418723095208], [6.11287905485e-05, -1.81715840881e-05, 3.08668713842e-05, 0.000755646324251, 0.000972720852587, 0.000680354365613], [0.000379988516215, 0.000299788749544, 0.000217277047341, 0.00418723095208, 0.000680354365613, 0.00167885632254]]
    },
    "scvalleys": {
        "kurt": [-1.01439785957, 1.13235092163, 4.85370254517, 6.11707401276, 4.20127773285, 3.35728549957],
        "max": [-6.22938871384, -5.30396842957, -5.37905883789, -6.30605983734, -5.28053092957, -7.4099650383],
        "mean": [-8.43305969238, -8.93076992035, -9.70279884338, -10.4409475327, -10.3746070862, -12.6034154892],
        "median": [-8.05255508423, -8.79768371582, -9.67128753662, -10.6594390869, -10.7621440887, -13.0973081589],
        "min": [-10.8238792419, -11.038392067, -11.7305631638, -11.8259344101, -12.2092685699, -14.0397777557],
        "skew": [-0.538585066795, 0.140335664153, 1.15055966377, 2.18657827377, 1.95532655716, 1.82089471817],
        "var": [0.976785242558, 0.798479497433, 0.645249068737, 0.668360590935, 0.982218205929, 1.15569448471],
        "cov": [[0.978323459625, 0.544447183609, 0.349573433399, 0.0294426120818, -0.28757584095, -0.404863148928], [0.544447183609, 0.799736976624, 0.598762154579, 0.448898434639, 0.27693554759, 0.173768550158], [0.349573433399, 0.598762154579, 0.646265208721, 0.506360888481, 0.42126724124, 0.336681783199], [0.0294426120818, 0.448898434639, 0.506360888481, 0.669413149357, 0.681842505932, 0.639918208122], [-0.28757584095, 0.27693554759, 0.42126724124, 0.681842505932, 0.983765006065, 1.00859570503], [-0.404863148928, 0.173768550158, 0.336681783199, 0.639918208122, 1.00859570503, 1.15751457214]]
    }
},
"rhythm": {
    "beats_loudness": {
        "kurt": -0.677930116653,
        "max": 0.000993319088593,
        "mean": 0.000284621113678,
        "median": 5.93483564444e-05,
        "min": 3.0154049e-06,
        "skew": 0.933600783348,
        "var": 1.1534845612e-07
    },
    "bpm": 99.3028259277,
    "confidence": 1.53219628334,
    "first_peak_bpm": {
        "kurt": 0,
        "max": 99,
        "mean": 99,
        "median": 99,
        "min": 99,
        "skew": 0,
        "var": 0
    },
    "first_peak_spread": {
        "kurt": 0,
        "max": 0.5,
        "mean": 0.5,
        "median": 0.5,
        "min": 0.5,
        "skew": 0,
        "var": 0
    },
    "first_peak_weight": {
        "kurt": 0,
        "max": 0.363636374474,
        "mean": 0.363636374474,
        "median": 0.363636374474,
        "min": 0.363636374474,
        "skew": 0,
        "var": 0
    },
    "onset_rate": 1.763864398,
    "second_peak_bpm": {
        "kurt": 0,
        "max": 94,
        "mean": 94,
        "median": 94,
        "min": 94,
        "skew": 0,
        "var": 0
    },
    "second_peak_spread": {
        "kurt": 0,
        "max": 0.5,
        "mean": 0.5,
        "median": 0.5,
        "min": 0.5,
        "skew": 0,
        "var": 0
    },
    "second_peak_weight": {
        "kurt": 0,
        "max": 0.0909090936184,
        "mean": 0.0909090936184,
        "median": 0.0909090936184,
        "min": 0.0909090936184,
        "skew": 0,
        "var": 0
    },
    "beats_loudness_band_ratio": {
        "kurt": [-1.03076970577, 5.94752883911, 0.983158349991, 0.7716152668, -1.57606506348, 3.44228172302],
        "max": [0.869470655918, 0.844714164734, 0.430725872517, 0.0888085067272, 0.962625324726, 0.645667970181],
        "mean": [0.275989830494, 0.136790260673, 0.0970408841968, 0.0230110492557, 0.409623920918, 0.0931832045317],
        "median": [0.107720084488, 0.0649486333132, 0.0482597909868, 0.015757670626, 0.2015273422, 0.00669605098665],
        "min": [0.0106312120333, 0.00368864764459, 0.00322888139635, 0.000553757010493, 0.00326620880514, 0.00136769074015],
        "skew": [0.819061815739, 2.37821173668, 1.37330424786, 1.30109369755, 0.434480041265, 2.0778734684],
        "var": [0.0910445675254, 0.0357047021389, 0.0135038951412, 0.000632624316495, 0.149091571569, 0.0279917232692],
        "cov": [[0.0951829627156, 0.00439749378711, -0.00373244215734, -0.00104364228901, -0.0810443907976, -0.0155360372737], [0.00439749378711, 0.0373276434839, 0.0135382208973, 0.00131033186335, -0.0422587655485, -0.00356706581078], [-0.00373244215734, 0.0135382208973, 0.0141177084297, 0.00228658225387, -0.0244866833091, 0.00301618664525], [-0.00104364228901, 0.00131033186335, 0.00228658225387, 0.000661380006932, -0.00449265213683, 0.00171525822952], [-0.0810443907976, -0.0422587655485, -0.0244866833091, -0.00449265213683, 0.155868455768, -0.0145158674568], [-0.0155360372737, -0.00356706581078, 0.00301618664525, 0.00171525822952, -0.0145158674568, 0.0292640738189]]
    },
    "beats_position": [0.615328788757, 1.25387752056, 1.88081634045, 2.56580495834, 3.23918366432, 3.90095233917, 4.53950119019, 5.18965959549, 5.81659841537, 6.44353723526, 7.04725599289, 7.63936471939, 8.24308395386, 8.84680271149, 9.43891143799, 10.0426301956, 10.6463489532, 11.2500677109, 11.8537864685, 12.4575052261, 13.0496139526, 13.6417226791, 14.2338323593],
    "bpm_estimates": [95.7031173706, 95.7031173706, 95.7031173706, 99.3840255737, 101.332740784, 99.3839492798, 99.3840255737, 101.332740784, 99.3840255737, 99.3840255737, 99.3840255737, 99.3840255737, 99.3840255737, 101.332740784, 101.332740784, 101.332580566],
    "bpm_intervals": [0.638548731804, 0.626938819885, 0.684988617897, 0.673378705978, 0.66176867485, 0.638548851013, 0.650158405304, 0.626938819885, 0.626938819885, 0.603718757629, 0.592108726501, 0.603719234467, 0.603718757629, 0.592108726501, 0.603718757629, 0.603718757629, 0.603718757629, 0.603718757629, 0.603718757629, 0.592108726501, 0.592108726501, 0.592109680176],
    "onset_times": [0.0464399084449, 0.232199549675, 0.708208620548, 0.882358253002, 1.25387752056, 1.88081634045, 2.55419492722, 3.28562355042, 3.73841261864, 3.83129262924, 3.92417240143, 4.02866220474, 4.1099319458, 4.37696123123, 4.5046710968, 4.60916090012, 4.73687076569, 4.82975053787, 4.94585037231, 5.64244890213, 5.67727899551, 5.80498886108, 6.04879808426, 6.33904743195, 6.44353723526, 7.63936519623],
    "histogram": [[0, 0, 0, 0, 0, 0, 0, 0, 0, 0, 0, 0, 0, 0, 0, 0, 0, 0, 0, 0, 0, 0, 0, 0, 0, 0, 0, 0, 0, 0, 0, 0, 0, 0, 0, 0, 0, 0, 0, 0, 0, 0, 0, 0, 0, 0, 0, 0, 0, 0, 0, 0, 0, 0, 0, 0, 0, 0, 0, 0, 0, 0, 0, 0, 0, 0, 0, 0, 0, 0, 0, 0, 0, 0, 0, 0, 0, 0, 0, 0, 0, 0, 0, 0, 0, 0, 0, 0, 0.0454545468092, 0.0454545468092, 0, 0.0454545468092, 0.0454545468092, 0, 0.0909090936184, 0, 0.136363640428, 0, 0, 0.363636374474, 0, 0.227272734046, 0, 0, 0, 0, 0, 0, 0, 0, 0, 0, 0, 0, 0, 0, 0, 0, 0, 0, 0, 0, 0, 0, 0, 0, 0, 0, 0, 0, 0, 0, 0, 0, 0, 0, 0, 0, 0, 0, 0, 0, 0, 0, 0, 0, 0, 0, 0, 0, 0, 0, 0, 0, 0, 0, 0, 0, 0, 0, 0, 0, 0, 0, 0, 0, 0, 0, 0, 0, 0, 0, 0, 0, 0, 0, 0, 0, 0, 0, 0, 0, 0, 0, 0, 0, 0, 0, 0, 0, 0, 0, 0, 0, 0, 0, 0, 0, 0, 0, 0, 0, 0, 0, 0, 0, 0, 0, 0, 0, 0, 0, 0, 0, 0, 0, 0, 0, 0, 0, 0, 0, 0, 0, 0, 0, 0, 0, 0, 0, 0, 0, 0, 0, 0, 0, 0, 0, 0, 0, 0, 0, 0, 0, 0, 0, 0, 0, 0, 0]]
},
"sfx": {
    "inharmonicity": {
        "kurt": 5.84412574768,
        "max": 0.423266172409,
        "mean": 0.0388784110546,
        "median": 0.00823793187737,
        "min": 0,
        "skew": 2.27082371712,
        "var": 0.00385907618329
    },
    "oddtoevenharmonicenergyratio": {
        "kurt": 252.005187988,
        "max": 44.9463195801,
        "mean": 0.454105317593,
        "median": 0.0281429179013,
        "min": 0,
        "skew": 14.0178174973,
        "var": 5.00416612625
    },
    "pitch_after_max_to_before_max_energy_ratio": 0.708063185215,
    "pitch_centroid": 224.082260132,
    "pitch_max_to_total": 0.305031448603,
    "pitch_min_to_total": 0.875786185265,
    "tristimulus": {
        "kurt": [-1.26260054111, 0.706407308578, 0.865515708923],
        "max": [1, 0.984701752663, 0.823814928532],
        "mean": [0.653538405895, 0.185573741794, 0.160887345672],
        "median": [0.612085223198, 0.142295867205, 0.14776609838],
        "min": [0, 0, 0],
        "skew": [-0.335980802774, 1.02272498608, 1.1013469696],
        "var": [0.110735848546, 0.0390690602362, 0.0340222455561],
        "cov": [[0.110910236835, -0.0579825155437, -0.0529278069735], [-0.0579825155437, 0.0391305871308, 0.0188519395888], [-0.0529278069735, 0.0188519395888, 0.0340758226812]]
    }
},
"tonal": {
    "chords_changes_rate": 0.0846394971013,
    "chords_number_rate": 0.0376175530255,
    "chords_strength": {
        "kurt": -1.10142433643,
        "max": 0.729905247688,
        "mean": 0.480996072292,
        "median": 0.44021371007,
        "min": 0.285878717899,
        "skew": 0.366258025169,
        "var": 0.0116173140705
    },
    "key_strength": 0.490660905838,
    "tuning_diatonic_strength": 0.431442499161,
    "tuning_equal_tempered_deviation": 0.266095340252,
    "tuning_frequency": 445.627075195,
    "tuning_nontempered_energy_ratio": 0.881124019623,
    "hpcp": {
        "kurt": [3.46302509308, 4.15639543533, 5.07835292816, 6.70874500275, 6.81582355499, 0.472555875778, -1.23288846016, -0.0176301002502, 2.6078248024, 3.40605163574, 3.14451265335, 3.44742870331, 5.12654304504, 6.49253749847, 5.85493850708, 2.63206958771, 2.64666843414, 2.49975824356, 5.08374214172, 5.76032447815, 7.82330036163, 7.96584415436, 1.45636558533, 0.550887107849, 1.85139083862, 1.8436217308, 2.01252651215, 2.76939582825, 2.05704784393, 0.901838302612, 0.790361404419, 1.94836425781, 1.97759628296, 1.28177595139, 1.13634967804, 2.25228738785],
        "max": [1, 1, 1, 1, 1, 1, 1, 1, 1, 1, 1, 1, 1, 1, 1, 1, 1, 1, 1, 1, 1, 1, 1, 1, 1, 1, 1, 1, 1, 1, 1, 1, 1, 1, 1, 1],
