{
"metadata": {
    "version": {
        "essentia": "2.1-beta3"
    }
},
"lowLevel": {
    "average_loudness": 0.988334000111,
    "barkbands_kurtosis": {
        "kurt": 12.7153730392,
        "max": 2.94367265701,
        "mean": -1.04680407047,
        "median": -1.197260499,
        "min": -1.72482669353,
        "skew": 2.93205595016,
        "var": 0.344780802727
    },
    "barkbands_skewness": {
        "kurt": 1.10968780518,
        "max": 1.93540728092,
        "mean": 0.404109925032,
        "median": 0.356118142605,
        "min": -0.589637935162,
        "skew": 0.66809630394,
        "var": 0.150028914213
    },
    "barkbands_spread": {
        "kurt": -0.229420900345,
        "max": 43.9692459106,
        "mean": 32.1884536743,
        "median": 32.2669792175,
        "min": 17.9748897552,
        "skew": 0.00720157753676,
        "var": 24.2016868591
    },
    "dissonance": {
        "kurt": 120.925636292,
        "max": 0.499915033579,
        "mean": 0.479037433863,
        "median": 0.483155459166,
        "min": 0.104729101062,
        "skew": -9.85147285461,
        "var": 0.000865461828653
    },
    "hfc": {
        "kurt": 6.50019741058,
        "max": 0.765227019787,
        "mean": 0.19695712626,
        "median": 0.177584305406,
        "min": 1.47968606257e-07,
        "skew": 2.08385515213,
        "var": 0.0126317180693
    },
    "pitch": {
        "kurt": -1.51627421379,
        "max": 3877.98242188,
        "mean": 1390.66333008,
        "median": 364.601257324,
        "min": 71.1591186523,
        "skew": 0.650852560997,
        "var": 2278856.5
    },
    "pitch_instantaneous_confidence": {
        "kurt": 0.912242889404,
        "max": 0.466171145439,
        "mean": 0.234139367938,
        "median": 0.220641255379,
        "min": 0.125933051109,
        "skew": 0.964537322521,
        "var": 0.00405143946409
    },
    "pitch_salience": {
        "kurt": 2.16639375687,
        "max": 0.843993008137,
        "mean": 0.767995893955,
        "median": 0.77111852169,
        "min": 0.589450895786,
        "skew": -1.05209028721,
        "var": 0.00146180845331
    },
    "silence_rate_20dB": {
        "kurt": 0,
        "max": 1,
        "mean": 1,
        "median": 1,
        "min": 1,
        "skew": 0,
        "var": 0
    },
    "silence_rate_30dB": {
        "kurt": 0,
        "max": 1,
        "mean": 1,
        "median": 1,
        "min": 1,
        "skew": 0,
        "var": 0
    },
    "silence_rate_60dB": {
        "kurt": 0,
        "max": 1,
        "mean": 1,
        "median": 1,
        "min": 1,
        "skew": 0,
        "var": 0
    },
    "spectral_centroid": {
        "kurt": -0.318856716156,
        "max": 2076.93554688,
        "mean": 1393.609375,
        "median": 1401.23693848,
        "min": 626.814819336,
        "skew": -0.0478894375265,
        "var": 79097.96875
    },
    "spectral_complexity": {
        "kurt": 37.4239654541,
        "max": 1,
        "mean": 0.0235849060118,
        "median": 0,
        "min": 0,
        "skew": 6.27880954742,
        "var": 0.0230287332088
    },
    "spectral_crest": {
        "kurt": 6.59489440918,
        "max": 15.1384534836,
        "mean": 5.08446741104,
        "median": 4.69045352936,
        "min": 2.53786301613,
        "skew": 2.08941268921,
        "var": 3.64370536804
    },
    "spectral_decrease": {
        "kurt": 5.44999980927,
        "max": -5.10673086788e-17,
        "mean": -3.14563687598e-11,
        "median": -2.94713906057e-11,
        "min": -9.41785191499e-11,
        "skew": -1.65271949768,
        "var": 1.67685095532e-22
    },
    "spectral_energy": {
        "kurt": 5.92013645172,
        "max": 0.000424859288614,
        "mean": 0.000136588263558,
        "median": 0.000127139966935,
        "min": 2.06161185345e-10,
        "skew": 1.77521193027,
        "var": 3.40761774353e-09
    },
    "spectral_energyband_high": {
        "kurt": 4.24974393845,
        "max": 2.7997777579e-05,
        "mean": 6.78955802869e-06,
        "median": 5.8137538872e-06,
        "min": 7.75089194216e-12,
        "skew": 1.6445504427,
        "var": 1.55328840068e-11
    },
    "spectral_energyband_low": {
        "kurt": 4.76512908936,
        "max": 4.44243851234e-05,
        "mean": 9.51083075051e-06,
        "median": 8.25392635306e-06,
        "min": 9.44126582469e-11,
        "skew": 1.91107392311,
        "var": 4.91030861804e-11
    },
    "spectral_energyband_middle_high": {
        "kurt": 7.90582942963,
        "max": 0.000295066158287,
        "mean": 6.23096566414e-05,
        "median": 5.35482831765e-05,
        "min": 2.35627923423e-11,
        "skew": 2.31713151932,
        "var": 1.58026625119e-09
    },
    "spectral_energyband_middle_low": {
        "kurt": 2.2427406311,
        "max": 0.000175436667632,
        "mean": 6.20589707978e-05,
        "median": 5.92003634665e-05,
        "min": 7.32531674208e-11,
        "skew": 1.05404520035,
        "var": 6.02895955382e-10
    },
    "spectral_flatness_db": {
        "kurt": 1.03995656967,
        "max": 0.15012973547,
        "mean": 0.115099214017,
        "median": 0.114505708218,
        "min": 0.0756142064929,
        "skew": 0.45538443327,
        "var": 0.000121976539958
    },
    "spectral_flux": {
        "kurt": 3.19538402557,
        "max": 0.0161854866892,
        "mean": 0.00826159585267,
        "median": 0.00784580409527,
        "min": 0.00464395713061,
        "skew": 1.50877892971,
        "var": 3.29928616338e-06
    },
    "spectral_kurtosis": {
        "kurt": 8.54372882843,
        "max": 10.4208593369,
        "mean": 4.45935964584,
        "median": 4.28223228455,
        "min": 1.63078927994,
        "skew": 1.95796108246,
        "var": 0.872324824333
    },
    "spectral_rms": {
        "kurt": 3.71660661697,
        "max": 0.000643814331852,
        "mean": 0.000357186188921,
        "median": 0.000352191651473,
        "min": 4.48478402859e-07,
        "skew": 0.267374992371,
        "var": 5.67481794889e-09
    },
    "spectral_rolloff": {
        "kurt": 6.81050777435,
        "max": 3854.44335938,
        "mean": 3090.62353516,
        "median": 3197.68066406,
        "min": 818.26171875,
        "skew": -2.21045613289,
        "var": 206946.890625
    },
    "spectral_skewness": {
        "kurt": 1.69706916809,
        "max": 2.36780714989,
        "mean": 1.67017066479,
        "median": 1.6724960804,
        "min": 1.33336567879,
        "skew": 0.47554448247,
        "var": 0.0211696103215
    },
    "spectral_spread": {
        "kurt": 183.456512451,
        "max": 29551262,
        "mean": 4849564,
        "median": 4757387,
        "min": 3688523.5,
        "skew": 13.209397316,
        "var": 3.06908679373e+12
    },
    "spectral_strongpeak": {
        "kurt": 27.8054981232,
        "max": 0.337479203939,
        "mean": 0.0369013808668,
        "median": 0.0288176909089,
        "min": 0,
        "skew": 4.4667725563,
        "var": 0.00161829788703
    },
    "zerocrossingrate": {
        "kurt": 21.3723297119,
        "max": 0.11083984375,
        "mean": 0.0835145190358,
        "median": 0.08447265625,
        "min": 0.00244140625,
        "skew": -3.00431776047,
        "var": 9.84867947409e-05
    },
    "barkbands": {
        "kurt": [39.0104866028, 9.90154075623, 10.5625591278, 2.24921798706, 7.97345542908, 7.24289512634, 4.55420732498, 10.5342712402, 4.22518825531, 10.7274456024, 2.92112731934, 7.09883880615, 6.27875518799, 10.3661613464, 9.41464138031, 19.2336826324, 22.0332527161, 10.0059337616, 11.9034557343, 5.08200359344, 5.05581188202, 1.77459859848, 1.48933315277, 1.75482130051, 16.9936885834, 2.66706800461, 15.882352829],
        "max": [2.81364486909e-06, 2.47646366915e-05, 2.97721817333e-05, 2.37705789914e-05, 9.62904596236e-05, 5.93435179326e-05, 4.10097418353e-05, 2.98984305118e-05, 4.71963357995e-05, 7.76456072344e-05, 2.90130883513e-05, 1.69783616002e-05, 1.9222681658e-05, 1.78973368747e-05, 1.42043536471e-05, 1.8873177396e-05, 3.51050766767e-05, 5.67080060137e-05, 8.6709515017e-05, 3.03183260257e-05, 1.6227560991e-05, 1.5638847799e-06, 1.3759411388e-07, 2.63504261966e-07, 6.25009874966e-07, 7.4498611724e-09, 1.04203860818e-10],
        "mean": [1.07915482772e-07, 3.41071313414e-06, 3.77899482373e-06, 5.06418746227e-06, 1.78378249984e-05, 1.17684439829e-05, 8.686520232e-06, 4.94885034641e-06, 9.89006275631e-06, 1.01149744296e-05, 6.63885111862e-06, 3.24460120282e-06, 3.31539627041e-06, 3.15296733788e-06, 2.65284757006e-06, 3.05063622363e-06, 4.44597662863e-06, 1.05707713374e-05, 1.32429104269e-05, 6.49066714686e-06, 3.45099647348e-06, 5.03744729485e-07, 4.89124936109e-08, 8.14358998014e-08, 8.73863541528e-08, 1.75547387737e-09, 1.64623713966e-11],
        "median": [2.1001119066e-08, 2.54123278864e-06, 2.5224694582e-06, 3.93405480281e-06, 1.49928973769e-05, 9.42517181102e-06, 6.77068146615e-06, 3.72734803022e-06, 7.22282265997e-06, 5.94424955125e-06, 4.69092265121e-06, 2.46909962698e-06, 2.33764831137e-06, 2.68030407824e-06, 2.159613814e-06, 2.59204807662e-06, 3.38612380801e-06, 8.31339639262e-06, 1.0692028809e-05, 5.16329237144e-06, 2.79011487692e-06, 4.54601320143e-07, 4.51284094538e-08, 7.48149133756e-08, 6.89998316261e-08, 1.38313926978e-09, 1.31895579528e-11],
        "min": [3.33848400313e-11, 4.51343719343e-11, 2.34451520698e-11, 1.67661301509e-11, 1.62453904495e-11, 1.11676195635e-12, 8.75175539677e-12, 1.59080092849e-11, 1.33759808785e-11, 2.29271094297e-12, 2.70363440837e-12, 1.28256075465e-12, 1.01047403951e-12, 5.3089097788e-13, 1.4162202498e-13, 1.46695383705e-12, 3.63967233089e-12, 5.97245820508e-12, 3.45049206221e-12, 3.9094829804e-12, 1.98711880284e-12, 7.59956984495e-13, 6.15993584266e-13, 5.17749688608e-13, 6.12397014609e-13, 4.76117680438e-13, 5.1973177281e-13],
        "skew": [5.64880180359, 2.38154292107, 2.67935323715, 1.30509591103, 2.13425827026, 2.32798075676, 1.89267134666, 2.71457695961, 1.93555915356, 2.82548809052, 1.73712587357, 2.50734639168, 2.19580054283, 2.37642502785, 2.67770814896, 3.54497861862, 3.60648798943, 2.71946716309, 2.84952759743, 1.86865055561, 1.6643705368, 1.20390594006, 0.964544475079, 1.17112612724, 3.1820037365, 1.61194205284, 3.07522964478],
        "var": [9.08465333125e-14, 1.0004833767e-11, 1.57879490731e-11, 1.45812910357e-11, 1.68517408361e-10, 7.60121687815e-11, 4.21900049619e-11, 1.64446390533e-11, 7.14030917726e-11, 1.28382998676e-10, 3.22538593056e-11, 7.74978605594e-12, 8.00433330728e-12, 4.79148795293e-12, 4.30894686251e-12, 5.14516467626e-12, 1.40337333768e-11, 7.55582540979e-11, 1.23690419018e-10, 1.80392350363e-11, 4.84836259682e-12, 7.18297085223e-14, 4.69128509623e-16, 1.99959449023e-15, 5.13554508909e-15, 1.93474856939e-18, 1.53939036486e-22],
        "cov": [[9.1277090324e-14, 3.79518492371e-13, 2.33517252844e-13, 3.36293797985e-14, -2.71036014812e-13, -2.70574578368e-13, -8.01140092308e-14, 4.42128879149e-15, -1.49040109139e-13, -2.1213967269e-13, -2.46707791999e-13, -6.62316677739e-14, -6.7565466839e-14, -2.71060080712e-14, -6.23767733971e-14, -4.04574648522e-14, -5.3092773911e-14, -2.64965946319e-13, -1.57914493656e-13, -6.65253849187e-14, -5.06303542657e-14, -1.05141649171e-14, -9.61901520451e-16, -2.11770307033e-15, -1.51397334915e-15, -3.25517673306e-17, -3.73836626423e-19], [3.79518492371e-13, 1.00522498311e-11, 5.63012310384e-12, 1.33824971504e-12, 4.30721040431e-12, 2.25098409422e-13, -2.90391557914e-14, -5.04269044056e-13, -2.32194406931e-12, -3.29905243748e-12, -1.70139759486e-12, -2.09271727551e-13, -5.70771294811e-13, -3.7959560625e-13, -6.55854385558e-13, -6.13131670001e-13, 2.83452596247e-13, -2.20219654144e-12, -2.82042011274e-12, -6.13961355714e-13, 2.76714279745e-13, -2.35812905254e-14, -6.12236007198e-15, -2.87701262689e-15, 1.43911541484e-14, 1.66701682378e-16, -4.11576783229e-18], [2.33517252844e-13, 5.63012310384e-12, 1.58627729008e-11, 3.62866442623e-12, 2.99731268451e-12, -1.74802999766e-12, -1.32173894225e-12, -1.03667205029e-12, -1.9810297066e-12, -2.00862885894e-13, -1.56460901093e-12, -5.66342654197e-13, -1.01562671034e-12, -3.70631775054e-13, -5.64327556039e-13, 1.40587370846e-13, 1.69701085866e-14, -3.37345413106e-13, -1.18276742567e-12, -5.78269203355e-13, 1.29396048997e-12, 4.06534750525e-14, 9.69105133327e-15, -8.12701007836e-15, 3.46397342505e-14, 2.91098463024e-16, -3.93886036905e-18], [3.36293797985e-14, 1.33824971504e-12, 3.62866442623e-12, 1.46503972148e-11, 4.96368614614e-12, 3.73164118963e-13, -6.56272074444e-13, -9.40798328998e-13, -7.24590526469e-13, -4.76634443719e-12, -1.97735361071e-12, -9.80746842245e-13, 3.27148383253e-13, 2.60203778012e-13, -1.40656766562e-14, -3.3825351374e-13, 3.43955739541e-13, 4.8684878828e-13, -5.42960554989e-12, -2.49580656706e-13, 6.35521312225e-13, 4.8568340647e-14, 5.00695489979e-15, 8.84556612697e-16, 2.95100891694e-14, 3.31056315869e-16, -2.43418285246e-18], [-2.71036014812e-13, 4.30721040431e-12, 2.99731268451e-12, 4.96368614614e-12, 1.69316075049e-10, 5.92194782795e-12, -1.6656668449e-12, -7.92690565965e-13, -3.74268714978e-12, -8.01266344941e-12, -2.94336495281e-12, 3.89810666385e-12, 4.0818650543e-12, -5.17410787338e-14, 7.11707372181e-14, 5.91902178312e-13, 1.15685445164e-12, -5.0153609564e-12, 3.28212240372e-12, 3.22389727761e-12, 2.9830777605e-12, 3.12860441764e-13, 2.18856563494e-15, 2.67752925273e-14, -6.33506512223e-14, -1.48198250292e-15, -1.62971934922e-17], [-2.70574578368e-13, 2.25098409422e-13, -1.74802999766e-12, 3.73164118963e-13, 5.92194782795e-12, 7.63724153363e-11, 1.00581452889e-11, 7.27232510322e-12, 1.34714884647e-12, 1.15873153086e-11, 5.95813025653e-12, 2.26620718718e-12, 1.95346321584e-12, 2.73579791633e-12, 2.78026343267e-12, 5.44625239005e-12, 1.15993950556e-11, 1.81918802938e-11, 1.98214170771e-11, 8.5280411205e-12, 4.85312484644e-12, 3.03272191431e-13, 3.19623274787e-14, 9.01174276803e-15, 5.59118892949e-14, 1.23885641261e-15, -5.56664676262e-18], [-8.01140092308e-14, -2.90391557914e-14, -1.32173894225e-12, -6.56272074444e-13, -1.6656668449e-12, 1.00581452889e-11, 4.23899561286e-11, 9.1705714203e-12, 1.27770780067e-11, 1.06324411081e-11, 3.60798673923e-12, 4.84889472324e-12, 2.24733773257e-12, 1.85671421814e-12, 2.88643631566e-12, 4.38771328298e-12, 7.66241150391e-12, 1.23642762695e-11, 1.71145649736e-11, 5.44956701293e-12, 3.652622909e-12, 1.81245507968e-13, 1.74031474046e-14, 2.96059123126e-14, -1.1453869198e-14, 3.27005619026e-16, 2.51002497487e-18], [4.42128879149e-15, -5.04269044056e-13, -1.03667205029e-12, -9.40798328998e-13, -7.92690565965e-13, 7.27232510322e-12, 9.1705714203e-12, 1.65225749749e-11, 9.86704468131e-12, 1.70195697813e-11, 5.59351566801e-12, 2.97381000033e-12, 2.14851704136e-12, 2.80967588605e-12, 2.51683591503e-12, 4.03556441736e-12, 6.65697141508e-12, 1.40648230909e-11, 1.73295006817e-11, 5.10019413855e-12, 2.6976851742e-12, 1.7273218988e-13, 2.20417014176e-14, 4.38969031209e-14, 2.73947700733e-14, 4.83564068626e-16, 4.14642397298e-18], [-1.49040109139e-13, -2.32194406931e-12, -1.9810297066e-12, -7.24590526469e-13, -3.74268714978e-12, 1.34714884647e-12, 1.27770780067e-11, 9.86704468131e-12, 7.17414946894e-11, 6.30710275673e-11, 1.6766468422e-11, 9.03027392446e-12, 7.39795030791e-12, 5.64055269506e-12, 6.34969594265e-12, 5.72996207773e-12, 8.54256769489e-12, 3.47100022335e-11, 4.39013617126e-11, 1.44218951018e-11, 5.28570373234e-12, 8.43519806955e-13, 9.59007653563e-14, 2.50454659182e-13, 3.03523373969e-13, 7.35094155143e-15, 3.96121409792e-17], [-2.1213967269e-13, -3.29905243748e-12, -2.00862885894e-13, -4.76634443719e-12, -8.01266344941e-12, 1.15873153086e-11, 1.06324411081e-11, 1.70195697813e-11, 6.30710275673e-11, 1.28991442527e-10, 3.57656751437e-11, 1.39058608378e-11, 1.04657497946e-11, 1.19429483664e-11, 9.5546253201e-12, 1.27836899053e-11, 1.39295536911e-11, 5.77678113678e-11, 7.7756273642e-11, 2.1252581292e-11, 8.06236934853e-12, 1.19757166423e-12, 1.27734289617e-13, 2.82381052135e-13, 3.56579484906e-13, 8.33512522647e-15, 4.10193770332e-17], [-2.46707791999e-13, -1.70139759486e-12, -1.56460901093e-12, -1.97735361071e-12, -2.94336495281e-12, 5.95813025653e-12, 3.60798673923e-12, 5.59351566801e-12, 1.6766468422e-11, 3.57656751437e-11, 3.24067231383e-11, 4.57575383833e-12, 3.82567024934e-12, 4.39561408105e-12, 4.89850868202e-12, 4.72657156469e-12, 5.57906628881e-12, 1.96339420416e-11, 3.26573733334e-11, 8.92468911273e-12, 4.48588865706e-12, 4.51097763744e-13, 4.64555999192e-14, 8.33186465784e-14, 1.01870782318e-13, 2.7861865545e-15, 8.42875454778e-18], [-6.62316677739e-14, -2.09271727551e-13, -5.66342654197e-13, -9.80746842245e-13, 3.89810666385e-12, 2.26620718718e-12, 4.84889472324e-12, 2.97381000033e-12, 9.03027392446e-12, 1.39058608378e-11, 4.57575383833e-12, 7.7865153561e-12, 3.36156254742e-12, 1.69160041877e-12, 2.62745164167e-12, 3.09983158933e-12, 4.08556175002e-12, 1.03736507231e-11, 1.97968256371e-11, 5.42267402856e-12, 2.06577463469e-12, 2.74942151294e-13, 2.11389438668e-14, 3.70765023501e-14, 4.45924798009e-14, 1.30851862565e-15, 4.37493427156e-18], [-6.7565466839e-14, -5.70771294811e-13, -1.01562671034e-12, 3.27148383253e-13, 4.0818650543e-12, 1.95346321584e-12, 2.24733773257e-12, 2.14851704136e-12, 7.39795030791e-12, 1.04657497946e-11, 3.82567024934e-12, 3.36156254742e-12, 8.04226824025e-12, 2.99641930192e-12, 1.91878891248e-12, 2.09415861388e-12, 3.95762155686e-12, 6.81426616522e-12, 1.06745810108e-11, 4.29602534102e-12, 1.6809045475e-12, 2.53073332689e-13, 2.07573555241e-14, 3.20600513639e-14, 3.72607116873e-14, 9.41231375439e-16, 5.36409008294e-18], [-2.71060080712e-14, -3.7959560625e-13, -3.70631775054e-13, 2.60203778012e-13, -5.17410787338e-14, 2.73579791633e-12, 1.85671421814e-12, 2.80967588605e-12, 5.64055269506e-12, 1.19429483664e-11, 4.39561408105e-12, 1.69160041877e-12, 2.99641930192e-12, 4.81419635059e-12, 1.71818744128e-12, 1.80597399015e-12, 3.60458971699e-12, 9.50535136712e-12, 9.5294059102e-12, 3.58988967025e-12, 1.36154217241e-12, 2.24690762957e-13, 2.05995871673e-14, 3.42197888678e-14, 5.3655461286e-14, 9.87525008259e-16, 6.56153369487e-18], [-6.23767733971e-14, -6.55854385558e-13, -5.64327556039e-13, -1.40656766562e-14, 7.11707372181e-14, 2.78026343267e-12, 2.88643631566e-12, 2.51683591503e-12, 6.34969594265e-12, 9.5546253201e-12, 4.89850868202e-12, 2.62745164167e-12, 1.91878891248e-12, 1.71818744128e-12, 4.32936846095e-12, 2.35560117419e-12, 2.73845356114e-12, 8.21169868215e-12, 1.33286437443e-11, 4.15681595048e-12, 1.46326711598e-12, 1.57788726204e-13, 1.59255916018e-14, 3.78870993281e-14, 4.5392641333e-14, 9.13637794875e-16, 3.13379112145e-18], [-4.04574648522e-14, -6.13131670001e-13, 1.40587370846e-13, -3.3825351374e-13, 5.91902178312e-13, 5.44625239005e-12, 4.38771328298e-12, 4.03556441736e-12, 5.72996207773e-12, 1.27836899053e-11, 4.72657156469e-12, 3.09983158933e-12, 2.09415861388e-12, 1.80597399015e-12, 2.35560117419e-12, 5.16954925048e-12, 5.29774011118e-12, 1.32428261065e-11, 1.75736664804e-11, 4.41552176766e-12, 2.15992089665e-12, 2.40578580278e-13, 1.72269103415e-14, 2.80688795503e-14, 5.16421080161e-14, 1.02413123114e-15, 3.37926007015e-18], [-5.3092773911e-14, 2.83452596247e-13, 1.69701085866e-14, 3.43955739541e-13, 1.15685445164e-12, 1.15993950556e-11, 7.66241150391e-12, 6.65697141508e-12, 8.54256769489e-12, 1.39295536911e-11, 5.57906628881e-12, 4.08556175002e-12, 3.95762155686e-12, 3.60458971699e-12, 2.73845356114e-12, 5.29774011118e-12, 1.41002435422e-11, 1.796901343e-11, 2.33946056971e-11, 8.36637530088e-12, 5.18555467663e-12, 4.17252603996e-13, 3.16638771138e-14, 4.59129499556e-14, 7.7673327839e-14, 1.68487241066e-15, 7.20700216559e-18], [-2.64965946319e-13, -2.20219654144e-12, -3.37345413106e-13, 4.8684878828e-13, -5.0153609564e-12, 1.81918802938e-11, 1.23642762695e-11, 1.40648230909e-11, 3.47100022335e-11, 5.77678113678e-11, 1.96339420416e-11, 1.03736507231e-11, 6.81426616522e-12, 9.50535136712e-12, 8.21169868215e-12, 1.32428261065e-11, 1.796901343e-11, 7.59163495956e-11, 6.75150421681e-11, 2.01240621389e-11, 1.02499432553e-11, 1.16045389444e-12, 9.64224969942e-14, 1.53313288714e-13, 3.88090980793e-13, 6.84953912775e-15, 3.71557090362e-17], [-1.57914493656e-13, -2.82042011274e-12, -1.18276742567e-12, -5.42960554989e-12, 3.28212240372e-12, 1.98214170771e-11, 1.71145649736e-11, 1.73295006817e-11, 4.39013617126e-11, 7.7756273642e-11, 3.26573733334e-11, 1.97968256371e-11, 1.06745810108e-11, 9.5294059102e-12, 1.33286437443e-11, 1.75736664804e-11, 2.33946056971e-11, 6.75150421681e-11, 1.24276630653e-10, 3.08303486907e-11, 1.42109475229e-11, 1.68347757609e-12, 1.16134085313e-13, 2.06663909618e-13, 3.7699783074e-13, 7.77115120843e-15, 4.02178754156e-17], [-6.65253849187e-14, -6.13961355714e-13, -5.78269203355e-13, -2.49580656706e-13, 3.22389727761e-12, 8.5280411205e-12, 5.44956701293e-12, 5.10019413855e-12, 1.44218951018e-11, 2.1252581292e-11, 8.92468911273e-12, 5.42267402856e-12, 4.29602534102e-12, 3.58988967025e-12, 4.15681595048e-12, 4.41552176766e-12, 8.36637530088e-12, 2.01240621389e-11, 3.08303486907e-11, 1.81247291481e-11, 6.58147581573e-12, 6.05483165775e-13, 5.57155335052e-14, 7.92701475749e-14, 1.31695246071e-13, 2.8216209073e-15, 1.25099296869e-17], [-5.06303542657e-14, 2.76714279745e-13, 1.29396048997e-12, 6.35521312225e-13, 2.9830777605e-12, 4.85312484644e-12, 3.652622909e-12, 2.6976851742e-12, 5.28570373234e-12, 8.06236934853e-12, 4.48588865706e-12, 2.06577463469e-12, 1.6809045475e-12, 1.36154217241e-12, 1.46326711598e-12, 2.15992089665e-12, 5.18555467663e-12, 1.02499432553e-11, 1.42109475229e-11, 6.58147581573e-12, 4.87134074398e-12, 3.63332004457e-13, 2.78392336717e-14, 2.83078698964e-14, 7.41193808803e-14, 1.36708184835e-15, 4.59585312006e-18], [-1.05141649171e-14, -2.35812905254e-14, 4.06534750525e-14, 4.8568340647e-14, 3.12860441764e-13, 3.03272191431e-13, 1.81245507968e-13, 1.7273218988e-13, 8.43519806955e-13, 1.19757166423e-12, 4.51097763744e-13, 2.74942151294e-13, 2.53073332689e-13, 2.24690762957e-13, 1.57788726204e-13, 2.40578580278e-13, 4.17252603996e-13, 1.16045389444e-12, 1.68347757609e-12, 6.05483165775e-13, 3.63332004457e-13, 7.21701344519e-14, 3.72842600503e-15, 5.09777716052e-15, 1.11493820293e-14, 2.14671341938e-16, 1.01162513874e-18], [-9.61901520451e-16, -6.12236007198e-15, 9.69105133327e-15, 5.00695489979e-15, 2.18856563494e-15, 3.19623274787e-14, 1.74031474046e-14, 2.20417014176e-14, 9.59007653563e-14, 1.27734289617e-13, 4.64555999192e-14, 2.11389438668e-14, 2.07573555241e-14, 2.05995871673e-14, 1.59255916018e-14, 1.72269103415e-14, 3.16638771138e-14, 9.64224969942e-14, 1.16134085313e-13, 5.57155335052e-14, 2.78392336717e-14, 3.72842600503e-15, 4.7135186523e-16, 5.79226010925e-16, 9.21116778162e-16, 1.83936215434e-17, 6.7009087167e-20], [-2.11770307033e-15, -2.87701262689e-15, -8.12701007836e-15, 8.84556612697e-16, 2.67752925273e-14, 9.01174276803e-15, 2.96059123126e-14, 4.38969031209e-14, 2.50454659182e-13, 2.82381052135e-13, 8.33186465784e-14, 3.70765023501e-14, 3.20600513639e-14, 3.42197888678e-14, 3.78870993281e-14, 2.80688795503e-14, 4.59129499556e-14, 1.53313288714e-13, 2.06663909618e-13, 7.92701475749e-14, 2.83078698964e-14, 5.09777716052e-15, 5.79226010925e-16, 2.0090713066e-15, 1.85659097654e-15, 4.27074806099e-17, 1.72381738394e-19], [-1.51397334915e-15, 1.43911541484e-14, 3.46397342505e-14, 2.95100891694e-14, -6.33506512223e-14, 5.59118892949e-14, -1.1453869198e-14, 2.73947700733e-14, 3.03523373969e-13, 3.56579484906e-13, 1.01870782318e-13, 4.45924798009e-14, 3.72607116873e-14, 5.3655461286e-14, 4.5392641333e-14, 5.16421080161e-14, 7.7673327839e-14, 3.88090980793e-13, 3.7699783074e-13, 1.31695246071e-13, 7.41193808803e-14, 1.11493820293e-14, 9.21116778162e-16, 1.85659097654e-15, 5.15988415732e-15, 8.06457091231e-17, 4.2035739332e-19], [-3.25517673306e-17, 1.66701682378e-16, 2.91098463024e-16, 3.31056315869e-16, -1.48198250292e-15, 1.23885641261e-15, 3.27005619026e-16, 4.83564068626e-16, 7.35094155143e-15, 8.33512522647e-15, 2.7861865545e-15, 1.30851862565e-15, 9.41231375439e-16, 9.87525008259e-16, 9.13637794875e-16, 1.02413123114e-15, 1.68487241066e-15, 6.84953912775e-15, 7.77115120843e-15, 2.8216209073e-15, 1.36708184835e-15, 2.14671341938e-16, 1.83936215434e-17, 4.27074806099e-17, 8.06457091231e-17, 1.94391786648e-18, 8.08601118175e-21], [-3.73836626423e-19, -4.11576783229e-18, -3.93886036905e-18, -2.43418285246e-18, -1.62971934922e-17, -5.56664676262e-18, 2.51002497487e-18, 4.14642397298e-18, 3.96121409792e-17, 4.10193770332e-17, 8.42875454778e-18, 4.37493427156e-18, 5.36409008294e-18, 6.56153369487e-18, 3.13379112145e-18, 3.37926007015e-18, 7.20700216559e-18, 3.71557090362e-17, 4.02178754156e-17, 1.25099296869e-17, 4.59585312006e-18, 1.01162513874e-18, 6.7009087167e-20, 1.72381738394e-19, 4.2035739332e-19, 8.08601118175e-21, 1.54668612916e-22]]
    },
    "mfcc": {
        "kurt": [44.7010574341, 65.4789428711, 1.43036365509, 1.66423273087, 0.0792059898376, 0.12567281723, -0.0922834873199, -0.32769536972, -0.475719928741, -0.206928014755, 0.122779130936, 0.616506814957, 1.94160223007],
        "max": [-819.750671387, 138.588775635, 1.44635009766, 61.1619644165, 1.52111816406, 2.28881835938e-05, 30.0093307495, 4.7214050293, 13.1284713745, 6.54970741272, 12.9776039124, 13.7124099731, 15.9325180054],
        "mean": [-875.677062988, 118.907447815, -41.4670448303, 40.340839386, -14.5242528915, -19.1157169342, 12.7273664474, -9.83340644836, 0.0963537469506, -8.27910137177, -3.24890780449, -5.85766792297, -9.702501297],
        "median": [-875.052490234, 119.670936584, -40.8620910645, 39.8151626587, -13.7165031433, -19.5979919434, 12.8054962158, -9.78586387634, 0.00123596191406, -8.4822807312, -2.69993591309, -5.56865692139, -10.048995018],
        "min": [-1138.42004395, 1.14440917969e-05, -74.9152984619, 8.01086425781e-05, -37.0085449219, -42.5524787903, -4.73146057129, -27.7643127441, -16.57380867, -23.0427856445, -17.7627220154, -27.5394592285, -24.9864864349],
        "skew": [-4.73630428314, -6.20463037491, 0.0544463358819, -0.111068129539, -0.379124581814, -0.0689693763852, 0.0494935140014, -0.081559881568, -0.045322932303, 0.0170680154115, -0.0466649532318, -0.268905669451, 0.537933886051],
        "var": [698.708190918, 117.856018066, 130.098617554, 69.9181365967, 55.1332206726, 57.5669784546, 41.624671936, 37.4298362732, 38.6233787537, 31.6132392883, 29.9265327454, 39.7393989563, 29.0867881775],
        "cov": [[702.01965332, 149.138900757, -208.601913452, 54.609413147, -77.8062438965, -63.1866798401, 52.9661026001, 7.22110366821, 46.5805702209, -37.7432861328, 7.87426710129, -43.1962738037, -33.8380012512], [149.138900757, 118.414581299, 1.6169052124, 18.8957824707, 4.74124002457, -0.0780104473233, 10.3660163879, 1.57474577427, -3.48722243309, 3.55533289909, -4.15237903595, 1.12170493603, -6.54825878143], [-208.601913452, 1.6169052124, 130.715194702, 14.5642747879, 39.7492980957, 34.5249061584, -8.94099330902, -0.219175368547, -8.05637836456, 15.2256298065, 0.796378314495, 17.7911911011, 8.1917924881], [54.609413147, 18.8957824707, 14.5642747879, 70.24949646, 17.291387558, 5.80252361298, 4.3191781044, -8.48595809937, 1.61436498165, -11.1341190338, -1.22529411316, 13.2578668594, 3.54213237762], [-77.8062438965, 4.74124002457, 39.7492980957, 17.291387558, 55.3945159912, 27.3087749481, -5.10282850266, -2.91769337654, -7.47220134735, 4.79560041428, 2.30488181114, 14.2371759415, 5.70719623566], [-63.1866798401, -0.0780104473233, 34.5249061584, 5.80252361298, 27.3087749481, 57.839805603, 13.6935424805, -1.79731607437, -3.87728977203, 1.70967495441, 4.68327379227, 10.9842185974, 1.19110810757], [52.9661026001, 10.3660163879, -8.94099330902, 4.3191781044, -5.10282850266, 13.6935424805, 41.8219451904, 22.8067207336, 13.9734706879, 2.51764345169, 1.28022134304, -9.9325428009, -2.95725750923], [7.22110366821, 1.57474577427, -0.219175368547, -8.48595809937, -2.91769337654, -1.79731607437, 22.8067207336, 37.6072273254, 19.062204361, 3.85128593445, 3.02906036377, -11.4838533401, -3.17093610764], [46.5805702209, -3.48722243309, -8.05637836456, 1.61436498165, -7.47220134735, -3.87728977203, 13.9734706879, 19.062204361, 38.806427002, 9.1954870224, 7.01360177994, -4.41142129898, -5.61768770218], [-37.7432861328, 3.55533289909, 15.2256298065, -11.1341190338, 4.79560041428, 1.70967495441, 2.51764345169, 3.85128593445, 9.1954870224, 31.7630653381, 11.3034791946, 6.1776881218, 6.296875], [7.87426710129, -4.15237903595, 0.796378314495, -1.22529411316, 2.30488181114, 4.68327379227, 1.28022134304, 3.02906036377, 7.01360177994, 11.3034791946, 30.0683631897, 13.5117721558, 3.79355096817], [-43.1962738037, 1.12170493603, 17.7911911011, 13.2578668594, 14.2371759415, 10.9842185974, -9.9325428009, -11.4838533401, -4.41142129898, 6.1776881218, 13.5117721558, 39.9277381897, 17.4915122986], [-33.8380012512, -6.54825878143, 8.1917924881, 3.54213237762, 5.70719623566, 1.19110810757, -2.95725750923, -3.17093610764, -5.61768770218, 6.296875, 3.79355096817, 17.4915122986, 29.2246398926]]
    },
    "sccoeffs": {
        "kurt": [0.840197563171, -0.436528205872, 1.26640939713, 0.430349826813, 5.40129184723, 17.0395832062],
        "max": [-0.615124046803, -0.76136469841, -0.72608423233, -0.795014441013, -0.788588881493, -0.769646465778],
        "mean": [-0.77323448658, -0.841303527355, -0.855687141418, -0.862824440002, -0.85076969862, -0.814003586769],
        "median": [-0.778303384781, -0.843598842621, -0.860216617584, -0.86335504055, -0.850444197655, -0.814792513847],
        "min": [-0.937175869942, -0.927202939987, -0.947540283203, -0.911984622478, -0.959289371967, -0.94754832983],
        "skew": [0.229886353016, 0.183578804135, 0.630819916725, 0.246793881059, -0.530482590199, -2.12076997757],
        "var": [0.00213528051972, 0.00111396762077, 0.000916391145438, 0.000357297016308, 0.000336848403094, 0.000283305387711],
        "cov": [[0.00214540027082, -2.43996491918e-05, 6.0567905166e-05, -5.73259058001e-05, 4.97996988997e-05, 0.00015743363474], [-2.43996491918e-05, 0.00111924705561, -3.55950251105e-05, 7.52010237193e-05, 5.23573216924e-05, 9.35526477406e-05], [6.0567905166e-05, -3.55950251105e-05, 0.000920734193642, 3.43430438079e-05, 0.000172148560523, 1.29025911519e-05], [-5.73259058001e-05, 7.52010237193e-05, 3.43430438079e-05, 0.000358990364475, 4.79853406432e-05, 5.29642566107e-05], [4.97996988997e-05, 5.23573216924e-05, 0.000172148560523, 4.79853406432e-05, 0.000338444835506, 8.92970783752e-05], [0.00015743363474, 9.35526477406e-05, 1.29025911519e-05, 5.29642566107e-05, 8.92970783752e-05, 0.000284648063825]]
    },
    "scvalleys": {
        "kurt": [43.5269927979, 96.1245574951, 79.5292129517, 124.368843079, 106.317451477, 96.197013855],
        "max": [-6.83843851089, -6.54129314423, -6.6663608551, -7.77026462555, -7.69634866714, -10.6359300613],
        "mean": [-8.01020050049, -7.61153125763, -7.86717939377, -8.53635692596, -8.5131778717, -11.1896085739],
        "median": [-7.9837770462, -7.56970787048, -7.81333780289, -8.50889205933, -8.49662017822, -11.1452827454],
        "min": [-13.2656679153, -14.4989051819, -14.6209354401, -16.3158245087, -15.1201934814, -16.6164703369],
        "skew": [-4.58072710037, -8.14626979828, -7.15235137939, -9.88362884521, -8.82859516144, -8.28653430939],
        "var": [0.281077295542, 0.327697277069, 0.346421301365, 0.368542730808, 0.287165939808, 0.203547716141],
        "cov": [[0.28240942955, 0.160357445478, 0.15668977797, 0.181646555662, 0.158324450254, 0.128199577332], [0.160357445478, 0.329250365496, 0.246749356389, 0.276341199875, 0.244404599071, 0.194958254695], [0.15668977797, 0.246749356389, 0.348063111305, 0.306105524302, 0.275046318769, 0.231294110417], [0.181646555662, 0.276341199875, 0.306105524302, 0.370289385319, 0.295331299305, 0.241958513856], [0.158324450254, 0.244404599071, 0.275046318769, 0.295331299305, 0.288526892662, 0.221414282918], [0.128199577332, 0.194958254695, 0.231294110417, 0.241958513856, 0.221414282918, 0.204512387514]]
    }
},
"rhythm": {
    "beats_loudness": {
        "kurt": -0.188412904739,
        "max": 0.00014388866839,
        "mean": 0.00010447412933,
        "median": 0.000106979976408,
        "min": 7.37314621801e-05,
        "skew": 0.48548078537,
        "var": 4.13726664039e-10
    },
    "bpm": 93.9879302979,
    "confidence": 0,
    "first_peak_bpm": {
        "kurt": 0,
        "max": 92,
        "mean": 92,
        "median": 92,
        "min": 92,
        "skew": 0,
        "var": 0
    },
    "first_peak_spread": {
        "kurt": 0,
        "max": 0.600000023842,
        "mean": 0.600000023842,
        "median": 0.600000023842,
        "min": 0.600000023842,
        "skew": 0,
        "var": 0
    },
    "first_peak_weight": {
        "kurt": 0,
        "max": 0.333333343267,
        "mean": 0.333333343267,
        "median": 0.333333343267,
        "min": 0.333333343267,
        "skew": 0,
        "var": 0
    },
    "onset_rate": 1.84476804733,
    "second_peak_bpm": {
        "kurt": 0,
        "max": 98,
        "mean": 98,
        "median": 98,
        "min": 98,
        "skew": 0,
        "var": 0
    },
    "second_peak_spread": {
        "kurt": 0,
        "max": 0,
        "mean": 0,
        "median": 0,
        "min": 0,
        "skew": 0,
        "var": 0
    },
    "second_peak_weight": {
        "kurt": 0,
        "max": 0.166666671634,
        "mean": 0.166666671634,
        "median": 0.166666671634,
        "min": 0.166666671634,
        "skew": 0,
        "var": 0
    },
    "beats_loudness_band_ratio": {
        "kurt": [-1.1330640316, -0.451406955719, -1.17199158669, -1.38141620159, -0.491690158844, -0.209557056427],
        "max": [0.300756782293, 0.402108043432, 0.336908638477, 0.172334730625, 0.235956788063, 0.180906295776],
        "mean": [0.182900220156, 0.285018384457, 0.203281894326, 0.117458559573, 0.140957027674, 0.123893909156],
        "median": [0.188076883554, 0.303369939327, 0.197420716286, 0.134499564767, 0.126419574022, 0.123102374375],
        "min": [0.102093309164, 0.148329913616, 0.0827224105597, 0.0682215839624, 0.0922252833843, 0.0572786405683],
        "skew": [0.31634119153, -0.305329322815, 0.16467410326, -0.101532660425, 0.918111145496, -0.27717924118],
        "var": [0.00471405312419, 0.00555318268016, 0.00743955140933, 0.00134142918978, 0.00233185687102, 0.00126180716325],
        "cov": [[0.00549972848967, -0.00151825824287, 0.000181712632184, 6.91872555763e-05, -0.00228508957662, -0.00113844906446], [-0.00151825824287, 0.00647871335968, -0.00540760206059, 0.00088749662973, 0.000360402482329, -0.00142427766696], [0.000181712632184, -0.00540760206059, 0.00867947656661, -0.00273440289311, -0.00202610925771, 0.00154315854888], [6.91872555763e-05, 0.00088749662973, -0.00273440289311, 0.0015650006244, 0.000693885085639, -0.000726088183001], [-0.00228508957662, 0.000360402482329, -0.00202610925771, 0.000693885085639, 0.00272049964406, 0.000865002628416], [-0.00113844906446, -0.00142427766696, 0.00154315854888, -0.000726088183001, 0.000865002628416, 0.00147210841533]]
    },
    "beats_position": [0.650158703327, 1.30031740665, 1.91564619541, 2.55419492722, 3.20435357094, 3.83129239082, 4.45823097229],
    "bpm_estimates": [92.28515625, 93.9630737305, 92.2851715088, 95.7031173706, 95.7031555176],
    "bpm_intervals": [0.650158703327, 0.615328788757, 0.638548731804, 0.650158643723, 0.626938819885, 0.626938581467],
    "onset_times": [0.0116099771112, 0.53405892849, 1.11455786228, 1.32353746891, 1.55573701859, 2.12462592125, 2.99537420273, 3.21596360207, 3.43655323982],
    "histogram": [[0, 0, 0, 0, 0, 0, 0, 0, 0, 0, 0, 0, 0, 0, 0, 0, 0, 0, 0, 0, 0, 0, 0, 0, 0, 0, 0, 0, 0, 0, 0, 0, 0, 0, 0, 0, 0, 0, 0, 0, 0, 0, 0, 0, 0, 0, 0, 0, 0, 0, 0, 0, 0, 0, 0, 0, 0, 0, 0, 0, 0, 0, 0, 0, 0, 0, 0, 0, 0, 0, 0, 0, 0, 0, 0, 0, 0, 0, 0, 0, 0, 0, 0, 0, 0, 0, 0, 0, 0, 0, 0, 0, 0.333333343267, 0, 0.166666671634, 0, 0.333333343267, 0, 0.166666671634, 0, 0, 0, 0, 0, 0, 0, 0, 0, 0, 0, 0, 0, 0, 0, 0, 0, 0, 0, 0, 0, 0, 0, 0, 0, 0, 0, 0, 0, 0, 0, 0, 0, 0, 0, 0, 0, 0, 0, 0, 0, 0, 0, 0, 0, 0, 0, 0, 0, 0, 0, 0, 0, 0, 0, 0, 0, 0, 0, 0, 0, 0, 0, 0, 0, 0, 0, 0, 0, 0, 0, 0, 0, 0, 0, 0, 0, 0, 0, 0, 0, 0, 0, 0, 0, 0, 0, 0, 0, 0, 0, 0, 0, 0, 0, 0, 0, 0, 0, 0, 0, 0, 0, 0, 0, 0, 0, 0, 0, 0, 0, 0, 0, 0, 0, 0, 0, 0, 0, 0, 0, 0, 0, 0, 0, 0, 0, 0, 0, 0, 0, 0, 0, 0, 0, 0, 0, 0, 0, 0, 0, 0, 0, 0, 0, 0, 0, 0, 0, 0, 0]]
},
"sfx": {
    "inharmonicity": {
        "kurt": -0.937845230103,
        "max": 0.322251111269,
        "mean": 0.0911969542503,
        "median": 0.0713104829192,
        "min": 0,
        "skew": 0.558420538902,
        "var": 0.00815274380147
    },
    "oddtoevenharmonicenergyratio": {
        "kurt": 34.0835952759,
        "max": 7.94760751724,
        "mean": 0.566115021706,
        "median": 0.365553855896,
        "min": 0,
        "skew": 4.84908246994,
        "var": 0.767607152462
    },
    "pitch_after_max_to_before_max_energy_ratio": 0.819702684879,
    "pitch_centroid": 101.928108215,
    "pitch_max_to_total": 0.51415091753,
    "pitch_min_to_total": 0.882075488567,
    "tristimulus": {
        "kurt": [-1.56335222721, -1.03638768196, -1.67184984684],
        "max": [1, 0.58467322588, 0.805366039276],
        "mean": [0.461364775896, 0.194170609117, 0.344464451075],
        "median": [0.232624590397, 0.229869559407, 0.460302174091],
        "min": [0, 0, 0],
        "skew": [0.507119476795, 0.10500498116, -0.237557783723],
        "var": [0.158850342035, 0.0256100967526, 0.0768216252327],
        "cov": [[0.159603193402, -0.0540745034814, -0.105528756976], [-0.0540745034814, 0.0257314704359, 0.0283430088311], [-0.105528756976, 0.0283430088311, 0.0771857053041]]
    }
},
"tonal": {
    "chords_changes_rate": 0.168224304914,
    "chords_number_rate": 0.0373831763864,
    "chords_strength": {
        "kurt": -0.529779195786,
        "max": 0.504060149193,
        "mean": 0.360678881407,
        "median": 0.357601135969,
        "min": 0.260076671839,
        "skew": 0.535526931286,
        "var": 0.00384786049835
    },
    "key_strength": 0.27674382925,
    "tuning_diatonic_strength": 0.398877561092,
    "tuning_equal_tempered_deviation": 0.287404000759,
    "tuning_frequency": 438.731048584,
    "tuning_nontempered_energy_ratio": 0.900596141815,
    "hpcp": {
        "kurt": [0.786552667618, 0.11116194725, 0.647056341171, 0.0816905498505, 0.517795085907, -0.341963768005, -0.0081889629364, -0.122128009796, 0.229881763458, 1.79712677002, 3.0420460701, 2.91156959534, 1.00729513168, 1.41622257233, 3.39854860306, 4.11842250824, 0.338321685791, 0.999814748764, 0.312643289566, 0.494366884232, 2.79735898972, 3.10364723206, 0.897623538971, -0.434238433838, -0.650727748871, 0.787280321121, 0.156389951706, 0.0782699584961, -0.11461186409, -0.923415660858, -0.785211086273, -0.506561279297, -0.783983945847, -0.497636556625, -0.586692094803, -0.344599962234],
        "max": [1, 1, 1, 1, 1, 0.851164162159, 1, 1, 1, 1, 1, 1, 0.898675024509, 1, 1, 1, 0.853931963444, 1, 1, 0.804081857204, 1, 0.994408547878, 0.958154559135, 1, 1, 1, 1, 1, 1, 1, 1, 1, 1, 1, 1, 1],
        "mean": [0.37320843339, 0.385433584452, 0.386449038982, 0.385313361883, 0.392793685198, 0.39706659317, 0.426126331091, 0.409417271614, 0.36821782589, 0.314574688673, 0.284782081842, 0.279736489058, 0.273466914892, 0.306405365467, 0.290996074677, 0.252289414406, 0.286515504122, 0.345417767763, 0.328751593828, 0.262952119112, 0.249833330512, 0.265162914991, 0.316037505865, 0.441156089306, 0.450485408306, 0.384099036455, 0.394832968712, 0.401491910219, 0.419118285179, 0.471931040287, 0.519819319248, 0.530256032944, 0.523260772228, 0.504709601402, 0.482701003551, 0.429982811213],
