{
"metadata": {
    "version": {
        "essentia": "2.1-beta3"
    }
},
"lowLevel": {
    "average_loudness": 0.900505006313,
    "barkbands_kurtosis": {
        "kurt": 12.5322523117,
        "max": 91.6746520996,
        "mean": 10.0058078766,
        "median": 5.55050182343,
        "min": -1.3801817894,
        "skew": 3.08268713951,
        "var": 152.183898926
    },
    "barkbands_skewness": {
        "kurt": 1.56237220764,
        "max": 7.15457344055,
        "mean": 1.72182679176,
        "median": 1.38208949566,
        "min": -1.67208003998,
        "skew": 1.10242009163,
        "var": 1.87790930271
    },
    "barkbands_spread": {
        "kurt": 1.91867876053,
        "max": 14.540599823,
        "mean": 3.51399588585,
        "median": 2.91552519798,
        "min": 0.296320617199,
        "skew": 1.27229738235,
        "var": 5.11908197403
    },
    "dissonance": {
        "kurt": -0.16947054863,
        "max": 0.499437004328,
        "mean": 0.378230363131,
        "median": 0.382513731718,
        "min": 0.15668822825,
        "skew": -0.421086519957,
        "var": 0.00404741615057
    },
    "hfc": {
        "kurt": 6.46226406097,
        "max": 0.703467309475,
        "mean": 0.099076397717,
        "median": 0.0644440129399,
        "min": 8.18580588202e-07,
        "skew": 2.32384157181,
        "var": 0.0118801984936
    },
    "pitch": {
        "kurt": -1.02592551708,
        "max": 803.139160156,
        "mean": 328.823516846,
        "median": 297.519805908,
        "min": 73.4633026123,
        "skew": 0.1313252002,
        "var": 22074.7929688
    },
    "pitch_instantaneous_confidence": {
        "kurt": -0.930550813675,
        "max": 0.977404236794,
        "mean": 0.653627514839,
        "median": 0.651716470718,
        "min": 0.23666960001,
        "skew": -0.117888890207,
        "var": 0.031241543591
    },
    "pitch_salience": {
        "kurt": -0.0529177188873,
        "max": 0.822221696377,
        "mean": 0.53821772337,
        "median": 0.556636691093,
        "min": 0.0651721432805,
        "skew": -0.593072593212,
        "var": 0.0222104787827
    },
    "silence_rate_20dB": {
        "kurt": 0,
        "max": 1,
        "mean": 1,
        "median": 1,
        "min": 1,
        "skew": 0,
        "var": 0
    },
    "silence_rate_30dB": {
        "kurt": 0,
        "max": 1,
        "mean": 1,
        "median": 1,
        "min": 1,
        "skew": 0,
        "var": 0
    },
    "silence_rate_60dB": {
        "kurt": 0,
        "max": 1,
        "mean": 1,
        "median": 1,
        "min": 1,
        "skew": 0,
        "var": 0
    },
    "spectral_centroid": {
        "kurt": 2.12290382385,
        "max": 842.725830078,
        "mean": 520.627746582,
        "median": 523.526550293,
        "min": 124.387321472,
        "skew": -0.788673996925,
        "var": 11287.9375
    },
    "spectral_complexity": {
        "kurt": 1.32547521591,
        "max": 4,
        "mean": 0.799126625061,
        "median": 1,
        "min": 0,
        "skew": 1.14862155914,
        "var": 0.771878421307
    },
    "spectral_crest": {
        "kurt": -0.753956794739,
        "max": 26.1097297668,
        "mean": 14.071346283,
        "median": 13.2731323242,
        "min": 4.47233390808,
        "skew": 0.376569449902,
        "var": 23.2457332611
    },
    "spectral_decrease": {
        "kurt": 13.0399589539,
        "max": -2.82370847294e-16,
        "mean": -5.28439063341e-11,
        "median": -3.09312263302e-11,
        "min": -6.02809413497e-10,
        "skew": -3.09842276573,
        "var": 4.53707435074e-21
    },
    "spectral_energy": {
        "kurt": 12.2844400406,
        "max": 0.00231665116735,
        "mean": 0.000208431389183,
        "median": 0.000122305587865,
        "min": 1.13997300488e-09,
        "skew": 3.01940464973,
        "var": 6.90341650511e-08
    },
    "spectral_energyband_high": {
        "kurt": 7.97170829773,
        "max": 3.30289310568e-07,
        "mean": 4.11007405887e-08,
        "median": 2.82680261421e-08,
        "min": 7.78258620743e-12,
        "skew": 2.37916684151,
        "var": 1.69657586489e-15
    },
    "spectral_energyband_low": {
        "kurt": 61.4757995605,
        "max": 0.00170614640228,
        "mean": 2.7914522434e-05,
        "median": 3.83933866033e-07,
        "min": 1.19327629375e-11,
        "skew": 7.31349182129,
        "var": 2.02162109275e-08
    },
    "spectral_energyband_middle_high": {
        "kurt": 20.9971904755,
        "max": 0.000239296408836,
        "mean": 1.68692404259e-05,
        "median": 6.88301861373e-06,
        "min": 1.75552641868e-10,
        "skew": 4.341132164,
        "var": 1.08048325842e-09
    },
    "spectral_energyband_middle_low": {
        "kurt": 8.44847869873,
        "max": 0.00148690189235,
        "mean": 0.00016830554523,
        "median": 0.000103687401861,
        "min": 7.31999572068e-10,
        "skew": 2.56492590904,
        "var": 3.79897073799e-08
    },
    "spectral_flatness_db": {
        "kurt": -0.403222560883,
        "max": 0.500590145588,
        "mean": 0.331326276064,
        "median": 0.334568023682,
        "min": 0.176555722952,
        "skew": 0.0330387800932,
        "var": 0.00393149163574
    },
    "spectral_flux": {
        "kurt": 14.3753089905,
        "max": 0.0317418575287,
        "mean": 0.00531459599733,
        "median": 0.00447851466015,
        "min": 7.98713226686e-05,
        "skew": 3.07961559296,
        "var": 1.36726694109e-05
    },
    "spectral_kurtosis": {
        "kurt": -0.238925695419,
        "max": 181.665008545,
        "mean": 60.7852478027,
        "median": 51.6137466431,
        "min": 10.0805568695,
        "skew": 0.767994999886,
        "var": 1223.4765625
    },
    "spectral_rms": {
        "kurt": 2.22474527359,
        "max": 0.00150337873492,
        "mean": 0.000390153611079,
        "median": 0.000345430918969,
        "min": 1.05459412225e-06,
        "skew": 1.30435717106,
        "var": 5.11279800719e-08
    },
    "spectral_rolloff": {
        "kurt": 2.50747489929,
        "max": 1528.85742188,
        "mean": 649.068115234,
        "median": 624.462890625,
        "min": 150.732421875,
        "skew": 0.854800522327,
        "var": 25763.5546875
    },
    "spectral_skewness": {
        "kurt": -0.460335254669,
        "max": 10.9478034973,
        "mean": 5.69583082199,
        "median": 5.35044240952,
        "min": 2.81517076492,
        "skew": 0.607879936695,
        "var": 3.08159017563
    },
    "spectral_spread": {
        "kurt": 28.6092777252,
        "max": 7858972,
        "mean": 1311513.75,
        "median": 1173563.75,
        "min": 485759.3125,
        "skew": 3.53294634819,
        "var": 344486150144
    },
    "spectral_strongpeak": {
        "kurt": 1.62265872955,
        "max": 0.615419626236,
        "mean": 0.155168920755,
        "median": 0.124054148793,
        "min": 0,
        "skew": 1.34976160526,
        "var": 0.016252676025
    },
    "zerocrossingrate": {
        "kurt": 0.940252780914,
        "max": 0.04296875,
        "mean": 0.0253806747496,
        "median": 0.02490234375,
        "min": 0.00537109375,
        "skew": -0.0808126926422,
        "var": 2.68340008915e-05
    },
    "barkbands": {
        "kurt": [137.418289185, 75.9016342163, 141.800842285, 85.9515075684, 60.0496635437, 8.96892547607, 21.8283500671, 11.9028816223, 16.0414581299, 23.473575592, 95.2457275391, 76.1265106201, 246.528900146, 11.0031890869, 10.7954044342, 163.7368927, 16.2324581146, 25.1031360626, 40.5424995422, 28.141210556, 7.92826080322, 180.703659058, 110.125518799, 38.7561035156, 24.7498664856, 20.3999996185, 39.6666679382],
        "max": [3.82357284252e-05, 0.000868442002684, 0.00111859373283, 0.000399200303946, 0.000182828254765, 0.000198295441805, 0.00131168856751, 0.00063293526182, 0.000221007518121, 0.000230126606766, 8.36703984533e-05, 3.50444715878e-05, 2.97092901747e-05, 9.35876141739e-06, 4.43303724751e-06, 1.11699910121e-05, 1.67142877672e-06, 9.30304395297e-07, 7.70068254496e-07, 4.58828822048e-07, 1.93750494759e-07, 7.43683230553e-08, 1.3331464821e-08, 3.10207304288e-09, 1.47236722814e-09, 1.47154011199e-10, 1.54779675188e-10],
        "mean": [4.56209789945e-07, 1.36774306156e-05, 1.02744688775e-05, 5.35532262802e-06, 7.2382667895e-06, 1.82992571354e-05, 7.29612293071e-05, 4.67443642265e-05, 1.52721422637e-05, 1.23861173051e-05, 2.13640214497e-06, 1.14153749564e-06, 7.45120246393e-07, 7.90927458638e-07, 4.40387253775e-07, 2.21310656912e-07, 1.25755803992e-07, 5.85806780862e-08, 4.79329180791e-08, 3.15722736843e-08, 2.45911966346e-08, 2.15934692349e-09, 3.91141508072e-10, 1.65548033615e-10, 9.1030454008e-11, 9.87119500723e-12, 6.0602638359e-12],
        "median": [2.35916708391e-09, 7.85012090887e-08, 1.31391132641e-07, 2.05599917535e-07, 2.69869906333e-06, 7.49719811211e-06, 2.24302038987e-05, 1.20483337014e-05, 3.8553421291e-06, 2.55512759395e-06, 6.40189114165e-07, 3.89783025412e-07, 3.91741053818e-07, 3.20840257473e-07, 1.98689576791e-07, 8.89370994628e-08, 5.50809104993e-08, 3.0474740953e-08, 2.897586171e-08, 1.91140241412e-08, 1.4798072101e-08, 1.22917565015e-09, 1.78688258634e-10, 7.49126038979e-11, 3.84463329228e-11, 4.26665907466e-12, 1.53331828571e-12],
        "min": [1.65559799485e-13, 2.09377762524e-12, 5.53513485047e-12, 1.74531882002e-11, 1.3879160321e-10, 8.93669166446e-11, 6.88390525139e-11, 2.77238343394e-10, 1.37148820079e-10, 1.29160831336e-11, 4.5335471488e-11, 3.63073113241e-12, 5.61445724981e-12, 1.21204496092e-11, 8.76395202069e-13, 7.07203393069e-13, 3.13481852239e-13, 2.17458689944e-12, 7.00778953096e-13, 3.02232262654e-12, 2.99779320291e-12, 1.49105142296e-12, 9.76555858748e-13, 5.00075241633e-13, 4.52377772828e-13, 2.87807565323e-14, 5.29845451232e-15],
        "skew": [10.5771913528, 8.12445068359, 10.7201709747, 8.7206735611, 7.05038833618, 2.7115316391, 4.26114034653, 3.246062994, 3.65735030174, 4.6311416626, 9.01374721527, 7.07445526123, 12.8863687515, 2.99402499199, 2.96242833138, 11.7574472427, 3.7526550293, 4.07791805267, 4.665620327, 3.89101076126, 2.53754043579, 11.2021799088, 9.71810150146, 5.36907100677, 4.38037395477, 3.71916341782, 5.3706612587],
        "var": [5.39936975338e-12, 5.14472286994e-09, 4.35114033692e-09, 1.03402508778e-09, 2.68580657714e-10, 6.84444501076e-10, 2.31490631108e-08, 7.85230014344e-09, 8.54375625803e-10, 9.87721460177e-10, 4.20541761137e-11, 5.6456636241e-12, 2.03491715665e-12, 1.4977695733e-12, 3.9827565074e-13, 4.93676443041e-13, 4.47209171008e-14, 7.30428528263e-15, 3.47961664128e-15, 1.42248860277e-15, 8.02694531174e-16, 1.5277183844e-17, 9.67457416347e-19, 8.51893731952e-20, 2.53035518732e-20, 2.21530973874e-22, 1.8322107366e-22],
        "cov": [[5.40724062748e-12, 9.43449138258e-11, 6.27861304614e-11, 3.23006274505e-11, 1.17916162945e-11, -1.36034911634e-12, -1.15964746486e-11, 2.67175014751e-11, -5.91685901663e-12, -4.52215565341e-12, -1.70552889303e-13, -2.46257739677e-13, -5.61053583963e-14, 2.29448431826e-13, -1.34244633977e-14, 4.98730776729e-13, -6.43852242521e-16, -4.06149503e-15, 1.02816924896e-14, 1.8544266803e-14, 1.44578020888e-14, 2.88577454745e-15, 9.6595266728e-16, 2.96421138655e-16, 1.47433469538e-16, 9.20951047563e-18, 3.66936533907e-18], [9.43449138258e-11, 5.15222264852e-09, 2.63527866196e-09, 1.58142665629e-09, 6.44128084204e-10, -5.34527318241e-11, -2.51849485711e-10, 8.15147893629e-10, -1.84531848135e-10, -1.36351763214e-10, -8.73723489392e-12, -8.06153494654e-12, -9.8711696369e-13, 3.62000707188e-12, 1.16422298438e-14, 1.20314669685e-11, -3.8054626182e-13, -1.92978486381e-13, 2.02246639575e-13, 4.78103505137e-13, 3.34318510375e-13, 8.52117177817e-14, 2.4695447171e-14, 7.27822038477e-15, 3.79120935763e-15, 2.90018390137e-16, 1.49043930634e-16], [6.27861304614e-11, 2.63527866196e-09, 4.35748326311e-09, 1.56587542932e-09, 7.2209405122e-10, -6.83848767544e-12, -2.99646946145e-10, 1.12593223633e-09, -1.34133953944e-10, -1.09770387224e-10, -4.09713495769e-12, -7.45681121017e-12, -2.82562059688e-12, 1.48370129117e-12, -1.5589565229e-12, 1.28729240809e-11, -2.92987124362e-13, -1.69226923598e-13, 1.43521127057e-13, 3.24779265981e-13, 2.23674865522e-13, 7.00755168411e-14, 1.98252618342e-14, 6.54262266854e-15, 3.45134395205e-15, 2.98476543511e-16, 1.69575387235e-16], [3.23006274505e-11, 1.58142665629e-09, 1.56587542932e-09, 1.03553243758e-09, 3.75074721282e-10, 2.27278894489e-12, -1.43299386246e-10, 5.97045690665e-10, -6.75716357867e-11, -5.44814957038e-11, -2.16522698208e-12, -3.28422293701e-12, -1.13540654743e-12, 2.71749376474e-12, -1.05087282192e-12, 8.37788258906e-12, -1.85506801977e-13, -9.5270457647e-14, 1.16066675043e-13, 1.8311674605e-13, 9.03951054092e-14, 3.50462727957e-14, 1.12247840553e-14, 3.30901340603e-15, 1.48510646631e-15, 1.26527412616e-16, 6.88665380863e-17], [1.17916162945e-11, 6.44128084204e-10, 7.2209405122e-10, 3.75074721282e-10, 2.68972177864e-10, 1.13182076558e-11, -8.92708268418e-11, 5.06955477597e-10, -1.61972726898e-11, 8.19102251304e-12, -2.48245868306e-12, 9.46023858209e-13, 1.30721410259e-12, 2.00939915748e-12, 2.25564568922e-14, 3.42149138882e-12, 4.21905840478e-15, -3.7914990429e-14, 1.01235731224e-13, 7.93590657056e-14, 2.66012916312e-14, 1.42039234446e-14, 4.22829572259e-15, 1.24599795915e-15, 5.74095797062e-16, 5.10460666806e-17, 2.81513385253e-17], [-1.36034911634e-12, -5.34527318241e-11, -6.83848767544e-12, 2.27278894489e-12, 1.13182076558e-11, 6.85442202997e-10, 8.19771403537e-11, 2.11015496743e-10, 1.88599622031e-10, 1.04679369339e-10, 1.49059963591e-12, 1.23701361654e-11, 1.75997454457e-12, 1.0520021269e-12, 6.81989512606e-13, 1.45884888371e-12, -4.81198299252e-14, 1.52565853288e-13, 1.34736663558e-13, 1.93493157152e-14, 1.1249222311e-13, 8.84688051034e-15, 1.02014308239e-15, 6.28165986431e-17, -6.45738876062e-17, -1.20604608351e-18, 1.04179717197e-17], [-1.15964746486e-11, -2.51849485711e-10, -2.99646946145e-10, -1.43299386246e-10, -8.92708268418e-11, 8.19771403537e-11, 2.31828085617e-08, 7.91633494868e-11, -1.58033169884e-10, 1.70062075533e-10, -5.810517692e-11, -1.24260688544e-11, 1.91366714142e-11, 3.46949795282e-11, 6.81518123186e-12, -3.99033800794e-12, 2.98462578437e-12, 9.072382492e-16, -1.28500373319e-13, -1.91489903903e-13, -5.39582755647e-14, -1.18030924119e-14, -7.14686251531e-15, -2.83366635109e-15, -1.18373616708e-15, 5.87111622966e-16, 7.20063290796e-16], [2.67175014751e-11, 8.15147893629e-10, 1.12593223633e-09, 5.97045690665e-10, 5.06955477597e-10, 2.11015496743e-10, 7.91633494868e-11, 7.86374698691e-09, 4.73914019139e-10, 1.47963830077e-09, 6.58569336218e-12, 2.31272102164e-11, 2.52758456526e-11, 3.48323522803e-11, 1.57075706608e-11, 7.55955714693e-12, 7.52122051705e-13, 4.33145950747e-13, 6.46642136538e-13, 2.13928565617e-13, 1.2795160439e-13, 3.11808819866e-14, 6.90907495603e-15, 5.80668719793e-16, 7.8352347566e-17, 2.26844820046e-16, 2.63301197506e-16], [-5.91685901663e-12, -1.84531848135e-10, -1.34133953944e-10, -6.75716357867e-11, -1.61972726898e-11, 1.88599622031e-10, -1.58033169884e-10, 4.73914019139e-10, 8.55621073992e-10, 1.84886925214e-10, 6.64557436858e-11, 3.46201990686e-11, 1.24303648971e-11, 2.34477433129e-12, 1.26633415126e-12, 9.41875375436e-13, -2.29725499691e-13, 9.00209431737e-13, 1.86197208368e-13, -8.19219265178e-15, -6.17265307674e-15, -7.05849495606e-15, -2.21394824775e-15, -9.29653070325e-16, -6.45105851283e-16, 3.61319274444e-17, 7.81476170557e-17], [-4.52215565341e-12, -1.36351763214e-10, -1.09770387224e-10, -5.44814957038e-11, 8.19102251304e-12, 1.04679369339e-10, 1.70062075533e-10, 1.47963830077e-09, 1.84886925214e-10, 9.89161308418e-10, 3.11462184169e-12, 7.98147832548e-12, 3.76312436073e-12, 1.49375379687e-12, 4.98295588819e-12, -4.57924713773e-13, -1.78420754733e-13, 9.57205574027e-14, 8.40901783969e-14, 2.32459163003e-14, -5.80193716421e-14, -2.34832346033e-15, -1.19568780197e-15, -8.62227659537e-16, -5.1126575177e-16, 4.72952294279e-17, 8.10834332509e-17], [-1.70552889303e-13, -8.73723489392e-12, -4.09713495769e-12, -2.16522698208e-12, -2.48245868306e-12, 1.49059963591e-12, -5.810517692e-11, 6.58569336218e-12, 6.64557436858e-11, 3.11462184169e-12, 4.21154777719e-11, 4.99999607689e-12, 8.55444404549e-13, 3.3498431893e-13, -1.19530795852e-13, 2.25650932401e-13, -2.81462729507e-14, 1.77282084954e-13, -9.03683611909e-15, -1.19053436882e-14, -4.39325030687e-15, 8.46243036091e-16, 6.18231348751e-17, -4.12495747803e-17, -3.34431173063e-17, 2.71107163634e-18, 6.05416054587e-18], [-2.46257739677e-13, -8.06153494654e-12, -7.45681121017e-12, -3.28422293701e-12, 9.46023858209e-13, 1.23701361654e-11, -1.24260688544e-11, 2.31272102164e-11, 3.46201990686e-11, 7.98147832548e-12, 4.99999607689e-12, 5.65389315227e-12, 1.2391371566e-12, 3.21703763888e-13, 3.14726136862e-14, 1.68617656188e-13, -9.51749407062e-16, 3.78390081855e-14, 1.37170124841e-14, 1.81502622278e-15, -2.54157762714e-15, -1.76045210175e-17, -8.0158837232e-17, -4.63178394336e-17, -2.77877628676e-17, 9.38457291252e-19, 3.01829788958e-18], [-5.61053583963e-14, -9.8711696369e-13, -2.82562059688e-12, -1.13540654743e-12, 1.30721410259e-12, 1.75997454457e-12, 1.91366714142e-11, 2.52758456526e-11, 1.24303648971e-11, 3.76312436073e-12, 8.55444404549e-13, 1.2391371566e-12, 2.0378835338e-12, 6.69740196461e-13, 1.54525494505e-13, 1.70088105384e-13, 3.25077523222e-14, 1.84955437738e-14, 2.32261296106e-14, 6.5771947418e-15, 4.44540212543e-15, 1.18200681697e-16, -5.82319004672e-17, -1.35982462557e-17, -1.05944143075e-17, 1.27884221672e-18, 1.96991925506e-18], [2.29448431826e-13, 3.62000707188e-12, 1.48370129117e-12, 2.71749376474e-12, 2.00939915748e-12, 1.0520021269e-12, 3.46949795282e-11, 3.48323522803e-11, 2.34477433129e-12, 1.49375379687e-12, 3.3498431893e-13, 3.21703763888e-13, 6.69740196461e-13, 1.49995293963e-12, 1.08311221049e-13, 2.16303835737e-13, 5.49891925885e-14, 1.69344281707e-14, 1.1412399312e-14, 6.01268624597e-15, 5.97202188824e-15, 6.77314702618e-16, 1.98534570199e-16, 2.96762426759e-17, 3.28299651278e-18, 1.94547387076e-20, 5.65376035825e-19], [-1.34244633977e-14, 1.16422298438e-14, -1.5589565229e-12, -1.05087282192e-12, 2.25564568922e-14, 6.81989512606e-13, 6.81518123186e-12, 1.57075706608e-11, 1.26633415126e-12, 4.98295588819e-12, -1.19530795852e-13, 3.14726136862e-14, 1.54525494505e-13, 1.08311221049e-13, 3.98856241004e-13, 2.57745315705e-14, 2.95474365461e-14, 7.7842361734e-15, 1.0146268862e-14, 5.4345561898e-15, 3.98899832707e-15, 3.80870846275e-17, 7.08179431781e-18, -2.32562372057e-19, 1.90435808293e-19, 1.00295783689e-18, 1.05790744498e-18], [4.98730776729e-13, 1.20314669685e-11, 1.28729240809e-11, 8.37788258906e-12, 3.42149138882e-12, 1.45884888371e-12, -3.99033800794e-12, 7.55955714693e-12, 9.41875375436e-13, -4.57924713773e-13, 2.25650932401e-13, 1.68617656188e-13, 1.70088105384e-13, 2.16303835737e-13, 2.57745315705e-14, 4.94396082233e-13, 1.70407308056e-14, 9.80972827248e-15, 1.41317782603e-14, 1.09136722419e-14, 5.52607598217e-15, 1.78599289797e-15, 5.57003201582e-16, 1.29234225513e-16, 4.90929873753e-17, 2.09381229926e-18, 6.02771992439e-19], [-6.43852242521e-16, -3.8054626182e-13, -2.92987124362e-13, -1.85506801977e-13, 4.21905840478e-15, -4.81198299252e-14, 2.98462578437e-12, 7.52122051705e-13, -2.29725499691e-13, -1.78420754733e-13, -2.81462729507e-14, -9.51749407062e-16, 3.25077523222e-14, 5.49891925885e-14, 2.95474365461e-14, 1.70407308056e-14, 4.47861081446e-14, 6.15332717302e-15, 3.59636848635e-15, 1.24795449938e-15, 9.42630991506e-16, 3.91991429343e-17, 8.76185852609e-18, 3.10016152496e-19, -7.57482425838e-19, -1.45711729386e-19, -1.12982687013e-19], [-4.06149503e-15, -1.92978486381e-13, -1.69226923598e-13, -9.5270457647e-14, -3.7914990429e-14, 1.52565853288e-13, 9.072382492e-16, 4.33145950747e-13, 9.00209431737e-13, 9.57205574027e-14, 1.77282084954e-13, 3.78390081855e-14, 1.84955437738e-14, 1.69344281707e-14, 7.7842361734e-15, 9.80972827248e-15, 6.15332717302e-15, 7.31493333381e-15, 1.43914232931e-15, 8.47347514115e-16, 2.75475443238e-16, 3.37943017985e-17, 7.30755424085e-18, 9.82171098288e-19, 5.6284956774e-19, 7.85027488537e-20, 6.54080144679e-20], [1.02816924896e-14, 2.02246639575e-13, 1.43521127057e-13, 1.16066675043e-13, 1.01235731224e-13, 1.34736663558e-13, -1.28500373319e-13, 6.46642136538e-13, 1.86197208368e-13, 8.40901783969e-14, -9.03683611909e-15, 1.37170124841e-14, 2.32261296106e-14, 1.1412399312e-14, 1.0146268862e-14, 1.41317782603e-14, 3.59636848635e-15, 1.43914232931e-15, 3.48468909808e-15, 1.37114654771e-15, 5.00798065669e-16, 7.00931675254e-17, 1.75417446264e-17, 5.81406310127e-18, 2.37120607691e-18, 1.17832666665e-19, 1.30438910509e-20], [1.8544266803e-14, 4.78103505137e-13, 3.24779265981e-13, 1.8311674605e-13, 7.93590657056e-14, 1.93493157152e-14, -1.91489903903e-13, 2.13928565617e-13, -8.19219265178e-15, 2.32459163003e-14, -1.19053436882e-14, 1.81502622278e-15, 6.5771947418e-15, 6.01268624597e-15, 5.4345561898e-15, 1.09136722419e-14, 1.24795449938e-15, 8.47347514115e-16, 1.37114654771e-15, 1.42456213943e-15, 4.89859005732e-16, 7.27979157795e-17, 1.85808191334e-17, 5.92564480282e-18, 3.28380218669e-18, 1.7622313931e-19, 1.9126071739e-20], [1.44578020888e-14, 3.34318510375e-13, 2.23674865522e-13, 9.03951054092e-14, 2.66012916312e-14, 1.1249222311e-13, -5.39582755647e-14, 1.2795160439e-13, -6.17265307674e-15, -5.80193716421e-14, -4.39325030687e-15, -2.54157762714e-15, 4.44540212543e-15, 5.97202188824e-15, 3.98899832707e-15, 5.52607598217e-15, 9.42630991506e-16, 2.75475443238e-16, 5.00798065669e-16, 4.89859005732e-16, 8.03864654251e-16, 4.97944133737e-17, 1.21072432754e-17, 4.11000155624e-18, 2.39693945897e-18, 1.30499554803e-19, 2.68098380752e-20], [2.88577454745e-15, 8.52117177817e-14, 7.00755168411e-14, 3.50462727957e-14, 1.42039234446e-14, 8.84688051034e-15, -1.18030924119e-14, 3.11808819866e-14, -7.05849495606e-15, -2.34832346033e-15, 8.46243036091e-16, -1.76045210175e-17, 1.18200681697e-16, 6.77314702618e-16, 3.80870846275e-17, 1.78599289797e-15, 3.91991429343e-17, 3.37943017985e-17, 7.00931675254e-17, 7.27979157795e-17, 4.97944133737e-17, 1.52994532004e-17, 3.3608180784e-18, 8.39339340377e-19, 4.60121955768e-19, 2.0127485346e-20, 1.36349071557e-21], [9.6595266728e-16, 2.4695447171e-14, 1.98252618342e-14, 1.12247840553e-14, 4.22829572259e-15, 1.02014308239e-15, -7.14686251531e-15, 6.90907495603e-15, -2.21394824775e-15, -1.19568780197e-15, 6.18231348751e-17, -8.0158837232e-17, -5.82319004672e-17, 1.98534570199e-16, 7.08179431781e-18, 5.57003201582e-16, 8.76185852609e-18, 7.30755424085e-18, 1.75417446264e-17, 1.85808191334e-17, 1.21072432754e-17, 3.3608180784e-18, 9.68867759292e-19, 2.48987852576e-19, 1.22230307768e-19, 5.5287758557e-21, 8.24123214876e-22], [2.96421138655e-16, 7.27822038477e-15, 6.54262266854e-15, 3.30901340603e-15, 1.24599795915e-15, 6.28165986431e-17, -2.83366635109e-15, 5.80668719793e-16, -9.29653070325e-16, -8.62227659537e-16, -4.12495747803e-17, -4.63178394336e-17, -1.35982462557e-17, 2.96762426759e-17, -2.32562372057e-19, 1.29234225513e-16, 3.10016152496e-19, 9.82171098288e-19, 5.81406310127e-18, 5.92564480282e-18, 4.11000155624e-18, 8.39339340377e-19, 2.48987852576e-19, 8.53135536847e-20, 4.04159671812e-20, 2.01094755885e-21, 3.15736869393e-22], [1.47433469538e-16, 3.79120935763e-15, 3.45134395205e-15, 1.48510646631e-15, 5.74095797062e-16, -6.45738876062e-17, -1.18373616708e-15, 7.8352347566e-17, -6.45105851283e-16, -5.1126575177e-16, -3.34431173063e-17, -2.77877628676e-17, -1.05944143075e-17, 3.28299651278e-18, 1.90435808293e-19, 4.90929873753e-17, -7.57482425838e-19, 5.6284956774e-19, 2.37120607691e-18, 3.28380218669e-18, 2.39693945897e-18, 4.60121955768e-19, 1.22230307768e-19, 4.04159671812e-20, 2.53404373431e-20, 1.34965159618e-21, 2.53184314307e-22], [9.20951047563e-18, 2.90018390137e-16, 2.98476543511e-16, 1.26527412616e-16, 5.10460666806e-17, -1.20604608351e-18, 5.87111622966e-16, 2.26844820046e-16, 3.61319274444e-17, 4.72952294279e-17, 2.71107163634e-18, 9.38457291252e-19, 1.27884221672e-18, 1.94547387076e-20, 1.00295783689e-18, 2.09381229926e-18, -1.45711729386e-19, 7.85027488537e-20, 1.17832666665e-19, 1.7622313931e-19, 1.30499554803e-19, 2.0127485346e-20, 5.5287758557e-21, 2.01094755885e-21, 1.34965159618e-21, 2.21853914596e-22, 1.72529610257e-22], [3.66936533907e-18, 1.49043930634e-16, 1.69575387235e-16, 6.88665380863e-17, 2.81513385253e-17, 1.04179717197e-17, 7.20063290796e-16, 2.63301197506e-16, 7.81476170557e-17, 8.10834332509e-17, 6.05416054587e-18, 3.01829788958e-18, 1.96991925506e-18, 5.65376035825e-19, 1.05790744498e-18, 6.02771992439e-19, -1.12982687013e-19, 6.54080144679e-20, 1.30438910509e-20, 1.9126071739e-20, 2.68098380752e-20, 1.36349071557e-21, 8.24123214876e-22, 3.15736869393e-22, 2.53184314307e-22, 1.72529610257e-22, 1.83488150408e-22]]
    },
    "mfcc": {
        "kurt": [4.53499221802, 8.05377197266, 1.51113843918, 0.115975856781, -0.301883459091, 0.799174070358, -0.0989553928375, -0.000271797180176, 0.436326265335, -0.124239206314, 0.513333320618, 0.249433755875, 0.419589281082],
        "max": [-904.21472168, 199.692626953, 84.1650390625, 40.9582252502, 28.0488166809, 25.0314025879, 12.6416053772, 17.4815006256, 24.0243492126, 27.9088001251, 27.8105583191, 30.5909748077, 34.4733390808],
        "mean": [-989.635192871, 139.632873535, 22.1447639465, -27.2047634125, -26.8335781097, -23.6966056824, -22.1665325165, -16.2697315216, -5.81219673157, 1.18358421326, 1.18862760067, 0.588830649853, 0.933370947838],
        "median": [-987.046142578, 141.651123047, 20.6973876953, -29.0616226196, -29.0970115662, -26.0282249451, -22.6561203003, -15.8851623535, -5.7144241333, 1.19871520996, 0.520587921143, 0.330879211426, 0.00896453857422],
        "min": [-1138.42004395, 1.14440917969e-05, -29.0347099304, -71.1072769165, -68.5798034668, -54.4010734558, -51.6362991333, -46.8218841553, -42.675743103, -25.4919204712, -31.303396225, -36.1184654236, -20.9930839539],
        "skew": [-1.25018072128, -1.71617174149, 0.675623476505, 0.530763924122, 0.554822564125, 0.842870533466, 0.322538346052, -0.0604164749384, -0.21363799274, 0.0202919505537, 0.144784346223, 0.131922751665, 0.40716034174],
        "var": [818.801757812, 520.74432373, 258.148071289, 417.902435303, 355.090057373, 184.84942627, 130.842102051, 98.6959686279, 89.3482284546, 88.7037353516, 83.4467163086, 99.0926361084, 82.1891174316],
        "cov": [[819.995361328, 604.82635498, -92.9111557007, -79.0422210693, 62.3614578247, 0.243769437075, -49.3107528687, -32.6343727112, 22.9763851166, 41.47813797, 10.2801609039, 11.1793413162, 18.1709289551], [604.82635498, 521.503417969, 43.7569351196, -41.7000770569, 32.3491668701, 24.3928279877, -15.4649095535, -16.4259910583, 22.4058856964, 33.6377792358, 15.2304115295, 14.4678535461, 13.2308320999], [-92.9111557007, 43.7569351196, 258.524383545, 209.830352783, 106.651527405, 103.757286072, 82.0694274902, 36.9079246521, 31.9345417023, 32.4990997314, 34.2827224731, 46.9576530457, 38.7328147888], [-79.0422210693, -41.7000770569, 209.830352783, 418.511627197, 334.173522949, 180.034347534, 102.900741577, 54.8016967773, 67.9790649414, 76.7999954224, 62.3891220093, 93.5970993042, 95.2311172485], [62.3614578247, 32.3491668701, 106.651527405, 334.173522949, 355.607696533, 200.956130981, 76.5360641479, 36.1130599976, 74.6253662109, 86.4735717773, 61.7133407593, 84.2843170166, 89.5544281006], [0.243769437075, 24.3928279877, 103.757286072, 180.034347534, 200.956130981, 185.118881226, 110.100990295, 35.907535553, 47.8877906799, 59.6361427307, 36.5509986877, 44.1315956116, 50.1671676636], [-49.3107528687, -15.4649095535, 82.0694274902, 102.900741577, 76.5360641479, 110.100990295, 131.032836914, 75.5619277954, 31.0601425171, 16.8840579987, 4.45286083221, 11.3841314316, 20.4100551605], [-32.6343727112, -16.4259910583, 36.9079246521, 54.8016967773, 36.1130599976, 35.907535553, 75.5619277954, 98.83984375, 59.194896698, 0.876247942448, -16.6411972046, -3.94187998772, 6.03683948517], [22.9763851166, 22.4058856964, 31.9345417023, 67.9790649414, 74.6253662109, 47.8877906799, 31.0601425171, 59.194896698, 89.478477478, 53.5973358154, 2.6923122406, 2.69058442116, 18.0273361206], [41.47813797, 33.6377792358, 32.4990997314, 76.7999954224, 86.4735717773, 59.6361427307, 16.8840579987, 0.876247942448, 53.5973358154, 88.8330459595, 52.7498970032, 20.8511943817, 20.2295475006], [10.2801609039, 15.2304115295, 34.2827224731, 62.3891220093, 61.7133407593, 36.5509986877, 4.45286083221, -16.6411972046, 2.6923122406, 52.7498970032, 83.568359375, 64.3059005737, 21.5479946136], [11.1793413162, 14.4678535461, 46.9576530457, 93.5970993042, 84.2843170166, 44.1315956116, 11.3841314316, -3.94187998772, 2.69058442116, 20.8511943817, 64.3059005737, 99.2370834351, 62.6018409729], [18.1709289551, 13.2308320999, 38.7328147888, 95.2311172485, 89.5544281006, 50.1671676636, 20.4100551605, 6.03683948517, 18.0273361206, 20.2295475006, 21.5479946136, 62.6018409729, 82.308921814]]
    },
    "sccoeffs": {
        "kurt": [-0.554803133011, -0.50702548027, -0.117377758026, -0.159645318985, -0.214754104614, -0.180611371994],
        "max": [-0.557285428047, -0.535595297813, -0.584236860275, -0.694111764431, -0.758587181568, -0.766717195511],
        "mean": [-0.753293156624, -0.73444890976, -0.778147935867, -0.802412509918, -0.839943349361, -0.831723332405],
        "median": [-0.758738219738, -0.737832963467, -0.786134362221, -0.80260938406, -0.842010140419, -0.834123790264],
        "min": [-0.931617021561, -0.910210907459, -0.907358646393, -0.906189680099, -0.919562757015, -0.923287689686],
        "skew": [0.196313202381, 0.180471032858, 0.509322702885, -0.0355511717498, 0.337567150593, 0.10604263097],
        "var": [0.00514813885093, 0.00528628705069, 0.00339893135242, 0.00156657735351, 0.000747451849747, 0.000649633817375],
        "cov": [[0.00515564344823, 0.000840643479023, 0.000845315749757, 0.000549087824766, -1.09731772682e-05, 0.000497465778608], [0.000840643479023, 0.00529399327934, 0.00119938328862, 0.00096151343314, 0.000450676918263, 0.000187761077541], [0.000845315749757, 0.00119938328862, 0.00340388598852, 0.000738925125916, 0.000518925720826, 0.000423472898547], [0.000549087824766, 0.00096151343314, 0.000738925125916, 0.00156886095647, 0.000403923157137, 0.00017119187396], [-1.09731772682e-05, 0.000450676918263, 0.000518925720826, 0.000403923157137, 0.000748541438952, 0.000297582737403], [0.000497465778608, 0.000187761077541, 0.000423472898547, 0.00017119187396, 0.000297582737403, 0.00065058079781]]
    },
    "scvalleys": {
        "kurt": [2.29277324677, 12.0262899399, 15.7412319183, 20.0288333893, 12.6870584488, 0.776062726974],
        "max": [-5.98456287384, -6.54411888123, -6.55023860931, -8.22334098816, -9.90326404572, -12.730173111],
        "mean": [-9.25832843781, -7.84936571121, -9.05639648438, -10.417889595, -11.6757850647, -14.5365304947],
        "median": [-9.42903709412, -7.79963445663, -9.02825260162, -10.3878736496, -11.6827173233, -14.6257476807],
        "min": [-14.4421415329, -12.9753437042, -14.0064430237, -15.467165947, -16.1586723328, -17.0199699402],
        "skew": [0.444696128368, -1.91167902946, -2.1617064476, -2.70909762383, -1.85791862011, 0.41060641408],
        "var": [0.946239829063, 0.348951756954, 0.357927471399, 0.299967229366, 0.298438727856, 0.335505664349],
        "cov": [[0.947619199753, 0.064960591495, 0.0098928892985, 0.240360721946, 0.345189809799, 0.407812058926], [0.064960591495, 0.349460422993, 0.239403352141, 0.203936889768, 0.153155475855, 0.0427235737443], [0.0098928892985, 0.239403352141, 0.35844925046, 0.210299968719, 0.139690846205, 0.0284620337188], [0.240360721946, 0.203936889768, 0.210299968719, 0.30040448904, 0.244372531772, 0.156448572874], [0.345189809799, 0.153155475855, 0.139690846205, 0.244372531772, 0.298873782158, 0.23906250298], [0.407812058926, 0.0427235737443, 0.0284620337188, 0.156448572874, 0.23906250298, 0.335994720459]]
    }
},
"rhythm": {
    "beats_loudness": {
        "kurt": 3.36754608154,
        "max": 0.00179081072565,
        "mean": 0.000356460455805,
        "median": 0.000209678895772,
        "min": 1.98105335585e-05,
        "skew": 1.83987748623,
        "var": 1.63430428302e-07
    },
    "bpm": 110.463264465,
    "confidence": 1.97035956383,
    "first_peak_bpm": {
        "kurt": 0,
        "max": 110,
        "mean": 110,
        "median": 110,
        "min": 110,
        "skew": 0,
        "var": 0
    },
    "first_peak_spread": {
        "kurt": 0,
        "max": 0.478260874748,
        "mean": 0.478260874748,
        "median": 0.478260874748,
        "min": 0.478260874748,
        "skew": 0,
        "var": 0
    },
    "first_peak_weight": {
        "kurt": 0,
        "max": 0.444444447756,
        "mean": 0.444444447756,
        "median": 0.444444447756,
        "min": 0.444444447756,
        "skew": 0,
        "var": 0
    },
    "onset_rate": 3.32856726646,
    "second_peak_bpm": {
        "kurt": 0,
        "max": 115,
        "mean": 115,
        "median": 115,
        "min": 115,
        "skew": 0,
        "var": 0
    },
    "second_peak_spread": {
        "kurt": 0,
        "max": 0,
        "mean": 0,
        "median": 0,
        "min": 0,
        "skew": 0,
        "var": 0
    },
    "second_peak_weight": {
        "kurt": 0,
        "max": 0.074074074626,
        "mean": 0.074074074626,
        "median": 0.074074074626,
        "min": 0.074074074626,
        "skew": 0,
        "var": 0
    },
    "beats_loudness_band_ratio": {
        "kurt": [8.45522785187, 1.14231777191, 0.00525903701782, -0.417909860611, 11.5661087036, 2.01921701431],
        "max": [0.875792205334, 0.622315943241, 0.955829977989, 0.284618318081, 0.0934538394213, 0.00753244245425],
        "mean": [0.0867793411016, 0.176148086786, 0.649920463562, 0.0950537547469, 0.0109997913241, 0.00139513483737],
        "median": [0.00532643031329, 0.110871344805, 0.708715558052, 0.0662962943316, 0.00449027772993, 0.000401917350246],
        "min": [0.000231297759456, 0.0242077074945, 0.0741506516933, 0.00200001872145, 0.00023621202854, 2.91641263175e-05],
        "skew": [3.18083047867, 1.44271326065, -0.861182689667, 1.02145600319, 3.36029577255, 1.83014965057],
        "var": [0.0483655408025, 0.0267797857523, 0.0561855621636, 0.00794940348715, 0.000341954088071, 4.37490825789e-06],
        "cov": [[0.0501568578184, -0.00803320296109, -0.0379795245826, -0.00433320086449, -0.000101843994344, -8.14976465335e-06], [-0.00803320296109, 0.0277716293931, -0.017690056935, -0.000912563642487, 0.000195937231183, 1.9969922505e-05], [-0.0379795245826, -0.017690056935, 0.058266505599, -0.00302595994435, -0.000911245530006, -0.000111762718007], [-0.00433320086449, -0.000912563642487, -0.00302595994435, 0.00824382621795, 0.000540540902875, 8.05875170045e-05], [-0.000101843994344, 0.000195937231183, -0.000911245530006, 0.000540540902875, 0.000354619027348, 3.17327721859e-05], [-8.14976465335e-06, 1.9969922505e-05, -0.000111762718007, 8.05875170045e-05, 3.17327721859e-05, 4.53694156022e-06]]
    },
    "beats_position": [0.568888902664, 1.14938771725, 1.74149656296, 2.29877543449, 2.85605430603, 3.41333317757, 3.97061228752, 4.51628112793, 5.06195020676, 5.60761880875, 6.15328788757, 6.6989569664, 7.24462556839, 7.79029464722, 8.33596324921, 8.893242836, 9.43891143799, 9.98458003998, 10.5070295334, 11.0294780731, 11.5635375977, 12.0975961685, 12.6316547394, 13.1657142639, 13.6997728348, 14.2454423904, 14.7911109924, 15.3251695633],
    "bpm_estimates": [107.666023254, 107.666023254, 107.666023254, 107.665977478, 109.956802368, 109.956756592, 109.956848145, 109.956756592, 109.956756592, 109.956848145, 109.956756592, 109.956848145, 107.665885925, 109.956848145, 109.956848145, 114.843635559, 114.843849182, 112.34703064, 112.347229004, 112.347229004, 112.34703064, 112.347229004, 109.95665741, 109.956848145, 112.347229004],
    "bpm_intervals": [0.580498814583, 0.592108845711, 0.557278871536, 0.557278871536, 0.557278871536, 0.557279109955, 0.545668840408, 0.545669078827, 0.54566860199, 0.545669078827, 0.545669078827, 0.54566860199, 0.545669078827, 0.54566860199, 0.557279586792, 0.54566860199, 0.54566860199, 0.522449493408, 0.522448539734, 0.534059524536, 0.534058570862, 0.534058570862, 0.534059524536, 0.534058570862, 0.545669555664, 0.54566860199, 0.534058570862],
    "onset_times": [0.0696598663926, 0.325079351664, 0.452789127827, 0.684988677502, 0.986848056316, 1.48607707024, 1.70666670799, 1.74149656296, 2.31038546562, 3.15791392326, 3.43655323982, 3.97061228752, 4.15637207031, 4.27247142792, 4.81814050674, 5.08517026901, 5.36380958557, 5.60761928558, 5.87464857101, 5.94430828094, 6.44353723526, 6.64090681076, 6.6989569664, 7.00081634521, 7.25623559952, 7.50004529953, 7.73224496841, 8.12698459625, 8.32435417175, 8.77714252472, 8.90485286713, 9.19510173798, 9.63628101349, 9.92653083801, 10.4489793777, 10.7392292023, 11.0294780731, 11.261677742, 11.5287075043, 11.656416893, 11.8421764374, 12.0743761063, 12.3646259308, 12.6432657242, 12.782585144, 12.8986845016, 13.4095239639, 13.7113828659, 13.9551925659, 14.4776420593, 14.7330608368, 15.0349206924, 15.3135604858],
    "histogram": [[0, 0, 0, 0, 0, 0, 0, 0, 0, 0, 0, 0, 0, 0, 0, 0, 0, 0, 0, 0, 0, 0, 0, 0, 0, 0, 0, 0, 0, 0, 0, 0, 0, 0, 0, 0, 0, 0, 0, 0, 0, 0, 0, 0, 0, 0, 0, 0, 0, 0, 0, 0, 0, 0, 0, 0, 0, 0, 0, 0, 0, 0, 0, 0, 0, 0, 0, 0, 0, 0, 0, 0, 0, 0, 0, 0, 0, 0, 0, 0, 0, 0, 0, 0, 0, 0, 0, 0, 0, 0, 0, 0, 0, 0, 0, 0, 0, 0, 0, 0, 0, 0.037037037313, 0, 0.037037037313, 0, 0, 0, 0, 0.185185179114, 0, 0.444444447756, 0, 0.222222223878, 0, 0, 0.074074074626, 0, 0, 0, 0, 0, 0, 0, 0, 0, 0, 0, 0, 0, 0, 0, 0, 0, 0, 0, 0, 0, 0, 0, 0, 0, 0, 0, 0, 0, 0, 0, 0, 0, 0, 0, 0, 0, 0, 0, 0, 0, 0, 0, 0, 0, 0, 0, 0, 0, 0, 0, 0, 0, 0, 0, 0, 0, 0, 0, 0, 0, 0, 0, 0, 0, 0, 0, 0, 0, 0, 0, 0, 0, 0, 0, 0, 0, 0, 0, 0, 0, 0, 0, 0, 0, 0, 0, 0, 0, 0, 0, 0, 0, 0, 0, 0, 0, 0, 0, 0, 0, 0, 0, 0, 0, 0, 0, 0, 0, 0, 0, 0, 0, 0, 0, 0, 0, 0, 0, 0, 0, 0, 0, 0, 0, 0, 0, 0, 0, 0, 0, 0, 0, 0]]
},
"sfx": {
    "inharmonicity": {
        "kurt": 2.20335483551,
        "max": 0.429037392139,
        "mean": 0.0679932311177,
        "median": 0.0156513284892,
        "min": 4.42516693511e-06,
        "skew": 1.77041924,
        "var": 0.0106262518093
    },
    "oddtoevenharmonicenergyratio": {
        "kurt": 568.62121582,
        "max": 2326.96118164,
        "mean": 6.069627285,
        "median": 0.359904706478,
        "min": 0.000119634591101,
        "skew": 23.3650569916,
        "var": 8636.57714844
    },
    "pitch_after_max_to_before_max_energy_ratio": 0.0444176830351,
    "pitch_centroid": 337.541137695,
    "pitch_max_to_total": 0.957787454128,
    "pitch_min_to_total": 0.831149935722,
    "tristimulus": {
        "kurt": [-1.5506196022, -1.20573341846, 2.61200046539],
        "max": [0.976053535938, 0.914645016193, 0.893293976784],
        "mean": [0.395219832659, 0.432882875204, 0.171896889806],
        "median": [0.342481195927, 0.417280733585, 0.105195388198],
        "min": [0, 0.0191788002849, 0.00454944884405],
        "skew": [0.167878910899, 0.217420607805, 1.68048858643],
        "var": [0.102975025773, 0.0581708140671, 0.0298860259354],
        "cov": [[0.10312513262, -0.0657255575061, -0.0373995453119], [-0.0657255575061, 0.0582556091249, 0.00746993627399], [-0.0373995453119, 0.00746993627399, 0.0299295913428]]
    }
},
"tonal": {
    "chords_changes_rate": 0.0290697682649,
    "chords_number_rate": 0.0174418613315,
    "chords_strength": {
        "kurt": -1.19606971741,
        "max": 0.704557716846,
        "mean": 0.502968251705,
        "median": 0.506386995316,
        "min": 0.273894101381,
        "skew": -0.0823470577598,
        "var": 0.0136558013037
    },
    "key_strength": 0.541119277477,
    "tuning_diatonic_strength": 0.394471168518,
    "tuning_equal_tempered_deviation": 0.0155375767499,
    "tuning_frequency": 440,
    "tuning_nontempered_energy_ratio": 0.651771306992,
    "hpcp": {
