{
"metadata": {
    "version": {
        "essentia": "2.1-beta3"
    }
},
"lowLevel": {
    "average_loudness": 0.767724454403,
    "barkbands_kurtosis": {
        "kurt": 10.7534332275,
        "max": 31.0217247009,
        "mean": 2.62106800079,
        "median": 1.54510307312,
        "min": -1.87885785103,
        "skew": 2.81428599358,
        "var": 17.5507488251
    },
    "barkbands_skewness": {
        "kurt": 2.33851861954,
        "max": 5.46763944626,
        "mean": 1.37655854225,
        "median": 1.23107469082,
        "min": -1.05879044533,
        "skew": 1.12052237988,
        "var": 0.78614795208
    },
    "barkbands_spread": {
        "kurt": 0.929345369339,
        "max": 44.1488304138,
        "mean": 15.7922353745,
        "median": 14.3919439316,
        "min": 1.92638146877,
        "skew": 0.94988322258,
        "var": 51.4570465088
    },
    "dissonance": {
        "kurt": 4.65571069717,
        "max": 0.49999961257,
        "mean": 0.451496958733,
        "median": 0.461332082748,
        "min": 0.161773860455,
        "skew": -1.57809710503,
        "var": 0.00134485086892
    },
    "hfc": {
        "kurt": 15.2063312531,
        "max": 140.256027222,
        "mean": 12.2311201096,
        "median": 7.02729988098,
        "min": 0.000332503957907,
        "skew": 3.23177576065,
        "var": 211.032714844
    },
    "pitch": {
        "kurt": 41.433719635,
        "max": 3684.65185547,
        "mean": 348.766479492,
        "median": 208.869567871,
        "min": 46.5810470581,
        "skew": 6.02121067047,
        "var": 176002.28125
    },
    "pitch_instantaneous_confidence": {
        "kurt": -0.791989088058,
        "max": 0.916454195976,
        "mean": 0.491082251072,
        "median": 0.484437167645,
        "min": 0.139231264591,
        "skew": 0.195064455271,
        "var": 0.0253298729658
    },
    "pitch_salience": {
        "kurt": -0.364172697067,
        "max": 0.903839886189,
        "mean": 0.529339373112,
        "median": 0.527689218521,
        "min": 0.150823071599,
        "skew": -0.144454181194,
        "var": 0.015563165769
    },
    "silence_rate_20dB": {
        "kurt": 0,
        "max": 1,
        "mean": 1,
        "median": 1,
        "min": 1,
        "skew": 0,
        "var": 0
    },
    "silence_rate_30dB": {
        "kurt": 375.996002197,
        "max": 1,
        "mean": 0.997375309467,
        "median": 1,
        "min": 0,
        "skew": -19.4421577454,
        "var": 0.00261780596338
    },
    "silence_rate_60dB": {
        "kurt": 8.37215232849,
        "max": 1,
        "mean": 0.0752405971289,
        "median": 0,
        "min": 0,
        "skew": 3.22060155869,
        "var": 0.0695792809129
    },
    "spectral_centroid": {
        "kurt": 1.43123102188,
        "max": 2379.96582031,
        "mean": 767.667419434,
        "median": 736.766113281,
        "min": 216.614654541,
        "skew": 0.854439139366,
        "var": 77242.0234375
    },
    "spectral_complexity": {
        "kurt": 1.18032121658,
        "max": 48,
        "mean": 15.1434822083,
        "median": 12,
        "min": 0,
        "skew": 1.24624121189,
        "var": 70.8595428467
    },
    "spectral_crest": {
        "kurt": -0.374205112457,
        "max": 24.7628746033,
        "mean": 11.7389125824,
        "median": 10.9837656021,
        "min": 3.33081531525,
        "skew": 0.618283867836,
        "var": 21.3668823242
    },
    "spectral_decrease": {
        "kurt": 11.6877393723,
        "max": -8.77189420818e-14,
        "mean": -3.91076726558e-09,
        "median": -2.52655651956e-09,
        "min": -3.61460870124e-08,
        "skew": -2.77777338028,
        "var": 1.65236920875e-17
    },
    "spectral_energy": {
        "kurt": 11.7433385849,
        "max": 0.145889490843,
        "mean": 0.0158695392311,
        "median": 0.0101836808026,
        "min": 3.61231002444e-07,
        "skew": 2.78086829185,
        "var": 0.000272538512945
    },
    "spectral_energyband_high": {
        "kurt": 21.7721328735,
        "max": 0.000877808837686,
        "mean": 5.73025245103e-05,
        "median": 2.24863360927e-05,
        "min": 6.50580256334e-09,
        "skew": 3.97284984589,
        "var": 8.41329850232e-09
    },
    "spectral_energyband_low": {
        "kurt": 86.6836471558,
        "max": 0.0289071518928,
        "mean": 0.000842750247102,
        "median": 0.00028732206556,
        "min": 2.38418120801e-08,
        "skew": 6.85586071014,
        "var": 2.62704088527e-06
    },
    "spectral_energyband_middle_high": {
        "kurt": 12.5530071259,
        "max": 0.0511035323143,
        "mean": 0.00438385829329,
        "median": 0.00227823969908,
        "min": 9.91524018445e-08,
        "skew": 2.97728228569,
        "var": 3.20831604768e-05
    },
    "spectral_energyband_middle_low": {
        "kurt": 14.2660312653,
        "max": 0.123729676008,
        "mean": 0.0120248384774,
        "median": 0.00752079393715,
        "min": 2.33393677718e-07,
        "skew": 3.07481503487,
        "var": 0.000182437142939
    },
    "spectral_flatness_db": {
        "kurt": 0.105804443359,
        "max": 0.354911237955,
        "mean": 0.222771510482,
        "median": 0.221899271011,
        "min": 0.074326582253,
        "skew": 0.0562731400132,
        "var": 0.00119732762687
    },
    "spectral_flux": {
        "kurt": 4.75516223907,
        "max": 0.348513662815,
        "mean": 0.0753531083465,
        "median": 0.0642839297652,
        "min": 0.017877234146,
        "skew": 1.7258554697,
        "var": 0.00174767978024
    },
    "spectral_kurtosis": {
        "kurt": 0.943167686462,
        "max": 31.9096221924,
        "mean": 10.0381069183,
        "median": 8.89523792267,
        "min": 1.47652435303,
        "skew": 0.994508326054,
        "var": 24.1258277893
    },
    "spectral_rms": {
        "kurt": 1.86572933197,
        "max": 0.0119302645326,
        "mean": 0.00355171132833,
        "median": 0.00315203075297,
        "min": 1.87728655874e-05,
        "skew": 1.20163452625,
        "var": 2.86780186798e-06
    },
    "spectral_rolloff": {
        "kurt": 0.296500444412,
        "max": 3682.17773438,
        "mean": 1264.84716797,
        "median": 839.794921875,
        "min": 215.33203125,
        "skew": 1.12553119659,
        "var": 597409.3125
    },
    "spectral_skewness": {
        "kurt": 0.252213478088,
        "max": 4.03439903259,
        "mean": 2.10363006592,
        "median": 2.04519844055,
        "min": 0.89223831892,
        "skew": 0.528767347336,
        "var": 0.231720477343
    },
    "spectral_spread": {
        "kurt": 510.56817627,
        "max": 26367828,
        "mean": 2576376.75,
        "median": 2494548.5,
        "min": 1598834,
        "skew": 19.2874011993,
        "var": 745482158080
    },
    "spectral_strongpeak": {
        "kurt": 17.294336319,
        "max": 12.5945186615,
        "mean": 1.13268995285,
        "median": 0.69444334507,
        "min": 0.000516676402185,
        "skew": 3.30289411545,
        "var": 1.64226555824
    },
    "zerocrossingrate": {
        "kurt": 0.904551267624,
        "max": 0.11181640625,
        "mean": 0.0474226623774,
        "median": 0.0458984375,
        "min": 0.00390625,
        "skew": 0.618317782879,
        "var": 0.000218816727283
    },
    "barkbands": {
        "kurt": [38.752910614, 31.8300056458, 179.235626221, 23.1155662537, 13.654302597, 25.9523715973, 30.5133514404, 99.0737533569, 22.3915596008, 18.0995159149, 53.0658531189, 93.0983886719, 29.5752639771, 25.6292438507, 172.859161377, 97.0451278687, 33.4648895264, 20.8505916595, 50.3641548157, 76.5120010376, 40.6156387329, 17.260684967, 90.5337219238, 53.3895301819, 154.205108643, 288.027099609, 997.957397461],
        "max": [9.1164962214e-05, 0.00245377374813, 0.0255746711046, 0.00866140518337, 0.056739397347, 0.0077524795197, 0.0112402541563, 0.0805171132088, 0.0330330766737, 0.0480413213372, 0.00342278857715, 0.0164865814149, 0.0026695325505, 0.00544553855434, 0.00945178698748, 0.0164085384458, 0.00344772799872, 0.00671360781416, 0.011968315579, 0.00546566024423, 0.000411967455875, 0.000106666942884, 2.51451565418e-05, 8.47052979225e-06, 3.15553529617e-06, 1.26528590272e-07, 1.34553943099e-07],
        "mean": [3.28624719259e-06, 9.47093722061e-05, 0.000516124186106, 0.000591712479945, 0.00481067970395, 0.000511157268193, 0.000592378899455, 0.00165004399605, 0.00182180246338, 0.00262547680177, 0.000128164203488, 0.000339011632605, 0.000136302900501, 0.000244872324402, 0.000165192628629, 0.000314819975756, 0.000177992493263, 0.000445660436526, 0.000499043322634, 0.000174676359165, 1.72447234945e-05, 8.01849546406e-06, 7.68241875448e-07, 3.19127167359e-07, 7.92229926105e-08, 2.42306574805e-09, 6.85141554602e-10],
        "median": [4.39668326635e-07, 1.21684097394e-05, 0.000144043369801, 0.000319141283398, 0.00204508239403, 0.000254658283666, 0.000251163786743, 0.000343613384757, 0.000580002029892, 0.000730304978788, 5.25296236447e-05, 0.000109489446913, 5.52914571017e-05, 7.9290708527e-05, 5.36403604201e-05, 7.11499524186e-05, 8.83714092197e-05, 0.000186784163816, 0.000208718542126, 6.19951824774e-05, 6.91130071573e-06, 3.41653912983e-06, 2.87903702656e-07, 1.27966558239e-07, 3.28652411952e-08, 1.17479970196e-09, 2.14021286804e-10],
        "min": [2.90927254509e-10, 1.11095941335e-08, 6.61097487864e-09, 4.26194279868e-09, 2.57136067994e-09, 3.98471193819e-08, 9.38582189747e-08, 6.23942284506e-08, 2.47058302705e-08, 2.04542995874e-08, 2.35756090206e-08, 9.79192460449e-09, 9.67846913724e-10, 1.97517913136e-09, 1.10235802708e-08, 1.43336507108e-08, 6.67624178163e-09, 9.17640630149e-09, 2.36307551305e-09, 2.79270073733e-09, 1.26853494375e-09, 8.51903214638e-10, 6.99256041958e-10, 6.89873880244e-10, 5.85275938825e-10, 8.85439083165e-11, 1.50895268503e-12],
        "skew": [5.37695074081, 4.98180961609, 10.0961208344, 3.92501306534, 3.36788487434, 4.46538257599, 5.04765796661, 9.07945728302, 3.91562628746, 3.49302887917, 6.11823272705, 8.49679374695, 4.82626152039, 4.146961689, 11.2520179749, 9.36878681183, 4.46681261063, 3.9263150692, 5.675116539, 7.05711221695, 5.09045028687, 3.68315434456, 7.7431807518, 5.92508029938, 9.54870700836, 13.7137403488, 30.6706218719],
        "var": [6.7039963858e-11, 5.90281388213e-08, 1.41004591114e-06, 6.86545718054e-07, 5.69180992898e-05, 6.36200581994e-07, 1.31030537887e-06, 3.36285047524e-05, 9.87247312878e-06, 2.14843184949e-05, 6.2948494417e-08, 1.03844342902e-06, 6.53548895002e-08, 2.0179935234e-07, 2.34582529401e-07, 1.641124868e-06, 6.63522499167e-08, 5.15745000484e-07, 7.71882412209e-07, 1.33961279403e-07, 9.11320574559e-10, 1.59729826588e-10, 2.50648482004e-12, 3.48508656829e-13, 2.36105673722e-14, 2.72248962393e-17, 1.67553953033e-17],
        "cov": [[6.70986669005e-11, 1.15353504526e-09, 5.5832566348e-10, 2.23151358503e-10, -5.67917535221e-09, -3.47560646929e-10, -8.08723088497e-10, -2.38546205011e-09, -1.98881222602e-09, -4.43273373563e-09, -1.63030089428e-10, -3.79138942463e-10, -2.02250716175e-10, -5.17010823042e-10, -2.72068700902e-10, -5.71071578914e-10, -2.65261035359e-10, -7.2728384426e-10, -8.31396951284e-10, -3.20365289852e-10, -2.5053924213e-11, -1.18403854429e-11, -9.05850481431e-13, -5.01825252359e-13, -1.1159224044e-13, -1.88050568125e-15, -1.05445229088e-17], [1.15353504526e-09, 5.90798272526e-08, 5.55440564654e-08, 1.89586977228e-08, -1.58626932034e-07, -9.84701031825e-09, -2.60990304923e-08, -8.03855542131e-08, -4.28504485228e-08, -1.25077718849e-07, -5.60022517249e-09, -1.41837963596e-08, -5.2164734754e-09, -1.51549919281e-08, -8.47554471051e-09, -1.83541661869e-08, -7.82318032577e-09, -2.1448544274e-08, -2.40155770825e-08, -8.93848461914e-09, -7.99022681353e-10, -3.6160541228e-10, -3.22033025246e-11, -1.48015523449e-11, -3.15094781864e-12, -6.93549899585e-14, -1.81243688541e-14], [5.5832566348e-10, 5.55440564654e-08, 1.41128066389e-06, 5.25034579368e-07, 1.10924679575e-06, 1.27562202579e-07, 7.07565472879e-09, -1.02978354732e-07, -1.81904425745e-07, 9.43476436532e-07, 1.18300347296e-09, -1.24208765495e-09, 3.15707815446e-09, 3.43688135729e-08, 1.67286540176e-08, 3.76635625798e-07, 2.7689230464e-08, 1.56315564936e-07, 1.35532033596e-07, 3.25518563216e-08, 3.76874131902e-09, 1.24360155507e-09, 2.64551658358e-10, 1.10342880666e-10, 2.41493387787e-11, 4.1113098169e-13, 9.46817290911e-14], [2.23151358503e-10, 1.89586977228e-08, 5.25034579368e-07, 6.87146894052e-07, 2.6999828151e-06, 9.62035073826e-08, 9.73217453293e-08, 1.70066016381e-07, -6.77118165981e-08, 8.93503909083e-07, 1.13661844381e-08, -1.56251740435e-08, 1.08434781154e-08, 3.99444282095e-08, 2.50129001955e-08, 2.10122195199e-07, 3.57750771229e-08, 1.12614316095e-07, 1.17951479695e-07, 4.39794334284e-08, 4.71259076207e-09, 1.9942765217e-09, 2.36923397567e-10, 1.16553114382e-10, 2.37539224401e-11, 4.08988381356e-13, 1.13778954249e-13], [-5.67917535221e-09, -1.58626932034e-07, 1.10924679575e-06, 2.6999828151e-06, 5.69679432374e-05, 6.85498605435e-07, 2.12689292312e-06, 3.78865001949e-06, 1.22681012016e-08, 4.79158416056e-06, 3.55568630539e-07, 3.72121462533e-07, 3.01033310279e-07, 5.79736934014e-07, 4.88160310397e-07, 5.52800486275e-07, 4.12799664673e-07, 9.65333811109e-07, 1.23703546251e-06, 6.25270445198e-07, 7.70296324504e-08, 3.8540267866e-08, 2.39837660843e-09, 1.26808263889e-09, 2.71472150315e-10, 6.38576041004e-12, 1.47071103126e-12], [-3.47560646929e-10, -9.84701031825e-09, 1.27562202579e-07, 9.62035073826e-08, 6.85498605435e-07, 6.36757647499e-07, 1.81268916322e-07, 6.29244311767e-07, 4.56096159951e-07, 5.45938121377e-07, 3.28989422371e-08, 9.84353150102e-08, 2.50404106339e-08, 4.36239098178e-08, 9.28827716962e-08, 2.02375773029e-07, 3.88324359335e-08, 1.66414835689e-07, 1.31410061499e-07, 4.28937596553e-08, 6.52281695324e-09, 2.20398788109e-09, 2.68423172578e-10, 1.13308591676e-10, 2.07919896578e-11, 4.95288760092e-13, 6.31713919456e-14], [-8.08723088497e-10, -2.60990304923e-08, 7.07565472879e-09, 9.73217453293e-08, 2.12689292312e-06, 1.81268916322e-07, 1.31145270643e-06, 3.52378242496e-06, 8.62257593326e-07, 8.01616636181e-07, 1.00275457271e-07, 3.26931655081e-07, 9.75724461227e-08, 1.1990509563e-07, 1.0200940892e-07, 1.40090094192e-07, 1.04850457205e-07, 2.43499926e-07, 3.55419558673e-07, 1.85297238886e-07, 1.49801877569e-08, 6.37254959912e-09, 4.55421200751e-10, 2.04767883205e-10, 5.51938911242e-11, 1.12226081293e-12, 1.30623214068e-13], [-2.38546205011e-09, -8.03855542131e-08, -1.02978354732e-07, 1.70066016381e-07, 3.78865001949e-06, 6.29244311767e-07, 3.52378242496e-06, 3.36579505529e-05, 7.81789367466e-06, 1.18935827231e-06, 6.28644045264e-07, 1.70491875906e-06, 5.49374419734e-07, 5.37599873951e-07, 5.05000230078e-07, 1.03464606127e-06, 5.8733712649e-07, 1.25974111143e-06, 1.98188445211e-06, 7.26688085706e-07, 9.7104532415e-08, 2.94927247069e-08, 2.45125364451e-09, 1.13289466697e-09, 2.5805355075e-10, 6.60183106099e-12, 2.08302410151e-13], [-1.98881222602e-09, -4.28504485228e-08, -1.81904425745e-07, -6.77118165981e-08, 1.22681012016e-08, 4.56096159951e-07, 8.62257593326e-07, 7.81789367466e-06, 9.88111787592e-06, 2.13930138671e-06, 3.18090712881e-07, 1.04214154817e-06, 2.86545827066e-07, 2.96227767649e-07, 3.6616648913e-07, 6.56887493733e-07, 3.07859949089e-07, 7.98780774858e-07, 1.00902127542e-06, 3.36302150572e-07, 3.82425646706e-08, 1.43669440789e-08, 1.09923392611e-09, 4.43726833055e-10, 1.00681289694e-10, 2.72546373491e-12, 1.84972615567e-13], [-4.43273373563e-09, -1.25077718849e-07, 9.43476436532e-07, 8.93503909083e-07, 4.79158416056e-06, 5.45938121377e-07, 8.01616636181e-07, 1.18935827231e-06, 2.13930138671e-06, 2.15031304833e-05, 2.87021293843e-07, 1.14094461878e-06, 2.2804201194e-07, 4.53861645155e-07, 1.27531876615e-07, 6.90130761427e-08, 2.19253124101e-07, 8.55874020544e-07, 1.20547770166e-06, 3.42861966374e-07, 2.30882939434e-08, 1.23722303513e-08, 8.7826795836e-10, 3.46597084366e-10, 8.69241831292e-11, 2.23253056666e-12, 8.14885864949e-13], [-1.63030089428e-10, -5.60022517249e-09, 1.18300347296e-09, 1.13661844381e-08, 3.55568630539e-07, 3.28989422371e-08, 1.00275457271e-07, 6.28644045264e-07, 3.18090712881e-07, 2.87021293843e-07, 6.3003611217e-08, 1.68536189449e-07, 2.55579895025e-08, 3.02626794735e-08, 2.52175063054e-08, 5.21256851016e-08, 2.98677917954e-08, 7.23229121036e-08, 1.04072462648e-07, 4.1939539841e-08, 4.02132593891e-09, 1.61440871782e-09, 1.10519059182e-10, 4.88183278524e-11, 1.18345932013e-11, 3.13615154896e-13, 2.27157278854e-14], [-3.79138942463e-10, -1.41837963596e-08, -1.24208765495e-09, -1.56251740435e-08, 3.72121462533e-07, 9.84353150102e-08, 3.26931655081e-07, 1.70491875906e-06, 1.04214154817e-06, 1.14094461878e-06, 1.68536189449e-07, 1.03935269635e-06, 7.11106338258e-08, 1.07167885233e-07, 8.08246767292e-08, 1.28440831304e-07, 8.35116296116e-08, 2.25443699264e-07, 3.98242434585e-07, 1.55949535952e-07, 1.39687106326e-08, 5.55480239584e-09, 3.74175246343e-10, 1.4738096854e-10, 4.25955937189e-11, 1.06943295365e-12, 8.62311049931e-14], [-2.02250716175e-10, -5.2164734754e-09, 3.15707815446e-09, 1.08434781154e-08, 3.01033310279e-07, 2.50404106339e-08, 9.75724461227e-08, 5.49374419734e-07, 2.86545827066e-07, 2.2804201194e-07, 2.55579895025e-08, 7.11106338258e-08, 6.54121237176e-08, 3.98289579095e-08, 2.52616860763e-08, 3.39847829878e-08, 2.54398155874e-08, 5.53631771538e-08, 7.90580116927e-08, 3.35579883881e-08, 3.20789861341e-09, 1.14489018266e-09, 9.70305502612e-11, 4.3054906862e-11, 1.05634060527e-11, 2.726866042e-13, 3.33867556811e-14], [-5.17010823042e-10, -1.51549919281e-08, 3.43688135729e-08, 3.99444282095e-08, 5.79736934014e-07, 4.36239098178e-08, 1.1990509563e-07, 5.37599873951e-07, 2.96227767649e-07, 4.53861645155e-07, 3.02626794735e-08, 1.07167885233e-07, 3.98289579095e-08, 2.01976064318e-07, 4.4634649754e-08, 9.2078266789e-08, 5.51485861422e-08, 1.03246975414e-07, 1.37284203561e-07, 4.6002238463e-08, 4.25797530568e-09, 1.72704484047e-09, 1.8072397745e-10, 7.77646558259e-11, 1.84594856761e-11, 3.98321675123e-13, 5.67365029741e-14], [-2.72068700902e-10, -8.47554471051e-09, 1.67286540176e-08, 2.50129001955e-08, 4.88160310397e-07, 9.28827716962e-08, 1.0200940892e-07, 5.05000230078e-07, 3.6616648913e-07, 1.27531876615e-07, 2.52175063054e-08, 8.08246767292e-08, 2.52616860763e-08, 4.4634649754e-08, 2.34787933096e-07, 1.36893262948e-07, 4.42517169574e-08, 1.58953511686e-07, 1.21090337757e-07, 4.74974477527e-08, 4.58894877653e-09, 1.69598779465e-09, 1.57897486752e-10, 6.34818725365e-11, 1.58927003502e-11, 2.9802890841e-13, 2.92830843395e-14], [-5.71071578914e-10, -1.83541661869e-08, 3.76635625798e-07, 2.10122195199e-07, 5.52800486275e-07, 2.02375773029e-07, 1.40090094192e-07, 1.03464606127e-06, 6.56887493733e-07, 6.90130761427e-08, 5.21256851016e-08, 1.28440831304e-07, 3.39847829878e-08, 9.2078266789e-08, 1.36893262948e-07, 1.64256198332e-06, 1.0132291095e-07, 5.3782730447e-07, 4.52059964573e-07, 1.01274736153e-07, 1.28767974061e-08, 4.36895852829e-09, 6.97082169765e-10, 2.44698511453e-10, 5.73177200147e-11, 7.22149445277e-13, 7.69389706026e-14], [-2.65261035359e-10, -7.82318032577e-09, 2.7689230464e-08, 3.57750771229e-08, 4.12799664673e-07, 3.88324359335e-08, 1.04850457205e-07, 5.8733712649e-07, 3.07859949089e-07, 2.19253124101e-07, 2.98677917954e-08, 8.35116296116e-08, 2.54398155874e-08, 5.51485861422e-08, 4.42517169574e-08, 1.0132291095e-07, 6.64103509962e-08, 1.12965501842e-07, 1.35385718636e-07, 4.73098644704e-08, 4.38099734268e-09, 1.79589021432e-09, 1.53363252653e-10, 6.27250543173e-11, 1.43744851092e-11, 3.06052763428e-13, 2.59725594032e-14], [-7.2728384426e-10, -2.1448544274e-08, 1.56315564936e-07, 1.12614316095e-07, 9.65333811109e-07, 1.66414835689e-07, 2.43499926e-07, 1.25974111143e-06, 7.98780774858e-07, 8.55874020544e-07, 7.23229121036e-08, 2.25443699264e-07, 5.53631771538e-08, 1.03246975414e-07, 1.58953511686e-07, 5.3782730447e-07, 1.12965501842e-07, 5.16196621447e-07, 4.32958870533e-07, 1.26394013478e-07, 1.22393934987e-08, 4.78353889832e-09, 5.08876718541e-10, 1.91268931249e-10, 4.21994973687e-11, 8.10550519932e-13, 1.1075130613e-13], [-8.31396951284e-10, -2.40155770825e-08, 1.35532033596e-07, 1.17951479695e-07, 1.23703546251e-06, 1.31410061499e-07, 3.55419558673e-07, 1.98188445211e-06, 1.00902127542e-06, 1.20547770166e-06, 1.04072462648e-07, 3.98242434585e-07, 7.90580116927e-08, 1.37284203561e-07, 1.21090337757e-07, 4.52059964573e-07, 1.35385718636e-07, 4.32958870533e-07, 7.72558337303e-07, 1.99116797717e-07, 1.74760756977e-08, 6.61209353936e-09, 7.10659697756e-10, 2.57103449641e-10, 5.61421083234e-11, 1.21897045409e-12, 1.02920371336e-13], [-3.20365289852e-10, -8.93848461914e-09, 3.25518563216e-08, 4.39794334284e-08, 6.25270445198e-07, 4.28937596553e-08, 1.85297238886e-07, 7.26688085706e-07, 3.36302150572e-07, 3.42861966374e-07, 4.1939539841e-08, 1.55949535952e-07, 3.35579883881e-08, 4.6002238463e-08, 4.74974477527e-08, 1.01274736153e-07, 4.73098644704e-08, 1.26394013478e-07, 1.99116797717e-07, 1.34078575798e-07, 6.14002004795e-09, 2.19449303174e-09, 2.09200531898e-10, 8.89583337549e-11, 2.10551524132e-11, 4.54373653503e-13, 4.36716330145e-14], [-2.5053924213e-11, -7.99022681353e-10, 3.76874131902e-09, 4.71259076207e-09, 7.70296324504e-08, 6.52281695324e-09, 1.49801877569e-08, 9.7104532415e-08, 3.82425646706e-08, 2.30882939434e-08, 4.02132593891e-09, 1.39687106326e-08, 3.20789861341e-09, 4.25797530568e-09, 4.58894877653e-09, 1.28767974061e-08, 4.38099734268e-09, 1.22393934987e-08, 1.74760756977e-08, 6.14002004795e-09, 9.12118547358e-10, 3.09867187465e-10, 2.98646073149e-11, 1.21259894487e-11, 2.72350674999e-12, 6.30822163169e-14, 4.2054101629e-15], [-1.18403854429e-11, -3.6160541228e-10, 1.24360155507e-09, 1.9942765217e-09, 3.8540267866e-08, 2.20398788109e-09, 6.37254959912e-09, 2.94927247069e-08, 1.43669440789e-08, 1.23722303513e-08, 1.61440871782e-09, 5.55480239584e-09, 1.14489018266e-09, 1.72704484047e-09, 1.69598779465e-09, 4.36895852829e-09, 1.79589021432e-09, 4.78353889832e-09, 6.61209353936e-09, 2.19449303174e-09, 3.09867187465e-10, 1.59869700811e-10, 1.1775782606e-11, 4.57377798829e-12, 1.01226861095e-12, 2.14443500663e-14, 1.59923356804e-15], [-9.05850481431e-13, -3.22033025246e-11, 2.64551658358e-10, 2.36923397567e-10, 2.39837660843e-09, 2.68423172578e-10, 4.55421200751e-10, 2.45125364451e-09, 1.09923392611e-09, 8.7826795836e-10, 1.10519059182e-10, 3.74175246343e-10, 9.70305502612e-11, 1.8072397745e-10, 1.57897486752e-10, 6.97082169765e-10, 1.53363252653e-10, 5.08876718541e-10, 7.10659697756e-10, 2.09200531898e-10, 2.98646073149e-11, 1.1775782606e-11, 2.50867967892e-12, 7.53410625987e-13, 1.60574746316e-13, 3.83323828544e-15, 2.39329476884e-16], [-5.01825252359e-13, -1.48015523449e-11, 1.10342880666e-10, 1.16553114382e-10, 1.26808263889e-09, 1.13308591676e-10, 2.04767883205e-10, 1.13289466697e-09, 4.43726833055e-10, 3.46597084366e-10, 4.88183278524e-11, 1.4738096854e-10, 4.3054906862e-11, 7.77646558259e-11, 6.34818725365e-11, 2.44698511453e-10, 6.27250543173e-11, 1.91268931249e-10, 2.57103449641e-10, 8.89583337549e-11, 1.21259894487e-11, 4.57377798829e-12, 7.53410625987e-13, 3.48813832636e-13, 7.99902814342e-14, 1.62050320062e-15, 1.57637701923e-16], [-1.1159224044e-13, -3.15094781864e-12, 2.41493387787e-11, 2.37539224401e-11, 2.71472150315e-10, 2.07919896578e-11, 5.51938911242e-11, 2.5805355075e-10, 1.00681289694e-10, 8.69241831292e-11, 1.18345932013e-11, 4.25955937189e-11, 1.05634060527e-11, 1.84594856761e-11, 1.58927003502e-11, 5.73177200147e-11, 1.43744851092e-11, 4.21994973687e-11, 5.61421083234e-11, 2.10551524132e-11, 2.72350674999e-12, 1.01226861095e-12, 1.60574746316e-13, 7.99902814342e-14, 2.36312417524e-14, 4.27004158257e-16, 5.79064743793e-17], [-1.88050568125e-15, -6.93549899585e-14, 4.1113098169e-13, 4.08988381356e-13, 6.38576041004e-12, 4.95288760092e-13, 1.12226081293e-12, 6.60183106099e-12, 2.72546373491e-12, 2.23253056666e-12, 3.13615154896e-13, 1.06943295365e-12, 2.726866042e-13, 3.98321675123e-13, 2.9802890841e-13, 7.22149445277e-13, 3.06052763428e-13, 8.10550519932e-13, 1.21897045409e-12, 4.54373653503e-13, 6.30822163169e-14, 2.14443500663e-14, 3.83323828544e-15, 1.62050320062e-15, 4.27004158257e-16, 2.72487355845e-17, 1.62466841897e-17], [-1.05445229088e-17, -1.81243688541e-14, 9.46817290911e-14, 1.13778954249e-13, 1.47071103126e-12, 6.31713919456e-14, 1.30623214068e-13, 2.08302410151e-13, 1.84972615567e-13, 8.14885864949e-13, 2.27157278854e-14, 8.62311049931e-14, 3.33867556811e-14, 5.67365029741e-14, 2.92830843395e-14, 7.69389706026e-14, 2.59725594032e-14, 1.1075130613e-13, 1.02920371336e-13, 4.36716330145e-14, 4.2054101629e-15, 1.59923356804e-15, 2.39329476884e-16, 1.57637701923e-16, 5.79064743793e-17, 1.62466841897e-17, 1.6770067833e-17]]
    },
    "mfcc": {
        "kurt": [4.15065145493, 4.16647863388, -0.101355791092, 0.14870929718, 0.0293800830841, -0.0852921009064, -0.288507461548, -0.410967826843, -0.0709362030029, -0.140056371689, -0.123461484909, -0.159798383713, -0.149538755417],
        "max": [-567.867492676, 229.777191162, 14.5329284668, 81.4505996704, 28.0732727051, 7.76622009277, 31.0814590454, 30.1743183136, 24.7544593811, 25.6932544708, 23.8124198914, 8.31910705566, 9.68209838867],
        "mean": [-718.436157227, 179.024581909, -65.0152130127, 45.4656448364, -21.0567836761, -25.5184955597, -0.678458690643, -2.18953490257, -5.83209276199, -4.07500362396, -3.33683109283, -19.6212711334, -18.112531662],
        "median": [-727.084350586, 179.316467285, -64.576385498, 45.4037208557, -20.6578636169, -25.6857872009, -0.316890716553, -2.14389419556, -5.95586395264, -4.5779800415, -3.12472915649, -19.8292045593, -18.320274353],
        "min": [-1112.17602539, 30.5669364929, -116.472396851, -2.58695602417, -67.992805481, -57.0289726257, -41.9793167114, -34.045425415, -35.9212112427, -30.6680831909, -31.6120948792, -45.2214698792, -44.6397857666],
        "skew": [-0.0385369285941, -0.720550119877, -0.0311883315444, -0.144105523825, -0.0430866554379, 0.118554204702, -0.027038294822, 0.086959078908, 0.0598297640681, 0.15797534585, 0.0239753015339, 0.110509097576, 0.0509404055774],
        "var": [2142.30224609, 313.882110596, 309.183624268, 157.916702271, 203.501647949, 112.397201538, 142.070968628, 119.955940247, 92.9471206665, 82.857925415, 82.5964279175, 91.7811813354, 89.5914611816],
        "cov": [[2144.17822266, -189.172607422, -400.567932129, 17.7268238068, -298.757965088, -48.5514717102, -204.952590942, -33.8550720215, -85.3399963379, 23.9741268158, -103.184959412, -51.2928924561, -100.110313416], [-189.172607422, 314.156951904, 63.67004776, 11.7014293671, 35.1090011597, -14.1392402649, 100.280937195, 44.6229324341, 60.0659561157, 0.308771282434, 42.8978309631, 2.91827368736, 7.76123809814], [-400.567932129, 63.67004776, 309.454345703, 96.6851577759, 107.429512024, 80.631942749, 68.7491073608, 28.8868312836, 20.6721839905, -8.53759765625, 6.31992340088, 35.5611839294, 32.0499534607], [17.7268238068, 11.7014293671, 96.6851577759, 158.054992676, 76.8436508179, 44.3926010132, 27.7030887604, 16.4377326965, 15.9397220612, -4.16298103333, -2.96619844437, 10.673951149, 19.8095817566], [-298.757965088, 35.1090011597, 107.429512024, 76.8436508179, 203.679855347, 70.3867797852, 38.2001075745, 11.3049125671, 15.2830610275, 12.9757766724, 13.599067688, 6.88114309311, 21.8557758331], [-48.5514717102, -14.1392402649, 80.631942749, 44.3926010132, 70.3867797852, 112.495620728, 28.8249053955, 9.3142080307, 1.38344061375, -0.143020763993, 3.44177341461, 10.0344495773, 6.66021776199], [-204.952590942, 100.280937195, 68.7491073608, 27.7030887604, 38.2001075745, 28.8249053955, 142.195373535, 70.7793655396, 42.1008453369, 9.87376403809, 29.7386875153, 12.4210720062, 15.6512269974], [-33.8550720215, 44.6229324341, 28.8868312836, 16.4377326965, 11.3049125671, 9.3142080307, 70.7793655396, 120.06098175, 56.1667327881, 12.6759500504, 24.0240116119, 4.01911592484, 7.40352964401], [-85.3399963379, 60.0659561157, 20.6721839905, 15.9397220612, 15.2830610275, 1.38344061375, 42.1008453369, 56.1667327881, 93.0285110474, 35.1219329834, 30.096124649, 18.4315433502, 17.8707370758], [23.9741268158, 0.308771282434, -8.53759765625, -4.16298103333, 12.9757766724, -0.143020763993, 9.87376403809, 12.6759500504, 35.1219329834, 82.930480957, 36.5263557434, 16.2433338165, 20.0992870331], [-103.184959412, 42.8978309631, 6.31992340088, -2.96619844437, 13.599067688, 3.44177341461, 29.7386875153, 24.0240116119, 30.096124649, 36.5263557434, 82.6687545776, 43.8614768982, 26.6848125458], [-51.2928924561, 2.91827368736, 35.5611839294, 10.673951149, 6.88114309311, 10.0344495773, 12.4210720062, 4.01911592484, 18.4315433502, 16.2433338165, 43.8614768982, 91.8615493774, 58.0110282898], [-100.110313416, 7.76123809814, 32.0499534607, 19.8095817566, 21.8557758331, 6.66021776199, 15.6512269974, 7.40352964401, 17.8707370758, 20.0992870331, 26.6848125458, 58.0110282898, 89.6699142456]]
    },
    "sccoeffs": {
        "kurt": [-0.707812547684, 3.06533336639, -0.707418203354, 1.15573453903, 0.218148469925, 1.95252990723],
        "max": [-0.1703812778, -0.333783388138, -0.438382923603, -0.561481654644, -0.606006801128, -0.660290062428],
        "mean": [-0.525638520718, -0.757880985737, -0.678943574429, -0.783568918705, -0.751588463783, -0.759462416172],
        "median": [-0.529295146465, -0.76857405901, -0.684755444527, -0.791745305061, -0.754655480385, -0.761254787445],
        "min": [-0.894720077515, -0.933873236179, -0.971118688583, -0.895532548428, -0.888816535473, -0.953983962536],
        "skew": [0.144743457437, 1.316452384, 0.183945968747, 0.88653755188, 0.378909707069, -0.14379093051],
        "var": [0.0184291172773, 0.00515068043023, 0.00842162780464, 0.00241448683664, 0.00125840713736, 0.000827011652291],
        "cov": [[0.0184452552348, 0.00138420902658, 0.000825727765914, 0.0015372086782, 0.000897672493011, 0.00118218152784], [0.00138420902658, 0.0051551903598, 0.00100785784889, 0.000314530741889, 0.000470069586299, 0.000632693758234], [0.000825727765914, 0.00100785784889, 0.00842900201678, 0.000964676844887, 0.000975287752226, 0.000457832211396], [0.0015372086782, 0.000314530741889, 0.000964676844887, 0.00241660117172, 0.000819823355414, 0.000162947704666], [0.000897672493011, 0.000470069586299, 0.000975287752226, 0.000819823355414, 0.00125950912479, 0.000219354071305], [0.00118218152784, 0.000632693758234, 0.000457832211396, 0.000162947704666, 0.000219354071305, 0.0008277358138]]
    },
    "scvalleys": {
        "kurt": [-0.351016998291, 2.12063646317, 2.30687999725, 6.04226493835, 3.86852359772, 0.0331394672394],
        "max": [-4.5279211998, -3.81549882889, -4.48375177383, -5.10697793961, -5.53882408142, -8.91421794891],
        "mean": [-6.8442158699, -5.68820524216, -6.4587264061, -7.00086307526, -7.46942996979, -10.8927078247],
        "median": [-6.87234115601, -5.71255207062, -6.48961734772, -7.0642490387, -7.55349636078, -10.9682750702],
        "min": [-10.8299036026, -9.52817249298, -10.051076889, -11.6802120209, -12.0825433731, -12.9313316345],
        "skew": [-0.0124042471871, -0.0489101223648, 0.0323321036994, -0.210688844323, 0.0241859350353, 0.473373621702],
        "var": [0.770771503448, 0.286401748657, 0.254098445177, 0.25615388155, 0.305009067059, 0.315051287413],
        "cov": [[0.771446406841, -0.0480400063097, -0.0791042149067, -0.110630534589, -0.106194801629, -0.0978623628616], [-0.0480400063097, 0.2866525352, 0.174149006605, 0.174660310149, 0.193754091859, 0.148897960782], [-0.0791042149067, 0.174149006605, 0.254320949316, 0.18793463707, 0.207852572203, 0.159839138389], [-0.110630534589, 0.174660310149, 0.18793463707, 0.256378173828, 0.231859385967, 0.189080253243], [-0.106194801629, 0.193754091859, 0.207852572203, 0.231859385967, 0.305276155472, 0.244743168354], [-0.0978623628616, 0.148897960782, 0.159839138389, 0.189080253243, 0.244743168354, 0.315327167511]]
    }
},
"rhythm": {
    "beats_loudness": {
        "kurt": 1.68116664886,
        "max": 0.0636828318238,
        "mean": 0.0186258200556,
        "median": 0.0136621054262,
        "min": 0.00234651914798,
        "skew": 1.57994687557,
        "var": 0.000226561591262
    },
    "bpm": 99.2767028809,
    "confidence": 3.78359031677,
    "first_peak_bpm": {
        "kurt": 0,
        "max": 99,
        "mean": 99,
        "median": 99,
        "min": 99,
        "skew": 0,
        "var": 0
    },
    "first_peak_spread": {
        "kurt": 0,
        "max": 0.388888895512,
        "mean": 0.388888895512,
        "median": 0.388888895512,
        "min": 0.388888895512,
        "skew": 0,
        "var": 0
    },
    "first_peak_weight": {
        "kurt": 0,
        "max": 0.523809552193,
        "mean": 0.523809552193,
        "median": 0.523809552193,
        "min": 0.523809552193,
        "skew": 0,
        "var": 0
    },
    "onset_rate": 4.90596675873,
    "second_peak_bpm": {
        "kurt": 0,
        "max": 92,
        "mean": 92,
        "median": 92,
        "min": 92,
        "skew": 0,
        "var": 0
    },
    "second_peak_spread": {
        "kurt": 0,
        "max": 0.33333337307,
        "mean": 0.33333337307,
        "median": 0.33333337307,
        "min": 0.33333337307,
        "skew": 0,
        "var": 0
    },
    "second_peak_weight": {
        "kurt": 0,
        "max": 0.095238097012,
        "mean": 0.095238097012,
        "median": 0.095238097012,
        "min": 0.095238097012,
        "skew": 0,
        "var": 0
    },
    "beats_loudness_band_ratio": {
        "kurt": [-0.335592508316, 2.50434732437, -0.814668416977, 2.44035243988, 3.99012708664, 1.2257437706],
        "max": [0.36115410924, 0.753833115101, 0.784699380398, 0.457689225674, 0.34792008996, 0.142821505666],
        "mean": [0.118290036917, 0.183383747935, 0.502065360546, 0.152359008789, 0.104880467057, 0.053376223892],
        "median": [0.0784059911966, 0.130883827806, 0.51807898283, 0.133641257882, 0.091160222888, 0.0489898696542],
        "min": [0.00766004389152, 0.0158562827855, 0.131888315082, 0.0205274969339, 0.0201560277492, 0.00928387884051],
        "skew": [0.837433278561, 1.62313103676, -0.389350324869, 1.48104858398, 2.04723072052, 1.0957647562],
        "var": [0.0086295902729, 0.0255316030234, 0.0305663850158, 0.00916664488614, 0.00515409605578, 0.000888046633918],
        "cov": [[0.00883505679667, 0.00447551626712, -0.00852998625487, -0.00215762853622, -4.41367737949e-05, 0.000281576241832], [0.00447551626712, 0.026139497757, -0.0183963924646, -0.00436620181426, -0.00204309914261, -0.00161334592849], [-0.00852998625487, -0.0183963924646, 0.0312941558659, -0.000128266619868, -0.00524300942197, -0.00125885813031], [-0.00215762853622, -0.00436620181426, -0.000128266619868, 0.00938489846885, 0.000932703958824, 0.000385413120966], [-4.41367737949e-05, -0.00204309914261, -0.00524300942197, 0.000932703958824, 0.00527681270614, 0.00075952737825], [0.000281576241832, -0.00161334592849, -0.00125885813031, 0.000385413120966, 0.00075952737825, 0.000909190624952]]
    },
    "beats_position": [0.650158703327, 1.30031740665, 1.92725622654, 2.53097510338, 3.15791368484, 3.78485250473, 4.43501138687, 5.08516979218, 5.73532867432, 6.3622674942, 6.98920631409, 7.61614513397, 8.23147392273, 8.84680271149, 9.46213150024, 10.0658502579, 10.6579589844, 11.261677742, 11.8537864685, 12.445895195, 13.0496139526, 13.6301136017, 14.2338323593, 14.8375511169, 15.4180498123, 16.0217685699, 16.602268219, 17.2059860229, 17.786485672, 18.390203476, 18.9939231873, 19.5976409912, 20.2013607025, 20.8050785065, 21.3855781555, 21.9892959595, 22.5930156708, 23.1967334747, 23.800453186, 24.4157810211, 25.0195007324, 25.6580486298, 26.2965984344],
    "bpm_estimates": [95.7031173706, 99.3840026855, 95.7031555176, 95.7031173706, 95.7031173706, 95.7031173706, 95.7031173706, 97.5088424683, 97.5088424683, 97.5088424683, 99.3840255737, 101.332740784, 99.3840255737, 101.332740784, 101.332740784, 99.3840255737, 103.359237671, 99.3840255737, 99.3840255737, 103.359405518, 99.3840255737, 103.359237671, 99.3841781616, 103.359237671, 99.3841781616, 99.3838653564, 99.3841781616, 99.3838653564, 99.3841781616, 103.359237671, 99.3841781616, 99.3838653564, 99.3841781616, 99.3838653564, 97.5089950562, 99.3838653564],
    "bpm_intervals": [0.650158703327, 0.626938819885, 0.603718876839, 0.626938581467, 0.626938819885, 0.650158882141, 0.650158405304, 0.650158882141, 0.626938819885, 0.626938819885, 0.626938819885, 0.615328788757, 0.615328788757, 0.615328788757, 0.603718757629, 0.592108726501, 0.603718757629, 0.592108726501, 0.592108726501, 0.603718757629, 0.580499649048, 0.603718757629, 0.603718757629, 0.580498695374, 0.603718757629, 0.580499649048, 0.603717803955, 0.580499649048, 0.603717803955, 0.603719711304, 0.603717803955, 0.603719711304, 0.603717803955, 0.580499649048, 0.603717803955, 0.603719711304, 0.603717803955, 0.603719711304, 0.615327835083, 0.603719711304, 0.638547897339, 0.638549804688],
    "onset_times": [0.0116099771112, 0.162539675832, 0.46439909935, 0.824308395386, 1.33514738083, 1.71827661991, 1.95047616959, 2.32199549675, 2.82122445107, 3.30884361267, 3.42494320869, 3.79646253586, 4.01705217361, 4.26086187363, 4.46984148026, 4.67882108688, 4.79492044449, 4.92263031006, 4.9806804657, 5.13160991669, 5.34058952332, 5.54956912994, 5.66566896439, 5.7701587677, 5.97913837433, 6.08362817764, 6.18811798096, 6.39709758759, 6.60607719421, 6.71056699753, 6.93115663528, 7.02403640747, 7.2330160141, 7.33750581741, 7.44199562073, 7.63936519623, 7.84834480286, 7.95283460617, 8.08054447174, 8.26630401611, 8.59138298035, 8.67265319824, 8.70748329163, 8.87002277374, 9.07900238037, 9.19510173798, 9.4853515625, 9.62467098236, 9.78721046448, 9.99619007111, 10.0890703201, 10.2864398956, 10.3909301758, 10.5999088287, 10.6927890778, 10.9830389023, 11.2848978043, 11.4822673798, 11.5751476288, 11.8770065308, 12.1672563553, 12.2833557129, 12.4691152573, 12.6664848328, 12.782585144, 13.0728340149, 13.1889343262, 13.3746938705, 13.6649436951, 13.8623132706, 13.966802597, 14.0712928772, 14.2570524216, 14.5589113235, 14.8607711792, 15.0581407547, 15.1626300812, 15.4528799057, 15.5689792633, 15.7431287766, 16.0449886322, 16.2423591614, 16.3468475342, 16.6370983124, 16.9273471832, 17.2292060852, 17.4149665833, 17.5310649872, 17.6355552673, 17.7400455475, 17.8213157654, 18.1115646362, 18.3437633514, 18.4250335693, 18.6340141296, 18.7152843475, 19.0055332184, 19.1332435608, 19.3073921204, 19.6208610535, 19.8066215515, 19.9227218628, 20.0388202667, 20.2245807648, 20.5264396667, 20.8166885376, 21.0140590668, 21.1301593781, 21.4087982178, 21.7106571198, 22.0125179291, 22.2098865509, 22.3259868622, 22.6394557953, 22.918094635, 23.2199554443, 23.4289340973, 23.8352832794, 23.9629936218, 24.0442638397, 24.1487522125, 24.4390029907, 24.6479816437, 24.7524719238, 24.8801822662, 25.0311107635, 25.1936511993, 25.3561897278, 25.6696605682, 26.1572780609],
    "histogram": [[0, 0, 0, 0, 0, 0, 0, 0, 0, 0, 0, 0, 0, 0, 0, 0, 0, 0, 0, 0, 0, 0, 0, 0, 0, 0, 0, 0, 0, 0, 0, 0, 0, 0, 0, 0, 0, 0, 0, 0, 0, 0, 0, 0, 0, 0, 0, 0, 0, 0, 0, 0, 0, 0, 0, 0, 0, 0, 0, 0, 0, 0, 0, 0, 0, 0, 0, 0, 0, 0, 0, 0, 0, 0, 0, 0, 0, 0, 0, 0, 0, 0, 0, 0, 0, 0, 0, 0, 0, 0, 0, 0, 0.095238097012, 0, 0.047619048506, 0, 0.142857149243, 0, 0.095238097012, 0.428571432829, 0, 0.0714285746217, 0, 0.119047619402, 0, 0, 0, 0, 0, 0, 0, 0, 0, 0, 0, 0, 0, 0, 0, 0, 0, 0, 0, 0, 0, 0, 0, 0, 0, 0, 0, 0, 0, 0, 0, 0, 0, 0, 0, 0, 0, 0, 0, 0, 0, 0, 0, 0, 0, 0, 0, 0, 0, 0, 0, 0, 0, 0, 0, 0, 0, 0, 0, 0, 0, 0, 0, 0, 0, 0, 0, 0, 0, 0, 0, 0, 0, 0, 0, 0, 0, 0, 0, 0, 0, 0, 0, 0, 0, 0, 0, 0, 0, 0, 0, 0, 0, 0, 0, 0, 0, 0, 0, 0, 0, 0, 0, 0, 0, 0, 0, 0, 0, 0, 0, 0, 0, 0, 0, 0, 0, 0, 0, 0, 0, 0, 0, 0, 0, 0, 0, 0, 0, 0, 0, 0, 0, 0, 0, 0, 0, 0, 0, 0, 0, 0, 0, 0, 0, 0]]
},
"sfx": {
    "inharmonicity": {
        "kurt": 0.701036930084,
        "max": 0.417779475451,
        "mean": 0.0952828601003,
        "median": 0.0669147968292,
        "min": 0,
        "skew": 1.1347117424,
