{
"metadata": {
    "version": {
        "essentia": "2.1-beta3"
    }
},
"lowLevel": {
    "average_loudness": 0.983822524548,
    "barkbands_kurtosis": {
        "kurt": 4.21195554733,
        "max": 1.13728380203,
        "mean": -0.695455908775,
        "median": -0.755601406097,
        "min": -1.35421192646,
        "skew": 1.55521190166,
        "var": 0.0988677367568
    },
    "barkbands_skewness": {
        "kurt": -0.196434259415,
        "max": 1.30780649185,
        "mean": 0.240809872746,
        "median": 0.218599647284,
        "min": -0.681474924088,
        "skew": 0.205528125167,
        "var": 0.0990013182163
    },
    "barkbands_spread": {
        "kurt": 0.0101406574249,
        "max": 23.5325489044,
        "mean": 17.3071231842,
        "median": 17.3280124664,
        "min": 9.87072181702,
        "skew": -0.055501755327,
        "var": 4.4886059761
    },
    "dissonance": {
        "kurt": 2.49444055557,
        "max": 0.500000178814,
        "mean": 0.482425034046,
        "median": 0.485467255116,
        "min": 0.396793574095,
        "skew": -1.30469405651,
        "var": 0.000215562904486
    },
    "hfc": {
        "kurt": 4.45989704132,
        "max": 3.33546996117,
        "mean": 2.09032440186,
        "median": 2.06568551064,
        "min": 0.139545381069,
        "skew": -0.652445793152,
        "var": 0.118165835738
    },
    "pitch": {
        "kurt": 11.5220727921,
        "max": 2174.21069336,
        "mean": 332.078796387,
        "median": 296.564697266,
        "min": 74.1625442505,
        "skew": 2.31637740135,
        "var": 35437.4453125
    },
    "pitch_instantaneous_confidence": {
        "kurt": -0.21010351181,
        "max": 0.588137030602,
        "mean": 0.295225262642,
        "median": 0.284158289433,
        "min": 0.135608255863,
        "skew": 0.548849880695,
        "var": 0.00706591969356
    },
    "pitch_salience": {
        "kurt": 0.740813493729,
        "max": 0.846734166145,
        "mean": 0.723622202873,
        "median": 0.733003616333,
        "min": 0.464989930391,
        "skew": -0.869270384312,
        "var": 0.00330008682795
    },
    "silence_rate_20dB": {
        "kurt": 0,
        "max": 1,
        "mean": 1,
        "median": 1,
        "min": 1,
        "skew": 0,
        "var": 0
    },
    "silence_rate_30dB": {
        "kurt": 0,
        "max": 1,
        "mean": 1,
        "median": 1,
        "min": 1,
        "skew": 0,
        "var": 0
    },
    "silence_rate_60dB": {
        "kurt": 0,
        "max": 1,
        "mean": 1,
        "median": 1,
        "min": 1,
        "skew": 0,
        "var": 0
    },
    "spectral_centroid": {
        "kurt": -0.179018259048,
        "max": 1883.8416748,
        "mean": 1405.01525879,
        "median": 1407.78771973,
        "min": 997.508056641,
        "skew": 0.0736088901758,
        "var": 20754.8710938
    },
    "spectral_complexity": {
        "kurt": 0.265275478363,
        "max": 13,
        "mean": 5.66413974762,
        "median": 6,
        "min": 0,
        "skew": 0.228031486273,
        "var": 3.51867985725
    },
    "spectral_crest": {
        "kurt": 0.289029836655,
        "max": 15.9254217148,
        "mean": 6.34462738037,
        "median": 5.70516777039,
        "min": 2.54841184616,
        "skew": 0.918049693108,
        "var": 6.14788675308
    },
    "spectral_decrease": {
        "kurt": 1.52058362961,
        "max": -2.56794707026e-11,
        "mean": -3.49882622874e-10,
        "median": -3.38953559664e-10,
        "min": -6.73854694266e-10,
        "skew": -0.425316601992,
        "var": 6.54381855576e-21
    },
    "spectral_energy": {
        "kurt": 1.70084810257,
        "max": 0.0028426523786,
        "mean": 0.00151013536379,
        "median": 0.0014708644012,
        "min": 0.000109577296826,
        "skew": 0.327715098858,
        "var": 1.10427791356e-07
    },
    "spectral_energyband_high": {
        "kurt": 3.07046461105,
        "max": 0.00012578778842,
        "mean": 4.2258285248e-05,
        "median": 3.98494848923e-05,
        "min": 1.86279555692e-06,
        "skew": 1.18223583698,
        "var": 1.8042599359e-10
    },
    "spectral_energyband_low": {
        "kurt": 6.93698406219,
        "max": 9.99416370178e-05,
        "mean": 1.60096278705e-05,
        "median": 1.35075497383e-05,
        "min": 3.84402255804e-07,
        "skew": 1.94646632671,
        "var": 1.1965503588e-10
    },
    "spectral_energyband_middle_high": {
        "kurt": 4.54160022736,
        "max": 0.00210817437619,
        "mean": 0.000915124197491,
        "median": 0.000896189594641,
        "min": 7.16533322702e-05,
        "skew": 0.890730559826,
        "var": 4.10910381277e-08
    },
    "spectral_energyband_middle_low": {
        "kurt": 1.70017337799,
        "max": 0.0017462031683,
        "mean": 0.0005534888478,
        "median": 0.000498674693517,
        "min": 3.69165973098e-05,
        "skew": 1.1577129364,
        "var": 6.50853309025e-08
    },
    "spectral_flatness_db": {
        "kurt": 3.51575517654,
        "max": 0.238600492477,
        "mean": 0.187401309609,
        "median": 0.186543956399,
        "min": 0.0692727118731,
        "skew": -0.0231291018426,
        "var": 0.000178265705472
    },
    "spectral_flux": {
        "kurt": 3.61107778549,
        "max": 0.033705573529,
        "mean": 0.0233029741794,
        "median": 0.023092078045,
        "min": 0.00806959997863,
        "skew": -0.43133866787,
        "var": 7.83816449257e-06
    },
    "spectral_kurtosis": {
        "kurt": 0.852818965912,
        "max": 21.021572113,
        "mean": 5.03127813339,
        "median": 4.49722290039,
        "min": 0.899447917938,
        "skew": 0.931220293045,
        "var": 6.82576179504
    },
    "spectral_rms": {
        "kurt": 4.6983165741,
        "max": 0.00166532862931,
        "mean": 0.00120594212785,
        "median": 0.00119791051839,
        "min": 0.000326962821418,
        "skew": -0.623223245144,
        "var": 1.9006497709e-08
    },
    "spectral_rolloff": {
        "kurt": 0.981961727142,
        "max": 3251.51367188,
        "mean": 2359.43945312,
        "median": 2368.65234375,
        "min": 1679.58984375,
        "skew": 0.230537801981,
        "var": 37380.7226562
    },
    "spectral_skewness": {
        "kurt": 1.34180593491,
        "max": 3.08180117607,
        "mean": 1.41447615623,
        "median": 1.37467360497,
        "min": 0.905834674835,
        "skew": 0.83724540472,
        "var": 0.0599203184247
    },
    "spectral_spread": {
        "kurt": 1248.33129883,
        "max": 16383470,
        "mean": 2371491.5,
        "median": 2354504.25,
        "min": 1998654.5,
        "skew": 32.7084312439,
        "var": 134027591680
    },
    "spectral_strongpeak": {
        "kurt": 2.33019399643,
        "max": 1.47762489319,
        "mean": 0.389398723841,
        "median": 0.358579397202,
        "min": 0.0194463171065,
        "skew": 1.07525730133,
        "var": 0.0400550998747
    },
    "zerocrossingrate": {
        "kurt": 1.72831583023,
        "max": 0.0986328125,
        "mean": 0.0768950432539,
        "median": 0.0771484375,
        "min": 0.02978515625,
        "skew": -0.347079783678,
        "var": 4.77398825751e-05
    },
    "barkbands": {
        "kurt": [40.4688262939, 3.66400527954, 7.35024833679, 5.90316581726, 2.31957530975, 3.0701622963, 2.88543462753, 2.13862133026, 1.87428188324, 12.6177310944, 1.95487976074, 3.80250692368, 1.89565181732, 0.450170993805, 0.845344781876, 1.90415048599, 3.54697465897, 0.565548658371, 1.65071630478, 1.09570598602, 3.70723342896, 23.6450119019, 1.95432329178, 231.211807251, 1697.94128418, 1708.33947754, 1708.25976562],
        "max": [1.99365928211e-07, 2.67617870122e-05, 4.39330542576e-05, 0.000138236806379, 0.000178278423846, 0.000129205494886, 0.000145032041473, 0.00152800627984, 0.000322454900015, 0.00135828275234, 0.000239882792812, 0.000549733522348, 0.000274402234936, 0.000224061397603, 0.000262444780674, 0.000438765098806, 0.0003544233914, 0.000107525345811, 0.000107746418507, 9.51456531766e-05, 7.17881630408e-05, 2.11716051126e-05, 4.73632951525e-07, 4.8006313591e-07, 1.81732019655e-07, 1.61887882655e-07, 1.6309903117e-07],
        "mean": [1.3147616329e-08, 4.0724144128e-06, 5.19422610523e-06, 2.03034178412e-05, 4.36474620074e-05, 2.62503563135e-05, 2.97499318549e-05, 0.000323217478581, 9.19653903111e-05, 0.000160838506417, 5.91859388805e-05, 0.000121629156638, 7.68097670516e-05, 7.34680215828e-05, 9.54313654802e-05, 0.000135044319904, 9.20775491977e-05, 4.97651744809e-05, 3.93584123231e-05, 3.64295883628e-05, 2.18174445763e-05, 3.63496747013e-06, 2.01051548743e-07, 3.02239975269e-08, 1.27640908953e-09, 1.81506379371e-10, 1.44451409168e-10],
        "median": [1.04926263234e-08, 2.78250286101e-06, 3.86501415051e-06, 1.48866220115e-05, 3.80674355256e-05, 2.21504833462e-05, 2.54670430877e-05, 0.000261427194346, 8.30619610497e-05, 0.000121162520372, 5.30008874193e-05, 0.000106243889604, 7.14285779395e-05, 6.92525427439e-05, 8.91676609172e-05, 0.000127099599922, 8.50390206324e-05, 4.81271890749e-05, 3.82198559237e-05, 3.51737944584e-05, 1.96996752493e-05, 3.47109130416e-06, 1.95447640294e-07, 2.81840666361e-08, 1.14997000811e-09, 6.16044160129e-11, 2.03041385788e-11],
        "min": [1.72062451093e-11, 1.16295488795e-08, 4.30625775039e-08, 1.54404844466e-07, 1.10701091671e-06, 1.3167873476e-06, 1.57610270435e-06, 3.78668119083e-06, 5.60239186598e-06, 5.12037695444e-06, 4.36294658357e-06, 3.10202176479e-06, 6.14897362539e-06, 3.74648652723e-06, 4.9249561016e-06, 5.84199688092e-06, 2.84583848043e-06, 2.62651792582e-06, 2.19615094466e-06, 1.51805363657e-06, 8.13394080978e-07, 3.71774007135e-07, 1.68227654029e-08, 2.09716977118e-09, 9.90536402901e-11, 9.53322403657e-12, 3.26013006738e-13],
        "skew": [3.49970650673, 1.74518918991, 2.11136960983, 2.00367593765, 1.32485175133, 1.43053841591, 1.39011836052, 1.36173558235, 1.15699672699, 3.02372574806, 1.16328263283, 1.57829606533, 1.03659367561, 0.677018344402, 0.830063939095, 0.984865128994, 1.41944956779, 0.586399555206, 0.742617309093, 0.655994355679, 1.59153008461, 2.50596427917, 0.652000010014, 12.6714839935, 41.1575279236, 41.3463287354, 41.3448829651],
        "var": [1.328933152e-16, 1.45283568162e-11, 2.19560480907e-11, 3.43081674181e-10, 7.35547345254e-10, 2.78591483216e-10, 3.69956648649e-10, 5.53350147925e-08, 2.34126074083e-09, 2.07273167518e-08, 1.02685693282e-09, 4.83264894768e-09, 1.25909038751e-09, 9.84965775608e-10, 1.59808577482e-09, 3.09499159634e-09, 1.71642344782e-09, 2.71147576614e-10, 1.63680388687e-10, 1.38112216108e-10, 8.67876118194e-11, 1.56696563277e-12, 2.81131315161e-15, 3.6783070126e-16, 1.90661987907e-17, 1.52635022767e-17, 1.55004068041e-17],
        "cov": [[1.32970845185e-16, 1.8984913671e-14, -3.14176669765e-16, -7.38428076823e-15, -9.0030420456e-15, -1.00684051929e-17, 5.5951663421e-15, -4.01558601366e-14, 8.78816418644e-15, 8.08787376807e-14, -3.39023116018e-15, 2.20249657407e-14, -3.3017744507e-15, -1.86443081704e-14, 9.87281952155e-15, -4.0945335501e-14, 1.69362831729e-14, 5.91840173807e-15, 4.82411775593e-15, 5.53031940548e-16, -2.53408922061e-15, -6.67265080216e-16, 1.78310378108e-17, 3.47708381424e-17, 1.97091877875e-17, 1.7586382601e-17, 1.77234100326e-17], [1.8984913671e-14, 1.45368326751e-11, 2.39030344996e-12, -3.10059898763e-12, 5.88065100088e-12, 4.32703395684e-12, 1.82543910543e-12, -4.38995576002e-11, 2.17591488447e-13, 7.63885621424e-11, 7.03731474136e-12, -6.70012179418e-12, 8.78730681969e-12, -5.50114597972e-12, -4.82858978496e-12, 2.87367655713e-12, 2.8019661244e-12, 1.63094537875e-12, 2.13533143533e-13, 1.87452288934e-12, 3.88489099831e-13, 1.45308637627e-13, 9.03791015687e-15, -2.61166896825e-15, -3.94168370192e-16, -3.73555638132e-16, -3.76070161315e-16], [-3.14176669765e-16, 2.39030344996e-12, 2.19688572889e-11, 2.27163999417e-11, 5.21748746637e-12, 4.14969491061e-12, 6.18207362472e-13, 6.26714791174e-11, 1.12435809361e-12, 4.22346047024e-11, 5.88581700739e-12, 1.02838145985e-11, 1.04773108592e-11, -4.19346979016e-12, 1.4387528495e-11, 1.36368633399e-11, -1.27713063649e-12, -2.92762315042e-13, 1.09322945661e-12, -2.97302818215e-13, 1.17742697103e-12, 1.43816612807e-13, 1.52661290185e-14, 7.37176956221e-16, -4.980872426e-16, -4.47748286303e-16, -4.50572029451e-16], [-7.38428076823e-15, -3.10059898763e-12, 2.27163999417e-11, 3.43281847393e-10, 9.88739368157e-11, 1.82144837407e-12, 4.57366306286e-12, 3.9447691641e-11, 4.7712375717e-11, -5.45450056649e-12, -8.82638309229e-13, 2.19392230077e-11, 5.25231724433e-12, -1.88505721449e-11, 3.3327011398e-13, 4.70467553804e-11, 3.81470896538e-11, 9.4844193263e-12, -6.93613948829e-13, 2.24343417107e-12, 1.54437183528e-12, 9.35354983571e-13, 3.30625013045e-14, 2.46984964897e-14, -1.52652934205e-15, -1.69545418151e-15, -1.71322747384e-15], [-9.0030420456e-15, 5.88065100088e-12, 5.21748746637e-12, 9.88739368157e-11, 7.35976501964e-10, 2.12583665948e-11, 1.18872993046e-11, 1.16951837104e-10, 3.90271565065e-11, 3.46896053549e-11, -1.68831962299e-11, -3.47119034905e-11, 4.30891676506e-11, -2.96570493857e-12, -1.58232038583e-11, 1.30163935186e-11, -2.1244395132e-11, 1.43204831674e-11, -1.13739844366e-12, -1.81054701938e-13, 4.471585862e-12, 3.23035787573e-13, 1.56149202455e-14, -1.42689696457e-14, -4.0132116109e-15, -3.62485378085e-15, -3.65422803643e-15], [-1.00684051929e-17, 4.32703395684e-12, 4.14969491061e-12, 1.82144837407e-12, 2.12583665948e-11, 2.78754019867e-10, 2.65984959752e-11, -5.22636968425e-12, 3.44350138681e-11, 1.74342651427e-10, 8.48383949897e-12, 6.13058518881e-12, 1.99425267966e-11, -6.1725503181e-12, -1.3442301959e-11, 2.00082363871e-11, 6.95922529673e-12, 3.81614531642e-12, 7.44441574357e-12, 9.6752788073e-12, 1.06086112117e-11, 1.39212480519e-12, 6.31631723379e-14, 9.65598819266e-16, -1.73733530207e-15, -1.70357775687e-15, -1.72163565227e-15], [5.5951663421e-15, 1.82543910543e-12, 6.18207362472e-13, 4.57366306286e-12, 1.18872993046e-11, 2.65984959752e-11, 3.70172503761e-10, 3.2634797642e-10, 4.7613094023e-11, 1.52787060781e-10, 1.52691453231e-11, -1.32651127496e-12, 1.48683860363e-11, 8.08223453441e-12, 3.42288415493e-12, 3.16026475822e-11, 2.92849286487e-11, 1.61889304046e-11, 6.76152059689e-12, 7.18905750902e-12, 5.47277457727e-12, 1.46878375348e-12, 3.73428027324e-14, 9.11598203065e-15, -2.13585964507e-15, -1.9648894328e-15, -1.98034079607e-15], [-4.01558601366e-14, -4.38995576002e-11, 6.26714791174e-11, 3.9447691641e-11, 1.16951837104e-10, -5.22636968425e-12, 3.2634797642e-10, 5.53672983017e-08, 1.94422700162e-09, -3.09998315906e-09, -2.01482774909e-10, 1.11661713209e-09, 1.30601265913e-10, 4.21507162507e-10, 5.6417848171e-10, 4.52632514802e-10, 3.17454784682e-10, 8.45810851913e-11, 3.41169925644e-10, 1.33983199535e-10, 9.07115355053e-11, 2.76444817558e-12, 2.24420349383e-13, 1.37427246774e-13, -3.09580174538e-14, -2.916823006e-14, -2.93493257041e-14], [8.78816418644e-15, 2.17591488447e-13, 1.12435809361e-12, 4.7712375717e-11, 3.90271565065e-11, 3.44350138681e-11, 4.7613094023e-11, 1.94422700162e-09, 2.34262675924e-09, -5.10858508274e-11, 1.9980107846e-11, 1.13756962183e-10, 7.49940040623e-11, 1.75731599411e-11, 5.8823709792e-11, 7.42685149491e-11, 6.70656655211e-11, 1.71514070307e-11, 4.70040395495e-11, 3.46121568906e-11, -7.96898744909e-12, 1.22707074536e-12, 1.63102699207e-13, 1.69981081077e-14, -6.56712267303e-15, -6.464209864e-15, -6.53813805261e-15], [8.08787376807e-14, 7.63885621424e-11, 4.22346047024e-11, -5.45450056649e-12, 3.46896053549e-11, 1.74342651427e-10, 1.52787060781e-10, -3.09998315906e-09, -5.10858508274e-11, 2.07394101892e-08, 6.60925592033e-10, -1.61864174841e-10, 3.77123776651e-10, -1.36399253003e-10, 2.38846633444e-11, 1.53512424994e-10, -2.51800719164e-10, -3.86933297902e-11, -2.17967085353e-11, -4.48176357137e-11, -1.05965002398e-11, 1.28990676647e-12, 1.61937195424e-13, -1.42456237236e-13, -1.71759867207e-14, -1.41071262134e-14, -1.41584513279e-14], [-3.39023116018e-15, 7.03731474136e-12, 5.88581700739e-12, -8.82638309229e-13, -1.68831962299e-11, 8.48383949897e-12, 1.52691453231e-11, -2.01482774909e-10, 1.9980107846e-11, 6.60925592033e-10, 1.02745612018e-09, 1.81915538189e-10, 2.0293253189e-11, 5.82135381566e-11, 4.55842308345e-11, -1.59350553586e-11, 1.5765340422e-11, 1.45724925182e-11, 1.12461884423e-12, 4.54380977288e-12, -4.78145040922e-12, -2.61487581804e-13, -1.18770589287e-15, -3.32278861815e-14, -4.20384908118e-15, -4.02024410195e-15, -4.06083095617e-15], [2.20249657407e-14, -6.70012179418e-12, 1.02838145985e-11, 2.19392230077e-11, -3.47119034905e-11, 6.13058518881e-12, -1.32651127496e-12, 1.11661713209e-09, 1.13756962183e-10, -1.61864174841e-10, 1.81915538189e-10, 4.83546847008e-09, 1.53796125141e-11, 1.31478494758e-10, 2.16465040337e-10, 1.13850588679e-10, 2.14161757772e-10, 3.45743746133e-11, 5.99869390272e-11, 3.47947677615e-11, 1.97036779254e-11, 9.13968662038e-13, 1.70843469038e-13, 3.37598160961e-14, -9.09735662318e-15, -9.14406371395e-15, -9.23412618614e-15], [-3.3017744507e-15, 8.78730681969e-12, 1.04773108592e-11, 5.25231724433e-12, 4.30891676506e-11, 1.99425267966e-11, 1.48683860363e-11, 1.30601265913e-10, 7.49940040623e-11, 3.77123776651e-10, 2.0293253189e-11, 1.53796125141e-11, 1.25982502208e-09, 1.05116110261e-10, 2.34809151289e-11, 8.85772705184e-11, -1.9012109595e-11, 1.86376886147e-11, 2.08128046048e-12, 5.05750866533e-12, -1.64945563718e-12, 1.07934603095e-12, 8.82797558199e-15, -1.98105183787e-14, -6.78313809743e-15, -6.41500021438e-15, -6.46130411748e-15], [-1.86443081704e-14, -5.50114597972e-12, -4.19346979016e-12, -1.88505721449e-11, -2.96570493857e-12, -6.1725503181e-12, 8.08223453441e-12, 4.21507162507e-10, 1.75731599411e-11, -1.36399253003e-10, 5.82135381566e-11, 1.31478494758e-10, 1.05116110261e-10, 9.85540427045e-10, 1.01088575011e-10, 3.25710639015e-11, -3.27882187547e-12, 2.37573589273e-11, 1.30596297665e-11, 1.78370131165e-11, 1.82578396846e-11, 3.19079940421e-12, 5.17144547942e-14, 4.87139489988e-15, -6.68305691955e-15, -6.42314443617e-15, -6.48658635689e-15], [9.87281952155e-15, -4.82858978496e-12, 1.4387528495e-11, 3.3327011398e-13, -1.58232038583e-11, -1.3442301959e-11, 3.42288415493e-12, 5.6417848171e-10, 5.8823709792e-11, 2.38846633444e-11, 4.55842308345e-11, 2.16465040337e-10, 2.34809151289e-11, 1.01088575011e-10, 1.59901814012e-09, 1.40212771949e-10, 1.4208628718e-10, 4.14107671765e-11, 4.20708259896e-11, 2.69213696474e-11, 1.70237487301e-11, 1.10918609367e-12, 1.07728116792e-13, 1.64543570013e-14, -6.91067373072e-15, -6.98455279141e-15, -7.03466410761e-15], [-4.0945335501e-14, 2.87367655713e-12, 1.36368633399e-11, 4.70467553804e-11, 1.30163935186e-11, 2.00082363871e-11, 3.16026475822e-11, 4.52632514802e-10, 7.42685149491e-11, 1.53512424994e-10, -1.59350553586e-11, 1.13850588679e-10, 8.85772705184e-11, 3.25710639015e-11, 1.40212771949e-10, 3.09679726307e-09, 7.82589271164e-11, 2.96392185968e-12, 3.04979062837e-11, 5.90963597502e-11, 2.18644338745e-11, 6.02265242886e-12, 6.68365035083e-14, 5.41819972948e-14, -1.21598194906e-14, -1.175545782e-14, -1.18793448589e-14], [1.69362831729e-14, 2.8019661244e-12, -1.27713063649e-12, 3.81470896538e-11, -2.1244395132e-11, 6.95922529673e-12, 2.92849286487e-11, 3.17454784682e-10, 6.70656655211e-11, -2.51800719164e-10, 1.5765340422e-11, 2.14161757772e-10, -1.9012109595e-11, -3.27882187547e-12, 1.4208628718e-10, 7.82589271164e-11, 1.71742486899e-09, 8.22154844204e-11, 6.11473510714e-11, 4.08255651507e-11, 5.1178861496e-12, 1.33994421461e-12, 1.41622309583e-13, 9.59033064551e-15, -6.98721247487e-15, -7.00181828749e-15, -7.07834136153e-15], [5.91840173807e-15, 1.63094537875e-12, -2.92762315042e-13, 9.4844193263e-12, 1.43204831674e-11, 3.81614531642e-12, 1.61889304046e-11, 8.45810851913e-11, 1.71514070307e-11, -3.86933297902e-11, 1.45724925182e-11, 3.45743746133e-11, 1.86376886147e-11, 2.37573589273e-11, 4.14107671765e-11, 2.96392185968e-12, 8.22154844204e-11, 2.71305783395e-10, 2.24277298122e-11, 2.04702244738e-11, 1.05341889725e-11, 8.96659265934e-13, 7.77586477737e-14, 1.04627830515e-14, -4.30580008429e-15, -4.1513393912e-15, -4.1945147781e-15], [4.82411775593e-15, 2.13533143533e-13, 1.09322945661e-12, -6.93613948829e-13, -1.13739844366e-12, 7.44441574357e-12, 6.76152059689e-12, 3.41169925644e-10, 4.70040395495e-11, -2.17967085353e-11, 1.12461884423e-12, 5.99869390272e-11, 2.08128046048e-12, 1.30596297665e-11, 4.20708259896e-11, 3.04979062837e-11, 6.11473510714e-11, 2.24277298122e-11, 1.63775895623e-10, 2.25845037116e-11, 9.71658691007e-12, 1.42806751667e-12, 8.50511813213e-14, 1.4468733896e-14, -2.99368209801e-15, -3.11158633141e-15, -3.1412064383e-15], [5.53031940548e-16, 1.87452288934e-12, -2.97302818215e-13, 2.24343417107e-12, -1.81054701938e-13, 9.6752788073e-12, 7.18905750902e-12, 1.33983199535e-10, 3.46121568906e-11, -4.48176357137e-11, 4.54380977288e-12, 3.47947677615e-11, 5.05750866533e-12, 1.78370131165e-11, 2.69213696474e-11, 5.90963597502e-11, 4.08255651507e-11, 2.04702244738e-11, 2.25845037116e-11, 1.38192804422e-10, 2.9959271175e-11, 2.46157413029e-12, 1.24758507019e-13, 2.24619500381e-14, -2.24749181126e-15, -2.41980626481e-15, -2.45158672924e-15], [-2.53408922061e-15, 3.88489099831e-13, 1.17742697103e-12, 1.54437183528e-12, 4.471585862e-12, 1.06086112117e-11, 5.47277457727e-12, 9.07115355053e-11, -7.96898744909e-12, -1.05965002398e-11, -4.78145040922e-12, 1.97036779254e-11, -1.64945563718e-12, 1.82578396846e-11, 1.70237487301e-11, 2.18644338745e-11, 5.1178861496e-12, 1.05341889725e-11, 9.71658691007e-12, 2.9959271175e-11, 8.68382449282e-11, 3.96248442044e-12, 9.49071211702e-14, 2.90619579183e-14, -8.7627056583e-16, -1.07363734229e-15, -1.09480268394e-15], [-6.67265080216e-16, 1.45308637627e-13, 1.43816612807e-13, 9.35354983571e-13, 3.23035787573e-13, 1.39212480519e-12, 1.46878375348e-12, 2.76444817558e-12, 1.22707074536e-12, 1.28990676647e-12, -2.61487581804e-13, 9.13968662038e-13, 1.07934603095e-12, 3.19079940421e-12, 1.10918609367e-12, 6.02265242886e-12, 1.33994421461e-12, 8.96659265934e-13, 1.42806751667e-12, 2.46157413029e-12, 3.96248442044e-12, 1.56787983204e-12, 1.22672978072e-14, 6.90242278278e-16, -1.80722592284e-16, -1.98471095668e-16, -2.00923216345e-16], [1.78310378108e-17, 9.03791015687e-15, 1.52661290185e-14, 3.30625013045e-14, 1.56149202455e-14, 6.31631723379e-14, 3.73428027324e-14, 2.24420349383e-13, 1.63102699207e-13, 1.61937195424e-13, -1.18770589287e-15, 1.70843469038e-13, 8.82797558199e-15, 5.17144547942e-14, 1.07728116792e-13, 6.68365035083e-14, 1.41622309583e-13, 7.77586477737e-14, 8.50511813213e-14, 1.24758507019e-13, 9.49071211702e-14, 1.22672978072e-14, 2.81295321915e-15, 1.46218943406e-16, 1.74426401173e-17, 1.3769255094e-17, 1.38227265303e-17], [3.47708381424e-17, -2.61166896825e-15, 7.37176956221e-16, 2.46984964897e-14, -1.42689696457e-14, 9.65598819266e-16, 9.11598203065e-15, 1.37427246774e-13, 1.69981081077e-14, -1.42456237236e-13, -3.32278861815e-14, 3.37598160961e-14, -1.98105183787e-14, 4.87139489988e-15, 1.64543570013e-14, 5.41819972948e-14, 9.59033064551e-15, 1.04627830515e-14, 1.4468733896e-14, 2.24619500381e-14, 2.90619579183e-14, 6.90242278278e-16, 1.46218943406e-16, 3.68045291763e-16, 2.43876783188e-17, 2.15710290713e-17, 2.17271296335e-17], [1.97091877875e-17, -3.94168370192e-16, -4.980872426e-16, -1.52652934205e-15, -4.0132116109e-15, -1.73733530207e-15, -2.13585964507e-15, -3.09580174538e-14, -6.56712267303e-15, -1.71759867207e-14, -4.20384908118e-15, -9.09735662318e-15, -6.78313809743e-15, -6.68305691955e-15, -6.91067373072e-15, -1.21598194906e-14, -6.98721247487e-15, -4.30580008429e-15, -2.99368209801e-15, -2.24749181126e-15, -8.7627056583e-16, -1.80722592284e-16, 1.74426401173e-17, 2.43876783188e-17, 1.90773227156e-17, 1.70434377906e-17, 1.71748023436e-17], [1.7586382601e-17, -3.73555638132e-16, -4.47748286303e-16, -1.69545418151e-15, -3.62485378085e-15, -1.70357775687e-15, -1.9648894328e-15, -2.916823006e-14, -6.464209864e-15, -1.41071262134e-14, -4.02024410195e-15, -9.14406371395e-15, -6.41500021438e-15, -6.42314443617e-15, -6.98455279141e-15, -1.175545782e-14, -7.00181828749e-15, -4.1513393912e-15, -3.11158633141e-15, -2.41980626481e-15, -1.07363734229e-15, -1.98471095668e-16, 1.3769255094e-17, 2.15710290713e-17, 1.70434377906e-17, 1.52724077031e-17, 1.53904265242e-17], [1.77234100326e-17, -3.76070161315e-16, -4.50572029451e-16, -1.71322747384e-15, -3.65422803643e-15, -1.72163565227e-15, -1.98034079607e-15, -2.93493257041e-14, -6.53813805261e-15, -1.41584513279e-14, -4.06083095617e-15, -9.23412618614e-15, -6.46130411748e-15, -6.48658635689e-15, -7.03466410761e-15, -1.18793448589e-14, -7.07834136153e-15, -4.1945147781e-15, -3.1412064383e-15, -2.45158672924e-15, -1.09480268394e-15, -2.00923216345e-16, 1.38227265303e-17, 2.17271296335e-17, 1.71748023436e-17, 1.53904265242e-17, 1.55094495426e-17]]
    },
    "mfcc": {
        "kurt": [52.6527786255, 1.87822246552, 0.80825304985, 0.821572542191, 0.164210557938, 0.407138347626, -0.166920661926, -0.0648853778839, -0.152316331863, 0.129296541214, -0.0930111408234, -0.0688905715942, 0.14410161972],
        "max": [-749.130249023, 158.316894531, -66.9568634033, 40.8782234192, -5.98860168457, 19.1937179565, 12.981754303, 8.13746070862, 29.8923683167, 13.1748905182, 15.2486534119, 12.350112915, 13.6224212646],
        "mean": [-769.176818848, 140.083953857, -95.9950790405, 24.7976226807, -30.2377853394, -6.30477523804, -4.06291389465, -12.2869205475, 12.653087616, -7.13404893875, -1.86856973171, -3.24122834206, -4.33265447617],
        "median": [-768.552246094, 140.23526001, -96.0305023193, 24.9465370178, -30.4007987976, -6.20477294922, -4.0538444519, -12.2880859375, 12.671421051, -7.18842315674, -1.79467391968, -3.24450302124, -4.28266525269],
        "min": [-903.512512207, 93.5942230225, -114.273712158, -14.1247062683, -51.2971572876, -25.5208091736, -21.0097427368, -29.688835144, -4.75119018555, -23.4767837524, -16.8224124908, -19.0658950806, -20.5168571472],
        "skew": [-5.46335172653, -0.411924213171, 0.237275913358, -0.295830667019, 0.00831607915461, 0.0207096338272, -0.010329826735, -0.0661135911942, -0.0357365570962, 0.126583844423, 0.00129209808074, 0.0136494981125, 0.081736639142],
        "var": [91.9399032593, 41.0174026489, 35.1079216003, 36.1039962769, 33.8198509216, 30.8658351898, 28.7665176392, 28.3114891052, 25.1615982056, 26.731174469, 26.3026027679, 24.6752490997, 24.3544960022],
        "cov": [[91.9935455322, 29.8873634338, -5.57405900955, 18.9858398438, -11.5019521713, 9.37271404266, -0.284218460321, 0.521872520447, 6.31860876083, 3.5902235508, 5.34563016891, 2.03588294983, 3.19695329666], [29.8873634338, 41.0413322449, 17.6361541748, 3.93483662605, 5.86141252518, 1.90777337551, 5.26139211655, 6.09480428696, 2.81767845154, 3.28491616249, 3.42880749702, -0.0904889032245, 2.20792865753], [-5.57405900955, 17.6361541748, 35.1284065247, 16.1970119476, 7.88829469681, 5.1941242218, 3.53830099106, 4.1930065155, 1.77597081661, 0.831081807613, 0.833423435688, 1.00474238396, -0.635994076729], [18.9858398438, 3.93483662605, 16.1970119476, 36.1250610352, 12.6877117157, 8.87557792664, 2.95609593391, 0.624328374863, 4.2341504097, -0.18277849257, 0.784054458141, 1.69376695156, -0.696686685085], [-11.5019521713, 5.86141252518, 7.88829469681, 12.6877117157, 33.8395805359, 13.367767334, 6.69652509689, 7.91567325592, 0.038625061512, 0.43244689703, -1.43559587002, -0.998242914677, 0.459838747978], [9.37271404266, 1.90777337551, 5.1941242218, 8.87557792664, 13.367767334, 30.8838424683, 16.3802947998, 5.22858095169, 4.81617212296, -1.94400763512, -0.583196759224, 0.75420486927, 0.420367538929], [-0.284218460321, 5.26139211655, 3.53830099106, 2.95609593391, 6.69652509689, 16.3802947998, 28.7833003998, 15.7228059769, 3.84338212013, 1.06461012363, -1.36615073681, 0.05222196877, 1.87695407867], [0.521872520447, 6.09480428696, 4.1930065155, 0.624328374863, 7.91567325592, 5.22858095169, 15.7228059769, 28.3280067444, 11.5309534073, 2.94006872177, 1.26936268806, -0.688997983932, 4.30792236328], [6.31860876083, 2.81767845154, 1.77597081661, 4.2341504097, 0.038625061512, 4.81617212296, 3.84338212013, 11.5309534073, 25.1762771606, 11.5768384933, 3.58831548691, 3.90416073799, 2.58736538887], [3.5902235508, 3.28491616249, 0.831081807613, -0.18277849257, 0.43244689703, -1.94400763512, 1.06461012363, 2.94006872177, 11.5768384933, 26.7467708588, 14.1528234482, 4.56379699707, 4.89458370209], [5.34563016891, 3.42880749702, 0.833423435688, 0.784054458141, -1.43559587002, -0.583196759224, -1.36615073681, 1.26936268806, 3.58831548691, 14.1528234482, 26.317949295, 13.9374990463, 4.18069219589], [2.03588294983, -0.0904889032245, 1.00474238396, 1.69376695156, -0.998242914677, 0.75420486927, 0.05222196877, -0.688997983932, 3.90416073799, 4.56379699707, 13.9374990463, 24.6896438599, 11.535618782], [3.19695329666, 2.20792865753, -0.635994076729, -0.696686685085, 0.459838747978, 0.420367538929, 1.87695407867, 4.30792236328, 2.58736538887, 4.89458370209, 4.18069219589, 11.535618782, 24.3687057495]]
    },
    "sccoeffs": {
        "kurt": [0.0317754745483, -0.216219425201, 0.0359358787537, 0.0289647579193, -0.145824193954, 15.186548233],
        "max": [-0.544952511787, -0.588335514069, -0.706777274609, -0.753685474396, -0.774772047997, -0.590923726559],
        "mean": [-0.725053906441, -0.749355912209, -0.817324578762, -0.828104197979, -0.819821000099, -0.643482744694],
        "median": [-0.728033959866, -0.751538276672, -0.819144964218, -0.828929901123, -0.819956123829, -0.644543468952],
        "min": [-0.859221041203, -0.905238330364, -0.903608798981, -0.897623121738, -0.872316002846, -0.842321097851],
        "skew": [0.288980811834, 0.131526753306, 0.326458990574, 0.141750276089, 0.00668037263677, -0.858223736286],
        "var": [0.00271120900288, 0.00287510012276, 0.00107571901754, 0.000418380106566, 0.000249972363235, 0.00024487086921],
        "cov": [[0.00271279085428, 0.00017072391347, -0.000117221024993, 6.43318617222e-06, 1.75005334313e-05, 1.89435886568e-05], [0.00017072391347, 0.00287677743472, -4.71824678243e-05, 1.01960188204e-06, 1.84560922207e-05, -4.16928230607e-07], [-0.000117221024993, -4.71824678243e-05, 0.00107634661254, 5.05000389239e-06, -2.16771004489e-05, 1.06579063868e-05], [6.43318617222e-06, 1.01960188204e-06, 5.05000389239e-06, 0.000418624229496, 1.54038461915e-05, 1.85630215128e-05], [1.75005334313e-05, 1.84560922207e-05, -2.16771004489e-05, 1.54038461915e-05, 0.00025011820253, -2.60467568296e-05], [1.89435886568e-05, -4.16928230607e-07, 1.06579063868e-05, 1.85630215128e-05, -2.60467568296e-05, 0.000245013739914]]
    },
    "scvalleys": {
        "kurt": [0.857555627823, 0.4637362957, 1.82689571381, 4.28277492523, 19.8244819641, 67.1824417114],
        "max": [-6.55857658386, -5.72253227234, -5.63499546051, -6.14082288742, -7.11299228668, -10.0562210083],
        "mean": [-7.82809495926, -6.68907499313, -6.48519611359, -6.70678901672, -7.52888154984, -12.2311487198],
        "median": [-7.79458093643, -6.67594385147, -6.47672939301, -6.69402313232, -7.5196018219, -12.2224693298],
        "min": [-10.3505430222, -8.26685619354, -7.94716310501, -8.03153514862, -9.33061504364, -13.3393774033],
        "skew": [-0.443539619446, -0.363652229309, -0.52531427145, -1.00050342083, -2.5940155983, 0.728666186333],
        "var": [0.171611443162, 0.0949380248785, 0.0564738363028, 0.0342768020928, 0.0240607187152, 0.0156750064343],
        "cov": [[0.171711564064, 0.00886902585626, 0.00813501421362, 0.00568837299943, 0.00636180909351, 0.00364450085908], [0.00886902585626, 0.0949934124947, 0.00570004573092, 0.00269870972261, 0.0087135527283, 0.00420863134786], [0.00813501421362, 0.00570004573092, 0.0565067864954, 0.00750299822539, 0.00685435673222, 0.00404399028048], [0.00568837299943, 0.00269870972261, 0.00750299822539, 0.0342968031764, 0.00860678777099, 0.0048499526456], [0.00636180909351, 0.0087135527283, 0.00685435673222, 0.00860678777099, 0.0240747574717, 0.00754096033052], [0.00364450085908, 0.00420863134786, 0.00404399028048, 0.0048499526456, 0.00754096033052, 0.015684152022]]
    }
},
"rhythm": {
    "beats_loudness": {
        "kurt": 1.17453432083,
        "max": 0.00256656412967,
        "mean": 0.00149263325147,
        "median": 0.00142831075937,
        "min": 0.000875417143106,
        "skew": 0.978409171104,
        "var": 9.43228357642e-08
    },
    "bpm": 89.759979248,
    "confidence": 0.190879389644,
    "first_peak_bpm": {
        "kurt": 0,
        "max": 89,
        "mean": 89,
        "median": 89,
        "min": 89,
        "skew": 0,
        "var": 0
    },
    "first_peak_spread": {
        "kurt": 0,
        "max": 0.600000023842,
        "mean": 0.600000023842,
        "median": 0.600000023842,
        "min": 0.600000023842,
        "skew": 0,
        "var": 0
    },
    "first_peak_weight": {
        "kurt": 0,
        "max": 0.136986300349,
        "mean": 0.136986300349,
        "median": 0.136986300349,
        "min": 0.136986300349,
        "skew": 0,
        "var": 0
    },
    "onset_rate": 0.0502597056329,
    "second_peak_bpm": {
        "kurt": 0,
        "max": 172,
        "mean": 172,
        "median": 172,
        "min": 172,
        "skew": 0,
        "var": 0
    },
    "second_peak_spread": {
        "kurt": 0,
        "max": 0,
        "mean": 0,
        "median": 0,
        "min": 0,
        "skew": 0,
        "var": 0
    },
    "second_peak_weight": {
        "kurt": 0,
        "max": 0.109589040279,
        "mean": 0.109589040279,
        "median": 0.109589040279,
        "min": 0.109589040279,
        "skew": 0,
        "var": 0
    },
    "beats_loudness_band_ratio": {
        "kurt": [2.20023155212, 0.154336929321, 0.482269287109, -0.286432981491, -0.195558071136, -0.675577640533],
        "max": [0.0823688358068, 0.11562038213, 0.612684547901, 0.541864395142, 0.44285300374, 0.105502739549],
        "mean": [0.0268888100982, 0.0485491529107, 0.298915416002, 0.299338638783, 0.274405121803, 0.067347958684],
        "median": [0.0226826183498, 0.0447842776775, 0.286362439394, 0.289202034473, 0.267587959766, 0.066636197269],
        "min": [0.00744372885674, 0.0105823203921, 0.150041744113, 0.135237082839, 0.138288721442, 0.0349865853786],
        "skew": [1.40846884251, 0.784204185009, 0.784092307091, 0.428556829691, 0.257655590773, 0.15767557919],
        "var": [0.00021973667026, 0.000549954478629, 0.00932088680565, 0.00847555976361, 0.0037833629176, 0.00030372897163],
        "cov": [[0.000222746763029, 5.52509554836e-05, -0.000239960179897, -0.000282110704575, 0.000231960002566, 4.34305147792e-05], [5.52509554836e-05, 0.000557488121558, -0.00037170376163, -0.000362955906894, -2.04077914532e-05, 0.00016623614647], [-0.000239960179897, -0.00037170376163, 0.00944857019931, -0.00582573702559, -0.00248226360418, -0.000604053027928], [-0.000282110704575, -0.000362955906894, -0.00582573702559, 0.00859166309237, -0.00186670199037, -0.000207063829293], [0.000231960002566, -2.04077914532e-05, -0.00248226360418, -0.00186670199037, 0.00383518985473, 0.000312983058393], [4.34305147792e-05, 0.00016623614647, -0.000604053027928, -0.000207063829293, 0.000312983058393, 0.000307889655232]]
    },
    "beats_position": [0.348299324512, 0.684988677502, 1.04489791393, 1.39319729805, 1.764716506, 2.11301589012, 2.46131515503, 2.80961441994, 3.15791368484, 3.50621318817, 3.84290242195, 4.17959165573, 4.52789115906, 4.85297060013, 5.17804956436, 5.4915189743, 5.8282084465, 6.18811798096, 6.54802703857, 6.8963265419, 7.26784563065, 7.6858048439, 8.10376358032, 8.47528362274, 8.87002277374, 9.26476192474, 9.65950107574, 10.0658502579, 10.47219944, 10.866938591, 11.3081178665, 11.7376871109, 12.2833557129, 12.8174142838, 13.328253746, 13.9435825348, 14.5589113235, 15.1626300812, 15.7895689011, 16.3932876587, 16.99700737, 17.600725174, 18.2508831024, 18.9242630005, 19.6092510223, 20.2710208893, 20.9676189423, 21.6293869019, 22.2679367065, 22.918094635, 23.5682544708, 24.2184123993, 24.8685703278, 25.5419502258, 26.2153282166, 26.865486145, 27.5156459808, 28.1890239716, 28.8624038696, 29.5125617981, 30.2323799133, 30.9521980286, 31.6952381134, 32.4150543213, 33.111656189, 33.8082542419, 34.5048522949, 35.2246704102, 35.9444885254, 36.6410865784, 37.3144645691, 37.9878463745, 38.6612243652, 39.334602356],
    "bpm_estimates": [92.2852706909, 89.1027526855, 87.5927734375, 90.6659622192, 86.1328887939, 90.6662216187, 93.9629135132, 92.2852706909, 92.2849960327, 92.2852706909, 92.2852706909, 89.1027526855, 89.1030044556, 92.2852706909, 92.2849960327, 89.1030044556, 89.1027526855, 92.2852706909, 86.1324157715, 86.1328887939, 86.1328887939, 86.1328887939, 89.1030044556, 89.1024932861, 89.1030044556, 89.1030044556],
    "bpm_intervals": [0.336689352989, 0.359909236431, 0.348299384117, 0.371519207954, 0.348299384117, 0.348299264908, 0.348299264908, 0.348299264908, 0.348299503326, 0.33668923378, 0.33668923378, 0.348299503326, 0.325079441071, 0.325078964233, 0.313469409943, 0.336689472198, 0.359909534454, 0.359909057617, 0.348299503326, 0.371519088745, 0.417959213257, 0.41795873642, 0.371520042419, 0.394739151001, 0.394739151001, 0.394739151001, 0.406349182129, 0.406349182129, 0.394739151001, 0.441179275513, 0.429569244385, 0.54566860199, 0.534058570862, 0.51083946228, 0.615328788757, 0.615328788757, 0.603718757629, 0.626938819885, 0.603718757629, 0.603719711304, 0.603717803955, 0.650157928467, 0.673379898071, 0.684988021851, 0.661769866943, 0.696598052979, 0.661767959595, 0.638549804688, 0.650157928467, 0.650159835815, 0.650157928467, 0.650157928467, 0.673379898071, 0.673377990723, 0.650157928467, 0.650159835815, 0.673377990723, 0.673379898071, 0.650157928467, 0.719818115234, 0.719818115234, 0.743040084839, 0.719816207886, 0.696601867676, 0.696598052979, 0.696598052979, 0.719818115234, 0.719818115234, 0.696598052979, 0.673377990723, 0.67338180542, 0.673377990723, 0.673377990723],
    "onset_times": [0.0116099771112, 0.116099774837],
    "histogram": [[0, 0, 0, 0, 0, 0, 0, 0, 0, 0, 0, 0, 0, 0, 0, 0, 0, 0, 0, 0, 0, 0, 0, 0, 0, 0, 0, 0, 0, 0, 0, 0, 0, 0, 0, 0, 0, 0, 0, 0, 0, 0, 0, 0, 0, 0, 0, 0, 0, 0, 0, 0, 0, 0, 0, 0, 0, 0, 0, 0, 0, 0, 0, 0, 0, 0, 0, 0, 0, 0, 0, 0, 0, 0, 0, 0, 0, 0, 0, 0, 0, 0.0136986300349, 0, 0.0684931501746, 0, 0, 0.0684931501746, 0, 0.0136986300349, 0.123287670314, 0, 0.0273972600698, 0.109589040279, 0, 0.0136986300349, 0, 0.0136986300349, 0, 0.0273972600698, 0.0547945201397, 0, 0, 0, 0, 0, 0, 0, 0, 0, 0, 0.0136986300349, 0, 0.0136986300349, 0, 0, 0, 0, 0.0136986300349, 0, 0, 0, 0, 0, 0, 0, 0, 0, 0, 0, 0, 0, 0, 0, 0, 0, 0, 0.0136986300349, 0, 0, 0, 0.0136986300349, 0, 0, 0, 0.0273972600698, 0, 0, 0, 0.0273972600698, 0, 0, 0, 0.0547945201397, 0, 0, 0, 0, 0, 0, 0, 0, 0.0410958901048, 0, 0, 0, 0, 0, 0.0410958901048, 0, 0, 0, 0, 0.109589040279, 0, 0, 0, 0, 0, 0.0547945201397, 0, 0, 0, 0, 0, 0, 0.0273972600698, 0, 0, 0, 0, 0, 0.0136986300349, 0, 0, 0, 0, 0, 0, 0, 0, 0, 0, 0, 0, 0, 0, 0, 0, 0, 0, 0, 0, 0, 0, 0, 0, 0, 0, 0, 0, 0, 0, 0, 0, 0, 0, 0, 0, 0, 0, 0, 0, 0, 0, 0, 0, 0, 0, 0, 0, 0, 0, 0, 0, 0, 0, 0, 0, 0, 0]]
},
"sfx": {
    "inharmonicity": {
        "kurt": -1.36498236656,
        "max": 0.409900516272,
        "mean": 0.169034689665,
        "median": 0.172662302852,
        "min": 0.0010458122706,
        "skew": 0.0802003443241,
        "var": 0.0119510218501
    },
    "oddtoevenharmonicenergyratio": {
        "kurt": 2.14285898209,
        "max": 10.4103069305,
        "mean": 1.88578629494,
        "median": 1.46942150593,
        "min": 0.0206626877189,
        "skew": 1.40114760399,
        "var": 2.56107473373
    },
    "pitch_after_max_to_before_max_energy_ratio": 1.40680766106,
    "pitch_centroid": 874.360168457,
    "pitch_max_to_total": 0.454227417707,
    "pitch_min_to_total": 0.838483989239,
    "tristimulus": {
        "kurt": [4.25068044662, -0.197520971298, -0.206610918045],
        "max": [0.864365637302, 0.776517271996, 1],
