{
"metadata": {
    "version": {
        "essentia": "2.1-beta3"
    }
},
"lowLevel": {
    "average_loudness": 0.807362794876,
    "barkbands_kurtosis": {
        "kurt": 3.52237415314,
        "max": 21.7770824432,
        "mean": 2.9252986908,
        "median": 2.53755187988,
        "min": -1.23583388329,
        "skew": 1.3420637846,
        "var": 5.10056972504
    },
    "barkbands_skewness": {
        "kurt": 0.727227687836,
        "max": 3.65413379669,
        "mean": 1.26471793652,
        "median": 1.24257397652,
        "min": -0.398660629988,
        "skew": 0.360570281744,
        "var": 0.192294567823
    },
    "barkbands_spread": {
        "kurt": 1.16671991348,
        "max": 35.6289215088,
        "mean": 10.3123645782,
        "median": 9.34365272522,
        "min": 1.68431580067,
        "skew": 1.05063307285,
        "var": 24.1041412354
    },
    "dissonance": {
        "kurt": 2.4226808548,
        "max": 0.500000119209,
        "mean": 0.459872871637,
        "median": 0.465696662664,
        "min": 0.282413601875,
        "skew": -1.30263876915,
        "var": 0.000802071357612
    },
    "hfc": {
        "kurt": 18.5252552032,
        "max": 0.0926939845085,
        "mean": 0.00761996209621,
        "median": 0.00556544587016,
        "min": 0.00185567780863,
        "skew": 3.08267521858,
        "var": 3.45073349308e-05
    },
    "pitch": {
        "kurt": 157.300430298,
        "max": 4155.97070312,
        "mean": 234.659790039,
        "median": 191.987457275,
        "min": 54.3115692139,
        "skew": 6.41007041931,
        "var": 18354.7871094
    },
    "pitch_instantaneous_confidence": {
        "kurt": 1.20407104492,
        "max": 0.694315671921,
        "mean": 0.273603439331,
        "median": 0.258347392082,
        "min": 0.0968282222748,
        "skew": 1.01196348667,
        "var": 0.00689475983381
    },
    "pitch_salience": {
        "kurt": 1.06406879425,
        "max": 0.89575779438,
        "mean": 0.747058093548,
        "median": 0.752711057663,
        "min": 0.380214959383,
        "skew": -0.738890826702,
        "var": 0.00324910297059
    },
    "silence_rate_20dB": {
        "kurt": 0,
        "max": 1,
        "mean": 1,
        "median": 1,
        "min": 1,
        "skew": 0,
        "var": 0
    },
    "silence_rate_30dB": {
        "kurt": 0,
        "max": 1,
        "mean": 1,
        "median": 1,
        "min": 1,
        "skew": 0,
        "var": 0
    },
    "silence_rate_60dB": {
        "kurt": 0,
        "max": 1,
        "mean": 1,
        "median": 1,
        "min": 1,
        "skew": 0,
        "var": 0
    },
    "spectral_centroid": {
        "kurt": 2.24800300598,
        "max": 1312.4909668,
        "mean": 521.358459473,
        "median": 475.183410645,
        "min": 274.960327148,
        "skew": 1.46324563026,
        "var": 21929.4960938
    },
    "spectral_complexity": {
        "kurt": 2561.88110352,
        "max": 2,
        "mean": 0.000755515240598,
        "median": 0,
        "min": 0,
        "skew": 48.2936172485,
        "var": 0.001057060319
    },
    "spectral_crest": {
        "kurt": 1.62600278854,
        "max": 21.0867919922,
        "mean": 7.45040512085,
        "median": 7.02399635315,
        "min": 2.81982588768,
        "skew": 1.04665207863,
        "var": 5.67299890518
    },
    "spectral_decrease": {
        "kurt": 0,
        "max": -8.45337146636e-13,
        "mean": -3.50322852324e-12,
        "median": -3.03800734569e-12,
        "min": -6.99860031039e-11,
        "skew": -12.4068918228,
        "var": 4.84552328449e-24
    },
    "spectral_energy": {
        "kurt": 294.863189697,
        "max": 0.000271151569905,
        "mean": 1.39131825563e-05,
        "median": 1.20059339679e-05,
        "min": 3.39071630151e-06,
        "skew": 11.6717386246,
        "var": 7.65171537243e-11
    },
    "spectral_energyband_high": {
        "kurt": 16.2646026611,
        "max": 1.42219801091e-06,
        "mean": 5.92323523563e-08,
        "median": 1.43576111e-08,
        "min": 3.82652087794e-09,
        "skew": 3.60870218277,
        "var": 1.33264294985e-14
    },
    "spectral_energyband_low": {
        "kurt": 188.475341797,
        "max": 5.59010622965e-05,
        "mean": 2.0100465008e-06,
        "median": 1.63434788192e-06,
        "min": 9.10560657985e-08,
        "skew": 9.03896808624,
        "var": 3.22188803414e-12
    },
    "spectral_energyband_middle_high": {
        "kurt": 5.55742835999,
        "max": 1.76356261363e-05,
        "mean": 2.39696623794e-06,
        "median": 1.44437626659e-06,
        "min": 3.25378664456e-07,
        "skew": 2.27140951157,
        "var": 5.61443860153e-12
    },
    "spectral_energyband_middle_low": {
        "kurt": 415.382598877,
        "max": 0.000230411038501,
        "mean": 1.00873385236e-05,
        "median": 8.92987918633e-06,
        "min": 2.31891795011e-06,
        "skew": 14.5904655457,
        "var": 4.39231637173e-11
    },
    "spectral_flatness_db": {
        "kurt": -0.188426971436,
        "max": 0.304244488478,
        "mean": 0.197173520923,
        "median": 0.194459110498,
        "min": 0.127051025629,
        "skew": 0.433467030525,
        "var": 0.000698344083503
    },
    "spectral_flux": {
        "kurt": 14.7439060211,
        "max": 0.00967472698539,
        "mean": 0.00232471502386,
        "median": 0.0022215906065,
        "min": 0.00112679135054,
        "skew": 2.06847691536,
        "var": 3.41691361427e-07
    },
    "spectral_kurtosis": {
        "kurt": 0.443888664246,
        "max": 62.5875015259,
        "mean": 19.5366210938,
        "median": 19.5241909027,
        "min": 2.60862398148,
        "skew": 0.246912226081,
        "var": 45.8637962341
    },
    "spectral_rms": {
        "kurt": 22.9938011169,
        "max": 0.000514332728926,
        "mean": 0.000113368027087,
        "median": 0.000108227104647,
        "min": 5.75153535465e-05,
        "skew": 2.58665561676,
        "var": 7.21465165388e-10
    },
    "spectral_rolloff": {
        "kurt": 7.95740127563,
        "max": 3100.78125,
        "mean": 833.156311035,
        "median": 753.662109375,
        "min": 279.931640625,
        "skew": 2.32997322083,
        "var": 110680.765625
    },
    "spectral_skewness": {
        "kurt": -0.361992835999,
        "max": 6.37000656128,
        "mean": 3.41309857368,
        "median": 3.49444627762,
        "min": 1.26906192303,
        "skew": -0.285072863102,
        "var": 0.6134801507
    },
    "spectral_spread": {
        "kurt": 428.942382812,
        "max": 13666191,
        "mean": 2397763.25,
        "median": 2384290.75,
        "min": 1239657.5,
        "skew": 10.903758049,
        "var": 75445198848
    },
    "spectral_strongpeak": {
        "kurt": 3.88095140457,
        "max": 0.0779960602522,
        "mean": 0.0121285449713,
        "median": 0.0100042428821,
        "min": 0.000796254491434,
        "skew": 1.53464257717,
        "var": 7.08641819074e-05
    },
    "zerocrossingrate": {
        "kurt": 1.23920822144,
        "max": 0.08203125,
        "mean": 0.0325950235128,
        "median": 0.02978515625,
        "min": 0.015625,
        "skew": 1.20197999477,
        "var": 0.00011149776401
    },
    "barkbands": {
        "kurt": [23.0910720825, 176.391860962, 413.054870605, 48.7133674622, 1150.03149414, 12.0899515152, 29.1977233887, 14.0514736176, 22.1087665558, 20.3409347534, 18.2371139526, 16.963142395, 10.1436042786, 15.0877799988, 38.0822753906, 67.3023834229, 22.5568237305, 23.4671516418, 16.709066391, 14.8415718079, 17.267168045, 212.459289551, 45.258808136, 37.3865470886, 101.311279297, 3007.44921875, 6590.54541016],
        "max": [2.63212797336e-07, 2.37357544393e-05, 4.05925820814e-05, 2.34249746427e-05, 0.00018755144265, 2.97093483823e-05, 2.74955909845e-05, 1.22935744002e-05, 1.07218311314e-05, 9.63223737926e-06, 8.38252435642e-06, 4.8565580073e-06, 1.91674394046e-06, 2.407040256e-06, 3.40034944202e-06, 3.65741857422e-06, 2.3188074465e-06, 3.4720160329e-06, 2.44976081376e-06, 1.58588852628e-06, 4.02260042165e-07, 1.31899625444e-07, 1.20749445998e-08, 1.6801579017e-09, 1.32809840903e-09, 1.18089837908e-09, 1.28178190284e-09],
        "mean": [1.51611434518e-08, 6.27052770596e-07, 8.38149730953e-07, 1.11798965463e-06, 2.42750229518e-06, 2.72966781267e-06, 1.72484806171e-06, 1.02299532045e-06, 8.47875014642e-07, 7.44600754388e-07, 5.05945934037e-07, 3.17989218956e-07, 1.72609773585e-07, 1.34177668087e-07, 1.36273257567e-07, 1.02530840707e-07, 1.01916278084e-07, 1.21268442399e-07, 1.2096651858e-07, 7.95880055193e-08, 2.0868668571e-08, 2.3485056122e-09, 5.00801844439e-10, 2.00170241493e-10, 1.49701390173e-10, 1.37355717078e-11, 1.05293150501e-12],
        "median": [1.00248787049e-08, 4.3790367954e-07, 5.97299447236e-07, 7.79552408403e-07, 1.84346390597e-06, 2.22604103328e-06, 1.32540731101e-06, 7.34539185032e-07, 6.35435981167e-07, 5.27204804257e-07, 3.14653277655e-07, 1.91409412764e-07, 9.78377769911e-08, 7.21260278169e-08, 6.86672549932e-08, 5.08048856318e-08, 4.04502813467e-08, 3.90210566081e-08, 3.10439745022e-08, 1.9528279438e-08, 4.99478325366e-09, 1.1007248446e-09, 3.09598874315e-10, 1.76485936976e-10, 1.42138648074e-10, 1.248224267e-11, 6.32874286831e-13],
        "min": [3.21414742694e-13, 6.56748522232e-09, 4.16175538476e-09, 6.76586831005e-09, 9.59131867262e-08, 1.18276794581e-07, 4.49433592564e-08, 1.94350349147e-08, 5.05181496635e-08, 3.93014794042e-08, 1.88432736081e-08, 1.85151094456e-08, 3.56775853305e-09, 5.04012565017e-09, 4.36516067737e-09, 2.66269095661e-09, 2.3717201536e-09, 2.86758128354e-09, 2.45821518696e-09, 2.55145282679e-09, 1.04900554909e-09, 4.27879232046e-10, 1.15378803733e-10, 9.40361469248e-11, 7.65829691329e-11, 7.23259906826e-12, 2.78044568706e-13],
        "skew": [3.39140081406, 8.82241725922, 13.9332494736, 4.47444105148, 29.4121646881, 2.34285378456, 3.73168110847, 2.93705201149, 3.61507415771, 3.59762954712, 3.25929713249, 3.32122421265, 2.75056886673, 3.02702522278, 4.34453201294, 5.06444883347, 3.99076199532, 3.85503172874, 3.70183753967, 3.49879670143, 3.76906681061, 9.26558876038, 5.02455759048, 4.53286743164, 6.61962842941, 48.6751556396, 81.1291809082],
        "var": [2.85636953399e-16, 5.79895506614e-13, 1.10029943056e-12, 1.36847987369e-12, 1.74573220463e-11, 3.96561603e-12, 2.33237951522e-12, 9.17993220502e-13, 5.94233212983e-13, 5.50165110951e-13, 3.05222156143e-13, 1.34330521424e-13, 4.0402519519e-14, 2.70348200342e-14, 3.45864253849e-14, 2.11380206009e-14, 2.92603770803e-14, 4.51457481696e-14, 5.75515112997e-14, 2.32069663372e-14, 1.76620430249e-15, 1.52029708538e-17, 3.44550994769e-19, 8.66723884801e-21, 2.03742683002e-21, 3.11628683747e-22, 2.48301429387e-22],
        "cov": [[2.8568009914e-16, 1.37843145457e-15, 1.69193295967e-15, 2.82647059444e-16, 2.48159160084e-15, -6.41027705279e-16, -9.66074004749e-16, -1.12764056312e-15, -7.70028599684e-16, -3.14018737825e-17, 3.10094182718e-16, 1.51878433748e-16, 8.97761419593e-17, -1.33723572925e-17, 1.10927759027e-16, -1.93459363846e-17, -4.75908273829e-17, -9.71093578243e-18, -1.46134531279e-16, -7.23919289174e-17, -2.53365471256e-17, -1.3389333727e-18, -3.94931283006e-19, -1.70832538967e-20, -7.06482198043e-21, -4.15896112624e-21, -2.43944670514e-21], [1.37843145457e-15, 5.79983110149e-13, 3.03063374093e-13, 1.45049350677e-13, 1.29438094357e-12, 2.44406762624e-13, 1.47475795139e-13, 7.93363923277e-14, 1.06932732525e-13, 1.04850542582e-13, 5.55397707805e-14, 5.12946449367e-14, 3.29465323296e-14, 2.90861627318e-14, 3.24110956986e-14, 3.23383931666e-14, 2.74888500227e-14, 3.57389390705e-14, 4.48869016771e-14, 2.85682291896e-14, 7.76464768946e-15, 8.16874974442e-16, 8.90944988125e-17, 1.52730926087e-17, 4.36466606502e-18, 2.74176898096e-20, -2.94303268687e-20], [1.69193295967e-15, 3.03063374093e-13, 1.10046574717e-12, 4.60804029483e-13, 1.87858170859e-12, 2.4412798714e-13, 2.5030395508e-13, 4.17604895163e-14, 6.31532722168e-14, 6.09358551573e-14, 4.42873649808e-14, 2.99521319476e-14, 2.33991987705e-14, 2.63134630594e-14, 3.01398480013e-14, 3.86133250482e-14, 2.09071770177e-14, 2.2352452395e-14, 2.69785872109e-14, 2.18531095319e-14, 5.77403132495e-15, 9.49435524808e-16, 6.15438720828e-17, 1.5245587199e-17, 3.34600823671e-18, -1.05209392916e-20, -1.41712808725e-20], [2.82647059444e-16, 1.45049350677e-13, 4.60804029483e-13, 1.36868673947e-12, 1.97112465239e-12, 2.21713042348e-13, 1.63153439869e-13, 8.09759364054e-14, 1.41003189485e-13, 1.26121837041e-13, 1.05471499048e-13, 7.22774975721e-14, 4.32873612714e-14, 4.62649802366e-14, 4.6725535767e-14, 5.35139186924e-14, 4.46147533793e-14, 4.94767902592e-14, 6.28058938407e-14, 4.53615518357e-14, 1.28548794805e-14, 1.4613706973e-15, 1.50652631489e-16, 2.44920668577e-17, 4.7145005984e-18, 1.61031628087e-21, -5.73555598387e-20], [2.48159160084e-15, 1.29438094357e-12, 1.87858170859e-12, 1.97112465239e-12, 1.74599605607e-11, 1.7709763777e-12, 9.74711847693e-13, 3.19135343152e-13, 4.84724944644e-13, 3.68190260181e-13, 3.06279009316e-13, 1.87398721215e-13, 1.43285828081e-13, 1.78891989655e-13, 1.96206020723e-13, 2.19516137039e-13, 1.45776457312e-13, 1.37075477379e-13, 2.01497591399e-13, 1.61726358759e-13, 4.44919742596e-14, 7.73305928976e-15, 4.97457632423e-16, 1.05909115285e-16, 2.11439474493e-17, 9.54479883115e-19, 5.11803631754e-19], [-6.41027705279e-16, 2.44406762624e-13, 2.4412798714e-13, 2.21713042348e-13, 1.7709763777e-12, 3.96621537696e-12, 6.1390958506e-13, 2.62673183985e-13, 2.22678727671e-13, 1.62059669612e-13, 1.03083360803e-13, 7.49899139096e-14, 4.44869157788e-14, 4.82519365718e-14, 4.7446848696e-14, 5.0498657583e-14, 4.80771021952e-14, 6.10517766984e-14, 7.64415047645e-14, 5.18722841373e-14, 1.40990395899e-14, 1.29998286289e-15, 1.65501476396e-16, 2.34947136864e-17, 3.61315510772e-18, 2.08595460043e-19, 4.02309436802e-20], [-9.66074004749e-16, 1.47475795139e-13, 2.5030395508e-13, 1.63153439869e-13, 9.74711847693e-13, 6.1390958506e-13, 2.33273209777e-12, 5.05590252824e-13, 2.50712021673e-13, 1.88764422929e-13, 1.01537925474e-13, 8.29730910173e-14, 4.80595144031e-14, 4.73316115576e-14, 3.64164095743e-14, 4.54159042459e-14, 5.54059632917e-14, 6.41173109072e-14, 8.4954971931e-14, 4.63247943152e-14, 1.47622951867e-14, 1.34978109453e-15, 1.9437718691e-16, 3.22403040514e-17, 9.7781913565e-18, 7.23755842421e-19, 2.16889858539e-19], [-1.12764056312e-15, 7.93363923277e-14, 4.17604895163e-14, 8.09759364054e-14, 3.19135343152e-13, 2.62673183985e-13, 5.05590252824e-13, 9.1813199838e-13, 2.62636727687e-13, 2.15604416915e-13, 1.27567851031e-13, 1.00389396232e-13, 5.53621716884e-14, 4.87368730985e-14, 4.18769192771e-14, 4.16868484719e-14, 5.75231797416e-14, 6.99023562016e-14, 8.31307475657e-14, 4.97532380963e-14, 1.41327108436e-14, 1.14541269078e-15, 1.78635675156e-16, 2.70756083367e-17, 7.58111858585e-18, 1.68559013666e-19, -1.33182551067e-21], [-7.70028599684e-16, 1.06932732525e-13, 6.31532722168e-14, 1.41003189485e-13, 4.84724944644e-13, 2.22678727671e-13, 2.50712021673e-13, 2.62636727687e-13, 5.94323039133e-13, 2.72264957975e-13, 1.56304114617e-13, 1.13753719443e-13, 6.17810652897e-14, 5.62512615155e-14, 5.02884036767e-14, 4.85186130367e-14, 5.49773171866e-14, 6.79828372416e-14, 9.11115597573e-14, 5.96687548546e-14, 1.75400160704e-14, 1.34961909947e-15, 1.93203980104e-16, 2.66327474173e-17, 6.37693097039e-18, 2.30292527063e-20, -2.84284237388e-20], [-3.14018737825e-17, 1.04850542582e-13, 6.09358551573e-14, 1.26121837041e-13, 3.68190260181e-13, 1.62059669612e-13, 1.88764422929e-13, 2.15604416915e-13, 2.72264957975e-13, 5.50248269258e-13, 2.09807879078e-13, 1.45191083006e-13, 7.74189943382e-14, 6.32237521342e-14, 5.92611083903e-14, 5.19948464167e-14, 6.29136703129e-14, 7.98397806201e-14, 9.88743050108e-14, 6.54954199599e-14, 1.79818470904e-14, 1.41591223897e-15, 2.04075542103e-16, 2.78235665533e-17, 7.20801794338e-18, 8.28228094627e-20, 6.98951397112e-20], [3.10094182718e-16, 5.55397707805e-14, 4.42873649808e-14, 1.05471499048e-13, 3.06279009316e-13, 1.03083360803e-13, 1.01537925474e-13, 1.27567851031e-13, 1.56304114617e-13, 2.09807879078e-13, 3.05268288946e-13, 1.18016680413e-13, 6.25158087732e-14, 4.85736430733e-14, 4.4624873729e-14, 4.11078946762e-14, 4.91702592e-14, 5.9650743546e-14, 6.97199730674e-14, 4.56818251575e-14, 1.22384410887e-14, 9.61554872218e-16, 1.42205529248e-16, 2.00052522724e-17, 5.15640446987e-18, -2.14931330724e-20, -1.88053356877e-20], [1.51878433748e-16, 5.12946449367e-14, 2.99521319476e-14, 7.22774975721e-14, 1.87398721215e-13, 7.49899139096e-14, 8.29730910173e-14, 1.00389396232e-13, 1.13753719443e-13, 1.45191083006e-13, 1.18016680413e-13, 1.3435082311e-13, 4.93596896483e-14, 3.90311189673e-14, 3.61576748902e-14, 3.27362885877e-14, 3.98977996908e-14, 4.86280564698e-14, 5.59338003431e-14, 3.57527592601e-14, 9.6895148155e-15, 7.39344354714e-16, 1.1332910405e-16, 1.66627246049e-17, 4.25987220758e-18, 1.23408893122e-20, 1.03191459963e-20], [8.97761419593e-17, 3.29465323296e-14, 2.33991987705e-14, 4.32873612714e-14, 1.43285828081e-13, 4.44869157788e-14, 4.80595144031e-14, 5.53621716884e-14, 6.17810652897e-14, 7.74189943382e-14, 6.25158087732e-14, 4.93596896483e-14, 4.04086249325e-14, 2.38281498076e-14, 2.09190405612e-14, 1.94833315741e-14, 2.27156008305e-14, 2.75454199652e-14, 3.20448217115e-14, 1.97768047734e-14, 5.38622491335e-15, 4.37958782425e-16, 6.51329955258e-17, 9.8888193188e-18, 2.5064141247e-18, 1.75953756311e-20, 1.28768377257e-20], [-1.33723572925e-17, 2.90861627318e-14, 2.63134630594e-14, 4.62649802366e-14, 1.78891989655e-13, 4.82519365718e-14, 4.73316115576e-14, 4.87368730985e-14, 5.62512615155e-14, 6.32237521342e-14, 4.85736430733e-14, 3.90311189673e-14, 2.38281498076e-14, 2.70389061212e-14, 1.92581038193e-14, 1.75298957208e-14, 2.08408102923e-14, 2.44111964665e-14, 2.91121361501e-14, 1.84236781105e-14, 4.93957131125e-15, 4.24530160307e-16, 6.02448808838e-17, 8.88242506345e-18, 2.09993054066e-18, 8.49818138694e-21, 1.31217260001e-20], [1.10927759027e-16, 3.24110956986e-14, 3.01398480013e-14, 4.6725535767e-14, 1.96206020723e-13, 4.7446848696e-14, 3.64164095743e-14, 4.18769192771e-14, 5.02884036767e-14, 5.92611083903e-14, 4.4624873729e-14, 3.61576748902e-14, 2.09190405612e-14, 1.92581038193e-14, 3.45916532723e-14, 1.71896425859e-14, 2.0149314617e-14, 2.45749990859e-14, 2.85174444822e-14, 1.8963756482e-14, 4.73194320709e-15, 4.18002977355e-16, 5.84320053835e-17, 8.77471043127e-18, 2.16968233902e-18, 2.71730576058e-20, 1.7376390873e-20], [-1.93459363846e-17, 3.23383931666e-14, 3.86133250482e-14, 5.35139186924e-14, 2.19516137039e-13, 5.0498657583e-14, 4.54159042459e-14, 4.16868484719e-14, 4.85186130367e-14, 5.19948464167e-14, 4.11078946762e-14, 3.27362885877e-14, 1.94833315741e-14, 1.75298957208e-14, 1.71896425859e-14, 2.11412139151e-14, 1.91886098482e-14, 2.20804870563e-14, 2.65763634515e-14, 1.66981568004e-14, 4.53082285706e-15, 3.85798334714e-16, 5.2512796873e-17, 8.17666877456e-18, 1.77122095935e-18, 3.99077123546e-21, 9.45923197279e-21], [-4.75908273829e-17, 2.74888500227e-14, 2.09071770177e-14, 4.46147533793e-14, 1.45776457312e-13, 4.80771021952e-14, 5.54059632917e-14, 5.75231797416e-14, 5.49773171866e-14, 6.29136703129e-14, 4.91702592e-14, 3.98977996908e-14, 2.27156008305e-14, 2.08408102923e-14, 2.0149314617e-14, 1.91886098482e-14, 2.92647985923e-14, 2.88028031059e-14, 3.34663022392e-14, 2.01697399695e-14, 5.45360045507e-15, 4.43587342829e-16, 6.66483970255e-17, 9.9093201631e-18, 2.4490925762e-18, 2.58586805371e-20, 9.34287011726e-21], [-9.71093578243e-18, 3.57389390705e-14, 2.2352452395e-14, 4.94767902592e-14, 1.37075477379e-13, 6.10517766984e-14, 6.41173109072e-14, 6.99023562016e-14, 6.79828372416e-14, 7.98397806201e-14, 5.9650743546e-14, 4.86280564698e-14, 2.75454199652e-14, 2.44111964665e-14, 2.45749990859e-14, 2.20804870563e-14, 2.88028031059e-14, 4.5152571867e-14, 4.18847458615e-14, 2.46318112798e-14, 6.67551747929e-15, 5.25503316823e-16, 8.36043488857e-17, 1.20635706206e-17, 3.17854428093e-18, 4.51772769482e-20, 1.04144502891e-20], [-1.46134531279e-16, 4.48869016771e-14, 2.69785872109e-14, 6.28058938407e-14, 2.01497591399e-13, 7.64415047645e-14, 8.4954971931e-14, 8.31307475657e-14, 9.11115597573e-14, 9.88743050108e-14, 6.97199730674e-14, 5.59338003431e-14, 3.20448217115e-14, 2.91121361501e-14, 2.85174444822e-14, 2.65763634515e-14, 3.34663022392e-14, 4.18847458615e-14, 5.75602052458e-14, 3.18374646579e-14, 8.67283556847e-15, 6.86744561602e-16, 1.08715269264e-16, 1.50120608771e-17, 3.95679612627e-18, 8.04520904401e-20, 2.30486962975e-20], [-7.23919289174e-17, 2.85682291896e-14, 2.18531095319e-14, 4.53615518357e-14, 1.61726358759e-13, 5.18722841373e-14, 4.63247943152e-14, 4.97532380963e-14, 5.96687548546e-14, 6.54954199599e-14, 4.56818251575e-14, 3.57527592601e-14, 1.97768047734e-14, 1.84236781105e-14, 1.8963756482e-14, 1.66981568004e-14, 2.01697399695e-14, 2.46318112798e-14, 3.18374646579e-14, 2.32104730536e-14, 5.57649985352e-15, 4.64343196987e-16, 6.97083697219e-17, 9.34346823993e-18, 2.25120574467e-18, 2.71429527551e-20, 1.5719212064e-20], [-2.53365471256e-17, 7.76464768946e-15, 5.77403132495e-15, 1.28548794805e-14, 4.44919742596e-14, 1.40990395899e-14, 1.47622951867e-14, 1.41327108436e-14, 1.75400160704e-14, 1.79818470904e-14, 1.22384410887e-14, 9.6895148155e-15, 5.38622491335e-15, 4.93957131125e-15, 4.73194320709e-15, 4.53082285706e-15, 5.45360045507e-15, 6.67551747929e-15, 8.67283556847e-15, 5.57649985352e-15, 1.76647122375e-15, 1.32927964142e-16, 1.9618861319e-17, 2.7191033533e-18, 6.70221075068e-19, 1.15160416075e-20, 4.23684090792e-21], [-1.3389333727e-18, 8.16874974442e-16, 9.49435524808e-16, 1.4613706973e-15, 7.73305928976e-15, 1.29998286289e-15, 1.34978109453e-15, 1.14541269078e-15, 1.34961909947e-15, 1.41591223897e-15, 9.61554872218e-16, 7.39344354714e-16, 4.37958782425e-16, 4.24530160307e-16, 4.18002977355e-16, 3.85798334714e-16, 4.43587342829e-16, 5.25503316823e-16, 6.86744561602e-16, 4.64343196987e-16, 1.32927964142e-16, 1.52052671072e-17, 1.80188661261e-18, 2.71061399867e-19, 7.03730303855e-20, 1.45885387635e-21, 4.52461938563e-22], [-3.94931283006e-19, 8.90944988125e-17, 6.15438720828e-17, 1.50652631489e-16, 4.97457632423e-16, 1.65501476396e-16, 1.9437718691e-16, 1.78635675156e-16, 1.93203980104e-16, 2.04075542103e-16, 1.42205529248e-16, 1.1332910405e-16, 6.51329955258e-17, 6.02448808838e-17, 5.84320053835e-17, 5.2512796873e-17, 6.66483970255e-17, 8.36043488857e-17, 1.08715269264e-16, 6.97083697219e-17, 1.9618861319e-17, 1.80188661261e-18, 3.44603081298e-19, 4.22061702037e-20, 1.2851061033e-20, 7.15977629669e-22, 2.01605395015e-22], [-1.70832538967e-20, 1.52730926087e-17, 1.5245587199e-17, 2.44920668577e-17, 1.05909115285e-16, 2.34947136864e-17, 3.22403040514e-17, 2.70756083367e-17, 2.66327474173e-17, 2.78235665533e-17, 2.00052522724e-17, 1.66627246049e-17, 9.8888193188e-18, 8.88242506345e-18, 8.77471043127e-18, 8.17666877456e-18, 9.9093201631e-18, 1.20635706206e-17, 1.50120608771e-17, 9.34346823993e-18, 2.7191033533e-18, 2.71061399867e-19, 4.22061702037e-20, 8.66854908917e-21, 2.44028559876e-21, 3.13829996947e-22, 2.25648726825e-22], [-7.06482198043e-21, 4.36466606502e-18, 3.34600823671e-18, 4.7145005984e-18, 2.11439474493e-17, 3.61315510772e-18, 9.7781913565e-18, 7.58111858585e-18, 6.37693097039e-18, 7.20801794338e-18, 5.15640446987e-18, 4.25987220758e-18, 2.5064141247e-18, 2.09993054066e-18, 2.16968233902e-18, 1.77122095935e-18, 2.4490925762e-18, 3.17854428093e-18, 3.95679612627e-18, 2.25120574467e-18, 6.70221075068e-19, 7.03730303855e-20, 1.2851061033e-20, 2.44028559876e-21, 2.03773480132e-21, 3.84839620564e-22, 2.32728961708e-22], [-4.15896112624e-21, 2.74176898096e-20, -1.05209392916e-20, 1.61031628087e-21, 9.54479883115e-19, 2.08595460043e-19, 7.23755842421e-19, 1.68559013666e-19, 2.30292527063e-20, 8.28228094627e-20, -2.14931330724e-20, 1.23408893122e-20, 1.75953756311e-20, 8.49818138694e-21, 2.71730576058e-20, 3.99077123546e-21, 2.58586805371e-20, 4.51772769482e-20, 8.04520904401e-20, 2.71429527551e-20, 1.15160416075e-20, 1.45885387635e-21, 7.15977629669e-22, 3.13829996947e-22, 3.84839620564e-22, 3.11675762966e-22, 2.26538612413e-22], [-2.43944670514e-21, -2.94303268687e-20, -1.41712808725e-20, -5.73555598387e-20, 5.11803631754e-19, 4.02309436802e-20, 2.16889858539e-19, -1.33182551067e-21, -2.84284237388e-20, 6.98951397112e-20, -1.88053356877e-20, 1.03191459963e-20, 1.28768377257e-20, 1.31217260001e-20, 1.7376390873e-20, 9.45923197279e-21, 9.34287011726e-21, 1.04144502891e-20, 2.30486962975e-20, 1.5719212064e-20, 4.23684090792e-21, 4.52461938563e-22, 2.01605395015e-22, 2.25648726825e-22, 2.32728961708e-22, 2.26538612413e-22, 2.48338941301e-22]]
    },
    "mfcc": {
        "kurt": [0.413495063782, 0.829013824463, -0.39125084877, 1.16339731216, -0.287535190582, -0.399309635162, 0.200305700302, 0.105109453201, -0.0387592315674, 0.142478704453, 0.0385060310364, 0.304505586624, 0.0734243392944],
        "max": [-904.7265625, 154.326751709, 67.4483947754, 44.7770118713, 22.0534820557, 13.7088623047, 22.2491645813, 17.883234024, 12.6479759216, 16.1765003204, 13.3246116638, 13.6497802734, 17.6657562256],
        "mean": [-1015.59661865, 115.519927979, 29.2857570648, 0.415743768215, -6.64232587814, -10.2923927307, -3.33969712257, -2.23983836174, -5.02561616898, -4.28575944901, -5.37570905685, -4.31416559219, -0.567047894001],
        "median": [-1023.82885742, 115.430015564, 33.2003517151, -0.0495414733887, -5.92072296143, -9.91556549072, -3.86046981812, -2.35506820679, -4.91690063477, -4.4841003418, -5.33241462708, -4.25681304932, -0.570697784424],
        "min": [-1056.25, 89.5853042603, -34.0602073669, -24.7331924438, -36.4194602966, -37.6334648132, -23.1828994751, -21.8396759033, -24.473991394, -26.1288223267, -26.1450405121, -30.9180870056, -18.2847099304],
        "skew": [1.09204137325, 0.230374693871, -0.632743954659, 0.506332576275, -0.250614434481, -0.195237889886, 0.390991181135, 0.0847119688988, -0.0979036614299, 0.188822701573, -0.0503590404987, -0.1488853544, 0.0208703689277],
        "var": [624.756774902, 47.2186660767, 427.145446777, 52.1747169495, 78.8400497437, 60.2779884338, 44.2365570068, 28.7560272217, 29.146736145, 29.131111145, 24.8141212463, 24.2373161316, 21.3793792725],
        "cov": [[624.851196289, 97.481262207, -466.710021973, 66.7543869019, 111.929351807, -69.5134124756, 93.5676574707, 24.1765060425, -48.3046951294, 38.0410270691, -11.554517746, -20.8334159851, 7.99588298798], [97.481262207, 47.2257995605, -29.9616680145, 11.506319046, 11.2560844421, -7.38801813126, 11.4471673965, 4.86934232712, -3.69569206238, 5.14221382141, 0.0590476430953, -1.70457208157, 1.26740098], [-466.710021973, -29.9616680145, 427.209991455, -21.4949302673, -102.393188477, 42.0154190063, -70.7035827637, -19.0826511383, 43.415561676, -21.9605350494, 10.2179107666, 19.6250362396, -3.47826719284], [66.7543869019, 11.506319046, -21.4949302673, 52.1826019287, 21.0862064362, -15.9770669937, 11.7778873444, 1.82495284081, -1.43586349487, 11.8278560638, -1.00730669498, -0.215915873647, 3.5794904232], [111.929351807, 11.2560844421, -102.393188477, 21.0862064362, 78.8519668579, 27.5192871094, 17.4026832581, 7.81123733521, -8.41191005707, 0.449510931969, -1.24768185616, -6.28649950027, -0.812422811985], [-69.5134124756, -7.38801813126, 42.0154190063, -15.9770669937, 27.5192871094, 60.2870979309, 7.5165309906, 0.700597047806, 5.38444900513, -9.01681995392, -0.266129910946, -0.180209249258, -3.07376074791], [93.5676574707, 11.4471673965, -70.7035827637, 11.7778873444, 17.4026832581, 7.5165309906, 44.2432403564, 18.3109664917, -3.94513249397, 8.69745922089, -2.00451183319, -3.31717514992, 1.4044958353], [24.1765060425, 4.86934232712, -19.0826511383, 1.82495284081, 7.81123733521, 0.700597047806, 18.3109664917, 28.7603740692, 13.9911689758, 3.78015756607, 2.79627633095, 0.277271330357, -0.999627888203], [-48.3046951294, -3.69569206238, 43.415561676, -1.43586349487, -8.41191005707, 5.38444900513, -3.94513249397, 13.9911689758, 29.151140213, 13.3085622787, 4.41073465347, 2.56341505051, 0.162654161453], [38.0410270691, 5.14221382141, -21.9605350494, 11.8278560638, 0.449510931969, -9.01681995392, 8.69745922089, 3.78015756607, 13.3085622787, 29.1355133057, 12.8869190216, 2.34364533424, 3.5908741951], [-11.554517746, 0.0590476430953, 10.2179107666, -1.00730669498, -1.24768185616, -0.266129910946, -2.00451183319, 2.79627633095, 4.41073465347, 12.8869190216, 24.8178730011, 16.3575801849, 3.25957846642], [-20.8334159851, -1.70457208157, 19.6250362396, -0.215915873647, -6.28649950027, -0.180209249258, -3.31717514992, 0.277271330357, 2.56341505051, 2.34364533424, 16.3575801849, 24.2409801483, 12.7155761719], [7.99588298798, 1.26740098, -3.47826719284, 3.5794904232, -0.812422811985, -3.07376074791, 1.4044958353, -0.999627888203, 0.162654161453, 3.5908741951, 3.25957846642, 12.7155761719, 21.382610321]]
    },
    "sccoeffs": {
        "kurt": [0.425309658051, 0.142139911652, 0.173274278641, 0.741020679474, 1.4449763298, 1.07724475861],
        "max": [-0.63331258297, -0.690337240696, -0.760266184807, -0.77834802866, -0.783926725388, -0.747280180454],
        "mean": [-0.805350720882, -0.846772968769, -0.869874298573, -0.88013625145, -0.878474533558, -0.860944390297],
        "median": [-0.80827331543, -0.849056839943, -0.871411144733, -0.881098151207, -0.87960588932, -0.870674133301],
        "min": [-0.916810929775, -0.941163241863, -0.944639384747, -0.934710323811, -0.92206287384, -0.940067410469],
        "skew": [0.444210976362, 0.390880227089, 0.381592750549, 0.444219619036, 0.642136096954, 1.33888149261],
        "var": [0.00145005551167, 0.00114561140072, 0.00060323101934, 0.000294857280096, 0.000205356802326, 0.000691349967383],
        "cov": [[0.0014502746053, 3.28863158927e-08, 1.58324492077e-05, 1.09569809865e-05, 2.01705233849e-06, 0.000135645561386], [3.28863158927e-08, 0.0011457845103, -9.72412271949e-06, -1.34971724037e-05, -1.1868922229e-05, -5.87550566706e-05], [1.58324492077e-05, -9.72412271949e-06, 0.000603322172537, -2.27824693866e-05, -3.56777673005e-05, -2.09020981856e-06], [1.09569809865e-05, -1.34971724037e-05, -2.27824693866e-05, 0.00029490183806, 3.23023778037e-05, 7.01376411598e-05], [2.01705233849e-06, -1.1868922229e-05, -3.56777673005e-05, 3.23023778037e-05, 0.000205387841561, 6.35386168142e-05], [0.000135645561386, -5.87550566706e-05, -2.09020981856e-06, 7.01376411598e-05, 6.35386168142e-05, 0.000691454450134]]
    },
    "scvalleys": {
        "kurt": [0.273149013519, 0.132216930389, -0.067225933075, -0.53999209404, -0.253469944, 4.04560089111],
        "max": [-7.20760011673, -7.14573669434, -7.77474308014, -8.47612476349, -9.21889209747, -12.6586771011],
        "mean": [-8.81695556641, -8.45862293243, -9.13492584229, -10.2134246826, -11.0930051804, -13.9734659195],
        "median": [-8.80088043213, -8.45474529266, -9.17248058319, -10.2461147308, -11.2639446259, -14.0030755997],
        "min": [-10.2776670456, -10.0332117081, -10.2298784256, -11.5166730881, -12.3161096573, -14.3328170776],
        "skew": [-0.201036199927, -0.0664872974157, 0.42168366909, 0.290827959776, 0.800692141056, 1.547757864],
        "var": [0.136803776026, 0.119564175606, 0.140382066369, 0.242074802518, 0.416293114424, 0.0215456411242],
        "cov": [[0.136824458838, 0.00991915166378, 0.0233612991869, 0.0391684174538, 0.0507021807134, 0.00874471943825], [0.00991915166378, 0.119582243264, 0.03170446679, 0.0307822562754, 0.0619195774198, 0.013959527947], [0.0233612991869, 0.03170446679, 0.140403285623, 0.127935677767, 0.178242206573, 0.0288270264864], [0.0391684174538, 0.0307822562754, 0.127935677767, 0.242111384869, 0.280717760324, 0.0413925535977], [0.0507021807134, 0.0619195774198, 0.178242206573, 0.280717760324, 0.416356027126, 0.0651487410069], [0.00874471943825, 0.013959527947, 0.0288270264864, 0.0413925535977, 0.0651487410069, 0.021548897028]]
    }
},
"rhythm": {
    "beats_loudness": {
        "kurt": 176.504394531,
        "max": 0.000212447164813,
        "mean": 1.38090590553e-05,
        "median": 1.18930674944e-05,
        "min": 5.28078771822e-06,
        "skew": 11.862613678,
        "var": 1.66483160591e-10
    },
    "bpm": 117.311805725,
    "confidence": -0.13124871254,
    "first_peak_bpm": {
        "kurt": 0,
        "max": 117,
        "mean": 117,
        "median": 117,
        "min": 117,
        "skew": 0,
        "var": 0
    },
    "first_peak_spread": {
        "kurt": 0,
        "max": 0.300000011921,
        "mean": 0.300000011921,
        "median": 0.300000011921,
        "min": 0.300000011921,
        "skew": 0,
        "var": 0
    },
    "first_peak_weight": {
        "kurt": 0,
        "max": 0.111821085215,
        "mean": 0.111821085215,
        "median": 0.111821085215,
        "min": 0.111821085215,
        "skew": 0,
        "var": 0
    },
    "onset_rate": 0.143187060952,
    "second_peak_bpm": {
        "kurt": 0,
        "max": 129,
        "mean": 129,
        "median": 129,
        "min": 129,
        "skew": 0,
        "var": 0
    },
    "second_peak_spread": {
        "kurt": 0,
        "max": 0.325581371784,
        "mean": 0.325581371784,
        "median": 0.325581371784,
        "min": 0.325581371784,
        "skew": 0,
        "var": 0
    },
    "second_peak_weight": {
        "kurt": 0,
        "max": 0.0926517546177,
        "mean": 0.0926517546177,
        "median": 0.0926517546177,
        "min": 0.0926517546177,
        "skew": 0,
        "var": 0
    },
    "beats_loudness_band_ratio": {
        "kurt": [0.19930267334, -0.103658676147, -0.0569944381714, 1.78779792786, 3.35710430145, 7.40815639496],
        "max": [0.672043144703, 0.813837707043, 0.662594974041, 0.375556260347, 0.170815393329, 0.0937425717711],
        "mean": [0.246161565185, 0.372004330158, 0.299618065357, 0.118202388287, 0.033969592303, 0.0112363025546],
        "median": [0.231509685516, 0.361822485924, 0.28458121419, 0.104118451476, 0.0226139128208, 0.00561840971932],
        "min": [0.0348542816937, 0.122027762234, 0.0576034709811, 0.0174479391426, 0.00204140250571, 0.000627811590675],
        "skew": [0.619428157806, 0.311764538288, 0.54564011097, 1.18960928917, 1.78743636608, 2.58481907845],
        "var": [0.0128331789747, 0.0153424525633, 0.0120803993195, 0.00358788343146, 0.00102661910933, 0.000217460517888],
        "cov": [[0.0128741795197, -0.00443893531337, -0.00562288612127, -0.00113858236, -0.000473527732538, -0.000318250968121], [-0.00443893531337, 0.0153914699331, -0.00385171035305, -0.0033286085818, -0.00160188146401, -0.000592092168517], [-0.00562288612127, -0.00385171035305, 0.0121189942583, -0.00107177172322, -0.000564028683584, -0.000211668870179], [-0.00113858236, -0.0033286085818, -0.00107177172322, 0.00359934614971, 0.000957815675065, 0.000386550382245], [-0.000473527732538, -0.00160188146401, -0.000564028683584, 0.000957815675065, 0.0010298989946, 0.000388260436011], [-0.000318250968121, -0.000592092168517, -0.000211668870179, 0.000386550382245, 0.000388260436011, 0.000218155284529]]
    },
    "beats_position": [0.510838985443, 1.03328800201, 1.55573689938, 2.08979582787, 2.60063481331, 3.15791368484, 3.69197273254, 4.23764181137, 4.78331041336, 5.31736946106, 5.87464857101, 6.38548755646, 6.8963265419, 7.41877555847, 7.92961454391, 8.42884349823, 8.93968200684, 9.45052146912, 9.96135997772, 10.4489793777, 10.95981884, 11.4706573486, 11.900226593, 12.3297958374, 12.7593650818, 13.1889343262, 13.6068935394, 14.0132427216, 14.4428119659, 14.8607711792, 15.301949501, 15.7431287766, 16.1843090057, 16.6951465607, 17.2059860229, 17.8329238892, 18.4598636627, 19.0868015289, 19.7369613647, 20.3755092621, 21.0140590668, 21.6526069641, 22.2911567688, 22.9529247284, 23.5914726257, 24.2416324615, 24.8685703278, 25.4722900391, 26.076007843, 26.6913375854, 27.3182754517, 27.9336051941, 28.5489330292, 29.1410427094, 29.7215423584, 30.3252601624, 30.9289798737, 31.4514274597, 31.9970970154, 32.5311546326, 33.0419960022, 33.5760536194, 34.1101112366, 34.63256073, 35.1434020996, 35.6542396545, 36.1766891479, 36.6875267029, 37.2215881348, 37.7788658142, 38.3361434937, 38.9398651123, 39.5435829163, 40.1705207825, 40.7974586487, 41.4127883911, 42.0281181335, 42.6550559998, 43.281993866, 43.8741035461, 44.4662132263, 45.139591217, 45.8245811462, 46.5095672607, 47.1829452515, 47.8563270569, 48.5529251099, 49.2263031006, 49.9112930298, 50.5962791443, 51.2928771973, 51.9894790649, 52.7092971802, 53.4175033569, 54.1257133484, 54.8455314636, 55.5421295166, 56.2619476318, 56.8888893127, 57.5042152405, 58.0382766724, 58.5723342896, 59.1180038452, 59.6520614624, 60.162902832, 60.6853485107, 61.1961898804, 61.7070274353, 62.2294769287, 62.6474380493, 63.0653953552, 63.5065765381, 63.9013137817, 64.2960510254, 64.714012146, 65.1319732666, 65.5383224487, 65.9446716309, 66.3394088745, 66.7341461182, 67.1404953003, 67.5700683594, 67.98802948, 68.4059829712, 68.8239440918, 69.2186813354, 69.6366424561, 70.0429916382, 70.4493408203, 70.844078064, 71.2272109985, 71.6219482422, 72.0166854858, 72.3998184204, 72.7829437256, 73.1660766602, 73.5492019653, 73.9439468384, 74.3502960205, 74.7682495117, 75.1862106323, 75.6041717529, 76.0221328735, 76.4284820557, 76.8348312378, 77.2411804199, 77.6475296021, 78.0654830933, 78.4834442139, 78.9130172729, 79.3193664551, 79.7257156372, 80.1320648193, 80.5500183105, 80.9679794312, 81.3859405518, 81.8851699829, 82.3727874756, 82.8487930298, 83.3596343994, 83.870475769, 84.3929214478, 84.9037628174, 85.4029922485, 85.9022216797, 86.4014511108, 86.9122848511, 87.3999099731, 87.9107437134, 88.421585083, 88.9556427002, 89.5361404419, 90.093421936, 90.6507034302, 91.2195892334, 91.788482666, 92.3457565308, 92.8914260864, 93.460319519, 94.0408172607, 94.6213150024, 95.1669845581, 95.7126541138, 96.2583236694, 96.8039855957, 97.3728790283, 97.9417648315, 98.4526062012, 98.9634475708, 99.474281311, 99.9851226807, 100.472740173, 100.960357666, 101.424758911, 101.889160156, 102.376777649, 102.841178894, 103.328796387, 103.793197632, 104.257591248, 104.721992493, 105.209609985, 105.67401123, 106.150024414, 106.626029968, 107.020767212, 107.415504456, 107.810249329, 108.204986572, 108.611335754, 109.006072998, 109.41242218, 109.795555115, 110.17868042, 110.550201416, 110.94493866, 111.339683533, 111.734420776, 112.12915802, 112.523895264, 112.907028198, 113.301765442, 113.696502686, 114.091247559, 114.497596741, 114.869110107, 115.240631104, 115.635368347, 116.03011322, 116.413238525, 116.79637146, 117.167892456, 117.574241638, 117.98059082, 118.386940002, 118.793289185, 119.153198242, 119.5131073, 119.861404419, 120.209701538, 120.557998657, 120.917915344, 121.266212463, 121.602897644, 121.927978516, 122.276275635, 122.624580383, 122.972877502, 123.344398499, 123.692695618, 124.052604675, 124.412513733, 124.784034729, 125.225212097, 125.666389465, 126.095962524, 126.525527954, 126.955101013, 127.396278381, 127.849067688, 128.290252686, 128.743041992, 129.195831299, 129.567337036, 129.938858032, 130.310379028, 130.693511963, 131.134689331, 131.564254761, 132.017044067, 132.493057251, 132.957458496, 133.421859741, 133.886260986, 134.350662231, 134.815048218, 135.267837524, 135.720626831, 136.161804199, 136.626205444, 137.090606689, 137.555007935, 138.01940918, 138.507034302, 138.994644165, 139.482269287, 139.946670532, 140.3878479, 140.852249146, 141.316635132, 141.781036377, 142.245437622, 142.698226929, 143.162628174, 143.627029419, 144.103042603, 144.567428589, 145.031829834, 145.496231079, 145.960632324, 146.436645508, 146.912643433, 147.377044678, 147.818222046, 148.282623291, 148.79347229, 149.327529907, 149.838363647, 150.349197388, 150.860046387, 151.370880127, 151.881713867, 152.392562866, 152.891784668],
