{
"metadata": {
    "version": {
        "essentia": "2.1-beta3"
    }
},
"lowLevel": {
    "average_loudness": 0.977307081223,
    "barkbands_kurtosis": {
        "kurt": 1.45590877533,
        "max": 66.7986831665,
        "mean": 21.3299846649,
        "median": 19.4132118225,
        "min": 1.90950965881,
        "skew": 1.00494146347,
        "var": 98.0107574463
    },
    "barkbands_skewness": {
        "kurt": 1.19388151169,
        "max": 7.14900922775,
        "mean": 3.74434113503,
        "median": 3.68550682068,
        "min": 0.0842193812132,
        "skew": 0.130325719714,
        "var": 0.772677540779
    },
    "barkbands_spread": {
        "kurt": 9.8200969696,
        "max": 24.4901580811,
        "mean": 5.50911664963,
        "median": 4.92826557159,
        "min": 1.00470471382,
        "skew": 2.41721248627,
        "var": 7.63181209564
    },
    "dissonance": {
        "kurt": 2.04048109055,
        "max": 0.499161541462,
        "mean": 0.452854067087,
        "median": 0.455483317375,
        "min": 0.33734986186,
        "skew": -0.991140663624,
        "var": 0.000553182442673
    },
    "hfc": {
        "kurt": 0.161372661591,
        "max": 0.00938915647566,
        "mean": 0.00350949959829,
        "median": 0.00351369567215,
        "min": 7.31138061383e-06,
        "skew": -0.0728880017996,
        "var": 2.91468813884e-06
    },
    "pitch": {
        "kurt": -1.34388136864,
        "max": 313.786193848,
        "mean": 181.799224854,
        "median": 202.505126953,
        "min": 43.0243911743,
        "skew": -0.224659591913,
        "var": 4589.67626953
    },
    "pitch_instantaneous_confidence": {
        "kurt": 0.132918596268,
        "max": 0.844359815121,
        "mean": 0.36674413085,
        "median": 0.351629972458,
        "min": 0.12050318718,
        "skew": 0.59772258997,
        "var": 0.0142661556602
    },
    "pitch_salience": {
        "kurt": 0.63059258461,
        "max": 0.826057672501,
        "mean": 0.633925080299,
        "median": 0.643409967422,
        "min": 0.302694439888,
        "skew": -0.710230827332,
        "var": 0.00707052461803
    },
    "silence_rate_20dB": {
        "kurt": 0,
        "max": 1,
        "mean": 1,
        "median": 1,
        "min": 1,
        "skew": 0,
        "var": 0
    },
    "silence_rate_30dB": {
        "kurt": 0,
        "max": 1,
        "mean": 1,
        "median": 1,
        "min": 1,
        "skew": 0,
        "var": 0
    },
    "silence_rate_60dB": {
        "kurt": 0,
        "max": 1,
        "mean": 1,
        "median": 1,
        "min": 1,
        "skew": 0,
        "var": 0
    },
    "spectral_centroid": {
        "kurt": 5.68263816833,
        "max": 621.359313965,
        "mean": 277.451202393,
        "median": 269.501800537,
        "min": 144.270202637,
        "skew": 1.39973664284,
        "var": 2636.46386719
    },
    "spectral_complexity": {
        "kurt": 0,
        "max": 0,
        "mean": 0,
        "median": 0,
        "min": 0,
        "skew": 0,
        "var": 0
    },
    "spectral_crest": {
        "kurt": -0.373359441757,
        "max": 23.9630622864,
        "mean": 13.2966775894,
        "median": 12.8174877167,
        "min": 5.90736865997,
        "skew": 0.437188416719,
        "var": 13.2763023376
    },
    "spectral_decrease": {
        "kurt": 0,
        "max": -3.03250902952e-15,
        "mean": -3.45366422093e-12,
        "median": -3.2498830016e-12,
        "min": -1.11261746344e-11,
        "skew": -0.449650585651,
        "var": 3.80072631933e-24
    },
    "spectral_energy": {
        "kurt": 0.243741512299,
        "max": 4.28443709097e-05,
        "mean": 1.33532366817e-05,
        "median": 1.25900060084e-05,
        "min": 1.21085417248e-08,
        "skew": 0.438252210617,
        "var": 5.63676882948e-11
    },
    "spectral_energyband_high": {
        "kurt": 0.549458503723,
        "max": 7.14122876389e-08,
        "mean": 3.38714016834e-08,
        "median": 3.6498594369e-08,
        "min": 3.18047255199e-10,
        "skew": -0.977090060711,
        "var": 2.14948242302e-16
    },
    "spectral_energyband_low": {
        "kurt": 3.71634960175,
        "max": 2.31852591241e-05,
        "mean": 3.93488880945e-06,
        "median": 3.13014515996e-06,
        "min": 3.09566439149e-09,
        "skew": 1.55575978756,
        "var": 9.96847829976e-12
    },
    "spectral_energyband_middle_high": {
        "kurt": 0.946964025497,
        "max": 6.197062703e-07,
        "mean": 3.24299350041e-07,
        "median": 3.51257540387e-07,
        "min": 1.44344891595e-09,
        "skew": -1.19846057892,
        "var": 1.67677981553e-14
    },
    "spectral_energyband_middle_low": {
        "kurt": 0.639306306839,
        "max": 3.84308623325e-05,
        "mean": 1.01652976809e-05,
        "median": 9.33338651521e-06,
        "min": 5.46329692597e-09,
        "skew": 0.72094643116,
        "var": 4.04872628479e-11
    },
    "spectral_flatness_db": {
        "kurt": 2.56906795502,
        "max": 0.39122992754,
        "mean": 0.245219856501,
        "median": 0.246420621872,
        "min": 0.0917231217027,
        "skew": -0.324124038219,
        "var": 0.00128459767438
    },
    "spectral_flux": {
        "kurt": 0.422459363937,
        "max": 0.00449022045359,
        "mean": 0.00211197161116,
        "median": 0.00214366335422,
        "min": 6.91449313308e-05,
        "skew": -0.306749433279,
        "var": 6.60721127588e-07
    },
    "spectral_kurtosis": {
        "kurt": 10.419506073,
        "max": 42.4143104553,
        "mean": 10.9022808075,
        "median": 10.0395812988,
        "min": 3.61048030853,
        "skew": 2.63845777512,
        "var": 19.7742938995
    },
    "spectral_rms": {
        "kurt": 0.741446256638,
        "max": 0.000204448981094,
        "mean": 0.00010777785792,
        "median": 0.000110828375909,
        "min": 3.43703527506e-06,
        "skew": -0.760825395584,
        "var": 1.41147982191e-09
    },
    "spectral_rolloff": {
        "kurt": 13.5801696777,
        "max": 1012.06054688,
        "mean": 304.851776123,
        "median": 279.931640625,
        "min": 172.265625,
        "skew": 3.0041384697,
        "var": 6862.44042969
    },
    "spectral_skewness": {
        "kurt": 8.94289398193,
        "max": 5.64532470703,
        "mean": 2.69265437126,
        "median": 2.61530208588,
        "min": 1.84616684914,
        "skew": 2.44650292397,
        "var": 0.222000196576
    },
    "spectral_spread": {
        "kurt": 147.356109619,
        "max": 24864966,
        "mean": 3453857,
        "median": 3276526.75,
        "min": 1848030.125,
        "skew": 9.40584564209,
        "var": 1.28773180621e+12
    },
    "spectral_strongpeak": {
        "kurt": 2.02137517929,
        "max": 0.0571785718203,
        "mean": 0.0119078047574,
        "median": 0.0099881645292,
        "min": 0.000132474800921,
        "skew": 1.21544909477,
        "var": 6.94097616361e-05
    },
    "zerocrossingrate": {
        "kurt": 2.83788871765,
        "max": 0.0517578125,
        "mean": 0.0212081987411,
        "median": 0.0205078125,
        "min": 0.00732421875,
        "skew": 1.10107183456,
        "var": 3.39167418133e-05
    },
    "barkbands": {
        "kurt": [179.151992798, 4.29151153564, 7.11834430695, 4.98160266876, 2.12397527695, 3.0350279808, 1.72201108932, 3.61769914627, 3.23731040955, 2.65994310379, 0.996353149414, 1.52374076843, 1.11626625061, 0.73076915741, 0.288616418839, 0.265578269958, 0.188233375549, 0.13009262085, 0.261574268341, -0.0194256305695, 0.383187055588, 0.230521917343, 0.367514848709, 0.687235593796, 0.67147397995, 0, 0],
        "max": [7.37087901825e-08, 5.4158713283e-06, 1.85274693649e-05, 1.73217267729e-05, 3.05662833853e-05, 3.08003359351e-06, 8.12036489606e-07, 1.31045555918e-06, 9.21598598325e-07, 3.39015258533e-07, 1.74530484287e-07, 1.61640286933e-07, 8.27256982916e-08, 5.93336366705e-08, 5.87147610531e-08, 6.13273485328e-08, 4.04350508632e-08, 7.47653885469e-08, 1.35921681022e-07, 8.32036235465e-08, 3.47476998286e-08, 7.21986559427e-09, 1.22678389669e-09, 6.02135785677e-10, 3.12242093292e-10, 9.67073088276e-11, 1.05235910264e-10],
        "mean": [2.21652762811e-09, 7.62331865189e-07, 2.0719908207e-06, 2.60682031694e-06, 6.3958177634e-06, 5.69592430111e-07, 1.8788952616e-07, 2.30449302308e-07, 1.60050547038e-07, 6.40876649527e-08, 4.7035712214e-08, 4.05788469493e-08, 2.34867574278e-08, 1.72502847562e-08, 1.74676539899e-08, 2.12005257794e-08, 1.43831391242e-08, 2.43762610097e-08, 4.40182361672e-08, 3.44148141096e-08, 1.36509310522e-08, 3.06055181198e-09, 5.75198055852e-10, 3.39035938213e-10, 1.64993296803e-10, 3.72190125941e-12, 5.36503025166e-13],
        "median": [1.24263710433e-09, 5.54423195354e-07, 1.33243747769e-06, 1.76958633347e-06, 5.46570254301e-06, 4.97640371577e-07, 1.65305721112e-07, 1.92526869114e-07, 1.40085788303e-07, 5.59956276902e-08, 4.23238191161e-08, 3.84089986483e-08, 2.22061800059e-08, 1.6272519332e-08, 1.77119474642e-08, 2.1249647375e-08, 1.46014134117e-08, 2.47919746954e-08, 4.5966874751e-08, 3.61321355058e-08, 1.44422358517e-08, 3.26286819785e-09, 6.16431294898e-10, 3.71510100461e-10, 1.81042819625e-10, 3.67716360833e-12, 2.26683878916e-13],
        "min": [1.10131250907e-12, 1.84322546115e-09, 9.37301791737e-10, 3.56887075448e-10, 9.26737409035e-10, 3.65135560676e-10, 1.58504237513e-10, 5.17646446541e-11, 1.94271265741e-10, 7.35344285463e-11, 8.16829381911e-11, 7.64103641471e-11, 2.58159812971e-11, 4.70987866763e-11, 4.03438879526e-11, 6.22840320985e-11, 5.69671948503e-11, 8.32507812687e-11, 1.44756734377e-10, 1.33156458082e-10, 1.23912144434e-10, 4.67508531887e-11, 1.58847518472e-11, 9.51235618052e-12, 7.62733712995e-12, 8.81710991111e-13, 5.20019885985e-14],
        "skew": [11.4258966446, 1.77996170521, 2.1406378746, 2.02626037598, 1.17758238316, 1.33151090145, 1.09692966938, 1.43979692459, 1.35880351067, 1.22772932053, 0.826038300991, 0.886972010136, 0.696648061275, 0.645979881287, 0.230259642005, 0.150110512972, 0.0140591179952, -0.116773143411, -0.306533098221, -0.48050057888, -0.548757970333, -0.759060263634, -0.799228608608, -1.23085188866, -1.1998654604, 23.5135765076, 28.774181366],
        "var": [1.71849518498e-17, 5.3867609158e-13, 4.56468847096e-12, 7.5767794816e-12, 2.22328232213e-11, 1.7140255144e-13, 1.78229081342e-14, 3.17767323956e-14, 1.39670938796e-14, 1.99637364745e-15, 9.03200231382e-16, 6.54012985058e-16, 1.96111076588e-16, 1.09224898548e-16, 9.05789571397e-17, 1.2998817748e-16, 5.51761298483e-17, 1.53450487193e-16, 4.67587333175e-16, 2.71025635059e-16, 4.03587310391e-17, 1.91756782127e-18, 6.51593691457e-20, 1.96904044028e-20, 4.35278796145e-21, 1.14667961325e-23, 1.26761348885e-23],
        "cov": [[1.72044137552e-17, 2.91782018613e-16, 4.09123729492e-17, -2.10070907478e-16, -2.6589960342e-16, -5.32605615293e-17, -1.95229414552e-17, -4.00545634929e-17, -2.17760408231e-17, -9.71924729323e-18, -2.21740362933e-18, -4.04219177117e-18, -4.53539862499e-18, -2.67964704487e-18, -2.47268624882e-18, -3.18545516815e-18, -2.35053545378e-18, -3.3843863152e-18, -5.27230736294e-18, -4.58297267715e-18, -1.91071669785e-18, -4.12091610103e-19, -7.98938146125e-20, -3.17454955433e-20, -2.01738720838e-20, -2.59408338497e-22, -1.04445789696e-22], [2.91782018613e-16, 5.39286117932e-13, 7.36417545867e-13, 2.40555459666e-13, 3.85570671528e-13, 5.6022003578e-14, 1.15552573478e-14, 1.24394420071e-14, 1.34551962942e-14, 5.40235453825e-15, 3.24829173162e-15, 2.59877140932e-15, 1.9451167192e-15, 1.11069662192e-15, 1.39174744778e-15, 1.66985599881e-15, 1.33580473326e-15, 2.09757926157e-15, 3.79870686976e-15, 2.56945581077e-15, 1.12768947927e-15, 2.36725935832e-16, 4.67763952779e-17, 2.86057386143e-17, 1.44198409176e-17, 1.55740337885e-19, -6.5396020349e-20], [4.09123729492e-17, 7.36417545867e-13, 4.56985794692e-12, 1.43022128429e-12, 1.61364205418e-12, 1.84601073035e-13, 3.89628514999e-14, 5.80104405267e-14, 3.82735326993e-14, 1.12401085753e-14, 1.06904256972e-14, 8.06833525907e-15, 4.87271118908e-15, 3.16759829087e-15, 3.77545877997e-15, 4.25192455368e-15, 3.69414404055e-15, 6.78324228249e-15, 1.14602066986e-14, 8.50766837892e-15, 3.32501724653e-15, 7.34234416701e-16, 1.45853091347e-16, 8.27110202939e-17, 3.77100887915e-17, 4.31360730774e-19, -2.01063915942e-19], [-2.10070907478e-16, 2.40555459666e-13, 1.43022128429e-12, 7.58536029127e-12, 3.90707128109e-12, 1.94725556209e-13, 4.71468906125e-14, 6.30200576511e-14, 6.47835870235e-14, 2.07580534792e-14, 1.39609435733e-14, 9.82618188748e-15, 9.61067129471e-15, 6.80215483413e-15, 6.14562298485e-15, 7.73952045708e-15, 5.03072476187e-15, 8.36686524507e-15, 1.44420557463e-14, 1.25416534729e-14, 5.04483675429e-15, 1.0562725316e-15, 1.96828712018e-16, 1.33658688878e-16, 5.92519597462e-17, 6.10315414336e-19, -1.68701909117e-19], [-2.6589960342e-16, 3.85570671528e-13, 1.61364205418e-12, 3.90707128109e-12, 2.22580027326e-11, 4.23379538893e-13, 1.09166561695e-13, 2.1562894699e-13, 1.25609294016e-13, 5.56057919165e-14, 3.66372615568e-14, 3.20726043922e-14, 1.93413468292e-14, 1.28916322401e-14, 1.19788449722e-14, 1.85381173438e-14, 1.32560639305e-14, 2.04390236019e-14, 3.96015787166e-14, 2.77930974811e-14, 1.20687041564e-14, 2.65141725985e-15, 5.00930255748e-16, 2.91505965281e-16, 1.31816855438e-16, 1.25335647185e-18, -4.12550721192e-19], [-5.32605615293e-17, 5.6022003578e-14, 1.84601073035e-13, 1.94725556209e-13, 4.23379538893e-13, 1.71596664287e-13, 1.23061325737e-14, 1.47474822745e-14, 1.2245441816e-14, 4.67929333315e-15, 2.99136969806e-15, 2.24211971655e-15, 1.6166847761e-15, 1.16127190041e-15, 1.19610411866e-15, 1.54952427486e-15, 9.88635786091e-16, 1.70106344544e-15, 2.90663675718e-15, 2.30378837379e-15, 1.04513849527e-15, 2.24544305031e-16, 4.53031700634e-17, 2.40463554739e-17, 1.09914361861e-17, 1.04679331702e-19, -4.79852901715e-20], [-1.95229414552e-17, 1.15552573478e-14, 3.89628514999e-14, 4.71468906125e-14, 1.09166561695e-13, 1.23061325737e-14, 1.78430929293e-14, 6.06767308381e-15, 4.03554702269e-15, 1.75343782191e-15, 1.01833921985e-15, 8.71697329068e-16, 4.46984156706e-16, 3.32801891954e-16, 3.96644326906e-16, 5.09350822035e-16, 3.32797709729e-16, 5.92063959911e-16, 1.07448522227e-15, 9.0581025753e-16, 3.23577041414e-16, 7.53162109062e-17, 1.4933799665e-17, 8.31849385366e-18, 3.88782208448e-18, 2.89795812895e-20, -1.3875546032e-20], [-4.00545634929e-17, 1.24394420071e-14, 5.80104405267e-14, 6.30200576511e-14, 2.1562894699e-13, 1.47474822745e-14, 6.06767308381e-15, 3.18127177433e-14, 6.10123210566e-15, 1.59765512214e-15, 1.2422450738e-15, 1.18759027287e-15, 5.38039827958e-16, 4.74874251741e-16, 4.60240487028e-16, 5.68589924086e-16, 4.45490572922e-16, 7.21924010423e-16, 1.40407548293e-15, 9.88772687791e-16, 4.32681026009e-16, 8.88270944815e-17, 1.84975898746e-17, 1.00414159438e-17, 4.86512812e-18, 3.86461819489e-20, -1.75836755491e-20], [-2.17760408231e-17, 1.34551962942e-14, 3.82735326993e-14, 6.47835870235e-14, 1.25609294016e-13, 1.2245441816e-14, 4.03554702269e-15, 6.10123210566e-15, 1.39829113728e-14, 1.5813386206e-15, 8.12627368909e-16, 8.12881319975e-16, 4.5116786419e-16, 3.06303498521e-16, 3.60519218738e-16, 4.81080991541e-16, 3.05419751989e-16, 5.0405501323e-16, 8.59804298275e-16, 7.02931255344e-16, 3.02382953585e-16, 6.11219702658e-17, 1.16350091724e-17, 7.00557624181e-18, 3.11851516349e-18, 2.55917742335e-20, -1.11869553941e-20], [-9.71924729323e-18, 5.40235453825e-15, 1.12401085753e-14, 2.07580534792e-14, 5.56057919165e-14, 4.67929333315e-15, 1.75343782191e-15, 1.59765512214e-15, 1.5813386206e-15, 1.99863459014e-15, 4.8548164534e-16, 2.88960816563e-16, 1.75000050927e-16, 1.15604221312e-16, 1.2906156314e-16, 1.58289851118e-16, 9.78017129601e-17, 2.30123525767e-16, 3.53816435268e-16, 3.135324218e-16, 1.1712550572e-16, 2.59858078058e-17, 4.51827185041e-18, 2.80412842128e-18, 1.3448426476e-18, 1.21944839984e-20, -3.63018995863e-21], [-2.21740362933e-18, 3.24829173162e-15, 1.06904256972e-14, 1.39609435733e-14, 3.66372615568e-14, 2.99136969806e-15, 1.01833921985e-15, 1.2422450738e-15, 8.12627368909e-16, 4.8548164534e-16, 9.04223129545e-16, 2.79544589516e-16, 1.07854531589e-16, 1.00913956854e-16, 1.01748429891e-16, 1.21153915008e-16, 8.13652106722e-17, 1.42495042463e-16, 2.59181017492e-16, 2.10555555908e-16, 7.74028368671e-17, 1.73244939104e-17, 3.21397139259e-18, 2.02816000802e-18, 9.11425649219e-19, 9.36054140933e-21, -3.16216365557e-21], [-4.04219177117e-18, 2.59877140932e-15, 8.06833525907e-15, 9.82618188748e-15, 3.20726043922e-14, 2.24211971655e-15, 8.71697329068e-16, 1.18759027287e-15, 8.12881319975e-16, 2.88960816563e-16, 2.79544589516e-16, 6.54753662431e-16, 1.16265806983e-16, 9.1370568986e-17, 8.85963243255e-17, 1.08387216051e-16, 7.22056478435e-17, 1.34560858376e-16, 2.52097360363e-16, 1.76142460145e-16, 7.36732978607e-17, 1.63393532337e-17, 3.09647162734e-18, 1.68517835581e-18, 8.59888781539e-19, 7.3966175335e-21, -2.75085900119e-21], [-4.53539862499e-18, 1.9451167192e-15, 4.87271118908e-15, 9.61067129471e-15, 1.93413468292e-14, 1.6166847761e-15, 4.46984156706e-16, 5.38039827958e-16, 4.5116786419e-16, 1.75000050927e-16, 1.07854531589e-16, 1.16265806983e-16, 1.96333171274e-16, 5.5347488584e-17, 4.44835995125e-17, 6.23430476686e-17, 4.62247849234e-17, 7.56238691545e-17, 1.39393287219e-16, 1.11204904237e-16, 3.96826862506e-17, 9.36841683438e-18, 1.73641154481e-18, 1.01324093267e-18, 4.93958088918e-19, 4.73327690684e-21, -1.43555317189e-21], [-2.67964704487e-18, 1.11069662192e-15, 3.16759829087e-15, 6.80215483413e-15, 1.28916322401e-14, 1.16127190041e-15, 3.32801891954e-16, 4.74874251741e-16, 3.06303498521e-16, 1.15604221312e-16, 1.00913956854e-16, 9.1370568986e-17, 5.5347488584e-17, 1.09348598446e-16, 4.56862010091e-17, 4.97260386242e-17, 3.3419433471e-17, 5.17216283956e-17, 9.74503200184e-17, 7.72392536291e-17, 2.79203433762e-17, 7.1368762748e-18, 1.32196893231e-18, 7.65117716482e-19, 3.7156565375e-19, 3.35740392758e-21, -1.22502591149e-21], [-2.47268624882e-18, 1.39174744778e-15, 3.77545877997e-15, 6.14562298485e-15, 1.19788449722e-14, 1.19610411866e-15, 3.96644326906e-16, 4.60240487028e-16, 3.60519218738e-16, 1.2906156314e-16, 1.01748429891e-16, 8.85963243255e-17, 4.44835995125e-17, 4.56862010091e-17, 9.06815407706e-17, 5.1282650262e-17, 3.5777682384e-17, 5.8482152381e-17, 1.03176778903e-16, 8.06193386051e-17, 3.23293781685e-17, 7.63682754575e-18, 1.32919880106e-18, 8.1224302316e-19, 3.64309728814e-19, 3.54158308227e-21, -1.37692513038e-21], [-3.18545516815e-18, 1.66985599881e-15, 4.25192455368e-15, 7.73952045708e-15, 1.85381173438e-14, 1.54952427486e-15, 5.09350822035e-16, 5.68589924086e-16, 4.81080991541e-16, 1.58289851118e-16, 1.21153915008e-16, 1.08387216051e-16, 6.23430476686e-17, 4.97260386242e-17, 5.1282650262e-17, 1.30135389159e-16, 4.21663092747e-17, 6.87458623611e-17, 1.29162280652e-16, 1.04229210722e-16, 4.08910713941e-17, 8.89239589856e-18, 1.70320479271e-18, 9.75059309574e-19, 4.71497343552e-19, 3.98682758726e-21, -1.6828689669e-21], [-2.35053545378e-18, 1.33580473326e-15, 3.69414404055e-15, 5.03072476187e-15, 1.32560639305e-14, 9.88635786091e-16, 3.32797709729e-16, 4.45490572922e-16, 3.05419751989e-16, 9.78017129601e-17, 8.13652106722e-17, 7.22056478435e-17, 4.62247849234e-17, 3.3419433471e-17, 3.5777682384e-17, 4.21663092747e-17, 5.52386150718e-17, 4.88942985922e-17, 8.74105840784e-17, 7.08532869513e-17, 2.75322732462e-17, 6.22087300807e-18, 1.10345045854e-18, 6.47440159107e-19, 3.08570783623e-19, 3.30781428829e-21, -7.90913357213e-22], [-3.3843863152e-18, 2.09757926157e-15, 6.78324228249e-15, 8.36686524507e-15, 2.04390236019e-14, 1.70106344544e-15, 5.92063959911e-16, 7.21924010423e-16, 5.0405501323e-16, 2.30123525767e-16, 1.42495042463e-16, 1.34560858376e-16, 7.56238691545e-17, 5.17216283956e-17, 5.8482152381e-17, 6.87458623611e-17, 4.88942985922e-17, 1.53624261296e-16, 1.57580249267e-16, 1.23580465878e-16, 4.599595037e-17, 1.10446230723e-17, 1.95137965599e-18, 1.18796319154e-18, 5.44159576896e-19, 5.58849361072e-21, -1.62428747451e-21], [-5.27230736294e-18, 3.79870686976e-15, 1.14602066986e-14, 1.44420557463e-14, 3.96015787166e-14, 2.90663675718e-15, 1.07448522227e-15, 1.40407548293e-15, 8.59804298275e-16, 3.53816435268e-16, 2.59181017492e-16, 2.52097360363e-16, 1.39393287219e-16, 9.74503200184e-17, 1.03176778903e-16, 1.29162280652e-16, 8.74105840784e-17, 1.57580249267e-16, 4.68116887586e-16, 2.12327826766e-16, 8.53391650059e-17, 1.8705471943e-17, 3.49420074537e-18, 2.10670928578e-18, 1.00561711916e-18, 9.20682152472e-21, -3.20497025227e-21], [-4.58297267715e-18, 2.56945581077e-15, 8.50766837892e-15, 1.25416534729e-14, 2.77930974811e-14, 2.30378837379e-15, 9.0581025753e-16, 9.88772687791e-16, 7.02931255344e-16, 3.135324218e-16, 2.10555555908e-16, 1.76142460145e-16, 1.11204904237e-16, 7.72392536291e-17, 8.06193386051e-17, 1.04229210722e-16, 7.08532869513e-17, 1.23580465878e-16, 2.12327826766e-16, 2.71332578623e-16, 6.59532741433e-17, 1.47825232202e-17, 2.80353822791e-18, 1.64347532145e-18, 7.86640490732e-19, 7.6697551567e-21, -2.73708753451e-21], [-1.91071669785e-18, 1.12768947927e-15, 3.32501724653e-15, 5.04483675429e-15, 1.20687041564e-14, 1.04513849527e-15, 3.23577041414e-16, 4.32681026009e-16, 3.02382953585e-16, 1.1712550572e-16, 7.74028368671e-17, 7.36732978607e-17, 3.96826862506e-17, 2.79203433762e-17, 3.23293781685e-17, 4.08910713941e-17, 2.75322732462e-17, 4.599595037e-17, 8.53391650059e-17, 6.59532741433e-17, 4.0404437731e-17, 5.89235864139e-18, 1.12600384814e-18, 6.77274030561e-19, 3.09460752413e-19, 3.03370589917e-21, -1.07367033767e-21], [-4.12091610103e-19, 2.36725935832e-16, 7.34234416701e-16, 1.0562725316e-15, 2.65141725985e-15, 2.24544305031e-16, 7.53162109062e-17, 8.88270944815e-17, 6.11219702658e-17, 2.59858078058e-17, 1.73244939104e-17, 1.63393532337e-17, 9.36841683438e-18, 7.1368762748e-18, 7.63682754575e-18, 8.89239589856e-18, 6.22087300807e-18, 1.10446230723e-17, 1.8705471943e-17, 1.47825232202e-17, 5.89235864139e-18, 1.91973958397e-18, 2.5122638426e-19, 1.47108591871e-19, 6.93751791481e-20, 6.36986324035e-22, -2.32779322588e-22], [-7.98938146125e-20, 4.67763952779e-17, 1.45853091347e-16, 1.96828712018e-16, 5.00930255748e-16, 4.53031700634e-17, 1.4933799665e-17, 1.84975898746e-17, 1.16350091724e-17, 4.51827185041e-18, 3.21397139259e-18, 3.09647162734e-18, 1.73641154481e-18, 1.32196893231e-18, 1.32919880106e-18, 1.70320479271e-18, 1.10345045854e-18, 1.95137965599e-18, 3.49420074537e-18, 2.80353822791e-18, 1.12600384814e-18, 2.5122638426e-19, 6.52331627036e-20, 2.82238063971e-20, 1.30782772075e-20, 1.33925244046e-22, -2.84334942085e-23], [-3.17454955433e-20, 2.86057386143e-17, 8.27110202939e-17, 1.33658688878e-16, 2.91505965281e-16, 2.40463554739e-17, 8.31849385366e-18, 1.00414159438e-17, 7.00557624181e-18, 2.80412842128e-18, 2.02816000802e-18, 1.68517835581e-18, 1.01324093267e-18, 7.65117716482e-19, 8.1224302316e-19, 9.75059309574e-19, 6.47440159107e-19, 1.18796319154e-18, 2.10670928578e-18, 1.64347532145e-18, 6.77274030561e-19, 1.47108591871e-19, 2.82238063971e-20, 1.97127027365e-20, 7.74930262821e-21, 8.91146819003e-23, -1.23992178895e-23], [-2.01738720838e-20, 1.44198409176e-17, 3.77100887915e-17, 5.92519597462e-17, 1.31816855438e-16, 1.09914361861e-17, 3.88782208448e-18, 4.86512812e-18, 3.11851516349e-18, 1.3448426476e-18, 9.11425649219e-19, 8.59888781539e-19, 4.93958088918e-19, 3.7156565375e-19, 3.64309728814e-19, 4.71497343552e-19, 3.08570783623e-19, 5.44159576896e-19, 1.00561711916e-18, 7.86640490732e-19, 3.09460752413e-19, 6.93751791481e-20, 1.30782772075e-20, 7.74930262821e-21, 4.35771752169e-21, 4.70481282376e-23, 7.8459351285e-25], [-2.59408338497e-22, 1.55740337885e-19, 4.31360730774e-19, 6.10315414336e-19, 1.25335647185e-18, 1.04679331702e-19, 2.89795812895e-20, 3.86461819489e-20, 2.55917742335e-20, 1.21944839984e-20, 9.36054140933e-21, 7.3966175335e-21, 4.73327690684e-21, 3.35740392758e-21, 3.54158308227e-21, 3.98682758726e-21, 3.30781428829e-21, 5.58849361072e-21, 9.20682152472e-21, 7.6697551567e-21, 3.03370589917e-21, 6.36986324035e-22, 1.33925244046e-22, 8.91146819003e-23, 4.70481282376e-23, 1.14797823607e-23, 1.13749411687e-23], [-1.04445789696e-22, -6.5396020349e-20, -2.01063915942e-19, -1.68701909117e-19, -4.12550721192e-19, -4.79852901715e-20, -1.3875546032e-20, -1.75836755491e-20, -1.11869553941e-20, -3.63018995863e-21, -3.16216365557e-21, -2.75085900119e-21, -1.43555317189e-21, -1.22502591149e-21, -1.37692513038e-21, -1.6828689669e-21, -7.90913357213e-22, -1.62428747451e-21, -3.20497025227e-21, -2.73708753451e-21, -1.07367033767e-21, -2.32779322588e-22, -2.84334942085e-23, -1.23992178895e-23, 7.8459351285e-25, 1.13749411687e-23, 1.26904905793e-23]]
    },
    "mfcc": {
        "kurt": [5.51006507874, 7.21229934692, 9.49872970581, 2.43865728378, 1.94318056107, 1.14803981781, 0.100671768188, 0.131671667099, -0.129274368286, -0.213034391403, -0.0122203826904, 0.218616485596, 0.0317199230194],
        "max": [-1032.16760254, 116.216560364, 67.9308166504, 48.9633331299, 35.822101593, 22.2470550537, 15.5716896057, 13.1742649078, 6.92192459106, 7.1423740387, 4.7767906189, 3.76986694336, 5.21231842041],
        "mean": [-1057.06726074, 91.9702453613, 52.6243934631, 26.7452163696, 8.02317333221, -0.512767374516, 1.77154624462, -1.34969675541, -6.85277509689, -6.23585939407, -7.85486078262, -10.2152471542, -7.18646669388],
        "median": [-1050.48706055, 98.5084609985, 54.7082557678, 27.1422386169, 7.6033782959, -0.947616577148, 1.89577102661, -1.25341033936, -6.75634002686, -6.33200454712, -7.95059394836, -10.4269828796, -7.28900146484],
        "min": [-1138.42004395, 1.14440917969e-05, -6.103515625e-05, 8.01086425781e-05, -10.4197540283, -18.8328323364, -17.7952346802, -18.0419998169, -20.6774215698, -20.0065689087, -22.4227809906, -26.4166946411, -21.8907432556],
        "skew": [-2.45526576042, -2.70538377762, -2.83039832115, -0.985025346279, 0.718096494675, 0.495944410563, -0.229842126369, -0.211224883795, -0.0639766678214, -0.0238576810807, -0.0495901592076, 0.211168199778, -0.0354503467679],
        "var": [429.648193359, 471.81362915, 122.732910156, 45.4404830933, 35.2050743103, 34.0961112976, 25.0818767548, 21.7670783997, 24.6980323792, 21.8797035217, 23.1143989563, 23.605134964, 19.4037799835],
        "cov": [[430.134765625, 445.702148438, 191.929229736, 63.349357605, -19.4201049805, -43.4156532288, 1.87678253651, -6.48387002945, -38.5902099609, -23.8400974274, -30.6008415222, -46.6565895081, -21.3095436096], [445.702148438, 472.347961426, 217.308547974, 75.9228286743, -13.810464859, -40.38489151, 0.69781267643, -6.99017238617, -38.1885414124, -26.6305580139, -33.1824913025, -47.844203949, -24.4401016235], [191.929229736, 217.308547974, 122.871902466, 57.0069541931, 9.48585128784, -8.90425300598, 1.43571865559, -2.31823968887, -14.7896842957, -13.4133472443, -16.320930481, -21.0460109711, -13.4572811127], [63.349357605, 75.9228286743, 57.0069541931, 45.4919433594, 25.9705696106, 9.38281059265, 6.6726269722, 1.65946209431, -5.06868934631, -4.48306465149, -5.81634616852, -8.47227096558, -5.25577974319], [-19.4201049805, -13.810464859, 9.48585128784, 25.9705696106, 35.2449417114, 28.235458374, 11.1305780411, 4.1419301033, 3.10407614708, -0.02893249318, 0.691382944584, 1.87781202793, -0.113430388272], [-43.4156532288, -40.38489151, -8.90425300598, 9.38281059265, 28.235458374, 34.1347236633, 18.8632526398, 8.75664520264, 6.56976461411, 1.56632018089, 2.58011317253, 6.05552577972, 2.76759147644], [1.87678253651, 0.69781267643, 1.43571865559, 6.6726269722, 11.1305780411, 18.8632526398, 25.1102809906, 17.4793148041, 5.2656083107, 1.91272544861, 1.95031225681, 1.34125602245, 2.9325606823], [-6.48387002945, -6.99017238617, -2.31823968887, 1.65946209431, 4.1419301033, 8.75664520264, 17.4793148041, 21.7917308807, 15.3495521545, 7.32946300507, 4.77139425278, 3.58980417252, 3.46673822403], [-38.5902099609, -38.1885414124, -14.7896842957, -5.06868934631, 3.10407614708, 6.56976461411, 5.2656083107, 15.3495521545, 24.7260036469, 17.532119751, 9.91609859467, 8.88043689728, 5.30503940582], [-23.8400974274, -26.6305580139, -13.4133472443, -4.48306465149, -0.02893249318, 1.56632018089, 1.91272544861, 7.32946300507, 17.532119751, 21.9044818878, 17.2230548859, 10.5264348984, 5.76786756516], [-30.6008415222, -33.1824913025, -16.320930481, -5.81634616852, 0.691382944584, 2.58011317253, 1.95031225681, 4.77139425278, 9.91609859467, 17.2230548859, 23.1405754089, 18.1737785339, 8.2877368927], [-46.6565895081, -47.844203949, -21.0460109711, -8.47227096558, 1.87781202793, 6.05552577972, 1.34125602245, 3.58980417252, 8.88043689728, 10.5264348984, 18.1737785339, 23.6318683624, 15.6566944122], [-21.3095436096, -24.4401016235, -13.4572811127, -5.25577974319, -0.113430388272, 2.76759147644, 2.9325606823, 3.46673822403, 5.30503940582, 5.76786756516, 8.2877368927, 15.6566944122, 19.4257545471]]
    },
    "sccoeffs": {
        "kurt": [0.767348051071, 0.0155074596405, 0.366002559662, 0.239528894424, 1.17612171173, 5.77634429932],
        "max": [-0.610689282417, -0.752211332321, -0.787791311741, -0.846216678619, -0.864882588387, -0.825892746449],
        "mean": [-0.751471102238, -0.865546166897, -0.886350870132, -0.89406722784, -0.895155489445, -0.854230701923],
        "median": [-0.752130150795, -0.86679148674, -0.887255191803, -0.894106268883, -0.894545674324, -0.851268053055],
        "min": [-0.920474767685, -0.936107337475, -0.939700365067, -0.959958195686, -0.954407989979, -0.955030500889],
        "skew": [-0.239243626595, 0.303999692202, 0.319117903709, 0.0261530131102, -0.500858008862, -2.03956031799],
        "var": [0.00213099783286, 0.000944049330428, 0.000464447715785, 0.000196702763787, 0.000117015712021, 0.000192596125999],
        "cov": [[0.00213341135532, 0.000100171790109, 7.62379713706e-05, 8.94460899872e-05, 0.000133736932185, 0.000291752628982], [0.000100171790109, 0.000945118430536, 3.69058107026e-05, 2.37246658799e-05, 2.32261900237e-05, 4.52348249382e-05], [7.62379713706e-05, 3.69058107026e-05, 0.000464973709313, 1.0512731933e-05, 1.94693129743e-05, 4.83776057081e-05], [8.94460899872e-05, 2.37246658799e-05, 1.0512731933e-05, 0.000196925524506, 2.86868780677e-05, 4.65951925435e-05], [0.000133736932185, 2.32261900237e-05, 1.94693129743e-05, 2.86868780677e-05, 0.000117148229037, 7.19554009265e-05], [0.000291752628982, 4.52348249382e-05, 4.83776057081e-05, 4.65951925435e-05, 7.19554009265e-05, 0.000192814244656]]
    },
    "scvalleys": {
        "kurt": [4.95516777039, 7.60838317871, 7.68076133728, 6.69413471222, 5.43915653229, 3.0396695137],
        "max": [-7.82266569138, -8.39982509613, -9.48968410492, -10.4179801941, -10.6940116882, -13.4878664017],
        "mean": [-8.93005657196, -9.38042640686, -10.2953920364, -11.1113481522, -11.3191642761, -13.8854913712],
        "median": [-8.79921913147, -9.22292613983, -10.1315832138, -10.9048881531, -11.1104125977, -13.7109336853],
        "min": [-11.9308700562, -12.787484169, -13.2138385773, -14.029540062, -13.7736635208, -15.4545526505],
        "skew": [-1.94599509239, -2.60124921799, -2.67947149277, -2.68823051453, -2.54832696915, -2.14056229591],
        "var": [0.436211585999, 0.509761452675, 0.410243451595, 0.440098077059, 0.414584547281, 0.223398685455],
        "cov": [[0.436705619097, 0.325964272022, 0.30202165246, 0.310977727175, 0.307329118252, 0.222097218037], [0.325964272022, 0.510338783264, 0.388575613499, 0.415432721376, 0.398481249809, 0.273041576147], [0.30202165246, 0.388575613499, 0.410708039999, 0.378870397806, 0.369156360626, 0.25439196825], [0.310977727175, 0.415432721376, 0.378870397806, 0.440596491098, 0.406000286341, 0.282013624907], [0.307329118252, 0.398481249809, 0.369156360626, 0.406000286341, 0.415054053068, 0.287241697311], [0.222097218037, 0.273041576147, 0.25439196825, 0.282013624907, 0.287241697311, 0.22365167737]]
    }
},
"rhythm": {
    "beats_loudness": {
        "kurt": -0.431486606598,
        "max": 2.5041274057e-05,
        "mean": 1.20822696772e-05,
        "median": 1.17827094073e-05,
        "min": 2.78420415611e-08,
        "skew": 0.114287532866,
        "var": 3.48713453946e-11
    },
    "bpm": 129.042404175,
    "confidence": 0.719601273537,
    "first_peak_bpm": {
        "kurt": 0,
        "max": 129,
        "mean": 129,
        "median": 129,
        "min": 129,
        "skew": 0,
        "var": 0
    },
    "first_peak_spread": {
        "kurt": 0,
        "max": 0.411764681339,
        "mean": 0.411764681339,
        "median": 0.411764681339,
        "min": 0.411764681339,
        "skew": 0,
        "var": 0
    },
    "first_peak_weight": {
        "kurt": 0,
        "max": 0.243902444839,
        "mean": 0.243902444839,
        "median": 0.243902444839,
        "min": 0.243902444839,
        "skew": 0,
        "var": 0
    },
    "onset_rate": 0.195122167468,
    "second_peak_bpm": {
        "kurt": 0,
        "max": 108,
        "mean": 108,
        "median": 108,
        "min": 108,
        "skew": 0,
        "var": 0
    },
    "second_peak_spread": {
        "kurt": 0,
        "max": 0.428571403027,
        "mean": 0.428571403027,
        "median": 0.428571403027,
        "min": 0.428571403027,
        "skew": 0,
        "var": 0
    },
    "second_peak_weight": {
        "kurt": 0,
        "max": 0.0975609719753,
        "mean": 0.0975609719753,
        "median": 0.0975609719753,
        "min": 0.0975609719753,
        "skew": 0,
        "var": 0
    },
    "beats_loudness_band_ratio": {
        "kurt": [-0.67902970314, -0.508981466293, 0.805025815964, -0.00169992446899, 6.25087165833, 3.48747110367],
        "max": [0.831676840782, 0.805972337723, 0.165726199746, 0.0360332876444, 0.0319798924029, 0.0257690493017],
        "mean": [0.471036016941, 0.527431607246, 0.0614689774811, 0.0168582405895, 0.00960940867662, 0.00893101282418],
        "median": [0.469700872898, 0.528917074203, 0.0512601062655, 0.0151438126341, 0.00852335896343, 0.00738361477852],
        "min": [0.133887633681, 0.197715982795, 0.00730807380751, 0.00548709696159, 0.000474900414702, 0.000510888989083],
        "skew": [-0.0930888578296, -0.125618472695, 1.02004599571, 0.722477674484, 1.9830249548, 1.54985237122],
        "var": [0.0324626378715, 0.0229347981513, 0.0013590157032, 5.91500938754e-05, 2.68552903435e-05, 1.92691077245e-05],
        "cov": [[0.0332544110715, -0.0253471694887, -0.00280072190799, -0.000123053599964, -8.08414115454e-05, -0.000137120558065], [-0.0253471694887, 0.0234941840172, 0.00118646968622, -0.000106941501144, -6.67525309836e-05, -2.87297143586e-06], [-0.00280072190799, 0.00118646968622, 0.00139216240495, 0.000163318982231, 0.000104410515632, 8.67945564096e-05], [-0.000123053599964, -0.000106941501144, 0.000163318982231, 6.05927780271e-05, 3.05527901219e-05, 2.61708482867e-05], [-8.08414115454e-05, -6.67525309836e-05, 0.000104410515632, 3.05527901219e-05, 2.75102975138e-05, 2.15141117224e-05], [-0.000137120558065, -2.87297143586e-06, 8.67945564096e-05, 2.61708482867e-05, 2.15141117224e-05, 1.97390854737e-05]]
    },
    "beats_position": [0.557278871536, 1.11455774307, 1.67183673382, 2.22911548615, 2.7863945961, 3.32045340538, 3.85451245308, 4.38857126236, 4.8994102478, 5.41024923325, 5.93269824982, 6.40870714188, 6.87310647964, 7.36072540283, 7.87156438828, 8.34757328033, 8.82358264923, 9.31120204926, 9.77560043335, 10.2748298645, 10.7508392334, 11.1920175552, 11.656416893, 12.1092061996, 12.5619955063, 13.0263938904, 13.4907932281, 13.9551925659, 14.4195919037, 14.8839902878, 15.3483896255, 15.8127889633, 16.2655773163, 16.6719264984, 17.0898857117, 17.5078449249, 17.9258041382, 18.3437633514, 18.7385025024, 19.1332416534, 19.5628108978, 19.9459400177],
    "bpm_estimates": [126.048065186, 129.199157715, 126.048065186, 126.047935486, 129.199417114, 126.047935486, 129.199157715, 132.511962891, 132.511962891, 129.199417114, 129.199157715, 129.199157715, 129.199157715, 129.199417114, 129.199157715, 129.199157715, 132.512237549],
    "bpm_intervals": [0.557278871536, 0.557278990746, 0.557278752327, 0.557279109955, 0.53405880928, 0.534059047699, 0.53405880928, 0.510838985443, 0.510838985443, 0.522449016571, 0.476008892059, 0.464399337769, 0.487618923187, 0.510838985443, 0.476008892059, 0.476009368896, 0.487619400024, 0.464398384094, 0.499229431152, 0.476009368896, 0.441178321838, 0.464399337769, 0.452789306641, 0.452789306641, 0.464398384094, 0.464399337769, 0.464399337769, 0.464399337769, 0.464398384094, 0.464399337769, 0.464399337769, 0.452788352966, 0.406349182129, 0.417959213257, 0.417959213257, 0.417959213257, 0.417959213257, 0.394739151001, 0.394739151001, 0.429569244385, 0.383129119873],
    "onset_times": [0.0116099771112, 0.754648506641, 1.54412698746, 1.59056687355],
    "histogram": [[0, 0, 0, 0, 0, 0, 0, 0, 0, 0, 0, 0, 0, 0, 0, 0, 0, 0, 0, 0, 0, 0, 0, 0, 0, 0, 0, 0, 0, 0, 0, 0, 0, 0, 0, 0, 0, 0, 0, 0, 0, 0, 0, 0, 0, 0, 0, 0, 0, 0, 0, 0, 0, 0, 0, 0, 0, 0, 0, 0, 0, 0, 0, 0, 0, 0, 0, 0, 0, 0, 0, 0, 0, 0, 0, 0, 0, 0, 0, 0, 0, 0, 0, 0, 0, 0, 0, 0, 0, 0, 0, 0, 0, 0, 0, 0, 0, 0, 0, 0, 0, 0, 0, 0, 0, 0, 0, 0, 0.0975609719753, 0, 0, 0, 0.0731707289815, 0, 0, 0.0243902429938, 0, 0.0731707289815, 0, 0, 0.0243902429938, 0, 0, 0.0487804859877, 0, 0, 0.0975609719753, 0, 0, 0.243902444839, 0, 0, 0, 0.0731707289815, 0, 0, 0.0243902429938, 0, 0, 0, 0.0243902429938, 0, 0, 0, 0.0975609719753, 0, 0, 0, 0.0243902429938, 0, 0, 0, 0.0487804859877, 0, 0, 0, 0, 0.0243902429938, 0, 0, 0, 0, 0, 0, 0, 0, 0, 0, 0, 0, 0, 0, 0, 0, 0, 0, 0, 0, 0, 0, 0, 0, 0, 0, 0, 0, 0, 0, 0, 0, 0, 0, 0, 0, 0, 0, 0, 0, 0, 0, 0, 0, 0, 0, 0, 0, 0, 0, 0, 0, 0, 0, 0, 0, 0, 0, 0, 0, 0, 0, 0, 0, 0, 0, 0, 0, 0, 0, 0, 0, 0, 0, 0, 0, 0, 0, 0, 0, 0, 0, 0, 0, 0, 0, 0, 0, 0, 0, 0, 0]]
},
"sfx": {
    "inharmonicity": {
        "kurt": 4.18834352493,
        "max": 0.370726883411,
        "mean": 0.0505348481238,
        "median": 0.0229509063065,
        "min": 0.000171970052179,
        "skew": 2.0165784359,
        "var": 0.00415328703821
    },
    "oddtoevenharmonicenergyratio": {
        "kurt": 667.151550293,
        "max": 281.896209717,
        "mean": 1.01662528515,
        "median": 0.0892590284348,
        "min": 0.000892238691449,
        "skew": 24.9603710175,
        "var": 103.270492554
    },
    "pitch_after_max_to_before_max_energy_ratio": 6.98095083237,
    "pitch_centroid": 451.659759521,
    "pitch_max_to_total": 0.142533943057,
    "pitch_min_to_total": 0.341628968716,
    "tristimulus": {
        "kurt": [-0.324869632721, 0.163030147552, 11.8793506622],
        "max": [0.901565492153, 0.972973465919, 1],
        "mean": [0.435631841421, 0.327725857496, 0.236642166972],
        "median": [0.488288700581, 0.247490257025, 0.22995325923],
        "min": [0, 0, 0.0270265974104],
        "skew": [-0.74438470602, 1.01786828041, 2.05570292473],
        "var": [0.0457884408534, 0.0451900847256, 0.00770223373547],
        "cov": [[0.0458402968943, -0.0416852794588, -0.0041550048627], [-0.0416852794588, 0.0452412627637, -0.00355595024303], [-0.0041550048627, -0.00355595024303, 0.00771095650271]]
    }
},
"tonal": {
    "chords_changes_rate": 0.0857787802815,
    "chords_number_rate": 0.0180586911738,
    "chords_strength": {
        "kurt": 0.282691240311,
        "max": 0.628273904324,
        "mean": 0.489089995623,
        "median": 0.482092797756,
        "min": 0.318137854338,
        "skew": 0.177132114768,
        "var": 0.00242847250775
    },
    "key_strength": 0.740107774734,
    "tuning_diatonic_strength": 0.537411987782,
    "tuning_equal_tempered_deviation": 0.244749546051,
    "tuning_frequency": 456.306610107,
    "tuning_nontempered_energy_ratio": 0.887390911579,
    "hpcp": {
