{
"metadata": {
    "version": {
        "essentia": "2.1-beta3"
    }
},
"lowLevel": {
    "average_loudness": 0.936864733696,
    "barkbands_kurtosis": {
        "kurt": 0.0134761333466,
        "max": 23.4258155823,
        "mean": 6.84330511093,
        "median": 7.44213581085,
        "min": -1.86060237885,
        "skew": -0.565336823463,
        "var": 16.3862476349
    },
    "barkbands_skewness": {
        "kurt": 1.68211984634,
        "max": 1.61819648743,
        "mean": -2.10394883156,
        "median": -2.26941800117,
        "min": -4.64753103256,
        "skew": 1.33109200001,
        "var": 0.590951800346
    },
    "barkbands_spread": {
        "kurt": 2.10908651352,
        "max": 69.8745727539,
        "mean": 17.2266731262,
        "median": 12.0403404236,
        "min": 4.08391284943,
        "skew": 1.77023136616,
        "var": 173.295593262
    },
    "dissonance": {
        "kurt": 13.2494945526,
        "max": 0.500000119209,
        "mean": 0.495042204857,
        "median": 0.496698081493,
        "min": 0.432965189219,
        "skew": -3.22838568687,
        "var": 3.16949663102e-05
    },
    "hfc": {
        "kurt": 0.694128751755,
        "max": 0.24591293931,
        "mean": 0.0815334841609,
        "median": 0.0786842927337,
        "min": 1.14706988427e-16,
        "skew": 0.428355902433,
        "var": 0.000959978089668
    },
    "pitch": {
        "kurt": 0.272942066193,
        "max": 5430.17041016,
        "mean": 2508.25561523,
        "median": 2967.32861328,
        "min": 57.9272537231,
        "skew": -1.18265759945,
        "var": 840429.3125
    },
    "pitch_instantaneous_confidence": {
        "kurt": -0.734407901764,
        "max": 0.788545966148,
        "mean": 0.429656267166,
        "median": 0.416817873716,
        "min": 0.124624073505,
        "skew": 0.298951506615,
        "var": 0.0157761853188
    },
    "pitch_salience": {
        "kurt": 1.64427042007,
        "max": 0.863726615906,
        "mean": 0.738099753857,
        "median": 0.74203056097,
        "min": 0.364937841892,
        "skew": -0.741054475307,
        "var": 0.00161249574739
    },
    "silence_rate_20dB": {
        "kurt": 0,
        "max": 1,
        "mean": 1,
        "median": 1,
        "min": 1,
        "skew": 0,
        "var": 0
    },
    "silence_rate_30dB": {
        "kurt": 0,
        "max": 1,
        "mean": 1,
        "median": 1,
        "min": 1,
        "skew": 0,
        "var": 0
    },
    "silence_rate_60dB": {
        "kurt": 0,
        "max": 1,
        "mean": 1,
        "median": 1,
        "min": 1,
        "skew": 0,
        "var": 0
    },
    "spectral_centroid": {
        "kurt": 3.1587805748,
        "max": 10942.9462891,
        "mean": 4075.11669922,
        "median": 4171.54785156,
        "min": 908.557495117,
        "skew": -1.28681325912,
        "var": 364809.75
    },
    "spectral_complexity": {
        "kurt": 7309.88525391,
        "max": 1,
        "mean": 0.000136724091135,
        "median": 0,
        "min": 0,
        "skew": 85.5121459961,
        "var": 0.000136697126436
    },
    "spectral_crest": {
        "kurt": 0.10423874855,
        "max": 22.2308292389,
        "mean": 9.37886142731,
        "median": 8.90663909912,
        "min": 2.97627091408,
        "skew": 0.668739318848,
        "var": 8.85456085205
    },
    "spectral_decrease": {
        "kurt": 0,
        "max": 3.00957699709e-29,
        "mean": -3.43966435196e-12,
        "median": -3.16552274844e-12,
        "min": -4.9440819494e-11,
        "skew": -3.48277521133,
        "var": 2.56189205402e-24
    },
    "spectral_energy": {
        "kurt": 23.8373432159,
        "max": 0.000205902411835,
        "mean": 2.03774688998e-05,
        "median": 1.9469529434e-05,
        "min": 1.02906664263e-20,
        "skew": 1.70113360882,
        "var": 6.79025238814e-11
    },
    "spectral_energyband_high": {
        "kurt": 0.790721416473,
        "max": 3.49227921106e-05,
        "mean": 1.03103866422e-05,
        "median": 9.78815933195e-06,
        "min": 7.43393840409e-21,
        "skew": 0.639070510864,
        "var": 2.0144330648e-11
    },
    "spectral_energyband_low": {
        "kurt": 129.612442017,
        "max": 3.09065835609e-05,
        "mean": 4.66658065079e-07,
        "median": 1.86752458831e-07,
        "min": 9.07291520071e-23,
        "skew": 7.66069698334,
        "var": 8.77930161295e-13
    },
    "spectral_energyband_middle_high": {
        "kurt": 5.62787914276,
        "max": 7.06684295437e-05,
        "mean": 8.20639070298e-06,
        "median": 7.7847726061e-06,
        "min": 1.50264890945e-21,
        "skew": 0.987494945526,
        "var": 1.3003386562e-11
    },
    "spectral_energyband_middle_low": {
        "kurt": 185.470046997,
        "max": 0.000119811091281,
        "mean": 1.54639371885e-06,
        "median": 4.40355961473e-07,
        "min": 3.42585857587e-22,
        "skew": 8.40550518036,
        "var": 1.24870227006e-11
    },
    "spectral_flatness_db": {
        "kurt": 0.457051038742,
        "max": 0.284497529268,
        "mean": 0.204558759928,
        "median": 0.210154682398,
        "min": 0.0766283422709,
        "skew": -0.90631377697,
        "var": 0.00102466112003
    },
    "spectral_flux": {
        "kurt": 3.04407835007,
        "max": 0.00886411499232,
        "mean": 0.00287113920785,
        "median": 0.00287885195576,
        "min": 1.01442923506e-10,
        "skew": -0.500561416149,
        "var": 3.91593601989e-07
    },
    "spectral_kurtosis": {
        "kurt": -0.42737531662,
        "max": 7.17400836945,
        "mean": 2.19390249252,
        "median": 2.03973031044,
        "min": -1.24851536751,
        "skew": 0.403897702694,
        "var": 1.69704735279
    },
    "spectral_rms": {
        "kurt": 3.67417287827,
        "max": 0.00044819683535,
        "mean": 0.000137839117087,
        "median": 0.00013782113092,
        "min": 3.1685444199e-12,
        "skew": -0.466101527214,
        "var": 8.808910823e-10
    },
    "spectral_rolloff": {
        "kurt": 184.353942871,
        "max": 18583.1542969,
        "mean": 6076.82763672,
        "median": 6136.96289062,
        "min": 1485.79101562,
        "skew": -0.187510937452,
        "var": 83870.8515625
    },
    "spectral_skewness": {
        "kurt": -0.107194423676,
        "max": 1.50760638714,
        "mean": 0.4843069911,
        "median": 0.46074205637,
        "min": -0.506310462952,
        "skew": 0.381215453148,
        "var": 0.073134072125
    },
    "spectral_spread": {
        "kurt": 566.50390625,
        "max": 42028812,
        "mean": 4125304.75,
        "median": 4013754,
        "min": 2852952.5,
        "skew": 10.2542200089,
        "var": 407326982144
    },
    "spectral_strongpeak": {
        "kurt": 3.10564613342,
        "max": 1.13463628292,
        "mean": 0.141954764724,
        "median": 0.119729071856,
        "min": 3.59393959037e-09,
        "skew": 1.27922677994,
        "var": 0.0105838123709
    },
    "zerocrossingrate": {
        "kurt": 3.44048786163,
        "max": 0.49169921875,
        "mean": 0.20065356791,
        "median": 0.203125,
        "min": 0.0673828125,
        "skew": -0.788890123367,
        "var": 0.000442063639639
    },
    "barkbands": {
        "kurt": [4446.86035156, 360.799743652, 118.345832825, 187.872741699, 265.484344482, 957.80078125, 121.357849121, 357.500732422, 75.8566665649, 23.6150493622, 211.523376465, 38.5591621399, 6290.87939453, 9503.23730469, 25.5268821716, 4.59524488449, 3.13136339188, 3.15534496307, 4.53487300873, 2.89395713806, 3.21660852432, 1.39893817902, 1.50516843796, 3039.89672852, 183.060852051, 3.79099035263, 10.7222223282],
        "max": [5.34739470481e-08, 6.1815699155e-06, 1.94930635189e-05, 1.48184371938e-05, 5.94532175455e-05, 7.65133881941e-05, 2.02860064746e-05, 1.6358535504e-05, 6.53512825011e-06, 1.75692071025e-06, 3.91755702367e-06, 2.1846715299e-06, 3.50440022885e-05, 1.67716134456e-05, 4.18930949309e-06, 3.54659164259e-06, 1.77088822966e-05, 1.44431942317e-05, 1.36763346745e-05, 8.50341439218e-06, 1.76954381459e-05, 2.51896726695e-05, 3.14828002956e-06, 1.71370572843e-07, 1.02522797363e-07, 6.34145980172e-09, 2.68047112284e-10],
        "mean": [1.05699879405e-10, 6.93432440357e-08, 2.86555462026e-07, 2.0628283437e-07, 5.49807452899e-07, 3.55429023102e-07, 2.03524294307e-07, 1.17878336425e-07, 9.21471183801e-08, 5.0529745721e-08, 4.48001351572e-08, 3.71389070608e-08, 5.65824400667e-08, 2.89110193563e-08, 1.87295427168e-07, 5.65884249681e-07, 2.92189474749e-06, 2.14506576413e-06, 1.74839919964e-06, 1.28188798953e-06, 2.40357144321e-06, 6.43651128485e-06, 5.83416067457e-07, 2.01078487194e-09, 2.10454320637e-09, 3.94567156725e-10, 1.16073036599e-11],
        "median": [2.35101521584e-11, 2.67044732993e-08, 9.42533944226e-08, 8.54192876432e-08, 1.47197539491e-07, 6.53069065493e-08, 3.97179924505e-08, 3.00365705641e-08, 2.89720709645e-08, 1.65179798728e-08, 1.44481493436e-08, 1.06948991885e-08, 1.09879039201e-08, 1.37679094792e-08, 1.17828975021e-07, 5.00331623243e-07, 2.51556275543e-06, 1.88661465472e-06, 1.40031625051e-06, 1.04868968265e-06, 1.78430116193e-06, 5.96967811362e-06, 5.18547835782e-07, 1.41423028843e-09, 1.170638253e-09, 1.81267723054e-10, 5.64458202401e-12],
        "min": [1.25904034575e-24, 4.08806969292e-24, 5.28971342639e-23, 3.47088921759e-23, 2.17459432394e-23, 3.89445230343e-23, 8.61134006329e-23, 7.40906555664e-23, 5.40102643328e-23, 9.28766901375e-23, 1.05880090283e-22, 1.66829490683e-22, 5.30069910336e-23, 1.05157209704e-22, 9.56191492973e-23, 2.22387033106e-22, 1.68990691884e-22, 2.36751950377e-22, 1.61759790879e-22, 1.78745594377e-22, 2.77251084752e-22, 4.98588566823e-22, 5.82998299269e-22, 8.7474602213e-22, 1.31277157894e-21, 1.83416032113e-21, 2.18265680425e-21],
        "skew": [58.8886032104, 12.1673355103, 7.66479492188, 9.68185138702, 10.5686655045, 21.8011665344, 7.46703147888, 11.8168754578, 5.90354919434, 4.27316522598, 10.0922718048, 4.40736246109, 69.5583190918, 90.3252792358, 3.7791249752, 1.53033745289, 1.42963171005, 1.35126376152, 1.68798744678, 1.42489981651, 1.62028360367, 0.890330731869, 1.04706799984, 40.8070106506, 6.02394962311, 1.80311095715, 2.08695340157],
        "var": [3.36626449404e-19, 2.04011917223e-14, 4.31354713233e-13, 1.91824258301e-13, 2.15728823694e-12, 1.69781083723e-12, 3.43559463647e-13, 1.12702734515e-13, 4.50131129744e-14, 1.24493014706e-14, 1.3015547231e-14, 6.81871475177e-15, 1.1889974953e-13, 2.12238928011e-14, 4.75688383811e-14, 1.03755085036e-13, 3.19000164825e-12, 1.57058556698e-12, 1.81069536535e-12, 9.45713559547e-13, 4.15069888182e-12, 9.4247205526e-12, 1.19553509887e-13, 4.3232557492e-18, 5.18617718166e-18, 1.93010020209e-19, 1.57045015373e-22],
        "cov": [[3.36641803944e-19, 3.18630302828e-17, 1.00103895571e-16, 4.93832615958e-17, 1.85684961275e-16, 1.24906707715e-16, 8.08853797425e-17, 4.58988327486e-17, 2.88350959458e-17, 1.69153124768e-17, 1.66520291596e-17, 1.26702017208e-17, 1.88134951136e-17, 6.43352749508e-18, 6.90322794385e-18, 6.14701901426e-18, -4.09937873738e-17, -6.57843837146e-18, -1.78662541982e-17, -6.22724271238e-18, -2.11939587891e-17, 4.31567918837e-18, -4.45556701049e-19, 1.09619073375e-19, 8.74260598781e-21, -3.74795616327e-21, -1.7823163572e-22], [3.18630302828e-17, 2.04021217645e-14, 5.92063629568e-14, 2.48311384611e-14, 8.67025974128e-14, 6.07303581881e-14, 3.45559728564e-14, 1.86740661319e-14, 1.32228466864e-14, 7.25299320251e-15, 6.296305911e-15, 5.33137275375e-15, 8.9077576153e-15, 3.19835913938e-15, 2.89435880285e-15, 2.81037400383e-15, -2.91069082628e-14, -3.15671497629e-15, -4.43760603418e-15, -1.21653360044e-15, -3.82806969039e-15, -9.01586188926e-15, -7.55897549025e-16, 4.77746037539e-17, 9.52571349967e-18, -3.84783379553e-19, -4.6453406607e-20], [1.00103895571e-16, 5.92063629568e-14, 4.31374391503e-13, 1.67240475483e-13, 4.94555297322e-13, 3.50667899666e-13, 2.03171450475e-13, 1.10879296196e-13, 7.6713978323e-14, 4.02432163385e-14, 3.39063426316e-14, 3.16507345506e-14, 6.57559672945e-14, 2.73338362171e-14, 1.91614319491e-14, 1.9213541416e-14, -1.01129479411e-13, -7.0721165164e-15, -2.54055064204e-14, 1.57930468274e-15, -1.84094869205e-14, -2.6873158714e-14, 9.73014275082e-16, 2.56596825849e-16, 5.68094740684e-17, -7.23634143474e-19, -2.62783829326e-19], [4.93832615958e-17, 2.48311384611e-14, 1.67240475483e-13, 1.91832999681e-13, 3.3658907367e-13, 2.22073444703e-13, 1.212232761e-13, 6.55285423362e-14, 4.5677366376e-14, 2.34597667085e-14, 1.90817278428e-14, 1.71840504743e-14, 5.84566710359e-14, 2.44128990027e-14, 1.22372687951e-14, 1.12236625836e-14, -7.31192314812e-14, -8.73279057218e-16, -7.58791426502e-15, 3.25782318162e-16, -1.57231032935e-14, -2.28531894743e-14, -5.662102909e-16, 1.59486351331e-16, 3.00234203051e-17, -8.3461825873e-19, -1.57951973274e-19], [1.85684961275e-16, 8.67025974128e-14, 4.94555297322e-13, 3.3658907367e-13, 2.15738668249e-12, 9.90234912297e-13, 5.34271411834e-13, 2.78899407909e-13, 2.02077354958e-13, 1.04389885408e-13, 8.43508002704e-14, 8.18917823093e-14, 2.96908033099e-13, 1.07588417342e-13, 5.86707603074e-14, 5.75954282639e-14, -2.04323333968e-13, 1.66654342236e-14, -3.89276318699e-14, 2.41938088487e-14, -2.53934582238e-14, -2.71233841051e-14, 4.99945381424e-17, 7.82712335734e-16, 1.76862332271e-16, -3.89572109065e-19, -6.24657071797e-19], [1.24906707715e-16, 6.07303581881e-14, 3.50667899666e-13, 2.22073444703e-13, 9.90234912297e-13, 1.69788814085e-12, 3.88293374233e-13, 2.49384768478e-13, 1.46022896465e-13, 7.56304537768e-14, 6.24139886367e-14, 5.82546502898e-14, 1.77546142393e-13, 6.8522424334e-14, 4.20118448493e-14, 4.10834018715e-14, -1.25923522911e-13, 2.50979826386e-14, -3.46710439763e-14, 2.52056049508e-14, 1.45992752257e-14, -7.39380141856e-15, 3.84462795367e-17, 5.12522695725e-16, 1.07305449098e-16, -3.30974050275e-18, -5.02708884317e-19], [8.08853797425e-17, 3.45559728564e-14, 2.03171450475e-13, 1.212232761e-13, 5.34271411834e-13, 3.88293374233e-13, 3.43575103263e-13, 1.17065672477e-13, 8.60370870143e-14, 4.37745678464e-14, 3.57610534067e-14, 3.29352532389e-14, 9.97100283741e-14, 4.00137076793e-14, 2.5102802256e-14, 2.46334206424e-14, -6.1632990378e-14, 1.14166734402e-14, -1.79630836166e-14, 1.00007223436e-14, -1.69547874546e-15, 5.63838450416e-15, 3.39991634665e-15, 3.16685237248e-16, 7.52756261166e-17, -3.48974213848e-19, -2.60744286279e-19], [4.58988327486e-17, 1.86740661319e-14, 1.10879296196e-13, 6.55285423362e-14, 2.78899407909e-13, 2.49384768478e-13, 1.17065672477e-13, 1.12707870922e-13, 4.60251242229e-14, 2.33391102533e-14, 2.02551090321e-14, 1.79231443191e-14, 4.7325194436e-14, 2.03113791248e-14, 1.2568650954e-14, 1.28162624014e-14, -3.58633106122e-14, 6.70584295287e-15, -1.09736938435e-14, 6.48932269682e-15, -1.56280395153e-15, 6.03430464437e-15, 1.57783148068e-15, 1.48806893757e-16, 3.57722560792e-17, -5.17595033415e-19, -1.52536512276e-19], [2.88350959458e-17, 1.32228466864e-14, 7.6713978323e-14, 4.5677366376e-14, 2.02077354958e-13, 1.46022896465e-13, 8.60370870143e-14, 4.60251242229e-14, 4.50151627941e-14, 1.69835916571e-14, 1.42612413171e-14, 1.26062050067e-14, 3.83519171282e-14, 1.38816723009e-14, 9.37799473223e-15, 8.73298337806e-15, -2.37180897345e-14, 2.73417915506e-15, -8.50232698916e-15, 2.15425656541e-15, -4.26379106176e-15, 1.34376779588e-15, 1.21636917017e-15, 1.14619148464e-16, 2.43143669554e-17, -6.78752719304e-19, -1.2892766607e-19], [1.69153124768e-17, 7.25299320251e-15, 4.02432163385e-14, 2.34597667085e-14, 1.04389885408e-13, 7.56304537768e-14, 4.37745678464e-14, 2.33391102533e-14, 1.69835916571e-14, 1.24498689827e-14, 7.81905430973e-15, 6.72848117893e-15, 1.5516623766e-14, 5.64494985654e-15, 4.5629546284e-15, 4.7399595269e-15, -1.29569605032e-14, 2.18433830526e-15, -4.20341074163e-15, 1.81004333971e-15, -2.05751650899e-15, -1.347778391e-15, 7.432877166e-16, 5.90748835382e-17, 1.2070158287e-17, -7.08773895468e-19, -6.85071823422e-20], [1.66520291596e-17, 6.296305911e-15, 3.39063426316e-14, 1.90817278428e-14, 8.43508002704e-14, 6.24139886367e-14, 3.57610534067e-14, 2.02551090321e-14, 1.42612413171e-14, 7.81905430973e-15, 1.30161401541e-14, 6.17622077952e-15, 1.14355588868e-14, 3.43222980656e-15, 3.4804475806e-15, 3.79417143184e-15, -1.08891167567e-14, 1.52428375182e-15, -3.71508820072e-15, 5.21584148315e-16, -3.09269707317e-15, 3.03899137266e-15, 4.55544430489e-16, 5.12520611229e-17, 8.74698581868e-18, -8.89124136122e-19, -7.07449514684e-20], [1.26702017208e-17, 5.33137275375e-15, 3.16507345506e-14, 1.71840504743e-14, 8.18917823093e-14, 5.82546502898e-14, 3.29352532389e-14, 1.79231443191e-14, 1.26062050067e-14, 6.72848117893e-15, 6.17622077952e-15, 6.81902518934e-15, 1.25895946906e-14, 4.65993905383e-15, 3.7148023271e-15, 3.79139189323e-15, -9.63074851666e-15, 2.5346429684e-15, -3.01146407243e-15, 1.94598492797e-15, 6.85293805921e-16, 1.71637060135e-15, 4.41716247048e-16, 4.7845129173e-17, 1.08442327786e-17, -2.78156464023e-19, -4.85680356818e-20], [1.88134951136e-17, 8.9077576153e-15, 6.57559672945e-14, 5.84566710359e-14, 2.96908033099e-13, 1.77546142393e-13, 9.97100283741e-14, 4.7325194436e-14, 3.83519171282e-14, 1.5516623766e-14, 1.14355588868e-14, 1.25895946906e-14, 1.1890517054e-13, 4.05556224183e-14, 1.30138455418e-14, 1.17694152289e-14, -1.47119255255e-14, 3.70722095871e-15, -9.95737733837e-16, 6.09246192653e-15, 4.4600361019e-16, 2.13097798244e-15, 6.00068527142e-16, 1.35018772328e-16, 2.87599647852e-17, 1.36314246769e-18, -4.66279352539e-20], [6.43352749508e-18, 3.19835913938e-15, 2.73338362171e-14, 2.44128990027e-14, 1.07588417342e-13, 6.8522424334e-14, 4.00137076793e-14, 2.03113791248e-14, 1.38816723009e-14, 5.64494985654e-15, 3.43222980656e-15, 4.65993905383e-15, 4.05556224183e-14, 2.12248601127e-14, 6.09550446888e-15, 5.64924304303e-15, -3.44618276854e-15, 4.16561697855e-15, 1.92134473953e-15, 5.9562717341e-15, 6.24743507456e-15, 3.27941129859e-15, 6.50559314095e-16, 6.21907008521e-17, 2.32258287022e-17, 1.73393951555e-18, 3.08840030912e-20], [6.90322794385e-18, 2.89435880285e-15, 1.91614319491e-14, 1.22372687951e-14, 5.86707603074e-14, 4.20118448493e-14, 2.5102802256e-14, 1.2568650954e-14, 9.37799473223e-15, 4.5629546284e-15, 3.4804475806e-15, 3.7148023271e-15, 1.30138455418e-14, 6.09550446888e-15, 4.75710033973e-14, 2.53366528062e-14, 3.05263423588e-14, 7.96704485695e-14, 4.5194760884e-14, 6.64768872003e-14, 1.82496677275e-13, 5.51987654803e-14, 3.23836259966e-15, 5.27918743768e-17, 8.09467962486e-17, 1.47535851337e-17, 2.82937025126e-19], [6.14701901426e-18, 2.81037400383e-15, 1.9213541416e-14, 1.12236625836e-14, 5.75954282639e-14, 4.10834018715e-14, 2.46334206424e-14, 1.28162624014e-14, 8.73298337806e-15, 4.7399595269e-15, 3.79417143184e-15, 3.79139189323e-15, 1.17694152289e-14, 5.64924304303e-15, 2.53366528062e-14, 1.03759814868e-13, 8.60552202956e-14, 1.49147865282e-13, 1.58368936997e-13, 1.364969471e-13, 3.08264319019e-13, 1.44936024445e-13, 1.18454838698e-14, 1.32141771983e-16, 2.99499653432e-16, 6.0450829004e-17, 1.35925895811e-18], [-4.09937873738e-17, -2.91069082628e-14, -1.01129479411e-13, -7.31192314812e-14, -2.04323333968e-13, -1.25923522911e-13, -6.1632990378e-14, -3.58633106122e-14, -2.37180897345e-14, -1.29569605032e-14, -1.08891167567e-14, -9.63074851666e-15, -1.47119255255e-14, -3.44618276854e-15, 3.05263423588e-14, 8.60552202956e-14, 3.19014714818e-12, 5.1105300547e-13, 3.94626199123e-13, 3.03923254836e-13, 4.49843368935e-13, 6.37681042952e-13, 9.64871628775e-14, 1.79049305167e-16, 3.03219213332e-16, 7.37488359943e-17, 2.69487998944e-18], [-6.57843837146e-18, -3.15671497629e-15, -7.0721165164e-15, -8.73279057218e-16, 1.66654342236e-14, 2.50979826386e-14, 1.14166734402e-14, 6.70584295287e-15, 2.73417915506e-15, 2.18433830526e-15, 1.52428375182e-15, 2.5346429684e-15, 3.70722095871e-15, 4.16561697855e-15, 7.96704485695e-14, 1.49147865282e-13, 5.1105300547e-13, 1.57065712433e-12, 7.55144427891e-13, 6.43945779946e-13, 1.30909324179e-12, 6.06095414742e-13, 4.31193709211e-14, 4.42407028887e-16, 9.30918749307e-16, 1.76374414824e-16, 5.4493252548e-18], [-1.78662541982e-17, -4.43760603418e-15, -2.54055064204e-14, -7.58791426502e-15, -3.89276318699e-14, -3.46710439763e-14, -1.79630836166e-14, -1.09736938435e-14, -8.50232698916e-15, -4.20341074163e-15, -3.71508820072e-15, -3.01146407243e-15, -9.95737733837e-16, 1.92134473953e-15, 4.5194760884e-14, 1.58368936997e-13, 3.94626199123e-13, 7.55144427891e-13, 1.81077787313e-12, 7.62884492991e-13, 1.40049788173e-12, 5.29362632288e-13, 3.96926720279e-14, 9.83274385172e-16, 1.64223107803e-15, 3.49822516103e-16, 1.12466271953e-17], [-6.22724271238e-18, -1.21653360044e-15, 1.57930468274e-15, 3.25782318162e-16, 2.41938088487e-14, 2.52056049508e-14, 1.00007223436e-14, 6.48932269682e-15, 2.15425656541e-15, 1.81004333971e-15, 5.21584148315e-16, 1.94598492797e-15, 6.09246192653e-15, 5.9562717341e-15, 6.64768872003e-14, 1.364969471e-13, 3.03923254836e-13, 6.43945779946e-13, 7.62884492991e-13, 9.45756602373e-13, 1.45755727366e-12, 4.80147551492e-13, 2.70803107857e-14, 5.6857743035e-16, 1.3172806521e-15, 2.58868515274e-16, 7.45684214344e-18], [-2.11939587891e-17, -3.82806969039e-15, -1.84094869205e-14, -1.57231032935e-14, -2.53934582238e-14, 1.45992752257e-14, -1.69547874546e-15, -1.56280395153e-15, -4.26379106176e-15, -2.05751650899e-15, -3.09269707317e-15, 6.85293805921e-16, 4.4600361019e-16, 6.24743507456e-15, 1.82496677275e-13, 3.08264319019e-13, 4.49843368935e-13, 1.30909324179e-12, 1.40049788173e-12, 1.45755727366e-12, 4.15088796668e-12, 1.05824279461e-12, 4.27727616509e-14, 9.58298348173e-16, 2.44998181356e-15, 4.9751920113e-16, 1.33738429089e-17], [4.31567918837e-18, -9.01586188926e-15, -2.6873158714e-14, -2.28531894743e-14, -2.71233841051e-14, -7.39380141856e-15, 5.63838450416e-15, 6.03430464437e-15, 1.34376779588e-15, -1.347778391e-15, 3.03899137266e-15, 1.71637060135e-15, 2.13097798244e-15, 3.27941129859e-15, 5.51987654803e-14, 1.44936024445e-13, 6.37681042952e-13, 6.06095414742e-13, 5.29362632288e-13, 4.80147551492e-13, 1.05824279461e-12, 9.42515076402e-12, 4.32081968945e-13, 6.23894293399e-16, 8.00455717216e-16, 1.75344713928e-16, 4.70639877789e-18], [-4.45556701049e-19, -7.55897549025e-16, 9.73014275082e-16, -5.662102909e-16, 4.99945381424e-17, 3.84462795367e-17, 3.39991634665e-15, 1.57783148068e-15, 1.21636917017e-15, 7.432877166e-16, 4.55544430489e-16, 4.41716247048e-16, 6.00068527142e-16, 6.50559314095e-16, 3.23836259966e-15, 1.18454838698e-14, 9.64871628775e-14, 4.31193709211e-14, 3.96926720279e-14, 2.70803107857e-14, 4.27727616509e-14, 4.32081968945e-13, 1.19558958003e-13, 5.14219540946e-17, 5.11409244446e-17, 1.10667658701e-17, 3.16690026624e-19], [1.09619073375e-19, 4.77746037539e-17, 2.56596825849e-16, 1.59486351331e-16, 7.82712335734e-16, 5.12522695725e-16, 3.16685237248e-16, 1.48806893757e-16, 1.14619148464e-16, 5.90748835382e-17, 5.12520611229e-17, 4.7845129173e-17, 1.35018772328e-16, 6.21907008521e-17, 5.27918743768e-17, 1.32141771983e-16, 1.79049305167e-16, 4.42407028887e-16, 9.83274385172e-16, 5.6857743035e-16, 9.58298348173e-16, 6.23894293399e-16, 5.14219540946e-17, 4.32345303177e-18, 2.60963240987e-18, 3.83578642689e-19, 1.38282157914e-20], [8.74260598781e-21, 9.52571349967e-18, 5.68094740684e-17, 3.00234203051e-17, 1.76862332271e-16, 1.07305449098e-16, 7.52756261166e-17, 3.57722560792e-17, 2.43143669554e-17, 1.2070158287e-17, 8.74698581868e-18, 1.08442327786e-17, 2.87599647852e-17, 2.32258287022e-17, 8.09467962486e-17, 2.99499653432e-16, 3.03219213332e-16, 9.30918749307e-16, 1.64223107803e-15, 1.3172806521e-15, 2.44998181356e-15, 8.00455717216e-16, 5.11409244446e-17, 2.60963240987e-18, 5.18641334172e-18, 8.72380139367e-19, 2.2509465011e-20], [-3.74795616327e-21, -3.84783379553e-19, -7.23634143474e-19, -8.3461825873e-19, -3.89572109065e-19, -3.30974050275e-18, -3.48974213848e-19, -5.17595033415e-19, -6.78752719304e-19, -7.08773895468e-19, -8.89124136122e-19, -2.78156464023e-19, 1.36314246769e-18, 1.73393951555e-18, 1.47535851337e-17, 6.0450829004e-17, 7.37488359943e-17, 1.76374414824e-16, 3.49822516103e-16, 2.58868515274e-16, 4.9751920113e-16, 1.75344713928e-16, 1.10667658701e-17, 3.83578642689e-19, 8.72380139367e-19, 1.93018809003e-19, 4.51714244838e-21], [-1.7823163572e-22, -4.6453406607e-20, -2.62783829326e-19, -1.57951973274e-19, -6.24657071797e-19, -5.02708884317e-19, -2.60744286279e-19, -1.52536512276e-19, -1.2892766607e-19, -6.85071823422e-20, -7.07449514684e-20, -4.85680356818e-20, -4.66279352539e-20, 3.08840030912e-20, 2.82937025126e-19, 1.35925895811e-18, 2.69487998944e-18, 5.4493252548e-18, 1.12466271953e-17, 7.45684214344e-18, 1.33738429089e-17, 4.70639877789e-18, 3.16690026624e-19, 1.38282157914e-20, 2.2509465011e-20, 4.51714244838e-21, 1.57052171919e-22]]
    },
    "mfcc": {
        "kurt": [3.46807432175, 2.00415802002, -0.481407165527, 3.04814767838, 0.267771482468, 0.0607187747955, 0.417748451233, 0.0816702842712, 0.394947528839, 0.658144712448, 0.0447413921356, -0.0156257152557, 0.0128221511841],
        "max": [-866.38873291, 118.452384949, 22.1568603516, 107.541275024, 22.9870910645, 25.0222396851, 4.56290054321, 40.1659507751, 36.9818611145, 0.0499877929688, 26.2727851868, 11.8644561768, 23.3510513306],
        "mean": [-1007.52062988, 0.836326301098, -20.3979949951, 71.0986938477, -5.45074272156, -2.67294216156, -24.4661445618, 10.2802562714, 7.55904197693, -22.1094989777, 3.60599350929, -11.0590486526, 3.6557366848],
        "median": [-1011.41412354, -5.58257675171, -20.2321281433, 73.2827682495, -4.77241516113, -2.62814331055, -24.536491394, 10.302400589, 8.0613861084, -22.1963348389, 3.46895599365, -11.1604766846, 3.65200805664],
        "min": [-1138.42004395, -46.4659194946, -57.9411277771, 8.01086425781e-05, -42.7778015137, -26.8408622742, -52.1718940735, -39.1590270996, -29.2871551514, -49.4494094849, -16.0567684174, -31.79479599, -19.1128349304],
        "skew": [0.258776187897, 1.63354384899, -0.0357911773026, -1.18937182426, -0.415603280067, 0.00202931440435, 0.151940107346, -0.038417417556, -0.393128722906, 0.180641144514, 0.121687583625, 0.0797552317381, 0.0231869667768],
        "var": [883.969543457, 633.566040039, 136.930389404, 206.94708252, 76.9218826294, 42.0505142212, 56.9206619263, 64.6096343994, 51.5817108154, 33.7726516724, 28.3914718628, 30.3115749359, 25.8459720612],
        "cov": [[884.00982666, 508.790802002, 6.8310418129, 38.1943817139, -161.862319946, 18.3409690857, 10.4610900879, -102.078346252, -55.2742767334, -25.8046035767, 20.7941074371, 2.51558732986, 4.23496389389], [508.790802002, 633.594909668, 176.607528687, -181.748260498, -78.4824523926, 17.7294158936, 26.0294971466, -44.7692108154, -94.443107605, -24.1007041931, 33.2999687195, 30.8547840118, 8.35219192505], [6.8310418129, 176.607528687, 136.936630249, -65.9980392456, 13.1315221786, 21.0053348541, 4.41829156876, 22.4508800507, -31.4184055328, -8.63527297974, 15.8779783249, 7.88745546341, 10.3182907104], [38.1943817139, -181.748260498, -65.9980392456, 206.956512451, 18.2752914429, 2.82204699516, 9.78040599823, -11.7322397232, 47.5374641418, 5.71372890472, -15.0553798676, -20.1840839386, -8.1749753952], [-161.862319946, -78.4824523926, 13.1315221786, 18.2752914429, 76.9253845215, 11.4489622116, -3.74066185951, 32.1998519897, 16.0351924896, 3.0453004837, -4.88225030899, -4.90147924423, 1.2650270462], [18.3409690857, 17.7294158936, 21.0053348541, 2.82204699516, 11.4489622116, 42.0524291992, 9.1730260849, 1.53521299362, 7.88746166229, 2.55188512802, 0.60915261507, -2.52057480812, 2.65869736671], [10.4610900879, 26.0294971466, 4.41829156876, 9.78040599823, -3.74066185951, 9.1730260849, 56.9232559204, -8.36475276947, 1.7970893383, 14.1867408752, -2.13205432892, 7.72683286667, -10.0879831314], [-102.078346252, -44.7692108154, 22.4508800507, -11.7322397232, 32.1998519897, 1.53521299362, -8.36475276947, 64.6125793457, 8.74505805969, -2.98456454277, 11.6314716339, -4.72581958771, 9.49024677277], [-55.2742767334, -94.443107605, -31.4184055328, 47.5374641418, 16.0351924896, 7.88746166229, 1.7970893383, 8.74505805969, 51.5840606689, 15.7105941772, -4.97059679031, 1.98982214928, -4.26390266418], [-25.8046035767, -24.1007041931, -8.63527297974, 5.71372890472, 3.0453004837, 2.55188512802, 14.1867408752, -2.98456454277, 15.7105941772, 33.7741928101, 6.74314689636, 2.50696897507, 2.87092518806], [20.7941074371, 33.2999687195, 15.8779783249, -15.0553798676, -4.88225030899, 0.60915261507, -2.13205432892, 11.6314716339, -4.97059679031, 6.74314689636, 28.3927669525, 9.7051782608, 6.59580516815], [2.51558732986, 30.8547840118, 7.88745546341, -20.1840839386, -4.90147924423, -2.52057480812, 7.72683286667, -4.72581958771, 1.98982214928, 2.50696897507, 9.7051782608, 30.3129558563, 6.66334199905], [4.23496389389, 8.35219192505, 10.3182907104, -8.1749753952, 1.2650270462, 2.65869736671, -10.0879831314, 9.49024677277, -4.26390266418, 2.87092518806, 6.59580516815, 6.66334199905, 25.8471488953]]
    },
    "sccoeffs": {
        "kurt": [0.403015851974, 1.47255468369, 0.756254673004, -0.126181125641, 0.677531242371, 2.55838680267],
        "max": [-0.549912571907, -0.658962607384, -0.763361632824, -0.715058147907, -0.767482936382, -0.565001189709],
        "mean": [-0.781867861748, -0.877633631229, -0.893548607826, -0.828549742699, -0.847838103771, -0.640252232552],
        "median": [-0.784697115421, -0.880652427673, -0.895402133465, -0.828736126423, -0.848973870277, -0.639825701714],
        "min": [-0.95638448, -0.963280320168, -0.970222532749, -0.952806472778, -0.957983076572, -0.957929730415],
        "skew": [0.451147347689, 0.779004454613, 0.580745518208, 0.11246676743, 0.413902789354, -0.441226810217],
        "var": [0.00151917908806, 0.000909792608581, 0.000444279721705, 0.000862862099893, 0.000274909776635, 0.000499566376675],
        "cov": [[0.00151924835518, 0.000184087315574, 0.000102364560007, -0.000146822960232, -1.27937655634e-05, -4.39877003373e-05], [0.000184087315574, 0.000909834052436, 0.000103385078546, -0.000149409461301, -3.7064357457e-05, -5.79609913984e-05], [0.000102364560007, 0.000103385078546, 0.000444299948867, -9.58021628321e-05, -1.07622872747e-05, -3.2118645322e-05], [-0.000146822960232, -0.000149409461301, -9.58021628321e-05, 0.000862901448272, 5.54674988962e-06, 0.000156946785864], [-1.27937655634e-05, -3.7064357457e-05, -1.07622872747e-05, 5.54674988962e-06, 0.000274922291283, 3.84332815884e-05], [-4.39877003373e-05, -5.79609913984e-05, -3.2118645322e-05, 0.000156946785864, 3.84332815884e-05, 0.00049958913587]]
    },
    "scvalleys": {
        "kurt": [19.3976898193, 25.746679306, 34.9073867798, 62.5550231934, 148.864395142, 115.458175659],
        "max": [-7.87039852142, -7.12815856934, -8.55354213715, -8.42947006226, -8.43536663055, -10.5699653625],
        "mean": [-10.3959779739, -9.99857521057, -10.6501398087, -10.6891698837, -9.3404340744, -12.8338785172],
        "median": [-10.4246807098, -10.0911302567, -10.7334728241, -10.7519111633, -9.27989768982, -12.8767185211],
        "min": [-27.3828601837, -27.3994693756, -27.0431804657, -27.2249221802, -27.2345542908, -27.2908363342],
        "skew": [-1.0280456543, -0.616484701633, -1.19798791409, -2.61657261848, -5.90468072891, -5.42198991776],
        "var": [0.488961964846, 0.456140995026, 0.353057444096, 0.267002701759, 0.193675264716, 0.155671030283],
        "cov": [[0.488984256983, 0.330700844526, 0.28553378582, 0.238250300288, 0.0896989256144, 0.122109591961], [0.330700844526, 0.456161767244, 0.333214104176, 0.280714660883, 0.103814832866, 0.136646911502], [0.28553378582, 0.333214104176, 0.35307353735, 0.258248090744, 0.104637645185, 0.12961871922], [0.238250300288, 0.280714660883, 0.258248090744, 0.267014861107, 0.126965850592, 0.1329510957], [0.0896989256144, 0.103814832866, 0.104637645185, 0.126965850592, 0.193684086204, 0.140272542834], [0.122109591961, 0.136646911502, 0.12961871922, 0.1329510957, 0.140272542834, 0.155678138137]]
    }
},
"rhythm": {
    "beats_loudness": {
        "kurt": 0.918675661087,
        "max": 5.75454178033e-05,
        "mean": 2.06446893571e-05,
        "median": 1.96559976757e-05,
        "min": 7.35241556526e-08,
        "skew": 0.460551291704,
        "var": 5.81425463331e-11
    },
    "bpm": 152.117233276,
    "confidence": -0.193608373404,
    "first_peak_bpm": {
        "kurt": 0,
        "max": 152,
        "mean": 152,
        "median": 152,
        "min": 152,
        "skew": 0,
        "var": 0
    },
    "first_peak_spread": {
        "kurt": 0,
        "max": 0.191919207573,
        "mean": 0.191919207573,
        "median": 0.191919207573,
        "min": 0.191919207573,
        "skew": 0,
        "var": 0
    },
    "first_peak_weight": {
        "kurt": 0,
        "max": 0.0808080807328,
        "mean": 0.0808080807328,
        "median": 0.0808080807328,
        "min": 0.0808080807328,
        "skew": 0,
        "var": 0
    },
    "onset_rate": 1.28958296776,
    "second_peak_bpm": {
        "kurt": 0,
        "max": 161,
        "mean": 161,
        "median": 161,
        "min": 161,
        "skew": 0,
        "var": 0
    },
    "second_peak_spread": {
        "kurt": 0,
        "max": 0.244186043739,
        "mean": 0.244186043739,
        "median": 0.244186043739,
        "min": 0.244186043739,
        "skew": 0,
        "var": 0
    },
    "second_peak_weight": {
        "kurt": 0,
        "max": 0.0656565651298,
        "mean": 0.0656565651298,
        "median": 0.0656565651298,
        "min": 0.0656565651298,
        "skew": 0,
        "var": 0
    },
    "beats_loudness_band_ratio": {
        "kurt": [40.5783996582, 16.4509315491, 22.3097934723, 73.3662719727, 0.0861670970917, 1.26606559753],
        "max": [0.542646110058, 0.514462649822, 0.341177195311, 0.232387304306, 0.630568921566, 0.855889439583],
        "mean": [0.0285179615021, 0.0306329000741, 0.0158052183688, 0.00719354255125, 0.303687274456, 0.62258118391],
        "median": [0.0154601633549, 0.0110535165295, 0.00617495784536, 0.00309193716384, 0.294531494379, 0.647125124931],
        "min": [0.00124567630701, 0.000932271301281, 0.000978352851234, 0.000739261682611, 0.0971241518855, 0.148433640599],
        "skew": [4.8786239624, 3.78581500053, 4.1233420372, 6.44181585312, 0.457582682371, -1.09003376961],
        "var": [0.00156148232054, 0.0034630461596, 0.000972042267676, 0.000199388712645, 0.00827905349433, 0.0135275879875],
        "cov": [[0.00156305951532, 0.0014136354439, 0.000646084721666, 0.000285379035631, -0.00128468812909, -0.00244008353911], [0.0014136354439, 0.00346654420719, 0.00145692774095, 0.000578108127229, -0.00207292544656, -0.00455395551398], [0.000646084721666, 0.00145692774095, 0.000973024172708, 0.000331341696437, -0.000989392516203, -0.0022704382427], [0.000285379035631, 0.000578108127229, 0.000331341696437, 0.000199590111151, -0.00038450746797, -0.000962609366979], [-0.00128468812909, -0.00207292544656, -0.000989392516203, -0.00038450746797, 0.00828741677105, -0.00372895575128], [-0.00244008353911, -0.00455395551398, -0.0022704382427, -0.000962609366979, -0.00372895575128, 0.0135412523523]]
    },
