{
"metadata": {
    "version": {
        "essentia": "2.1-beta3"
    }
},
"lowLevel": {
    "average_loudness": 0.635740876198,
    "barkbands_kurtosis": {
        "kurt": 5.81226062775,
        "max": 30.7465782166,
        "mean": 3.14589309692,
        "median": 1.42152166367,
        "min": -1.61021983624,
        "skew": 2.20729899406,
        "var": 23.0890789032
    },
    "barkbands_skewness": {
        "kurt": 1.42648553848,
        "max": 4.70775032043,
        "mean": 1.5015976429,
        "median": 1.37912690639,
        "min": -1.66928565502,
        "skew": 0.275652706623,
        "var": 0.785456001759
    },
    "barkbands_spread": {
        "kurt": -0.628768444061,
        "max": 45.6422042847,
        "mean": 15.6864023209,
        "median": 15.7662305832,
        "min": 2.5841884613,
        "skew": 0.297948628664,
        "var": 53.4203491211
    },
    "dissonance": {
        "kurt": 106.333999634,
        "max": 0.500000059605,
        "mean": 0.468411654234,
        "median": 0.473796874285,
        "min": 0,
        "skew": -6.86430168152,
        "var": 0.000727331207599
    },
    "hfc": {
        "kurt": 162.960357666,
        "max": 212.123046875,
        "mean": 3.0153465271,
        "median": 0.567890405655,
        "min": 4.44702976665e-08,
        "skew": 11.7463731766,
        "var": 153.084136963
    },
    "pitch": {
        "kurt": 38.5214805603,
        "max": 4223.98535156,
        "mean": 353.040313721,
        "median": 309.203521729,
        "min": 63.1404266357,
        "skew": 6.04676055908,
        "var": 234097.796875
    },
    "pitch_instantaneous_confidence": {
        "kurt": 1.71093130112,
        "max": 0.767011344433,
        "mean": 0.28121137619,
        "median": 0.263729095459,
        "min": 0.00467765331268,
        "skew": 1.05158305168,
        "var": 0.00821725092828
    },
    "pitch_salience": {
        "kurt": 1.83795022964,
        "max": 0.950909078121,
        "mean": 0.735655367374,
        "median": 0.749912142754,
        "min": 0.410690665245,
        "skew": -1.04335558414,
        "var": 0.00473297107965
    },
    "silence_rate_20dB": {
        "kurt": 0,
        "max": 1,
        "mean": 1,
        "median": 1,
        "min": 1,
        "skew": 0,
        "var": 0
    },
    "silence_rate_30dB": {
        "kurt": 0,
        "max": 1,
        "mean": 1,
        "median": 1,
        "min": 1,
        "skew": 0,
        "var": 0
    },
    "silence_rate_60dB": {
        "kurt": -1.39900052547,
        "max": 1,
        "mean": 0.680701732635,
        "median": 1,
        "min": 0,
        "skew": -0.775210916996,
        "var": 0.217343688011
    },
    "spectral_centroid": {
        "kurt": 9.95484542847,
        "max": 3503.67260742,
        "mean": 827.602478027,
        "median": 758.924682617,
        "min": 310.710235596,
        "skew": 2.68382310867,
        "var": 190003.34375
    },
    "spectral_complexity": {
        "kurt": 2.71186494827,
        "max": 45,
        "mean": 5.93333339691,
        "median": 2,
        "min": 0,
        "skew": 1.52206730843,
        "var": 58.5250854492
    },
    "spectral_crest": {
        "kurt": 0.644250869751,
        "max": 21.3635654449,
        "mean": 8.21049785614,
        "median": 7.88254833221,
        "min": 2.82830834389,
        "skew": 0.742899477482,
        "var": 8.27300643921
    },
    "spectral_decrease": {
        "kurt": 61.3931350708,
        "max": -1.26140245767e-17,
        "mean": -5.20989362762e-10,
        "median": -1.4584325414e-10,
        "min": -1.22097860711e-08,
        "skew": -6.39855575562,
        "var": 9.46382818893e-19
    },
    "spectral_energy": {
        "kurt": 82.716178894,
        "max": 0.0645126923919,
        "mean": 0.00223983521573,
        "median": 0.000601955398452,
        "min": 5.16418470486e-11,
        "skew": 7.70269107819,
        "var": 2.21692534979e-05
    },
    "spectral_energyband_high": {
        "kurt": 286.168182373,
        "max": 0.0187461487949,
        "mean": 0.000123343677842,
        "median": 8.65546007844e-06,
        "min": 1.58214945051e-12,
        "skew": 15.5282115936,
        "var": 7.48027730424e-07
    },
    "spectral_energyband_low": {
        "kurt": 9.26561069489,
        "max": 0.000711613392923,
        "mean": 5.64963629586e-05,
        "median": 1.22065766845e-05,
        "min": 8.33411031159e-12,
        "skew": 2.61983060837,
        "var": 8.05201771925e-09
    },
    "spectral_energyband_middle_high": {
        "kurt": 116.765388489,
        "max": 0.0507271327078,
        "mean": 0.000964022125117,
        "median": 0.000189227124793,
        "min": 1.27765350383e-11,
        "skew": 10.0551166534,
        "var": 1.16758465083e-05
    },
    "spectral_energyband_middle_low": {
        "kurt": 0.550881385803,
        "max": 0.00715487124398,
        "mean": 0.00113856175449,
        "median": 0.000316627032589,
        "min": 2.94976196247e-11,
        "skew": 1.23288834095,
        "var": 2.12050122173e-06
    },
    "spectral_flatness_db": {
        "kurt": 0.0735199451447,
        "max": 0.272934526205,
        "mean": 0.177071735263,
        "median": 0.174353405833,
        "min": 0.0617730952799,
        "skew": 0.0342231467366,
        "var": 0.000901761348359
    },
    "spectral_flux": {
        "kurt": 17.5520057678,
        "max": 0.251231104136,
        "mean": 0.0245428923517,
        "median": 0.0163375139236,
        "min": 0.000587026122957,
        "skew": 3.34246087074,
        "var": 0.000817780382931
    },
    "spectral_kurtosis": {
        "kurt": -0.400232315063,
        "max": 21.1772708893,
        "mean": 6.84579801559,
        "median": 5.88445281982,
        "min": 1.29444503784,
        "skew": 0.596232414246,
        "var": 11.0157108307
    },
    "spectral_rms": {
        "kurt": 6.08795833588,
        "max": 0.00793342385441,
        "mean": 0.00107259838842,
        "median": 0.000766337790992,
        "min": 2.24459995479e-07,
        "skew": 1.70058357716,
        "var": 1.03473780655e-06
    },
    "spectral_rolloff": {
        "kurt": 1.04410028458,
        "max": 4844.97070312,
        "mean": 1463.70349121,
        "median": 1119.7265625,
        "min": 344.53125,
        "skew": 1.19814419746,
        "var": 793367.4375
    },
    "spectral_skewness": {
        "kurt": -0.916234254837,
        "max": 3.77410554886,
        "mean": 2.09307575226,
        "median": 1.95423901081,
        "min": 0.732685089111,
        "skew": 0.30356246233,
        "var": 0.270639687777
    },
    "spectral_spread": {
        "kurt": 263.482299805,
        "max": 32101364,
        "mean": 3914406.5,
        "median": 3779654.25,
        "min": 1828467.25,
        "skew": 12.7659893036,
        "var": 1.67835271168e+12
    },
    "spectral_strongpeak": {
        "kurt": 102.391532898,
        "max": 3.37705039978,
        "mean": 0.132244154811,
        "median": 0.0729891881347,
        "min": 0,
        "skew": 8.05008220673,
        "var": 0.0425580777228
    },
    "zerocrossingrate": {
        "kurt": 2.56617593765,
        "max": 0.15283203125,
        "mean": 0.0518863089383,
        "median": 0.05126953125,
        "min": 0,
        "skew": 1.06094312668,
        "var": 0.00040651022573
    },
    "barkbands": {
        "kurt": [549.770935059, 15.6551189423, 7.06717300415, 22.1375236511, 12.2201604843, 3.32073879242, 7.43889904022, 9.37787055969, 8.84091091156, 316.96105957, 142.2706604, 144.739959717, 259.352844238, 177.110198975, 148.267028809, 181.27583313, 160.740188599, 473.37902832, 249.098617554, 120.767044067, 493.063446045, 283.453613281, 528.930603027, 144.011138916, 199.878204346, 319.766845703, 233.061965942],
        "max": [5.23311825873e-07, 5.91990174144e-05, 0.000332180905389, 0.00104880263098, 0.00449382560328, 0.00319443480112, 0.00178981467616, 0.00104678608477, 0.00150754919741, 0.0087541276589, 0.00545780733228, 0.0034541299101, 0.00998732075095, 0.00508114229888, 0.00240404042415, 0.00334862805903, 0.0038821385242, 0.0217076800764, 0.0200571808964, 0.00555562274531, 0.0128054143861, 0.00269033922814, 0.00093871972058, 0.000303781591356, 0.000170565253939, 1.15046341307e-05, 1.9424273745e-08],
        "mean": [3.33598082491e-09, 3.57999579137e-06, 3.09951064992e-05, 5.51591401745e-05, 0.00030355938361, 0.000377710704925, 0.000160929863341, 8.07072574389e-05, 0.000122860088595, 0.000159302944667, 0.000124923331896, 6.46917833365e-05, 7.07603394403e-05, 5.28491800651e-05, 4.81472852698e-05, 5.82166831009e-05, 6.64687759127e-05, 0.000130618020194, 0.000154975161422, 9.00432787603e-05, 5.50853110326e-05, 1.97391364054e-05, 4.67550034955e-06, 2.70356349574e-06, 1.08613903649e-06, 4.54623325652e-08, 1.61323052139e-10],
        "median": [4.02205879713e-10, 7.38763446861e-07, 6.24392396276e-06, 1.06326779132e-05, 5.80201703997e-05, 8.08620970929e-05, 3.92651636503e-05, 1.71825377038e-05, 2.52251629718e-05, 3.52142451447e-05, 2.63460879069e-05, 9.30061560211e-06, 8.38954474602e-06, 6.55257554172e-06, 9.85900896922e-06, 1.10892906378e-05, 9.15599139262e-06, 1.09626207632e-05, 1.20560680443e-05, 7.48789989302e-06, 3.09625988848e-06, 1.31148806304e-06, 3.82995438031e-07, 1.03438864585e-07, 3.20649640173e-08, 3.9485237302e-10, 1.1139426187e-11],
        "min": [8.87957730348e-13, 3.58744848064e-12, 2.37050049728e-12, 2.344348023e-12, 5.69670092349e-12, 5.37471326126e-12, 4.95784576587e-12, 4.46679715785e-12, 5.336973051e-12, 4.22225102104e-12, 3.14171605398e-12, 2.63733999917e-12, 1.49784525061e-12, 5.65057766203e-13, 8.34366348798e-14, 1.23625813904e-13, 4.50822891388e-13, 5.47746635375e-13, 1.68125550374e-13, 8.07664549932e-14, 2.04324906061e-13, 3.16278280692e-13, 2.21084489691e-13, 2.10163565153e-13, 2.36708845884e-13, 1.67267553432e-13, 1.8281444338e-13],
        "skew": [22.2223873138, 3.25162696838, 2.50797438622, 3.80438613892, 2.73661804199, 1.8473649025, 2.46098828316, 2.69065713882, 2.56867957115, 14.5394363403, 9.44152736664, 10.8407039642, 15.1209831238, 12.5196275711, 10.3062171936, 12.1890192032, 11.6908159256, 19.8780975342, 14.3136367798, 10.4729137421, 20.7004375458, 15.4426345825, 21.3750724792, 11.6925983429, 13.1561508179, 17.1059379578, 13.842713356],
        "var": [3.99133942026e-16, 3.76415877634e-11, 2.69272160125e-09, 9.9887200733e-09, 2.26832170824e-07, 2.94597754191e-07, 6.20757774072e-08, 1.70524234733e-08, 3.96357506816e-08, 1.41651327112e-07, 8.48867429681e-08, 4.39295675392e-08, 2.31393030958e-07, 8.470379953e-08, 1.71625398337e-08, 3.55993172718e-08, 5.383078161e-08, 7.35140929464e-07, 9.1141765779e-07, 1.67695034747e-07, 2.52938434642e-07, 1.57026995851e-08, 1.30162669532e-09, 4.44337122651e-10, 8.16430395512e-11, 2.92340560397e-13, 9.02514742673e-19],
        "cov": [[3.99601318925e-16, 1.27836067402e-14, 2.35787789033e-13, 2.44167614729e-13, 8.08560358424e-13, 9.48241268492e-13, 4.13702031616e-13, 3.07094220929e-13, 4.09783941805e-13, 5.80011136776e-13, 4.08497563033e-13, 9.51764383451e-13, 1.29745172939e-12, 4.41677564748e-13, 9.68958203604e-13, 8.45686964467e-13, 1.34418951664e-12, 7.73099119444e-12, 3.7020343388e-12, 2.43310905278e-12, 4.21921482127e-12, 7.41542732167e-13, 3.45576648894e-13, 1.22488268985e-13, 7.25516109863e-14, 3.02683772042e-15, 9.28010785937e-18], [1.27836067402e-14, 3.76856636175e-11, 2.0076980356e-10, 2.50010429026e-10, 1.42622424981e-09, 1.64624580634e-09, 6.63672616863e-10, 3.87038540106e-10, 5.61461044324e-10, 6.0570126692e-10, 4.12401113259e-10, 1.98230293291e-10, 2.29224660087e-11, 5.07333758337e-11, 1.44463704888e-10, 1.50061241211e-10, 2.2731710958e-10, 1.85023413257e-10, 2.31608510148e-10, 1.86250223577e-10, 6.97969460006e-11, 2.58222956906e-11, 9.16716789284e-12, 2.074756816e-12, 5.603551477e-13, 1.1623253087e-13, 2.29897156211e-16], [2.35787789033e-13, 2.0076980356e-10, 2.69587463464e-09, 2.90377810686e-09, 1.2035315855e-08, 1.60811719496e-08, 6.24000318084e-09, 3.26494808967e-09, 5.13256592782e-09, 5.7151634536e-09, 3.25806537305e-09, 1.55718926642e-09, 5.06112429743e-10, 4.78939221615e-10, 1.40406475335e-09, 1.5116272678e-09, 1.79950954138e-09, 2.55704546426e-09, 1.61889179839e-09, 1.4972297846e-09, 7.17814974127e-10, 2.5056540176e-10, 8.68783378571e-11, -7.58958217453e-13, 6.93630699752e-12, -4.05104586215e-14, 2.87058639967e-15], [2.44167614729e-13, 2.50010429026e-10, 2.90377810686e-09, 1.00004164949e-08, 2.77983431829e-08, 2.83294863124e-08, 1.09158850847e-08, 6.41714636984e-09, 1.02605968166e-08, 1.11865929853e-08, 8.36997671172e-09, 4.05904510004e-09, 1.3440732971e-09, 1.4351393407e-09, 3.1255276145e-09, 3.17472914624e-09, 4.74343941903e-09, 6.34595442861e-09, 6.10234529574e-09, 4.82760542653e-09, 2.88823120975e-09, 8.15562284373e-10, 2.89253287988e-10, 9.59795160016e-11, 4.06114829266e-11, 3.61664821355e-12, 7.44109465614e-15], [8.08560358424e-13, 1.42622424981e-09, 1.2035315855e-08, 2.77983431829e-08, 2.2709778591e-07, 1.73476607301e-07, 6.613067427e-08, 3.61155798601e-08, 5.79492720476e-08, 6.26630978218e-08, 4.74241375059e-08, 2.0329453676e-08, 6.61172894212e-09, 8.6339539962e-09, 1.54477550751e-08, 1.85971860134e-08, 2.29694059328e-08, 2.56184904401e-08, 3.03180236472e-08, 2.30955468083e-08, 5.71894442913e-09, 3.50290685347e-09, 7.61019414153e-10, 2.22219742607e-10, 3.93264518173e-11, 7.82905684726e-12, 2.42196314951e-14], [9.48241268492e-13, 1.64624580634e-09, 1.60811719496e-08, 2.83294863124e-08, 1.73476607301e-07, 2.94942708479e-07, 8.47839416451e-08, 3.98001667179e-08, 6.58750707316e-08, 7.700335658e-08, 5.25089340897e-08, 1.8967076798e-08, 7.8866184694e-09, 7.12065606479e-09, 1.61447175628e-08, 2.0574074e-08, 2.35432295881e-08, 2.14492992257e-08, 1.79359620489e-08, 2.11731734368e-08, 2.00478833534e-09, 2.64812305417e-09, 4.38065417274e-10, -1.61731142367e-10, -7.64134380771e-11, -7.00029487502e-12, 1.28063411045e-14], [4.13702031616e-13, 6.63672616863e-10, 6.24000318084e-09, 1.09158850847e-08, 6.613067427e-08, 8.47839416451e-08, 6.21484659291e-08, 1.86227477883e-08, 2.98896409845e-08, 3.67228949472e-08, 2.50297027549e-08, 1.25079377966e-08, 1.29702515395e-08, 9.72715064051e-09, 8.7048546149e-09, 1.21288223909e-08, 1.38404914196e-08, 1.93608027388e-08, 2.88582970853e-08, 1.77649610578e-08, 7.47378781085e-09, 3.74604480768e-09, 5.46942768853e-10, 2.73409850315e-10, 1.30285102151e-10, 5.2015913278e-12, 1.67346063222e-14], [3.07094220929e-13, 3.87038540106e-10, 3.26494808967e-09, 6.41714636984e-09, 3.61155798601e-08, 3.98001667179e-08, 1.86227477883e-08, 1.70723915005e-08, 1.6970155059e-08, 2.39760424847e-08, 1.54861368173e-08, 8.00550559177e-09, 5.93180971009e-09, 4.41802461282e-09, 5.28147081624e-09, 7.18976078673e-09, 9.67531921248e-09, 1.30608004412e-08, 1.80768964242e-08, 1.34116691086e-08, 6.34462793414e-09, 2.97941271654e-09, 5.08385000764e-10, 2.31746025148e-10, 8.94565879705e-11, 4.21565169925e-12, 1.34914560806e-14], [4.09783941805e-13, 5.61461044324e-10, 5.13256592782e-09, 1.02605968166e-08, 5.79492720476e-08, 6.58750707316e-08, 2.98896409845e-08, 1.6970155059e-08, 3.96821597803e-08, 3.48522135596e-08, 2.72207874019e-08, 1.60266200311e-08, 1.52062487047e-08, 1.13284146508e-08, 9.6784624759e-09, 1.31397630554e-08, 1.53893058297e-08, 2.54483900619e-08, 3.91243091258e-08, 2.24400498183e-08, 1.19774554719e-08, 5.61390223197e-09, 9.39434086078e-10, 5.86170056938e-10, 2.04614353239e-10, 1.04290950875e-11, 2.56793437019e-14], [5.80011136776e-13, 6.0570126692e-10, 5.7151634536e-09, 1.11865929853e-08, 6.26630978218e-08, 7.700335658e-08, 3.67228949472e-08, 2.39760424847e-08, 3.48522135596e-08, 1.41817196209e-07, 5.48608269924e-08, 2.3262552773e-08, 3.91594170424e-08, 2.58508503492e-08, 1.73592784591e-08, 2.65080650763e-08, 4.93115770439e-08, 6.63526833478e-08, 9.15168243409e-08, 8.22733525752e-08, 3.59569440889e-08, 1.70050906689e-08, 2.26978036366e-09, 1.27993915466e-09, 6.07214889481e-10, 1.93330455811e-11, 6.01533322393e-14], [4.08497563033e-13, 4.12401113259e-10, 3.25806537305e-09, 8.36997671172e-09, 4.74241375059e-08, 5.25089340897e-08, 2.50297027549e-08, 1.54861368173e-08, 2.72207874019e-08, 5.48608269924e-08, 8.49861407914e-08, 3.92133294724e-08, 1.04782955646e-07, 6.3859822319e-08, 2.37572024275e-08, 2.70599951335e-08, 3.5524418962e-08, 8.48560119948e-08, 1.45210734104e-07, 7.07534866251e-08, 4.53018209612e-08, 1.63445346146e-08, 2.88505108692e-09, 2.50305953742e-09, 1.42155898164e-09, 5.12318867885e-11, 8.29822186443e-14], [9.51764383451e-13, 1.98230293291e-10, 1.55718926642e-09, 4.05904510004e-09, 2.0329453676e-08, 1.8967076798e-08, 1.25079377966e-08, 8.00550559177e-09, 1.60266200311e-08, 2.3262552773e-08, 3.92133294724e-08, 4.39810072805e-08, 7.61882077427e-08, 4.71910013289e-08, 2.31151968677e-08, 3.07839549407e-08, 3.46163027132e-08, 1.25016470065e-07, 1.61322162739e-07, 6.95792223837e-08, 7.5277384326e-08, 2.26534773162e-08, 4.90849805246e-09, 3.41299033479e-09, 1.36167788156e-09, 7.48617626223e-11, 1.39177880917e-13], [1.29745172939e-12, 2.29224660087e-11, 5.06112429743e-10, 1.3440732971e-09, 6.61172894212e-09, 7.8866184694e-09, 1.29702515395e-08, 5.93180971009e-09, 1.52062487047e-08, 3.91594170424e-08, 1.04782955646e-07, 7.61882077427e-08, 2.31663989325e-07, 1.28436596469e-07, 4.66758649509e-08, 5.95519011881e-08, 5.18245677483e-08, 2.48480859e-07, 3.23229187416e-07, 1.3209158567e-07, 1.36876153078e-07, 4.09667855195e-08, 8.24260304455e-09, 6.03404570754e-09, 3.30872418353e-09, 1.11615279519e-10, 2.39430247547e-13], [4.41677564748e-13, 5.07333758337e-11, 4.78939221615e-10, 1.4351393407e-09, 8.6339539962e-09, 7.12065606479e-09, 9.72715064051e-09, 4.41802461282e-09, 1.13284146508e-08, 2.58508503492e-08, 6.3859822319e-08, 4.71910013289e-08, 1.28436596469e-07, 8.48029841904e-08, 2.70430859928e-08, 3.36679484292e-08, 3.44849944156e-08, 1.20985205854e-07, 2.15100840251e-07, 8.33506845765e-08, 6.48705196227e-08, 2.41226238984e-08, 4.01263511307e-09, 4.22456913896e-09, 1.87857907008e-09, 7.66686505949e-11, 1.27747828592e-13], [9.68958203604e-13, 1.44463704888e-10, 1.40406475335e-09, 3.1255276145e-09, 1.54477550751e-08, 1.61447175628e-08, 8.7048546149e-09, 5.28147081624e-09, 9.6784624759e-09, 1.73592784591e-08, 2.37572024275e-08, 2.31151968677e-08, 4.66758649509e-08, 2.70430859928e-08, 1.71826357587e-08, 1.91250233428e-08, 2.24232135082e-08, 9.75027916184e-08, 8.67432277118e-08, 4.44698997626e-08, 5.40885345401e-08, 1.27445316522e-08, 3.94671673121e-09, 2.19259876921e-09, 9.91440152198e-10, 4.62977330085e-11, 9.32284848279e-14], [8.45686964467e-13, 1.50061241211e-10, 1.5116272678e-09, 3.17472914624e-09, 1.85971860134e-08, 2.0574074e-08, 1.21288223909e-08, 7.18976078673e-09, 1.31397630554e-08, 2.65080650763e-08, 2.70599951335e-08, 3.07839549407e-08, 5.95519011881e-08, 3.36679484292e-08, 1.91250233428e-08, 3.56410048141e-08, 3.11861256819e-08, 1.14220895853e-07, 1.4272617932e-07, 5.98194276336e-08, 6.49873683756e-08, 2.02427390406e-08, 4.12094935953e-09, 2.77459943909e-09, 1.12346065784e-09, 5.20985893315e-11, 1.17779782238e-13], [1.34418951664e-12, 2.2731710958e-10, 1.79950954138e-09, 4.74343941903e-09, 2.29694059328e-08, 2.35432295881e-08, 1.38404914196e-08, 9.67531921248e-09, 1.53893058297e-08, 4.93115770439e-08, 3.5524418962e-08, 3.46163027132e-08, 5.18245677483e-08, 3.44849944156e-08, 2.24232135082e-08, 3.11861256819e-08, 5.38938138561e-08, 1.34024816134e-07, 1.54279348408e-07, 8.64247056143e-08, 8.52967900755e-08, 2.19248423861e-08, 5.96508309414e-09, 3.73463748815e-09, 1.50293666401e-09, 9.89455462008e-11, 1.51030839853e-13], [7.73099119444e-12, 1.85023413257e-10, 2.55704546426e-09, 6.34595442861e-09, 2.56184904401e-08, 2.14492992257e-08, 1.93608027388e-08, 1.30608004412e-08, 2.54483900619e-08, 6.63526833478e-08, 8.48560119948e-08, 1.25016470065e-07, 2.48480859e-07, 1.20985205854e-07, 9.75027916184e-08, 1.14220895853e-07, 1.34024816134e-07, 7.36001709356e-07, 5.1602592066e-07, 2.72190277428e-07, 4.16141318738e-07, 8.31647781752e-08, 2.95957089946e-08, 1.42341427534e-08, 6.80456491153e-09, 3.38579581038e-10, 7.011103937e-13], [3.7020343388e-12, 2.31608510148e-10, 1.61889179839e-09, 6.10234529574e-09, 3.03180236472e-08, 1.79359620489e-08, 2.88582970853e-08, 1.80768964242e-08, 3.91243091258e-08, 9.15168243409e-08, 1.45210734104e-07, 1.61322162739e-07, 3.23229187416e-07, 2.15100840251e-07, 8.67432277118e-08, 1.4272617932e-07, 1.54279348408e-07, 5.1602592066e-07, 9.12484892979e-07, 3.3478912087e-07, 3.01681239989e-07, 1.07991610321e-07, 1.92345890326e-08, 1.78142585128e-08, 6.48520837032e-09, 3.71192077075e-10, 6.26566344381e-13], [2.43310905278e-12, 1.86250223577e-10, 1.4972297846e-09, 4.82760542653e-09, 2.30955468083e-08, 2.11731734368e-08, 1.77649610578e-08, 1.34116691086e-08, 2.24400498183e-08, 8.22733525752e-08, 7.07534866251e-08, 6.95792223837e-08, 1.3209158567e-07, 8.33506845765e-08, 4.44698997626e-08, 5.98194276336e-08, 8.64247056143e-08, 2.72190277428e-07, 3.3478912087e-07, 1.67891386127e-07, 1.62757260114e-07, 4.63174600895e-08, 1.12103641925e-08, 7.48977768694e-09, 3.06201419775e-09, 1.71208394684e-10, 2.96715533003e-13], [4.21921482127e-12, 6.97969460006e-11, 7.17814974127e-10, 2.88823120975e-09, 5.71894442913e-09, 2.00478833534e-09, 7.47378781085e-09, 6.34462793414e-09, 1.19774554719e-08, 3.59569440889e-08, 4.53018209612e-08, 7.5277384326e-08, 1.36876153078e-07, 6.48705196227e-08, 5.40885345401e-08, 6.49873683756e-08, 8.52967900755e-08, 4.16141318738e-07, 3.01681239989e-07, 1.62757260114e-07, 2.53234617276e-07, 5.06347319629e-08, 1.74458349989e-08, 8.34479685352e-09, 3.98691168968e-09, 2.18640411331e-10, 4.21600444443e-13], [7.41542732167e-13, 2.58222956906e-11, 2.5056540176e-10, 8.15562284373e-10, 3.50290685347e-09, 2.64812305417e-09, 3.74604480768e-09, 2.97941271654e-09, 5.61390223197e-09, 1.70050906689e-08, 1.63445346146e-08, 2.26534773162e-08, 4.09667855195e-08, 2.41226238984e-08, 1.27445316522e-08, 2.02427390406e-08, 2.19248423861e-08, 8.31647781752e-08, 1.07991610321e-07, 4.63174600895e-08, 5.06347319629e-08, 1.57210884311e-08, 3.21851190144e-09, 2.20590123945e-09, 8.5658247162e-10, 4.6359045075e-11, 9.45678607579e-14], [3.45576648894e-13, 9.16716789284e-12, 8.68783378571e-11, 2.89253287988e-10, 7.61019414153e-10, 4.38065417274e-10, 5.46942768853e-10, 5.08385000764e-10, 9.39434086078e-10, 2.26978036366e-09, 2.88505108692e-09, 4.90849805246e-09, 8.24260304455e-09, 4.01263511307e-09, 3.94671673121e-09, 4.12094935953e-09, 5.96508309414e-09, 2.95957089946e-08, 1.92345890326e-08, 1.12103641925e-08, 1.74458349989e-08, 3.21851190144e-09, 1.30315080948e-09, 6.00298144526e-10, 2.76205308625e-10, 1.53394866254e-11, 2.9122107422e-14], [1.22488268985e-13, 2.074756816e-12, -7.58958217453e-13, 9.59795160016e-11, 2.22219742607e-10, -1.61731142367e-10, 2.73409850315e-10, 2.31746025148e-10, 5.86170056938e-10, 1.27993915466e-09, 2.50305953742e-09, 3.41299033479e-09, 6.03404570754e-09, 4.22456913896e-09, 2.19259876921e-09, 2.77459943909e-09, 3.73463748815e-09, 1.42341427534e-08, 1.78142585128e-08, 7.48977768694e-09, 8.34479685352e-09, 2.20590123945e-09, 6.00298144526e-10, 4.44857428672e-10, 1.64826471916e-10, 1.00174564824e-11, 1.59889293374e-14], [7.25516109863e-14, 5.603551477e-13, 6.93630699752e-12, 4.06114829266e-11, 3.93264518173e-11, -7.64134380771e-11, 1.30285102151e-10, 8.94565879705e-11, 2.04614353239e-10, 6.07214889481e-10, 1.42155898164e-09, 1.36167788156e-09, 3.30872418353e-09, 1.87857907008e-09, 9.91440152198e-10, 1.12346065784e-09, 1.50293666401e-09, 6.80456491153e-09, 6.48520837032e-09, 3.06201419775e-09, 3.98691168968e-09, 8.5658247162e-10, 2.76205308625e-10, 1.64826471916e-10, 8.17386366925e-11, 4.06157659588e-12, 6.96740926808e-15], [3.02683772042e-15, 1.1623253087e-13, -4.05104586215e-14, 3.61664821355e-12, 7.82905684726e-12, -7.00029487502e-12, 5.2015913278e-12, 4.21565169925e-12, 1.04290950875e-11, 1.93330455811e-11, 5.12318867885e-11, 7.48617626223e-11, 1.11615279519e-10, 7.66686505949e-11, 4.62977330085e-11, 5.20985893315e-11, 9.89455462008e-11, 3.38579581038e-10, 3.71192077075e-10, 1.71208394684e-10, 2.18640411331e-10, 4.6359045075e-11, 1.53394866254e-11, 1.00174564824e-11, 4.06157659588e-12, 2.92682870127e-13, 3.97488659935e-16], [9.28010785937e-18, 2.29897156211e-16, 2.87058639967e-15, 7.44109465614e-15, 2.42196314951e-14, 1.28063411045e-14, 1.67346063222e-14, 1.34914560806e-14, 2.56793437019e-14, 6.01533322393e-14, 8.29822186443e-14, 1.39177880917e-13, 2.39430247547e-13, 1.27747828592e-13, 9.32284848279e-14, 1.17779782238e-13, 1.51030839853e-13, 7.011103937e-13, 6.26566344381e-13, 2.96715533003e-13, 4.21600444443e-13, 9.45678607579e-14, 2.9122107422e-14, 1.59889293374e-14, 6.96740926808e-15, 3.97488659935e-16, 9.03571569303e-19]]
    },
    "mfcc": {
        "kurt": [-1.25616300106, 5.51477909088, -0.157738447189, -0.879840373993, -0.287792682648, -0.0779631137848, 1.33954381943, 0.227420091629, 0.76828455925, 0.654259681702, 1.46854686737, 0.844204902649, 0.263767242432],
        "max": [-549.290161133, 165.278686523, 52.8095436096, 50.5140151978, 8.96820068359, 8.52897644043, 16.7621040344, 9.97761726379, 3.96197891235, 12.9591388702, 13.5051994324, 9.23287963867, 12.4409179688],
        "mean": [-839.584716797, 128.226501465, -25.0581092834, 18.4144611359, -21.3624248505, -19.5854759216, -10.8165845871, -8.27804660797, -13.1427631378, -13.3597078323, -15.9276065826, -12.9254074097, -5.90588855743],
        "median": [-810.591125488, 136.241851807, -39.466381073, 21.9803962708, -21.420501709, -18.9045028687, -11.3001403809, -8.29770278931, -12.8992919922, -13.3641281128, -16.2870006561, -13.3017539978, -6.09056663513],
        "min": [-1138.42004395, -11.9241943359, -106.203338623, -34.497882843, -62.2171897888, -44.6749839783, -27.7429771423, -32.7937393188, -35.2835083008, -30.314704895, -34.2425308228, -30.0186576843, -24.999294281],
        "skew": [-0.136540696025, -2.03481411934, 0.853932321072, -0.30562800169, -0.131792888045, -0.163527861238, 0.741926074028, -0.0989831238985, -0.253202438354, 0.259412825108, 0.569808065891, 0.374792546034, 0.076734803617],
        "var": [17514.9609375, 659.908630371, 1072.54870605, 238.488510132, 127.920211792, 69.9416427612, 45.4748001099, 37.7484474182, 31.2742500305, 28.8343696594, 37.3975563049, 32.159538269, 27.2953624725],
        "cov": [[17535.46875, 559.400024414, -3826.93066406, 1544.97741699, -1090.5390625, 454.518615723, -81.9960784912, 183.6771698, -113.063446045, 64.1801300049, 81.4481124878, -59.9061965942, -69.6644897461], [559.400024414, 660.681335449, -169.52230835, 72.2853546143, 13.8127832413, -48.7857513428, -30.5344753265, -6.0500998497, 5.99538755417, 7.17168331146, -24.6824131012, -6.85537052155, 15.735906601], [-3826.93066406, -169.52230835, 1073.8046875, -308.537322998, 231.488891602, -92.6943511963, -14.7723693848, -21.3690910339, 26.0643234253, -30.6033477783, -45.4971046448, -13.6821804047, -1.63610112667], [1544.97741699, 72.2853546143, -308.537322998, 238.76776123, -87.3179855347, 67.473236084, -17.3642559052, 26.032245636, 4.19309425354, 7.69305372238, 4.3796749115, -9.74652957916, -6.48339796066], [-1090.5390625, 13.8127832413, 231.488891602, -87.3179855347, 128.070007324, -26.1073207855, 15.0511770248, -15.0587558746, 9.70769023895, 1.61544454098, -1.52533173561, 11.518740654, 7.65125417709], [454.518615723, -48.7857513428, -92.6943511963, 67.473236084, -26.1073207855, 70.0235443115, 14.3267498016, 14.1462583542, 4.3430685997, 4.19418478012, 9.70087432861, -1.31399333477, -4.73321151733], [-81.9960784912, -30.5344753265, -14.7723693848, -17.3642559052, 15.0511770248, 14.3267498016, 45.528049469, 8.7857170105, 2.57402634621, 6.8904466629, 12.9773721695, 9.34694480896, 1.20061254501], [183.6771698, -6.0500998497, -21.3690910339, 26.032245636, -15.0587558746, 14.1462583542, 8.7857170105, 37.7926483154, 12.8921251297, 4.70492982864, 0.290583521128, -2.01461744308, 2.94139957428], [-113.063446045, 5.99538755417, 26.0643234253, 4.19309425354, 9.70769023895, 4.3430685997, 2.57402634621, 12.8921251297, 31.3108711243, 11.8470125198, 0.602870464325, 1.89440226555, 2.66170167923], [64.1801300049, 7.17168331146, -30.6033477783, 7.69305372238, 1.61544454098, 4.19418478012, 6.8904466629, 4.70492982864, 11.8470125198, 28.8681335449, 16.5119400024, 5.62852096558, 5.66825056076], [81.4481124878, -24.6824131012, -45.4971046448, 4.3796749115, -1.52533173561, 9.70087432861, 12.9773721695, 0.290583521128, 0.602870464325, 16.5119400024, 37.4413490295, 18.737203598, 5.26592445374], [-59.9061965942, -6.85537052155, -13.6821804047, -9.74652957916, 11.518740654, -1.31399333477, 9.34694480896, -2.01461744308, 1.89440226555, 5.62852096558, 18.737203598, 32.1971969604, 14.4473609924], [-69.6644897461, 15.735906601, -1.63610112667, -6.48339796066, 7.65125417709, -4.73321151733, 1.20061254501, 2.94139957428, 2.66170167923, 5.66825056076, 5.26592445374, 14.4473609924, 27.3273239136]]
    },
    "sccoeffs": {
        "kurt": [0.197409152985, 0.241194725037, 0.751033067703, 1.54071521759, 0.030392408371, -0.472810506821],
        "max": [-0.388796240091, -0.578160762787, -0.6683588624, -0.688728392124, -0.725057542324, -0.691529095173],
        "mean": [-0.630380809307, -0.786734223366, -0.827518165112, -0.852112829685, -0.844567000866, -0.806034505367],
        "median": [-0.635359704494, -0.791686534882, -0.829838216305, -0.853925228119, -0.843691766262, -0.798229634762],
        "min": [-0.998182237148, -0.99228656292, -0.977347671986, -0.936423540115, -0.923519015312, -0.958370566368],
        "skew": [-0.0102376509458, 0.316906094551, 0.360633164644, 0.672384619713, 0.162001311779, -0.464897751808],
        "var": [0.00625072047114, 0.00272586406209, 0.00154857779853, 0.000949157518335, 0.000934355368372, 0.00147902942263],
        "cov": [[0.00625803973526, 0.0014788408298, 0.00132178887725, 0.00103910861071, 0.00137014093343, 0.00187110970728], [0.0014788408298, 0.00272905593738, 0.000568563642446, 0.000460529437987, 0.000539205153473, 0.000744110671803], [0.00132178887725, 0.000568563642446, 0.00155039108358, 0.000472194253234, 0.000540240958799, 0.000690808461513], [0.00103910861071, 0.000460529437987, 0.000472194253234, 0.00095026899362, 0.000585601956118, 0.000721636111848], [0.00137014093343, 0.000539205153473, 0.000540240958799, 0.000585601956118, 0.000935449439567, 0.000965924467891], [0.00187110970728, 0.000744110671803, 0.000690808461513, 0.000721636111848, 0.000965924467891, 0.00148076121695]]
    },
    "scvalleys": {
        "kurt": [-0.451666355133, 0.539351224899, -0.242886543274, 0.0981318950653, -0.425659179688, -0.780694007874],
        "max": [-6.53734254837, -4.89886903763, -4.92503499985, -4.97575616837, -4.82881832123, -6.71568346024],
        "mean": [-8.51277160645, -6.89545249939, -7.37598848343, -8.24681091309, -8.65007686615, -11.1962661743],
        "median": [-8.48408699036, -6.83622694016, -7.12745523453, -7.84469842911, -8.3038110733, -10.9403762817],
        "min": [-13.7503080368, -13.8902521133, -14.3316907883, -16.6590843201, -16.9541187286, -17.1384658813],
        "skew": [-0.35365241766, -0.676931500435, -0.584208250046, -0.606445908546, -0.298054158688, 0.150994747877],
        "var": [1.18707191944, 1.45748567581, 1.91639006138, 2.26281070709, 2.490254879, 2.00697159767],
        "cov": [[1.18846201897, 1.13999581337, 1.30983889103, 1.41875648499, 1.47582530975, 1.2533993721], [1.13999581337, 1.45919239521, 1.57447195053, 1.6876270771, 1.73749554157, 1.46946358681], [1.30983889103, 1.57447195053, 1.91863417625, 2.02487826347, 2.09778904915, 1.80128800869], [1.41875648499, 1.6876270771, 2.02487826347, 2.26546025276, 2.3249707222, 2.00150585175], [1.47582530975, 1.73749554157, 2.09778904915, 2.3249707222, 2.49317097664, 2.18846082687], [1.2533993721, 1.46946358681, 1.80128800869, 2.00150585175, 2.18846082687, 2.00932168961]]
    }
},
"rhythm": {
    "beats_loudness": {
        "kurt": 0.281184673309,
        "max": 0.00879405159503,
        "mean": 0.00213861837983,
        "median": 0.00102551653981,
        "min": 7.66262110119e-06,
        "skew": 1.00852286816,
        "var": 5.2328637139e-06
    },
    "bpm": 80.3847198486,
    "confidence": 1.96951889992,
    "first_peak_bpm": {
        "kurt": 0,
        "max": 80,
        "mean": 80,
        "median": 80,
        "min": 80,
        "skew": 0,
        "var": 0
    },
    "first_peak_spread": {
        "kurt": 0,
        "max": 0.200000047684,
        "mean": 0.200000047684,
        "median": 0.200000047684,
        "min": 0.200000047684,
        "skew": 0,
        "var": 0
    },
    "first_peak_weight": {
        "kurt": 0,
        "max": 0.296296298504,
        "mean": 0.296296298504,
        "median": 0.296296298504,
        "min": 0.296296298504,
        "skew": 0,
        "var": 0
    },
    "onset_rate": 0.959247708321,
    "second_peak_bpm": {
        "kurt": 0,
        "max": 98,
        "mean": 98,
        "median": 98,
        "min": 98,
        "skew": 0,
        "var": 0
    },
    "second_peak_spread": {
        "kurt": 0,
        "max": 0.384615361691,
        "mean": 0.384615361691,
        "median": 0.384615361691,
        "min": 0.384615361691,
        "skew": 0,
        "var": 0
    },
    "second_peak_weight": {
        "kurt": 0,
        "max": 0.296296298504,
        "mean": 0.296296298504,
        "median": 0.296296298504,
        "min": 0.296296298504,
        "skew": 0,
        "var": 0
    },
    "beats_loudness_band_ratio": {
        "kurt": [5.68708515167, -0.19692158699, -0.118706703186, 0.623922348022, 0.448279619217, 3.19145536423],
        "max": [0.411085575819, 0.724763810635, 0.483232706785, 0.368302971125, 0.277509540319, 0.268718808889],
        "mean": [0.0980465486646, 0.413258045912, 0.247579008341, 0.1662504673, 0.106756985188, 0.0639673992991],
        "median": [0.0914757400751, 0.4201567173, 0.209803193808, 0.158470511436, 0.104019314051, 0.0542530119419],
        "min": [0.00266227591783, 0.105430535972, 0.0879458710551, 0.0216784868389, 0.0109276510775, 0.00656614592299],
        "skew": [2.04448223114, -0.112430438399, 0.902555704117, 0.571123480797, 0.820386648178, 1.71126520634],
        "var": [0.0064752958715, 0.0256404299289, 0.0113891130313, 0.00595939811319, 0.00418030796573, 0.00343885342591],
        "cov": [[0.00671512167901, 0.00630136625841, -0.0021359117236, -0.00440260441974, -0.00240048859268, -0.00212841085158], [0.00630136625841, 0.0265900753438, -0.00510240485892, -0.00888402573764, -0.00827934872359, -0.00705249002203], [-0.0021359117236, -0.00510240485892, 0.0118109323084, -0.000242699112277, -0.00149575260002, -0.00171966687776], [-0.00440260441974, -0.00888402573764, -0.000242699112277, 0.0061801164411, 0.00293826777488, 0.0026459346991], [-0.00240048859268, -0.00827934872359, -0.00149575260002, 0.00293826777488, 0.00433513429016, 0.00342793879099], [-0.00212841085158, -0.00705249002203, -0.00171966687776, 0.0026459346991, 0.00342793879099, 0.00356621854007]]
    },
    "beats_position": [0.603718817234, 1.20743763447, 1.8111563921, 2.40326523781, 3.00698399544, 3.62231278419, 4.23764181137, 4.85297060013, 5.46829938889, 6.21133756638, 6.9543762207, 7.6858048439, 8.4172334671, 9.04417228699, 9.65950107574, 10.2864398956, 10.9249887466, 11.5635375977, 12.3181858063, 13.0728340149, 13.8158731461, 14.5705213547, 15.3251695633, 16.0798187256, 16.9157371521, 17.7400455475, 18.5643539429, 19.3886623383],
    "bpm_estimates": [80.7495498657, 80.74949646, 82.0312423706, 82.0312423706, 79.5072479248, 79.5072479248, 80.7494506836, 79.5072479248, 79.5072479248, 79.5071411133],
    "bpm_intervals": [0.603718817234, 0.603718757629, 0.592108845711, 0.603718757629, 0.615328788757, 0.615329027176, 0.615328788757, 0.615328788757, 0.74303817749, 0.743038654327, 0.731428623199, 0.731428623199, 0.626938819885, 0.615328788757, 0.626938819885, 0.638548851013, 0.638548851013, 0.754648208618, 0.754648208618, 0.743039131165, 0.754648208618, 0.754648208618, 0.754649162292, 0.835918426514, 0.824308395386, 0.824308395386, 0.824308395386],
    "onset_times": [0.0928798168898, 0.371519267559, 0.615328788757, 0.801088452339, 0.917188227177, 0.975238084793, 1.10294783115, 5.44507932663, 6.04879808426, 6.86149644852, 9.02095222473, 9.13705253601, 9.22993183136, 10.2632198334, 10.9249887466, 11.3661680222, 13.7926530838, 16.0565986633, 19.3770523071],
    "histogram": [[0, 0, 0, 0, 0, 0, 0, 0, 0, 0, 0, 0, 0, 0, 0, 0, 0, 0, 0, 0, 0, 0, 0, 0, 0, 0, 0, 0, 0, 0, 0, 0, 0, 0, 0, 0, 0, 0, 0, 0, 0, 0, 0, 0, 0, 0, 0, 0, 0, 0, 0, 0, 0, 0, 0, 0, 0, 0, 0, 0, 0, 0, 0, 0, 0, 0, 0, 0, 0, 0, 0, 0, 0.037037037313, 0.111111111939, 0, 0, 0, 0, 0, 0, 0.185185179114, 0.111111111939, 0.074074074626, 0, 0, 0, 0, 0, 0, 0, 0, 0, 0, 0, 0.074074074626, 0, 0.074074074626, 0, 0.185185179114, 0.111111111939, 0, 0.037037037313, 0, 0, 0, 0, 0, 0, 0, 0, 0, 0, 0, 0, 0, 0, 0, 0, 0, 0, 0, 0, 0, 0, 0, 0, 0, 0, 0, 0, 0, 0, 0, 0, 0, 0, 0, 0, 0, 0, 0, 0, 0, 0, 0, 0, 0, 0, 0, 0, 0, 0, 0, 0, 0, 0, 0, 0, 0, 0, 0, 0, 0, 0, 0, 0, 0, 0, 0, 0, 0, 0, 0, 0, 0, 0, 0, 0, 0, 0, 0, 0, 0, 0, 0, 0, 0, 0, 0, 0, 0, 0, 0, 0, 0, 0, 0, 0, 0, 0, 0, 0, 0, 0, 0, 0, 0, 0, 0, 0, 0, 0, 0, 0, 0, 0, 0, 0, 0, 0, 0, 0, 0, 0, 0, 0, 0, 0, 0, 0, 0, 0, 0, 0, 0, 0, 0, 0, 0, 0, 0, 0, 0, 0, 0, 0, 0, 0, 0, 0]]
},
"sfx": {
    "inharmonicity": {
        "kurt": 0.616672754288,
        "max": 0.444382488728,
        "mean": 0.0986052155495,
        "median": 0.0778940245509,
        "min": 0,
        "skew": 1.05908036232,
        "var": 0.0066518750973
    },
    "oddtoevenharmonicenergyratio": {
        "kurt": 0,
        "max": 3.40282346639e+38,
        "mean": 3.97991067465e+35,
        "median": 0.441466003656,
        "min": 0,
        "skew": 0,
        "var": 0
    },
    "pitch_after_max_to_before_max_energy_ratio": 3.3550555706,
    "pitch_centroid": 358.301696777,
    "pitch_max_to_total": 0.0116959065199,
    "pitch_min_to_total": 0.452631592751,
    "tristimulus": {
        "kurt": [1.749314785, 1.1300110817, 0.361239671707],
        "max": [1, 0.77425724268, 1],
        "mean": [0.283584266901, 0.345825731754, 0.370590120554],
        "median": [0.270811498165, 0.335427939892, 0.366367012262],
        "min": [0, 0, 0],
        "skew": [0.875191688538, 0.275758713484, 0.14925429225],
        "var": [0.0375888086855, 0.0149022210389, 0.0245738849044],
        "cov": [[0.0376328229904, -0.0139749096707, -0.0236579403281], [-0.0139749096707, 0.0149196702987, -0.000944749102928], [-0.0236579403281, -0.000944749102928, 0.0246026590466]]
    }
},
"tonal": {
    "chords_changes_rate": 0.130841121078,
    "chords_number_rate": 0.0327102802694,
    "chords_strength": {
        "kurt": -0.656525850296,
        "max": 0.644892692566,
        "mean": 0.452081918716,
        "median": 0.455419182777,
        "min": 0.265696763992,
        "skew": -0.0314511172473,
        "var": 0.00747028039768
    },
    "key_strength": 0.429420351982,
    "tuning_diatonic_strength": 0.410087794065,
    "tuning_equal_tempered_deviation": 0.214816272259,
    "tuning_frequency": 438.477722168,
    "tuning_nontempered_energy_ratio": 0.881795883179,
    "hpcp": {
        "kurt": [0.633818149567, 1.31643438339, 2.49783468246, 2.10407352448, 2.30463981628, 2.26597595215, 2.17175579071, 2.0342502594, 2.45296192169, 2.69245290756, 2.32211971283, 2.22472858429, 2.4372215271, 2.76315927505, 2.58885955811, 2.6844162941, 1.82098865509, 0.445157527924, -0.634292125702, -0.357854127884, 2.02218818665, 1.8375005722, 1.84832239151, 1.71431016922, 1.68686771393, 1.82770442963, 1.23394012451, 1.28864812851, 0.368694782257, -0.830284357071, -1.14237272739, -0.651283979416, 0.264143705368, 0.809019088745, 0.74670624733, 0.412519931793],
        "max": [1, 1, 1, 1, 1, 1, 1, 1, 1, 1, 1, 1, 1, 1, 1, 1, 1, 1, 1, 1, 1, 1, 1, 1, 1, 1, 1, 1, 1, 1, 1, 1, 1, 1, 1, 1],
