{
"metadata": {
    "version": {
        "essentia": "2.1-beta3"
    }
},
"lowLevel": {
    "average_loudness": 0.30878970027,
    "barkbands_kurtosis": {
        "kurt": 34.9249343872,
        "max": 157.172409058,
        "mean": 2.99209880829,
        "median": -0.591786384583,
        "min": -1.90088319778,
        "skew": 4.99100160599,
        "var": 121.249916077
    },
    "barkbands_skewness": {
        "kurt": 2.31398153305,
        "max": 4.6999168396,
        "mean": -0.318439632654,
        "median": 0.196274936199,
        "min": -12.0667924881,
        "skew": -1.36793267727,
        "var": 3.72092151642
    },
    "barkbands_spread": {
        "kurt": -0.648699045181,
        "max": 80.8965530396,
        "mean": 39.0883026123,
        "median": 43.5321578979,
        "min": 1.32539391518,
        "skew": -0.613956212997,
        "var": 288.742248535
    },
    "dissonance": {
        "kurt": 8.40741348267,
        "max": 0.500000059605,
        "mean": 0.486850768328,
        "median": 0.489939063787,
        "min": 0.372216790915,
        "skew": -2.10991072655,
        "var": 0.00013906917593
    },
    "hfc": {
        "kurt": 45.8470115662,
        "max": 106.331069946,
        "mean": 2.82865357399,
        "median": 0.360176384449,
        "min": 1.36605351031e-07,
        "skew": 6.02812623978,
        "var": 68.8126754761
    },
    "pitch": {
        "kurt": 0.218367576599,
        "max": 5964.45068359,
        "mean": 2615.81030273,
        "median": 2991.10595703,
        "min": 71.9058685303,
        "skew": -0.978407919407,
        "var": 1387234.125
    },
    "pitch_instantaneous_confidence": {
        "kurt": -0.756805181503,
        "max": 0.985340416431,
        "mean": 0.486023843288,
        "median": 0.465367466211,
        "min": 0.114463269711,
        "skew": 0.354439109564,
        "var": 0.0381022952497
    },
    "pitch_salience": {
        "kurt": 0.122719526291,
        "max": 0.925876915455,
        "mean": 0.636994719505,
        "median": 0.649994730949,
        "min": 0.183043494821,
        "skew": -0.529410362244,
        "var": 0.0125732561573
    },
    "silence_rate_20dB": {
        "kurt": 0,
        "max": 1,
        "mean": 1,
        "median": 1,
        "min": 1,
        "skew": 0,
        "var": 0
    },
    "silence_rate_30dB": {
        "kurt": 0,
        "max": 1,
        "mean": 1,
        "median": 1,
        "min": 1,
        "skew": 0,
        "var": 0
    },
    "silence_rate_60dB": {
        "kurt": 7.95391654968,
        "max": 1,
        "mean": 0.922303497791,
        "median": 1,
        "min": 0,
        "skew": -3.15502500534,
        "var": 0.0716619193554
    },
    "spectral_centroid": {
        "kurt": 0.00277996063232,
        "max": 5738.9296875,
        "mean": 1767.578125,
        "median": 1669.28637695,
        "min": 277.049591064,
        "skew": 0.516820669174,
        "var": 605997
    },
    "spectral_complexity": {
        "kurt": 9.93593978882,
        "max": 38,
        "mean": 2.58820843697,
        "median": 1,
        "min": 0,
        "skew": 2.90660595894,
        "var": 22.3983955383
    },
    "spectral_crest": {
        "kurt": 1.2325668335,
        "max": 26.1635780334,
        "mean": 9.22099018097,
        "median": 8.48376464844,
        "min": 2.77578759193,
        "skew": 1.1012750864,
        "var": 14.2446327209
    },
    "spectral_decrease": {
        "kurt": 44.1718444824,
        "max": -6.99547438129e-17,
        "mean": -2.12429865365e-10,
        "median": -6.03836286528e-11,
        "min": -6.58124355013e-09,
        "skew": -5.86057329178,
        "var": 2.58981590243e-19
    },
    "spectral_energy": {
        "kurt": 43.9762268066,
        "max": 0.0344836562872,
        "mean": 0.00105832656845,
        "median": 0.000261586625129,
        "min": 2.7641580691e-10,
        "skew": 5.87510347366,
        "var": 7.09971891411e-06
    },
    "spectral_energyband_high": {
        "kurt": 710.793029785,
        "max": 0.0205834135413,
        "mean": 7.35070425435e-05,
        "median": 2.03108884307e-05,
        "min": 1.10850729637e-11,
        "skew": 22.9923992157,
        "var": 2.76838562741e-07
    },
    "spectral_energyband_low": {
        "kurt": 3.77513217926,
        "max": 0.000522390124388,
        "mean": 8.09010816738e-05,
        "median": 6.65414263494e-05,
        "min": 2.30498453657e-10,
        "skew": 1.60226941109,
        "var": 3.8078331599e-09
    },
    "spectral_energyband_middle_high": {
        "kurt": 49.9781455994,
        "max": 0.0341678932309,
        "mean": 0.000846857146826,
        "median": 7.23432822269e-05,
        "min": 1.32812701809e-11,
        "skew": 6.15328168869,
        "var": 6.28258976576e-06
    },
    "spectral_energyband_middle_low": {
        "kurt": 31.0739517212,
        "max": 0.00081731507089,
        "mean": 6.36791592115e-05,
        "median": 4.72388928756e-05,
        "min": 3.1723033922e-11,
        "skew": 4.52459621429,
        "var": 3.66914387762e-09
    },
    "spectral_flatness_db": {
        "kurt": 2.40955018997,
        "max": 0.400334686041,
        "mean": 0.157722070813,
        "median": 0.144306629896,
        "min": 0.0699146166444,
        "skew": 1.54856479168,
        "var": 0.00237466604449
    },
    "spectral_flux": {
        "kurt": 9.04532718658,
        "max": 0.118010014296,
        "mean": 0.0166306961328,
        "median": 0.0106241386384,
        "min": 6.97463037795e-05,
        "skew": 2.74524450302,
        "var": 0.000238266060478
    },
    "spectral_kurtosis": {
        "kurt": 9.14438533783,
        "max": 43.8835487366,
        "mean": 4.59064006805,
        "median": 3.18779039383,
        "min": -0.860676765442,
        "skew": 2.40988540649,
        "var": 15.2535505295
    },
    "spectral_rms": {
        "kurt": 11.3003997803,
        "max": 0.00580022344366,
        "mean": 0.000755501154345,
        "median": 0.000505179632455,
        "min": 5.19301408985e-07,
        "skew": 3.02463078499,
        "var": 4.61731957557e-07
    },
    "spectral_rolloff": {
        "kurt": 1.94095373154,
        "max": 7967.28515625,
        "mean": 3246.24951172,
        "median": 3273.046875,
        "min": 129.19921875,
        "skew": -0.481115460396,
        "var": 1112608
    },
    "spectral_skewness": {
        "kurt": 2.97429704666,
        "max": 3.93935251236,
        "mean": 1.33899092674,
        "median": 1.30115401745,
        "min": -0.635755360126,
        "skew": 0.715561449528,
        "var": 0.134055405855
    },
    "spectral_spread": {
        "kurt": 0.401290893555,
        "max": 19383380,
        "mean": 5082956,
        "median": 5516780,
        "min": 1158332.25,
        "skew": -0.374245584011,
        "var": 2.77730689024e+12
    },
    "spectral_strongpeak": {
        "kurt": 23.4313735962,
        "max": 12.5384101868,
        "mean": 0.474575281143,
        "median": 0.0341427400708,
        "min": 2.27062810154e-05,
        "skew": 4.09266710281,
        "var": 1.14100372791
    },
    "zerocrossingrate": {
        "kurt": 1.89264822006,
        "max": 0.3076171875,
        "mean": 0.105213113129,
        "median": 0.1044921875,
        "min": 0.03271484375,
        "skew": 0.519002914429,
        "var": 0.000688986678142
    },
    "barkbands": {
        "kurt": [6.4081363678, 5.9244146347, 5.29739284515, 10.7231483459, 37.939907074, 31.9426307678, 5.968085289, 41.2743530273, 23.8729248047, 25.9969730377, 214.724151611, 231.434555054, 366.533355713, 527.357299805, 204.063674927, 65.7009963989, 62.6184158325, 102.194877625, 80.3991394043, 249.45703125, 1996.94909668, 595.423217773, 1362.26745605, 722.230651855, 456.622009277, 300.02645874, 387.659515381],
        "max": [4.77393723486e-06, 0.000344644795405, 0.000298939005006, 8.37873958517e-05, 0.000339310674462, 0.000451060244814, 4.06618928537e-05, 6.31052171229e-05, 2.46269737545e-05, 1.5256898223e-05, 8.01882924861e-05, 0.00461306655779, 0.000866700254846, 0.00149176490959, 0.0015058076242, 0.00286109279841, 0.00362771959044, 0.0262039452791, 0.0186614561826, 0.0100359264761, 0.0190522503108, 0.00249253283255, 0.00014547831961, 1.06783863885e-05, 5.95169740336e-06, 1.50150071931e-07, 6.2327196737e-09],
        "mean": [5.04715103489e-07, 4.06731014664e-05, 3.44629406754e-05, 7.84413805377e-06, 1.91375675058e-05, 2.39572982537e-05, 6.35598735244e-06, 3.94905828216e-06, 2.06125059776e-06, 1.09127699943e-06, 1.08065978566e-06, 2.31164030993e-05, 6.94745494911e-06, 1.04979917523e-05, 2.02936062124e-05, 5.50047770957e-05, 7.68448153394e-05, 0.000367038388504, 0.00025136268232, 6.30484064459e-05, 2.55103768723e-05, 1.68748047145e-05, 4.58090511302e-07, 1.15617865504e-07, 9.1757925702e-08, 5.54881385284e-09, 1.52014484334e-10],
        "median": [3.43322881236e-07, 2.8313639632e-05, 2.4354292691e-05, 5.25201539858e-06, 1.16278206406e-05, 1.29742966237e-05, 5.28819055035e-06, 2.98325312542e-06, 1.70973532931e-06, 8.81256255525e-07, 5.56758891435e-07, 5.8877265019e-07, 7.4858314747e-07, 1.29750640099e-06, 2.55738950727e-06, 4.75649994769e-06, 6.99950123817e-06, 1.78686386789e-05, 1.51764998009e-05, 7.10461063136e-06, 3.54194139618e-06, 9.6656876849e-06, 1.53509375878e-07, 8.02477160278e-08, 6.58290417732e-08, 4.58242599422e-09, 1.20227883205e-10],
        "min": [7.17153441666e-13, 1.21205573356e-10, 9.85680842502e-11, 1.34014249351e-11, 8.68588534431e-12, 3.66314444056e-12, 3.20556298519e-12, 2.17556094667e-12, 4.04515396873e-13, 3.89664537616e-13, 1.68730752027e-13, 1.48980613545e-13, 1.52325255274e-13, 3.15910031424e-13, 1.59863360613e-13, 3.72576779541e-13, 9.72497581596e-13, 2.50545764691e-12, 5.06056958491e-12, 4.7970833035e-12, 2.60010719552e-12, 4.93735564586e-12, 3.25848343533e-13, 4.65600539894e-13, 8.14456412469e-13, 1.34438914536e-13, 1.22052551849e-14],
        "skew": [2.12522602081, 2.04130363464, 1.9447696209, 2.65879011154, 5.20700263977, 4.69906187057, 1.87192630768, 4.85322475433, 3.18882441521, 3.05725121498, 12.5893135071, 14.2265434265, 14.4220285416, 18.2345695496, 9.89676094055, 7.14039897919, 7.00336408615, 8.81094932556, 7.29294776917, 14.557305336, 42.2713317871, 23.1523971558, 31.5624275208, 22.7250614166, 18.8141651154, 14.02576828, 16.1780719757],
        "var": [2.70320360063e-13, 1.54255852536e-09, 1.11096665201e-09, 6.90529508574e-11, 7.26156745845e-10, 1.23107390948e-09, 2.0683095861e-11, 1.5318222385e-11, 2.3108420559e-12, 7.08427348901e-13, 9.78741740432e-12, 4.37307576817e-08, 6.42670916484e-10, 1.60008362116e-09, 2.76357270401e-09, 3.42275860987e-08, 6.42488444669e-08, 2.16093826566e-06, 7.99129566076e-07, 1.71442636088e-07, 1.33516707024e-07, 5.92008086997e-09, 8.83175390459e-12, 7.30005858822e-14, 3.63078470555e-14, 2.98109672366e-17, 3.77325512688e-20],
        "cov": [[2.70382132482e-13, 2.49326167351e-12, 1.02773648966e-12, 2.59170370711e-13, 4.52386581971e-13, -1.98203795363e-14, -1.15630424276e-14, -3.88474381786e-14, -1.98641126944e-15, 7.2184071532e-15, -1.91559414815e-14, 5.51885577169e-13, 4.38882654177e-13, 5.4102675031e-13, -2.6010546798e-13, 2.62061271121e-12, 2.12580278901e-12, 5.0397255813e-12, -5.53850964657e-13, 9.3041191071e-12, 6.66642630855e-13, -1.05656618437e-12, -1.10266672841e-14, 1.30521816178e-15, -3.43298239533e-15, 4.65439509084e-17, -4.17258412853e-19], [2.49326167351e-12, 1.54291113219e-09, 4.29775742772e-10, 2.06454974644e-11, -4.44631206853e-11, -1.30169833246e-10, -7.7921644831e-12, 2.00770823577e-12, 7.92965085955e-12, 4.15184249827e-12, 1.2915371897e-12, -1.96827814464e-11, 6.90491847727e-12, 6.64250460192e-11, -3.39743892741e-11, 1.51441484353e-10, 8.74955524699e-11, 4.90811939702e-11, -6.32181695881e-10, 3.23774784761e-10, -3.14029330317e-10, -1.67507396842e-10, 4.55193012189e-13, -2.04732860846e-14, -3.91988145502e-13, -8.01574721854e-15, -3.06268505472e-16], [1.02773648966e-12, 4.29775742772e-10, 1.11122067104e-09, 1.14148808461e-10, 1.09470358126e-11, -6.18143383702e-11, -3.54044614806e-12, 5.35913436024e-13, 1.74617622879e-12, 6.44095183005e-13, 6.70390392504e-13, -3.87802706614e-11, 2.63243645632e-11, 2.51473321333e-11, -6.14737470997e-12, -1.12645115458e-10, -1.2012628392e-10, 4.55545268174e-10, -1.50263301801e-10, -1.35750757857e-10, -3.91043170067e-10, -1.15993305239e-10, 1.47181041226e-12, -7.41315036158e-14, -3.56230751277e-13, -8.00013618957e-16, 3.57863413107e-17], [2.59170370711e-13, 2.06454974644e-11, 1.14148808461e-10, 6.9068736841e-11, 3.45402213775e-11, 2.42268358153e-11, 6.45658873588e-13, 2.40108497321e-13, -1.45633938936e-13, -2.73164384992e-13, -6.55108508673e-13, -5.05636921222e-11, -3.82289165601e-12, -7.46637994486e-12, 8.31075139263e-12, -1.35508913118e-11, 8.67077677019e-12, 5.17098253106e-10, 8.84100778697e-11, -3.64743547865e-11, -7.19363041357e-11, -1.57181542088e-11, 3.61915629844e-13, 6.20570641993e-15, -5.91699066588e-14, 2.73920343686e-16, 2.3610229459e-17], [4.52386581971e-13, -4.44631206853e-11, 1.09470358126e-11, 3.45402213775e-11, 7.26322724187e-10, 6.97447655185e-10, 8.22799293976e-12, 3.66249912342e-12, 1.19120059411e-13, -1.5634858859e-12, -3.05472444215e-12, -1.03941667773e-10, -4.38822103654e-11, -2.73313125604e-11, 8.86074408291e-11, 3.14135356616e-10, 2.38440378553e-10, 4.76713157838e-09, 1.77395476086e-09, -9.74246447405e-11, 1.22437129879e-10, 1.05891392876e-10, -7.04906510766e-13, -1.24652200996e-13, 2.15584657331e-13, -1.30460152179e-15, 1.54136980927e-16], [-1.98203795363e-14, -1.30169833246e-10, -6.18143383702e-11, 2.42268358153e-11, 6.97447655185e-10, 1.23135535102e-09, 2.17152216347e-11, 9.42210112015e-12, -1.69743461908e-12, -3.42384345701e-12, -6.31239028062e-12, -2.42075054446e-10, -6.18274667574e-11, -6.2120884825e-11, 1.0682321e-10, 9.8552013772e-11, 9.11145395244e-11, 2.25597163173e-09, 9.32867894043e-10, -2.80189260682e-10, 3.70619562817e-10, 2.38680381015e-10, 1.78645368897e-12, 1.21397141471e-13, 5.09909768489e-13, 7.29054640822e-15, 3.00896516641e-16], [-1.15630424276e-14, -7.7921644831e-12, -3.54044614806e-12, 6.45658873588e-13, 8.22799293976e-12, 2.17152216347e-11, 2.06878229825e-11, 3.68976810911e-12, 6.46119876352e-13, 2.83905684335e-13, 1.06269763226e-13, 1.19264216558e-11, 5.13497122427e-13, 2.89548485015e-12, 4.9897473306e-12, 6.89671063314e-12, 1.46813377427e-11, 4.8624208826e-11, 4.85195217337e-13, -6.45181564424e-12, 1.96368338257e-11, 1.54843499134e-11, 2.47167818981e-13, 3.79452566102e-14, 5.74203296131e-14, 1.60696380248e-15, 4.59732856212e-17], [-3.88474381786e-14, 2.00770823577e-12, 5.35913436024e-13, 2.40108497321e-13, 3.66249912342e-12, 9.42210112015e-12, 3.68976810911e-12, 1.5321723057e-11, 1.06427225973e-12, 3.58870485412e-13, 1.14314211309e-13, 3.08428733942e-11, 2.43725894501e-12, 7.0620501634e-12, 6.67221486395e-12, 2.72937211027e-11, 6.32808389023e-11, 3.25677818047e-10, 1.09785090741e-10, 1.83539711207e-11, 3.17620279036e-12, 9.86929028085e-12, 1.52383083907e-13, 3.32123922548e-14, 3.71922104388e-14, 1.30227080476e-15, 4.09752519107e-17], [-1.98641126944e-15, 7.92965085955e-12, 1.74617622879e-12, -1.45633938936e-13, 1.19120059411e-13, -1.69743461908e-12, 6.46119876352e-13, 1.06427225973e-12, 2.31137006236e-12, 4.3613924321e-13, 5.37886358717e-13, 1.92643540009e-11, -9.25684767554e-14, 4.08357115483e-12, 5.75751338966e-12, 2.91704854716e-11, 2.78861638642e-11, 1.13614465058e-10, 2.96326123361e-11, 3.64867719371e-11, 7.13395228308e-12, 1.9528962933e-14, 3.19864204839e-14, 8.74866195791e-15, 1.39527663173e-14, 2.24385221656e-16, 1.29580216965e-17], [7.2184071532e-15, 4.15184249827e-12, 6.44095183005e-13, -2.73164384992e-13, -1.5634858859e-12, -3.42384345701e-12, 2.83905684335e-13, 3.58870485412e-13, 4.3613924321e-13, 7.08589274496e-13, 3.83804208033e-13, 8.02689685553e-12, 1.83699388166e-12, 4.18132499111e-12, 3.83883116267e-12, 1.85787166901e-11, 1.92211559169e-11, 8.41765337989e-11, 3.88689913589e-11, 2.58669821673e-11, 1.84599666282e-12, -1.15430592602e-12, 9.7634506274e-15, 9.82646987868e-15, 6.00372379036e-15, 2.66660847812e-16, 8.75266524076e-18], [-1.91559414815e-14, 1.2915371897e-12, 6.70390392504e-13, -6.55108508673e-13, -3.05472444215e-12, -6.31239028062e-12, 1.06269763226e-13, 1.14314211309e-13, 5.37886358717e-13, 3.83804208033e-13, 9.7896551976e-12, 1.14092943426e-10, 1.73604672304e-11, 3.33905646188e-11, 3.00683436483e-11, 1.08953145117e-10, 5.73605503373e-11, 1.74752753934e-10, 2.23569621149e-10, 7.6443525121e-11, 1.76026792968e-12, -1.54968691959e-12, 1.4020256039e-13, 4.16857066715e-14, 7.64756454862e-16, 9.98419334269e-16, 2.19455929963e-17], [5.51885577169e-13, -1.96827814464e-11, -3.87802706614e-11, -5.05636921222e-11, -1.03941667773e-10, -2.42075054446e-10, 1.19264216558e-11, 3.08428733942e-11, 1.92643540009e-11, 8.02689685553e-12, 1.14092943426e-10, 4.37407514653e-08, 1.8184316275e-09, 3.04700686904e-09, 9.4036145537e-10, 1.46392462597e-08, 5.7700546563e-09, 7.25617232966e-10, 7.13563785837e-09, 7.94927768055e-09, 1.24158083814e-09, 2.1590092214e-10, -2.5214927802e-12, 8.78988993137e-14, -1.97659393735e-13, 2.33119408244e-14, 2.51018849194e-16], [4.38882654177e-13, 6.90491847727e-12, 2.63243645632e-11, -3.82289165601e-12, -4.38822103654e-11, -6.18274667574e-11, 5.13497122427e-13, 2.43725894501e-12, -9.25684767554e-14, 1.83699388166e-12, 1.73604672304e-11, 1.8184316275e-09, 6.4281779899e-10, 6.47140896426e-10, 3.71117969689e-10, 8.92256712959e-10, 1.34247768457e-09, 2.69746958104e-09, 2.42817455032e-09, 9.48190637118e-10, 8.35443311753e-11, -2.21387214117e-11, -1.2778100179e-14, 1.76250236194e-13, 1.06384925825e-13, 1.1179633811e-14, 4.3513824212e-16], [5.4102675031e-13, 6.64250460192e-11, 2.51473321333e-11, -7.46637994486e-12, -2.73313125604e-11, -6.2120884825e-11, 2.89548485015e-12, 7.0620501634e-12, 4.08357115483e-12, 4.18132499111e-12, 3.33905646188e-11, 3.04700686904e-09, 6.47140896426e-10, 1.60044932862e-09, 7.66394558926e-10, 1.78974290943e-09, 2.23643192854e-09, 8.21375589766e-09, 4.81100181915e-09, 1.55640167421e-09, 1.43115283513e-10, -1.54090733229e-11, -9.73039465842e-14, 2.40664313565e-13, 1.79213753755e-13, 1.71217630595e-14, 7.72017644803e-16], [-2.6010546798e-13, -3.39743892741e-11, -6.14737470997e-12, 8.31075139263e-12, 8.86074408291e-11, 1.0682321e-10, 4.9897473306e-12, 6.67221486395e-12, 5.75751338966e-12, 3.83883116267e-12, 3.00683436483e-11, 9.4036145537e-10, 3.71117969689e-10, 7.66394558926e-10, 2.76420442091e-09, 3.09136782839e-09, 3.51672646559e-09, 3.1823319091e-08, 1.50266590282e-08, 2.54181542481e-09, 1.72389713615e-10, -1.18463494223e-11, -8.61577736239e-13, 6.68383046392e-13, 5.69083246239e-13, 2.66681970696e-14, 2.21718666647e-15], [2.62061271121e-12, 1.51441484353e-10, -1.12645115458e-10, -1.35508913118e-11, 3.14135356616e-10, 9.8552013772e-11, 6.89671063314e-12, 2.72937211027e-11, 2.91704854716e-11, 1.85787166901e-11, 1.08953145117e-10, 1.46392462597e-08, 8.92256712959e-10, 1.78974290943e-09, 3.09136782839e-09, 3.42354091742e-08, 3.15000612261e-08, 1.33376914846e-07, 6.35999484189e-08, 5.14644540317e-08, 4.78559414319e-09, 6.39834990546e-11, 2.00150260948e-11, 1.46671338269e-11, 4.85725912616e-12, 1.15434544519e-13, 9.02410860203e-15], [2.12580278901e-12, 8.74955524699e-11, -1.2012628392e-10, 8.67077677019e-12, 2.38440378553e-10, 9.11145395244e-11, 1.46813377427e-11, 6.32808389023e-11, 2.78861638642e-11, 1.92211559169e-11, 5.73605503373e-11, 5.7700546563e-09, 1.34247768457e-09, 2.23643192854e-09, 3.51672646559e-09, 3.15000612261e-08, 6.42635313852e-08, 1.55395312618e-07, 6.95651962701e-08, 6.69116815288e-08, 6.6987930758e-09, 1.18313969732e-10, 1.76629214726e-11, 1.93017286182e-11, 6.6958279199e-12, 2.18655239856e-13, 1.25131889307e-14], [5.0397255813e-12, 4.90811939702e-11, 4.55545268174e-10, 5.17098253106e-10, 4.76713157838e-09, 2.25597163173e-09, 4.8624208826e-11, 3.25677818047e-10, 1.13614465058e-10, 8.41765337989e-11, 1.74752753934e-10, 7.25617232966e-10, 2.69746958104e-09, 8.21375589766e-09, 3.1823319091e-08, 1.33376914846e-07, 1.55395312618e-07, 2.16143212128e-06, 8.52016569297e-07, 1.24842415516e-07, 1.48109213782e-08, 1.70235492369e-09, 2.46436499679e-11, 3.78411919855e-11, 2.12095861707e-11, 6.49905856128e-13, 1.08282604888e-13], [-5.53850964657e-13, -6.32181695881e-10, -1.50263301801e-10, 8.84100778697e-11, 1.77395476086e-09, 9.32867894043e-10, 4.85195217337e-13, 1.09785090741e-10, 2.96326123361e-11, 3.88689913589e-11, 2.23569621149e-10, 7.13563785837e-09, 2.42817455032e-09, 4.81100181915e-09, 1.50266590282e-08, 6.35999484189e-08, 6.95651962701e-08, 8.52016569297e-07, 7.99312203981e-07, 7.47892414665e-08, 1.24175727478e-08, 6.82951417641e-10, 6.53136641993e-11, 1.82719221697e-11, 1.71013828099e-11, 4.83152851494e-13, 6.25997531264e-14], [9.3041191071e-12, 3.23774784761e-10, -1.35750757857e-10, -3.64743547865e-11, -9.74246447405e-11, -2.80189260682e-10, -6.45181564424e-12, 1.83539711207e-11, 3.64867719371e-11, 2.58669821673e-11, 7.6443525121e-11, 7.94927768055e-09, 9.48190637118e-10, 1.55640167421e-09, 2.54181542481e-09, 5.14644540317e-08, 6.69116815288e-08, 1.24842415516e-07, 7.47892414665e-08, 1.71481815414e-07, 1.58295616615e-08, -7.1463231166e-11, 3.35444484689e-11, 3.92588982157e-11, 1.38462219121e-11, 2.91244811471e-13, 1.38503778216e-14], [6.66642630855e-13, -3.14029330317e-10, -3.91043170067e-10, -7.19363041357e-11, 1.22437129879e-10, 3.70619562817e-10, 1.96368338257e-11, 3.17620279036e-12, 7.13395228308e-12, 1.84599666282e-12, 1.76026792968e-12, 1.24158083814e-09, 8.35443311753e-11, 1.43115283513e-10, 1.72389713615e-10, 4.78559414319e-09, 6.6987930758e-09, 1.48109213782e-08, 1.24175727478e-08, 1.58295616615e-08, 1.3354723194e-07, 1.61056590287e-08, 1.11002373959e-10, 4.48936677763e-12, 2.8242552394e-11, 3.31629851618e-13, 6.10232774278e-15], [-1.05656618437e-12, -1.67507396842e-10, -1.15993305239e-10, -1.57181542088e-11, 1.05891392876e-10, 2.38680381015e-10, 1.54843499134e-11, 9.86929028085e-12, 1.9528962933e-14, -1.15430592602e-12, -1.54968691959e-12, 2.1590092214e-10, -2.21387214117e-11, -1.54090733229e-11, -1.18463494223e-11, 6.39834990546e-11, 1.18313969732e-10, 1.70235492369e-09, 6.82951417641e-10, -7.1463231166e-11, 1.61056590287e-08, 5.92143400979e-09, 2.98214231087e-11, 5.73093167974e-13, 8.3849680671e-12, 5.84711383586e-14, 1.37623425111e-15], [-1.10266672841e-14, 4.55193012189e-13, 1.47181041226e-12, 3.61915629844e-13, -7.04906510766e-13, 1.78645368897e-12, 2.47167818981e-13, 1.52383083907e-13, 3.19864204839e-14, 9.7634506274e-15, 1.4020256039e-13, -2.5214927802e-12, -1.2778100179e-14, -9.73039465842e-14, -8.61577736239e-13, 2.00150260948e-11, 1.76629214726e-11, 2.46436499679e-11, 6.53136641993e-11, 3.35444484689e-11, 1.11002373959e-10, 2.98214231087e-11, 8.83377225536e-12, 4.01986956092e-13, 1.03421882603e-13, 8.75332148615e-15, 2.26137365556e-17], [1.30521816178e-15, -2.04732860846e-14, -7.41315036158e-14, 6.20570641993e-15, -1.24652200996e-13, 1.21397141471e-13, 3.79452566102e-14, 3.32123922548e-14, 8.74866195791e-15, 9.82646987868e-15, 4.16857066715e-14, 8.78988993137e-14, 1.76250236194e-13, 2.40664313565e-13, 6.68383046392e-13, 1.46671338269e-11, 1.93017286182e-11, 3.78411919855e-11, 1.82719221697e-11, 3.92588982157e-11, 4.48936677763e-12, 5.73093167974e-13, 4.01986956092e-13, 7.30172758194e-14, 7.31266328551e-15, 4.5611834825e-16, 5.23548459079e-18], [-3.43298239533e-15, -3.91988145502e-13, -3.56230751277e-13, -5.91699066588e-14, 2.15584657331e-13, 5.09909768489e-13, 5.74203296131e-14, 3.71922104388e-14, 1.39527663173e-14, 6.00372379036e-15, 7.64756454862e-16, -1.97659393735e-13, 1.06384925825e-13, 1.79213753755e-13, 5.69083246239e-13, 4.85725912616e-12, 6.6958279199e-12, 2.12095861707e-11, 1.71013828099e-11, 1.38462219121e-11, 2.8242552394e-11, 8.3849680671e-12, 1.03421882603e-13, 7.31266328551e-15, 3.63161479784e-14, 3.49917939659e-16, 5.08264105233e-18], [4.65439509084e-17, -8.01574721854e-15, -8.00013618957e-16, 2.73920343686e-16, -1.30460152179e-15, 7.29054640822e-15, 1.60696380248e-15, 1.30227080476e-15, 2.24385221656e-16, 2.66660847812e-16, 9.98419334269e-16, 2.33119408244e-14, 1.1179633811e-14, 1.71217630595e-14, 2.66681970696e-14, 1.15434544519e-13, 2.18655239856e-13, 6.49905856128e-13, 4.83152851494e-13, 2.91244811471e-13, 3.31629851618e-13, 5.84711383586e-14, 8.75332148615e-15, 4.5611834825e-16, 3.49917939659e-16, 2.98177798961e-17, 2.32711678157e-19], [-4.17258412853e-19, -3.06268505472e-16, 3.57863413107e-17, 2.3610229459e-17, 1.54136980927e-16, 3.00896516641e-16, 4.59732856212e-17, 4.09752519107e-17, 1.29580216965e-17, 8.75266524076e-18, 2.19455929963e-17, 2.51018849194e-16, 4.3513824212e-16, 7.72017644803e-16, 2.21718666647e-15, 9.02410860203e-15, 1.25131889307e-14, 1.08282604888e-13, 6.25997531264e-14, 1.38503778216e-14, 6.10232774278e-15, 1.37623425111e-15, 2.26137365556e-17, 5.23548459079e-18, 5.08264105233e-18, 2.32711678157e-19, 3.77411785041e-20]]
    },
    "mfcc": {
        "kurt": [6.24648666382, 3.86720180511, -0.512024641037, 1.75564670563, 0.0322406291962, 0.909190654755, 0.573044300079, 0.265250682831, 0.264871120453, 0.826030254364, 1.20889377594, 0.439418077469, 1.23485279083],
        "max": [-698.186401367, 135.001403809, 53.1755104065, 159.347229004, 54.8939857483, 62.5058441162, 42.8008232117, 44.149055481, 40.9345703125, 22.4070262909, 48.2965202332, 34.658706665, 41.3814811707],
        "mean": [-856.994750977, 95.3581771851, -33.3402442932, 82.4990234375, 2.91810679436, 1.9501926899, -6.93902587891, -0.885569512844, 4.58508682251, -10.2913379669, 17.066576004, -6.19523239136, 1.41964781284],
        "median": [-865.346801758, 98.5513381958, -23.563627243, 81.1397247314, 1.51807403564, 1.9312286377, -6.17354011536, -0.946180343628, 4.96492958069, -9.85933685303, 17.2320575714, -6.53409194946, 0.966175079346],
        "min": [-1138.42004395, -3.70239639282, -137.583007812, 8.01086425781e-05, -57.1850128174, -51.2077560425, -59.7882995605, -37.14295578, -43.0968513489, -61.9963607788, -26.7150859833, -37.8838882446, -24.4113273621],
        "skew": [-0.958542883396, -1.48087239265, -0.603287637234, 0.366939991713, 0.156921550632, -0.00590942567214, -0.34767088294, 0.0271749328822, -0.107347048819, -0.459361374378, -0.404547691345, 0.322808980942, 0.499057501554],
        "var": [2050.59326172, 266.430297852, 1262.87341309, 290.146026611, 253.339294434, 153.531311035, 155.358505249, 105.325660706, 109.874343872, 117.952713013, 88.7570877075, 77.2435150146, 57.4355201721],
        "cov": [[2051.06201172, -60.0214195251, -1354.74914551, 350.397827148, 358.52255249, -48.7650604248, 37.94298172, 4.99131679535, -169.035690308, -52.6271324158, 99.9565353394, 22.8161964417, -18.0170822144], [-60.0214195251, 266.491210938, 117.729949951, -107.147239685, 16.4682388306, 70.6240539551, 10.6672468185, 15.9760627747, 22.4439601898, -23.1365032196, 31.7321643829, -11.3889017105, -4.68136024475], [-1354.74914551, 117.729949951, 1263.16210938, -164.866592407, -397.787658691, 62.5584411621, -99.695892334, -12.7373476028, 151.265823364, 7.86317062378, -74.8773117065, -52.8186950684, 9.78383827209], [350.397827148, -107.147239685, -164.866592407, 290.212341309, 29.7224369049, -112.093513489, -1.54646098614, -16.8233470917, -2.0153567791, 10.5343589783, -10.9135885239, -28.1395683289, -13.5401039124], [358.52255249, 16.4682388306, -397.787658691, 29.7224369049, 253.397201538, 2.39643096924, 17.716003418, 32.9505615234, -39.8851776123, 11.0401802063, 31.8623638153, 19.457485199, -16.727388382], [-48.7650604248, 70.6240539551, 62.5584411621, -112.093513489, 2.39643096924, 153.56640625, 13.3714084625, -16.6792316437, -0.898822486401, -11.7222490311, 23.0916690826, 11.1164331436, 3.97261285782], [37.94298172, 10.6672468185, -99.695892334, -1.54646098614, 17.716003418, 13.3714084625, 155.394012451, 14.4029655457, -22.066576004, 50.7767105103, 0.624859452248, 23.4626579285, 14.3523960114], [4.99131679535, 15.9760627747, -12.7373476028, -16.8233470917, 32.9505615234, -16.6792316437, 14.4029655457, 105.349739075, 11.1927881241, -7.98695468903, 7.6743311882, 12.784995079, 5.32563447952], [-169.035690308, 22.4439601898, 151.265823364, -2.0153567791, -39.8851776123, -0.898822486401, -22.066576004, 11.1927881241, 109.899459839, 9.04450798035, -33.1034698486, 5.17686462402, 7.58202505112], [-52.6271324158, -23.1365032196, 7.86317062378, 10.5343589783, 11.0401802063, -11.7222490311, 50.7767105103, -7.98695468903, 9.04450798035, 117.979667664, -7.67382335663, -9.7138004303, 11.1921958923], [99.9565353394, 31.7321643829, -74.8773117065, -10.9135885239, 31.8623638153, 23.0916690826, 0.624859452248, 7.6743311882, -33.1034698486, -7.67382335663, 88.777381897, 3.35467290878, -26.2361030579], [22.8161964417, -11.3889017105, -52.8186950684, -28.1395683289, 19.457485199, 11.1164331436, 23.4626579285, 12.784995079, 5.17686462402, -9.7138004303, 3.35467290878, 77.2611694336, 15.4675893784], [-18.0170822144, -4.68136024475, 9.78383827209, -13.5401039124, -16.727388382, 3.97261285782, 14.3523960114, 5.32563447952, 7.58202505112, 11.1921958923, -26.2361030579, 15.4675893784, 57.4486503601]]
    },
    "sccoeffs": {
        "kurt": [-0.0270237922668, 0.701048612595, 21.9244289398, 3.37602186203, 0.788065910339, 8.84832191467],
        "max": [-0.54327583313, -0.597285270691, -0.419800311327, -0.52382516861, -0.505791246891, -0.397203892469],
        "mean": [-0.746546983719, -0.813748598099, -0.855291903019, -0.829815924168, -0.789888262749, -0.749594509602],
        "median": [-0.749149084091, -0.818335294724, -0.862266659737, -0.842394351959, -0.808629393578, -0.75051599741],
        "min": [-0.901037335396, -0.943203449249, -0.951476454735, -0.927819430828, -0.908173203468, -0.903070569038],
        "skew": [0.26721188426, 0.632242143154, 3.72037911415, 1.55837643147, 1.10148274899, 1.44027352333],
        "var": [0.00253934715874, 0.00210295966826, 0.00208848994225, 0.00287845055573, 0.00441432511434, 0.00126071204431],
        "cov": [[0.00253992760554, -1.63149870787e-05, -2.92301683658e-05, 1.87361074495e-05, 3.57884819095e-05, -0.000126917453599], [-1.63149870787e-05, 0.00210344046354, -0.000154181863763, 8.61323642312e-05, 6.13865995547e-05, 0.000388172979001], [-2.92301683658e-05, -0.000154181863763, 0.00208896724507, 0.000412973284256, 0.000646916392725, 9.46266154642e-05], [1.87361074495e-05, 8.61323642312e-05, 0.000412973284256, 0.00287910853513, 0.00194779864978, 0.000368345528841], [3.57884819095e-05, 6.13865995547e-05, 0.000646916392725, 0.00194779864978, 0.00441533420235, 0.000521161360666], [-0.000126917453599, 0.000388172979001, 9.46266154642e-05, 0.000368345528841, 0.000521161360666, 0.00126100017224]]
    },
    "scvalleys": {
        "kurt": [20.756483078, 36.6295623779, 29.9405288696, 5.53248023987, 6.55925273895, 63.1423873901],
        "max": [-6.19360637665, -6.53431034088, -7.2272644043, -6.03759765625, -5.27383518219, -9.68021297455],
        "mean": [-7.50064897537, -7.79845333099, -8.80710220337, -8.60731697083, -8.35042953491, -10.9065198898],
        "median": [-7.45094013214, -7.7621679306, -8.79893875122, -8.76751899719, -8.49911880493, -10.9254961014],
        "min": [-13.9949092865, -14.9029054642, -16.2723560333, -16.7724628448, -16.0625305176, -16.9222011566],
        "skew": [-2.75972938538, -3.79086852074, -3.12923192978, -0.495422661304, 0.128567054868, -5.62868213654],
        "var": [0.239471822977, 0.189620539546, 0.228849291801, 0.659819304943, 0.552009344101, 0.122373253107],
        "cov": [[0.239526569843, 0.0976687893271, 0.101503781974, 0.134455114603, 0.108598701656, 0.0837856978178], [0.0976687893271, 0.189663887024, 0.103516168892, 0.12232183665, 0.105921752751, 0.095337472856], [0.101503781974, 0.103516168892, 0.228901609778, 0.260856598616, 0.191776931286, 0.102624438703], [0.134455114603, 0.12232183665, 0.260856598616, 0.659970164299, 0.451792508364, 0.154078021646], [0.108598701656, 0.105921752751, 0.191776931286, 0.451792508364, 0.552135467529, 0.158617466688], [0.0837856978178, 0.095337472856, 0.102624438703, 0.154078021646, 0.158617466688, 0.122401230037]]
    }
},
"rhythm": {
    "beats_loudness": {
        "kurt": 7.58032226562,
        "max": 0.0278512313962,
        "mean": 0.00338466791436,
        "median": 0.00113273819443,
        "min": 2.46655827141e-06,
        "skew": 2.61299967766,
        "var": 2.48491705861e-05
    },
    "bpm": 90.5266265869,
    "confidence": 0.452191412449,
    "first_peak_bpm": {
        "kurt": 0,
        "max": 91,
        "mean": 91,
        "median": 91,
        "min": 91,
        "skew": 0,
        "var": 0
    },
    "first_peak_spread": {
        "kurt": 0,
        "max": 0.491228044033,
        "mean": 0.491228044033,
        "median": 0.491228044033,
        "min": 0.491228044033,
        "skew": 0,
        "var": 0
    },
    "first_peak_weight": {
        "kurt": 0,
        "max": 0.18125000596,
        "mean": 0.18125000596,
        "median": 0.18125000596,
        "min": 0.18125000596,
        "skew": 0,
        "var": 0
    },
    "onset_rate": 2.00820612907,
    "second_peak_bpm": {
        "kurt": 0,
        "max": 99,
        "mean": 99,
        "median": 99,
        "min": 99,
        "skew": 0,
        "var": 0
    },
    "second_peak_spread": {
        "kurt": 0,
        "max": 0.575757563114,
        "mean": 0.575757563114,
        "median": 0.575757563114,
        "min": 0.575757563114,
        "skew": 0,
        "var": 0
    },
    "second_peak_weight": {
        "kurt": 0,
        "max": 0.0874999985099,
        "mean": 0.0874999985099,
        "median": 0.0874999985099,
        "min": 0.0874999985099,
        "skew": 0,
        "var": 0
    },
    "beats_loudness_band_ratio": {
        "kurt": [0.706524133682, 5.41065502167, 9.64361763, 4.92284059525, -1.12679946423, 1.70335483551],
        "max": [0.628076791763, 0.434098899364, 0.221910759807, 0.588173210621, 0.91828507185, 0.963301181793],
        "mean": [0.133845448494, 0.0619517974555, 0.0248109605163, 0.0711836665869, 0.445148587227, 0.28180077672],
        "median": [0.0569991916418, 0.0245917625725, 0.0102170826867, 0.0141683397815, 0.435835659504, 0.240397274494],
        "min": [0.00192431209143, 0.000672563095577, 0.000444026954938, 0.000358759076335, 0.00514314556494, 0.0548948608339],
        "skew": [1.38836860657, 2.35775470734, 2.74065947533, 2.47722005844, 0.0582741983235, 1.37819314003],
        "var": [0.028284072876, 0.00822822470218, 0.00125678977929, 0.0187065284699, 0.0594654604793, 0.0395295880735],
        "cov": [[0.0284608490765, 0.00475062709302, 0.00293644051999, -0.00239198398776, -0.0212358962744, -0.0126087144017], [0.00475062709302, 0.0082796504721, 0.00227268598974, -0.00226044701412, -0.00962759368122, -0.0033039660193], [0.00293644051999, 0.00227268598974, 0.0012646446703, -0.000525235780515, -0.00426338240504, -0.00158258585725], [-0.00239198398776, -0.00226044701412, -0.000525235780515, 0.0188234448433, -0.00802093185484, -0.00638074427843], [-0.0212358962744, -0.00962759368122, -0.00426338240504, -0.00802093185484, 0.0598371215165, -0.0157280731946], [-0.0126087144017, -0.0033039660193, -0.00158258585725, -0.00638074427843, -0.0157280731946, 0.0397766456008]]
    },
    "beats_position": [0.371519267559, 0.754648506641, 1.13777780533, 1.50929701328, 1.88081634045, 2.2523355484, 2.61224484444, 2.9837641716, 3.3785033226, 3.75002264977, 4.12154197693, 4.5046710968, 4.87619018555, 5.25931978226, 5.64244890213, 6.11845779419, 6.6176867485, 7.12852573395, 7.74385452271, 8.34757328033, 8.95129203796, 9.54340076447, 10.1355104446, 10.7276191711, 11.3081178665, 11.8770065308, 12.4691152573, 13.0612239838, 13.6533327103, 14.2454423904, 14.8491611481, 15.4528799057, 16.0798187256, 16.7067565918, 17.3453063965, 17.9838542938, 18.6456241608, 19.3073921204, 19.9575500488, 20.5844898224, 21.2346477509, 21.8848075867, 22.5465755463, 23.219953537, 23.9049434662, 24.589931488, 25.3213596344, 26.0643978119, 26.7726078033, 27.4924259186, 28.2006340027, 28.9088420868, 29.6286621094, 30.3600902557, 31.2076187134, 31.9970970154, 32.7749671936, 33.5528335571, 34.3307037354, 35.1085700989, 35.8864402771, 36.6759185791, 37.3376846313, 37.976234436, 38.6263923645, 39.2765541077, 39.9151000977, 40.5884780884, 41.2386398315, 41.88879776, 42.5389556885, 43.340045929, 44.129524231, 44.919002533, 45.6968688965, 46.532787323, 47.3687057495, 48.111743927, 48.8547821045, 49.5862121582, 50.3176422119, 51.0490684509, 51.7804985046, 52.4887046814, 53.2201347351, 53.9167327881, 54.6017227173, 55.2867126465, 55.9600906372, 56.6218566895, 57.2720184326, 57.9337844849, 58.583946228, 59.222492218, 59.8958702087, 60.5692520142, 61.2310180664, 61.9043960571, 62.6126060486, 63.3324241638, 64.0754623413, 64.8185043335, 65.3873901367, 65.8982315063, 66.4206771851, 66.9431304932, 67.4655761719, 68.0112457275, 68.5453033447, 69.0677566528, 69.60181427, 70.1358718872, 70.6815414429, 71.2155990601, 71.8077087402, 72.3882064819, 73.0151443481, 73.6536941528, 74.2922439575, 74.9424057007, 75.5925598145, 76.2543258667, 76.9277114868, 77.6126937866, 78.2976837158, 78.9942855835, 79.6560516357, 80.3178253174, 80.9679794312, 81.6297454834, 82.2450790405, 82.8604049683, 83.4641265869, 84.0678405762, 84.6715621948, 85.3333282471, 86.0067138672, 86.5872116089, 87.1677093506, 87.7482070923, 88.3519287109, 88.9440383911, 89.5129241943, 90.05859375, 90.5926513672, 91.2195892334, 91.8349151611, 92.4386367798, 93.0423583984, 93.7041244507, 94.3891143799, 95.0973205566, 95.7706985474, 96.4556884766, 97.1290664673, 97.7792282104, 98.4409942627, 99.1143722534, 99.7877502441, 100.449523926, 101.122901917],
    "bpm_estimates": [93.9629135132, 93.9631958008, 90.6659622192, 90.6662216187, 92.2852706909, 92.2852706909, 92.2849960327, 90.6662216187, 89.1030044556, 87.5925292969, 87.5927734375, 90.6664810181, 93.9629135132, 92.2852706909, 92.2847290039, 93.9634780884, 89.1030044556, 92.2847290039, 92.2852706909, 92.2852706909, 86.1328887939, 87.5925292969, 87.5925292969, 89.1030044556, 90.6664810181, 92.2847290039, 90.6664810181, 92.2847290039, 93.9634780884, 89.1030044556, 89.1024932861, 90.6664810181, 89.1030044556, 93.9629135132, 93.9629135132, 92.2847290039, 92.2858123779, 90.6664810181, 89.1019897461, 87.5935058594, 87.5925292969, 86.1324157715, 90.6664810181, 90.665435791, 92.2858123779, 90.6664810181, 90.6664810181, 89.1019897461, 90.6664810181, 87.5925292969, 89.1030044556, 87.5925292969, 89.1030044556, 92.2847290039, 90.6664810181, 89.1030044556, 89.1030044556, 90.665435791, 89.1030044556],
