{
"metadata": {
    "version": {
        "essentia": "2.1-beta3"
    }
},
"lowLevel": {
    "average_loudness": 0.852041840553,
    "barkbands_kurtosis": {
        "kurt": 56.3725700378,
        "max": 179.41960144,
        "mean": 11.3784418106,
        "median": 8.81375789642,
        "min": -1.90344965458,
        "skew": 5.53342866898,
        "var": 126.706375122
    },
    "barkbands_skewness": {
        "kurt": 1.86928319931,
        "max": 9.39505386353,
        "mean": 2.88564157486,
        "median": 2.78796243668,
        "min": -1.22161817551,
        "skew": 0.726155936718,
        "var": 1.30996000767
    },
    "barkbands_spread": {
        "kurt": 6.59745407104,
        "max": 70.7875595093,
        "mean": 13.347568512,
        "median": 10.4211597443,
        "min": 0.642384767532,
        "skew": 2.39058589935,
        "var": 82.5356750488
    },
    "dissonance": {
        "kurt": 3.220058918,
        "max": 0.499523222446,
        "mean": 0.462443888187,
        "median": 0.466573297977,
        "min": 0.315319627523,
        "skew": -1.38689386845,
        "var": 0.00050381507026
    },
    "hfc": {
        "kurt": 862.770263672,
        "max": 0.336527377367,
        "mean": 0.00251823826693,
        "median": 0.00144878355786,
        "min": 4.22561413416e-07,
        "skew": 28.1300258636,
        "var": 0.000102800971945
    },
    "pitch": {
        "kurt": -1.10060751438,
        "max": 4879.13085938,
        "mean": 1258.3671875,
        "median": 158.270858765,
        "min": 58.3707313538,
        "skew": 0.921939730644,
        "var": 2874236.25
    },
    "pitch_instantaneous_confidence": {
        "kurt": 0.74471449852,
        "max": 0.831646800041,
        "mean": 0.357900977135,
        "median": 0.342290759087,
        "min": 0.104399979115,
        "skew": 0.831097364426,
        "var": 0.012931917794
    },
    "pitch_salience": {
        "kurt": 0.637474060059,
        "max": 0.87985509634,
        "mean": 0.611923992634,
        "median": 0.628469645977,
        "min": 0.113100267947,
        "skew": -0.721585988998,
        "var": 0.0114300698042
    },
    "silence_rate_20dB": {
        "kurt": 0,
        "max": 1,
        "mean": 1,
        "median": 1,
        "min": 1,
        "skew": 0,
        "var": 0
    },
    "silence_rate_30dB": {
        "kurt": 0,
        "max": 1,
        "mean": 1,
        "median": 1,
        "min": 1,
        "skew": 0,
        "var": 0
    },
    "silence_rate_60dB": {
        "kurt": 0,
        "max": 1,
        "mean": 1,
        "median": 1,
        "min": 1,
        "skew": 0,
        "var": 0
    },
    "spectral_centroid": {
        "kurt": 32.6858024597,
        "max": 3305.70019531,
        "mean": 390.225250244,
        "median": 345.859100342,
        "min": 45.590511322,
        "skew": 4.24709844589,
        "var": 49137.9726562
    },
    "spectral_complexity": {
        "kurt": 1472.00048828,
        "max": 1,
        "mean": 0.000677048054058,
        "median": 0,
        "min": 0,
        "skew": 38.3927116394,
        "var": 0.000676589726936
    },
    "spectral_crest": {
        "kurt": -0.403314352036,
        "max": 21.3660297394,
        "mean": 10.9026050568,
        "median": 10.4171094894,
        "min": 3.66074132919,
        "skew": 0.487947970629,
        "var": 12.3091096878
    },
    "spectral_decrease": {
        "kurt": 0,
        "max": -6.15310037995e-16,
        "mean": -1.74499770102e-12,
        "median": -1.13849565626e-12,
        "min": -4.36368441381e-11,
        "skew": -9.4520149231,
        "var": 7.2870316145e-24
    },
    "spectral_energy": {
        "kurt": 129.905654907,
        "max": 0.00019521926879,
        "mean": 6.81442679706e-06,
        "median": 4.44069564765e-06,
        "min": 2.36065611503e-09,
        "skew": 10.0068626404,
        "var": 1.14933410011e-10
    },
    "spectral_energyband_high": {
        "kurt": 654.469055176,
        "max": 7.30680358174e-06,
        "mean": 7.59105915904e-08,
        "median": 4.51517578881e-08,
        "min": 1.40551355277e-11,
        "skew": 23.2323722839,
        "var": 5.48950499586e-14
    },
    "spectral_energyband_low": {
        "kurt": 132.6355896,
        "max": 0.000137720664497,
        "mean": 3.86855344914e-06,
        "median": 2.3046231945e-06,
        "min": 1.71863989706e-09,
        "skew": 10.5047960281,
        "var": 6.65719770976e-11
    },
    "spectral_energyband_middle_high": {
        "kurt": 895.027893066,
        "max": 0.000130385844386,
        "mean": 4.17766813143e-07,
        "median": 1.60427219953e-07,
        "min": 4.58169960305e-11,
        "skew": 29.1565341949,
        "var": 1.54522367124e-11
    },
    "spectral_energyband_middle_low": {
        "kurt": 60.38697052,
        "max": 4.67043864774e-05,
        "mean": 2.81186839857e-06,
        "median": 1.75989748641e-06,
        "min": 5.11764686184e-10,
        "skew": 5.27696943283,
        "var": 7.67995823187e-12
    },
    "spectral_flatness_db": {
        "kurt": 4.93470478058,
        "max": 0.421083271503,
        "mean": 0.199998855591,
        "median": 0.198575913906,
        "min": 0.0870032981038,
        "skew": 1.03915011883,
        "var": 0.00107802997809
    },
    "spectral_flux": {
        "kurt": 47.1858253479,
        "max": 0.0135006299242,
        "mean": 0.00144361786079,
        "median": 0.00122662901413,
        "min": 0.000441709213192,
        "skew": 5.50615215302,
        "var": 8.86101645392e-07
    },
    "spectral_kurtosis": {
        "kurt": 3.03216171265,
        "max": 32.8107223511,
        "mean": 7.19857597351,
        "median": 6.67891979218,
        "min": -0.17578792572,
        "skew": 0.943933427334,
        "var": 11.3933439255
    },
    "spectral_rms": {
        "kurt": 27.9689407349,
        "max": 0.000436414731666,
        "mean": 7.41870971979e-05,
        "median": 6.5820866439e-05,
        "min": 1.51758990796e-06,
        "skew": 3.91167449951,
        "var": 1.14449438815e-09
    },
    "spectral_rolloff": {
        "kurt": 13.9450931549,
        "max": 4888.03710938,
        "mean": 548.199401855,
        "median": 366.064453125,
        "min": 64.599609375,
        "skew": 3.70431280136,
        "var": 451774.125
    },
    "spectral_skewness": {
        "kurt": 0.59002161026,
        "max": 4.76227092743,
        "mean": 2.20093488693,
        "median": 2.18867778778,
        "min": 0.383688896894,
        "skew": -0.0789276957512,
        "var": 0.278026342392
    },
    "spectral_spread": {
        "kurt": 76.3595275879,
        "max": 26356754,
        "mean": 4894767,
        "median": 5003932.5,
        "min": 2483491.25,
        "skew": 4.34989547729,
        "var": 1.35933893018e+12
    },
    "spectral_strongpeak": {
        "kurt": 203.865707397,
        "max": 0.126983657479,
        "mean": 0.00614339672029,
        "median": 0.00521461991593,
        "min": 0,
        "skew": 11.2369127274,
        "var": 3.738243322e-05
    },
    "zerocrossingrate": {
        "kurt": 2.27107620239,
        "max": 0.09716796875,
        "mean": 0.0334599949419,
        "median": 0.03076171875,
        "min": 0.0009765625,
        "skew": 1.32384729385,
        "var": 0.000176321642357
    },
    "barkbands": {
        "kurt": [225.315338135, 175.864761353, 223.643081665, 556.309265137, 52.1190910339, 27.7850589752, 132.35546875, 69.1455993652, 24.2506847382, 616.90423584, 554.749450684, 962.125976562, 762.188110352, 733.87121582, 804.413574219, 741.604187012, 1042.49365234, 923.273803711, 1069.26867676, 850.160400391, 594.904296875, 599.395874023, 128.617233276, 541.096252441, 385.336517334, 449.461242676, 0],
        "max": [4.59837065137e-05, 9.31703980314e-05, 6.90500673954e-05, 3.5620003473e-05, 1.17639883683e-05, 8.60092313815e-06, 9.75437978923e-06, 1.24637645058e-05, 4.23595156462e-06, 7.45019542592e-06, 2.90891262011e-06, 4.18637137045e-06, 1.24356574815e-05, 2.30422665481e-05, 7.91405727796e-06, 9.53349899646e-06, 1.55775669555e-05, 9.24142659642e-06, 3.08645867335e-05, 1.04016417026e-05, 3.16632576869e-06, 9.42603719523e-07, 5.36980699906e-08, 1.24369094578e-07, 3.75973705502e-08, 1.01301367295e-09, 6.01017222102e-11],
        "mean": [3.48732271505e-07, 1.03877118818e-06, 2.13409020944e-06, 6.82509323724e-07, 8.11258416888e-07, 4.78511935853e-07, 2.61096147369e-07, 3.53828369271e-07, 2.01079060957e-07, 6.7273091986e-08, 3.01206100062e-08, 2.01049683568e-08, 2.80662568741e-08, 3.91873555827e-08, 1.81545978251e-08, 2.60522590168e-08, 4.33430535907e-08, 4.43524506011e-08, 8.54105621784e-08, 6.57300205376e-08, 2.71114881656e-08, 6.79058809183e-09, 1.42227218891e-09, 8.66216709472e-10, 5.55325119223e-10, 1.94069846998e-11, 7.64247714592e-13],
        "median": [2.93970714438e-08, 3.26131868178e-07, 1.46119805322e-06, 4.43107666115e-07, 6.51780112548e-07, 2.34806890376e-07, 6.85729091288e-08, 2.55396006565e-08, 4.77288999434e-08, 1.50288403944e-08, 7.18255277476e-09, 6.37412078675e-09, 6.20107698523e-09, 3.85720966278e-09, 4.21188817157e-09, 5.68336799844e-09, 1.09001065951e-08, 2.20467466505e-08, 4.15543652821e-08, 4.09229805598e-08, 1.32049127188e-08, 2.4485395933e-09, 7.33254401641e-10, 4.46111619867e-10, 3.46150247355e-10, 1.41334452822e-11, 5.68364528618e-13],
        "min": [3.33127997409e-10, 8.09400213519e-10, 4.82495376986e-10, 2.96463686933e-10, 1.11746875642e-10, 7.20713835833e-11, 1.26959493266e-11, 8.37946986104e-12, 9.42849878033e-12, 8.71829605037e-12, 4.8415668176e-12, 4.36783725508e-12, 4.41940798193e-12, 4.88073687369e-12, 3.12428229989e-12, 3.68433408782e-12, 1.94949200012e-12, 3.01071732649e-12, 4.4320398046e-12, 6.31098558829e-12, 3.06053251319e-12, 1.53946918147e-12, 1.25822681267e-12, 1.21443393536e-12, 1.07747751693e-12, 1.0775728183e-12, 2.68794372611e-13],
        "skew": [13.6520528793, 12.4835271835, 11.1985731125, 19.4234714508, 4.61943149567, 3.79949688911, 8.55468177795, 5.52603006363, 3.81059455872, 23.578081131, 21.9308223724, 29.6460876465, 27.4274024963, 27.1043109894, 27.7520675659, 25.3541622162, 30.6124076843, 28.6358966827, 31.7737102509, 27.5803279877, 21.8819103241, 21.670381546, 10.0535402298, 22.5999965668, 18.7944259644, 19.5808372498, 27.1492805481],
        "var": [4.96027221034e-12, 2.57742924226e-11, 8.10517018085e-12, 1.35080380041e-12, 4.62000012899e-13, 3.87191851931e-13, 2.49100328038e-13, 4.75280134259e-13, 1.14199299431e-13, 6.89997240117e-14, 1.12685638002e-14, 1.48401137977e-14, 1.71807162139e-13, 6.83382929238e-13, 6.26805532933e-14, 8.84887391768e-14, 1.95346573661e-13, 7.34556526391e-14, 7.64791008301e-13, 9.73608943033e-14, 1.08616534075e-14, 9.49638495078e-16, 1.01184173599e-17, 2.24863325433e-17, 2.76486091683e-18, 1.45393471645e-21, 3.14157288237e-24],
        "cov": [[4.96363280339e-12, 8.75104329279e-12, 1.51981224372e-13, -2.90528404557e-14, 1.35517597442e-14, -1.57182921464e-14, -2.48282975126e-15, -4.14298349587e-14, -1.7641914134e-14, -1.0553342732e-14, -2.95089338164e-15, -2.73565722755e-15, -5.25662040209e-15, -9.19557432858e-15, -2.98010415986e-15, -2.22286941051e-15, -8.44630423003e-15, -4.98041269887e-15, -1.3016524707e-14, -1.06523185319e-14, -4.05745680042e-15, -1.21354188007e-15, -2.20721301233e-16, -1.22174920581e-16, -2.8084214473e-17, -5.18705109797e-19, 1.95498774028e-19], [8.75104329279e-12, 2.57917558838e-11, 3.98389090814e-12, 1.23848435847e-12, 2.95150405852e-13, 1.81870360785e-13, 5.95461451414e-14, 6.48239184973e-15, 2.13211897817e-14, 6.84089151428e-14, 4.22128559321e-14, 5.41216004576e-14, 1.53117766404e-13, 2.79950867176e-13, 1.1185593196e-13, 1.74522153456e-13, 2.00417739587e-13, 1.32184844667e-13, 3.59038834904e-13, 1.18398238262e-13, 1.53744899434e-14, 5.74713718185e-15, 2.92217737655e-16, 1.15811585565e-15, 4.56386116541e-16, 1.370431728e-17, 7.88329645241e-19], [1.51981224372e-13, 3.98389090814e-12, 8.11066144801e-12, 2.42158658577e-12, 4.46203946187e-13, 4.76839813295e-13, 2.41072976468e-13, 3.99380994855e-13, 2.03296065962e-13, 1.30703268846e-13, 6.36668452333e-14, 6.24908246894e-14, 1.59568403412e-13, 2.84104879379e-13, 1.01938199364e-13, 1.10070677887e-13, 1.60993831114e-13, 1.09614533704e-13, 3.47800862546e-13, 1.20081611213e-13, 1.12535645407e-14, 2.70496329464e-15, 1.78145838649e-16, 1.06235274585e-15, 4.66464008668e-16, 1.22949843231e-17, 4.30066451609e-19], [-2.90528404557e-14, 1.23848435847e-12, 2.42158658577e-12, 1.35171897547e-12, 2.33676007147e-13, 2.22310220905e-13, 1.18395039866e-13, 1.33764879598e-13, 7.46924291623e-14, 6.55854493978e-14, 3.33711025122e-14, 3.82099713469e-14, 1.00928441223e-13, 1.80888954531e-13, 6.57199582298e-14, 8.07578017046e-14, 1.14012030611e-13, 7.34263452991e-14, 2.29586125501e-13, 8.00352961531e-14, 1.048104847e-14, 2.80357254102e-15, 2.99402456402e-16, 7.95707568151e-16, 3.19259555663e-16, 8.49391652771e-18, 1.68055971532e-19], [1.35517597442e-14, 2.95150405852e-13, 4.46203946187e-13, 2.33676007147e-13, 4.62313022066e-13, 1.59516985124e-13, 1.06980491631e-13, 1.19617599788e-13, 6.45961081391e-14, 2.95852447087e-14, 1.52116326127e-14, 1.2849570278e-14, 2.70580185726e-14, 4.68475694977e-14, 1.92325285065e-14, 3.12700914966e-14, 3.49153045614e-14, 2.53513894854e-14, 5.98535300099e-14, 1.91381707303e-14, 1.85456339142e-15, 7.80203635903e-16, 1.22145939481e-17, 1.72676096923e-16, 9.98392838019e-17, 1.91161646356e-18, 4.66222677742e-20], [-1.57182921464e-14, 1.81870360785e-13, 4.76839813295e-13, 2.22310220905e-13, 1.59516985124e-13, 3.87454174647e-13, 1.59214519823e-13, 2.05677028143e-13, 9.88400374459e-14, 3.56811748117e-14, 1.66819954118e-14, 1.0755901344e-14, 2.10258869912e-14, 3.58839409467e-14, 1.24847159181e-14, 1.24014195451e-14, 1.85491474069e-14, 1.47860256618e-14, 3.86615517161e-14, 1.10277938379e-14, 5.17794893486e-16, 1.56176993606e-16, -5.5688088473e-17, 1.36129788387e-16, 1.07291188504e-16, 1.21971265819e-18, 3.82249337596e-20], [-2.48282975126e-15, 5.95461451414e-14, 2.41072976468e-13, 1.18395039866e-13, 1.06980491631e-13, 1.59214519823e-13, 2.49269084106e-13, 2.17353072389e-13, 9.40154123172e-14, 7.69400005946e-14, 3.05792378723e-14, 2.33716278481e-14, 9.02935698758e-14, 1.86270595302e-13, 5.05854954008e-14, 4.06057362756e-14, 6.28523993376e-14, 4.50737469809e-14, 1.42612931555e-13, 4.43578415102e-14, 7.06906296263e-15, 2.64304582147e-15, 3.2012472041e-16, 6.19047623814e-16, 3.14986327384e-16, 6.95273263556e-18, 1.63162668296e-19], [-4.14298349587e-14, 6.48239184973e-15, 3.99380994855e-13, 1.33764879598e-13, 1.19617599788e-13, 2.05677028143e-13, 2.17353072389e-13, 4.75602142305e-13, 1.61097480841e-13, 1.0468476807e-13, 3.86815721869e-14, 3.00965273482e-14, 1.10598081257e-13, 2.27934994013e-13, 6.02734144062e-14, 4.56751945836e-14, 7.07859809722e-14, 5.27694004487e-14, 1.7083720777e-13, 5.24099128896e-14, 8.37247090911e-15, 3.00155611629e-15, 3.37892586437e-16, 7.46023262443e-16, 3.73011895919e-16, 7.74048485703e-18, 2.01432980667e-19], [-1.7641914134e-14, 2.13211897817e-14, 2.03296065962e-13, 7.46924291623e-14, 6.45961081391e-14, 9.88400374459e-14, 9.40154123172e-14, 1.61097480841e-13, 1.14276670809e-13, 4.73020602722e-14, 1.84498158531e-14, 1.5888012138e-14, 5.17076683662e-14, 1.02937542388e-13, 2.94290382807e-14, 2.63543493398e-14, 4.15673253467e-14, 2.89036068029e-14, 9.2590215009e-14, 2.91459768104e-14, 4.44502307818e-15, 1.41247053235e-15, 1.48269583701e-16, 3.82273512983e-16, 1.8003856024e-16, 3.73373942947e-18, 1.00185530853e-19], [-1.0553342732e-14, 6.84089151428e-14, 1.30703268846e-13, 6.55854493978e-14, 2.95852447087e-14, 3.56811748117e-14, 7.69400005946e-14, 1.0468476807e-13, 4.73020602722e-14, 6.90464734541e-14, 2.63108525039e-14, 2.77198968938e-14, 1.01777296985e-13, 2.05179420004e-13, 5.95808192822e-14, 5.65906506768e-14, 8.97701373957e-14, 5.81599994402e-14, 1.93132117829e-13, 6.30341793844e-14, 1.03291830858e-14, 3.19557155395e-15, 4.0678381421e-16, 7.90766242634e-16, 3.21170911979e-16, 8.00727872872e-18, 1.69545685041e-19], [-2.95089338164e-15, 4.22128559321e-14, 6.36668452333e-14, 3.33711025122e-14, 1.52116326127e-14, 1.66819954118e-14, 3.05792378723e-14, 3.86815721869e-14, 1.84498158531e-14, 2.63108525039e-14, 1.12761989552e-14, 1.18092808346e-14, 4.12335367673e-14, 8.16837577937e-14, 2.46683438108e-14, 2.52483157401e-14, 3.93794697372e-14, 2.52960392704e-14, 8.23939508743e-14, 2.73048456675e-14, 4.55255094622e-15, 1.37649058445e-15, 1.65306910281e-16, 3.36234334154e-16, 1.32139588226e-16, 3.28740352428e-18, 6.81237130424e-20], [-2.73565722755e-15, 5.41216004576e-14, 6.24908246894e-14, 3.82099713469e-14, 1.2849570278e-14, 1.0755901344e-14, 2.33716278481e-14, 3.00965273482e-14, 1.5888012138e-14, 2.77198968938e-14, 1.18092808346e-14, 1.48501680787e-14, 4.82315400184e-14, 9.33609201233e-14, 2.96137660021e-14, 3.26907859778e-14, 5.12695930903e-14, 3.19278532378e-14, 1.04249670962e-13, 3.47698046299e-14, 5.6082597774e-15, 1.57650428594e-15, 1.86553090637e-16, 4.05260901911e-16, 1.4839587102e-16, 3.85187157429e-18, 7.80490790618e-20], [-5.25662040209e-15, 1.53117766404e-13, 1.59568403412e-13, 1.00928441223e-13, 2.70580185726e-14, 2.10258869912e-14, 9.02935698758e-14, 1.10598081257e-13, 5.17076683662e-14, 1.01777296985e-13, 4.12335367673e-14, 4.82315400184e-14, 1.71923564794e-13, 3.41232548945e-13, 1.02797172088e-13, 1.04475435735e-13, 1.65778862534e-13, 1.04320523574e-13, 3.47315112868e-13, 1.14497739631e-13, 1.84791333575e-14, 5.44222819072e-15, 6.89590062909e-16, 1.37763206723e-15, 5.26772542755e-16, 1.36968544565e-17, 2.78991606249e-19], [-9.19557432858e-15, 2.79950867176e-13, 2.84104879379e-13, 1.80888954531e-13, 4.68475694977e-14, 3.58839409467e-14, 1.86270595302e-13, 2.27934994013e-13, 1.02937542388e-13, 2.05179420004e-13, 8.16837577937e-14, 9.33609201233e-14, 3.41232548945e-13, 6.83845937776e-13, 2.02754832238e-13, 2.00569012896e-13, 3.18733158356e-13, 2.01762936328e-13, 6.74313035964e-13, 2.21649860467e-13, 3.61147438723e-14, 1.08458071151e-14, 1.39378509141e-15, 2.70581202165e-15, 1.04929054489e-15, 2.72694184086e-17, 5.57392760637e-19], [-2.98010415986e-15, 1.1185593196e-13, 1.01938199364e-13, 6.57199582298e-14, 1.92325285065e-14, 1.24847159181e-14, 5.05854954008e-14, 6.02734144062e-14, 2.94290382807e-14, 5.95808192822e-14, 2.46683438108e-14, 2.96137660021e-14, 1.02797172088e-13, 2.02754832238e-13, 6.27230201371e-14, 6.72600741921e-14, 1.03972630202e-13, 6.50507886489e-14, 2.12979536351e-13, 7.07788658954e-14, 1.16265656635e-14, 3.41486203125e-15, 4.19444177445e-16, 8.39309012627e-16, 3.1514527841e-16, 8.26150193664e-18, 1.67548806419e-19], [-2.22286941051e-15, 1.74522153456e-13, 1.10070677887e-13, 8.07578017046e-14, 3.12700914966e-14, 1.24014195451e-14, 4.06057362756e-14, 4.56751945836e-14, 2.63543493398e-14, 5.65906506768e-14, 2.52483157401e-14, 3.26907859778e-14, 1.04475435735e-13, 2.00569012896e-13, 6.72600741921e-14, 8.85486887807e-14, 1.21606216308e-13, 7.41025825229e-14, 2.32069598998e-13, 7.93663637415e-14, 1.38326977029e-14, 4.16037807978e-15, 4.45379188089e-16, 9.06535423612e-16, 3.218901753e-16, 8.56119939874e-18, 1.72757511037e-19], [-8.44630423003e-15, 2.00417739587e-13, 1.60993831114e-13, 1.14012030611e-13, 3.49153045614e-14, 1.85491474069e-14, 6.28523993376e-14, 7.07859809722e-14, 4.15673253467e-14, 8.97701373957e-14, 3.93794697372e-14, 5.12695930903e-14, 1.65778862534e-13, 3.18733158356e-13, 1.03972630202e-13, 1.21606216308e-13, 1.95478927641e-13, 1.14547707799e-13, 3.71532557324e-13, 1.25835648325e-13, 2.07181158758e-14, 5.82668246944e-15, 6.7645935816e-16, 1.44244671071e-15, 5.15897222047e-16, 1.36580117093e-17, 2.67710568754e-19], [-4.98041269887e-15, 1.32184844667e-13, 1.09614533704e-13, 7.34263452991e-14, 2.53513894854e-14, 1.47860256618e-14, 4.50737469809e-14, 5.27694004487e-14, 2.89036068029e-14, 5.81599994402e-14, 2.52960392704e-14, 3.19278532378e-14, 1.04320523574e-13, 2.01762936328e-13, 6.50507886489e-14, 7.41025825229e-14, 1.14547707799e-13, 7.35054175188e-14, 2.28975828099e-13, 7.76734430355e-14, 1.34027251442e-14, 3.91192002294e-15, 4.48490498923e-16, 9.17921664006e-16, 3.34866349475e-16, 8.59244201047e-18, 1.70273190389e-19], [-1.3016524707e-14, 3.59038834904e-13, 3.47800862546e-13, 2.29586125501e-13, 5.98535300099e-14, 3.86615517161e-14, 1.42612931555e-13, 1.7083720777e-13, 9.2590215009e-14, 1.93132117829e-13, 8.23939508743e-14, 1.04249670962e-13, 3.47315112868e-13, 6.74313035964e-13, 2.12979536351e-13, 2.32069598998e-13, 3.71532557324e-13, 2.28975828099e-13, 7.65309148519e-13, 2.60149703429e-13, 4.57182340217e-14, 1.27024855478e-14, 1.44946575511e-15, 3.13794620849e-15, 1.12038117312e-15, 2.88164446774e-17, 5.70172856197e-19], [-1.06523185319e-14, 1.18398238262e-13, 1.20081611213e-13, 8.00352961531e-14, 1.91381707303e-14, 1.10277938379e-14, 4.43578415102e-14, 5.24099128896e-14, 2.91459768104e-14, 6.30341793844e-14, 2.73048456675e-14, 3.47698046299e-14, 1.14497739631e-13, 2.21649860467e-13, 7.07788658954e-14, 7.93663637415e-14, 1.25835648325e-13, 7.76734430355e-14, 2.60149703429e-13, 9.74268544529e-14, 2.33413311736e-14, 6.55318982808e-15, 6.36620063459e-16, 1.33017005834e-15, 4.53864817094e-16, 1.07969271466e-17, 2.06499203425e-19], [-4.05745680042e-15, 1.53744899434e-14, 1.12535645407e-14, 1.048104847e-14, 1.85456339142e-15, 5.17794893486e-16, 7.06906296263e-15, 8.37247090911e-15, 4.44502307818e-15, 1.03291830858e-14, 4.55255094622e-15, 5.6082597774e-15, 1.84791333575e-14, 3.61147438723e-14, 1.16265656635e-14, 1.38326977029e-14, 2.07181158758e-14, 1.34027251442e-14, 4.57182340217e-14, 2.33413311736e-14, 1.08690124297e-14, 3.08315249416e-15, 2.44823253171e-16, 4.41360228513e-16, 1.38693889467e-16, 2.79410381944e-18, 4.80307463311e-20], [-1.21354188007e-15, 5.74713718185e-15, 2.70496329464e-15, 2.80357254102e-15, 7.80203635903e-16, 1.56176993606e-16, 2.64304582147e-15, 3.00155611629e-15, 1.41247053235e-15, 3.19557155395e-15, 1.37649058445e-15, 1.57650428594e-15, 5.44222819072e-15, 1.08458071151e-14, 3.41486203125e-15, 4.16037807978e-15, 5.82668246944e-15, 3.91192002294e-15, 1.27024855478e-14, 6.55318982808e-15, 3.08315249416e-15, 9.50281922481e-16, 7.62113791476e-17, 1.29208907168e-16, 4.15802154147e-17, 8.16023755547e-19, 1.44053406741e-20], [-2.20721301233e-16, 2.92217737655e-16, 1.78145838649e-16, 2.99402456402e-16, 1.22145939481e-17, -5.5688088473e-17, 3.2012472041e-16, 3.37892586437e-16, 1.48269583701e-16, 4.0678381421e-16, 1.65306910281e-16, 1.86553090637e-16, 6.89590062909e-16, 1.39378509141e-15, 4.19444177445e-16, 4.45379188089e-16, 6.7645935816e-16, 4.48490498923e-16, 1.44946575511e-15, 6.36620063459e-16, 2.44823253171e-16, 7.62113791476e-17, 1.01252722056e-17, 1.11603348866e-17, 3.85849191432e-18, 8.69973056709e-20, 1.48371180486e-21], [-1.22174920581e-16, 1.15811585565e-15, 1.06235274585e-15, 7.95707568151e-16, 1.72676096923e-16, 1.36129788387e-16, 6.19047623814e-16, 7.46023262443e-16, 3.82273512983e-16, 7.90766242634e-16, 3.36234334154e-16, 4.05260901911e-16, 1.37763206723e-15, 2.70581202165e-15, 8.39309012627e-16, 9.06535423612e-16, 1.44244671071e-15, 9.17921664006e-16, 3.13794620849e-15, 1.33017005834e-15, 4.41360228513e-16, 1.29208907168e-16, 1.11603348866e-17, 2.25015675558e-17, 7.49170863344e-18, 1.57756706951e-19, 2.935444678e-21], [-2.8084214473e-17, 4.56386116541e-16, 4.66464008668e-16, 3.19259555663e-16, 9.98392838019e-17, 1.07291188504e-16, 3.14986327384e-16, 3.73011895919e-16, 1.8003856024e-16, 3.21170911979e-16, 1.32139588226e-16, 1.4839587102e-16, 5.26772542755e-16, 1.04929054489e-15, 3.1514527841e-16, 3.218901753e-16, 5.15897222047e-16, 3.34866349475e-16, 1.12038117312e-15, 4.53864817094e-16, 1.38693889467e-16, 4.15802154147e-17, 3.85849191432e-18, 7.49170863344e-18, 2.76673406733e-18, 5.73246762751e-20, 1.09258532892e-21], [-5.18705109797e-19, 1.370431728e-17, 1.22949843231e-17, 8.49391652771e-18, 1.91161646356e-18, 1.21971265819e-18, 6.95273263556e-18, 7.74048485703e-18, 3.73373942947e-18, 8.00727872872e-18, 3.28740352428e-18, 3.85187157429e-18, 1.36968544565e-17, 2.72694184086e-17, 8.26150193664e-18, 8.56119939874e-18, 1.36580117093e-17, 8.59244201047e-18, 2.88164446774e-17, 1.07969271466e-17, 2.79410381944e-18, 8.16023755547e-19, 8.69973056709e-20, 1.57756706951e-19, 5.73246762751e-20, 1.45491971973e-21, 2.85886000397e-23], [1.95498774028e-19, 7.88329645241e-19, 4.30066451609e-19, 1.68055971532e-19, 4.66222677742e-20, 3.82249337596e-20, 1.63162668296e-19, 2.01432980667e-19, 1.00185530853e-19, 1.69545685041e-19, 6.81237130424e-20, 7.80490790618e-20, 2.78991606249e-19, 5.57392760637e-19, 1.67548806419e-19, 1.72757511037e-19, 2.67710568754e-19, 1.70273190389e-19, 5.70172856197e-19, 2.06499203425e-19, 4.80307463311e-20, 1.44053406741e-20, 1.48371180486e-21, 2.935444678e-21, 1.09258532892e-21, 2.85886000397e-23, 3.14370142631e-24]]
    },
    "mfcc": {
        "kurt": [9.67011833191, -1.06165659428, 31.0077133179, -0.119369983673, -0.825682401657, -1.01629328728, 0.389055013657, 0.346186637878, 0.750563144684, 0.171926498413, -0.123439073563, 0.239318847656, 0.380381584167],
        "max": [-860.047302246, 131.122314453, 80.3365478516, 76.8625335693, 49.6516151428, 27.2313079834, 31.0248336792, 21.3725223541, 23.4137153625, 18.8733310699, 18.4319267273, 13.1360244751, 10.8876571655],
        "mean": [-1071.87145996, 75.3556594849, 50.2089309692, 34.0788002014, 10.5055818558, -1.14986157417, 2.80334305763, 0.282222896814, -1.76378250122, 0.890538156033, -1.96607041359, -4.45694875717, -3.70262885094],
        "median": [-1080.96569824, 67.0669631958, 51.0003395081, 35.2452430725, 14.6051177979, 2.37271881104, 2.68727493286, 0.231979370117, -1.86640167236, 0.731964111328, -2.38855361938, -4.67206573486, -3.59107971191],
        "min": [-1138.42004395, 1.14440917969e-05, -68.2140350342, 8.01086425781e-05, -38.6532249451, -28.1257133484, -16.6795043945, -18.6169433594, -24.795539856, -16.175453186, -22.6280117035, -21.3232192993, -21.9581336975],
        "skew": [1.74239826202, 0.420369923115, -3.75265789032, -0.148823454976, -0.357271581888, -0.416583806276, 0.278581053019, 0.125375553966, 0.228097185493, 0.14952865243, 0.218286216259, 0.157415598631, -0.0888089984655],
        "var": [462.174468994, 378.625244141, 105.240661621, 99.4917449951, 171.607666016, 135.466323853, 45.168258667, 28.9881725311, 28.5429420471, 27.0583324432, 34.0060844421, 23.9157581329, 18.5247020721],
        "cov": [[462.487579346, 357.955413818, -12.6408700943, -109.861564636, -186.232192993, -180.828399658, -41.9710960388, 42.1492080688, 33.6209526062, 38.76222229, 66.5293273926, 40.0706710815, 13.1361341476], [357.955413818, 378.881774902, 85.3078384399, -137.065948486, -197.0050354, -178.077529907, -66.4352264404, 42.3152427673, 35.0895614624, 41.7000160217, 74.7993240356, 38.2908439636, 11.5147705078], [-12.6408700943, 85.3078384399, 105.311958313, -23.6951503754, -40.0091323853, -25.6567840576, -24.9258422852, 4.94912624359, 9.62536907196, 13.4499912262, 18.9860153198, 5.81441545486, 2.49386644363], [-109.861564636, -137.065948486, -23.6951503754, 99.5591583252, 108.398361206, 86.1168670654, 42.4579849243, -13.6718101501, -11.4325246811, -11.1609354019, -29.4748821259, -13.2773303986, 0.503505647182], [-186.232192993, -197.0050354, -40.0091323853, 108.398361206, 171.723922729, 141.56149292, 52.1710281372, -13.3498973846, -15.8640727997, -23.6062221527, -40.4963378906, -17.9723625183, -1.94975817204], [-180.828399658, -178.077529907, -25.6567840576, 86.1168670654, 141.56149292, 135.558105469, 53.2730140686, -13.5843229294, -10.4946050644, -17.6237373352, -37.479133606, -18.1460151672, -2.53277659416], [-41.9710960388, -66.4352264404, -24.9258422852, 42.4579849243, 52.1710281372, 53.2730140686, 45.1988601685, 7.34350204468, -1.96806657314, 1.32051193714, -13.631860733, -11.3211250305, 0.899025797844], [42.1492080688, 42.3152427673, 4.94912624359, -13.6718101501, -13.3498973846, -13.5843229294, 7.34350204468, 29.0078125, 18.9587841034, 11.3722171783, 14.1712884903, 5.70703983307, -0.0335120297968], [33.6209526062, 35.0895614624, 9.62536907196, -11.4325246811, -15.8640727997, -10.4946050644, -1.96806657314, 18.9587841034, 28.5622806549, 17.2485389709, 14.0313310623, 10.8875417709, 1.12155127525], [38.76222229, 41.7000160217, 13.4499912262, -11.1609354019, -23.6062221527, -17.6237373352, 1.32051193714, 11.3722171783, 17.2485389709, 27.0766639709, 21.0266113281, 7.72630310059, 7.06253290176], [66.5293273926, 74.7993240356, 18.9860153198, -29.4748821259, -40.4963378906, -37.479133606, -13.631860733, 14.1712884903, 14.0313310623, 21.0266113281, 34.0291252136, 19.5865955353, 7.56027841568], [40.0706710815, 38.2908439636, 5.81441545486, -13.2773303986, -17.9723625183, -18.1460151672, -11.3211250305, 5.70703983307, 10.8875417709, 7.72630310059, 19.5865955353, 23.9319610596, 11.4538564682], [13.1361341476, 11.5147705078, 2.49386644363, 0.503505647182, -1.94975817204, -2.53277659416, 0.899025797844, -0.0335120297968, 1.12155127525, 7.06253290176, 7.56027841568, 11.4538564682, 18.5372524261]]
    },
    "sccoeffs": {
        "kurt": [0.521513700485, 0.000814914703369, 0.0601186752319, 2.09396219254, 1.05776882172, 8.53438949585],
        "max": [-0.613817751408, -0.724899888039, -0.77348613739, -0.809752881527, -0.810882031918, -0.730601787567],
        "mean": [-0.807649075985, -0.85030657053, -0.871761441231, -0.896519720554, -0.878043651581, -0.856341362],
        "median": [-0.808282494545, -0.852528095245, -0.873302936554, -0.898187458515, -0.880142986774, -0.858782887459],
        "min": [-0.925284206867, -0.941436648369, -0.951633751392, -0.942992985249, -0.94452726841, -0.942858695984],
        "skew": [0.353857219219, 0.371791481972, 0.325733363628, 0.867703914642, 0.744790911674, 1.90729963779],
        "var": [0.0018885032041, 0.00111890223343, 0.000659148267005, 0.000260777102085, 0.000252547295531, 0.000259910564637],
        "cov": [[0.0018897827249, -5.21330948686e-05, 4.29722240369e-05, 4.37270318798e-05, -3.45297703461e-05, -6.19360162091e-06], [-5.21330948686e-05, 0.00111966021359, -0.000105841390905, -2.6251131203e-05, 7.40468167351e-05, 1.08191607069e-05], [4.29722240369e-05, -0.000105841390905, 0.000659594836179, -3.23986932926e-06, -5.60895459785e-05, -1.51938120325e-05], [4.37270318798e-05, -2.6251131203e-05, -3.23986932926e-06, 0.00026095379144, -1.61339048645e-05, 2.17201377382e-05], [-3.45297703461e-05, 7.40468167351e-05, -5.60895459785e-05, -1.61339048645e-05, 0.000252718396951, 3.8938709622e-05], [-6.19360162091e-06, 1.08191607069e-05, -1.51938120325e-05, 2.17201377382e-05, 3.8938709622e-05, 0.000260086642811]]
    },
    "scvalleys": {
        "kurt": [3.99958944321, -0.809609651566, 0.281741857529, 11.5815849304, 18.6807785034, 12.2496566772],
        "max": [-7.56591796875, -7.69548082352, -7.88793849945, -7.61750411987, -8.05778694153, -11.0516338348],
        "mean": [-8.90026283264, -9.71998405457, -10.77414608, -11.5485639572, -11.3033084869, -13.6011972427],
        "median": [-8.90145397186, -10.0051527023, -10.9324150085, -11.6298465729, -11.3166389465, -13.6717329025],
        "min": [-12.4870786667, -13.9193563461, -14.2858886719, -14.909737587, -15.3092393875, -16.3671646118],
        "skew": [-0.400890558958, 0.298011898994, 0.390358537436, 1.46053874493, 0.571281731129, 1.66800427437],
        "var": [0.166321486235, 0.702258050442, 0.3437256217, 0.18971426785, 0.12923014164, 0.105071909726],
        "cov": [[0.166434168816, 0.115319207311, 0.0779590681195, 0.0541289299726, 0.0348276682198, 0.0124676087871], [0.115319207311, 0.702733814716, 0.40196210146, 0.222381427884, 0.133686453104, 0.0258317552507], [0.0779590681195, 0.40196210146, 0.343958497047, 0.186874613166, 0.124463520944, 0.0440788976848], [0.0541289299726, 0.222381427884, 0.186874613166, 0.189842805266, 0.115162186325, 0.058053907007], [0.0348276682198, 0.133686453104, 0.124463520944, 0.115162186325, 0.129317685962, 0.079945653677], [0.0124676087871, 0.0258317552507, 0.0440788976848, 0.058053907007, 0.079945653677, 0.105143092573]]
    }
},
"rhythm": {
    "beats_loudness": {
        "kurt": 19.1217746735,
        "max": 8.440016245e-05,
        "mean": 8.55694452184e-06,
        "median": 4.63131300421e-06,
        "min": 1.19904882467e-06,
        "skew": 4.27144527435,
        "var": 1.77459588691e-10
    },
    "bpm": 133.336257935,
    "confidence": 0.217885255814,
    "first_peak_bpm": {
        "kurt": 0,
        "max": 133,
        "mean": 133,
        "median": 133,
        "min": 133,
        "skew": 0,
        "var": 0
    },
    "first_peak_spread": {
        "kurt": 0,
        "max": 0.590909123421,
        "mean": 0.590909123421,
        "median": 0.590909123421,
        "min": 0.590909123421,
        "skew": 0,
        "var": 0
    },
    "first_peak_weight": {
        "kurt": 0,
        "max": 0.140625,
        "mean": 0.140625,
        "median": 0.140625,
        "min": 0.140625,
        "skew": 0,
        "var": 0
    },
    "onset_rate": 1.34286034107,
    "second_peak_bpm": {
        "kurt": 0,
        "max": 88,
        "mean": 88,
        "median": 88,
        "min": 88,
        "skew": 0,
        "var": 0
    },
    "second_peak_spread": {
        "kurt": 0,
        "max": 0.5625,
        "mean": 0.5625,
        "median": 0.5625,
        "min": 0.5625,
        "skew": 0,
        "var": 0
    },
    "second_peak_weight": {
        "kurt": 0,
        "max": 0.109375,
        "mean": 0.109375,
        "median": 0.109375,
        "min": 0.109375,
        "skew": 0,
        "var": 0
    },
    "beats_loudness_band_ratio": {
        "kurt": [-0.755453586578, 1.00630378723, 0.739181280136, 1.43859863281, 17.029088974, 27.5619277954],
        "max": [0.957465529442, 0.584091961384, 0.390899688005, 0.0559096187353, 0.194228455424, 0.354997545481],
        "mean": [0.638257324696, 0.227391704917, 0.098649777472, 0.0155466450378, 0.0194650068879, 0.0343922451138],
        "median": [0.648984670639, 0.209603026509, 0.0452203638852, 0.0114543400705, 0.0115843433887, 0.0214654486626],
        "min": [0.285138934851, 0.0323399677873, 0.00925015006214, 0.000573996920139, 0.00061808625469, 0.000824361166451],
        "skew": [-0.123361498117, 0.954290091991, 1.37636208534, 1.47352170944, 4.02398347855, 4.7842373848],
        "var": [0.0252705998719, 0.0130446767434, 0.0110255740583, 0.00016078693443, 0.000952842121478, 0.00233109737746],
        "cov": [[0.0256654527038, -0.0130626186728, -0.0095870308578, -0.000864735222422, -0.00146434269845, -0.00231556757353], [-0.0130626186728, 0.0132484994829, -8.29850396258e-05, 1.48350845848e-05, 0.000449988438049, 0.000804120732937], [-0.0095870308578, -8.29850396258e-05, 0.0111978482455, 0.000859502935782, -0.00047026577522, -0.00131862342823], [-0.000864735222422, 1.48350845848e-05, 0.000859502935782, 0.000163299235282, 9.94949641608e-06, -6.92767716828e-05], [-0.00146434269845, 0.000449988438049, -0.00047026577522, 9.94949641608e-06, 0.000967730302364, 0.000623391300905], [-0.00231556757353, 0.000804120732937, -0.00131862342823, -6.92767716828e-05, 0.000623391300905, 0.00236752070487]]
    },
    "beats_position": [0.441179126501, 0.882358253002, 1.31192743778, 1.77632653713, 2.22911548615, 2.63546490669, 3.05342388153, 3.49460315704, 3.92417216301, 4.3653512001, 4.78331041336, 5.21287965775, 5.65405893326, 6.03718805313, 6.420317173, 6.82666635513, 7.20979595184, 7.58131504059, 7.94122457504, 8.32435321808, 8.6958732605, 9.14866161346, 9.6014509201, 10.0426301956, 10.4954195023, 10.9365987778, 11.4009971619, 11.8537864685, 12.294965744, 12.7477550507, 13.1889343262, 13.6301136017, 14.0829019547, 14.5356912613, 15.0000905991, 15.4644899368, 15.9404983521, 16.4281177521, 16.904127121, 17.3569164276, 17.8909740448, 18.4366436005, 18.9823131561, 19.6324710846, 20.2710208893, 20.9095687866, 21.5829467773, 22.2331066132, 22.9413146973, 23.6611328125, 24.3461227417, 25.0311107635, 25.7277088165, 26.435918808, 27.1209068298, 27.8175048828, 28.5024929047, 29.1874828339, 29.8840808868, 30.5690689087, 31.2888889313, 32.0087051392, 32.7169151306, 33.4483451843, 34.1449432373],
    "bpm_estimates": [135.999176025, 129.19921875, 132.512069702, 135.999130249, 135.999206543, 135.999130249, 132.512237549, 132.511962891, 135.999130249, 132.511962891, 135.999130249, 129.199417114, 132.511962891, 135.999130249, 132.511962891, 135.999130249, 135.999130249, 132.512237549, 132.511962891, 129.199157715, 129.199157715, 132.511962891],
    "bpm_intervals": [0.441179126501, 0.42956918478, 0.46439909935, 0.452788949013, 0.406349420547, 0.417958974838, 0.441179275513, 0.429569005966, 0.441179037094, 0.417959213257, 0.429569244385, 0.441179275513, 0.383129119873, 0.383129119873, 0.406349182129, 0.38312959671, 0.371519088745, 0.359909534454, 0.383128643036, 0.371520042419, 0.452788352966, 0.452789306641, 0.441179275513, 0.452789306641, 0.441179275513, 0.464398384094, 0.452789306641, 0.441179275513, 0.452789306641, 0.441179275513, 0.441179275513, 0.452788352966, 0.452789306641, 0.464399337769, 0.464399337769, 0.476008415222, 0.487619400024, 0.476009368896, 0.452789306641, 0.534057617188, 0.545669555664, 0.545669555664, 0.650157928467, 0.638549804688, 0.638547897339, 0.673377990723, 0.650159835815, 0.708208084106, 0.719818115234, 0.684989929199, 0.684988021851, 0.696598052979, 0.708209991455, 0.684988021851, 0.696598052979, 0.684988021851, 0.684989929199, 0.696598052979, 0.684988021851, 0.719820022583, 0.719816207886, 0.708209991455, 0.731430053711, 0.696598052979],
    "onset_times": [0.0348299331963, 0.0928798168898, 0.487619042397, 0.99845802784, 1.14938771725, 1.35836732388, 1.47446715832, 2.57741498947, 2.93732428551, 3.19274377823, 3.39011335373, 3.52943301201, 3.90095233917, 3.93578219414, 4.12154197693, 4.27247142792, 4.86458063126, 5.18966007233, 5.36380958557, 5.54956912994, 5.67727899551, 5.78176879883, 5.99074840546, 6.08362817764, 6.45514726639, 6.74539661407, 6.84988641739, 6.98920631409, 8.40562343597, 8.46367359161, 8.893242836, 9.32281208038, 9.61306095123, 10.1006803513, 10.4373693466, 11.0643081665, 14.5356912613, 16.6254882812, 17.0782775879, 20.6773700714, 26.8538780212, 27.3763256073, 32.0203170776, 33.7734222412, 34.028842926, 34.1449432373],
    "histogram": [[0, 0, 0, 0, 0, 0, 0, 0, 0, 0, 0, 0, 0, 0, 0, 0, 0, 0, 0, 0, 0, 0, 0, 0, 0, 0, 0, 0, 0, 0, 0, 0, 0, 0, 0, 0, 0, 0, 0, 0, 0, 0, 0, 0, 0, 0, 0, 0, 0, 0, 0, 0, 0, 0, 0, 0, 0, 0, 0, 0, 0, 0, 0, 0, 0, 0, 0, 0, 0, 0, 0, 0, 0, 0, 0, 0, 0, 0, 0, 0, 0, 0, 0.015625, 0.046875, 0, 0.046875, 0.0625, 0, 0.09375, 0.015625, 0, 0, 0.03125, 0, 0.03125, 0, 0, 0, 0, 0, 0, 0, 0, 0, 0, 0, 0, 0, 0, 0, 0.03125, 0, 0.015625, 0, 0, 0, 0, 0, 0, 0, 0, 0, 0, 0.015625, 0, 0, 0.03125, 0, 0, 0.0625, 0, 0, 0, 0.140625, 0, 0, 0.140625, 0, 0, 0, 0.046875, 0, 0, 0, 0.03125, 0, 0, 0, 0.03125, 0, 0, 0, 0, 0, 0, 0, 0, 0.0625, 0, 0, 0, 0.03125, 0, 0, 0, 0, 0, 0.015625, 0, 0, 0, 0, 0, 0, 0, 0, 0, 0, 0, 0, 0, 0, 0, 0, 0, 0, 0, 0, 0, 0, 0, 0, 0, 0, 0, 0, 0, 0, 0, 0, 0, 0, 0, 0, 0, 0, 0, 0, 0, 0, 0, 0, 0, 0, 0, 0, 0, 0, 0, 0, 0, 0, 0, 0, 0, 0, 0, 0, 0, 0, 0, 0, 0, 0, 0, 0, 0, 0, 0, 0, 0, 0, 0, 0, 0, 0, 0, 0, 0, 0]]
},
"sfx": {
    "inharmonicity": {
        "kurt": 3.17036008835,
        "max": 0.33686581254,
        "mean": 0.0473165437579,
        "median": 0.0249746832997,
        "min": 0,
        "skew": 1.7170227766,
        "var": 0.00345217902213
    },
    "oddtoevenharmonicenergyratio": {
        "kurt": 436.356231689,
        "max": 141.724746704,
        "mean": 0.782137155533,
        "median": 0.148434177041,
        "min": 0,
        "skew": 18.9467754364,
        "var": 27.0040855408
    },
    "pitch_after_max_to_before_max_energy_ratio": 1.86094975471,
    "pitch_centroid": 831.166687012,
    "pitch_max_to_total": 0.199729174376,
    "pitch_min_to_total": 0.291130661964,
    "tristimulus": {
        "kurt": [-1.10080111027, -0.397667884827, 1.84648990631],
        "max": [1, 0.982127726078, 1],
        "mean": [0.560205280781, 0.266048520803, 0.173746198416],
        "median": [0.470920532942, 0.298398375511, 0.169238209724],
        "min": [0, 0, 0],
        "skew": [0.16480281949, 0.324688702822, 0.962532639503],
