{
"metadata": {
    "version": {
        "essentia": "2.1-beta3"
    }
},
"lowLevel": {
    "average_loudness": 0.0324642173946,
    "barkbands_kurtosis": {
        "kurt": 218.59274292,
        "max": 45.8892211914,
        "mean": -0.0891296043992,
        "median": -0.317065000534,
        "min": -1.78552949429,
        "skew": 11.7243452072,
        "var": 3.84067726135
    },
    "barkbands_skewness": {
        "kurt": 14.7661685944,
        "max": 3.70772099495,
        "mean": 0.696209430695,
        "median": 0.782249093056,
        "min": -5.33241224289,
        "skew": -2.17583918571,
        "var": 0.38776743412
    },
    "barkbands_spread": {
        "kurt": 3.9809627533,
        "max": 58.3576164246,
        "mean": 23.4056606293,
        "median": 22.5066146851,
        "min": 1.96195888519,
        "skew": 1.13095927238,
        "var": 32.2165679932
    },
    "dissonance": {
        "kurt": 5.25970554352,
        "max": 0.499944984913,
        "mean": 0.459980428219,
        "median": 0.461463063955,
        "min": 0.321218699217,
        "skew": -1.37127280235,
        "var": 0.000452327978564
    },
    "hfc": {
        "kurt": 220.872161865,
        "max": 13.1832990646,
        "mean": 0.156685218215,
        "median": 0.0288269743323,
        "min": 0.00575363310054,
        "skew": 12.4322566986,
        "var": 0.363452285528
    },
    "pitch": {
        "kurt": 23.5795307159,
        "max": 5756.9765625,
        "mean": 447.688323975,
        "median": 293.971984863,
        "min": 73.6094970703,
        "skew": 4.79549503326,
        "var": 516978.09375
    },
    "pitch_instantaneous_confidence": {
        "kurt": 0.411359786987,
        "max": 0.804315209389,
        "mean": 0.454534173012,
        "median": 0.460511744022,
        "min": 0.222257375717,
        "skew": -0.0850844755769,
        "var": 0.00694625731558
    },
    "pitch_salience": {
        "kurt": 2.34108018875,
        "max": 0.840423047543,
        "mean": 0.631675183773,
        "median": 0.63694024086,
        "min": 0.266547828913,
        "skew": -0.747528374195,
        "var": 0.00446997676045
    },
    "silence_rate_20dB": {
        "kurt": 0,
        "max": 1,
        "mean": 1,
        "median": 1,
        "min": 1,
        "skew": 0,
        "var": 0
    },
    "silence_rate_30dB": {
        "kurt": 0,
        "max": 1,
        "mean": 1,
        "median": 1,
        "min": 1,
        "skew": 0,
        "var": 0
    },
    "silence_rate_60dB": {
        "kurt": 0,
        "max": 1,
        "mean": 1,
        "median": 1,
        "min": 1,
        "skew": 0,
        "var": 0
    },
    "spectral_centroid": {
        "kurt": 10.1575269699,
        "max": 4870.59179688,
        "mean": 1309.56152344,
        "median": 1196.9005127,
        "min": 230.84362793,
        "skew": 2.59575653076,
        "var": 260992.6875
    },
    "spectral_complexity": {
        "kurt": 38.1801643372,
        "max": 8,
        "mean": 0.165725052357,
        "median": 0,
        "min": 0,
        "skew": 5.62850379944,
        "var": 0.478499025106
    },
    "spectral_crest": {
        "kurt": 2.0154504776,
        "max": 19.9620323181,
        "mean": 9.05499267578,
        "median": 9.09730148315,
        "min": 3.69744181633,
        "skew": 0.502381145954,
        "var": 4.22702884674
    },
    "spectral_decrease": {
        "kurt": 56.5525169373,
        "max": -9.64263716617e-13,
        "mean": -1.88356674008e-11,
        "median": -6.01241929507e-12,
        "min": -7.44302008915e-10,
        "skew": -6.40619421005,
        "var": 2.34151728518e-21
    },
    "spectral_energy": {
        "kurt": 54.3903923035,
        "max": 0.0031567630358,
        "mean": 8.53020537761e-05,
        "median": 2.5373261451e-05,
        "min": 4.16122065872e-06,
        "skew": 6.36676073074,
        "var": 5.12561335597e-08
    },
    "spectral_energyband_high": {
        "kurt": 355.260009766,
        "max": 0.00239662127569,
        "mean": 1.49117195178e-05,
        "median": 1.11219628707e-06,
        "min": 4.46537512744e-07,
        "skew": 16.5843219757,
        "var": 8.61945093078e-09
    },
    "spectral_energyband_low": {
        "kurt": 73.0483856201,
        "max": 0.000142837088788,
        "mean": 2.98233112517e-06,
        "median": 5.08276627897e-07,
        "min": 1.85525017571e-08,
        "skew": 7.37374448776,
        "var": 8.22478057882e-11
    },
    "spectral_energyband_middle_high": {
        "kurt": 29.935092926,
        "max": 0.000798200548161,
        "mean": 3.01765212498e-05,
        "median": 9.6191852208e-06,
        "min": 1.60037905061e-06,
        "skew": 4.9701461792,
        "var": 5.40691580397e-09
    },
    "spectral_energyband_middle_low": {
        "kurt": 120.844581604,
        "max": 0.00251306709833,
        "mean": 3.83243495889e-05,
        "median": 1.32235081765e-05,
        "min": 1.96705013877e-06,
        "skew": 9.40660381317,
        "var": 1.71295049256e-08
    },
    "spectral_flatness_db": {
        "kurt": 6.34099388123,
        "max": 0.327156484127,
        "mean": 0.164848193526,
        "median": 0.159074768424,
        "min": 0.098775357008,
        "skew": 2.0515127182,
        "var": 0.000630740250926
    },
    "spectral_flux": {
        "kurt": 18.4901676178,
        "max": 0.0444367974997,
        "mean": 0.00398939568549,
        "median": 0.00230403849855,
        "min": 0.00150247616693,
        "skew": 3.81199455261,
        "var": 2.1271622245e-05
    },
    "spectral_kurtosis": {
        "kurt": 0.257120132446,
        "max": 11.7713909149,
        "mean": 3.95687246323,
        "median": 4.14533567429,
        "min": -1.18879401684,
        "skew": -0.311705678701,
        "var": 3.84281659126
    },
    "spectral_rms": {
        "kurt": 15.7063922882,
        "max": 0.00175492698327,
        "mean": 0.000220648522372,
        "median": 0.000157335307449,
        "min": 6.37159901089e-05,
        "skew": 3.69704961777,
        "var": 3.45357271669e-08
    },
    "spectral_rolloff": {
        "kurt": 2.13696575165,
        "max": 5921.63085938,
        "mean": 2533.49462891,
        "median": 2368.65234375,
        "min": 193.798828125,
        "skew": 1.13662993908,
        "var": 907482.8125
    },
    "spectral_skewness": {
        "kurt": 2.35375881195,
        "max": 2.60542035103,
        "mean": 1.33545744419,
        "median": 1.40220892429,
        "min": -0.225043460727,
        "skew": -1.2893819809,
        "var": 0.134174987674
    },
    "spectral_spread": {
        "kurt": 6.55467700958,
        "max": 7012029,
        "mean": 3627467.25,
        "median": 3513539.25,
        "min": 2106406,
        "skew": 2.25613927841,
        "var": 380684730368
    },
    "spectral_strongpeak": {
        "kurt": 178.47605896,
        "max": 2.38601183891,
        "mean": 0.0857994705439,
        "median": 0.068712964654,
        "min": 0.00412857858464,
        "skew": 10.6523885727,
        "var": 0.0110285785049
    },
    "zerocrossingrate": {
        "kurt": 6.03368186951,
        "max": 0.20703125,
        "mean": 0.0779542699456,
        "median": 0.072265625,
        "min": 0.03076171875,
        "skew": 2.07835364342,
        "var": 0.000506269338075
    },
    "barkbands": {
        "kurt": [103.674880981, 140.833587646, 59.9996337891, 120.178146362, 392.415740967, 199.223831177, 364.428039551, 101.637443542, 102.009689331, 136.097549438, 214.663070679, 229.42338562, 217.360092163, 82.5648803711, 294.444274902, 153.635894775, 93.8502883911, 136.615249634, 344.604309082, 237.687927246, 510.453674316, 123.231300354, 113.684799194, 170.868133545, 372.400299072, 462.554626465, 139.4193573],
        "max": [1.71572833096e-06, 0.000116108698421, 4.52882013633e-05, 4.94862106279e-05, 0.000621761428192, 0.000501898757648, 0.0023339050822, 0.000392581598135, 0.00031880143797, 0.000361312326277, 0.000318311242154, 0.000113577843877, 0.000181080496986, 0.000144701436511, 0.000320009625284, 0.0002538607514, 0.000210582787986, 0.000131397348014, 0.000517161504831, 0.000293915509246, 0.00162321305834, 0.000666004605591, 4.30915824836e-05, 4.11786641052e-06, 7.48758964164e-07, 1.07545359285e-08, 2.36744568394e-10],
        "mean": [3.4969676932e-08, 1.57108536314e-06, 1.00759916677e-06, 8.84641565335e-07, 3.83532233172e-06, 5.6517997109e-06, 1.0451016351e-05, 1.19960268421e-05, 4.1038888412e-06, 6.28143470749e-06, 2.09379686567e-06, 1.17762931495e-06, 1.84015516425e-06, 2.61565310211e-06, 2.80213498627e-06, 2.65402331934e-06, 3.46529645867e-06, 2.20778383664e-06, 4.22851690018e-06, 3.0323988085e-06, 6.63909804643e-06, 6.20770970272e-06, 4.69676990633e-07, 4.51852208982e-08, 5.15406606283e-09, 7.83588124942e-11, 3.18987414608e-12],
        "median": [6.78965017542e-09, 1.68233341924e-07, 1.32013838083e-07, 2.69287397714e-07, 9.14899146665e-07, 1.91453295884e-06, 5.23293749666e-07, 8.43647194415e-06, 4.37118700347e-07, 3.00853707813e-06, 2.37337602016e-07, 3.93538442722e-07, 7.33297213174e-07, 7.72405371663e-07, 8.5740640543e-07, 5.7031633105e-07, 6.49808271191e-07, 6.54635698538e-07, 9.22937033465e-07, 9.55409404924e-07, 5.13674592639e-07, 6.9816934456e-08, 5.89420556807e-09, 1.1033756131e-09, 1.12010734021e-09, 3.19686048467e-11, 5.80311081307e-13],
        "min": [3.4876457191e-12, 8.94138985075e-10, 1.61036883828e-09, 2.35654273872e-09, 4.86759255125e-08, 1.63530799568e-07, 3.23211679643e-08, 9.1220209697e-07, 7.34776648414e-08, 1.36026557129e-07, 3.15888577518e-08, 3.4425703177e-08, 1.4346007049e-07, 1.1371740527e-07, 5.91268580763e-08, 6.21409128598e-08, 7.64538228282e-08, 7.92410190797e-08, 1.16155263186e-07, 2.58468702441e-07, 1.74851535917e-07, 1.68031686343e-08, 1.98829419595e-09, 4.4684056455e-10, 1.35246466804e-10, 6.84217426098e-14, 1.10142849329e-15],
        "skew": [8.18591880798, 9.99734783173, 6.93475961685, 9.16324806213, 18.3799381256, 12.1795215607, 16.7056274414, 9.37651729584, 9.31460189819, 10.657998085, 12.98487854, 13.6050462723, 12.4508180618, 8.47530078888, 14.4165859222, 10.8076934814, 8.65094947815, 10.3915538788, 15.2303800583, 13.6594581604, 20.846113205, 9.58971691132, 9.22234630585, 10.8564872742, 18.2012062073, 20.9513568878, 10.7758483887],
        "var": [8.36346864295e-15, 3.25300932025e-11, 1.15176678958e-11, 6.66404518374e-12, 6.73809341656e-10, 5.17642206876e-10, 7.63416796445e-09, 5.80576420273e-10, 4.4866083071e-10, 4.59066035186e-10, 1.98314767386e-10, 2.84280429058e-11, 5.95075030918e-11, 1.16807966077e-10, 1.56475554736e-10, 1.57548779578e-10, 1.84449316931e-10, 6.32261118461e-11, 3.64768049099e-10, 1.6960965965e-10, 3.27978000314e-09, 1.21805965314e-09, 5.55876091685e-12, 4.43989124437e-14, 1.07344136004e-15, 2.04498356921e-19, 2.0883579115e-22],
        "cov": [[8.36872194129e-15, 3.00077562625e-13, 1.0855775507e-13, 6.15491002349e-14, -6.34291203545e-14, -1.12274339131e-13, -3.09417611975e-13, -1.13277314232e-13, -1.15292934162e-13, -9.8486160633e-14, -6.13971967343e-14, -2.56404140677e-14, -3.64945229527e-14, -5.8106907415e-14, -5.97165952755e-14, -6.03471537065e-14, -8.17178627283e-14, -4.93595812281e-14, -9.78458511588e-14, -6.39746637826e-14, -2.02997327606e-13, -1.84372265719e-13, -1.47817345929e-14, -1.43619232531e-15, -1.31935704749e-16, -9.21708434811e-19, -6.02599913022e-20], [3.00077562625e-13, 3.2550528245e-11, 1.15795949218e-11, 6.86997680965e-12, -1.52676612672e-12, -5.11801104969e-12, -1.47345226298e-11, -4.55730722257e-12, -5.28170432737e-12, -4.20275749966e-12, -2.79789039159e-12, -1.20232925178e-12, -1.59053412802e-12, -2.71301774449e-12, -2.76557032483e-12, -2.86069301927e-12, -3.69133326336e-12, -2.17331686501e-12, -4.32747414292e-12, -2.70743063385e-12, -9.12280320731e-12, -8.99535567561e-12, -6.76348788173e-13, -6.56749164058e-14, -6.16171449326e-15, -2.31479694998e-17, -1.97032002407e-18], [1.0855775507e-13, 1.15795949218e-11, 1.15249025601e-11, 3.97594544094e-12, -9.66253119183e-13, -3.23595555733e-12, -8.75128355199e-12, -2.95814436314e-12, -3.24910866441e-12, -2.67129807857e-12, -1.70347622726e-12, -6.99643576581e-13, -9.77472660105e-13, -1.65681173208e-12, -1.71563934934e-12, -1.81635793645e-12, -2.47760405941e-12, -1.41205710319e-12, -2.95519641744e-12, -1.83707411262e-12, -5.7400074277e-12, -5.56842549501e-12, -4.19872632756e-13, -4.05951585281e-14, -3.8845210482e-15, -2.36791898523e-17, -1.63060335714e-18], [6.15491002349e-14, 6.86997680965e-12, 3.97594544094e-12, 6.66823107148e-12, 3.92812128311e-12, 7.75602672365e-12, -1.45613480041e-12, 2.38426422702e-12, 8.75122077668e-13, 1.32094096945e-12, 6.27973584591e-13, 3.0412513328e-13, 1.01166069879e-12, 4.64368723595e-13, 6.25853589873e-13, 1.78373895515e-12, 9.77389827059e-13, 3.08700439343e-13, -5.16881459509e-13, 1.49354324481e-13, 1.23094243132e-13, 7.81159316919e-13, 1.99015689996e-13, 2.09362539648e-14, 2.85333636194e-16, 1.3854357917e-17, 8.34917232822e-19], [-6.34291203545e-14, -1.52676612672e-12, -9.66253119183e-13, 3.92812128311e-12, 6.74232558673e-10, 7.21091658606e-11, 3.01493108257e-10, 8.62376767219e-11, 1.08352334049e-10, 5.205575207e-11, 1.00608028852e-11, 1.00659801675e-11, 1.28141906808e-11, 1.39986312472e-11, 1.60894145229e-11, 3.13146834852e-11, 3.62490107375e-11, 1.05206407822e-11, 8.30747710207e-12, 1.03736351106e-11, 7.93618851191e-11, 1.56385140948e-10, 1.14076864274e-11, 1.10266732811e-12, 8.20118170423e-14, 1.90402378926e-16, 5.31568165369e-17], [-1.12274339131e-13, -5.11801104969e-12, -3.23595555733e-12, 7.75602672365e-12, 7.21091658606e-11, 5.17967335689e-10, 5.85284432031e-10, 1.44451783868e-10, 1.07917008663e-10, 2.57077942267e-10, 5.68371044674e-11, 1.18857545334e-11, 2.63107296367e-11, 2.54287511187e-11, 4.45512168823e-11, 5.15258218037e-11, 3.50244416802e-11, 9.61638060848e-12, 2.25647972529e-11, 8.82248787915e-12, 6.18993467594e-11, 2.36775044016e-10, 1.68484774743e-11, 1.22650652655e-12, 6.14064666628e-14, 4.58127457462e-16, 5.41867060304e-17], [-3.09417611975e-13, -1.47345226298e-11, -8.75128355199e-12, -1.45613480041e-12, 3.01493108257e-10, 5.85284432031e-10, 7.63896323974e-09, 6.12666528621e-10, 7.57154616782e-10, 9.09652797532e-10, 1.92340476879e-10, 1.69827901741e-10, 2.20546463037e-11, 1.03478309255e-10, 8.40670519309e-11, 1.1693818136e-10, 1.75153627713e-10, 2.71325548834e-11, 9.84296880113e-11, 1.42109249715e-11, 5.38406319528e-10, 1.34482591729e-09, 8.52295109488e-11, 3.85801937272e-12, 1.11257825056e-13, 7.10990085623e-16, 6.21219363351e-16], [-1.13277314232e-13, -4.55730722257e-12, -2.95814436314e-12, 2.38426422702e-12, 8.62376767219e-11, 1.44451783868e-10, 6.12666528621e-10, 5.80941073025e-10, 2.86674795014e-10, 2.17379461653e-10, 1.31883448606e-10, 4.42755831997e-11, 4.69287456117e-11, 3.68566427378e-11, 2.25176578772e-11, 3.39027451945e-11, 1.01255039076e-10, 2.49793952883e-11, 5.63184637814e-11, 9.89164219284e-12, 1.068457961e-10, 2.50224646559e-10, 2.67359988315e-11, 1.47573587465e-12, 4.46994397334e-14, 2.68446155037e-16, 1.84491928604e-16], [-1.15292934162e-13, -5.28170432737e-12, -3.24910866441e-12, 8.75122077668e-13, 1.08352334049e-10, 1.07917008663e-10, 7.57154616782e-10, 2.86674795014e-10, 4.48942633069e-10, 2.58089799532e-10, 1.25523827443e-10, 3.76940839653e-11, 3.81596941545e-11, 4.10696476827e-11, 3.7948418713e-11, 4.85604681466e-11, 8.01872387934e-11, 2.51969608372e-11, 8.35676250421e-11, 2.34582353542e-11, 8.8071931692e-11, 2.46018871941e-10, 2.37082610488e-11, 1.24754189184e-12, 5.18476693599e-14, 7.11049616158e-17, 1.5826444013e-16], [-9.8486160633e-14, -4.20275749966e-12, -2.67129807857e-12, 1.32094096945e-12, 5.205575207e-11, 2.57077942267e-10, 9.09652797532e-10, 2.17379461653e-10, 2.58089799532e-10, 4.59354387861e-10, 1.4542086979e-10, 2.69896778538e-11, 1.47952206042e-11, 1.48537883382e-11, 1.38603243466e-11, 2.7033281863e-11, 5.12727013624e-11, 1.67480213725e-11, 8.52303089216e-11, 1.94980316615e-11, 4.45675198135e-11, 2.01513902787e-10, 2.36729906511e-11, 1.1725848157e-12, 6.1811050256e-14, 6.98075916907e-17, 1.5078463628e-16], [-6.13971967343e-14, -2.79789039159e-12, -1.70347622726e-12, 6.27973584591e-13, 1.00608028852e-11, 5.68371044674e-11, 1.92340476879e-10, 1.31883448606e-10, 1.25523827443e-10, 1.4542086979e-10, 1.98439334409e-10, 2.55432012347e-11, 6.25586128039e-12, 4.41401082352e-12, 4.43649977866e-12, 6.93123293136e-12, 4.51725705453e-11, 1.52035883882e-11, 1.00171003437e-10, 2.44672771627e-11, 2.01251879745e-11, 5.27581589527e-11, 1.03424994263e-11, 7.92752636539e-13, 6.104636924e-14, -2.34185832916e-17, 7.42269794756e-17], [-2.56404140677e-14, -1.20232925178e-12, -6.99643576581e-13, 3.0412513328e-13, 1.00659801675e-11, 1.18857545334e-11, 1.69827901741e-10, 4.42755831997e-11, 3.76940839653e-11, 2.69896778538e-11, 2.55432012347e-11, 2.84459001493e-11, 5.8405489646e-12, 5.03700813698e-12, 5.67740082377e-12, 9.34269935721e-12, 1.60198208865e-11, 5.88269233673e-12, 2.31860398936e-11, 9.11519384278e-12, 2.52548485596e-11, 3.55295619314e-11, 2.53462225167e-12, 3.72614428461e-13, 1.41277701004e-14, 3.43589547233e-18, 1.80424238163e-17], [-3.64945229527e-14, -1.59053412802e-12, -9.77472660105e-13, 1.01166069879e-12, 1.28141906808e-11, 2.63107296367e-11, 2.20546463037e-11, 4.69287456117e-11, 3.81596941545e-11, 1.47952206042e-11, 6.25586128039e-12, 5.8405489646e-12, 5.95448829133e-11, 5.14368374283e-11, 5.43352203508e-11, 3.25575955085e-11, 1.78562963027e-11, 1.32505039926e-11, 2.22552601348e-11, 2.14222407174e-11, 2.26653366214e-11, 2.72039370197e-11, 4.03629907275e-12, 5.00740562296e-13, 1.56180491852e-14, 5.77831847634e-17, 1.88317625702e-17], [-5.8106907415e-14, -2.71301774449e-12, -1.65681173208e-12, 4.64368723595e-13, 1.39986312472e-11, 2.54287511187e-11, 1.03478309255e-10, 3.68566427378e-11, 4.10696476827e-11, 1.48537883382e-11, 4.41401082352e-12, 5.03700813698e-12, 5.14368374283e-11, 1.16881337942e-10, 7.27085405772e-11, 5.80357255309e-11, 3.24720007827e-11, 2.15694389433e-11, 3.54413512427e-11, 3.14572361215e-11, 6.91732296443e-11, 9.58077228663e-11, 5.19983535396e-12, 7.58670090726e-13, 3.8246376823e-14, 3.19697789334e-16, 3.51163911889e-17], [-5.97165952755e-14, -2.76557032483e-12, -1.71563934934e-12, 6.25853589873e-13, 1.60894145229e-11, 4.45512168823e-11, 8.40670519309e-11, 2.25176578772e-11, 3.7948418713e-11, 1.38603243466e-11, 4.43649977866e-12, 5.67740082377e-12, 5.43352203508e-11, 7.27085405772e-11, 1.56573837229e-10, 6.21741963469e-11, 3.08669478866e-11, 2.09617271457e-11, 3.61090879419e-11, 3.0526210032e-11, 4.5631640827e-11, 9.57255594236e-11, 4.92816074407e-12, 6.21268661516e-13, 3.98155426272e-14, 2.97324049307e-16, 2.64305331904e-17], [-6.03471537065e-14, -2.86069301927e-12, -1.81635793645e-12, 1.78373895515e-12, 3.13146834852e-11, 5.15258218037e-11, 1.1693818136e-10, 3.39027451945e-11, 4.85604681466e-11, 2.7033281863e-11, 6.93123293136e-12, 9.34269935721e-12, 3.25575955085e-11, 5.80357255309e-11, 6.21741963469e-11, 1.57647742083e-10, 6.56618717731e-11, 3.42966835487e-11, 6.86538395578e-11, 3.34063957053e-11, 6.26033114237e-11, 1.28063448734e-10, 5.80751375809e-12, 5.9831875782e-13, 4.75893636835e-14, 4.29880443918e-16, 2.41407483623e-17], [-8.17178627283e-14, -3.69133326336e-12, -2.47760405941e-12, 9.77389827059e-13, 3.62490107375e-11, 3.50244416802e-11, 1.75153627713e-10, 1.01255039076e-10, 8.01872387934e-11, 5.12727013624e-11, 4.51725705453e-11, 1.60198208865e-11, 1.78562963027e-11, 3.24720007827e-11, 3.08669478866e-11, 6.56618717731e-11, 1.84565168704e-10, 7.02241598205e-11, 1.24507709698e-10, 6.45125203258e-11, 1.75459799467e-10, 1.33047906026e-10, 1.01183705511e-11, 8.04768523956e-13, 1.02101473435e-13, 9.29848840815e-16, 5.70976108542e-17], [-4.93595812281e-14, -2.17331686501e-12, -1.41205710319e-12, 3.08700439343e-13, 1.05206407822e-11, 9.61638060848e-12, 2.71325548834e-11, 2.49793952883e-11, 2.51969608372e-11, 1.67480213725e-11, 1.52035883882e-11, 5.88269233673e-12, 1.32505039926e-11, 2.15694389433e-11, 2.09617271457e-11, 3.42966835487e-11, 7.02241598205e-11, 6.32658300748e-11, 7.88548115693e-11, 6.88691464967e-11, 1.79672679512e-10, 8.09566511051e-11, 5.99303983176e-12, 7.25098041506e-13, 1.11951727999e-13, 1.18785041787e-15, 2.09939316277e-17], [-9.78458511588e-14, -4.32747414292e-12, -2.95519641744e-12, -5.16881459509e-13, 8.30747710207e-12, 2.25647972529e-11, 9.84296880113e-11, 5.63184637814e-11, 8.35676250421e-11, 8.52303089216e-11, 1.00171003437e-10, 2.31860398936e-11, 2.22552601348e-11, 3.54413512427e-11, 3.61090879419e-11, 6.86538395578e-11, 1.24507709698e-10, 7.88548115693e-11, 3.64997171376e-10, 1.65593247448e-10, 6.25276386224e-10, 2.78811168597e-10, 1.62926460517e-11, 1.59186260094e-12, 2.53682952466e-13, 2.19087104686e-15, 4.36916435591e-17], [-6.39746637826e-14, -2.70743063385e-12, -1.83707411262e-12, 1.49354324481e-13, 1.03736351106e-11, 8.82248787915e-12, 1.42109249715e-11, 9.89164219284e-12, 2.34582353542e-11, 1.94980316615e-11, 2.44672771627e-11, 9.11519384278e-12, 2.14222407174e-11, 3.14572361215e-11, 3.0526210032e-11, 3.34063957053e-11, 6.45125203258e-11, 6.88691464967e-11, 1.65593247448e-10, 1.69716199427e-10, 5.17655973642e-10, 2.16992437907e-10, 1.34745079677e-11, 1.55789357109e-12, 2.70239749632e-13, 3.08454861622e-15, 3.08796151048e-17], [-2.02997327606e-13, -9.12280320731e-12, -5.7400074277e-12, 1.23094243132e-13, 7.93618851191e-11, 6.18993467594e-11, 5.38406319528e-10, 1.068457961e-10, 8.8071931692e-11, 4.45675198135e-11, 2.01251879745e-11, 2.52548485596e-11, 2.26653366214e-11, 6.91732296443e-11, 4.5631640827e-11, 6.26033114237e-11, 1.75459799467e-10, 1.79672679512e-10, 6.25276386224e-10, 5.17655973642e-10, 3.28184013298e-09, 1.44465439611e-09, 8.40461381046e-11, 7.88978604671e-12, 1.40850536529e-12, 1.90697457147e-14, 1.21724881388e-16], [-1.84372265719e-13, -8.99535567561e-12, -5.56842549501e-12, 7.81159316919e-13, 1.56385140948e-10, 2.36775044016e-10, 1.34482591729e-09, 2.50224646559e-10, 2.46018871941e-10, 2.01513902787e-10, 5.27581589527e-11, 3.55295619314e-11, 2.72039370197e-11, 9.58077228663e-11, 9.57255594236e-11, 1.28063448734e-10, 1.33047906026e-10, 8.09566511051e-11, 2.78811168597e-10, 2.16992437907e-10, 1.44465439611e-09, 1.21882470783e-09, 6.00083524538e-11, 4.97641251124e-12, 6.16327952216e-13, 7.67832147961e-15, 1.5033603969e-16], [-1.47817345929e-14, -6.76348788173e-13, -4.19872632756e-13, 1.99015689996e-13, 1.14076864274e-11, 1.68484774743e-11, 8.52295109488e-11, 2.67359988315e-11, 2.37082610488e-11, 2.36729906511e-11, 1.03424994263e-11, 2.53462225167e-12, 4.03629907275e-12, 5.19983535396e-12, 4.92816074407e-12, 5.80751375809e-12, 1.01183705511e-11, 5.99303983176e-12, 1.62926460517e-11, 1.34745079677e-11, 8.40461381046e-11, 6.00083524538e-11, 5.56225248152e-12, 3.48859829913e-13, 4.78339054835e-14, 6.28613484525e-16, 1.73428424307e-17], [-1.43619232531e-15, -6.56749164058e-14, -4.05951585281e-14, 2.09362539648e-14, 1.10266732811e-12, 1.22650652655e-12, 3.85801937272e-12, 1.47573587465e-12, 1.24754189184e-12, 1.1725848157e-12, 7.92752636539e-13, 3.72614428461e-13, 5.00740562296e-13, 7.58670090726e-13, 6.21268661516e-13, 5.9831875782e-13, 8.04768523956e-13, 7.25098041506e-13, 1.59186260094e-12, 1.55789357109e-12, 7.88978604671e-12, 4.97641251124e-12, 3.48859829913e-13, 4.44268001565e-14, 5.05460007955e-15, 6.11907056659e-17, 8.25036095116e-19], [-1.31935704749e-16, -6.16171449326e-15, -3.8845210482e-15, 2.85333636194e-16, 8.20118170423e-14, 6.14064666628e-14, 1.11257825056e-13, 4.46994397334e-14, 5.18476693599e-14, 6.1811050256e-14, 6.104636924e-14, 1.41277701004e-14, 1.56180491852e-14, 3.8246376823e-14, 3.98155426272e-14, 4.75893636835e-14, 1.02101473435e-13, 1.11951727999e-13, 2.53682952466e-13, 2.70239749632e-13, 1.40850536529e-12, 6.16327952216e-13, 4.78339054835e-14, 5.05460007955e-15, 1.07411559827e-15, 1.38123950445e-17, 1.06507452555e-19], [-9.21708434811e-19, -2.31479694998e-17, -2.36791898523e-17, 1.3854357917e-17, 1.90402378926e-16, 4.58127457462e-16, 7.10990085623e-16, 2.68446155037e-16, 7.11049616158e-17, 6.98075916907e-17, -2.34185832916e-17, 3.43589547233e-18, 5.77831847634e-17, 3.19697789334e-16, 2.97324049307e-16, 4.29880443918e-16, 9.29848840815e-16, 1.18785041787e-15, 2.19087104686e-15, 3.08454861622e-15, 1.90697457147e-14, 7.67832147961e-15, 6.28613484525e-16, 6.11907056659e-17, 1.38123950445e-17, 2.04626815485e-19, 1.12118798646e-21], [-6.02599913022e-20, -1.97032002407e-18, -1.63060335714e-18, 8.34917232822e-19, 5.31568165369e-17, 5.41867060304e-17, 6.21219363351e-16, 1.84491928604e-16, 1.5826444013e-16, 1.5078463628e-16, 7.42269794756e-17, 1.80424238163e-17, 1.88317625702e-17, 3.51163911889e-17, 2.64305331904e-17, 2.41407483623e-17, 5.70976108542e-17, 2.09939316277e-17, 4.36916435591e-17, 3.08796151048e-17, 1.21724881388e-16, 1.5033603969e-16, 1.73428424307e-17, 8.25036095116e-19, 1.06507452555e-19, 1.12118798646e-21, 2.08966969252e-22]]
    },
    "mfcc": {
        "kurt": [5.16143894196, 9.58245658875, 5.02247142792, 3.19334697723, 3.08903503418, 1.71215105057, 4.94011878967, 1.23045539856, 1.73349618912, 1.90197706223, 2.00973463058, 2.78188085556, 1.43762874603],
        "max": [-782.103820801, 141.356658936, 16.7004470825, 85.2791748047, 21.4532470703, 28.9659004211, 29.9722824097, 30.6754322052, 29.6437416077, 32.4260406494, 27.1237297058, 21.3361377716, 14.2987098694],
        "mean": [-945.105834961, 92.4033050537, -32.3491249084, 16.4921035767, -17.4310626984, -18.0801830292, -3.83951711655, -14.4131193161, 1.68674516678, 6.27038526535, -1.01626849174, -1.40033912659, -6.62677335739],
        "median": [-957.739746094, 94.0994338989, -31.2425956726, 14.9563789368, -13.8818626404, -18.7383117676, -0.627391815186, -14.6981658936, 2.06028747559, 8.18159675598, -0.844722747803, -0.491722106934, -6.26028823853],
        "min": [-1032.37219238, -50.3317184448, -129.951156616, -22.6959190369, -100.121795654, -60.9271812439, -80.6054077148, -61.7855834961, -38.9311141968, -50.502532959, -30.9711894989, -41.1892585754, -41.0107383728],
        "skew": [2.38222694397, -1.82144451141, -1.39873731136, 1.09265339375, -1.56769049168, 0.291937172413, -1.99566018581, 0.252935051918, -0.495791852474, -1.19960379601, -0.466212749481, -1.19258534908, -0.563948273659],
        "var": [1410.84020996, 289.589263916, 267.452148438, 141.753311157, 319.9347229, 113.23084259, 291.840148926, 90.9118347168, 61.8135681152, 125.982627869, 43.8265838623, 60.1022720337, 42.3028717041],
        "cov": [[1411.72644043, -277.631561279, -236.33833313, 141.896224976, -440.114349365, 141.544830322, -422.540252686, 59.5226364136, -47.5018005371, -234.898239136, 12.7761201859, -121.249343872, -38.66040802], [-277.631561279, 289.771179199, 189.194366455, -10.3738002777, 208.060516357, 24.6667499542, 176.682373047, 54.5131225586, 52.7710037231, 106.550468445, 6.38453817368, 52.1769523621, 30.8246822357], [-236.33833313, 189.194366455, 267.620147705, 42.5067367554, 125.756568909, 52.7089614868, 96.7080459595, 43.7547569275, 47.6196098328, 59.8071556091, 16.3268585205, 34.7687034607, 24.2622585297], [141.896224976, -10.3738002777, 42.5067367554, 141.842346191, 27.2681083679, 58.3841018677, 4.14319324493, 30.4317550659, 39.6738624573, -7.24240398407, 20.4378223419, 4.96747970581, 5.21748638153], [-440.114349365, 208.060516357, 125.756568909, 27.2681083679, 320.13571167, 32.0497665405, 214.393112183, 18.1591815948, 67.729057312, 152.385055542, 14.1702480316, 76.7950973511, 34.8651313782], [141.544830322, 24.6667499542, 52.7089614868, 58.3841018677, 32.0497665405, 113.301971436, -19.1281967163, 8.59271907806, 35.0371437073, 12.9177646637, 25.5745639801, 7.11382818222, 7.25343227386], [-422.540252686, 176.682373047, 96.7080459595, 4.14319324493, 214.393112183, -19.1281967163, 292.023468018, 51.2593040466, 51.9661064148, 136.981231689, 4.28609466553, 80.5685348511, 28.538061142], [59.5226364136, 54.5131225586, 43.7547569275, 30.4317550659, 18.1591815948, 8.59271907806, 51.2593040466, 90.9689331055, 30.079366684, 14.2763843536, 17.416185379, 16.3007240295, 18.0908222198], [-47.5018005371, 52.7710037231, 47.6196098328, 39.6738624573, 67.729057312, 35.0371437073, 51.9661064148, 30.079366684, 61.8523979187, 39.4566497803, 15.6186170578, 23.3955955505, 12.7317371368], [-234.898239136, 106.550468445, 59.8071556091, -7.24240398407, 152.385055542, 12.9177646637, 136.981231689, 14.2763843536, 39.4566497803, 126.061767578, 20.0806751251, 43.7578811646, 27.0588912964], [12.7761201859, 6.38453817368, 16.3268585205, 20.4378223419, 14.1702480316, 25.5745639801, 4.28609466553, 17.416185379, 15.6186170578, 20.0806751251, 43.8541145325, 15.4555845261, 11.1250734329], [-121.249343872, 52.1769523621, 34.7687034607, 4.96747970581, 76.7950973511, 7.11382818222, 80.5685348511, 16.3007240295, 23.3955955505, 43.7578811646, 15.4555845261, 60.1400260925, 26.3764457703], [-38.66040802, 30.8246822357, 24.2622585297, 5.21748638153, 34.8651313782, 7.25343227386, 28.538061142, 18.0908222198, 12.7317371368, 27.0588912964, 11.1250734329, 26.3764457703, 42.3294448853]]
    },
    "sccoeffs": {
        "kurt": [2.88591814041, 3.08044862747, 5.63347148895, 5.217669487, 4.27575016022, 6.83232402802],
        "max": [-0.436377316713, -0.511404573917, -0.619650006294, -0.688149273396, -0.711353600025, -0.500998497009],
        "mean": [-0.789761185646, -0.759973883629, -0.825762271881, -0.84619063139, -0.868417918682, -0.748660504818],
        "median": [-0.803124964237, -0.762929260731, -0.828038752079, -0.849183142185, -0.876932263374, -0.761493444443],
        "min": [-0.936288535595, -0.89295566082, -0.903548061848, -0.91623044014, -0.907244920731, -0.815957069397],
        "skew": [1.33596467972, 0.839393258095, 1.37461996078, 1.52023363113, 2.07605457306, 2.49906611443],
        "var": [0.00474145403132, 0.00138287688605, 0.00103537912946, 0.000681828707457, 0.000782850547694, 0.00203586183488],
        "cov": [[0.00474443240091, 0.000532216159627, 0.000496831082273, 0.000574419449549, 0.000855747202877, 0.00157322280575], [0.000532216159627, 0.00138374546077, 0.000240110268351, 0.00011619579891, 7.62178242439e-05, 0.000406688981457], [0.000496831082273, 0.000240110268351, 0.00103602954186, 3.51279668394e-05, 0.00012322497787, 0.000372559239622], [0.000574419449549, 0.00011619579891, 3.51279668394e-05, 0.000682256999426, 0.000290677067824, 0.000458260736195], [0.000855747202877, 7.62178242439e-05, 0.00012322497787, 0.000290677067824, 0.000783342286013, 0.000850153679494], [0.00157322280575, 0.000406688981457, 0.000372559239622, 0.000458260736195, 0.000850153679494, 0.00203714054078]]
    },
    "scvalleys": {
        "kurt": [-0.359583616257, 3.87635946274, 6.48706054688, 8.85544013977, 8.09027194977, 4.69056987762],
        "max": [-7.14160871506, -6.35984706879, -6.48193740845, -6.87738037109, -6.90418052673, -9.24213600159],
        "mean": [-9.27776527405, -8.6841878891, -9.07680606842, -9.28072738647, -9.34090995789, -12.8681669235],
        "median": [-9.24572753906, -8.7525434494, -9.15647506714, -9.36427116394, -9.44383811951, -13.0643005371],
        "min": [-11.2695932388, -9.95816612244, -10.0854244232, -10.2552518845, -10.1342592239, -13.9063711166],
        "skew": [-0.131364405155, 1.57243895531, 2.21598100662, 2.60128760338, 2.53771781921, 2.10841464996],
        "var": [0.472925633192, 0.240851014853, 0.233423739672, 0.158259943128, 0.13663482666, 0.384000062943],
        "cov": [[0.473222702742, -0.0591427534819, -0.0666383430362, -0.0444643460214, -0.0667905882001, -0.145934298635], [-0.0591427534819, 0.241002291441, 0.148735389113, 0.0930513739586, 0.0922067463398, 0.183113962412], [-0.0666383430362, 0.148735389113, 0.233570367098, 0.103803172708, 0.109677687287, 0.165956541896], [-0.0444643460214, 0.0930513739586, 0.103803172708, 0.158359348774, 0.0970689803362, 0.14926199615], [-0.0667905882001, 0.0922067463398, 0.109677687287, 0.0970689803362, 0.136720657349, 0.178962126374], [-0.145934298635, 0.183113962412, 0.165956541896, 0.14926199615, 0.178962126374, 0.384241253138]]
    }
},
"rhythm": {
    "beats_loudness": {
        "kurt": 12.054854393,
        "max": 0.00151326542255,
        "mean": 0.000114884598588,
        "median": 2.66653623839e-05,
        "min": 1.62045616889e-05,
        "skew": 3.51563382149,
        "var": 7.31315310531e-08
    },
    "bpm": 122.730781555,
    "confidence": 0.339935779572,
    "first_peak_bpm": {
        "kurt": 0,
        "max": 123,
        "mean": 123,
        "median": 123,
        "min": 123,
        "skew": 0,
        "var": 0
    },
    "first_peak_spread": {
        "kurt": 0,
        "max": 0.411764681339,
        "mean": 0.411764681339,
        "median": 0.411764681339,
        "min": 0.411764681339,
        "skew": 0,
        "var": 0
    },
    "first_peak_weight": {
        "kurt": 0,
        "max": 0.266666680574,
        "mean": 0.266666680574,
        "median": 0.266666680574,
        "min": 0.266666680574,
        "skew": 0,
        "var": 0
    },
    "onset_rate": 0.892871916294,
    "second_peak_bpm": {
        "kurt": 0,
        "max": 136,
        "mean": 136,
        "median": 136,
        "min": 136,
        "skew": 0,
        "var": 0
    },
    "second_peak_spread": {
        "kurt": 0,
        "max": 0.315789461136,
        "mean": 0.315789461136,
        "median": 0.315789461136,
        "min": 0.315789461136,
        "skew": 0,
        "var": 0
    },
    "second_peak_weight": {
        "kurt": 0,
        "max": 0.173333331943,
        "mean": 0.173333331943,
        "median": 0.173333331943,
        "min": 0.173333331943,
        "skew": 0,
        "var": 0
    },
    "beats_loudness_band_ratio": {
        "kurt": [6.22004890442, 11.940984726, 0.688798189163, -0.106612205505, 13.6192951202, 10.5536394119],
        "max": [0.70208889246, 0.530218362808, 0.651507139206, 0.30491822958, 0.81949532032, 0.792214632034],
        "mean": [0.095097951591, 0.11492408067, 0.34299454093, 0.167672917247, 0.156812220812, 0.146541535854],
        "median": [0.038653485477, 0.107608363032, 0.366978943348, 0.177531272173, 0.129735380411, 0.0998534560204],
        "min": [0.000655791955069, 0.00424470333382, 0.00562003348023, 0.00354856438935, 0.0255051869899, 0.0316921323538],
        "skew": [2.44095897675, 2.42220044136, -0.796838998795, -0.446323812008, 3.41364741325, 3.17027807236],
        "var": [0.0178794208914, 0.00527161499485, 0.0150249032304, 0.00481933867559, 0.0143571570516, 0.019396757707],
        "cov": [[0.0181178133935, -0.00138272694312, -0.00391843821853, -0.00175873225089, -0.00504691852257, -0.00616509839892], [-0.00138272694312, 0.00534190284088, 0.00214064586908, -0.000252281490248, -0.00239483546466, -0.00217458652332], [-0.00391843821853, 0.00214064586908, 0.0152252353728, 0.00312676280737, -0.00733916927129, -0.0090840049088], [-0.00175873225089, -0.000252281490248, 0.00312676280737, 0.00488359667361, -0.00184293207712, -0.00441293139011], [-0.00504691852257, -0.00239483546466, -0.00733916927129, -0.00184293207712, 0.0145485857502, 0.00187086546794], [-0.00616509839892, -0.00217458652332, -0.0090840049088, -0.00441293139011, 0.00187086546794, 0.0196553822607]]
    },
    "beats_position": [0.441179126501, 0.882358253002, 1.3235373497, 1.764716506, 2.20589566231, 2.6470746994, 3.1811337471, 3.7151927948, 4.2492518425, 4.78331041336, 5.31736946106, 5.86303853989, 6.39709758759, 6.93115615845, 7.4303855896, 7.92961454391, 8.42884349823, 8.93968200684, 9.45052146912, 9.96135997772, 10.47219944, 10.9830379486, 11.4822673798, 11.9814968109, 12.4807252884, 12.9799547195, 13.4675731659, 13.9551925659, 14.4428119659, 14.9304304123, 15.4180498123, 15.8940582275, 16.3700675964, 16.8576869965, 17.3336963654, 17.8097057343, 18.2973232269, 18.784942627, 19.2609519958, 19.667301178, 20.0852603912, 20.5032196045, 21.0024490356, 21.5016784668, 22.0125160217, 22.523355484, 23.0341949463, 23.5450344086, 24.0326519012, 24.5202713013, 25.0078907013, 25.4955101013, 25.9831295013, 26.470746994, 26.958366394, 27.4459857941, 27.9336051941, 28.4212245941, 28.9088420868, 29.3964614868, 29.8376407623, 30.2788200378, 30.7199993134, 31.1611785889, 31.6023578644, 32.0435371399, 32.4847145081, 32.9142837524, 33.3438529968, 33.7618141174, 34.1913833618, 34.63256073, 35.0505218506, 35.480091095, 35.9096603394, 36.3392295837],
    "bpm_estimates": [120.185218811, 120.185333252, 120.185333252, 120.185218811, 120.185218811, 120.185455322, 120.185218811, 123.047027588, 123.046783447, 123.046783447, 123.047027588, 123.046783447, 126.048194885, 126.047935486, 123.046783447, 126.047935486, 126.047935486, 123.047264099, 123.046783447, 126.047935486, 120.185218811, 120.185218811, 123.047264099, 123.046783447, 123.046783447, 123.046783447, 123.046783447, 123.047264099, 123.046783447, 123.046783447, 123.046783447, 123.046783447, 123.047264099, 123.046783447],
    "bpm_intervals": [0.441179126501, 0.441179096699, 0.441179156303, 0.441179156303, 0.441179037094, 0.534059047699, 0.534059047699, 0.534059047699, 0.534058570862, 0.534059047699, 0.545669078827, 0.534059047699, 0.534058570862, 0.499229431152, 0.499228954315, 0.499228954315, 0.510838508606, 0.51083946228, 0.510838508606, 0.51083946228, 0.510838508606, 0.499229431152, 0.499229431152, 0.499228477478, 0.499229431152, 0.48761844635, 0.487619400024, 0.487619400024, 0.48761844635, 0.487619400024, 0.476008415222, 0.476009368896, 0.487619400024, 0.476009368896, 0.476009368896, 0.487617492676, 0.487619400024, 0.476009368896, 0.406349182129, 0.417959213257, 0.417959213257, 0.499229431152, 0.499229431152, 0.510837554932, 0.51083946228, 0.51083946228, 0.51083946228, 0.487617492676, 0.487619400024, 0.487619400024, 0.487619400024, 0.487619400024, 0.487617492676, 0.487619400024, 0.487619400024, 0.487619400024, 0.487619400024, 0.487617492676, 0.487619400024, 0.441179275513, 0.441179275513, 0.441179275513, 0.441179275513, 0.441179275513, 0.441179275513, 0.441177368164, 0.429569244385, 0.429569244385, 0.417961120605, 0.429569244385, 0.441177368164, 0.417961120605, 0.429569244385, 0.429569244385, 0.429569244385],
    "onset_times": [0.0116099771112, 0.476009070873, 21.2694778442, 22.4653053284, 22.9993648529, 23.2547836304, 24.2184123993, 24.5318813324, 24.7408618927, 25.4374599457, 25.5883903503, 26.7842178345, 26.958366394, 27.1092967987, 27.2834472656, 27.7014064789, 27.7826747894, 29.7563724518, 30.1162815094, 30.3600902557, 30.6503410339, 30.9405899048, 32.171245575, 32.4614982605, 32.6356468201, 32.8910675049, 33.3554649353, 33.5992736816, 33.7385940552, 34.1797714233, 34.3307037354, 34.63256073, 34.7486610413],
    "histogram": [[0, 0, 0, 0, 0, 0, 0, 0, 0, 0, 0, 0, 0, 0, 0, 0, 0, 0, 0, 0, 0, 0, 0, 0, 0, 0, 0, 0, 0, 0, 0, 0, 0, 0, 0, 0, 0, 0, 0, 0, 0, 0, 0, 0, 0, 0, 0, 0, 0, 0, 0, 0, 0, 0, 0, 0, 0, 0, 0, 0, 0, 0, 0, 0, 0, 0, 0, 0, 0, 0, 0, 0, 0, 0, 0, 0, 0, 0, 0, 0, 0, 0, 0, 0, 0, 0, 0, 0, 0, 0, 0, 0, 0, 0, 0, 0, 0, 0, 0, 0, 0, 0, 0, 0, 0, 0, 0, 0, 0, 0, 0.0133333336562, 0, 0.0933333337307, 0, 0, 0, 0, 0.119999997318, 0, 0, 0.119999997318, 0, 0, 0.266666680574, 0, 0, 0.0666666701436, 0, 0, 0, 0, 0, 0, 0, 0, 0, 0.173333331943, 0, 0, 0, 0.0799999982119, 0, 0, 0, 0.0533333346248, 0, 0, 0, 0.0133333336562, 0, 0, 0, 0, 0, 0, 0, 0, 0, 0, 0, 0, 0, 0, 0, 0, 0, 0, 0, 0, 0, 0, 0, 0, 0, 0, 0, 0, 0, 0, 0, 0, 0, 0, 0, 0, 0, 0, 0, 0, 0, 0, 0, 0, 0, 0, 0, 0, 0, 0, 0, 0, 0, 0, 0, 0, 0, 0, 0, 0, 0, 0, 0, 0, 0, 0, 0, 0, 0, 0, 0, 0, 0, 0, 0, 0, 0, 0, 0, 0, 0, 0, 0, 0, 0, 0, 0, 0, 0, 0, 0, 0, 0, 0, 0, 0, 0, 0, 0, 0, 0]]
},
"sfx": {
    "inharmonicity": {
        "kurt": -0.325017690659,
        "max": 0.440883636475,
        "mean": 0.13004732132,
        "median": 0.108298659325,
        "min": 0,
        "skew": 0.811028122902,
        "var": 0.0114219691604
    },
    "oddtoevenharmonicenergyratio": {
        "kurt": 47.2878112793,
        "max": 63.3176612854,
        "mean": 2.95027184486,
        "median": 1.93608927727,
        "min": 0,
        "skew": 5.79377126694,
        "var": 20.2520465851
    },
    "pitch_after_max_to_before_max_energy_ratio": 0.071749560535,
    "pitch_centroid": 946.452087402,
    "pitch_max_to_total": 0.917765200138,
