{
"metadata": {
    "version": {
        "essentia": "2.1-beta3"
    }
},
"lowLevel": {
    "average_loudness": 0.236517503858,
    "barkbands_kurtosis": {
        "kurt": 11.1647062302,
        "max": 32.041847229,
        "mean": 1.70460546017,
        "median": 1.42355775833,
        "min": -1.73765218258,
        "skew": 1.6304858923,
        "var": 3.07357096672
    },
    "barkbands_skewness": {
        "kurt": 3.74756336212,
        "max": 3.42557549477,
        "mean": 1.47169399261,
        "median": 1.49753034115,
        "min": -3.29181718826,
        "skew": -0.883522689342,
        "var": 0.272332400084
    },
    "barkbands_spread": {
        "kurt": 2.22391462326,
        "max": 50.8516235352,
        "mean": 18.8893756866,
        "median": 18.5654907227,
        "min": 2.899995327,
        "skew": 0.671483695507,
        "var": 18.0731105804
    },
    "dissonance": {
        "kurt": 1.59231758118,
        "max": 0.500000059605,
        "mean": 0.475149929523,
        "median": 0.476938068867,
        "min": 0.391227632761,
        "skew": -0.918323099613,
        "var": 0.000167737656739
    },
    "hfc": {
        "kurt": 2230.93969727,
        "max": 311.687225342,
        "mean": 2.08337187767,
        "median": 1.546833992,
        "min": 0.0180924274027,
        "skew": 42.121635437,
        "var": 27.110666275
    },
    "pitch": {
        "kurt": 197.48677063,
        "max": 4361.61962891,
        "mean": 204.5962677,
        "median": 165.315444946,
        "min": 58.4858436584,
        "skew": 12.7115087509,
        "var": 48908.9375
    },
    "pitch_instantaneous_confidence": {
        "kurt": 0.3624355793,
        "max": 0.820596694946,
        "mean": 0.309520661831,
        "median": 0.300122350454,
        "min": 0.104926288128,
        "skew": 0.615198671818,
        "var": 0.00953225698322
    },
    "pitch_salience": {
        "kurt": 0.455307245255,
        "max": 0.847926199436,
        "mean": 0.632622599602,
        "median": 0.642536878586,
        "min": 0.271353513002,
        "skew": -0.658977329731,
        "var": 0.00642520422116
    },
    "silence_rate_20dB": {
        "kurt": 0,
        "max": 1,
        "mean": 1,
        "median": 1,
        "min": 1,
        "skew": 0,
        "var": 0
    },
    "silence_rate_30dB": {
        "kurt": 0,
        "max": 1,
        "mean": 1,
        "median": 1,
        "min": 1,
        "skew": 0,
        "var": 0
    },
    "silence_rate_60dB": {
        "kurt": -1.68099796772,
        "max": 1,
        "mean": 0.635864436626,
        "median": 1,
        "min": 0,
        "skew": -0.564761400223,
        "var": 0.23152294755
    },
    "spectral_centroid": {
        "kurt": 92.9868621826,
        "max": 4310.51367188,
        "mean": 635.502685547,
        "median": 598.599365234,
        "min": 213.607162476,
        "skew": 6.99604320526,
        "var": 46813.75
    },
    "spectral_complexity": {
        "kurt": 5.66659832001,
        "max": 38,
        "mean": 6.87550973892,
        "median": 6,
        "min": 0,
        "skew": 1.71405088902,
        "var": 13.0206604004
    },
    "spectral_crest": {
        "kurt": -0.600652217865,
        "max": 21.7262496948,
        "mean": 10.8590993881,
        "median": 10.364572525,
        "min": 2.98313307762,
        "skew": 0.402968943119,
        "var": 12.4674406052
    },
    "spectral_decrease": {
        "kurt": 42.3711280823,
        "max": -9.78903937077e-12,
        "mean": -7.51805895316e-10,
        "median": -6.28013530068e-10,
        "min": -1.22796022239e-08,
        "skew": -3.89493346214,
        "var": 2.90416986761e-19
    },
    "spectral_energy": {
        "kurt": 149.600158691,
        "max": 0.0746170207858,
        "mean": 0.00302646169439,
        "median": 0.00252305297181,
        "min": 3.85871062463e-05,
        "skew": 7.19300889969,
        "var": 5.57211069463e-06
    },
    "spectral_energyband_high": {
        "kurt": 2667.42407227,
        "max": 0.0193401519209,
        "mean": 4.33569875895e-05,
        "median": 2.74218400591e-05,
        "min": 3.31427770561e-07,
        "skew": 49.8947410583,
        "var": 1.06760140284e-07
    },
    "spectral_energyband_low": {
        "kurt": 2.22033071518,
        "max": 0.00337787973695,
        "mean": 0.000548040203284,
        "median": 0.00045951816719,
        "min": 4.17409182774e-06,
        "skew": 1.25099420547,
        "var": 1.31483830046e-07
    },
    "spectral_energyband_middle_high": {
        "kurt": 326.252593994,
        "max": 0.0583905689418,
        "mean": 0.000759505084716,
        "median": 0.000511949881911,
        "min": 2.30000819101e-06,
        "skew": 13.4560508728,
        "var": 2.33809396377e-06
    },
    "spectral_energyband_middle_low": {
        "kurt": 1.15687131882,
        "max": 0.00830394215882,
        "mean": 0.00173454883043,
        "median": 0.0013756940607,
        "min": 2.14882838918e-05,
        "skew": 1.18316137791,
        "var": 1.43699946875e-06
    },
    "spectral_flatness_db": {
        "kurt": -0.00345206260681,
        "max": 0.255079776049,
        "mean": 0.164285108447,
        "median": 0.164206594229,
        "min": 0.0653346851468,
        "skew": -0.0452538877726,
        "var": 0.000378955039196
    },
    "spectral_flux": {
        "kurt": 163.155700684,
        "max": 0.216745704412,
        "mean": 0.0238489769399,
        "median": 0.0231644101441,
        "min": 0.00265178037807,
        "skew": 6.78277492523,
        "var": 3.75587660528e-05
    },
    "spectral_kurtosis": {
        "kurt": 2.97812891006,
        "max": 13.4597167969,
        "mean": 6.65434360504,
        "median": 6.49933433533,
        "min": -0.361383676529,
        "skew": 0.4438393116,
        "var": 1.60970842838
    },
    "spectral_rms": {
        "kurt": 7.822057724,
        "max": 0.00853212084621,
        "mean": 0.00163316528779,
        "median": 0.00156892160885,
        "min": 0.000194025662495,
        "skew": 1.46394360065,
        "var": 2.85420810542e-07
    },
    "spectral_rolloff": {
        "kurt": 18.2525920868,
        "max": 6201.5625,
        "mean": 1171.8260498,
        "median": 1184.32617188,
        "min": 193.798828125,
        "skew": 2.14816188812,
        "var": 163909.296875
    },
    "spectral_skewness": {
        "kurt": 11.1333694458,
        "max": 2.81797242165,
        "mean": 2.13160562515,
        "median": 2.12976813316,
        "min": 0.583025038242,
        "skew": -1.31048309803,
        "var": 0.0258803404868
    },
    "spectral_spread": {
        "kurt": 49.818977356,
        "max": 20306166,
        "mean": 4169378.75,
        "median": 4205367,
        "min": 2763363,
        "skew": 3.43896508217,
        "var": 384311984128
    },
    "spectral_strongpeak": {
        "kurt": 599.096557617,
        "max": 24.7862682343,
        "mean": 0.297416687012,
        "median": 0.213980227709,
        "min": 0.00589622324333,
        "skew": 18.0969314575,
        "var": 0.32278868556
    },
    "zerocrossingrate": {
        "kurt": 53.5571861267,
        "max": 0.203125,
        "mean": 0.0451262965798,
        "median": 0.04345703125,
        "min": 0.0146484375,
        "skew": 4.7032494545,
        "var": 0.00012222060468
    },
    "barkbands": {
        "kurt": [585.094787598, 78.6443099976, 1.46457433701, 7.17926692963, 1.54398107529, 5.76418876648, 10.4586496353, 1.00465536118, 5.39864635468, 10.3690853119, 14.5585460663, 126.979629517, 62.3151550293, 289.480377197, 1348.52453613, 70.5391082764, 193.114181519, 1002.34619141, 1288.47338867, 3492.64135742, 3512.61181641, 2137.94458008, 4523.70019531, 3528.02099609, 3319.4050293, 2656.1953125, 5903.16259766],
        "max": [7.17537477612e-05, 0.00108666624874, 0.00261365110055, 0.00105627474841, 0.00717542041093, 0.00108945276588, 0.000934386393055, 0.00118379481137, 0.000255188206211, 0.000386710133171, 0.000585907720961, 0.0171436090022, 0.003547815606, 0.00643368251622, 0.00228743208572, 0.000990959932096, 0.000699305383023, 0.00370985385962, 0.00628200126812, 0.0502663068473, 0.00775359477848, 0.00208626454696, 0.0023548619356, 0.00285793608055, 0.00169503048528, 5.50820004719e-05, 1.53823816618e-06],
        "mean": [4.10839675169e-07, 4.19914576923e-05, 0.000453668821137, 9.84395010164e-05, 0.00120958837215, 0.000142226956086, 8.637940482e-05, 0.000147490194649, 4.02727346227e-05, 4.75058805023e-05, 6.20204009465e-05, 0.000194674881641, 0.000124812417198, 0.000102990663436, 3.75337258447e-05, 3.48696084984e-05, 2.35537190747e-05, 3.34549731633e-05, 7.08655570634e-05, 5.19489840372e-05, 1.25034175653e-05, 4.87193665322e-06, 1.29206978272e-06, 1.84597865882e-06, 1.19318735869e-06, 5.59509132358e-08, 6.02330962884e-10],
        "median": [8.37403604237e-08, 2.85145797534e-05, 0.000375524366973, 7.4966417742e-05, 0.000817899825051, 0.000117642746773, 6.70000154059e-05, 9.27804067032e-05, 3.4725657315e-05, 4.01422003051e-05, 5.21480251336e-05, 6.75451592542e-05, 7.73547071731e-05, 4.5546265028e-05, 2.94511592074e-05, 2.7197158488e-05, 1.94691274373e-05, 2.33142163779e-05, 4.1899675125e-05, 2.81355059997e-05, 7.9397304944e-06, 2.93860921374e-06, 5.41447320757e-07, 7.12974895123e-07, 4.38680956449e-07, 8.65695337637e-09, 1.16339465839e-10],
        "min": [2.76633282253e-11, 3.88238618143e-07, 9.39780136378e-07, 1.90156228541e-07, 1.45980379784e-06, 1.43975557876e-06, 1.26032466596e-06, 5.23397375218e-07, 2.39193411744e-07, 1.01783960815e-07, 7.21549042737e-08, 1.88673880075e-07, 6.1666447948e-08, 8.64216502805e-08, 7.02443401224e-08, 1.64059102303e-07, 7.28588034349e-08, 1.07057708476e-07, 8.42261158596e-08, 1.48938497091e-07, 9.3157886738e-08, 3.63344980769e-08, 7.13501346894e-09, 6.79485889776e-09, 4.65570781927e-09, 3.34575506189e-10, 1.78349574692e-11],
        "skew": [19.1092071533, 6.5973610878, 1.14687740803, 2.07338953018, 1.33935642242, 1.83011186123, 2.4725792408, 1.18448293209, 1.74931144714, 2.32534527779, 2.84499955177, 10.1919174194, 6.70131254196, 10.2659807205, 22.2025527954, 6.76711368561, 9.08751964569, 24.8674240112, 24.0394458771, 57.6242446899, 57.4000740051, 44.183921814, 64.3598098755, 56.6138801575, 55.2540130615, 45.5031013489, 72.1427001953],
        "var": [3.02338406047e-12, 2.65302291247e-09, 1.00539899961e-07, 6.97902402536e-09, 1.15865043426e-06, 9.77303482586e-09, 5.07319208864e-09, 1.88965483261e-08, 6.17418005611e-10, 1.02243813416e-09, 1.92988602876e-09, 7.90263527506e-07, 4.07849078954e-08, 2.43705784442e-08, 1.2304721686e-09, 1.52133661224e-09, 3.92392340842e-10, 4.91957319326e-09, 9.96304372336e-09, 5.66078824704e-07, 1.42198679498e-08, 1.30133848142e-09, 8.50152448439e-10, 1.56990331845e-09, 5.75343606091e-10, 6.17606389208e-13, 2.86321488369e-16],
        "cov": [[3.0236212839e-12, 3.80193723726e-11, 1.39891310341e-12, 5.63483027599e-12, -8.7466242582e-11, 3.7405287201e-12, -2.97113353885e-12, -1.45804722462e-11, 3.43809507773e-13, -2.15903904049e-14, -9.36600406606e-13, -4.02105692493e-12, -3.4091928499e-12, -7.39325527882e-12, -2.93464124529e-12, -1.11766379571e-12, -7.44202009045e-13, -4.07602174669e-13, -5.43116896942e-12, -8.56590146037e-12, -1.43203309454e-12, -6.71154863456e-13, -2.81878172062e-13, -4.4640961934e-13, -2.80002366779e-13, -9.04929936188e-15, 1.65281655465e-15], [3.80193723726e-11, 2.65323096826e-09, 5.69996583266e-09, 4.27489404986e-10, -9.09046393716e-10, 3.42403494447e-10, 1.80209430711e-10, -2.59075094711e-10, 5.19241732944e-11, 6.19103102117e-11, 5.07402349303e-11, 1.16664777838e-09, 2.88410073601e-10, -3.24781694594e-11, -7.78856840133e-11, 4.94078389313e-11, 1.04953034111e-11, 6.33758392987e-11, -8.37178659729e-11, -3.87353260578e-10, -4.45713327357e-11, -2.14541769766e-11, -1.5909927889e-11, -2.64374303699e-11, -1.35700469958e-11, -1.36896597574e-13, -2.76809244844e-15], [1.39891310341e-12, 5.69996583266e-09, 1.00547786985e-07, 7.46455341982e-09, 7.03816880332e-08, 1.98258254258e-09, 5.12052622526e-09, 7.85653497815e-09, 5.16641285309e-10, 8.23842938313e-10, 9.97805282843e-10, 1.60107092029e-08, 8.29044921602e-09, 5.16753884128e-09, 1.20105225765e-09, 1.21362819794e-09, 6.20941909002e-10, 8.65385374471e-10, 3.00720204294e-09, -5.05916331051e-09, -7.41613825905e-10, -2.3611851363e-10, -2.45517134401e-10, -3.52784690349e-10, -2.09039785481e-10, -2.23004384056e-12, -1.07301950799e-13], [5.63483027599e-12, 4.27489404986e-10, 7.46455341982e-09, 6.97957158735e-09, 1.00691677218e-08, 4.77088868411e-10, 6.21860840599e-10, 1.15668685741e-09, 1.71874292576e-10, 2.15447576446e-10, 2.05669259401e-10, 1.24274834867e-09, 1.21322929481e-09, 8.09016131864e-10, 2.25992100034e-10, 1.58833862729e-10, 8.62033153193e-11, 9.06891853281e-11, 4.54633553026e-10, -8.80929051927e-10, -1.04979962223e-10, -3.83604675802e-11, -3.89845794535e-11, -5.8884799814e-11, -3.76657559309e-11, -6.67177250946e-13, -1.34317673628e-14], [-8.7466242582e-11, -9.09046393716e-10, 7.03816880332e-08, 1.00691677218e-08, 1.15874138373e-06, 3.69698649472e-09, 1.20516547852e-08, 8.28372961337e-08, 1.8989816386e-09, 3.68564001541e-09, 8.55973247837e-09, 1.05118502347e-07, 7.41890531231e-08, 6.83023770875e-08, 1.50398431487e-08, 9.94992177539e-09, 6.01456662253e-09, 8.55089155039e-09, 3.79334821332e-08, -2.70607913855e-09, -5.57250967592e-10, 5.1090426334e-10, -4.70693761745e-10, -5.73595115849e-10, -3.34844568739e-10, 1.01399867235e-12, -1.0257718069e-13], [3.7405287201e-12, 3.42403494447e-10, 1.98258254258e-09, 4.77088868411e-10, 3.69698649472e-09, 9.77380132383e-09, 1.43720102486e-09, 2.4575627644e-10, 3.40706546309e-10, 2.09157455244e-10, 3.54668378e-10, 2.87632184737e-09, 9.12534436903e-10, 2.09697786913e-10, -1.2525795505e-11, 1.70336938998e-10, 8.74067623835e-11, 1.34409053332e-10, -3.6191260492e-12, -1.47259771044e-09, -1.58353302693e-10, -5.26594080841e-11, -5.66196811658e-11, -8.43115577354e-11, -4.73695214998e-11, -9.84741910411e-13, -2.91192613913e-14], [-2.97113353885e-12, 1.80209430711e-10, 5.12052622526e-09, 6.21860840599e-10, 1.20516547852e-08, 1.43720102486e-09, 5.07359043667e-09, 2.32468910788e-09, 1.79236916975e-10, 2.62260935191e-10, 4.38023256555e-10, 6.37797148428e-09, 2.44967002239e-09, 1.36331290701e-09, 2.28406515923e-10, 4.49394632618e-10, 2.37732583619e-10, 4.85279094686e-10, 9.41736022497e-10, -5.92169160929e-11, 1.33741254182e-10, 4.50699338961e-11, -1.81101782876e-11, -2.93796896533e-11, -8.84396202105e-12, 1.06160403818e-12, -1.78546900809e-15], [-1.45804722462e-11, -2.59075094711e-10, 7.85653497815e-09, 1.15668685741e-09, 8.28372961337e-08, 2.4575627644e-10, 2.32468910788e-09, 1.88980298077e-08, 2.71127370555e-10, 3.82416348588e-10, 8.14047940167e-10, 5.32814992127e-09, 8.68260485731e-09, 9.07027963848e-09, 2.22161045116e-09, 1.06401409905e-09, 7.86248566254e-10, 8.06610223059e-10, 6.02040239883e-09, 1.724460158e-10, 3.9346352565e-11, 1.05466059497e-10, -4.90868630465e-11, -5.79867751038e-11, -4.08771523575e-11, -1.31939056035e-12, -1.89504580647e-14], [3.43809507773e-13, 5.19241732944e-11, 5.16641285309e-10, 1.71874292576e-10, 1.8989816386e-09, 3.40706546309e-10, 1.79236916975e-10, 2.71127370555e-10, 6.17466411335e-10, 1.63556695965e-10, 2.31325528177e-10, 3.90712884268e-09, 1.01420849496e-09, 7.03302416305e-10, 7.9432661837e-11, 2.20201828993e-10, 8.11043593396e-11, 2.03452976688e-10, 2.82657619533e-10, -5.52160296652e-11, 1.19127097076e-10, 3.37080502399e-11, -3.46584089553e-12, -8.17616981064e-12, -1.86143505124e-12, 8.27315050234e-13, 7.54511909003e-16], [-2.15903904049e-14, 6.19103102117e-11, 8.23842938313e-10, 2.15447576446e-10, 3.68564001541e-09, 2.09157455244e-10, 2.62260935191e-10, 3.82416348588e-10, 1.63556695965e-10, 1.02251829226e-09, 5.0832310583e-10, 1.1065949046e-08, 1.98080885028e-09, 1.13672271596e-09, 8.32044086407e-11, 4.35388031184e-10, 1.69297992292e-10, 5.00788077673e-10, 6.34803709598e-10, -2.35846175922e-10, 5.49831985497e-11, 3.1422642266e-11, -1.51986305486e-11, -2.03107149155e-11, -4.94865693562e-12, 1.57452870186e-12, 5.04986685945e-15], [-9.36600406606e-13, 5.07402349303e-11, 9.97805282843e-10, 2.05669259401e-10, 8.55973247837e-09, 3.54668378e-10, 4.38023256555e-10, 8.14047940167e-10, 2.31325528177e-10, 5.0832310583e-10, 1.93003746318e-09, 2.03575467594e-08, 4.53245574406e-09, 2.3703641272e-09, 1.60604279875e-10, 8.43216330093e-10, 3.1877589457e-10, 9.99311300376e-10, 1.17853404813e-09, -1.47782799886e-10, 7.83270184823e-11, 5.60067062172e-11, -1.79003652179e-11, -2.07486632042e-11, 8.68568726057e-13, 3.72617301597e-12, 1.27023796687e-14], [-4.02105692493e-12, 1.16664777838e-09, 1.60107092029e-08, 1.24274834867e-09, 1.05118502347e-07, 2.87632184737e-09, 6.37797148428e-09, 5.32814992127e-09, 3.90712884268e-09, 1.1065949046e-08, 2.03575467594e-08, 7.90325486832e-07, 1.04850151672e-07, 5.04979240645e-08, 2.04764427636e-09, 2.43572575442e-08, 9.02891006405e-09, 2.90792261382e-08, 3.19404911409e-08, 1.84490946964e-08, 6.00793281791e-09, 3.02189606671e-09, 4.04969446866e-10, 7.73255237618e-10, 8.96183682819e-10, 1.49962584017e-10, 5.36443231416e-13], [-3.4091928499e-12, 2.88410073601e-10, 8.29044921602e-09, 1.21322929481e-09, 7.41890531231e-08, 9.12534436903e-10, 2.44967002239e-09, 8.68260485731e-09, 1.01420849496e-09, 1.98080885028e-09, 4.53245574406e-09, 1.04850151672e-07, 4.07881088904e-08, 1.7433400501e-08, 1.34300826016e-09, 5.52037526802e-09, 2.08872941165e-09, 6.54208243134e-09, 8.26840107493e-09, 4.62595206585e-09, 1.27211563505e-09, 5.920673396e-10, 8.22246506993e-11, 1.62965224648e-10, 1.55550669567e-10, 2.53941971617e-11, 8.52786604896e-14], [-7.39325527882e-12, -3.24781694594e-11, 5.16753884128e-09, 8.09016131864e-10, 6.83023770875e-08, 2.09697786913e-10, 1.36331290701e-09, 9.07027963848e-09, 7.03302416305e-10, 1.13672271596e-09, 2.3703641272e-09, 5.04979240645e-08, 1.7433400501e-08, 2.43724915805e-08, 2.67012745248e-09, 3.35814687169e-09, 1.67341362989e-09, 5.79882764029e-09, 7.55092077753e-09, 2.39983179995e-08, 3.56302076732e-09, 1.75342973474e-09, 6.53724130384e-10, 1.36284761254e-09, 8.91492824007e-10, 2.36463765235e-11, 2.34951110217e-13], [-2.93464124529e-12, -7.78856840133e-11, 1.20105225765e-09, 2.25992100034e-10, 1.50398431487e-08, -1.2525795505e-11, 2.28406515923e-10, 2.22161045116e-09, 7.9432661837e-11, 8.32044086407e-11, 1.60604279875e-10, 2.04764427636e-09, 1.34300826016e-09, 2.67012745248e-09, 1.23056864698e-09, 4.34787372772e-10, 3.0037794474e-10, 4.55887494422e-10, 1.77616921171e-09, 3.62204843896e-09, 1.51521251102e-09, 4.68412864052e-10, 1.18825629891e-10, 1.87167711885e-10, 1.18665591242e-10, 4.98821340136e-12, 4.34355547677e-14], [-1.11766379571e-12, 4.94078389313e-11, 1.21362819794e-09, 1.58833862729e-10, 9.94992177539e-09, 1.70336938998e-10, 4.49394632618e-10, 1.06401409905e-09, 2.20201828993e-10, 4.35388031184e-10, 8.43216330093e-10, 2.43572575442e-08, 5.52037526802e-09, 3.35814687169e-09, 4.34787372772e-10, 1.52145596122e-09, 5.00408547932e-10, 1.58116886251e-09, 1.98601668444e-09, 5.5112723274e-09, 1.32226141147e-09, 4.41407466134e-10, 1.9385773542e-10, 2.7806368319e-10, 1.83704787493e-10, 1.10913700099e-11, 7.79755288658e-14], [-7.44202009045e-13, 1.04953034111e-11, 6.20941909002e-10, 8.62033153193e-11, 6.01456662253e-09, 8.74067623835e-11, 2.37732583619e-10, 7.86248566254e-10, 8.11043593396e-11, 1.69297992292e-10, 3.1877589457e-10, 9.02891006405e-09, 2.08872941165e-09, 1.67341362989e-09, 3.0037794474e-10, 5.00408547932e-10, 3.92423121776e-10, 9.05873154267e-10, 1.38611744305e-09, 6.11761841185e-09, 1.20493515166e-09, 3.95081828364e-10, 2.22662638327e-10, 3.05824365832e-10, 1.97190722084e-10, 7.77124458534e-12, 8.41402753135e-14], [-4.07602174669e-13, 6.33758392987e-11, 8.65385374471e-10, 9.06891853281e-11, 8.55089155039e-09, 1.34409053332e-10, 4.85279094686e-10, 8.06610223059e-10, 2.03452976688e-10, 5.00788077673e-10, 9.99311300376e-10, 2.90792261382e-08, 6.54208243134e-09, 5.79882764029e-09, 4.55887494422e-10, 1.58116886251e-09, 9.05873154267e-10, 4.91995910679e-09, 4.18260670543e-09, 3.64454919577e-08, 5.08451414305e-09, 1.74915404383e-09, 1.38605160682e-09, 1.93734051024e-09, 1.15400755618e-09, 3.93642826668e-11, 4.44599218552e-13], [-5.43116896942e-12, -8.37178659729e-11, 3.00720204294e-09, 4.54633553026e-10, 3.79334821332e-08, -3.6191260492e-12, 9.41736022497e-10, 6.02040239883e-09, 2.82657619533e-10, 6.34803709598e-10, 1.17853404813e-09, 3.19404911409e-08, 8.26840107493e-09, 7.55092077753e-09, 1.77616921171e-09, 1.98601668444e-09, 1.38611744305e-09, 4.18260670543e-09, 9.96382532037e-09, 4.51168276072e-08, 7.93108245745e-09, 2.46147302541e-09, 1.59698099189e-09, 2.00266314643e-09, 1.3403417265e-09, 5.16918591265e-11, 6.54495446555e-13], [-8.56590146037e-12, -3.87353260578e-10, -5.05916331051e-09, -8.80929051927e-10, -2.70607913855e-09, -1.47259771044e-09, -5.92169160929e-11, 1.724460158e-10, -5.52160296652e-11, -2.35846175922e-10, -1.47782799886e-10, 1.84490946964e-08, 4.62595206585e-09, 2.39983179995e-08, 3.62204843896e-09, 5.5112723274e-09, 6.11761841185e-09, 3.64454919577e-08, 4.51168276072e-08, 5.66123219414e-07, 7.49840509684e-08, 2.44038993458e-08, 2.12430943947e-08, 2.85364887276e-08, 1.75312226958e-08, 5.23783849626e-10, 7.30699875606e-12], [-1.43203309454e-12, -4.45713327357e-11, -7.41613825905e-10, -1.04979962223e-10, -5.57250967592e-10, -1.58353302693e-10, 1.33741254182e-10, 3.9346352565e-11, 1.19127097076e-10, 5.49831985497e-11, 7.83270184823e-11, 6.00793281791e-09, 1.27211563505e-09, 3.56302076732e-09, 1.51521251102e-09, 1.32226141147e-09, 1.20493515166e-09, 5.08451414305e-09, 7.93108245745e-09, 7.49840509684e-08, 1.42209835019e-08, 3.91461929539e-09, 2.97352875656e-09, 3.51905016238e-09, 2.1723953747e-09, 7.81376560677e-11, 1.02409335352e-12], [-6.71154863456e-13, -2.14541769766e-11, -2.3611851363e-10, -3.83604675802e-11, 5.1090426334e-10, -5.26594080841e-11, 4.50699338961e-11, 1.05466059497e-10, 3.37080502399e-11, 3.1422642266e-11, 5.60067062172e-11, 3.02189606671e-09, 5.920673396e-10, 1.75342973474e-09, 4.68412864052e-10, 4.41407466134e-10, 3.95081828364e-10, 1.74915404383e-09, 2.46147302541e-09, 2.44038993458e-08, 3.91461929539e-09, 1.30144062194e-09, 8.9318785701e-10, 1.24597010487e-09, 7.78816233726e-10, 2.41766971026e-11, 3.16837918748e-13], [-2.81878172062e-13, -1.5909927889e-11, -2.45517134401e-10, -3.89845794535e-11, -4.70693761745e-10, -5.66196811658e-11, -1.81101782876e-11, -4.90868630465e-11, -3.46584089553e-12, -1.51986305486e-11, -1.79003652179e-11, 4.04969446866e-10, 8.22246506993e-11, 6.53724130384e-10, 1.18825629891e-10, 1.9385773542e-10, 2.22662638327e-10, 1.38605160682e-09, 1.59698099189e-09, 2.12430943947e-08, 2.97352875656e-09, 8.9318785701e-10, 8.50219172843e-10, 1.08199971205e-09, 6.43477104934e-10, 1.96665704555e-11, 2.74078828209e-13], [-4.4640961934e-13, -2.64374303699e-11, -3.52784690349e-10, -5.8884799814e-11, -5.73595115849e-10, -8.43115577354e-11, -2.93796896533e-11, -5.79867751038e-11, -8.17616981064e-12, -2.03107149155e-11, -2.07486632042e-11, 7.73255237618e-10, 1.62965224648e-10, 1.36284761254e-09, 1.87167711885e-10, 2.7806368319e-10, 3.05824365832e-10, 1.93734051024e-09, 2.00266314643e-09, 2.85364887276e-08, 3.51905016238e-09, 1.24597010487e-09, 1.08199971205e-09, 1.57002644219e-09, 9.35245214606e-10, 2.54969986097e-11, 3.49980488383e-13], [-2.80002366779e-13, -1.35700469958e-11, -2.09039785481e-10, -3.76657559309e-11, -3.34844568739e-10, -4.73695214998e-11, -8.84396202105e-12, -4.08771523575e-11, -1.86143505124e-12, -4.94865693562e-12, 8.68568726057e-13, 8.96183682819e-10, 1.55550669567e-10, 8.91492824007e-10, 1.18665591242e-10, 1.83704787493e-10, 1.97190722084e-10, 1.15400755618e-09, 1.3403417265e-09, 1.75312226958e-08, 2.1723953747e-09, 7.78816233726e-10, 6.43477104934e-10, 9.35245214606e-10, 5.75388736657e-10, 1.59014416218e-11, 2.20624530472e-13], [-9.04929936188e-15, -1.36896597574e-13, -2.23004384056e-12, -6.67177250946e-13, 1.01399867235e-12, -9.84741910411e-13, 1.06160403818e-12, -1.31939056035e-12, 8.27315050234e-13, 1.57452870186e-12, 3.72617301597e-12, 1.49962584017e-10, 2.53941971617e-11, 2.36463765235e-11, 4.98821340136e-12, 1.10913700099e-11, 7.77124458534e-12, 3.93642826668e-11, 5.16918591265e-11, 5.23783849626e-10, 7.81376560677e-11, 2.41766971026e-11, 1.96665704555e-11, 2.54969986097e-11, 1.59014416218e-11, 6.17654798835e-13, 7.16321194526e-15], [1.65281655465e-15, -2.76809244844e-15, -1.07301950799e-13, -1.34317673628e-14, -1.0257718069e-13, -2.91192613913e-14, -1.78546900809e-15, -1.89504580647e-14, 7.54511909003e-16, 5.04986685945e-15, 1.27023796687e-14, 5.36443231416e-13, 8.52786604896e-14, 2.34951110217e-13, 4.34355547677e-14, 7.79755288658e-14, 8.41402753135e-14, 4.44599218552e-13, 6.54495446555e-13, 7.30699875606e-12, 1.02409335352e-12, 3.16837918748e-13, 2.74078828209e-13, 3.49980488383e-13, 2.20624530472e-13, 7.16321194526e-15, 2.86343961212e-16]]
    },
    "mfcc": {
        "kurt": [5.376496315, 41.3739204407, 11.8330612183, 0.624799251556, -0.225052118301, 0.738237142563, 0.767274618149, -0.908760547638, -0.259547948837, -0.112807512283, -0.157014608383, 0.224341630936, -0.283175468445],
        "max": [-583.944580078, 190.052581787, 34.4437599182, 73.9705123901, 21.7464370728, 23.092458725, 41.3115997314, 16.8515415192, 13.9000740051, 15.7844228745, 14.4074745178, 21.42436409, 16.6065597534],
        "mean": [-754.573791504, 152.764297485, -34.4966049194, 36.4122123718, -3.86486029625, 0.232398763299, 11.6598310471, -14.6868982315, -12.0459690094, -9.91709327698, -6.75066614151, -6.85101652145, -6.34083652496],
        "median": [-748.476196289, 152.947937012, -34.8258361816, 36.634223938, -3.38940238953, 0.255353927612, 11.38722229, -16.036447525, -11.8408193588, -9.97515869141, -6.69917678833, -7.04570770264, -6.43322944641],
        "min": [-969.328552246, -66.9671630859, -71.9606933594, -2.62118721008, -31.8535194397, -36.3740310669, -16.0445747375, -45.410068512, -38.5059623718, -39.4002990723, -28.6171703339, -29.0278816223, -23.7128810883],
        "skew": [-0.702928960323, -3.77103352547, 1.69998884201, -0.328205317259, -0.202461853623, -0.126258760691, 0.325831890106, 0.193385913968, -0.105104200542, -0.0183442495763, -0.0237008892, 0.2175129354, 0.129657298326],
        "var": [1196.49743652, 182.319213867, 66.8831939697, 60.6820793152, 54.2829322815, 32.8538818359, 37.8033256531, 104.297157288, 54.5505371094, 45.3505249023, 35.8218460083, 31.4168300629, 38.0026283264],
        "cov": [[1196.59130859, -249.165496826, -79.3391113281, -146.370574951, 115.146583557, 1.92535746098, 84.630355835, -231.325332642, -167.795211792, 64.1313171387, 91.4362716675, -14.7177848816, -80.1129074097], [-249.165496826, 182.333511353, 7.03660058975, 51.5544052124, -28.3684539795, 9.91436004639, -18.1441345215, 60.3389320374, 43.9698524475, -15.6804199219, -26.1684532166, -6.73484945297, 12.269659996], [-79.3391113281, 7.03660058975, 66.8884429932, 21.4980068207, 4.43213844299, -3.91396164894, -2.03307437897, 7.8207359314, 12.6519584656, 1.94346415997, -1.79038393497, 8.57531261444, 11.6576843262], [-146.370574951, 51.5544052124, 21.4980068207, 60.6868362427, -6.98303222656, 3.88283705711, -10.0461168289, 38.8995513916, 26.8888568878, -6.41066503525, -12.9229793549, 1.94667935371, 11.4868135452], [115.146583557, -28.3684539795, 4.43213844299, -6.98303222656, 54.2871894836, 10.1501340866, 12.4662361145, -38.3322753906, -18.3313465118, 18.5089645386, 16.8562145233, -2.25952553749, -14.1767930984], [1.92535746098, 9.91436004639, -3.91396164894, 3.88283705711, 10.1501340866, 32.8564605713, 11.3630962372, 11.5031261444, 6.37513685226, -2.81550478935, -1.03177630901, -0.910513281822, 1.12636947632], [84.630355835, -18.1441345215, -2.03307437897, -10.0461168289, 12.4662361145, 11.3630962372, 37.8062934875, 0.0885296687484, -7.32907485962, 2.13188052177, 7.17893743515, 6.0978307724, 1.59731543064], [-231.325332642, 60.3389320374, 7.8207359314, 38.8995513916, -38.3322753906, 11.5031261444, 0.0885296687484, 104.305335999, 53.7867355347, -28.5935192108, -25.4249973297, 11.8014707565, 30.7085590363], [-167.795211792, 43.9698524475, 12.6519584656, 26.8888568878, -18.3313465118, 6.37513685226, -7.32907485962, 53.7867355347, 54.5548171997, -3.31889915466, -12.1810379028, 3.965685606, 17.5468082428], [64.1313171387, -15.6804199219, 1.94346415997, -6.41066503525, 18.5089645386, -2.81550478935, 2.13188052177, -28.5935192108, -3.31889915466, 45.3540840149, 22.4625282288, -3.68395376205, -14.0776252747], [91.4362716675, -26.1684532166, -1.79038393497, -12.9229793549, 16.8562145233, -1.03177630901, 7.17893743515, -25.4249973297, -12.1810379028, 22.4625282288, 35.8246536255, 9.2488451004, -6.00620603561], [-14.7177848816, -6.73484945297, 8.57531261444, 1.94667935371, -2.25952553749, -0.910513281822, 6.0978307724, 11.8014707565, 3.965685606, -3.68395376205, 9.2488451004, 31.4192943573, 18.9582252502], [-80.1129074097, 12.269659996, 11.6576843262, 11.4868135452, -14.1767930984, 1.12636947632, 1.59731543064, 30.7085590363, 17.5468082428, -14.0776252747, -6.00620603561, 18.9582252502, 38.005607605]]
    },
    "sccoeffs": {
        "kurt": [-0.206293582916, -0.174241065979, 11.1209440231, 1.07076454163, 5.82841300964, 0.0943565368652],
        "max": [-0.368906259537, -0.59009629488, -0.517327904701, -0.605683922768, -0.594677507877, -0.716368794441],
        "mean": [-0.59403860569, -0.788720905781, -0.832611322403, -0.80295920372, -0.833174109459, -0.816495358944],
        "median": [-0.592805504799, -0.789667606354, -0.83761703968, -0.8048620224, -0.835151195526, -0.818424344063],
        "min": [-0.856544017792, -0.923984706402, -0.925108790398, -0.903906941414, -0.90520209074, -0.887223660946],
        "skew": [-0.106435582042, 0.155232846737, 2.4496576786, 0.574398219585, 0.924003243446, 0.40931019187],
        "var": [0.00510015804321, 0.00196165894158, 0.0016042458592, 0.00123445061035, 0.000416795926867, 0.000213670384255],
        "cov": [[0.00510055804625, 0.000474398053484, 0.000296422775136, 0.000937648117542, 0.000488978053909, -0.000345890701283], [0.000474398053484, 0.00196181284264, 6.66758132866e-05, 0.000327967893099, 0.000219650391955, -9.54728384386e-05], [0.000296422775136, 6.66758132866e-05, 0.00160437170416, 0.000500851892866, 0.000199796646484, -3.12482952722e-05], [0.000937648117542, 0.000327967893099, 0.000500851892866, 0.0012345474679, 0.00034330112976, -0.000160823736223], [0.000488978053909, 0.000219650391955, 0.000199796646484, 0.00034330112976, 0.000416828610469, -7.05799684511e-05], [-0.000345890701283, -9.54728384386e-05, -3.12482952722e-05, -0.000160823736223, -7.05799684511e-05, 0.000213687148062]]
    },
    "scvalleys": {
        "kurt": [0.785885095596, 1.72458600998, 12.7974395752, 6.75669384003, 11.1068906784, 2.69656991959],
        "max": [-5.05829286575, -5.38534212112, -5.7198882103, -5.4409737587, -5.42641830444, -6.29030847549],
        "mean": [-6.75651073456, -6.40602827072, -6.72909116745, -7.23130702972, -7.78550624847, -10.2485847473],
        "median": [-6.73594093323, -6.38629817963, -6.71382522583, -7.18020915985, -7.75793075562, -10.1044769287],
        "min": [-8.98470306396, -8.66476631165, -9.5332326889, -10.1352443695, -10.4277219772, -12.1703853607],
        "skew": [-0.321518063545, -0.661103010178, -1.91995990276, -1.30694329739, -1.05356192589, 0.167594656348],
        "var": [0.182783320546, 0.121650345623, 0.0978606715798, 0.152811035514, 0.110127687454, 0.239853367209],
        "cov": [[0.182797670364, 0.0198296438903, 0.0250761657953, 0.0239844731987, 0.0209396127611, 0.0200151056051], [0.0198296438903, 0.121659889817, 0.035123642534, 0.0624085515738, 0.052775438875, 0.0752555206418], [0.0250761657953, 0.035123642534, 0.0978683456779, 0.0558505468071, 0.0504443459213, 0.0563436672091], [0.0239844731987, 0.0624085515738, 0.0558505468071, 0.152823016047, 0.10301052779, 0.146854996681], [0.0209396127611, 0.052775438875, 0.0504443459213, 0.10301052779, 0.110136322677, 0.141488537192], [0.0200151056051, 0.0752555206418, 0.0563436672091, 0.146854996681, 0.141488537192, 0.239872172475]]
    }
},
"rhythm": {
    "beats_loudness": {
        "kurt": 158.137054443,
        "max": 0.0666751265526,
        "mean": 0.00383444526233,
        "median": 0.00353257311508,
        "min": 6.13229276496e-05,
        "skew": 9.58409023285,
        "var": 1.25667920656e-05
    },
    "bpm": 129.164382935,
    "confidence": -0.16695317626,
    "first_peak_bpm": {
        "kurt": 0,
        "max": 129,
        "mean": 129,
        "median": 129,
        "min": 129,
        "skew": 0,
        "var": 0
    },
    "first_peak_spread": {
        "kurt": 0,
        "max": 0.370000004768,
        "mean": 0.370000004768,
        "median": 0.370000004768,
        "min": 0.370000004768,
        "skew": 0,
        "var": 0
    },
    "first_peak_weight": {
        "kurt": 0,
        "max": 0.202898547053,
        "mean": 0.202898547053,
        "median": 0.202898547053,
        "min": 0.202898547053,
        "skew": 0,
        "var": 0
    },
    "onset_rate": 0.104735121131,
    "second_peak_bpm": {
        "kurt": 0,
        "max": 123,
        "mean": 123,
        "median": 123,
        "min": 123,
        "skew": 0,
        "var": 0
    },
    "second_peak_spread": {
        "kurt": 0,
        "max": 0.170940160751,
        "mean": 0.170940160751,
        "median": 0.170940160751,
        "min": 0.170940160751,
        "skew": 0,
        "var": 0
    },
    "second_peak_weight": {
        "kurt": 0,
        "max": 0.156199678779,
        "mean": 0.156199678779,
        "median": 0.156199678779,
        "min": 0.156199678779,
        "skew": 0,
        "var": 0
    },
    "beats_loudness_band_ratio": {
        "kurt": [-0.0401382446289, -0.0181345939636, 2.62281751633, 19.5976104736, 3.73483228683, 487.598815918],
        "max": [0.664530038834, 0.728340506554, 0.301332741976, 0.709991812706, 0.171061083674, 0.937053620815],
        "mean": [0.263729721308, 0.469827055931, 0.0947955921292, 0.121954485774, 0.0536133758724, 0.0317082889378],
        "median": [0.250307202339, 0.486834049225, 0.0869414955378, 0.0997909903526, 0.0499866232276, 0.0279249083251],
        "min": [0.00103638891596, 0.00130881182849, 0.000439891562564, 0.0108704995364, 0.00632182415575, 0.00665919156745],
        "skew": [0.528637111187, -0.585040032864, 1.22446393967, 4.02611112595, 1.34501612186, 20.9717788696],
        "var": [0.0130845559761, 0.0170648433268, 0.00171456416138, 0.00797044392675, 0.000401323428378, 0.00148429046385],
        "cov": [[0.013105626218, -0.00832710135728, 6.36242912151e-05, -0.00284535274841, -0.000501836708281, -0.000883459928446], [-0.00832710135728, 0.0170923229307, -0.00125582527835, -0.00596051197499, -0.000789035868365, -0.000898690603208], [6.36242912151e-05, -0.00125582527835, 0.00171732518356, -0.000254911079537, 8.57877312228e-05, -4.64535878564e-05], [-0.00284535274841, -0.00596051197499, -0.000254911079537, 0.00798327941447, 0.000720579060726, 0.000168786995346], [-0.000501836708281, -0.000789035868365, 8.57877312228e-05, 0.000720579060726, 0.000401969678933, 0.000113993992272], [-0.000883459928446, -0.000898690603208, -4.64535878564e-05, 0.000168786995346, 0.000113993992272, 0.00148668070324]]
    },
