{
"metadata": {
    "version": {
        "essentia": "2.1-beta3"
    }
},
"lowLevel": {
    "average_loudness": 0.987633883953,
    "barkbands_kurtosis": {
        "kurt": 3.45417833328,
        "max": 0.475610017776,
        "mean": -0.798879921436,
        "median": -0.817838788033,
        "min": -1.29291391373,
        "skew": 1.07819354534,
        "var": 0.0414385646582
    },
    "barkbands_skewness": {
        "kurt": 0.280440330505,
        "max": 0.529100835323,
        "mean": -0.126529559493,
        "median": -0.125468954444,
        "min": -0.943651854992,
        "skew": -0.262421637774,
        "var": 0.0514521673322
    },
    "barkbands_spread": {
        "kurt": 0.289629220963,
        "max": 23.2031822205,
        "mean": 16.7883682251,
        "median": 16.6401901245,
        "min": 11.3948144913,
        "skew": 0.324493825436,
        "var": 3.54692387581
    },
    "dissonance": {
        "kurt": 3.9481921196,
        "max": 0.499985605478,
        "mean": 0.482193380594,
        "median": 0.486285865307,
        "min": 0.385033667088,
        "skew": -1.60969626904,
        "var": 0.000243343878537
    },
    "hfc": {
        "kurt": 3.66059589386,
        "max": 89.9808502197,
        "mean": 62.2086372375,
        "median": 62.0384063721,
        "min": 1.33527553082,
        "skew": -0.33507719636,
        "var": 78.8232192993
    },
    "pitch": {
        "kurt": 4.46232366562,
        "max": 3259.69750977,
        "mean": 762.038146973,
        "median": 508.915222168,
        "min": 91.4147567749,
        "skew": 2.22681760788,
        "var": 590723.625
    },
    "pitch_instantaneous_confidence": {
        "kurt": -0.260271310806,
        "max": 0.510966300964,
        "mean": 0.333528101444,
        "median": 0.331524908543,
        "min": 0.204349160194,
        "skew": 0.233963981271,
        "var": 0.00281263422221
    },
    "pitch_salience": {
        "kurt": 0.167961835861,
        "max": 0.881354629993,
        "mean": 0.669735968113,
        "median": 0.671428561211,
        "min": 0.486823141575,
        "skew": -0.00384490960278,
        "var": 0.00285936403088
    },
    "silence_rate_20dB": {
        "kurt": 0,
        "max": 1,
        "mean": 1,
        "median": 1,
        "min": 1,
        "skew": 0,
        "var": 0
    },
    "silence_rate_30dB": {
        "kurt": 0,
        "max": 1,
        "mean": 1,
        "median": 1,
        "min": 1,
        "skew": 0,
        "var": 0
    },
    "silence_rate_60dB": {
        "kurt": 0,
        "max": 0,
        "mean": 0,
        "median": 0,
        "min": 0,
        "skew": 0,
        "var": 0
    },
    "spectral_centroid": {
        "kurt": -0.0472061634064,
        "max": 2154.70849609,
        "mean": 1719.03967285,
        "median": 1713.22717285,
        "min": 1380.00415039,
        "skew": 0.282937288284,
        "var": 16069.6162109
    },
    "spectral_complexity": {
        "kurt": 56.8518333435,
        "max": 52,
        "mean": 43.9275360107,
        "median": 44,
        "min": 0,
        "skew": -4.50369739532,
        "var": 10.7954883575
    },
    "spectral_crest": {
        "kurt": -0.421382904053,
        "max": 15.0579175949,
        "mean": 8.77759361267,
        "median": 8.80494880676,
        "min": 4.13777637482,
        "skew": 0.0663115680218,
        "var": 4.22850370407
    },
    "spectral_decrease": {
        "kurt": 2.70667409897,
        "max": -1.32103383788e-10,
        "mean": -8.13259326549e-09,
        "median": -8.18039502803e-09,
        "min": -1.2211154754e-08,
        "skew": 0.44037720561,
        "var": 1.54102486668e-18
    },
    "spectral_energy": {
        "kurt": 3.07110500336,
        "max": 0.0535989105701,
        "mean": 0.0363367982209,
        "median": 0.0364496484399,
        "min": 0.000619700935204,
        "skew": -0.486836194992,
        "var": 2.88745977741e-05
    },
    "spectral_energyband_high": {
        "kurt": 289.841552734,
        "max": 1.01539480966e-05,
        "mean": 4.86611071437e-08,
        "median": 8.26635826456e-09,
        "min": 3.75489916937e-11,
        "skew": 16.4295024872,
        "var": 2.6761885351e-13
    },
    "spectral_energyband_low": {
        "kurt": 0.580672979355,
        "max": 0.00147491658572,
        "mean": 0.000576574006118,
        "median": 0.000540902547073,
        "min": 5.31202067577e-06,
        "skew": 0.73212569952,
        "var": 5.31489199318e-08
    },
    "spectral_energyband_middle_high": {
        "kurt": 1.5490860939,
        "max": 0.0469908043742,
        "mean": 0.0313345938921,
        "median": 0.0313415899873,
        "min": 0.000576286693104,
        "skew": -0.274769335985,
        "var": 2.75318725471e-05
    },
    "spectral_energyband_middle_low": {
        "kurt": 0.869671106339,
        "max": 0.00912184361368,
        "mean": 0.00468004588038,
        "median": 0.0045033544302,
        "min": 3.46286178683e-05,
        "skew": 0.581918239594,
        "var": 1.61524644682e-06
    },
    "spectral_flatness_db": {
        "kurt": 2.23077630997,
        "max": 0.431310206652,
        "mean": 0.328968018293,
        "median": 0.327721774578,
        "min": 0.136760368943,
        "skew": -0.200616717339,
        "var": 0.00101019768044
    },
    "spectral_flux": {
        "kurt": 1.20745372772,
        "max": 0.149544641376,
        "mean": 0.104841545224,
        "median": 0.104167096317,
        "min": 0.0852417945862,
        "skew": 0.483623743057,
        "var": 7.20711686881e-05
    },
    "spectral_kurtosis": {
        "kurt": -0.627340555191,
        "max": 35.6156845093,
        "mean": 12.1866998672,
        "median": 11.3909101486,
        "min": -1.00008428097,
        "skew": 0.442719012499,
        "var": 73.2378082275
    },
    "spectral_rms": {
        "kurt": 23.3313446045,
        "max": 0.00723129464313,
        "mean": 0.00593473995104,
        "median": 0.00596327334642,
        "min": 0.000777551438659,
        "skew": -2.36474657059,
        "var": 2.29392782103e-07
    },
    "spectral_rolloff": {
        "kurt": 0.0783116817474,
        "max": 3445.3125,
        "mean": 3080.96508789,
        "median": 3100.78125,
        "min": 2497.8515625,
        "skew": -0.347967147827,
        "var": 22280.5234375
    },
    "spectral_skewness": {
        "kurt": -0.201380968094,
        "max": 3.50655198097,
        "mean": 1.06387770176,
        "median": 0.993708908558,
        "min": -0.0504083707929,
        "skew": 0.61594837904,
        "var": 0.439698070288
    },
    "spectral_spread": {
        "kurt": 173.63243103,
        "max": 3909028.75,
        "mean": 1289358.5,
        "median": 1269468.25,
        "min": 1069384.25,
        "skew": 10.1617555618,
        "var": 22026137600
    },
    "spectral_strongpeak": {
        "kurt": 5.3469247818,
        "max": 10.0822687149,
        "mean": 3.6183795929,
        "median": 3.48735237122,
        "min": 0.0740409195423,
        "skew": 1.18009126186,
        "var": 1.06427228451
    },
    "zerocrossingrate": {
        "kurt": 17.9143352509,
        "max": 0.10693359375,
        "mean": 0.0883983671665,
        "median": 0.08837890625,
        "min": 0.02294921875,
        "skew": -2.14012169838,
        "var": 4.73697800771e-05
    },
    "barkbands": {
        "kurt": [55.0172996521, 2.59283685684, 0.70315527916, 2.70449924469, 1.62685203552, 5.07529640198, 2.66879701614, 1.94133901596, 2.70308542252, 1.14603328705, 0.00574016571045, 2.5294303894, 1.04755735397, 0.867372989655, 0.956023931503, 1.5791926384, 1.03059673309, 0.651729822159, 0.449103116989, 2.04054784775, 305.059570312, 192.932937622, 264.600341797, 265.704498291, 208.330429077, 75.1004638672, 7.04541778564],
        "max": [1.24828613934e-06, 9.55667783273e-05, 0.00131710455753, 0.000619876664132, 0.00169869163074, 0.00266417465173, 0.00341427489184, 0.00519869895652, 0.00375223695301, 0.00437925569713, 0.0256613045931, 0.00534585583955, 0.00278230034746, 0.00220463564619, 0.00334001961164, 0.00479592150077, 0.00632267724723, 0.0101605392992, 0.00984529219568, 0.00143471104093, 3.36339508067e-06, 5.91769207858e-07, 2.49851979106e-07, 1.25439512999e-07, 5.90078848006e-08, 2.33661570093e-08, 8.9851992513e-09],
        "mean": [6.85026435576e-08, 2.16545413423e-05, 0.000491052516736, 0.00014272890985, 0.000416882190621, 0.000518284679856, 0.000809228222352, 0.00149752153084, 0.00091653567506, 0.00138497154694, 0.0119696324691, 0.00134889048059, 0.00098047114443, 0.000859193794895, 0.00115682405885, 0.00183540058788, 0.00267040752806, 0.0042119291611, 0.00467658555135, 0.000428508443292, 1.45674636798e-08, 4.53449500171e-09, 2.11956741047e-09, 1.46081724495e-09, 1.12527964724e-09, 9.27908139214e-10, 9.05731212253e-10],
        "median": [3.50758995182e-08, 1.84819473361e-05, 0.000467450474389, 0.000114577182103, 0.00035596016096, 0.000441449839855, 0.000699828902725, 0.00138714688364, 0.000825258961413, 0.00126011250541, 0.0119524057955, 0.00124324206263, 0.000917083467357, 0.000787395169027, 0.00109199993312, 0.00177535915282, 0.00255063548684, 0.00400916999206, 0.00450919661671, 0.000381788238883, 2.01583971737e-09, 9.90322268635e-10, 6.35485886136e-10, 5.17188569749e-10, 4.44973613511e-10, 4.10114497917e-10, 4.11092049291e-10],
        "min": [1.60620780565e-10, 8.86715326942e-07, 1.48459082538e-06, 8.99983660929e-07, 4.86315639137e-06, 1.09799402708e-05, 9.01699604583e-06, 6.87529927745e-06, 1.75941977432e-06, 1.61260049936e-05, 6.24587628408e-05, 5.28948912688e-05, 3.53448740498e-05, 2.31819776673e-05, 2.64015761786e-05, 5.43605347048e-05, 0.000110825640149, 4.26215628977e-05, 0.000139597555972, 1.41933278428e-05, 7.33576654283e-12, 1.88534474491e-12, 1.0260806961e-12, 2.32846532854e-12, 1.72523551435e-12, 1.72498354576e-13, 2.47248022837e-13],
        "skew": [5.85558080673, 1.36728382111, 0.602862417698, 1.52671873569, 1.18811011314, 1.70403468609, 1.43838596344, 1.07090842724, 1.24287760258, 0.973162174225, 0.187120988965, 1.17373037338, 0.960430979729, 0.900787472725, 0.792421281338, 0.792068362236, 0.767716526985, 0.683708429337, 0.592834413052, 1.2868462801, 16.8239650726, 13.8164348602, 15.798119545, 15.6835613251, 13.2476892471, 6.88464355469, 2.40867304802],
        "var": [1.09169511064e-14, 2.07171307887e-10, 3.4478674138e-08, 1.19997647374e-08, 7.45791766121e-08, 1.01928250729e-07, 2.48374760758e-07, 6.07174456491e-07, 2.50392560019e-07, 5.09260360104e-07, 1.74220622284e-05, 4.45643081548e-07, 1.98822519337e-07, 1.4452433561e-07, 2.07511718031e-07, 4.25770110724e-07, 8.33970545955e-07, 1.90688069779e-06, 2.01296120395e-06, 5.42605604892e-08, 2.83264504111e-14, 1.42615212615e-15, 1.77444190966e-16, 4.4150586524e-17, 1.09224666938e-17, 2.7787540356e-18, 1.59141464165e-18],
        "cov": [[1.09367640541e-14, -3.6288321252e-14, -2.09721367876e-12, -9.55274379565e-13, 5.59772443242e-13, 1.01581709624e-12, -4.52435311438e-12, -3.20649626642e-12, -3.61179293938e-12, 9.84949155656e-14, -1.80223093393e-11, -1.64605070026e-12, -2.8599477387e-12, 3.66515655716e-13, -2.32393444766e-12, -4.31050594524e-12, -7.4889938001e-12, -5.82897922638e-12, -1.17547863804e-11, -6.97410770627e-13, 5.79988912325e-15, 2.04601380157e-15, 8.80286560791e-16, 4.4043942429e-16, 2.06280487979e-16, 8.11662042517e-17, 1.80650174276e-17], [-3.6288321252e-14, 2.07547298792e-10, 1.25028054576e-09, 6.02606714528e-11, 6.19161388826e-11, 3.06604824862e-10, -2.84894552394e-10, 3.64965307975e-10, 2.68663147285e-10, 6.61515495159e-11, -2.55086063383e-09, -9.78677555663e-11, 1.46821152458e-10, 6.44562354879e-12, -3.10547212945e-11, 8.43899783387e-10, -1.33774699651e-10, -1.52848944612e-09, 8.2429846282e-10, 8.58745644039e-11, -1.28652405569e-13, -2.5309473213e-14, -5.96878833997e-15, -2.14151316648e-15, -5.70718623761e-16, 4.64471681297e-16, 8.89083262646e-16], [-2.09721367876e-12, 1.25028054576e-09, 3.4541248084e-08, 6.45396447396e-09, -1.31315902596e-10, 1.8572547944e-09, 2.21152252067e-09, 3.06619440948e-09, 5.19796738985e-09, -1.83572756995e-09, 2.6911881057e-10, 4.16028145267e-09, 6.14137762867e-09, -8.72367567073e-10, 4.31312141558e-09, 1.0823534069e-08, 1.93523486125e-09, 6.95858370925e-10, 1.26131460831e-09, 9.5879748585e-10, -4.45935042365e-12, -1.03406703773e-12, -3.24378300913e-13, -1.55125180279e-13, -7.72305057905e-14, -3.03351195888e-14, -1.1814329998e-14], [-9.55274379565e-13, 6.02606714528e-11, 6.45396447396e-09, 1.20215437605e-08, 6.77861500264e-09, -3.22391641161e-10, 1.0342895429e-09, 3.6115967994e-09, -2.22741859679e-11, -5.71197000809e-09, -3.54382514445e-08, -3.76269904123e-09, -2.21853008187e-10, -1.21288856736e-09, 1.48240997255e-09, -4.92340390679e-10, 7.75085606808e-10, 8.85542927875e-09, -1.30577615387e-09, 2.98254559938e-10, -1.29665278081e-12, -3.2248555497e-13, -1.09032567859e-13, -5.3609674073e-14, -2.71792001882e-14, -1.15704878472e-14, -5.18477464399e-15], [5.59772443242e-13, 6.19161388826e-11, -1.31315902596e-10, 6.77861500264e-09, 7.47145278979e-08, 6.01247984733e-09, 3.88911525206e-09, 8.69334026987e-09, 4.80674566816e-09, 2.20153983932e-09, 3.58957272795e-08, 5.87124526774e-09, -5.12814990472e-09, 1.20117926716e-09, 4.43681966167e-11, -6.99157443051e-09, -5.194279451e-10, 1.58678599149e-08, 6.62639587645e-09, -1.77957371061e-10, -2.18485277613e-12, -4.13110816172e-13, -1.00726562779e-13, -4.91027405097e-14, -3.0155599426e-14, -1.63147575012e-14, -1.339469866e-14], [1.01581709624e-12, 3.06604824862e-10, 1.8572547944e-09, -3.22391641161e-10, 6.01247984733e-09, 1.0211324053e-07, 2.13072883781e-08, 2.62022537001e-09, -6.68035138318e-09, 3.02311597977e-09, -1.37560496327e-08, -1.08865467752e-08, -3.27998828098e-09, -4.58710180951e-09, 5.68456881567e-09, -7.57379581273e-09, -4.50857173817e-09, 1.10968461087e-08, 1.34101274529e-09, -6.14137574129e-10, -2.63025387061e-12, -4.73402350307e-13, -9.98322247352e-14, -4.09147779404e-14, -2.06887001156e-14, -4.83421481217e-15, -9.48122411982e-16], [-4.52435311438e-12, -2.84894552394e-10, 2.21152252067e-09, 1.0342895429e-09, 3.88911525206e-09, 2.13072883781e-08, 2.4882552907e-07, 2.33685071294e-08, 1.17314495895e-08, 3.37539454165e-08, 1.20671461712e-09, -1.14465352752e-08, -1.17796776777e-08, -7.05826397329e-10, 1.07717497144e-08, -7.47314032878e-09, 2.36360420125e-09, -4.37283596e-08, 5.13444469163e-08, -2.38150255072e-09, -6.94515885774e-12, -1.73930563962e-12, -5.88559637225e-13, -2.84666658735e-13, -1.39006997102e-13, -5.38630453445e-14, -1.78105668641e-14], [-3.20649626642e-12, 3.64965307975e-10, 3.06619440948e-09, 3.6115967994e-09, 8.69334026987e-09, 2.62022537001e-09, 2.33685071294e-08, 6.08276423009e-07, -3.07192049576e-09, -1.25658372596e-08, -2.13819120631e-07, -1.69018044005e-08, 1.32504158756e-08, -1.46352574504e-09, -1.25308888266e-10, 1.30494317574e-08, 5.65256605967e-08, -5.31183736996e-08, 1.17013136958e-07, 1.04812225565e-09, -7.09179026268e-12, -1.49650268306e-12, -4.19129737427e-13, -1.9264749301e-13, -9.62678694356e-14, -3.57693238364e-14, -1.40399480304e-14], [-3.61179293938e-12, 2.68663147285e-10, 5.19796738985e-09, -2.22741859679e-11, 4.80674566816e-09, -6.68035138318e-09, 1.17314495895e-08, -3.07192049576e-09, 2.50846994732e-07, 2.19641727028e-08, -4.72308094857e-08, -1.01834418675e-09, -1.42536240588e-08, 1.56318935574e-09, -3.4879266142e-10, -8.03198549337e-11, -4.78297668138e-09, -4.63722926725e-08, -2.47445921531e-08, -6.91500190442e-09, -7.6783909092e-12, -1.67623499716e-12, -4.7684761955e-13, -2.06582431825e-13, -8.60872787986e-14, -1.20780706468e-14, 1.85603299358e-14], [9.84949155656e-14, 6.61515495159e-11, -1.83572756995e-09, -5.71197000809e-09, 2.20153983932e-09, 3.02311597977e-09, 3.37539454165e-08, -1.25658372596e-08, 2.19641727028e-08, 5.10184577251e-07, 4.49454205409e-07, 8.08007705189e-09, 1.95832914329e-08, -1.41258293951e-08, -1.57659609812e-08, -1.88587687688e-08, 1.56491939407e-08, 3.04039957655e-08, -1.11690406923e-10, 9.03632724203e-09, -3.65622202653e-12, -8.8805351961e-13, -2.87532259287e-13, -1.29439333058e-13, -5.61099560911e-14, -1.30378258916e-14, 6.27179913025e-15], [-1.80223093393e-11, -2.55086063383e-09, 2.6911881057e-10, -3.54382514445e-08, 3.58957272795e-08, -1.37560496327e-08, 1.20671461712e-09, -2.13819120631e-07, -4.72308094857e-08, 4.49454205409e-07, 1.74536817212e-05, 1.14571690801e-07, 2.06879189335e-08, 4.97978369651e-09, 1.20301237416e-07, 6.19841102889e-08, 1.89601323086e-07, 3.83911384461e-07, -9.11623061484e-08, -3.19744586363e-08, -8.79356587546e-11, -2.26987994373e-11, -8.00374003185e-12, -4.02548133716e-12, -2.10001981082e-12, -9.85304177657e-13, -5.25693150035e-13], [-1.64605070026e-12, -9.78677555663e-11, 4.16028145267e-09, -3.76269904123e-09, 5.87124526774e-09, -1.08865467752e-08, -1.14465352752e-08, -1.69018044005e-08, -1.01834418675e-09, 8.08007705189e-09, 1.14571690801e-07, 4.46451849712e-07, 1.61815238986e-09, 8.59040838463e-09, 1.56252948358e-08, -3.97888388903e-09, -3.63879237852e-08, -2.21539018241e-08, -1.96886098536e-08, -1.85782123019e-09, -7.50254806198e-12, -1.51237421024e-12, -4.11366551717e-13, -2.09846829041e-13, -1.29743885449e-13, -7.41800826494e-14, -6.0715728235e-14], [-2.8599477387e-12, 1.46821152458e-10, 6.14137762867e-09, -2.21853008187e-10, -5.12814990472e-09, -3.27998828098e-09, -1.17796776777e-08, 1.32504158756e-08, -1.42536240588e-08, 1.95832914329e-08, 2.06879189335e-08, 1.61815238986e-09, 1.99183347149e-07, 6.82008938213e-09, 7.85825626792e-09, 1.4500779244e-08, 3.4574023644e-09, 8.89168205731e-08, 1.289075513e-08, -7.51807860411e-09, -5.30684567471e-12, -9.3106783134e-13, -1.87544044964e-13, -7.69299446195e-14, -4.05487411226e-14, -1.13285566027e-14, -5.05990801152e-15], [3.66515655716e-13, 6.44562354879e-12, -8.72367567073e-10, -1.21288856736e-09, 1.20117926716e-09, -4.58710180951e-09, -7.05826397329e-10, -1.46352574504e-09, 1.56318935574e-09, -1.41258293951e-08, 4.97978369651e-09, 8.59040838463e-09, 6.82008938213e-09, 1.44786625356e-07, -1.57053411942e-10, 4.57831966783e-11, 4.09182865369e-09, 2.43785880372e-08, 1.32353497051e-08, 5.7134390552e-09, -4.88559149733e-12, -9.65470650476e-13, -2.37651505463e-13, -9.53132700803e-14, -3.73239511671e-14, 1.78611971468e-16, 1.43488329942e-14], [-2.32393444766e-12, -3.10547212945e-11, 4.31312141558e-09, 1.48240997255e-09, 4.43681966167e-11, 5.68456881567e-09, 1.07717497144e-08, -1.25308888266e-10, -3.4879266142e-10, -1.57659609812e-08, 1.20301237416e-07, 1.56252948358e-08, 7.85825626792e-09, -1.57053411942e-10, 2.07888334103e-07, 1.31635298217e-08, 3.78347202457e-08, 4.89395119985e-08, 3.6798082359e-09, -5.15045450733e-10, -6.74285410493e-12, -1.71201290991e-12, -5.84441078432e-13, -2.76269214753e-13, -1.27443479489e-13, -4.31026708195e-14, -5.12604857921e-15], [-4.31050594524e-12, 8.43899783387e-10, 1.0823534069e-08, -4.92340390679e-10, -6.99157443051e-09, -7.57379581273e-09, -7.47314032878e-09, 1.30494317574e-08, -8.03198549337e-11, -1.88587687688e-08, 6.19841102889e-08, -3.97888388903e-09, 1.4500779244e-08, 4.57831966783e-11, 1.31635298217e-08, 4.2654284016e-07, -1.39792293297e-08, 1.06587236814e-07, 6.73501361348e-08, -2.09890393954e-09, -1.26512663193e-11, -2.74398732902e-12, -7.9732412079e-13, -3.7616708793e-13, -1.9190490939e-13, -7.63568624561e-14, -3.46495293395e-14], [-7.4889938001e-12, -1.33774699651e-10, 1.93523486125e-09, 7.75085606808e-10, -5.194279451e-10, -4.50857173817e-09, 2.36360420125e-09, 5.65256605967e-08, -4.78297668138e-09, 1.56491939407e-08, 1.89601323086e-07, -3.63879237852e-08, 3.4574023644e-09, 4.09182865369e-09, 3.78347202457e-08, -1.39792293297e-08, 8.35484058825e-07, -1.51361216894e-08, 1.33077469044e-08, -7.56198037521e-09, -1.27675361603e-11, -2.98535913872e-12, -9.35522818067e-13, -4.32066112489e-13, -2.00593556522e-13, -6.22022710574e-14, -4.37536478267e-15], [-5.82897922638e-12, -1.52848944612e-09, 6.95858370925e-10, 8.85542927875e-09, 1.58678599149e-08, 1.10968461087e-08, -4.37283596e-08, -5.31183736996e-08, -4.63722926725e-08, 3.04039957655e-08, 3.83911384461e-07, -2.21539018241e-08, 8.89168205731e-08, 2.43785880372e-08, 4.89395119985e-08, 1.06587236814e-07, -1.51361216894e-08, 1.91034132513e-06, 1.35422880021e-07, 1.39134979094e-08, -3.09626213557e-11, -7.22013464641e-12, -2.26085166213e-12, -1.05348097867e-12, -4.95672947132e-13, -1.63406180947e-13, -2.60130441899e-14], [-1.17547863804e-11, 8.2429846282e-10, 1.26131460831e-09, -1.30577615387e-09, 6.62639587645e-09, 1.34101274529e-09, 5.13444469163e-08, 1.17013136958e-07, -2.47445921531e-08, -1.11690406923e-10, -9.11623061484e-08, -1.96886098536e-08, 1.289075513e-08, 1.32353497051e-08, 3.6798082359e-09, 6.73501361348e-08, 1.33077469044e-08, 1.35422880021e-07, 2.01661441679e-06, -4.43783720883e-09, -9.7906049587e-12, -3.99905412604e-12, -1.88356209969e-12, -1.00181484202e-12, -5.25624736878e-13, -2.71852066682e-13, -1.48946244336e-13], [-6.97410770627e-13, 8.58745644039e-11, 9.5879748585e-10, 2.98254559938e-10, -1.77957371061e-10, -6.14137574129e-10, -2.38150255072e-09, 1.04812225565e-09, -6.91500190442e-09, 9.03632724203e-09, -3.19744586363e-08, -1.85782123019e-09, -7.51807860411e-09, 5.7134390552e-09, -5.15045450733e-10, -2.09890393954e-09, -7.56198037521e-09, 1.39134979094e-08, -4.43783720883e-09, 5.43590346069e-08, 3.64574988037e-13, 1.52931053238e-13, 6.97675695428e-14, 3.52345749962e-14, 1.5344039109e-14, 4.858903705e-15, -6.63157288059e-16], [5.79988912325e-15, -1.28652405569e-13, -4.45935042365e-12, -1.29665278081e-12, -2.18485277613e-12, -2.63025387061e-12, -6.94515885774e-12, -7.09179026268e-12, -7.6783909092e-12, -3.65622202653e-12, -8.79356587546e-11, -7.50254806198e-12, -5.30684567471e-12, -4.88559149733e-12, -6.74285410493e-12, -1.26512663193e-11, -1.27675361603e-11, -3.09626213557e-11, -9.7906049587e-12, 3.64574988037e-13, 2.83778602288e-14, 5.910314691e-15, 1.60644361837e-15, 7.29140360557e-16, 3.52225283877e-16, 1.10276053201e-16, 2.41840429956e-17], [2.04601380157e-15, -2.5309473213e-14, -1.03406703773e-12, -3.2248555497e-13, -4.13110816172e-13, -4.73402350307e-13, -1.73930563962e-12, -1.49650268306e-12, -1.67623499716e-12, -8.8805351961e-13, -2.26987994373e-11, -1.51237421024e-12, -9.3106783134e-13, -9.65470650476e-13, -1.71201290991e-12, -2.74398732902e-12, -2.98535913872e-12, -7.22013464641e-12, -3.99905412604e-12, 1.52931053238e-13, 5.910314691e-15, 1.42874044708e-15, 4.65487803197e-16, 2.22025917261e-16, 1.06732940853e-16, 3.86012998009e-17, 1.01717680279e-17], [8.80286560791e-16, -5.96878833997e-15, -3.24378300913e-13, -1.09032567859e-13, -1.00726562779e-13, -9.98322247352e-14, -5.88559637225e-13, -4.19129737427e-13, -4.7684761955e-13, -2.87532259287e-13, -8.00374003185e-12, -4.11366551717e-13, -1.87544044964e-13, -2.37651505463e-13, -5.84441078432e-13, -7.9732412079e-13, -9.35522818067e-13, -2.26085166213e-12, -1.88356209969e-12, 6.97675695428e-14, 1.60644361837e-15, 4.65487803197e-16, 1.7776623554e-16, 8.80460043727e-17, 4.2438299495e-17, 1.70385491531e-17, 5.27606441728e-18], [4.4043942429e-16, -2.14151316648e-15, -1.55125180279e-13, -5.3609674073e-14, -4.91027405097e-14, -4.09147779404e-14, -2.84666658735e-13, -1.9264749301e-13, -2.06582431825e-13, -1.29439333058e-13, -4.02548133716e-12, -2.09846829041e-13, -7.69299446195e-14, -9.53132700803e-14, -2.76269214753e-13, -3.7616708793e-13, -4.32066112489e-13, -1.05348097867e-12, -1.00181484202e-12, 3.52345749962e-14, 7.29140360557e-16, 2.22025917261e-16, 8.80460043727e-17, 4.42307138556e-17, 2.16426083185e-17, 9.20178295435e-18, 3.37556050486e-18], [2.06280487979e-16, -5.70718623761e-16, -7.72305057905e-14, -2.71792001882e-14, -3.0155599426e-14, -2.06887001156e-14, -1.39006997102e-13, -9.62678694356e-14, -8.60872787986e-14, -5.61099560911e-14, -2.10001981082e-12, -1.29743885449e-13, -4.05487411226e-14, -3.73239511671e-14, -1.27443479489e-13, -1.9190490939e-13, -2.00593556522e-13, -4.95672947132e-13, -5.25624736878e-13, 1.5344039109e-14, 3.52225283877e-16, 1.06732940853e-16, 4.2438299495e-17, 2.16426083185e-17, 1.09422900772e-17, 5.03170947407e-18, 2.32928931975e-18], [8.11662042517e-17, 4.64471681297e-16, -3.03351195888e-14, -1.15704878472e-14, -1.63147575012e-14, -4.83421481217e-15, -5.38630453445e-14, -3.57693238364e-14, -1.20780706468e-14, -1.30378258916e-14, -9.85304177657e-13, -7.41800826494e-14, -1.13285566027e-14, 1.78611971468e-16, -4.31026708195e-14, -7.63568624561e-14, -6.22022710574e-14, -1.63406180947e-13, -2.71852066682e-13, 4.858903705e-15, 1.10276053201e-16, 3.86012998009e-17, 1.70385491531e-17, 9.20178295435e-18, 5.03170947407e-18, 2.783797149e-18, 1.76970287613e-18], [1.80650174276e-17, 8.89083262646e-16, -1.1814329998e-14, -5.18477464399e-15, -1.339469866e-14, -9.48122411982e-16, -1.78105668641e-14, -1.40399480304e-14, 1.85603299358e-14, 6.27179913025e-15, -5.25693150035e-13, -6.0715728235e-14, -5.05990801152e-15, 1.43488329942e-14, -5.12604857921e-15, -3.46495293395e-14, -4.37536478267e-15, -2.60130441899e-14, -1.48946244336e-13, -6.63157288059e-16, 2.41840429956e-17, 1.01717680279e-17, 5.27606441728e-18, 3.37556050486e-18, 2.32928931975e-18, 1.76970287613e-18, 1.59430284615e-18]]
    },
    "mfcc": {
        "kurt": [182.966110229, 117.791893005, 7.09830093384, 1.12839221954, 11.7576084137, 22.6273860931, -0.163457155228, 0.729303598404, 1.42538356781, 0.377671718597, -0.056382894516, 2.30255460739, -0.273933649063],
        "max": [-665.887084961, 249.903137207, -103.836700439, 27.9381904602, 45.7227973938, -16.4251022339, 30.8996047974, 41.6701469421, -16.5165939331, 19.5639514923, 13.5099449158, -1.23791503906, 27.3792953491],
        "mean": [-696.224060059, 234.44644165, -144.592483521, 6.79488229752, 33.5519294739, -69.3792572021, 18.6817531586, 27.2348384857, -38.5213623047, 5.53247213364, 0.88917940855, -26.358631134, 16.1388816833],
        "median": [-695.841064453, 235.132003784, -144.263580322, 6.83375930786, 34.007686615, -69.5023193359, 18.8500480652, 27.4870548248, -38.5318527222, 5.36865615845, 1.0535774231, -26.4234542847, 16.1093006134],
        "min": [-824.832214355, 119.186538696, -158.114593506, -6.89887619019, -7.77224731445, -81.6727905273, 7.00177383423, 8.27147102356, -53.4754104614, -11.6527633667, -10.3209209442, -40.4162406921, 4.63910675049],
        "skew": [-10.2279367447, -8.03631782532, 0.793657541275, 0.361590385437, -1.7563046217, 2.38569974899, 0.010051372461, -0.289055526257, 0.238958999515, -0.0465220995247, -0.123028300703, 0.246442690492, -0.0194082334638],
        "var": [51.7672996521, 52.7727546692, 25.3115158081, 21.608921051, 24.1560192108, 25.195690155, 18.9293994904, 19.0481204987, 20.7615604401, 19.9275112152, 16.8015346527, 16.4090328217, 16.9986438751],
        "cov": [[51.8612518311, 41.7576713562, -7.26837968826, -0.268474936485, 6.04614639282, -13.0236129761, 1.69718921185, 1.91591012478, -6.87629842758, 4.56976318359, -0.549879550934, -7.08387804031, -0.031646117568], [41.7576713562, 52.8685302734, 4.74321651459, -4.35853910446, 11.3984622955, -14.1158790588, -0.862000644207, 4.38805818558, -8.31618499756, 2.85164880753, 0.290807366371, -8.16690731049, -0.494276434183], [-7.26837968826, 4.74321651459, 25.3574542999, 11.5413379669, -2.53639578819, 3.54781126976, -2.57200527191, -3.24247574806, 0.940269947052, -3.55656075478, -2.52335381508, 0.27498498559, -1.4064180851], [-0.268474936485, -4.35853910446, 11.5413379669, 21.6481380463, 4.98668384552, 1.72775185108, 0.950882673264, -3.0985212326, -0.630393624306, -0.390774846077, -2.74031543732, -0.6438113451, 0.765498757362], [6.04614639282, 11.3984622955, -2.53639578819, 4.98668384552, 24.1998596191, 5.77919864655, 0.371561139822, 2.64117383957, -3.98399353027, -0.0450585670769, 1.92031109333, -2.25745272636, -0.498736530542], [-13.0236129761, -14.1158790588, 3.54781126976, 1.72775185108, 5.77919864655, 25.2414188385, 7.85373449326, -1.82759916782, 3.67169427872, -2.47236418724, -0.170986577868, 3.49098706245, -2.11774134636], [1.69718921185, -0.862000644207, -2.57200527191, 0.950882673264, 0.371561139822, 7.85373449326, 18.9637546539, 9.6880865097, 0.929025888443, 2.78496432304, -0.76354944706, -1.38296914101, 1.21715891361], [1.91591012478, 4.38805818558, -3.24247574806, -3.0985212326, 2.64117383957, -1.82759916782, 9.6880865097, 19.0826911926, 8.94218635559, 1.69690990448, 1.39703977108, -0.317106485367, -0.165742829442], [-6.87629842758, -8.31618499756, 0.940269947052, -0.630393624306, -3.98399353027, 3.67169427872, 0.929025888443, 8.94218635559, 20.7992401123, 9.87012386322, 0.569721996784, 3.41840052605, 1.6843329668], [4.56976318359, 2.85164880753, -3.55656075478, -0.390774846077, -0.0450585670769, -2.47236418724, 2.78496432304, 1.69690990448, 9.87012386322, 19.96367836, 8.16129493713, 0.888448357582, 3.59787893295], [-0.549879550934, 0.290807366371, -2.52335381508, -2.74031543732, 1.92031109333, -0.170986577868, -0.76354944706, 1.39703977108, 0.569721996784, 8.16129493713, 16.8320274353, 8.63620567322, 0.0505965389311], [-7.08387804031, -8.16690731049, 0.27498498559, -0.6438113451, -2.25745272636, 3.49098706245, -1.38296914101, -0.317106485367, 3.41840052605, 0.888448357582, 8.63620567322, 16.4388141632, 8.45794391632], [-0.031646117568, -0.494276434183, -1.4064180851, 0.765498757362, -0.498736530542, -2.11774134636, 1.21715891361, -0.165742829442, 1.6843329668, 3.59787893295, 0.0505965389311, 8.45794391632, 17.0294933319]]
    },
    "sccoeffs": {
        "kurt": [5.30746269226, -0.0343232154846, 0.308789253235, 0.178204774857, 7.61919212341, 2.74989271164],
        "max": [-0.457386046648, -0.610786557198, -0.551476597786, -0.725363135338, -0.456284940243, -0.808808207512],
        "mean": [-0.593703091145, -0.765474021435, -0.686912715435, -0.793512165546, -0.523188173771, -0.939050078392],
        "median": [-0.595050811768, -0.767020463943, -0.683235406876, -0.793849825859, -0.524906039238, -0.944854974747],
        "min": [-0.942585527897, -0.905491113663, -0.823428750038, -0.901822149754, -0.728884518147, -0.982565701008],
        "skew": [-0.647050380707, 0.183893889189, -0.19417309761, -0.0873624309897, -0.858603954315, 1.17328512669],
        "var": [0.0021904297173, 0.00199604849331, 0.00153333169874, 0.000586285023019, 0.000621737213805, 0.000501720234752],
        "cov": [[0.00219440506771, 0.000189074504306, 6.12900621491e-05, 3.78973491024e-05, 0.000202032621019, -0.000104306243884], [0.000189074504306, 0.0019996711053, 6.1565406213e-05, 3.08800044877e-05, 6.71028028592e-05, -4.43283170171e-05], [6.12900621491e-05, 6.1565406213e-05, 0.00153611460701, 5.25402901985e-05, 2.42906771746e-05, 1.76208977791e-05], [3.78973491024e-05, 3.08800044877e-05, 5.25402901985e-05, 0.00058734905906, 5.12896040163e-05, -1.96947567019e-05], [0.000202032621019, 6.71028028592e-05, 2.42906771746e-05, 5.12896040163e-05, 0.00062286562752, -4.65986158815e-05], [-0.000104306243884, -4.43283170171e-05, 1.76208977791e-05, -1.96947567019e-05, -4.65986158815e-05, 0.000502630777191]]
    },
    "scvalleys": {
        "kurt": [0.833775043488, 3.33828210831, 11.4923400879, 6.77085971832, 0.100816488266, 0.318561792374],
        "max": [-6.18049430847, -4.40119314194, -4.51991415024, -5.00815248489, -6.86438179016, -10.4371738434],
        "mean": [-7.02180433273, -5.20213270187, -5.0503821373, -5.43596506119, -7.34618330002, -13.1334533691],
        "median": [-6.99278593063, -5.17911529541, -5.03512573242, -5.42824316025, -7.34093856812, -13.0302448273],
        "min": [-8.581366539, -7.17751789093, -7.24972963333, -6.88005876541, -8.07430553436, -16.3802146912],
        "skew": [-0.585460543633, -0.772328734398, -1.57610225677, -1.02292251587, -0.26754924655, -0.428459525108],
        "var": [0.13711348176, 0.0836869031191, 0.0585596524179, 0.0321179926395, 0.0416745357215, 0.666746616364],
        "cov": [[0.137362331152, 0.00560808554292, 0.000982629717328, 0.00394254736602, 0.000876205740497, -0.00253891991451], [0.00560808554292, 0.0838387832046, 0.0111975381151, 0.0072567104362, 0.00533867953345, -0.0203738044947], [0.000982629717328, 0.0111975381151, 0.0586659312248, 0.00621508061886, 0.000237133019255, -0.00964863877743], [0.00394254736602, 0.0072567104362, 0.00621508061886, 0.0321762822568, 0.000498759094626, -0.00752702495083], [0.000876205740497, 0.00533867953345, 0.000237133019255, 0.000498759094626, 0.0417501702905, 0.00137934775557], [-0.00253891991451, -0.0203738044947, -0.00964863877743, -0.00752702495083, 0.00137934775557, 0.667956650257]]
    }
},
"rhythm": {
    "beats_loudness": {
        "kurt": -0.766581535339,
        "max": 0.0488154925406,
        "mean": 0.0370418950915,
        "median": 0.037014298141,
        "min": 0.0257130227983,
        "skew": -0.0813642442226,
        "var": 4.06096223742e-05
    },
    "bpm": 106.729774475,
    "confidence": 1.35486447811,
    "first_peak_bpm": {
        "kurt": 0,
        "max": 108,
        "mean": 108,
        "median": 108,
        "min": 108,
        "skew": 0,
        "var": 0
    },
    "first_peak_spread": {
        "kurt": 0,
        "max": 0.25,
        "mean": 0.25,
        "median": 0.25,
        "min": 0.25,
        "skew": 0,
        "var": 0
    },
    "first_peak_weight": {
        "kurt": 0,
        "max": 0.300000011921,
        "mean": 0.300000011921,
        "median": 0.300000011921,
        "min": 0.300000011921,
        "skew": 0,
        "var": 0
    },
    "onset_rate": 0.078234910965,
    "second_peak_bpm": {
        "kurt": 0,
        "max": 103,
        "mean": 103,
        "median": 103,
        "min": 103,
        "skew": 0,
        "var": 0
    },
    "second_peak_spread": {
        "kurt": 0,
        "max": 0.375,
        "mean": 0.375,
        "median": 0.375,
        "min": 0.375,
        "skew": 0,
        "var": 0
    },
    "second_peak_weight": {
        "kurt": 0,
        "max": 0.25,
        "mean": 0.25,
        "median": 0.25,
        "min": 0.25,
        "skew": 0,
        "var": 0
    },
    "beats_loudness_band_ratio": {
        "kurt": [-0.0518839359283, -1.63981664181, -0.747620344162, -0.112740755081, 0.0408775806427, -1.32391369343],
        "max": [0.0411026254296, 0.0436910316348, 0.147019758821, 0.561884522438, 0.402705103159, 0.19581836462],
        "mean": [0.0209471527487, 0.0261543225497, 0.110768757761, 0.427339196205, 0.298335492611, 0.136069655418],
        "median": [0.0190229248255, 0.0254985690117, 0.114868558943, 0.439286381006, 0.291140288115, 0.120721571147],
        "min": [0.00813834927976, 0.00963625311852, 0.0668264627457, 0.277869939804, 0.213452041149, 0.0862876325846],
        "skew": [0.736129701138, -0.0487705767155, -0.490352392197, -0.461117565632, 0.577782034874, 0.386688232422],
        "var": [7.33262495487e-05, 0.000143161654705, 0.000479716109112, 0.00494557386264, 0.00210922281258, 0.0012086883653],
        "cov": [[7.69925609347e-05, 2.40814424615e-05, -1.75648492586e-05, -0.000244436116191, 0.000150369058247, 2.92619170068e-05], [2.40814424615e-05, 0.000150319741806, -9.17124416446e-05, -2.98776812997e-05, -7.17731018085e-05, 4.50751576864e-05], [-1.75648492586e-05, -9.17124416446e-05, 0.000503701914568, -0.000336263794452, 6.07175115874e-06, 3.52247730007e-06], [-0.000244436116191, -2.98776812997e-05, -0.000336263794452, 0.00519285257906, -0.00279928417876, -0.00182116194628], [0.000150369058247, -7.17731018085e-05, 6.07175115874e-06, -0.00279928417876, 0.00221468391828, 0.000486343633384], [2.92619170068e-05, 4.50751576864e-05, 3.52247730007e-06, -0.00182116194628, 0.000486343633384, 0.00126912281848]]
    },
    "beats_position": [0.592108845711, 1.21904754639, 1.8575963974, 2.48453521729, 3.04181408882, 3.59909296036, 4.15637159348, 4.69043064117, 5.22448968887, 5.74693870544, 6.33904743195, 6.91954612732, 7.51165533066, 8.10376358032, 8.66104316711, 9.24154186249, 9.82204055786, 10.379319191, 10.95981884, 11.5170974731, 12.0975961685],
    "bpm_estimates": [107.666023254, 107.666023254, 107.666069031, 112.347129822, 112.347129822, 103.359405518, 107.665885925, 103.359405518, 103.359405518, 107.666069031, 103.359237671, 107.666069031, 103.359405518],
    "bpm_intervals": [0.626938700676, 0.638548851013, 0.626938819885, 0.557278871536, 0.557278871536, 0.557278633118, 0.534059047699, 0.534059047699, 0.522449016571, 0.592108726501, 0.580498695374, 0.592109203339, 0.592108249664, 0.557279586792, 0.580498695374, 0.580498695374, 0.557278633118, 0.580499649048, 0.557278633118, 0.580498695374],
    "onset_times": [0.0116099771112],
    "histogram": [[0, 0, 0, 0, 0, 0, 0, 0, 0, 0, 0, 0, 0, 0, 0, 0, 0, 0, 0, 0, 0, 0, 0, 0, 0, 0, 0, 0, 0, 0, 0, 0, 0, 0, 0, 0, 0, 0, 0, 0, 0, 0, 0, 0, 0, 0, 0, 0, 0, 0, 0, 0, 0, 0, 0, 0, 0, 0, 0, 0, 0, 0, 0, 0, 0, 0, 0, 0, 0, 0, 0, 0, 0, 0, 0, 0, 0, 0, 0, 0, 0, 0, 0, 0, 0, 0, 0, 0, 0, 0, 0, 0, 0, 0, 0.0500000007451, 0, 0.10000000149, 0, 0, 0, 0, 0.15000000596, 0, 0.25, 0, 0, 0, 0, 0.300000011921, 0, 0, 0, 0.10000000149, 0, 0, 0.0500000007451, 0, 0, 0, 0, 0, 0, 0, 0, 0, 0, 0, 0, 0, 0, 0, 0, 0, 0, 0, 0, 0, 0, 0, 0, 0, 0, 0, 0, 0, 0, 0, 0, 0, 0, 0, 0, 0, 0, 0, 0, 0, 0, 0, 0, 0, 0, 0, 0, 0, 0, 0, 0, 0, 0, 0, 0, 0, 0, 0, 0, 0, 0, 0, 0, 0, 0, 0, 0, 0, 0, 0, 0, 0, 0, 0, 0, 0, 0, 0, 0, 0, 0, 0, 0, 0, 0, 0, 0, 0, 0, 0, 0, 0, 0, 0, 0, 0, 0, 0, 0, 0, 0, 0, 0, 0, 0, 0, 0, 0, 0, 0, 0, 0, 0, 0, 0, 0, 0, 0, 0, 0, 0, 0, 0, 0, 0, 0, 0, 0, 0, 0, 0, 0, 0]]
},
"sfx": {
    "inharmonicity": {
        "kurt": -0.879346370697,
        "max": 0.431465387344,
        "mean": 0.128895193338,
        "median": 0.0903410464525,
        "min": 0,
        "skew": 0.570631444454,
        "var": 0.0129259936512
    },
    "oddtoevenharmonicenergyratio": {
        "kurt": 4.93721342087,
        "max": 22.1842002869,
        "mean": 2.45607066154,
        "median": 0.513025999069,
        "min": 0,
        "skew": 1.96646344662,
        "var": 11.4865045547
    },
    "pitch_after_max_to_before_max_energy_ratio": 1.97036623955,
    "pitch_centroid": 308.894561768,
    "pitch_max_to_total": 0.579710125923,
    "pitch_min_to_total": 0.0181159414351,
    "tristimulus": {
        "kurt": [1.18173551559, -1.0822070837, -1.12830483913],
        "max": [1, 0.902237713337, 0.953295111656],
        "mean": [0.24412329495, 0.408091932535, 0.347784638405],
        "median": [0.103261567652, 0.453449010849, 0.322844028473],
        "min": [0, 0, 0],
        "skew": [1.54641401768, -0.281042605639, 0.356023579836],
        "var": [0.0848439112306, 0.0554912388325, 0.0967670530081],
        "cov": [[0.0849978923798, -0.0218235403299, -0.0631743371487], [-0.0218235403299, 0.0555919483304, -0.0337684936821], [-0.0631743371487, -0.0337684936821, 0.0969426706433]]
    }
},
"tonal": {
    "chords_changes_rate": 0.0649819523096,
    "chords_number_rate": 0.0108303250745,
    "chords_strength": {
        "kurt": -1.39198994637,
        "max": 0.332091450691,
        "mean": 0.270120561123,
        "median": 0.259814709425,
        "min": 0.21562102437,
        "skew": 0.188758760691,
        "var": 0.000958497112151
    },
    "key_strength": 0.56030267477,
    "tuning_diatonic_strength": 0.36371716857,
    "tuning_equal_tempered_deviation": 0.0812831744552,
    "tuning_frequency": 450.284484863,
    "tuning_nontempered_energy_ratio": 0.670580983162,
    "hpcp": {
        "kurt": [6.4027929306, 3.36114549637, 4.39330434799, 3.0746216774, 21.8543186188, 5.62616443634, 271.480682373, 0.608597278595, 12.4996414185, 4.20812511444, 9.07339763641, 17.1913204193, 27.7646160126, 38.2988090515, 8.15110778809, 3.12021207809, 2.5451426506, 2.35279512405, 14.686006546, 77.3040618896, 18.4218025208, 10.9427938461, 9.68358421326, 3.37234592438, 18.4196205139, 18.65467453, 7.71356582642, 4.98901319504, 3.40212965012, 1.94911909103, 38.0684318542, 26.6445960999, 10.4893569946, 8.39079475403, 7.4702796936, 7.28330421448],
