{
"metadata": {
    "version": {
        "essentia": "2.1-beta3"
    }
},
"lowLevel": {
    "average_loudness": 0.969108402729,
    "barkbands_kurtosis": {
        "kurt": 11.722319603,
        "max": 21.3468647003,
        "mean": -0.0239645522088,
        "median": -0.9761043787,
        "min": -1.8660415411,
        "skew": 2.9494934082,
        "var": 6.04767084122
    },
    "barkbands_skewness": {
        "kurt": -0.0490815639496,
        "max": 2.74469208717,
        "mean": -0.25827023387,
        "median": -0.211736232042,
        "min": -4.03098201752,
        "skew": -0.376572340727,
        "var": 1.22801709175
    },
    "barkbands_spread": {
        "kurt": -0.395210027695,
        "max": 70.7245025635,
        "mean": 38.3656921387,
        "median": 39.7851257324,
        "min": 6.75756549835,
        "skew": -0.406944990158,
        "var": 138.133987427
    },
    "dissonance": {
        "kurt": 12.4495820999,
        "max": 0.500000119209,
        "mean": 0.487299978733,
        "median": 0.489767402411,
        "min": 0.396847248077,
        "skew": -2.6164598465,
        "var": 0.000106245424831
    },
    "hfc": {
        "kurt": 51.3864173889,
        "max": 9.29971599579,
        "mean": 0.431075900793,
        "median": 0.221764311194,
        "min": 0.0221333336085,
        "skew": 5.83457565308,
        "var": 0.463625013828
    },
    "pitch": {
        "kurt": -1.64377522469,
        "max": 5273.48339844,
        "mean": 2196.04418945,
        "median": 2557.90209961,
        "min": 55.9321899414,
        "skew": -0.19074575603,
        "var": 2477876.75
    },
    "pitch_instantaneous_confidence": {
        "kurt": 0.565593004227,
        "max": 0.965327084064,
        "mean": 0.373292952776,
        "median": 0.317434132099,
        "min": 0.103410363197,
        "skew": 1.10774469376,
        "var": 0.0387706533074
    },
    "pitch_salience": {
        "kurt": 5.77562522888,
        "max": 0.9531711936,
        "mean": 0.715202748775,
        "median": 0.731367230415,
        "min": 0.166248053312,
        "skew": -1.76179301739,
        "var": 0.0088727818802
    },
    "silence_rate_20dB": {
        "kurt": 0,
        "max": 1,
        "mean": 1,
        "median": 1,
        "min": 1,
        "skew": 0,
        "var": 0
    },
    "silence_rate_30dB": {
        "kurt": 0,
        "max": 1,
        "mean": 1,
        "median": 1,
        "min": 1,
        "skew": 0,
        "var": 0
    },
    "silence_rate_60dB": {
        "kurt": 0,
        "max": 1,
        "mean": 1,
        "median": 1,
        "min": 1,
        "skew": 0,
        "var": 0
    },
    "spectral_centroid": {
        "kurt": -0.118454933167,
        "max": 4964.77001953,
        "mean": 2032.97265625,
        "median": 1998.87451172,
        "min": 430.355499268,
        "skew": 0.422711372375,
        "var": 707195.9375
    },
    "spectral_complexity": {
        "kurt": 73.5322799683,
        "max": 9,
        "mean": 0.168869316578,
        "median": 0,
        "min": 0,
        "skew": 6.07695960999,
        "var": 0.257824003696
    },
    "spectral_crest": {
        "kurt": 3.76376962662,
        "max": 24.712053299,
        "mean": 7.38384056091,
        "median": 6.21457099915,
        "min": 2.3143901825,
        "skew": 1.85880076885,
        "var": 15.4953079224
    },
    "spectral_decrease": {
        "kurt": 26.48138237,
        "max": -4.92890060363e-12,
        "mean": -3.49202680661e-11,
        "median": -2.49194380408e-11,
        "min": -3.88518106575e-10,
        "skew": -4.0427532196,
        "var": 1.0264089614e-21
    },
    "spectral_energy": {
        "kurt": 34.0327033997,
        "max": 0.00219397922046,
        "mean": 0.000170897037606,
        "median": 0.000115326838568,
        "min": 2.15849813685e-05,
        "skew": 4.62189769745,
        "var": 3.23040438843e-08
    },
    "spectral_energyband_high": {
        "kurt": 104.01461792,
        "max": 0.00119850982446,
        "mean": 3.11227777274e-05,
        "median": 1.2451719158e-05,
        "min": 8.31546969948e-07,
        "skew": 8.43807125092,
        "var": 4.87418905237e-09
    },
    "spectral_energyband_low": {
        "kurt": 8.16633796692,
        "max": 0.000124630925711,
        "mean": 1.76989833562e-05,
        "median": 1.42708231579e-05,
        "min": 8.05566742201e-07,
        "skew": 2.17647647858,
        "var": 1.66358427034e-10
    },
    "spectral_energyband_middle_high": {
        "kurt": 25.5781993866,
        "max": 0.00164933409542,
        "mean": 9.2610505817e-05,
        "median": 4.71357270726e-05,
        "min": 4.53048915006e-06,
        "skew": 3.96599888802,
        "var": 1.69666680705e-08
    },
    "spectral_energyband_middle_low": {
        "kurt": 121.486747742,
        "max": 0.000422380748205,
        "mean": 3.47754757968e-05,
        "median": 3.12019765261e-05,
        "min": 9.62004924077e-06,
        "skew": 7.41226482391,
        "var": 3.80965148317e-10
    },
    "spectral_flatness_db": {
        "kurt": 2.41654539108,
        "max": 0.252935320139,
        "mean": 0.119432114065,
        "median": 0.111516147852,
        "min": 0.072512537241,
        "skew": 1.45741939545,
        "var": 0.000906642992049
    },
    "spectral_flux": {
        "kurt": 6.57234573364,
        "max": 0.0436615087092,
        "mean": 0.00932479463518,
        "median": 0.00773723423481,
        "min": 0.00316778430715,
        "skew": 2.15903019905,
        "var": 2.56574112427e-05
    },
    "spectral_kurtosis": {
        "kurt": 2.52313661575,
        "max": 7.49092769623,
        "mean": 1.29538476467,
        "median": 1.10285711288,
        "min": -1.15470564365,
        "skew": 1.18638563156,
        "var": 1.36605978012
    },
    "spectral_rms": {
        "kurt": 6.97871685028,
        "max": 0.00146303372458,
        "mean": 0.000377721473342,
        "median": 0.000335431017447,
        "min": 0.000145115540363,
        "skew": 2.09749555588,
        "var": 2.40553248432e-08
    },
    "spectral_rolloff": {
        "kurt": 0.722878932953,
        "max": 7515.08789062,
        "mean": 3629.14868164,
        "median": 3736.01074219,
        "min": 366.064453125,
        "skew": 0.246888801455,
        "var": 1491900.25
    },
    "spectral_skewness": {
        "kurt": -0.19139456749,
        "max": 2.21808981895,
        "mean": 1.0028231144,
        "median": 0.982573032379,
        "min": -0.257972449064,
        "skew": 0.0867959111929,
        "var": 0.169418126345
    },
    "spectral_spread": {
        "kurt": -0.519282341003,
        "max": 9604512,
        "mean": 6031329,
        "median": 6044139.5,
        "min": 3435929.25,
        "skew": 0.0735537260771,
        "var": 1.09831834829e+12
    },
    "spectral_strongpeak": {
        "kurt": 16.5749149323,
        "max": 2.12670254707,
        "mean": 0.125632718205,
        "median": 0.0226379260421,
        "min": 0.00236135907471,
        "skew": 3.65998482704,
        "var": 0.0652023404837
    },
    "zerocrossingrate": {
        "kurt": -0.360800027847,
        "max": 0.18359375,
        "mean": 0.111161418259,
        "median": 0.11328125,
        "min": 0.04150390625,
        "skew": -0.219982758164,
        "var": 0.000674536218867
    },
    "barkbands": {
        "kurt": [902.873962402, 17.0278377533, 8.76895332336, 8.58370780945, 27.3537464142, 7.62618732452, 31.2477684021, 77.3846435547, 363.263397217, 28.3320064545, 44.4852676392, 109.967391968, 503.571166992, 253.428192139, 55.4169425964, 59.9846916199, 32.6984710693, 46.8209838867, 93.496673584, 50.5763206482, 76.616859436, 311.935302734, 76.8732299805, 37.7087516785, 30.8012580872, 489.932403564, 313.217224121],
        "max": [5.69926305616e-06, 4.81012320961e-05, 7.26195939933e-05, 6.30644572084e-05, 0.000146668142406, 2.63319652731e-05, 3.24505017488e-05, 4.7443616495e-05, 0.000121675395349, 1.70721978066e-05, 2.82966611849e-05, 3.71529458789e-05, 0.000398486852646, 8.71670199558e-05, 6.63036189508e-05, 0.000204921525437, 0.000802316819318, 0.000519680790603, 0.000938943761867, 0.000405544968089, 0.00039156130515, 0.000732978747692, 0.000168666898389, 2.15409163502e-05, 1.30895057282e-06, 1.21857311797e-07, 5.65592905843e-10],
        "mean": [6.45345892281e-08, 4.55757344753e-06, 8.61417265696e-06, 8.21322191769e-06, 1.3739509086e-05, 4.08258529205e-06, 2.97752603728e-06, 2.72304691862e-06, 2.5712590741e-06, 1.69573843323e-06, 1.75060449692e-06, 1.53605208197e-06, 2.33526475313e-06, 1.88955209524e-06, 3.09438928525e-06, 6.93437823429e-06, 2.43023496296e-05, 1.75979803316e-05, 2.08855944948e-05, 1.73028602148e-05, 1.1472145161e-05, 7.10248559699e-06, 4.19005209551e-06, 1.00743977782e-06, 2.55610842714e-07, 1.1290945956e-09, 9.79606500084e-12],
        "median": [4.15729068948e-08, 3.14486260322e-06, 6.3726611188e-06, 5.89292812947e-06, 1.1200228073e-05, 3.37181586474e-06, 2.41540078605e-06, 2.08908159038e-06, 1.80122492566e-06, 1.30982152768e-06, 1.19053163417e-06, 1.07672974536e-06, 9.81901280284e-07, 1.08605900095e-06, 1.80430743058e-06, 2.87087505058e-06, 5.22553591509e-06, 5.38976883036e-06, 6.67129006615e-06, 7.2116508818e-06, 4.10972552345e-06, 1.22167216432e-06, 9.83777226793e-07, 4.68059084824e-07, 2.48328376529e-07, 4.5034634355e-10, 5.16923656657e-12],
        "min": [1.80958720231e-11, 8.98135823491e-08, 1.4439481788e-07, 2.63576112047e-08, 7.42542965781e-07, 1.08422099743e-07, 1.01621694171e-07, 1.98056667955e-07, 1.74110155626e-07, 1.36433101261e-07, 5.13679587755e-08, 1.14090276782e-07, 1.42384564583e-07, 1.25973144804e-07, 1.28128434085e-07, 2.01538838951e-07, 2.45215886707e-07, 4.13899755358e-07, 3.63944849369e-07, 3.03647624378e-07, 1.58973435305e-07, 4.68708769574e-08, 1.88560740355e-08, 1.44026742532e-07, 2.17960014481e-08, 1.34179112266e-10, 1.59254315464e-12],
        "skew": [27.5337562561, 3.05132126808, 2.3686671257, 2.36965584755, 3.08595347404, 2.08166003227, 3.98702788353, 6.70781040192, 15.9686288834, 4.57301568985, 5.34285306931, 8.48421669006, 20.9030323029, 13.0018730164, 6.40153408051, 6.79628944397, 5.13608121872, 6.13957548141, 7.96978569031, 6.04435157776, 7.50466537476, 14.6642580032, 7.62014055252, 5.32731962204, 3.08945965767, 20.4484634399, 16.0225524902],
        "var": [2.86089308168e-14, 2.05663715225e-11, 6.46192127585e-11, 5.85792664376e-11, 9.62373930546e-11, 8.15065463039e-12, 5.86168136599e-12, 7.78820931358e-12, 2.08075952302e-11, 2.94879463729e-12, 4.24681470546e-12, 4.08278012093e-12, 2.02630051627e-10, 1.31852072663e-11, 2.54830254121e-11, 2.56037968605e-10, 4.52263870798e-09, 2.04356487288e-09, 2.79897749422e-09, 1.07961783957e-09, 7.67416463709e-10, 8.36275271254e-10, 1.45781192673e-10, 2.99329463126e-12, 7.78835698869e-15, 1.95151510682e-17, 6.11371038566e-22],
        "cov": [[2.86299507864e-14, 2.19129998435e-13, 2.82332886454e-14, 2.38064857541e-13, 6.58992229275e-13, 4.53179940134e-14, 1.58819179054e-13, 2.21675257902e-13, 5.56395912416e-13, 9.4522358148e-14, 5.94617264498e-14, 1.16466174744e-14, 1.38978929819e-14, 4.11102019939e-15, 3.12547364834e-15, -3.15026291457e-14, -1.22552264018e-13, -1.57924834234e-13, -1.28688428186e-13, -1.17243983077e-13, -6.79548783781e-14, -9.37935777765e-14, -6.13818552735e-14, -7.95198003717e-15, -8.15169526542e-16, -1.25464160033e-18, -1.93397573713e-20], [2.19129998435e-13, 2.05814826987e-11, 1.43110653536e-11, 2.00129583044e-12, 9.12355867938e-12, 6.54875405206e-13, 1.83294547075e-12, 2.97546882966e-12, 5.13981131961e-12, 1.53936455596e-12, 5.13313404369e-13, -2.4645129687e-13, 3.55010698573e-13, -2.07721386207e-13, -4.4099253871e-13, -1.20136040872e-12, 8.24045779529e-12, 5.90129898073e-12, 2.70888671737e-12, -5.18285609742e-13, 2.71945855591e-12, -1.36420855081e-12, -2.21396598971e-12, -9.12774833473e-14, -1.26283125667e-14, -6.93977746515e-16, -3.19394431598e-18], [2.82332886454e-14, 1.43110653536e-11, 6.46666956094e-11, 1.44155087173e-11, 4.58089946184e-12, 1.16942547768e-13, 4.51356237541e-13, 9.74065337937e-13, 6.29549309818e-13, 8.80460363905e-13, 6.13244427027e-13, -2.58274792612e-13, -9.15449248524e-13, -1.41311777817e-12, 2.14907193603e-12, -2.38187681384e-12, 3.05025726899e-11, 1.81095034801e-11, -1.71602714677e-11, -1.37480807988e-11, -4.97870668303e-12, -1.09170849444e-11, -2.83943615148e-12, -5.26626648106e-13, 2.23404537498e-15, -8.85270132076e-16, -3.07494239075e-18], [2.38064857541e-13, 2.00129583044e-12, 1.44155087173e-11, 5.86223083965e-11, 1.67614134378e-11, 2.62963500801e-12, 1.85332673687e-12, 3.61403463579e-12, 7.4800712499e-12, 2.05100845162e-12, 1.69357204042e-12, 4.19693739397e-13, -3.72816144276e-13, 4.82569117045e-13, 5.13784110742e-13, -2.12372654185e-13, 3.45005309044e-11, -1.24999567988e-11, -1.12958973772e-11, -1.13754110298e-11, -3.70153950893e-12, -5.37001909953e-12, 1.92994405179e-12, -2.46901403402e-13, 2.60124648194e-14, -2.84761386029e-16, 1.08404922679e-17], [6.58992229275e-13, 9.12355867938e-12, 4.58089946184e-12, 1.67614134378e-11, 9.63081003835e-11, 2.91700344435e-12, 5.76392536131e-12, 7.68992074879e-12, 1.60202424243e-11, 3.79369972936e-12, 2.4762284237e-12, 4.43853450088e-13, 1.59722343858e-12, 5.8515726173e-14, -8.24381144945e-13, 1.82973883441e-12, -1.41012297325e-11, 7.76554330822e-13, 1.0225312784e-11, -3.35264129826e-12, 7.63078768467e-14, -3.54772136148e-12, -4.55325664325e-12, -7.34256080416e-13, 2.45868507709e-14, 3.151729658e-16, -3.01665097298e-18], [4.53179940134e-14, 6.54875405206e-13, 1.16942547768e-13, 2.62963500801e-12, 2.91700344435e-12, 8.15664376319e-12, 1.50501551326e-12, 1.40724346238e-12, 2.79092504316e-12, 1.18271841973e-12, 6.76487782892e-13, 4.64921124602e-13, -1.90571557558e-13, 1.05775970123e-13, 2.08836176433e-13, -7.37547826632e-13, 3.96384382023e-14, 5.38337126613e-12, 4.35801958756e-12, 1.47261109557e-12, 2.6212090224e-12, 1.7477207832e-12, -7.00779061516e-13, -1.51492222087e-13, -5.24926730908e-15, -1.09805043325e-16, 5.85375091687e-19], [1.58819179054e-13, 1.83294547075e-12, 4.51356237541e-13, 1.85332673687e-12, 5.76392536131e-12, 1.50501551326e-12, 5.8659882507e-12, 2.75578735179e-12, 4.84340909393e-12, 1.28882245588e-12, 5.03802186601e-13, 1.95151322402e-13, 6.67615593884e-13, 3.0484615483e-13, 4.33225585397e-13, -1.26414200288e-12, -3.29556325805e-12, -3.01699854335e-12, -2.96444140936e-12, -2.29136002707e-12, -3.19405363703e-13, -1.44074433373e-12, -1.1276985205e-12, -5.27893599331e-14, -1.32672405302e-14, -3.09623364748e-16, -8.21121204373e-19], [2.21675257902e-13, 2.97546882966e-12, 9.74065337937e-13, 3.61403463579e-12, 7.68992074879e-12, 1.40724346238e-12, 2.75578735179e-12, 7.79393216632e-12, 7.68017333758e-12, 2.16467664106e-12, 1.04819701096e-12, 6.87300802209e-13, -1.38056666793e-13, 3.99045325863e-13, 2.07224780955e-13, -1.69234125411e-12, -4.99161150781e-13, -7.77683993591e-12, -5.65180150944e-12, -1.78425872167e-12, -3.19765177878e-12, -2.30473647979e-12, -9.11790066192e-13, -8.20571028118e-14, -1.23836377825e-14, -2.43052371976e-16, -7.68454046085e-19], [5.56395912416e-13, 5.13981131961e-12, 6.29549309818e-13, 7.4800712499e-12, 1.60202424243e-11, 2.79092504316e-12, 4.84340909393e-12, 7.68017333758e-12, 2.08228833481e-11, 3.75494644059e-12, 2.39304409622e-12, 9.45240305299e-13, 3.45316711423e-13, 5.9286397406e-13, 7.93077029829e-13, -8.61394614492e-13, -7.36433483639e-12, -7.17680775919e-12, -6.0497158498e-12, -3.70171514968e-12, -2.06128517033e-12, -1.81966269309e-12, -8.31248915187e-13, -1.78878911466e-13, -7.01262558087e-15, -3.52774770032e-16, -7.95532372124e-19], [9.4522358148e-14, 1.53936455596e-12, 8.80460363905e-13, 2.05100845162e-12, 3.79369972936e-12, 1.18271841973e-12, 1.28882245588e-12, 2.16467664106e-12, 3.75494644059e-12, 2.95096130691e-12, 1.16988330915e-12, 9.2877712899e-13, 8.04003294063e-13, 5.07559218179e-13, 7.46023956586e-13, -5.4183041517e-13, -2.35371921606e-12, -2.03748096953e-13, 4.51878898883e-12, 3.04677572234e-12, 2.03956491453e-12, 1.52512258465e-12, 7.76541374606e-13, 1.7712160948e-13, -1.59820908169e-15, -1.05404556618e-17, -7.71507273124e-19], [5.94617264498e-14, 5.13313404369e-13, 6.13244427027e-13, 1.69357204042e-12, 2.4762284237e-12, 6.76487782892e-13, 5.03802186601e-13, 1.04819701096e-12, 2.39304409622e-12, 1.16988330915e-12, 4.24993503931e-12, 9.3534435839e-13, 1.54574562785e-12, 1.44699454242e-12, 1.33976683914e-12, 8.60461333262e-13, -2.70998566469e-12, 2.4449973296e-12, 1.58657947891e-11, 1.14483604888e-11, 1.0470872433e-11, 7.84785431085e-12, 4.87224713699e-12, 4.41645906044e-13, 2.49624167094e-14, 4.35876034286e-16, 5.74372297071e-18], [1.16466174744e-14, -2.4645129687e-13, -2.58274792612e-13, 4.19693739397e-13, 4.43853450088e-13, 4.64921124602e-13, 1.95151322402e-13, 6.87300802209e-13, 9.45240305299e-13, 9.2877712899e-13, 9.3534435839e-13, 4.0857798915e-12, 6.0751867946e-12, 3.89298055598e-12, 1.07603032387e-12, 1.21600239643e-13, 4.08724622073e-13, -1.91072808617e-12, 9.76788441798e-12, 8.58003511989e-12, 3.58343975153e-12, 1.32018159425e-12, 9.10892346793e-13, 6.97614654845e-13, 5.98983245002e-15, 3.24992798752e-15, 5.02407221887e-19], [1.38978929819e-14, 3.55010698573e-13, -9.15449248524e-13, -3.72816144276e-13, 1.59722343858e-12, -1.90571557558e-13, 6.67615593884e-13, -1.38056666793e-13, 3.45316711423e-13, 8.04003294063e-13, 1.54574562785e-12, 6.0751867946e-12, 2.02778932534e-10, 1.8509704186e-11, 1.18965948204e-12, -2.76978808812e-12, -7.42687421978e-12, 4.88601867299e-12, 1.69062923383e-11, 1.67796210954e-11, 4.82182219499e-12, 1.47472922003e-13, 3.45855072012e-12, 3.42051213742e-12, 1.1122764866e-14, 1.96565955516e-14, 5.18859585777e-18], [4.11102019939e-15, -2.07721386207e-13, -1.41311777817e-12, 4.82569117045e-13, 5.8515726173e-14, 1.05775970123e-13, 3.0484615483e-13, 3.99045325863e-13, 5.9286397406e-13, 5.07559218179e-13, 1.44699454242e-12, 3.89298055598e-12, 1.8509704186e-11, 1.31948948295e-11, 3.1998559618e-12, 1.67119118023e-12, -2.4514557051e-12, 7.55756655174e-12, 2.79103632567e-11, 1.67140676299e-11, 1.50907290136e-11, 1.04885908986e-11, 1.0398685385e-11, 2.11583615212e-12, 3.09738569699e-14, 3.9655346674e-15, 5.5640659591e-18], [3.12547364834e-15, -4.4099253871e-13, 2.14907193603e-12, 5.13784110742e-13, -8.24381144945e-13, 2.08836176433e-13, 4.33225585397e-13, 2.07224780955e-13, 7.93077029829e-13, 7.46023956586e-13, 1.33976683914e-12, 1.07603032387e-12, 1.18965948204e-12, 3.1998559618e-12, 2.55017500173e-11, 2.32730518884e-11, 1.71307445226e-12, 4.13771898689e-11, 1.00615182852e-10, 4.52640563919e-11, 3.25706232818e-11, 3.99344411706e-11, 1.12112368e-11, 2.44699291212e-12, 6.98631961744e-14, 2.04207975704e-15, 5.54033001143e-18], [-3.15026291457e-14, -1.20136040872e-12, -2.38187681384e-12, -2.12372654185e-13, 1.82973883441e-12, -7.37547826632e-13, -1.26414200288e-12, -1.69234125411e-12, -8.61394614492e-13, -5.4183041517e-13, 8.60461333262e-13, 1.21600239643e-13, -2.76978808812e-12, 1.67119118023e-12, 2.32730518884e-11, 2.56226095896e-10, 1.55425866621e-10, 7.19289697249e-11, 1.78460954348e-10, 9.47629613668e-11, 6.57099583079e-11, 9.37186994676e-11, 1.79319614713e-11, 3.3585807746e-12, 2.22700262636e-13, 3.85039832592e-15, 1.8269240049e-17], [-1.22552264018e-13, 8.24045779529e-12, 3.05025726899e-11, 3.45005309044e-11, -1.41012297325e-11, 3.96384382023e-14, -3.29556325805e-12, -4.99161150781e-13, -7.36433483639e-12, -2.35371921606e-12, -2.70998566469e-12, 4.08724622073e-13, -7.42687421978e-12, -2.4514557051e-12, 1.71307445226e-12, 1.55425866621e-10, 4.52596182754e-09, 1.88176321747e-10, 1.40313066721e-10, 4.70247452089e-11, 6.36701455448e-11, 4.00295456504e-11, 4.68275418442e-12, 4.11208480461e-12, 3.70427945045e-13, 4.88272777719e-16, 7.81688259666e-17], [-1.57924834234e-13, 5.90129898073e-12, 1.81095034801e-11, -1.24999567988e-11, 7.76554330822e-13, 5.38337126613e-12, -3.01699854335e-12, -7.77683993591e-12, -7.17680775919e-12, -2.03748096953e-13, 2.4449973296e-12, -1.91072808617e-12, 4.88601867299e-12, 7.55756655174e-12, 4.13771898689e-11, 7.19289697249e-11, 1.88176321747e-10, 2.0450663385e-09, 9.52963041811e-10, 4.41743669422e-10, 3.62072372084e-10, 3.80545400747e-10, 8.44474976058e-11, 1.20597819925e-11, 5.46913263375e-13, 1.33836143868e-14, 1.59363227151e-16], [-1.28688428186e-13, 2.70888671737e-12, -1.71602714677e-11, -1.12958973772e-11, 1.0225312784e-11, 4.35801958756e-12, -2.96444140936e-12, -5.65180150944e-12, -6.0497158498e-12, 4.51878898883e-12, 1.58657947891e-11, 9.76788441798e-12, 1.69062923383e-11, 2.79103632567e-11, 1.00615182852e-10, 1.78460954348e-10, 1.40313066721e-10, 9.52963041811e-10, 2.80103407135e-09, 1.16068477052e-09, 9.29758714463e-10, 8.63385141159e-10, 2.06631711741e-10, 3.59886669077e-11, 1.20573635711e-12, 4.28793929346e-14, 2.69061550943e-16], [-1.17243983077e-13, -5.18285609742e-13, -1.37480807988e-11, -1.13754110298e-11, -3.35264129826e-12, 1.47261109557e-12, -2.29136002707e-12, -1.78425872167e-12, -3.70171514968e-12, 3.04677572234e-12, 1.14483604888e-11, 8.58003511989e-12, 1.67796210954e-11, 1.67140676299e-11, 4.52640563919e-11, 9.47629613668e-11, 4.70247452089e-11, 4.41743669422e-10, 1.16068477052e-09, 1.08041109392e-09, 6.68842370377e-10, 6.09768346926e-10, 1.48604892281e-10, 2.36023943445e-11, 6.84053779332e-13, 2.21360761345e-14, 1.75754863163e-16], [-6.79548783781e-14, 2.71945855591e-12, -4.97870668303e-12, -3.70153950893e-12, 7.63078768467e-14, 2.6212090224e-12, -3.19405363703e-13, -3.19765177878e-12, -2.06128517033e-12, 2.03956491453e-12, 1.0470872433e-11, 3.58343975153e-12, 4.82182219499e-12, 1.50907290136e-11, 3.25706232818e-11, 6.57099583079e-11, 6.36701455448e-11, 3.62072372084e-10, 9.29758714463e-10, 6.68842370377e-10, 7.67980290473e-10, 6.07664474295e-10, 1.4344000987e-10, 1.7280786177e-11, 3.65742782197e-13, 1.31658871088e-14, 1.83545806037e-16], [-9.37935777765e-14, -1.36420855081e-12, -1.09170849444e-11, -5.37001909953e-12, -3.54772136148e-12, 1.7477207832e-12, -1.44074433373e-12, -2.30473647979e-12, -1.81966269309e-12, 1.52512258465e-12, 7.84785431085e-12, 1.32018159425e-12, 1.47472922003e-13, 1.04885908986e-11, 3.99344411706e-11, 9.37186994676e-11, 4.00295456504e-11, 3.80545400747e-10, 8.63385141159e-10, 6.09768346926e-10, 6.07664474295e-10, 8.36889724187e-10, 1.46584369642e-10, 1.54957765369e-11, 5.19592398621e-13, 1.30645819683e-14, 2.03700240333e-16], [-6.13818552735e-14, -2.21396598971e-12, -2.83943615148e-12, 1.92994405179e-12, -4.55325664325e-12, -7.00779061516e-13, -1.1276985205e-12, -9.11790066192e-13, -8.31248915187e-13, 7.76541374606e-13, 4.87224713699e-12, 9.10892346793e-13, 3.45855072012e-12, 1.0398685385e-11, 1.12112368e-11, 1.79319614713e-11, 4.68275418442e-12, 8.44474976058e-11, 2.06631711741e-10, 1.48604892281e-10, 1.4344000987e-10, 1.46584369642e-10, 1.45888301439e-10, 1.25796864245e-11, 3.99150222423e-13, 7.72005987512e-15, 8.21724463058e-17], [-7.95198003717e-15, -9.12774833473e-14, -5.26626648106e-13, -2.46901403402e-13, -7.34256080416e-13, -1.51492222087e-13, -5.27893599331e-14, -8.20571028118e-14, -1.78878911466e-13, 1.7712160948e-13, 4.41645906044e-13, 6.97614654845e-13, 3.42051213742e-12, 2.11583615212e-12, 2.44699291212e-12, 3.3585807746e-12, 4.11208480461e-12, 1.20597819925e-11, 3.59886669077e-11, 2.36023943445e-11, 1.7280786177e-11, 1.54957765369e-11, 1.25796864245e-11, 2.99549404378e-12, 5.33356826315e-14, 2.21561245574e-15, 3.92835682963e-18], [-8.15169526542e-16, -1.26283125667e-14, 2.23404537498e-15, 2.60124648194e-14, 2.45868507709e-14, -5.24926730908e-15, -1.32672405302e-14, -1.23836377825e-14, -7.01262558087e-15, -1.59820908169e-15, 2.49624167094e-14, 5.98983245002e-15, 1.1122764866e-14, 3.09738569699e-14, 6.98631961744e-14, 2.22700262636e-13, 3.70427945045e-13, 5.46913263375e-13, 1.20573635711e-12, 6.84053779332e-13, 3.65742782197e-13, 5.19592398621e-13, 3.99150222423e-13, 5.33356826315e-14, 7.79407954328e-15, 7.16445943951e-17, 1.8080224316e-19], [-1.25464160033e-18, -6.93977746515e-16, -8.85270132076e-16, -2.84761386029e-16, 3.151729658e-16, -1.09805043325e-16, -3.09623364748e-16, -2.43052371976e-16, -3.52774770032e-16, -1.05404556618e-17, 4.35876034286e-16, 3.24992798752e-15, 1.96565955516e-14, 3.9655346674e-15, 2.04207975704e-15, 3.85039832592e-15, 4.88272777719e-16, 1.33836143868e-14, 4.28793929346e-14, 2.21360761345e-14, 1.31658871088e-14, 1.30645819683e-14, 7.72005987512e-15, 2.21561245574e-15, 7.16445943951e-17, 1.95294910713e-17, 1.33838332021e-20], [-1.93397573713e-20, -3.19394431598e-18, -3.07494239075e-18, 1.08404922679e-17, -3.01665097298e-18, 5.85375091687e-19, -8.21121204373e-19, -7.68454046085e-19, -7.95532372124e-19, -7.71507273124e-19, 5.74372297071e-18, 5.02407221887e-19, 5.18859585777e-18, 5.5640659591e-18, 5.54033001143e-18, 1.8269240049e-17, 7.81688259666e-17, 1.59363227151e-16, 2.69061550943e-16, 1.75754863163e-16, 1.83545806037e-16, 2.03700240333e-16, 8.21724463058e-17, 3.92835682963e-18, 1.8080224316e-19, 1.33838332021e-20, 6.11820272763e-22]]
    },
    "mfcc": {
        "kurt": [-0.135942697525, -0.207386732101, -0.130791664124, -0.538123369217, 0.225628852844, 0.2549264431, -0.000202894210815, 0.0189833641052, 0.335490942001, 0.502998352051, 0.28409743309, 0.389595746994, 0.363821029663],
        "max": [-750.484558105, 153.676818848, 18.4662284851, 96.5029449463, 47.9039497375, 44.7373352051, 33.9132804871, 39.7981719971, 32.7115135193, 26.7997531891, 18.2265739441, 28.169418335, 21.1640739441],
        "mean": [-868.921081543, 75.5349807739, -16.7964076996, 47.7836151123, 1.09068655968, -4.62543916702, 0.397931158543, 1.70400083065, -2.92083501816, -1.13461303711, -9.27271938324, -0.969242751598, -4.29210662842],
        "median": [-869.398803711, 75.6856613159, -16.2061729431, 46.6045455933, 0.878330230713, -4.60594177246, 0.396224975586, 1.21270942688, -2.42748832703, -1.05041503906, -9.05369663239, -1.39038848877, -4.47782230377],
        "min": [-955.810424805, -13.8361167908, -57.605255127, 12.7356796265, -47.998500824, -42.9197692871, -36.0773773193, -28.203666687, -35.6477432251, -32.6580467224, -40.6314506531, -27.7194213867, -28.9185218811],
        "skew": [0.167442396283, -0.193965256214, -0.139097452164, 0.269480168819, 0.072537317872, -0.0540129840374, -0.223332345486, 0.312444478273, -0.101724676788, -0.118256628513, -0.109059073031, 0.149831190705, -0.0513299778104],
        "var": [1086.57299805, 662.825378418, 146.893096924, 260.141265869, 192.85118103, 143.127410889, 111.991615295, 97.8890686035, 104.723236084, 81.6384887695, 62.3865699768, 69.4838867188, 51.121219635],
        "cov": [[1087.37133789, -705.027404785, -203.91166687, 325.575256348, -266.494659424, 239.209014893, -150.479995728, 134.18762207, -113.648452759, 64.2183914185, 2.32156324387, -50.7898216248, 7.78794050217], [-705.027404785, 663.31237793, 114.359672546, -271.268035889, 218.508102417, -184.886520386, 133.069549561, -103.910018921, 106.203086853, -56.7277374268, 0.201859220862, 44.4232940674, -11.8753633499], [-203.91166687, 114.359672546, 147.001037598, -74.1105651855, 20.1176300049, -4.90018558502, 19.4533729553, -12.5491523743, -5.09145975113, 21.9844474792, -2.93032455444, 1.62520849705, -4.04781484604], [325.575256348, -271.268035889, -74.1105651855, 260.332397461, -93.2072677612, 45.1805114746, -33.0662498474, 41.2188224792, -0.253100782633, -20.6845340729, 24.9501228333, -18.6455955505, 7.2910194397], [-266.494659424, 218.508102417, 20.1176300049, -93.2072677612, 192.992889404, -80.7585220337, 14.2460317612, -1.86677658558, 42.7387275696, -23.4833030701, -23.1861591339, 39.5849838257, 1.79331851006], [239.209014893, -184.886520386, -4.90018558502, 45.1805114746, -80.7585220337, 143.232574463, -32.0203819275, 12.5934228897, -34.3274154663, 41.031463623, -6.05232954025, -22.4780540466, 8.2008266449], [-150.479995728, 133.069549561, 19.4533729553, -33.0662498474, 14.2460317612, -32.0203819275, 112.073898315, -31.1558189392, 8.09640693665, -8.8106546402, 20.4566612244, 2.60705971718, -16.6142978668], [134.18762207, -103.910018921, -12.5491523743, 41.2188224792, -1.86677658558, 12.5934228897, -31.1558189392, 97.9609909058, -17.880947113, 5.49999904633, 1.1798709631, 5.80602645874, 0.0403710566461], [-113.648452759, 106.203086853, -5.09145975113, -0.253100782633, 42.7387275696, -34.3274154663, 8.09640693665, -17.880947113, 104.800178528, -26.5339565277, -9.13195037842, 14.8420333862, 16.2681808472], [64.2183914185, -56.7277374268, 21.9844474792, -20.6845340729, -23.4833030701, 41.031463623, -8.8106546402, 5.49999904633, -26.5339565277, 81.6984710693, -6.29296588898, -13.342751503, 5.93770360947], [2.32156324387, 0.201859220862, -2.93032455444, 24.9501228333, -23.1861591339, -6.05232954025, 20.4566612244, 1.1798709631, -9.13195037842, -6.29296588898, 62.4324073792, -3.66059756279, -11.4805555344], [-50.7898216248, 44.4232940674, 1.62520849705, -18.6455955505, 39.5849838257, -22.4780540466, 2.60705971718, 5.80602645874, 14.8420333862, -13.342751503, -3.66059756279, 69.534942627, 2.46632432938], [7.78794050217, -11.8753633499, -4.04781484604, 7.2910194397, 1.79331851006, 8.2008266449, -16.6142978668, 0.0403710566461, 16.2681808472, 5.93770360947, -11.4805555344, 2.46632432938, 51.158782959]]
    },
    "sccoeffs": {
        "kurt": [0.0366733074188, 0.538279771805, 1.28179073334, 7.31202793121, 2.77462291718, 2.82963180542],
        "max": [-0.594050705433, -0.689970672131, -0.740287601948, -0.63012778759, -0.641699969769, -0.572255671024],
        "mean": [-0.765455186367, -0.85335034132, -0.86811709404, -0.854936659336, -0.836973190308, -0.790014147758],
        "median": [-0.767823815346, -0.855655431747, -0.87052834034, -0.861535072327, -0.847781062126, -0.797737121582],
        "min": [-0.888606786728, -0.944313466549, -0.937396764755, -0.913970112801, -0.89625865221, -0.864007592201],
        "skew": [0.30194991827, 0.411126405001, 0.715166687965, 2.14222717285, 1.57087290287, 1.37762773037],
        "var": [0.00168587721419, 0.00100600486621, 0.00071422214387, 0.00118390459102, 0.00150090968236, 0.0014805321116],
        "cov": [[0.00168711587321, -5.69202302358e-06, -1.53421824507e-05, 2.40086283156e-05, 6.27789049759e-05, -1.86746492545e-05], [-5.69202302358e-06, 0.00100674398709, -3.11306234835e-06, 6.28537782177e-06, 3.9456786908e-05, -2.78044062725e-05], [-1.53421824507e-05, -3.11306234835e-06, 0.000714746944141, 4.83035546495e-05, -2.92456479656e-05, -1.16696137411e-05], [2.40086283156e-05, 6.28537782177e-06, 4.83035546495e-05, 0.0011847744463, 0.000136074973852, 0.000176899135113], [6.27789049759e-05, 3.9456786908e-05, -2.92456479656e-05, 0.000136074973852, 0.00150201248471, 0.000209448204259], [-1.86746492545e-05, -2.78044062725e-05, -1.16696137411e-05, 0.000176899135113, 0.000209448204259, 0.00148161989637]]
    },
    "scvalleys": {
        "kurt": [0.707798242569, 1.00962257385, 1.07079601288, 0.156797409058, -0.444466352463, -0.288813114166],
        "max": [-6.43489265442, -6.46659469604, -7.3480348587, -7.57115125656, -6.8100361824, -8.76829051971],
        "mean": [-7.94322824478, -8.04881286621, -8.50714874268, -8.74981212616, -8.50339031219, -10.5990314484],
        "median": [-7.91697502136, -8.04064178467, -8.51508712769, -8.7749786377, -8.49225997925, -10.6003704071],
        "min": [-9.54727649689, -9.35636806488, -9.83551597595, -9.7060213089, -9.83645629883, -11.7693729401],
        "skew": [-0.245989099145, 0.0456241779029, 0.241249635816, 0.296941280365, 0.0924663841724, 0.079771257937],
        "var": [0.133433252573, 0.094995111227, 0.084632627666, 0.108913607895, 0.293705105782, 0.252665013075],
        "cov": [[0.133531287313, 0.0119115896523, 0.0103523340076, 0.00498432712629, -0.000373241869966, -0.0135588729754], [0.0119115896523, 0.0950649157166, 0.0133035816252, 0.0141074638814, 0.00368676800281, 0.00090600916883], [0.0103523340076, 0.0133035816252, 0.0846948102117, 0.0359425134957, 0.0330537445843, 0.0299378726631], [0.00498432712629, 0.0141074638814, 0.0359425134957, 0.108993634582, 0.101141117513, 0.0966324657202], [-0.000373241869966, 0.00368676800281, 0.0330537445843, 0.101141117513, 0.293920904398, 0.217770859599], [-0.0135588729754, 0.00090600916883, 0.0299378726631, 0.0966324657202, 0.217770859599, 0.252850681543]]
    }
},
"rhythm": {
    "beats_loudness": {
        "kurt": 0.0794217586517,
        "max": 0.0004652478965,
        "mean": 0.00019206207071,
        "median": 0.000183098440175,
        "min": 2.57158717432e-05,
        "skew": 0.843732118607,
        "var": 1.21871224223e-08
    },
    "bpm": 111.142883301,
    "confidence": 0.864274859428,
    "first_peak_bpm": {
        "kurt": 0,
        "max": 112,
        "mean": 112,
        "median": 112,
        "min": 112,
        "skew": 0,
        "var": 0
    },
    "first_peak_spread": {
        "kurt": 0,
        "max": 0.631578922272,
        "mean": 0.631578922272,
        "median": 0.631578922272,
        "min": 0.631578922272,
        "skew": 0,
        "var": 0
    },
    "first_peak_weight": {
        "kurt": 0,
        "max": 0.127272725105,
        "mean": 0.127272725105,
        "median": 0.127272725105,
        "min": 0.127272725105,
        "skew": 0,
        "var": 0
    },
    "onset_rate": 4.80980920792,
    "second_peak_bpm": {
        "kurt": 0,
        "max": 117,
        "mean": 117,
        "median": 117,
        "min": 117,
        "skew": 0,
        "var": 0
    },
    "second_peak_spread": {
        "kurt": 0,
        "max": 0,
        "mean": 0,
        "median": 0,
        "min": 0,
        "skew": 0,
        "var": 0
    },
    "second_peak_weight": {
        "kurt": 0,
        "max": 0.127272725105,
        "mean": 0.127272725105,
        "median": 0.127272725105,
        "min": 0.127272725105,
        "skew": 0,
        "var": 0
    },
    "beats_loudness_band_ratio": {
        "kurt": [0.923770427704, 2.58560085297, 2.51518011093, 8.4628276825, 1.92284154892, -1.14541697502],
        "max": [0.537836551666, 0.511403679848, 0.223405465484, 0.308803319931, 0.81281465292, 0.73870497942],
        "mean": [0.167973205447, 0.130980536342, 0.0622128807008, 0.0526388473809, 0.255357772112, 0.358796268702],
        "median": [0.139096170664, 0.0994473844767, 0.0508918911219, 0.034695148468, 0.205259218812, 0.361831635237],
        "min": [0.019600154832, 0.0159127525985, 0.0110825393349, 0.0117180217057, 0.0581728890538, 0.01572708413],
        "skew": [1.14902591705, 1.51320326328, 1.5944507122, 2.74092245102, 1.57370769978, 0.144648298621],
        "var": [0.0135925253853, 0.0104703586549, 0.00211014621891, 0.00292680971324, 0.0292280036956, 0.0373949930072],
        "cov": [[0.013839662075, 0.00506375124678, 0.00314246420749, 0.00124020525254, -0.00929515156895, -0.011939146556], [0.00506375124678, 0.0106607284397, 0.00187156605534, 0.000998550793156, -0.00703025236726, -0.00982093065977], [0.00314246420749, 0.00187156605534, 0.00214851251803, 0.00103077397216, -0.00323573243804, -0.00425210455433], [0.00124020525254, 0.000998550793156, 0.00103077397216, 0.002980024321, -0.0019316948019, -0.00406584842131], [-0.00929515156895, -0.00703025236726, -0.00323573243804, -0.0019316948019, 0.0297594219446, -0.00993935205042], [-0.011939146556, -0.00982093065977, -0.00425210455433, -0.00406584842131, -0.00993935205042, 0.0380748994648]]
    },
    "beats_position": [0.708208620548, 1.4164172411, 2.13623571396, 2.87927436829, 3.59909296036, 4.31891155243, 5.05034017563, 5.7701587677, 6.37387752533, 6.98920631409, 7.5464849472, 8.10376358032, 8.66104316711, 9.22993183136, 9.79882049561, 10.379319191, 10.9133787155, 11.4474372864, 11.9698867798, 12.5155553818, 13.0496139526, 13.5604534149, 14.0480718613, 14.5589113235, 15.0697498322, 15.5805892944, 16.0914287567, 16.602268219, 17.1363258362, 17.6819953918, 18.1580047607, 18.6456241608, 19.0984115601, 19.574420929, 20.062040329, 20.549659729, 20.9908390045, 21.4552383423, 21.9196376801, 22.4072551727, 22.8948745728, 23.3592739105, 23.8468933105, 24.369342804, 24.89179039, 25.4490699768, 26.0527877808, 26.6332874298, 27.1905670166, 27.7246246338, 28.2470741272, 28.8159637451, 29.3500213623, 29.9073009491, 30.4413604736, 30.9521980286],
    "bpm_estimates": [107.666069031, 107.666069031, 107.665885925, 112.34703064, 112.347229004, 114.843635559, 109.956848145, 112.347229004, 112.347427368, 109.95665741, 114.843635559, 114.844055176, 107.665885925, 107.665885925, 112.347427368, 114.843635559, 112.347427368, 107.665885925, 112.34703064],
    "bpm_intervals": [0.708208620548, 0.719818472862, 0.743038654327, 0.719818592072, 0.719818592072, 0.731428623199, 0.719818592072, 0.603718757629, 0.615328788757, 0.557278633118, 0.557278633118, 0.557279586792, 0.568888664246, 0.568888664246, 0.580498695374, 0.534059524536, 0.534058570862, 0.522449493408, 0.54566860199, 0.534058570862, 0.51083946228, 0.48761844635, 0.51083946228, 0.510838508606, 0.51083946228, 0.51083946228, 0.51083946228, 0.534057617188, 0.545669555664, 0.476009368896, 0.487619400024, 0.452787399292, 0.476009368896, 0.487619400024, 0.487619400024, 0.441179275513, 0.464399337769, 0.464399337769, 0.487617492676, 0.487619400024, 0.464399337769, 0.487619400024, 0.522449493408, 0.52244758606, 0.557279586792, 0.603717803955, 0.580499649048, 0.557279586792, 0.534057617188, 0.522449493408, 0.56888961792, 0.534057617188, 0.557279586792, 0.534059524536, 0.510837554932],
    "onset_times": [0.0116099771112, 0.789478480816, 0.952018141747, 1.369977355, 1.43963718414, 1.68344676495, 1.91564631462, 2.13623571396, 2.42648530006, 2.62385487556, 2.91410422325, 3.13469386101, 3.40172338486, 3.5178232193, 3.62231302261, 3.85451245308, 4.051882267, 4.34213161469, 4.80653047562, 4.841360569, 5.0967798233, 5.28253984451, 5.53795909882, 6.15328788757, 6.3042178154, 6.5015873909, 6.73378705978, 6.8382768631, 6.91954660416, 7.17496585846, 7.4303855896, 7.65097522736, 7.95283460617, 8.12698459625, 8.4172334671, 8.63782310486, 8.90485286713, 9.24154186249, 9.54340171814, 9.70594120026, 9.99619007111, 10.5070295334, 10.7043991089, 10.9365987778, 11.1339683533, 11.354557991, 11.4706573486, 11.656416893, 11.7725172043, 11.8189573288, 12.0627660751, 12.294965744, 12.5271654129, 12.7245349884, 12.9451246262, 13.177324295, 13.3863039017, 13.6301136017, 13.8623132706, 14.0712928772, 14.3151016235, 14.4544219971, 14.5821313858, 14.8491611481, 14.9652605057, 15.0929708481, 15.2322902679, 15.3599996567, 15.4877099991, 15.6154193878, 15.7547388077, 15.870839119, 16.1262588501, 16.3584575653, 16.6254882812, 16.7648067474, 16.9157371521, 17.1595458984, 17.298866272, 17.4265766144, 17.5891151428, 17.8561458588, 17.9490242004, 18.0999546051, 18.4018135071, 18.8662128448, 18.970703125, 19.2493419647, 19.5976409912, 19.7950115204, 20.0272102356, 20.1781406403, 20.4451694489, 20.5612697601, 20.7818603516, 21.0256690979, 21.2346477509, 21.4784584045, 21.733877182, 21.9312477112, 22.1634464264, 22.4420852661, 22.8019962311, 22.9297046661, 23.1619052887, 23.3708839417, 23.4869842529, 23.6263046265, 23.7656230927, 23.8585033417, 24.102312088, 24.2300224304, 24.4157829285, 24.5783214569, 24.9382305145, 25.2052612305, 25.4839000702, 25.9250793457, 26.0760097504, 26.2965984344, 26.4126987457, 26.5404090881, 26.6913375854, 26.7842178345, 26.8887081146, 26.9815864563, 27.132516861, 27.2486171722, 27.3879356384, 27.5040359497, 27.6433563232, 27.7478466034, 27.8755550385, 28.014875412, 28.1541957855, 28.2702941895, 28.409614563, 28.5141048431, 28.6650333405, 28.8275737762, 29.1294326782, 29.3732433319, 29.5473918915, 29.686712265, 29.9305210114, 30.2207717896, 30.4645805359, 30.7316093445, 30.9986400604, 31.1379585266, 31.2308387756, 31.5094776154],
