{
"metadata": {
    "version": {
        "essentia": "2.1-beta3"
    }
},
"lowLevel": {
    "average_loudness": 0.96506947279,
    "barkbands_kurtosis": {
        "kurt": 6.08456325531,
        "max": 1261.546875,
        "mean": 79.0225296021,
        "median": 0.958203434944,
        "min": -1.88979518414,
        "skew": 2.34755802155,
        "var": 22943.4394531
    },
    "barkbands_skewness": {
        "kurt": 0.107758283615,
        "max": 1.22757172585,
        "mean": -3.66327261925,
        "median": -1.57758188248,
        "min": -20.596578598,
        "skew": -1.1678622961,
        "var": 18.78175354
    },
    "barkbands_spread": {
        "kurt": -1.60974776745,
        "max": 69.1159210205,
        "mean": 27.5774002075,
        "median": 32.6589584351,
        "min": 0.104328706861,
        "skew": -0.132049635053,
        "var": 451.238067627
    },
    "dissonance": {
        "kurt": 12.8271312714,
        "max": 0.5,
        "mean": 0.490457773209,
        "median": 0.492366701365,
        "min": 0.38511890173,
        "skew": -2.13616299629,
        "var": 5.71485106775e-05
    },
    "hfc": {
        "kurt": 7.17184925079,
        "max": 918.24041748,
        "mean": 72.9357528687,
        "median": 0.641765832901,
        "min": 0.00585122685879,
        "skew": 2.82657027245,
        "var": 31600.4296875
    },
    "pitch": {
        "kurt": 4.59528684616,
        "max": 5322.80664062,
        "mean": 4254.49511719,
        "median": 4534.50390625,
        "min": 94.1502761841,
        "skew": -2.09829092026,
        "var": 1167643
    },
    "pitch_instantaneous_confidence": {
        "kurt": -1.54571330547,
        "max": 0.99479341507,
        "mean": 0.629464328289,
        "median": 0.564716219902,
        "min": 0.13194924593,
        "skew": 0.0656342357397,
        "var": 0.0781223550439
    },
    "pitch_salience": {
        "kurt": 1.25824928284,
        "max": 0.919224381447,
        "mean": 0.73861604929,
        "median": 0.74445605278,
        "min": 0.456523746252,
        "skew": -0.651756584644,
        "var": 0.00370695139281
    },
    "silence_rate_20dB": {
        "kurt": 0,
        "max": 1,
        "mean": 1,
        "median": 1,
        "min": 1,
        "skew": 0,
        "var": 0
    },
    "silence_rate_30dB": {
        "kurt": 0,
        "max": 1,
        "mean": 1,
        "median": 1,
        "min": 1,
        "skew": 0,
        "var": 0
    },
    "silence_rate_60dB": {
        "kurt": -1.24255645275,
        "max": 1,
        "mean": 0.699506044388,
        "median": 1,
        "min": 0,
        "skew": -0.870346665382,
        "var": 0.210194423795
    },
    "spectral_centroid": {
        "kurt": -1.29568052292,
        "max": 5675.19628906,
        "mean": 3750.07177734,
        "median": 3653.60058594,
        "min": 955.020629883,
        "skew": -0.119782455266,
        "var": 1512668
    },
    "spectral_complexity": {
        "kurt": 4.25367450714,
        "max": 13,
        "mean": 0.927826583385,
        "median": 0,
        "min": 0,
        "skew": 1.8749319315,
        "var": 2.2848610878
    },
    "spectral_crest": {
        "kurt": -1.51476585865,
        "max": 26.5827713013,
        "mean": 13.8245067596,
        "median": 12.2935142517,
        "min": 2.75133061409,
        "skew": 0.245507121086,
        "var": 61.1009101868
    },
    "spectral_decrease": {
        "kurt": 7.16277313232,
        "max": -3.3178071835e-13,
        "mean": -1.95230187572e-09,
        "median": -3.13068182489e-11,
        "min": -2.45315359138e-08,
        "skew": -2.82552886009,
        "var": 2.23076152088e-17
    },
    "spectral_energy": {
        "kurt": 7.16706848145,
        "max": 0.1758749336,
        "mean": 0.0139839025214,
        "median": 0.000176744186319,
        "min": 1.78294033049e-06,
        "skew": 2.82600617409,
        "var": 0.00115257222205
    },
    "spectral_energyband_high": {
        "kurt": 7.16950035095,
        "max": 0.175739839673,
        "mean": 0.0139011852443,
        "median": 9.95568771032e-05,
        "min": 7.27831661607e-07,
        "skew": 2.82641553879,
        "var": 0.00115240365267
    },
    "spectral_energyband_low": {
        "kurt": 9.71959590912,
        "max": 7.04281119397e-05,
        "mean": 9.05854540179e-06,
        "median": 7.54904795031e-06,
        "min": 1.06227595609e-08,
        "skew": 2.22756266594,
        "var": 4.0616982e-11
    },
    "spectral_energyband_middle_high": {
        "kurt": 27.1134643555,
        "max": 0.000852705910802,
        "mean": 5.38580607099e-05,
        "median": 2.84280304186e-05,
        "min": 8.10758933767e-07,
        "skew": 4.54161119461,
        "var": 6.1134346474e-09
    },
    "spectral_energyband_middle_low": {
        "kurt": 52.5746116638,
        "max": 0.000189052589121,
        "mean": 2.22133330681e-05,
        "median": 2.09370955417e-05,
        "min": 2.53151114293e-07,
        "skew": 3.31475257874,
        "var": 6.39866493124e-11
    },
    "spectral_flatness_db": {
        "kurt": -0.394638299942,
        "max": 0.567787349224,
        "mean": 0.205180734396,
        "median": 0.12510818243,
        "min": 0.0692721307278,
        "skew": 1.02930128574,
        "var": 0.020128570497
    },
    "spectral_flux": {
        "kurt": 0.269797086716,
        "max": 0.367832630873,
        "mean": 0.0738443508744,
        "median": 0.0098186749965,
        "min": 0.0034336366225,
        "skew": 1.34431779385,
        "var": 0.0111520281062
    },
    "spectral_kurtosis": {
        "kurt": 2.15070390701,
        "max": 11.970123291,
        "mean": 3.12295246124,
        "median": 2.4332113266,
        "min": -0.0104794502258,
        "skew": 1.59019839764,
        "var": 4.74558544159
    },
    "spectral_rms": {
        "kurt": 2.97071123123,
        "max": 0.0130990575999,
        "mean": 0.00200710678473,
        "median": 0.000415250950027,
        "min": 4.17067640228e-05,
        "skew": 2.01656389236,
        "var": 9.61434943747e-06
    },
    "spectral_rolloff": {
        "kurt": 5.03921985626,
        "max": 5770.8984375,
        "mean": 4959.94628906,
        "median": 5017.23632812,
        "min": 2454.78515625,
        "skew": -1.87791192532,
        "var": 138076.21875
    },
    "spectral_skewness": {
        "kurt": 0.96684551239,
        "max": 2.3420445919,
        "mean": 1.11192166805,
        "median": 1.04827618599,
        "min": 0.355477780104,
        "skew": 0.83784866333,
        "var": 0.0944396033883
    },
    "spectral_spread": {
        "kurt": -0.165972232819,
        "max": 10097860,
        "mean": 6180520,
        "median": 6691685,
        "min": 2371837.25,
        "skew": -0.836807549,
        "var": 2.22836975206e+12
    },
    "spectral_strongpeak": {
        "kurt": 4.7695775032,
        "max": 35.1078071594,
        "mean": 2.63031578064,
        "median": 0.500137686729,
        "min": 0.00270563689992,
        "skew": 2.11836719513,
        "var": 18.9423675537
    },
    "zerocrossingrate": {
        "kurt": -1.03888463974,
        "max": 0.2470703125,
        "mean": 0.183276444674,
        "median": 0.18212890625,
        "min": 0.048828125,
        "skew": -0.188690036535,
        "var": 0.00160336890258
    },
    "barkbands": {
        "kurt": [550.991027832, 8.8098859787, 8.61215019226, 6.01305961609, 16.4271717072, 32.5052070618, 26.4365997314, 11.2460889816, 4.24820613861, 18.4189167023, 18.350851059, 20.6009044647, 37.2389717102, 50.4895210266, 27.7237148285, 27.3835525513, 40.8027839661, 40.2849388123, 27.4730319977, 72.4248428345, 7.58845424652, 16.8628444672, 14.8016605377, 168.099227905, 7.31633663177, 223.830169678, 8.23658466339],
        "max": [8.71823147008e-07, 2.13891653402e-05, 5.05421267007e-05, 2.29289871641e-05, 7.82504284871e-05, 5.11989928782e-05, 4.08306004829e-05, 1.28686251628e-05, 1.56493442773e-05, 2.19747198571e-05, 1.12997677206e-05, 7.56179633754e-06, 1.11336912596e-05, 1.41664804687e-05, 1.95957109099e-05, 3.46885462932e-05, 8.63593450049e-05, 0.000209823367186, 0.000374716590159, 0.00110767304432, 0.166704416275, 0.0450064279139, 4.19231510023e-05, 0.000386158906622, 0.000992988469079, 3.02937824017e-05, 5.6149900729e-07],
        "mean": [6.51813802932e-09, 2.43589624915e-06, 5.07709955855e-06, 3.13070472657e-06, 7.2375551099e-06, 3.69102849618e-06, 3.04292416331e-06, 1.50871289861e-06, 2.8073645808e-06, 2.19546745939e-06, 1.18028799534e-06, 8.03299315066e-07, 7.36686502023e-07, 8.03823240858e-07, 1.34198012347e-06, 2.43006797973e-06, 4.23468327426e-06, 9.50014873524e-06, 1.89151105587e-05, 3.45795597241e-05, 0.0119371935725, 0.00186639733147, 2.65985590886e-06, 4.79292339151e-06, 6.6928078013e-05, 2.49303724331e-07, 4.01023818597e-08],
        "median": [3.05307934489e-09, 1.80307597475e-06, 3.69473400497e-06, 2.34960089074e-06, 6.25459506409e-06, 3.05245885102e-06, 2.51649771599e-06, 1.22630399346e-06, 2.36987330027e-06, 1.90557796031e-06, 9.93034177554e-07, 6.2645926846e-07, 5.45473312741e-07, 5.96201061853e-07, 9.50669686972e-07, 1.55388465828e-06, 2.26448401008e-06, 4.7686180551e-06, 8.34522325022e-06, 1.29176487462e-05, 7.19361341908e-05, 6.61959165882e-06, 9.88521605905e-07, 6.69113319418e-07, 6.41375550003e-07, 2.30481429497e-08, 4.06257805174e-10],
        "min": [1.18640236524e-11, 7.56647688949e-10, 5.06603026196e-09, 1.04233599529e-08, 2.08589092665e-08, 5.34929682772e-08, 6.73024374009e-08, 5.54471100145e-08, 3.19870174792e-08, 4.41172289811e-08, 2.97223721191e-08, 1.80793069404e-08, 2.37801245362e-08, 1.45577239152e-08, 5.28020898116e-08, 8.91484788212e-08, 8.73621459618e-08, 1.10401842335e-07, 2.56573912338e-07, 1.92323824422e-07, 4.81879510517e-07, 8.81696422539e-08, 2.86938242056e-08, 9.80885683788e-09, 9.26413523672e-09, 7.1311617722e-10, 1.38970085439e-10],
        "skew": [19.748336792, 2.2360458374, 2.19592189789, 2.04907083511, 2.2510137558, 2.91463088989, 2.88111877441, 2.42229890823, 1.64032697678, 2.67956233025, 2.9039337635, 3.63627386093, 4.71594619751, 5.30871582031, 4.34259033203, 4.52806472778, 5.36789941788, 5.38552713394, 4.58064937592, 6.36411762238, 2.89098548889, 3.88077139854, 3.29365372658, 11.4808988571, 2.60590338707, 13.0609731674, 2.97833585739],
        "var": [5.824958228e-16, 4.72637727567e-12, 2.1275705156e-11, 7.4946064979e-12, 2.26777138734e-11, 6.73573046298e-12, 4.95202056444e-12, 1.21580599321e-12, 3.30259734491e-12, 1.91010488676e-12, 6.36777848333e-13, 4.3486140253e-13, 4.94960951565e-13, 6.18843084416e-13, 1.86774727629e-12, 8.62631233806e-12, 4.21147040852e-11, 2.46305614793e-10, 1.04729824812e-09, 3.65021657345e-09, 0.000875856727362, 2.92151435133e-05, 1.6948199788e-11, 3.4226552148e-10, 1.91921056825e-08, 1.36559502855e-12, 1.03191330399e-14],
        "cov": [[5.82655700268e-16, 1.14575741202e-14, 1.17563649923e-14, 5.07003217282e-15, 2.99303729418e-15, 1.54118703544e-15, 2.08404769848e-15, 1.64081600361e-15, 6.88743929934e-16, 1.18413543724e-15, 8.00216377468e-16, 1.01321805865e-15, 1.37178468115e-15, 1.1317482494e-15, 2.60721505725e-15, 5.66491357607e-15, 9.72925844842e-15, 2.54034701532e-14, 4.76281103586e-14, 5.2743416866e-14, 1.57153803859e-11, 1.77099751964e-12, 6.91612311719e-15, 1.77691757521e-15, 3.49681594173e-14, 2.30107273322e-16, 3.84983720629e-17], [1.14575741202e-14, 4.72767441514e-12, 2.90701729182e-12, 3.77699634806e-13, 3.07811176721e-13, 2.40156473267e-13, 2.25951419033e-13, 1.23037417385e-13, 8.86865925208e-14, 5.50493759735e-14, 3.14893815504e-14, 3.24866713663e-14, 4.07660457312e-14, 3.26036974382e-14, 2.28822511747e-14, 9.12754030344e-14, 1.0390215706e-13, 6.06954319703e-13, 1.7352261121e-12, 2.02136116005e-12, -2.00649885596e-10, 1.63541138964e-10, 2.97632605411e-13, 5.92596555594e-13, -1.05902146861e-12, 1.00333634359e-13, 1.5255363812e-16], [1.17563649923e-14, 2.90701729182e-12, 2.12815442352e-11, 3.09745263292e-12, 6.02311711791e-14, 1.81878763352e-13, -1.70629484798e-14, 8.57824485815e-14, 1.56565475103e-13, -9.03399872813e-14, 3.97403565947e-14, 2.22135457679e-14, 3.00303757691e-15, 2.99439902669e-14, 6.98456388754e-14, 1.55742999335e-13, 2.09300309831e-13, 3.39278545579e-13, -4.11605394679e-14, 4.82638777034e-13, -2.54042586967e-09, -2.36791940222e-11, 2.52683019907e-13, 1.71988963869e-12, 2.06088748497e-12, 5.85486181564e-14, -9.41446034764e-15], [5.07003217282e-15, 3.77699634806e-13, 3.09745263292e-12, 7.49666387995e-12, 2.70344792559e-12, 4.35366640742e-13, 1.31101496304e-13, 4.74215969498e-14, 1.20045032942e-13, 2.04504883622e-13, 7.48801045583e-14, 1.14331490781e-13, 1.04489828519e-13, 1.18496656714e-13, 1.8596983762e-13, 4.97053570178e-13, 1.22690182666e-12, 2.6405492376e-12, 4.63464770034e-12, 1.17889708412e-11, -4.29329072293e-10, -1.45657513828e-11, 6.42254966658e-13, 2.59096541964e-12, 3.38096998315e-12, 1.61331424565e-13, -1.5730256275e-15], [2.99303729418e-15, 3.07811176721e-13, 6.02311711791e-14, 2.70344792559e-12, 2.2683939796e-11, 1.20633093358e-12, 9.20039543682e-13, 1.40752820098e-13, 1.34766099647e-13, 3.62838421418e-13, 1.66732364135e-13, 2.21772334654e-13, 2.12536639763e-13, 3.14177638983e-13, 5.89034517776e-13, 9.71306151828e-13, 2.33185476137e-12, 5.78300992163e-12, 1.43107643791e-11, 2.8221178866e-11, 2.72975930748e-09, -1.79450121429e-10, 1.54243057129e-12, 3.63844631507e-12, 3.67633597176e-11, 3.44086521428e-13, 6.420993396e-15], [1.54118703544e-15, 2.40156473267e-13, 1.81878763352e-13, 4.35366640742e-13, 1.20633093358e-12, 6.7375796782e-12, 7.6388705474e-13, 9.69335492407e-14, 1.97541933982e-13, 2.62748264986e-13, 1.27278843389e-13, 1.42795971987e-13, 1.93861582603e-13, 1.70775625087e-13, 2.69161402151e-13, 7.35371453401e-13, 1.51702500388e-12, 3.73490084346e-12, 7.4303445341e-12, 9.84062571013e-12, 1.88422988323e-09, 4.7563936123e-10, 8.38594330695e-13, -1.00481146841e-12, 1.33624049325e-11, -6.51917146026e-14, 5.10470419597e-15], [2.08404769848e-15, 2.25951419033e-13, -1.70629484798e-14, 1.31101496304e-13, 9.20039543682e-13, 7.6388705474e-13, 4.95338015397e-12, 3.14662711035e-13, 1.13802386568e-13, 1.36125689171e-13, 1.00133544848e-13, 1.97042631777e-13, 2.0025070469e-13, 2.26011239888e-13, 4.33249600475e-13, 8.75571696309e-13, 1.95001545293e-12, 5.39558675516e-12, 9.73397751292e-12, 1.38936744054e-11, 8.17930889685e-10, -5.63411400867e-11, 1.24530951957e-12, 1.0971254287e-12, 8.76105177988e-12, 3.98985450798e-14, 2.68088363026e-15], [1.64081600361e-15, 1.23037417385e-13, 8.57824485815e-14, 4.74215969498e-14, 1.40752820098e-13, 9.69335492407e-14, 3.14662711035e-13, 1.21613971064e-12, 2.50614768738e-13, 1.66130469299e-13, 1.24325503776e-13, 1.45610926745e-13, 1.84618569347e-13, 2.21794059355e-13, 3.77019948464e-13, 8.44914036739e-13, 1.83601246186e-12, 4.81921186984e-12, 9.41238753605e-12, 1.2486721726e-11, 5.97516980338e-10, 1.98252993883e-11, 1.06670520941e-12, 6.45234625278e-13, 2.82959354732e-12, 4.82971782955e-14, 1.50710539426e-15], [6.88743929934e-16, 8.86865925208e-14, 1.56565475103e-13, 1.20045032942e-13, 1.34766099647e-13, 1.97541933982e-13, 1.13802386568e-13, 2.50614768738e-13, 3.30350395476e-12, 6.89969511646e-13, 2.2167411949e-13, 2.24580973935e-13, 2.26094750561e-13, 3.09551917519e-13, 4.87787815782e-13, 1.26010746976e-12, 2.65006311166e-12, 6.41223922918e-12, 1.2134192956e-11, 1.53545474946e-11, -5.06848396586e-10, 9.87715638445e-12, 1.45801187963e-12, 5.23221277502e-13, 1.60943946972e-12, 1.75364974956e-14, -1.68324960141e-15], [1.18413543724e-15, 5.50493759735e-14, -9.03399872813e-14, 2.04504883622e-13, 3.62838421418e-13, 2.62748264986e-13, 1.36125689171e-13, 1.66130469299e-13, 6.89969511646e-13, 1.91062920693e-12, 3.40456720975e-13, 2.59098813368e-13, 2.90557427294e-13, 3.40063101376e-13, 6.01664768354e-13, 1.31903548414e-12, 3.08031508287e-12, 7.38610301393e-12, 1.50536822591e-11, 1.98098534104e-11, 6.18956885745e-10, 7.75949790532e-11, 1.76527228165e-12, 1.36423869163e-12, 5.88572506705e-12, 6.43020860625e-14, 1.86482837195e-15], [8.00216377468e-16, 3.14893815504e-14, 3.97403565947e-14, 7.48801045583e-14, 1.66732364135e-13, 1.27278843389e-13, 1.00133544848e-13, 1.24325503776e-13, 2.2167411949e-13, 3.40456720975e-13, 6.36952675933e-13, 2.2862956103e-13, 2.15135607896e-13, 2.60847035161e-13, 4.72766411522e-13, 1.06874535263e-12, 2.49246977224e-12, 5.93274301214e-12, 1.23910473895e-11, 1.45574559351e-11, -5.14491560466e-10, -3.25808616197e-11, 1.34383064572e-12, 1.06079739177e-12, -3.20974529507e-13, 3.80802634976e-14, -1.36518650625e-15], [1.01321805865e-15, 3.24866713663e-14, 2.22135457679e-14, 1.14331490781e-13, 2.21772334654e-13, 1.42795971987e-13, 1.97042631777e-13, 1.45610926745e-13, 2.24580973935e-13, 2.59098813368e-13, 2.2862956103e-13, 4.34980773189e-13, 2.7107209164e-13, 3.22820980017e-13, 5.69792043409e-13, 1.26682041593e-12, 2.94854071714e-12, 7.25933592752e-12, 1.41496302522e-11, 1.86743086272e-11, 2.11345094203e-10, 6.18836162869e-11, 1.6084515447e-12, 1.23924134843e-12, 2.67980819826e-12, 4.96262068711e-14, 1.12497262109e-15], [1.37178468115e-15, 4.07660457312e-14, 3.00303757691e-15, 1.04489828519e-13, 2.12536639763e-13, 1.93861582603e-13, 2.0025070469e-13, 1.84618569347e-13, 2.26094750561e-13, 2.90557427294e-13, 2.15135607896e-13, 2.7107209164e-13, 4.95096856307e-13, 3.37865559098e-13, 6.47561811031e-13, 1.45039525095e-12, 3.20503432821e-12, 7.6832012974e-12, 1.61412775507e-11, 2.0233800746e-11, 6.09127748241e-10, 1.6284583404e-10, 1.73244784404e-12, 1.16675289222e-12, 3.81800320526e-12, 4.63315197568e-14, 2.31773434775e-15], [1.1317482494e-15, 3.26036974382e-14, 2.99439902669e-14, 1.18496656714e-13, 3.14177638983e-13, 1.70775625087e-13, 2.26011239888e-13, 2.21794059355e-13, 3.09551917519e-13, 3.40063101376e-13, 2.60847035161e-13, 3.22820980017e-13, 3.37865559098e-13, 6.19012924686e-13, 7.57824196191e-13, 1.6928243746e-12, 3.88821483691e-12, 9.70838340275e-12, 1.89705369469e-11, 2.4754191752e-11, 2.54996995741e-10, 3.66422552023e-11, 2.07066265176e-12, 1.35784211566e-12, 2.566949691e-12, 4.33044001862e-14, 1.33513885948e-15], [2.60721505725e-15, 2.28822511747e-14, 6.98456388754e-14, 1.8596983762e-13, 5.89034517776e-13, 2.69161402151e-13, 4.33249600475e-13, 3.77019948464e-13, 4.87787815782e-13, 6.01664768354e-13, 4.72766411522e-13, 5.69792043409e-13, 6.47561811031e-13, 7.57824196191e-13, 1.86826010391e-12, 3.1478736718e-12, 6.92774700453e-12, 1.70730131421e-11, 3.46603301615e-11, 4.53585467797e-11, 3.69922009691e-10, 9.73853775399e-11, 3.75090800434e-12, 2.493587151e-12, 5.51577186703e-12, 6.58803930463e-14, 1.41512238075e-15], [5.66491357607e-15, 9.12754030344e-14, 1.55742999335e-13, 4.97053570178e-13, 9.71306151828e-13, 7.35371453401e-13, 8.75571696309e-13, 8.44914036739e-13, 1.26010746976e-12, 1.31903548414e-12, 1.06874535263e-12, 1.26682041593e-12, 1.45039525095e-12, 1.6928243746e-12, 3.1478736718e-12, 8.6286802356e-12, 1.56840304633e-11, 3.90008893236e-11, 7.88826712284e-11, 1.01611760672e-10, 1.00397623548e-09, 1.70870012584e-10, 8.32061329559e-12, 5.54269304065e-12, 1.58492732827e-11, 1.73963843548e-13, 4.85241924428e-15], [9.72925844842e-15, 1.0390215706e-13, 2.09300309831e-13, 1.22690182666e-12, 2.33185476137e-12, 1.51702500388e-12, 1.95001545293e-12, 1.83601246186e-12, 2.65006311166e-12, 3.08031508287e-12, 2.49246977224e-12, 2.94854071714e-12, 3.20503432821e-12, 3.88821483691e-12, 6.92774700453e-12, 1.56840304633e-11, 4.21262642825e-11, 8.99221877515e-11, 1.77574871474e-10, 2.32432198488e-10, 2.87413981503e-09, 8.14546430306e-10, 1.91734562255e-11, 1.1964700064e-11, 2.55238521291e-11, 3.86212708949e-13, 1.3293894963e-14], [2.54034701532e-14, 6.06954319703e-13, 3.39278545579e-13, 2.6405492376e-12, 5.78300992163e-12, 3.73490084346e-12, 5.39558675516e-12, 4.81921186984e-12, 6.41223922918e-12, 7.38610301393e-12, 5.93274301214e-12, 7.25933592752e-12, 7.6832012974e-12, 9.70838340275e-12, 1.70730131421e-11, 3.90008893236e-11, 8.99221877515e-11, 2.46373227375e-10, 4.3945611039e-10, 5.87093929028e-10, 5.06306285786e-09, 1.22688181836e-09, 4.79195086389e-11, 3.28923138726e-11, 8.79153069788e-11, 1.0506801592e-12, 2.34696363364e-14], [4.76281103586e-14, 1.7352261121e-12, -4.11605394679e-14, 4.63464770034e-12, 1.43107643791e-11, 7.4303445341e-12, 9.73397751292e-12, 9.41238753605e-12, 1.2134192956e-11, 1.50536822591e-11, 1.23910473895e-11, 1.41496302522e-11, 1.61412775507e-11, 1.89705369469e-11, 3.46603301615e-11, 7.88826712284e-11, 1.77574871474e-10, 4.3945611039e-10, 1.04758568487e-09, 1.28534793919e-09, 2.1186645327e-08, 5.0576201005e-09, 1.00827853011e-10, 8.9962703953e-11, 4.66853278258e-10, 2.98023519925e-12, 8.77161231562e-14], [5.2743416866e-14, 2.02136116005e-12, 4.82638777034e-13, 1.17889708412e-11, 2.8221178866e-11, 9.84062571013e-12, 1.38936744054e-11, 1.2486721726e-11, 1.53545474946e-11, 1.98098534104e-11, 1.45574559351e-11, 1.86743086272e-11, 2.0233800746e-11, 2.4754191752e-11, 4.53585467797e-11, 1.01611760672e-10, 2.32432198488e-10, 5.87093929028e-10, 1.28534793919e-09, 3.6512184387e-09, 1.73008928073e-07, 2.04002770232e-08, 1.75675848868e-10, 6.00382632499e-10, 2.88630697121e-09, 3.25860033401e-11, 5.98105766303e-13], [1.57153803859e-11, -2.00649885596e-10, -2.54042586967e-09, -4.29329072293e-10, 2.72975930748e-09, 1.88422988323e-09, 8.17930889685e-10, 5.97516980338e-10, -5.06848396586e-10, 6.18956885745e-10, -5.14491560466e-10, 2.11345094203e-10, 6.09127748241e-10, 2.54996995741e-10, 3.69922009691e-10, 1.00397623548e-09, 2.87413981503e-09, 5.06306285786e-09, 2.1186645327e-08, 1.73008928073e-07, 0.000876097183209, 0.000120794000395, 2.4384416264e-08, 3.81206994859e-08, 2.3645679903e-06, 5.18618303857e-09, 2.94343593943e-09], [1.77099751964e-12, 1.63541138964e-10, -2.36791940222e-11, -1.45657513828e-11, -1.79450121429e-10, 4.7563936123e-10, -5.63411400867e-11, 1.98252993883e-11, 9.87715638445e-12, 7.75949790532e-11, -3.25808616197e-11, 6.18836162869e-11, 1.6284583404e-10, 3.66422552023e-11, 9.73853775399e-11, 1.70870012584e-10, 8.14546430306e-10, 1.22688181836e-09, 5.0576201005e-09, 2.04002770232e-08, 0.000120794000395, 2.92231634376e-05, 4.8402992725e-09, 9.00271057702e-09, 2.84422782215e-07, 9.63278123933e-10, 4.37317043689e-10], [6.91612311719e-15, 2.97632605411e-13, 2.52683019907e-13, 6.42254966658e-13, 1.54243057129e-12, 8.38594330695e-13, 1.24530951957e-12, 1.06670520941e-12, 1.45801187963e-12, 1.76527228165e-12, 1.34383064572e-12, 1.6084515447e-12, 1.73244784404e-12, 2.07066265176e-12, 3.75090800434e-12, 8.32061329559e-12, 1.91734562255e-11, 4.79195086389e-11, 1.00827853011e-10, 1.75675848868e-10, 2.4384416264e-08, 4.8402992725e-09, 1.69528505817e-11, 3.4690351286e-11, 1.88949855762e-10, 1.87048922358e-12, 8.80289629168e-14], [1.77691757521e-15, 5.92596555594e-13, 1.71988963869e-12, 2.59096541964e-12, 3.63844631507e-12, -1.00481146841e-12, 1.0971254287e-12, 6.45234625278e-13, 5.23221277502e-13, 1.36423869163e-12, 1.06079739177e-12, 1.23924134843e-12, 1.16675289222e-12, 1.35784211566e-12, 2.493587151e-12, 5.54269304065e-12, 1.1964700064e-11, 3.28923138726e-11, 8.9962703953e-11, 6.00382632499e-10, 3.81206994859e-08, 9.00271057702e-09, 3.4690351286e-11, 3.42359474104e-10, 9.64884172561e-10, 1.67495808889e-11, 1.79868638972e-13], [3.49681594173e-14, -1.05902146861e-12, 2.06088748497e-12, 3.38096998315e-12, 3.67633597176e-11, 1.33624049325e-11, 8.76105177988e-12, 2.82959354732e-12, 1.60943946972e-12, 5.88572506705e-12, -3.20974529507e-13, 2.67980819826e-12, 3.81800320526e-12, 2.566949691e-12, 5.51577186703e-12, 1.58492732827e-11, 2.55238521291e-11, 8.79153069788e-11, 4.66853278258e-10, 2.88630697121e-09, 2.3645679903e-06, 2.84422782215e-07, 1.88949855762e-10, 9.64884172561e-10, 1.91973743568e-08, 5.58999201095e-11, 7.46037780164e-12], [2.30107273322e-16, 1.00333634359e-13, 5.85486181564e-14, 1.61331424565e-13, 3.44086521428e-13, -6.51917146026e-14, 3.98985450798e-14, 4.82971782955e-14, 1.75364974956e-14, 6.43020860625e-14, 3.80802634976e-14, 4.96262068711e-14, 4.63315197568e-14, 4.33044001862e-14, 6.58803930463e-14, 1.73963843548e-13, 3.86212708949e-13, 1.0506801592e-12, 2.98023519925e-12, 3.25860033401e-11, 5.18618303857e-09, 9.63278123933e-10, 1.87048922358e-12, 1.67495808889e-11, 5.58999201095e-11, 1.36596994566e-12, 1.98383281645e-14], [3.84983720629e-17, 1.5255363812e-16, -9.41446034764e-15, -1.5730256275e-15, 6.420993396e-15, 5.10470419597e-15, 2.68088363026e-15, 1.50710539426e-15, -1.68324960141e-15, 1.86482837195e-15, -1.36518650625e-15, 1.12497262109e-15, 2.31773434775e-15, 1.33513885948e-15, 1.41512238075e-15, 4.85241924428e-15, 1.3293894963e-14, 2.34696363364e-14, 8.77161231562e-14, 5.98105766303e-13, 2.94343593943e-09, 4.37317043689e-10, 8.80289629168e-14, 1.79868638972e-13, 7.46037780164e-12, 1.98383281645e-14, 1.03219655181e-14]]
    },
    "mfcc": {
        "kurt": [-0.786460399628, -1.22070300579, -0.505825042725, 0.475867271423, -0.463724374771, 0.19344329834, 2.07165718079, -0.531368970871, -0.679204463959, -0.203265666962, 0.460708141327, 0.125556945801, -0.267798185349],
        "max": [-721.96697998, 108.309829712, 60.4093475342, 85.970916748, -1.3553276062, 42.9430351257, 43.9028816223, 16.2262821198, 77.186126709, 12.0634098053, 42.9909553528, 22.3984165192, 11.2462463379],
        "mean": [-852.007507324, 35.3560523987, -2.51853179932, 58.410774231, -29.253780365, 0.559284687042, 6.84699821472, -15.6950674057, 22.5295696259, -19.1605148315, 0.602109730244, -2.83293652534, -12.9645519257],
        "median": [-861.055847168, 46.4855422974, -10.3967037201, 58.4322776794, -26.7939071655, -1.31904411316, 5.93419837952, -10.7861309052, 15.6686706543, -12.7812395096, -1.98106193542, -2.8318977356, -12.690079689],
        "min": [-1070.50061035, -65.8590545654, -40.6222000122, 19.7926673889, -72.2240905762, -30.8316001892, -14.3451862335, -64.0383300781, -11.7804145813, -74.562286377, -25.1822052002, -23.2080154419, -38.9532318115],
        "skew": [0.296979874372, -0.309314131737, 0.853769540787, -0.0713516697288, -0.550425410271, 0.661450862885, 1.03263306618, -0.704012989998, 0.700254917145, -0.895754635334, 0.932291030884, 0.0373420901597, -0.150387763977],
        "var": [1914.08532715, 1751.5, 416.201019287, 51.7169380188, 149.013671875, 110.399276733, 67.1021575928, 234.837417603, 379.818328857, 301.73638916, 123.220863342, 38.1850776672, 57.3404960632],
        "cov": [[1914.61071777, -1686.85070801, 537.741027832, 19.5800037384, -234.889526367, 171.863830566, 90.4082794189, -345.451782227, 448.857086182, -425.965820312, 281.061828613, -42.4287147522, -91.3060302734], [-1686.85070801, 1751.98083496, -650.62512207, 1.04299223423, 307.429595947, -210.645126343, -108.931358337, 446.560241699, -570.864440918, 521.924987793, -309.590057373, 37.6876487732, 133.747924805], [537.741027832, -650.62512207, 416.3152771, 3.31533622742, -161.253952026, 122.764648438, 67.300163269, -249.01914978, 330.739257812, -277.738861084, 150.465103149, -7.05042409897, -83.6840057373], [19.5800037384, 1.04299223423, 3.31533622742, 51.7311325073, -7.35268592834, 22.8951473236, -2.11691832542, -3.42988848686, 13.7564296722, -12.317741394, 10.2305612564, 3.22547626495, -5.84385490417], [-234.889526367, 307.429595947, -161.253952026, -7.35268592834, 149.054580688, -77.8536834717, -6.75555944443, 131.938354492, -186.671401978, 167.615402222, -89.3643112183, 5.03787326813, 57.4026679993], [171.863830566, -210.645126343, 122.764648438, 22.8951473236, -77.8536834717, 110.429580688, 3.84302282333, -74.1580886841, 136.109146118, -125.636421204, 77.9802474976, -8.05327224731, -40.0101356506], [90.4082794189, -108.931358337, 67.300163269, -2.11691832542, -6.75555944443, 3.84302282333, 67.1205749512, -48.6862945557, 60.2913208008, -30.4628353119, 8.03393650055, 8.46181583405, -11.8830566406], [-345.451782227, 446.560241699, -249.01914978, -3.42988848686, 131.938354492, -74.1580886841, -48.6862945557, 234.901885986, -247.99671936, 222.013092041, -102.342788696, -2.34583210945, 70.7157058716], [448.857086182, -570.864440918, 330.739257812, 13.7564296722, -186.671401978, 136.109146118, 60.2913208008, -247.99671936, 379.922576904, -292.909667969, 164.158950806, -4.81605100632, -97.0822067261], [-425.965820312, 521.924987793, -277.738861084, -12.317741394, 167.615402222, -125.636421204, -30.4628353119, 222.013092041, -292.909667969, 301.819213867, -143.973617554, 20.4353599548, 83.4641799927], [281.061828613, -309.590057373, 150.465103149, 10.2305612564, -89.3643112183, 77.9802474976, 8.03393650055, -102.342788696, 164.158950806, -143.973617554, 123.254684448, -7.13990306854, -32.9269218445], [-42.4287147522, 37.6876487732, -7.05042409897, 3.22547626495, 5.03787326813, -8.05327224731, 8.46181583405, -2.34583210945, -4.81605100632, 20.4353599548, -7.13990306854, 38.1955604553, 6.39821195602], [-91.3060302734, 133.747924805, -83.6840057373, -5.84385490417, 57.4026679993, -40.0101356506, -11.8830566406, 70.7157058716, -97.0822067261, 83.4641799927, -32.9269218445, 6.39821195602, 57.3562355042]]
    },
    "sccoeffs": {
        "kurt": [0.204815387726, 0.246213436127, 0.046117067337, 0.406305789948, 4.37915945053, -0.31086230278],
        "max": [-0.597003817558, -0.711449205875, -0.745348632336, -0.788501620293, -0.582570552826, -0.356630533934],
        "mean": [-0.765580356121, -0.845377981663, -0.853379607201, -0.871844768524, -0.839813172817, -0.692083716393],
        "median": [-0.768078565598, -0.84741795063, -0.854875683784, -0.872638583183, -0.851117610931, -0.752223491669],
        "min": [-0.881269097328, -0.934386312962, -0.943430244923, -0.927456915379, -0.92128932476, -0.853152573109],
        "skew": [0.377955138683, 0.370381832123, 0.282098591328, 0.315625280142, 1.80682301521, 0.97570925951],
        "var": [0.00159352552146, 0.00108996185008, 0.000737962312996, 0.000289972376777, 0.00154173094779, 0.0168253201991],
        "cov": [[0.00159396301024, -5.49452693122e-07, 1.72744585143e-05, 2.4182334073e-06, 2.94657602353e-05, 3.6503719457e-05], [-5.49452693122e-07, 0.00109026103746, -1.93948744709e-05, -1.46098464029e-05, 3.97827352572e-05, 0.00017930220929], [1.72744585143e-05, -1.93948744709e-05, 0.000738164875656, -1.41437812999e-05, -1.68618080352e-05, 0.000116367722512], [2.4182334073e-06, -1.46098464029e-05, -1.41437812999e-05, 0.000290051975753, 3.76408534066e-05, -6.07705442235e-05], [2.94657602353e-05, 3.97827352572e-05, -1.68618080352e-05, 3.76408534066e-05, 0.0015421542339, 0.00271815946326], [3.6503719457e-05, 0.00017930220929, 0.000116367722512, -6.07705442235e-05, 0.00271815946326, 0.0168299395591]]
    },
    "scvalleys": {
        "kurt": [1.71667909622, 0.410526037216, 0.590484142303, 1.84403991699, 0.823631048203, -0.965195655823],
        "max": [-7.10379505157, -7.13075780869, -7.50191116333, -7.35663843155, -6.60907554626, -7.34693717957],
        "mean": [-8.3665895462, -8.20879459381, -8.57898521423, -8.99515724182, -8.30836582184, -9.7802772522],
        "median": [-8.34663963318, -8.19542121887, -8.58701896667, -9.04752635956, -8.38957214355, -9.90361213684],
        "min": [-11.5270929337, -9.91777992249, -9.95628738403, -10.5250120163, -9.83808994293, -11.7414417267],
        "skew": [-0.489812880754, -0.2319624722, 0.127461478114, 1.03229260445, 0.956594944, 0.25842538476],
        "var": [0.151781588793, 0.0897812917829, 0.0724342912436, 0.0884897708893, 0.196844443679, 0.671070158482],
        "cov": [[0.151823252439, 0.00991640239954, 0.00955873262137, 0.0131753720343, 0.0169732291251, 0.0227213446051], [0.00991640239954, 0.0898059383035, 0.0124474940822, 0.0181278809905, 0.0304290801287, 0.0351816192269], [0.00955873262137, 0.0124474940822, 0.0724541768432, 0.0333769135177, 0.0534103326499, 0.0609108731151], [0.0131753720343, 0.0181278809905, 0.0333769135177, 0.088514059782, 0.098555020988, 0.114434860647], [0.0169732291251, 0.0304290801287, 0.0534103326499, 0.098555020988, 0.196898475289, 0.270502567291], [0.0227213446051, 0.0351816192269, 0.0609108731151, 0.114434860647, 0.270502567291, 0.671254336834]]
    }
},
"rhythm": {
    "beats_loudness": {
        "kurt": 65.3763961792,
        "max": 0.0852760672569,
        "mean": 0.00850401539356,
        "median": 0.00747828232124,
        "min": 5.03859919263e-05,
        "skew": 6.7157034874,
        "var": 5.568999768e-05
    },
    "bpm": 126.651702881,
    "confidence": 0.823033332825,
    "first_peak_bpm": {
        "kurt": 0,
        "max": 126,
        "mean": 126,
        "median": 126,
        "min": 126,
        "skew": 0,
        "var": 0
    },
    "first_peak_spread": {
        "kurt": 0,
        "max": 0.590909063816,
        "mean": 0.590909063816,
        "median": 0.590909063816,
        "min": 0.590909063816,
        "skew": 0,
        "var": 0
    },
    "first_peak_weight": {
        "kurt": 0,
        "max": 0.109756097198,
        "mean": 0.109756097198,
        "median": 0.109756097198,
        "min": 0.109756097198,
        "skew": 0,
        "var": 0
    },
    "onset_rate": 2.51832580566,
    "second_peak_bpm": {
        "kurt": 0,
        "max": 133,
        "mean": 133,
        "median": 133,
        "min": 133,
        "skew": 0,
        "var": 0
    },
    "second_peak_spread": {
        "kurt": 0,
        "max": 0.413793087006,
        "mean": 0.413793087006,
        "median": 0.413793087006,
        "min": 0.413793087006,
        "skew": 0,
        "var": 0
    },
    "second_peak_weight": {
        "kurt": 0,
        "max": 0.103658534586,
        "mean": 0.103658534586,
        "median": 0.103658534586,
        "min": 0.103658534586,
        "skew": 0,
        "var": 0
    },
    "beats_loudness_band_ratio": {
        "kurt": [22.874130249, 29.8768882751, 23.1594219208, 21.0954380035, 16.6790142059, 16.8928947449],
        "max": [0.248721197248, 0.252432972193, 0.141631737351, 0.0785890072584, 0.188668072224, 0.998522877693],
        "mean": [0.00944582372904, 0.00817766040564, 0.00579251674935, 0.00319506763481, 0.00991588179022, 0.965414226055],
        "median": [0.00158496876247, 0.00138603034429, 0.00118532660417, 0.00058633898152, 0.00191987864673, 0.993496537209],
        "min": [0.000159806309966, 0.000176913410542, 0.000180656541488, 0.000130571715999, 0.00029599753907, 0.304948866367],
        "skew": [4.83265018463, 5.27993869781, 4.84058189392, 4.59704208374, 4.2214679718, -4.26101541519],
        "var": [0.00127001246437, 0.000972853275016, 0.000428592873504, 0.000125713471789, 0.00102129951119, 0.0137480413541],
        "cov": [[0.001277756528, 0.000921759463381, 0.000632465467788, 0.00034350680653, 0.000931557093281, -0.00388118624687], [0.000921759463381, 0.000978785334155, 0.000601020874456, 0.00032393008587, 0.000847905525006, -0.00348487496376], [0.000632465467788, 0.000601020874456, 0.00043120625196, 0.000221924768994, 0.000614447169937, -0.00237491494045], [0.00034350680653, 0.00032393008587, 0.000221924768994, 0.000126480023027, 0.000332007650286, -0.00128241046332], [0.000931557093281, 0.000847905525006, 0.000614447169937, 0.000332007650286, 0.001027526916, -0.00356029695831], [-0.00388118624687, -0.00348487496376, -0.00237491494045, -0.00128241046332, -0.00356029695831, 0.0138318715617]]
    },
    "beats_position": [0.580498874187, 1.17260766029, 1.74149656296, 2.29877543449, 2.8444442749, 3.32045340538, 3.80807256699, 4.2492518425, 4.7020406723, 5.15482997894, 5.59600877762, 6.03718805313, 6.47836732864, 6.91954612732, 7.37233543396, 7.83673477173, 8.28952407837, 8.75392246246, 9.24154186249, 9.71755123138, 10.2051696777, 10.7043991089, 11.1804075241, 11.656416893, 12.1208162308, 12.5852155685, 13.0380039215, 13.4907932281, 13.9319725037, 14.3731517792, 14.8143310547, 15.2671203613, 15.696688652, 16.1378688812, 16.602268219, 17.0666656494, 17.5310649872, 17.995464325, 18.4714736938, 18.9474830627, 19.4118824005, 19.8762817383, 20.3406791687, 20.8166885376, 21.2926979065, 21.7803173065, 22.2563266754, 22.7091159821, 23.1270751953, 23.5450344086, 23.9862117767, 24.4390010834, 24.89179039, 25.3561897278, 25.8205890656, 26.3082084656, 26.7958278656, 27.2718353271, 27.747844696, 28.2238540649, 28.7811336517, 29.3384113312, 29.8840808868, 30.4878005981, 31.079908371, 31.6720180511, 32.2757377625, 32.8330154419, 33.3902931213, 33.9475746155, 34.5280723572, 35.0853500366, 35.6426315308, 36.2231292725, 36.8036270142, 37.3841247559, 37.9646263123, 38.5219039917, 39.0791816711, 39.6248512268, 40.1937408447, 40.7742385864, 41.3663482666, 41.9700660706, 42.5737876892, 43.1891136169, 43.8160552979, 44.4429931641, 45.0699310303, 45.6620407104, 46.2425384521, 46.8346481323, 47.415145874, 47.9259872437, 48.4368247986, 48.9476623535, 49.4817237854, 49.9577331543, 50.445350647, 50.9445800781, 51.4670295715, 51.9894790649, 52.5003166199, 53.0111541748, 53.5219955444, 54.0212249756, 54.5204544067, 55.0196800232, 55.5189094543, 56.0181388855, 56.4941482544, 56.946937561, 57.4113349915, 57.8641242981, 58.340133667, 58.8161430359, 59.2921524048, 59.7449417114, 60.1977310181, 60.6273002625, 61.0452613831, 61.463218689, 61.9043960571, 62.34557724, 62.7983665466, 63.2511558533, 63.7039451599, 64.1799545288, 64.6443557739, 65.1319732666, 65.6428070068, 66.1884765625, 66.7341461182, 67.2565994263, 67.7906570435, 68.3014984131, 68.8239440918, 69.358001709, 69.8804550171, 70.4029006958, 70.9137420654, 71.4245758057, 71.9354171753, 72.4462585449, 72.9338760376, 73.3982772827, 73.8626708984, 74.4431762695, 75.0352783203, 75.6273880005, 76.2311096191, 76.8232192993, 77.4153289795, 78.0074386597, 78.5995483398, 79.1568222046, 79.7141036987, 80.2713851929, 80.8170471191, 81.3627166748, 81.9083862305, 82.4540557861, 82.9881134033, 83.5453948975, 84.0794525146],
    "bpm_estimates": [126.04800415, 123.046844482, 129.199157715, 129.199417114, 123.046783447, 126.047935486, 123.047027588, 126.048194885, 126.047935486, 129.199157715, 129.199157715, 129.199157715, 129.199676514, 129.199157715, 129.199157715, 126.047935486, 126.047935486, 129.199157715, 129.199157715, 129.199676514, 126.047935486, 126.047935486, 123.046783447, 126.047935486, 129.199157715, 129.199157715, 123.046783447, 123.046783447, 126.048446655, 126.047935486, 126.047935486, 126.047935486, 123.047264099, 126.047935486, 129.199676514, 126.047935486, 126.047935486, 126.047935486, 126.047935486, 129.198623657, 123.047264099, 123.047264099, 129.198623657, 129.200744629],
