{
"metadata": {
    "version": {
        "essentia": "2.1-beta3"
    }
},
"lowLevel": {
    "average_loudness": 0.975024044514,
    "barkbands_kurtosis": {
        "kurt": 7.06875419617,
        "max": 9.48568725586,
        "mean": 0.816444158554,
        "median": 0.564435243607,
        "min": -0.938888549805,
        "skew": 1.97188043594
    },
    "barkbands_skewness": {
        "kurt": -0.320888996124,
        "max": 2.55502653122,
        "mean": 0.543324828148,
        "median": 0.519157111645,
        "min": -0.686446845531,
        "skew": 0.302474558353
    },
    "barkbands_spread": {
        "kurt": -0.0919811725616,
        "max": 17.2970542908,
        "mean": 9.42009735107,
        "median": 9.20131874084,
        "min": 4.2469534874,
        "skew": 0.448750406504
    },
    "dissonance": {
        "kurt": 0.181957483292,
        "max": 0.499551028013,
        "mean": 0.429797202349,
        "median": 0.434870421886,
        "min": 0.297610133886,
        "skew": -0.687691748142
    },
    "hfc": {
        "kurt": 0.204643726349,
        "max": 17.6707229614,
        "mean": 7.91575717926,
        "median": 7.49519729614,
        "min": 0.0663540139794,
        "skew": 0.691994130611
    },
    "pitch": {
        "kurt": 26.7677936554,
        "max": 562.088134766,
        "mean": 274.512695312,
        "median": 276.042602539,
        "min": 90.7137374878,
        "skew": 2.62375473976
    },
    "pitch_instantaneous_confidence": {
        "kurt": 0.377952337265,
        "max": 0.851894855499,
        "mean": 0.633284330368,
        "median": 0.648880004883,
        "min": 0.237463474274,
        "skew": -0.750554800034
    },
    "pitch_salience": {
        "kurt": -0.54442358017,
        "max": 0.792645812035,
        "mean": 0.591742396355,
        "median": 0.59284979105,
        "min": 0.350022315979,
        "skew": 0.00494752638042
    },
    "silence_rate_20dB": {
        "kurt": 0,
        "max": 1,
        "mean": 1,
        "median": 1,
        "min": 1,
        "skew": 0
    },
    "silence_rate_30dB": {
        "kurt": 0,
        "max": 1,
        "mean": 1,
        "median": 1,
        "min": 1,
        "skew": 0
    },
    "silence_rate_60dB": {
        "kurt": 984.000793457,
        "max": 1,
        "mean": 0.00101112236734,
        "median": 0,
        "min": 0,
        "skew": 31.4006481171
    },
    "spectral_centroid": {
        "kurt": -0.48050403595,
        "max": 1102.49694824,
        "mean": 830.407287598,
        "median": 833.945068359,
        "min": 537.137207031,
        "skew": -0.073928155005
    },
    "spectral_complexity": {
        "kurt": 1.42771720886,
        "max": 17,
        "mean": 10.892821312,
        "median": 11,
        "min": 0,
        "skew": 0.10806940496
    },
    "spectral_crest": {
        "kurt": -0.362831354141,
        "max": 19.0489673615,
        "mean": 10.7625865936,
        "median": 10.4855461121,
        "min": 4.64006090164,
        "skew": 0.287272959948
    },
    "spectral_decrease": {
        "kurt": 0.641969919205,
        "max": -2.39325087525e-11,
        "mean": -2.34531172261e-09,
        "median": -2.21543494661e-09,
        "min": -5.59841861758e-09,
        "skew": -0.76078504324
    },
    "spectral_energy": {
        "kurt": 0.604250669479,
        "max": 0.0224472228438,
        "mean": 0.00956971943378,
        "median": 0.00903316494077,
        "min": 9.63443453657e-05,
        "skew": 0.752683103085
    },
    "spectral_energyband_high": {
        "kurt": 0.533407211304,
        "max": 5.15858992003e-05,
        "mean": 3.08589696942e-05,
        "median": 3.05575995299e-05,
        "min": 1.87405788665e-07,
        "skew": 0.272933751345
    },
    "spectral_energyband_low": {
        "kurt": 5.4778175354,
        "max": 9.30184469325e-05,
        "mean": 1.3852547454e-05,
        "median": 1.01859441202e-05,
        "min": 2.63210637286e-07,
        "skew": 1.99327433109
    },
    "spectral_energyband_middle_high": {
        "kurt": -0.141713857651,
        "max": 0.0115344403312,
        "mean": 0.00456841988489,
        "median": 0.00425607291982,
        "min": 2.13437651837e-05,
        "skew": 0.642707407475
    },
    "spectral_energyband_middle_low": {
        "kurt": 0.835640907288,
        "max": 0.0159964486957,
        "mean": 0.00514057651162,
        "median": 0.00472134863958,
        "min": 7.53195272409e-05,
        "skew": 0.890695333481
    },
    "spectral_flatness_db": {
        "kurt": -0.313809871674,
        "max": 0.301889300346,
        "mean": 0.243484035134,
        "median": 0.244036197662,
        "min": 0.188872113824,
        "skew": -0.0248446185142
    },
    "spectral_flux": {
        "kurt": 0.304674863815,
        "max": 0.0947815924883,
        "mean": 0.0515966638923,
        "median": 0.0503234639764,
        "min": 0.0304620079696,
        "skew": 0.600557506084
    },
    "spectral_kurtosis": {
        "kurt": 0.527719497681,
        "max": 30.1838035583,
        "mean": 13.4603290558,
        "median": 13.0587692261,
        "min": 7.48376369476,
        "skew": 0.739711403847
    },
    "spectral_rms": {
        "kurt": 0.523059368134,
        "max": 0.0046797147952,
        "mean": 0.00301349302754,
        "median": 0.00296864332631,
        "min": 0.000306585192448,
        "skew": 0.204114720225
    },
    "spectral_rolloff": {
        "kurt": 9.86759662628,
        "max": 1636.5234375,
        "mean": 1124.1529541,
        "median": 1119.7265625,
        "min": 667.529296875,
        "skew": 0.4121311903
    },
    "spectral_skewness": {
        "kurt": 1.5435051918,
        "max": 4.61715602875,
        "mean": 2.75552010536,
        "median": 2.72743201256,
        "min": 2.08109259605,
        "skew": 0.675114572048
    },
    "spectral_spread": {
        "kurt": 10.6095428467,
        "max": 4366641,
        "mean": 2488178.75,
        "median": 2488822,
        "min": 1928142.75,
        "skew": 1.12880349159
    },
    "spectral_strongpeak": {
        "kurt": -1.1065517664,
        "max": 4.40397119522,
        "mean": 1.83062899113,
        "median": 1.69090652466,
        "min": 0.0363309420645,
        "skew": 0.153858110309
    },
    "zerocrossingrate": {
        "kurt": 3.75490617752,
        "max": 0.05859375,
        "mean": 0.0450986251235,
        "median": 0.04541015625,
        "min": 0.0126953125,
        "skew": -0.802718162537
    },
    "barkbands": {
        "kurt": [8.90574645996, 3.73018598557, 5.21815013885, 4.7954325676, 3.14547109604, 2.76022386551, 4.67633104324, 0.670154094696, 4.39631843567, 3.35184669495, 17.652633667, -0.16629576683, 1.5661611557, 1.86226797104, 0.681531190872, 0.688021183014, 0.598061323166, 0.549159049988, 0.653143405914, 0.779344081879, 0.635186195374, 0.900370597839, 0.94180893898, 2.1162314415, 0.703689336777, 2.36637735367, 4.18305635452],
        "max": [3.22079145576e-08, 2.33563264374e-06, 4.58930808236e-05, 0.000104182741779, 0.0066630076617, 0.00124332786072, 0.00192060635891, 0.0095948278904, 0.00171201967169, 0.00298468512483, 0.000944332859945, 0.0100925695151, 0.000991328852251, 0.000225934461923, 0.000194815467694, 0.000234153922065, 0.000196941138711, 0.000178295900696, 0.000118340896734, 6.89139706083e-05, 2.53149664786e-05, 6.93259062245e-06, 1.10096959816e-06, 3.6948662796e-07, 1.87915688343e-07, 6.72761313325e-09, 2.45280995514e-09],
        "mean": [3.55114004869e-09, 4.41531000206e-07, 6.76317131365e-06, 1.7857466446e-05, 0.00147333345376, 0.00027765519917, 0.00035671988735, 0.00242534442805, 0.000373927818146, 0.000692064582836, 0.000130158703541, 0.00307117588818, 0.000262218731223, 7.18046794645e-05, 7.54459179007e-05, 8.65852853167e-05, 7.49735481804e-05, 7.22841286915e-05, 5.38440581295e-05, 3.08611961373e-05, 1.22226183521e-05, 3.2281179756e-06, 5.27794725258e-07, 1.79937160283e-07, 1.06578610826e-07, 2.79020762051e-09, 4.85666340477e-10],
        "median": [2.68112887447e-09, 3.45299895343e-07, 4.83102394355e-06, 1.36291828312e-05, 0.00121678144205, 0.000246562529355, 0.000288631563308, 0.00197871448472, 0.000318197358865, 0.000606310204603, 0.000116985414934, 0.00274565233849, 0.000222219125135, 6.65928746457e-05, 6.96202405379e-05, 8.34056772874e-05, 7.13592307875e-05, 6.96652423358e-05, 5.17744629178e-05, 3.02467615256e-05, 1.19894366435e-05, 3.16569935421e-06, 5.15885290042e-07, 1.75387185664e-07, 1.05143250551e-07, 2.71163558274e-09, 3.52241402712e-10],
        "min": [1.74222303251e-11, 8.42140490676e-09, 6.69328130698e-08, 2.54974395375e-07, 1.25707092593e-05, 1.59953515322e-06, 5.36239622306e-06, 4.87910947413e-05, 4.93491188536e-06, 2.27568784794e-06, 1.07047026177e-06, 1.16058072308e-05, 3.47075433638e-06, 8.7257501491e-07, 5.59181899007e-07, 6.31275952401e-07, 6.90682384175e-07, 3.24787123418e-07, 2.23580229886e-07, 3.02199907765e-07, 9.19661431453e-08, 2.99129077064e-08, 9.70138902545e-09, 1.4591727826e-09, 1.60784596748e-09, 4.67013649974e-10, 8.47475145616e-11],
        "skew": [2.19357252121, 1.72451806068, 2.00412607193, 1.88488721848, 1.53595113754, 1.36665630341, 1.8075709343, 1.02145195007, 1.68147432804, 1.42355811596, 2.30740785599, 0.666755259037, 1.24151325226, 1.12506222725, 0.886199712753, 0.676769673824, 0.740545630455, 0.643906772137, 0.666842699051, 0.497049659491, 0.503786981106, 0.527866065502, 0.605508804321, 0.933728277683, 0.342301636934, 0.903494179249, 1.94063425064],
        "cov": [[1.04307979823e-17, 8.48998460739e-17, -2.38701296075e-16, -1.74266716271e-15, 1.20497592481e-13, -1.32831249391e-14, 5.42750718162e-15, -2.7273997151e-15, -4.7700951804e-14, -2.00124391749e-14, 1.67802698684e-14, 2.25564928064e-13, -1.08837042162e-14, 3.88357787701e-15, -5.72599778058e-16, 2.60624146567e-17, -9.83914636201e-16, -1.10624154626e-15, 1.7049960606e-16, -3.61975162495e-16, -4.3616982237e-16, -1.6369343494e-17, -4.09085613009e-17, 4.7004724424e-18, -1.70988499994e-18, 1.09164051336e-20, -8.49323526693e-21], [8.48998460739e-17, 1.30895497891e-13, 5.65230154348e-13, 1.34267610593e-13, -1.80815137168e-11, -2.94250626469e-12, -4.33966534583e-12, 3.82740410546e-12, -4.980028976e-13, -2.44873067136e-12, -7.00855009878e-13, -6.42017081859e-12, -3.93959908099e-12, 7.03672146593e-13, 2.08411060762e-13, -2.71725513184e-13, -8.24242136674e-14, -3.98276274157e-13, 3.03440608686e-14, 2.74042195728e-14, 4.59328315129e-14, -5.24557805707e-15, -2.38191551647e-15, 1.72944434313e-16, -6.99456051215e-17, -2.38229691456e-18, 4.97842498055e-18], [-2.38701296075e-16, 5.65230154348e-13, 4.11042345994e-11, 3.11565981348e-11, 2.52858040062e-10, 1.23598544594e-11, -1.70790569187e-11, 5.09841169283e-10, 1.38223573212e-11, -6.77251007011e-12, 1.55675223146e-12, 7.07825797974e-10, 2.92982096917e-11, 1.64136401953e-12, -8.38840542167e-12, -2.3944174009e-13, -1.31741405979e-12, -1.02190669121e-11, -2.82425298426e-12, -1.36920889123e-12, 4.35057697333e-13, 1.60517351364e-13, -2.35112332774e-15, 3.31712438177e-15, 1.4973699152e-15, -2.28791721967e-17, 2.326700079e-17], [-1.74266716271e-15, 1.34267610593e-13, 3.11565981348e-11, 2.30072003116e-10, 5.83783188457e-10, -3.65058851204e-11, 7.98359434118e-11, 9.60608592671e-10, 1.21088097882e-10, 1.6160095484e-10, -3.54827556226e-11, -1.74450465185e-09, -7.17293932584e-11, -1.81011152248e-12, -3.52703456719e-11, 1.462219755e-11, 1.66992873522e-12, -2.0322254296e-11, 3.4875641871e-12, -1.69297540396e-12, 2.73729086273e-12, 4.77417150951e-13, 9.42653886806e-14, 1.79870563431e-14, 1.23574619233e-14, -2.46178717644e-16, -9.79712320461e-17], [1.20497592481e-13, -1.80815137168e-11, 2.52858040062e-10, 5.83783188457e-10, 1.03906484128e-06, 3.20602602244e-08, 3.04998887257e-10, 7.15135684004e-08, 9.56202583779e-09, 6.3089711233e-09, 8.31686441938e-10, 1.08197859561e-07, 6.12270101286e-09, 1.00789765423e-09, 2.33343033784e-09, 1.21454091229e-09, 4.04411421018e-10, 4.93090679399e-10, 6.40999309187e-10, 3.74953429416e-10, 1.68686297569e-11, 2.13034746094e-11, 2.99297587582e-13, 2.52854313008e-12, -1.12636625287e-12, -2.43469778165e-14, -3.41050150564e-15], [-1.32831249391e-14, -2.94250626469e-12, 1.23598544594e-11, -3.65058851204e-11, 3.20602602244e-08, 2.71419899889e-08, 6.61456223128e-10, 1.25408816665e-09, 9.21081322325e-10, -4.14556033945e-09, -3.84600296055e-10, -1.09529638692e-08, 6.93625379355e-10, 2.8995977841e-10, 2.34072705663e-10, 7.81338466149e-11, -7.38361732866e-11, -6.06170044715e-11, 9.73160510509e-11, 3.81797336801e-11, -3.43142072916e-13, 1.42217661259e-12, 1.0477078596e-13, 1.8498180418e-13, -1.45829190195e-13, -9.12989179396e-16, -1.57680879428e-15], [5.42750718162e-15, -4.33966534583e-12, -1.70790569187e-11, 7.98359434118e-11, 3.04998887257e-10, 6.61456223128e-10, 6.64945716267e-08, 1.70081264628e-08, -2.17162465788e-09, -3.15469456114e-10, -4.08238070085e-12, 1.80655082005e-08, 1.59395596722e-09, -1.79926060162e-10, -7.0240806227e-11, -7.07292080807e-12, 5.53226908728e-11, 2.81564022098e-10, -1.10940430453e-10, 6.52274484425e-11, -9.46277518149e-12, 2.00923522611e-12, -3.6791235206e-13, 4.75271914652e-14, 2.10352135016e-13, 3.72136640893e-15, 3.07478020875e-15], [-2.7273997151e-15, 3.82740410546e-12, 5.09841169283e-10, 9.60608592671e-10, 7.15135684004e-08, 1.25408816665e-09, 1.70081264628e-08, 3.07687560053e-06, 8.87609807876e-09, -2.83183858585e-08, 2.12316031423e-09, 3.77603413426e-07, 5.35683675196e-09, -9.82410153227e-10, -8.24195989235e-10, 1.82565007556e-09, 5.4058640897e-10, -1.92650029263e-09, -1.64354674315e-09, -4.9087411913e-10, -1.38340477962e-10, 1.56288252739e-12, 5.0962780003e-12, -3.3653759033e-12, 2.07606132806e-12, 9.07115501421e-14, 5.8297408513e-14], [-4.7700951804e-14, -4.980028976e-13, 1.38223573212e-11, 1.21088097882e-10, 9.56202583779e-09, 9.21081322325e-10, -2.17162465788e-09, 8.87609807876e-09, 5.36676054708e-08, -5.97566995886e-11, -7.73199448911e-10, -1.20845093932e-08, -1.196980709e-10, 1.58244320425e-10, 1.82100376445e-10, -1.86119800127e-11, 1.6896388802e-11, -1.23358415496e-11, 2.95103247394e-10, 2.56436677448e-11, 4.07625842802e-11, -2.43847585353e-12, 5.94616207401e-13, -1.66908682513e-13, -1.5337762256e-13, 1.18684086047e-16, 2.3467776252e-15], [-2.00124391749e-14, -2.44873067136e-12, -6.77251007011e-12, 1.6160095484e-10, 6.3089711233e-09, -4.14556033945e-09, -3.15469456114e-10, -2.83183858585e-08, -5.97566995886e-11, 1.70332683069e-07, 1.99852867588e-09, 4.84037165904e-08, 2.31942287598e-09, 5.70268610112e-10, -3.40705713642e-10, -4.72371808335e-10, 3.20663079423e-10, 3.24964138931e-10, -3.26455112942e-11, -1.93257701508e-11, 9.85806149711e-14, 2.89429157724e-12, 9.34969549699e-13, 4.05547381159e-14, 9.32824171097e-14, -1.23317180509e-14, -6.33908403945e-15], [1.67802698684e-14, -7.00855009878e-13, 1.55675223146e-12, -3.54827556226e-11, 8.31686441938e-10, -3.84600296055e-10, -4.08238070085e-12, 2.12316031423e-09, -7.73199448911e-10, 1.99852867588e-09, 5.04639130483e-09, 8.41403124952e-09, -5.55829895998e-11, 6.30639915289e-11, 7.38461930494e-11, -6.60516710771e-11, -2.48835518163e-11, 1.82104314267e-11, 6.07149192033e-11, -2.78717743329e-11, 1.39139810784e-11, -1.34869329246e-12, -5.32444097492e-13, -8.56924767419e-15, -1.35584796801e-15, 1.18242019552e-15, -2.62089702163e-16], [2.25564928064e-13, -6.42017081859e-12, 7.07825797974e-10, -1.74450465185e-09, 1.08197859561e-07, -1.09529638692e-08, 1.80655082005e-08, 3.77603413426e-07, -1.20845093932e-08, 4.84037165904e-08, 8.41403124952e-09, 4.37222843175e-06, 2.42622544278e-08, 2.17196885477e-10, 1.73156911032e-09, 4.44899628249e-09, 4.83166839871e-10, -6.4428701263e-10, -1.74944358999e-09, 6.79187928121e-10, 9.54181247903e-11, 3.07235313579e-11, -1.10200173639e-11, 1.18984021854e-12, 2.22551225495e-13, 1.5104573408e-13, 1.21251140096e-13], [-1.08837042162e-14, -3.93959908099e-12, 2.92982096917e-11, -7.17293932584e-11, 6.12270101286e-09, 6.93625379355e-10, 1.59395596722e-09, 5.35683675196e-09, -1.196980709e-10, 2.31942287598e-09, -5.55829895998e-11, 2.42622544278e-08, 2.39176074501e-08, 7.54436860206e-11, 4.15884965355e-10, -6.37472626769e-12, -4.71443023509e-11, 5.99757188358e-11, -4.31463927086e-11, -3.89941507903e-12, 6.41195039772e-12, -8.45535794158e-12, 7.52255029102e-13, -1.92995684538e-13, -5.76315186437e-14, 6.83059227127e-15, 5.19727219161e-15], [3.88357787701e-15, 7.03672146593e-13, 1.64136401953e-12, -1.81011152248e-12, 1.00789765423e-09, 2.8995977841e-10, -1.79926060162e-10, -9.82410153227e-10, 1.58244320425e-10, 5.70268610112e-10, 6.30639915289e-11, 2.17196885477e-10, 7.54436860206e-11, 1.04912822874e-09, 6.1871639756e-11, 3.06766569612e-12, 4.26472182222e-12, -7.17961757754e-12, 4.22038966275e-12, 5.41450348099e-12, 9.09063622989e-13, 2.76520424397e-13, 4.46550213256e-14, 3.30457842622e-14, 3.08697396801e-14, -1.23979577215e-16, 4.78263283503e-16], [-5.72599778058e-16, 2.08411060762e-13, -8.38840542167e-12, -3.52703456719e-11, 2.33343033784e-09, 2.34072705663e-10, -7.0240806227e-11, -8.24195989235e-10, 1.82100376445e-10, -3.40705713642e-10, 7.38461930494e-11, 1.73156911032e-09, 4.15884965355e-10, 6.1871639756e-11, 9.77994241147e-10, 2.2854197701e-11, 2.79791936147e-11, -3.715329433e-11, 2.44115838655e-11, 6.00007587018e-12, 3.86319970425e-14, 7.70957950258e-13, 2.45261954192e-13, 4.78014065234e-14, 2.25974024649e-14, 6.17978138839e-16, 7.87445767602e-16], [2.60624146567e-17, -2.71725513184e-13, -2.3944174009e-13, 1.462219755e-11, 1.21454091229e-09, 7.81338466149e-11, -7.07292080807e-12, 1.82565007556e-09, -1.86119800127e-11, -4.72371808335e-10, -6.60516710771e-11, 4.44899628249e-09, -6.37472626769e-12, 3.06766569612e-12, 2.2854197701e-11, 9.94101467811e-10, 3.6013594884e-11, 1.42493733826e-11, 3.14000839219e-11, 2.20965884479e-11, 4.3775230836e-12, 1.94026674068e-12, 1.45160671135e-13, 1.02208768792e-13, 2.01541291522e-14, 1.53842507276e-15, 1.02356022506e-15], [-9.83914636201e-16, -8.24242136674e-14, -1.31741405979e-12, 1.66992873522e-12, 4.04411421018e-10, -7.38361732866e-11, 5.53226908728e-11, 5.4058640897e-10, 1.6896388802e-11, 3.20663079423e-10, -2.48835518163e-11, 4.83166839871e-10, -4.71443023509e-11, 4.26472182222e-12, 2.79791936147e-11, 3.6013594884e-11, 7.89250720334e-10, 2.31815452251e-11, 2.85993624616e-11, 7.15456860423e-12, 7.76052507846e-13, 1.71063345238e-13, 9.45820705827e-14, -3.10884774684e-14, 1.90310583319e-14, 7.51664290113e-16, -9.26805319087e-17], [-1.10624154626e-15, -3.98276274157e-13, -1.02190669121e-11, -2.0322254296e-11, 4.93090679399e-10, -6.06170044715e-11, 2.81564022098e-10, -1.92650029263e-09, -1.23358415496e-11, 3.24964138931e-10, 1.82104314267e-11, -6.4428701263e-10, 5.99757188358e-11, -7.17961757754e-12, -3.715329433e-11, 1.42493733826e-11, 2.31815452251e-11, 6.20279494434e-10, 1.63567440842e-11, 2.09660136474e-11, 5.85280782173e-12, 8.87481223493e-13, 4.31094741881e-14, 1.18767986778e-14, 3.04849360002e-14, 8.59110895928e-16, 1.36661116273e-16], [1.7049960606e-16, 3.03440608686e-14, -2.82425298426e-12, 3.4875641871e-12, 6.40999309187e-10, 9.73160510509e-11, -1.10940430453e-10, -1.64354674315e-09, 2.95103247394e-10, -3.26455112942e-11, 6.07149192033e-11, -1.74944358999e-09, -4.31463927086e-11, 4.22038966275e-12, 2.44115838655e-11, 3.14000839219e-11, 2.85993624616e-11, 1.63567440842e-11, 2.4399315901e-10, 9.24689751852e-12, -1.04391809867e-13, 1.96445385458e-13, 2.5440768402e-14, 1.7990242881e-14, 5.90540486452e-15, 3.87622843682e-16, 2.18340265149e-16], [-3.61975162495e-16, 2.74042195728e-14, -1.36920889123e-12, -1.69297540396e-12, 3.74953429416e-10, 3.81797336801e-11, 6.52274484425e-11, -4.9087411913e-10, 2.56436677448e-11, -1.93257701508e-11, -2.78717743329e-11, 6.79187928121e-10, -3.89941507903e-12, 5.41450348099e-12, 6.00007587018e-12, 2.20965884479e-11, 7.15456860423e-12, 2.09660136474e-11, 9.24689751852e-12, 7.03530150803e-11, 1.46728061558e-12, 4.82840113378e-13, 3.58225751037e-14, 1.00921570092e-14, 1.04768886912e-14, 2.19083698688e-17, -1.23124232757e-16], [-4.3616982237e-16, 4.59328315129e-14, 4.35057697333e-13, 2.73729086273e-12, 1.68686297569e-11, -3.43142072916e-13, -9.46277518149e-12, -1.38340477962e-10, 4.07625842802e-11, 9.85806149711e-14, 1.39139810784e-11, 9.54181247903e-11, 6.41195039772e-12, 9.09063622989e-13, 3.86319970425e-14, 4.3775230836e-12, 7.76052507846e-13, 5.85280782173e-12, -1.04391809867e-13, 1.46728061558e-12, 9.16102610438e-12, 8.53793557663e-14, 2.39383501704e-16, 3.83428055948e-15, 3.94239457432e-15, -1.27467738301e-17, -3.35869507799e-17], [-1.6369343494e-17, -5.24557805707e-15, 1.60517351364e-13, 4.77417150951e-13, 2.13034746094e-11, 1.42217661259e-12, 2.00923522611e-12, 1.56288252739e-12, -2.43847585353e-12, 2.89429157724e-12, -1.34869329246e-12, 3.07235313579e-11, -8.45535794158e-12, 2.76520424397e-13, 7.70957950258e-13, 1.94026674068e-12, 1.71063345238e-13, 8.87481223493e-13, 1.96445385458e-13, 4.82840113378e-13, 8.53793557663e-14, 5.90135037191e-13, 8.26512472964e-15, 2.25396377825e-15, 6.66957660195e-16, 7.95442364534e-19, -2.90626041151e-18], [-4.09085613009e-17, -2.38191551647e-15, -2.35112332774e-15, 9.42653886806e-14, 2.99297587582e-13, 1.0477078596e-13, -3.6791235206e-13, 5.0962780003e-12, 5.94616207401e-13, 9.34969549699e-13, -5.32444097492e-13, -1.10200173639e-11, 7.52255029102e-13, 4.46550213256e-14, 2.45261954192e-13, 1.45160671135e-13, 9.45820705827e-14, 4.31094741881e-14, 2.5440768402e-14, 3.58225751037e-14, 2.39383501704e-16, 8.26512472964e-15, 1.5097982814e-14, 3.26776496614e-16, 1.71402887289e-16, 1.84946004438e-18, 6.97607474186e-19], [4.7004724424e-18, 1.72944434313e-16, 3.31712438177e-15, 1.79870563431e-14, 2.52854313008e-12, 1.8498180418e-13, 4.75271914652e-14, -3.3653759033e-12, -1.66908682513e-13, 4.05547381159e-14, -8.56924767419e-15, 1.18984021854e-12, -1.92995684538e-13, 3.30457842622e-14, 4.78014065234e-14, 1.02208768792e-13, -3.10884774684e-14, 1.18767986778e-14, 1.7990242881e-14, 1.00921570092e-14, 3.83428055948e-15, 2.25396377825e-15, 3.26776496614e-16, 1.68110967855e-15, -2.58288800631e-18, 1.48644459473e-18, 5.14139124515e-19], [-1.70988499994e-18, -6.99456051215e-17, 1.4973699152e-15, 1.23574619233e-14, -1.12636625287e-12, -1.45829190195e-13, 2.10352135016e-13, 2.07606132806e-12, -1.5337762256e-13, 9.32824171097e-14, -1.35584796801e-15, 2.22551225495e-13, -5.76315186437e-14, 3.08697396801e-14, 2.25974024649e-14, 2.01541291522e-14, 1.90310583319e-14, 3.04849360002e-14, 5.90540486452e-15, 1.04768886912e-14, 3.94239457432e-15, 6.66957660195e-16, 1.71402887289e-16, -2.58288800631e-18, 4.18521467398e-16, 1.34405093235e-18, 4.56193985232e-19], [1.09164051336e-20, -2.38229691456e-18, -2.28791721967e-17, -2.46178717644e-16, -2.43469778165e-14, -9.12989179396e-16, 3.72136640893e-15, 9.07115501421e-14, 1.18684086047e-16, -1.23317180509e-14, 1.18242019552e-15, 1.5104573408e-13, 6.83059227127e-15, -1.23979577215e-16, 6.17978138839e-16, 1.53842507276e-15, 7.51664290113e-16, 8.59110895928e-16, 3.87622843682e-16, 2.19083698688e-17, -1.27467738301e-17, 7.95442364534e-19, 1.84946004438e-18, 1.48644459473e-18, 1.34405093235e-18, 3.61619323872e-19, 1.38857775454e-19], [-8.49323526693e-21, 4.97842498055e-18, 2.326700079e-17, -9.79712320461e-17, -3.41050150564e-15, -1.57680879428e-15, 3.07478020875e-15, 5.8297408513e-14, 2.3467776252e-15, -6.33908403945e-15, -2.62089702163e-16, 1.21251140096e-13, 5.19727219161e-15, 4.78263283503e-16, 7.87445767602e-16, 1.02356022506e-15, -9.26805319087e-17, 1.36661116273e-16, 2.18340265149e-16, -1.23124232757e-16, -3.35869507799e-17, -2.90626041151e-18, 6.97607474186e-19, 5.14139124515e-19, 4.56193985232e-19, 1.38857775454e-19, 1.57578436604e-19]]
    },
    "mfcc": {
        "kurt": [305.110687256, 0.902924060822, 5.45017337799, 0.420736312866, 0.466045379639, 0.133155345917, -0.116433858871, 0.228963136673, 0.0854115486145, -0.14789223671, -0.122620820999, -0.19568157196, -0.112773418427],
        "max": [-712.254150391, 188.928100586, -28.3559684753, 21.7363548279, -23.1715812683, -10.4770851135, 2.46798324585, 3.49605560303, 1.36085891724, -8.57856369019, 3.31541061401, 7.36533355713, 9.05423355103],
        "mean": [-729.77734375, 168.621185303, -81.2940750122, 1.24445819855, -50.4813537598, -26.9317569733, -13.7367515564, -16.9486904144, -17.6399726868, -25.4037895203, -14.7478485107, -10.7152299881, -5.06094932556],
        "median": [-729.571166992, 168.468597412, -81.2250823975, 1.30535507202, -50.5653076172, -27.0031929016, -13.8240699768, -17.0236282349, -17.6270961761, -25.3126487732, -14.8079566956, -10.6304855347, -4.80074691772],
        "min": [-950.328613281, 130.838195801, -103.739204407, -28.8847732544, -69.6736526489, -44.7699928284, -32.0899810791, -33.4602432251, -35.4594116211, -42.2770309448, -32.6952896118, -27.2104949951, -28.4572563171],
        "skew": [-13.0957736969, -0.236663475633, 0.552739083767, -0.0235538817942, 0.0644764900208, 0.0409049540758, -0.0414339713752, -0.0231763273478, 0.0254672765732, -0.0283814352006, 0.00634635798633, -0.0410947278142, -0.156391918659],
        "cov": [[88.2916946411, 35.11170578, -5.88182353973, 3.33990001678, -9.06933784485, 2.38449048996, 4.39992809296, 2.08859491348, -0.606608688831, -7.15098333359, -4.37212610245, -0.0279359389096, 2.59835934639], [35.11170578, 42.5071105957, 14.6849956512, 1.16269099712, -3.66079092026, 2.25656962395, 4.12376642227, 1.97344601154, 0.544089794159, -1.46798312664, 0.211730897427, 3.08911418915, 2.44137525558], [-5.88182353973, 14.6849956512, 36.82654953, 17.3519115448, 8.42657089233, 0.162731513381, -2.84077453613, -1.74644815922, 2.90887093544, 5.34627056122, 2.46709394455, -1.01808071136, -4.72368526459], [3.33990001678, 1.16269099712, 17.3519115448, 38.9039115906, 18.2008419037, 2.2767932415, -4.83965396881, -2.94181346893, 3.1484041214, 5.23815870285, 1.34377086163, -5.53995609283, -8.31982707977], [-9.06933784485, -3.66079092026, 8.42657089233, 18.2008419037, 31.04545784, 13.5968389511, 2.31147170067, -1.59761464596, 0.0776982679963, 2.18405461311, -0.991867125034, -3.08041787148, -4.46443033218], [2.38449048996, 2.25656962395, 0.162731513381, 2.2767932415, 13.5968389511, 31.5620727539, 18.2467250824, 5.23157548904, 0.807805418968, -2.49524068832, -4.13123703003, -0.280192255974, 2.26933908463], [4.39992809296, 4.12376642227, -2.84077453613, -4.83965396881, 2.31147170067, 18.2467250824, 35.1042518616, 17.0985546112, 2.99073553085, -4.56809282303, -5.25041675568, 1.87591362, 4.95514011383], [2.08859491348, 1.97344601154, -1.74644815922, -2.94181346893, -1.59761464596, 5.23157548904, 17.0985546112, 28.319360733, 13.4120149612, 1.21909058094, -0.614348709583, 2.43984603882, 3.79948663712], [-0.606608688831, 0.544089794159, 2.90887093544, 3.1484041214, 0.0776982679963, 0.807805418968, 2.99073553085, 13.4120149612, 27.7130718231, 16.1988277435, 7.3061747551, 3.91449666023, 1.7982647419], [-7.15098333359, -1.46798312664, 5.34627056122, 5.23815870285, 2.18405461311, -2.49524068832, -4.56809282303, 1.21909058094, 16.1988277435, 31.9459285736, 18.4966335297, 5.55401754379, -0.222685411572], [-4.37212610245, 0.211730897427, 2.46709394455, 1.34377086163, -0.991867125034, -4.13123703003, -5.25041675568, -0.614348709583, 7.3061747551, 18.4966335297, 29.7479896545, 15.4493227005, 4.09748697281], [-0.0279359389096, 3.08911418915, -1.01808071136, -5.53995609283, -3.08041787148, -0.280192255974, 1.87591362, 2.43984603882, 3.91449666023, 5.55401754379, 15.4493227005, 30.0554332733, 17.0754566193], [2.59835934639, 2.44137525558, -4.72368526459, -8.31982707977, -4.46443033218, 2.26933908463, 4.95514011383, 3.79948663712, 1.7982647419, -0.222685411572, 4.09748697281, 17.0754566193, 30.205411911]]
    },
    "sccoeffs": {
        "kurt": [0.0912661552429, -0.358002185822, -0.265602827072, -0.119780063629, 0.0226080417633, 0.047714471817],
        "max": [-0.268596291542, -0.538920819759, -0.53108215332, -0.712205708027, -0.768748164177, -0.744682371616],
        "mean": [-0.433251768351, -0.70595407486, -0.684840917587, -0.806340456009, -0.816496312618, -0.777091383934],
        "median": [-0.432086378336, -0.706310510635, -0.68221539259, -0.807207107544, -0.816877007484, -0.777116417885],
        "min": [-0.700057685375, -0.897606551647, -0.846013486385, -0.885365307331, -0.859729170799, -0.818893313408],
        "skew": [-0.229925706983, 0.0308812689036, -0.229742854834, 0.182954326272, 0.0324603542686, 0.00275659747422],
        "cov": [[0.00365309766494, 4.77134417451e-05, -7.33549313736e-05, 5.92658107053e-05, 6.99303127476e-05, 2.27774671657e-05], [4.77134417451e-05, 0.00353737175465, 6.1885388277e-05, 5.10873542225e-05, 4.78666661365e-05, -2.44424045377e-05], [-7.33549313736e-05, 6.1885388277e-05, 0.00271740159951, 6.47499837214e-05, 2.59114531218e-05, 1.75122040673e-05], [5.92658107053e-05, 5.10873542225e-05, 6.47499837214e-05, 0.000709069077857, 1.993017122e-06, 1.24884363686e-05], [6.99303127476e-05, 4.78666661365e-05, 2.59114531218e-05, 1.993017122e-06, 0.000229140496231, 3.25138094226e-09], [2.27774671657e-05, -2.44424045377e-05, 1.75122040673e-05, 1.24884363686e-05, 3.25138094226e-09, 9.89764739643e-05]]
    },
    "scvalleys": {
        "kurt": [0.652290582657, 2.49071264267, 8.93095016479, 11.569943428, 109.506393433, 214.662384033],
        "max": [-7.70223236084, -4.8499212265, -5.28919029236, -6.20625209808, -7.20429182053, -10.4134902954],
        "mean": [-8.64742660522, -5.66502523422, -5.97423887253, -6.74586057663, -7.51159191132, -10.624461174],
        "median": [-8.6111125946, -5.64041948318, -5.9608874321, -6.73868465424, -7.5069065094, -10.6187057495],
        "min": [-10.4166889191, -7.74353408813, -8.34759235382, -8.69773864746, -10.0496873856, -12.8630418777],
        "skew": [-0.53069382906, -0.610367715359, -1.15414583683, -1.22727692127, -6.13482284546, -10.1020793915],
        "cov": [[0.154545530677, 0.00252165086567, 0.00392162194476, 0.00510656507686, 0.00696873385459, 0.00322145526297], [0.00252165086567, 0.0841952934861, -0.00151245598681, 0.00571813387796, 0.00491998437792, 0.00431611295789], [0.00392162194476, -0.00151245598681, 0.0582552365959, 0.00410479772836, 0.00612883735448, 0.00616073422134], [0.00510656507686, 0.00571813387796, 0.00410479772836, 0.0347540676594, 0.00497529795393, 0.00455419532955], [0.00696873385459, 0.00491998437792, 0.00612883735448, 0.00497529795393, 0.0194510724396, 0.00627272156999], [0.00322145526297, 0.00431611295789, 0.00616073422134, 0.00455419532955, 0.00627272156999, 0.0108334328979]]
    }
},
"rhythm": {
    "beats_loudness": {
        "kurt": 0.917880773544,
        "max": 0.0182806942612,
        "mean": 0.00925184320658,
        "median": 0.00833346508443,
        "min": 0.00483486335725,
        "skew": 1.19967973232
    },
    "bpm": 95.6015396118,
    "confidence": 0.536383986473,
    "first_peak_bpm": {
        "kurt": 0,
        "max": 96,
        "mean": 96,
        "median": 96,
        "min": 96,
        "skew": 0
    },
    "first_peak_spread": {
        "kurt": 0,
        "max": 0.590909123421,
        "mean": 0.590909123421,
        "median": 0.590909123421,
        "min": 0.590909123421,
        "skew": 0
    },
    "first_peak_weight": {
        "kurt": 0,
        "max": 0.22499999404,
        "mean": 0.22499999404,
        "median": 0.22499999404,
        "min": 0.22499999404,
        "skew": 0
    },
    "onset_rate": 0.0436047837138,
    "second_peak_bpm": {
        "kurt": 0,
        "max": 112,
        "mean": 112,
        "median": 112,
        "min": 112,
        "skew": 0
    },
    "second_peak_spread": {
        "kurt": 0,
        "max": 0.33333337307,
        "mean": 0.33333337307,
        "median": 0.33333337307,
        "min": 0.33333337307,
        "skew": 0
    },
    "second_peak_weight": {
        "kurt": 0,
        "max": 0.10000000149,
        "mean": 0.10000000149,
        "median": 0.10000000149,
        "min": 0.10000000149,
        "skew": 0
    },
    "beats_loudness_band_ratio": {
        "kurt": [1.41136789322, 2.57787752151, -0.754434108734, -1.10312402248, -0.390455007553, 0.251283884048],
        "max": [0.0295824166387, 0.531566977501, 0.628912210464, 0.715820789337, 0.0744633078575, 0.0222390647978],
        "mean": [0.00887459050864, 0.166361048818, 0.360692024231, 0.443641424179, 0.0416268184781, 0.0112370438874],
        "median": [0.00636754650623, 0.150010734797, 0.362806081772, 0.437930285931, 0.0412030033767, 0.010517925024],
        "min": [0.00118236523122, 0.0344444289804, 0.131256088614, 0.215888693929, 0.017140513286, 0.0050920592621],
        "skew": [1.46921288967, 1.22879695892, 0.0944161489606, 0.146210998297, 0.248520866036, 0.776271343231],
        "cov": [[5.47500203538e-05, 0.000150186213432, 0.000267131748842, -0.000410880049458, 1.92816860363e-05, 1.18964317153e-05], [0.000150186213432, 0.00980812869966, -0.00199374044314, -0.00778324157, 9.75517032202e-05, 9.73456990323e-05], [0.000267131748842, -0.00199374044314, 0.016945656389, -0.0146737340838, 0.000192694584257, 8.04224982858e-05], [-0.000410880049458, -0.00778324157, -0.0146737340838, 0.0223578102887, -0.000424809986725, -0.000204762938665], [1.92816860363e-05, 9.75517032202e-05, 0.000192694584257, -0.000424809986725, 0.000191943036043, 4.14426976931e-05], [1.18964317153e-05, 9.73456990323e-05, 8.04224982858e-05, -0.000204762938665, 4.14426976931e-05, 1.41475102282e-05]]
    },
    "beats_position": [0.417959183455, 0.859138309956, 1.26548755169, 1.67183673382, 2.08979582787, 2.49614500999, 2.87927436829, 3.34367346764, 3.78485250473, 4.20281171799, 4.59755086899, 5.02712011337, 5.45668935776, 5.99074840546, 6.52480697632, 7.05886602402, 7.59292507172, 8.13859367371, 8.66104316711, 9.287981987, 9.93814086914, 10.5882987976, 11.1920175552, 11.8189563751, 12.4691152573, 13.0960540771, 13.722992897, 14.3499317169, 15.0000905991, 15.6270294189, 16.2655773163, 16.904127121, 17.5310649872, 18.1347846985, 18.7385025024, 19.3422222137, 19.96916008, 20.5960998535, 21.2114276886, 21.826757431, 22.4769153595],
    "bpm_estimates": [95.7031173706, 92.2851333618, 92.2852706909, 99.3840255737, 95.7031173706, 92.2851333618, 95.7031173706, 95.7031173706, 95.7031173706, 92.2851333618, 95.7031173706, 93.9631958008, 93.9629135132, 95.7032623291, 99.3838653564, 99.3841781616, 99.3838653564, 95.7032623291, 95.7029724121, 97.5089950562, 97.5086975098, 92.2852706909],
    "bpm_intervals": [0.441179126501, 0.406349241734, 0.406349182129, 0.417959094048, 0.406349182129, 0.383129358292, 0.46439909935, 0.441179037094, 0.417959213257, 0.394739151001, 0.429569244385, 0.429569244385, 0.534059047699, 0.534058570862, 0.534059047699, 0.534059047699, 0.54566860199, 0.522449493408, 0.626938819885, 0.650158882141, 0.650157928467, 0.603718757629, 0.626938819885, 0.650158882141, 0.626938819885, 0.626938819885, 0.626938819885, 0.650158882141, 0.626938819885, 0.638547897339, 0.638549804688, 0.626937866211, 0.603719711304, 0.603717803955, 0.603719711304, 0.626937866211, 0.62693977356, 0.615327835083, 0.615329742432, 0.650157928467],
    "onset_times": [0.0116099771112],
    "histogram": [[0, 0, 0, 0, 0, 0, 0, 0, 0, 0, 0, 0, 0, 0, 0, 0, 0, 0, 0, 0, 0, 0, 0, 0, 0, 0, 0, 0, 0, 0, 0, 0, 0, 0, 0, 0, 0, 0, 0, 0, 0, 0, 0, 0, 0, 0, 0, 0, 0, 0, 0, 0, 0, 0, 0, 0, 0, 0, 0, 0, 0, 0, 0, 0, 0, 0, 0, 0, 0, 0, 0, 0, 0, 0, 0, 0, 0, 0, 0, 0, 0, 0, 0, 0, 0, 0, 0, 0, 0, 0, 0, 0, 0.125, 0, 0.0500000007451, 0, 0.22499999404, 0, 0.0500000007451, 0.10000000149, 0, 0, 0, 0, 0, 0, 0, 0, 0, 0, 0.0250000003725, 0, 0.10000000149, 0, 0, 0.0250000003725, 0, 0, 0, 0, 0, 0, 0, 0, 0, 0, 0, 0, 0, 0.0250000003725, 0, 0, 0, 0, 0, 0, 0.0500000007451, 0, 0, 0, 0.0500000007451, 0, 0, 0, 0.0500000007451, 0, 0, 0, 0.0750000029802, 0, 0, 0, 0.0250000003725, 0, 0, 0, 0, 0.0250000003725, 0, 0, 0, 0, 0, 0, 0, 0, 0, 0, 0, 0, 0, 0, 0, 0, 0, 0, 0, 0, 0, 0, 0, 0, 0, 0, 0, 0, 0, 0, 0, 0, 0, 0, 0, 0, 0, 0, 0, 0, 0, 0, 0, 0, 0, 0, 0, 0, 0, 0, 0, 0, 0, 0, 0, 0, 0, 0, 0, 0, 0, 0, 0, 0, 0, 0, 0, 0, 0, 0, 0, 0, 0, 0, 0, 0, 0, 0, 0, 0, 0, 0, 0, 0, 0, 0, 0, 0, 0, 0, 0, 0]]
},
"sfx": {
    "inharmonicity": {
        "kurt": -0.954123735428,
        "max": 0.428306400776,
        "mean": 0.147470697761,
        "median": 0.132918223739,
        "min": 0.00167439656798,
        "skew": 0.408658057451
    },
    "oddtoevenharmonicenergyratio": {
        "kurt": 5.81621074677,
        "max": 20.0671138763,
        "mean": 3.48751783371,
        "median": 2.81784749031,
        "min": 0.092529848218,
        "skew": 1.98100185394
    },
    "pitch_after_max_to_before_max_energy_ratio": 1.17522323132,
    "pitch_centroid": 494.334350586,
    "pitch_max_to_total": 0.460060656071,
    "pitch_min_to_total": 0.0637007057667,
    "tristimulus": {
        "kurt": [1.09061861038, 2.15698432922, 10.958480835],
        "max": [0.493819177151, 0.78345400095, 0.815723657608],
        "mean": [0.158303648233, 0.58725976944, 0.254436135292],
        "median": [0.156961962581, 0.5988894701, 0.23807194829],
        "min": [0, 0.163786441088, 0.0381400324404],
        "skew": [0.266527682543, -1.08251368999, 2.86887693405],
        "cov": [[0.0046440185979, -0.00203790306114, -0.00260612042621], [-0.00203790306114, 0.00837928149849, -0.00634137587622], [-0.00260612042621, -0.00634137587622, 0.00894748978317]]
    }
},
"tonal": {
    "chords_changes_rate": 0.0868686884642,
    "chords_number_rate": 0.00808080844581,
    "chords_strength": {
        "kurt": -0.0767359733582,
        "max": 0.509871244431,
        "mean": 0.437049359083,
        "median": 0.435179114342,
        "min": 0.38375967741,
        "skew": 0.447326987982
    },
    "key_strength": 0.564742743969,
    "tuning_diatonic_strength": 0.408043861389,
    "tuning_equal_tempered_deviation": 0.191657289863,
    "tuning_frequency": 440.763122559,
    "tuning_nontempered_energy_ratio": 0.702388882637,
    "hpcp": {
        "kurt": [10.0178089142, 12.6504507065, 11.0245981216, 14.724811554, 54.7171363831, 22.2758274078, 14.1443004608, 13.7307243347, 7.78254032135, 7.43482303619, 0.380163431168, -1.19951784611, 7.73809051514, 0.832018375397, 11.9499511719, 19.9340133667, 8.76629829407, 5.22610664368, 10.2481908798, 7.54945850372, 9.45780181885, 6.87477588654, 14.1475467682, 10.9810094833, 8.20121860504, 8.7991361618, 13.7124671936, 7.31869029999, 7.68826389313, 12.8867921829, 5.18152618408, 4.99545431137, 7.53334140778, 7.88687515259, 7.35462665558, 11.9086761475],
        "max": [0.416142106056, 1, 1, 0.641977787018, 0.58296495676, 0.343888759613, 0.467796772718, 1, 1, 1, 1, 1, 1, 0.913919568062, 0.207425698638, 0.136302441359, 0.125238582492, 0.124733097851, 0.144742995501, 0.141580179334, 0.15873426199, 0.15366512537, 0.300531774759, 0.532281398773, 0.538010835648, 0.329996317625, 0.284733831882, 0.156939297915, 0.154145151377, 0.156987592578, 0.156547039747, 0.484533548355, 0.749624311924, 0.622940480709, 0.324476182461, 0.18826803565],
        "mean": [0.0532040372491, 0.117426201701, 0.123694173992, 0.0668586492538, 0.0339054502547, 0.0269814319909, 0.0442060753703, 0.0957897603512, 0.119178622961, 0.117404162884, 0.294835329056, 0.739071071148, 0.943252086639, 0.452609539032, 0.0272581875324, 0.0171122066677, 0.0186462253332, 0.0215630978346, 0.0236202590168, 0.0249489322305, 0.0245716460049, 0.0254015512764, 0.0373232923448, 0.0804166421294, 0.08753952384, 0.0507788397372, 0.0321970880032, 0.0259400028735, 0.0262216646224, 0.0206662453711, 0.0304166153073, 0.0983677431941, 0.132066860795, 0.0909324809909, 0.0436798334122, 0.0235488824546],
        "median": [0.0349566452205, 0.0746065378189, 0.0794055089355, 0.0417248494923, 0.0208626575768, 0.0158412046731, 0.0215508397669, 0.0401758216321, 0.0419130399823, 0.0726023390889, 0.2290007025, 0.718923866749, 1, 0.473651230335, 0.0198329035193, 0.0134587623179, 0.0141635276377, 0.016332436353, 0.0182443372905, 0.0183525048196, 0.0181486252695, 0.0180016309023, 0.0273350849748, 0.0614549703896, 0.0663257464767, 0.0373934656382, 0.0227004345506, 0.0186111927032, 0.0183551125228, 0.0150337098166, 0.0246008746326, 0.0797598510981, 0.106673724949, 0.0570429675281, 0.0270679183304, 0.0150895817205],
