{
"metadata": {
    "version": {
        "essentia": "2.1-beta3"
    }
},
"lowLevel": {
    "average_loudness": 0.984950125217,
    "barkbands_kurtosis": {
        "kurt": 2.68163108826,
        "max": 6.29235172272,
        "mean": 0.809864163399,
        "median": 0.552775621414,
        "min": -1.03958070278,
        "skew": 1.46467638016
    },
    "barkbands_skewness": {
        "kurt": -0.317644357681,
        "max": 2.34226846695,
        "mean": 0.782696545124,
        "median": 0.772485017776,
        "min": -0.533385872841,
        "skew": 0.118711329997
    },
    "barkbands_spread": {
        "kurt": -0.349236965179,
        "max": 17.8490390778,
        "mean": 10.9457559586,
        "median": 10.8688440323,
        "min": 5.15837430954,
        "skew": 0.16295106709
    },
    "dissonance": {
        "kurt": 1.1274228096,
        "max": 0.499999970198,
        "mean": 0.439842879772,
        "median": 0.443633317947,
        "min": 0.22154790163,
        "skew": -0.779383182526
    },
    "hfc": {
        "kurt": 0.434777021408,
        "max": 19.3715419769,
        "mean": 8.84323406219,
        "median": 8.53326416016,
        "min": 0.408823162317,
        "skew": 0.654474198818
    },
    "pitch": {
        "kurt": 38.1669654846,
        "max": 613.417419434,
        "mean": 275.58114624,
        "median": 274.871704102,
        "min": 92.3985977173,
        "skew": 4.29679059982
    },
    "pitch_instantaneous_confidence": {
        "kurt": 0.115910053253,
        "max": 0.810756385326,
        "mean": 0.588598489761,
        "median": 0.600588738918,
        "min": 0.230442047119,
        "skew": -0.62793892622
    },
    "pitch_salience": {
        "kurt": -0.523739099503,
        "max": 0.803376197815,
        "mean": 0.591441631317,
        "median": 0.58937638998,
        "min": 0.357975810766,
        "skew": 0.0498093664646
    },
    "silence_rate_20dB": {
        "kurt": 0,
        "max": 1,
        "mean": 1,
        "median": 1,
        "min": 1,
        "skew": 0
    },
    "silence_rate_30dB": {
        "kurt": 0,
        "max": 1,
        "mean": 1,
        "median": 1,
        "min": 1,
        "skew": 0
    },
    "silence_rate_60dB": {
        "kurt": 1477.90344238,
        "max": 1,
        "mean": 0.000674308859743,
        "median": 0,
        "min": 0,
        "skew": 38.4689025879
    },
    "spectral_centroid": {
        "kurt": -0.346651792526,
        "max": 1136.88366699,
        "mean": 789.687805176,
        "median": 787.497558594,
        "min": 489.059814453,
        "skew": 0.0578408129513
    },
    "spectral_complexity": {
        "kurt": 0.420021295547,
        "max": 20,
        "mean": 13.2980442047,
        "median": 13,
        "min": 3,
        "skew": 0.00628063548356
    },
    "spectral_crest": {
        "kurt": 0.157278060913,
        "max": 19.6135368347,
        "mean": 10.0612754822,
        "median": 9.82264232635,
        "min": 4.45656061172,
        "skew": 0.522821426392
    },
    "spectral_decrease": {
        "kurt": 0.357679128647,
        "max": -1.56609225588e-10,
        "mean": -2.80811907061e-09,
        "median": -2.72237254961e-09,
        "min": -6.64320110033e-09,
        "skew": -0.648802518845
    },
    "spectral_energy": {
        "kurt": 0.335264444351,
        "max": 0.0266845282167,
        "mean": 0.0114005981013,
        "median": 0.0110524231568,
        "min": 0.000628157518804,
        "skew": 0.636685550213
    },
    "spectral_energyband_high": {
        "kurt": 0.893501281738,
        "max": 8.9264853159e-05,
        "mean": 4.46956655651e-05,
        "median": 4.39096293121e-05,
        "min": 1.29307977659e-06,
        "skew": 0.465949892998
    },
    "spectral_energyband_low": {
        "kurt": 45.5708007812,
        "max": 0.000205803327844,
        "mean": 1.47773425851e-05,
        "median": 1.2108574083e-05,
        "min": 6.66363973778e-07,
        "skew": 4.27706575394
    },
    "spectral_energyband_middle_high": {
        "kurt": 0.567818641663,
        "max": 0.0122701115906,
        "mean": 0.00461575295776,
        "median": 0.00425242632627,
        "min": 0.000185182580026,
        "skew": 0.866222083569
    },
    "spectral_energyband_middle_low": {
        "kurt": 0.754607915878,
        "max": 0.0207041595131,
        "mean": 0.00682804267853,
        "median": 0.0063135381788,
        "min": 0.000443726108642,
        "skew": 0.88616424799
    },
    "spectral_flatness_db": {
        "kurt": -0.322204351425,
        "max": 0.284873604774,
        "mean": 0.232882559299,
        "median": 0.233169257641,
        "min": 0.180165439844,
        "skew": 0.0122210597619
    },
    "spectral_flux": {
        "kurt": 0.215010404587,
        "max": 0.112059354782,
        "mean": 0.0558626055717,
        "median": 0.0547272190452,
        "min": 0.0291883125901,
        "skew": 0.513312339783
    },
    "spectral_kurtosis": {
        "kurt": 2.30489349365,
        "max": 30.7350654602,
        "mean": 11.5735769272,
        "median": 11.0949010849,
        "min": 6.70966625214,
        "skew": 1.06147563457
    },
    "spectral_rms": {
        "kurt": 0.125912189484,
        "max": 0.00510232150555,
        "mean": 0.00329434103332,
        "median": 0.00328372535296,
        "min": 0.000782838847954,
        "skew": 0.174769461155
    },
    "spectral_rolloff": {
        "kurt": 11.9039306641,
        "max": 1959.52148438,
        "mean": 1119.98266602,
        "median": 1119.7265625,
        "min": 581.396484375,
        "skew": 0.522141158581
    },
    "spectral_skewness": {
        "kurt": 3.80898618698,
        "max": 4.6758108139,
        "mean": 2.59877467155,
        "median": 2.57070755959,
        "min": 2.05672359467,
        "skew": 0.950998425484
    },
    "spectral_spread": {
        "kurt": 6.5418844223,
        "max": 4458565,
        "mean": 2681127.25,
        "median": 2672475.5,
        "min": 2196125.75,
        "skew": 0.807446658611
    },
    "spectral_strongpeak": {
        "kurt": -0.522385597229,
        "max": 3.62993359566,
        "mean": 1.31897199154,
        "median": 1.33009004593,
        "min": 0.0430013462901,
        "skew": 0.466171890497
    },
    "zerocrossingrate": {
        "kurt": 0.845761060715,
        "max": 0.06005859375,
        "mean": 0.0444138385355,
        "median": 0.04443359375,
        "min": 0.0146484375,
        "skew": -0.219658717513
    },
    "barkbands": {
        "kurt": [5.60101032257, 5.7154006958, 40.555103302, 5.37199401855, 2.28947877884, 3.26994132996, 4.54266929626, 1.03041791916, 2.56874656677, 2.91212415695, 0.918088436127, 0.746587991714, 1.6739025116, 0.856922626495, 1.45195293427, 1.35342645645, 0.460278511047, 0.708137512207, 0.843046665192, 0.918483972549, 0.57298541069, 0.459326028824, 0.911938905716, 2.74147748947, 0.627988815308, 0.952427148819, 8.18468284607],
        "max": [4.14627265855e-08, 8.92982279765e-06, 0.00012410338968, 0.000140609641676, 0.0123713472858, 0.00145700003486, 0.00248230202124, 0.0138438716531, 0.0016054334119, 0.00380935752764, 0.000757090980187, 0.0105177555233, 0.00092872796813, 0.000349281675881, 0.000315448385663, 0.000369458430214, 0.000269958429271, 0.000266066374024, 0.000202321069082, 0.000110888962809, 3.43153733411e-05, 9.00275153981e-06, 1.66262384482e-06, 1.12248415007e-06, 2.88648067226e-07, 7.7768325113e-09, 4.24836299473e-09],
        "mean": [5.56623458436e-09, 1.13446913019e-06, 7.70428687247e-06, 1.84457039722e-05, 0.0027232193388, 0.000297861522995, 0.000465967081254, 0.00275654904544, 0.000429755426012, 0.000855290098116, 0.000215988940909, 0.00265341461636, 0.000255446182564, 0.000120375334518, 0.000103841208329, 0.000121815493912, 0.000106390551082, 0.000114158960059, 8.42939261929e-05, 4.6793196816e-05, 1.62574451679e-05, 4.44570969194e-06, 8.54855784382e-07, 4.14095268297e-07, 1.81893184958e-07, 3.83354814559e-09, 5.20954335226e-10],
        "median": [4.10682199359e-09, 7.92952846496e-07, 5.45540569874e-06, 1.38741961564e-05, 0.00231513287872, 0.000267925235676, 0.000382345257094, 0.00220969645306, 0.00036551777157, 0.000730427796952, 0.00019950629212, 0.00225640996359, 0.000232429927564, 0.000111426816147, 9.57861702773e-05, 0.000115534014185, 0.000101355159131, 0.000109042943222, 8.15657913336e-05, 4.50443694717e-05, 1.57613721967e-05, 4.33057084592e-06, 8.41965857035e-07, 3.97583420408e-07, 1.79663018685e-07, 3.71995412252e-09, 3.49972828495e-10],
        "min": [3.63539233439e-12, 2.16204067982e-08, 1.25314898014e-07, 1.01256546259e-07, 0.000108114560135, 1.64369212143e-05, 1.42324297485e-05, 6.85333507136e-05, 3.05739049509e-05, 2.01534621738e-05, 1.26511476992e-05, 0.000112597059342, 1.27570601762e-05, 3.68067549061e-06, 4.14696341977e-06, 8.71462543728e-06, 5.42331281395e-06, 3.61303114005e-06, 2.46401214099e-06, 1.1347419786e-06, 7.68663596773e-07, 1.7450109624e-07, 2.68113762303e-08, 1.4691034167e-08, 9.87104886718e-09, 6.95275392815e-10, 9.13202707897e-11],
        "skew": [1.86771869659, 2.00794506073, 3.85698151588, 1.8973596096, 1.30821526051, 1.36181616783, 1.80654585361, 1.11607646942, 1.43278479576, 1.41068410873, 0.813020765781, 1.00595796108, 1.11210894585, 0.897710442543, 1.00759601593, 0.863137483597, 0.685399234295, 0.761199593544, 0.679482519627, 0.63269007206, 0.540272891521, 0.464312046766, 0.458274036646, 1.10914492607, 0.283886313438, 0.708042502403, 2.48172020912],
        "cov": [[2.428814533e-17, 1.20892764162e-16, -5.05955596345e-16, -6.41556306778e-16, 7.65149066068e-13, 1.46869226481e-16, -2.27750201917e-14, -1.60372474849e-14, 2.39270663151e-14, 2.6830353057e-14, -1.30635426589e-14, 3.43719573203e-13, 8.70130519286e-15, 2.35443480304e-15, -9.37948466318e-15, 3.24904897908e-15, -1.38715494102e-15, 1.53873682323e-14, 4.45533570432e-15, 1.45254821388e-15, -4.42641021738e-16, -6.88196931938e-17, 3.13167436626e-17, -7.73197151417e-18, -7.20725528286e-18, -3.81455567325e-20, -9.60664945199e-20], [1.20892764162e-16, 1.14248530341e-12, 2.68139004923e-12, 5.61489494223e-13, -3.0007080154e-11, -1.15471972262e-11, -6.79448771551e-12, 8.73642911486e-12, 6.9981265791e-13, 1.11985845944e-11, -1.75506104875e-12, 1.88682697938e-11, -8.77970005725e-13, 7.7594934601e-13, -1.24079772065e-12, -1.62053462554e-13, -1.09186357872e-12, 9.87038467452e-13, 1.36853787851e-12, -7.63887705261e-13, 1.11870467046e-13, -5.01500628677e-14, 3.22748267321e-15, -5.31197442871e-15, -1.60977976351e-15, -5.03269654869e-17, -2.0497237794e-17], [-5.05955596345e-16, 2.68139004923e-12, 5.68905547671e-11, 2.73317653232e-11, -4.7964764105e-11, -3.99439127607e-11, 1.25107230131e-10, -1.73318304153e-10, -5.68216480812e-11, 3.75690589749e-11, -2.28556865274e-12, -3.32486926879e-10, -1.74590689128e-11, 4.68677353871e-12, 4.2089292121e-12, 5.64975453574e-12, -5.34692038909e-12, 8.90591853736e-12, 3.65117311385e-12, -1.39361916104e-12, -6.82118424244e-13, -2.97990500548e-13, 3.82666514036e-14, -1.9766357469e-14, -3.67796825236e-15, -8.0977547515e-17, -7.33695703747e-17], [-6.41556306778e-16, 5.61489494223e-13, 2.73317653232e-11, 2.61112881317e-10, 7.87028331395e-10, -7.45537034885e-11, 2.34276154032e-10, 1.29509528102e-10, -5.4132070354e-11, -2.08725911555e-10, 6.08442948802e-11, -2.29270158414e-10, -8.94732291729e-12, -5.88952914216e-11, 1.91793768367e-11, 4.20497057313e-12, 2.17866835683e-11, 1.69539677436e-11, 7.7229854456e-12, 6.48584094418e-12, 5.6191238728e-13, -3.97919354802e-13, 5.85904954653e-14, 2.32838278009e-14, 2.03197342578e-14, -1.17707536468e-16, 4.33069086213e-17], [7.65149066068e-13, -3.0007080154e-11, -4.7964764105e-11, 7.87028331395e-10, 3.22090522786e-06, 6.55777014913e-08, 4.42893544061e-09, 1.93261172399e-07, -2.40058062317e-09, 3.79607234535e-09, 5.89856830047e-09, 4.34708802288e-08, -9.98147786646e-09, 6.0583134065e-09, -1.77372183607e-09, -2.15458517694e-09, 4.97240693065e-10, 2.17768869604e-09, 2.32073422979e-11, 9.90455939487e-10, -3.26323933153e-11, 4.61888340075e-11, 9.34132372149e-12, 5.71812042161e-12, 2.83566724789e-12, 8.09173420543e-14, 3.78295586859e-14], [1.46869226481e-16, -1.15471972262e-11, -3.99439127607e-11, -7.45537034885e-11, 6.55777014913e-08, 3.04656282424e-08, 2.03848071756e-09, 3.24404059171e-09, -1.11362619126e-09, -3.10779224577e-09, 3.46902728765e-10, 2.59500758659e-08, 1.02143915548e-09, 1.48286036228e-10, -2.88824159034e-10, -6.25862306425e-10, -9.86097453692e-11, 4.16183580654e-11, -1.32462573896e-11, 7.2689257391e-11, 2.68164206119e-11, 8.17063159752e-13, 7.22844960971e-13, 8.05986191416e-13, -7.20965984396e-14, 7.16866768448e-15, 3.05003456471e-15], [-2.27750201917e-14, -6.79448771551e-12, 1.25107230131e-10, 2.34276154032e-10, 4.42893544061e-09, 2.03848071756e-09, 1.14584196353e-07, 4.90472196191e-08, 2.67426392142e-09, -3.81098308466e-09, 4.44497938457e-10, 1.8847230443e-09, 1.4043890495e-09, -4.7890807986e-10, 2.70986288964e-10, -2.26261356873e-10, -1.09856942987e-10, 3.56097012988e-10, 2.79102713163e-10, 1.69056282862e-10, -3.7308062889e-11, 8.18647111363e-14, 1.26966601295e-12, 5.89659831379e-13, 8.15870672887e-14, 7.47444702842e-17, -1.13140435402e-15], [-1.60372474849e-14, 8.73642911486e-12, -1.73318304153e-10, 1.29509528102e-10, 1.93261172399e-07, 3.24404059171e-09, 4.90472196191e-08, 4.54642668046e-06, -6.91388668539e-10, -1.74863004077e-08, -4.20649604038e-09, 1.81227960638e-07, 2.76769140939e-09, -2.55557970619e-11, 1.83648640739e-09, 5.91756699198e-10, -2.47833220612e-09, 1.46536038859e-09, -2.10513162457e-09, -2.27886459703e-10, 1.51873597032e-10, 2.38931548158e-11, -1.40471813868e-12, 8.22312357096e-12, 2.46798393354e-12, 7.82234587976e-14, 8.88779338754e-14], [2.39270663151e-14, 6.9981265791e-13, -5.68216480812e-11, -5.4132070354e-11, -2.40058062317e-09, -1.11362619126e-09, 2.67426392142e-09, -6.91388668539e-10, 6.44345234946e-08, 1.57506763188e-09, -2.90834023531e-10, -4.25272456139e-10, 3.97581217948e-10, 5.42794253988e-10, 3.59967500252e-10, 2.44361558766e-10, -1.51294116124e-11, -2.35314101538e-10, -2.85758361418e-10, -7.77689440623e-11, -1.68699186565e-11, 9.64640780449e-12, 7.58578855113e-13, 5.82329432071e-13, 1.76381289132e-13, -1.4289107007e-14, 2.63613143858e-16], [2.6830353057e-14, 1.11985845944e-11, 3.75690589749e-11, -2.08725911555e-10, 3.79607234535e-09, -3.10779224577e-09, -3.81098308466e-09, -1.74863004077e-08, 1.57506763188e-09, 3.25195060213e-07, 9.76307368283e-10, 2.07529335938e-08, 1.04484676466e-09, 3.87975984673e-10, -3.7070888026e-10, 4.63184102184e-10, 8.93476126418e-11, 2.41702158288e-10, 7.36137761859e-10, 2.44304743102e-10, 5.53898663047e-11, -2.36627752982e-12, 1.21118664143e-12, 6.8814962409e-13, 6.08318517087e-13, -1.23969387409e-14, -1.17230259873e-15], [-1.30635426589e-14, -1.75506104875e-12, -2.28556865274e-12, 6.08442948802e-11, 5.89856830047e-09, 3.46902728765e-10, 4.44497938457e-10, -4.20649604038e-09, -2.90834023531e-10, 9.76307368283e-10, 1.17483667239e-08, 3.07310585868e-08, -3.83350517996e-10, -2.58929488961e-10, 1.55732648999e-10, 1.51379173086e-10, -1.659158054e-12, -8.60771037781e-11, 8.95824386893e-11, 3.1028301456e-11, 7.2187360256e-12, -3.23577189348e-12, 8.5282245133e-14, -3.99735583176e-13, -4.41157425532e-14, -1.43701955886e-15, 1.11473538089e-15], [3.43719573203e-13, 1.88682697938e-11, -3.32486926879e-10, -2.29270158414e-10, 4.34708802288e-08, 2.59500758659e-08, 1.8847230443e-09, 1.81227960638e-07, -4.25272456139e-10, 2.07529335938e-08, 3.07310585868e-08, 3.25821702063e-06, -6.49419718002e-09, -1.21960497257e-09, 3.08473635524e-10, 3.27691851432e-09, 1.70771174979e-09, 3.54847573547e-09, 4.35855018743e-10, -1.7926837792e-10, -1.36417863117e-10, -4.77263298326e-11, 2.61479574971e-12, 3.44988692832e-14, 2.25132981918e-13, 5.79608382774e-14, 9.5479444392e-14], [8.70130519286e-15, -8.77970005725e-13, -1.74590689128e-11, -8.94732291729e-12, -9.98147786646e-09, 1.02143915548e-09, 1.4043890495e-09, 2.76769140939e-09, 3.97581217948e-10, 1.04484676466e-09, -3.83350517996e-10, -6.49419718002e-09, 1.74164203059e-08, 4.80822048843e-11, 7.34611468878e-11, -7.05874733664e-11, 2.58246150159e-11, 8.35264357679e-11, -1.74409917064e-10, 1.06821565482e-11, 3.45029352311e-11, 3.93937530166e-12, -1.05165062856e-13, 4.15092846163e-13, 1.29825051534e-13, 1.90932661256e-15, -4.78342692841e-16], [2.35443480304e-15, 7.7594934601e-13, 4.68677353871e-12, -5.88952914216e-11, 6.0583134065e-09, 1.48286036228e-10, -4.7890807986e-10, -2.55557970619e-11, 5.42794253988e-10, 3.87975984673e-10, -2.58929488961e-10, -1.21960497257e-09, 4.80822048843e-11, 2.79594836172e-09, 1.30565253054e-10, -5.52738514681e-11, 5.98446292521e-11, -6.68415670035e-11, -3.16874755601e-11, -8.78603440002e-12, -1.48190411765e-12, 1.69639299895e-13, -2.56368358617e-13, -4.07580836215e-14, 2.84922198411e-14, -1.32653843104e-16, -6.10967511832e-16], [-9.37948466318e-15, -1.24079772065e-12, 4.2089292121e-12, 1.91793768367e-11, -1.77372183607e-09, -2.88824159034e-10, 2.70986288964e-10, 1.83648640739e-09, 3.59967500252e-10, -3.7070888026e-10, 1.55732648999e-10, 3.08473635524e-10, 7.34611468878e-11, 1.30565253054e-10, 1.88623117126e-09, 1.29594867823e-11, 5.46025342996e-11, 7.33572664419e-12, -1.70991918541e-11, 5.36703103834e-12, 1.77724339152e-12, 2.34570189336e-15, 1.32379336984e-13, 2.17009326091e-13, 8.44132570918e-14, 6.08595290185e-16, -6.70235042427e-16], [3.24904897908e-15, -1.62053462554e-13, 5.64975453574e-12, 4.20497057313e-12, -2.15458517694e-09, -6.25862306425e-10, -2.26261356873e-10, 5.91756699198e-10, 2.44361558766e-10, 4.63184102184e-10, 1.51379173086e-10, 3.27691851432e-09, -7.05874733664e-11, -5.52738514681e-11, 1.29594867823e-11, 2.26815433102e-09, 1.99361777087e-10, -4.30801297413e-11, 4.38122003954e-11, 3.34040607675e-11, 6.33949750334e-12, 1.85149638676e-12, 3.09056775939e-14, 7.25528036087e-14, -8.89994881856e-15, -8.34894700422e-16, -3.32753611076e-16], [-1.38715494102e-15, -1.09186357872e-12, -5.34692038909e-12, 2.17866835683e-11, 4.97240693065e-10, -9.86097453692e-11, -1.09856942987e-10, -2.47833220612e-09, -1.51294116124e-11, 8.93476126418e-11, -1.659158054e-12, 1.70771174979e-09, 2.58246150159e-11, 5.98446292521e-11, 5.46025342996e-11, 1.99361777087e-10, 1.36214828306e-09, 5.51506618152e-11, -1.07544433428e-11, 1.76445091177e-11, 4.01704537689e-12, 1.70243669422e-12, -9.13867234924e-14, 1.81424401327e-13, 2.8128412414e-14, 3.45409024462e-16, -1.67350761079e-16], [1.53873682323e-14, 9.87038467452e-13, 8.90591853736e-12, 1.69539677436e-11, 2.17768869604e-09, 4.16183580654e-11, 3.56097012988e-10, 1.46536038859e-09, -2.35314101538e-10, 2.41702158288e-10, -8.60771037781e-11, 3.54847573547e-09, 8.35264357679e-11, -6.68415670035e-11, 7.33572664419e-12, -4.30801297413e-11, 5.51506618152e-11, 1.52642054552e-09, 1.85926517238e-11, 2.03060554482e-11, 9.61573442398e-12, 1.57689876781e-12, -1.00310520524e-13, 2.19054619279e-13, 2.75709309035e-14, 9.14089157557e-16, -1.03602082086e-16], [4.45533570432e-15, 1.36853787851e-12, 3.65117311385e-12, 7.7229854456e-12, 2.32073422979e-11, -1.32462573896e-11, 2.79102713163e-10, -2.10513162457e-09, -2.85758361418e-10, 7.36137761859e-10, 8.95824386893e-11, 4.35855018743e-10, -1.74409917064e-10, -3.16874755601e-11, -1.70991918541e-11, 4.38122003954e-11, -1.07544433428e-11, 1.85926517238e-11, 6.1378324645e-10, 1.28311779604e-11, 2.30638923758e-12, 1.1544972877e-12, -2.24812251199e-14, 4.12850905806e-14, 9.50732056965e-15, -3.55782028162e-16, -4.25713809441e-16], [1.45254821388e-15, -7.63887705261e-13, -1.39361916104e-12, 6.48584094418e-12, 9.90455939487e-10, 7.2689257391e-11, 1.69056282862e-10, -2.27886459703e-10, -7.77689440623e-11, 2.44304743102e-10, 3.1028301456e-11, -1.7926837792e-10, 1.06821565482e-11, -8.78603440002e-12, 5.36703103834e-12, 3.34040607675e-11, 1.76445091177e-11, 2.03060554482e-11, 1.28311779604e-11, 1.58605378831e-10, -1.12562140598e-12, 3.78227559949e-13, 3.03598089051e-14, 3.31468217403e-14, 6.18733268712e-16, -6.51410423388e-17, 1.19141497074e-16], [-4.42641021738e-16, 1.11870467046e-13, -6.82118424244e-13, 5.6191238728e-13, -3.26323933153e-11, 2.68164206119e-11, -3.7308062889e-11, 1.51873597032e-10, -1.68699186565e-11, 5.53898663047e-11, 7.2187360256e-12, -1.36417863117e-10, 3.45029352311e-11, -1.48190411765e-12, 1.77724339152e-12, 6.33949750334e-12, 4.01704537689e-12, 9.61573442398e-12, 2.30638923758e-12, -1.12562140598e-12, 1.68062577743e-11, 1.69899630389e-13, 2.67321120582e-15, 2.38507605051e-14, 3.57753497347e-16, 1.61080996733e-16, -2.17945746319e-17], [-6.88196931938e-17, -5.01500628677e-14, -2.97990500548e-13, -3.97919354802e-13, 4.61888340075e-11, 8.17063159752e-13, 8.18647111363e-14, 2.38931548158e-11, 9.64640780449e-12, -2.36627752982e-12, -3.23577189348e-12, -4.77263298326e-11, 3.93937530166e-12, 1.69639299895e-13, 2.34570189336e-15, 1.85149638676e-12, 1.70243669422e-12, 1.57689876781e-12, 1.1544972877e-12, 3.78227559949e-13, 1.69899630389e-13, 1.05422690976e-12, 7.51191677492e-15, 4.47691048052e-15, 3.0256244516e-16, 2.45736599533e-17, -6.5142971324e-18], [3.13167436626e-17, 3.22748267321e-15, 3.82666514036e-14, 5.85904954653e-14, 9.34132372149e-12, 7.22844960971e-13, 1.26966601295e-12, -1.40471813868e-12, 7.58578855113e-13, 1.21118664143e-12, 8.5282245133e-14, 2.61479574971e-12, -1.05165062856e-13, -2.56368358617e-13, 1.32379336984e-13, 3.09056775939e-14, -9.13867234924e-14, -1.00310520524e-13, -2.24812251199e-14, 3.03598089051e-14, 2.67321120582e-15, 7.51191677492e-15, 3.34598614007e-14, 1.26330284226e-15, 1.28496234822e-16, 2.8036838117e-18, -4.27117314911e-18], [-7.73197151417e-18, -5.31197442871e-15, -1.9766357469e-14, 2.32838278009e-14, 5.71812042161e-12, 8.05986191416e-13, 5.89659831379e-13, 8.22312357096e-12, 5.82329432071e-13, 6.8814962409e-13, -3.99735583176e-13, 3.44988692832e-14, 4.15092846163e-13, -4.07580836215e-14, 2.17009326091e-13, 7.25528036087e-14, 1.81424401327e-13, 2.19054619279e-13, 4.12850905806e-14, 3.31468217403e-14, 2.38507605051e-14, 4.47691048052e-15, 1.26330284226e-15, 1.18552535478e-14, 6.60950767231e-16, 4.84335631269e-18, -9.154413009e-19], [-7.20725528286e-18, -1.60977976351e-15, -3.67796825236e-15, 2.03197342578e-14, 2.83566724789e-12, -7.20965984396e-14, 8.15870672887e-14, 2.46798393354e-12, 1.76381289132e-13, 6.08318517087e-13, -4.41157425532e-14, 2.25132981918e-13, 1.29825051534e-13, 2.84922198411e-14, 8.44132570918e-14, -8.89994881856e-15, 2.8128412414e-14, 2.75709309035e-14, 9.50732056965e-15, 6.18733268712e-16, 3.57753497347e-16, 3.0256244516e-16, 1.28496234822e-16, 6.60950767231e-16, 1.13574772722e-15, 1.56071031769e-18, -3.66669881897e-19], [-3.81455567325e-20, -5.03269654869e-17, -8.0977547515e-17, -1.17707536468e-16, 8.09173420543e-14, 7.16866768448e-15, 7.47444702842e-17, 7.82234587976e-14, -1.4289107007e-14, -1.23969387409e-14, -1.43701955886e-15, 5.79608382774e-14, 1.90932661256e-15, -1.32653843104e-16, 6.08595290185e-16, -8.34894700422e-16, 3.45409024462e-16, 9.14089157557e-16, -3.55782028162e-16, -6.51410423388e-17, 1.61080996733e-16, 2.45736599533e-17, 2.8036838117e-18, 4.84335631269e-18, 1.56071031769e-18, 7.14168250435e-19, 2.09931033615e-19], [-9.60664945199e-20, -2.0497237794e-17, -7.33695703747e-17, 4.33069086213e-17, 3.78295586859e-14, 3.05003456471e-15, -1.13140435402e-15, 8.88779338754e-14, 2.63613143858e-16, -1.17230259873e-15, 1.11473538089e-15, 9.5479444392e-14, -4.78342692841e-16, -6.10967511832e-16, -6.70235042427e-16, -3.32753611076e-16, -1.67350761079e-16, -1.03602082086e-16, -4.25713809441e-16, 1.19141497074e-16, -2.17945746319e-17, -6.5142971324e-18, -4.27117314911e-18, -9.154413009e-19, -3.66669881897e-19, 2.09931033615e-19, 2.26520282971e-19]]
    },
    "mfcc": {
        "kurt": [115.74344635, -0.0394308567047, 0.314183235168, -0.129415035248, 0.047947883606, -0.0949287414551, 0.088648557663, -0.128896713257, 0.184895277023, 0.0345151424408, 0.0340867042542, -0.136813640594, -0.0259385108948],
        "max": [-689.074584961, 182.063568115, -47.2523918152, 27.6565055847, -21.1751823425, -10.2424850464, 6.96423721313, 3.34084320068, 1.24680328369, -3.58144760132, 4.55807113647, 5.03936004639, 11.4970474243],
        "mean": [-709.732971191, 162.440383911, -77.0214614868, 2.66132307053, -44.4564819336, -27.8719215393, -12.2989444733, -16.024515152, -17.7240581512, -23.169254303, -15.9556798935, -12.3121433258, -7.00442171097],
        "median": [-709.459106445, 162.470932007, -77.0963973999, 2.60823822021, -44.7241020203, -27.8379669189, -12.236240387, -16.142074585, -17.742641449, -23.2479858398, -15.9033737183, -12.3289604187, -6.89338111877],
        "min": [-858.339294434, 138.454437256, -96.114364624, -15.2938499451, -66.705329895, -46.4292640686, -32.3706054688, -32.2520217896, -34.697681427, -42.8491249084, -36.0420646667, -29.7322921753, -23.8091526031],
        "skew": [-6.46208429337, -0.0275846216828, 0.0656242370605, 0.0763133019209, 0.141971245408, 0.0252820868045, 0.00106903072447, 0.0344443097711, 0.00793374888599, -0.0175736602396, -0.000324675784213, 0.0245151184499, -0.0748519599438],
        "cov": [[57.4768218994, 26.1365318298, 3.95616793633, -1.41263318062, -5.6845240593, -2.6174352169, 1.41232812405, 1.5450925827, -0.828015863895, -1.43026602268, -0.16566118598, 2.32700848579, 2.14758658409], [26.1365318298, 41.952911377, 17.3613300323, 4.16932535172, -1.04854893684, 1.3217113018, 2.47232246399, 2.43159985542, 0.756330251694, 1.56465113163, 1.50338256359, 1.94320654869, 2.15496230125], [3.95616793633, 17.3613300323, 33.5342063904, 18.110956192, 8.98151397705, 2.86690616608, 0.359103173018, -0.696127891541, 0.250989198685, 2.61713933945, 1.80643999577, -0.966959655285, -4.45661687851], [-1.41263318062, 4.16932535172, 18.110956192, 38.3671607971, 21.5259094238, 8.54618930817, 0.509287834167, -0.262239813805, -0.425325959921, 2.96976971626, 1.9614636898, -2.54642701149, -4.9751791954], [-5.6845240593, -1.04854893684, 8.98151397705, 21.5259094238, 35.9922943115, 18.3472805023, 6.52617406845, 1.56385564804, 1.07658851147, 1.00383520126, -0.699522674084, -2.60552930832, -3.72137856483], [-2.6174352169, 1.3217113018, 2.86690616608, 8.54618930817, 18.3472805023, 33.2509155273, 18.4466743469, 8.23660469055, 1.22013926506, -1.85082435608, -3.42997550964, -1.72837901115, 1.02702355385], [1.41232812405, 2.47232246399, 0.359103173018, 0.509287834167, 6.52617406845, 18.4466743469, 34.1002006531, 19.1718597412, 4.29174900055, -3.04691123962, -4.7921333313, -0.445647627115, 4.16878604889], [1.5450925827, 2.43159985542, -0.696127891541, -0.262239813805, 1.56385564804, 8.23660469055, 19.1718597412, 32.0586662292, 15.4611539841, 3.79542279243, -0.648532390594, 0.710015952587, 5.05826282501], [-0.828015863895, 0.756330251694, 0.250989198685, -0.425325959921, 1.07658851147, 1.22013926506, 4.29174900055, 15.4611539841, 29.6907043457, 17.6340179443, 8.20305919647, 4.12003231049, 2.49227714539], [-1.43026602268, 1.56465113163, 2.61713933945, 2.96976971626, 1.00383520126, -1.85082435608, -3.04691123962, 3.79542279243, 17.6340179443, 33.2988395691, 21.422990799, 9.01316833496, 2.61585235596], [-0.16566118598, 1.50338256359, 1.80643999577, 1.9614636898, -0.699522674084, -3.42997550964, -4.7921333313, -0.648532390594, 8.20305919647, 21.422990799, 35.48021698, 20.1641902924, 5.3969335556], [2.32700848579, 1.94320654869, -0.966959655285, -2.54642701149, -2.60552930832, -1.72837901115, -0.445647627115, 0.710015952587, 4.12003231049, 9.01316833496, 20.1641902924, 33.027305603, 17.3800735474], [2.14758658409, 2.15496230125, -4.45661687851, -4.9751791954, -3.72137856483, 1.02702355385, 4.16878604889, 5.05826282501, 2.49227714539, 2.61585235596, 5.3969335556, 17.3800735474, 28.9755764008]]
    },
    "sccoeffs": {
        "kurt": [0.148917913437, -0.425805807114, -0.203873157501, 0.388676166534, -0.113717317581, 0.0484232902527],
        "max": [-0.241827771068, -0.510751187801, -0.562490999699, -0.696397423744, -0.760326147079, -0.746410608292],
        "mean": [-0.413143843412, -0.698326587677, -0.700519800186, -0.810446619987, -0.809634625912, -0.787256240845],
        "median": [-0.410291731358, -0.697826743126, -0.700249731541, -0.810612082481, -0.81018859148, -0.787571907043],
        "min": [-0.649565279484, -0.894656956196, -0.846325814724, -0.886934220791, -0.859103083611, -0.817319989204],
        "skew": [-0.373113721609, 0.0374763906002, -0.0511542037129, 0.0768349990249, 0.12619125843, 0.0633728504181],
        "cov": [[0.00406346051022, 7.6192744018e-05, -6.2071820139e-05, -3.68756786884e-06, -3.9026424929e-05, -4.82134555568e-06], [7.6192744018e-05, 0.00422360328957, 8.65265701577e-06, 9.71618464973e-06, 2.80686872429e-05, -1.53372511704e-05], [-6.2071820139e-05, 8.65265701577e-06, 0.00233772560023, -1.17935906019e-05, 5.36485858902e-05, 1.52107031681e-06], [-3.68756786884e-06, 9.71618464973e-06, -1.17935906019e-05, 0.000576473888941, -1.29798490889e-05, 5.4794281823e-06], [-3.9026424929e-05, 2.80686872429e-05, 5.36485858902e-05, -1.29798490889e-05, 0.00023405860702, -2.26641554946e-06], [-4.82134555568e-06, -1.53372511704e-05, 1.52107031681e-06, 5.4794281823e-06, -2.26641554946e-06, 9.50623871177e-05]]
    },
    "scvalleys": {
        "kurt": [-0.0173914432526, 0.622287034988, 0.305816650391, 4.06289958954, 32.432559967, 73.6524276733],
        "max": [-7.3759188652, -4.72882318497, -5.22095537186, -6.01020002365, -6.96484470367, -9.93836975098],
        "mean": [-8.33478736877, -5.63685035706, -5.8232717514, -6.57113170624, -7.31474637985, -10.2838878632],
        "median": [-8.31132030487, -5.61896896362, -5.81327676773, -6.56767320633, -7.30960273743, -10.2813396454],
        "min": [-9.71992301941, -6.94619560242, -6.73239278793, -8.08822917938, -9.13274478912, -11.8522853851],
        "skew": [-0.304251194, -0.406940490007, -0.373483240604, -0.628809988499, -2.54750728607, -4.5021443367],
        "cov": [[0.160785004497, -0.00599315017462, -0.0019457465969, 0.000154870940605, -0.000537851301488, -0.000913275405765], [-0.00599315017462, 0.0859246775508, 0.00255713169463, 0.0023041407112, 0.00332430331036, 0.00147180666681], [-0.0019457465969, 0.00255713169463, 0.050210788846, 0.00177220779005, 0.00255411956459, 0.00143330579158], [0.000154870940605, 0.0023041407112, 0.00177220779005, 0.0308394599706, 0.00222860393114, 0.00260870507918], [-0.000537851301488, 0.00332430331036, 0.00255411956459, 0.00222860393114, 0.0155088258907, 0.00251743127592], [-0.000913275405765, 0.00147180666681, 0.00143330579158, 0.00260870507918, 0.00251743127592, 0.00783460587263]]
    }
},
"rhythm": {
    "beats_loudness": {
        "kurt": -0.698213100433,
        "max": 0.019312100485,
        "mean": 0.0112680122256,
        "median": 0.0110115166754,
        "min": 0.00482201343402,
        "skew": 0.275979727507
    },
    "bpm": 103.695701599,
    "confidence": 0.25580483675,
    "first_peak_bpm": {
        "kurt": 0,
        "max": 103,
        "mean": 103,
        "median": 103,
        "min": 103,
        "skew": 0
    },
    "first_peak_spread": {
        "kurt": 0,
        "max": 0.555555582047,
        "mean": 0.555555582047,
        "median": 0.555555582047,
        "min": 0.555555582047,
        "skew": 0
    },
    "first_peak_weight": {
        "kurt": 0,
        "max": 0.133333340287,
        "mean": 0.133333340287,
        "median": 0.133333340287,
        "min": 0.133333340287,
        "skew": 0
    },
    "onset_rate": 0.0290641542524,
    "second_peak_bpm": {
        "kurt": 0,
        "max": 108,
        "mean": 108,
        "median": 108,
        "min": 108,
        "skew": 0
    },
    "second_peak_spread": {
        "kurt": 0,
        "max": 0.533333301544,
        "mean": 0.533333301544,
        "median": 0.533333301544,
        "min": 0.533333301544,
        "skew": 0
    },
    "second_peak_weight": {
        "kurt": 0,
        "max": 0.116666667163,
        "mean": 0.116666667163,
        "median": 0.116666667163,
        "min": 0.116666667163,
        "skew": 0
    },
    "beats_loudness_band_ratio": {
        "kurt": [5.10035896301, 0.176443576813, -0.508767604828, -0.307713747025, 1.8978061676, 3.43609142303],
        "max": [0.0430265441537, 0.566206157207, 0.617049992085, 0.61305218935, 0.133483543992, 0.0350570678711],
        "mean": [0.0101549187675, 0.246777400374, 0.330976963043, 0.365282744169, 0.0541897974908, 0.0140769015998],
        "median": [0.00896623544395, 0.248732537031, 0.340599060059, 0.359266012907, 0.050829552114, 0.0131073687226],
        "min": [0.00111525051761, 0.0609860643744, 0.0949899405241, 0.0712936371565, 0.0262932460755, 0.0064155375585],
        "skew": [1.89118075371, 0.447972297668, -0.000546567782294, -0.00985842198133, 1.16441631317, 1.6513620615],
        "cov": [[5.55369006179e-05, 0.000271807366516, -0.000210926737054, -0.000118545023724, 3.69459557987e-05, 1.05851459011e-05], [0.000271807366516, 0.011608873494, -0.0062327706255, -0.00555919623002, 5.1180779792e-07, -5.99766681262e-05], [-0.000210926737054, -0.0062327706255, 0.0137960454449, -0.00702347792685, -0.000590839947108, -5.03470255353e-05], [-0.000118545023724, -0.00555919623002, -0.00702347792685, 0.0128416931257, 0.000111585679406, -1.46863549162e-05], [3.69459557987e-05, 5.1180779792e-07, -0.000590839947108, 0.000111585679406, 0.000437214621343, 0.000104370956251], [1.05851459011e-05, -5.99766681262e-05, -5.03470255353e-05, -1.46863549162e-05, 0.000104370956251, 3.41673730873e-05]]
    },
    "beats_position": [0.429569154978, 0.882358253002, 1.31192743778, 1.74149656296, 2.19428563118, 2.61224484444, 3.09986400604, 3.59909296036, 4.08671188354, 4.5627207756, 5.06195020676, 5.53795909882, 6.01396799088, 6.5015873909, 6.98920631409, 7.5464849472, 8.09215450287, 8.64943313599, 9.19510173798, 9.74077033997, 10.2748298645, 10.8553285599, 11.4242172241, 12.0279359818, 12.6316547394, 13.2585935593, 13.8623123169, 14.4776411057, 15.0581407547, 15.6502494812, 16.2539672852, 16.8344669342, 17.4149665833, 17.9722442627, 18.5527439117, 19.1448516846, 19.6789112091, 20.2361907959, 20.7934684753, 21.3275279999, 21.8615875244, 22.430475235, 22.9761447906, 23.5334243774, 24.0907020569, 24.6712017059, 25.2981395721, 25.948299408, 26.6216773987, 27.2021770477, 27.8175048828, 28.409614563, 28.9901123047, 29.6054420471, 30.2439899445, 30.8593196869, 31.4862575531, 32.1248054504, 32.7285270691, 33.3670730591, 34.0172348022],
    "bpm_estimates": [107.666069031, 107.666069031, 103.359405518, 105.468788147, 99.3840255737, 99.3840255737, 99.3840255737, 103.359237671, 101.332740784, 99.3841781616, 103.359237671, 103.359237671, 107.666252136, 103.359237671, 101.332901001, 107.665885925, 107.666252136, 105.468971252, 107.665885925, 107.666252136, 103.359237671, 103.359237671, 101.332580566, 103.359573364, 99.3835525513],
    "bpm_intervals": [0.452789098024, 0.42956918478, 0.429569125175, 0.452789068222, 0.417959213257, 0.487619161606, 0.499228954315, 0.487618923187, 0.476008892059, 0.499229431152, 0.476008892059, 0.476008892059, 0.487619400024, 0.487618923187, 0.557278633118, 0.545669555664, 0.557278633118, 0.54566860199, 0.54566860199, 0.534059524536, 0.580498695374, 0.568888664246, 0.603718757629, 0.603718757629, 0.626938819885, 0.603718757629, 0.615328788757, 0.580499649048, 0.592108726501, 0.603717803955, 0.580499649048, 0.580499649048, 0.557277679443, 0.580499649048, 0.592107772827, 0.534059524536, 0.557279586792, 0.557277679443, 0.534059524536, 0.534059524536, 0.568887710571, 0.545669555664, 0.557279586792, 0.557277679443, 0.580499649048, 0.626937866211, 0.650159835815, 0.673377990723, 0.580499649048, 0.615327835083, 0.592109680176, 0.580497741699, 0.615329742432, 0.638547897339, 0.615329742432, 0.626937866211, 0.638547897339, 0.603721618652, 0.63854598999, 0.650161743164],
    "onset_times": [0.0116099771112],
    "histogram": [[0, 0, 0, 0, 0, 0, 0, 0, 0, 0, 0, 0, 0, 0, 0, 0, 0, 0, 0, 0, 0, 0, 0, 0, 0, 0, 0, 0, 0, 0, 0, 0, 0, 0, 0, 0, 0, 0, 0, 0, 0, 0, 0, 0, 0, 0, 0, 0, 0, 0, 0, 0, 0, 0, 0, 0, 0, 0, 0, 0, 0, 0, 0, 0, 0, 0, 0, 0, 0, 0, 0, 0, 0, 0, 0, 0, 0, 0, 0, 0, 0, 0, 0, 0, 0, 0, 0, 0, 0, 0.0166666675359, 0, 0, 0.0333333350718, 0, 0.0500000007451, 0, 0.0500000007451, 0, 0.0666666701436, 0.0833333358169, 0, 0.0500000007451, 0, 0.133333340287, 0, 0.0333333350718, 0, 0, 0.116666667163, 0, 0.0666666701436, 0, 0.0666666701436, 0, 0, 0, 0, 0, 0, 0, 0.0333333350718, 0, 0, 0.0666666701436, 0, 0, 0.0500000007451, 0, 0, 0, 0, 0, 0, 0.0333333350718, 0, 0, 0, 0, 0, 0, 0.0333333350718, 0, 0, 0, 0.0166666675359, 0, 0, 0, 0, 0, 0, 0, 0, 0, 0, 0, 0, 0, 0, 0, 0, 0, 0, 0, 0, 0, 0, 0, 0, 0, 0, 0, 0, 0, 0, 0, 0, 0, 0, 0, 0, 0, 0, 0, 0, 0, 0, 0, 0, 0, 0, 0, 0, 0, 0, 0, 0, 0, 0, 0, 0, 0, 0, 0, 0, 0, 0, 0, 0, 0, 0, 0, 0, 0, 0, 0, 0, 0, 0, 0, 0, 0, 0, 0, 0, 0, 0, 0, 0, 0, 0, 0, 0, 0, 0, 0, 0, 0, 0, 0, 0, 0, 0, 0, 0, 0, 0, 0, 0, 0]]
},
"sfx": {
    "inharmonicity": {
        "kurt": -1.06971788406,
        "max": 0.423189222813,
        "mean": 0.129001751542,
        "median": 0.102699004114,
        "min": 0.00174068531487,
        "skew": 0.480619251728
    },
    "oddtoevenharmonicenergyratio": {
        "kurt": 11.7884597778,
        "max": 20.2997074127,
        "mean": 2.41014313698,
        "median": 1.85671019554,
        "min": 0.0439892075956,
        "skew": 2.67028641701
    },
    "pitch_after_max_to_before_max_energy_ratio": 0.746704339981,
    "pitch_centroid": 742.831848145,
    "pitch_max_to_total": 0.575185418129,
    "pitch_min_to_total": 0.0128118675202,
    "tristimulus": {
        "kurt": [1.72228622437, 2.533847332, 16.1754837036],
        "max": [0.666141092777, 0.783270716667, 0.979609072208],
        "mean": [0.190733358264, 0.547412037849, 0.261854678392],
        "median": [0.188462972641, 0.555218398571, 0.251137346029],
        "min": [0, 0, 0.0447943732142],
        "skew": [0.425419956446, -0.943209946156, 3.02646350861],
        "cov": [[0.00611680187285, -0.00377887557261, -0.00233792420477], [-0.00377887557261, 0.00790260825306, -0.00412374222651], [-0.00233792420477, -0.00412374222651, 0.0064616673626]]
    }
},
"tonal": {
    "chords_changes_rate": 0.0107816709206,
    "chords_number_rate": 0.00269541773014,
    "chords_strength": {
        "kurt": -0.298434734344,
        "max": 0.640977501869,
        "mean": 0.580064117908,
        "median": 0.580267190933,
        "min": 0.516443252563,
        "skew": 0.0485863909125
    },
    "key_strength": 0.576559782028,
    "tuning_diatonic_strength": 0.483904629946,
    "tuning_equal_tempered_deviation": 0.0564226433635,
    "tuning_frequency": 440.508575439,
    "tuning_nontempered_energy_ratio": 0.699633359909,
    "hpcp": {
        "kurt": [19.3979911804, 4.78274154663, 0.312848567963, 0.710999250412, 6.53316688538, 40.5399475098, 46.8013038635, 27.5139865875, 24.8008232117, 33.7125663757, 0.860869884491, -0.758630990982, 5.85216522217, -0.232765197754, 6.37302398682, 5.80234146118, 8.47739601135, 5.74787330627, 3.51077032089, 7.2480173111, 8.31998252869, 8.12579345703, 15.1796302795, 16.5255794525, 8.96468353271, 6.03942012787, 6.3779964447, 7.53384780884, 4.5915350914, 6.08413887024, 10.0044374466, 4.68193674088, 4.81985378265, 4.87049531937, 2.83652544022, 21.9396839142],
        "max": [0.357739537954, 1, 1, 1, 1, 1, 0.596767365932, 0.443698018789, 0.636349022388, 1, 1, 1, 1, 0.806393444538, 0.157866209745, 0.102558128536, 0.130894377828, 0.107318170369, 0.110618412495, 0.142750203609, 0.131449401379, 0.176816552877, 0.375264495611, 0.671710252762, 0.407554000616, 0.189149454236, 0.173811808228, 0.212648689747, 0.155993282795, 0.142996639013, 0.156269192696, 0.209899261594, 0.575847446918, 1, 0.452742725611, 0.234191253781],
