{
"metadata": {
    "version": {
        "essentia": "2.1-beta3"
    }
},
"lowLevel": {
    "average_loudness": 0.984928429127,
    "barkbands_kurtosis": {
        "kurt": 0.70295715332,
        "max": 21.4445705414,
        "mean": 9.13210010529,
        "median": 8.69202899933,
        "min": 2.54189682007,
        "skew": 0.650988936424,
        "var": 10.9220628738
    },
    "barkbands_skewness": {
        "kurt": -0.426510572433,
        "max": 3.99369478226,
        "mean": 2.54780077934,
        "median": 2.43812322617,
        "min": 1.59592211246,
        "skew": 0.351354628801,
        "var": 0.256031900644
    },
    "barkbands_spread": {
        "kurt": 1.632335186,
        "max": 16.0820541382,
        "mean": 8.19092941284,
        "median": 7.90539312363,
        "min": 4.69425058365,
        "skew": 1.15339052677,
        "var": 4.73883962631
    },
    "dissonance": {
        "kurt": 9.09402656555,
        "max": 0.496987372637,
        "mean": 0.450759202242,
        "median": 0.453452378511,
        "min": 0.26066634059,
        "skew": -2.04218459129,
        "var": 0.00105317041744
    },
    "hfc": {
        "kurt": 0.293750762939,
        "max": 2.30927753448,
        "mean": 1.26948881149,
        "median": 1.2122426033,
        "min": 0.0655057504773,
        "skew": 0.13289116323,
        "var": 0.140646219254
    },
    "pitch": {
        "kurt": 2.49817943573,
        "max": 590.467407227,
        "mean": 249.28024292,
        "median": 253.762680054,
        "min": 78.168258667,
        "skew": 1.26753783226,
        "var": 11310.3769531
    },
    "pitch_instantaneous_confidence": {
        "kurt": -1.00861632824,
        "max": 0.583990514278,
        "mean": 0.361948847771,
        "median": 0.339883446693,
        "min": 0.171357929707,
        "skew": 0.256848424673,
        "var": 0.0119569851086
    },
    "pitch_salience": {
        "kurt": 0.241413116455,
        "max": 0.908413290977,
        "mean": 0.669320702553,
        "median": 0.66590410471,
        "min": 0.428738415241,
        "skew": -0.111459523439,
        "var": 0.00690476130694
    },
    "silence_rate_20dB": {
        "kurt": 0,
        "max": 1,
        "mean": 1,
        "median": 1,
        "min": 1,
        "skew": 0,
        "var": 0
    },
    "silence_rate_30dB": {
        "kurt": 0,
        "max": 1,
        "mean": 1,
        "median": 1,
        "min": 1,
        "skew": 0,
        "var": 0
    },
    "silence_rate_60dB": {
        "kurt": -1.95884466171,
        "max": 1,
        "mean": 0.550458729267,
        "median": 1,
        "min": 0,
        "skew": -0.202870443463,
        "var": 0.247454062104
    },
    "spectral_centroid": {
        "kurt": 1.23346090317,
        "max": 692.077392578,
        "mean": 432.312866211,
        "median": 420.469024658,
        "min": 297.646697998,
        "skew": 0.977348327637,
        "var": 5215.68164062
    },
    "spectral_complexity": {
        "kurt": 1.32635688782,
        "max": 9,
        "mean": 5.84403657913,
        "median": 6,
        "min": 0,
        "skew": -0.480045825243,
        "var": 1.96650147438
    },
    "spectral_crest": {
        "kurt": -0.403255939484,
        "max": 18.7618732452,
        "mean": 10.2352762222,
        "median": 9.55898666382,
        "min": 5.4919667244,
        "skew": 0.62857145071,
        "var": 9.96421527863
    },
    "spectral_decrease": {
        "kurt": 0.318386316299,
        "max": -2.35039661345e-11,
        "mean": -7.76955888515e-10,
        "median": -7.71592956195e-10,
        "min": -1.55143509151e-09,
        "skew": -0.333952069283,
        "var": 7.49428607653e-20
    },
    "spectral_energy": {
        "kurt": 0.313896656036,
        "max": 0.00601794105023,
        "mean": 0.0030475538224,
        "median": 0.00301087321714,
        "min": 9.46510117501e-05,
        "skew": 0.322671204805,
        "var": 1.13201792828e-06
    },
    "spectral_energyband_high": {
        "kurt": 2.96942615509,
        "max": 1.95340107894e-05,
        "mean": 1.2447588233e-05,
        "median": 1.23494337458e-05,
        "min": 1.63879269621e-06,
        "skew": -0.0451016202569,
        "var": 6.26243458132e-12
    },
    "spectral_energyband_low": {
        "kurt": 2.10405302048,
        "max": 0.00218469649553,
        "mean": 0.00050882762298,
        "median": 0.000421436619945,
        "min": 1.44535069921e-05,
        "skew": 1.21610486507,
        "var": 1.51942828097e-07
    },
    "spectral_energyband_middle_high": {
        "kurt": 1.29683113098,
        "max": 0.000313789059874,
        "mean": 0.000168262224179,
        "median": 0.000158407521667,
        "min": 9.9338376458e-06,
        "skew": 0.665165066719,
        "var": 2.20614904123e-09
    },
    "spectral_energyband_middle_low": {
        "kurt": 0.0884854793549,
        "max": 0.00521392561495,
        "mean": 0.00260650063865,
        "median": 0.00256884121336,
        "min": 7.15303103789e-05,
        "skew": 0.367468982935,
        "var": 9.53874518927e-07
    },
    "spectral_flatness_db": {
        "kurt": 7.30581760406,
        "max": 0.254543244839,
        "mean": 0.214787364006,
        "median": 0.219012647867,
        "min": 0.0856308117509,
        "skew": -1.78306901455,
        "var": 0.000538027379662
    },
    "spectral_flux": {
        "kurt": -0.00944948196411,
        "max": 0.051736433059,
        "mean": 0.0364152602851,
        "median": 0.036475032568,
        "min": 0.0207232572138,
        "skew": -0.130606755614,
        "var": 3.29333670379e-05
    },
    "spectral_kurtosis": {
        "kurt": 2.07885932922,
        "max": 20.172744751,
        "mean": 8.66790103912,
        "median": 8.38034725189,
        "min": 3.59753751755,
        "skew": 1.05583298206,
        "var": 7.14429950714
    },
    "spectral_rms": {
        "kurt": 2.41219806671,
        "max": 0.00242304801941,
        "mean": 0.00169424130581,
        "median": 0.00171389535535,
        "min": 0.000303879001876,
        "skew": -0.667842626572,
        "var": 1.02769547539e-07
    },
    "spectral_rolloff": {
        "kurt": 14.3802337646,
        "max": 1012.06054688,
        "mean": 549.985595703,
        "median": 559.86328125,
        "min": 366.064453125,
        "skew": 2.54934549332,
        "var": 6895.90234375
    },
    "spectral_skewness": {
        "kurt": 5.01969051361,
        "max": 3.76843309402,
        "mean": 2.33948087692,
        "median": 2.30369567871,
        "min": 1.84392607212,
        "skew": 1.39749264717,
        "var": 0.0774424374104
    },
    "spectral_spread": {
        "kurt": 96.1364822388,
        "max": 23839758,
        "mean": 3327073.25,
        "median": 3093016.25,
        "min": 2487579.75,
        "skew": 9.73652458191,
        "var": 4.04840932966e+12
    },
    "spectral_strongpeak": {
        "kurt": 0.458027839661,
        "max": 0.538870751858,
        "mean": 0.19443552196,
        "median": 0.169196650386,
        "min": 0.00918443500996,
        "skew": 0.914049446583,
        "var": 0.0120700737461
    },
    "zerocrossingrate": {
        "kurt": 1.23022270203,
        "max": 0.04248046875,
        "mean": 0.029404386878,
        "median": 0.029296875,
        "min": 0.00927734375,
        "skew": -0.472817569971,
        "var": 2.55582926911e-05
    },
    "barkbands": {
        "kurt": [32.3777427673, 0.497797489166, 0.709438562393, 9.47714424133, -0.467779159546, 1.51450634003, 1.81404018402, 0.965636730194, 0.881734609604, 2.09876918793, 3.88626098633, 2.09333610535, 3.91869592667, 4.84916448593, 1.88373231888, 4.57657241821, 0.246284723282, 4.5410785675, 0.625633239746, -0.157019615173, 1.14462184906, 0.143139123917, 0.446615219116, 1.74358129501, 57.7779045105, 94.9609603882, 95.1907196045],
        "max": [1.64921857504e-06, 9.09597729333e-05, 0.000881798274349, 0.00221368880011, 0.00277925794944, 0.0010635193903, 0.00144045159686, 0.00143898534589, 0.000211591439438, 6.50323490845e-05, 9.1806439741e-05, 0.000113316695206, 2.88055962301e-05, 6.35411270196e-05, 1.85207045433e-05, 2.82864566543e-05, 1.96231867449e-05, 3.85356433981e-05, 4.68088437628e-05, 1.41154696394e-05, 9.92407422018e-06, 3.09310917146e-06, 4.53785446553e-07, 1.71304733954e-07, 9.21325238323e-08, 8.66659775056e-08, 9.42170288454e-08],
        "mean": [2.63299625658e-07, 2.77169965557e-05, 0.000235535990214, 0.000364091887604, 0.00108063069638, 0.000306332309265, 0.00032323790947, 0.000455283618066, 6.99780212017e-05, 2.07175598916e-05, 2.72596116702e-05, 3.01607906295e-05, 8.98708458408e-06, 1.65242727235e-05, 6.27917870588e-06, 8.60494947119e-06, 9.56239091465e-06, 1.34016090669e-05, 2.63509009528e-05, 8.35301580082e-06, 6.12622488916e-06, 1.75961736204e-06, 2.82469983404e-07, 9.77385781198e-08, 1.69653695536e-08, 2.1109112236e-09, 1.14879139534e-09],
        "median": [2.34246414266e-07, 2.20787278522e-05, 0.000188121281099, 0.000283857661998, 0.000972104375251, 0.000272014003713, 0.00023539281392, 0.000381201331038, 5.91736970819e-05, 1.9148694264e-05, 2.38870688918e-05, 2.29119559663e-05, 8.16005194793e-06, 1.3145659068e-05, 5.56852228328e-06, 7.35712592359e-06, 9.53187191044e-06, 1.26957584143e-05, 2.54044953181e-05, 8.07711876405e-06, 5.99517579758e-06, 1.71196575138e-06, 2.74140973033e-07, 9.44570572869e-08, 1.58520467863e-08, 1.14798237583e-09, 5.10408972032e-11],
        "min": [1.79531802758e-08, 1.39014605338e-06, 4.3073141569e-06, 5.27533302375e-06, 1.19449005069e-05, 7.27701853975e-06, 1.08896738311e-05, 2.05143769563e-05, 1.29224845296e-05, 1.73828402694e-06, 8.61619696479e-07, 7.17268108019e-07, 9.69537495621e-07, 1.39659221077e-06, 6.94345828833e-07, 5.31643422619e-07, 3.38359825491e-07, 2.07070243619e-07, 2.45622663897e-06, 7.25018480807e-07, 3.16829698477e-07, 4.24885769235e-07, 8.86389059929e-08, 4.04154647526e-08, 6.39006447756e-09, 5.08215969308e-10, 2.98193739666e-12],
        "skew": [4.58861970901, 1.05640161037, 0.967089414597, 2.41489648819, 0.525863826275, 1.0464669466, 1.301633358, 1.11595928669, 1.06472277641, 1.18401193619, 1.62491941452, 1.42233240604, 1.40754473209, 2.0462641716, 1.24602913857, 1.8927719593, 0.38050237298, 1.54662024975, 0.269586056471, 0.0759584754705, -0.127073958516, 0.387289702892, 0.205167397857, 0.912986516953, 6.76015758514, 9.70281791687, 9.71953678131],
        "var": [3.12476146304e-14, 3.48225337454e-10, 3.49017597046e-08, 1.04866060724e-07, 3.72093211354e-07, 3.36965797487e-08, 7.41722629982e-08, 8.62335980401e-08, 1.7586440082e-09, 1.43875258929e-10, 2.28151428305e-10, 4.17763795779e-10, 1.74962700578e-11, 1.12114990902e-10, 9.73198084619e-12, 2.32766358271e-11, 1.11571142949e-11, 3.06885107604e-11, 5.41080236172e-11, 6.55613454151e-12, 2.28332869105e-12, 2.2823293277e-13, 4.24206678424e-15, 4.85794571074e-16, 6.95848087907e-17, 6.92476962951e-17, 8.37944680777e-17],
        "cov": [[3.15369441445e-14, -1.94597986271e-13, -5.56715134062e-12, -8.70317533319e-12, -2.15244367469e-11, -3.2597746117e-12, -3.42417023555e-12, -2.95589789624e-12, -8.52594470718e-13, -2.23431191083e-13, -9.91676494611e-14, -3.38262241568e-13, -2.04410649513e-15, -2.25351184382e-14, -8.31978664564e-14, -1.54392408688e-13, -1.31049413942e-13, -1.99491695407e-13, -1.90187031705e-13, -9.32651782952e-14, -8.61019561855e-14, -2.60644438432e-14, -2.35913604766e-15, 5.10654088103e-16, 9.77448069044e-16, 1.09733520657e-15, 1.2043054093e-15], [-1.94597986271e-13, 3.51449647162e-10, 6.0395910495e-10, 2.4686602762e-10, -3.41036504592e-11, 4.84466744499e-10, 8.85516160398e-10, 1.0916005877e-09, 1.68130197264e-11, -5.16218144619e-12, 3.11973155642e-11, 2.41524248518e-11, 1.65740685065e-11, -3.66690228529e-12, -8.03124317809e-14, -1.43627366944e-11, -1.87286644526e-12, 6.4595936022e-13, 8.23648180909e-12, 5.86010797179e-12, -1.37783870684e-12, -1.2122826343e-13, 2.76892522582e-13, -4.25191430458e-14, -8.8795192309e-15, -1.83038720763e-14, -2.10214485386e-14], [-5.56715134062e-12, 6.0395910495e-10, 3.52249251989e-08, 3.4626342682e-08, 6.32469054906e-09, 4.72974015508e-09, 3.57954776931e-10, 3.61428420526e-09, 7.78619724251e-10, -2.37477343346e-10, -2.89307772183e-10, 2.00224184455e-10, -4.36317162955e-11, -2.29619614989e-10, 4.31244207011e-11, 4.0785621408e-11, 3.65913722933e-11, 2.20412216256e-10, 3.67409519475e-10, 6.95133256512e-11, 5.50596963855e-11, 1.07133373353e-11, 2.81572226472e-12, -2.08994456398e-13, -6.36318390557e-14, -1.49918014743e-13, -1.79609731493e-13], [-8.70317533319e-12, 2.4686602762e-10, 3.4626342682e-08, 1.05837038689e-07, 4.39515552841e-08, 1.25869243917e-08, 4.28121849083e-09, 2.54685206258e-09, 9.46816181013e-10, 3.4989764558e-11, -1.84381412915e-10, 1.10935993725e-09, 8.16589851294e-11, -3.645691804e-10, 3.97772682847e-11, 3.37127326056e-10, 6.48546424897e-11, 3.96247423762e-10, 2.36361846762e-10, 1.13319000017e-10, 2.32221707142e-11, 1.97429607385e-11, 2.10627934365e-12, -1.97196154805e-13, -8.29287268196e-14, -2.72187952515e-13, -3.18735489391e-13], [-2.15244367469e-11, -3.41036504592e-11, 6.32469054906e-09, 4.39515552841e-08, 3.75538519393e-07, 5.29201527044e-09, 2.00948573337e-08, -6.90958001925e-09, 2.51095744197e-09, 9.15996056783e-10, 3.49891671192e-10, -3.35213801161e-10, 6.20228798875e-11, 5.68083136088e-10, -5.81676061484e-11, 3.51650486508e-10, 1.85107304485e-10, 5.56385493233e-10, 3.17518684956e-11, 1.21119503316e-10, 2.45253591741e-11, 7.97343788217e-12, -2.57249169883e-12, -1.42237035951e-12, -9.38517818148e-13, -9.60777247691e-13, -1.06205625891e-12], [-3.2597746117e-12, 4.84466744499e-10, 4.72974015508e-09, 1.25869243917e-08, 5.29201527044e-09, 3.40085861694e-08, 7.69756969277e-09, 4.40597291984e-09, 4.49072917741e-10, 9.45274414299e-11, 4.56293419715e-10, 1.82615966793e-09, 1.14620313241e-10, 2.60128973917e-10, 1.34865660306e-10, 2.38399910923e-10, 1.34815186792e-10, 3.43039180395e-10, 4.47469283849e-10, 1.67811514684e-10, 3.77820240371e-11, 1.23263803678e-11, 2.11483716824e-12, -2.27115181317e-14, -1.93727344821e-13, -2.67929531643e-13, -2.95577039407e-13], [-3.42417023555e-12, 8.85516160398e-10, 3.57954776931e-10, 4.28121849083e-09, 2.00948573337e-08, 7.69756969277e-09, 7.48590451849e-08, 4.3092740043e-08, -1.12674251873e-10, -9.53811682414e-11, 1.44415224224e-09, 1.3442410518e-09, -6.42296354991e-11, 8.06501587736e-10, 4.28549661036e-11, 1.20248228042e-10, 1.24862883921e-10, 1.50884985062e-10, 2.13567732943e-10, 5.76735950664e-11, 1.93099551106e-12, -1.7557157117e-11, -3.08850991657e-12, 4.01887561858e-13, -2.10129345022e-13, -2.26783842356e-13, -2.49682869866e-13], [-2.95589789624e-12, 1.0916005877e-09, 3.61428420526e-09, 2.54685206258e-09, -6.90958001925e-09, 4.40597291984e-09, 4.3092740043e-08, 8.70320562285e-08, 1.48714360271e-10, -7.11767519923e-11, 1.16293319419e-09, 1.50440282454e-09, -4.06895558913e-11, 6.74603872763e-10, 8.22698367764e-11, 2.42204728496e-10, 1.44308232031e-10, 1.79242856668e-10, 1.53171336725e-10, 7.32409358856e-12, 5.10591152691e-11, -1.45377329966e-11, 8.21398179508e-13, 5.46983302836e-13, -2.15939503149e-13, -3.2422748839e-13, -3.61084995454e-13], [-8.52594470718e-13, 1.68130197264e-11, 7.78619724251e-10, 9.46816181013e-10, 2.51095744197e-09, 4.49072917741e-10, -1.12674251873e-10, 1.48714360271e-10, 1.77492776032e-09, 5.15077945573e-11, -2.83431212528e-11, 2.68373517853e-10, 1.40504214166e-11, 1.24668830814e-10, 3.66222850656e-12, 3.40655420539e-11, 2.43978535291e-11, 7.575032962e-11, 4.81629146287e-11, 1.65639082311e-11, 1.36508035778e-11, 8.86597707143e-13, 3.02823602782e-13, -1.39996670398e-13, -5.86659762653e-14, -4.79479296707e-14, -5.19230417397e-14], [-2.23431191083e-13, -5.16218144619e-12, -2.37477343346e-10, 3.4989764558e-11, 9.15996056783e-10, 9.45274414299e-11, -9.53811682414e-11, -7.11767519923e-11, 5.15077945573e-11, 1.45207429414e-10, 3.34920147171e-11, -7.4625843699e-12, 6.76851749561e-13, -1.21518732576e-11, 8.87471736724e-13, -1.90415847152e-12, 8.76627546595e-13, 1.54536127818e-12, -6.45759357445e-12, 3.44813370565e-13, 3.16825905788e-12, 4.40180552598e-13, -4.30734481828e-14, -4.67968212128e-15, -6.63788422896e-15, -1.5375174346e-14, -1.68615138806e-14], [-9.91676494611e-14, 3.11973155642e-11, -2.89307772183e-10, -1.84381412915e-10, 3.49891671192e-10, 4.56293419715e-10, 1.44415224224e-09, 1.16293319419e-09, -2.83431212528e-11, 3.34920147171e-11, 2.30263932921e-10, 8.22652709842e-11, 4.79946724724e-12, 4.13038873937e-11, 4.5298452489e-12, 1.29900578141e-11, 1.06093710206e-11, 6.15729776193e-12, 1.49004437261e-11, 7.45486918724e-12, 2.13248011914e-13, -6.63065143156e-13, -5.17984296406e-14, 4.15228696695e-14, -7.64143488882e-15, -2.35733656852e-14, -2.56757421178e-14], [-3.38262241568e-13, 2.41524248518e-11, 2.00224184455e-10, 1.10935993725e-09, -3.35213801161e-10, 1.82615966793e-09, 1.3442410518e-09, 1.50440282454e-09, 2.68373517853e-10, -7.4625843699e-12, 8.22652709842e-11, 4.2163197933e-10, 1.06946326794e-11, 8.04303568192e-11, 2.21839404485e-11, 5.54072274173e-11, 2.47142722953e-11, 4.88176964131e-11, 2.20010329399e-11, 1.70507288844e-11, 4.50258623788e-12, 1.6451242495e-12, 1.53400810934e-13, 3.95025571769e-14, -2.14384784339e-14, -2.52095504302e-14, -2.80709395344e-14], [-2.04410649513e-15, 1.65740685065e-11, -4.36317162955e-11, 8.16589851294e-11, 6.20228798875e-11, 1.14620313241e-10, -6.42296354991e-11, -4.06895558913e-11, 1.40504214166e-11, 6.76851749561e-13, 4.79946724724e-12, 1.06946326794e-11, 1.76582724137e-11, 4.28038767625e-12, 2.53847463882e-12, 3.09090535285e-12, 1.40946098109e-12, 5.56228457391e-12, 5.34093101234e-14, 8.39340966521e-13, 2.81948807834e-13, 3.67817077794e-13, 6.08363660555e-14, -8.65448629374e-15, -5.12150255338e-15, -7.13561476481e-15, -8.11468574898e-15], [-2.25351184382e-14, -3.66690228529e-12, -2.29619614989e-10, -3.645691804e-10, 5.68083136088e-10, 2.60128973917e-10, 8.06501587736e-10, 6.74603872763e-10, 1.24668830814e-10, -1.21518732576e-11, 4.13038873937e-11, 8.04303568192e-11, 4.28038767625e-12, 1.13153091064e-10, 8.35876593636e-12, 9.55392969598e-12, 5.03228318391e-12, 1.30142155733e-11, 1.02596420942e-11, 2.60799628421e-12, 2.10596405766e-12, 1.79847049796e-13, 8.1256588914e-14, -1.6758716268e-14, -1.15642181093e-14, -1.40548964679e-14, -1.51716695983e-14], [-8.31978664564e-14, -8.03124317809e-14, 4.31244207011e-11, 3.97772682847e-11, -5.81676061484e-11, 1.34865660306e-10, 4.28549661036e-11, 8.22698367764e-11, 3.66222850656e-12, 8.87471736724e-13, 4.5298452489e-12, 2.21839404485e-11, 2.53847463882e-12, 8.35876593636e-12, 9.82209192452e-12, 5.67971537857e-12, 1.81876042005e-12, 6.5399330916e-12, 1.92089508362e-12, 6.35267229446e-13, 4.55561044617e-13, 3.21872845217e-13, 3.32114096966e-14, -2.06117442077e-15, -1.60363284541e-15, -4.43710586123e-15, -4.96238953182e-15], [-1.54392408688e-13, -1.43627366944e-11, 4.0785621408e-11, 3.37127326056e-10, 3.51650486508e-10, 2.38399910923e-10, 1.20248228042e-10, 2.42204728496e-10, 3.40655420539e-11, -1.90415847152e-12, 1.29900578141e-11, 5.54072274173e-11, 3.09090535285e-12, 9.55392969598e-12, 5.67971537857e-12, 2.34921613412e-11, 6.63989696559e-12, 7.0123100035e-12, 5.87248305539e-12, 1.90517762157e-12, 2.04851679239e-13, 3.6912798664e-13, 3.00399658761e-14, 8.32766964247e-15, -4.84429153963e-15, -6.22949491674e-15, -6.73773755498e-15], [-1.31049413942e-13, -1.87286644526e-12, 3.65913722933e-11, 6.48546424897e-11, 1.85107304485e-10, 1.34815186792e-10, 1.24862883921e-10, 1.44308232031e-10, 2.43978535291e-11, 8.76627546595e-13, 1.06093710206e-11, 2.47142722953e-11, 1.40946098109e-12, 5.03228318391e-12, 1.81876042005e-12, 6.63989696559e-12, 1.12604205474e-11, 6.26389478481e-12, 4.98899142484e-12, 2.06241404163e-12, 1.46015968414e-12, 4.2833862542e-13, 5.46912944891e-14, 8.3867722134e-15, -7.61899190385e-15, -7.7100691215e-15, -8.57382249914e-15], [-1.99491695407e-13, 6.4595936022e-13, 2.20412216256e-10, 3.96247423762e-10, 5.56385493233e-10, 3.43039180395e-10, 1.50884985062e-10, 1.79242856668e-10, 7.575032962e-11, 1.54536127818e-12, 6.15729776193e-12, 4.88176964131e-11, 5.56228457391e-12, 1.30142155733e-11, 6.5399330916e-12, 7.0123100035e-12, 6.26389478481e-12, 3.09726619352e-11, 8.76678937778e-12, 5.38945537504e-12, 1.89175649971e-12, 8.1658334608e-13, 9.90594731893e-14, 3.67843539103e-15, -1.14483473903e-14, -1.16730449024e-14, -1.29870691363e-14], [-1.90187031705e-13, 8.23648180909e-12, 3.67409519475e-10, 2.36361846762e-10, 3.17518684956e-11, 4.47469283849e-10, 2.13567732943e-10, 1.53171336725e-10, 4.81629146287e-11, -6.45759357445e-12, 1.49004437261e-11, 2.20010329399e-11, 5.34093101234e-14, 1.02596420942e-11, 1.92089508362e-12, 5.87248305539e-12, 4.98899142484e-12, 8.76678937778e-12, 5.46090256348e-11, 4.67515999872e-12, 2.55130183473e-12, 6.00578126727e-13, 3.24500456616e-14, 1.52348076459e-15, -1.41386426153e-14, -1.83617633901e-14, -2.01571547539e-14], [-9.32651782952e-14, 5.86010797179e-12, 6.95133256512e-11, 1.13319000017e-10, 1.21119503316e-10, 1.67811514684e-10, 5.76735950664e-11, 7.32409358856e-12, 1.65639082311e-11, 3.44813370565e-13, 7.45486918724e-12, 1.70507288844e-11, 8.39340966521e-13, 2.60799628421e-12, 6.35267229446e-13, 1.90517762157e-12, 2.06241404163e-12, 5.38945537504e-12, 4.67515999872e-12, 6.61683945483e-12, 5.30958523676e-13, 2.22643775703e-13, 5.22492273514e-14, 6.69080345937e-15, -4.01635749127e-15, -5.88368439866e-15, -6.53924681873e-15], [-8.61019561855e-14, -1.37783870684e-12, 5.50596963855e-11, 2.32221707142e-11, 2.45253591741e-11, 3.77820240371e-11, 1.93099551106e-12, 5.10591152691e-11, 1.36508035778e-11, 3.16825905788e-12, 2.13248011914e-13, 4.50258623788e-12, 2.81948807834e-13, 2.10596405766e-12, 4.55561044617e-13, 2.04851679239e-13, 1.46015968414e-12, 1.89175649971e-12, 2.55130183473e-12, 5.30958523676e-13, 2.30447063342e-12, 6.4149518488e-14, 1.87808075298e-14, -2.16037955483e-15, -4.26818419814e-15, -4.9663739748e-15, -5.48074786103e-15], [-2.60644438432e-14, -1.2122826343e-13, 1.07133373353e-11, 1.97429607385e-11, 7.97343788217e-12, 1.23263803678e-11, -1.7557157117e-11, -1.45377329966e-11, 8.86597707143e-13, 4.40180552598e-13, -6.63065143156e-13, 1.6451242495e-12, 3.67817077794e-13, 1.79847049796e-13, 3.21872845217e-13, 3.6912798664e-13, 4.2833862542e-13, 8.1658334608e-13, 6.00578126727e-13, 2.22643775703e-13, 6.4149518488e-14, 2.30346205434e-13, 8.44004042138e-15, -8.72412648392e-16, -9.41252339505e-16, -1.07337306801e-15, -1.19549436082e-15], [-2.35913604766e-15, 2.76892522582e-13, 2.81572226472e-12, 2.10627934365e-12, -2.57249169883e-12, 2.11483716824e-12, -3.08850991657e-12, 8.21398179508e-13, 3.02823602782e-13, -4.30734481828e-14, -5.17984296406e-14, 1.53400810934e-13, 6.08363660555e-14, 8.1256588914e-14, 3.32114096966e-14, 3.00399658761e-14, 5.46912944891e-14, 9.90594731893e-14, 3.24500456616e-14, 5.22492273514e-14, 1.87808075298e-14, 8.44004042138e-15, 4.28134539607e-15, 1.73734299154e-17, -8.36120185043e-17, -1.28710745916e-16, -1.47031062714e-16], [5.10654088103e-16, -4.25191430458e-14, -2.08994456398e-13, -1.97196154805e-13, -1.42237035951e-12, -2.27115181317e-14, 4.01887561858e-13, 5.46983302836e-13, -1.39996670398e-13, -4.67968212128e-15, 4.15228696695e-14, 3.95025571769e-14, -8.65448629374e-15, -1.6758716268e-14, -2.06117442077e-15, 8.32766964247e-15, 8.3867722134e-15, 3.67843539103e-15, 1.52348076459e-15, 6.69080345937e-15, -2.16037955483e-15, -8.72412648392e-16, 1.73734299154e-17, 4.90292686601e-16, 4.36975529374e-17, 2.84348596434e-17, 3.07552336105e-17], [9.77448069044e-16, -8.8795192309e-15, -6.36318390557e-14, -8.29287268196e-14, -9.38517818148e-13, -1.93727344821e-13, -2.10129345022e-13, -2.15939503149e-13, -5.86659762653e-14, -6.63788422896e-15, -7.64143488882e-15, -2.14384784339e-14, -5.12150255338e-15, -1.15642181093e-14, -1.60363284541e-15, -4.84429153963e-15, -7.61899190385e-15, -1.14483473903e-14, -1.41386426153e-14, -4.01635749127e-15, -4.26818419814e-15, -9.41252339505e-16, -8.36120185043e-17, 4.36975529374e-17, 7.0229109696e-17, 6.2655139605e-17, 6.85679126503e-17], [1.09733520657e-15, -1.83038720763e-14, -1.49918014743e-13, -2.72187952515e-13, -9.60777247691e-13, -2.67929531643e-13, -2.26783842356e-13, -3.2422748839e-13, -4.79479296707e-14, -1.5375174346e-14, -2.35733656852e-14, -2.52095504302e-14, -7.13561476481e-15, -1.40548964679e-14, -4.43710586123e-15, -6.22949491674e-15, -7.7100691215e-15, -1.16730449024e-14, -1.83617633901e-14, -5.88368439866e-15, -4.9663739748e-15, -1.07337306801e-15, -1.28710745916e-16, 2.84348596434e-17, 6.2655139605e-17, 6.98888737664e-17, 7.68432260216e-17], [1.2043054093e-15, -2.10214485386e-14, -1.79609731493e-13, -3.18735489391e-13, -1.06205625891e-12, -2.95577039407e-13, -2.49682869866e-13, -3.61084995454e-13, -5.19230417397e-14, -1.68615138806e-14, -2.56757421178e-14, -2.80709395344e-14, -8.11468574898e-15, -1.51716695983e-14, -4.96238953182e-15, -6.73773755498e-15, -8.57382249914e-15, -1.29870691363e-14, -2.01571547539e-14, -6.53924681873e-15, -5.48074786103e-15, -1.19549436082e-15, -1.47031062714e-16, 3.07552336105e-17, 6.85679126503e-17, 7.68432260216e-17, 8.45703436399e-17]]
    },
    "mfcc": {
        "kurt": [44.2589073181, 5.29366588593, 1.94948530197, 3.23890590668, -0.437780618668, -0.0803771018982, -0.196728944778, 1.19167566299, -0.142268657684, 4.81912088394, -0.466923713684, -0.66029882431, -0.81850194931],
        "max": [-767.026916504, 191.034454346, 8.96969985962, 67.9846038818, -14.9951515198, 3.04735565186, 7.02939224243, 0.0387802124023, 0.193389892578, 16.3197746277, 10.7609825134, 7.37228393555, 5.46192932129],
        "mean": [-788.562866211, 174.52281189, -18.0514793396, 51.1503562927, -24.4318504333, -11.6740398407, -5.70575809479, -14.2252435684, -12.123003006, -10.1547899246, 0.574848771095, -5.00801134109, -4.93085479736],
        "median": [-788.370422363, 174.773162842, -18.4199028015, 51.6206703186, -24.3622016907, -12.5205612183, -5.52376937866, -14.1811447144, -12.5035743713, -10.0273284912, 0.5256690979, -5.84589767456, -4.91291809082],
        "min": [-914.903259277, 134.391662598, -34.622341156, 23.4069480896, -36.8577766418, -24.9907951355, -19.2747344971, -30.5408706665, -24.9315452576, -21.1071548462, -11.0022106171, -14.7451248169, -18.7181587219],
        "skew": [-5.51154851913, -1.19019079208, 0.394685864449, -0.923087179661, -0.20737798512, 0.128804862499, -0.0756936520338, -0.193175002933, 0.139656037092, 1.16752266884, 0.0897393450141, 0.370931178331, -0.195714011788],
        "var": [223.690155029, 59.2668151855, 41.6014289856, 37.3099327087, 22.9761676788, 24.0596084595, 22.2439842224, 22.415807724, 24.8938217163, 26.7721748352, 21.6470413208, 27.0585823059, 32.132686615],
        "cov": [[225.761352539, 89.3924484253, -35.9353256226, 36.456111908, -6.42717981339, -7.07957839966, -13.3085432053, -9.94593048096, -30.547082901, -37.5037651062, -4.02800941467, 10.9241476059, 10.2090101242], [89.3924484253, 59.8155822754, 4.03729248047, 16.2241382599, -0.493476599455, -6.23400878906, -4.2280216217, -5.81459331512, -12.7919921875, -15.3358068466, -0.0106534603983, 5.84757566452, 7.61008501053], [-35.9353256226, 4.03729248047, 41.9866256714, 14.4316883087, 6.76328420639, 2.98932695389, 5.57981300354, 7.06246423721, 3.63149619102, 7.57046508789, 1.28187358379, -4.29240608215, -5.66658353806], [36.456111908, 16.2241382599, 14.4316883087, 37.6553916931, 12.0492210388, 4.22173261642, 4.69880056381, 3.65995740891, -3.65846395493, -7.10516929626, -3.25228834152, -5.61872911453, -4.90819740295], [-6.42717981339, -0.493476599455, 6.76328420639, 12.0492210388, 23.188911438, 14.4667034149, 2.18258023262, 1.80223059654, 1.14202857018, 3.2156124115, -3.26126098633, -6.55415010452, -2.02913022041], [-7.07957839966, -6.23400878906, 2.98932695389, 4.22173261642, 14.4667034149, 24.2823829651, 9.33759307861, 4.09257173538, 3.31867003441, 2.49266791344, 0.206900388002, -5.73157548904, -3.65924429893], [-13.3085432053, -4.2280216217, 5.57981300354, 4.69880056381, 2.18258023262, 9.33759307861, 22.4499473572, 11.6506223679, 5.05767822266, 3.75755119324, -1.1044934988, -2.73980712891, -1.55019783974], [-9.94593048096, -5.81459331512, 7.06246423721, 3.65995740891, 1.80223059654, 4.09257173538, 11.6506223679, 22.6233615875, 13.7383956909, 4.64145803452, -1.16329848766, -5.49273252487, -4.96050786972], [-30.547082901, -12.7919921875, 3.63149619102, -3.65846395493, 1.14202857018, 3.31867003441, 5.05767822266, 13.7383956909, 25.1243190765, 12.6198158264, 0.791321635246, -3.72193455696, -4.78630304337], [-37.5037651062, -15.3358068466, 7.57046508789, -7.10516929626, 3.2156124115, 2.49266791344, 3.75755119324, 4.64145803452, 12.6198158264, 27.0200653076, 10.4185400009, 2.23641586304, 2.12659883499], [-4.02800941467, -0.0106534603983, 1.28187358379, -3.25228834152, -3.26126098633, 0.206900388002, -1.1044934988, -1.16329848766, 0.791321635246, 10.4185400009, 21.8474769592, 13.2973146439, 7.8446969986], [10.9241476059, 5.84757566452, -4.29240608215, -5.61872911453, -6.55415010452, -5.73157548904, -2.73980712891, -5.49273252487, -3.72193455696, 2.23641586304, 13.2973146439, 27.3091259003, 19.6108036041], [10.2090101242, 7.61008501053, -5.66658353806, -4.90819740295, -2.02913022041, -3.65924429893, -1.55019783974, -4.96050786972, -4.78630304337, 2.12659883499, 7.8446969986, 19.6108036041, 32.4302101135]]
    },
    "sccoeffs": {
        "kurt": [4.94695854187, -0.453211307526, 0.676674365997, -0.359580278397, -0.344439506531, 43.4186134338],
        "max": [-0.450663626194, -0.660487473011, -0.759307563305, -0.780188798904, -0.81062245369, -0.723510563374],
        "mean": [-0.595395505428, -0.779329240322, -0.840735673904, -0.835296154022, -0.839919149876, -0.758722484112],
        "median": [-0.587828338146, -0.786521673203, -0.841707408428, -0.836842954159, -0.838099360466, -0.758103132248],
        "min": [-0.928215503693, -0.927098453045, -0.915832161903, -0.882690250874, -0.870479404926, -0.915431022644],
        "skew": [-1.28967952728, 0.0781769230962, -0.000199462083401, 0.25869473815, -0.230022668839, -5.32836389542],
        "var": [0.0043413839303, 0.00289637129754, 0.000693997135386, 0.000522447342519, 0.000170377650647, 0.000347099587088],
        "cov": [[0.00438158214092, 5.98067417741e-05, 4.71763705718e-05, 0.000325736531522, 0.00025421261671, 0.000589297094848], [5.98067417741e-05, 0.00292318942957, -2.54566657532e-05, -0.000175639448571, -8.42215376906e-05, 9.75248913164e-05], [4.71763705718e-05, -2.54566657532e-05, 0.00070042302832, 5.84390181757e-05, 3.39001599059e-05, 4.19615134888e-05], [0.000325736531522, -0.000175639448571, 5.84390181757e-05, 0.000527284806594, 3.66841413779e-05, 0.000120820994198], [0.00025421261671, -8.42215376906e-05, 3.39001599059e-05, 3.66841413779e-05, 0.000171955223777, 6.89481457812e-05], [0.000589297094848, 9.75248913164e-05, 4.19615134888e-05, 0.000120820994198, 6.89481457812e-05, 0.000350313464878]]
    },
    "scvalleys": {
        "kurt": [0.452611923218, -0.491499900818, 1.87279224396, 4.28343486786, 29.6034965515, 13.9640159607],
        "max": [-5.98487520218, -4.95033121109, -6.28293180466, -7.32223129272, -7.8934674263, -10.4099740982],
        "mean": [-6.70341920853, -5.80772447586, -7.05364990234, -7.92991828918, -8.19214248657, -11.1962957382],
        "median": [-6.68514442444, -5.79592704773, -7.02217102051, -7.9109711647, -8.17711544037, -11.2028141022],
        "min": [-7.64815235138, -6.70762586594, -8.12274932861, -8.9386100769, -9.51262950897, -11.5870914459],
        "skew": [-0.506164968014, -0.120341144502, -0.628315389156, -0.959417700768, -4.14141988754, 1.96147942543],
        "var": [0.105376660824, 0.133194237947, 0.0706701725721, 0.0425504371524, 0.0295607745647, 0.0153160430491],
        "cov": [[0.106352373958, -0.00648539979011, -0.000970610184595, 0.00791995320469, 0.00610844185576, 0.00318415416405], [-0.00648539979011, 0.134427517653, 0.030942061916, 0.0131578408182, 0.0212396476418, -0.00499495817348], [-0.000970610184595, 0.030942061916, 0.0713245272636, 0.0152256442234, 0.0169189441949, -0.00563298724592], [0.00791995320469, 0.0131578408182, 0.0152256442234, 0.0429444238544, 0.0149510968477, -0.00406907731667], [0.00610844185576, 0.0212396476418, 0.0169189441949, 0.0149510968477, 0.0298344846815, -0.00717434007674], [0.00318415416405, -0.00499495817348, -0.00563298724592, -0.00406907731667, -0.00717434007674, 0.0154578583315]]
    }
},
"rhythm": {
    "beats_loudness": {
        "kurt": -1.43002319336,
        "max": 0.00599656300619,
        "mean": 0.00408156495541,
        "median": 0.00380172673613,
        "min": 0.00272624287754,
        "skew": 0.404859781265,
        "var": 1.69131067196e-06
    },
    "bpm": 115.713768005,
    "confidence": 0,
    "first_peak_bpm": {
        "kurt": 0,
        "max": 115,
        "mean": 115,
        "median": 115,
        "min": 115,
        "skew": 0,
        "var": 0
    },
    "first_peak_spread": {
        "kurt": 0,
        "max": 0.333333313465,
        "mean": 0.333333313465,
        "median": 0.333333313465,
        "min": 0.333333313465,
        "skew": 0,
        "var": 0
    },
    "first_peak_weight": {
        "kurt": 0,
        "max": 0.666666686535,
        "mean": 0.666666686535,
        "median": 0.666666686535,
        "min": 0.666666686535,
        "skew": 0,
        "var": 0
    },
    "onset_rate": 0.400254160166,
    "second_peak_bpm": {
        "kurt": 0,
        "max": 0,
        "mean": 0,
        "median": 0,
        "min": 0,
        "skew": 0,
        "var": 0
    },
    "second_peak_spread": {
        "kurt": 0,
        "max": 0,
        "mean": 0,
        "median": 0,
        "min": 0,
        "skew": 0,
        "var": 0
    },
    "second_peak_weight": {
        "kurt": 0,
        "max": 0,
        "mean": 0,
        "median": 0,
        "min": 0,
        "skew": 0,
        "var": 0
    },
    "beats_loudness_band_ratio": {
        "kurt": [-1.61617028713, -0.882577419281, -1.05709004402, -1.15565156937, -0.977384805679, -1.32963371277],
        "max": [0.596317470074, 0.474795609713, 0.402292877436, 0.0274632070214, 0.0204887725413, 0.0170745961368],
        "mean": [0.404725074768, 0.36884444952, 0.21888320148, 0.0223385840654, 0.0135034974664, 0.0119688659906],
        "median": [0.378395020962, 0.34684574604, 0.174991309643, 0.0224232301116, 0.0120382159948, 0.0112452190369],
        "min": [0.265792697668, 0.306890577078, 0.123257286847, 0.0170446727425, 0.00944878626615, 0.00831043161452],
        "skew": [0.283341109753, 0.862976551056, 0.764431118965, -0.0619474798441, 0.801303386688, 0.450212627649],
        "var": [0.0187761094421, 0.00409959815443, 0.0128928944468, 1.41536529554e-05, 1.83217216545e-05, 1.1567486581e-05],
        "cov": [[0.0250348132104, -0.00488038407639, -0.0157658364624, 0.000211268154089, -0.000343986641383, -0.000222262693569], [-0.00488038407639, 0.00546613102779, -0.00220537721179, 0.000147580372868, 0.00036429593456, 0.0002818138164], [-0.0157658364624, -0.00220537721179, 0.0171905253083, -0.000453863380244, -0.00014296027075, -0.000169351857039], [0.000211268154089, 0.000147580372868, -0.000453863380244, 1.88715366676e-05, 1.06313864308e-05, 1.08953609015e-05], [-0.000343986641383, 0.00036429593456, -0.00014296027075, 1.06313864308e-05, 2.4428962206e-05, 1.90920382011e-05], [-0.000222262693569, 0.0002818138164, -0.000169351857039, 1.08953609015e-05, 1.90920382011e-05, 1.54233148351e-05]]
    },
    "beats_position": [0.510838985443, 1.03328800201, 1.55573689938, 2.06657600403],
    "bpm_estimates": [114.843742371, 114.843765259, 117.453811646],
    "bpm_intervals": [0.522449016571, 0.522448897362, 0.510839104652],
    "onset_times": [0.0116099771112],
    "histogram": [[0, 0, 0, 0, 0, 0, 0, 0, 0, 0, 0, 0, 0, 0, 0, 0, 0, 0, 0, 0, 0, 0, 0, 0, 0, 0, 0, 0, 0, 0, 0, 0, 0, 0, 0, 0, 0, 0, 0, 0, 0, 0, 0, 0, 0, 0, 0, 0, 0, 0, 0, 0, 0, 0, 0, 0, 0, 0, 0, 0, 0, 0, 0, 0, 0, 0, 0, 0, 0, 0, 0, 0, 0, 0, 0, 0, 0, 0, 0, 0, 0, 0, 0, 0, 0, 0, 0, 0, 0, 0, 0, 0, 0, 0, 0, 0, 0, 0, 0, 0, 0, 0, 0, 0, 0, 0, 0, 0, 0, 0, 0, 0, 0, 0, 0, 0.666666686535, 0, 0.333333343267, 0, 0, 0, 0, 0, 0, 0, 0, 0, 0, 0, 0, 0, 0, 0, 0, 0, 0, 0, 0, 0, 0, 0, 0, 0, 0, 0, 0, 0, 0, 0, 0, 0, 0, 0, 0, 0, 0, 0, 0, 0, 0, 0, 0, 0, 0, 0, 0, 0, 0, 0, 0, 0, 0, 0, 0, 0, 0, 0, 0, 0, 0, 0, 0, 0, 0, 0, 0, 0, 0, 0, 0, 0, 0, 0, 0, 0, 0, 0, 0, 0, 0, 0, 0, 0, 0, 0, 0, 0, 0, 0, 0, 0, 0, 0, 0, 0, 0, 0, 0, 0, 0, 0, 0, 0, 0, 0, 0, 0, 0, 0, 0, 0, 0, 0, 0, 0, 0, 0, 0, 0, 0, 0, 0, 0, 0, 0, 0, 0, 0, 0, 0]]
},
"sfx": {
    "inharmonicity": {
        "kurt": 1.8559346199,
        "max": 0.316353678703,
        "mean": 0.0771155208349,
        "median": 0.0691740512848,
        "min": 0.00166972365696,
        "skew": 1.31867873669,
        "var": 0.00385540141724
    },
    "oddtoevenharmonicenergyratio": {
        "kurt": 65.8251266479,
        "max": 29.2606735229,
        "mean": 1.20268881321,
        "median": 0.567766487598,
        "min": 0.016499357298,
        "skew": 7.65839719772,
        "var": 9.15390014648
    },
    "pitch_after_max_to_before_max_energy_ratio": 0.043547924608,
    "pitch_centroid": 53.7592430115,
    "pitch_max_to_total": 0.990825712681,
    "pitch_min_to_total": 0.119266055524,
    "tristimulus": {
        "kurt": [0.352433443069, 0.558161973953, 7.55284118652],
        "max": [0.634398639202, 0.789584815502, 0.761006057262],
        "mean": [0.338680684566, 0.391823768616, 0.269495546818],
        "median": [0.359431654215, 0.385102540255, 0.255157977343],
        "min": [0, 0.182955086231, 0.0991818979383],
        "skew": [-0.677338600159, 0.483528852463, 1.81092083454],
        "var": [0.0205529369414, 0.0119288284332, 0.00770720746368],
        "cov": [[0.0207432415336, -0.0125019745901, -0.00824126601219], [-0.0125019745901, 0.0120392804965, 0.000462692638393], [-0.00824126601219, 0.000462692638393, 0.00777857052162]]
    }
},
"tonal": {
    "chords_changes_rate": 0.0181818176061,
    "chords_number_rate": 0.0363636352122,
    "chords_strength": {
        "kurt": -0.892606496811,
        "max": 0.335020005703,
        "mean": 0.294773489237,
        "median": 0.296958297491,
        "min": 0.242596119642,
        "skew": -0.37859505415,
        "var": 0.000552900019102
    },
    "key_strength": 0.470231950283,
    "tuning_diatonic_strength": 0.340358674526,
    "tuning_equal_tempered_deviation": 0.20835493505,
    "tuning_frequency": 438.984558105,
    "tuning_nontempered_energy_ratio": 0.872575283051,
    "hpcp": {
        "kurt": [5.93753528595, 4.3282456398, 1.53046607971, 3.12317466736, 1.46954059601, -0.970225811005, -1.36316394806, -1.0092612505, 1.02475595474, 0.154592752457, 9.45151424408, 1.09444761276, -1.14914357662, -1.5072838068, -0.431742191315, 0.229621887207, 3.4589009285, 2.08385181427, 0.207034111023, 4.76589298248, 5.61430358887, 5.11749267578, 3.87166929245, 6.60559940338, 1.86535692215, 6.37222480774, 4.25015306473, 8.51422214508, 2.21406841278, 5.40594768524, 4.84242200851, 7.08718109131, 1.06511974335, 3.60743618011, 2.27402067184, 5.77717781067],
        "max": [0.914861500263, 0.984960019588, 1, 1, 1, 1, 1, 1, 1, 0.68900346756, 0.844352543354, 0.595767438412, 1, 1, 1, 1, 1, 0.712667942047, 0.476260960102, 0.480041503906, 0.543214440346, 0.504747033119, 0.53079688549, 0.922983050346, 0.506854295731, 0.643056631088, 0.598213553429, 0.580719172955, 0.446344107389, 0.97109991312, 1, 0.943807184696, 0.686944186687, 1, 0.880973815918, 1],
        "mean": [0.131049007177, 0.141324549913, 0.197472885251, 0.205026626587, 0.220996975899, 0.372016847134, 0.487719446421, 0.436823964119, 0.324177920818, 0.206145167351, 0.117319956422, 0.163838475943, 0.458812981844, 0.558530688286, 0.374377518892, 0.272719055414, 0.19760902226, 0.1598341465, 0.141363486648, 0.104861691594, 0.085078805685, 0.0779113993049, 0.0929804295301, 0.11708573997, 0.0998119711876, 0.0885888189077, 0.0860439836979, 0.0803571939468, 0.104891993105, 0.163518384099, 0.185105621815, 0.144024550915, 0.157417312264, 0.19733132422, 0.174348756671, 0.146639600396],
