{
"metadata": {
    "version": {
        "essentia": "2.1-beta3"
    }
},
"lowLevel": {
    "average_loudness": 0.97420924902,
    "barkbands_kurtosis": {
        "kurt": 6.41399669647,
        "max": 44.3162498474,
        "mean": 8.0341758728,
        "median": 6.62551116943,
        "min": 1.02249765396,
        "skew": 2.1160466671,
        "var": 29.9727668762
    },
    "barkbands_skewness": {
        "kurt": 1.18262577057,
        "max": 5.19569158554,
        "mean": 2.15470290184,
        "median": 2.07258534431,
        "min": 0.502501666546,
        "skew": 0.837199032307,
        "var": 0.532829403877
    },
    "barkbands_spread": {
        "kurt": -0.0687434673309,
        "max": 11.8323698044,
        "mean": 4.90152692795,
        "median": 4.89874076843,
        "min": 1.08116221428,
        "skew": 0.117471568286,
        "var": 2.24928617477
    },
    "dissonance": {
        "kurt": 0.818485021591,
        "max": 0.500000119209,
        "mean": 0.440727651119,
        "median": 0.446447998285,
        "min": 0.279429256916,
        "skew": -0.910215735435,
        "var": 0.00133767956868
    },
    "hfc": {
        "kurt": 11.4343643188,
        "max": 8.09677028656,
        "mean": 1.5739620924,
        "median": 1.39846730232,
        "min": 0.471473991871,
        "skew": 2.57071518898,
        "var": 0.519072890282
    },
    "pitch": {
        "kurt": 1.33502817154,
        "max": 761.805297852,
        "mean": 237.978027344,
        "median": 226.016220093,
        "min": 43.0776405334,
        "skew": 0.600967109203,
        "var": 7722.18115234
    },
    "pitch_instantaneous_confidence": {
        "kurt": -0.106347084045,
        "max": 0.706075787544,
        "mean": 0.368737876415,
        "median": 0.361768126488,
        "min": 0.131692230701,
        "skew": 0.421726167202,
        "var": 0.00847556162626
    },
    "pitch_salience": {
        "kurt": 0.221157073975,
        "max": 0.861473798752,
        "mean": 0.642748475075,
        "median": 0.649921059608,
        "min": 0.327431112528,
        "skew": -0.54628765583,
        "var": 0.00683421408758
    },
    "silence_rate_20dB": {
        "kurt": 0,
        "max": 1,
        "mean": 1,
        "median": 1,
        "min": 1,
        "skew": 0,
        "var": 0
    },
    "silence_rate_30dB": {
        "kurt": 0,
        "max": 1,
        "mean": 1,
        "median": 1,
        "min": 1,
        "skew": 0,
        "var": 0
    },
    "silence_rate_60dB": {
        "kurt": -1.49825751781,
        "max": 1,
        "mean": 0.333075433969,
        "median": 0,
        "min": 0,
        "skew": 0.708330333233,
        "var": 0.222136691213
    },
    "spectral_centroid": {
        "kurt": -0.20599937439,
        "max": 663.35144043,
        "mean": 390.624938965,
        "median": 386.669433594,
        "min": 224.460906982,
        "skew": 0.364805936813,
        "var": 4904.59619141
    },
    "spectral_complexity": {
        "kurt": -0.0539546012878,
        "max": 13,
        "mean": 7.08510637283,
        "median": 7,
        "min": 2,
        "skew": 0.144443422556,
        "var": 2.10415911674
    },
    "spectral_crest": {
        "kurt": -0.0809116363525,
        "max": 22.4180622101,
        "mean": 11.4016466141,
        "median": 10.7468061447,
        "min": 4.2550983429,
        "skew": 0.679676055908,
        "var": 12.1611471176
    },
    "spectral_decrease": {
        "kurt": 12.906293869,
        "max": -1.88039889215e-10,
        "mean": -1.12039610922e-09,
        "median": -9.12910191886e-10,
        "min": -7.8279533966e-09,
        "skew": -2.8312857151,
        "var": 5.29537867099e-19
    },
    "spectral_energy": {
        "kurt": 12.8865337372,
        "max": 0.0302788894624,
        "mean": 0.00437140092254,
        "median": 0.00356952520087,
        "min": 0.000752470165025,
        "skew": 2.82749032974,
        "var": 7.89549449109e-06
    },
    "spectral_energyband_high": {
        "kurt": 2.24038934708,
        "max": 3.59871296496e-06,
        "mean": 1.64541563663e-06,
        "median": 1.6152189346e-06,
        "min": 7.75274429543e-07,
        "skew": 0.859216094017,
        "var": 9.15752188164e-14
    },
    "spectral_energyband_low": {
        "kurt": 21.3586101532,
        "max": 0.00395788718015,
        "mean": 0.00031912495615,
        "median": 0.000214462401345,
        "min": 4.78443098473e-06,
        "skew": 3.53489637375,
        "var": 1.20702438267e-07
    },
    "spectral_energyband_middle_high": {
        "kurt": 1.50348234177,
        "max": 0.000517222564667,
        "mean": 0.000204892887268,
        "median": 0.000195240412722,
        "min": 7.50291947043e-05,
        "skew": 1.01651239395,
        "var": 3.7002076958e-09
    },
    "spectral_energyband_middle_low": {
        "kurt": 13.2521324158,
        "max": 0.0299253631383,
        "mean": 0.00407220516354,
        "median": 0.00326522882096,
        "min": 0.00054590991931,
        "skew": 2.86708521843,
        "var": 7.6177821029e-06
    },
    "spectral_flatness_db": {
        "kurt": 0.397151947021,
        "max": 0.397291243076,
        "mean": 0.280362844467,
        "median": 0.277452141047,
        "min": 0.203632369637,
        "skew": 0.552215993404,
        "var": 0.00080997182522
    },
    "spectral_flux": {
        "kurt": 3.91432094574,
        "max": 0.132414773107,
        "mean": 0.0430135466158,
        "median": 0.0399966835976,
        "min": 0.0192019492388,
        "skew": 1.59817671776,
        "var": 0.000203715550015
    },
    "spectral_kurtosis": {
        "kurt": 0.484617471695,
        "max": 57.9788246155,
        "mean": 24.0980224609,
        "median": 23.0220432281,
        "min": 8.24995231628,
        "skew": 0.792264282703,
        "var": 58.0274848938
    },
    "spectral_rms": {
        "kurt": 3.5485830307,
        "max": 0.00543510634452,
        "mean": 0.00198862748221,
        "median": 0.00186613597907,
        "min": 0.000856806407683,
        "skew": 1.51059639454,
        "var": 3.10139881776e-07
    },
    "spectral_rolloff": {
        "kurt": -1.14565646648,
        "max": 947.4609375,
        "mean": 597.200378418,
        "median": 667.529296875,
        "min": 236.865234375,
        "skew": -0.550819098949,
        "var": 21763.5351562
    },
    "spectral_skewness": {
        "kurt": 0.25714635849,
        "max": 5.9749083519,
        "mean": 3.84352779388,
        "median": 3.77442359924,
        "min": 2.42111444473,
        "skew": 0.644887447357,
        "var": 0.281269818544
    },
    "spectral_spread": {
        "kurt": 5.24193191528,
        "max": 4918278,
        "mean": 1975164.875,
        "median": 1970736.875,
        "min": 1096880.375,
        "skew": 0.536630392075,
        "var": 75171381248
    },
    "spectral_strongpeak": {
        "kurt": 1.59257030487,
        "max": 0.901419401169,
        "mean": 0.229070395231,
        "median": 0.200433924794,
        "min": 0.0252289064229,
        "skew": 1.18305289745,
        "var": 0.0171656906605
    },
    "zerocrossingrate": {
        "kurt": 0.0147213935852,
        "max": 0.0390625,
        "mean": 0.0226324498653,
        "median": 0.0224609375,
        "min": 0.0087890625,
        "skew": 0.135411784053,
        "var": 1.63024087669e-05
    },
    "barkbands": {
        "kurt": [2551.81787109, 21.4601306915, 13.1474132538, 23.0131397247, 17.4252071381, 15.5248641968, 6.5420999527, 11.2210702896, 2.41755962372, 2.09671926498, 2.33090543747, 3.25045013428, 4.36913871765, 3.36411905289, 9.79428482056, 1.31789064407, 0.881922006607, 2.45835351944, 2.12312793732, 1.48396539688, 4.19275140762, 0.959456682205, 1.08429813385, 0.419404983521, 0.825331687927, 593.819152832, 752.883850098],
        "max": [2.58582622337e-06, 6.662234955e-05, 0.00126911792904, 0.00893212016672, 0.0212760586292, 0.00693372823298, 0.00218005711213, 0.000421909091529, 0.00204689451493, 0.000562683795579, 0.000133855995955, 0.000125016435049, 7.72547937231e-05, 5.34590253665e-05, 2.10385805985e-05, 3.93036061723e-05, 2.03127765417e-05, 2.73863533948e-05, 1.29323252622e-05, 4.98347708344e-06, 2.28130011237e-06, 6.49389107821e-07, 2.58000085296e-07, 8.19740861857e-08, 1.69325637955e-08, 1.12243760952e-08, 1.22615286813e-08],
        "mean": [3.82648579489e-09, 4.85684813611e-06, 0.000111200133688, 0.000549891672563, 0.00191353890114, 0.000743542273995, 0.000325658038491, 5.49137294001e-05, 0.000417082861532, 0.000132852452225, 3.01008185488e-05, 2.37993353949e-05, 1.45258554767e-05, 1.18290508908e-05, 3.32289118887e-06, 1.18517491501e-05, 7.7640370364e-06, 7.42720339986e-06, 4.27982195106e-06, 1.82235851298e-06, 6.83143412061e-07, 2.98323783454e-07, 1.05756214452e-07, 4.43508199055e-08, 8.98397090054e-09, 5.03808050833e-10, 1.42790182456e-10],
        "median": [1.54280299647e-09, 3.2095995266e-06, 7.23830598872e-05, 0.00033787835855, 0.001291989116, 0.000568165211007, 0.000265964248683, 4.34105531895e-05, 0.000363882631063, 0.000117339441204, 2.63037545665e-05, 2.11511251109e-05, 1.26959430418e-05, 1.07275864139e-05, 2.90727621177e-06, 1.13059932119e-05, 7.33833212507e-06, 6.88817681294e-06, 4.08172900279e-06, 1.73218768396e-06, 6.63725131744e-07, 2.89756712846e-07, 1.03129067952e-07, 4.35569482704e-08, 8.83576589672e-09, 4.43752812274e-10, 5.77413256098e-11],
        "min": [8.22686710422e-12, 1.04875184093e-08, 3.86908538985e-07, 7.01649514667e-06, 4.36909358541e-05, 3.41705490428e-05, 1.73265416379e-05, 2.09696872844e-06, 2.81979791907e-05, 5.52632627659e-06, 1.92165794033e-06, 2.59509511125e-06, 1.94216681848e-06, 1.94013500732e-06, 4.44152306045e-07, 1.21492939797e-06, 1.55349243869e-06, 1.22514006762e-06, 9.91219621937e-07, 4.58995003783e-07, 2.62920025307e-07, 1.17363100571e-07, 4.45297061447e-08, 2.02065795207e-08, 4.2457837246e-09, 2.06871769715e-10, 3.83099530831e-13],
        "skew": [50.3981742859, 3.35667228699, 2.83793711662, 3.64167141914, 3.34223675728, 3.02503013611, 1.9916652441, 2.60547685623, 1.31754076481, 1.26991176605, 1.30118536949, 1.39252853394, 1.57580578327, 1.3143414259, 2.19678378105, 0.882382333279, 0.793888628483, 1.17493605614, 0.988585114479, 0.9566385746, 1.11497342587, 0.688178181648, 0.711761891842, 0.508821368217, 0.606898963451, 18.062871933, 21.3457355499],
        "var": [2.59419256096e-15, 2.81253093731e-11, 1.45288359121e-08, 4.35782993691e-07, 3.9999749788e-06, 4.13606613847e-07, 5.65180471312e-08, 1.96767446781e-09, 5.80163295183e-08, 5.77983438887e-09, 2.82405931973e-10, 1.67679523044e-10, 6.12519757137e-11, 3.16753012708e-11, 3.34846278309e-12, 2.17259057966e-11, 7.89570926002e-12, 8.87937293137e-12, 1.91034145967e-12, 3.71175041657e-13, 3.32061275991e-14, 4.75714540189e-15, 6.31364859296e-16, 6.77167570348e-17, 2.92659623328e-18, 9.30323443343e-20, 1.0550864489e-19],
        "cov": [[2.59519650676e-15, 3.16449772677e-15, -2.53545082607e-14, 1.44121937691e-13, 8.71887197856e-13, -1.34108192216e-13, -1.55208338586e-13, -1.02841844605e-14, -1.16146838241e-13, -5.39084937443e-14, -2.47688645988e-14, -1.86682673443e-14, -5.54566954831e-15, -3.37916382769e-15, -4.01884363885e-16, -1.09094260657e-14, -3.84008485275e-15, -6.00293266159e-15, -3.10911617158e-15, -1.1781352676e-15, -2.56313413919e-16, -9.03132534921e-17, -6.40156627018e-19, -1.40833223377e-17, 4.64603196397e-18, 1.07982704879e-17, 1.21881746265e-17], [3.16449772677e-15, 2.81361947629e-11, 1.94176882906e-10, 5.13649733858e-10, 2.09044115351e-09, 4.72439365407e-10, 1.21466781078e-10, 2.52456302391e-11, 3.69254349319e-11, 5.82282052436e-13, 5.09716921449e-12, 2.56985318442e-12, 2.72629965478e-12, 1.90976423044e-12, 5.81399566078e-13, -2.87143681228e-13, -2.68591301544e-13, 6.57945323657e-13, 2.00091367628e-13, 6.86583765102e-14, 2.99486476776e-15, -1.05493506658e-15, -2.31627723932e-15, -4.41304774324e-16, 1.9515672192e-16, 8.79066476005e-17, 8.49036643396e-17], [-2.53545082607e-14, 1.94176882906e-10, 1.45344589697e-08, 3.35447651878e-08, 4.94799472506e-08, 1.31567716721e-08, 2.57066168352e-09, 7.32617744248e-10, 1.16928811078e-09, 5.51334256027e-11, 5.14259329565e-11, 5.12465903046e-11, 4.83357416592e-11, 2.80851644024e-11, 1.37950631821e-11, -6.09902699091e-13, 9.10994370218e-13, -1.314817504e-12, 2.82027092652e-12, 1.71722803078e-12, 2.92220430796e-13, 2.87638226497e-14, 9.41825251414e-15, 1.16760840566e-14, 3.28793308531e-15, 1.64053701213e-15, 1.77792363859e-15], [1.44121937691e-13, 5.13649733858e-10, 3.35447651878e-08, 4.35951648114e-07, 5.24894005594e-07, 1.0172367837e-07, 1.90071052231e-08, 5.6544116056e-09, 3.65818153547e-09, 1.44654968559e-10, 5.12525688556e-10, 3.50553253092e-10, 3.52253309854e-10, 3.17614601286e-10, 1.35795194534e-10, 3.65509575731e-12, 1.6976342207e-11, -6.15591883024e-11, -8.64861220834e-12, -3.95633872885e-12, -1.39449020907e-12, -1.30525581662e-12, -2.91108473048e-13, -6.51907659257e-14, -1.15802905595e-14, 8.34542175898e-15, 9.70148847325e-15], [8.71887197856e-13, 2.09044115351e-09, 4.94799472506e-08, 5.24894005594e-07, 4.00152293878e-06, 4.82498762722e-07, 7.43687209592e-08, 2.66600999055e-08, 2.33400729854e-08, 7.126585988e-09, 4.34907043712e-09, 3.59133167649e-09, 1.54483814629e-09, 1.41318379221e-09, 7.54063866903e-10, 2.31460614564e-10, 5.7739153736e-11, -2.67062951614e-11, -9.33158064709e-12, -5.87921725193e-12, -5.78075131166e-12, -4.56980026736e-12, -8.75126089216e-13, -6.40776548575e-13, 3.70470560967e-14, 2.83359913902e-14, 3.43950535371e-14], [-1.34108192216e-13, 4.72439365407e-10, 1.31567716721e-08, 1.0172367837e-07, 4.82498762722e-07, 4.13766684915e-07, 4.60203999353e-08, 7.3139161394e-09, 3.39241901237e-09, 1.71271652416e-09, 1.3078068628e-09, 7.48914041893e-10, 5.44283673687e-10, 5.44304379346e-10, 2.12339729133e-10, 6.63121016431e-11, -2.7510311737e-11, 2.09124245698e-11, -9.19534088629e-14, -4.87982657754e-12, 1.38941917867e-12, -4.53722447797e-14, -7.62751000598e-14, -2.92067205924e-13, -9.16089425862e-15, 2.84170067035e-15, 3.76373838508e-15], [-1.55208338586e-13, 1.21466781078e-10, 2.57066168352e-09, 1.90071052231e-08, 7.43687209592e-08, 4.60203999353e-08, 5.65399176367e-08, 1.9063899348e-09, -4.6668507947e-10, 3.66815640362e-11, 3.91548737877e-10, 1.70679428924e-10, 1.43960912635e-10, 8.42297898096e-11, 4.99864941106e-11, 1.92414088135e-11, 1.93639939153e-12, 3.49472568939e-11, -1.30551168834e-12, 1.45822264853e-12, 1.0796557062e-13, 3.70066553356e-13, 1.24029774081e-13, 1.20700458566e-14, -2.0656368021e-15, 7.44850651206e-16, 4.63725445271e-16], [-1.02841844605e-14, 2.52456302391e-11, 7.32617744248e-10, 5.6544116056e-09, 2.66600999055e-08, 7.3139161394e-09, 1.9063899348e-09, 1.9684360808e-09, 5.78953995856e-10, 1.39174796687e-10, 6.02038488506e-11, 5.13429264382e-11, 2.99240181245e-11, 3.23269085112e-11, 1.33209120817e-11, 1.21130761671e-11, -7.31509200002e-13, 4.31445851268e-12, -1.29754917206e-13, 6.43321930015e-14, -6.87334100768e-14, -7.52219043754e-15, -3.3108894993e-14, -8.92419428964e-15, 6.83426892366e-16, 1.00621062125e-16, 1.52419899559e-16], [-1.16146838241e-13, 3.69254349319e-11, 1.16928811078e-09, 3.65818153547e-09, 2.33400729854e-08, 3.39241901237e-09, -4.6668507947e-10, 5.78953995856e-10, 5.80387826687e-08, 2.15451523289e-09, 6.88778409308e-11, 1.14231506199e-10, -3.26430965591e-11, 1.02492139775e-10, 2.206461229e-11, 2.9512968458e-11, 3.24350130088e-11, 1.25409353041e-11, 1.18243730779e-11, 9.71343578487e-12, 6.57534302614e-13, 2.22501176012e-13, 5.29991903229e-14, 6.09093193092e-14, -7.91453863981e-15, -6.73068367635e-16, -8.5299875912e-16], [-5.39084937443e-14, 5.82282052436e-13, 5.51334256027e-11, 1.44654968559e-10, 7.126585988e-09, 1.71271652416e-09, 3.66815640362e-11, 1.39174796687e-10, 2.15451523289e-09, 5.78207126622e-09, 1.21419069243e-10, 3.8244882955e-11, 2.11683552631e-11, 1.39397157012e-11, 3.57399830217e-12, 3.59865392693e-12, 7.08956461246e-12, 1.13166368637e-11, 1.84182465286e-12, 3.23748704711e-13, 9.55689317289e-14, 7.95631328833e-14, 1.25664723852e-14, -2.09916496019e-16, 1.30011955283e-15, -7.36180633716e-16, -6.680452505e-16], [-2.47688645988e-14, 5.09716921449e-12, 5.14259329565e-11, 5.12525688556e-10, 4.34907043712e-09, 1.3078068628e-09, 3.91548737877e-10, 6.02038488506e-11, 6.88778409308e-11, 1.21419069243e-10, 2.8251523343e-10, 2.68237116546e-11, 8.99445535413e-12, 6.57259186312e-12, 2.51610711433e-12, -1.0614730259e-13, -8.4757466887e-13, 2.4782121342e-13, 5.47191740703e-13, 1.10991151979e-13, 8.45748591196e-15, 3.33484155817e-14, -2.43121685741e-15, -3.21845309023e-15, 5.45392768772e-17, 2.00131592919e-18, 2.08546542649e-17], [-1.86682673443e-14, 2.56985318442e-12, 5.12465903046e-11, 3.50553253092e-10, 3.59133167649e-09, 7.48914041893e-10, 1.70679428924e-10, 5.13429264382e-11, 1.14231506199e-10, 3.8244882955e-11, 2.68237116546e-11, 1.6774441558e-10, 1.0091850966e-11, 5.60013797488e-12, 2.10812292102e-12, 1.28782368884e-12, 1.15898902888e-12, 1.1461415584e-12, 1.37303330597e-12, 1.17677663946e-13, 6.65107888469e-14, 3.02466317509e-14, -4.44317993449e-15, 3.20042547626e-15, -1.04194806626e-16, -1.12950374444e-16, -1.03923431828e-16], [-5.54566954831e-15, 2.72629965478e-12, 4.83357416592e-11, 3.52253309854e-10, 1.54483814629e-09, 5.44283673687e-10, 1.43960912635e-10, 2.99240181245e-11, -3.26430965591e-11, 2.11683552631e-11, 8.99445535413e-12, 1.0091850966e-11, 6.12756789753e-11, 2.43041372618e-12, 1.48229898408e-12, 3.27592065887e-13, 1.30328809133e-14, 9.43538107888e-13, 3.34049709552e-13, 1.33584061781e-13, 6.61493090664e-14, 1.73375057393e-14, 3.58754663821e-15, 1.45163934753e-15, 1.10134903101e-16, 1.05200780674e-17, 9.47981986492e-18], [-3.37916382769e-15, 1.90976423044e-12, 2.80851644024e-11, 3.17614601286e-10, 1.41318379221e-09, 5.44304379346e-10, 8.42297898096e-11, 3.23269085112e-11, 1.02492139775e-10, 1.39397157012e-11, 6.57259186312e-12, 5.60013797488e-12, 2.43041372618e-12, 3.16875622963e-11, 1.6851390075e-12, 6.49213376201e-13, 3.16969540892e-13, 4.47810218811e-13, 2.85161569922e-13, 1.70405573333e-13, 4.94920368522e-14, 4.36172601697e-16, 6.16313623807e-15, 1.5544226664e-15, -8.21449111176e-17, 8.20493270891e-18, 5.80755029472e-18], [-4.01884363885e-16, 5.81399566078e-13, 1.37950631821e-11, 1.35795194534e-10, 7.54063866903e-10, 2.12339729133e-10, 4.99864941106e-11, 1.33209120817e-11, 2.206461229e-11, 3.57399830217e-12, 2.51610711433e-12, 2.10812292102e-12, 1.48229898408e-12, 1.6851390075e-12, 3.34975862153e-12, 3.90144947598e-13, 2.72435963762e-13, 4.06161717215e-14, 6.57043931524e-14, 3.36263745256e-14, 7.36046643692e-16, 1.96127387266e-15, 3.10910034265e-16, 9.11059311605e-19, -1.05647851942e-16, 4.01934132034e-18, 8.48327650349e-18], [-1.09094260657e-14, -2.87143681228e-13, -6.09902699091e-13, 3.65509575731e-12, 2.31460614564e-10, 6.63121016431e-11, 1.92414088135e-11, 1.21130761671e-11, 2.9512968458e-11, 3.59865392693e-12, -1.0614730259e-13, 1.28782368884e-12, 3.27592065887e-13, 6.49213376201e-13, 3.90144947598e-13, 2.17343122666e-11, 5.59712378442e-13, 3.90479451074e-13, 1.03481086818e-13, 9.93279894099e-14, 4.36668659131e-14, 1.90434910815e-14, 4.55302274357e-15, 2.321989206e-15, 1.18201250798e-16, -6.04928828663e-17, -6.72611459535e-17], [-3.84008485275e-15, -2.68591301544e-13, 9.10994370218e-13, 1.6976342207e-11, 5.7739153736e-11, -2.7510311737e-11, 1.93639939153e-12, -7.31509200002e-13, 3.24350130088e-11, 7.08956461246e-12, -8.4757466887e-13, 1.15898902888e-12, 1.30328809133e-14, 3.16969540892e-13, 2.72435963762e-13, 5.59712378442e-13, 7.89876497542e-12, 4.21535392313e-13, 8.92889142614e-14, 2.62886382178e-14, 2.79876050449e-14, 2.01462392521e-16, 3.81161311078e-15, 1.46989703683e-15, 8.66306255527e-17, -2.43495767254e-17, -2.98334136097e-17], [-6.00293266159e-15, 6.57945323657e-13, -1.314817504e-12, -6.15591883024e-11, -2.67062951614e-11, 2.09124245698e-11, 3.49472568939e-11, 4.31445851268e-12, 1.25409353041e-11, 1.13166368637e-11, 2.4782121342e-13, 1.1461415584e-12, 9.43538107888e-13, 4.47810218811e-13, 4.06161717215e-14, 3.90479451074e-13, 4.21535392313e-13, 8.88280941858e-12, 1.97995089833e-13, 6.32591377826e-14, 2.1539902159e-14, 1.20763833571e-14, 5.88005401544e-15, 2.29629742616e-15, 7.49404657673e-17, -1.0976175531e-17, -1.93858610841e-17], [-3.10911617158e-15, 2.00091367628e-13, 2.82027092652e-12, -8.64861220834e-12, -9.33158064709e-12, -9.19534088629e-14, -1.30551168834e-12, -1.29754917206e-13, 1.18243730779e-11, 1.84182465286e-12, 5.47191740703e-13, 1.37303330597e-12, 3.34049709552e-13, 2.85161569922e-13, 6.57043931524e-14, 1.03481086818e-13, 8.92889142614e-14, 1.97995089833e-13, 1.91108066872e-12, 8.73567846749e-14, 1.0172389664e-14, 6.30589686506e-15, 3.39140578312e-15, 7.0873734856e-16, 2.70976493913e-17, -1.69203119564e-17, -1.92014974148e-17], [-1.1781352676e-15, 6.86583765102e-14, 1.71722803078e-12, -3.95633872885e-12, -5.87921725193e-12, -4.87982657754e-12, 1.45822264853e-12, 6.43321930015e-14, 9.71343578487e-12, 3.23748704711e-13, 1.10991151979e-13, 1.17677663946e-13, 1.33584061781e-13, 1.70405573333e-13, 3.36263745256e-14, 9.93279894099e-14, 2.62886382178e-14, 6.32591377826e-14, 8.73567846749e-14, 3.71318698445e-13, 7.46418053911e-15, 3.71737984836e-15, 8.57552143547e-16, 3.81825459024e-16, 3.28121240827e-17, -3.36502925489e-18, -2.78859893246e-18], [-2.56313413919e-16, 2.99486476776e-15, 2.92220430796e-13, -1.39449020907e-12, -5.78075131166e-12, 1.38941917867e-12, 1.0796557062e-13, -6.87334100768e-14, 6.57534302614e-13, 9.55689317289e-14, 8.45748591196e-15, 6.65107888469e-14, 6.61493090664e-14, 4.94920368522e-14, 7.36046643692e-16, 4.36668659131e-14, 2.79876050449e-14, 2.1539902159e-14, 1.0172389664e-14, 7.46418053911e-15, 3.3218978783e-14, 1.34687598328e-15, 4.17584251911e-16, 1.92678435865e-16, 2.02292230038e-17, -8.92965666284e-19, -2.18817168686e-18], [-9.03132534921e-17, -1.05493506658e-15, 2.87638226497e-14, -1.30525581662e-12, -4.56980026736e-12, -4.53722447797e-14, 3.70066553356e-13, -7.52219043754e-15, 2.22501176012e-13, 7.95631328833e-14, 3.33484155817e-14, 3.02466317509e-14, 1.73375057393e-14, 4.36172601697e-16, 1.96127387266e-15, 1.90434910815e-14, 2.01462392521e-16, 1.20763833571e-14, 6.30589686506e-15, 3.71737984836e-15, 1.34687598328e-15, 4.758986428e-15, 2.3104192124e-16, 6.99358510078e-17, 8.63569859342e-18, 1.69477061362e-20, -3.89601344729e-19], [-6.40156627018e-19, -2.31627723932e-15, 9.41825251414e-15, -2.91108473048e-13, -8.75126089216e-13, -7.62751000598e-14, 1.24029774081e-13, -3.3108894993e-14, 5.29991903229e-14, 1.25664723852e-14, -2.43121685741e-15, -4.44317993449e-15, 3.58754663821e-15, 6.16313623807e-15, 3.10910034265e-16, 4.55302274357e-15, 3.81161311078e-15, 5.88005401544e-15, 3.39140578312e-15, 8.57552143547e-16, 4.17584251911e-16, 2.3104192124e-16, 6.31609175361e-16, 3.31650919763e-17, 4.92341043878e-18, 1.43487195149e-19, 2.78516106644e-20], [-1.40833223377e-17, -4.41304774324e-16, 1.16760840566e-14, -6.51907659257e-14, -6.40776548575e-13, -2.92067205924e-13, 1.20700458566e-14, -8.92419428964e-15, 6.09093193092e-14, -2.09916496019e-16, -3.21845309023e-15, 3.20042547626e-15, 1.45163934753e-15, 1.5544226664e-15, 9.11059311605e-19, 2.321989206e-15, 1.46989703683e-15, 2.29629742616e-15, 7.0873734856e-16, 3.81825459024e-16, 1.92678435865e-16, 6.99358510078e-17, 3.31650919763e-17, 6.77429621167e-17, 1.83431023146e-18, 4.61061878514e-20, -2.75295821433e-20], [4.64603196397e-18, 1.9515672192e-16, 3.28793308531e-15, -1.15802905595e-14, 3.70470560967e-14, -9.16089425862e-15, -2.0656368021e-15, 6.83426892366e-16, -7.91453863981e-15, 1.30011955283e-15, 5.45392768772e-17, -1.04194806626e-16, 1.10134903101e-16, -8.21449111176e-17, -1.05647851942e-16, 1.18201250798e-16, 8.66306255527e-17, 7.49404657673e-17, 2.70976493913e-17, 3.28121240827e-17, 2.02292230038e-17, 8.63569859342e-18, 4.92341043878e-18, 1.83431023146e-18, 2.92772864354e-18, 7.74313690147e-20, 6.60905741826e-20], [1.07982704879e-17, 8.79066476005e-17, 1.64053701213e-15, 8.34542175898e-15, 2.83359913902e-14, 2.84170067035e-15, 7.44850651206e-16, 1.00621062125e-16, -6.73068367635e-16, -7.36180633716e-16, 2.00131592919e-18, -1.12950374444e-16, 1.05200780674e-17, 8.20493270891e-18, 4.01934132034e-18, -6.04928828663e-17, -2.43495767254e-17, -1.0976175531e-17, -1.69203119564e-17, -3.36502925489e-18, -8.92965666284e-19, 1.69477061362e-20, 1.43487195149e-19, 4.61061878514e-20, 7.74313690147e-20, 9.30683525403e-20, 9.55901418847e-20], [1.21881746265e-17, 8.49036643396e-17, 1.77792363859e-15, 9.70148847325e-15, 3.43950535371e-14, 3.76373838508e-15, 4.63725445271e-16, 1.52419899559e-16, -8.5299875912e-16, -6.680452505e-16, 2.08546542649e-17, -1.03923431828e-16, 9.47981986492e-18, 5.80755029472e-18, 8.48327650349e-18, -6.72611459535e-17, -2.98334136097e-17, -1.93858610841e-17, -1.92014974148e-17, -2.78859893246e-18, -2.18817168686e-18, -3.89601344729e-19, 2.78516106644e-20, -2.75295821433e-20, 6.60905741826e-20, 9.55901418847e-20, 1.05549474008e-19]]
    },
    "mfcc": {
        "kurt": [0.600954055786, 0.109285593033, -0.0249402523041, 0.04789686203, 0.0364854335785, -0.200117826462, 0.208067655563, -0.0850389003754, -0.0312216281891, -0.00801205635071, 0.00206446647644, 0.115129470825, -0.0689697265625],
        "max": [-779.672302246, 233.361297607, 6.46978759766, 37.3862495422, 3.99945068359, -11.0337371826, 8.66203689575, 10.4208087921, 5.24346542358, -1.38555908203, 3.20339584351, 3.31407165527, 4.58366394043],
        "mean": [-814.214782715, 202.217147827, -18.2849178314, 17.497341156, -15.943110466, -27.7333164215, -12.3548526764, -7.90885305405, -11.3963241577, -19.4792308807, -14.8421344757, -18.3351478577, -15.8622322083],
        "median": [-814.634643555, 201.763793945, -18.4517402649, 17.4453468323, -15.8984947205, -27.7232627869, -12.3089828491, -7.81760406494, -11.303894043, -19.4678421021, -14.78474617, -18.3380661011, -15.9258003235],
        "min": [-850.169555664, 173.196258545, -39.2556114197, -3.80903244019, -35.5382804871, -45.2293205261, -31.0324707031, -27.9200286865, -29.4311981201, -37.8505706787, -30.6933040619, -38.624370575, -35.4538993835],
        "skew": [0.296651214361, 0.262803673744, 0.0739560425282, -0.0172451194376, -0.126161113381, -0.00909441057593, -0.0211788062006, -0.0461433269083, -0.116437479854, 0.0529246665537, 0.0194556508213, -0.0248466432095, 0.0406710170209],
        "var": [64.5797348022, 74.7551651001, 47.6161689758, 37.2586021423, 34.1209487915, 29.912273407, 28.8980350494, 29.9703159332, 29.3726730347, 27.8000907898, 25.9960918427, 26.0600852966, 26.4065647125],
        "cov": [[64.6047286987, 55.8514289856, 23.5963687897, 18.4614944458, 10.6211719513, 8.7354516983, 0.658538043499, -4.66887712479, -6.40614318848, -3.04233884811, -2.09570336342, -4.54905939102, -2.57789802551], [55.8514289856, 74.7840957642, 44.4626731873, 21.2967834473, 19.1792907715, 9.61903858185, 2.32845592499, -5.95116186142, -6.80551671982, -3.89912414551, -4.31438064575, -4.82443141937, -5.09610366821], [23.5963687897, 44.4626731873, 47.6345977783, 28.1738185883, 15.5797548294, 10.2012090683, 2.73470163345, -1.54396510124, -3.17004084587, -2.28308701515, -1.89859247208, -2.74387145042, -2.45696306229], [18.4614944458, 21.2967834473, 28.1738185883, 37.273021698, 22.7246208191, 9.92408466339, 6.49638938904, 1.6977404356, -0.0508115068078, 0.576877832413, 0.640237927437, -0.107190817595, -0.416214138269], [10.6211719513, 19.1792907715, 15.5797548294, 22.7246208191, 34.1341514587, 18.7558631897, 7.04439067841, 3.40534687042, 0.750724732876, 1.18305516243, 0.740277945995, 0.26599958539, -0.726733446121], [8.7354516983, 9.61903858185, 10.2012090683, 9.92408466339, 18.7558631897, 29.9238491058, 15.8984766006, 3.67826771736, 2.30545401573, 1.4347358942, 1.85849916935, 0.718876957893, 0.323778599501], [0.658538043499, 2.32845592499, 2.73470163345, 6.49638938904, 7.04439067841, 15.8984766006, 28.9092197418, 15.644744873, 5.0422668457, 4.80486917496, 2.6361811161, 1.96822595596, 0.185741618276], [-4.66887712479, -5.95116186142, -1.54396510124, 1.6977404356, 3.40534687042, 3.67826771736, 15.644744873, 29.9819145203, 17.0682964325, 6.29438781738, 5.32963895798, 1.50523638725, 0.63567763567], [-6.40614318848, -6.80551671982, -3.17004084587, -0.0508115068078, 0.750724732876, 2.30545401573, 5.0422668457, 17.0682964325, 29.3840408325, 16.8247718811, 5.66493749619, 4.01157426834, 0.308025509119], [-3.04233884811, -3.89912414551, -2.28308701515, 0.576877832413, 1.18305516243, 1.4347358942, 4.80486917496, 6.29438781738, 16.8247718811, 27.8108501434, 15.4722576141, 4.01977157593, 3.23031306267], [-2.09570336342, -4.31438064575, -1.89859247208, 0.640237927437, 0.740277945995, 1.85849916935, 2.6361811161, 5.32963895798, 5.66493749619, 15.4722576141, 26.0061531067, 14.6481275558, 5.04322099686], [-4.54905939102, -4.82443141937, -2.74387145042, -0.107190817595, 0.26599958539, 0.718876957893, 1.96822595596, 1.50523638725, 4.01157426834, 4.01977157593, 14.6481275558, 26.0701694489, 14.9273061752], [-2.57789802551, -5.09610366821, -2.45696306229, -0.416214138269, -0.726733446121, 0.323778599501, 0.185741618276, 0.63567763567, 0.308025509119, 3.23031306267, 5.04322099686, 14.9273061752, 26.4167842865]]
    },
    "sccoeffs": {
        "kurt": [-0.202702522278, 0.0582137107849, 0.0230619907379, -0.054839849472, 0.0831875801086, 0.0364692211151],
        "max": [-0.256034225225, -0.514522910118, -0.596167206764, -0.747133553028, -0.754407405853, -0.787836372852],
        "mean": [-0.463336408138, -0.719376802444, -0.746890902519, -0.818482816219, -0.809786200523, -0.818685114384],
        "median": [-0.464686751366, -0.720840513706, -0.748757004738, -0.819251060486, -0.810096025467, -0.81884086132],
        "min": [-0.694463312626, -0.873949050903, -0.883934319019, -0.894062280655, -0.87271374464, -0.847767829895],
        "skew": [0.097549714148, 0.223522230983, 0.128988966346, 0.131818816066, 0.0865059047937, 0.0297347735614],
        "var": [0.00469781272113, 0.00283512962051, 0.00180492294021, 0.000456615467556, 0.000213933089981, 7.07708386471e-05],
        "cov": [[0.0046996306628, 9.25264685065e-05, -9.09739828785e-05, 1.052909397e-06, 5.19345212524e-06, -1.91017625184e-06], [9.25264685065e-05, 0.00283622695133, -2.74823341897e-05, -4.47648781119e-05, -8.37875268189e-06, 1.70337656868e-07], [-9.09739828785e-05, -2.74823341897e-05, 0.00180562143214, -2.71441294899e-05, 1.87240802916e-05, -3.86191914004e-06], [1.052909397e-06, -4.47648781119e-05, -2.71441294899e-05, 0.000456792186014, 6.00622661295e-06, 6.1641380853e-06], [5.19345212524e-06, -8.37875268189e-06, 1.87240802916e-05, 6.00622661295e-06, 0.000214015875827, -1.73660032488e-06], [-1.91017625184e-06, 1.70337656868e-07, -3.86191914004e-06, 6.1641380853e-06, -1.73660032488e-06, 7.07982253516e-05]]
    },
    "scvalleys": {
        "kurt": [0.29369354248, 0.14705657959, 0.294049501419, 0.215877771378, 0.691562652588, 0.12252664566],
        "max": [-6.16011190414, -4.85625362396, -6.08722352982, -7.33710432053, -8.42402076721, -11.2722454071],
        "mean": [-7.73403358459, -6.15782546997, -6.79557847977, -8.0654335022, -9.00409030914, -11.5392122269],
        "median": [-7.70369911194, -6.15592050552, -6.78358316422, -8.0673418045, -8.99978351593, -11.5411891937],
        "min": [-10.1002883911, -7.32867240906, -7.80966329575, -8.7767162323, -9.69316005707, -11.8730573654],
        "skew": [-0.402604728937, -0.0253455396742, -0.338228076696, 0.0107684936374, -0.124220907688, 0.00975199881941],
        "var": [0.250225663185, 0.113728575408, 0.0591143667698, 0.0352482534945, 0.0147807952017, 0.00621709413826],
        "cov": [[0.250322520733, 0.0262106601149, 0.00184603349771, 0.0105496859178, 0.00221370859072, -4.23809433414e-05], [0.0262106601149, 0.113772593439, 0.00838522892445, 0.00716142449528, 0.000844455440529, -0.000720859796274], [0.00184603349771, 0.00838522892445, 0.0591372437775, 0.00403306307271, 0.00107750145253, -0.000287775881588], [0.0105496859178, 0.00716142449528, 0.00403306307271, 0.0352618955076, 0.00190243672114, -9.43980921875e-06], [0.00221370859072, 0.000844455440529, 0.00107750145253, 0.00190243672114, 0.0147865153849, 0.00118437758647], [-4.23809433414e-05, -0.000720859796274, -0.000287775881588, -9.43980921875e-06, 0.00118437758647, 0.00621950021014]]
    }
},
"rhythm": {
    "beats_loudness": {
        "kurt": 7.35763645172,
        "max": 0.0194650068879,
        "mean": 0.00470170704648,
        "median": 0.00403711246327,
        "min": 0.000924519030377,
        "skew": 2.1601805687,
        "var": 7.38994685889e-06
    },
    "bpm": 99.3430099487,
    "confidence": 0.155289083719,
    "first_peak_bpm": {
        "kurt": 0,
        "max": 99,
        "mean": 99,
        "median": 99,
        "min": 99,
        "skew": 0,
        "var": 0
    },
    "first_peak_spread": {
        "kurt": 0,
        "max": 0.636363625526,
        "mean": 0.636363625526,
        "median": 0.636363625526,
        "min": 0.636363625526,
        "skew": 0,
        "var": 0
    },
    "first_peak_weight": {
        "kurt": 0,
        "max": 0.156862750649,
        "mean": 0.156862750649,
        "median": 0.156862750649,
        "min": 0.156862750649,
        "skew": 0,
        "var": 0
    },
    "onset_rate": 1.03333342075,
    "second_peak_bpm": {
        "kurt": 0,
        "max": 112,
        "mean": 112,
        "median": 112,
        "min": 112,
        "skew": 0,
        "var": 0
    },
    "second_peak_spread": {
        "kurt": 0,
        "max": 0.400000035763,
        "mean": 0.400000035763,
        "median": 0.400000035763,
        "min": 0.400000035763,
        "skew": 0,
        "var": 0
    },
    "second_peak_weight": {
        "kurt": 0,
        "max": 0.088235296309,
        "mean": 0.088235296309,
        "median": 0.088235296309,
        "min": 0.088235296309,
        "skew": 0,
        "var": 0
    },
    "beats_loudness_band_ratio": {
        "kurt": [-0.499993085861, -0.393298149109, -0.39607667923, 4.07694005966, 9.64853000641, 2.2317404747],
        "max": [0.571120798588, 0.892393290997, 0.584421157837, 0.145993411541, 0.0422721579671, 0.0061938627623],
        "mean": [0.253477811813, 0.564568221569, 0.255390197039, 0.041881699115, 0.00987649522722, 0.00200843252242],
        "median": [0.221448361874, 0.554183483124, 0.253732889891, 0.0386163778603, 0.00907033588737, 0.00184560928028],
        "min": [0.0508806370199, 0.283697336912, 0.0515625886619, 0.00955705903471, 0.00237254309468, 0.00037040602183],
        "skew": [0.620868086815, 0.156490027905, 0.463254868984, 1.5863802433, 2.32537341118, 1.26604664326],
        "var": [0.0164411794394, 0.0183394420892, 0.0140425888821, 0.000534816004802, 3.14464741678e-05, 1.11842393835e-06],
        "cov": [[0.0166023671627, -0.00249989819713, -0.00680570397526, -0.000894528464414, -0.000195776330656, -4.17970877606e-05], [-0.00249989819713, 0.0185192413628, -0.0121588436887, -0.0016529065324, -0.000415550690377, -8.97746285773e-05], [-0.00680570397526, -0.0121588436887, 0.0141802616417, 0.00153041642625, 0.000399949931307, 8.93787364475e-05], [-0.000894528464414, -0.0016529065324, 0.00153041642625, 0.000540059292689, 8.950602205e-05, 1.64314678841e-05], [-0.000195776330656, -0.000415550690377, 0.000399949931307, 8.950602205e-05, 3.17547710438e-05, 5.29360613655e-06], [-4.17970877606e-05, -8.97746285773e-05, 8.93787364475e-05, 1.64314678841e-05, 5.29360613655e-06, 1.12938880648e-06]]
    },
    "beats_position": [0.487619042397, 0.975238084793, 1.48607707024, 1.99691605568, 2.48453521729, 2.99537420273, 3.52943301201, 4.04027223587, 4.60916090012, 5.17804956436, 5.7701587677, 6.31582736969, 6.84988641739, 7.40716552734, 8.03410434723, 8.66104316711, 9.24154186249, 9.84526062012, 10.47219944, 11.0643081665, 11.7260770798, 12.3297958374, 12.933514595, 13.5140132904, 14.117732048, 14.7214508057, 15.3483896255, 15.9521083832, 16.5790481567, 17.1827659607, 17.786485672, 18.4366436005, 19.0751914978, 19.7369613647, 20.3871192932, 21.0140590668, 21.640996933, 22.2679367065, 22.8716545105, 23.4753742218, 24.0326519012, 24.6131515503, 25.1820411682, 25.7277088165, 26.3082084656, 26.9119262695, 27.5156459808, 28.1541938782, 28.7695236206, 29.3500213623, 29.9769611359, 30.5574588776, 31.1379585266, 31.6255779266, 32.1131973267, 32.6008148193, 33.1348762512, 33.6689338684, 34.2262115479, 34.7602729797, 35.2943305969, 35.8748283386, 36.4088897705, 36.9893875122, 37.6627655029, 38.2897033691, 38.9630813599, 39.6596832275, 40.3330612183, 41.006439209, 41.6798171997, 42.3067550659, 42.9801368713, 43.6070747375, 44.257232666, 44.9073905945, 45.5343284607, 46.1844902039, 46.8114280701, 47.415145874, 48.018863678, 48.6690254211, 49.3191833496, 49.9229011536, 50.5033988953, 51.0839004517, 51.6643981934, 52.1287956238, 52.5699768066, 53.0808143616, 53.6380958557, 54.1721534729, 54.7062110901, 55.1938323975, 55.6698417664, 56.0994110107, 56.5638084412, 56.9817695618, 57.4461669922, 57.8873443604, 58.3285255432, 58.7697029114, 59.2573242188],
    "bpm_estimates": [101.33265686, 95.7031173706, 95.7031173706, 103.359405518, 99.3840255737, 95.7031173706, 101.332740784, 99.3840255737, 99.3840255737, 103.359405518, 99.3840255737, 99.3840255737, 95.7031173706, 99.3840255737, 95.7029724121, 99.3841781616, 99.3838653564, 95.7029724121, 95.7032623291, 95.7029724121, 99.3841781616, 99.3838653564, 103.359237671, 103.359237671, 99.3841781616, 99.3838653564, 97.5086975098, 103.359573364, 95.7029724121, 103.359573364, 103.359237671, 103.359573364, 103.359573364, 95.7032623291, 95.7032623291, 95.7032623291, 95.7032623291, 95.7032623291, 99.3841781616, 99.3841781616, 99.3841781616, 103.359573364, 103.358894348, 103.359573364],
    "bpm_intervals": [0.487619042397, 0.510838985443, 0.510838985443, 0.487619161606, 0.510838985443, 0.53405880928, 0.510839223862, 0.568888664246, 0.568888664246, 0.592109203339, 0.54566860199, 0.534059047699, 0.557279109955, 0.626938819885, 0.626938819885, 0.580498695374, 0.603718757629, 0.626938819885, 0.592108726501, 0.661768913269, 0.603718757629, 0.603718757629, 0.580498695374, 0.603718757629, 0.603718757629, 0.626938819885, 0.603718757629, 0.62693977356, 0.603717803955, 0.603719711304, 0.650157928467, 0.638547897339, 0.661769866943, 0.650157928467, 0.62693977356, 0.626937866211, 0.62693977356, 0.603717803955, 0.603719711304, 0.557277679443, 0.580499649048, 0.56888961792, 0.545667648315, 0.580499649048, 0.603717803955, 0.603719711304, 0.638547897339, 0.615329742432, 0.580497741699, 0.62693977356, 0.580497741699, 0.580499649048, 0.487619400024, 0.487619400024, 0.487617492676, 0.534061431885, 0.534057617188, 0.557277679443, 0.534061431885, 0.534057617188, 0.580497741699, 0.534061431885, 0.580497741699, 0.673377990723, 0.626937866211, 0.673377990723, 0.696601867676, 0.673377990723, 0.673377990723, 0.673377990723, 0.626937866211, 0.67338180542, 0.626937866211, 0.650157928467, 0.650157928467, 0.626937866211, 0.650161743164, 0.626937866211, 0.603717803955, 0.603717803955, 0.650161743164, 0.650157928467, 0.603717803955, 0.580497741699, 0.580501556396, 0.580497741699, 0.46439743042, 0.441181182861, 0.510837554932, 0.557281494141, 0.534057617188, 0.534057617188, 0.487621307373, 0.476009368896, 0.429569244385, 0.46439743042, 0.417961120605, 0.46439743042, 0.441177368164, 0.441181182861, 0.441177368164, 0.487621307373],
