{
"metadata": {
    "version": {
        "essentia": "2.1-beta3"
    }
},
"lowLevel": {
    "average_loudness": 0.87466365099,
    "barkbands_kurtosis": {
        "kurt": 71.6451797485,
        "max": 56.741645813,
        "mean": 0.417152017355,
        "median": -0.651901483536,
        "min": -1.86400127411,
        "skew": 7.08232975006,
        "var": 15.3667373657
    },
    "barkbands_skewness": {
        "kurt": 1.93840169907,
        "max": 4.9979929924,
        "mean": 0.275031328201,
        "median": 0.482609033585,
        "min": -6.20505714417,
        "skew": -1.07364356518,
        "var": 1.41408503056
    },
    "barkbands_spread": {
        "kurt": -0.142345190048,
        "max": 98.3411865234,
        "mean": 46.2063484192,
        "median": 46.3710403442,
        "min": 1.53983187675,
        "skew": -0.0848390907049,
        "var": 246.050750732
    },
    "dissonance": {
        "kurt": 3.45886087418,
        "max": 0.5,
        "mean": 0.481333315372,
        "median": 0.485523402691,
        "min": 0.379975438118,
        "skew": -1.5878431797,
        "var": 0.000233997983742
    },
    "hfc": {
        "kurt": 246.466049194,
        "max": 9.20798492432,
        "mean": 0.123547211289,
        "median": 0.0446700118482,
        "min": 4.03929243475e-06,
        "skew": 13.6626729965,
        "var": 0.160400077701
    },
    "pitch": {
        "kurt": -1.58793818951,
        "max": 6370.73681641,
        "mean": 2214.99853516,
        "median": 2515.47900391,
        "min": 43.4005126953,
        "skew": 0.175604015589,
        "var": 3485205.75
    },
    "pitch_instantaneous_confidence": {
        "kurt": -0.0920593738556,
        "max": 0.88953012228,
        "mean": 0.348394870758,
        "median": 0.299704790115,
        "min": 0.0922996401787,
        "skew": 0.890322566032,
        "var": 0.0292872283608
    },
    "pitch_salience": {
        "kurt": 0.255753755569,
        "max": 0.959531903267,
        "mean": 0.715064525604,
        "median": 0.722373843193,
        "min": 0.302275151014,
        "skew": -0.397284418344,
        "var": 0.00872681383044
    },
    "silence_rate_20dB": {
        "kurt": 0,
        "max": 1,
        "mean": 1,
        "median": 1,
        "min": 1,
        "skew": 0,
        "var": 0
    },
    "silence_rate_30dB": {
        "kurt": 0,
        "max": 1,
        "mean": 1,
        "median": 1,
        "min": 1,
        "skew": 0,
        "var": 0
    },
    "silence_rate_60dB": {
        "kurt": 0,
        "max": 1,
        "mean": 1,
        "median": 1,
        "min": 1,
        "skew": 0,
        "var": 0
    },
    "spectral_centroid": {
        "kurt": 0.261210441589,
        "max": 6686.55419922,
        "mean": 2083.41821289,
        "median": 1899.32592773,
        "min": 263.00100708,
        "skew": 0.776109814644,
        "var": 969172.625
    },
    "spectral_complexity": {
        "kurt": 591.509338379,
        "max": 10,
        "mean": 0.0176787078381,
        "median": 0,
        "min": 0,
        "skew": 22.1048698425,
        "var": 0.0750115737319
    },
    "spectral_crest": {
        "kurt": 1.3795542717,
        "max": 21.3070411682,
        "mean": 6.8453578949,
        "median": 6.27468252182,
        "min": 2.33290505409,
        "skew": 1.08335828781,
        "var": 6.82298374176
    },
    "spectral_decrease": {
        "kurt": 319.006134033,
        "max": -1.20284194812e-15,
        "mean": -9.13571648886e-12,
        "median": -5.70764355917e-12,
        "min": -5.81583781134e-10,
        "skew": -15.7060260773,
        "var": 4.78255140565e-22
    },
    "spectral_energy": {
        "kurt": 296.569549561,
        "max": 0.00299203232862,
        "mean": 4.56864181615e-05,
        "median": 2.60191409325e-05,
        "min": 4.90617813043e-09,
        "skew": 15.1240024567,
        "var": 1.39904008378e-08
    },
    "spectral_energyband_high": {
        "kurt": 136.358139038,
        "max": 0.000645518535748,
        "mean": 1.07569494503e-05,
        "median": 3.77531159756e-06,
        "min": 3.09104825069e-10,
        "skew": 9.10250282288,
        "var": 6.60836496635e-10
    },
    "spectral_energyband_low": {
        "kurt": 52.2944297791,
        "max": 0.000116825278383,
        "mean": 7.13566623745e-06,
        "median": 6.05634613748e-06,
        "min": 7.93333509996e-10,
        "skew": 3.7490067482,
        "var": 2.45592868958e-11
    },
    "spectral_energyband_middle_high": {
        "kurt": 386.371856689,
        "max": 0.00288195442408,
        "mean": 2.02787068702e-05,
        "median": 4.627186172e-06,
        "min": 5.49439937991e-10,
        "skew": 17.6100215912,
        "var": 1.08989173242e-08
    },
    "spectral_energyband_middle_low": {
        "kurt": 117.916496277,
        "max": 0.000127365128719,
        "mean": 8.30063618196e-06,
        "median": 7.44380304241e-06,
        "min": 2.59837085181e-09,
        "skew": 6.30745172501,
        "var": 2.2209237921e-11
    },
    "spectral_flatness_db": {
        "kurt": 9.45007038116,
        "max": 0.299048244953,
        "mean": 0.0761769190431,
        "median": 0.0711088404059,
        "min": 0.0273525137454,
        "skew": 2.30981373787,
        "var": 0.000715146539733
    },
    "spectral_flux": {
        "kurt": 41.3293418884,
        "max": 0.0517485700548,
        "mean": 0.00486074527726,
        "median": 0.0037901494652,
        "min": 0.000105324434116,
        "skew": 5.25405740738,
        "var": 1.4745432054e-05
    },
    "spectral_kurtosis": {
        "kurt": 9.17043781281,
        "max": 11.8162126541,
        "mean": 0.745046317577,
        "median": 0.460384368896,
        "min": -1.3535091877,
        "skew": 2.2713675499,
        "var": 1.78154933453
    },
    "spectral_rms": {
        "kurt": 56.8636741638,
        "max": 0.00170852453448,
        "mean": 0.000183642376214,
        "median": 0.000159325223649,
        "min": 2.18781065087e-06,
        "skew": 5.93591594696,
        "var": 1.08476463367e-08
    },
    "spectral_rolloff": {
        "kurt": 0.407456636429,
        "max": 11649.4628906,
        "mean": 3979.44580078,
        "median": 4091.30859375,
        "min": 215.33203125,
        "skew": 0.424661934376,
        "var": 3831291.75
    },
    "spectral_skewness": {
        "kurt": 1.00172710419,
        "max": 2.8964240551,
        "mean": 1.00657570362,
        "median": 0.99402654171,
        "min": -0.142042338848,
        "skew": 0.420988589525,
        "var": 0.13951972127
    },
    "spectral_spread": {
        "kurt": 0.0795760154724,
        "max": 27978006,
        "mean": 14115504,
        "median": 14379121,
        "min": 3098759,
        "skew": -0.340968281031,
        "var": 1.04357366333e+13
    },
    "spectral_strongpeak": {
        "kurt": 57.4696464539,
        "max": 0.775463700294,
        "mean": 0.022198965773,
        "median": 0.00915085338056,
        "min": 0.000113145790237,
        "skew": 6.52196073532,
        "var": 0.00232839910313
    },
    "zerocrossingrate": {
        "kurt": -0.202469348907,
        "max": 0.20556640625,
        "mean": 0.113855570555,
        "median": 0.11181640625,
        "min": 0.04248046875,
        "skew": 0.315897494555,
        "var": 0.000644345476758
    },
    "barkbands": {
        "kurt": [4.77351713181, 13.508441925, 47.1188926697, 1291.24353027, 239.612579346, 42.0813179016, 13.5150642395, 9.81637763977, 1059.28918457, 429.372314453, 210.950393677, 194.939590454, 673.206420898, 307.354217529, 603.97265625, 918.348327637, 1041.55932617, 585.504821777, 497.861724854, 217.915786743, 158.431259155, 227.582778931, 206.887588501, 164.304931641, 101.964424133, 344.039215088, 156.038314819],
        "max": [1.04722596461e-06, 2.90100470011e-05, 8.04050723673e-05, 7.96064559836e-05, 3.95249080611e-05, 1.55554917001e-05, 2.09078425542e-05, 2.81644424831e-05, 4.95545064041e-05, 2.31052654271e-05, 1.26135591927e-05, 1.183493805e-05, 1.10623504952e-05, 2.02031551453e-05, 8.63327295519e-05, 0.000221788621275, 0.000956483301707, 0.00133427674882, 0.00146332383156, 0.000496344815474, 0.000326687208144, 0.000168049286003, 4.58181384602e-05, 3.66545355064e-05, 2.73597906926e-05, 4.56402813143e-06, 9.01340513337e-08],
        "mean": [1.37648328291e-07, 2.36332311943e-06, 4.04615821026e-06, 8.71454972184e-07, 1.41175598856e-06, 9.71512918113e-07, 1.61795207987e-06, 2.3349989533e-06, 9.22190906749e-07, 6.41772771814e-07, 4.06881383697e-07, 4.16533964653e-07, 1.57340934948e-07, 1.93662117454e-07, 4.36847557239e-07, 9.23473237435e-07, 3.3293879369e-06, 5.49223796042e-06, 6.13690826867e-06, 4.50442439615e-06, 4.22675111622e-06, 1.82131941528e-06, 7.12488713361e-07, 7.40912184938e-07, 7.82687834544e-07, 8.2974004556e-08, 2.81403433888e-09],
        "median": [9.63764748008e-08, 1.80239987913e-06, 3.15711190524e-06, 6.16716192781e-07, 1.15287161861e-06, 7.83028951901e-07, 1.19324727166e-06, 1.60856620823e-06, 7.37224297609e-07, 5.15831231951e-07, 3.13325244861e-07, 3.21927984714e-07, 1.15659744893e-07, 7.53136788489e-08, 9.02649546219e-08, 1.58762730962e-07, 3.25647050659e-07, 6.18399894847e-07, 5.6074782151e-07, 7.51305151425e-07, 9.15789541978e-07, 4.30681154739e-07, 2.74267563327e-07, 3.6339602616e-07, 4.35857032244e-07, 5.23245446971e-08, 1.92012250544e-09],
        "min": [3.91806309619e-11, 3.68407415685e-10, 2.16155662813e-10, 1.46504974818e-10, 5.58880053347e-10, 1.35956090136e-11, 1.8703863458e-10, 1.73534381309e-10, 6.48623377231e-11, 8.91562795813e-11, 7.56486887021e-11, 9.98969656996e-11, 1.91306137598e-11, 1.02914317693e-11, 1.42253335847e-11, 7.82573242319e-11, 2.65286854984e-11, 5.74585726221e-11, 5.26856128169e-11, 6.22101536951e-11, 6.65587029935e-11, 2.34800026644e-11, 2.1819997198e-11, 4.05886123322e-11, 8.07602110187e-11, 1.04790160924e-11, 1.71195035144e-13],
        "skew": [1.90848612785, 2.50780153275, 3.58906030655, 30.4873752594, 10.8662605286, 4.1381278038, 2.57595062256, 2.40491104126, 24.3047428131, 13.9311342239, 10.3440771103, 9.82374095917, 21.0294818878, 14.6148757935, 20.4617900848, 26.4299411774, 27.7817058563, 21.622505188, 20.1065254211, 12.1780357361, 10.0063905716, 12.0318126678, 10.2503080368, 9.40298652649, 7.97754240036, 13.2310323715, 9.4212474823],
        "var": [1.7669808623e-14, 4.10636021714e-12, 1.25204794449e-11, 2.61923685865e-12, 1.81164621065e-12, 6.3204064378e-13, 1.96565528611e-12, 4.94761176473e-12, 1.03573529961e-12, 3.5824555128e-13, 1.76790250191e-13, 1.75621182093e-13, 7.22809534665e-14, 4.35531060002e-13, 4.87129347276e-12, 2.88552220312e-11, 4.45441294961e-10, 1.38395295224e-09, 2.41625430775e-09, 3.23294585547e-10, 1.63274421761e-10, 3.35381028505e-11, 2.26586176037e-12, 1.74588587944e-12, 1.68608540758e-12, 1.6228936123e-14, 1.30478427577e-17],
        "cov": [[1.76732035311e-14, 3.95492829024e-14, -1.27105213494e-15, 4.74784074496e-15, 3.45847279309e-15, 1.63095834005e-15, 1.91816031917e-15, 1.02452514381e-14, -8.87176379724e-16, 1.71912017618e-15, 2.11519479402e-15, 2.81199946005e-15, 4.21986335078e-16, 1.11048878121e-15, 3.72717536088e-15, 1.25839170288e-14, 4.39150770598e-14, 6.37700138463e-14, 5.77356494861e-14, 1.54046798917e-14, 7.58418732005e-15, -1.50975173694e-15, -2.65241104125e-15, -3.97269172523e-16, 7.66712412756e-16, -9.37989595062e-17, -2.89827584385e-18], [3.95492829024e-14, 4.10714951632e-12, 2.21845718879e-12, 1.05531157272e-13, 1.90070967862e-13, 1.09975683142e-14, 7.03176733963e-14, -4.74407703876e-14, -8.6578339797e-16, -2.4688093231e-14, -5.88846039393e-15, 9.21976834241e-16, -6.62611301209e-15, -4.08011637172e-14, -1.14953538225e-13, -2.77048593485e-13, -9.29057612092e-13, -3.52231481829e-13, -1.23582472923e-13, -4.82220220786e-13, -3.03995652436e-13, -3.5718949093e-14, 3.70406084819e-14, -3.83163790139e-14, -2.69817957717e-14, -4.8443266915e-15, -1.60784019041e-16], [-1.27105213494e-15, 2.21845718879e-12, 1.25228863737e-11, 1.41422778436e-12, 5.3350108619e-13, 9.88904528469e-14, 2.68697200991e-13, 2.05709256053e-13, 1.70680560885e-14, -3.01213471076e-15, 2.43572404677e-14, 2.19563747066e-14, 3.71764327561e-15, -2.14370554186e-14, -1.30104192936e-13, -1.28480573077e-13, -4.84157852698e-13, 1.8832671967e-12, 8.22130856231e-14, -8.9166684019e-13, -9.10587902823e-13, -4.42867259792e-13, 4.25011622304e-14, 3.44392313875e-14, 1.7630423285e-14, -7.84998287076e-15, -2.03724354302e-16], [4.74784074496e-15, 1.05531157272e-13, 1.41422778436e-12, 2.6197401453e-12, 1.17920267734e-12, 1.98961439229e-13, 6.81426079842e-14, -4.75088667544e-15, 5.69447147898e-17, -6.65802159025e-15, 2.02215987146e-15, -6.85813566513e-15, -3.18646780265e-16, -8.26109878204e-15, -3.7194246706e-14, 6.12862150894e-14, 1.31309935866e-14, 4.49035313056e-13, 8.43624486675e-13, 5.32089671802e-13, 2.15205620251e-13, -3.06722014324e-14, 4.30974598728e-14, 3.03455787516e-14, 1.19463570235e-14, 2.34503549019e-15, 1.2833066966e-17], [3.45847279309e-15, 1.90070967862e-13, 5.3350108619e-13, 1.17920267734e-12, 1.81199445639e-12, 2.38507754128e-13, 1.53280749096e-13, 2.1879464115e-13, 5.93560506193e-14, 3.88568233037e-14, 2.69347752788e-14, 2.96779880402e-14, 5.7864755095e-15, 7.1678121812e-15, 3.67539877791e-15, 4.00663101194e-15, -2.14130013769e-14, -1.39729699165e-13, 6.87601614102e-13, 4.15023430119e-13, 1.38384854791e-13, -1.1729111919e-15, 4.05662984215e-14, 2.33977317095e-14, 2.22626567382e-14, 2.78556567935e-15, 1.15242948525e-16], [1.63095834005e-15, 1.09975683142e-14, 9.88904528469e-14, 1.98961439229e-13, 2.38507754128e-13, 6.32162128634e-13, 2.82979531734e-13, 3.22545782401e-13, 1.03583510042e-13, 5.1268427573e-14, 4.79763730371e-14, 5.07639381377e-14, 1.36132094434e-14, 4.64662157831e-15, -4.18224762344e-15, -8.65624168482e-14, -2.489816079e-13, -4.53029161494e-13, -1.24561832745e-13, -2.39954838768e-13, -2.50280346578e-13, -1.54682473427e-13, -2.67573642279e-14, -1.84972208991e-14, 1.39879243256e-15, 2.60378404442e-16, 2.85528784645e-17], [1.91816031917e-15, 7.03176733963e-14, 2.68697200991e-13, 6.81426079842e-14, 1.53280749096e-13, 2.82979531734e-13, 1.96603302215e-12, 8.71635825583e-13, 2.46882158814e-13, 1.13416078558e-13, 1.04482998046e-13, 1.15705161381e-13, 4.48134402037e-14, 2.21946315222e-14, 1.84780847307e-14, -6.6419600668e-14, -5.44174351847e-13, -1.28986513311e-12, -1.00706715103e-12, 1.12639837236e-13, -5.8244526552e-14, -1.16107481702e-13, 1.39274459614e-14, 2.49242714277e-14, 5.55067195549e-14, -2.18253243101e-15, -8.0384427583e-18], [1.02452514381e-14, -4.74407703876e-14, 2.05709256053e-13, -4.75088667544e-15, 2.1879464115e-13, 3.22545782401e-13, 8.71635825583e-13, 4.94856282687e-12, 4.28005883773e-13, 2.12251399724e-13, 1.62490680633e-13, 1.89339985205e-13, 6.76600431498e-14, 4.4199497171e-14, 1.090730086e-13, -1.07197962258e-13, -1.49821561407e-13, -1.31449798962e-12, -2.78887199792e-12, -2.26695764482e-13, -7.83888579048e-13, -3.99633641067e-13, -2.88859648007e-14, 5.21883256825e-15, 1.07656681421e-13, -2.36235921978e-15, 7.27265598712e-17], [-8.87176379724e-16, -8.6578339797e-16, 1.70680560885e-14, 5.69447147898e-17, 5.93560506193e-14, 1.03583510042e-13, 2.46882158814e-13, 4.28005883773e-13, 1.03593435913e-12, 1.08561170307e-13, 6.66302204925e-14, 8.96362316511e-14, 5.99565292162e-14, 3.10145755378e-14, 2.26166572178e-14, 5.76857262112e-15, -1.27670269173e-14, -1.96200667475e-13, -9.52435762094e-14, 1.17368679879e-13, -4.18120331652e-14, -4.12187509602e-14, 7.94504622547e-15, 6.65849465815e-15, 4.10273994411e-14, -1.44251913203e-15, -7.86890630149e-17], [1.71912017618e-15, -2.4688093231e-14, -3.01213471076e-15, -6.65802159025e-15, 3.88568233037e-14, 5.1268427573e-14, 1.13416078558e-13, 2.12251399724e-13, 1.08561170307e-13, 3.58314398118e-13, 7.06997801232e-14, 5.82901443585e-14, 3.32479134285e-14, 3.7830666605e-14, 7.33209269666e-14, 7.39319087721e-14, 1.57956967276e-13, -1.74956196855e-14, -5.08740591971e-14, 3.67898088025e-14, -2.61794472006e-14, -5.15445467612e-14, -1.0080094413e-14, -2.36463286797e-15, 3.08613608301e-14, 1.17354371375e-15, 4.42681950635e-17], [2.11519479402e-15, -5.88846039393e-15, 2.43572404677e-14, 2.02215987146e-15, 2.69347752788e-14, 4.79763730371e-14, 1.04482998046e-13, 1.62490680633e-13, 6.66302204925e-14, 7.06997801232e-14, 1.76824226377e-13, 9.8132663291e-14, 5.03645417743e-14, 7.40236322759e-14, 1.05709427214e-13, 1.11930389545e-13, 1.77122409079e-13, 1.37094762626e-13, 8.14550046879e-14, 1.13067229733e-13, -4.05220019865e-14, -4.23558757512e-14, -3.85085021799e-15, -3.58740941887e-15, 7.07334429066e-15, -7.91602846488e-16, 1.53565636111e-18], [2.81199946005e-15, 9.21976834241e-16, 2.19563747066e-14, -6.85813566513e-15, 2.96779880402e-14, 5.07639381377e-14, 1.15705161381e-13, 1.89339985205e-13, 8.96362316511e-14, 5.82901443585e-14, 9.8132663291e-14, 1.75654941439e-13, 5.23066595733e-14, 6.26703279116e-14, 1.14641843653e-13, 1.51817808e-13, 3.84283506709e-13, 3.6865139847e-13, 3.76415288912e-13, 1.72225650625e-13, -5.7348548653e-14, -5.20694225855e-14, -7.32909403062e-15, 8.91038320567e-16, 1.33904812829e-14, -5.0350735349e-16, 8.85880161234e-18], [4.21986335078e-16, -6.62611301209e-15, 3.71764327561e-15, -3.18646780265e-16, 5.7864755095e-15, 1.36132094434e-14, 4.48134402037e-14, 6.76600431498e-14, 5.99565292162e-14, 3.32479134285e-14, 5.03645417743e-14, 5.23066595733e-14, 7.22948448068e-14, 9.70924797267e-14, 2.36373502152e-13, 4.55929998616e-13, 1.32265823728e-12, 1.06082460524e-12, 6.350599842e-13, 2.1858731459e-13, 5.38821171383e-14, 6.72208057446e-15, 1.37765472536e-15, 2.04495373983e-15, 6.17393167298e-15, -1.68309112684e-16, -1.74004431527e-18], [1.11048878121e-15, -4.08011637172e-14, -2.14370554186e-14, -8.26109878204e-15, 7.1678121812e-15, 4.64662157831e-15, 2.21946315222e-14, 4.4199497171e-14, 3.10145755378e-14, 3.7830666605e-14, 7.40236322759e-14, 6.26703279116e-14, 9.70924797267e-14, 4.35614760409e-13, 1.21820966942e-12, 1.91515032999e-12, 5.42155166247e-12, 2.36730513664e-12, 8.96908632433e-13, 3.55284947512e-13, 9.4765280421e-14, -1.73216577529e-14, 3.49157335836e-15, 1.25613478359e-14, 1.26008432882e-14, -5.74504490459e-16, 4.42345875424e-18], [3.72717536088e-15, -1.14953538225e-13, -1.30104192936e-13, -3.7194246706e-14, 3.67539877791e-15, -4.18224762344e-15, 1.84780847307e-14, 1.090730086e-13, 2.26166572178e-14, 7.33209269666e-14, 1.05709427214e-13, 1.14641843653e-13, 2.36373502152e-13, 1.21820966942e-12, 4.87222978976e-12, 8.4679025944e-12, 2.75562975216e-11, 1.28060262047e-11, 6.31835425993e-12, 2.1515606137e-12, 5.37827323909e-13, 3.94824520029e-14, 4.38013442519e-14, 8.75388018909e-14, 1.13333672416e-13, 7.9640663503e-16, 7.57906552357e-17], [1.25839170288e-14, -2.77048593485e-13, -1.28480573077e-13, 6.12862150894e-14, 4.00663101194e-15, -8.65624168482e-14, -6.6419600668e-14, -1.07197962258e-13, 5.76857262112e-15, 7.39319087721e-14, 1.11930389545e-13, 1.51817808e-13, 4.55929998616e-13, 1.91515032999e-12, 8.4679025944e-12, 2.88607679422e-11, 9.83360337603e-11, 1.01198951996e-10, 6.05941269383e-11, 1.98710006782e-11, 7.10617242133e-12, 2.35713683815e-12, 5.49243430684e-13, 4.33274022129e-13, 4.1534836551e-13, 2.08630262724e-14, 4.81750306388e-16], [4.39150770598e-14, -9.29057612092e-13, -4.84157852698e-13, 1.31309935866e-14, -2.14130013769e-14, -2.489816079e-13, -5.44174351847e-13, -1.49821561407e-13, -1.27670269173e-14, 1.57956967276e-13, 1.77122409079e-13, 3.84283506709e-13, 1.32265823728e-12, 5.42155166247e-12, 2.75562975216e-11, 9.83360337603e-11, 4.45526893156e-10, 4.35062375015e-10, 3.20832332923e-10, 9.44269176739e-11, 3.44390835294e-11, 1.09067581355e-11, 2.72946942825e-12, 2.1396547728e-12, 2.16992071013e-12, 1.0693181773e-13, 2.48102472404e-15], [6.37700138463e-14, -3.52231481829e-13, 1.8832671967e-12, 4.49035313056e-13, -1.39729699165e-13, -4.53029161494e-13, -1.28986513311e-12, -1.31449798962e-12, -1.96200667475e-13, -1.74956196855e-14, 1.37094762626e-13, 3.6865139847e-13, 1.06082460524e-12, 2.36730513664e-12, 1.28060262047e-11, 1.01198951996e-10, 4.35062375015e-10, 1.38421896168e-09, 1.4355201472e-09, 3.36016853231e-10, 1.51042844898e-10, 5.35891955811e-11, 6.52083985767e-12, 3.95329515651e-12, 4.58769610842e-12, 2.80784076545e-13, 3.84051768659e-15], [5.77356494861e-14, -1.23582472923e-13, 8.22130856231e-14, 8.43624486675e-13, 6.87601614102e-13, -1.24561832745e-13, -1.00706715103e-12, -2.78887199792e-12, -9.52435762094e-14, -5.08740591971e-14, 8.14550046879e-14, 3.76415288912e-13, 6.350599842e-13, 8.96908632433e-13, 6.31835425993e-12, 6.05941269383e-11, 3.20832332923e-10, 1.4355201472e-09, 2.41671860302e-09, 5.95199056708e-10, 2.75198197563e-10, 1.03795493034e-10, 1.21067869271e-11, 7.27273059484e-12, 6.48518261662e-12, 5.11802893902e-13, 8.97288259048e-15], [1.54046798917e-14, -4.82220220786e-13, -8.9166684019e-13, 5.32089671802e-13, 4.15023430119e-13, -2.39954838768e-13, 1.12639837236e-13, -2.26695764482e-13, 1.17368679879e-13, 3.67898088025e-14, 1.13067229733e-13, 1.72225650625e-13, 2.1858731459e-13, 3.55284947512e-13, 2.1515606137e-12, 1.98710006782e-11, 9.44269176739e-11, 3.36016853231e-10, 5.95199056708e-10, 3.23356730281e-10, 1.68971170389e-10, 4.97145068168e-11, 7.02578793754e-12, 4.93917710551e-12, 3.81160901453e-12, 2.9072011183e-13, 5.69863819287e-15], [7.58418732005e-15, -3.03995652436e-13, -9.10587902823e-13, 2.15205620251e-13, 1.38384854791e-13, -2.50280346578e-13, -5.8244526552e-14, -7.83888579048e-13, -4.18120331652e-14, -2.61794472006e-14, -4.05220019865e-14, -5.7348548653e-14, 5.38821171383e-14, 9.4765280421e-14, 5.37827323909e-13, 7.10617242133e-12, 3.44390835294e-11, 1.51042844898e-10, 2.75198197563e-10, 1.68971170389e-10, 1.63305799439e-10, 4.92603631497e-11, 7.28056157029e-12, 5.23299546057e-12, 3.86539238117e-12, 3.07256580205e-13, 5.62606949214e-15], [-1.50975173694e-15, -3.5718949093e-14, -4.42867259792e-13, -3.06722014324e-14, -1.1729111919e-15, -1.54682473427e-13, -1.16107481702e-13, -3.99633641067e-13, -4.12187509602e-14, -5.15445467612e-14, -4.23558757512e-14, -5.20694225855e-14, 6.72208057446e-15, -1.73216577529e-14, 3.94824520029e-14, 2.35713683815e-12, 1.09067581355e-11, 5.35891955811e-11, 1.03795493034e-10, 4.97145068168e-11, 4.92603631497e-11, 3.35445490829e-11, 4.92030634985e-12, 2.69244544195e-12, 1.98969183143e-12, 1.81789221805e-13, 2.89072905492e-15], [-2.65241104125e-15, 3.70406084819e-14, 4.25011622304e-14, 4.30974598728e-14, 4.05662984215e-14, -2.67573642279e-14, 1.39274459614e-14, -2.88859648007e-14, 7.94504622547e-15, -1.0080094413e-14, -3.85085021799e-15, -7.32909403062e-15, 1.37765472536e-15, 3.49157335836e-15, 4.38013442519e-14, 5.49243430684e-13, 2.72946942825e-12, 6.52083985767e-12, 1.21067869271e-11, 7.02578793754e-12, 7.28056157029e-12, 4.92030634985e-12, 2.26629717597e-12, 1.24218441522e-12, 8.46727635923e-13, 6.17276818852e-14, 1.32933975429e-15], [-3.97269172523e-16, -3.83163790139e-14, 3.44392313875e-14, 3.03455787516e-14, 2.33977317095e-14, -1.84972208991e-14, 2.49242714277e-14, 5.21883256825e-15, 6.65849465815e-15, -2.36463286797e-15, -3.58740941887e-15, 8.91038320567e-16, 2.04495373983e-15, 1.25613478359e-14, 8.75388018909e-14, 4.33274022129e-13, 2.1396547728e-12, 3.95329515651e-12, 7.27273059484e-12, 4.93917710551e-12, 5.23299546057e-12, 2.69244544195e-12, 1.24218441522e-12, 1.74622144002e-12, 1.22328471137e-12, 7.78575608932e-14, 1.70064014073e-15], [7.66712412756e-16, -2.69817957717e-14, 1.7630423285e-14, 1.19463570235e-14, 2.22626567382e-14, 1.39879243256e-15, 5.55067195549e-14, 1.07656681421e-13, 4.10273994411e-14, 3.08613608301e-14, 7.07334429066e-15, 1.33904812829e-14, 6.17393167298e-15, 1.26008432882e-14, 1.13333672416e-13, 4.1534836551e-13, 2.16992071013e-12, 4.58769610842e-12, 6.48518261662e-12, 3.81160901453e-12, 3.86539238117e-12, 1.98969183143e-12, 8.46727635923e-13, 1.22328471137e-12, 1.68640947561e-12, 1.05563486826e-13, 1.96138419871e-15], [-9.37989595062e-17, -4.8443266915e-15, -7.84998287076e-15, 2.34503549019e-15, 2.78556567935e-15, 2.60378404442e-16, -2.18253243101e-15, -2.36235921978e-15, -1.44251913203e-15, 1.17354371375e-15, -7.91602846488e-16, -5.0350735349e-16, -1.68309112684e-16, -5.74504490459e-16, 7.9640663503e-16, 2.08630262724e-14, 1.0693181773e-13, 2.80784076545e-13, 5.11802893902e-13, 2.9072011183e-13, 3.07256580205e-13, 1.81789221805e-13, 6.17276818852e-14, 7.78575608932e-14, 1.05563486826e-13, 1.62320548983e-14, 2.88190572446e-16], [-2.89827584385e-18, -1.60784019041e-16, -2.03724354302e-16, 1.2833066966e-17, 1.15242948525e-16, 2.85528784645e-17, -8.0384427583e-18, 7.27265598712e-17, -7.86890630149e-17, 4.42681950635e-17, 1.53565636111e-18, 8.85880161234e-18, -1.74004431527e-18, 4.42345875424e-18, 7.57906552357e-17, 4.81750306388e-16, 2.48102472404e-15, 3.84051768659e-15, 8.97288259048e-15, 5.69863819287e-15, 5.62606949214e-15, 2.89072905492e-15, 1.32933975429e-15, 1.70064014073e-15, 1.96138419871e-15, 2.88190572446e-16, 1.30503507693e-17]]
    },
    "mfcc": {
        "kurt": [1.42234325409, 0.486751079559, 0.743182897568, 0.709277868271, 0.578977823257, 0.0743556022644, 0.585791349411, 0.230509519577, 0.293084621429, 0.117094993591, 0.036661863327, 0.0914857387543, 0.0381631851196],
        "max": [-791.08380127, 124.756469727, 77.7560577393, 117.1612854, 60.2613945007, 33.1889724731, 46.4647750854, 47.7049865723, 47.0527076721, 25.0567016602, 30.9283294678, 32.2062263489, 24.2385063171],
        "mean": [-947.26953125, 67.0130615234, 19.5492267609, 33.1330528259, -9.59780406952, -12.2974157333, 6.9063949585, 5.79830789566, 8.96864318848, -2.2690653801, 3.10923719406, 7.06709814072, 1.38190221786],
        "median": [-950.637512207, 70.4918441772, 23.2137298584, 30.9016132355, -10.5526504517, -11.998500824, 7.60239982605, 5.83977985382, 8.76677322388, -2.18657684326, 3.26603317261, 7.04625701904, 1.49819755554],
        "min": [-1138.42004395, -37.7243118286, -82.2543106079, -27.4426765442, -59.8063659668, -54.2961502075, -39.4792175293, -32.4490280151, -18.7538928986, -36.6716804504, -26.3152141571, -16.5993499756, -24.2099533081],
        "skew": [0.449484944344, -0.69532084465, -0.791295707226, 0.665799856186, 0.437238752842, -0.123905062675, -0.36515212059, 0.0240768045187, 0.18989944458, -0.0214115325361, -0.0344414785504, 0.0665688961744, -0.121386818588],
        "var": [1052.97460938, 630.680541992, 525.183410645, 357.137756348, 264.981079102, 144.715011597, 117.990280151, 89.6269683838, 75.9773635864, 62.8387908936, 54.9465789795, 51.5604476929, 41.0197257996],
        "cov": [[1053.17700195, -546.211242676, -349.48614502, 360.607910156, -5.06937074661, -101.483352661, -53.2248649597, 29.552312851, 20.3154602051, -16.6297187805, 0.161836043, 19.2734832764, 5.02233409882], [-546.211242676, 630.801757812, 37.7991294861, -269.933532715, 96.7022857666, 8.27032756805, 2.89105343819, -35.1574707031, -3.16842031479, 15.7942399979, 10.1701021194, 5.17336368561, 3.90779018402], [-349.48614502, 37.7991294861, 525.284362793, -192.765548706, -173.107940674, 126.011962891, 69.4360198975, -14.4142503738, -53.7024002075, 23.7895030975, 10.2754011154, -19.6705169678, 9.26581764221], [360.607910156, -269.933532715, -192.765548706, 357.206390381, -44.8383216858, -59.9711761475, 28.6703472137, 22.756067276, 17.9708023071, -25.2872142792, -1.07591176033, 8.73837089539, -7.18420505524], [-5.06937074661, 96.7022857666, -173.107940674, -44.8383216858, 265.032012939, -54.3620262146, -66.5968322754, 39.0942459106, 31.8208026886, -4.41159582138, -14.3775930405, 8.04125022888, -10.2181520462], [-101.483352661, 8.27032756805, 126.011962891, -59.9711761475, -54.3620262146, 144.742828369, -10.1320371628, -20.8301181793, 13.579662323, 8.62315559387, -1.89403748512, -17.6833744049, 3.23675107956], [-53.2248649597, 2.89105343819, 69.4360198975, 28.6703472137, -66.5968322754, -10.1320371628, 118.012962341, -19.2391929626, -19.4588088989, 16.5241413116, 0.629508733749, -1.69037604332, -0.998728871346], [29.552312851, -35.1574707031, -14.4142503738, 22.756067276, 39.0942459106, -20.8301181793, -19.2391929626, 89.6441955566, -9.07209300995, -13.6777133942, 11.8242616653, 1.23453521729, -1.5700019598], [20.3154602051, -3.16842031479, -53.7024002075, 17.9708023071, 31.8208026886, 13.579662323, -19.4588088989, -9.07209300995, 75.9919662476, -10.201130867, -9.51431369781, 12.7967262268, -2.73937916756], [-16.6297187805, 15.7942399979, 23.7895030975, -25.2872142792, -4.41159582138, 8.62315559387, 16.5241413116, -13.6777133942, -10.201130867, 62.8508682251, -0.754073381424, -5.09592294693, 8.50571346283], [0.161836043, 10.1701021194, 10.2754011154, -1.07591176033, -14.3775930405, -1.89403748512, 0.629508733749, 11.8242616653, -9.51431369781, -0.754073381424, 54.9571418762, -1.78606545925, 1.01461219788], [19.2734832764, 5.17336368561, -19.6705169678, 8.73837089539, 8.04125022888, -17.6833744049, -1.69037604332, 1.23453521729, 12.7967262268, -5.09592294693, -1.78606545925, 51.5703544617, 1.86443316936], [5.02233409882, 3.90779018402, 9.26581764221, -7.18420505524, -10.2181520462, 3.23675107956, -0.998728871346, -1.5700019598, -2.73937916756, 8.50571346283, 1.01461219788, 1.86443316936, 41.0276107788]]
    },
    "sccoeffs": {
        "kurt": [-0.0633540153503, 0.139922142029, 1.17181015015, 4.18765544891, 3.13486003876, 4.08173036575],
        "max": [-0.649534761906, -0.701198160648, -0.722436845303, -0.697384297848, -0.596156716347, -0.684518456459],
        "mean": [-0.807813584805, -0.854411661625, -0.876004636288, -0.871480226517, -0.858248949051, -0.863721609116],
        "median": [-0.809445977211, -0.856090188026, -0.877684950829, -0.874362230301, -0.86750805378, -0.870782911777],
        "min": [-0.927903532982, -0.944254457951, -0.938295006752, -0.936112165451, -0.931357443333, -0.923321425915],
        "skew": [0.221456542611, 0.379912793636, 0.541605889797, 1.38945996761, 1.46740090847, 1.68126952648],
        "var": [0.00178528856486, 0.0010389914969, 0.000493205385283, 0.000587573857047, 0.00118607887998, 0.000763515359722],
        "cov": [[0.00178563175723, -1.62346204888e-05, 5.23018161402e-06, -2.5039040338e-05, -2.88305200229e-05, -5.07338518219e-06], [-1.62346204888e-05, 0.00103919114918, 9.59728276939e-06, -4.00758062824e-06, 1.40419715535e-05, -1.41125510709e-05], [5.23018161402e-06, 9.59728276939e-06, 0.000493300205562, 7.5795187513e-06, -2.09199770325e-05, -1.15403054224e-05], [-2.5039040338e-05, -4.00758062824e-06, 7.5795187513e-06, 0.000587686779909, 0.000183134688996, 4.15216345573e-05], [-2.88305200229e-05, 1.40419715535e-05, -2.09199770325e-05, 0.000183134688996, 0.0011863069376, 0.000242432797677], [-5.07338518219e-06, -1.41125510709e-05, -1.15403054224e-05, 4.15216345573e-05, 0.000242432797677, 0.000763662101235]]
    },
    "scvalleys": {
        "kurt": [5.75482463837, 8.97263622284, 11.2624425888, 4.9725651741, 2.09960460663, 3.17332458496],
        "max": [-7.23036193848, -7.22045564651, -7.76845312119, -7.48541688919, -6.38506746292, -8.00605392456],
        "mean": [-8.44286727905, -8.46852684021, -9.09770107269, -9.99320602417, -9.5166015625, -10.2950773239],
        "median": [-8.41637992859, -8.44545841217, -9.09438991547, -10.071141243, -9.62895202637, -10.3524665833],
        "min": [-12.3644971848, -13.1146373749, -13.1827888489, -14.4130382538, -14.2281923294, -14.8605165482],
        "skew": [-0.92885941267, -1.04422974586, -0.930487930775, 0.686514616013, 0.882029116154, 0.288385361433],
        "var": [0.120560646057, 0.134550645947, 0.091566465795, 0.189177826047, 0.461475461721, 0.234423369169],
        "cov": [[0.120583817363, 0.0176564063877, 0.0159922242165, 0.0118220346048, 0.013287733309, 0.0129741039127], [0.0176564063877, 0.134576499462, 0.0423065871, 0.0317248106003, 0.0185000617057, 0.0105906510726], [0.0159922242165, 0.0423065871, 0.0915840640664, 0.0397138930857, 0.0225322786719, 0.0149093130603], [0.0118220346048, 0.0317248106003, 0.0397138930857, 0.18921418488, 0.139419138432, 0.026942262426], [0.013287733309, 0.0185000617057, 0.0225322786719, 0.139419138432, 0.461564153433, 0.159729138017], [0.0129741039127, 0.0105906510726, 0.0149093130603, 0.026942262426, 0.159729138017, 0.234468430281]]
    }
},
"rhythm": {
    "beats_loudness": {
        "kurt": 50.8033256531,
        "max": 0.000488458317704,
        "mean": 4.17891678808e-05,
        "median": 3.07045629597e-05,
        "min": 1.04938844743e-05,
        "skew": 5.95743274689,
        "var": 1.82200776688e-09
    },
    "bpm": 111.158851624,
    "confidence": 0.0123159410432,
    "first_peak_bpm": {
        "kurt": 0,
        "max": 112,
        "mean": 112,
        "median": 112,
        "min": 112,
        "skew": 0,
        "var": 0
    },
    "first_peak_spread": {
        "kurt": 0,
        "max": 0.629629611969,
        "mean": 0.629629611969,
        "median": 0.629629611969,
        "min": 0.629629611969,
        "skew": 0,
        "var": 0
    },
    "first_peak_weight": {
        "kurt": 0,
        "max": 0.0809716582298,
        "mean": 0.0809716582298,
        "median": 0.0809716582298,
        "min": 0.0809716582298,
        "skew": 0,
        "var": 0
    },
    "onset_rate": 5.88510751724,
    "second_peak_bpm": {
        "kurt": 0,
        "max": 152,
        "mean": 152,
        "median": 152,
        "min": 152,
        "skew": 0,
        "var": 0
    },
    "second_peak_spread": {
        "kurt": 0,
        "max": 0.16666662693,
        "mean": 0.16666662693,
        "median": 0.16666662693,
        "min": 0.16666662693,
        "skew": 0,
        "var": 0
    },
    "second_peak_weight": {
        "kurt": 0,
        "max": 0.0809716582298,
        "mean": 0.0809716582298,
        "median": 0.0809716582298,
        "min": 0.0809716582298,
        "skew": 0,
        "var": 0
    },
    "beats_loudness_band_ratio": {
        "kurt": [0.0164647102356, 5.69218730927, -0.244327306747, 11.6363725662, 3.94424581528, -0.495850324631],
        "max": [0.662986040115, 0.369698345661, 0.490337193012, 0.303941547871, 0.732910275459, 0.904614567757],
        "mean": [0.258225798607, 0.0782315209508, 0.169459298253, 0.0528498217463, 0.132863804698, 0.324882149696],
        "median": [0.246222794056, 0.0672742128372, 0.142190173268, 0.0480967611074, 0.0819393545389, 0.265114396811],
        "min": [0.0097084287554, 0.00145178358071, 0.00714255357161, 0.00360506190918, 0.00782569684088, 0.0341631583869],
        "skew": [0.570950627327, 1.88532936573, 0.74550974369, 2.41285896301, 1.96299219131, 0.70733910799],
        "var": [0.0196331255138, 0.0027747892309, 0.0113872364163, 0.00122003292199, 0.0200194753706, 0.0413238182664],
        "cov": [[0.0197126120329, 0.00188503565732, 0.00275319186039, 0.00121249700896, -0.0081949038431, -0.0170618314296], [0.00188503565732, 0.00278602307662, 0.00219760462642, 0.000546675815713, -0.00228137639351, -0.00479095522314], [0.00275319186039, 0.00219760462642, 0.0114333387464, 0.00184089189861, -0.00488727679476, -0.0130269853398], [0.00121249700896, 0.000546675815713, 0.00184089189861, 0.00122497230768, -0.00117106316611, -0.00356253888458], [-0.0081949038431, -0.00228137639351, -0.00488727679476, -0.00117106316611, 0.0201005265117, -0.0037658882793], [-0.0170618314296, -0.00479095522314, -0.0130269853398, -0.00356253888458, -0.0037658882793, 0.0414911210537]]
    },
    "beats_position": [0.417959183455, 0.835918366909, 1.25387752056, 1.69505667686, 2.12462592125, 2.50775504112, 2.90249419212, 3.29723358154, 3.69197273254, 4.07510185242, 4.45823097229, 4.80653047562, 5.15482997894, 5.52634906769, 5.92108821869, 6.29260778427, 6.62929677963, 7.01242637634, 7.38394546509, 7.77868461609, 8.17342376709, 8.56816291809, 8.95129203796, 9.32281208038, 9.65950107574, 10.0310201645, 10.4257593155, 10.8437185287, 11.2152376175, 11.5519275665, 11.9582767487, 12.3530158997, 12.7709751129, 13.1541042328, 13.5140132904, 13.8971424103, 14.3034915924, 14.7214508057, 15.15102005, 15.6270294189, 16.1030387878, 16.5558280945, 16.99700737, 17.4149665833, 17.8561439514, 18.2857131958, 18.7501125336, 19.1564617157, 19.5512008667, 19.9459400177, 20.3406791687, 20.7121982574, 21.0837192535, 21.4552383423, 21.826757431, 22.1518363953, 22.5697956085, 23.0341949463, 23.4753742218, 23.9629936218, 24.4622211456, 25.0078907013, 25.5071201324, 26.0527877808, 26.563627243, 27.0860767365, 27.6085262299, 28.1193637848, 28.6766433716, 29.2339229584, 29.7912006378, 30.3484802246, 30.8825397491, 31.3701572418, 31.9042167664, 32.4382743835, 33.0187759399, 33.6108856201, 34.1797714233, 34.7370529175, 35.3175506592, 35.7819480896, 36.2927894592, 36.8152389526, 37.3028564453, 37.8253059387, 38.3477554321, 38.7076644897, 39.0791816711, 39.4739227295, 39.8454399109, 40.2634010315, 40.6581382751, 41.0760993958, 41.4476165771, 41.8423576355, 42.2138786316, 42.6086158752, 42.9801368713, 43.374874115, 43.7928352356, 44.2107925415, 44.6287536621, 45.046710968, 45.4414520264, 45.8826293945, 46.3005905151, 46.6953277588, 47.0900688171, 47.5544662476, 48.018863678, 48.4832649231, 48.9476623535, 49.4468917847, 49.9461212158, 50.4569587708, 50.9678001404, 51.4438095093, 51.9662590027, 52.4538764954, 52.9763259888, 53.4523353577, 53.9747848511, 54.4275741577, 54.8919715881, 55.3563690186, 55.7975502014, 56.2851676941, 56.726348877, 57.1907463074, 57.608707428, 58.0731048584, 58.4794540405, 58.9322433472, 59.37342453, 59.884262085, 60.3718795776, 60.9059410095, 61.3935585022, 61.9043960571, 62.4152374268, 62.9028549194, 63.4369163513, 63.9709739685, 64.5050354004, 65.0274810791, 65.6195907593, 66.2117004395, 66.7689819336, 67.3146438599, 67.871925354, 68.4756469727, 69.0793609619, 69.7062988281, 70.3100204468, 70.8905181885, 71.4710159302, 72.0515213013, 72.608795166, 73.1660766602, 73.7697982788, 74.3619003296, 74.9772338867, 75.5461196899, 76.0569610596, 76.6258468628, 77.1831283569, 77.7636260986, 78.3789520264, 78.947845459, 79.5051269531, 80.1088409424, 80.712562561, 81.2698364258, 81.8271179199, 82.4076156616, 83.0345535278, 83.5686187744, 84.0794525146, 84.6135101318, 85.1475753784, 85.6816329956, 86.1692504883, 86.6800918579, 87.1677093506, 87.6321105957, 88.1197280884, 88.5841217041, 89.0717468262, 89.5825805664, 90.05859375, 90.5810394287, 91.0222167969, 91.5098419189, 91.9858474731, 92.4154205322, 92.8798141479, 93.3209991455, 93.7853927612, 94.2265777588, 94.667755127, 95.1553726196, 95.6429901123, 96.0841674805, 96.5717926025, 97.0826263428, 97.5934677124, 98.1507492065, 98.6848068237, 99.2072525024, 99.7761459351, 100.345031738, 100.890701294, 101.424758911, 101.958816528, 102.527709961, 103.073379517, 103.607437134, 104.141494751, 104.675552368, 105.186393738, 105.67401123, 106.173240662, 106.626029968, 107.20652771, 107.752197266, 108.344306946, 108.948028564, 109.528526306, 110.132240295, 110.7707901, 111.339683533, 111.920181274, 112.500679016, 113.034736633, 113.615234375, 114.184127808, 114.822669983, 115.379951477, 115.960449219, 116.54094696, 117.156280518, 117.701950073, 118.23600769, 118.74684906, 119.2576828, 119.791740417, 120.349021912],
    "bpm_estimates": [109.95665741, 109.957038879, 114.843635559, 114.843635559, 107.665885925, 107.665885925, 107.666252136, 107.665885925, 112.34703064, 112.34703064, 112.347427368, 107.665519714, 114.843635559, 114.843635559, 114.843635559, 114.843635559, 114.843635559, 114.843635559, 112.346626282, 112.346626282, 112.347427368, 112.346626282, 114.844474792, 107.665519714, 109.958190918, 107.665519714, 107.666992188, 107.665519714, 107.665519714, 107.665519714, 107.666992188, 107.665519714, 112.345825195, 112.347427368, 112.345825195, 112.347427368, 114.844474792, 107.665519714, 112.347427368, 114.844474792, 109.95665741, 112.347427368, 112.347427368, 109.95665741, 112.347427368, 112.347427368, 112.347427368, 109.95665741, 112.347427368, 107.665519714, 109.95665741, 112.347427368, 112.347427368, 107.665519714],
