{
"metadata": {
    "version": {
        "essentia": "2.1-beta3"
    }
},
"lowLevel": {
    "average_loudness": 0.98509657383,
    "barkbands_kurtosis": {
        "kurt": 1.71034288406,
        "max": 18.2278862,
        "mean": 4.72182416916,
        "median": 4.31570529938,
        "min": -0.697048902512,
        "skew": 1.07512676716,
        "var": 4.72379875183
    },
    "barkbands_skewness": {
        "kurt": 0.149843215942,
        "max": 3.97389793396,
        "mean": 1.91168427467,
        "median": 1.8744250536,
        "min": 0.831437587738,
        "skew": 0.435490697622,
        "var": 0.189806029201
    },
    "barkbands_spread": {
        "kurt": 5.52123832703,
        "max": 36.1148223877,
        "mean": 11.104557991,
        "median": 10.9821300507,
        "min": 5.41276550293,
        "skew": 0.78068459034,
        "var": 4.5243601799
    },
    "dissonance": {
        "kurt": 1.12648296356,
        "max": 0.500000178814,
        "mean": 0.467403560877,
        "median": 0.471937060356,
        "min": 0.332583934069,
        "skew": -1.01406598091,
        "var": 0.00044770873501
    },
    "hfc": {
        "kurt": 4.54808855057,
        "max": 3.24303078651,
        "mean": 1.35978913307,
        "median": 1.3453322649,
        "min": 8.02053273219e-06,
        "skew": 0.0681248307228,
        "var": 0.0543346330523
    },
    "pitch": {
        "kurt": 735.409118652,
        "max": 3693.91235352,
        "mean": 137.946182251,
        "median": 127.738037109,
        "min": 62.8842048645,
        "skew": 22.5956306458,
        "var": 10732.2099609
    },
    "pitch_instantaneous_confidence": {
        "kurt": 0.996759176254,
        "max": 0.537909865379,
        "mean": 0.278486818075,
        "median": 0.269604682922,
        "min": 0.129257380962,
        "skew": 0.860325932503,
        "var": 0.00337929767556
    },
    "pitch_salience": {
        "kurt": -0.404431581497,
        "max": 0.845741689205,
        "mean": 0.584309399128,
        "median": 0.587810993195,
        "min": 0.306391209364,
        "skew": -0.213108122349,
        "var": 0.00891683995724
    },
    "silence_rate_20dB": {
        "kurt": 0,
        "max": 1,
        "mean": 1,
        "median": 1,
        "min": 1,
        "skew": 0,
        "var": 0
    },
    "silence_rate_30dB": {
        "kurt": 0,
        "max": 1,
        "mean": 1,
        "median": 1,
        "min": 1,
        "skew": 0,
        "var": 0
    },
    "silence_rate_60dB": {
        "kurt": -1.54874873161,
        "max": 1,
        "mean": 0.340788692236,
        "median": 0,
        "min": 0,
        "skew": 0.67177015543,
        "var": 0.224659338593
    },
    "spectral_centroid": {
        "kurt": 1.10795497894,
        "max": 992.414489746,
        "mean": 392.470275879,
        "median": 383.073303223,
        "min": 224.122070312,
        "skew": 0.745281279087,
        "var": 6309.14404297
    },
    "spectral_complexity": {
        "kurt": 1.26132440567,
        "max": 14,
        "mean": 8.52736949921,
        "median": 9,
        "min": 0,
        "skew": -0.212090879679,
        "var": 2.68716192245
    },
    "spectral_crest": {
        "kurt": -0.827986001968,
        "max": 19.4548854828,
        "mean": 10.8648424149,
        "median": 10.8951921463,
        "min": 3.41117572784,
        "skew": 0.0396750755608,
        "var": 10.5279426575
    },
    "spectral_decrease": {
        "kurt": 0.398696899414,
        "max": -6.34298589672e-15,
        "mean": -9.3554775038e-10,
        "median": -8.93181861805e-10,
        "min": -2.14196616e-09,
        "skew": -0.603371918201,
        "var": 8.86897365913e-20
    },
    "spectral_energy": {
        "kurt": 0.412628650665,
        "max": 0.00828209146857,
        "mean": 0.00365431210957,
        "median": 0.00349722383544,
        "min": 2.46673703685e-08,
        "skew": 0.594347000122,
        "var": 1.30212504246e-06
    },
    "spectral_energyband_high": {
        "kurt": 2.31609678268,
        "max": 3.3415028156e-05,
        "mean": 1.50472487803e-05,
        "median": 1.47030186781e-05,
        "min": 9.54062107095e-11,
        "skew": 0.438416570425,
        "var": 9.58348157776e-12
    },
    "spectral_energyband_low": {
        "kurt": 0.365670442581,
        "max": 0.00594556005672,
        "mean": 0.00180638441816,
        "median": 0.00163425307255,
        "min": 1.1658896959e-08,
        "skew": 0.788940012455,
        "var": 1.00895636024e-06
    },
    "spectral_energyband_middle_high": {
        "kurt": 1.78224229813,
        "max": 0.000879985105712,
        "mean": 0.000347942055669,
        "median": 0.000341246952303,
        "min": 1.16096177116e-09,
        "skew": 0.443485468626,
        "var": 6.21210505258e-09
    },
    "spectral_energyband_middle_low": {
        "kurt": 2.24696779251,
        "max": 0.00542987789959,
        "mean": 0.00168775976636,
        "median": 0.00161810975987,
        "min": 1.39182443348e-08,
        "skew": 0.936033904552,
        "var": 2.86046855535e-07
    },
    "spectral_flatness_db": {
        "kurt": -0.334129095078,
        "max": 0.220554500818,
        "mean": 0.166804745793,
        "median": 0.166852980852,
        "min": 0.111175529659,
        "skew": 0.059110250324,
        "var": 0.0003228103742
    },
    "spectral_flux": {
        "kurt": 1.19755268097,
        "max": 0.0626011565328,
        "mean": 0.0287794750184,
        "median": 0.0278302710503,
        "min": 0.00114106258843,
        "skew": 0.715704143047,
        "var": 3.77912911063e-05
    },
    "spectral_kurtosis": {
        "kurt": 0.327968120575,
        "max": 16.3131351471,
        "mean": 11.3493394852,
        "median": 11.2752132416,
        "min": 5.85761070251,
        "skew": 0.296858787537,
        "var": 1.45248603821
    },
    "spectral_rms": {
        "kurt": 1.75000858307,
        "max": 0.00284254970029,
        "mean": 0.00186450115871,
        "median": 0.00184713979252,
        "min": 4.90568299938e-06,
        "skew": -0.128392413259,
        "var": 8.88243647523e-08
    },
    "spectral_rolloff": {
        "kurt": 30.9108123779,
        "max": 3359.1796875,
        "mean": 637.97845459,
        "median": 602.9296875,
        "min": 193.798828125,
        "skew": 1.92515194416,
        "var": 22497.9492188
    },
    "spectral_skewness": {
        "kurt": 0.330188035965,
        "max": 3.4020652771,
        "mean": 2.90882182121,
        "median": 2.90828180313,
        "min": 2.03481626511,
        "skew": -0.0186994913965,
        "var": 0.0213311240077
    },
    "spectral_spread": {
        "kurt": 367.660522461,
        "max": 18491802,
        "mean": 4888355.5,
        "median": 4889858,
        "min": 3540891,
        "skew": 10.8893556595,
        "var": 165248565248
    },
    "spectral_strongpeak": {
        "kurt": 0.372809410095,
        "max": 0.523558795452,
        "mean": 0.180465117097,
        "median": 0.177368208766,
        "min": 0.000116325943964,
        "skew": 0.337731003761,
        "var": 0.00457056984305
    },
    "zerocrossingrate": {
        "kurt": 0.155691862106,
        "max": 0.05419921875,
        "mean": 0.0287834461778,
        "median": 0.02880859375,
        "min": 0.00439453125,
        "skew": 0.21169193089,
        "var": 3.27049856423e-05
    },
    "barkbands": {
        "kurt": [3.53318929672, 2.1959810257, 0.107364654541, 4.67695665359, 3.88265752792, 0.853335618973, 3.55778694153, 1.57993507385, 1.22922468185, 0.545946598053, 2.3891825676, 2.20085430145, 0.721197843552, 1.35447025299, 1.29600906372, 0.897207021713, 2.08638143539, 1.13252782822, 940.284973145, 10.1274900436, 2.47979640961, 9.95626449585, 40.053352356, 63.8540039062, 0.932286977768, 0.800283908844, 2.39327859879],
        "max": [3.36232005793e-05, 0.000350454763975, 0.00506711471826, 0.00202559540048, 0.00230597355403, 0.00126044964418, 0.000995217706077, 0.00100218411535, 0.000475005450426, 0.000503928749822, 0.000382641766919, 0.000137502604048, 5.66308408452e-05, 3.57700264431e-05, 0.000135220208904, 2.31513076869e-05, 3.03406322928e-05, 3.99224481953e-05, 0.000509103934746, 5.36232655577e-05, 1.85998778761e-05, 1.9266964955e-05, 2.55800364357e-06, 1.72752390881e-06, 8.74907698289e-07, 2.45524063303e-07, 5.45508971328e-09],
        "mean": [4.40873782281e-06, 8.4829494881e-05, 0.00152260519098, 0.000344795786077, 0.000404510268709, 0.000308774207952, 0.000189563288586, 0.000265441020019, 0.000132263070554, 0.000142251010402, 8.13822334749e-05, 3.04033565044e-05, 1.92141324078e-05, 1.0696659956e-05, 4.11080000049e-05, 8.27283565741e-06, 9.55293126026e-06, 1.53585115186e-05, 1.80165807251e-05, 1.07645091703e-05, 5.0978442232e-06, 3.89666183764e-06, 4.08168176591e-07, 2.64756351953e-07, 3.47006249513e-07, 8.76083205981e-08, 2.85359069707e-09],
        "median": [3.48683488482e-06, 7.57838352001e-05, 0.00138182053342, 0.00027867872268, 0.000339059857652, 0.000282586959656, 0.000171574749402, 0.000243208458414, 0.000122553639812, 0.000134401358082, 7.55104774726e-05, 2.70565069513e-05, 1.83004194696e-05, 9.98678751785e-06, 3.92323127016e-05, 7.83603536547e-06, 9.03703949007e-06, 1.46886995935e-05, 1.70598286786e-05, 1.04667687992e-05, 4.8603264986e-06, 3.57739781975e-06, 3.94477012833e-07, 2.63121705757e-07, 3.41605471021e-07, 8.63594067368e-08, 2.81956369363e-09],
        "min": [4.02247846143e-10, 3.21391802061e-09, 5.89062310041e-09, 3.45080453101e-09, 2.700496049e-09, 4.40370051535e-09, 1.96351268578e-09, 9.9231445283e-10, 3.62088997674e-10, 7.17901293967e-11, 3.27303989467e-10, 1.91503451985e-10, 5.4966566021e-11, 4.69555887228e-11, 1.9031519416e-10, 8.01088639868e-11, 4.78083475586e-11, 6.19940557223e-11, 9.23061627134e-11, 4.50735490598e-11, 2.14744836496e-11, 2.03799668114e-11, 7.009465057e-12, 6.80366223429e-12, 7.16209556939e-12, 6.58422968924e-12, 2.18708623261e-12],
        "skew": [1.53557431698, 1.21133387089, 0.690255880356, 1.7569797039, 1.60117638111, 0.843435406685, 1.21371686459, 1.0187536478, 0.919218659401, 0.678383350372, 1.03729879856, 1.1642986536, 0.753922939301, 0.97136002779, 0.772528529167, 0.789113998413, 1.02204704285, 0.749647200108, 26.480173111, 1.25769758224, 0.934628069401, 2.12125968933, 2.71725034714, 3.20692658424, 0.252896219492, 0.159327611327, 0.141616538167],
        "var": [1.34461036055e-11, 2.36187225333e-09, 7.5215234574e-07, 7.28344957679e-08, 7.50091757595e-08, 2.95121829197e-08, 9.46686018466e-09, 1.79396657529e-08, 4.27220792076e-09, 4.53117321442e-09, 1.50750878447e-09, 2.67429828282e-10, 6.69689304011e-11, 2.26739581971e-11, 2.69727018498e-10, 1.0446516048e-11, 1.3556646257e-11, 2.64267756983e-11, 1.55296497883e-10, 1.04731293082e-11, 2.52089213219e-12, 2.35262634027e-12, 1.27731026846e-14, 4.68696364001e-15, 1.0936711538e-14, 8.67720138804e-16, 3.03172602945e-19],
        "cov": [[1.34500613772e-11, 6.5136569749e-11, 6.71215028003e-11, 3.75381010997e-11, 6.04242047023e-12, -8.51345903496e-12, 8.57918163594e-12, 2.08960019427e-11, -9.09903445992e-13, -1.67799408808e-13, 2.10059638954e-12, -1.99139793197e-12, 1.02256202637e-12, 6.250187542e-13, 2.34704096436e-12, 4.09772395052e-13, 6.14673784961e-13, 5.81163155794e-13, -7.97029326219e-13, -1.30965306959e-13, 2.88263878913e-13, -2.64541670904e-14, 2.51813120458e-14, 2.33366513166e-15, 4.93428751973e-15, 2.93624394682e-15, 9.65008953462e-17], [6.5136569749e-11, 2.36256769703e-09, 1.38974849406e-08, 1.04881758833e-09, 2.2675232525e-10, -2.03762137371e-12, 1.04332167905e-10, 6.95156016084e-11, -4.95155166869e-11, -2.40668856372e-12, 5.32687956245e-11, 5.76456851004e-12, 7.52250865765e-12, 4.98861585721e-12, -2.215066543e-14, 4.92217117759e-12, 1.51551774602e-11, 7.20031586438e-12, -9.44721297719e-12, 5.78579545385e-12, 2.83787511719e-12, 2.70891680398e-13, 1.92213351355e-13, 1.6091465725e-13, 2.321430808e-13, 5.62039530313e-14, 1.93753217443e-15], [6.71215028003e-11, 1.38974849406e-08, 7.52373750856e-07, 9.72780185293e-08, 5.98938987295e-09, 3.31634408823e-09, 1.00124564195e-09, 3.40505890151e-09, -5.24598253726e-10, -1.86615189968e-09, 4.07949507508e-10, 2.63633892494e-10, 2.61403797913e-11, 7.6151439321e-11, 2.78817524624e-10, 1.59537549838e-10, 1.91484425538e-10, 5.68411359647e-11, 1.46861842132e-10, 1.03237585147e-10, 2.84285893437e-11, -9.66750464404e-12, 1.18334335386e-12, 1.79694507971e-12, 4.15676390877e-12, 1.33687093513e-12, 2.37443985779e-14], [3.75381010997e-11, 1.04881758833e-09, 9.72780185293e-08, 7.28559328422e-08, 2.40623379e-08, 1.61752644612e-09, 2.98781166475e-10, 7.40720124126e-11, -3.19821058525e-10, -2.66337035759e-10, -1.45925299622e-10, 8.4857752769e-11, 5.79642479848e-11, 1.18106427416e-11, 5.81555949231e-11, 4.29236091115e-11, 1.86983015876e-11, -1.52412631127e-12, -7.30148407013e-12, 3.06756078872e-11, 4.96398278385e-12, 8.63708844029e-12, 4.70822165977e-13, 6.16905140795e-14, 9.05758486876e-14, 4.11923045587e-13, 1.35421171211e-15], [6.04242047023e-12, 2.2675232525e-10, 5.98938987295e-09, 2.40623379e-08, 7.50312594278e-08, 2.96839819391e-09, 6.32903174314e-10, -2.57561416639e-10, 1.58838386888e-10, -5.29083825362e-11, -2.2179075243e-10, -8.79411751753e-11, 7.54731763197e-11, 3.10213616947e-12, -1.53983978346e-11, 3.17805816386e-11, -5.32393270095e-12, 4.65617952181e-12, -1.23125043147e-11, 2.31886003454e-11, 4.6680167327e-13, 3.93592103354e-12, 1.05063928477e-12, 1.00659693254e-12, 7.93896632462e-13, 3.7895657749e-13, 2.86849719291e-15], [-8.51345903496e-12, -2.03762137371e-12, 3.31634408823e-09, 1.61752644612e-09, 2.96839819391e-09, 2.9520871081e-08, 2.09669415163e-09, 7.4091005553e-10, 4.22485380014e-10, 7.65221330745e-10, 6.37467995057e-11, 2.6086882654e-11, 1.01352580842e-11, 1.14683592484e-11, 5.83730147552e-11, -1.12708085052e-12, -2.42391662297e-11, -1.36857070815e-11, -3.29831162382e-11, -1.45661553565e-12, -7.07906823438e-13, 1.90236194852e-12, 2.80144641209e-13, 4.70274481249e-13, 4.76885946097e-13, 9.41787389042e-15, -4.97653826429e-16], [8.57918163594e-12, 1.04332167905e-10, 1.00124564195e-09, 2.98781166475e-10, 6.32903174314e-10, 2.09669415163e-09, 9.46964728854e-09, 4.73783989818e-09, 2.10169793895e-12, -1.96486143328e-12, 4.71244918088e-11, 5.50664305821e-11, -1.0246129032e-12, 2.36241338991e-11, -1.55041170874e-11, 1.13174088157e-11, 2.55432359292e-11, 2.82305203519e-11, 3.24321958178e-11, 9.59232086123e-12, 1.66812900299e-11, 2.44095954387e-12, 8.40217435558e-13, 3.35961645873e-13, 1.34463024482e-13, 1.68347744057e-13, 4.54917933158e-15], [2.08960019427e-11, 6.95156016084e-11, 3.40505890151e-09, 7.40720124126e-11, -2.57561416639e-10, 7.4091005553e-10, 4.73783989818e-09, 1.79449468618e-08, -1.06380087031e-11, -1.35798594592e-10, 6.53118739646e-11, 4.78217777877e-11, 1.0963996204e-11, 4.60157467685e-11, 6.50870191077e-11, 2.05814219834e-11, 2.62290120179e-11, 4.52533462092e-11, 4.9607269681e-11, 1.74116606549e-11, 1.47589440669e-11, -7.83032839957e-12, 3.5843791585e-13, 3.24755115378e-13, 1.08819854169e-12, 2.4519850126e-13, 7.04222684127e-15], [-9.09903445992e-13, -4.95155166869e-11, -5.24598253726e-10, -3.19821058525e-10, 1.58838386888e-10, 4.22485380014e-10, 2.10169793895e-12, -1.06380087031e-11, 4.27346558141e-09, 1.14149600883e-09, 1.32923852481e-10, 4.02319288995e-11, 4.31981048155e-11, -1.28764335891e-13, -7.54959983418e-12, 8.34894132995e-12, 1.57710953672e-12, 9.51228072005e-12, 1.30759578512e-11, 3.60263359943e-12, 2.28391849703e-12, 3.39891417962e-12, 3.26361144056e-13, 2.86585154479e-13, 2.0379511067e-13, 4.49907513046e-14, 8.39542370204e-16], [-1.67799408808e-13, -2.40668856372e-12, -1.86615189968e-09, -2.66337035759e-10, -5.29083825362e-11, 7.65221330745e-10, -1.96486143328e-12, -1.35798594592e-10, 1.14149600883e-09, 4.5325072584e-09, 1.06558761814e-10, 7.22833459754e-11, 1.57087936409e-11, 1.83699539955e-12, -5.65239452466e-11, 7.91122636151e-12, 2.91377837656e-12, 6.29445887773e-12, 2.28036738797e-11, 6.7218995127e-12, -2.33177886722e-12, 1.20616841168e-12, 3.29935921249e-13, 5.08347704209e-13, 8.75234672064e-13, -4.47939482815e-14, -1.65106171414e-15], [2.10059638954e-12, 5.32687956245e-11, 4.07949507508e-10, -1.45925299622e-10, -2.2179075243e-10, 6.37467995057e-11, 4.71244918088e-11, 6.53118739646e-11, 1.32923852481e-10, 1.06558761814e-10, 1.50795254061e-09, 4.34522452741e-11, 2.41751280453e-13, 3.60185622647e-12, 1.37866367628e-11, 6.47963453726e-12, 9.78364438076e-12, 6.23886359241e-12, -1.31365933756e-11, -1.77923349881e-13, 5.11101924672e-12, 1.53461932832e-12, 4.17451954894e-14, -9.60835279612e-14, -1.08883639138e-13, 2.99433532982e-14, 2.02895434625e-15], [-1.99139793197e-12, 5.76456851004e-12, 2.63633892494e-10, 8.4857752769e-11, -8.79411751753e-11, 2.6086882654e-11, 5.50664305821e-11, 4.78217777877e-11, 4.02319288995e-11, 7.22833459754e-11, 4.34522452741e-11, 2.67508543095e-10, 8.45141491512e-12, 1.90943289825e-12, -6.36688401653e-12, 3.8955778707e-12, 3.94164952414e-12, 2.25099561386e-12, 1.6667811879e-12, 2.1453435816e-12, 1.68980769048e-12, 1.20381905399e-12, 6.07111474808e-14, -3.07768235539e-14, -2.21093878204e-14, -1.82596010523e-14, 9.3058321838e-16], [1.02256202637e-12, 7.52250865765e-12, 2.61403797913e-11, 5.79642479848e-11, 7.54731763197e-11, 1.01352580842e-11, -1.0246129032e-12, 1.0963996204e-11, 4.31981048155e-11, 1.57087936409e-11, 2.41751280453e-13, 8.45141491512e-12, 6.69886437987e-11, 1.65253574713e-12, 1.47735307061e-12, 6.33135037453e-13, 5.86446527191e-13, -2.66356842181e-13, 1.84340932276e-12, 8.7802757686e-13, 2.11352663886e-13, 8.31212269153e-13, -6.46465582685e-15, -2.16929576244e-14, -6.87696969683e-14, -4.51271413968e-16, 3.11960858045e-16], [6.250187542e-13, 4.98861585721e-12, 7.6151439321e-11, 1.18106427416e-11, 3.10213616947e-12, 1.14683592484e-11, 2.36241338991e-11, 4.60157467685e-11, -1.28764335891e-13, 1.83699539955e-12, 3.60185622647e-12, 1.90943289825e-12, 1.65253574713e-12, 2.2680633413e-11, 3.31176188903e-12, 5.00751024847e-13, 1.03967138718e-12, 1.07558515046e-12, 7.453274109e-13, 2.77098764941e-13, 2.72231591653e-13, -2.4942841778e-14, 1.78592458476e-14, 1.40527627919e-14, 2.61806449052e-14, 9.25245597912e-15, 2.12386907314e-16], [2.34704096436e-12, -2.215066543e-14, 2.78817524624e-10, 5.81555949231e-11, -1.53983978346e-11, 5.83730147552e-11, -1.55041170874e-11, 6.50870191077e-11, -7.54959983418e-12, -5.65239452466e-11, 1.37866367628e-11, -6.36688401653e-12, 1.47735307061e-12, 3.31176188903e-12, 2.69806399444e-10, 4.93972104974e-13, -1.30852685458e-12, -1.06330753664e-12, 2.48355437778e-12, -9.19227367835e-13, 1.89373148239e-12, 2.38644130499e-12, 2.59698912494e-14, -6.03138686998e-14, -1.49330255193e-13, 3.19875995537e-14, 1.15396295899e-15], [4.09772395052e-13, 4.92217117759e-12, 1.59537549838e-10, 4.29236091115e-11, 3.17805816386e-11, -1.12708085052e-12, 1.13174088157e-11, 2.05814219834e-11, 8.34894132995e-12, 7.91122636151e-12, 6.47963453726e-12, 3.8955778707e-12, 6.33135037453e-13, 5.00751024847e-13, 4.93972104974e-13, 1.04495917128e-11, 1.37114365001e-12, 1.33030001945e-12, -6.43465803644e-13, 3.17871983347e-14, 5.51229092753e-13, -6.93078059882e-15, 3.00926208323e-14, 6.3069442213e-15, 2.47389948289e-15, 1.11700403159e-14, 1.70726266783e-16], [6.14673784961e-13, 1.51551774602e-11, 1.91484425538e-10, 1.86983015876e-11, -5.32393270095e-12, -2.42391662297e-11, 2.55432359292e-11, 2.62290120179e-11, 1.57710953672e-12, 2.91377837656e-12, 9.78364438076e-12, 3.94164952414e-12, 5.86446527191e-13, 1.03967138718e-12, -1.30852685458e-12, 1.37114365001e-12, 1.35606369883e-11, 2.95817125136e-12, -2.71217022365e-13, -2.30615385729e-13, 7.52121184344e-13, -1.00899843697e-14, 4.88337939964e-14, 9.50111774737e-15, 2.23022267293e-14, 1.35649810815e-14, 1.87201004667e-16], [5.81163155794e-13, 7.20031586438e-12, 5.68411359647e-11, -1.52412631127e-12, 4.65617952181e-12, -1.36857070815e-11, 2.82305203519e-11, 4.52533462092e-11, 9.51228072005e-12, 6.29445887773e-12, 6.23886359241e-12, 2.25099561386e-12, -2.66356842181e-13, 1.07558515046e-12, -1.06330753664e-12, 1.33030001945e-12, 2.95817125136e-12, 2.64345559331e-11, 2.41247408335e-12, 1.32768728195e-13, 1.03711754896e-12, -1.87419781843e-13, 6.74390488657e-14, 4.63065492255e-14, 7.76340593916e-14, 2.20851575959e-14, 3.27695633241e-16], [-7.97029326219e-13, -9.44721297719e-12, 1.46861842132e-10, -7.30148407013e-12, -1.23125043147e-11, -3.29831162382e-11, 3.24321958178e-11, 4.9607269681e-11, 1.30759578512e-11, 2.28036738797e-11, -1.31365933756e-11, 1.6667811879e-12, 1.84340932276e-12, 7.453274109e-13, 2.48355437778e-12, -6.43465803644e-13, -2.71217022365e-13, 2.41247408335e-12, 1.55342225194e-10, 7.68638971915e-12, 2.83507223774e-12, 5.8115106694e-13, 4.06459100318e-13, 3.28998032159e-13, 2.15073577979e-13, 1.70084232749e-14, 2.50376559991e-16], [-1.30965306959e-13, 5.78579545385e-12, 1.03237585147e-10, 3.06756078872e-11, 2.31886003454e-11, -1.45661553565e-12, 9.59232086123e-12, 1.74116606549e-11, 3.60263359943e-12, 6.7218995127e-12, -1.77923349881e-13, 2.1453435816e-12, 8.7802757686e-13, 2.77098764941e-13, -9.19227367835e-13, 3.17871983347e-14, -2.30615385729e-13, 1.32768728195e-13, 7.68638971915e-12, 1.04762119119e-11, 1.56185164086e-13, 2.39715230088e-13, 1.0035388014e-14, 2.516481015e-14, 3.48921670094e-14, -2.82926813251e-15, 4.69108154362e-17], [2.88263878913e-13, 2.83787511719e-12, 2.84285893437e-11, 4.96398278385e-12, 4.6680167327e-13, -7.07906823438e-13, 1.66812900299e-11, 1.47589440669e-11, 2.28391849703e-12, -2.33177886722e-12, 5.11101924672e-12, 1.68980769048e-12, 2.11352663886e-13, 2.72231591653e-13, 1.89373148239e-12, 5.51229092753e-13, 7.52121184344e-13, 1.03711754896e-12, 2.83507223774e-12, 1.56185164086e-13, 2.52163416016e-12, 1.3047322825e-13, 3.88878247095e-14, 1.34245514892e-14, 8.57453824198e-15, 1.11864016043e-14, 1.33401257036e-16], [-2.64541670904e-14, 2.70891680398e-13, -9.66750464404e-12, 8.63708844029e-12, 3.93592103354e-12, 1.90236194852e-12, 2.44095954387e-12, -7.83032839957e-12, 3.39891417962e-12, 1.20616841168e-12, 1.53461932832e-12, 1.20381905399e-12, 8.31212269153e-13, -2.4942841778e-14, 2.38644130499e-12, -6.93078059882e-15, -1.00899843697e-14, -1.87419781843e-13, 5.8115106694e-13, 2.39715230088e-13, 1.3047322825e-13, 2.35331871178e-12, -2.02719667347e-16, -1.64085545417e-14, -3.83706365563e-14, -9.77936298835e-15, 1.35321057211e-16], [2.51813120458e-14, 1.92213351355e-13, 1.18334335386e-12, 4.70822165977e-13, 1.05063928477e-12, 2.80144641209e-13, 8.40217435558e-13, 3.5843791585e-13, 3.26361144056e-13, 3.29935921249e-13, 4.17451954894e-14, 6.07111474808e-14, -6.46465582685e-15, 1.78592458476e-14, 2.59698912494e-14, 3.00926208323e-14, 4.88337939964e-14, 6.74390488657e-14, 4.06459100318e-13, 1.0035388014e-14, 3.88878247095e-14, -2.02719667347e-16, 1.27768626639e-14, 2.31194699514e-15, 1.60533104059e-15, 5.94953506932e-16, 4.97439537019e-19], [2.33366513166e-15, 1.6091465725e-13, 1.79694507971e-12, 6.16905140795e-14, 1.00659693254e-12, 4.70274481249e-13, 3.35961645873e-13, 3.24755115378e-13, 2.86585154479e-13, 5.08347704209e-13, -9.60835279612e-14, -3.07768235539e-14, -2.16929576244e-14, 1.40527627919e-14, -6.03138686998e-14, 6.3069442213e-15, 9.50111774737e-15, 4.63065492255e-14, 3.28998032159e-13, 2.516481015e-14, 1.34245514892e-14, -1.64085545417e-14, 2.31194699514e-15, 4.68834303316e-15, 3.64995814334e-15, 4.99542762841e-16, -2.03120299869e-18], [4.93428751973e-15, 2.321430808e-13, 4.15676390877e-12, 9.05758486876e-14, 7.93896632462e-13, 4.76885946097e-13, 1.34463024482e-13, 1.08819854169e-12, 2.0379511067e-13, 8.75234672064e-13, -1.08883639138e-13, -2.21093878204e-14, -6.87696969683e-14, 2.61806449052e-14, -1.49330255193e-13, 2.47389948289e-15, 2.23022267293e-14, 7.76340593916e-14, 2.15073577979e-13, 3.48921670094e-14, 8.57453824198e-15, -3.83706365563e-14, 1.60533104059e-15, 3.64995814334e-15, 1.09399311103e-14, 1.01728921663e-15, -2.13715966528e-18], [2.93624394682e-15, 5.62039530313e-14, 1.33687093513e-12, 4.11923045587e-13, 3.7895657749e-13, 9.41787389042e-15, 1.68347744057e-13, 2.4519850126e-13, 4.49907513046e-14, -4.47939482815e-14, 2.99433532982e-14, -1.82596010523e-14, -4.51271413968e-16, 9.25245597912e-15, 3.19875995537e-14, 1.11700403159e-14, 1.35649810815e-14, 2.20851575959e-14, 1.70084232749e-14, -2.82926813251e-15, 1.11864016043e-14, -9.77936298835e-15, 5.94953506932e-16, 4.99542762841e-16, 1.01728921663e-15, 8.67975572177e-16, 1.00117712383e-18], [9.65008953462e-17, 1.93753217443e-15, 2.37443985779e-14, 1.35421171211e-15, 2.86849719291e-15, -4.97653826429e-16, 4.54917933158e-15, 7.04222684127e-15, 8.39542370204e-16, -1.65106171414e-15, 2.02895434625e-15, 9.3058321838e-16, 3.11960858045e-16, 2.12386907314e-16, 1.15396295899e-15, 1.70726266783e-16, 1.87201004667e-16, 3.27695633241e-16, 2.50376559991e-16, 4.69108154362e-17, 1.33401257036e-16, 1.35321057211e-16, 4.97439537019e-19, -2.03120299869e-18, -2.13715966528e-18, 1.00117712383e-18, 3.03261860903e-19]]
    },
    "mfcc": {
        "kurt": [384.472076416, 149.546524048, 3.98152017593, 1.54065895081, 0.198014259338, 0.133313417435, -0.119439125061, -0.0178129673004, 0.0729837417603, 0.0789315700531, -0.0925362110138, 0.0894951820374, -0.0432918071747],
        "max": [-739.297424316, 192.99659729, 37.8515052795, 55.962677002, 2.29209899902, 20.6932907104, 19.5908126831, 16.2023563385, 20.9105796814, 15.6764602661, 17.7707366943, 2.35429763794, 10.3601531982],
        "mean": [-765.094665527, 173.96257019, -12.5257787704, 37.8697319031, -17.0632247925, -2.4558069706, 3.91111731529, -1.43094825745, 4.13765907288, -2.5372543335, 1.56034183502, -13.4334688187, -4.86621618271],
        "median": [-764.492614746, 174.23626709, -12.5428180695, 37.9538002014, -16.9676704407, -2.55076980591, 3.89497756958, -1.41625213623, 4.10938262939, -2.62463569641, 1.56643295288, -13.5746192932, -4.83364772797],
        "min": [-1136.4375, 2.77067184448, -35.1132965088, 1.40895462036, -38.3706893921, -24.0232696533, -12.4864234924, -16.4407920837, -13.873708725, -20.5760726929, -13.4583587646, -30.3984107971, -21.2969646454],
        "skew": [-16.8671779633, -6.71598005295, 0.462028384209, -0.338842183352, -0.108139201999, 0.118338912725, 0.0449947044253, 0.0251923687756, 0.0531927496195, 0.0646378025413, 0.00745349749923, 0.123117990792, -0.00505940010771],
        "var": [172.94644165, 45.2368774414, 30.2137451172, 26.6633758545, 27.3418960571, 27.3161239624, 23.2585659027, 22.8435134888, 23.1341552734, 21.8425655365, 20.4241313934, 22.513961792, 18.9675674438],
        "cov": [[172.997344971, 52.8022384644, -10.9139299393, 15.8862543106, -5.5685300827, 1.74183344841, -0.039968110621, -0.775706648827, 3.00267696381, -1.33552837372, 2.75782060623, -3.43098402023, -2.82849407196], [52.8022384644, 45.2501945496, 6.06533575058, 8.06539535522, -1.44088935852, 2.45454549789, -0.934990882874, -2.3022339344, -0.894542634487, -1.72642505169, -1.31735360622, -3.21838378906, -1.7586735487], [-10.9139299393, 6.06533575058, 30.2226390839, 7.46755599976, 6.68711519241, -2.15483951569, 1.05437624454, -0.618868649006, -2.57071447372, -1.50284159184, -3.10478138924, -1.4248393774, -0.793555557728], [15.8862543106, 8.06539535522, 7.46755599976, 26.6712245941, 8.70460605621, 5.33449554443, 0.402650803328, -1.5928965807, -0.535492122173, -1.03077197075, 0.471402078867, -1.15706121922, -0.409456700087], [-5.5685300827, -1.44088935852, 6.68711519241, 8.70460605621, 27.3499450684, 6.15074491501, 3.70404100418, 1.4403424263, -0.399589538574, 0.638743162155, -1.54184281826, 1.31143462658, -0.696595489979], [1.74183344841, 2.45454549789, -2.15483951569, 5.33449554443, 6.15074491501, 27.3241653442, 6.30935192108, 1.15803802013, 1.9013594389, -0.865620970726, 0.854685008526, -1.28225016594, -0.773569226265], [-0.039968110621, -0.934990882874, 1.05437624454, 0.402650803328, 3.70404100418, 6.30935192108, 23.2654132843, 9.40172672272, 2.4467484951, 2.1768321991, -0.724934756756, -0.0862662866712, 0.180517539382], [-0.775706648827, -2.3022339344, -0.618868649006, -1.5928965807, 1.4403424263, 1.15803802013, 9.40172672272, 22.8502368927, 9.47965526581, 1.36946940422, 1.06962704659, -0.422881394625, -0.24925160408], [3.00267696381, -0.894542634487, -2.57071447372, -0.535492122173, -0.399589538574, 1.9013594389, 2.4467484951, 9.47965526581, 23.1409645081, 6.89821147919, 1.30170691013, 2.10899043083, -1.38815033436], [-1.33552837372, -1.72642505169, -1.50284159184, -1.03077197075, 0.638743162155, -0.865620970726, 2.1768321991, 1.36946940422, 6.89821147919, 21.8489952087, 8.12958049774, 0.284829497337, 0.40938526392], [2.75782060623, -1.31735360622, -3.10478138924, 0.471402078867, -1.54184281826, 0.854685008526, -0.724934756756, 1.06962704659, 1.30170691013, 8.12958049774, 20.4301433563, 7.39941644669, 1.53280961514], [-3.43098402023, -3.21838378906, -1.4248393774, -1.15706121922, 1.31143462658, -1.28225016594, -0.0862662866712, -0.422881394625, 2.10899043083, 0.284829497337, 7.39941644669, 22.5205898285, 7.4224486351], [-2.82849407196, -1.7586735487, -0.793555557728, -0.409456700087, -0.696595489979, -0.773569226265, 0.180517539382, -0.24925160408, -1.38815033436, 0.40938526392, 1.53280961514, 7.4224486351, 18.9731521606]]
    },
    "sccoeffs": {
        "kurt": [0.148307085037, 0.117626905441, 0.0219142436981, 0.151835203171, 2.43921327591, 3.28716802597],
        "max": [-0.385517716408, -0.607087910175, -0.687087535858, -0.736491560936, -0.750018775463, -0.759020388126],
        "mean": [-0.639618992805, -0.783236145973, -0.796518623829, -0.817592382431, -0.849091231823, -0.814325511456],
        "median": [-0.6385679245, -0.784054517746, -0.797835230827, -0.818097949028, -0.849147319794, -0.815558552742],
        "min": [-0.909201920033, -0.923444986343, -0.919496059418, -0.921848535538, -0.923043787479, -0.937014818192],
        "skew": [-0.0189328677952, 0.159047037363, 0.131653308868, -0.00210243044421, 0.363418161869, 0.478547275066],
        "var": [0.0031604396645, 0.0016607894795, 0.000947314780205, 0.0004521755327, 0.000168838130776, 0.000172601809027],
        "cov": [[0.00316137005575, 4.96330685564e-05, -1.14596593903e-06, 1.82493113243e-06, 2.35089300986e-05, 2.0784102162e-05], [4.96330685564e-05, 0.00166127830744, 1.97346907953e-05, -2.16258686123e-05, 1.42422550198e-06, 3.93893378714e-06], [-1.14596593903e-06, 1.97346907953e-05, 0.000947593653109, -7.29934663468e-06, 8.12434336694e-06, -1.57403446792e-05], [1.82493113243e-06, -2.16258686123e-05, -7.29934663468e-06, 0.000452308653621, -7.74389661728e-07, 2.89786548819e-05], [2.35089300986e-05, 1.42422550198e-06, 8.12434336694e-06, -7.74389661728e-07, 0.000168887840118, 2.0148661406e-06], [2.0784102162e-05, 3.93893378714e-06, -1.57403446792e-05, 2.89786548819e-05, 2.0148661406e-06, 0.000172652624315]]
    },
    "scvalleys": {
        "kurt": [13.7015686035, 34.8822898865, 99.5704345703, 157.69291687, 372.685577393, 284.214080811],
        "max": [-5.23039770126, -5.1426358223, -5.91299676895, -7.15832471848, -7.73542976379, -9.92708683014],
        "mean": [-6.13895463943, -5.93992900848, -6.63726902008, -7.74252128601, -8.14182186127, -10.3740663528],
        "median": [-6.10873174667, -5.92004585266, -6.62013721466, -7.72922134399, -8.13279914856, -10.3562812805],
        "min": [-10.9619646072, -11.3221359253, -12.8856658936, -13.4908456802, -14.1666898727, -15.3610401154],
        "skew": [-1.62185132504, -2.71670174599, -5.08241558075, -7.67396450043, -14.2125244141, -12.5580701828],
        "var": [0.132531002164, 0.0999285280704, 0.0717810019851, 0.0524966642261, 0.036752987653, 0.0315108187497],
        "cov": [[0.132570013404, 0.0216690618545, 0.0184563528746, 0.0206093266606, 0.0212426558137, 0.0200651735067], [0.0216690618545, 0.0999579429626, 0.0230293218046, 0.0207128021866, 0.0217814706266, 0.0201269499958], [0.0184563528746, 0.0230293218046, 0.0718021318316, 0.0221704225987, 0.0220570582896, 0.0198016855866], [0.0206093266606, 0.0207128021866, 0.0221704225987, 0.0525121204555, 0.0235463231802, 0.0219011642039], [0.0212426558137, 0.0217814706266, 0.0220570582896, 0.0235463231802, 0.0367638096213, 0.0227996949106], [0.0200651735067, 0.0201269499958, 0.0198016855866, 0.0219011642039, 0.0227996949106, 0.0315200947225]]
    }
},
"rhythm": {
    "beats_loudness": {
        "kurt": 0.495243310928,
        "max": 0.00774853257462,
        "mean": 0.00396337127313,
        "median": 0.00380734773353,
        "min": 0.00167832348961,
        "skew": 0.670511424541,
        "var": 1.21811763165e-06
    },
    "bpm": 143.466247559,
    "confidence": -0.0392749793828,
    "first_peak_bpm": {
        "kurt": 0,
        "max": 144,
        "mean": 144,
        "median": 144,
        "min": 144,
        "skew": 0,
        "var": 0
    },
    "first_peak_spread": {
        "kurt": 0,
        "max": 0.292929291725,
        "mean": 0.292929291725,
        "median": 0.292929291725,
        "min": 0.292929291725,
        "skew": 0,
        "var": 0
    },
    "first_peak_weight": {
        "kurt": 0,
        "max": 0.382513672113,
        "mean": 0.382513672113,
        "median": 0.382513672113,
        "min": 0.382513672113,
        "skew": 0,
        "var": 0
    },
    "onset_rate": 0.0253592841327,
    "second_peak_bpm": {
        "kurt": 0,
        "max": 136,
        "mean": 136,
        "median": 136,
        "min": 136,
        "skew": 0,
        "var": 0
    },
    "second_peak_spread": {
        "kurt": 0,
        "max": 0.0925925970078,
        "mean": 0.0925925970078,
        "median": 0.0925925970078,
        "min": 0.0925925970078,
        "skew": 0,
        "var": 0
    },
    "second_peak_weight": {
        "kurt": 0,
        "max": 0.267759561539,
        "mean": 0.267759561539,
        "median": 0.267759561539,
        "min": 0.267759561539,
        "skew": 0,
        "var": 0
    },
    "beats_loudness_band_ratio": {
        "kurt": [0.548184156418, 0.783885955811, 0.31142616272, 1.22747468948, 1.00638914108, 2.82626819611],
        "max": [0.8626947999, 0.419192582369, 0.411132842302, 0.163189992309, 0.0531140305102, 0.0240441504866],
        "mean": [0.601380825043, 0.177236452699, 0.17200383544, 0.0652449205518, 0.0225545354187, 0.00984749291092],
        "median": [0.608812212944, 0.176120460033, 0.161005482078, 0.0576708242297, 0.0207574926317, 0.00927677750587],
        "min": [0.18434035778, 0.052503824234, 0.0531736537814, 0.023892596364, 0.00899504218251, 0.00432214234024],
        "skew": [-0.636605978012, 0.705903828144, 0.679113388062, 1.13307332993, 0.973605215549, 1.23077082634],
        "var": [0.0130980312824, 0.00477738771588, 0.00407885201275, 0.00076488632476, 6.22303996352e-05, 1.06660709207e-05],
        "cov": [[0.0131696052849, -0.00507920142263, -0.0059552108869, -0.00190459471196, -0.000441453128587, -0.000203828793019], [-0.00507920142263, 0.00480349361897, 0.00101957435254, 0.000368254259229, 9.17359066079e-05, 3.74414739781e-05], [-0.0059552108869, 0.00101957435254, 0.00410114089027, 0.000711920729373, 0.000199368354515, 9.75358125288e-05], [-0.00190459471196, 0.000368254259229, 0.000711920729373, 0.000769066042267, 0.000108386149805, 4.97785622429e-05], [-0.000441453128587, 9.17359066079e-05, 0.000199368354515, 0.000108386149805, 6.25704560662e-05, 1.76513622137e-05], [-0.000203828793019, 3.74414739781e-05, 9.75358125288e-05, 4.97785622429e-05, 1.76513622137e-05, 1.07243549792e-05]]
    },
    "beats_position": [0.394739210606, 0.812698423862, 1.23065757751, 1.67183673382, 2.13623571396, 2.60063481331, 3.03020405769, 3.44816327095, 3.87773227692, 4.29569149017, 4.71365070343, 5.15482997894, 5.5727891922, 5.99074840546, 6.40870714188, 6.82666635513, 7.24462556839, 7.6858048439, 8.10376358032, 8.52172279358, 8.96290206909, 9.4040813446, 9.83365058899, 10.2864398956, 10.7276191711, 11.1687984467, 11.6099767685, 12.051156044, 12.5155553818, 12.933514595, 13.3514738083, 13.7694330215, 14.1873922348, 14.5937414169, 15.0233106613, 15.4412698746, 15.8360090256, 16.2655773163, 16.6951465607, 17.1363258362, 17.5775051117, 18.0535144806, 18.483083725, 18.9010429382, 19.3422222137, 19.7834014893, 20.2594108582, 20.6889801025, 21.1301574707, 21.5945568085, 22.0125160217, 22.430475235, 22.8484344482, 23.2896137238, 23.7307929993, 24.1487522125, 24.5667114258, 24.9614505768, 25.37940979, 25.8205890656, 26.2617683411, 26.6797275543, 27.1209068298, 27.5969161987, 28.0264854431, 28.4444446564, 28.897233963, 29.3268013, 29.7447605133, 30.1627197266, 30.5806789398, 30.9986381531, 31.4165973663, 31.8345565796, 32.2525177002, 32.6472549438, 33.0652160645, 33.4715652466, 33.8779144287, 34.3190917969, 34.725440979, 35.1085700989, 35.5265312195, 35.9909286499, 36.455329895, 36.8965072632, 37.3376846313, 37.7788658142, 38.1968231201, 38.5915641785, 39.0327415466, 39.4739227295, 39.8918800354, 40.309841156, 40.7277984619, 41.134147644, 41.5404968262, 41.981678009, 42.3996353149, 42.8175964355, 43.3052139282, 43.7580032349, 44.1875724792, 44.6403617859, 45.0815429688, 45.5111083984, 45.929069519, 46.347026825, 46.7649879456, 47.2061653137, 47.6241264343, 48.0653038025, 48.5064849854, 48.9244422913, 49.3656234741, 49.78358078, 50.2247619629, 50.6427192688, 51.0839004517, 51.5018577576, 51.9430389404, 52.3609962463, 52.8021774292, 53.2201347351, 53.661315918, 54.0676651001, 54.45079422, 54.8919715881, 55.3099327087, 55.7511100769, 56.1690673828, 56.5870285034, 56.9817695618, 57.3997268677, 57.8409042358, 58.2588653564, 58.7232627869, 59.187664032, 59.6056213379, 60.0468025208, 60.4647598267, 60.9407691956, 61.3471183777, 61.7882995605, 62.2294769287, 62.6706581116, 63.0886154175, 63.5181846619, 63.924533844, 64.3192749023, 64.7604522705, 65.2016296387, 65.6312026978, 66.0607681274, 66.4555053711, 66.8734664917, 67.2914276123, 67.7558288574, 68.1737823486, 68.5917434692, 69.0445327759, 69.450881958, 69.8920593262, 70.3100204468, 70.7279815674, 71.145942688, 71.5406799316, 71.9586410522, 72.3765945435, 72.7713394165, 73.1660766602, 73.5608139038, 73.9555511475, 74.396736145, 74.8379135132, 75.2326507568, 75.673828125, 76.1034011841, 76.5097503662, 76.9160995483, 77.3224487305, 77.7171859741, 78.1351470947, 78.5531082153],
    "bpm_estimates": [143.554672241, 143.554702759, 139.674804688, 143.554672241, 139.674880981, 143.554672241, 143.554672241, 143.554672241, 143.554672241, 143.554840088, 143.554672241, 143.554672241, 143.554840088, 143.554672241, 139.674804688, 143.554672241, 143.554672241, 143.554672241, 143.554672241, 147.656265259, 139.674804688, 143.554672241, 139.675109863, 139.674804688, 139.674804688, 143.554672241, 139.674804688, 143.554672241, 143.554672241, 143.554672241, 143.554672241, 143.554672241, 143.554672241, 143.554672241, 139.674804688, 143.554672241, 139.675430298, 143.554672241, 143.554672241, 143.554672241, 143.554672241, 143.554672241, 143.554672241, 143.554016113, 143.554016113, 147.656265259, 147.656265259, 147.656265259, 143.554016113, 143.555328369, 143.555328369, 143.554016113, 143.555328369, 147.656265259, 147.656265259, 143.555328369, 143.554016113, 139.674804688, 139.676040649, 143.554016113, 143.555328369, 143.554016113, 143.554016113, 143.555328369, 143.555328369, 143.555328369, 143.555328369, 143.555328369, 143.555328369, 147.656265259, 143.554016113, 143.555328369, 143.554016113, 143.555328369, 143.554016113, 143.555328369, 143.555328369, 147.656265259, 143.555328369, 139.674804688, 147.656265259, 139.673568726, 139.676040649, 143.554016113, 143.554016113, 143.556640625, 143.554016113, 147.656265259, 143.554016113, 143.554016113, 143.554016113, 143.554016113, 143.556640625, 139.673568726, 147.656265259, 147.656265259, 147.656265259, 143.554016113, 143.554016113],
