{
"metadata": {
    "version": {
        "essentia": "2.1-beta3"
    }
},
"lowLevel": {
    "average_loudness": 0.965050280094,
    "barkbands_kurtosis": {
        "kurt": 3.67210102081,
        "max": 26.002910614,
        "mean": 3.97265458107,
        "median": 3.28660869598,
        "min": -1.24655497074,
        "skew": 1.53626441956,
        "var": 9.15963840485
    },
    "barkbands_skewness": {
        "kurt": 0.779418468475,
        "max": 4.6374669075,
        "mean": 1.85749518871,
        "median": 1.79285359383,
        "min": 0.49817147851,
        "skew": 0.702921688557,
        "var": 0.301254302263
    },
    "barkbands_spread": {
        "kurt": 0.721699237823,
        "max": 43.7880935669,
        "mean": 14.8148326874,
        "median": 14.5659217834,
        "min": 3.88332009315,
        "skew": 0.48788523674,
        "var": 20.2555541992
    },
    "dissonance": {
        "kurt": 2.56568145752,
        "max": 0.500000059605,
        "mean": 0.469799011946,
        "median": 0.472439140081,
        "min": 0.332131683826,
        "skew": -1.0463988781,
        "var": 0.000283039349597
    },
    "hfc": {
        "kurt": 47.2128486633,
        "max": 0.225408896804,
        "mean": 0.0363444164395,
        "median": 0.0347531065345,
        "min": 1.80583556357e-05,
        "skew": 3.91724085808,
        "var": 0.000121326505905
    },
    "pitch": {
        "kurt": 1152.18994141,
        "max": 4390.41162109,
        "mean": 232.60118103,
        "median": 250.221237183,
        "min": 43.0243911743,
        "skew": 23.5857868195,
        "var": 7323.5390625
    },
    "pitch_instantaneous_confidence": {
        "kurt": -0.42652463913,
        "max": 0.738856554031,
        "mean": 0.339255750179,
        "median": 0.319737792015,
        "min": 0.109547197819,
        "skew": 0.535553753376,
        "var": 0.0139413205907
    },
    "pitch_salience": {
        "kurt": 0.0899636745453,
        "max": 0.85383617878,
        "mean": 0.643766462803,
        "median": 0.651481628418,
        "min": 0.313188940287,
        "skew": -0.496185570955,
        "var": 0.00692081917077
    },
    "silence_rate_20dB": {
        "kurt": 0,
        "max": 1,
        "mean": 1,
        "median": 1,
        "min": 1,
        "skew": 0,
        "var": 0
    },
    "silence_rate_30dB": {
        "kurt": 0,
        "max": 1,
        "mean": 1,
        "median": 1,
        "min": 1,
        "skew": 0,
        "var": 0
    },
    "silence_rate_60dB": {
        "kurt": 0,
        "max": 1,
        "mean": 1,
        "median": 1,
        "min": 1,
        "skew": 0,
        "var": 0
    },
    "spectral_centroid": {
        "kurt": 4.3737821579,
        "max": 1351.22631836,
        "mean": 476.984313965,
        "median": 462.486450195,
        "min": 279.688140869,
        "skew": 1.28373026848,
        "var": 9669.24902344
    },
    "spectral_complexity": {
        "kurt": -0.0570526123047,
        "max": 2,
        "mean": 0.229050278664,
        "median": 0,
        "min": 0,
        "skew": 1.33849442005,
        "var": 0.179074764252
    },
    "spectral_crest": {
        "kurt": -0.764905929565,
        "max": 24.0706768036,
        "mean": 11.9181213379,
        "median": 11.5742702484,
        "min": 3.35443091393,
        "skew": 0.259543210268,
        "var": 16.4918289185
    },
    "spectral_decrease": {
        "kurt": 1.66666650772,
        "max": -1.1530120798e-14,
        "mean": -2.03585100167e-11,
        "median": -1.89690849833e-11,
        "min": -7.26749216362e-11,
        "skew": -1.12939310074,
        "var": 6.16165306007e-23
    },
    "spectral_energy": {
        "kurt": 2.25437879562,
        "max": 0.000286716269329,
        "mean": 8.01339774625e-05,
        "median": 7.46630612412e-05,
        "min": 4.51551080971e-08,
        "skew": 1.13846647739,
        "var": 9.2601631918e-10
    },
    "spectral_energyband_high": {
        "kurt": 877.012634277,
        "max": 2.2442338377e-05,
        "mean": 4.6665175546e-07,
        "median": 4.17613421178e-07,
        "min": 1.93609586696e-10,
        "skew": 26.5650463104,
        "var": 3.02464758968e-13
    },
    "spectral_energyband_low": {
        "kurt": 0.552753925323,
        "max": 6.78873911966e-05,
        "mean": 1.64318462339e-05,
        "median": 1.47015489347e-05,
        "min": 1.24602985707e-08,
        "skew": 0.817759811878,
        "var": 7.96407592651e-11
    },
    "spectral_energyband_middle_high": {
        "kurt": 15.5743522644,
        "max": 5.53188147023e-05,
        "mean": 1.04823539004e-05,
        "median": 1.00879251477e-05,
        "min": 4.61805749197e-09,
        "skew": 1.9700037241,
        "var": 1.0199134072e-11
    },
    "spectral_energyband_middle_low": {
        "kurt": 2.59741830826,
        "max": 0.000248578027822,
        "mean": 5.49753494852e-05,
        "median": 4.86480385007e-05,
        "min": 2.51157725728e-08,
        "skew": 1.32105135918,
        "var": 7.80586262294e-10
    },
    "spectral_flatness_db": {
        "kurt": 0.0161798000336,
        "max": 0.239635154605,
        "mean": 0.15737323463,
        "median": 0.155696421862,
        "min": 0.0700475051999,
        "skew": 0.337725520134,
        "var": 0.000486164528411
    },
    "spectral_flux": {
        "kurt": 1.65319013596,
        "max": 0.0107898162678,
        "mean": 0.00473252404481,
        "median": 0.00457921158522,
        "min": 0.000307768612402,
        "skew": 0.903757274151,
        "var": 1.02934450297e-06
    },
    "spectral_kurtosis": {
        "kurt": 4.39535951614,
        "max": 20.3800239563,
        "mean": 9.63343906403,
        "median": 9.56814098358,
        "min": 1.83971834183,
        "skew": 0.17638592422,
        "var": 1.57957875729
    },
    "spectral_rms": {
        "kurt": 0.960710287094,
        "max": 0.000528888660483,
        "mean": 0.000274846330285,
        "median": 0.000269892596407,
        "min": 6.6373008849e-06,
        "skew": 0.424180835485,
        "var": 2.63941846157e-09
    },
    "spectral_rolloff": {
        "kurt": 9.63330364227,
        "max": 3639.11132812,
        "mean": 728.684448242,
        "median": 753.662109375,
        "min": 258.3984375,
        "skew": 1.4781703949,
        "var": 75898.5390625
    },
    "spectral_skewness": {
        "kurt": 5.34009933472,
        "max": 3.72978377342,
        "mean": 2.56899356842,
        "median": 2.56810569763,
        "min": 1.07000112534,
        "skew": -0.507530212402,
        "var": 0.0280728954822
    },
    "spectral_spread": {
        "kurt": 42.2206993103,
        "max": 9496236,
        "mean": 4097705.25,
        "median": 4073252.25,
        "min": 2873151.5,
        "skew": 3.68119096756,
        "var": 116659994624
    },
    "spectral_strongpeak": {
        "kurt": 1.70695924759,
        "max": 0.213621497154,
        "mean": 0.0393736809492,
        "median": 0.0351477153599,
        "min": 0.000406954262871,
        "skew": 0.998598814011,
        "var": 0.000814617669675
    },
    "zerocrossingrate": {
        "kurt": 1.92666578293,
        "max": 0.0966796875,
        "mean": 0.0357085838914,
        "median": 0.03515625,
        "min": 0.01416015625,
        "skew": 0.486378610134,
        "var": 5.21568654221e-05
    },
    "barkbands": {
        "kurt": [-0.145000219345, 0.694938659668, 6.71071815491, 4.28024625778, 2.12854528427, 27.5289669037, 22.8974399567, 365.398529053, 168.297439575, 36.2293663025, 6.23882007599, 26.6125469208, 67.5938644409, 6.17718887329, 18.2741374969, 4.76681566238, 12.860830307, 6.71137619019, 229.507125854, 831.766479492, 668.547241211, 923.770202637, 763.388061523, 1392.45617676, 2095.15600586, 1857.01306152, 1362.65002441],
        "max": [7.1465401561e-06, 4.90510101372e-05, 2.02952905966e-05, 3.52203060174e-05, 0.000178232920007, 4.51288142358e-05, 3.1856176065e-05, 0.000129441323224, 4.29231622547e-05, 3.99595446652e-05, 1.06733523353e-05, 1.04277996797e-05, 5.81758285989e-06, 5.41489498573e-06, 6.17536352365e-06, 4.8608671932e-06, 6.41900169285e-06, 6.07455967838e-06, 1.02518342828e-05, 1.26268432723e-05, 9.36308242672e-06, 3.67529037248e-06, 6.79028232753e-07, 2.78753105931e-07, 8.96282870144e-07, 7.67930217194e-08, 1.01660158069e-09],
        "mean": [1.61567493251e-06, 1.02554640762e-05, 2.66997403742e-06, 5.34866239832e-06, 3.74023693439e-05, 3.99534064854e-06, 2.63368747255e-06, 2.99614157484e-06, 1.9492406409e-06, 3.05551770907e-06, 1.53786243118e-06, 9.25145059227e-07, 4.31887457353e-07, 7.79156096087e-07, 7.11861389391e-07, 8.01173314358e-07, 8.36434026041e-07, 9.14552231279e-07, 6.38480571524e-07, 3.86117250173e-07, 1.68318294413e-07, 3.70003689909e-08, 3.23937285884e-08, 4.38250014057e-09, 6.41919983835e-09, 8.67278193706e-10, 8.1716777442e-12],
        "median": [1.2128665503e-06, 8.54074278323e-06, 2.05315086532e-06, 3.92576339436e-06, 3.09943934553e-05, 3.3554113088e-06, 2.18070044866e-06, 2.32574939218e-06, 1.66886661646e-06, 2.68831513495e-06, 1.35201514695e-06, 8.05974366358e-07, 3.73954122779e-07, 7.02287024978e-07, 6.45884199457e-07, 7.21428079942e-07, 7.72003943439e-07, 8.18570640604e-07, 5.95411279392e-07, 3.54673858283e-07, 1.43931686125e-07, 2.96510211939e-08, 3.06786596127e-08, 4.04412414667e-09, 5.67077451663e-09, 7.99491473025e-10, 6.24920904954e-12],
        "min": [6.42455810773e-10, 8.4738038808e-09, 8.37022562372e-10, 3.11910580697e-10, 1.90521092236e-08, 2.5823694294e-09, 9.45185374412e-10, 7.00231428397e-10, 9.29438359609e-10, 4.41446740274e-10, 1.07170405883e-09, 8.80578943097e-10, 9.82581169207e-11, 1.09692484263e-10, 3.5905317608e-10, 2.98551322553e-10, 2.49182147138e-10, 2.68760125266e-10, 1.66690897196e-10, 1.63702440492e-10, 5.15579905158e-11, 1.21570774281e-11, 1.61249954361e-11, 2.09765863533e-12, 3.29684239977e-12, 5.2801621582e-13, 6.88949900818e-14],
        "skew": [0.857128918171, 0.955015897751, 2.05080842972, 1.81930887699, 1.32299947739, 3.07753610611, 3.10563516617, 15.3406457901, 8.44289398193, 2.93232131004, 1.68733334541, 2.84721374512, 4.98191070557, 1.55970978737, 2.44058060646, 1.49150204659, 1.89438509941, 1.69289839268, 8.95456027985, 24.0015640259, 23.3417644501, 28.6138114929, 22.4464817047, 34.3555412292, 42.2758331299, 39.7715950012, 33.4830284119],
        "var": [1.69966070298e-12, 4.77046145642e-11, 5.11940620104e-12, 2.26017572713e-11, 6.68405331083e-10, 7.56489575843e-12, 3.67048405558e-12, 1.52551010019e-11, 2.19813425274e-12, 3.37449534461e-12, 7.92853033661e-13, 2.97832993077e-13, 7.80824447526e-14, 1.63299454796e-13, 1.332640053e-13, 1.67774241765e-13, 1.42430500987e-13, 2.0752919782e-13, 9.23636099786e-14, 8.93217317059e-14, 6.64758639845e-14, 9.31954098854e-15, 2.79148813372e-16, 3.271516528e-17, 2.58782594369e-16, 2.03729352954e-18, 4.43565455575e-22],
        "cov": [[1.70001241816e-12, 7.18954843576e-12, 8.44594932322e-15, 1.54853899343e-13, 1.4449110311e-12, -1.41363374999e-13, -1.69686161145e-14, 1.61600415124e-13, 1.35256199687e-13, 2.87766474061e-13, 7.07677121656e-14, 6.0512731707e-14, 2.7876262564e-14, 8.68568319481e-14, 8.27994153818e-14, 1.35767157065e-13, 7.20868338438e-14, 9.40121597107e-14, 5.07394656618e-14, 1.62961397171e-14, 9.61829522651e-16, -2.64543148977e-15, 2.37503379729e-16, -1.25460601088e-16, -5.83791359692e-16, -5.09892757685e-17, -4.45252195186e-19], [7.18954843576e-12, 4.77144851407e-11, 2.28687186375e-12, 8.65466715221e-13, 6.10791972555e-12, -7.27846277172e-13, -7.85222784689e-14, 9.93367497634e-13, 6.44305247176e-13, 1.28832903547e-12, 3.66076635151e-13, 3.00632430192e-13, 1.4845187525e-13, 3.97347492366e-13, 3.57782569847e-13, 5.50629908423e-13, 2.79074696295e-13, 4.31823955933e-13, 2.13741229035e-13, 1.09854738695e-13, 3.22764615057e-14, -3.14447132679e-15, 1.09122831078e-15, 1.52485107861e-16, -7.35733135622e-16, -5.78855036964e-17, 8.65736741675e-19], [8.44594932322e-15, 2.28687186375e-12, 5.12046568341e-12, 1.81455089669e-12, 1.0338309527e-13, 1.31852401176e-13, 4.44768733562e-14, 3.65560988598e-14, -4.54443213542e-15, 1.11457053981e-13, 4.42357162998e-14, 3.30161584378e-14, 1.85467299748e-14, 2.67298966435e-14, 2.97112086724e-14, 1.97218645223e-14, 3.6977907715e-14, 6.33972990207e-14, 1.92133957263e-14, 4.18064630765e-14, 3.26393609135e-14, 1.0576865684e-14, 2.09759112003e-15, 7.14608928011e-16, 1.91296970127e-15, 1.70326758399e-16, 2.32108989193e-18], [1.54853899343e-13, 8.65466715221e-13, 1.81455089669e-12, 2.26064340858e-11, 1.16726957961e-11, 2.94007575447e-13, 1.95429352497e-13, 1.8320705196e-12, 1.30636441335e-13, 2.69925005741e-13, 3.92308662769e-14, 4.8919137648e-14, 6.05174547627e-14, 1.21315590833e-14, 1.52902863981e-14, -3.13691388708e-15, -4.04226357045e-15, 5.41391848615e-14, 4.79558612872e-14, 4.17219393528e-14, 1.52872845134e-14, 5.20913742913e-15, -3.94457850319e-17, -1.135505403e-17, -2.12977765734e-16, 2.03162804545e-17, -8.44834133165e-20], [1.4449110311e-12, 6.10791972555e-12, 1.0338309527e-13, 1.16726957961e-11, 6.68543609361e-10, 5.56823424175e-12, 1.03264749182e-12, 3.97818930575e-12, 2.00139208049e-13, 1.43379329676e-12, 4.85084737135e-13, 5.21015739233e-13, -5.34661866918e-14, 2.22100251602e-13, 4.26141381297e-13, 3.95296019225e-13, 2.08888895764e-13, 6.20080646985e-13, 3.77446798859e-13, 1.13696893697e-13, 9.03082269339e-14, 2.64008683892e-14, 1.04715235845e-14, 3.75953720754e-16, -8.96850448893e-16, 2.97940662823e-17, 1.86141218385e-18], [-1.41363374999e-13, -7.27846277172e-13, 1.31852401176e-13, 2.94007575447e-13, 5.56823424175e-12, 7.56646134636e-12, 9.54756673027e-13, 1.05692570581e-12, 5.54302209601e-13, 3.87439619233e-13, 1.86471958751e-13, 1.4689978563e-13, 9.02818401635e-14, 9.75036701769e-14, 1.24289047478e-13, 4.71445528016e-14, 1.01545609757e-13, 1.27543388719e-13, 1.03329962588e-13, 1.6377794032e-13, 1.58831240803e-13, 5.82251464382e-14, 9.08520000632e-15, 3.46157356895e-15, 9.80737436792e-15, 8.90224533663e-16, 1.23770133429e-17], [-1.69686161145e-14, -7.85222784689e-14, 4.44768733562e-14, 1.95429352497e-13, 1.03264749182e-12, 9.54756673027e-13, 3.67124343079e-12, 1.01741466814e-12, 4.00187017855e-13, 2.28705265446e-13, 1.32145623654e-13, 6.47292142846e-14, 4.68123227627e-14, 4.60498406443e-14, 7.00870364891e-14, 5.99598021516e-14, 4.09568720898e-14, 7.28412759255e-14, 3.45087185823e-14, 3.67765950885e-14, 4.22157968305e-14, 1.94038070388e-14, 3.13801672398e-15, 1.02397897697e-15, 2.40738622071e-15, 2.20530043841e-16, 3.46133748002e-18], [1.61600415124e-13, 9.93367497634e-13, 3.65560988598e-14, 1.8320705196e-12, 3.97818930575e-12, 1.05692570581e-12, 1.01741466814e-12, 1.52582581986e-11, 9.39801730361e-13, 1.16502272239e-12, 5.59296966379e-13, 4.25421850525e-13, 1.1579433701e-13, 1.49068867601e-13, 1.13721383113e-13, 7.72915192677e-14, 1.08895890623e-13, 1.97053419589e-13, 9.57504813826e-14, 5.63162933171e-14, 2.6928456413e-14, 7.48399518085e-15, 1.04166830716e-15, 4.69487598653e-16, 8.45767162394e-16, 1.23747371073e-16, 1.81813140586e-18], [1.35256199687e-13, 6.44305247176e-13, -4.54443213542e-15, 1.30636441335e-13, 2.00139208049e-13, 5.54302209601e-13, 4.00187017855e-13, 9.39801730361e-13, 2.19858918397e-12, 5.8696526372e-13, 1.88621728371e-13, 9.16273079545e-14, 9.47070994219e-14, 6.20444315499e-14, 7.55764537324e-14, 8.46831488938e-14, 5.93461504982e-14, 6.35813423395e-14, 6.71231801153e-14, 7.89143869608e-14, 6.83984729207e-14, 2.59864473554e-14, 3.89184873022e-15, 1.64777956735e-15, 4.34656312136e-15, 3.66988512282e-16, 5.24702169238e-18], [2.87766474061e-13, 1.28832903547e-12, 1.11457053981e-13, 2.69925005741e-13, 1.43379329676e-12, 3.87439619233e-13, 2.28705265446e-13, 1.16502272239e-12, 5.8696526372e-13, 3.37519378765e-12, 3.54885635852e-13, 1.17828706861e-13, 3.95346224562e-14, 1.35328963205e-13, 9.62378167066e-14, 1.44059826459e-13, 1.07088396852e-13, 1.53469210539e-13, 6.2597916759e-14, 2.28475092713e-14, 1.47077936988e-14, 1.43153607932e-15, 1.19407399245e-15, 1.22866403869e-16, 1.97627847899e-16, 1.583965508e-17, 2.68123693771e-19], [7.07677121656e-14, 3.66076635151e-13, 4.42357162998e-14, 3.92308662769e-14, 4.85084737135e-13, 1.86471958751e-13, 1.32145623654e-13, 5.59296966379e-13, 1.88621728371e-13, 3.54885635852e-13, 7.93017127659e-13, 7.11265424271e-14, 1.46256213385e-14, 3.88296335461e-14, 3.26563862757e-14, 3.697885978e-14, 3.38911129792e-14, 5.94695123766e-14, 2.59718546718e-14, 1.14955288195e-14, 6.97205185566e-15, 1.53346823595e-15, 6.60144285986e-16, 4.64801852093e-17, -1.2225539202e-17, 1.2015845608e-17, 8.80249418727e-20], [6.0512731707e-14, 3.00632430192e-13, 3.30161584378e-14, 4.8919137648e-14, 5.21015739233e-13, 1.4689978563e-13, 6.47292142846e-14, 4.25421850525e-13, 9.16273079545e-14, 1.17828706861e-13, 7.11265424271e-14, 2.97894629971e-13, 1.64043041304e-14, 3.07434538439e-14, 3.95617851087e-14, 2.62596544444e-14, 2.73684341249e-14, 4.86090592148e-14, 3.76345073269e-14, 3.50215462099e-14, 2.84623365187e-14, 1.02842945748e-14, 1.51881933052e-15, 4.10033853159e-16, 9.8593608033e-16, 9.60631315137e-17, 1.29650334997e-18], [2.7876262564e-14, 1.4845187525e-13, 1.85467299748e-14, 6.05174547627e-14, -5.34661866918e-14, 9.02818401635e-14, 4.68123227627e-14, 1.1579433701e-13, 9.47070994219e-14, 3.95346224562e-14, 1.46256213385e-14, 1.64043041304e-14, 7.80986061412e-14, 1.93873695174e-14, 1.84863687129e-14, 2.18024434091e-14, 2.25362297454e-14, 2.1258211188e-14, 1.98078671656e-14, 2.44907514949e-14, 2.29415926089e-14, 8.72651119931e-15, 1.49341988293e-15, 5.69926753835e-16, 1.4660187906e-15, 1.23086632435e-16, 1.8685437215e-18], [8.68568319481e-14, 3.97347492366e-13, 2.67298966435e-14, 1.21315590833e-14, 2.22100251602e-13, 9.75036701769e-14, 4.60498406443e-14, 1.49068867601e-13, 6.20444315499e-14, 1.35328963205e-13, 3.88296335461e-14, 3.07434538439e-14, 1.93873695174e-14, 1.63333254799e-13, 3.92857641763e-14, 5.24264503609e-14, 3.79876251982e-14, 5.19474159597e-14, 3.2008301039e-14, 2.74028744845e-14, 2.05574862417e-14, 6.48718097402e-15, 1.26032213332e-15, 4.26519470123e-16, 1.13330064903e-15, 9.72259290793e-17, 1.32645287162e-18], [8.27994153818e-14, 3.57782569847e-13, 2.97112086724e-14, 1.52902863981e-14, 4.26141381297e-13, 1.24289047478e-13, 7.00870364891e-14, 1.13721383113e-13, 7.55764537324e-14, 9.62378167066e-14, 3.26563862757e-14, 3.95617851087e-14, 1.84863687129e-14, 3.92857641763e-14, 1.33291584692e-13, 4.23069511282e-14, 3.764291667e-14, 5.11382826547e-14, 3.74439892883e-14, 3.36737033385e-14, 3.02800116253e-14, 1.10544745287e-14, 2.13449952192e-15, 6.88635245019e-16, 1.65663455566e-15, 1.43223490797e-16, 2.11402507791e-18], [1.35767157065e-13, 5.50629908423e-13, 1.97218645223e-14, -3.13691388708e-15, 3.95296019225e-13, 4.71445528016e-14, 5.99598021516e-14, 7.72915192677e-14, 8.46831488938e-14, 1.44059826459e-13, 3.697885978e-14, 2.62596544444e-14, 2.18024434091e-14, 5.24264503609e-14, 4.23069511282e-14, 1.6780896334e-13, 4.72222596041e-14, 6.48261419588e-14, 3.48959820458e-14, 2.55651450259e-14, 2.17615740694e-14, 7.21562380294e-15, 1.28566165333e-15, 4.70851904033e-16, 1.17754689734e-15, 9.61713465902e-17, 1.42726623256e-18], [7.20868338438e-14, 2.79074696295e-13, 3.6977907715e-14, -4.04226357045e-15, 2.08888895764e-13, 1.01545609757e-13, 4.09568720898e-14, 1.08895890623e-13, 5.93461504982e-14, 1.07088396852e-13, 3.38911129792e-14, 2.73684341249e-14, 2.25362297454e-14, 3.79876251982e-14, 3.764291667e-14, 4.72222596041e-14, 1.42459977734e-13, 5.84357120526e-14, 3.30584084413e-14, 2.78288930935e-14, 2.39743883518e-14, 7.94482430284e-15, 1.47611383515e-15, 4.76893948864e-16, 1.04895999029e-15, 8.82704945735e-17, 1.401903841e-18], [9.40121597107e-14, 4.31823955933e-13, 6.33972990207e-14, 5.41391848615e-14, 6.20080646985e-13, 1.27543388719e-13, 7.28412759255e-14, 1.97053419589e-13, 6.35813423395e-14, 1.53469210539e-13, 5.94695123766e-14, 4.86090592148e-14, 2.1258211188e-14, 5.19474159597e-14, 5.11382826547e-14, 6.48261419588e-14, 5.84357120526e-14, 2.07572145778e-13, 5.38247357383e-14, 3.39741459249e-14, 2.55225274102e-14, 7.7705591324e-15, 1.42041114859e-15, 3.43424849783e-16, 6.97543543465e-16, 5.66686019013e-17, 7.89947352026e-19], [5.07394656618e-14, 2.13741229035e-13, 1.92133957263e-14, 4.79558612872e-14, 3.77446798859e-13, 1.03329962588e-13, 3.45087185823e-14, 9.57504813826e-14, 6.71231801153e-14, 6.2597916759e-14, 2.59718546718e-14, 3.76345073269e-14, 1.98078671656e-14, 3.2008301039e-14, 3.74439892883e-14, 3.48959820458e-14, 3.30584084413e-14, 5.38247357383e-14, 9.23827258182e-14, 5.31603197064e-14, 4.33270600116e-14, 1.47122965259e-14, 1.76293104955e-15, 6.13855523606e-16, 1.52813521064e-15, 1.24268786027e-16, 1.87862477842e-18], [1.62961397171e-14, 1.09854738695e-13, 4.18064630765e-14, 4.17219393528e-14, 1.13696893697e-13, 1.6377794032e-13, 3.67765950885e-14, 5.63162933171e-14, 7.89143869608e-14, 2.28475092713e-14, 1.14955288195e-14, 3.50215462099e-14, 2.44907514949e-14, 2.74028744845e-14, 3.36737033385e-14, 2.55651450259e-14, 2.78288930935e-14, 3.39741459249e-14, 5.31603197064e-14, 8.9340217353e-14, 6.67366755933e-14, 2.28452849628e-14, 2.66168033455e-15, 1.04232613412e-15, 2.88961203022e-15, 2.54318333691e-16, 3.65098704022e-18], [9.61829522651e-16, 3.22764615057e-14, 3.26393609135e-14, 1.52872845134e-14, 9.03082269339e-14, 1.58831240803e-13, 4.22157968305e-14, 2.6928456413e-14, 6.83984729207e-14, 1.47077936988e-14, 6.97205185566e-15, 2.84623365187e-14, 2.29415926089e-14, 2.05574862417e-14, 3.02800116253e-14, 2.17615740694e-14, 2.39743883518e-14, 2.55225274102e-14, 4.33270600116e-14, 6.67366755933e-14, 6.64896197995e-14, 2.20015232568e-14, 2.81692538016e-15, 1.09413649253e-15, 3.05932799845e-15, 2.7126685416e-16, 3.96504725288e-18], [-2.64543148977e-15, -3.14447132679e-15, 1.0576865684e-14, 5.20913742913e-15, 2.64008683892e-14, 5.82251464382e-14, 1.94038070388e-14, 7.48399518085e-15, 2.59864473554e-14, 1.43153607932e-15, 1.53346823595e-15, 1.02842945748e-14, 8.72651119931e-15, 6.48718097402e-15, 1.10544745287e-14, 7.21562380294e-15, 7.94482430284e-15, 7.7705591324e-15, 1.47122965259e-14, 2.28452849628e-14, 2.20015232568e-14, 9.32146968256e-15, 1.21478775966e-15, 4.58188390894e-16, 1.29097636156e-15, 1.12848042276e-16, 1.67064561963e-18], [2.37503379729e-16, 1.09122831078e-15, 2.09759112003e-15, -3.94457850319e-17, 1.04715235845e-14, 9.08520000632e-15, 3.13801672398e-15, 1.04166830716e-15, 3.89184873022e-15, 1.19407399245e-15, 6.60144285986e-16, 1.51881933052e-15, 1.49341988293e-15, 1.26032213332e-15, 2.13449952192e-15, 1.28566165333e-15, 1.47611383515e-15, 1.42041114859e-15, 1.76293104955e-15, 2.66168033455e-15, 2.81692538016e-15, 1.21478775966e-15, 2.79206596901e-16, 8.0637364525e-17, 2.18460385009e-16, 1.90533824543e-17, 2.7842708133e-19], [-1.25460601088e-16, 1.52485107861e-16, 7.14608928011e-16, -1.135505403e-17, 3.75953720754e-16, 3.46157356895e-15, 1.02397897697e-15, 4.69487598653e-16, 1.64777956735e-15, 1.22866403869e-16, 4.64801852093e-17, 4.10033853159e-16, 5.69926753835e-16, 4.26519470123e-16, 6.88635245019e-16, 4.70851904033e-16, 4.76893948864e-16, 3.43424849783e-16, 6.13855523606e-16, 1.04232613412e-15, 1.09413649253e-15, 4.58188390894e-16, 8.0637364525e-17, 3.27219349262e-17, 8.84303521899e-17, 7.76548308232e-18, 1.11879551194e-19], [-5.83791359692e-16, -7.35733135622e-16, 1.91296970127e-15, -2.12977765734e-16, -8.96850448893e-16, 9.80737436792e-15, 2.40738622071e-15, 8.45767162394e-16, 4.34656312136e-15, 1.97627847899e-16, -1.2225539202e-17, 9.8593608033e-16, 1.4660187906e-15, 1.13330064903e-15, 1.65663455566e-15, 1.17754689734e-15, 1.04895999029e-15, 6.97543543465e-16, 1.52813521064e-15, 2.88961203022e-15, 3.05932799845e-15, 1.29097636156e-15, 2.18460385009e-16, 8.84303521899e-17, 2.58836142734e-16, 2.23107551864e-17, 3.1995922535e-19], [-5.09892757685e-17, -5.78855036964e-17, 1.70326758399e-16, 2.03162804545e-17, 2.97940662823e-17, 8.90224533663e-16, 2.20530043841e-16, 1.23747371073e-16, 3.66988512282e-16, 1.583965508e-17, 1.2015845608e-17, 9.60631315137e-17, 1.23086632435e-16, 9.72259290793e-17, 1.43223490797e-16, 9.61713465902e-17, 8.82704945735e-17, 5.66686019013e-17, 1.24268786027e-16, 2.54318333691e-16, 2.7126685416e-16, 1.12848042276e-16, 1.90533824543e-17, 7.76548308232e-18, 2.23107551864e-17, 2.03771518486e-18, 2.8699095976e-20], [-4.45252195186e-19, 8.65736741675e-19, 2.32108989193e-18, -8.44834133165e-20, 1.86141218385e-18, 1.23770133429e-17, 3.46133748002e-18, 1.81813140586e-18, 5.24702169238e-18, 2.68123693771e-19, 8.80249418727e-20, 1.29650334997e-18, 1.8685437215e-18, 1.32645287162e-18, 2.11402507791e-18, 1.42726623256e-18, 1.401903841e-18, 7.89947352026e-19, 1.87862477842e-18, 3.65098704022e-18, 3.96504725288e-18, 1.67064561963e-18, 2.7842708133e-19, 1.11879551194e-19, 3.1995922535e-19, 2.8699095976e-20, 4.43657241119e-22]]
    },
    "mfcc": {
        "kurt": [59.1065292358, 56.3629226685, 0.852860450745, 1.03430604935, 1.47712373734, 0.241339683533, 0.0480377674103, 0.417131662369, 0.0979948043823, 0.0269865989685, 0.120451688766, 0.0696184635162, -0.0650455951691],
        "max": [-841.967285156, 169.042572021, 39.962223053, 63.5430831909, 31.6905097961, 11.701625824, 24.6982002258, 18.5736026764, 20.414188385, 18.8775119781, 11.6890907288, 11.429397583, 13.4705543518],
        "mean": [-940.100158691, 139.222900391, -1.16913580894, 24.2378330231, 12.6605138779, -12.0954551697, 6.16702127457, 2.41567873955, -1.53372085094, -2.16138935089, -10.8700523376, -6.82791948318, -4.73154067993],
        "median": [-940.034790039, 139.501586914, -1.16607666016, 24.1650276184, 12.93359375, -12.0985946655, 6.15167617798, 2.44295501709, -1.56072235107, -2.22766876221, -10.9344577789, -6.83865356445, -4.78289794922],
        "min": [-1133.65734863, 6.51551437378, -31.156337738, 3.26790237427, -22.6025314331, -32.5223503113, -13.2625045776, -25.1241760254, -23.3068618774, -20.8371429443, -28.2644863129, -24.8315734863, -20.8027915955],
        "skew": [-3.19286751747, -3.53145599365, 0.0880919620395, 0.193495720625, -0.490408182144, 0.0214519239962, 0.00201633875258, -0.170014202595, -0.00352102983743, -0.0112021490932, 0.0969529077411, 0.0142405312508, 0.0563115738332],
        "var": [121.934761047, 49.2248649597, 44.0127449036, 31.3401165009, 31.5525093079, 26.9581127167, 25.2036647797, 26.8868160248, 27.8699626923, 25.8884048462, 25.9118824005, 24.9427242279, 21.5629901886],
        "cov": [[121.959991455, 46.9165840149, -29.0073280334, 18.2494373322, 0.5306199193, -0.918878138065, 2.9703066349, -3.94071698189, 9.24313545227, 2.17933177948, 2.74298882484, 5.17945432663, -2.85908126831], [46.9165840149, 49.2350540161, 11.7854738235, 3.23564171791, 6.80930376053, -2.88119482994, -0.549073159695, 1.5319494009, -1.41593801975, 0.305089116096, -0.996979236603, -0.00160736439284, -0.738077700138], [-29.0073280334, 11.7854738235, 44.0218544006, 8.76887702942, 0.990582287312, 2.39294457436, -1.43997466564, -2.03348994255, -6.63223695755, -3.85559606552, -3.3633954525, -4.26782131195, -0.829574584961], [18.2494373322, 3.23564171791, 8.76887702942, 31.3466014862, 12.4037370682, 4.60275793076, 3.66991329193, -2.37597990036, 1.10199666023, -1.1517573595, -1.68678057194, -1.05842721462, -3.15656375885], [0.5306199193, 6.80930376053, 0.990582287312, 12.4037370682, 31.5590400696, 12.9361305237, 3.6799352169, 6.30410671234, 0.81572496891, 1.01678168774, -1.24267315865, -1.60398864746, -0.0889469012618], [-0.918878138065, -2.88119482994, 2.39294457436, 4.60275793076, 12.9361305237, 26.9636917114, 14.6568546295, 2.43531417847, 4.75789260864, 1.07875597477, -0.433138757944, 0.149341121316, 0.228547528386], [2.9703066349, -0.549073159695, -1.43997466564, 3.66991329193, 3.6799352169, 14.6568546295, 25.2088813782, 14.3568572998, 4.52006626129, 3.79226469994, 1.23308575153, 0.495107889175, 1.03398418427], [-3.94071698189, 1.5319494009, -2.03348994255, -2.37597990036, 6.30410671234, 2.43531417847, 14.3568572998, 26.8923816681, 14.2741975784, 4.85918331146, 3.30182743073, 2.18155503273, 2.30575895309], [9.24313545227, -1.41593801975, -6.63223695755, 1.10199666023, 0.81572496891, 4.75789260864, 4.52006626129, 14.2741975784, 27.8757305145, 15.5487537384, 5.39877223969, 5.97829771042, 2.49595165253], [2.17933177948, 0.305089116096, -3.85559606552, -1.1517573595, 1.01678168774, 1.07875597477, 3.79226469994, 4.85918331146, 15.5487537384, 25.8937625885, 15.9884958267, 6.02816915512, 4.51345252991], [2.74298882484, -0.996979236603, -3.3633954525, -1.68678057194, -1.24267315865, -0.433138757944, 1.23308575153, 3.30182743073, 5.39877223969, 15.9884958267, 25.9172439575, 16.2707805634, 4.82095527649], [5.17945432663, -0.00160736439284, -4.26782131195, -1.05842721462, -1.60398864746, 0.149341121316, 0.495107889175, 2.18155503273, 5.97829771042, 6.02816915512, 16.2707805634, 24.9478874207, 13.1506690979], [-2.85908126831, -0.738077700138, -0.829574584961, -3.15656375885, -0.0889469012618, 0.228547528386, 1.03398418427, 2.30575895309, 2.49595165253, 4.51345252991, 4.82095527649, 13.1506690979, 21.5674514771]]
    },
    "sccoeffs": {
        "kurt": [0.320250511169, 0.987122058868, 0.173941612244, 0.091304063797, 0.113340616226, 12.6760072708],
        "max": [-0.589600205421, -0.648348450661, -0.758537888527, -0.807726204395, -0.812193155289, -0.713094890118],
        "mean": [-0.793614268303, -0.853549599648, -0.861477851868, -0.874323308468, -0.8608045578, -0.841712832451],
        "median": [-0.797729432583, -0.855733215809, -0.863051831722, -0.874898612499, -0.861044824123, -0.842241108418],
        "min": [-0.921629309654, -0.944091081619, -0.942458152771, -0.923923194408, -0.920427501202, -0.889410257339],
        "skew": [0.486822783947, 0.547474861145, 0.330634504557, 0.212425813079, 0.134872853756, 1.65821313858],
        "var": [0.00196772394702, 0.000993889989331, 0.000623813015409, 0.000250500423135, 0.000152899461682, 0.000104433383967],
        "cov": [[0.00196813116781, 1.54258905241e-05, -7.64637297834e-06, -2.92611025543e-06, -1.35063837661e-05, -7.24237224858e-06], [1.54258905241e-05, 0.000994095695205, -1.28743031382e-05, 1.09528573375e-05, -3.77413357455e-06, 1.41435771184e-06], [-7.64637297834e-06, -1.28743031382e-05, 0.000623942120001, 1.34053861984e-05, 1.25984397528e-05, 8.30808676255e-06], [-2.92611025543e-06, 1.09528573375e-05, 1.34053861984e-05, 0.000250552257057, 9.11924598768e-06, 4.77390449305e-06], [-1.35063837661e-05, -3.77413357455e-06, 1.25984397528e-05, 9.11924598768e-06, 0.000152931097546, -1.84660564173e-06], [-7.24237224858e-06, 1.41435771184e-06, 8.30808676255e-06, 4.77390449305e-06, -1.84660564173e-06, 0.000104454993561]]
    },
    "scvalleys": {
        "kurt": [4.42647600174, 7.30555725098, 13.0221633911, 37.8040504456, 90.7498626709, 162.02520752],
        "max": [-6.48090744019, -6.96196603775, -7.46336221695, -8.34209918976, -8.32818984985, -10.1102647781],
        "mean": [-7.4174489975, -8.05831050873, -8.46322631836, -9.1998462677, -9.74261283875, -12.3122673035],
        "median": [-7.38977432251, -8.04073238373, -8.45508575439, -9.19632434845, -9.74238681793, -12.3155498505],
        "min": [-11.2273759842, -11.5964193344, -11.8990974426, -13.041633606, -13.7645235062, -16.0521392822],
        "skew": [-0.919048309326, -0.950152516365, -1.23817384243, -2.62921786308, -4.41858243942, -4.20199489594],
        "var": [0.13468670845, 0.0967120826244, 0.0646064057946, 0.0504563301802, 0.0342168882489, 0.025519983843],
        "cov": [[0.134714588523, 0.00961125642061, 0.0136593682691, 0.0190446861088, 0.0153684681281, 0.0112123033032], [0.00961125642061, 0.0967320948839, 0.0110054202378, 0.0153160886839, 0.0134429931641, 0.0131142353639], [0.0136593682691, 0.0110054202378, 0.0646197795868, 0.0167857222259, 0.0137594928965, 0.0113070486113], [0.0190446861088, 0.0153160886839, 0.0167857222259, 0.0504667721689, 0.0207212045789, 0.0153021942824], [0.0153684681281, 0.0134429931641, 0.0137594928965, 0.0207212045789, 0.0342239700258, 0.0164494886994], [0.0112123033032, 0.0131142353639, 0.0113070486113, 0.0153021942824, 0.0164494886994, 0.025525264442]]
    }
},
"rhythm": {
    "beats_loudness": {
        "kurt": 6.5556306839,
        "max": 0.000264845904894,
        "mean": 7.91826823843e-05,
        "median": 7.38382732379e-05,
        "min": 2.9065498893e-05,
        "skew": 1.69034719467,
        "var": 8.69601779474e-10
    },
    "bpm": 114.231529236,
    "confidence": -0.09820766747,
    "first_peak_bpm": {
        "kurt": 0,
        "max": 115,
        "mean": 115,
        "median": 115,
        "min": 115,
        "skew": 0,
        "var": 0
    },
    "first_peak_spread": {
        "kurt": 0,
        "max": 0.591836690903,
        "mean": 0.591836690903,
        "median": 0.591836690903,
        "min": 0.591836690903,
        "skew": 0,
        "var": 0
    },
    "first_peak_weight": {
        "kurt": 0,
        "max": 0.0943396240473,
        "mean": 0.0943396240473,
        "median": 0.0943396240473,
        "min": 0.0943396240473,
        "skew": 0,
        "var": 0
    },
    "onset_rate": 0.115865752101,
    "second_peak_bpm": {
        "kurt": 0,
        "max": 129,
        "mean": 129,
        "median": 129,
        "min": 129,
        "skew": 0,
        "var": 0
    },
    "second_peak_spread": {
        "kurt": 0,
        "max": 0.518518567085,
        "mean": 0.518518567085,
        "median": 0.518518567085,
        "min": 0.518518567085,
        "skew": 0,
        "var": 0
    },
    "second_peak_weight": {
        "kurt": 0,
        "max": 0.0613207556307,
        "mean": 0.0613207556307,
        "median": 0.0613207556307,
        "min": 0.0613207556307,
        "skew": 0,
        "var": 0
    },
    "beats_loudness_band_ratio": {
        "kurt": [-0.243443965912, -0.57409787178, 8.98990631104, 11.7490901947, 1.89186286926, 59.8081970215],
        "max": [0.709456026554, 0.798487007618, 0.512114107609, 0.351342320442, 0.13819694519, 0.13960172236],
        "mean": [0.315843224525, 0.470771551132, 0.117598295212, 0.0859811380506, 0.0528543740511, 0.0176647007465],
        "median": [0.305574536324, 0.460955709219, 0.104381404817, 0.0781883299351, 0.0487206019461, 0.0161769501865],
        "min": [0.0418742336333, 0.131654039025, 0.0278736539185, 0.0207538399845, 0.0197339914739, 0.00508896261454],
        "skew": [0.32379668951, 0.0165005233139, 1.97093892097, 2.46446084976, 1.24813747406, 6.98134565353],
        "var": [0.0159002747387, 0.0228874329478, 0.003393802559, 0.00167942955159, 0.000482040311908, 0.000172750034835],
        "cov": [[0.0159752760082, -0.0133794238791, -0.000115587368782, 0.000139568262966, -1.91070630535e-05, 2.46456656896e-05], [-0.0133794238791, 0.0229953937232, -0.00466866604984, -0.003445900511, -0.00152611988597, -0.000527963973582], [-0.000115587368782, -0.00466866604984, 0.00340981106274, 0.000949771609157, 0.00038237683475, 0.000110776003567], [0.000139568262966, -0.003445900511, 0.000949771609157, 0.00168735138141, 0.000440615986008, 0.000127738036099], [-1.91070630535e-05, -0.00152611988597, 0.00038237683475, 0.000440615986008, 0.00048431410687, 0.000165282341186], [2.46456656896e-05, -0.000527963973582, 0.000110776003567, 0.000127738036099, 0.000165282341186, 0.000173564898432]]
    },
    "beats_position": [0.441179126501, 0.905578196049, 1.369977355, 1.84598636627, 2.31038546562, 2.76317453384, 3.21596360207, 3.69197273254, 4.14476203918, 4.58594083786, 5.01551008224, 5.46829938889, 5.93269824982, 6.31582736969, 6.68734693527, 7.07047605515, 7.4303855896, 7.81351470947, 8.19664382935, 8.59138298035, 8.97451210022, 9.35764122009, 9.72916126251, 10.1239004135, 10.4954195023, 10.8901586533, 11.2732877731, 11.6448068619, 12.0627660751, 12.4575052261, 12.8290243149, 13.2237634659, 13.6533327103, 14.1061220169, 14.5356912613, 15.0349206924, 15.5109291077, 15.9753284454, 16.4513378143, 16.9273471832, 17.391746521, 17.8329238892, 18.2624931335, 18.7268924713, 19.1912918091, 19.6092510223, 20.0039901733, 20.4103393555, 20.8166885376, 21.2230377197, 21.6526069641, 22.0821762085, 22.5117454529, 22.9413146973, 23.3824939728, 23.8817234039, 24.3925609589, 24.89179039, 25.3561897278, 25.8438091278, 26.3198184967, 26.830657959, 27.3182754517, 27.7826747894, 28.2819042206, 28.8275737762, 29.3616313934, 29.9189109802, 30.4413604736, 30.9870281219, 31.5094776154, 32.0203170776, 32.5079345703, 33.0303840637, 33.5296134949, 34.0636711121, 34.5861206055, 35.1201820374, 35.7355079651, 36.3508377075, 36.96616745, 37.5698852539, 38.1619949341, 38.7541046143, 39.3462142944, 39.9383201599, 40.5304298401, 41.1225395203, 41.7843093872, 42.4344673157, 43.1078453064, 43.7812232971, 44.4546012878, 45.1163711548, 45.7897491455, 46.439907074, 47.0784568787, 47.6357345581, 48.204624176, 48.7735137939, 49.3424034119, 49.8996810913, 50.480178833, 51.0839004517, 51.6643981934, 52.302947998, 52.941493988, 53.5800437927, 54.2069816589, 54.8455314636, 55.4724693298, 56.0994110107, 56.6566886902, 57.2255783081, 57.7828559875, 58.2936935425, 58.8161430359, 59.3269844055, 59.7681617737, 60.2093429565, 60.6621322632, 61.0916976929, 61.5212669373, 61.9624481201, 62.473285675, 62.9957351685, 63.4949645996, 64.0174102783, 64.5514755249, 65.0739212036, 65.5963668823, 66.107208252, 66.6180496216, 67.1404953003, 67.6629486084, 68.1970062256, 68.7194519043, 69.2302932739, 69.7643508911, 70.3100204468, 70.8208618164, 71.3316955566, 71.8193206787, 72.3069381714, 72.7945556641, 73.2937850952, 73.7930145264, 74.3154602051, 74.8611297607, 75.3951950073, 75.917640686, 76.4400863647, 76.9741516113, 77.5082092285, 78.0074386597, 78.5414962769, 79.0871658325, 79.6212234497, 80.2597732544, 80.9215393066, 81.5600891113, 82.1870269775, 82.8139648438, 83.4292984009, 84.0562362671, 84.6831741333, 85.228843689, 85.7396774292, 86.2737426758, 86.7961883545, 87.3186416626, 87.8410873413, 88.386756897, 88.9324264526, 89.4664840698, 89.9889297485, 90.5113830566, 90.9757843018, 91.4401779175, 91.9045791626, 92.3573684692, 92.7985458374, 93.274559021, 93.8434448242, 94.4355545044, 95.0044403076, 95.5849380493, 96.1538314819, 96.7227172852, 97.3148269653, 97.895324707, 98.4642181396, 99.0331039429, 99.5671615601, 100.07800293, 100.588844299, 101.09967804, 101.598907471, 102.098136902, 102.713470459, 103.328796387, 103.932518005, 104.605895996, 105.279273987, 105.975868225, 106.660858154, 107.403900146, 108.123718262, 108.831924438, 109.563354492, 110.283172607, 111.002990723, 111.746032715],
    "bpm_estimates": [117.454170227, 117.453727722, 109.95665741, 112.347427368, 114.843635559, 109.957038879, 114.843635559, 117.453727722, 114.843635559, 112.347427368, 114.843635559, 112.346626282, 117.454170227, 114.843635559, 117.453292847, 117.454170227, 114.843635559, 114.844474792, 112.345825195, 114.844474792, 114.844474792, 117.453292847, 117.453292847, 114.844474792, 114.842796326, 112.347427368, 114.844474792, 117.453292847, 112.347427368, 109.95665741, 117.453292847, 117.455047607, 114.844474792, 109.95665741, 112.345825195, 114.844474792, 114.844474792, 112.345825195, 112.347427368, 112.347427368, 109.95665741, 112.347427368, 109.95665741, 117.455047607, 112.345825195, 114.844474792, 114.842796326, 114.844474792, 109.95665741, 109.95665741, 112.347427368, 114.844474792, 114.842796326, 112.347427368, 117.453292847, 117.453292847, 117.455047607],
