{
"metadata": {
    "version": {
        "essentia": "2.1-beta3"
    }
},
"lowLevel": {
    "average_loudness": 0.950369656086,
    "barkbands_kurtosis": {
        "kurt": 19.6667919159,
        "max": 57.9844207764,
        "mean": 3.19078445435,
        "median": 1.23005008698,
        "min": -1.67089354992,
        "skew": 4.1131734848,
        "var": 48.9925193787
    },
    "barkbands_skewness": {
        "kurt": 7.03406906128,
        "max": 6.41570043564,
        "mean": 1.62790763378,
        "median": 1.4273109436,
        "min": -1.57265543938,
        "skew": 2.29808688164,
        "var": 0.80582433939
    },
    "barkbands_spread": {
        "kurt": 0.254253864288,
        "max": 51.0541954041,
        "mean": 21.4274044037,
        "median": 21.5299625397,
        "min": 2.4706056118,
        "skew": -0.081602960825,
        "var": 56.4717292786
    },
    "dissonance": {
        "kurt": 53.5790061951,
        "max": 0.500000059605,
        "mean": 0.474450647831,
        "median": 0.477308571339,
        "min": 0.17048022151,
        "skew": -3.84475970268,
        "var": 0.00032162014395
    },
    "hfc": {
        "kurt": 380.452789307,
        "max": 0.821592032909,
        "mean": 0.0339858308434,
        "median": 0.0371171273291,
        "min": 2.33247154924e-09,
        "skew": 14.9656143188,
        "var": 0.000838194449898
    },
    "pitch": {
        "kurt": 53.4453201294,
        "max": 4477.67773438,
        "mean": 262.156707764,
        "median": 185.405639648,
        "min": 54.650100708,
        "skew": 7.30453586578,
        "var": 262934.46875
    },
    "pitch_instantaneous_confidence": {
        "kurt": 3.12892436981,
        "max": 0.579679250717,
        "mean": 0.231595337391,
        "median": 0.221981167793,
        "min": 0.112612307072,
        "skew": 1.23644626141,
        "var": 0.00378508330323
    },
    "pitch_salience": {
        "kurt": 2.89902973175,
        "max": 0.87123644352,
        "mean": 0.687013506889,
        "median": 0.70845925808,
        "min": 0.21947081387,
        "skew": -1.44998443127,
        "var": 0.00856858771294
    },
    "silence_rate_20dB": {
        "kurt": 0,
        "max": 1,
        "mean": 1,
        "median": 1,
        "min": 1,
        "skew": 0,
        "var": 0
    },
    "silence_rate_30dB": {
        "kurt": 0,
        "max": 1,
        "mean": 1,
        "median": 1,
        "min": 1,
        "skew": 0,
        "var": 0
    },
    "silence_rate_60dB": {
        "kurt": 0,
        "max": 1,
        "mean": 1,
        "median": 1,
        "min": 1,
        "skew": 0,
        "var": 0
    },
    "spectral_centroid": {
        "kurt": 9.96276473999,
        "max": 3377.72314453,
        "mean": 729.334472656,
        "median": 726.861328125,
        "min": 121.603500366,
        "skew": 1.20359706879,
        "var": 73431.71875
    },
    "spectral_complexity": {
        "kurt": 502.991882324,
        "max": 1,
        "mean": 0.00196850392967,
        "median": 0,
        "min": 0,
        "skew": 22.4719905853,
        "var": 0.00196464848705
    },
    "spectral_crest": {
        "kurt": 2.01093149185,
        "max": 20.1918582916,
        "mean": 7.74450969696,
        "median": 7.26463794708,
        "min": 2.92276525497,
        "skew": 1.20240104198,
        "var": 7.26499938965
    },
    "spectral_decrease": {
        "kurt": 2,
        "max": -9.79682628813e-19,
        "mean": -1.08995026546e-11,
        "median": -1.14487846287e-11,
        "min": -5.83172260482e-11,
        "skew": -0.150152266026,
        "var": 4.04400108285e-23
    },
    "spectral_energy": {
        "kurt": 5.40027332306,
        "max": 0.000294623285299,
        "mean": 4.42198106612e-05,
        "median": 4.67786740046e-05,
        "min": 3.90911435166e-12,
        "skew": 0.434231698513,
        "var": 6.65085431173e-10
    },
    "spectral_energyband_high": {
        "kurt": 207.711120605,
        "max": 4.56881280115e-05,
        "mean": 1.66057384376e-06,
        "median": 1.1808662066e-06,
        "min": 1.19874352415e-13,
        "skew": 10.4886236191,
        "var": 3.7191426154e-12
    },
    "spectral_energyband_low": {
        "kurt": 4.23923301697,
        "max": 6.41670048935e-05,
        "mean": 8.65014408191e-06,
        "median": 6.88523141434e-06,
        "min": 1.34200940291e-12,
        "skew": 1.60625863075,
        "var": 6.21352691521e-11
    },
    "spectral_energyband_middle_high": {
        "kurt": 420.371124268,
        "max": 0.000223988085054,
        "mean": 8.39940730657e-06,
        "median": 8.88636895979e-06,
        "min": 4.46933316094e-13,
        "skew": 15.9683704376,
        "var": 5.88982820848e-11
    },
    "spectral_energyband_middle_low": {
        "kurt": -0.114547729492,
        "max": 0.000106241015601,
        "mean": 2.92581826216e-05,
        "median": 2.96632515528e-05,
        "min": 2.0798358695e-12,
        "skew": 0.171729832888,
        "var": 3.42227551853e-10
    },
    "spectral_flatness_db": {
        "kurt": 4.66530609131,
        "max": 0.301007151604,
        "mean": 0.15192040801,
        "median": 0.146312922239,
        "min": 0.0711456239223,
        "skew": 1.80925726891,
        "var": 0.000780222122557
    },
    "spectral_flux": {
        "kurt": 0.499307394028,
        "max": 0.0118981553242,
        "mean": 0.00373223377392,
        "median": 0.00421194545925,
        "min": 3.96960895159e-05,
        "skew": -0.788577020168,
        "var": 3.04178138322e-06
    },
    "spectral_kurtosis": {
        "kurt": 0.989678382874,
        "max": 12.7710485458,
        "mean": 4.50878572464,
        "median": 4.10956382751,
        "min": 0.695356845856,
        "skew": 1.00819075108,
        "var": 3.73329377174
    },
    "spectral_rms": {
        "kurt": 0.58412194252,
        "max": 0.000536131847184,
        "mean": 0.000190237027709,
        "median": 0.000213629886275,
        "min": 6.17557276428e-08,
        "skew": -1.12942504883,
        "var": 6.95118140825e-09
    },
    "spectral_rolloff": {
        "kurt": 1.85612869263,
        "max": 4478.90625,
        "mean": 1342.19482422,
        "median": 1270.45898438,
        "min": 107.666015625,
        "skew": 1.09387338161,
        "var": 547979.3125
    },
    "spectral_skewness": {
        "kurt": 0.521651506424,
        "max": 2.94629979134,
        "mean": 1.72413218021,
        "median": 1.67574858665,
        "min": 0.86503893137,
        "skew": 0.857691705227,
        "var": 0.122123084962
    },
    "spectral_spread": {
        "kurt": 263.701141357,
        "max": 28440048,
        "mean": 4447112.5,
        "median": 4378317,
        "min": 2552536,
        "skew": 11.257610321,
        "var": 913543004160
    },
    "spectral_strongpeak": {
        "kurt": 706.94342041,
        "max": 0.774691641331,
        "mean": 0.0162129849195,
        "median": 0.0132110528648,
        "min": 0,
        "skew": 22.4748535156,
        "var": 0.000554140016902
    },
    "zerocrossingrate": {
        "kurt": 0.695917129517,
        "max": 0.13671875,
        "mean": 0.0544414371252,
        "median": 0.05517578125,
        "min": 0.001953125,
        "skew": -0.157624840736,
        "var": 0.000274737452855
    },
    "barkbands": {
        "kurt": [1.59673070908, 3.90695428848, 6.3922290802, 5.00987815857, 1.35928106308, 1.99707984924, 3.86341285706, 3.36542844772, 1.36631536484, 1.76214551926, 52.0664520264, 270.184020996, 34.4296607971, 118.153045654, 19.05052948, 256.564147949, 151.639373779, 201.517288208, 717.555908203, 653.640563965, 83.6575469971, 656.636169434, 548.768798828, 585.067749023, 387.954681396, 630.230957031, 588.25],
        "max": [1.99942373769e-08, 5.69613757762e-06, 3.74849878426e-05, 4.79133741464e-05, 4.71020612167e-05, 2.84879533865e-05, 1.96259279619e-05, 8.76669218997e-06, 1.2563297787e-05, 1.09311486085e-05, 1.39448857226e-05, 2.06422228075e-05, 1.27860512293e-05, 1.41830596476e-05, 5.74454679736e-06, 1.91944309336e-05, 1.15788061521e-05, 1.67185644386e-05, 6.25024040346e-05, 6.28868729109e-05, 1.61660809681e-05, 1.33971807372e-05, 1.72896966433e-06, 5.12903056915e-07, 2.80078722881e-07, 3.19729345222e-08, 2.86540013938e-10],
        "mean": [2.88751134114e-09, 8.76138756212e-07, 4.34588037024e-06, 5.86900841881e-06, 9.61221212492e-06, 5.45384045836e-06, 3.29139470523e-06, 1.54983808898e-06, 2.3080012852e-06, 2.01462717087e-06, 9.04193427687e-07, 7.01803571701e-07, 1.04925720734e-06, 7.64777155382e-07, 5.94411062593e-07, 6.85434827119e-07, 5.97395512614e-07, 6.56453607917e-07, 8.6458237547e-07, 9.98432483357e-07, 8.12885559753e-07, 2.20018407049e-07, 3.25275593127e-08, 8.94965079823e-09, 4.80443818063e-09, 1.47609299783e-10, 2.66246833608e-12],
        "median": [2.26911955892e-09, 6.3609377321e-07, 3.07250138576e-06, 4.00600129069e-06, 7.9008659668e-06, 4.5980300456e-06, 2.63606352746e-06, 1.22249571177e-06, 2.09413724406e-06, 1.73200783138e-06, 8.04029127721e-07, 6.00200110057e-07, 9.90278294921e-07, 6.99724978404e-07, 5.39999405191e-07, 5.93229515289e-07, 5.74024966227e-07, 6.02786258241e-07, 7.9964206634e-07, 7.35414971587e-07, 5.91284333495e-07, 1.77310369054e-07, 2.60498893567e-08, 7.1980550409e-09, 3.08753489442e-09, 8.29795676616e-11, 1.37326326526e-12],
        "min": [3.06719764604e-13, 5.31141320162e-13, 4.27085287708e-13, 4.60529672123e-13, 9.57922543371e-13, 3.43434563557e-13, 9.20446309232e-14, 1.53551569246e-13, 6.68444249605e-14, 7.16035371729e-14, 7.05560149151e-14, 5.12153863698e-14, 2.90125182992e-14, 3.78525573245e-14, 3.01281352297e-14, 1.44534703623e-14, 6.76994877801e-14, 3.75713389979e-14, 2.23674109968e-14, 4.27122665578e-14, 4.21166194368e-14, 9.74386891973e-15, 9.11747111457e-15, 8.99977334545e-15, 8.55519455056e-15, 6.85788917855e-15, 5.72612822365e-15],
        "skew": [1.14135932922, 1.73978161812, 1.95123517513, 1.91039860249, 1.12848901749, 1.23360228539, 1.60083532333, 1.60303199291, 0.935663342476, 1.12063455582, 3.78696203232, 12.155714035, 2.83538126945, 7.23671722412, 2.60133600235, 11.9214143753, 7.71415710449, 11.2509469986, 24.7195091248, 22.9265079498, 5.55308818817, 23.284330368, 21.7793731689, 21.5711402893, 18.6160392761, 24.705488205, 22.5682086945],
        "var": [7.47602694339e-18, 7.70617293935e-13, 2.01431996083e-11, 4.14225251322e-11, 6.99476240817e-11, 2.16387914531e-11, 9.088135626e-12, 2.06793544962e-12, 3.06945918335e-12, 2.70607342957e-12, 6.0244094869e-13, 6.4527056658e-13, 6.0324938404e-13, 4.93192075721e-13, 2.34605520774e-13, 5.71815977814e-13, 2.54535785895e-13, 5.35110746946e-13, 3.79600040637e-12, 4.01933087507e-12, 6.74285497229e-13, 1.84392255696e-13, 4.22567669671e-15, 2.85779466692e-16, 1.57579097831e-16, 1.41677323969e-18, 1.08522559746e-22],
        "cov": [[7.48093543315e-18, 9.68607903811e-16, 3.845464359e-15, 5.88144569058e-15, 9.08217694573e-15, 3.31473109018e-15, 2.73640875753e-15, 1.24681682825e-15, 2.39550827769e-15, 2.38334679039e-15, 5.15523627578e-16, 6.62022740366e-16, 9.09825828975e-16, 5.37093056882e-16, 4.08726881321e-16, 6.36635945327e-16, 3.78971699145e-16, 5.15166550251e-16, 3.86551452883e-16, -1.22204381446e-16, -1.36705029638e-16, -1.90263907237e-18, -4.0538934817e-18, -1.15326430901e-18, -8.61274153969e-19, -2.10159225604e-20, 8.30539418204e-22], [9.68607903811e-16, 7.71123291089e-13, 1.6357715963e-12, 1.76159987205e-12, 2.17711287366e-12, 1.07014961129e-12, 5.96753766194e-13, 3.11225844358e-13, 5.1343857551e-13, 4.79451439488e-13, 1.72926709302e-13, 1.48952126132e-13, 2.11369618097e-13, 1.39970961254e-13, 1.167292852e-13, 1.34059741932e-13, 1.0101377471e-13, 1.10820424018e-13, 9.87775399669e-14, 8.08738994285e-14, 7.57134901107e-14, 1.35558814065e-14, 1.74786328633e-15, 3.27276881328e-16, 2.43514560797e-16, 1.57803168652e-18, 3.61432458601e-19], [3.845464359e-15, 1.6357715963e-12, 2.01564251401e-11, 1.35440825222e-11, 9.20442368157e-12, 3.83761121839e-12, 2.69456332247e-12, 1.48250433197e-12, 2.58587921041e-12, 2.46544256365e-12, 6.37022715393e-13, 9.01790577976e-13, 1.05962699552e-12, 8.58472635427e-13, 6.43083026067e-13, 1.07239824659e-12, 4.94766770956e-13, 8.0657214848e-13, 6.35985513385e-13, 1.44367929612e-13, 3.57780564073e-13, 9.94188658807e-14, 1.56732604868e-14, 4.8099515534e-15, 1.3919131486e-15, -9.75218413629e-17, 2.74123079657e-19], [5.88144569058e-15, 1.76159987205e-12, 1.35440825222e-11, 4.14497221268e-11, 2.17801089664e-11, 9.02952278919e-12, 5.42708629772e-12, 2.00480062239e-12, 3.39480765547e-12, 3.44691159296e-12, 1.17926165794e-12, 8.489321442e-13, 1.12175037054e-12, 8.09991071611e-13, 7.88388614375e-13, 7.35841021362e-13, 7.37698313893e-13, 7.16715369779e-13, 5.80275140005e-13, 6.50536916003e-13, 6.57149736103e-13, 7.15965034113e-14, 8.09255955433e-15, 3.07445198348e-15, 4.82977127733e-16, -1.84085511608e-16, 3.61776022899e-19], [9.08217694573e-15, 2.17711287366e-12, 9.20442368157e-12, 2.17801089664e-11, 6.99935526205e-11, 1.3490638294e-11, 9.03342244757e-12, 3.93375523128e-12, 5.65219962848e-12, 5.03994719223e-12, 2.19622453904e-12, 1.36495480717e-12, 1.98562390488e-12, 1.17662585404e-12, 1.2690522461e-12, 1.13423560908e-12, 1.11766542202e-12, 1.05461234363e-12, 1.00752988851e-12, 1.10149855816e-12, 1.07410152821e-12, 1.59737728687e-13, 2.17388075179e-14, 4.77662970077e-15, 8.05987636454e-16, -2.73412282737e-16, 8.83245363508e-19], [3.31473109018e-15, 1.07014961129e-12, 3.83761121839e-12, 9.02952278919e-12, 1.3490638294e-11, 2.16529988384e-11, 4.65601472308e-12, 1.89888382796e-12, 2.3254512465e-12, 2.19648843384e-12, 1.27970453245e-12, 1.07271851991e-12, 1.06202915386e-12, 9.54256855826e-13, 7.67455977241e-13, 7.44491870496e-13, 8.29489742952e-13, 8.4725054663e-13, 1.4875712424e-12, 1.75956341511e-12, 1.08993695146e-12, 2.81249063752e-13, 3.87240390307e-14, 1.07745953612e-14, 4.9161699085e-15, 4.45485464254e-17, 2.40521436702e-18], [2.73640875753e-15, 5.96753766194e-13, 2.69456332247e-12, 5.42708629772e-12, 9.03342244757e-12, 4.65601472308e-12, 9.0941022074e-12, 1.7451348526e-12, 1.99725132266e-12, 1.78677005917e-12, 6.76780788529e-13, 5.76862396826e-13, 7.14768196887e-13, 4.56589681428e-13, 4.20643636026e-13, 4.80409548947e-13, 3.89561186044e-13, 4.42180255085e-13, 5.0451033325e-13, 5.23341461313e-13, 4.33943760916e-13, 9.61949839446e-14, 1.1731958585e-14, 2.78161003549e-15, 8.53240904664e-16, -5.32706895288e-17, 5.01848926672e-19], [1.24681682825e-15, 3.11225844358e-13, 1.48250433197e-12, 2.00480062239e-12, 3.93375523128e-12, 1.89888382796e-12, 1.7451348526e-12, 2.06929308758e-12, 8.91660009716e-13, 8.15148187665e-13, 2.9125177747e-13, 3.10513957212e-13, 3.63048512694e-13, 2.33943046142e-13, 2.24702594314e-13, 2.69970379602e-13, 2.02791017485e-13, 2.41185516654e-13, 2.3366004227e-13, 2.11708959825e-13, 2.24255049209e-13, 4.55099079624e-14, 5.75613351878e-15, 1.75666904085e-15, 7.30739452882e-16, -2.42754332184e-17, 2.7444425838e-19], [2.39550827769e-15, 5.1343857551e-13, 2.58587921041e-12, 3.39480765547e-12, 5.65219962848e-12, 2.3254512465e-12, 1.99725132266e-12, 8.91660009716e-13, 3.07147471519e-12, 1.88135444723e-12, 4.17984575988e-13, 4.38002010963e-13, 6.06506706836e-13, 3.99852920956e-13, 3.04686370535e-13, 4.47188672811e-13, 3.02886838874e-13, 3.87600406415e-13, 3.88100006776e-13, 2.57606138027e-13, 2.06302477272e-13, 6.28706274867e-14, 7.50577409199e-15, 1.94748481156e-15, 7.54508732629e-16, 3.79673212825e-18, 8.61110837497e-19], [2.38334679039e-15, 4.79451439488e-13, 2.46544256365e-12, 3.44691159296e-12, 5.03994719223e-12, 2.19648843384e-12, 1.78677005917e-12, 8.15148187665e-13, 1.88135444723e-12, 2.70785022009e-12, 5.00031494075e-13, 5.13595242724e-13, 6.07560713978e-13, 4.10997597717e-13, 2.98870466136e-13, 4.44245091017e-13, 3.31229889437e-13, 4.25476765365e-13, 6.72275982713e-13, 4.78546130674e-13, 1.78020765447e-13, 1.14482642116e-13, 1.33418514274e-14, 3.38526818238e-15, 1.6205778454e-15, 8.85154062092e-17, 1.45467072625e-18], [5.15523627578e-16, 1.72926709302e-13, 6.37022715393e-13, 1.17926165794e-12, 2.19622453904e-12, 1.27970453245e-12, 6.76780788529e-13, 2.9125177747e-13, 4.17984575988e-13, 5.00031494075e-13, 6.02836519852e-13, 3.17095064399e-13, 2.83674966113e-13, 2.61519565769e-13, 1.53911958048e-13, 2.10517408085e-13, 2.20702864079e-13, 2.83456147009e-13, 7.80853246646e-13, 7.9979458386e-13, 2.82192780428e-13, 1.62403429463e-13, 2.2455082295e-14, 6.07449466365e-15, 3.28005885528e-15, 1.89512187003e-16, 2.03498859077e-18], [6.62022740366e-16, 1.48952126132e-13, 9.01790577976e-13, 8.489321442e-13, 1.36495480717e-12, 1.07271851991e-12, 5.76862396826e-13, 3.10513957212e-13, 4.38002010963e-13, 5.13595242724e-13, 3.17095064399e-13, 6.45694272789e-13, 3.68443367179e-13, 3.55524149617e-13, 1.84166443489e-13, 3.24051251327e-13, 2.60850314873e-13, 4.36732030748e-13, 1.07880230357e-12, 9.58500639969e-13, 3.14266489351e-13, 2.12522097902e-13, 2.85666367677e-14, 8.16701375039e-15, 4.19185340058e-15, 2.21900609324e-16, 2.23250360461e-18], [9.09825828975e-16, 2.11369618097e-13, 1.05962699552e-12, 1.12175037054e-12, 1.98562390488e-12, 1.06202915386e-12, 7.14768196887e-13, 3.63048512694e-13, 6.06506706836e-13, 6.07560713978e-13, 2.83674966113e-13, 3.68443367179e-13, 6.03645497303e-13, 3.17640634932e-13, 1.70514928674e-13, 3.01240694715e-13, 2.26200135012e-13, 3.27286375085e-13, 7.27722298654e-13, 6.44160777236e-13, 2.26961272042e-13, 1.38268411477e-13, 1.87642006018e-14, 5.28123179141e-15, 2.73409106363e-15, 1.45762127949e-16, 1.64776177138e-18], [5.37093056882e-16, 1.39970961254e-13, 8.58472635427e-13, 8.09991071611e-13, 1.17662585404e-12, 9.54256855826e-13, 4.56589681428e-13, 2.33943046142e-13, 3.99852920956e-13, 4.10997597717e-13, 2.61519565769e-13, 3.55524149617e-13, 3.17640634932e-13, 4.9351592691e-13, 1.92445844959e-13, 3.61147689445e-13, 2.39034839014e-13, 3.80807473228e-13, 8.59157254889e-13, 8.11110889825e-13, 2.9149385271e-13, 1.79228471799e-13, 2.57295219337e-14, 6.9471283347e-15, 4.11829917702e-15, 2.56522075191e-16, 2.50099464412e-18], [4.08726881321e-16, 1.167292852e-13, 6.43083026067e-13, 7.88388614375e-13, 1.2690522461e-12, 7.67455977241e-13, 4.20643636026e-13, 2.24702594314e-13, 3.04686370535e-13, 2.98870466136e-13, 1.53911958048e-13, 1.84166443489e-13, 1.70514928674e-13, 1.92445844959e-13, 2.34759558798e-13, 2.13550572082e-13, 1.4017102366e-13, 2.16116133236e-13, 3.60400674148e-13, 3.69316637818e-13, 1.92678501192e-13, 8.14790536473e-14, 1.237647866e-14, 3.13301139453e-15, 2.01730637268e-15, 1.20551449589e-16, 1.25821326282e-18], [6.36635945327e-16, 1.34059741932e-13, 1.07239824659e-12, 7.35841021362e-13, 1.13423560908e-12, 7.44491870496e-13, 4.80409548947e-13, 2.69970379602e-13, 4.47188672811e-13, 4.44245091017e-13, 2.10517408085e-13, 3.24051251327e-13, 3.01240694715e-13, 3.61147689445e-13, 2.13550572082e-13, 5.72191437027e-13, 2.0754560993e-13, 3.88333354188e-13, 6.51048713638e-13, 5.14201365948e-13, 2.25132046794e-13, 1.2567849322e-13, 1.88931359571e-14, 4.89155809567e-15, 2.81040576756e-15, 1.6696506992e-16, 1.69399692833e-18], [3.78971699145e-16, 1.0101377471e-13, 4.94766770956e-13, 7.37698313893e-13, 1.11766542202e-12, 8.29489742952e-13, 3.89561186044e-13, 2.02791017485e-13, 3.02886838874e-13, 3.31229889437e-13, 2.20702864079e-13, 2.60850314873e-13, 2.26200135012e-13, 2.39034839014e-13, 1.4017102366e-13, 2.0754560993e-13, 2.5470291566e-13, 2.73826290418e-13, 7.09644040579e-13, 7.15987002759e-13, 2.5209318682e-13, 1.51336300262e-13, 2.15631091677e-14, 5.72052510071e-15, 3.41956137004e-15, 2.19013034302e-16, 2.17311182984e-18], [5.15166550251e-16, 1.10820424018e-13, 8.0657214848e-13, 7.16715369779e-13, 1.05461234363e-12, 8.4725054663e-13, 4.42180255085e-13, 2.41185516654e-13, 3.87600406415e-13, 4.25476765365e-13, 2.83456147009e-13, 4.36732030748e-13, 3.27286375085e-13, 3.80807473228e-13, 2.16116133236e-13, 3.88333354188e-13, 2.73826290418e-13, 5.3546208266e-13, 1.14444228833e-12, 1.05648280922e-12, 3.4563186189e-13, 2.30769261122e-13, 3.45847652003e-14, 8.92570793751e-15, 5.58617678143e-15, 3.95144469784e-16, 3.71497897318e-18], [3.86551452883e-16, 9.87775399669e-14, 6.35985513385e-13, 5.80275140005e-13, 1.00752988851e-12, 1.4875712424e-12, 5.0451033325e-13, 2.3366004227e-13, 3.88100006776e-13, 6.72275982713e-13, 7.80853246646e-13, 1.07880230357e-12, 7.27722298654e-13, 8.59157254889e-13, 3.60400674148e-13, 6.51048713638e-13, 7.09644040579e-13, 1.14444228833e-12, 3.79849277032e-12, 3.59925262337e-12, 8.99839176696e-13, 7.66939138065e-13, 1.13111404195e-13, 2.93390291716e-14, 1.79823180408e-14, 1.3250607556e-15, 1.23266529329e-17], [-1.22204381446e-16, 8.08738994285e-14, 1.44367929612e-13, 6.50536916003e-13, 1.10149855816e-12, 1.75956341511e-12, 5.23341461313e-13, 2.11708959825e-13, 2.57606138027e-13, 4.78546130674e-13, 7.9979458386e-13, 9.58500639969e-13, 6.44160777236e-13, 8.11110889825e-13, 3.69316637818e-13, 5.14201365948e-13, 7.15987002759e-13, 1.05648280922e-12, 3.59925262337e-12, 4.02196982316e-12, 1.16443855426e-12, 8.08721796128e-13, 1.1928313697e-13, 3.11478477017e-14, 1.99890441249e-14, 1.47760313083e-15, 1.36033756027e-17], [-1.36705029638e-16, 7.57134901107e-14, 3.57780564073e-13, 6.57149736103e-13, 1.07410152821e-12, 1.08993695146e-12, 4.33943760916e-13, 2.24255049209e-13, 2.06302477272e-13, 1.78020765447e-13, 2.82192780428e-13, 3.14266489351e-13, 2.26961272042e-13, 2.9149385271e-13, 1.92678501192e-13, 2.25132046794e-13, 2.5209318682e-13, 3.4563186189e-13, 8.99839176696e-13, 1.16443855426e-12, 6.74728231186e-13, 2.4110864672e-13, 3.38280429059e-14, 9.58620390099e-15, 6.32426180991e-15, 3.79139067562e-16, 3.44178127598e-18], [-1.90263907237e-18, 1.35558814065e-14, 9.94188658807e-14, 7.15965034113e-14, 1.59737728687e-13, 2.81249063752e-13, 9.61949839446e-14, 4.55099079624e-14, 6.28706274867e-14, 1.14482642116e-13, 1.62403429463e-13, 2.12522097902e-13, 1.38268411477e-13, 1.79228471799e-13, 8.14790536473e-14, 1.2567849322e-13, 1.51336300262e-13, 2.30769261122e-13, 7.66939138065e-13, 8.08721796128e-13, 2.4110864672e-13, 1.84513320421e-13, 2.64641993486e-14, 6.87540497286e-15, 4.488093433e-15, 3.341163018e-16, 3.03805654608e-18], [-4.0538934817e-18, 1.74786328633e-15, 1.56732604868e-14, 8.09255955433e-15, 2.17388075179e-14, 3.87240390307e-14, 1.1731958585e-14, 5.75613351878e-15, 7.50577409199e-15, 1.33418514274e-14, 2.2455082295e-14, 2.85666367677e-14, 1.87642006018e-14, 2.57295219337e-14, 1.237647866e-14, 1.88931359571e-14, 2.15631091677e-14, 3.45847652003e-14, 1.13111404195e-13, 1.1928313697e-13, 3.38280429059e-14, 2.64641993486e-14, 4.22845157665e-15, 1.03143519625e-15, 6.9967224314e-16, 5.50942654374e-17, 5.04642987685e-19], [-1.15326430901e-18, 3.27276881328e-16, 4.8099515534e-15, 3.07445198348e-15, 4.77662970077e-15, 1.07745953612e-14, 2.78161003549e-15, 1.75666904085e-15, 1.94748481156e-15, 3.38526818238e-15, 6.07449466365e-15, 8.16701375039e-15, 5.28123179141e-15, 6.9471283347e-15, 3.13301139453e-15, 4.89155809567e-15, 5.72052510071e-15, 8.92570793751e-15, 2.93390291716e-14, 3.11478477017e-14, 9.58620390099e-15, 6.87540497286e-15, 1.03143519625e-15, 2.8596708449e-16, 1.81074600648e-16, 1.30015835091e-17, 1.17273091905e-19], [-8.61274153969e-19, 2.43514560797e-16, 1.3919131486e-15, 4.82977127733e-16, 8.05987636454e-16, 4.9161699085e-15, 8.53240904664e-16, 7.30739452882e-16, 7.54508732629e-16, 1.6205778454e-15, 3.28005885528e-15, 4.19185340058e-15, 2.73409106363e-15, 4.11829917702e-15, 2.01730637268e-15, 2.81040576756e-15, 3.41956137004e-15, 5.58617678143e-15, 1.79823180408e-14, 1.99890441249e-14, 6.32426180991e-15, 4.488093433e-15, 6.9967224314e-16, 1.81074600648e-16, 1.57682554965e-16, 1.37745002463e-17, 1.17734917181e-19], [-2.10159225604e-20, 1.57803168652e-18, -9.75218413629e-17, -1.84085511608e-16, -2.73412282737e-16, 4.45485464254e-17, -5.32706895288e-17, -2.42754332184e-17, 3.79673212825e-18, 8.85154062092e-17, 1.89512187003e-16, 2.21900609324e-16, 1.45762127949e-16, 2.56522075191e-16, 1.20551449589e-16, 1.6696506992e-16, 2.19013034302e-16, 3.95144469784e-16, 1.3250607556e-15, 1.47760313083e-15, 3.79139067562e-16, 3.341163018e-16, 5.50942654374e-17, 1.30015835091e-17, 1.37745002463e-17, 1.41770350769e-18, 1.19805148306e-20], [8.30539418204e-22, 3.61432458601e-19, 2.74123079657e-19, 3.61776022899e-19, 8.83245363508e-19, 2.40521436702e-18, 5.01848926672e-19, 2.7444425838e-19, 8.61110837497e-19, 1.45467072625e-18, 2.03498859077e-18, 2.23250360461e-18, 1.64776177138e-18, 2.50099464412e-18, 1.25821326282e-18, 1.69399692833e-18, 2.17311182984e-18, 3.71497897318e-18, 1.23266529329e-17, 1.36033756027e-17, 3.44178127598e-18, 3.03805654608e-18, 5.04642987685e-19, 1.17273091905e-19, 1.17734917181e-19, 1.19805148306e-20, 1.08593809663e-22]]
    },
    "mfcc": {
        "kurt": [1.73811388016, 1.91008663177, 4.14536857605, -0.131229400635, -0.252018213272, 0.231154441833, 0.318680286407, -0.151692390442, 5.60058498383, -0.378093242645, -0.33238196373, 0.0430781841278, -0.286076068878],
        "max": [-834.271911621, 142.818450928, 40.282749176, 51.2004547119, 17.350402832, 19.5728912354, 21.6277046204, 11.1603870392, 14.8671379089, 7.93161964417, 15.1882743835, 10.3300094604, 8.22299194336],
        "mean": [-961.331604004, 103.252319336, -6.69324445724, 25.1894607544, -6.77374458313, -4.40294694901, 3.38809156418, -10.9111661911, -0.613315343857, -5.85598182678, -6.20680904388, -4.40268802643, -8.24220561981],
        "median": [-932.482055664, 116.294570923, -8.74341583252, 25.994884491, -7.52986907959, -5.01802062988, 3.74142074585, -11.9010009766, -0.251037597656, -6.07265853882, -6.26411437988, -4.27654647827, -8.47713470459],
        "min": [-1138.42004395, 1.14440917969e-05, -85.1456985474, -7.9002494812, -49.6974525452, -36.0479545593, -17.6161422729, -37.149520874, -40.8899765015, -21.4371185303, -23.3990688324, -21.0545272827, -27.1873512268],
        "skew": [-1.84863889217, -1.82460236549, 0.499914556742, -0.419473171234, 0.159590542316, 0.0387102998793, -0.271360754967, 0.412672549486, -1.13727688789, 0.00886720605195, -0.0268063619733, -0.185690924525, 0.0572536736727],
        "var": [4760.67285156, 1364.86364746, 144.800125122, 99.8440170288, 94.4128341675, 59.8999481201, 29.7089595795, 68.4247741699, 32.3184204102, 30.7006855011, 31.9234619141, 24.9206886292, 28.7288036346],
        "cov": [[4763.79882812, 2438.47192383, -608.796203613, 469.773834229, -432.389892578, -285.085388184, -16.9718360901, -392.064910889, -54.2806091309, -189.061386108, -177.347366333, -108.04598999, -185.555908203], [2438.47192383, 1365.7598877, -263.560394287, 213.183746338, -181.760345459, -170.118301392, -5.67050361633, -186.259506226, -40.4415283203, -94.51222229, -95.1954421997, -57.0214004517, -105.571960449], [-608.796203613, -263.560394287, 144.895202637, -36.1236534119, 55.4824142456, 38.9925689697, 1.44126820564, 46.5116996765, 6.65931034088, 16.9928359985, 14.6583900452, 10.1568069458, 19.1379356384], [469.773834229, 213.183746338, -36.1236534119, 99.909576416, -46.2113227844, -11.4689149857, 3.94896197319, -46.9533729553, 3.43791913986, -22.5273132324, -23.9583110809, -11.3549699783, -16.261631012], [-432.389892578, -181.760345459, 55.4824142456, -46.2113227844, 94.474822998, 32.1036720276, 11.7784852982, 55.834690094, 3.62227106094, 26.2220954895, 19.8158149719, 7.3584895134, 12.9685668945], [-285.085388184, -170.118301392, 38.9925689697, -11.4689149857, 32.1036720276, 59.9392814636, 14.9247550964, 25.0282459259, 19.8867473602, 14.4469718933, 14.2992067337, 6.7530040741, 10.1952466965], [-16.9718360901, -5.67050361633, 1.44126820564, 3.94896197319, 11.7784852982, 14.9247550964, 29.7284660339, 17.5769252777, 6.4227809906, 6.74140691757, -0.410402446985, 2.31714272499, -0.000618017278612], [-392.064910889, -186.259506226, 46.5116996765, -46.9533729553, 55.834690094, 25.0282459259, 17.5769252777, 68.4697036743, 15.363779068, 22.2832355499, 21.1963100433, 5.5821685791, 14.6293888092], [-54.2806091309, -40.4415283203, 6.65931034088, 3.43791913986, 3.62227106094, 19.8867473602, 6.4227809906, 15.363779068, 32.339641571, 14.018705368, 4.7780213356, 4.75532770157, -0.30826151371], [-189.061386108, -94.51222229, 16.9928359985, -22.5273132324, 26.2220954895, 14.4469718933, 6.74140691757, 22.2832355499, 14.018705368, 30.7208423615, 19.1510772705, 7.01609611511, 8.71394252777], [-177.347366333, -95.1954421997, 14.6583900452, -23.9583110809, 19.8158149719, 14.2992067337, -0.410402446985, 21.1963100433, 4.7780213356, 19.1510772705, 31.9444217682, 13.226275444, 8.94937324524], [-108.04598999, -57.0214004517, 10.1568069458, -11.3549699783, 7.3584895134, 6.7530040741, 2.31714272499, 5.5821685791, 4.75532770157, 7.01609611511, 13.226275444, 24.9370517731, 13.0296888351], [-185.555908203, -105.571960449, 19.1379356384, -16.261631012, 12.9685668945, 10.1952466965, -0.000618017278612, 14.6293888092, -0.30826151371, 8.71394252777, 8.94937324524, 13.0296888351, 28.7476654053]]
    },
    "sccoeffs": {
        "kurt": [0.594057321548, -0.119489431381, -0.0775723457336, 0.39074420929, 0.620137214661, 1.62426424026],
        "max": [-0.574625492096, -0.712301373482, -0.745662271976, -0.7776927948, -0.819213271141, -0.750917375088],
        "mean": [-0.744269013405, -0.841832518578, -0.859618425369, -0.870751321316, -0.878831863403, -0.805009901524],
        "median": [-0.743378818035, -0.842334628105, -0.858906686306, -0.869208931923, -0.877105355263, -0.79602265358],
        "min": [-0.98797672987, -0.962749183178, -0.948404729366, -0.955064594746, -0.941158652306, -0.95003247261],
        "skew": [-0.264337778091, 0.0960227996111, -0.0247009582818, -0.181411519647, -0.429457247257, -1.55880010128],
        "var": [0.00277693057433, 0.00149522616994, 0.000946935731918, 0.00051103165606, 0.00029727810761, 0.00103793351445],
        "cov": [[0.0027787538711, 0.000523025868461, 0.000577802304178, 0.000522587739397, 0.000447443628218, 0.000884710636456], [0.000523025868461, 0.00149620790035, 0.000273918733001, 0.000244042093982, 0.000237155749346, 0.000554255850147], [0.000577802304178, 0.000273918733001, 0.000947557447944, 0.000260759465164, 0.000224804127356, 0.000495906744618], [0.000522587739397, 0.000244042093982, 0.000260759465164, 0.000511367165018, 0.000205356904189, 0.000388012995245], [0.000447443628218, 0.000237155749346, 0.000224804127356, 0.000205356904189, 0.000297473307, 0.000357488082955], [0.000884710636456, 0.000554255850147, 0.000495906744618, 0.000388012995245, 0.000357488082955, 0.00103861500975]]
    },
    "scvalleys": {
        "kurt": [1.73707532883, 2.81679201126, 3.09034490585, 3.15161275864, 2.99284934998, 2.32846641541],
        "max": [-7.41176080704, -7.12994384766, -7.26381349564, -7.99381875992, -7.72349071503, -10.0795326233],
        "mean": [-8.90867805481, -8.61034297943, -9.16429805756, -9.73372840881, -10.0474758148, -12.6317491531],
        "median": [-8.53750801086, -8.13700675964, -8.6563911438, -9.16410064697, -9.48707866669, -12.2297306061],
        "min": [-14.7393817902, -15.8142089844, -16.844581604, -17.2556648254, -17.780506134, -18.7123737335],
        "skew": [-1.56570494175, -1.98323750496, -2.09333014488, -2.14779210091, -2.09281492233, -1.92774367332],
        "var": [1.12953865528, 1.69789779186, 1.9330521822, 2.28781032562, 2.04546165466, 1.52329266071],
        "cov": [[1.13028037548, 1.22569358349, 1.31225085258, 1.42096555233, 1.36073553562, 1.12601339817], [1.22569358349, 1.69901263714, 1.73978412151, 1.8976316452, 1.79685914516, 1.51437723637], [1.31225085258, 1.73978412151, 1.9343214035, 2.06113958359, 1.94227814674, 1.63558971882], [1.42096555233, 1.8976316452, 2.06113958359, 2.28931236267, 2.126942873, 1.79491829872], [1.36073553562, 1.79685914516, 1.94227814674, 2.126942873, 2.04680490494, 1.72605788708], [1.12601339817, 1.51437723637, 1.63558971882, 1.79491829872, 1.72605788708, 1.52429282665]]
    }
},
"rhythm": {
    "beats_loudness": {
        "kurt": -0.0139548778534,
        "max": 0.000118114781799,
        "mean": 4.53429274785e-05,
        "median": 4.7402594646e-05,
        "min": 6.64157528973e-09,
        "skew": -0.122159659863,
        "var": 6.20363260762e-10
    },
    "bpm": 131.050506592,
    "confidence": 0.291040599346,
    "first_peak_bpm": {
        "kurt": 0,
        "max": 133,
        "mean": 133,
        "median": 133,
        "min": 133,
        "skew": 0,
        "var": 0
    },
    "first_peak_spread": {
        "kurt": 0,
        "max": 0.441176474094,
        "mean": 0.441176474094,
        "median": 0.441176474094,
        "min": 0.441176474094,
        "skew": 0,
        "var": 0
    },
    "first_peak_weight": {
        "kurt": 0,
        "max": 0.256756752729,
        "mean": 0.256756752729,
        "median": 0.256756752729,
        "min": 0.256756752729,
        "skew": 0,
        "var": 0
    },
    "onset_rate": 0.33952024579,
    "second_peak_bpm": {
        "kurt": 0,
        "max": 117,
        "mean": 117,
        "median": 117,
        "min": 117,
        "skew": 0,
        "var": 0
    },
    "second_peak_spread": {
        "kurt": 0,
        "max": 0.476190507412,
        "mean": 0.476190507412,
        "median": 0.476190507412,
        "min": 0.476190507412,
        "skew": 0,
        "var": 0
    },
    "second_peak_weight": {
        "kurt": 0,
        "max": 0.148648649454,
        "mean": 0.148648649454,
        "median": 0.148648649454,
        "min": 0.148648649454,
        "skew": 0,
        "var": 0
    },
    "beats_loudness_band_ratio": {
        "kurt": [1.4352107048, 0.396060943604, -0.0606021881104, 2.30591011047, 0.832386016846, 0.597671031952],
        "max": [0.942754924297, 0.670060157776, 0.395070046186, 0.254740804434, 0.169744044542, 0.206211179495],
        "mean": [0.366424292326, 0.281492978334, 0.189450845122, 0.0960693880916, 0.0651533380151, 0.0662844181061],
        "median": [0.347982823849, 0.278679698706, 0.178946658969, 0.0910441949964, 0.057955827564, 0.0566450282931],
        "min": [0.0237901639193, 0.0406312644482, 0.0148956952617, 0.00657125422731, 0.00308346934617, 0.00435407692567],
        "skew": [1.02769672871, 0.459771841764, 0.284250169992, 1.13841664791, 0.603999495506, 0.919614493847],
        "var": [0.0300659276545, 0.0147074004635, 0.00586379831657, 0.00210697902367, 0.000996138551272, 0.00176910415757],
        "cov": [[0.0304722245783, -0.0116274701431, -0.00847200024873, -0.0037559568882, -0.00273648882285, -0.00374543387443], [-0.0116274701431, 0.0149061484262, -0.00048198303557, -0.000946690910496, -0.000577541941311, 4.29391038779e-05], [-0.00847200024873, -0.00048198303557, 0.00594303896651, 0.00122196006123, 0.000807298813015, 0.000855315593071], [-0.0037559568882, -0.000946690910496, 0.00122196006123, 0.00213545188308, 0.000835510843899, 0.000503983930685], [-0.00273648882285, -0.000577541941311, 0.000807298813015, 0.000835510843899, 0.00100959988777, 0.000652142392937], [-0.00374543387443, 4.29391038779e-05, 0.000855315593071, 0.000503983930685, 0.000652142392937, 0.00179301097523]]
    },
    "beats_position": [0.325079351664, 0.66176867485, 1.01006805897, 1.35836732388, 1.70666658878, 2.0549659729, 2.40326523781, 2.75156450272, 3.15791368484, 3.56426286697, 3.97061228752, 4.45823097229, 4.92263031006, 5.38702917099, 5.85142850876, 6.30421733856, 6.7570066452, 7.20979595184, 7.66258478165, 8.11537361145, 8.56816291809, 9.02095222473, 9.47374153137, 9.92653083801, 10.379319191, 10.8321084976, 11.2848978043, 11.7376871109, 12.1904764175, 12.6432647705, 13.0960540771, 13.5488433838, 14.0016326904, 14.4544210434, 14.9188203812, 15.3948297501, 15.8592290878, 16.3236274719, 16.7880268097, 17.2524261475, 17.7168254852, 18.181224823, 18.6456241608, 19.1216316223, 19.5976409912, 20.062040329, 20.5380496979, 21.0024490356, 21.4784584045, 21.942855835, 22.4072551727, 22.8832645416, 23.3592739105, 23.8701133728, 24.3809528351, 24.89179039, 25.4026298523, 25.9134693146, 26.4243087769, 26.9467563629, 27.4575958252, 27.9684352875, 28.4792747498, 28.9901123047, 29.500951767, 30.0234012604, 30.5458488464, 31.0682983398, 31.5907478333, 32.1131973267, 32.6356468201, 33.1580963135, 33.6805419922, 34.2146034241, 34.7370529175],
    "bpm_estimates": [129.199157715, 129.199279785, 129.199157715, 132.51210022, 132.511962891, 132.511962891, 132.51210022, 132.51210022, 132.511962891, 132.511962891, 132.511962891, 132.511962891, 132.512237549, 132.511962891, 132.511962891, 132.511962891, 132.511962891, 132.512237549, 132.511962891, 132.511962891, 132.511962891, 132.512237549, 129.199157715, 129.199157715, 129.199417114, 129.199157715, 129.199157715, 129.199157715, 129.199157715, 129.199157715, 129.199157715, 129.199157715, 129.199676514, 129.199157715],
    "bpm_intervals": [0.336689323187, 0.348299384117, 0.348299264908, 0.348299264908, 0.348299384117, 0.348299264908, 0.348299264908, 0.406349182129, 0.406349182129, 0.406349420547, 0.487618684769, 0.464399337769, 0.464398860931, 0.464399337769, 0.452788829803, 0.452789306641, 0.452789306641, 0.452788829803, 0.452788829803, 0.452789306641, 0.452789306641, 0.452789306641, 0.452789306641, 0.452788352966, 0.452789306641, 0.452789306641, 0.452789306641, 0.452789306641, 0.452788352966, 0.452789306641, 0.452789306641, 0.452789306641, 0.452788352966, 0.464399337769, 0.476009368896, 0.464399337769, 0.464398384094, 0.464399337769, 0.464399337769, 0.464399337769, 0.464399337769, 0.464399337769, 0.476007461548, 0.476009368896, 0.464399337769, 0.476009368896, 0.464399337769, 0.476009368896, 0.46439743042, 0.464399337769, 0.476009368896, 0.476009368896, 0.51083946228, 0.51083946228, 0.510837554932, 0.51083946228, 0.51083946228, 0.51083946228, 0.52244758606, 0.51083946228, 0.51083946228, 0.51083946228, 0.510837554932, 0.51083946228, 0.522449493408, 0.52244758606, 0.522449493408, 0.522449493408, 0.522449493408, 0.522449493408, 0.522449493408, 0.522445678711, 0.534061431885, 0.522449493408],
    "onset_times": [0.53405892849, 0.777868509293, 2.94893431664, 19.96916008, 20.45677948, 23.2199554443, 25.5883903503, 26.4823589325, 28.3863945007, 30.1975517273, 30.3717002869, 30.5458507538],
    "histogram": [[0, 0, 0, 0, 0, 0, 0, 0, 0, 0, 0, 0, 0, 0, 0, 0, 0, 0, 0, 0, 0, 0, 0, 0, 0, 0, 0, 0, 0, 0, 0, 0, 0, 0, 0, 0, 0, 0, 0, 0, 0, 0, 0, 0, 0, 0, 0, 0, 0, 0, 0, 0, 0, 0, 0, 0, 0, 0, 0, 0, 0, 0, 0, 0, 0, 0, 0, 0, 0, 0, 0, 0, 0, 0, 0, 0, 0, 0, 0, 0, 0, 0, 0, 0, 0, 0, 0, 0, 0, 0, 0, 0, 0, 0, 0, 0, 0, 0, 0, 0, 0, 0, 0, 0, 0, 0, 0, 0, 0, 0, 0, 0, 0.0135135138407, 0, 0, 0.135135129094, 0, 0.148648649454, 0, 0, 0, 0, 0, 0.0135135138407, 0, 0, 0.0945945978165, 0, 0, 0.202702701092, 0, 0, 0, 0.256756752729, 0, 0, 0, 0, 0, 0, 0, 0, 0, 0, 0, 0, 0, 0, 0.0405405387282, 0, 0, 0, 0, 0, 0, 0, 0, 0, 0, 0, 0, 0, 0, 0, 0, 0, 0, 0, 0, 0, 0, 0, 0.0810810774565, 0, 0, 0, 0, 0, 0.0135135138407, 0, 0, 0, 0, 0, 0, 0, 0, 0, 0, 0, 0, 0, 0, 0, 0, 0, 0, 0, 0, 0, 0, 0, 0, 0, 0, 0, 0, 0, 0, 0, 0, 0, 0, 0, 0, 0, 0, 0, 0, 0, 0, 0, 0, 0, 0, 0, 0, 0, 0, 0, 0, 0, 0, 0, 0, 0, 0, 0, 0, 0, 0, 0, 0, 0, 0, 0, 0, 0, 0, 0]]
},
"sfx": {
    "inharmonicity": {
        "kurt": 0.760360479355,
        "max": 0.350400716066,
        "mean": 0.103251568973,
        "median": 0.0901927724481,
        "min": 0,
        "skew": 0.929733514786,
        "var": 0.00438294606283
    },
    "oddtoevenharmonicenergyratio": {
        "kurt": 46.6725692749,
        "max": 17.9478149414,
        "mean": 0.780372023582,
        "median": 0.45085978508,
        "min": 0,
        "skew": 5.37101364136,
        "var": 1.36589121819
    },
    "pitch_after_max_to_before_max_energy_ratio": 0.625918269157,
    "pitch_centroid": 805.378173828,
    "pitch_max_to_total": 0.782152235508,
    "pitch_min_to_total": 0.938320219517,
    "tristimulus": {
        "kurt": [5.60724258423, 1.30337429047, 1.84384584427],
        "max": [1, 0.77431589365, 0.902196586132],
        "mean": [0.256024748087, 0.318936139345, 0.425038784742],
        "median": [0.251505017281, 0.317048758268, 0.434573918581],
        "min": [0, 0, 0],
        "skew": [1.51660597324, 0.0502284616232, -0.518283486366],
        "var": [0.0269847847521, 0.0116173867136, 0.0161488205194],
