{
"metadata": {
    "version": {
        "essentia": "2.1-beta3"
    }
},
"lowLevel": {
    "average_loudness": 0.985229372978,
    "barkbands_kurtosis": {
        "kurt": 0.49661564827,
        "max": 20.9414272308,
        "mean": 8.56686973572,
        "median": 8.32464790344,
        "min": 1.84508228302,
        "skew": 0.835699915886,
        "var": 15.6460609436
    },
    "barkbands_skewness": {
        "kurt": 0.100568771362,
        "max": 4.09343957901,
        "mean": 2.50954699516,
        "median": 2.50252342224,
        "min": 1.5201202631,
        "skew": 0.605420827866,
        "var": 0.306194186211
    },
    "barkbands_spread": {
        "kurt": 5.7449760437,
        "max": 27.2614650726,
        "mean": 9.46049213409,
        "median": 8.99150466919,
        "min": 4.68391084671,
        "skew": 1.84132111073,
        "var": 12.4907140732
    },
    "dissonance": {
        "kurt": 1.73625993729,
        "max": 0.496479868889,
        "mean": 0.459597170353,
        "median": 0.462897539139,
        "min": 0.36915564537,
        "skew": -1.0842717886,
        "var": 0.000544780457858
    },
    "hfc": {
        "kurt": 5.30467605591,
        "max": 0.0653034374118,
        "mean": 0.0252209696919,
        "median": 0.0240602139384,
        "min": 0.00431947875768,
        "skew": 1.39820790291,
        "var": 6.82212994434e-05
    },
    "pitch": {
        "kurt": 44.9692459106,
        "max": 4069.79418945,
        "mean": 277.515899658,
        "median": 223.860900879,
        "min": 43.0243911743,
        "skew": 6.7764210701,
        "var": 287488.6875
    },
    "pitch_instantaneous_confidence": {
        "kurt": -0.46854352951,
        "max": 0.500958621502,
        "mean": 0.302373111248,
        "median": 0.302660286427,
        "min": 0.171456575394,
        "skew": 0.402490258217,
        "var": 0.00559372920543
    },
    "pitch_salience": {
        "kurt": -0.362980365753,
        "max": 0.867865145206,
        "mean": 0.724910676479,
        "median": 0.738463163376,
        "min": 0.557277143002,
        "skew": -0.438783764839,
        "var": 0.00410584500059
    },
    "silence_rate_20dB": {
        "kurt": 0,
        "max": 1,
        "mean": 1,
        "median": 1,
        "min": 1,
        "skew": 0,
        "var": 0
    },
    "silence_rate_30dB": {
        "kurt": 0,
        "max": 1,
        "mean": 1,
        "median": 1,
        "min": 1,
        "skew": 0,
        "var": 0
    },
    "silence_rate_60dB": {
        "kurt": 0,
        "max": 1,
        "mean": 1,
        "median": 1,
        "min": 1,
        "skew": 0,
        "var": 0
    },
    "spectral_centroid": {
        "kurt": 1.91457128525,
        "max": 717.612792969,
        "mean": 430.56149292,
        "median": 419.554443359,
        "min": 311.197509766,
        "skew": 1.18486857414,
        "var": 5622.97363281
    },
    "spectral_complexity": {
        "kurt": 15.8505039215,
        "max": 1,
        "mean": 0.0480769239366,
        "median": 0,
        "min": 0,
        "skew": 4.2249879837,
        "var": 0.0457655228674
    },
    "spectral_crest": {
        "kurt": -0.897112846375,
        "max": 19.7063865662,
        "mean": 10.9680137634,
        "median": 10.6377325058,
        "min": 4.16677808762,
        "skew": 0.283323705196,
        "var": 12.6438713074
    },
    "spectral_decrease": {
        "kurt": 0,
        "max": -1.9090872546e-12,
        "mean": -1.52905535455e-11,
        "median": -1.50001296106e-11,
        "min": -3.59783348947e-11,
        "skew": -0.818653941154,
        "var": 2.80651529638e-23
    },
    "spectral_energy": {
        "kurt": 1.84178829193,
        "max": 0.000140167234349,
        "mean": 5.99976847298e-05,
        "median": 5.88999973843e-05,
        "min": 7.5971302067e-06,
        "skew": 0.79778444767,
        "var": 4.24245527597e-10
    },
    "spectral_energyband_high": {
        "kurt": 32.8661422729,
        "max": 4.86015505885e-06,
        "mean": 4.73216857699e-07,
        "median": 3.8263630131e-07,
        "min": 6.57459864328e-08,
        "skew": 5.37891101837,
        "var": 3.47645116904e-13
    },
    "spectral_energyband_low": {
        "kurt": 2.38640975952,
        "max": 2.82797063846e-05,
        "mean": 7.60653983889e-06,
        "median": 6.66933192406e-06,
        "min": 1.17524007237e-06,
        "skew": 1.40418982506,
        "var": 2.56472447446e-11
    },
    "spectral_energyband_middle_high": {
        "kurt": 0.750983715057,
        "max": 1.07966661744e-05,
        "mean": 4.86555973112e-06,
        "median": 4.55198915006e-06,
        "min": 1.09279596927e-06,
        "skew": 0.727811276913,
        "var": 2.96873333208e-12
    },
    "spectral_energyband_middle_low": {
        "kurt": 2.47690486908,
        "max": 0.000130161162815,
        "mean": 4.93451771035e-05,
        "median": 4.71996027045e-05,
        "min": 4.84471320306e-06,
        "skew": 1.02300393581,
        "var": 3.73297365241e-10
    },
    "spectral_flatness_db": {
        "kurt": -0.200771093369,
        "max": 0.24336668849,
        "mean": 0.19396533072,
        "median": 0.192334085703,
        "min": 0.151689425111,
        "skew": 0.243227794766,
        "var": 0.000350669753971
    },
    "spectral_flux": {
        "kurt": 0.638732910156,
        "max": 0.00842782016844,
        "mean": 0.00493922596797,
        "median": 0.00487248599529,
        "min": 0.00275628920645,
        "skew": 0.572515189648,
        "var": 1.01058981272e-06
    },
    "spectral_kurtosis": {
        "kurt": 1.51806020737,
        "max": 18.1389541626,
        "mean": 7.43039989471,
        "median": 7.00792074203,
        "min": 1.17329120636,
        "skew": 0.805795431137,
        "var": 7.2342839241
    },
    "spectral_rms": {
        "kurt": 1.66591930389,
        "max": 0.000369795248844,
        "mean": 0.000238269305555,
        "median": 0.000239714572672,
        "min": 8.60920117702e-05,
        "skew": -0.109602637589,
        "var": 1.76207182179e-09
    },
    "spectral_rolloff": {
        "kurt": 0.287827014923,
        "max": 990.52734375,
        "mean": 554.065979004,
        "median": 516.796875,
        "min": 301.46484375,
        "skew": 0.821349799633,
        "var": 20671.4375
    },
    "spectral_skewness": {
        "kurt": 2.70728969574,
        "max": 3.6847281456,
        "mean": 2.24994206429,
        "median": 2.2133436203,
        "min": 1.07115769386,
        "skew": 0.124933205545,
        "var": 0.129449442029
    },
    "spectral_spread": {
        "kurt": 23.4867229462,
        "max": 7116137,
        "mean": 3478928.25,
        "median": 3424179,
        "min": 2565180.75,
        "skew": 3.53971099854,
        "var": 256332333056
    },
    "spectral_strongpeak": {
        "kurt": 3.3276848793,
        "max": 0.0958347842097,
        "mean": 0.0250341780484,
        "median": 0.0209522210062,
        "min": 0.00515569932759,
        "skew": 1.53708040714,
        "var": 0.000257283973042
    },
    "zerocrossingrate": {
        "kurt": 0.388047933578,
        "max": 0.05029296875,
        "mean": 0.0314706638455,
        "median": 0.03125,
        "min": 0.01416015625,
        "skew": 0.34735378623,
        "var": 4.24517129431e-05
    },
    "barkbands": {
        "kurt": [6.45712471008, 0.728950500488, 2.90383005142, 1.76170396805, 3.06250190735, -0.229027271271, 0.597965955734, 2.20548343658, 1.02911710739, 0.59511423111, 1.59775209427, 1.25707530975, 2.88285398483, 2.72764539719, 1.21875667572, 2.18611001968, 1.901658535, 9.3149805069, 15.4655590057, 36.4206161499, 9.25703620911, 5.82816696167, 11.1312265396, 7.55452537537, -0.366701602936, 73.7938919067, 98.0714263916],
        "max": [7.19476133781e-07, 8.00478846941e-06, 1.36257931445e-05, 2.04576135729e-05, 9.45992505876e-05, 2.16426287807e-05, 1.41160508065e-05, 6.37992616248e-06, 5.73960551264e-06, 3.72999761566e-06, 3.55601468982e-06, 2.26915744861e-06, 1.33961657411e-06, 5.97927794388e-07, 4.61639643845e-07, 4.46009323696e-07, 5.35928847967e-07, 8.12976963971e-07, 2.06186336982e-06, 6.62605680191e-06, 1.0181986454e-06, 2.52716660043e-07, 3.65772656608e-08, 1.03363433368e-08, 2.47775044926e-09, 2.16057338687e-10, 2.26803270609e-10],
        "mean": [1.18478702404e-07, 2.44344710154e-06, 2.94714709526e-06, 5.20876619703e-06, 2.50193734246e-05, 9.91264278127e-06, 5.23949302078e-06, 1.79297865088e-06, 1.75000116087e-06, 1.29406987526e-06, 1.0291628314e-06, 7.59408635531e-07, 4.15944100496e-07, 1.99282411018e-07, 1.82632618362e-07, 1.67217280023e-07, 2.03829756629e-07, 2.16557936028e-07, 3.89766654507e-07, 4.44010765932e-07, 1.90698017377e-07, 5.86846695683e-08, 9.43536448972e-09, 3.52178153307e-09, 1.15375109466e-09, 2.04168591755e-11, 3.76803709762e-12],
        "median": [8.15903433704e-08, 1.93803634829e-06, 2.09934887607e-06, 3.6712185647e-06, 2.12523573282e-05, 9.39244091569e-06, 4.99244197272e-06, 1.50811138155e-06, 1.37546805945e-06, 1.07451535314e-06, 8.38478399601e-07, 6.60830380639e-07, 3.35321885814e-07, 1.84888833132e-07, 1.65291325516e-07, 1.57003057666e-07, 1.9749029434e-07, 2.00450102739e-07, 3.09843073865e-07, 2.92917093248e-07, 1.62046859487e-07, 5.30102894913e-08, 8.75263417299e-09, 3.33439409417e-09, 1.18783161085e-09, 1.78293491082e-11, 8.65542121482e-13],
        "min": [3.01065594677e-09, 1.83080970828e-07, 7.27489464225e-08, 4.0786756017e-07, 2.94510255117e-06, 2.58131933606e-07, 1.69367069702e-07, 1.25228666548e-07, 1.93668014958e-07, 1.90779445575e-07, 1.32620840532e-07, 2.56169059298e-08, 9.61953290357e-08, 4.17279295561e-08, 3.27786437992e-08, 2.16852740209e-08, 1.96439895461e-08, 3.28374056835e-08, 1.26171499915e-07, 5.88058526318e-08, 2.61625618947e-08, 7.78025555093e-09, 2.21851803595e-09, 1.2881227196e-09, 2.4153998246e-10, 4.95008374568e-12, 7.04671780996e-14],
        "skew": [2.15529060364, 1.18443882465, 1.71462023258, 1.40855610371, 1.52045309544, 0.442263275385, 0.778020918369, 1.32089269161, 1.12309372425, 1.06789958477, 1.29587435722, 0.979223549366, 1.50133514404, 1.47416949272, 1.02744269371, 1.06948542595, 0.747320175171, 2.19380068779, 3.32703495026, 5.91683530807, 2.33809971809, 1.85507500172, 2.7085545063, 1.92939972878, 0.388496011496, 8.11581039429, 9.95759010315],
        "var": [1.33374485501e-14, 3.25355411016e-12, 8.05893372868e-12, 1.99677514107e-11, 2.74955669344e-10, 2.17129456775e-11, 8.89583719188e-12, 1.30044943997e-12, 1.20297749626e-12, 6.49628463002e-13, 4.7252089394e-13, 1.70237007e-13, 5.40377137026e-14, 1.07904043841e-14, 6.38146745055e-15, 5.34946325992e-15, 6.54822155633e-15, 1.07897631801e-14, 6.9213630324e-14, 6.69885425342e-13, 2.14803794597e-14, 1.44764442252e-15, 2.3102267771e-17, 1.56605162971e-18, 2.37799355912e-19, 4.2810696252e-22, 4.85917214009e-22],
        "cov": [[1.34669387119e-14, 6.98214408382e-14, 3.43482160032e-14, 1.03255870922e-13, 8.9357056368e-14, -2.65407389398e-14, -3.88347326844e-14, -3.22071996216e-15, 3.41268134493e-15, -1.82375870895e-15, 2.64600302525e-15, 2.24278781378e-15, 2.54334326731e-15, 2.22327169822e-16, -5.2701209426e-16, 8.54364917385e-16, -1.40182470463e-16, -5.16525508736e-16, 3.56337358844e-15, 6.86539854914e-15, 1.55756558215e-15, 4.39112732466e-16, 4.39879561981e-17, 8.31693130949e-18, 8.73718517598e-19, 1.3432018573e-19, -1.28039973642e-20], [6.98214408382e-14, 3.28514212361e-12, 8.12062981963e-13, 8.3745364159e-13, -3.84163621053e-12, -3.25763965499e-13, 2.96302750131e-13, 4.65193855659e-13, 1.39791837502e-13, -1.2483246316e-13, -8.43534972233e-14, 5.6994333027e-14, 5.71491367684e-14, -7.40764193692e-15, 2.02202993661e-14, 1.63110068393e-14, 2.59081154425e-14, 4.11260448981e-14, 1.13979247048e-13, 1.13136029137e-13, 1.13167277876e-14, 4.19116603334e-15, 1.93773847989e-16, 3.37230974296e-16, 7.50166325581e-17, -2.8963454111e-18, -4.73230028442e-18], [3.43482160032e-14, 8.12062981963e-13, 8.13717582898e-12, 4.62946391291e-12, -1.75112013648e-13, 1.5547724783e-13, 7.85894624118e-13, -4.18173959002e-13, 3.9252393111e-13, 2.40003898916e-13, 2.30250822748e-13, 1.53957684275e-13, 7.33707325039e-14, -2.94556113983e-14, 4.05655225394e-14, 4.15750740041e-14, 1.00354320597e-14, 1.6504379379e-14, 2.3034162468e-13, 6.84274685525e-13, 1.20360495117e-13, 3.40805637563e-14, 3.11976422276e-15, 1.37457163131e-15, 5.41299369558e-16, 3.38197632449e-18, -3.76408082793e-18], [1.03255870922e-13, 8.3745364159e-13, 4.62946391291e-12, 2.0161613698e-11, 7.8802606801e-12, 1.16564407866e-12, -8.87727391596e-13, 7.86970450828e-14, 7.50611432818e-13, -3.18282557157e-14, 1.34903346089e-13, 3.15989042658e-13, 7.05919426646e-14, 8.86946240872e-15, 5.38198026184e-14, 5.23349098162e-14, 2.71550173976e-14, 2.53773324105e-14, 1.04540115171e-13, 7.7512134081e-13, 1.2684516252e-13, 3.44615896691e-14, 4.83349864582e-15, 7.25323683036e-16, 6.01670742901e-16, 2.23260348667e-18, -5.60263408235e-18], [8.9357056368e-14, -3.84163621053e-12, -1.75112013648e-13, 7.8802606801e-12, 2.77625145095e-10, 1.19368083126e-11, -4.74894169128e-12, -1.23716271602e-12, 3.68615945059e-12, 3.15528679573e-12, 6.69606297493e-13, 2.37732728468e-12, 1.03804562602e-12, 1.23417999453e-13, 8.43355606653e-16, 1.63219996329e-13, 6.92210655793e-15, -9.15804500919e-14, 7.88819828684e-14, 4.74445298587e-13, 3.92564290536e-13, 1.07226924009e-13, 1.32827437742e-14, 3.83383586718e-15, 1.64671294111e-15, -8.92748903604e-18, -3.10579486275e-17], [-2.65407389398e-14, -3.25763965499e-13, 1.5547724783e-13, 1.16564407866e-12, 1.19368083126e-11, 2.19237510091e-11, 2.80525234118e-12, 4.11679560884e-13, -6.68457151611e-13, 8.53398027158e-14, 4.71764793792e-16, 1.63730858841e-13, 5.3801306807e-14, 7.79467331337e-15, 1.62098440004e-14, 2.42867588562e-14, 2.44032987313e-14, -2.38484819864e-14, -2.03757942864e-14, 2.00094308527e-13, 1.47722647645e-14, 1.18031152818e-14, 1.74958911596e-15, 5.66457995097e-16, 2.61088165112e-16, -1.25228982245e-17, -1.71071356608e-17], [-3.88347326844e-14, 2.96302750131e-13, 7.85894624118e-13, -8.87727391596e-13, -4.74894169128e-12, 2.80525234118e-12, 8.98220473694e-12, 6.50780753071e-13, 9.44074598228e-14, 2.12927088071e-13, 4.41173302317e-13, 1.7674616382e-13, 2.12070791971e-14, 8.17641378323e-14, 4.78867789741e-15, 4.17399777664e-14, 3.1311826504e-14, 2.16293285094e-14, 9.17139018268e-14, 1.15287784202e-13, 3.20018466479e-14, 1.07545664201e-14, 1.50746983018e-15, 3.74083392597e-16, 8.39461928544e-17, -8.60409202222e-18, -1.1170966639e-17], [-3.22071996216e-15, 4.65193855659e-13, -4.18173959002e-13, 7.86970450828e-14, -1.23716271602e-12, 4.11679560884e-13, 6.50780753071e-13, 1.31307519111e-12, 3.45944789742e-14, -3.12484006769e-14, 4.82578090512e-15, -3.89952284872e-14, 2.99885340356e-14, 2.59720672771e-15, -5.01064034014e-16, 9.62857397132e-16, 9.30296201266e-15, 1.53732820744e-14, -1.57518024638e-14, -2.34683471522e-14, -1.31995515863e-14, -1.88968773016e-15, -2.79729613276e-16, 2.06170693814e-18, -1.04675032948e-17, -3.60221274899e-18, -3.84928704847e-18], [3.41268134493e-15, 1.39791837502e-13, 3.9252393111e-13, 7.50611432818e-13, 3.68615945059e-12, -6.68457151611e-13, 9.44074598228e-14, 3.45944789742e-14, 1.21465684733e-12, 1.60224399937e-13, 1.00952808667e-13, 7.66510403869e-14, 3.92528959098e-14, 1.43026442876e-14, 9.85053577878e-15, -8.59322971802e-16, 1.0031941437e-14, 2.26786176779e-14, 3.45491525471e-14, -2.02580296017e-14, 2.16506415525e-14, 2.42235413992e-15, 1.24941541945e-16, 2.62229912586e-16, 1.43599269023e-16, -3.05602859585e-19, -2.26374704353e-18], [-1.82375870895e-15, -1.2483246316e-13, 2.40003898916e-13, -3.18282557157e-14, 3.15528679573e-12, 8.53398027158e-14, 2.12927088071e-13, -3.12484006769e-14, 1.60224399937e-13, 6.5593553809e-13, 1.65349789524e-13, 8.6437801361e-14, 1.25168354075e-14, -1.07393911101e-16, 4.62524585486e-15, 1.68469296673e-14, 2.10480572316e-15, 6.99758100517e-15, 3.07146750525e-14, 5.6695547237e-14, 1.9561612665e-14, 5.81829133755e-15, 7.68176932722e-16, 3.14461855171e-16, 1.04116806803e-16, -1.0615118845e-18, -2.56713579911e-18], [2.64600302525e-15, -8.43534972233e-14, 2.30250822748e-13, 1.34903346089e-13, 6.69606297493e-13, 4.71764793792e-16, 4.41173302317e-13, 4.82578090512e-15, 1.00952808667e-13, 1.65349789524e-13, 4.77108478593e-13, 6.41645753457e-14, 3.93441687921e-14, 2.66729285956e-14, 5.51650366284e-15, 6.63963419903e-15, 3.89186942959e-16, 1.23223168323e-14, 2.33256492057e-14, 4.87487010665e-14, 2.73387286794e-14, 8.17194348215e-15, 7.48014954539e-16, 2.14336869803e-16, 1.01779723788e-16, 1.74739603806e-19, -1.62208081189e-18], [2.24278781378e-15, 5.6994333027e-14, 1.53957684275e-13, 3.15989042658e-13, 2.37732728468e-12, 1.63730858841e-13, 1.7674616382e-13, -3.89952284872e-14, 7.66510403869e-14, 8.6437801361e-14, 6.41645753457e-14, 1.71889791897e-13, 3.06009219158e-14, 8.96398705047e-15, 2.90223239762e-15, 5.99035845748e-15, 1.76792282647e-15, 2.86203962548e-15, 2.1901985027e-14, 3.24700186985e-14, 1.80879887891e-14, 5.39049014776e-15, 5.38591881682e-16, 1.91988739288e-16, 8.23266658592e-17, -3.43619873742e-19, -1.43993326287e-18], [2.54334326731e-15, 5.71491367684e-14, 7.33707325039e-14, 7.05919426646e-14, 1.03804562602e-12, 5.3801306807e-14, 2.12070791971e-14, 2.99885340356e-14, 3.92528959098e-14, 1.25168354075e-14, 3.93441687921e-14, 3.06009219158e-14, 5.45623489695e-14, 4.01416367594e-15, 1.73758401212e-15, 1.67082076934e-15, 5.52292851362e-16, -8.26538614519e-16, -5.06033110448e-15, -7.78650198653e-15, 6.33503903361e-15, 1.46185710597e-15, 1.60073106935e-16, 6.59273933163e-17, 3.9843605967e-17, 3.00520506805e-19, -4.82535138249e-19], [2.22327169822e-16, -7.40764193692e-15, -2.94556113983e-14, 8.86946240872e-15, 1.23417999453e-13, 7.79467331337e-15, 8.17641378323e-14, 2.59720672771e-15, 1.43026442876e-14, -1.07393911101e-16, 2.66729285956e-14, 8.96398705047e-15, 4.01416367594e-15, 1.0895165419e-14, 1.28644759403e-15, 2.22516529332e-15, 3.07276633498e-16, 2.83735390902e-15, 8.21582889442e-16, 3.16576658212e-15, 3.48434477919e-15, 1.11466243018e-15, 1.21972691465e-16, 1.74220350482e-17, 1.61834892452e-17, -1.09562527825e-19, -3.52062751158e-19], [-5.2701209426e-16, 2.02202993661e-14, 4.05655225394e-14, 5.38198026184e-14, 8.43355606653e-16, 1.62098440004e-14, 4.78867789741e-15, -5.01064034014e-16, 9.85053577878e-15, 4.62524585486e-15, 5.51650366284e-15, 2.90223239762e-15, 1.73758401212e-15, 1.28644759403e-15, 6.44342367548e-15, 1.28182237062e-15, 1.56056471405e-15, 2.08422854001e-15, 5.11913043761e-15, 1.31568145389e-14, 2.71775645676e-15, 7.93795867728e-16, 7.72324376609e-17, 3.13372478156e-17, 1.04916338076e-17, -6.35779355238e-20, -3.06540675604e-19], [8.54364917385e-16, 1.63110068393e-14, 4.15750740041e-14, 5.23349098162e-14, 1.63219996329e-13, 2.42867588562e-14, 4.17399777664e-14, 9.62857397132e-16, -8.59322971802e-16, 1.68469296673e-14, 6.63963419903e-15, 5.99035845748e-15, 1.67082076934e-15, 2.22516529332e-15, 1.28182237062e-15, 5.40139993212e-15, 4.09137507012e-16, 8.76364692366e-16, 6.20410637469e-15, 2.3585418964e-14, 4.5778657964e-15, 1.20781265509e-15, 1.65874845873e-16, 3.97650072651e-17, 1.48715212367e-17, -6.39476335588e-20, -3.00057027168e-19], [-1.40182470463e-16, 2.59081154425e-14, 1.00354320597e-14, 2.71550173976e-14, 6.92210655793e-15, 2.44032987313e-14, 3.1311826504e-14, 9.30296201266e-15, 1.0031941437e-14, 2.10480572316e-15, 3.89186942959e-16, 1.76792282647e-15, 5.52292851362e-16, 3.07276633498e-16, 1.56056471405e-15, 4.09137507012e-16, 6.61179646122e-15, 3.05310865904e-15, 4.07663532041e-15, 6.99403998394e-15, 1.35705509584e-15, 4.39581274035e-16, 4.74491942097e-17, 1.23518869047e-17, 5.08908892521e-18, -2.19015893659e-19, -3.15022249563e-19], [-5.16525508736e-16, 4.11260448981e-14, 1.6504379379e-14, 2.53773324105e-14, -9.15804500919e-14, -2.38484819864e-14, 2.16293285094e-14, 1.53732820744e-14, 2.26786176779e-14, 6.99758100517e-15, 1.23223168323e-14, 2.86203962548e-15, -8.26538614519e-16, 2.83735390902e-15, 2.08422854001e-15, 8.76364692366e-16, 3.05310865904e-15, 1.08945182858e-14, 8.90433560219e-15, 6.26865494395e-15, 1.40818285157e-15, 4.27722601015e-16, 3.53211150818e-17, 1.61645418461e-17, 1.19699676897e-17, -3.22372033649e-19, -4.18260929907e-19], [3.56337358844e-15, 1.13979247048e-13, 2.3034162468e-13, 1.04540115171e-13, 7.88819828684e-14, -2.03757942864e-14, 9.17139018268e-14, -1.57518024638e-14, 3.45491525471e-14, 3.07146750525e-14, 2.33256492057e-14, 2.1901985027e-14, -5.06033110448e-15, 8.21582889442e-16, 5.11913043761e-15, 6.20410637469e-15, 4.07663532041e-15, 8.90433560219e-15, 6.9885605278e-14, 1.6611240378e-13, 2.49513832583e-14, 6.48129155393e-15, 8.09127058194e-16, 2.05936672011e-16, 5.04205824799e-17, 1.16156333455e-19, -6.32711432819e-19], [6.86539854914e-15, 1.13136029137e-13, 6.84274685525e-13, 7.7512134081e-13, 4.74445298587e-13, 2.00094308527e-13, 1.15287784202e-13, -2.34683471522e-14, -2.02580296017e-14, 5.6695547237e-14, 4.87487010665e-14, 3.24700186985e-14, -7.78650198653e-15, 3.16576658212e-15, 1.31568145389e-14, 2.3585418964e-14, 6.99403998394e-15, 6.26865494395e-15, 1.6611240378e-13, 6.76389174704e-13, 9.36558502192e-14, 2.29509133595e-14, 3.18366354126e-15, 7.04695360276e-16, 1.74179527464e-16, 1.66029345427e-18, -9.08347813557e-19], [1.55756558215e-15, 1.13167277876e-14, 1.20360495117e-13, 1.2684516252e-13, 3.92564290536e-13, 1.47722647645e-14, 3.20018466479e-14, -1.31995515863e-14, 2.16506415525e-14, 1.9561612665e-14, 2.73387286794e-14, 1.80879887891e-14, 6.33503903361e-15, 3.48434477919e-15, 2.71775645676e-15, 4.5778657964e-15, 1.35705509584e-15, 1.40818285157e-15, 2.49513832583e-14, 9.36558502192e-14, 2.16889274417e-14, 4.95824881126e-15, 6.11308707292e-16, 1.39605799845e-16, 4.82710213093e-17, 4.97789020828e-19, -3.06084976635e-19], [4.39112732466e-16, 4.19116603334e-15, 3.40805637563e-14, 3.44615896691e-14, 1.07226924009e-13, 1.18031152818e-14, 1.07545664201e-14, -1.88968773016e-15, 2.42235413992e-15, 5.81829133755e-15, 8.17194348215e-15, 5.39049014776e-15, 1.46185710597e-15, 1.11466243018e-15, 7.93795867728e-16, 1.20781265509e-15, 4.39581274035e-16, 4.27722601015e-16, 6.48129155393e-15, 2.29509133595e-14, 4.95824881126e-15, 1.46169924021e-15, 1.53957409942e-16, 3.57259571259e-17, 1.31111154571e-17, 9.21445727419e-20, -1.12975707677e-19], [4.39879561981e-17, 1.93773847989e-16, 3.11976422276e-15, 4.83349864582e-15, 1.32827437742e-14, 1.74958911596e-15, 1.50746983018e-15, -2.79729613276e-16, 1.24941541945e-16, 7.68176932722e-16, 7.48014954539e-16, 5.38591881682e-16, 1.60073106935e-16, 1.21972691465e-16, 7.72324376609e-17, 1.65874845873e-16, 4.74491942097e-17, 3.53211150818e-17, 8.09127058194e-16, 3.18366354126e-15, 6.11308707292e-16, 1.53957409942e-16, 2.33265611028e-17, 4.49895966465e-18, 1.58840422121e-18, 7.75963269234e-21, -1.65304161354e-20], [8.31693130949e-18, 3.37230974296e-16, 1.37457163131e-15, 7.25323683036e-16, 3.83383586718e-15, 5.66457995097e-16, 3.74083392597e-16, 2.06170693814e-18, 2.62229912586e-16, 3.14461855171e-16, 2.14336869803e-16, 1.91988739288e-16, 6.59273933163e-17, 1.74220350482e-17, 3.13372478156e-17, 3.97650072651e-17, 1.23518869047e-17, 1.61645418461e-17, 2.05936672011e-16, 7.04695360276e-16, 1.39605799845e-16, 3.57259571259e-17, 4.49895966465e-18, 1.58125603654e-18, 4.29258399548e-19, 1.31617784246e-21, -4.93427129437e-21], [8.73718517598e-19, 7.50166325581e-17, 5.41299369558e-16, 6.01670742901e-16, 1.64671294111e-15, 2.61088165112e-16, 8.39461928544e-17, -1.04675032948e-17, 1.43599269023e-16, 1.04116806803e-16, 1.01779723788e-16, 8.23266658592e-17, 3.9843605967e-17, 1.61834892452e-17, 1.04916338076e-17, 1.48715212367e-17, 5.08908892521e-18, 1.19699676897e-17, 5.04205824799e-17, 1.74179527464e-16, 4.82710213093e-17, 1.31111154571e-17, 1.58840422121e-18, 4.29258399548e-19, 2.4010809455e-19, 1.11514498376e-21, -1.68700022515e-21], [1.3432018573e-19, -2.8963454111e-18, 3.38197632449e-18, 2.23260348667e-18, -8.92748903604e-18, -1.25228982245e-17, -8.60409202222e-18, -3.60221274899e-18, -3.05602859585e-19, -1.0615118845e-18, 1.74739603806e-19, -3.43619873742e-19, 3.00520506805e-19, -1.09562527825e-19, -6.35779355238e-20, -6.39476335588e-20, -2.19015893659e-19, -3.22372033649e-19, 1.16156333455e-19, 1.66029345427e-18, 4.97789020828e-19, 9.21445727419e-20, 7.75963269234e-21, 1.31617784246e-21, 1.11514498376e-21, 4.32263312857e-22, 4.30363432875e-22], [-1.28039973642e-20, -4.73230028442e-18, -3.76408082793e-18, -5.60263408235e-18, -3.10579486275e-17, -1.71071356608e-17, -1.1170966639e-17, -3.84928704847e-18, -2.26374704353e-18, -2.56713579911e-18, -1.62208081189e-18, -1.43993326287e-18, -4.82535138249e-19, -3.52062751158e-19, -3.06540675604e-19, -3.00057027168e-19, -3.15022249563e-19, -4.18260929907e-19, -6.32711432819e-19, -9.08347813557e-19, -3.06084976635e-19, -1.12975707677e-19, -1.65304161354e-20, -4.93427129437e-21, -1.68700022515e-21, 4.30363432875e-22, 4.90634879901e-22]]
    },
    "mfcc": {
        "kurt": [6.92507839203, 4.07050323486, 0.0983533859253, 4.77735900879, -0.487634420395, -0.702453136444, -0.154939651489, -0.244081020355, -0.211155653, 0.656390666962, -0.598387002945, 0.443967580795, -0.458528757095],
        "max": [-925.174987793, 147.278106689, 38.9672889709, 56.1208572388, 10.7633514404, -1.54407501221, 19.3416786194, 8.16556739807, -1.1222076416, 9.22654151917, 0.553539276123, 8.40144348145, 9.14758300781],
        "mean": [-962.481567383, 134.208953857, 20.1634521484, 21.8477554321, -5.70226621628, -12.6226711273, 5.80824565887, -8.03266716003, -11.1739349365, -8.14468193054, -10.3600931168, -5.06192016602, -2.13834667206],
        "median": [-961.057617188, 135.495391846, 20.245513916, 21.7521934509, -5.28273773193, -12.0145301819, 6.08965682983, -8.01747894287, -10.7694129944, -7.97190093994, -10.7457237244, -5.23086166382, -2.08925247192],
        "min": [-1029.09228516, 99.1203079224, 8.00473022461, 8.24321365356, -25.863948822, -25.6426048279, -10.6970748901, -25.3389205933, -25.2980270386, -22.1117324829, -22.0523967743, -20.1291122437, -13.10389328],
        "skew": [-1.63194739819, -1.37518525124, 0.191559821367, 1.46989703178, -0.145028993487, -0.111384965479, -0.341288179159, 0.153453543782, -0.268819689751, 0.170583963394, 0.0518274903297, 0.0378552898765, -0.147681564093],
        "var": [192.404891968, 56.3107643127, 35.1350021362, 58.0427246094, 54.7810707092, 33.6583938599, 37.7374229431, 39.6393814087, 24.340057373, 30.0120449066, 26.6198329926, 22.4780273438, 23.7534656525],
        "cov": [[194.272903442, 39.789226532, -44.4682350159, 51.2934913635, -52.3266410828, 14.2166252136, 31.8380069733, -38.4126777649, 17.0757427216, -13.7386751175, -21.4821510315, 18.2488460541, 1.21331429482], [39.789226532, 56.8574676514, 12.5441656113, -14.5013875961, 9.62796974182, -5.72115468979, -8.96856117249, 4.89900588989, -5.92706298828, -5.82411575317, 3.62574386597, 8.65240573883, 3.68405604362], [-44.4682350159, 12.5441656113, 35.4761199951, -6.97092533112, 18.9280776978, -1.56502366066, -9.19567775726, 11.834774971, -5.89173984528, 2.68969464302, 7.95582771301, -1.79956197739, 1.52696204185], [51.2934913635, -14.5013875961, -6.97092533112, 58.6062469482, -6.74011468887, 8.63049697876, 19.4515476227, -12.9480953217, 10.9405031204, 5.38343095779, -4.86669635773, 3.06943202019, 2.439463377], [-52.3266410828, 9.62796974182, 18.9280776978, -6.74011468887, 55.3129272461, -0.894767642021, -18.0545806885, 20.3764438629, -7.13675546646, 8.21126556396, 14.7917566299, 0.154842749238, 4.83857011795], [14.2166252136, -5.72115468979, -1.56502366066, 8.63049697876, -0.894767642021, 33.9851760864, 18.7663536072, -9.59257793427, 8.22393226624, -3.94175219536, -6.76500654221, 3.70071792603, -3.89526200294], [31.8380069733, -8.96856117249, -9.19567775726, 19.4515476227, -18.0545806885, 18.7663536072, 38.103805542, 5.24731111526, 10.2261419296, 2.82813930511, -4.95906162262, -1.2576225996, -1.26247680187], [-38.4126777649, 4.89900588989, 11.834774971, -12.9480953217, 20.3764438629, -9.59257793427, 5.24731111526, 40.024230957, 5.84989690781, 10.0566883087, 12.6018323898, -5.20970439911, 2.58689212799], [17.0757427216, -5.92706298828, -5.89173984528, 10.9405031204, -7.13675546646, 8.22393226624, 10.2261419296, 5.84989690781, 24.5763683319, 11.7042922974, 0.215537130833, 2.49052166939, -2.15252399445], [-13.7386751175, -5.82411575317, 2.68969464302, 5.38343095779, 8.21126556396, -3.94175219536, 2.82813930511, 10.0566883087, 11.7042922974, 30.3034248352, 18.3968334198, -0.596029758453, 6.49226379395], [-21.4821510315, 3.62574386597, 7.95582771301, -4.86669635773, 14.7917566299, -6.76500654221, -4.95906162262, 12.6018323898, 0.215537130833, 18.3968334198, 26.8782787323, 9.24809360504, 7.59158277512], [18.2488460541, 8.65240573883, -1.79956197739, 3.06943202019, 0.154842749238, 3.70071792603, -1.2576225996, -5.20970439911, 2.49052166939, -0.596029758453, 9.24809360504, 22.6962604523, 10.2575426102], [1.21331429482, 3.68405604362, 1.52696204185, 2.439463377, 4.83857011795, -3.89526200294, -1.26247680187, 2.58689212799, -2.15252399445, 6.49226379395, 7.59158277512, 10.2575426102, 23.9840812683]]
    },
    "sccoeffs": {
        "kurt": [0.525736808777, 0.767145872116, 0.316469430923, -0.237631797791, 3.71238470078, -0.469831466675],
        "max": [-0.625249147415, -0.710253715515, -0.793664991856, -0.815892398357, -0.815548479557, -0.771880507469],
        "mean": [-0.767471373081, -0.821927130222, -0.868928611279, -0.870710968971, -0.880295395851, -0.81679213047],
        "median": [-0.773556232452, -0.823907852173, -0.869573116302, -0.874559164047, -0.882396876812, -0.818183720112],
        "min": [-0.858659505844, -0.89755910635, -0.91867929697, -0.904946863651, -0.913755178452, -0.850029349327],
        "skew": [0.505219817162, 0.472034245729, 0.388216376305, 0.48737102747, 1.15619719028, 0.303471654654],
        "var": [0.00168550212402, 0.00117202335969, 0.000570598582271, 0.000345026259311, 0.00019477980095, 0.000289107614662],
        "cov": [[0.00170186627656, 0.000274773279671, 5.24422321178e-05, 6.83876060066e-05, -8.86490888661e-05, 0.000152587381308], [0.000274773279671, 0.0011834022589, -7.62823328841e-05, 6.48817731417e-05, 3.3913356674e-06, 6.16605902906e-05], [5.24422321178e-05, -7.62823328841e-05, 0.000576138379984, -2.371057235e-05, 2.948452493e-05, -1.21265647977e-05], [6.83876060066e-05, 6.48817731417e-05, -2.371057235e-05, 0.000348376022885, -3.37866586051e-05, 5.06486612721e-05], [-8.86490888661e-05, 3.3913356674e-06, 2.948452493e-05, -3.37866586051e-05, 0.000196670865989, 1.65677593031e-05], [0.000152587381308, 6.16605902906e-05, -1.21265647977e-05, 5.06486612721e-05, 1.65677593031e-05, 0.000291914475383]]
    },
    "scvalleys": {
        "kurt": [-0.227376699448, 1.17801380157, 1.43376302719, 0.000480651855469, 1.29106140137, 0.668165922165],
        "max": [-7.13452529907, -7.33909034729, -8.07790184021, -9.11996173859, -9.21075153351, -12.0988664627],
        "mean": [-7.90783691406, -7.98012876511, -8.69326114655, -9.75319099426, -10.0486354828, -12.6788949966],
        "median": [-7.84707164764, -7.94132232666, -8.70302009583, -9.72341918945, -10.0321731567, -12.6680107117],
        "min": [-8.76474571228, -9.08072376251, -9.69557285309, -10.3311700821, -10.7429218292, -13.356338501],
        "skew": [-0.323061466217, -0.773970723152, -0.734413206577, -0.19596862793, 0.157845377922, -0.242186620831],
        "var": [0.109348997474, 0.0934853926301, 0.0876908004284, 0.0478967800736, 0.0524418279529, 0.0389169454575],
        "cov": [[0.110410638154, 0.0293296743184, 0.0154367797077, 0.0114626446739, 0.00725729484111, 0.014650602825], [0.0293296743184, 0.0943930149078, 0.0251886378974, 0.0197746753693, 0.0130973206833, 0.0168458893895], [0.0154367797077, 0.0251886378974, 0.0885421708226, 0.0205156579614, 0.0284535195678, 0.027658816427], [0.0114626446739, 0.0197746753693, 0.0205156579614, 0.0483617968857, 0.017173230648, 0.0171224009246], [0.00725729484111, 0.0130973206833, 0.0284535195678, 0.017173230648, 0.0529509708285, 0.0318078957498], [0.014650602825, 0.0168458893895, 0.027658816427, 0.0171224009246, 0.0318078957498, 0.0392947793007]]
    }
},
"rhythm": {
    "beats_loudness": {
        "kurt": -0.75977396965,
        "max": 6.78463911754e-05,
        "mean": 5.9715264797e-05,
        "median": 6.34228053968e-05,
        "min": 4.41690681328e-05,
        "skew": -1.01011502743,
        "var": 8.39922853491e-11
    },
    "bpm": 116.583808899,
    "confidence": 0,
    "first_peak_bpm": {
        "kurt": 0,
        "max": 117,
        "mean": 117,
        "median": 117,
        "min": 117,
        "skew": 0,
        "var": 0
    },
    "first_peak_spread": {
        "kurt": 0,
        "max": 0.333333313465,
        "mean": 0.333333313465,
        "median": 0.333333313465,
        "min": 0.333333313465,
        "skew": 0,
        "var": 0
    },
    "first_peak_weight": {
        "kurt": 0,
        "max": 0.666666686535,
        "mean": 0.666666686535,
        "median": 0.666666686535,
        "min": 0.666666686535,
        "skew": 0,
        "var": 0
    },
    "onset_rate": 0.418489456177,
    "second_peak_bpm": {
        "kurt": 0,
        "max": 0,
        "mean": 0,
        "median": 0,
        "min": 0,
        "skew": 0,
        "var": 0
    },
    "second_peak_spread": {
        "kurt": 0,
        "max": 0,
        "mean": 0,
        "median": 0,
        "min": 0,
        "skew": 0,
        "var": 0
    },
    "second_peak_weight": {
        "kurt": 0,
        "max": 0,
        "mean": 0,
        "median": 0,
        "min": 0,
        "skew": 0,
        "var": 0
    },
    "beats_loudness_band_ratio": {
        "kurt": [-1.07960927486, -1.01174628735, -0.673230171204, -1.36346483231, -0.970046043396, -1.71105694771],
        "max": [0.270340710878, 0.752206504345, 0.191133588552, 0.107547499239, 0.0224647819996, 0.022559069097],
        "mean": [0.223265379667, 0.587894678116, 0.153746291995, 0.0850506126881, 0.0161677803844, 0.0156757198274],
        "median": [0.228555440903, 0.556315302849, 0.184491172433, 0.0829461365938, 0.0171558409929, 0.0169655177742],
        "min": [0.165609925985, 0.486741811037, 0.0548692271113, 0.0667626708746, 0.00789466034621, 0.00621277885512],
        "skew": [-0.383812725544, 0.745103776455, -1.14593803883, 0.306068956852, -0.531857013702, -0.219548106194],
        "var": [0.00144360738341, 0.0103426324204, 0.00326711009257, 0.000240014516748, 2.77786057268e-05, 4.90013335366e-05],
        "cov": [[0.00192480988335, -0.000714097172022, -0.000555671402253, 0.000650252914056, 0.000178510483238, 0.000261197710643], [-0.000714097172022, 0.01379017625, -0.00729471212253, -0.00140271347482, -0.000182053147, -0.000595207326114], [-0.000555671402253, -0.00729471212253, 0.00435614679009, 0.000451749307103, -1.37452252602e-05, 0.000180603397894], [0.000650252914056, -0.00140271347482, 0.000451749307103, 0.000320019345963, 7.3687879194e-05, 0.000133673864184], [0.000178510483238, -0.000182053147, -1.37452252602e-05, 7.3687879194e-05, 3.70381421817e-05, 4.34833673353e-05], [0.000261197710643, -0.000595207326114, 0.000180603397894, 0.000133673864184, 4.34833673353e-05, 6.53351089568e-05]]
    },
    "beats_position": [0.510838985443, 1.02167797089, 1.53251695633, 2.0549659729],
    "bpm_estimates": [117.453842163, 117.453842163, 114.843742371],
    "bpm_intervals": [0.510838985443, 0.510838985443, 0.522449016571],
    "onset_times": [0.0116099771112],
    "histogram": [[0, 0, 0, 0, 0, 0, 0, 0, 0, 0, 0, 0, 0, 0, 0, 0, 0, 0, 0, 0, 0, 0, 0, 0, 0, 0, 0, 0, 0, 0, 0, 0, 0, 0, 0, 0, 0, 0, 0, 0, 0, 0, 0, 0, 0, 0, 0, 0, 0, 0, 0, 0, 0, 0, 0, 0, 0, 0, 0, 0, 0, 0, 0, 0, 0, 0, 0, 0, 0, 0, 0, 0, 0, 0, 0, 0, 0, 0, 0, 0, 0, 0, 0, 0, 0, 0, 0, 0, 0, 0, 0, 0, 0, 0, 0, 0, 0, 0, 0, 0, 0, 0, 0, 0, 0, 0, 0, 0, 0, 0, 0, 0, 0, 0, 0, 0.333333343267, 0, 0.666666686535, 0, 0, 0, 0, 0, 0, 0, 0, 0, 0, 0, 0, 0, 0, 0, 0, 0, 0, 0, 0, 0, 0, 0, 0, 0, 0, 0, 0, 0, 0, 0, 0, 0, 0, 0, 0, 0, 0, 0, 0, 0, 0, 0, 0, 0, 0, 0, 0, 0, 0, 0, 0, 0, 0, 0, 0, 0, 0, 0, 0, 0, 0, 0, 0, 0, 0, 0, 0, 0, 0, 0, 0, 0, 0, 0, 0, 0, 0, 0, 0, 0, 0, 0, 0, 0, 0, 0, 0, 0, 0, 0, 0, 0, 0, 0, 0, 0, 0, 0, 0, 0, 0, 0, 0, 0, 0, 0, 0, 0, 0, 0, 0, 0, 0, 0, 0, 0, 0, 0, 0, 0, 0, 0, 0, 0, 0, 0, 0, 0, 0, 0, 0]]
},
"sfx": {
    "inharmonicity": {
        "kurt": 3.26536846161,
        "max": 0.409089624882,
        "mean": 0.07572145015,
        "median": 0.0430597364902,
        "min": 0,
        "skew": 1.8931453228,
        "var": 0.00700871134177
    },
    "oddtoevenharmonicenergyratio": {
        "kurt": 8.65371704102,
        "max": 5.81789779663,
        "mean": 0.694991111755,
        "median": 0.313865840435,
        "min": 0,
        "skew": 2.67018198967,
        "var": 0.91543841362
    },
    "pitch_after_max_to_before_max_energy_ratio": 2.27880859375,
    "pitch_centroid": 42.4143218994,
    "pitch_max_to_total": 0.00961538497359,
    "pitch_min_to_total": 0.605769217014,
    "tristimulus": {
        "kurt": [0.568796634674, -0.210208654404, 13.2053470612],
        "max": [1, 0.805005609989, 1],
        "mean": [0.325501233339, 0.367896348238, 0.30660250783],
        "median": [0.356306701899, 0.327435523272, 0.297635018826],
        "min": [0, 0, 0],
        "skew": [0.276954054832, 0.503751516342, 2.42381644249],
        "var": [0.0422938279808, 0.0304900184274, 0.0136906411499],
        "cov": [[0.0427044481039, -0.0298334602267, -0.0128709794953], [-0.0298334602267, 0.0307860374451, -0.000952580361627], [-0.0128709794953, -0.000952580361627, 0.0138235604391]]
    }
},
"tonal": {
    "chords_changes_rate": 0.188679248095,
    "chords_number_rate": 0.0943396240473,
    "chords_strength": {
        "kurt": 2.15640974045,
        "max": 0.45652154088,
        "mean": 0.39088767767,
        "median": 0.397932112217,
        "min": 0.274150580168,
        "skew": -0.991720974445,
        "var": 0.000939088989981
    },
    "key_strength": 0.517954230309,
    "tuning_diatonic_strength": 0.372538000345,
    "tuning_equal_tempered_deviation": 0.224595040083,
    "tuning_frequency": 454.202880859,
    "tuning_nontempered_energy_ratio": 0.87234556675,
    "hpcp": {
        "kurt": [3.6871547699, 0.463142633438, 4.02349996567, 4.05315685272, 1.81100702286, 0.44055557251, 0.405178308487, -0.0421562194824, 1.04200458527, 5.44161224365, 4.00572967529, 4.7517580986, 3.58178138733, 2.33978223801, 3.58171272278, 0.925214529037, 0.0865573883057, 1.2616686821, 0.187605142593, 7.26437568665, 9.98857116699, 5.97266483307, 1.62535381317, 2.53571653366, 7.1082649231, 3.34047985077, 3.31555747986, 1.80164575577, 0.0151572227478, 0.238566160202, 0.0814068317413, 0.0802493095398, 2.92477893829, 0.216300725937, -0.600348949432, 0.466524124146],
        "max": [1, 0.788921296597, 1, 1, 1, 1, 1, 1, 1, 1, 0.563225626945, 0.800254821777, 1, 1, 0.918548822403, 0.847632229328, 1, 0.974437713623, 0.600807309151, 0.679382205009, 0.89620256424, 1, 0.687363147736, 0.637079715729, 1, 1, 1, 1, 1, 1, 1, 1, 1, 1, 1, 1],
        "mean": [0.205733045936, 0.233647689223, 0.221872329712, 0.195444375277, 0.227811649442, 0.254533499479, 0.272600203753, 0.282318532467, 0.239042401314, 0.172656938434, 0.109402656555, 0.128585010767, 0.191432371736, 0.20736835897, 0.168251588941, 0.185430034995, 0.246092900634, 0.223028168082, 0.15511494875, 0.107198618352, 0.114238478243, 0.163406774402, 0.165354788303, 0.131963565946, 0.141817495227, 0.168691381812, 0.187355354428, 0.236839279532, 0.316871255636, 0.320303529501, 0.287409454584, 0.261636584997, 0.231516599655, 0.312936782837, 0.34963965416, 0.245567828417],
