{
"metadata": {
    "version": {
        "essentia": "2.1-beta3"
    }
},
"lowLevel": {
    "average_loudness": 0.973910748959,
    "barkbands_kurtosis": {
        "kurt": 16.0504245758,
        "max": 22.1101341248,
        "mean": 2.1702170372,
        "median": 1.91287255287,
        "min": -1.43894219398,
        "skew": 2.07252788544,
        "var": 2.73653054237
    },
    "barkbands_skewness": {
        "kurt": 1.96045541763,
        "max": 4.43304681778,
        "mean": 1.60219752789,
        "median": 1.56841540337,
        "min": 0.421902000904,
        "skew": 0.592031121254,
        "var": 0.147707596421
    },
    "barkbands_spread": {
        "kurt": 1.59900283813,
        "max": 40.6353912354,
        "mean": 17.3321723938,
        "median": 17.0829200745,
        "min": 5.99174261093,
        "skew": 0.530303478241,
        "var": 13.1715049744
    },
    "dissonance": {
        "kurt": 4.99898719788,
        "max": 0.499999970198,
        "mean": 0.473445385695,
        "median": 0.475084424019,
        "min": 0.333763867617,
        "skew": -1.21440696716,
        "var": 0.000243536880589
    },
    "hfc": {
        "kurt": 29.1593704224,
        "max": 0.0373297184706,
        "mean": 0.0111694540828,
        "median": 0.0109835453331,
        "min": 0.000250807235716,
        "skew": 2.67482328415,
        "var": 3.79569632969e-06
    },
    "pitch": {
        "kurt": 341.603668213,
        "max": 4095.09716797,
        "mean": 224.452224731,
        "median": 212.450698853,
        "min": 51.4782028198,
        "skew": 15.668838501,
        "var": 28188.1875
    },
    "pitch_instantaneous_confidence": {
        "kurt": 1.07080841064,
        "max": 0.537995040417,
        "mean": 0.242292240262,
        "median": 0.231207311153,
        "min": 0.122207403183,
        "skew": 0.963914275169,
        "var": 0.00461947824806
    },
    "pitch_salience": {
        "kurt": 4.40396356583,
        "max": 0.876988649368,
        "mean": 0.736224472523,
        "median": 0.746242046356,
        "min": 0.235119700432,
        "skew": -1.26272749901,
        "var": 0.00398449087515
    },
    "silence_rate_20dB": {
        "kurt": 0,
        "max": 1,
        "mean": 1,
        "median": 1,
        "min": 1,
        "skew": 0,
        "var": 0
    },
    "silence_rate_30dB": {
        "kurt": 0,
        "max": 1,
        "mean": 1,
        "median": 1,
        "min": 1,
        "skew": 0,
        "var": 0
    },
    "silence_rate_60dB": {
        "kurt": 0,
        "max": 1,
        "mean": 1,
        "median": 1,
        "min": 1,
        "skew": 0,
        "var": 0
    },
    "spectral_centroid": {
        "kurt": 3.01776647568,
        "max": 1430.91845703,
        "mean": 621.837158203,
        "median": 611.81060791,
        "min": 174.456161499,
        "skew": 0.598491549492,
        "var": 12760.1054688
    },
    "spectral_complexity": {
        "kurt": 1318.97302246,
        "max": 1,
        "mean": 0.00075528700836,
        "median": 0,
        "min": 0,
        "skew": 36.3450088501,
        "var": 0.000754724431317
    },
    "spectral_crest": {
        "kurt": 0.593509912491,
        "max": 19.5448436737,
        "mean": 8.10843753815,
        "median": 7.70230913162,
        "min": 2.60587477684,
        "skew": 0.826940178871,
        "var": 6.30973052979
    },
    "spectral_decrease": {
        "kurt": 0,
        "max": -7.27724290875e-14,
        "mean": -4.72958738146e-12,
        "median": -4.43305938833e-12,
        "min": -2.87028074919e-11,
        "skew": -3.64615607262,
        "var": 2.80593859961e-24
    },
    "spectral_energy": {
        "kurt": 34.8910980225,
        "max": 0.00011007257126,
        "mean": 1.88636240637e-05,
        "median": 1.7712074623e-05,
        "min": 2.97408774941e-07,
        "skew": 3.54639649391,
        "var": 4.16128277669e-11
    },
    "spectral_energyband_high": {
        "kurt": 577.022155762,
        "max": 2.72429770121e-06,
        "mean": 1.44645440514e-07,
        "median": 1.38711158115e-07,
        "min": 7.46167483356e-09,
        "skew": 22.4247455597,
        "var": 8.46890645719e-15
    },
    "spectral_energyband_low": {
        "kurt": 176.615219116,
        "max": 0.000100546560134,
        "mean": 3.42011026078e-06,
        "median": 2.43052386395e-06,
        "min": 2.05126688968e-08,
        "skew": 10.1765861511,
        "var": 2.03103003166e-11
    },
    "spectral_energyband_middle_high": {
        "kurt": 13.4452209473,
        "max": 9.16468161449e-06,
        "mean": 3.14329099638e-06,
        "median": 3.10921427626e-06,
        "min": 5.23889802651e-08,
        "skew": 1.32326424122,
        "var": 2.74930685856e-13
    },
    "spectral_energyband_middle_low": {
        "kurt": 1.30242586136,
        "max": 3.80116580345e-05,
        "mean": 1.30681710289e-05,
        "median": 1.23635827549e-05,
        "min": 2.28211618492e-07,
        "skew": 0.896897315979,
        "var": 2.0738783954e-11
    },
    "spectral_flatness_db": {
        "kurt": 1.78700399399,
        "max": 0.266043841839,
        "mean": 0.158445253968,
        "median": 0.157224237919,
        "min": 0.0770194381475,
        "skew": 0.467156946659,
        "var": 0.000256265659118
    },
    "spectral_flux": {
        "kurt": 16.0995445251,
        "max": 0.00909120868891,
        "mean": 0.00280000409111,
        "median": 0.00274113519117,
        "min": 0.00168128986843,
        "skew": 2.28178477287,
        "var": 3.18880324812e-07
    },
    "spectral_kurtosis": {
        "kurt": 1.63334989548,
        "max": 15.3288669586,
        "mean": 8.4540014267,
        "median": 8.22100639343,
        "min": 1.71221399307,
        "skew": 0.685325801373,
        "var": 2.0897667408
    },
    "spectral_rms": {
        "kurt": 8.12474060059,
        "max": 0.000327700894559,
        "mean": 0.000134052053909,
        "median": 0.000131453693029,
        "min": 1.70339335455e-05,
        "skew": 1.34983980656,
        "var": 4.33618863038e-10
    },
    "spectral_rolloff": {
        "kurt": 3.78363704681,
        "max": 3854.44335938,
        "mean": 1032.48693848,
        "median": 990.52734375,
        "min": 129.19921875,
        "skew": 1.17523407936,
        "var": 132213.125
    },
    "spectral_skewness": {
        "kurt": 4.82652139664,
        "max": 3.43798613548,
        "mean": 2.17180299759,
        "median": 2.1618719101,
        "min": 0.934839606285,
        "skew": 0.220855012536,
        "var": 0.0291131101549
    },
    "spectral_spread": {
        "kurt": 1048.60302734,
        "max": 27111088,
        "mean": 3271195.5,
        "median": 3244296,
        "min": 2730305.25,
        "skew": 30.9113330841,
        "var": 482281553920
    },
    "spectral_strongpeak": {
        "kurt": 0.728794574738,
        "max": 0.0411839149892,
        "mean": 0.0123307080939,
        "median": 0.0108581399545,
        "min": 0.000419258227339,
        "skew": 0.958106935024,
        "var": 5.18809320056e-05
    },
    "zerocrossingrate": {
        "kurt": 0.863564252853,
        "max": 0.0654296875,
        "mean": 0.044859919697,
        "median": 0.044921875,
        "min": 0.009765625,
        "skew": -0.0854518562555,
        "var": 4.01434590458e-05
    },
    "barkbands": {
        "kurt": [44.1167068481, 187.40536499, 167.910476685, 10.8408927917, 2.94749736786, 5.28119277954, 3.92525148392, 3.59195184708, 7.41074562073, 2.06903028488, 2.29013204575, 1.96434259415, 0.811558961868, 1.28912115097, 3.08543014526, 1.5273809433, 0.652033567429, 38.7105865479, 63.8537063599, 328.816650391, 738.530456543, 841.547607422, 276.687255859, 166.888793945, 243.769851685, 643.377502441, 704.424438477],
        "max": [1.63640521578e-07, 5.13185914315e-05, 4.75739543617e-05, 1.3205482901e-05, 2.2170252123e-05, 1.71582087205e-05, 7.940915566e-06, 4.5901242629e-06, 4.32584238297e-06, 1.78110383331e-06, 1.50552352807e-06, 1.22642848055e-06, 6.90511683388e-07, 7.74279214966e-07, 8.98575365227e-07, 9.44516955315e-07, 5.52861877168e-07, 2.25489611694e-06, 1.98819361685e-06, 2.60255751527e-06, 1.42262160807e-06, 4.84338841034e-07, 3.59636018743e-08, 6.69549571342e-09, 3.25865867623e-09, 7.24676818553e-10, 7.4761974389e-10],
        "mean": [1.02220125697e-08, 1.01896102933e-06, 1.54751148784e-06, 1.50251185005e-06, 4.90796810482e-06, 3.30062516696e-06, 1.46992169903e-06, 9.89392788142e-07, 7.84721294167e-07, 4.37337689618e-07, 4.0091072151e-07, 3.26759618474e-07, 2.45215716177e-07, 2.50744562891e-07, 2.43008713596e-07, 3.2616117096e-07, 2.15127826664e-07, 3.30915071345e-07, 2.79918339174e-07, 1.85772975669e-07, 6.60271766151e-08, 1.96782501405e-08, 2.99484415045e-09, 8.59801285724e-10, 3.70583980169e-10, 2.78686292793e-11, 2.76220366024e-12],
        "median": [6.95853863419e-09, 5.44862643892e-07, 1.04794958133e-06, 1.13937130664e-06, 4.1834791773e-06, 2.82759469883e-06, 1.25890642266e-06, 8.19756223791e-07, 6.78502033225e-07, 3.92109114955e-07, 3.51720075287e-07, 2.94608383911e-07, 2.26259999181e-07, 2.33646090919e-07, 2.26550213256e-07, 3.10693138772e-07, 2.0525449429e-07, 3.18138688726e-07, 2.64659490767e-07, 1.72594837977e-07, 6.23333846761e-08, 1.85944415421e-08, 2.85151613433e-09, 8.2643647481e-10, 3.54556134452e-10, 2.61339908048e-11, 1.54384144357e-12],
        "min": [2.85384389731e-11, 2.14011253163e-09, 8.04734945348e-09, 2.5882121335e-08, 9.8411568672e-08, 2.11490558399e-08, 1.81220656259e-08, 2.63853543458e-08, 3.51555478062e-08, 4.77458605985e-09, 1.53274193337e-09, 2.55102827751e-09, 4.08654798889e-09, 7.05241953725e-09, 9.47732647916e-09, 6.16541573351e-09, 2.40125275219e-09, 1.15064295869e-08, 3.85539200565e-09, 1.66200408991e-09, 2.65819499745e-09, 9.71666080929e-10, 8.10032929621e-10, 4.02936711774e-10, 1.84385284818e-10, 1.18281504383e-11, 6.08712461946e-13],
        "skew": [5.51711511612, 11.3095502853, 9.54892253876, 2.4821908474, 1.45601809025, 1.73824501038, 1.5506657362, 1.60208201408, 2.005859375, 1.22780108452, 1.31786954403, 1.15120577812, 0.882198870182, 0.923981785774, 1.22396290302, 0.927878439426, 0.7475887537, 3.23789262772, 4.42360687256, 14.2048740387, 24.0998535156, 26.4861526489, 13.661904335, 8.27382183075, 10.8946285248, 24.3893642426, 26.343919754],
        "var": [1.71921192043e-16, 5.48117540938e-12, 4.62229733655e-12, 1.83458651916e-12, 1.04894938222e-11, 4.53588555605e-12, 9.26641467551e-13, 4.24072669342e-13, 2.44895737803e-13, 5.82041196923e-14, 4.90512781759e-14, 2.53751369011e-14, 1.21157949531e-14, 1.21131157879e-14, 1.04541365392e-14, 1.51042949036e-14, 6.18901648274e-15, 1.63770059525e-14, 1.00623719426e-14, 9.18724375954e-15, 1.86465833009e-15, 2.04815213624e-16, 2.36379391823e-18, 7.24466300095e-20, 1.4740364978e-20, 5.91253495139e-22, 6.60126429041e-22],
        "cov": [[1.72051145426e-16, 1.40538342885e-14, 8.33216230522e-15, 2.66304532815e-15, 5.54003540278e-16, -1.89701752977e-15, 2.79874541937e-17, -1.26287278775e-16, 5.94442560776e-17, 1.70607946868e-16, 9.65192521384e-17, -2.11242175373e-17, 2.61476982186e-18, -7.66774755705e-18, -2.26085501331e-17, -6.34996074651e-18, 2.2733849798e-17, 1.59884125944e-16, 9.97224461948e-17, 1.46628020615e-17, 3.80853773267e-17, 6.97351823678e-19, 2.00870141129e-18, -2.41174252811e-19, -1.04372079341e-19, -4.17622165528e-21, -7.52729510662e-21], [1.40538342885e-14, 5.48531836272e-12, 3.74709378109e-12, 4.04319779697e-13, 9.6046089105e-14, -1.96980046207e-13, -3.27390194219e-14, -3.84466772451e-15, 4.0451854106e-14, 3.76317934334e-14, 1.6790723949e-14, 4.53426901061e-15, 3.43154328636e-15, 1.2519958418e-14, -5.23189762794e-15, -2.18530752271e-15, 8.858594976e-15, 2.73196890728e-14, 1.15864459479e-14, 8.93847822974e-16, 4.70516553101e-15, 7.9911968156e-16, 2.73160422784e-16, -4.24325390092e-17, -1.93419609546e-17, -9.77118782504e-19, -8.37116189083e-19], [8.33216230522e-15, 3.74709378109e-12, 4.62579106963e-12, 8.49377913923e-13, -2.55978337214e-14, -1.90733171444e-13, -1.89376475385e-14, 3.48931394032e-14, 6.80617807123e-14, 5.27081633547e-14, 2.73825643285e-14, -3.12081899053e-15, 2.4751234455e-16, 5.40210678111e-15, 3.23657350725e-16, 2.62558593133e-15, 1.20713519814e-14, 1.67824823184e-14, 7.36894015452e-15, -1.07037033622e-15, 2.79736527182e-15, 1.43307750723e-17, 1.7468687373e-16, -2.7161669862e-17, -1.31770731848e-17, -4.03985343497e-19, -5.61987231952e-19], [2.66304532815e-15, 4.04319779697e-13, 8.49377913923e-13, 1.83597321374e-12, -2.39396769417e-14, -1.0233405513e-13, 9.56867794228e-15, -8.1059375927e-15, -1.55583282802e-14, 7.69774818025e-15, -3.33983629971e-15, 2.68097066289e-15, -1.88707293945e-16, 1.56111623838e-15, 4.28584398806e-15, 2.45488444026e-15, 6.24001421891e-15, -1.17410296725e-15, 6.04772948131e-16, -1.85698421158e-15, -1.08929694331e-16, -2.9051048981e-16, -4.2778505646e-17, -4.77076625085e-18, 7.5408018028e-19, -5.27706540922e-19, -1.02095501227e-18], [5.54003540278e-16, 9.6046089105e-14, -2.55978337214e-14, -2.39396769417e-14, 1.04974223758e-11, 9.88105647651e-13, -1.53067696593e-14, 7.06448644361e-15, 1.09707985155e-13, 3.56907157908e-14, 1.91469883432e-14, 1.55606694793e-14, 1.84231851373e-14, 1.63052622619e-14, 1.17256327311e-15, -1.67531523203e-16, 7.22139548544e-15, 9.4914107498e-15, 8.87329946797e-15, 4.69929178104e-15, 8.65220385758e-16, 1.67869669344e-15, -3.46069835892e-17, 2.51108575129e-17, -1.6531559971e-19, -2.35805452555e-18, -2.97208041362e-18], [-1.89701752977e-15, -1.96980046207e-13, -1.90733171444e-13, -1.0233405513e-13, 9.88105647651e-13, 4.539314237e-12, 6.99293054018e-14, 3.60108061534e-14, 1.66629625815e-14, -9.6765831635e-15, 2.07209195548e-14, 1.40870274451e-16, -4.49280124212e-15, 1.57742225789e-15, -3.66931072861e-15, -9.42518632585e-15, -1.86122954072e-15, -7.56217462781e-15, -9.6586540171e-15, -8.31884017103e-15, -7.77600544837e-16, 7.35454488253e-17, -1.5442608386e-16, 7.87419363997e-18, 4.364752402e-19, -1.16838672157e-18, -1.92377601857e-18], [2.79874541937e-17, -3.27390194219e-14, -1.89376475385e-14, 9.56867794228e-15, -1.53067696593e-14, 6.99293054018e-14, 9.27341862154e-13, 7.1526003165e-15, -3.73119622628e-15, 4.52229704693e-15, 1.2536592451e-14, 3.9519372475e-15, 5.94892584087e-15, -1.02868597876e-16, 5.63179924652e-15, 6.35895956168e-16, 6.27609750482e-16, -2.68982131016e-15, 4.06082391521e-16, 2.41665461404e-16, -5.31322168472e-16, -6.04918306926e-17, -4.1869860978e-17, 2.80957437164e-18, 1.79483531148e-18, 1.91600750014e-19, -5.49629851534e-20], [-1.26287278775e-16, -3.84466772451e-15, 3.48931394032e-14, -8.1059375927e-15, 7.06448644361e-15, 3.60108061534e-14, 7.1526003165e-15, 4.24393186609e-13, 6.02265768724e-14, 1.17329574486e-15, 2.74857384472e-15, 2.63276644138e-15, -4.43454967461e-16, 5.52467657786e-16, 6.48907599848e-16, 4.1004284759e-15, 2.55456507744e-16, 4.16267650368e-15, 3.34095607726e-15, 2.34225944558e-16, 1.13322505134e-15, 7.4283135113e-17, 2.52075797419e-17, 7.55991629239e-18, 3.32475321048e-18, 7.64736437919e-19, 6.87648529804e-19], [5.94442560776e-17, 4.0451854106e-14, 6.80617807123e-14, -1.55583282802e-14, 1.09707985155e-13, 1.66629625815e-14, -3.73119622628e-15, 6.02265768724e-14, 2.45080838219e-13, 4.77947615499e-15, 8.04346044251e-15, 5.63673829563e-15, 1.54312917611e-15, 2.81489562452e-16, -5.79194511888e-16, -2.83368286823e-15, 4.29635889624e-16, 3.86889213888e-17, 1.24334971064e-15, 5.83888609663e-16, 7.37613972282e-16, 1.7256655174e-16, 1.735778793e-17, 4.46654162926e-18, 1.98424230096e-18, -1.18379933882e-20, -1.56805139053e-19], [1.70607946868e-16, 3.76317934334e-14, 5.27081633547e-14, 7.69774818025e-15, 3.56907157908e-14, -9.6765831635e-15, 4.52229704693e-15, 1.17329574486e-15, 4.77947615499e-15, 5.82481111955e-14, 4.376093231e-15, -1.17517859322e-15, 1.69239713372e-15, -1.47459158459e-16, -1.46769316298e-16, 1.13762665805e-15, -7.15552390366e-17, 1.00739968345e-15, 6.16682390188e-16, -5.69040016218e-16, 3.38586782877e-16, -5.08545611339e-17, 1.26406895709e-17, -1.43998630582e-18, -2.86694751553e-19, -2.44974087901e-19, -3.48348787756e-19], [9.65192521384e-17, 1.6790723949e-14, 2.73825643285e-14, -3.33983629971e-15, 1.91469883432e-14, 2.07209195548e-14, 1.2536592451e-14, 2.74857384472e-15, 8.04346044251e-15, 4.376093231e-15, 4.9088351114e-14, 4.69331638711e-16, 2.78130150374e-16, -7.8428374067e-16, 5.12995975384e-17, 1.13061184882e-15, 5.9350529235e-16, 1.28047759994e-15, 5.14063289837e-16, 1.67052234904e-16, 6.63911186259e-19, -2.22939319872e-17, 5.67524771883e-18, 1.22908492473e-18, 4.89347746075e-19, -2.53802276386e-19, -3.13880197481e-19], [-2.11242175373e-17, 4.53426901061e-15, -3.12081899053e-15, 2.68097066289e-15, 1.55606694793e-14, 1.40870274451e-16, 3.9519372475e-15, 2.63276644138e-15, 5.63673829563e-15, -1.17517859322e-15, 4.69331638711e-16, 2.53943171152e-14, 8.28522206862e-16, 7.08957577127e-16, 4.66796627919e-16, -3.48823811319e-16, 5.37743895823e-16, 8.23338206406e-16, 5.57518779949e-16, 5.03661672305e-16, 4.73255995295e-16, 1.34934783717e-16, 1.21323085023e-17, 1.23447245545e-18, 8.85812828732e-19, -2.09127802466e-19, -2.25521281436e-19], [2.61476982186e-18, 3.43154328636e-15, 2.4751234455e-16, -1.88707293945e-16, 1.84231851373e-14, -4.49280124212e-15, 5.94892584087e-15, -4.43454967461e-16, 1.54312917611e-15, 1.69239713372e-15, 2.78130150374e-16, 8.28522206862e-16, 1.21249530734e-14, 4.05552572412e-16, -3.50132530162e-16, 4.11466185873e-16, 2.55660298577e-16, 1.50609062232e-16, 6.42288513821e-16, 1.59922864466e-16, 1.64577839907e-16, 2.297921142e-17, 9.34539040088e-19, 1.91063987345e-19, 5.75418176482e-20, -1.37874632521e-19, -1.72901802355e-19], [-7.66774755705e-18, 1.2519958418e-14, 5.40210678111e-15, 1.56111623838e-15, 1.63052622619e-14, 1.57742225789e-15, -1.02868597876e-16, 5.52467657786e-16, 2.81489562452e-16, -1.47459158459e-16, -7.8428374067e-16, 7.08957577127e-16, 4.05552572412e-16, 1.2122271367e-14, 1.15146494302e-17, -3.85758974152e-16, 9.08783501994e-17, 1.39096627164e-15, 8.80028956896e-16, 2.4589827033e-16, 4.43242732768e-16, 1.86536308797e-17, 1.39599682017e-17, 3.29285050862e-18, 1.35352825082e-18, -1.69624125027e-19, -2.15206636465e-19], [-2.26085501331e-17, -5.23189762794e-15, 3.23657350725e-16, 4.28584398806e-15, 1.17256327311e-15, -3.66931072861e-15, 5.63179924652e-15, 6.48907599848e-16, -5.79194511888e-16, -1.46769316298e-16, 5.12995975384e-17, 4.66796627919e-16, -3.50132530162e-16, 1.15146494302e-17, 1.04620385096e-14, 8.52046058813e-16, 1.03798117274e-16, 1.45657172626e-15, 6.3712076581e-16, 7.61274884751e-16, 7.54262881316e-16, 1.23196429081e-16, 1.97928504891e-17, 3.7448484651e-18, 1.78233475126e-18, -1.67456343136e-19, -1.9884495225e-19], [-6.34996074651e-18, -2.18530752271e-15, 2.62558593133e-15, 2.45488444026e-15, -1.67531523203e-16, -9.42518632585e-15, 6.35895956168e-16, 4.1004284759e-15, -2.83368286823e-15, 1.13762665805e-15, 1.13061184882e-15, -3.48823811319e-16, 4.11466185873e-16, -3.85758974152e-16, 8.52046058813e-16, 1.51157112136e-14, 5.54637756197e-16, 6.37268308361e-16, -5.00121868679e-16, -7.88673899201e-17, -2.67055211132e-17, -3.14585025673e-17, 9.17972990563e-19, -1.29129523989e-19, 1.52246016785e-19, -1.49364158305e-19, -1.78362758286e-19], [2.2733849798e-17, 8.858594976e-15, 1.20713519814e-14, 6.24001421891e-15, 7.22139548544e-15, -1.86122954072e-15, 6.27609750482e-16, 2.55456507744e-16, 4.29635889624e-16, -7.15552390366e-17, 5.9350529235e-16, 5.37743895823e-16, 2.55660298577e-16, 9.08783501994e-17, 1.03798117274e-16, 5.54637756197e-16, 6.1936946457e-15, 8.78793453463e-16, 5.80488619412e-16, 6.97420035473e-16, 2.72467443954e-16, 6.55699255603e-17, 1.13785782195e-17, 1.65505853836e-18, 7.20503626747e-19, -9.7782467776e-20, -1.57583942525e-19], [1.59884125944e-16, 2.73196890728e-14, 1.67824823184e-14, -1.17410296725e-15, 9.4914107498e-15, -7.56217462781e-15, -2.68982131016e-15, 4.16267650368e-15, 3.86889213888e-17, 1.00739968345e-15, 1.28047759994e-15, 8.23338206406e-16, 1.50609062232e-16, 1.39096627164e-15, 1.45657172626e-15, 6.37268308361e-16, 8.78793453463e-16, 1.6389384492e-14, 3.16369050437e-15, 2.94569281111e-15, 2.32637408381e-15, 3.47025322144e-16, 7.10449413905e-17, 1.00143555573e-17, 4.1731874017e-18, -2.09626356499e-20, -1.00488757171e-19], [9.97224461948e-17, 1.15864459479e-14, 7.36894015452e-15, 6.04772948131e-16, 8.87329946797e-15, -9.6586540171e-15, 4.06082391521e-16, 3.34095607726e-15, 1.24334971064e-15, 6.16682390188e-16, 5.14063289837e-16, 5.57518779949e-16, 6.42288513821e-16, 8.80028956896e-16, 6.3712076581e-16, -5.00121868679e-16, 5.80488619412e-16, 3.16369050437e-15, 1.00699782985e-14, 2.91419229107e-15, 2.09418583582e-15, 3.44900804694e-16, 6.56846389676e-17, 9.33285551267e-18, 4.38311053832e-18, 3.01098234302e-20, -6.03473428674e-20], [1.46628020615e-17, 8.93847822974e-16, -1.07037033622e-15, -1.85698421158e-15, 4.69929178104e-15, -8.31884017103e-15, 2.41665461404e-16, 2.34225944558e-16, 5.83888609663e-16, -5.69040016218e-16, 1.67052234904e-16, 5.03661672305e-16, 1.59922864466e-16, 2.4589827033e-16, 7.61274884751e-16, -7.88673899201e-17, 6.97420035473e-16, 2.94569281111e-15, 2.91419229107e-15, 9.19418773564e-15, 2.19272668429e-15, 9.94590321831e-16, 9.39987600201e-17, 9.88402167125e-18, 3.45758456158e-18, -1.61248973024e-20, -8.63405824257e-20], [3.80853773267e-17, 4.70516553101e-15, 2.79736527182e-15, -1.08929694331e-16, 8.65220385758e-16, -7.77600544837e-16, -5.31322168472e-16, 1.13322505134e-15, 7.37613972282e-16, 3.38586782877e-16, 6.63911186259e-19, 4.73255995295e-16, 1.64577839907e-16, 4.43242732768e-16, 7.54262881316e-16, -2.67055211132e-17, 2.72467443954e-16, 2.32637408381e-15, 2.09418583582e-15, 2.19272668429e-15, 1.86606779291e-15, 2.92749489057e-16, 4.79275494492e-17, 6.79507738748e-18, 3.09449694043e-18, 4.97714445326e-20, -6.96898131268e-21], [6.97351823678e-19, 7.9911968156e-16, 1.43307750723e-17, -2.9051048981e-16, 1.67869669344e-15, 7.35454488253e-17, -6.04918306926e-17, 7.4283135113e-17, 1.7256655174e-16, -5.08545611339e-17, -2.22939319872e-17, 1.34934783717e-16, 2.297921142e-17, 1.86536308797e-17, 1.23196429081e-16, -3.14585025673e-17, 6.55699255603e-17, 3.47025322144e-16, 3.44900804694e-16, 9.94590321831e-16, 2.92749489057e-16, 2.0497002213e-16, 1.50438974046e-17, 1.38309178932e-18, 4.22169746042e-19, -1.53714290645e-21, -1.07271285996e-20], [2.00870141129e-18, 2.73160422784e-16, 1.7468687373e-16, -4.2778505646e-17, -3.46069835892e-17, -1.5442608386e-16, -4.1869860978e-17, 2.52075797419e-17, 1.735778793e-17, 1.26406895709e-17, 5.67524771883e-18, 1.21323085023e-17, 9.34539040088e-19, 1.39599682017e-17, 1.97928504891e-17, 9.17972990563e-19, 1.13785782195e-17, 7.10449413905e-17, 6.56846389676e-17, 9.39987600201e-17, 4.79275494492e-17, 1.50438974046e-17, 2.36558062836e-18, 2.11080930988e-19, 8.4341209337e-20, 2.39413675618e-21, 7.84942349115e-22], [-2.41174252811e-19, -4.24325390092e-17, -2.7161669862e-17, -4.77076625085e-18, 2.51108575129e-17, 7.87419363997e-18, 2.80957437164e-18, 7.55991629239e-18, 4.46654162926e-18, -1.43998630582e-18, 1.22908492473e-18, 1.23447245545e-18, 1.91063987345e-19, 3.29285050862e-18, 3.7448484651e-18, -1.29129523989e-19, 1.65505853836e-18, 1.00143555573e-17, 9.33285551267e-18, 9.88402167125e-18, 6.79507738748e-18, 1.38309178932e-18, 2.11080930988e-19, 7.25013854886e-20, 2.21135605371e-20, 7.59782406782e-22, 1.17341620769e-22], [-1.04372079341e-19, -1.93419609546e-17, -1.31770731848e-17, 7.5408018028e-19, -1.6531559971e-19, 4.364752402e-19, 1.79483531148e-18, 3.32475321048e-18, 1.98424230096e-18, -2.86694751553e-19, 4.89347746075e-19, 8.85812828732e-19, 5.75418176482e-20, 1.35352825082e-18, 1.78233475126e-18, 1.52246016785e-19, 7.20503626747e-19, 4.1731874017e-18, 4.38311053832e-18, 3.45758456158e-18, 3.09449694043e-18, 4.22169746042e-19, 8.4341209337e-20, 2.21135605371e-20, 1.47515060669e-20, 7.21696656662e-22, 4.06154036378e-22], [-4.17622165528e-21, -9.77118782504e-19, -4.03985343497e-19, -5.27706540922e-19, -2.35805452555e-18, -1.16838672157e-18, 1.91600750014e-19, 7.64736437919e-19, -1.18379933882e-20, -2.44974087901e-19, -2.53802276386e-19, -2.09127802466e-19, -1.37874632521e-19, -1.69624125027e-19, -1.67456343136e-19, -1.49364158305e-19, -9.7782467776e-20, -2.09626356499e-20, 3.01098234302e-20, -1.61248973024e-20, 4.97714445326e-20, -1.53714290645e-21, 2.39413675618e-21, 7.59782406782e-22, 7.21696656662e-22, 5.9170040693e-22, 6.08254066113e-22], [-7.52729510662e-21, -8.37116189083e-19, -5.61987231952e-19, -1.02095501227e-18, -2.97208041362e-18, -1.92377601857e-18, -5.49629851534e-20, 6.87648529804e-19, -1.56805139053e-19, -3.48348787756e-19, -3.13880197481e-19, -2.25521281436e-19, -1.72901802355e-19, -2.15206636465e-19, -1.9884495225e-19, -1.78362758286e-19, -1.57583942525e-19, -1.00488757171e-19, -6.03473428674e-20, -8.63405824257e-20, -6.96898131268e-21, -1.07271285996e-20, 7.84942349115e-22, 1.17341620769e-22, 4.06154036378e-22, 6.08254066113e-22, 6.6062539303e-22]]
    },
    "mfcc": {
        "kurt": [86.5336685181, 23.5676136017, 0.302344322205, 0.761515140533, 0.93061208725, -0.0367827415466, 0.243057012558, 0.267515182495, 0.362703561783, -0.0171325206757, 0.116451025009, 0.0241222381592, 0.194959878922],
        "max": [-946.427429199, 137.257995605, 21.188659668, 44.2526893616, 32.8698616028, 0.972602844238, 19.2833900452, 17.4392185211, 11.5001564026, 13.5932865143, 11.8419685364, 10.9487304688, 16.8466033936],
        "mean": [-986.496032715, 114.336029053, 4.6908159256, 15.3990097046, 8.85626888275, -14.7948484421, -2.66278791428, -4.35750102997, -10.8031768799, -3.4450776577, -5.88285398483, -6.80372428894, -1.29630720615],
        "median": [-986.60736084, 114.254981995, 4.72978210449, 15.3081550598, 8.82809448242, -14.6757392883, -2.83406448364, -4.5016784668, -10.9651222229, -3.32810211182, -6.00259971619, -6.69134521484, -1.26802444458],
        "min": [-1116.03198242, 28.3696098328, -16.7733955383, -0.845958709717, -21.9143791199, -29.9598655701, -18.1853256226, -21.6035232544, -28.4951858521, -17.2158126831, -21.1326732635, -20.6556777954, -18.5834388733],
        "skew": [-4.46137285233, -1.722468853, -0.0292944628745, 0.270031511784, 0.00805991329253, -0.0243209563196, 0.213191390038, 0.0927738845348, 0.196957617998, 0.0667635798454, 0.171553462744, -0.0070748925209, -0.010623681359],
        "var": [49.4246101379, 41.5002479553, 29.1141929626, 31.8494148254, 28.5716228485, 25.577255249, 28.978553772, 27.959854126, 26.6946964264, 23.9951725006, 22.7560710907, 21.5367507935, 20.7669143677],
        "cov": [[49.4619674683, 35.6423149109, 5.8364315033, 12.6378927231, 5.43920230865, 3.05504965782, 9.40594673157, 6.18325233459, 5.65805196762, 4.02254104614, 1.96027481556, 3.52618312836, 0.889602959156], [35.6423149109, 41.5316162109, 21.1659851074, 8.63884353638, 7.83054161072, 5.88054275513, 5.75434064865, 7.44791507721, 4.85436248779, 2.75362443924, 2.68441796303, 1.49453687668, 0.654533565044], [5.8364315033, 21.1659851074, 29.1361999512, 15.8743190765, 7.82928466797, 6.94342279434, 5.24670410156, 5.02496862411, 4.27594280243, 2.8358540535, 2.19669723511, 1.22133994102, 0.60809135437], [12.6378927231, 8.63884353638, 15.8743190765, 31.8734874725, 17.9299316406, 8.31590461731, 10.5766057968, 6.29494380951, 5.83482217789, 4.93421983719, 2.49054479599, 3.8292760849, 1.88952851295], [5.43920230865, 7.83054161072, 7.82928466797, 17.9299316406, 28.5932178497, 17.8830471039, 6.45037412643, 6.77161884308, 4.38372802734, 1.95293307304, 2.44881010056, 1.84785294533, 1.68390190601], [3.05504965782, 5.88054275513, 6.94342279434, 8.31590461731, 17.8830471039, 25.5965881348, 16.8856220245, 6.51249694824, 5.62373018265, 3.69852185249, 1.73628461361, 2.48487186432, 1.24659621716], [9.40594673157, 5.75434064865, 5.24670410156, 10.5766057968, 6.45037412643, 16.8856220245, 29.0004577637, 18.5170307159, 8.20013332367, 6.41993665695, 4.27670860291, 3.50787997246, 1.7874828577], [6.18325233459, 7.44791507721, 5.02496862411, 6.29494380951, 6.77161884308, 6.51249694824, 18.5170307159, 27.9809875488, 17.6795291901, 6.46062326431, 5.45610380173, 4.12467288971, 1.25686848164], [5.65805196762, 4.85436248779, 4.27594280243, 5.83482217789, 4.38372802734, 5.62373018265, 8.20013332367, 17.6795291901, 26.7148723602, 16.3974208832, 5.32870149612, 5.64091110229, 2.54358577728], [4.02254104614, 2.75362443924, 2.8358540535, 4.93421983719, 1.95293307304, 3.69852185249, 6.41993665695, 6.46062326431, 16.3974208832, 24.0133094788, 14.9068241119, 5.2762260437, 2.94348978996], [1.96027481556, 2.68441796303, 2.19669723511, 2.49054479599, 2.44881010056, 1.73628461361, 4.27670860291, 5.45610380173, 5.32870149612, 14.9068241119, 22.7732715607, 13.3203306198, 2.55969452858], [3.52618312836, 1.49453687668, 1.22133994102, 3.8292760849, 1.84785294533, 2.48487186432, 3.50787997246, 4.12467288971, 5.64091110229, 5.2762260437, 13.3203306198, 21.553030014, 12.4874305725], [0.889602959156, 0.654533565044, 0.60809135437, 1.88952851295, 1.68390190601, 1.24659621716, 1.7874828577, 1.25686848164, 2.54358577728, 2.94348978996, 2.55969452858, 12.4874305725, 20.7826118469]]
    },
    "sccoeffs": {
        "kurt": [0.0263779163361, 0.314759254456, 0.378093481064, 0.512511253357, -0.0220046043396, 18.0734519958],
        "max": [-0.642341017723, -0.71150380373, -0.787371635437, -0.824139237404, -0.83000433445, -0.739879250526],
        "mean": [-0.778030335903, -0.845850348473, -0.880950272083, -0.882526218891, -0.868457257748, -0.812455534935],
        "median": [-0.78067946434, -0.848373174667, -0.882730722427, -0.883017063141, -0.869106352329, -0.812730431557],
        "min": [-0.888495445251, -0.966040432453, -0.941278576851, -0.960049510002, -0.896557807922, -0.934081375599],
        "skew": [0.286662936211, 0.372230261564, 0.459657967091, 0.0784145668149, 0.252673387527, -0.933225929737],
        "var": [0.00147546408698, 0.00110881368164, 0.000446481863037, 0.000223512804951, 0.000120169206639, 9.99246403808e-05],
        "cov": [[0.00147657934576, 6.05993554927e-05, -2.18816858251e-05, 1.05810522655e-05, 2.79123523796e-05, -7.03433079252e-06], [6.05993554927e-05, 0.00110965175554, -1.80642946361e-05, -4.70421400678e-06, -6.83292091708e-06, 1.29627505885e-06], [-2.18816858251e-05, -1.80642946361e-05, 0.000446819351055, 3.76904881705e-06, -2.44756688517e-06, 6.45019781587e-06], [1.05810522655e-05, -4.70421400678e-06, 3.76904881705e-06, 0.000223681752686, -1.31326396513e-06, 7.12536939318e-06], [2.79123523796e-05, -6.83292091708e-06, -2.44756688517e-06, -1.31326396513e-06, 0.000120260039694, 4.74154330732e-06], [-7.03433079252e-06, 1.29627505885e-06, 6.45019781587e-06, 7.12536939318e-06, 4.74154330732e-06, 0.000100000172097]]
    },
    "scvalleys": {
        "kurt": [0.943274259567, 0.626416921616, 6.73908901215, 2.13084697723, 26.6334934235, 14.9728927612],
        "max": [-7.24693632126, -7.32778692245, -8.40884876251, -9.04460811615, -9.19877338409, -12.1754837036],
        "mean": [-8.69741249084, -8.39803504944, -9.1384935379, -9.61791038513, -10.2209806442, -13.3520803452],
        "median": [-8.69006156921, -8.39298439026, -9.11882400513, -9.60678768158, -10.2199316025, -13.3532371521],
        "min": [-10.8007164001, -10.1484518051, -11.3871955872, -10.935918808, -12.1157913208, -13.6556377411],
        "skew": [-0.185795634985, -0.28866404295, -1.03273177147, -0.428742051125, -1.43373119831, 1.55010330677],
        "var": [0.144504934549, 0.0887802541256, 0.0547255910933, 0.0308628249913, 0.0197324026376, 0.0109894834459],
        "cov": [[0.144614160061, 0.00256765424274, 0.00557269155979, 0.00359589862637, 0.00806911382824, 0.000380972924177], [0.00256765424274, 0.088847361505, 0.00325370323844, 0.00342462491244, 0.00360255781561, 0.000874128832947], [0.00557269155979, 0.00325370323844, 0.0547669529915, 0.00292161200196, 0.00389914866537, -0.000189621205209], [0.00359589862637, 0.00342462491244, 0.00292161200196, 0.0308861527592, 0.00145078240894, 0.000608811096754], [0.00806911382824, 0.00360255781561, 0.00389914866537, 0.00145078240894, 0.0197473168373, 0.00220318278298], [0.000380972924177, 0.000874128832947, -0.000189621205209, 0.000608811096754, 0.00220318278298, 0.0109977899119]]
    }
},
"rhythm": {
    "beats_loudness": {
        "kurt": 1.03465604782,
        "max": 3.11073417834e-05,
        "mean": 1.77557358256e-05,
        "median": 1.62375963555e-05,
        "min": 1.12345805974e-05,
        "skew": 1.08814620972,
        "var": 2.06928970486e-11
    },
    "bpm": 164.848098755,
    "confidence": 0.301535606384,
    "first_peak_bpm": {
        "kurt": 0,
        "max": 167,
        "mean": 167,
        "median": 167,
        "min": 167,
        "skew": 0,
        "var": 0
    },
    "first_peak_spread": {
        "kurt": 0,
        "max": 0,
        "mean": 0,
        "median": 0,
        "min": 0,
        "skew": 0,
        "var": 0
    },
    "first_peak_weight": {
        "kurt": 0,
        "max": 0.145161285996,
        "mean": 0.145161285996,
        "median": 0.145161285996,
        "min": 0.145161285996,
        "skew": 0,
        "var": 0
    },
    "onset_rate": 0.0651296451688,
    "second_peak_bpm": {
        "kurt": 0,
        "max": 86,
        "mean": 86,
        "median": 86,
        "min": 86,
        "skew": 0,
        "var": 0
    },
    "second_peak_spread": {
        "kurt": 0,
        "max": 0.384615361691,
        "mean": 0.384615361691,
        "median": 0.384615361691,
        "min": 0.384615361691,
        "skew": 0,
        "var": 0
    },
    "second_peak_weight": {
        "kurt": 0,
        "max": 0.129032254219,
        "mean": 0.129032254219,
        "median": 0.129032254219,
        "min": 0.129032254219,
        "skew": 0,
        "var": 0
    },
    "beats_loudness_band_ratio": {
        "kurt": [-0.770621061325, -0.198734283447, -0.146161794662, 1.02907943726, -0.748187541962, -0.00569295883179],
        "max": [0.435144841671, 0.769534885883, 0.379477739334, 0.189879760146, 0.122085772455, 0.0556821413338],
        "mean": [0.212031856179, 0.455770999193, 0.194126531482, 0.0925632715225, 0.076732441783, 0.0295820888132],
        "median": [0.198501124978, 0.461135685444, 0.184279307723, 0.0878698304296, 0.0734623596072, 0.0275878515095],
        "min": [0.0516638420522, 0.139760270715, 0.0569176822901, 0.0506980344653, 0.0409787669778, 0.0129818888381],
        "skew": [0.319613784552, -0.0659624487162, 0.467391639948, 1.1244328022, 0.243919789791, 0.584271967411],
        "var": [0.00894565973431, 0.0170762911439, 0.00435857661068, 0.000909023860004, 0.000368794513633, 8.64681423991e-05],
        "cov": [[0.00908994488418, -0.00836742576212, -0.000430973246694, 6.88233703841e-05, 0.000222949660383, 1.54071276484e-05], [-0.00836742576212, 0.0173517148942, -0.00478002242744, -0.00170061783865, -0.00117932714056, -0.000650831032544], [-0.000430973246694, -0.00478002242744, 0.00442887609825, 0.00036457463284, 0.000242615031311, 0.000289352319669], [6.88233703841e-05, -0.00170061783865, 0.00036457463284, 0.000923685554881, 0.000163233082276, 0.000113135371066], [0.000222949660383, -0.00117932714056, 0.000242615031311, 0.000163233082276, 0.00037474281271, 7.63844727771e-05], [1.54071276484e-05, -0.000650831032544, 0.000289352319669, 0.000113135371066, 7.63844727771e-05, 8.78627906786e-05]]
    },
    "beats_position": [0.49922901392, 1.01006805897, 1.52090704441, 2.00852608681, 2.47292518616, 2.94893407822, 3.39011335373, 3.83129239082, 4.27247142792, 4.69043064117, 5.08516979218, 5.4915189743, 5.90947818756, 6.25777769089, 6.6176867485, 6.96598625183, 7.32589578629, 7.6858048439, 8.0224943161, 8.38240337372, 8.73070240021, 9.07900238037, 9.4040813446, 9.74077033997, 10.0658502579, 10.4373693466, 10.7972784042, 11.1687984467, 11.5287075043, 11.8886165619, 12.2485256195, 12.5968255997, 12.9683446884, 13.3398637772, 13.7113828659, 14.1061220169, 14.4892511368, 14.8491611481, 15.3135595322, 15.7895689011, 16.2307472229, 16.7183666229, 17.2408161163, 17.7748756409, 18.3089332581, 18.8313827515, 19.4351024628, 20.0388202667, 20.642539978, 21.3159179688, 21.9544658661, 22.6394557953, 23.312833786, 24.009431839, 24.7060317993, 25.4026298523, 26.0992279053, 26.7958278656, 27.4924259186, 28.1890239716, 28.8856239319, 29.5706119537, 30.2555999756],
    "bpm_estimates": [166.708786011, 166.708557129, 166.708786011, 166.708786011, 161.499099731, 166.708786011, 161.498687744, 166.708786011, 166.708786011, 166.708786011, 161.499099731, 161.499099731, 161.499099731, 166.708343506],
    "bpm_intervals": [0.510839045048, 0.510838985443, 0.487619042397, 0.46439909935, 0.476008892059, 0.441179275513, 0.441179037094, 0.441179037094, 0.417959213257, 0.394739151001, 0.406349182129, 0.417959213257, 0.348299503326, 0.359909057617, 0.348299503326, 0.359909534454, 0.359909057617, 0.336689472198, 0.359909057617, 0.348299026489, 0.348299980164, 0.325078964233, 0.336688995361, 0.325079917908, 0.371519088745, 0.359909057617, 0.371520042419, 0.359909057617, 0.359909057617, 0.359909057617, 0.348299980164, 0.371519088745, 0.371519088745, 0.371519088745, 0.394739151001, 0.383129119873, 0.359910011292, 0.464398384094, 0.476009368896, 0.441178321838, 0.487619400024, 0.522449493408, 0.534059524536, 0.534057617188, 0.522449493408, 0.603719711304, 0.603717803955, 0.603719711304, 0.673377990723, 0.638547897339, 0.684989929199, 0.673377990723, 0.696598052979, 0.696599960327, 0.696598052979, 0.696598052979, 0.696599960327, 0.696598052979, 0.696598052979, 0.696599960327, 0.684988021851, 0.684988021851],
    "onset_times": [0.0116099771112, 2.48453521729],
    "histogram": [[0, 0, 0, 0, 0, 0, 0, 0, 0, 0, 0, 0, 0, 0, 0, 0, 0, 0, 0, 0, 0, 0, 0, 0, 0, 0, 0, 0, 0, 0, 0, 0, 0, 0, 0, 0, 0, 0, 0, 0, 0, 0, 0, 0, 0, 0, 0, 0, 0, 0, 0, 0, 0, 0, 0, 0, 0, 0, 0, 0, 0, 0, 0, 0, 0, 0, 0, 0, 0, 0, 0, 0, 0, 0, 0, 0, 0, 0, 0, 0, 0, 0, 0, 0, 0, 0, 0.129032254219, 0, 0.0483870953321, 0.0322580635548, 0, 0, 0, 0, 0.0161290317774, 0, 0, 0, 0, 0.0483870953321, 0, 0, 0, 0, 0, 0, 0, 0, 0, 0, 0, 0, 0.0322580635548, 0, 0, 0.0322580635548, 0, 0.0322580635548, 0, 0, 0, 0, 0, 0.0322580635548, 0, 0, 0.0322580635548, 0, 0, 0.0322580635548, 0, 0, 0, 0, 0, 0, 0.0645161271095, 0, 0, 0, 0, 0, 0, 0, 0.0322580635548, 0, 0, 0, 0.0161290317774, 0, 0, 0, 0.0322580635548, 0, 0, 0, 0, 0.0161290317774, 0, 0, 0, 0.0806451588869, 0, 0, 0, 0, 0, 0.145161285996, 0, 0, 0, 0, 0.0806451588869, 0, 0, 0, 0, 0, 0.0322580635548, 0, 0, 0, 0, 0, 0, 0.0322580635548, 0, 0, 0, 0, 0, 0, 0, 0, 0, 0, 0, 0, 0, 0, 0, 0, 0, 0, 0, 0, 0, 0, 0, 0, 0, 0, 0, 0, 0, 0, 0, 0, 0, 0, 0, 0, 0, 0, 0, 0, 0, 0, 0, 0, 0, 0, 0, 0, 0, 0, 0, 0, 0, 0, 0, 0, 0, 0, 0, 0, 0, 0, 0, 0]]
},
"sfx": {
    "inharmonicity": {
        "kurt": 1.24823474884,
        "max": 0.399854212999,
        "mean": 0.100954905152,
        "median": 0.0796707645059,
        "min": 0,
        "skew": 1.30338335037,
        "var": 0.00567383691669
    },
    "oddtoevenharmonicenergyratio": {
        "kurt": 42.0793495178,
        "max": 12.0550355911,
        "mean": 0.757005155087,
        "median": 0.481326878071,
        "min": 0,
        "skew": 5.08903741837,
        "var": 0.927393257618
    },
    "pitch_after_max_to_before_max_energy_ratio": 0.162711888552,
    "pitch_centroid": 661.817871094,
    "pitch_max_to_total": 0.996978878975,
    "pitch_min_to_total": 0.741691827774,
    "tristimulus": {
        "kurt": [0.707813501358, 0.299956560135, 3.14276790619],
        "max": [1, 0.732586205006, 0.904700934887],
        "mean": [0.243859604001, 0.340839534998, 0.415300726891],
        "median": [0.254856407642, 0.326755940914, 0.405707657337],
        "min": [0, 0, 0],
        "skew": [-0.0411542914808, 0.583745777607, 0.810646235943],
        "var": [0.0179954580963, 0.0116263879463, 0.00728228641674],
        "cov": [[0.0180090609938, -0.0111782345921, -0.0068308506161], [-0.0111782345921, 0.0116351759061, -0.000456939131254], [-0.0068308506161, -0.000456939131254, 0.00728779099882]]
    }
},
"tonal": {
    "chords_changes_rate": 0.19457013905,
    "chords_number_rate": 0.0150829562917,
    "chords_strength": {
        "kurt": -0.247811079025,
        "max": 0.545026838779,
