{
"metadata": {
    "version": {
        "essentia": "2.1-beta3"
    }
},
"lowLevel": {
    "average_loudness": 0.979638755322,
    "barkbands_kurtosis": {
        "kurt": 4.81541347504,
        "max": 28.1808071136,
        "mean": 6.10224103928,
        "median": 5.47478199005,
        "min": -0.796795606613,
        "skew": 1.59607434273,
        "var": 11.8687009811
    },
    "barkbands_skewness": {
        "kurt": 7.71532154083,
        "max": 4.71573925018,
        "mean": 2.22058224678,
        "median": 2.16784715652,
        "min": -1.93682658672,
        "skew": -0.515388727188,
        "var": 0.34229823947
    },
    "barkbands_spread": {
        "kurt": 2.11892223358,
        "max": 28.8544960022,
        "mean": 10.5758008957,
        "median": 10.0528678894,
        "min": 1.48844122887,
        "skew": 1.05601656437,
        "var": 11.0096788406
    },
    "dissonance": {
        "kurt": 0.777477502823,
        "max": 0.500000059605,
        "mean": 0.459425270557,
        "median": 0.462849289179,
        "min": 0.350872427225,
        "skew": -0.81818407774,
        "var": 0.000523386057466
    },
    "hfc": {
        "kurt": 4.07749128342,
        "max": 1.08626723289,
        "mean": 0.310832202435,
        "median": 0.301565945148,
        "min": 1.14396881724e-16,
        "skew": 0.708770573139,
        "var": 0.0145906005055
    },
    "pitch": {
        "kurt": 10.1915426254,
        "max": 619.709899902,
        "mean": 192.187454224,
        "median": 189.877639771,
        "min": 63.8651390076,
        "skew": 2.67121529579,
        "var": 5667.07666016
    },
    "pitch_instantaneous_confidence": {
        "kurt": 0.403395175934,
        "max": 0.688598036766,
        "mean": 0.312248110771,
        "median": 0.298400849104,
        "min": 0.107286572456,
        "skew": 0.661626040936,
        "var": 0.00772762205452
    },
    "pitch_salience": {
        "kurt": -0.119965076447,
        "max": 0.861968517303,
        "mean": 0.61360925436,
        "median": 0.625513672829,
        "min": 0.274944126606,
        "skew": -0.459167569876,
        "var": 0.0108432583511
    },
    "silence_rate_20dB": {
        "kurt": 0,
        "max": 1,
        "mean": 1,
        "median": 1,
        "min": 1,
        "skew": 0,
        "var": 0
    },
    "silence_rate_30dB": {
        "kurt": 0,
        "max": 1,
        "mean": 1,
        "median": 1,
        "min": 1,
        "skew": 0,
        "var": 0
    },
    "silence_rate_60dB": {
        "kurt": 0,
        "max": 1,
        "mean": 1,
        "median": 1,
        "min": 1,
        "skew": 0,
        "var": 0
    },
    "spectral_centroid": {
        "kurt": 265.630249023,
        "max": 10858.1484375,
        "mean": 498.987213135,
        "median": 446.498199463,
        "min": 91.4769287109,
        "skew": 16.0935306549,
        "var": 364901.34375
    },
    "spectral_complexity": {
        "kurt": 0.0571706295013,
        "max": 7,
        "mean": 2.77003479004,
        "median": 3,
        "min": 0,
        "skew": 0.0172244086862,
        "var": 1.48195099831
    },
    "spectral_crest": {
        "kurt": 0.0402140617371,
        "max": 20.1309375763,
        "mean": 9.16291713715,
        "median": 8.77652168274,
        "min": 4.06206607819,
        "skew": 0.634154856205,
        "var": 7.52272891998
    },
    "spectral_decrease": {
        "kurt": 2.47121286392,
        "max": 1.45796351427e-28,
        "mean": -1.79719669702e-10,
        "median": -1.68121197519e-10,
        "min": -6.12003114853e-10,
        "skew": -0.984014570713,
        "var": 7.2017971122e-21
    },
    "spectral_energy": {
        "kurt": 2.44373130798,
        "max": 0.00238225096837,
        "mean": 0.000706496357452,
        "median": 0.000662531238049,
        "min": 1.02324059308e-20,
        "skew": 0.959457755089,
        "var": 1.08568343649e-07
    },
    "spectral_energyband_high": {
        "kurt": 7.15598773956,
        "max": 1.46624279296e-05,
        "mean": 2.55297959484e-06,
        "median": 2.21534173761e-06,
        "min": 7.35717943597e-21,
        "skew": 1.93173289299,
        "var": 2.36362058398e-12
    },
    "spectral_energyband_low": {
        "kurt": 5.33930587769,
        "max": 0.000965487561189,
        "mean": 0.000136783346534,
        "median": 0.000100130884675,
        "min": 2.44697994814e-23,
        "skew": 1.92336177826,
        "var": 1.60344519884e-08
    },
    "spectral_energyband_middle_high": {
        "kurt": 4.81742238998,
        "max": 0.000222464470426,
        "mean": 6.03447515459e-05,
        "median": 5.74213263462e-05,
        "min": 1.27868097385e-21,
        "skew": 1.12492418289,
        "var": 6.51079912206e-10
    },
    "spectral_energyband_middle_low": {
        "kurt": 2.68727588654,
        "max": 0.00214568711817,
        "mean": 0.000598384242039,
        "median": 0.000558339525014,
        "min": 2.79999400415e-22,
        "skew": 1.09466159344,
        "var": 8.96813432405e-08
    },
    "spectral_flatness_db": {
        "kurt": 2.92658376694,
        "max": 0.323890537024,
        "mean": 0.20613270998,
        "median": 0.20650473237,
        "min": 0.0676616504788,
        "skew": -0.327236622572,
        "var": 0.00057568209013
    },
    "spectral_flux": {
        "kurt": 1.77503299713,
        "max": 0.0348363257945,
        "mean": 0.0158393587917,
        "median": 0.01558310166,
        "min": 6.67772157015e-11,
        "skew": -0.000783571507782,
        "var": 2.11415863305e-05
    },
    "spectral_kurtosis": {
        "kurt": 1.35146379471,
        "max": 24.6247348785,
        "mean": 11.8514080048,
        "median": 11.4345788956,
        "min": -1.22954821587,
        "skew": 0.352387756109,
        "var": 8.54070663452
    },
    "spectral_rms": {
        "kurt": 2.56371688843,
        "max": 0.00152451545,
        "mean": 0.000803686445579,
        "median": 0.00080397259444,
        "min": 3.15956245542e-12,
        "skew": -0.594308912754,
        "var": 4.33515943143e-08
    },
    "spectral_rolloff": {
        "kurt": 267.576049805,
        "max": 19530.6152344,
        "mean": 688.350524902,
        "median": 602.9296875,
        "min": 129.19921875,
        "skew": 16.20911026,
        "var": 1212375.25
    },
    "spectral_skewness": {
        "kurt": 9.5507144928,
        "max": 3.97847986221,
        "mean": 2.59643244743,
        "median": 2.59999418259,
        "min": 0.0294800121337,
        "skew": -1.20860517025,
        "var": 0.116911448538
    },
    "spectral_spread": {
        "kurt": 264.92666626,
        "max": 40856944,
        "mean": 2990452.5,
        "median": 2800433,
        "min": 2248967,
        "skew": 16.1275310516,
        "var": 5.08547930522e+12
    },
    "spectral_strongpeak": {
        "kurt": 2.02829742432,
        "max": 0.334107130766,
        "mean": 0.0917225852609,
        "median": 0.0825067311525,
        "min": 0,
        "skew": 1.16446781158,
        "var": 0.00270071998239
    },
    "zerocrossingrate": {
        "kurt": 220.464630127,
        "max": 0.505859375,
        "mean": 0.0335051119328,
        "median": 0.03125,
        "min": 0.0087890625,
        "skew": 14.4412078857,
        "var": 0.000855549005792
    },
    "barkbands": {
        "kurt": [6.69809341431, 6.7364320755, 6.49758243561, 4.87673568726, 5.82183170319, 14.6757125854, 5.20533943176, 5.37839794159, 8.39922428131, 10.4971818924, 2.51174592972, 3.40732192993, 6.7850189209, 2.20659065247, 1.38354349136, 5.6464176178, 16.931810379, 8.3724937439, 6.08264732361, 6.95615768433, 4.11819887161, 4.67015266418, 14.1196460724, 1.61071014404, 2.85382556915, 3.40897607803, 11.7847795486],
        "max": [3.51518821162e-07, 3.93751979573e-05, 0.000325066357618, 0.00116002094001, 0.00101096520666, 0.000564590736758, 0.000417382223532, 0.000358352292096, 0.000199375019292, 0.000107505293272, 2.79932628473e-05, 1.98558191187e-05, 2.57247793343e-05, 1.40823312904e-05, 2.07224002224e-05, 2.18582499656e-05, 3.61522652383e-05, 4.04674137826e-05, 3.9582089812e-05, 1.70191797224e-05, 3.87086038245e-06, 3.86678891573e-07, 1.26181646465e-07, 3.55792586504e-08, 2.53940264372e-08, 8.11016753755e-10, 2.84730516942e-10],
        "mean": [4.6958781752e-08, 5.2216023505e-06, 4.34143075836e-05, 0.000185596436495, 0.000177744514076, 6.29779024166e-05, 7.03504774719e-05, 6.51013397146e-05, 2.98852355627e-05, 1.57328468049e-05, 6.32532328382e-06, 4.36446998719e-06, 4.46739386462e-06, 3.5841612771e-06, 5.44562362848e-06, 4.36260552306e-06, 4.78914580526e-06, 5.8549339883e-06, 7.19026547813e-06, 3.01405248138e-06, 8.73332623996e-07, 1.06108252851e-07, 2.32309460557e-08, 1.48239971409e-08, 9.40933553295e-09, 4.09407036051e-10, 3.37312469623e-11],
        "median": [3.1564894698e-08, 3.59903788194e-06, 2.99785424431e-05, 0.000139463780215, 0.000144024146721, 4.89035228384e-05, 5.88857546973e-05, 5.40323744644e-05, 2.59786738752e-05, 1.31480201162e-05, 5.44735394215e-06, 3.94705057261e-06, 4.03481226385e-06, 3.30216084876e-06, 4.82332370666e-06, 3.80837400371e-06, 3.86700276067e-06, 4.7960320444e-06, 6.16206716586e-06, 2.55147506323e-06, 7.7226798112e-07, 9.9232615014e-08, 2.17013145232e-08, 1.451941678e-08, 9.19371423436e-09, 4.06076422488e-10, 2.120441496e-11],
        "min": [1.06516180386e-24, 7.62072687715e-24, 6.96881301394e-24, 7.54329939045e-24, 3.45540419356e-23, 2.03584931016e-23, 2.89638706386e-23, 1.46413246652e-23, 6.25155795972e-23, 4.00157803663e-23, 4.36250146452e-23, 4.68046447415e-23, 8.00131771182e-23, 7.59939181843e-23, 6.44076656338e-23, 1.21820697259e-22, 9.08784486666e-23, 1.33298875865e-22, 2.04740403983e-22, 2.72293882824e-22, 2.79263677181e-22, 5.03193444538e-22, 3.52024723468e-22, 6.61101637824e-22, 1.05739874991e-21, 1.56736821932e-21, 2.11340668124e-21],
        "skew": [2.17983412743, 2.21910762787, 2.11189079285, 1.88392531872, 1.8853584528, 2.74158501625, 1.67758250237, 1.82709228992, 1.93137967587, 2.39066934586, 1.29918646812, 1.30854392052, 1.66989886761, 1.06313610077, 1.03505444527, 1.7188744545, 3.03518772125, 2.2076792717, 1.84890198708, 2.04637980461, 1.53851544857, 1.38776493073, 2.06757426262, 0.222851261497, 0.272697269917, -0.465335339308, 2.94581794739],
        "var": [2.43656904684e-15, 2.65979287206e-11, 1.88086590747e-09, 2.84986292343e-08, 1.83614954352e-08, 2.98477464966e-09, 2.48567699757e-09, 2.31414865048e-09, 4.04389660646e-10, 1.30770366757e-10, 1.60835286062e-11, 6.53362476968e-12, 6.79598998604e-12, 3.87895097986e-12, 9.68083339187e-12, 6.93307520769e-12, 1.31748969373e-11, 1.68402496808e-11, 2.09604729406e-11, 3.93455320408e-12, 2.46459645227e-13, 2.17808953145e-15, 9.33800553916e-17, 2.24620084702e-17, 7.70126243392e-18, 1.01397891672e-20, 1.08564809874e-21],
        "cov": [[2.43869340547e-15, 5.30312793191e-14, 7.92078940414e-14, 2.79702178302e-13, 1.26856356908e-13, 1.58078086211e-13, 1.17787452968e-13, 4.98995376269e-14, 1.98398206365e-14, 2.5951678347e-14, 1.30819596963e-14, 3.0643038935e-15, 1.07126120312e-14, 1.27132445603e-15, 6.55164992218e-15, 3.36224603863e-15, 2.43632277201e-15, 8.14150111802e-15, 1.109101553e-14, -1.11126889856e-15, 5.59387122872e-16, 9.96018829661e-17, 3.11870218902e-17, 7.56431689325e-18, 6.20515285412e-18, 2.00554036642e-19, 4.67453496644e-20], [5.30312793191e-14, 2.6621118504e-11, 3.27976187875e-11, 8.23048157406e-11, 5.41404941712e-11, 1.63389839852e-11, 1.72957967393e-11, 1.43196600411e-11, 4.34790745074e-12, 4.9729812282e-12, 1.22254192447e-12, 1.35881692183e-12, 1.85904438545e-12, 6.42520975661e-13, 1.42482705322e-12, 1.20515815209e-12, 3.66706583719e-13, 1.24529672598e-12, 1.74183714327e-12, 5.35794390626e-13, 2.12704935046e-13, 2.99374545607e-14, 5.29339094936e-15, 2.6451149112e-15, 1.57944656076e-15, 4.30140105839e-17, -5.11852590507e-19], [7.92078940414e-14, 3.27976187875e-11, 1.88250570687e-09, 3.63816399229e-09, 2.41714953608e-10, 2.4732410564e-10, 1.90073054518e-10, 3.17001952466e-10, 1.09086274735e-10, 3.62989603653e-11, 1.2260468682e-11, 9.92345528666e-12, 1.10639830631e-11, 1.24332358645e-11, 1.56584051281e-11, 1.54637934402e-11, 1.04917576363e-11, 9.33727140745e-12, 2.46187029096e-11, 5.15105189405e-12, 1.49107429962e-12, 2.13372329245e-13, 5.04960216165e-14, 2.1090410573e-14, 1.634799338e-14, 4.13119911823e-16, 8.81620809736e-17], [2.79702178302e-13, 8.23048157406e-11, 3.63816399229e-09, 2.85234769137e-08, 8.211099356e-09, 9.03037422617e-10, 1.2318909226e-09, 8.89400497694e-10, 2.68504579681e-10, 9.66218285936e-11, 2.64369168917e-11, 5.77616600383e-11, 6.00063540523e-11, 5.07592787247e-11, 8.56753695766e-11, 7.16534817591e-11, 6.63185756311e-11, 5.79958130131e-11, 7.90820464669e-11, 3.31606270221e-11, 9.09096495999e-12, 9.59414622401e-13, 2.11896662326e-13, 9.88921604653e-14, 5.75332289405e-14, 1.62686950025e-15, 3.7274396881e-16], [1.26856356908e-13, 5.41404941712e-11, 2.41714953608e-10, 8.211099356e-09, 1.83775039631e-08, 6.79800937764e-10, 4.71496064414e-10, 7.19436510366e-10, 2.86150853013e-10, 1.63351693283e-10, 4.77251085873e-11, 4.95195516537e-11, 4.89107712665e-11, 3.69834336766e-11, 6.91451965129e-11, 7.07143996137e-11, 7.30754692868e-11, 5.95168775375e-11, 1.03734187906e-10, 4.19294252096e-11, 1.18728317108e-11, 1.19183948735e-12, 2.37718536262e-13, 9.8286118556e-14, 6.10926375677e-14, 1.7866249963e-15, 2.30894272809e-16], [1.58078086211e-13, 1.63389839852e-11, 2.4732410564e-10, 9.03037422617e-10, 6.79800937764e-10, 2.98737679039e-09, 1.12744114045e-09, 6.28926799529e-10, 2.36639957629e-10, 1.71578862229e-10, 4.54251462834e-11, 3.51200561688e-11, 2.97329869059e-11, 3.3275347755e-11, 4.20012531699e-11, 4.10615569324e-11, 6.09648373451e-11, 5.6465512821e-11, 7.36640262677e-11, 3.03858223305e-11, 7.75873809644e-12, 6.97275950087e-13, 1.08242062503e-13, 5.89276552359e-14, 3.81399318866e-14, 6.7273267789e-16, 1.12447369222e-16], [1.17787452968e-13, 1.72957967393e-11, 1.90073054518e-10, 1.2318909226e-09, 4.71496064414e-10, 1.12744114045e-09, 2.48784415291e-09, 8.54068427092e-10, 1.85518489459e-10, 1.01099087435e-10, 3.45279187186e-11, 3.1621493618e-11, 3.08967469664e-11, 2.26154563826e-11, 4.058166303e-11, 3.25233034948e-11, 4.93287910519e-11, 5.36448004074e-11, 6.22045054355e-11, 2.72346173391e-11, 7.35759023152e-12, 6.17280694875e-13, 1.24439602503e-13, 6.79496742076e-14, 3.31012513677e-14, 8.6998330496e-16, 1.63792865358e-16], [4.98995376269e-14, 1.43196600411e-11, 3.17001952466e-10, 8.89400497694e-10, 7.19436510366e-10, 6.28926799529e-10, 8.54068427092e-10, 2.31616614776e-09, 2.63189497973e-10, 1.23344973124e-10, 4.19739451529e-11, 2.39077004721e-11, 2.33949006001e-11, 2.0457456909e-11, 4.13317019499e-11, 3.22406094877e-11, 4.95060797912e-11, 5.5629643253e-11, 6.66680599615e-11, 2.58620503485e-11, 6.63947456042e-12, 6.8096851942e-13, 1.22748518164e-13, 6.63348702682e-14, 3.66315220616e-14, 6.93558359327e-16, 2.92740244486e-17], [1.98398206365e-14, 4.34790745074e-12, 1.09086274735e-10, 2.68504579681e-10, 2.86150853013e-10, 2.36639957629e-10, 1.85518489459e-10, 2.63189497973e-10, 4.04742211968e-10, 6.7955398253e-11, 1.60903269875e-11, 1.39973050511e-11, 1.12572165131e-11, 1.01176914069e-11, 1.62380751206e-11, 1.29754046049e-11, 1.37540230941e-11, 2.10229490066e-11, 2.56434821294e-11, 1.15435890014e-11, 2.81376744821e-12, 2.13437015457e-13, 5.57073443906e-14, 2.71797626181e-14, 1.74299644677e-14, 2.94932266492e-16, 2.6492295458e-17], [2.5951678347e-14, 4.9729812282e-12, 3.62989603653e-11, 9.66218285936e-11, 1.63351693283e-10, 1.71578862229e-10, 1.01099087435e-10, 1.23344973124e-10, 6.7955398253e-11, 1.30884372784e-10, 1.07999902424e-11, 6.03287949111e-12, 7.20132981025e-12, 5.21084867963e-12, 9.03964316595e-12, 7.80799470218e-12, 1.0504788879e-11, 1.38251068579e-11, 1.77878926866e-11, 6.67461962436e-12, 1.92268770349e-12, 1.68943987489e-13, 3.36176534744e-14, 1.83135113113e-14, 1.03439553404e-14, 1.81425378167e-16, 1.8689181448e-17], [1.30819596963e-14, 1.22254192447e-12, 1.2260468682e-11, 2.64369168917e-11, 4.77251085873e-11, 4.54251462834e-11, 3.45279187186e-11, 4.19739451529e-11, 1.60903269875e-11, 1.07999902424e-11, 1.60975521107e-11, 2.17086613442e-12, 2.14726326997e-12, 1.83747526743e-12, 3.22878811361e-12, 3.01432294923e-12, 3.31424232676e-12, 3.93959821363e-12, 4.94427805989e-12, 2.28107203265e-12, 6.05985801903e-13, 5.02821220804e-14, 1.11396148924e-14, 5.95588633411e-15, 3.11674878546e-15, 7.66662424577e-17, 1.07508134818e-17], [3.0643038935e-15, 1.35881692183e-12, 9.92345528666e-12, 5.77616600383e-11, 4.95195516537e-11, 3.51200561688e-11, 3.1621493618e-11, 2.39077004721e-11, 1.39973050511e-11, 6.03287949111e-12, 2.17086613442e-12, 6.53932073422e-12, 2.48533181882e-12, 1.24315401723e-12, 2.19465396377e-12, 1.92206450408e-12, 2.08414448893e-12, 2.99275296385e-12, 3.57332674734e-12, 1.60866795145e-12, 4.61439100905e-13, 3.74585243737e-14, 6.84893646381e-15, 3.69958156856e-15, 2.01294288245e-15, 4.86386005212e-17, 7.75503909991e-18], [1.07126120312e-14, 1.85904438545e-12, 1.10639830631e-11, 6.00063540523e-11, 4.89107712665e-11, 2.97329869059e-11, 3.08967469664e-11, 2.33949006001e-11, 1.12572165131e-11, 7.20132981025e-12, 2.14726326997e-12, 2.48533181882e-12, 6.80191493407e-12, 1.52229997271e-12, 2.68138094194e-12, 2.18566592776e-12, 2.72668042658e-12, 3.97188488696e-12, 4.6582811393e-12, 1.95053847206e-12, 4.58757652092e-13, 3.85074188248e-14, 8.9022561363e-15, 4.23603082746e-15, 2.04544247784e-15, 4.75793990555e-17, 7.25762561908e-18], [1.27132445603e-15, 6.42520975661e-13, 1.24332358645e-11, 5.07592787247e-11, 3.69834336766e-11, 3.3275347755e-11, 2.26154563826e-11, 2.0457456909e-11, 1.01176914069e-11, 5.21084867963e-12, 1.83747526743e-12, 1.24315401723e-12, 1.52229997271e-12, 3.88233282328e-12, 2.25108386792e-12, 2.03915118298e-12, 2.23421086319e-12, 2.68012890527e-12, 3.5960613827e-12, 1.52631911016e-12, 3.87641145311e-13, 3.19137823264e-14, 6.56072122153e-15, 3.42143246582e-15, 1.81174757e-15, 4.02785640028e-17, 6.23443628857e-18], [6.55164992218e-15, 1.42482705322e-12, 1.56584051281e-11, 8.56753695766e-11, 6.91451965129e-11, 4.20012531699e-11, 4.058166303e-11, 4.13317019499e-11, 1.62380751206e-11, 9.03964316595e-12, 3.22878811361e-12, 2.19465396377e-12, 2.68138094194e-12, 2.25108386792e-12, 9.68927282158e-12, 3.90851934151e-12, 4.57670056367e-12, 5.84017513169e-12, 6.34528670926e-12, 2.74860125979e-12, 6.4742140685e-13, 7.00758895356e-14, 1.36644439253e-14, 6.55838976334e-15, 3.5465089507e-15, 5.53046307021e-17, 7.63519469122e-18], [3.36224603863e-15, 1.20515815209e-12, 1.54637934402e-11, 7.16534817591e-11, 7.07143996137e-11, 4.10615569324e-11, 3.25233034948e-11, 3.22406094877e-11, 1.29754046049e-11, 7.80799470218e-12, 3.01432294923e-12, 1.92206450408e-12, 2.18566592776e-12, 2.03915118298e-12, 3.90851934151e-12, 6.93911941796e-12, 5.08158098933e-12, 5.4286033134e-12, 6.61336567107e-12, 2.95765755637e-12, 6.76609430376e-13, 6.18285126873e-14, 1.20659597697e-14, 5.6133063997e-15, 3.24289655527e-15, 5.60443849413e-17, 7.58686583675e-18], [2.43632277201e-15, 3.66706583719e-13, 1.04917576363e-11, 6.63185756311e-11, 7.30754692868e-11, 6.09648373451e-11, 4.93287910519e-11, 4.95060797912e-11, 1.37540230941e-11, 1.0504788879e-11, 3.31424232676e-12, 2.08414448893e-12, 2.72668042658e-12, 2.23421086319e-12, 4.57670056367e-12, 5.08158098933e-12, 1.31863834088e-11, 9.48247383392e-12, 1.00233250519e-11, 4.12650729559e-12, 9.05152038391e-13, 9.20171396219e-14, 1.74515062096e-14, 7.89659001165e-15, 3.55394738229e-15, 4.99222359394e-17, 6.97355442593e-18], [8.14150111802e-15, 1.24529672598e-12, 9.33727140745e-12, 5.79958130131e-11, 5.95168775375e-11, 5.6465512821e-11, 5.36448004074e-11, 5.5629643253e-11, 2.10229490066e-11, 1.38251068579e-11, 3.93959821363e-12, 2.99275296385e-12, 3.97188488696e-12, 2.68012890527e-12, 5.84017513169e-12, 5.4286033134e-12, 9.48247383392e-12, 1.68549323804e-11, 1.23613567299e-11, 4.6436483131e-12, 1.06861785046e-12, 1.07973471743e-13, 1.94873498984e-14, 8.4266234195e-15, 3.98591893879e-15, 5.05288670396e-17, 1.91268621489e-18], [1.109101553e-14, 1.74183714327e-12, 2.46187029096e-11, 7.90820464669e-11, 1.03734187906e-10, 7.36640262677e-11, 6.22045054355e-11, 6.66680599615e-11, 2.56434821294e-11, 1.77878926866e-11, 4.94427805989e-12, 3.57332674734e-12, 4.6582811393e-12, 3.5960613827e-12, 6.34528670926e-12, 6.61336567107e-12, 1.00233250519e-11, 1.23613567299e-11, 2.09787482525e-11, 6.11154399657e-12, 1.26867754583e-12, 1.27023608645e-13, 2.48419516837e-14, 1.05410717657e-14, 5.10855226665e-15, 7.88224971739e-17, 7.09216881705e-18], [-1.11126889856e-15, 5.35794390626e-13, 5.15105189405e-12, 3.31606270221e-11, 4.19294252096e-11, 3.03858223305e-11, 2.72346173391e-11, 2.58620503485e-11, 1.15435890014e-11, 6.67461962436e-12, 2.28107203265e-12, 1.60866795145e-12, 1.95053847206e-12, 1.52631911016e-12, 2.74860125979e-12, 2.95765755637e-12, 4.12650729559e-12, 4.6436483131e-12, 6.11154399657e-12, 3.93798318607e-12, 6.78213182229e-13, 5.86441905779e-14, 1.1811322184e-14, 5.43162122064e-15, 2.56189837106e-15, 4.04627936688e-17, 4.17867533147e-18], [5.59387122872e-16, 2.12704935046e-13, 1.49107429962e-12, 9.09096495999e-12, 1.18728317108e-11, 7.75873809644e-12, 7.35759023152e-12, 6.63947456042e-12, 2.81376744821e-12, 1.92268770349e-12, 6.05985801903e-13, 4.61439100905e-13, 4.58757652092e-13, 3.87641145311e-13, 6.4742140685e-13, 6.76609430376e-13, 9.05152038391e-13, 1.06861785046e-12, 1.26867754583e-12, 6.78213182229e-13, 2.46674506993e-13, 1.43163187875e-14, 2.95321086379e-15, 1.35739179144e-15, 6.46529131332e-16, 1.2050176085e-17, 1.40156428336e-18], [9.96018829661e-17, 2.99374545607e-14, 2.13372329245e-13, 9.59414622401e-13, 1.19183948735e-12, 6.97275950087e-13, 6.17280694875e-13, 6.8096851942e-13, 2.13437015457e-13, 1.68943987489e-13, 5.02821220804e-14, 3.74585243737e-14, 3.85074188248e-14, 3.19137823264e-14, 7.00758895356e-14, 6.18285126873e-14, 9.20171396219e-14, 1.07973471743e-13, 1.27023608645e-13, 5.86441905779e-14, 1.43163187875e-14, 2.17998836756e-15, 2.95873267157e-16, 1.3007524982e-16, 6.95427813981e-17, 1.31221264718e-18, 1.73012877202e-19], [3.11870218902e-17, 5.29339094936e-15, 5.04960216165e-14, 2.11896662326e-13, 2.37718536262e-13, 1.08242062503e-13, 1.24439602503e-13, 1.22748518164e-13, 5.57073443906e-14, 3.36176534744e-14, 1.11396148924e-14, 6.84893646381e-15, 8.9022561363e-15, 6.56072122153e-15, 1.36644439253e-14, 1.20659597697e-14, 1.74515062096e-14, 1.94873498984e-14, 2.48419516837e-14, 1.1811322184e-14, 2.95321086379e-15, 2.95873267157e-16, 9.34614698163e-17, 2.93989551909e-17, 1.5469597635e-17, 2.86622502496e-19, 2.82186365183e-20], [7.56431689325e-18, 2.6451149112e-15, 2.1090410573e-14, 9.88921604653e-14, 9.8286118556e-14, 5.89276552359e-14, 6.79496742076e-14, 6.63348702682e-14, 2.71797626181e-14, 1.83135113113e-14, 5.95588633411e-15, 3.69958156856e-15, 4.23603082746e-15, 3.42143246582e-15, 6.55838976334e-15, 5.6133063997e-15, 7.89659001165e-15, 8.4266234195e-15, 1.05410717657e-14, 5.43162122064e-15, 1.35739179144e-15, 1.3007524982e-16, 2.93989551909e-17, 2.24815927984e-17, 8.4175793377e-18, 1.92558844884e-19, 1.91392484677e-20], [6.20515285412e-18, 1.57944656076e-15, 1.634799338e-14, 5.75332289405e-14, 6.10926375677e-14, 3.81399318866e-14, 3.31012513677e-14, 3.66315220616e-14, 1.74299644677e-14, 1.03439553404e-14, 3.11674878546e-15, 2.01294288245e-15, 2.04544247784e-15, 1.81174757e-15, 3.5465089507e-15, 3.24289655527e-15, 3.55394738229e-15, 3.98591893879e-15, 5.10855226665e-15, 2.56189837106e-15, 6.46529131332e-16, 6.95427813981e-17, 1.5469597635e-17, 8.4175793377e-18, 7.70797665896e-18, 1.26503858854e-19, 1.20475754291e-20], [2.00554036642e-19, 4.30140105839e-17, 4.13119911823e-16, 1.62686950025e-15, 1.7866249963e-15, 6.7273267789e-16, 8.6998330496e-16, 6.93558359327e-16, 2.94932266492e-16, 1.81425378167e-16, 7.66662424577e-17, 4.86386005212e-17, 4.75793990555e-17, 4.02785640028e-17, 5.53046307021e-17, 5.60443849413e-17, 4.99222359394e-17, 5.05288670396e-17, 7.88224971739e-17, 4.04627936688e-17, 1.2050176085e-17, 1.31221264718e-18, 2.86622502496e-19, 1.92558844884e-19, 1.26503858854e-19, 1.01486288522e-20, 1.36342326481e-21], [4.67453496644e-20, -5.11852590507e-19, 8.81620809736e-17, 3.7274396881e-16, 2.30894272809e-16, 1.12447369222e-16, 1.63792865358e-16, 2.92740244486e-17, 2.6492295458e-17, 1.8689181448e-17, 1.07508134818e-17, 7.75503909991e-18, 7.25762561908e-18, 6.23443628857e-18, 7.63519469122e-18, 7.58686583675e-18, 6.97355442593e-18, 1.91268621489e-18, 7.09216881705e-18, 4.17867533147e-18, 1.40156428336e-18, 1.73012877202e-19, 2.82186365183e-20, 1.91392484677e-20, 1.20475754291e-20, 1.36342326481e-21, 1.08659463085e-21]]
    },
    "mfcc": {
        "kurt": [31.4785842896, 48.3333587646, 6.22699546814, 1.85787343979, 0.111226081848, 2.20145845413, 0.112365007401, 0.148845672607, -0.00786852836609, 0.336210250854, -0.0794308185577, 0.0492141246796, -0.32387804985],
        "max": [-800.722473145, 189.237487793, 39.4775428772, 55.1142959595, 13.9385528564, 1.94521331787, 19.3858833313, 4.80782318115, 10.084072113, 13.7896900177, 9.99370956421, 8.50562286377, 4.16124725342],
        "mean": [-860.574523926, 168.158401489, -22.7097740173, 34.1385116577, -3.16747641563, -28.5603027344, 0.351373910904, -14.0758047104, -6.22902011871, -0.362770497799, -7.53543949127, -6.2917265892, -9.73812866211],
        "median": [-855.952087402, 171.057983398, -23.0958900452, 34.5069847107, -3.01745605469, -28.6973609924, 0.352954864502, -14.175037384, -6.03944778442, -0.0450592041016, -7.41057777405, -6.20498657227, -9.78205108643],
        "min": [-1138.42004395, 1.14440917969e-05, -57.499080658, 8.01086425781e-05, -24.0050926208, -53.1491661072, -19.8209152222, -30.6843566895, -21.4764251709, -19.6237030029, -23.706609726, -26.7602157593, -23.21352005],
        "skew": [-5.0279340744, -6.1211066246, 1.36356639862, -0.728867709637, -0.103081047535, 0.479727953672, -0.0756534039974, 0.112702064216, -0.0735053271055, -0.213404506445, -0.0270099844784, -0.13615489006, 0.0330789685249],
        "var": [1226.33898926, 318.107879639, 116.144981384, 61.1169281006, 36.6488876343, 40.2548675537, 29.162405014, 31.9098396301, 26.3615322113, 26.5100231171, 24.6639766693, 25.2707157135, 23.903301239],
        "cov": [[1227.40808105, 558.248840332, -262.51965332, 180.413238525, -33.4262313843, -94.8349609375, 38.565246582, -67.3184356689, 11.4050512314, 20.5124855042, 2.01460242271, 29.4937095642, -0.173626765609], [558.248840332, 318.385223389, -67.5206298828, 66.7481994629, -2.12862968445, -38.30235672, 16.4758682251, -25.1566390991, 0.469265729189, 13.2949571609, -0.57065474987, 8.23104476929, -3.15710639954], [-262.51965332, -67.5206298828, 116.246238708, -33.1251296997, 15.7076148987, 29.6747837067, -7.11343479156, 16.6493396759, -3.58226442337, -3.67935705185, -2.69408035278, -10.9598798752, -3.05173802376], [180.413238525, 66.7481994629, -33.1251296997, 61.170211792, 7.69791030884, -10.2250328064, 8.81929111481, -9.1535282135, 3.28518652916, 0.542973995209, 0.380134433508, 4.36951208115, -0.206037417054], [-33.4262313843, -2.12862968445, 15.7076148987, 7.69791030884, 36.6808395386, 17.1974639893, 0.955852687359, 9.07859039307, -0.84513938427, 1.38419401646, 2.16826558113, -3.19422125816, -0.876583397388], [-94.8349609375, -38.30235672, 29.6747837067, -10.2250328064, 17.1974639893, 40.2899627686, 13.1682825089, 6.00751447678, 5.31035470963, 1.59982848167, -0.00413354858756, -1.63679838181, 0.357719808817], [38.565246582, 16.4758682251, -7.11343479156, 8.81929111481, 0.955852687359, 13.1682825089, 29.1878299713, 10.8680686951, 3.8577682972, 5.66088724136, 0.61590051651, 1.4195587635, 1.19140076637], [-67.3184356689, -25.1566390991, 16.6493396759, -9.1535282135, 9.07859039307, 6.00751447678, 10.8680686951, 31.9376602173, 11.3399772644, 1.35648214817, 3.4924621582, -3.27110767365, -0.915592372417], [11.4050512314, 0.469265729189, -3.58226442337, 3.28518652916, -0.84513938427, 5.31035470963, 3.8577682972, 11.3399772644, 26.3845157623, 13.2195148468, 2.02407646179, 3.20832157135, 0.294440031052], [20.5124855042, 13.2949571609, -3.67935705185, 0.542973995209, 1.38419401646, 1.59982848167, 5.66088724136, 1.35648214817, 13.2195148468, 26.5331344604, 12.8902873993, 3.20062637329, 3.15736603737], [2.01460242271, -0.57065474987, -2.69408035278, 0.380134433508, 2.16826558113, -0.00413354858756, 0.61590051651, 3.4924621582, 2.02407646179, 12.8902873993, 24.6854801178, 12.7126693726, 3.4655752182], [29.4937095642, 8.23104476929, -10.9598798752, 4.36951208115, -3.19422125816, -1.63679838181, 1.4195587635, -3.27110767365, 3.20832157135, 3.20062637329, 12.7126693726, 25.2927474976, 13.429930687], [-0.173626765609, -3.15710639954, -3.05173802376, -0.206037417054, -0.876583397388, 0.357719808817, 1.19140076637, -0.915592372417, 0.294440031052, 3.15736603737, 3.4655752182, 13.429930687, 23.9241409302]]
    },
    "sccoeffs": {
        "kurt": [1.87672901154, 0.234415531158, 0.78589963913, 2.39519071579, 8.36582946777, 17.568649292],
        "max": [-0.407306343317, -0.677947163582, -0.73205435276, -0.804485797882, -0.787395000458, -0.786243975163],
        "mean": [-0.629879117012, -0.810050785542, -0.828324139118, -0.862005352974, -0.847440719604, -0.829192101955],
        "median": [-0.628562629223, -0.812214255333, -0.828928589821, -0.861519873142, -0.847252964973, -0.828560054302],
        "min": [-0.963403999805, -0.958230912685, -0.973014593124, -0.976828455925, -0.978305101395, -0.979920744896],
        "skew": [-0.445541918278, 0.1336029917, -0.14844378829, -0.451151788235, -1.22876608372, -2.37601113319],
        "var": [0.00420839479193, 0.00171924522147, 0.00103191356175, 0.000379718432669, 0.00030922429869, 0.000276066857623],
        "cov": [[0.00421206373721, 0.000252711208304, 0.00030110750231, 0.000225370778935, 0.000259455642663, 0.000264523347141], [0.000252711208304, 0.00172074406873, 0.000114767208288, 5.74749537918e-05, 0.000123645470012, 0.000128199433675], [0.00030110750231, 0.000114767208288, 0.00103281333577, 7.28580926079e-05, 0.000112419475045, 0.000108924628876], [0.000225370778935, 5.74749537918e-05, 7.28580926079e-05, 0.00038004948874, 8.42389563331e-05, 9.30675378186e-05], [0.000259455642663, 0.000123645470012, 0.000112419475045, 8.42389563331e-05, 0.000309493887471, 0.000112725676445], [0.000264523347141, 0.000128199433675, 0.000108924628876, 9.30675378186e-05, 0.000112725676445, 0.000276307546301]]
    },
    "scvalleys": {
        "kurt": [167.968231201, 182.730941772, 187.284835815, 184.131744385, 180.558563232, 195.531356812],
        "max": [-6.29400634766, -5.72922372818, -6.90754079819, -7.59275341034, -7.81078767776, -11.3593330383],
        "mean": [-7.6571893692, -6.74282312393, -7.82608938217, -8.3540725708, -8.87817573547, -11.9285335541],
        "median": [-7.51364135742, -6.59186792374, -7.69896221161, -8.21908950806, -8.76654815674, -11.8415269852],
        "min": [-27.3385715485, -27.8664569855, -27.754611969, -27.3988857269, -27.1923141479, -27.3338413239],
        "skew": [-11.8907651901, -12.7573795319, -13.0275678635, -12.9328222275, -12.7912273407, -13.5699968338],
        "var": [1.74386143684, 1.94053006172, 1.66771697998, 1.59762752056, 1.50442290306, 1.02610623837],
        "cov": [[1.74538171291, 1.71741116047, 1.59955739975, 1.56979501247, 1.50900876522, 1.25322306156], [1.71741116047, 1.94222187996, 1.74103581905, 1.70631313324, 1.65444278717, 1.36671769619], [1.59955739975, 1.74103581905, 1.66917097569, 1.58726143837, 1.54153585434, 1.27599096298], [1.56979501247, 1.70631313324, 1.58726143837, 1.5990203619, 1.52223360538, 1.25528264046], [1.50900876522, 1.65444278717, 1.54153585434, 1.52223360538, 1.50573456287, 1.22250020504], [1.25322306156, 1.36671769619, 1.27599096298, 1.25528264046, 1.22250020504, 1.02700090408]]
    }
},
"rhythm": {
    "beats_loudness": {
        "kurt": 2.03839683533,
        "max": 0.00171367684379,
        "mean": 0.000767619523685,
        "median": 0.000703420373611,
        "min": 9.21997852856e-05,
        "skew": 0.885078072548,
        "var": 7.83953311156e-08
    },
    "bpm": 95.0337371826,
    "confidence": 0.543017268181,
    "first_peak_bpm": {
        "kurt": 0,
        "max": 94,
        "mean": 94,
        "median": 94,
        "min": 94,
        "skew": 0,
        "var": 0
    },
    "first_peak_spread": {
        "kurt": 0,
        "max": 0.499999940395,
        "mean": 0.499999940395,
        "median": 0.499999940395,
        "min": 0.499999940395,
        "skew": 0,
        "var": 0
    },
    "first_peak_weight": {
        "kurt": 0,
        "max": 0.195652171969,
        "mean": 0.195652171969,
        "median": 0.195652171969,
        "min": 0.195652171969,
        "skew": 0,
        "var": 0
    },
    "onset_rate": 1.57702755928,
    "second_peak_bpm": {
        "kurt": 0,
        "max": 85,
        "mean": 85,
        "median": 85,
        "min": 85,
        "skew": 0,
        "var": 0
    },
    "second_peak_spread": {
        "kurt": 0,
        "max": 0,
        "mean": 0,
        "median": 0,
        "min": 0,
        "skew": 0,
        "var": 0
    },
    "second_peak_weight": {
        "kurt": 0,
        "max": 0.152173906565,
        "mean": 0.152173906565,
        "median": 0.152173906565,
        "min": 0.152173906565,
        "skew": 0,
        "var": 0
    },
    "beats_loudness_band_ratio": {
        "kurt": [-0.902364730835, -0.922762870789, 0.17834186554, -0.448610782623, 1.15163135529, 1.39584541321],
        "max": [0.72284424305, 0.521955251694, 0.640300750732, 0.0733304992318, 0.0735841766, 0.0339387319982],
        "mean": [0.434810966253, 0.288990706205, 0.303203135729, 0.0417499281466, 0.0330962315202, 0.0136717250571],
        "median": [0.42017686367, 0.281543672085, 0.296350091696, 0.0402705930173, 0.0293277483433, 0.0118387266994],
        "min": [0.127423673868, 0.114409871399, 0.11422753334, 0.0147499442101, 0.014656515792, 0.00709215458483],
        "skew": [0.113233938813, 0.366593062878, 0.560324907303, 0.36998206377, 1.07244277, 1.3145788908],
        "var": [0.0240841601044, 0.0125654824078, 0.0134109640494, 0.000181133844308, 0.000141211843584, 3.74632836611e-05],
        "cov": [[0.0246077291667, -0.00923172570765, -0.0145329246297, -0.00103249645326, -0.000851272954606, -0.000396323419409], [-0.00923172570765, 0.0128386449069, 4.83700896439e-05, -5.10144091095e-05, 0.000202750903554, 5.47359704797e-05], [-0.0145329246297, 4.83700896439e-05, 0.0137025061995, 0.000781065609772, 0.00039482358261, 0.000182789270184], [-0.00103249645326, -5.10144091095e-05, 0.000781065609772, 0.000185071534361, 5.32680132892e-05, 2.94740002573e-05], [-0.000851272954606, 0.000202750903554, 0.00039482358261, 5.32680132892e-05, 0.000144281671965, 5.26932853973e-05], [-0.000396323419409, 5.47359704797e-05, 0.000182789270184, 2.94740002573e-05, 5.26932853973e-05, 3.82777034247e-05]]
    },
    "beats_position": [0.429569154978, 0.882358253002, 1.3235373497, 1.77632653713, 2.22911548615, 2.68190479279, 3.07664394379, 3.47138309479, 3.86612248421, 4.2492518425, 4.6439909935, 5.0387301445, 5.41024923325, 5.78176879883, 6.1648979187, 6.54802703857, 6.91954612732, 7.4303855896, 7.91800451279, 8.40562343597, 8.893242836, 9.49696159363, 10.1239004135, 10.7508392334, 11.3893871307, 12.0163259506, 12.6548748016, 13.2934236526, 13.9319725037, 14.5589113235, 15.1974601746, 15.8360090256, 16.5442180634, 17.2524261475, 17.9606342316, 18.6688423157, 19.3770523071, 20.0852603912, 20.7934684753, 21.43201828, 22.0589561462, 22.6742858887, 23.2896137238, 23.9165534973, 24.5551013947, 25.1936511993, 25.8205890656],
    "bpm_estimates": [95.7031173706, 95.7031173706, 93.9631958008, 95.7031173706, 93.9630508423, 93.9630508423, 93.9630508423, 95.7031173706, 93.9630508423, 93.9630508423, 93.9629135132, 95.7032623291, 97.5086975098, 97.5089950562, 95.7029724121, 93.9631958008, 93.9629135132, 95.7032623291],
    "bpm_intervals": [0.452789098024, 0.441179096699, 0.452789187431, 0.452788949013, 0.452789306641, 0.394739151001, 0.394739151001, 0.39473938942, 0.383129358292, 0.394739151001, 0.394739151001, 0.371519088745, 0.371519565582, 0.383129119873, 0.383129119873, 0.371519088745, 0.51083946228, 0.487618923187, 0.487618923187, 0.487619400024, 0.603718757629, 0.626938819885, 0.626938819885, 0.638547897339, 0.626938819885, 0.638548851013, 0.638548851013, 0.638548851013, 0.626938819885, 0.638548851013, 0.638548851013, 0.708209037781, 0.708208084106, 0.708208084106, 0.708208084106, 0.708209991455, 0.708208084106, 0.708208084106, 0.638549804688, 0.626937866211, 0.615329742432, 0.615327835083, 0.62693977356, 0.638547897339, 0.638549804688, 0.626937866211],
    "onset_times": [0.0232199542224, 0.684988677502, 1.01006805897, 1.1261677742, 1.60217690468, 2.14784574509, 2.49614500999, 2.5890250206, 2.84444451332, 3.03020405769, 3.16952371597, 3.39011335373, 3.58748292923, 4.01705217361, 4.80653047562, 5.05034017563, 5.630838871, 5.79337882996, 6.5015873909, 6.82666683197, 6.94276666641, 7.41877555847, 7.91800451279, 8.05732440948, 9.79882049561, 11.2268476486, 12.0163269043, 12.5503854752, 14.2338323593, 14.3963718414, 14.9768705368, 16.1494789124, 16.9505672455, 17.9838542938, 18.2392749786, 18.5411338806, 18.8313827515, 20.6193199158, 21.2346477509, 21.4436283112, 22.2331066132, 25.1239910126],
    "histogram": [[0, 0, 0, 0, 0, 0, 0, 0, 0, 0, 0, 0, 0, 0, 0, 0, 0, 0, 0, 0, 0, 0, 0, 0, 0, 0, 0, 0, 0, 0, 0, 0, 0, 0, 0, 0, 0, 0, 0, 0, 0, 0, 0, 0, 0, 0, 0, 0, 0, 0, 0, 0, 0, 0, 0, 0, 0, 0, 0, 0, 0, 0, 0, 0, 0, 0, 0, 0, 0, 0, 0, 0, 0, 0, 0, 0, 0, 0, 0, 0, 0, 0, 0, 0, 0, 0.152173906565, 0, 0, 0, 0, 0, 0, 0, 0, 0.195652171969, 0, 0.152173906565, 0, 0.0434782616794, 0.0217391308397, 0, 0, 0, 0, 0, 0, 0, 0, 0, 0, 0, 0, 0, 0, 0, 0, 0, 0.0217391308397, 0, 0, 0, 0, 0, 0.0652173906565, 0, 0, 0, 0, 0, 0, 0, 0, 0, 0.0869565233588, 0, 0, 0.0217391308397, 0, 0, 0, 0, 0, 0, 0, 0, 0, 0, 0, 0, 0, 0, 0, 0.108695648611, 0, 0, 0, 0, 0.0652173906565, 0, 0, 0, 0.0652173906565, 0, 0, 0, 0, 0, 0, 0, 0, 0, 0, 0, 0, 0, 0, 0, 0, 0, 0, 0, 0, 0, 0, 0, 0, 0, 0, 0, 0, 0, 0, 0, 0, 0, 0, 0, 0, 0, 0, 0, 0, 0, 0, 0, 0, 0, 0, 0, 0, 0, 0, 0, 0, 0, 0, 0, 0, 0, 0, 0, 0, 0, 0, 0, 0, 0, 0, 0, 0, 0, 0, 0, 0, 0, 0, 0, 0, 0, 0, 0, 0, 0, 0, 0, 0, 0, 0, 0, 0]]
},
"sfx": {
    "inharmonicity": {
        "kurt": 1.29359912872,
        "max": 0.379338294268,
        "mean": 0.0865678787231,
        "median": 0.0672447532415,
        "min": 0.00208175322041,
        "skew": 1.29657554626,
        "var": 0.00461268564686
    },
    "oddtoevenharmonicenergyratio": {
        "kurt": 141.24647522,
        "max": 29.0346908569,
        "mean": 0.753033578396,
        "median": 0.312541037798,
        "min": 0.00931126624346,
        "skew": 9.16020774841,
        "var": 2.16695475578
    },
    "pitch_after_max_to_before_max_energy_ratio": 48.7132148743,
    "pitch_centroid": 579.322143555,
    "pitch_max_to_total": 0.0121951214969,
    "pitch_min_to_total": 0.31271776557,
    "tristimulus": {
        "kurt": [-0.324177503586, 0.547019720078, 5.4423418045],
        "max": [0.698897719383, 0.776880741119, 1],
        "mean": [0.299092710018, 0.370125174522, 0.330782115459],
        "median": [0.319152891636, 0.363535732031, 0.312280744314],
        "min": [0, 0, 0.0959362536669],
        "skew": [-0.445327907801, 0.398841351271, 1.71771597862],
        "var": [0.0235315002501, 0.0123199475929, 0.0103537570685],
        "cov": [[0.0235520154238, -0.0127599639818, -0.0107920551673], [-0.0127599639818, 0.0123306885362, 0.000429267529398], [-0.0107920551673, 0.000429267529398, 0.0103627843782]]
    }
},
"tonal": {
    "chords_changes_rate": 0.0121739134192,
    "chords_number_rate": 0.00521739153191,
    "chords_strength": {
        "kurt": -0.507518291473,
        "max": 0.779999613762,
        "mean": 0.6310120821,
        "median": 0.638363182545,
        "min": 0.416135251522,
        "skew": -0.377424687147,
        "var": 0.00522317411378
    },
    "key_strength": 0.591725766659,
    "tuning_diatonic_strength": 0.63778668642,
