{
"metadata": {
    "version": {
        "essentia": "2.1-beta3"
    }
},
"lowLevel": {
    "average_loudness": 0.167134746909,
    "barkbands_kurtosis": {
        "kurt": 0.737153768539,
        "max": 9.49172782898,
        "mean": 1.72166335583,
        "median": 1.55996179581,
        "min": -1.75645458698,
        "skew": 0.566431343555,
        "var": 2.11465859413
    },
    "barkbands_skewness": {
        "kurt": 3.7462682724,
        "max": 2.73191833496,
        "mean": 0.990092635155,
        "median": 1.18535387516,
        "min": -2.24719882011,
        "skew": -2.05390286446,
        "var": 0.92808920145
    },
    "barkbands_spread": {
        "kurt": 6.61109924316,
        "max": 35.482963562,
        "mean": 8.7504940033,
        "median": 7.11357593536,
        "min": 2.84619379044,
        "skew": 2.80864906311,
        "var": 32.4151306152
    },
    "dissonance": {
        "kurt": -0.407886743546,
        "max": 0.499991685152,
        "mean": 0.427066296339,
        "median": 0.435056209564,
        "min": 0.261808156967,
        "skew": -0.479026287794,
        "var": 0.00195209297817
    },
    "hfc": {
        "kurt": 40.4498138428,
        "max": 2.9312183857,
        "mean": 0.229226350784,
        "median": 0.186734348536,
        "min": 1.0612457929e-16,
        "skew": 4.78044509888,
        "var": 0.0463506244123
    },
    "pitch": {
        "kurt": 112.077125549,
        "max": 4451.67871094,
        "mean": 214.303863525,
        "median": 167.662536621,
        "min": 63.2119445801,
        "skew": 10.1544656754,
        "var": 115709.976562
    },
    "pitch_instantaneous_confidence": {
        "kurt": -0.186890363693,
        "max": 0.758676171303,
        "mean": 0.381787985563,
        "median": 0.384145140648,
        "min": 0.0452140569687,
        "skew": -0.238896071911,
        "var": 0.0150856869295
    },
    "pitch_salience": {
        "kurt": -1.20786237717,
        "max": 0.893032312393,
        "mean": 0.60689252615,
        "median": 0.614943265915,
        "min": 0.28139474988,
        "skew": -0.069125495851,
        "var": 0.0152905769646
    },
    "silence_rate_20dB": {
        "kurt": 0,
        "max": 1,
        "mean": 1,
        "median": 1,
        "min": 1,
        "skew": 0,
        "var": 0
    },
    "silence_rate_30dB": {
        "kurt": 0,
        "max": 1,
        "mean": 1,
        "median": 1,
        "min": 1,
        "skew": 0,
        "var": 0
    },
    "silence_rate_60dB": {
        "kurt": 90.2407913208,
        "max": 1,
        "mean": 0.989499866962,
        "median": 1,
        "min": 0,
        "skew": -9.60510540009,
        "var": 0.0103902509436
    },
    "spectral_centroid": {
        "kurt": 6.43051433563,
        "max": 11764.0195312,
        "mean": 1280.24438477,
        "median": 335.784240723,
        "min": 186.860275269,
        "skew": 2.90077447891,
        "var": 9242435
    },
    "spectral_complexity": {
        "kurt": 1.38191413879,
        "max": 14,
        "mean": 2.63553476334,
        "median": 2,
        "min": 0,
        "skew": 0.932181656361,
        "var": 3.95640802383
    },
    "spectral_crest": {
        "kurt": -1.02958333492,
        "max": 14.8958616257,
        "mean": 9.03707695007,
        "median": 8.95414447784,
        "min": 4.27408266068,
        "skew": 0.142143473029,
        "var": 4.93748235703
    },
    "spectral_decrease": {
        "kurt": 38.1593704224,
        "max": 2.34214218319e-28,
        "mean": -1.74043113255e-10,
        "median": -1.6239753986e-10,
        "min": -1.9859258682e-09,
        "skew": -4.75848007202,
        "var": 2.27238663484e-20
    },
    "spectral_energy": {
        "kurt": 38.2654647827,
        "max": 0.00776121206582,
        "mean": 0.000677670002915,
        "median": 0.000630018708762,
        "min": 1.00555871892e-20,
        "skew": 4.76122140884,
        "var": 3.45766011378e-07
    },
    "spectral_energyband_high": {
        "kurt": 38.6790428162,
        "max": 1.66278778124e-06,
        "mean": 8.1531013052e-08,
        "median": 6.0446467387e-08,
        "min": 7.00079383893e-21,
        "skew": 3.71536207199,
        "var": 8.10976364052e-15
    },
    "spectral_energyband_low": {
        "kurt": 34.4943618774,
        "max": 0.00296974671073,
        "mean": 0.000284245674266,
        "median": 0.000260448665358,
        "min": 8.02126942406e-24,
        "skew": 4.52222490311,
        "var": 5.97248757117e-08
    },
    "spectral_energyband_middle_high": {
        "kurt": 22.1546611786,
        "max": 0.000732210522983,
        "mean": 6.81821693433e-05,
        "median": 5.94833145442e-05,
        "min": 1.07638129288e-21,
        "skew": 3.22887396812,
        "var": 3.20865467529e-09
    },
    "spectral_energyband_middle_low": {
        "kurt": 41.2747917175,
        "max": 0.00553536089137,
        "mean": 0.000456075824331,
        "median": 0.000398505217163,
        "min": 1.59052798905e-22,
        "skew": 4.92913818359,
        "var": 1.8065719587e-07
    },
    "spectral_flatness_db": {
        "kurt": 3.06711244583,
        "max": 0.53301692009,
        "mean": 0.302784860134,
        "median": 0.309679716825,
        "min": 0.0580169148743,
        "skew": -1.68788993359,
        "var": 0.00654806522653
    },
    "spectral_flux": {
        "kurt": 2.17013025284,
        "max": 0.0438503958285,
        "mean": 0.0107944170013,
        "median": 0.0116704469547,
        "min": 6.28851207218e-11,
        "skew": 0.0678279399872,
        "var": 3.04974710161e-05
    },
    "spectral_kurtosis": {
        "kurt": 2.25285720825,
        "max": 317.248016357,
        "mean": 71.2054367065,
        "median": 67.6704406738,
        "min": -1.27453005314,
        "skew": 1.07029271126,
        "var": 2249.83422852
    },
    "spectral_rms": {
        "kurt": 3.449903965,
        "max": 0.0027517110575,
        "mean": 0.000736442394555,
        "median": 0.000783997704275,
        "min": 3.13214450036e-12,
        "skew": -0.0457486137748,
        "var": 1.18794496018e-07
    },
    "spectral_rolloff": {
        "kurt": 6.40933799744,
        "max": 19487.5488281,
        "mean": 2228.47729492,
        "median": 667.529296875,
        "min": 172.265625,
        "skew": 2.89705562592,
        "var": 26343500
    },
    "spectral_skewness": {
        "kurt": 0.525417089462,
        "max": 13.3193769455,
        "mean": 5.41607666016,
        "median": 5.48208236694,
        "min": -0.11143822968,
        "skew": -0.187902703881,
        "var": 6.29101419449
    },
    "spectral_spread": {
        "kurt": 6.40754032135,
        "max": 43483136,
        "mean": 4470540.5,
        "median": 971180.5,
        "min": 254031.140625,
        "skew": 2.89653372765,
        "var": 1.26465790181e+14
    },
    "spectral_strongpeak": {
        "kurt": 2.66751050949,
        "max": 0.293279618025,
        "mean": 0.0932856500149,
        "median": 0.0993298068643,
        "min": 0,
        "skew": -0.395391076803,
        "var": 0.0017443834804
    },
    "zerocrossingrate": {
        "kurt": 6.38899707794,
        "max": 0.52978515625,
        "mean": 0.0618587173522,
        "median": 0.01953125,
        "min": 0.00927734375,
        "skew": 2.89283299446,
        "var": 0.0186430029571
    },
    "barkbands": {
        "kurt": [82.4247283936, 49.2494697571, 40.1057777405, 30.5147857666, 22.9412250519, 102.774154663, 38.2960929871, 48.1687965393, 80.0492935181, 14.4461402893, 39.2089042664, 38.9285736084, 33.9754333496, 25.6780776978, 22.3419036865, 20.6145210266, 20.3718585968, 17.8403949738, 16.4264907837, 16.4222431183, 303.287384033, 840.561035156, 560.898010254, 45.2384414673, 34.9508934021, 74.3939743042, 74.8159179688],
        "max": [3.19265359394e-06, 0.000663520535454, 0.00157743622549, 0.00152311427519, 0.00215917965397, 0.000734087254386, 0.00126249832101, 0.000526360527147, 0.00121503393166, 0.000326055509504, 0.000257749401499, 8.48712516017e-05, 0.000147075945279, 2.90052703349e-05, 1.0131135241e-05, 1.49523248183e-05, 5.13529630553e-06, 5.46731007489e-06, 3.16164323522e-06, 1.55452357831e-06, 6.73007036767e-07, 1.24641601928e-07, 1.13417888414e-08, 1.59375901365e-09, 9.87838033595e-10, 7.03199554142e-10, 7.4306449882e-10],
        "mean": [1.14422327613e-07, 3.74189185095e-05, 0.000116127404908, 0.000149950705236, 0.000135894282721, 2.9781675039e-05, 6.53951356071e-05, 2.32159054576e-05, 5.012751717e-05, 3.43502870237e-05, 1.52688153321e-05, 4.84336578666e-06, 9.85761562333e-06, 2.07880611924e-06, 8.16519957425e-07, 1.13957639769e-06, 4.05564321682e-07, 4.53821115798e-07, 2.79502643252e-07, 1.31350731181e-07, 1.73283520866e-08, 1.8655501588e-09, 2.06804823266e-10, 8.58489251909e-11, 5.95326010711e-11, 2.36538358345e-11, 2.30668296963e-11],
        "median": [6.75233522429e-08, 3.25391556544e-05, 0.000102160272945, 0.000146263235365, 6.97618233971e-05, 2.05862997973e-05, 3.25325927406e-05, 1.04310538518e-05, 3.71977075702e-05, 3.09975112032e-05, 8.55503913044e-06, 2.91396463581e-06, 7.73162355472e-06, 1.58691364049e-06, 6.97206246514e-07, 8.01917792614e-07, 3.14013590241e-07, 3.38348911555e-07, 2.12924476273e-07, 9.22028604577e-08, 1.52994115155e-08, 1.34973543453e-09, 1.30503649554e-10, 6.06928465818e-11, 4.41882121172e-11, 1.06993970975e-11, 8.90567827816e-12],
        "min": [1.56766087567e-25, 1.62408711015e-24, 1.98784061105e-25, 5.33923543189e-25, 6.34176483532e-24, 3.92647784737e-24, 5.44856879234e-24, 9.04034439611e-24, 1.32375419512e-23, 6.06141510809e-24, 1.06001140989e-23, 1.58960126681e-23, 1.69073607476e-23, 2.70309720942e-23, 3.25024703121e-23, 3.29769133486e-23, 4.40735767332e-23, 7.39450255324e-23, 1.13010723913e-22, 1.56221381479e-22, 2.15606186713e-22, 2.87909340266e-22, 3.79177997402e-22, 4.92892057076e-22, 7.7737302047e-22, 1.20167795111e-21, 1.82969665583e-21],
        "skew": [6.29835796356, 4.86588573456, 4.72372055054, 4.24487066269, 3.33593869209, 7.79840421677, 4.74657535553, 5.08957672119, 6.82738447189, 2.48184776306, 4.607442379, 4.4633808136, 4.05850982666, 3.49917507172, 3.08452892303, 2.98831796646, 2.93121862411, 2.71737599373, 2.65482330322, 2.6752846241, 11.4909248352, 22.2665100098, 17.4673519135, 4.26320123672, 3.99824881554, 6.26411390305, 6.27924919128],
        "var": [2.5809510643e-14, 1.43305101119e-09, 1.1838733549e-08, 1.84615398524e-08, 3.0335520762e-08, 1.68364622244e-09, 9.28263244049e-09, 1.21686194454e-09, 4.13013445666e-09, 7.27225835107e-10, 3.90088322755e-10, 3.80269565836e-11, 9.48716660787e-11, 5.46893780262e-12, 6.46335524164e-13, 1.52918747543e-12, 1.81339088168e-13, 2.28978050713e-13, 7.844111916e-14, 2.09750751788e-14, 4.31150516883e-16, 8.8643412409e-18, 9.47618045117e-20, 8.99193551121e-21, 4.34300558136e-21, 1.55501533912e-21, 1.69404600259e-21],
        "cov": [[2.58166443545e-14, 3.05786060535e-12, 8.23218056223e-12, 8.35884486627e-12, 1.11527783536e-11, 2.45158168939e-12, 5.96145658879e-12, 2.15348659044e-12, 4.22868944722e-12, 1.58930984692e-12, 1.26303221354e-12, 4.07221944967e-13, 6.86318894511e-13, 1.46946135273e-13, 5.26723203085e-14, 8.06980486124e-14, 2.71851260307e-14, 3.01782185938e-14, 1.77769989484e-14, 8.69769175031e-15, 9.92666180612e-16, 1.05973059655e-16, 1.19928384064e-17, 5.66111906038e-18, 3.95283310396e-18, 1.55094989666e-18, 1.49867580426e-18], [3.05786060535e-12, 1.43344713877e-09, 2.65117061637e-09, 3.51704465551e-09, 2.35233610368e-09, 6.80468015268e-10, 1.33406452552e-09, 4.49712767026e-10, 1.27241128745e-09, 4.95210483731e-10, 2.80049039514e-10, 8.83862080747e-11, 1.74654984919e-10, 3.30387835146e-11, 1.23673606078e-11, 1.83284637467e-11, 5.67757863293e-12, 6.57322980768e-12, 3.88503031828e-12, 1.85565170001e-12, 2.06329419696e-13, 2.01128650952e-14, 2.35001202051e-15, 1.20427841012e-15, 9.71530696875e-16, 4.68601178673e-16, 4.64755225576e-16], [8.23218056223e-12, 2.65117061637e-09, 1.18420064865e-08, 1.20558008021e-08, 9.22531029346e-09, 1.8610052388e-09, 5.91826099239e-09, 2.01470151673e-09, 4.63689087127e-09, 1.46242218335e-09, 1.14806475437e-09, 3.93731852677e-10, 6.79793554781e-10, 1.57593632588e-10, 5.57137773416e-11, 8.07517039347e-11, 2.70893758814e-11, 3.06439942865e-11, 1.75632286492e-11, 8.63538233975e-12, 1.03128779388e-12, 9.72626249289e-14, 1.06700765777e-14, 5.05234739543e-15, 3.87124126565e-15, 1.69883892517e-15, 1.67040699374e-15], [8.35884486627e-12, 3.51704465551e-09, 1.20558008021e-08, 1.84666415493e-08, 3.09698022782e-09, 1.34802169427e-09, 2.47028664191e-09, 7.08367198232e-10, 4.73610084484e-09, 1.59163837665e-09, 4.47208853283e-10, 1.68414587831e-10, 4.40979169847e-10, 7.77931469242e-11, 3.31031209388e-11, 3.37514668991e-11, 1.28144769102e-11, 1.16130525335e-11, 7.22141443865e-12, 2.80278187811e-12, 5.3323659507e-13, 2.67455498124e-14, 2.05006410136e-15, 2.16936763319e-15, 2.2080749213e-15, 1.66944391728e-15, 1.72906307243e-15], [1.11527783536e-11, 2.35233610368e-09, 9.22531029346e-09, 3.09698022782e-09, 3.03439051663e-08, 4.80155692983e-09, 1.48722065774e-08, 5.35341992958e-09, 5.96131410902e-09, 2.3032702412e-09, 3.03295233373e-09, 9.41551836497e-10, 1.41666356424e-09, 3.51822321276e-10, 1.19153811817e-10, 1.94178145785e-10, 6.41562566961e-11, 7.61113602699e-11, 4.37642908024e-11, 2.2386753909e-11, 2.25499024835e-12, 2.65643301627e-13, 3.09234890028e-14, 1.28187763952e-14, 8.94405128302e-15, 2.70101188594e-15, 2.50682428883e-15], [2.45158168939e-12, 6.80468015268e-10, 1.8610052388e-09, 1.34802169427e-09, 4.80155692983e-09, 1.68411151691e-09, 2.89742363435e-09, 1.05140862683e-09, 1.36883682167e-09, 5.61595714377e-10, 5.64242208512e-10, 1.81702750068e-10, 2.74860745275e-10, 6.55627496737e-11, 2.2140789202e-11, 3.49096133945e-11, 1.17864702373e-11, 1.36449471513e-11, 7.87942801284e-12, 3.91569372413e-12, 3.97466104083e-13, 4.58275012719e-14, 5.39196102047e-15, 2.33385698462e-15, 1.74109644599e-15, 6.18656771049e-16, 5.90586099177e-16], [5.96145658879e-12, 1.33406452552e-09, 5.91826099239e-09, 2.47028664191e-09, 1.48722065774e-08, 2.89742363435e-09, 9.28519749976e-09, 3.15405745965e-09, 3.77620779091e-09, 1.32280220111e-09, 1.64759472732e-09, 5.25220533731e-10, 7.70816799278e-10, 1.93494595346e-10, 6.46234038504e-11, 1.04520322952e-10, 3.44342505898e-11, 4.05087005606e-11, 2.30265615603e-11, 1.17945809369e-11, 1.17406789586e-12, 1.35378348614e-13, 1.59550039738e-14, 6.7321645017e-15, 4.83729589452e-15, 1.56351270635e-15, 1.4650082803e-15], [2.15348659044e-12, 4.49712767026e-10, 2.01470151673e-09, 7.08367198232e-10, 5.35341992958e-09, 1.05140862683e-09, 3.15405745965e-09, 1.2171982311e-09, 1.3369955143e-09, 4.56682330841e-10, 5.90038129467e-10, 1.88065646389e-10, 2.77672329574e-10, 6.84647893934e-11, 2.27365556937e-11, 3.79107752135e-11, 1.23697857513e-11, 1.49202889627e-11, 8.43525683331e-12, 4.32086961696e-12, 4.29453754459e-13, 5.00197248259e-14, 5.87500400501e-15, 2.4486009381e-15, 1.75421285706e-15, 5.21185036978e-16, 4.8307114839e-16], [4.22868944722e-12, 1.27241128745e-09, 4.63689087127e-09, 4.73610084484e-09, 5.96131410902e-09, 1.36883682167e-09, 3.77620779091e-09, 1.3369955143e-09, 4.13127621002e-09, 8.94590235223e-10, 6.17331241681e-10, 2.45702430623e-10, 3.63802904468e-10, 8.92382973072e-11, 2.71327040696e-11, 4.52533982509e-11, 1.45663446582e-11, 1.67662654593e-11, 9.5673607925e-12, 4.79697791905e-12, 4.88184959038e-13, 4.9957925302e-14, 6.07744530292e-15, 2.78273235414e-15, 2.23185113613e-15, 8.37093174437e-16, 8.10310098524e-16], [1.58930984692e-12, 4.95210483731e-10, 1.46242218335e-09, 1.59163837665e-09, 2.3032702412e-09, 5.61595714377e-10, 1.32280220111e-09, 4.56682330841e-10, 8.94590235223e-10, 7.27426840985e-10, 2.59154225857e-10, 8.48004860776e-11, 1.48181300563e-10, 3.30650506974e-11, 1.18669475288e-11, 1.71425894313e-11, 5.92722442308e-12, 6.61073539659e-12, 3.98247407274e-12, 1.93867274664e-12, 2.16091521846e-13, 2.36477080729e-14, 2.78740077623e-15, 1.22021628794e-15, 8.81116176623e-16, 3.42052682878e-16, 3.31422101753e-16], [1.26303221354e-12, 2.80049039514e-10, 1.14806475437e-09, 4.47208853283e-10, 3.03295233373e-09, 5.64242208512e-10, 1.64759472732e-09, 5.90038129467e-10, 6.17331241681e-10, 2.59154225857e-10, 3.9019612541e-10, 9.98758506454e-11, 1.65067265412e-10, 3.95781636631e-11, 1.37378329199e-11, 2.14085069117e-11, 7.18799759297e-12, 8.43537045769e-12, 4.93444347882e-12, 2.51306614407e-12, 2.65828185202e-13, 3.09350086508e-14, 3.48133823574e-15, 1.44683667072e-15, 9.73894236435e-16, 3.14008851363e-16, 2.92679291201e-16], [4.07221944967e-13, 8.83862080747e-11, 3.93731852677e-10, 1.68414587831e-10, 9.41551836497e-10, 1.81702750068e-10, 5.25220533731e-10, 1.88065646389e-10, 2.45702430623e-10, 8.48004860776e-11, 9.98758506454e-11, 3.80374655384e-11, 4.68241175e-11, 1.26354664579e-11, 4.09530699283e-12, 6.69073043497e-12, 2.34646828877e-12, 2.64023091584e-12, 1.50363922702e-12, 7.53878567645e-13, 7.33174507434e-14, 8.64459294891e-15, 1.05556472969e-15, 4.32102290748e-16, 3.11002996131e-16, 9.28484231032e-17, 8.61003763103e-17], [6.86318894511e-13, 1.74654984919e-10, 6.79793554781e-10, 4.40979169847e-10, 1.41666356424e-09, 2.74860745275e-10, 7.70816799278e-10, 2.77672329574e-10, 3.63802904468e-10, 1.48181300563e-10, 1.65067265412e-10, 4.68241175e-11, 9.48978881588e-11, 1.98161261705e-11, 6.47265140791e-12, 1.06531615127e-11, 3.12912564783e-12, 4.04763375594e-12, 2.26149329298e-12, 1.17173902959e-12, 1.29088431025e-13, 1.42445750968e-14, 1.62976847052e-15, 6.89433467693e-16, 4.85247652488e-16, 1.66557673542e-16, 1.5795214967e-16], [1.46946135273e-13, 3.30387835146e-11, 1.57593632588e-10, 7.77931469242e-11, 3.51822321276e-10, 6.55627496737e-11, 1.93494595346e-10, 6.84647893934e-11, 8.92382973072e-11, 3.30650506974e-11, 3.95781636631e-11, 1.26354664579e-11, 1.98161261705e-11, 5.47044961413e-12, 1.57852832368e-12, 2.6045088395e-12, 8.37370320653e-13, 1.01331204712e-12, 5.7320120872e-13, 3.0150274638e-13, 3.18764823836e-14, 3.65161917495e-15, 4.20050679505e-16, 1.71184935124e-16, 1.19865697009e-16, 3.90740368297e-17, 3.68244529794e-17], [5.26723203085e-14, 1.23673606078e-11, 5.57137773416e-11, 3.31031209388e-11, 1.19153811817e-10, 2.2140789202e-11, 6.46234038504e-11, 2.27365556937e-11, 2.71327040696e-11, 1.18669475288e-11, 1.37378329199e-11, 4.09530699283e-12, 6.47265140791e-12, 1.57852832368e-12, 6.46514146472e-13, 8.49501946652e-13, 3.16643060513e-13, 3.41959940182e-13, 2.06163672288e-13, 9.9585799134e-14, 1.25878362502e-14, 1.42792168386e-15, 1.53789340077e-16, 6.06612637518e-17, 4.01613723623e-17, 1.34888499653e-17, 1.27339533578e-17], [8.06980486124e-14, 1.83284637467e-11, 8.07517039347e-11, 3.37514668991e-11, 1.94178145785e-10, 3.49096133945e-11, 1.04520322952e-10, 3.79107752135e-11, 4.52533982509e-11, 1.71425894313e-11, 2.14085069117e-11, 6.69073043497e-12, 1.06531615127e-11, 2.6045088395e-12, 8.49501946652e-13, 1.52961020586e-12, 4.45250932478e-13, 5.75058718092e-13, 3.22606280882e-13, 1.70663925158e-13, 1.85728558591e-14, 2.29680988109e-15, 2.59702869197e-16, 9.7966977029e-17, 6.62673380783e-17, 2.07004098961e-17, 1.93926224584e-17], [2.71851260307e-14, 5.67757863293e-12, 2.70893758814e-11, 1.28144769102e-11, 6.41562566961e-11, 1.17864702373e-11, 3.44342505898e-11, 1.23697857513e-11, 1.45663446582e-11, 5.92722442308e-12, 7.18799759297e-12, 2.34646828877e-12, 3.12912564783e-12, 8.37370320653e-13, 3.16643060513e-13, 4.45250932478e-13, 1.81389205414e-13, 1.82757780263e-13, 1.11202781467e-13, 5.3454314678e-14, 6.45724090043e-15, 7.69958084191e-16, 8.49668543209e-17, 3.24243252679e-17, 2.13874379887e-17, 6.69997725963e-18, 6.25861188275e-18], [3.01782185938e-14, 6.57322980768e-12, 3.06439942865e-11, 1.16130525335e-11, 7.61113602699e-11, 1.36449471513e-11, 4.05087005606e-11, 1.49202889627e-11, 1.67662654593e-11, 6.61073539659e-12, 8.43537045769e-12, 2.64023091584e-12, 4.04763375594e-12, 1.01331204712e-12, 3.41959940182e-13, 5.75058718092e-13, 1.82757780263e-13, 2.2904131391e-13, 1.29330926394e-13, 6.68904357902e-14, 7.48128552245e-15, 9.04700220853e-16, 1.0025416451e-16, 3.80868861041e-17, 2.56615596231e-17, 7.78433452848e-18, 7.25284782386e-18], [1.77769989484e-14, 3.88503031828e-12, 1.75632286492e-11, 7.22141443865e-12, 4.37642908024e-11, 7.87942801284e-12, 2.30265615603e-11, 8.43525683331e-12, 9.5673607925e-12, 3.98247407274e-12, 4.93444347882e-12, 1.50363922702e-12, 2.26149329298e-12, 5.7320120872e-13, 2.06163672288e-13, 3.22606280882e-13, 1.11202781467e-13, 1.29330926394e-13, 7.84628032035e-14, 3.90446884351e-14, 4.73047445196e-15, 5.82661258922e-16, 6.27610650455e-17, 2.27509079166e-17, 1.46638542352e-17, 4.45484736335e-18, 4.14640039833e-18], [8.69769175031e-15, 1.85565170001e-12, 8.63538233975e-12, 2.80278187811e-12, 2.2386753909e-11, 3.91569372413e-12, 1.17945809369e-11, 4.32086961696e-12, 4.79697791905e-12, 1.93867274664e-12, 2.51306614407e-12, 7.53878567645e-13, 1.17173902959e-12, 3.0150274638e-13, 9.9585799134e-14, 1.70663925158e-13, 5.3454314678e-14, 6.68904357902e-14, 3.90446884351e-14, 2.09808739663e-14, 2.40681870863e-15, 3.0905264983e-16, 3.35033261287e-17, 1.16476542825e-17, 7.4354686236e-18, 2.13830076094e-18, 1.97159181426e-18], [9.92666180612e-16, 2.06329419696e-13, 1.03128779388e-12, 5.3323659507e-13, 2.25499024835e-12, 3.97466104083e-13, 1.17406789586e-12, 4.29453754459e-13, 4.88184959038e-13, 2.16091521846e-13, 2.65828185202e-13, 7.33174507434e-14, 1.29088431025e-13, 3.18764823836e-14, 1.25878362502e-14, 1.85728558591e-14, 6.45724090043e-15, 7.48128552245e-15, 4.73047445196e-15, 2.40681870863e-15, 4.31269683831e-16, 5.83239557432e-17, 5.80011104588e-18, 1.59290191239e-18, 8.38236915416e-19, 2.6471346075e-19, 2.50036562497e-19], [1.05973059655e-16, 2.01128650952e-14, 9.72626249289e-14, 2.67455498124e-14, 2.65643301627e-13, 4.58275012719e-14, 1.35378348614e-13, 5.00197248259e-14, 4.9957925302e-14, 2.36477080729e-14, 3.09350086508e-14, 8.64459294891e-15, 1.42445750968e-14, 3.65161917495e-15, 1.42792168386e-15, 2.29680988109e-15, 7.69958084191e-16, 9.04700220853e-16, 5.82661258922e-16, 3.0905264983e-16, 5.83239557432e-17, 8.86679134988e-18, 8.78941335986e-19, 2.13051042563e-19, 1.00484556644e-19, 2.78833537204e-20, 2.58756748982e-20], [1.19928384064e-17, 2.35001202051e-15, 1.06700765777e-14, 2.05006410136e-15, 3.09234890028e-14, 5.39196102047e-15, 1.59550039738e-14, 5.87500400501e-15, 6.07744530292e-15, 2.78740077623e-15, 3.48133823574e-15, 1.05556472969e-15, 1.62976847052e-15, 4.20050679505e-16, 1.53789340077e-16, 2.59702869197e-16, 8.49668543209e-17, 1.0025416451e-16, 6.27610650455e-17, 3.35033261287e-17, 5.80011104588e-18, 8.78941335986e-19, 9.47879964103e-20, 2.45378314264e-20, 1.26773256393e-20, 4.16198308197e-21, 3.98981400008e-21], [5.66111906038e-18, 1.20427841012e-15, 5.05234739543e-15, 2.16936763319e-15, 1.28187763952e-14, 2.33385698462e-15, 6.7321645017e-15, 2.4486009381e-15, 2.78273235414e-15, 1.22021628794e-15, 1.44683667072e-15, 4.32102290748e-16, 6.89433467693e-16, 1.71184935124e-16, 6.06612637518e-17, 9.7966977029e-17, 3.24243252679e-17, 3.80868861041e-17, 2.27509079166e-17, 1.16476542825e-17, 1.59290191239e-18, 2.13051042563e-19, 2.45378314264e-20, 8.99442109202e-21, 5.75448145624e-21, 2.56781075749e-21, 2.55819559066e-21], [3.95283310396e-18, 9.71530696875e-16, 3.87124126565e-15, 2.2080749213e-15, 8.94405128302e-15, 1.74109644599e-15, 4.83729589452e-15, 1.75421285706e-15, 2.23185113613e-15, 8.81116176623e-16, 9.73894236435e-16, 3.11002996131e-16, 4.85247652488e-16, 1.19865697009e-16, 4.01613723623e-17, 6.62673380783e-17, 2.13874379887e-17, 2.56615596231e-17, 1.46638542352e-17, 7.4354686236e-18, 8.38236915416e-19, 1.00484556644e-19, 1.26773256393e-20, 5.75448145624e-21, 4.3442059626e-21, 2.15987722761e-21, 2.18036792118e-21], [1.55094989666e-18, 4.68601178673e-16, 1.69883892517e-15, 1.66944391728e-15, 2.70101188594e-15, 6.18656771049e-16, 1.56351270635e-15, 5.21185036978e-16, 8.37093174437e-16, 3.42052682878e-16, 3.14008851363e-16, 9.28484231032e-17, 1.66557673542e-16, 3.90740368297e-17, 1.34888499653e-17, 2.07004098961e-17, 6.69997725963e-18, 7.78433452848e-18, 4.45484736335e-18, 2.13830076094e-18, 2.6471346075e-19, 2.78833537204e-20, 4.16198308197e-21, 2.56781075749e-21, 2.15987722761e-21, 1.5554450853e-21, 1.62136719979e-21], [1.49867580426e-18, 4.64755225576e-16, 1.67040699374e-15, 1.72906307243e-15, 2.50682428883e-15, 5.90586099177e-16, 1.4650082803e-15, 4.8307114839e-16, 8.10310098524e-16, 3.31422101753e-16, 2.92679291201e-16, 8.61003763103e-17, 1.5795214967e-16, 3.68244529794e-17, 1.27339533578e-17, 1.93926224584e-17, 6.25861188275e-18, 7.25284782386e-18, 4.14640039833e-18, 1.97159181426e-18, 2.50036562497e-19, 2.58756748982e-20, 3.98981400008e-21, 2.55819559066e-21, 2.18036792118e-21, 1.62136719979e-21, 1.69451421994e-21]]
    },
    "mfcc": {
        "kurt": [2.09662771225, 3.67242670059, -0.491403102875, 0.901008605957, 0.71634721756, -0.534909248352, 0.341425418854, -0.74506855011, -0.735159635544, 0.288479328156, 1.3314447403, 0.129397392273, -0.758425474167],
        "max": [-795.888427734, 254.205108643, 80.3505859375, 21.5538368225, 21.0612792969, 24.5049438477, 30.9644546509, 27.0716648102, 20.0014381409, 12.280664444, 12.2450065613, 12.7058868408, 8.3849029541],
        "mean": [-930.802246094, 178.648834229, 20.1723365784, -6.33635902405, 3.27888321877, -2.53856277466, 8.00566577911, 7.9893989563, -2.26304459572, -0.417850553989, -1.99932265282, -5.94469499588, -5.06600761414],
        "median": [-905.161804199, 199.17791748, 13.8004455566, -6.42252731323, 4.03735351562, -1.91446685791, 7.40358352661, 7.30195808411, -1.74568939209, -2.28881835938e-05, -1.71613693237, -5.99320220947, -4.45980834961],
        "min": [-1138.42004395, 1.14440917969e-05, -31.440196991, -20.8494682312, -23.168132782, -24.9031333923, -11.4562225342, -9.50643157959, -24.4162826538, -13.0260467529, -23.5604457855, -23.5707702637, -21.9888572693],
        "skew": [-1.74631667137, -2.29581570625, 0.797215521336, 0.240588143468, -0.741850972176, 0.123150512576, 0.664488077164, 0.301417559385, 0.159518614411, -0.0285874865949, -0.414764046669, -0.0784545391798, -0.339979052544],
        "var": [6327.07080078, 4022.97485352, 367.550354004, 26.5270442963, 45.0377998352, 79.1415023804, 39.83411026, 47.6194763184, 67.2340393066, 14.292719841, 16.1677379608, 15.8395242691, 26.9474430084],
        "cov": [[6328.81982422, 4899.70849609, -78.6714553833, -120.377792358, 212.803253174, -299.371032715, 101.402275085, 59.3338508606, -264.373687744, -14.5273628235, -29.7744045258, -101.802368164, -1.98407542706], [4899.70849609, 4024.08666992, 227.382080078, -132.081863403, 116.169776917, -134.434066772, 141.678100586, 130.267379761, -112.498542786, -2.81319451332, -31.8913421631, -109.512939453, -62.5929794312], [-78.6714553833, 227.382080078, 367.651947021, -38.3192405701, -64.9479522705, 123.108680725, 79.9337234497, 103.414367676, 117.727432251, 10.8476085663, -13.5966892242, -37.6235351562, -74.5860137939], [-120.377792358, -132.081863403, -38.3192405701, 26.5343761444, 14.0636587143, -8.8362531662, -10.4731311798, -14.719836235, -10.6307945251, -0.873238921165, 0.922860205173, 7.27101516724, 13.3368196487], [212.803253174, 116.169776917, -64.9479522705, 14.0636587143, 45.0502471924, -13.0040130615, -7.01554203033, -9.3359375, -25.0641136169, -2.17481136322, 6.42319107056, 5.07012748718, 13.5307426453], [-299.371032715, -134.434066772, 123.108680725, -8.8362531662, -13.0040130615, 79.1633758545, 37.0934562683, 41.1032218933, 54.807094574, 3.57232236862, -1.41876351833, -7.11799478531, -25.5716991425], [101.402275085, 141.678100586, 79.9337234497, -10.4731311798, -7.01554203033, 37.0934562683, 39.8451194763, 34.8706436157, 24.6792125702, 2.14280152321, -6.60886764526, -11.3243951797, -15.908490181], [59.3338508606, 130.267379761, 103.414367676, -14.719836235, -9.3359375, 41.1032218933, 34.8706436157, 47.6326408386, 44.4377670288, 8.73926830292, -1.42320251465, -14.3138504028, -25.4982452393], [-264.373687744, -112.498542786, 117.727432251, -10.6307945251, -25.0641136169, 54.807094574, 24.6792125702, 44.4377670288, 67.2526245117, 16.8048381805, 2.59547448158, -9.77769756317, -29.7092514038], [-14.5273628235, -2.81319451332, 10.8476085663, -0.873238921165, -2.17481136322, 3.57232236862, 2.14280152321, 8.73926830292, 16.8048381805, 14.29666996, 8.98907661438, 1.44727599621, -5.49086809158], [-29.7744045258, -31.8913421631, -13.5966892242, 0.922860205173, 6.42319107056, -1.41876351833, -6.60886764526, -1.42320251465, 2.59547448158, 8.98907661438, 16.1722068787, 10.4931650162, 0.488566190004], [-101.802368164, -109.512939453, -37.6235351562, 7.27101516724, 5.07012748718, -7.11799478531, -11.3243951797, -14.3138504028, -9.77769756317, 1.44727599621, 10.4931650162, 15.8439025879, 12.5766487122], [-1.98407542706, -62.5929794312, -74.5860137939, 13.3368196487, 13.5307426453, -25.5716991425, -15.908490181, -25.4982452393, -29.7092514038, -5.49086809158, 0.488566190004, 12.5766487122, 26.9548912048]]
    },
    "sccoeffs": {
        "kurt": [3.07908248901, 1.62554264069, 1.43041467667, 2.69067573547, 3.64124536514, 0.949038267136],
        "max": [-0.454823851585, -0.605235934258, -0.625895142555, -0.607198059559, -0.693716168404, -0.728061914444],
        "mean": [-0.70474421978, -0.803514063358, -0.78808426857, -0.822035968304, -0.856964826584, -0.847421109676],
        "median": [-0.684807777405, -0.794048607349, -0.781310617924, -0.814000606537, -0.849896669388, -0.829180955887],
        "min": [-0.98280698061, -0.981307089329, -0.977177023888, -0.972009539604, -0.968705058098, -0.975572764874],
        "skew": [-1.88553988934, -1.15792536736, -1.1042432785, -1.09472692013, -1.66517162323, -1.42221772671],
        "var": [0.00808293372393, 0.00371125503443, 0.0046893954277, 0.00273246085271, 0.00131829897873, 0.00224599428475],
        "cov": [[0.00808516796678, 0.00425503775477, 0.00490050809458, 0.00339458719827, 0.00248589925468, 0.00290291360579], [0.00425503775477, 0.00371228088625, 0.00333652482368, 0.00233969162218, 0.00155797868501, 0.00143313384615], [0.00490050809458, 0.00333652482368, 0.00469069182873, 0.00253969640471, 0.0015591684496, 0.00155775307212], [0.00339458719827, 0.00233969162218, 0.00253969640471, 0.00273321615532, 0.00161983387079, 0.00111511372961], [0.00248589925468, 0.00155797868501, 0.0015591684496, 0.00161983387079, 0.00131866335869, 0.00102289847564], [0.00290291360579, 0.00143313384615, 0.00155775307212, 0.00111511372961, 0.00102289847564, 0.00224661501125]]
    },
    "scvalleys": {
        "kurt": [5.74740314484, 5.64769649506, 5.66003227234, 5.3403377533, 4.93453264236, 5.03011989594],
        "max": [-5.24302721024, -5.22725629807, -6.08760070801, -7.4672164917, -8.89014816284, -12.9418830872],
        "mean": [-8.9135093689, -9.08436203003, -9.65537929535, -10.8013515472, -12.1984081268, -15.7548570633],
        "median": [-6.98671197891, -7.20320701599, -7.75764989853, -8.87056446075, -10.3916454315, -14.4616680145],
        "min": [-28.1010284424, -28.2488880157, -27.8697624207, -27.8675327301, -27.6015033722, -27.5206604004],
        "skew": [-2.74580764771, -2.71577739716, -2.72371101379, -2.65493798256, -2.56668567657, -2.5867357254],
        "var": [34.0327568054, 33.6201972961, 31.2905235291, 28.1269721985, 24.1824417114, 14.0215854645],
        "cov": [[34.0421638489, 33.6996612549, 32.5468864441, 30.7964172363, 28.3953285217, 21.623714447], [33.6996612549, 33.6294898987, 32.3832969666, 30.642250061, 28.2784557343, 21.5329971313], [32.5468864441, 32.3832969666, 31.2991733551, 29.5880203247, 27.3015708923, 20.7897758484], [30.7964172363, 30.642250061, 29.5880203247, 28.1347465515, 26.0206565857, 19.7549209595], [28.3953285217, 28.2784557343, 27.3015708923, 26.0206565857, 24.189125061, 18.3227920532], [21.623714447, 21.5329971313, 20.7897758484, 19.7549209595, 18.3227920532, 14.0254611969]]
    }
},
"rhythm": {
    "beats_loudness": {
        "kurt": 20.8178405762,
        "max": 0.00495424633846,
        "mean": 0.000823522219434,
        "median": 0.000840323162265,
        "min": 0,
        "skew": 3.6055161953,
        "var": 3.61044953934e-07
    },
    "bpm": 129.910461426,
    "confidence": 2.40319085121,
    "first_peak_bpm": {
        "kurt": 0,
        "max": 129,
        "mean": 129,
        "median": 129,
        "min": 129,
        "skew": 0,
        "var": 0
    },
    "first_peak_spread": {
        "kurt": 0,
        "max": 0.214723944664,
        "mean": 0.214723944664,
        "median": 0.214723944664,
        "min": 0.214723944664,
        "skew": 0,
        "var": 0
    },
    "first_peak_weight": {
        "kurt": 0,
        "max": 0.699453532696,
        "mean": 0.699453532696,
        "median": 0.699453532696,
        "min": 0.699453532696,
        "skew": 0,
        "var": 0
    },
    "onset_rate": 5.74999952316,
    "second_peak_bpm": {
        "kurt": 0,
        "max": 161,
        "mean": 161,
        "median": 161,
        "min": 161,
        "skew": 0,
        "var": 0
    },
    "second_peak_spread": {
        "kurt": 0,
        "max": 0.111111104488,
        "mean": 0.111111104488,
        "median": 0.111111104488,
        "min": 0.111111104488,
        "skew": 0,
        "var": 0
    },
    "second_peak_weight": {
        "kurt": 0,
        "max": 0.0437158457935,
        "mean": 0.0437158457935,
        "median": 0.0437158457935,
        "min": 0.0437158457935,
        "skew": 0,
        "var": 0
    },
    "beats_loudness_band_ratio": {
        "kurt": [0.608289957047, -0.714155435562, -0.340928792953, 20.4609870911, 100.699714661, 145.847045898],
        "max": [0.846523404121, 0.44077065587, 0.40561440587, 0.510205447674, 0.0639225617051, 0.0136117059737],
        "mean": [0.500277221203, 0.191140279174, 0.1955178231, 0.0807279795408, 0.00534649891779, 0.000645885360427],
        "median": [0.543751478195, 0.197674512863, 0.202254086733, 0.0734188556671, 0.00518229883164, 0.000578967330512],
        "min": [0, 0, 0, 0, 0, 0],
        "skew": [-1.02182352543, -0.085428096354, -0.247299462557, 3.01445531845, 8.70235824585, 11.5429973602],
        "var": [0.0450486242771, 0.0110653080046, 0.00994244776666, 0.00296313641593, 2.48617579928e-05, 1.01591967905e-06],
        "cov": [[0.04529479146, 0.00143409147859, 0.00304387509823, 0.000578518782277, 9.62020421866e-05, 5.44014255865e-06], [0.00143409147859, 0.0111257741228, 0.0066408473067, 0.00318209524266, 0.000224093877478, 2.87516759272e-05], [0.00304387509823, 0.0066408473067, 0.0099967783317, 0.00199531880207, 0.000140156276757, 1.36263361128e-05], [0.000578518782277, 0.00318209524266, 0.00199531880207, 0.00297932839021, 0.000108372885734, 1.70627808984e-05], [9.62020421866e-05, 0.000224093877478, 0.000140156276757, 0.000108372885734, 2.49976146733e-05, 4.91827995575e-06], [5.44014255865e-06, 2.87516759272e-05, 1.36263361128e-05, 1.70627808984e-05, 4.91827995575e-06, 1.02147112102e-06]]
    },
    "beats_position": [0.452789098024, 0.905578196049, 1.369977355, 1.83437633514, 2.29877543449, 2.76317453384, 3.22757363319, 3.68036270142, 4.14476203918, 4.60916090012, 5.07355976105, 5.53795909882, 5.99074840546, 6.45514726639, 6.91954612732, 7.38394546509, 7.84834432602, 8.31274318695, 8.77714252472, 9.22993183136, 9.69433116913, 10.1587295532, 10.623128891, 11.0875282288, 11.5403175354, 12.0047159195, 12.4691152573, 12.933514595, 13.3863039017, 13.8507022858, 14.3151016235, 14.7795009613, 15.2439002991, 15.696688652, 16.1610889435, 16.6254863739, 17.0898857117, 17.5542850494, 18.0186843872, 18.4714736938, 18.9358730316, 19.4002723694, 19.8646717072, 20.3290691376, 20.7818584442, 21.246257782, 21.7106571198, 22.1750564575, 22.6394557953, 23.1038551331, 23.5566444397, 24.0210418701, 24.4854412079, 24.9498405457, 25.4142398834, 25.8786392212, 26.3314285278, 26.7958278656, 27.2602272034, 27.7246246338, 28.1774139404, 28.6418132782, 29.106212616, 29.5706119537, 30.0350112915, 30.4878005981, 30.9521980286, 31.4165973663, 31.8809967041, 32.3453979492, 32.7981834412, 33.2625846863, 33.7269821167, 34.1913833618, 34.6557807922, 35.1201820374, 35.572971344, 36.0373687744, 36.5017662048, 36.96616745, 37.4305648804, 37.883354187, 38.3477554321, 38.8121528625, 39.2765541077, 39.7409515381, 40.1937408447, 40.6581382751, 41.1225395203, 41.5869369507, 42.0513381958, 42.5157356262, 42.9685249329, 43.432926178, 43.8973236084, 44.3617210388, 44.8261222839, 45.2789115906, 45.743309021, 46.2077102661, 46.6721076965, 47.1365089417, 47.5892944336, 48.0536956787, 48.5180931091, 48.9824943542, 49.4468917847, 49.9112930298, 50.3640823364, 50.8284797668, 51.2928771973, 51.7572784424, 52.2216758728, 52.6744651794, 53.1388664246, 53.603263855, 54.0676651001, 54.5320625305, 54.9848518372, 55.4492492676, 55.9136505127, 56.3780479431, 56.8424491882, 57.3068466187, 57.7596359253, 58.2240333557, 58.6884346008, 59.1412239075, 59.6056213379, 60.070022583, 60.5344200134, 60.9988212585, 61.463218689, 61.9276161194, 62.380405426, 62.8448066711, 63.3092041016, 63.7736053467, 64.2380065918, 64.7024002075, 65.1551895142, 65.6195907593, 66.0839920044, 66.5483856201, 67.0127868652, 67.4655761719, 67.929977417, 68.3943786621, 68.8587722778, 69.3231735229, 69.7759628296, 70.2403640747, 70.7047576904, 71.1691589355, 71.6335601807, 72.0863494873, 72.5507507324, 73.0151443481, 73.4795455933, 73.9323348999, 74.3851242065, 74.8379135132, 75.2907028198, 75.731880188, 76.0453491211, 76.3588180542, 76.6955108643, 77.1018600464, 77.5082092285, 77.9145584106, 78.3092956543, 78.7620849609, 79.2032623291, 79.6444396973, 80.0856246948, 80.46875, 80.8402709961, 81.2117919922, 81.5833053589, 81.954826355, 82.3263473511, 82.6978683472, 83.0693893433, 83.44090271],
