{
"metadata": {
    "version": {
        "essentia": "2.1-beta3"
    }
},
"lowLevel": {
    "average_loudness": 0.900139927864,
    "barkbands_kurtosis": {
        "kurt": 11.6468877792,
        "max": 13.6725730896,
        "mean": -0.206730693579,
        "median": -0.661473274231,
        "min": -1.78387701511,
        "skew": 2.41490626335,
        "var": 2.25230526924
    },
    "barkbands_skewness": {
        "kurt": -0.0199146270752,
        "max": 3.66096949577,
        "mean": 0.785758793354,
        "median": 0.818186044693,
        "min": -1.74148857594,
        "skew": -0.00845330487937,
        "var": 0.472863554955
    },
    "barkbands_spread": {
        "kurt": -0.857474327087,
        "max": 63.153087616,
        "mean": 36.2856292725,
        "median": 36.1450805664,
        "min": 7.79796361923,
        "skew": 0.0545772053301,
        "var": 117.832382202
    },
    "dissonance": {
        "kurt": 1.9398355484,
        "max": 0.500000059605,
        "mean": 0.483271002769,
        "median": 0.485323190689,
        "min": 0.418009221554,
        "skew": -1.09704601765,
        "var": 0.000107484243927
    },
    "hfc": {
        "kurt": 5.6997013092,
        "max": 7.7927532196,
        "mean": 1.04138016701,
        "median": 0.688728988171,
        "min": 1.11803624182e-16,
        "skew": 2.04689264297,
        "var": 1.14955031872
    },
    "pitch": {
        "kurt": -1.13970470428,
        "max": 4656.29492188,
        "mean": 1095.30419922,
        "median": 236.217300415,
        "min": 47.9128112793,
        "skew": 0.888391256332,
        "var": 1832597.125
    },
    "pitch_instantaneous_confidence": {
        "kurt": 3.53164815903,
        "max": 0.870270013809,
        "mean": 0.24830198288,
        "median": 0.232439219952,
        "min": 0.11132133007,
        "skew": 1.29559874535,
        "var": 0.00660339556634
    },
    "pitch_salience": {
        "kurt": 2.95493412018,
        "max": 0.846965670586,
        "mean": 0.719211041927,
        "median": 0.730616152287,
        "min": 0.326295405626,
        "skew": -1.25724411011,
        "var": 0.00359922158532
    },
    "silence_rate_20dB": {
        "kurt": 0,
        "max": 1,
        "mean": 1,
        "median": 1,
        "min": 1,
        "skew": 0,
        "var": 0
    },
    "silence_rate_30dB": {
        "kurt": 0,
        "max": 1,
        "mean": 1,
        "median": 1,
        "min": 1,
        "skew": 0,
        "var": 0
    },
    "silence_rate_60dB": {
        "kurt": 0,
        "max": 1,
        "mean": 1,
        "median": 1,
        "min": 1,
        "skew": 0,
        "var": 0
    },
    "spectral_centroid": {
        "kurt": 25.5551319122,
        "max": 11216.4550781,
        "mean": 1315.02807617,
        "median": 1122.93676758,
        "min": 362.47744751,
        "skew": 2.63150334358,
        "var": 487725.1875
    },
    "spectral_complexity": {
        "kurt": 2.36282730103,
        "max": 12,
        "mean": 1.92889177799,
        "median": 2,
        "min": 0,
        "skew": 0.994170606136,
        "var": 2.23388743401
    },
    "spectral_crest": {
        "kurt": 1.37134122849,
        "max": 22.5655117035,
        "mean": 7.30986356735,
        "median": 6.64127731323,
        "min": 2.34728693962,
        "skew": 1.10853981972,
        "var": 9.41153430939
    },
    "spectral_decrease": {
        "kurt": 1.37112188339,
        "max": -2.26006720407e-29,
        "mean": -1.58747209822e-10,
        "median": -1.57521093391e-10,
        "min": -8.74567140929e-10,
        "skew": -0.527915775776,
        "var": 1.0006791611e-20
    },
    "spectral_energy": {
        "kurt": 0.867356300354,
        "max": 0.00347775383852,
        "mean": 0.000693604408298,
        "median": 0.000675366143696,
        "min": 1.02262077308e-20,
        "skew": 0.58918607235,
        "var": 2.04949031968e-07
    },
    "spectral_energyband_high": {
        "kurt": 15.1577529907,
        "max": 0.000859794730786,
        "mean": 5.68686955376e-05,
        "median": 2.76508253592e-05,
        "min": 7.40494588518e-21,
        "skew": 3.07292199135,
        "var": 5.90196691519e-09
    },
    "spectral_energyband_low": {
        "kurt": 3.06636333466,
        "max": 0.000610005867202,
        "mean": 0.000107964951894,
        "median": 9.06414570636e-05,
        "min": 1.48176628454e-22,
        "skew": 1.45561146736,
        "var": 8.03087107926e-09
    },
    "spectral_energyband_middle_high": {
        "kurt": 3.14864110947,
        "max": 0.00135480077006,
        "mean": 0.000230651538004,
        "median": 0.00017559605476,
        "min": 1.41501875649e-21,
        "skew": 1.55564498901,
        "var": 4.19349426295e-08
    },
    "spectral_energyband_middle_low": {
        "kurt": 10.8243808746,
        "max": 0.00296053476632,
        "mean": 0.0003309045278,
        "median": 0.000302900763927,
        "min": 4.24212791682e-22,
        "skew": 1.83815670013,
        "var": 5.93346456412e-08
    },
    "spectral_flatness_db": {
        "kurt": -0.258938550949,
        "max": 0.20481325686,
        "mean": 0.100028924644,
        "median": 0.0975064784288,
        "min": 0.0545311309397,
        "skew": 0.462462723255,
        "var": 0.000615080469288
    },
    "spectral_flux": {
        "kurt": -0.0185861587524,
        "max": 0.0391656011343,
        "mean": 0.0151727264747,
        "median": 0.0162075199187,
        "min": 1.0112471277e-10,
        "skew": -0.548129975796,
        "var": 4.00995777454e-05
    },
    "spectral_kurtosis": {
        "kurt": -0.984046459198,
        "max": 8.3585767746,
        "mean": 1.75247383118,
        "median": 1.68715667725,
        "min": -1.16403186321,
        "skew": 0.189870044589,
        "var": 2.77818489075
    },
    "spectral_rms": {
        "kurt": -0.065441608429,
        "max": 0.00184199085925,
        "mean": 0.000759306363761,
        "median": 0.00081172271166,
        "min": 3.15860532174e-12,
        "skew": -0.574282705784,
        "var": 1.00142834469e-07
    },
    "spectral_rolloff": {
        "kurt": 17.0802459717,
        "max": 19143.0175781,
        "mean": 2703.55712891,
        "median": 2734.71679688,
        "min": 258.3984375,
        "skew": 2.28991293907,
        "var": 1830125.75
    },
    "spectral_skewness": {
        "kurt": -0.736446857452,
        "max": 2.37521314621,
        "mean": 1.27914369106,
        "median": 1.30581569672,
        "min": -0.0281096007675,
        "skew": -0.268359929323,
        "var": 0.126368418336
    },
    "spectral_spread": {
        "kurt": 12.2307529449,
        "max": 38790512,
        "mean": 7457149,
        "median": 6949830.5,
        "min": 3650900.5,
        "skew": 1.44363772869,
        "var": 6.69544402125e+12
    },
    "spectral_strongpeak": {
        "kurt": 54.1277923584,
        "max": 1.24525606632,
        "mean": 0.0693664848804,
        "median": 0.04819348827,
        "min": 1.29447674801e-09,
        "skew": 6.4387922287,
        "var": 0.00988878495991
    },
    "zerocrossingrate": {
        "kurt": 35.8230628967,
        "max": 0.50537109375,
        "mean": 0.0825501829386,
        "median": 0.07958984375,
        "min": 0.0263671875,
        "skew": 2.79024505615,
        "var": 0.000759137328714
    },
    "barkbands": {
        "kurt": [2.65424060822, 20.4782829285, 6.02384471893, 7.83101463318, 34.5659751892, 5.74802494049, 5.05655765533, 5.85862731934, 8.92132472992, 8.13261222839, 10.2228593826, 6.91342830658, 8.4463634491, 12.7073926926, 7.89503097534, 6.21258831024, 25.7959346771, 10.2665109634, 9.23259544373, 23.7825431824, 363.234619141, 8.34929943085, 7.36492156982, 15.8071079254, 23.251077652, 82.1525268555, 20.1038475037],
        "max": [2.18285076699e-05, 0.000431927241152, 0.00032013040618, 0.000639814301394, 0.00273687648587, 0.000332495663315, 0.00015961722238, 0.00010603042756, 0.000142246819451, 0.000138995994348, 0.000117670388136, 8.39947824716e-05, 8.99795995792e-05, 0.000106113460788, 0.000107197243779, 0.000190980907064, 0.00055340398103, 0.000616555626038, 0.00029606197495, 0.000358529796358, 0.000537720159627, 5.57318198844e-05, 4.38691931777e-05, 0.000293300457997, 0.000133243418531, 1.96856467483e-06, 9.66684865489e-09],
        "mean": [3.59694467988e-06, 3.06778056256e-05, 4.39032592112e-05, 6.44265091978e-05, 0.000166840793099, 4.12670779042e-05, 2.27642867685e-05, 1.35811924338e-05, 1.71772189788e-05, 1.58049406309e-05, 1.21736447909e-05, 1.1232153156e-05, 1.09985476229e-05, 1.04370810732e-05, 1.24578864416e-05, 2.40546523855e-05, 3.58226170647e-05, 5.29733188159e-05, 3.18381462421e-05, 2.51900128205e-05, 1.09815564429e-05, 6.2215744947e-06, 3.90476725443e-06, 1.87263358384e-05, 6.50866422802e-06, 4.44850662973e-08, 5.47813350238e-10],
        "median": [2.3317115847e-06, 2.21018672164e-05, 2.79123341898e-05, 4.30100626545e-05, 0.000122557656141, 3.51213639078e-05, 1.83180563909e-05, 1.06297438833e-05, 1.35351838253e-05, 1.28624433273e-05, 9.70405926637e-06, 9.61288060353e-06, 8.73634780874e-06, 7.98331893748e-06, 9.45529427554e-06, 1.75140594365e-05, 2.12991635635e-05, 3.28710157191e-05, 1.90571463463e-05, 1.41172758958e-05, 7.1818417382e-06, 4.18234640165e-06, 1.88749652352e-06, 2.64762343249e-06, 8.29339796837e-07, 6.3032010722e-09, 1.21507581774e-10],
        "min": [1.42748782644e-23, 3.43268815494e-23, 8.45746674838e-23, 2.84158773668e-23, 5.1868014726e-23, 2.15666619769e-23, 1.1187548365e-22, 1.19778645608e-22, 7.20106249968e-23, 3.75997676264e-23, 7.57082874277e-23, 5.65840902746e-23, 1.51762941591e-22, 8.87693564613e-23, 2.47150247823e-22, 1.42515636381e-22, 1.87618815435e-22, 1.40733214632e-22, 1.30788922413e-22, 4.92984549439e-22, 3.28578590919e-22, 3.96688866719e-22, 7.44635974479e-22, 6.1065003232e-22, 1.27245470298e-21, 1.4487171778e-21, 2.40933619994e-21],
        "skew": [1.54366445541, 3.03096437454, 2.14591145515, 2.24195718765, 3.89870214462, 1.72048318386, 1.67566001415, 1.87242996693, 2.18227696419, 2.12345528603, 2.31639504433, 1.8885974884, 2.28209018707, 2.69858717918, 2.19949579239, 2.13158917427, 3.81104946136, 2.61283540726, 2.58797669411, 3.84705471992, 15.8245716095, 2.36398220062, 2.28586363792, 3.42368197441, 4.28895950317, 7.275867939, 3.84153580666],
        "var": [1.38816154752e-11, 1.04276209889e-09, 2.36207231552e-09, 4.97202012895e-09, 3.18968602642e-08, 1.1999284899e-09, 3.99767718928e-10, 1.56713905741e-10, 2.51678261565e-10, 2.09778458493e-10, 1.27084162638e-10, 9.07896188784e-11, 1.03442338029e-10, 1.07206916955e-10, 1.39394898402e-10, 6.26124596614e-10, 2.08841366423e-09, 3.97675403718e-09, 1.43123246588e-09, 1.13565756799e-09, 3.99939359408e-10, 4.64173317838e-11, 2.43166996955e-11, 1.20511123303e-09, 2.081279038e-10, 1.33749077352e-14, 1.02399789955e-18],
        "cov": [[1.38905137392e-11, 4.27741626841e-11, 3.20381533803e-11, 3.15709680621e-11, 1.03113961814e-10, 2.23567813568e-11, 1.29334832774e-11, 8.49968533057e-12, 1.19952277278e-11, 1.08444156433e-11, 7.1080706425e-12, 7.59358981944e-12, 6.60338277114e-12, 6.61927457291e-12, 7.96628214783e-12, 1.18767070831e-11, 1.12504987965e-11, 2.12714724307e-11, 1.70448325593e-11, 1.04739472304e-11, 6.80491860777e-12, 3.55234960371e-12, 2.03488831688e-12, 6.55373151581e-12, 1.98460302012e-12, 5.07048692363e-16, 2.39379848875e-16], [4.27741626841e-11, 1.04343056417e-09, 3.98368810162e-10, 4.30470520341e-10, 1.367912561e-09, 2.49019582732e-10, 1.63150937205e-10, 1.06150095658e-10, 1.42282671756e-10, 1.2676615313e-10, 9.07034378161e-11, 8.02430691338e-11, 7.50812120809e-11, 8.16858455877e-11, 8.25982546249e-11, 1.90270396661e-10, 3.55843771116e-10, 3.56205204222e-10, 2.14697495893e-10, 1.45930031947e-10, 8.80618494792e-11, 5.07678517281e-11, 3.70016829676e-11, 1.44391221202e-10, 4.67310010133e-11, 2.42918911982e-13, 5.14815995078e-15], [3.20381533803e-11, 3.98368810162e-10, 2.36358643768e-09, 1.29604660337e-09, 1.15727283312e-09, 3.22836340994e-10, 1.86715157224e-10, 1.21901516659e-10, 1.38446434872e-10, 1.7019646803e-10, 1.20484414112e-10, 1.07769522473e-10, 1.06772327091e-10, 1.29430438589e-10, 1.36657629657e-10, 2.90514418078e-10, 3.8517916634e-10, 6.19315987382e-10, 3.92178040043e-10, 3.47537165712e-10, 1.13524772916e-10, 4.54676712947e-11, 2.47434277928e-11, 1.12813633435e-10, 4.94377976057e-11, 4.82538759384e-13, 3.11746579885e-15], [3.15709680621e-11, 4.30470520341e-10, 1.29604660337e-09, 4.97520691312e-09, 3.02916736139e-09, 5.32723642976e-10, 3.51179946234e-10, 1.97300287219e-10, 2.49642084782e-10, 2.27137697539e-10, 1.76874237479e-10, 1.7230593341e-10, 1.67170013943e-10, 1.98988298061e-10, 2.2156892987e-10, 4.88093232498e-10, 6.28282537107e-10, 1.00487029808e-09, 5.51426682094e-10, 4.58567600559e-10, 1.70839828395e-10, 7.64638352635e-11, 4.9664820867e-11, 2.89187979119e-10, 1.00937626313e-10, 7.65081086592e-13, 7.129269641e-15], [1.03113961814e-10, 1.367912561e-09, 1.15727283312e-09, 3.02916736139e-09, 3.19173061314e-08, 1.95061100605e-09, 9.45816869269e-10, 6.19553630621e-10, 1.08920061859e-09, 6.76608380434e-10, 5.02608510367e-10, 3.75399739072e-10, 3.67691571634e-10, 3.49120510279e-10, 4.51012033276e-10, 9.69927249628e-10, 1.41283806876e-09, 1.6016499238e-09, 8.98893903756e-10, 6.57362220213e-10, 3.20964865796e-10, 2.96515478837e-10, 1.94967098022e-10, 9.03967845023e-10, 1.75927050705e-10, 1.11323667298e-12, 2.63237477335e-14], [2.23567813568e-11, 2.49019582732e-10, 3.22836340994e-10, 5.32723642976e-10, 1.95061100605e-09, 1.20069765241e-09, 2.49043730083e-10, 1.2729436949e-10, 1.62265409442e-10, 1.54690413257e-10, 1.29930968762e-10, 1.10756605276e-10, 1.03084180081e-10, 9.99914248623e-11, 1.31758548516e-10, 2.96290242341e-10, 4.89092377709e-10, 5.70580582782e-10, 3.46284029229e-10, 2.95291041619e-10, 1.13502478249e-10, 6.45067957383e-11, 4.3483355805e-11, 2.77172201857e-10, 1.0572575454e-10, 6.90295314399e-13, 7.39825850593e-15], [1.29334832774e-11, 1.63150937205e-10, 1.86715157224e-10, 3.51179946234e-10, 9.45816869269e-10, 2.49043730083e-10, 4.00023986158e-10, 8.49877807019e-11, 9.94029233925e-11, 1.0240509829e-10, 7.96936544534e-11, 6.68347183153e-11, 6.52301268556e-11, 5.65856181356e-11, 7.82356263107e-11, 1.73674588599e-10, 3.19311965757e-10, 3.84109299922e-10, 2.31947461238e-10, 1.77254946832e-10, 8.09770098198e-11, 4.41086125957e-11, 3.21670676207e-11, 2.03222952355e-10, 7.64228125227e-11, 4.16537003457e-13, 5.31033033776e-15], [8.49968533057e-12, 1.06150095658e-10, 1.21901516659e-10, 1.97300287219e-10, 6.19553630621e-10, 1.2729436949e-10, 8.49877807019e-11, 1.56814353169e-10, 7.90717977206e-11, 6.42161324116e-11, 4.09522901701e-11, 4.07176653505e-11, 3.90490938196e-11, 4.01707070385e-11, 4.44675025968e-11, 8.57066917437e-11, 1.41402847764e-10, 1.81935563837e-10, 1.06408930278e-10, 6.89153248357e-11, 3.03283856362e-11, 2.78072634363e-11, 1.80368081582e-11, 7.48881720525e-11, 2.34001099747e-11, 1.43343724477e-13, 2.72106496745e-15], [1.19952277278e-11, 1.42282671756e-10, 1.38446434872e-10, 2.49642084782e-10, 1.08920061859e-09, 1.62265409442e-10, 9.94029233925e-11, 7.90717977206e-11, 2.51839604726e-10, 9.73503569424e-11, 5.91684895523e-11, 4.91586701901e-11, 5.65096545946e-11, 5.64309814155e-11, 6.49006751119e-11, 1.30953387023e-10, 1.65583491363e-10, 2.39178676864e-10, 1.64490449039e-10, 1.18421605855e-10, 5.15355605413e-11, 3.63865465536e-11, 2.48232059907e-11, 9.43231256989e-11, 2.61122113515e-11, 1.51178765687e-13, 3.71084922434e-15], [1.08444156433e-11, 1.2676615313e-10, 1.7019646803e-10, 2.27137697539e-10, 6.76608380434e-10, 1.54690413257e-10, 1.0240509829e-10, 6.42161324116e-11, 9.73503569424e-11, 2.09912920379e-10, 7.895254589e-11, 5.68243195553e-11, 5.99952656999e-11, 6.45165032509e-11, 8.07506561618e-11, 1.8858463402e-10, 3.15427350905e-10, 3.91598142802e-10, 2.32286953561e-10, 1.76338291191e-10, 6.0141364111e-11, 4.80724487995e-11, 3.39710308495e-11, 1.70468625327e-10, 6.30083624165e-11, 4.12353772005e-13, 5.40397279469e-15], [7.1080706425e-12, 9.07034378161e-11, 1.20484414112e-10, 1.76874237479e-10, 5.02608510367e-10, 1.29930968762e-10, 7.96936544534e-11, 4.09522901701e-11, 5.91684895523e-11, 7.895254589e-11, 1.27165625252e-10, 5.59139783085e-11, 4.26849944279e-11, 5.00341226783e-11, 6.88455889519e-11, 1.46318512861e-10, 2.58236654282e-10, 2.71463990176e-10, 1.71392983139e-10, 1.23303034449e-10, 4.78522464709e-11, 2.78897252515e-11, 2.08574147537e-11, 1.38447642239e-10, 5.91410878603e-11, 3.23754613613e-13, 3.60036944648e-15], [7.59358981944e-12, 8.02430691338e-11, 1.07769522473e-10, 1.7230593341e-10, 3.75399739072e-10, 1.10756605276e-10, 6.68347183153e-11, 4.07176653505e-11, 4.91586701901e-11, 5.68243195553e-11, 5.59139783085e-11, 9.08478153816e-11, 4.65643149039e-11, 4.81322481871e-11, 5.841959555e-11, 1.17761966845e-10, 2.03008221344e-10, 2.39651937184e-10, 1.56463592083e-10, 1.20613796728e-10, 4.54403840944e-11, 2.51631840364e-11, 1.71557022061e-11, 1.17371876107e-10, 4.76442496566e-11, 2.68024263807e-13, 3.12605047777e-15], [6.60338277114e-12, 7.50812120809e-11, 1.06772327091e-10, 1.67170013943e-10, 3.67691571634e-10, 1.03084180081e-10, 6.52301268556e-11, 3.90490938196e-11, 5.65096545946e-11, 5.99952656999e-11, 4.26849944279e-11, 4.65643149039e-11, 1.03508653038e-10, 5.92562873769e-11, 6.34477331785e-11, 1.33263233781e-10, 1.55424687009e-10, 3.13893577797e-10, 2.13055198484e-10, 1.69365133029e-10, 5.56870244361e-11, 2.64868873362e-11, 1.45441766269e-11, 8.17489131943e-11, 3.14357116726e-11, 2.50065511917e-13, 2.36535665762e-15], [6.61927457291e-12, 8.16858455877e-11, 1.29430438589e-10, 1.98988298061e-10, 3.49120510279e-10, 9.99914248623e-11, 5.65856181356e-11, 4.01707070385e-11, 5.64309814155e-11, 6.45165032509e-11, 5.00341226783e-11, 4.81322481871e-11, 5.92562873769e-11, 1.0727563976e-10, 7.7496502271e-11, 1.48394560529e-10, 1.84277468285e-10, 3.36330990836e-10, 2.17255199941e-10, 1.68194971839e-10, 5.17160064772e-11, 2.86105791836e-11, 1.64902657501e-11, 9.44242253831e-11, 3.94785142077e-11, 2.27136045432e-13, 2.59687765541e-15], [7.96628214783e-12, 8.25982546249e-11, 1.36657629657e-10, 2.2156892987e-10, 4.51012033276e-10, 1.31758548516e-10, 7.82356263107e-11, 4.44675025968e-11, 6.49006751119e-11, 8.07506561618e-11, 6.88455889519e-11, 5.841959555e-11, 6.34477331785e-11, 7.7496502271e-11, 1.39484257478e-10, 1.87972318266e-10, 2.87662338394e-10, 4.19927120854e-10, 2.75951400619e-10, 2.0723910088e-10, 6.99760735468e-11, 3.89216193997e-11, 2.46479399391e-11, 1.7587495349e-10, 7.70366964664e-11, 4.00062741181e-13, 4.60580433113e-15], [1.18767070831e-11, 1.90270396661e-10, 2.90514418078e-10, 4.88093232498e-10, 9.69927249628e-10, 2.96290242341e-10, 1.73674588599e-10, 8.57066917437e-11, 1.30953387023e-10, 1.8858463402e-10, 1.46318512861e-10, 1.17761966845e-10, 1.33263233781e-10, 1.48394560529e-10, 1.87972318266e-10, 6.26525997749e-10, 7.47144957014e-10, 9.99536120538e-10, 6.33619601231e-10, 5.20190002185e-10, 1.54764021043e-10, 8.74791350469e-11, 6.3475169565e-11, 4.2777889564e-10, 1.80291129248e-10, 1.28341413018e-12, 1.16225007523e-14], [1.12504987965e-11, 3.55843771116e-10, 3.8517916634e-10, 6.28282537107e-10, 1.41283806876e-09, 4.89092377709e-10, 3.19311965757e-10, 1.41402847764e-10, 1.65583491363e-10, 3.15427350905e-10, 2.58236654282e-10, 2.03008221344e-10, 1.55424687009e-10, 1.84277468285e-10, 2.87662338394e-10, 7.47144957014e-10, 2.08975237115e-09, 1.78749859359e-09, 9.95251103753e-10, 8.74850580868e-10, 2.87528945098e-10, 1.84750742482e-10, 1.4894045719e-10, 1.18296838991e-09, 4.83301454413e-10, 3.4719076572e-12, 2.88369351455e-14], [2.12714724307e-11, 3.56205204222e-10, 6.19315987382e-10, 1.00487029808e-09, 1.6016499238e-09, 5.70580582782e-10, 3.84109299922e-10, 1.81935563837e-10, 2.39178676864e-10, 3.91598142802e-10, 2.71463990176e-10, 2.39651937184e-10, 3.13893577797e-10, 3.36330990836e-10, 4.19927120854e-10, 9.99536120538e-10, 1.78749859359e-09, 3.97930310925e-09, 1.93778793012e-09, 1.62540525483e-09, 4.79059403258e-10, 2.7493837762e-10, 1.84041878959e-10, 1.4482868238e-09, 5.75909708811e-10, 4.39556420775e-12, 3.78170022695e-14], [1.70448325593e-11, 2.14697495893e-10, 3.92178040043e-10, 5.51426682094e-10, 8.98893903756e-10, 3.46284029229e-10, 2.31947461238e-10, 1.06408930278e-10, 1.64490449039e-10, 2.32286953561e-10, 1.71392983139e-10, 1.56463592083e-10, 2.13055198484e-10, 2.17255199941e-10, 2.75951400619e-10, 6.33619601231e-10, 9.95251103753e-10, 1.93778793012e-09, 1.43214995418e-09, 1.02909891719e-09, 2.9284349945e-10, 1.49001352923e-10, 8.75736913541e-11, 7.1773603727e-10, 3.11765141481e-10, 2.36999244015e-12, 1.76713163417e-14], [1.04739472304e-11, 1.45930031947e-10, 3.47537165712e-10, 4.58567600559e-10, 6.57362220213e-10, 2.95291041619e-10, 1.77254946832e-10, 6.89153248357e-11, 1.18421605855e-10, 1.76338291191e-10, 1.23303034449e-10, 1.20613796728e-10, 1.69365133029e-10, 1.68194971839e-10, 2.0723910088e-10, 5.20190002185e-10, 8.74850580868e-10, 1.62540525483e-09, 1.02909891719e-09, 1.13638554122e-09, 3.68634345271e-10, 1.11636838662e-10, 6.66071295341e-11, 5.81975578839e-10, 2.59533283753e-10, 2.39835213321e-12, 1.3196510738e-14], [6.80491860777e-12, 8.80618494792e-11, 1.13524772916e-10, 1.70839828395e-10, 3.20964865796e-10, 1.13502478249e-10, 8.09770098198e-11, 3.03283856362e-11, 5.15355605413e-11, 6.0141364111e-11, 4.78522464709e-11, 4.54403840944e-11, 5.56870244361e-11, 5.17160064772e-11, 6.99760735468e-11, 1.54764021043e-10, 2.87528945098e-10, 4.79059403258e-10, 2.9284349945e-10, 3.68634345271e-10, 4.0019573766e-10, 4.17601682401e-11, 2.61689558911e-11, 2.12449891013e-10, 8.42797429068e-11, 5.89601718143e-13, 5.33541818311e-15], [3.55234960371e-12, 5.07678517281e-11, 4.54676712947e-11, 7.64638352635e-11, 2.96515478837e-10, 6.45067957383e-11, 4.41086125957e-11, 2.78072634363e-11, 3.63865465536e-11, 4.80724487995e-11, 2.78897252515e-11, 2.51631840364e-11, 2.64868873362e-11, 2.86105791836e-11, 3.89216193997e-11, 8.74791350469e-11, 1.84750742482e-10, 2.7493837762e-10, 1.49001352923e-10, 1.11636838662e-10, 4.17601682401e-11, 4.64470857608e-11, 2.72834567439e-11, 1.70938874167e-10, 5.53622044042e-11, 3.2917302239e-13, 5.18570510968e-15], [2.03488831688e-12, 3.70016829676e-11, 2.47434277928e-11, 4.9664820867e-11, 1.94967098022e-10, 4.3483355805e-11, 3.21670676207e-11, 1.80368081582e-11, 2.48232059907e-11, 3.39710308495e-11, 2.08574147537e-11, 1.71557022061e-11, 1.45441766269e-11, 1.64902657501e-11, 2.46479399391e-11, 6.3475169565e-11, 1.4894045719e-10, 1.84041878959e-10, 8.75736913541e-11, 6.66071295341e-11, 2.61689558911e-11, 2.72834567439e-11, 2.43322879206e-11, 1.35649255717e-10, 4.6987462532e-11, 2.65632893286e-13, 4.34840457099e-15], [6.55373151581e-12, 1.44391221202e-10, 1.12813633435e-10, 2.89187979119e-10, 9.03967845023e-10, 2.77172201857e-10, 2.03222952355e-10, 7.48881720525e-11, 9.43231256989e-11, 1.70468625327e-10, 1.38447642239e-10, 1.17371876107e-10, 8.17489131943e-11, 9.44242253831e-11, 1.7587495349e-10, 4.2777889564e-10, 1.18296838991e-09, 1.4482868238e-09, 7.1773603727e-10, 5.81975578839e-10, 2.12449891013e-10, 1.70938874167e-10, 1.35649255717e-10, 1.20588372621e-09, 4.58463739195e-10, 2.63851896061e-12, 3.03748928679e-14], [1.98460302012e-12, 4.67310010133e-11, 4.94377976057e-11, 1.00937626313e-10, 1.75927050705e-10, 1.0572575454e-10, 7.64228125227e-11, 2.34001099747e-11, 2.61122113515e-11, 6.30083624165e-11, 5.91410878603e-11, 4.76442496566e-11, 3.14357116726e-11, 3.94785142077e-11, 7.70366964664e-11, 1.80291129248e-10, 4.83301454413e-10, 5.75909708811e-10, 3.11765141481e-10, 2.59533283753e-10, 8.42797429068e-11, 5.53622044042e-11, 4.6987462532e-11, 4.58463739195e-10, 2.08261310974e-10, 1.19381425318e-12, 1.12069328359e-14], [5.07048692363e-16, 2.42918911982e-13, 4.82538759384e-13, 7.65081086592e-13, 1.11323667298e-12, 6.90295314399e-13, 4.16537003457e-13, 1.43343724477e-13, 1.51178765687e-13, 4.12353772005e-13, 3.23754613613e-13, 2.68024263807e-13, 2.50065511917e-13, 2.27136045432e-13, 4.00062741181e-13, 1.28341413018e-12, 3.4719076572e-12, 4.39556420775e-12, 2.36999244015e-12, 2.39835213321e-12, 5.89601718143e-13, 3.2917302239e-13, 2.65632893286e-13, 2.63851896061e-12, 1.19381425318e-12, 1.33834814027e-14, 5.94846952834e-17], [2.39379848875e-16, 5.14815995078e-15, 3.11746579885e-15, 7.129269641e-15, 2.63237477335e-14, 7.39825850593e-15, 5.31033033776e-15, 2.72106496745e-15, 3.71084922434e-15, 5.40397279469e-15, 3.60036944648e-15, 3.12605047777e-15, 2.36535665762e-15, 2.59687765541e-15, 4.60580433113e-15, 1.16225007523e-14, 2.88369351455e-14, 3.78170022695e-14, 1.76713163417e-14, 1.3196510738e-14, 5.33541818311e-15, 5.18570510968e-15, 4.34840457099e-15, 3.03748928679e-14, 1.12069328359e-14, 5.94846952834e-17, 1.02465437077e-18]]
    },
    "mfcc": {
        "kurt": [3.29720067978, -0.508829116821, 0.247221231461, 0.0530490875244, -0.296281576157, -0.548232555389, -0.14973950386, 0.184278488159, 0.128606796265, 0.123782634735, 0.219289302826, 0.373467445374, 0.0669374465942],
        "max": [-678.393371582, 152.596252441, 32.2629737854, 76.0489349365, 41.6589202881, 20.8984909058, 28.3638076782, 26.3657608032, 12.8677062988, 12.7225971222, 12.7299156189, 21.140953064, 9.15001678467],
        "mean": [-801.184753418, 94.3910675049, -10.9116163254, 34.277973175, 9.63489055634, -7.3750538826, 2.64649868011, 1.6127935648, -4.80373620987, -7.01372671127, -7.85117149353, -3.67643284798, -7.9668006897],
        "median": [-777.817321777, 93.9365539551, -11.2210826874, 33.8161964417, 9.70587539673, -6.37032318115, 2.15508079529, 1.4979019165, -4.83681678772, -6.95592880249, -7.77182006836, -3.81446075439, -7.94753456116],
        "min": [-1138.42004395, 1.14440917969e-05, -67.9436187744, 8.01086425781e-05, -36.3853530884, -42.2203521729, -18.2069015503, -20.9843635559, -22.4185676575, -25.1572952271, -29.6982650757, -21.0739707947, -30.1243858337],
        "skew": [-1.79842340946, -0.321725457907, -0.192244321108, 0.0683521479368, -0.0496454313397, -0.239385917783, 0.310126543045, 0.0678101554513, -0.0369049943984, -0.0401314385235, -0.146010667086, 0.236974358559, -0.047852255404],
        "var": [7097.82080078, 782.041503906, 205.144851685, 131.625778198, 129.198974609, 119.151748657, 61.7502670288, 45.2468452454, 30.9168148041, 31.6944236755, 33.4200363159, 36.1311683655, 29.6246852875],
        "cov": [[7102.37060547, -327.906585693, -109.429779053, 57.5986595154, 281.349914551, -347.590759277, 82.4363250732, 77.9512557983, -70.0566253662, -40.506526947, -93.121711731, 107.899139404, -67.1000137329], [-327.906585693, 782.542785645, -214.129806519, 185.356674194, -212.369125366, 195.74937439, -58.2520866394, 9.29940891266, -13.1646823883, 19.9450912476, 14.7656641006, -27.4204368591, 20.2940311432], [-109.429779053, -214.129806519, 205.276367188, -104.00907135, 87.9141235352, -61.3383407593, 9.28808307648, 14.8894519806, 5.03636884689, -2.49757862091, -5.91437864304, 15.5436325073, -13.7169981003], [57.5986595154, 185.356674194, -104.00907135, 131.710159302, -51.7647171021, 50.8124465942, -7.89463376999, -7.72964000702, -4.44711256027, -3.26958608627, 0.351246058941, -7.16851234436, 7.30781984329], [281.349914551, -212.369125366, 87.9141235352, -51.7647171021, 129.281799316, -78.6611404419, 39.1157493591, -2.19148349762, 5.13302659988, -13.4157037735, -11.4334859848, 12.1498174667, -7.40496253967], [-347.590759277, 195.74937439, -61.3383407593, 50.8124465942, -78.6611404419, 119.228126526, -26.7621498108, 10.4613494873, -1.46077644825, 16.8473854065, 13.605257988, -15.000421524, 6.85188913345], [82.4363250732, -58.2520866394, 9.28808307648, -7.89463376999, 39.1157493591, -26.7621498108, 61.7898483276, -8.86866092682, 8.88757610321, -2.91368436813, -0.0695190429688, 6.29547262192, 1.9901059866], [77.9512557983, 9.29940891266, 14.8894519806, -7.72964000702, -2.19148349762, 10.4613494873, -8.86866092682, 45.2758522034, 7.44175052643, 6.91757440567, 2.49545621872, 2.85898113251, -2.78225970268], [-70.0566253662, -13.1646823883, 5.03636884689, -4.44711256027, 5.13302659988, -1.46077644825, 8.88757610321, 7.44175052643, 30.9366340637, 10.5038661957, 4.78613042831, 0.440710604191, 2.48852181435], [-40.506526947, 19.9450912476, -2.49757862091, -3.26958608627, -13.4157037735, 16.8473854065, -2.91368436813, 6.91757440567, 10.5038661957, 31.7147407532, 15.9129743576, 0.423292964697, 0.272134840488], [-93.121711731, 14.7656641006, -5.91437864304, 0.351246058941, -11.4334859848, 13.605257988, -0.0695190429688, 2.49545621872, 4.78613042831, 15.9129743576, 33.4414596558, 4.77003860474, 4.58583688736], [107.899139404, -27.4204368591, 15.5436325073, -7.16851234436, 12.1498174667, -15.000421524, 6.29547262192, 2.85898113251, 0.440710604191, 0.423292964697, 4.77003860474, 36.1543312073, 8.66193580627], [-67.1000137329, 20.2940311432, -13.7169981003, 7.30781984329, -7.40496253967, 6.85188913345, 1.9901059866, -2.78225970268, 2.48852181435, 0.272134840488, 4.58583688736, 8.66193580627, 29.6436748505]]
    },
    "sccoeffs": {
        "kurt": [0.15149641037, 0.186849117279, 0.0875473022461, 0.337236881256, 0.678679943085, 2.86654233932],
        "max": [-0.565424859524, -0.664137005806, -0.754157006741, -0.759032070637, -0.706676185131, -0.693260729313],
        "mean": [-0.7703769207, -0.821205019951, -0.854483902454, -0.853900551796, -0.833036899567, -0.830339610577],
        "median": [-0.771599650383, -0.822909295559, -0.855448782444, -0.854554235935, -0.830996692181, -0.833829820156],
        "min": [-0.950707137585, -0.956123828888, -0.953305661678, -0.952870726585, -0.963964521885, -0.961944103241],
        "skew": [0.262955904007, 0.220891535282, 0.117251120508, -0.0336745306849, -0.265095174313, 0.843055605888],
        "var": [0.00284270267002, 0.00165376521181, 0.000776817731094, 0.000518974906299, 0.000716028676834, 0.000486799981445],
        "cov": [[0.00284452503547, 0.000166550031281, 0.000192655468709, 0.000254864105955, 0.000356633128831, 4.8072233767e-05], [0.000166550031281, 0.00165482528973, 0.000118074625789, 0.000197626839508, 0.000237720349105, 6.15636818111e-05], [0.000192655468709, 0.000118074625789, 0.000777315697633, 0.000144195786561, 0.000249049597187, 4.84947449877e-05], [0.000254864105955, 0.000197626839508, 0.000144195786561, 0.000519307563081, 0.000267877039732, 4.67536156066e-05], [0.000356633128831, 0.000237720349105, 0.000249049597187, 0.000267877039732, 0.00071648764424, 3.73381917598e-05], [4.8072233767e-05, 6.15636818111e-05, 4.84947449877e-05, 4.67536156066e-05, 3.73381917598e-05, 0.000487112032715]]
    },
    "scvalleys": {
        "kurt": [119.359512329, 108.832832336, 108.560592651, 95.4098052979, 75.0283355713, 18.6350841522],
        "max": [-5.57904291153, -5.8793759346, -6.28069877625, -6.72948503494, -6.64840936661, -7.79313373566],
        "mean": [-6.80949354172, -7.33396577835, -7.67364501953, -8.01847076416, -8.17133617401, -9.8265581131],
        "median": [-6.57055521011, -7.10380935669, -7.42422866821, -7.78187513351, -7.9623670578, -9.61365509033],
        "min": [-28.0198001862, -27.4270763397, -27.4982376099, -27.3347911835, -27.1976509094, -27.1532154083],
        "skew": [-7.30525827408, -6.96115779877, -7.01448011398, -6.56624174118, -5.55376005173, -2.45333862305],
        "var": [1.06396448612, 1.00384652615, 0.981122374535, 1.00103092194, 1.0923384428, 1.85530626774],
        "cov": [[1.06464648247, 0.932835519314, 0.93694716692, 0.943100392818, 0.943555951118, 1.09164142609], [0.932835519314, 1.00449001789, 0.923296809196, 0.931494474411, 0.934305608273, 1.09429740906], [0.93694716692, 0.923296809196, 0.981751263142, 0.94406157732, 0.951462566853, 1.11181223392], [0.943100392818, 0.931494474411, 0.94406157732, 1.00167262554, 0.993202388287, 1.16358709335], [0.943555951118, 0.934305608273, 0.951462566853, 0.993202388287, 1.09303867817, 1.30965423584], [1.09164142609, 1.09429740906, 1.11181223392, 1.16358709335, 1.30965423584, 1.85649549961]]
    }
},
"rhythm": {
    "beats_loudness": {
        "kurt": -0.59063076973,
        "max": 0.00199925759807,
        "mean": 0.000773688487243,
        "median": 0.000767800665926,
        "min": 6.63567243464e-06,
        "skew": 0.173553556204,
        "var": 2.23630962637e-07
    },
    "bpm": 98.050201416,
    "confidence": 0.263574510813,
    "first_peak_bpm": {
        "kurt": 0,
        "max": 99,
        "mean": 99,
        "median": 99,
        "min": 99,
        "skew": 0,
        "var": 0
    },
    "first_peak_spread": {
        "kurt": 0,
        "max": 0.424242436886,
        "mean": 0.424242436886,
        "median": 0.424242436886,
        "min": 0.424242436886,
        "skew": 0,
        "var": 0
    },
    "first_peak_weight": {
        "kurt": 0,
        "max": 0.311475396156,
        "mean": 0.311475396156,
        "median": 0.311475396156,
        "min": 0.311475396156,
        "skew": 0,
        "var": 0
    },
    "onset_rate": 3.17476725578,
    "second_peak_bpm": {
        "kurt": 0,
        "max": 117,
        "mean": 117,
        "median": 117,
        "min": 117,
        "skew": 0,
        "var": 0
    },
    "second_peak_spread": {
        "kurt": 0,
        "max": 0.549999952316,
        "mean": 0.549999952316,
        "median": 0.549999952316,
        "min": 0.549999952316,
        "skew": 0,
        "var": 0
    },
    "second_peak_weight": {
        "kurt": 0,
        "max": 0.147540986538,
        "mean": 0.147540986538,
        "median": 0.147540986538,
        "min": 0.147540986538,
        "skew": 0,
        "var": 0
    },
    "beats_loudness_band_ratio": {
        "kurt": [-0.487340688705, -0.331060409546, 0.614160776138, 4.17110824585, -0.814996004105, -0.500111103058],
        "max": [0.537513673306, 0.583018124104, 0.208892613649, 0.193179309368, 0.39739754796, 0.377292513847],
        "mean": [0.257046729326, 0.26973348856, 0.0975455194712, 0.080574452877, 0.205965653062, 0.15236531198],
        "median": [0.251281440258, 0.255136489868, 0.0940925776958, 0.0765456259251, 0.189017429948, 0.119731672108],
        "min": [0.0741812884808, 0.0607706867158, 0.0339877717197, 0.0405651889741, 0.0597186684608, 0.0266852136701],
        "skew": [0.472593843937, 0.397139489651, 0.646407842636, 1.75949656963, 0.405536562204, 0.754950463772],
        "var": [0.0130267906934, 0.0151297776029, 0.00133062317036, 0.000856069091242, 0.00779091846198, 0.00957045983523],
        "cov": [[0.0132403438911, 0.00132239318918, 0.00110168743413, 3.63402032235e-05, -0.00608451711014, -0.00723455613479], [0.00132239318918, 0.0153778064996, 0.000752351945266, -0.000265843322268, -0.00773231871426, -0.00846741721034], [0.00110168743413, 0.000752351945266, 0.00135243672412, 0.000282350054476, -0.00166170566808, -0.00163734867238], [3.63402032235e-05, -0.000265843322268, 0.000282350054476, 0.000870102958288, -0.000312411604682, -0.000588710419834], [-0.00608451711014, -0.00773231871426, -0.00166170566808, -0.000312411604682, 0.00791863817722, 0.00710344407707], [-0.00723455613479, -0.00846741721034, -0.00163734867238, -0.000588710419834, 0.00710344407707, 0.00972735323012]]
    },
    "beats_position": [0.626938760281, 1.25387752056, 1.88081634045, 2.48453521729, 3.07664394379, 3.66875267029, 4.26086139679, 4.86458063126, 5.47990942001, 6.10684776306, 6.73378658295, 7.36072540283, 8.04571437836, 8.71909236908, 9.32281208038, 9.92653083801, 10.5418596268, 11.1571884155, 11.7725172043, 12.387845993, 13.0031747818, 13.6185035706, 14.2454423904, 14.8723802567, 15.4877090454, 16.114648819, 16.7415866852, 17.3685264587, 17.9722442627, 18.575963974, 19.179681778, 19.7834014893, 20.3755092621, 20.9792289734, 21.5829467773, 22.1866664886, 22.7207260132, 23.2547836304, 23.7772331238, 24.3112926483, 24.8337402344, 25.3329696655, 25.8321990967, 26.3314285278, 26.8190479279, 27.3066654205, 27.7942848206, 28.3051242828, 28.8159637451, 29.3268013, 29.8376407623, 30.3484802246, 30.8593196869, 31.358549118, 31.8577766418, 32.3686180115, 32.8678436279, 33.3670730591, 33.8779144287, 34.4003639221, 34.9228096008, 35.4336509705],
    "bpm_estimates": [95.703125, 95.7031173706, 99.3840026855, 101.332740784, 101.332740784, 101.332740784, 99.3839492798, 97.5088424683, 95.7031936646, 95.7031173706, 95.7031173706, 99.3838653564, 99.3840255737, 97.5088424683, 97.5088424683, 97.5088424683, 97.5088424683, 97.5088424683, 97.5088424683, 95.7031173706, 95.7032623291, 97.5088424683, 95.7029724121, 95.7032623291, 95.7029724121, 99.3841781616, 99.3838653564, 99.3841781616, 99.3838653564, 101.332901001, 99.3838653564, 99.3841781616, 99.3838653564],
    "bpm_intervals": [0.626938760281, 0.626938819885, 0.603718876839, 0.592108726501, 0.592108726501, 0.592108726501, 0.603719234467, 0.615328788757, 0.626938343048, 0.626938819885, 0.626938819885, 0.684988975525, 0.673377990723, 0.603719711304, 0.603718757629, 0.615328788757, 0.615328788757, 0.615328788757, 0.615328788757, 0.615328788757, 0.615328788757, 0.626938819885, 0.626937866211, 0.615328788757, 0.62693977356, 0.626937866211, 0.62693977356, 0.603717803955, 0.603719711304, 0.603717803955, 0.603719711304, 0.592107772827, 0.603719711304, 0.603717803955, 0.603719711304, 0.534059524536, 0.534057617188, 0.522449493408, 0.534059524536, 0.52244758606, 0.499229431152, 0.499229431152, 0.499229431152, 0.487619400024, 0.487617492676, 0.487619400024, 0.51083946228, 0.51083946228, 0.510837554932, 0.51083946228, 0.51083946228, 0.51083946228, 0.499229431152, 0.499227523804, 0.510841369629, 0.499225616455, 0.499229431152, 0.510841369629, 0.522449493408, 0.522445678711, 0.510841369629],
    "onset_times": [0.325079351664, 0.46439909935, 0.905578255653, 1.23065757751, 1.31192743778, 1.46285712719, 1.60217690468, 1.67183673382, 1.89242625237, 2.04335594177, 2.26394557953, 2.36843538284, 2.65868473053, 3.19274377823, 3.29723358154, 3.65714287758, 3.88934230804, 4.09832191467, 4.2492518425, 4.34213161469, 4.69043064117, 4.841360569, 5.0967798233, 5.31736946106, 5.70049905777, 6.04879808426, 6.19972801208, 6.52480745316, 6.78022670746, 6.96598625183, 7.24462604523, 7.32589578629, 7.47682523727, 7.60453510284, 7.77868461609, 8.12698459625, 8.68426322937, 8.77714252472, 9.31120204926, 9.46213150024, 9.8800907135, 10.1819505692, 10.5302495956, 10.6579589844, 10.8437185287, 10.95981884, 11.1455783844, 11.2500677109, 11.5867576599, 11.749297142, 12.3065757751, 12.6664848328, 13.0031747818, 13.5140132904, 13.966802597, 14.2222223282, 14.6053514481, 14.8607711792, 15.0233106613, 15.4644899368, 15.719909668, 15.9288892746, 16.0682086945, 16.5906581879, 17.1711559296, 17.3453063965, 17.5542850494, 17.9490242004, 18.0186843872, 18.1696147919, 18.3553733826, 18.7036743164, 18.8197727203, 18.9474830627, 19.0751934052, 19.179681778, 19.3190021515, 19.4002723694, 19.7717914581, 19.9923801422, 20.1084804535, 20.3058509827, 20.6657600403, 21.1417694092, 21.4087982178, 21.5365085602, 21.640996933, 21.9660778046, 22.128616333, 22.4420852661, 22.9064846039, 23.2315654755, 23.707572937, 23.9049434662, 24.0326538086, 24.2996826172, 24.3577327728, 24.6363716125, 24.7408618927, 25.0195007324, 25.3213596344, 25.7973690033, 26.0527896881, 26.3314285278, 26.8770980835, 26.9351482391, 27.2370071411, 27.620136261, 28.0380954742, 28.1890258789, 28.5605449677, 29.1178226471, 30.3368701935, 30.9405899048, 32.6704750061],
