{
"metadata": {
    "version": {
        "essentia": "2.1-beta3"
    }
},
"lowLevel": {
    "average_loudness": 0.787572324276,
    "barkbands_kurtosis": {
        "kurt": 8.48330307007,
        "max": 49.0979347229,
        "mean": 3.24643468857,
        "median": 0.674113988876,
        "min": -1.4554425478,
        "skew": 2.3605837822,
        "var": 31.8168907166
    },
    "barkbands_skewness": {
        "kurt": 2.16149139404,
        "max": 5.3414978981,
        "mean": 1.44687521458,
        "median": 1.20879673958,
        "min": -2.03105163574,
        "skew": 1.15556907654,
        "var": 0.716184794903
    },
    "barkbands_spread": {
        "kurt": -0.443252086639,
        "max": 66.4870605469,
        "mean": 18.7213726044,
        "median": 21.1857471466,
        "min": 1.64399635792,
        "skew": -0.113716751337,
        "var": 91.2070770264
    },
    "dissonance": {
        "kurt": 4.16268825531,
        "max": 0.500000059605,
        "mean": 0.4649733603,
        "median": 0.473719090223,
        "min": 0.308001339436,
        "skew": -1.87840628624,
        "var": 0.000935435295105
    },
    "hfc": {
        "kurt": 74.1611480713,
        "max": 129.989486694,
        "mean": 7.79328393936,
        "median": 8.98137950897,
        "min": 9.89919115568e-08,
        "skew": 4.97013521194,
        "var": 62.9018363953
    },
    "pitch": {
        "kurt": 42.9869422913,
        "max": 4533.57470703,
        "mean": 357.647735596,
        "median": 268.639831543,
        "min": 67.554145813,
        "skew": 6.3176240921,
        "var": 257422.0625
    },
    "pitch_instantaneous_confidence": {
        "kurt": 1.4140253067,
        "max": 0.655704796314,
        "mean": 0.28597971797,
        "median": 0.265606760979,
        "min": 0.138016819954,
        "skew": 1.17820858955,
        "var": 0.00851859804243
    },
    "pitch_salience": {
        "kurt": 3.05166435242,
        "max": 0.869367659092,
        "mean": 0.73109549284,
        "median": 0.74144923687,
        "min": 0.38218921423,
        "skew": -1.36093866825,
        "var": 0.00416979799047
    },
    "silence_rate_20dB": {
        "kurt": 0,
        "max": 1,
        "mean": 1,
        "median": 1,
        "min": 1,
        "skew": 0,
        "var": 0
    },
    "silence_rate_30dB": {
        "kurt": 0,
        "max": 1,
        "mean": 1,
        "median": 1,
        "min": 1,
        "skew": 0,
        "var": 0
    },
    "silence_rate_60dB": {
        "kurt": -1.73101627827,
        "max": 1,
        "mean": 0.37449118495,
        "median": 0,
        "min": 0,
        "skew": 0.5186393857,
        "var": 0.234247863293
    },
    "spectral_centroid": {
        "kurt": 16.6026496887,
        "max": 5020.30175781,
        "mean": 863.657653809,
        "median": 954.623046875,
        "min": 196.297088623,
        "skew": 1.8382589817,
        "var": 163376.984375
    },
    "spectral_complexity": {
        "kurt": -1.51101434231,
        "max": 48,
        "mean": 17.0244235992,
        "median": 20,
        "min": 0,
        "skew": -0.0368966311216,
        "var": 175.135925293
    },
    "spectral_crest": {
        "kurt": 1.33967065811,
        "max": 19.4586219788,
        "mean": 7.50196456909,
        "median": 7.13181209564,
        "min": 2.50776362419,
        "skew": 0.988199412823,
        "var": 7.01390647888
    },
    "spectral_decrease": {
        "kurt": -0.153393507004,
        "max": -2.84547090829e-18,
        "mean": -1.74759473559e-09,
        "median": -2.04463024289e-09,
        "min": -9.39545596879e-09,
        "skew": -0.367146998644,
        "var": 2.13096160095e-18
    },
    "spectral_energy": {
        "kurt": 1.10239648819,
        "max": 0.0472510717809,
        "mean": 0.00730269262567,
        "median": 0.00854256097227,
        "min": 1.97183172568e-11,
        "skew": 0.510435223579,
        "var": 3.78755721613e-05
    },
    "spectral_energyband_high": {
        "kurt": 499.999450684,
        "max": 0.0170950498432,
        "mean": 0.000332962168613,
        "median": 0.000339887017617,
        "min": 1.34477090921e-11,
        "skew": 20.3824748993,
        "var": 4.61488980363e-07
    },
    "spectral_energyband_low": {
        "kurt": 4.80751228333,
        "max": 0.00344203552231,
        "mean": 0.000441828771727,
        "median": 0.00025922851637,
        "min": 5.8191960365e-13,
        "skew": 1.92827033997,
        "var": 2.93597054224e-07
    },
    "spectral_energyband_middle_high": {
        "kurt": 3.03357839584,
        "max": 0.015959860757,
        "mean": 0.00198696367443,
        "median": 0.00214980286546,
        "min": 4.69338066675e-12,
        "skew": 0.751196205616,
        "var": 3.33396337737e-06
    },
    "spectral_energyband_middle_low": {
        "kurt": -0.594258785248,
        "max": 0.019521240145,
        "mean": 0.00467107864097,
        "median": 0.00507709896192,
        "min": 1.38945517418e-12,
        "skew": 0.413308084011,
        "var": 1.5503494069e-05
    },
    "spectral_flatness_db": {
        "kurt": 2.83872938156,
        "max": 0.372991591692,
        "mean": 0.164131999016,
        "median": 0.142061844468,
        "min": 0.0775840654969,
        "skew": 1.74181389809,
        "var": 0.00305349216796
    },
    "spectral_flux": {
        "kurt": -1.01415216923,
        "max": 0.157704561949,
        "mean": 0.0457293502986,
        "median": 0.0573686100543,
        "min": 1.09115171654e-05,
        "skew": -0.188198029995,
        "var": 0.00093288772041
    },
    "spectral_kurtosis": {
        "kurt": 20.4295959473,
        "max": 123.534049988,
        "mean": 9.06978607178,
        "median": 4.06808280945,
        "min": 0.732096910477,
        "skew": 4.3943157196,
        "var": 252.931945801
    },
    "spectral_rms": {
        "kurt": -1.29723215103,
        "max": 0.00678959535435,
        "mean": 0.00223968387581,
        "median": 0.00288690254092,
        "min": 1.38698894148e-07,
        "skew": -0.341930866241,
        "var": 2.10840289583e-06
    },
    "spectral_rolloff": {
        "kurt": -0.0455014705658,
        "max": 8290.28320312,
        "mean": 1775.86157227,
        "median": 1873.38867188,
        "min": 215.33203125,
        "skew": 0.349374830723,
        "var": 1249724.75
    },
    "spectral_skewness": {
        "kurt": 9.7414150238,
        "max": 9.31291294098,
        "mean": 2.12387084961,
        "median": 1.60703074932,
        "min": 0.934783399105,
        "skew": 2.97865366936,
        "var": 1.57941758633
    },
    "spectral_spread": {
        "kurt": 16.9219837189,
        "max": 16524441,
        "mean": 4288123.5,
        "median": 4398799,
        "min": 719964.4375,
        "skew": 2.46139931679,
        "var": 2.3088946217e+12
    },
    "spectral_strongpeak": {
        "kurt": 3.10567140579,
        "max": 2.12595701218,
        "mean": 0.341904610395,
        "median": 0.276234745979,
        "min": 2.82364089799e-05,
        "skew": 1.39116322994,
        "var": 0.10013486445
    },
    "zerocrossingrate": {
        "kurt": 39.4056358337,
        "max": 0.400390625,
        "mean": 0.0580047667027,
        "median": 0.06640625,
        "min": 0.01513671875,
        "skew": 2.93212914467,
        "var": 0.000675026152749
    },
    "barkbands": {
        "kurt": [12.1281900406, 3.8334980011, 5.95658493042, 10.1721544266, 8.87444496155, 4.54135799408, 8.03435134888, 2.99579429626, 4.70222139359, 2.27012252808, 3.09139204025, 3.6764922142, 14.3730068207, 0.488263368607, 24.7852191925, 8.59330844879, 86.3620223999, 4.27708816528, 1.39306974411, 271.361999512, 414.146148682, 624.658508301, 251.2940979, 726.953491211, 697.464233398, 546.772338867, 302.798126221],
        "max": [1.53930650413e-05, 0.000684209750034, 0.00272402190603, 0.00148672494106, 0.00678053731099, 0.00875520147383, 0.00738585647196, 0.00943302363157, 0.00432240217924, 0.00198697880842, 0.00140000402462, 0.00205202656798, 0.00113906187471, 0.000469695660286, 0.0013074236922, 0.00107548409142, 0.00283445441164, 0.00193143519573, 0.00305096944794, 0.0066159600392, 0.00733319995925, 0.00266777654178, 0.000240855952143, 0.00109468807932, 0.000294218189083, 7.57564293963e-06, 4.51919035527e-08],
        "mean": [1.20753816191e-06, 9.26538850763e-05, 0.00029693680699, 0.00013506571122, 0.000693848764058, 0.00109958020039, 0.000780219212174, 0.00134230952244, 0.000507868418936, 0.000331484741764, 0.000213033068576, 0.000241435001954, 9.12533359951e-05, 8.67335620569e-05, 8.96555284271e-05, 0.000101999001345, 0.000137304756208, 0.000215455060243, 0.000423887162469, 0.00020332285203, 0.000171926207258, 3.22943415085e-05, 7.9237142927e-06, 3.61026968676e-06, 1.65209451097e-06, 4.38001137582e-08, 4.957823041e-10],
        "median": [5.7478234794e-07, 5.76317761443e-05, 0.000127325707581, 7.36518559279e-05, 0.000498300883919, 0.000750928418711, 0.000553003163077, 0.000942758109886, 0.000336356228217, 0.000216392043512, 0.000148466948303, 0.000178449656232, 6.85819541104e-05, 7.72483617766e-05, 7.29326493456e-05, 8.95293196663e-05, 0.000117251605843, 0.000182903881068, 0.000389316614019, 0.000201412156457, 0.000172141371877, 2.82179698843e-05, 8.27839539852e-06, 2.19820867642e-06, 1.27819475892e-06, 2.90627752975e-08, 1.98644406479e-10],
        "min": [7.08214581001e-15, 8.87890428498e-14, 2.28702744676e-13, 5.12809521409e-13, 3.19665843275e-13, 2.9312847722e-13, 1.45045501759e-13, 7.09425126608e-14, 3.19661628439e-14, 2.42745751343e-14, 1.27648923942e-14, 2.00858244154e-14, 5.94533171067e-14, 3.09386949382e-14, 1.16477668981e-13, 1.49927094936e-13, 2.59515580683e-13, 2.05089807984e-12, 1.28572835972e-12, 2.94676045717e-12, 4.26077792839e-12, 1.93241820115e-12, 1.48728121832e-12, 1.71266581646e-12, 1.4999179199e-12, 1.26467683981e-13, 3.88880957601e-14],
        "skew": [2.61881613731, 1.77786171436, 2.20547652245, 2.61808657646, 2.34850502014, 1.80277597904, 2.08344006538, 1.55970513821, 1.67502748966, 1.43073821068, 1.57368290424, 1.57285296917, 2.1830739975, 0.927423596382, 2.92876338959, 1.74115586281, 5.92570495605, 1.29356241226, 0.897785902023, 13.0359230042, 17.7320156097, 24.0712013245, 12.279712677, 26.9532966614, 26.1640472412, 22.6092624664, 16.804983139],
        "var": [2.64333758875e-12, 1.25120838135e-08, 1.74118241603e-07, 3.23105737721e-08, 6.7377573032e-07, 1.60888578193e-06, 7.32876799248e-07, 2.28019985116e-06, 3.28333783273e-07, 1.34452776024e-07, 5.87961110909e-08, 7.37201659717e-08, 1.04366826292e-08, 7.93094478979e-09, 1.09618731869e-08, 1.19679839372e-08, 2.85599579541e-08, 5.09335329468e-08, 1.81480984907e-07, 9.15098539167e-08, 9.2504834015e-08, 1.02124202428e-08, 1.25415136609e-10, 1.62304369944e-09, 1.19139045851e-10, 8.9966791341e-14, 5.47878446513e-18],
        "cov": [[2.64692911686e-12, 9.69955296637e-11, 2.12641418362e-10, 7.87512347e-11, 3.86732007529e-10, 5.53337042852e-10, 5.32043298307e-10, 9.03522201501e-10, 3.5608482829e-10, 2.53853549292e-10, 1.36074207457e-10, 1.415756401e-10, 6.45165518232e-11, 6.34034699742e-11, 6.5124607096e-11, 7.7127568221e-11, 8.90811382992e-11, 1.67588026789e-10, 2.93876395441e-10, 1.4409820559e-10, 1.08874444182e-10, 1.911699965e-11, 5.53830158817e-12, 7.59809018003e-14, 6.03403774429e-13, 1.985343415e-14, 3.71371404859e-16], [9.69955296637e-11, 1.25290844366e-08, 2.50107508037e-08, 6.3815104312e-09, 2.88739752108e-08, 6.36825632228e-08, 4.57482762783e-08, 8.65260858518e-08, 2.93897954862e-08, 2.17700684146e-08, 1.48093706187e-08, 1.58239448211e-08, 6.36991615011e-09, 5.8299955974e-09, 6.48574927098e-09, 6.89907642126e-09, 1.00930694913e-08, 1.54705137589e-08, 2.90667117042e-08, 1.56218114e-08, 1.23923928896e-08, 2.56903298634e-09, 5.64947755244e-10, 3.68056529698e-10, 1.45495476778e-10, 3.30588095961e-12, 2.76155695398e-14], [2.12641418362e-10, 2.50107508037e-08, 1.74354823912e-07, 3.43414328086e-08, 1.09197614506e-07, 1.90658639099e-07, 1.68779834553e-07, 2.98169879898e-07, 1.04579790161e-07, 7.45226742538e-08, 4.60575826366e-08, 5.45740412861e-08, 2.06529282565e-08, 2.12406874311e-08, 2.2727370208e-08, 2.33869066335e-08, 3.49445663517e-08, 5.22492413779e-08, 1.03326421197e-07, 5.39004432198e-08, 4.29464819263e-08, 8.46044745373e-09, 1.9756283276e-09, 1.04190800432e-09, 4.30690733078e-10, 8.73559384551e-12, 7.59543320708e-14], [7.87512347e-11, 6.3815104312e-09, 3.43414328086e-08, 3.2354474655e-08, 8.39628242488e-08, 7.38672270018e-08, 5.24768957177e-08, 9.34005868203e-08, 3.73592996539e-08, 2.55209844369e-08, 1.57452557659e-08, 1.90629343422e-08, 6.28566354521e-09, 6.72459332662e-09, 7.34764293853e-09, 7.17853643195e-09, 1.13393561207e-08, 1.58976316555e-08, 2.96840045877e-08, 1.72695546752e-08, 1.41898821582e-08, 2.83826873115e-09, 6.77513489755e-10, 4.48281772814e-10, 1.86615403686e-10, 5.29338248581e-12, 6.00133685151e-14], [3.86732007529e-10, 2.88739752108e-08, 1.09197614506e-07, 8.39628242488e-08, 6.74691193581e-07, 3.66753113212e-07, 2.67686090183e-07, 4.35290559153e-07, 1.57280538815e-07, 1.01318775592e-07, 6.80969165501e-08, 7.72914745539e-08, 2.71102198468e-08, 2.72973394999e-08, 2.9232822385e-08, 2.9049417094e-08, 4.11703666714e-08, 6.88073029664e-08, 1.32065423486e-07, 6.19404900704e-08, 5.3367585906e-08, 9.62216706313e-09, 2.47415821164e-09, 1.14741272039e-09, 6.26033280771e-10, 2.28675290509e-11, 3.25229128567e-13], [5.53337042852e-10, 6.36825632228e-08, 1.90658639099e-07, 7.38672270018e-08, 3.66753113212e-07, 1.61107175245e-06, 4.27833867889e-07, 8.87011196937e-07, 3.78821113145e-07, 1.96492578652e-07, 1.56061872758e-07, 1.54768599714e-07, 6.22098212943e-08, 5.62964466155e-08, 6.41221902242e-08, 6.74722855365e-08, 9.67571978094e-08, 1.54450248147e-07, 2.96238482633e-07, 1.50455022663e-07, 1.25841367549e-07, 2.57153391914e-08, 5.60693402818e-09, 3.86622023285e-09, 1.44546785652e-09, 3.0576013943e-11, 2.34309858842e-13], [5.32043298307e-10, 4.57482762783e-08, 1.68779834553e-07, 5.24768957177e-08, 2.67686090183e-07, 4.27833867889e-07, 7.33872525416e-07, 6.76584875237e-07, 2.10148087376e-07, 1.43041077649e-07, 9.37495272524e-08, 1.21129914987e-07, 4.47182415542e-08, 3.98878547969e-08, 4.70290970611e-08, 4.82725894813e-08, 6.42728252842e-08, 1.09081163657e-07, 2.01116577614e-07, 1.04657779332e-07, 8.88533691068e-08, 1.83167454537e-08, 3.99388655481e-09, 2.78886891358e-09, 1.02625286047e-09, 2.34372538738e-11, 1.68559624266e-13], [9.03522201501e-10, 8.65260858518e-08, 2.98169879898e-07, 9.34005868203e-08, 4.35290559153e-07, 8.87011196937e-07, 6.76584875237e-07, 2.28329804486e-06, 4.91476555453e-07, 2.83289637082e-07, 1.92948036215e-07, 2.18272717234e-07, 8.61219717763e-08, 7.73658541675e-08, 9.08528434707e-08, 9.40473583455e-08, 1.36627633651e-07, 2.06195267083e-07, 3.92383128656e-07, 2.194225317e-07, 1.86943864833e-07, 4.31231974574e-08, 8.18609713349e-09, 8.20141643487e-09, 2.81349676889e-09, 6.95629734371e-11, 5.64132670699e-13], [3.5608482829e-10, 2.93897954862e-08, 1.04579790161e-07, 3.73592996539e-08, 1.57280538815e-07, 3.78821113145e-07, 2.10148087376e-07, 4.91476555453e-07, 3.28779890424e-07, 1.10630914207e-07, 7.00049653801e-08, 8.4783707166e-08, 3.24256319573e-08, 2.91467419089e-08, 3.40200365656e-08, 3.63033727524e-08, 5.01213577309e-08, 7.63612817423e-08, 1.42868259445e-07, 7.35537639684e-08, 6.25912193186e-08, 1.26457280203e-08, 2.9535556223e-09, 1.72381220409e-09, 7.31227800532e-10, 2.03674993537e-11, 2.09277893951e-13], [2.53853549292e-10, 2.17700684146e-08, 7.45226742538e-08, 2.55209844369e-08, 1.01318775592e-07, 1.96492578652e-07, 1.43041077649e-07, 2.83289637082e-07, 1.10630914207e-07, 1.34635456561e-07, 4.89960356731e-08, 5.47809335671e-08, 2.26979182116e-08, 2.10628403607e-08, 2.32919319387e-08, 2.40341986313e-08, 3.7486667992e-08, 5.25804040308e-08, 1.03316800448e-07, 5.88246784616e-08, 5.25072145763e-08, 1.21441168233e-08, 2.35030617191e-09, 2.71853495271e-09, 8.87061868404e-10, 2.20986805244e-11, 1.55912785395e-13], [1.36074207457e-10, 1.48093706187e-08, 4.60575826366e-08, 1.57452557659e-08, 6.80969165501e-08, 1.56061872758e-07, 9.37495272524e-08, 1.92948036215e-07, 7.00049653801e-08, 4.89960356731e-08, 5.88759974107e-08, 4.01033055653e-08, 1.42557325944e-08, 1.33863578e-08, 1.52105332774e-08, 1.74378467221e-08, 2.52250043076e-08, 3.63194807562e-08, 6.8168475309e-08, 4.03921767145e-08, 3.44124835294e-08, 8.30577473465e-09, 1.51647727709e-09, 1.90765647723e-09, 6.05344163684e-10, 1.44506576844e-11, 9.58069276582e-14], [1.415756401e-10, 1.58239448211e-08, 5.45740412861e-08, 1.90629343422e-08, 7.72914745539e-08, 1.54768599714e-07, 1.21129914987e-07, 2.18272717234e-07, 8.4783707166e-08, 5.47809335671e-08, 4.01033055653e-08, 7.38203311812e-08, 1.67742921775e-08, 1.50148498079e-08, 1.74163741207e-08, 1.88795645784e-08, 2.56496832662e-08, 4.12814813444e-08, 7.52697957296e-08, 3.92094747781e-08, 3.29899982887e-08, 6.64172761233e-09, 1.51776335944e-09, 1.07068076627e-09, 3.98450161754e-10, 8.8274170959e-12, 6.9596509545e-14], [6.45165518232e-11, 6.36991615011e-09, 2.06529282565e-08, 6.28566354521e-09, 2.71102198468e-08, 6.22098212943e-08, 4.47182415542e-08, 8.61219717763e-08, 3.24256319573e-08, 2.26979182116e-08, 1.42557325944e-08, 1.67742921775e-08, 1.04508623977e-08, 6.16188389202e-09, 7.76806619029e-09, 7.36322913752e-09, 1.2701450558e-08, 1.75022361049e-08, 3.26965121644e-08, 2.2496926988e-08, 2.11498569769e-08, 5.65933566676e-09, 8.54411430495e-10, 1.69671132699e-09, 4.95256335942e-10, 1.23046009146e-11, 7.2144194915e-14], [6.34034699742e-11, 5.8299955974e-09, 2.12406874311e-08, 6.72459332662e-09, 2.72973394999e-08, 5.62964466155e-08, 3.98878547969e-08, 7.73658541675e-08, 2.91467419089e-08, 2.10628403607e-08, 1.33863578e-08, 1.50148498079e-08, 6.16188389202e-09, 7.94172017038e-09, 6.54215126517e-09, 6.85775791709e-09, 9.98035876165e-09, 1.4797907788e-08, 2.93490032277e-08, 1.5399333364e-08, 1.29841675189e-08, 2.71186118006e-09, 5.82229320312e-10, 4.83915352234e-10, 1.71179015407e-10, 4.05321479505e-12, 2.73167430922e-14], [6.5124607096e-11, 6.48574927098e-09, 2.2727370208e-08, 7.34764293853e-09, 2.9232822385e-08, 6.41221902242e-08, 4.70290970611e-08, 9.08528434707e-08, 3.40200365656e-08, 2.32919319387e-08, 1.52105332774e-08, 1.74163741207e-08, 7.76806619029e-09, 6.54215126517e-09, 1.09767670509e-08, 7.83559173101e-09, 1.43358915849e-08, 1.82197261722e-08, 3.41700037154e-08, 2.4875628668e-08, 2.31156782604e-08, 6.45246833741e-09, 9.44451072904e-10, 1.96044802614e-09, 5.67797864282e-10, 1.40642749183e-11, 8.27051372266e-14], [7.7127568221e-11, 6.89907642126e-09, 2.33869066335e-08, 7.17853643195e-09, 2.9049417094e-08, 6.74722855365e-08, 4.82725894813e-08, 9.40473583455e-08, 3.63033727524e-08, 2.40341986313e-08, 1.74378467221e-08, 1.88795645784e-08, 7.36322913752e-09, 6.85775791709e-09, 7.83559173101e-09, 1.19842447077e-08, 1.23909815741e-08, 1.7810043218e-08, 3.5194151593e-08, 2.00053449362e-08, 1.78019927688e-08, 4.23722745779e-09, 7.68543950702e-10, 1.02140085279e-09, 3.16795978339e-10, 7.61433711222e-12, 4.98373484679e-14], [8.90811382992e-11, 1.00930694913e-08, 3.49445663517e-08, 1.13393561207e-08, 4.11703666714e-08, 9.67571978094e-08, 6.42728252842e-08, 1.36627633651e-07, 5.01213577309e-08, 3.7486667992e-08, 2.52250043076e-08, 2.56496832662e-08, 1.2701450558e-08, 9.98035876165e-09, 1.43358915849e-08, 1.23909815741e-08, 2.85987624693e-08, 2.94740818418e-08, 5.43776117468e-08, 4.456300573e-08, 4.34233200508e-08, 1.27558772434e-08, 1.68227176633e-09, 4.22480894713e-09, 1.19944087995e-09, 3.00171450196e-11, 1.72267012937e-13], [1.67588026789e-10, 1.54705137589e-08, 5.22492413779e-08, 1.58976316555e-08, 6.88073029664e-08, 1.54450248147e-07, 1.09081163657e-07, 2.06195267083e-07, 7.63612817423e-08, 5.25804040308e-08, 3.63194807562e-08, 4.12814813444e-08, 1.75022361049e-08, 1.4797907788e-08, 1.82197261722e-08, 1.7810043218e-08, 2.94740818418e-08, 5.10027362566e-08, 7.72300765561e-08, 4.87284772532e-08, 4.40225029763e-08, 1.11674669512e-08, 1.8663854906e-09, 2.91238988481e-09, 8.86166029446e-10, 2.15207556636e-11, 1.31299742671e-13], [2.93876395441e-10, 2.90667117042e-08, 1.03326421197e-07, 2.96840045877e-08, 1.32065423486e-07, 2.96238482633e-07, 2.01116577614e-07, 3.92383128656e-07, 1.42868259445e-07, 1.03316800448e-07, 6.8168475309e-08, 7.52697957296e-08, 3.26965121644e-08, 2.93490032277e-08, 3.41700037154e-08, 3.5194151593e-08, 5.43776117468e-08, 7.72300765561e-08, 1.81727557447e-07, 8.77389823017e-08, 7.90965373199e-08, 1.87817086328e-08, 3.38944605716e-09, 4.60455940043e-09, 1.44430645221e-09, 3.55243716388e-11, 2.26764001457e-13], [1.4409820559e-10, 1.56218114e-08, 5.39004432198e-08, 1.72695546752e-08, 6.19404900704e-08, 1.50455022663e-07, 1.04657779332e-07, 2.194225317e-07, 7.35537639684e-08, 5.88246784616e-08, 4.03921767145e-08, 3.92094747781e-08, 2.2496926988e-08, 1.5399333364e-08, 2.4875628668e-08, 2.00053449362e-08, 4.456300573e-08, 4.87284772532e-08, 8.77389823017e-08, 9.163419179e-08, 8.73882868291e-08, 2.74753428897e-08, 3.24070814628e-09, 9.84438042195e-09, 2.74164735359e-09, 6.97944826933e-11, 3.97468299593e-13], [1.08874444182e-10, 1.23923928896e-08, 4.29464819263e-08, 1.41898821582e-08, 5.3367585906e-08, 1.25841367549e-07, 8.88533691068e-08, 1.86943864833e-07, 6.25912193186e-08, 5.25072145763e-08, 3.44124835294e-08, 3.29899982887e-08, 2.11498569769e-08, 1.29841675189e-08, 2.31156782604e-08, 1.78019927688e-08, 4.34233200508e-08, 4.40225029763e-08, 7.90965373199e-08, 8.73882868291e-08, 9.26305219195e-08, 2.9331641116e-08, 3.24102300553e-09, 1.09015640959e-08, 3.00813862708e-09, 7.70949831752e-11, 4.36976437023e-13], [1.911699965e-11, 2.56903298634e-09, 8.46044745373e-09, 2.83826873115e-09, 9.62216706313e-09, 2.57153391914e-08, 1.83167454537e-08, 4.31231974574e-08, 1.26457280203e-08, 1.21441168233e-08, 8.30577473465e-09, 6.64172761233e-09, 5.65933566676e-09, 2.71186118006e-09, 6.45246833741e-09, 4.23722745779e-09, 1.27558772434e-08, 1.11674669512e-08, 1.87817086328e-08, 2.74753428897e-08, 2.9331641116e-08, 1.02262953661e-08, 1.01164443489e-09, 3.96239574485e-09, 1.07800535165e-09, 2.77163413748e-11, 1.54060873217e-13], [5.53830158817e-12, 5.64947755244e-10, 1.9756283276e-09, 6.77513489755e-10, 2.47415821164e-09, 5.60693402818e-09, 3.99388655481e-09, 8.18609713349e-09, 2.9535556223e-09, 2.35030617191e-09, 1.51647727709e-09, 1.51776335944e-09, 8.54411430495e-10, 5.82229320312e-10, 9.44451072904e-10, 7.68543950702e-10, 1.68227176633e-09, 1.8663854906e-09, 3.38944605716e-09, 3.24070814628e-09, 3.24102300553e-09, 1.01164443489e-09, 1.25585541966e-10, 3.59049456833e-10, 1.00802054204e-10, 2.61328458873e-12, 1.57042669748e-14], [7.59809018003e-14, 3.68056529698e-10, 1.04190800432e-09, 4.48281772814e-10, 1.14741272039e-09, 3.86622023285e-09, 2.78886891358e-09, 8.20141643487e-09, 1.72381220409e-09, 2.71853495271e-09, 1.90765647723e-09, 1.07068076627e-09, 1.69671132699e-09, 4.83915352234e-10, 1.96044802614e-09, 1.02140085279e-09, 4.22480894713e-09, 2.91238988481e-09, 4.60455940043e-09, 9.84438042195e-09, 1.09015640959e-08, 3.96239574485e-09, 3.59049456833e-10, 1.62524893543e-09, 4.37353070426e-10, 1.12995567764e-11, 6.20509164342e-14], [6.03403774429e-13, 1.45495476778e-10, 4.30690733078e-10, 1.86615403686e-10, 6.26033280771e-10, 1.44546785652e-09, 1.02625286047e-09, 2.81349676889e-09, 7.31227800532e-10, 8.87061868404e-10, 6.05344163684e-10, 3.98450161754e-10, 4.95256335942e-10, 1.71179015407e-10, 5.67797864282e-10, 3.16795978339e-10, 1.19944087995e-09, 8.86166029446e-10, 1.44430645221e-09, 2.74164735359e-09, 3.00813862708e-09, 1.07800535165e-09, 1.00802054204e-10, 4.37353070426e-10, 1.19300916368e-10, 3.16023314288e-12, 1.86572593041e-14], [1.985343415e-14, 3.30588095961e-12, 8.73559384551e-12, 5.29338248581e-12, 2.28675290509e-11, 3.0576013943e-11, 2.34372538738e-11, 6.95629734371e-11, 2.03674993537e-11, 2.20986805244e-11, 1.44506576844e-11, 8.8274170959e-12, 1.23046009146e-11, 4.05321479505e-12, 1.40642749183e-11, 7.61433711222e-12, 3.00171450196e-11, 2.15207556636e-11, 3.55243716388e-11, 6.97944826933e-11, 7.70949831752e-11, 2.77163413748e-11, 2.61328458873e-12, 1.12995567764e-11, 3.16023314288e-12, 9.00890283597e-14, 6.11212516112e-16], [3.71371404859e-16, 2.76155695398e-14, 7.59543320708e-14, 6.00133685151e-14, 3.25229128567e-13, 2.34309858842e-13, 1.68559624266e-13, 5.64132670699e-13, 2.09277893951e-13, 1.55912785395e-13, 9.58069276582e-14, 6.9596509545e-14, 7.2144194915e-14, 2.73167430922e-14, 8.27051372266e-14, 4.98373484679e-14, 1.72267012937e-13, 1.31299742671e-13, 2.26764001457e-13, 3.97468299593e-13, 4.36976437023e-13, 1.54060873217e-13, 1.57042669748e-14, 6.20509164342e-14, 1.86572593041e-14, 6.11212516112e-16, 5.48622826346e-18]]
    },
    "mfcc": {
        "kurt": [-0.67268538475, 2.75949716568, -0.27308177948, 4.0574593544, 0.385770559311, 0.701677799225, 0.277151823044, 0.955100536346, 3.72385072708, 1.38896751404, 0.365399837494, 0.145468950272, 0.452273130417],
        "max": [-518.334594727, 218.490692139, 73.7895202637, 62.5244178772, 20.8772735596, 9.45919799805, 14.68907547, 7.35027122498, 15.1430473328, 14.1230106354, 15.3953895569, 14.8110961914, 14.5007343292],
        "mean": [-765.56640625, 127.924087524, -16.3062496185, 33.7672691345, -26.8600769043, -15.2984848022, -3.64313840866, -7.50514698029, -5.54408788681, -4.41758203506, -2.35553693771, 0.0407328493893, -1.56191694736],
        "median": [-655.633972168, 129.97567749, -33.7433624268, 40.6247177124, -32.38804245, -15.2825202942, -3.69722938538, -7.05883407593, -4.79587936401, -3.36548614502, -1.91904830933, -0.141513824463, -1.4693069458],
        "min": [-1138.42004395, -16.6869735718, -75.6972045898, -47.6640701294, -61.4615783691, -42.1053276062, -23.2484550476, -35.1033782959, -39.8523483276, -35.6693878174, -23.5780143738, -18.8019714355, -20.6774024963],
        "skew": [-0.918060064316, -1.08765494823, 1.08095884323, -1.91505229473, 1.16145658493, 0.193993464112, -0.134276807308, -0.662922799587, -1.19701945782, -0.923019349575, -0.428156733513, -0.010274451226, -0.171649336815],
        "var": [29476.4511719, 1528.57373047, 1114.80273438, 371.507385254, 252.512420654, 75.0242767334, 33.5588989258, 44.3044128418, 47.4290313721, 53.69713974, 33.8999099731, 25.5478897095, 25.3468875885],
        "cov": [[29516.5, 2550.11865234, -5038.61279297, 2219.69848633, -2152.94311523, -285.546264648, 17.5449142456, -80.9461364746, 63.4436721802, 142.066192627, 141.732269287, 160.364517212, 113.773735046], [2550.11865234, 1530.65063477, -143.12461853, -34.6653213501, -415.05960083, -221.710647583, -19.5478878021, -120.20728302, -113.980934143, -133.488372803, -59.7715339661, -2.3688018322, -22.8241024017], [-5038.61279297, -143.12461853, 1116.31738281, -462.329437256, 336.614501953, 27.6450271606, -25.0133514404, -4.64212179184, -46.1161117554, -59.6683197021, -39.1866760254, -36.2526779175, -31.8757266998], [2219.69848633, -34.6653213501, -462.329437256, 372.012145996, -76.1926803589, 4.21920967102, 4.56106615067, 21.7962436676, 58.1261825562, 55.0105018616, 32.3516044617, 19.8185806274, 18.3902301788], [-2152.94311523, -415.05960083, 336.614501953, -76.1926803589, 252.855514526, 56.6486320496, 6.452876091, 37.5517654419, 23.7077636719, 26.2289066315, 3.52302026749, -10.7222385406, 0.796936810017], [-285.546264648, -221.710647583, 27.6450271606, 4.21920967102, 56.6486320496, 75.1262130737, 10.1225814819, 20.4324970245, 16.546497345, 15.1545066833, 10.040473938, -0.9134811759, 1.62256634235], [17.5449142456, -19.5478878021, -25.0133514404, 4.56106615067, 6.452876091, 10.1225814819, 33.6044960022, 13.3022794724, 3.66677761078, 1.8332016468, 0.642003178596, 0.901639759541, 1.03814220428], [-80.9461364746, -120.20728302, -4.64212179184, 21.7962436676, 37.5517654419, 20.4324970245, 13.3022794724, 44.3646087646, 23.0494022369, 23.8722896576, 14.9643659592, 1.62216281891, 6.76041841507], [63.4436721802, -113.980934143, -46.1161117554, 58.1261825562, 23.7077636719, 16.546497345, 3.66677761078, 23.0494022369, 47.493473053, 30.9729671478, 13.3803939819, 7.29234647751, 4.74919176102], [142.066192627, -133.488372803, -59.6683197021, 55.0105018616, 26.2289066315, 15.1545066833, 1.8332016468, 23.8722896576, 30.9729671478, 53.7700996399, 27.4254207611, 7.12791585922, 12.3416910172], [141.732269287, -59.7715339661, -39.1866760254, 32.3516044617, 3.52302026749, 10.040473938, 0.642003178596, 14.9643659592, 13.3803939819, 27.4254207611, 33.9459686279, 15.0823001862, 9.32194900513], [160.364517212, -2.3688018322, -36.2526779175, 19.8185806274, -10.7222385406, -0.9134811759, 0.901639759541, 1.62216281891, 7.29234647751, 7.12791585922, 15.0823001862, 25.5826015472, 12.2235593796], [113.773735046, -22.8241024017, -31.8757266998, 18.3902301788, 0.796936810017, 1.62256634235, 1.03814220428, 6.76041841507, 4.74919176102, 12.3416910172, 9.32194900513, 12.2235593796, 25.3813266754]]
    },
    "sccoeffs": {
        "kurt": [0.12629032135, -0.349695444107, -0.120834827423, 0.546591520309, -0.690031051636, -0.388430595398],
        "max": [-0.453638494015, -0.587998390198, -0.690863192081, -0.689936518669, -0.753548204899, -0.704895019531],
        "mean": [-0.706178605556, -0.783916354179, -0.82338899374, -0.834669172764, -0.835945308208, -0.777783513069],
        "median": [-0.707937479019, -0.779963314533, -0.820101857185, -0.830029010773, -0.824757695198, -0.754487752914],
        "min": [-0.914123654366, -0.941717922688, -0.954123675823, -0.934402883053, -0.930560231209, -0.928626179695],
        "skew": [0.28480926156, -0.0729565694928, -0.181058034301, 0.117008924484, -0.559707701206, -0.98009967804],
        "var": [0.00660036783665, 0.00410344591364, 0.00204173428938, 0.00191682961304, 0.00153004343156, 0.00258844764903],
        "cov": [[0.00660933554173, 0.00211458210833, 0.00162050127983, 0.00221083103679, 0.00104954082053, 0.00152957055252], [0.00211458210833, 0.00410902127624, 0.00145068007987, 0.00148526858538, 0.00159541855101, 0.00212061172351], [0.00162050127983, 0.00145068007987, 0.00204450823367, 0.00112279353198, 0.0010848834645, 0.00143988593481], [0.00221083103679, 0.00148526858538, 0.00112279353198, 0.0019194339402, 0.000840523978695, 0.00108384562191], [0.00104954082053, 0.00159541855101, 0.0010848834645, 0.000840523978695, 0.00153212237637, 0.00173730705865], [0.00152957055252, 0.00212061172351, 0.00143988593481, 0.00108384562191, 0.00173730705865, 0.0025919645559]]
    },
    "scvalleys": {
        "kurt": [2.57967567444, 3.40214252472, 2.3180437088, 0.932142734528, 0.0375571250916, -0.693294048309],
        "max": [-4.99955844879, -4.15329933167, -4.97019863129, -5.60259771347, -5.09493780136, -6.7584939003],
        "mean": [-6.96544218063, -6.05268621445, -7.02057552338, -7.98700237274, -8.0589723587, -10.5945014954],
        "median": [-6.26285028458, -5.21884441376, -5.96342611313, -6.74822854996, -6.67688655853, -9.2820482254],
        "min": [-16.0590553284, -16.2000274658, -17.4474411011, -17.3192501068, -16.0536003113, -16.4012031555],
        "skew": [-1.544454813, -1.88064444065, -1.69012415409, -1.32423651218, -1.12402153015, -0.870989024639],
        "var": [2.55234193802, 3.73657464981, 4.54214572906, 4.75023508072, 5.16642522812, 4.10511398315],
        "cov": [[2.55580973625, 2.8918159008, 3.23019814491, 3.33662724495, 3.45612430573, 3.01146697998], [2.8918159008, 3.74165153503, 4.04350662231, 4.0088095665, 4.07467985153, 3.5284204483], [3.23019814491, 4.04350662231, 4.54831695557, 4.51863384247, 4.62034225464, 4.02238416672], [3.33662724495, 4.0088095665, 4.51863384247, 4.75668907166, 4.91718435287, 4.30415201187], [3.45612430573, 4.07467985153, 4.62034225464, 4.91718435287, 5.17344522476, 4.54007673264], [3.01146697998, 3.5284204483, 4.02238416672, 4.30415201187, 4.54007673264, 4.11069154739]]
    }
},
"rhythm": {
    "beats_loudness": {
        "kurt": -1.36249196529,
        "max": 0.0159364435822,
        "mean": 0.00710495561361,
        "median": 0.00926011055708,
        "min": 1.08651668995e-07,
        "skew": -0.217647314072,
        "var": 2.64231966867e-05
    },
    "bpm": 123.308570862,
    "confidence": 0.913904547691,
    "first_peak_bpm": {
        "kurt": 0,
        "max": 123,
        "mean": 123,
        "median": 123,
        "min": 123,
        "skew": 0,
        "var": 0
    },
    "first_peak_spread": {
        "kurt": 0,
        "max": 0.25,
        "mean": 0.25,
        "median": 0.25,
        "min": 0.25,
        "skew": 0,
        "var": 0
    },
    "first_peak_weight": {
        "kurt": 0,
        "max": 0.272727280855,
        "mean": 0.272727280855,
        "median": 0.272727280855,
        "min": 0.272727280855,
        "skew": 0,
        "var": 0
    },
    "onset_rate": 0.702274024487,
    "second_peak_bpm": {
        "kurt": 0,
        "max": 129,
        "mean": 129,
        "median": 129,
        "min": 129,
        "skew": 0,
        "var": 0
    },
    "second_peak_spread": {
        "kurt": 0,
        "max": 0,
        "mean": 0,
        "median": 0,
        "min": 0,
        "skew": 0,
        "var": 0
    },
    "second_peak_weight": {
        "kurt": 0,
        "max": 0.272727280855,
        "mean": 0.272727280855,
        "median": 0.272727280855,
        "min": 0.272727280855,
        "skew": 0,
        "var": 0
    },
    "beats_loudness_band_ratio": {
        "kurt": [2.38972043991, 0.327363014221, -0.160108327866, -0.609991788864, -1.0712082386, -1.40101349354],
        "max": [0.696149647236, 0.629616320133, 0.647318899632, 0.223243296146, 0.161922872066, 0.171428978443],
        "mean": [0.171741127968, 0.252629101276, 0.389856874943, 0.0989566072822, 0.0717454105616, 0.0836870223284],
        "median": [0.109872892499, 0.209012523293, 0.422122597694, 0.0918814539909, 0.0870449542999, 0.109004504979],
        "min": [0.0277408324182, 0.0722804293036, 0.095269203186, 0.0103533826768, 0.000511629914399, 0.000340159167536],
        "skew": [1.87906241417, 1.0784252882, -0.518859744072, 0.313689142466, -0.218925505877, -0.304952800274],
        "var": [0.0279094874859, 0.0199291482568, 0.017101963982, 0.0031280296389, 0.00204682699405, 0.00309361191466],
        "cov": [[0.0287552289665, 0.00962583720684, -0.0175382979214, -0.00619985628873, -0.00499074999243, -0.00583102554083], [0.00962583720684, 0.020533060655, -0.0112581299618, -0.00465191202238, -0.00463105738163, -0.0056385663338], [-0.0175382979214, -0.0112581299618, 0.0176202058792, 0.00308114709333, 0.00245516607538, 0.00265127257444], [-0.00619985628873, -0.00465191202238, 0.00308114709333, 0.00322281848639, 0.00173213554081, 0.0020567891188], [-0.00499074999243, -0.00463105738163, 0.00245516607538, 0.00173213554081, 0.00210885214619, 0.00241057667881], [-0.00583102554083, -0.0056385663338, 0.00265127257444, 0.0020567891188, 0.00241057667881, 0.00318735768087]]
    },
    "beats_position": [0.545668900013, 1.07972788811, 1.57895684242, 2.11301589012, 2.6470746994, 3.08825397491, 3.55265307426, 4.01705217361, 4.43501138687, 4.8994102478, 5.36380958557, 5.87464857101, 6.33904743195, 6.82666635513, 7.31428575516, 7.80190467834, 8.28952407837, 8.75392246246, 9.24154186249, 9.70594120026, 10.1703395844, 10.6579589844, 11.1455783844, 11.6099767685, 12.051156044, 12.538775444, 13.0147848129, 13.4907932281, 14.0016326904, 14.5356912613, 15.0465307236, 15.5341491699, 16.0449886322, 16.5790481567],
    "bpm_estimates": [120.185333252, 123.046905518, 123.046783447, 123.046905518, 123.046783447, 123.046783447, 123.046783447, 123.046783447, 123.046783447, 126.047935486, 126.048194885, 123.047027588],
    "bpm_intervals": [0.534058988094, 0.499228954315, 0.534059047699, 0.53405880928, 0.441179275513, 0.46439909935, 0.46439909935, 0.417959213257, 0.464398860931, 0.464399337769, 0.510838985443, 0.464398860931, 0.487618923187, 0.487619400024, 0.487618923187, 0.487619400024, 0.464398384094, 0.487619400024, 0.464399337769, 0.464398384094, 0.487619400024, 0.487619400024, 0.464398384094, 0.441179275513, 0.487619400024, 0.476009368896, 0.476008415222, 0.51083946228, 0.534058570862, 0.51083946228, 0.48761844635, 0.51083946228, 0.534059524536],
    "onset_times": [0.0580498874187, 0.301859408617, 0.580498874187, 0.824308395386, 1.02167797089, 1.17260766029, 1.27709746361, 1.39319729805, 1.52090704441, 1.71827661991, 2.48453521729, 12.0627660751],
    "histogram": [[0, 0, 0, 0, 0, 0, 0, 0, 0, 0, 0, 0, 0, 0, 0, 0, 0, 0, 0, 0, 0, 0, 0, 0, 0, 0, 0, 0, 0, 0, 0, 0, 0, 0, 0, 0, 0, 0, 0, 0, 0, 0, 0, 0, 0, 0, 0, 0, 0, 0, 0, 0, 0, 0, 0, 0, 0, 0, 0, 0, 0, 0, 0, 0, 0, 0, 0, 0, 0, 0, 0, 0, 0, 0, 0, 0, 0, 0, 0, 0, 0, 0, 0, 0, 0, 0, 0, 0, 0, 0, 0, 0, 0, 0, 0, 0, 0, 0, 0, 0, 0, 0, 0, 0, 0, 0, 0, 0, 0, 0, 0, 0, 0.151515156031, 0, 0, 0, 0, 0.121212124825, 0, 0, 0.0303030312061, 0, 0, 0.272727280855, 0, 0, 0.0606060624123, 0, 0, 0.272727280855, 0, 0, 0, 0, 0, 0, 0.0606060624123, 0, 0, 0, 0, 0, 0, 0, 0.0303030312061, 0, 0, 0, 0, 0, 0, 0, 0, 0, 0, 0, 0, 0, 0, 0, 0, 0, 0, 0, 0, 0, 0, 0, 0, 0, 0, 0, 0, 0, 0, 0, 0, 0, 0, 0, 0, 0, 0, 0, 0, 0, 0, 0, 0, 0, 0, 0, 0, 0, 0, 0, 0, 0, 0, 0, 0, 0, 0, 0, 0, 0, 0, 0, 0, 0, 0, 0, 0, 0, 0, 0, 0, 0, 0, 0, 0, 0, 0, 0, 0, 0, 0, 0, 0, 0, 0, 0, 0, 0, 0, 0, 0, 0, 0, 0, 0, 0, 0, 0, 0, 0, 0, 0, 0, 0]]
},
"sfx": {
    "inharmonicity": {
        "kurt": 0.510682582855,
        "max": 0.416759043932,
        "mean": 0.103625260293,
        "median": 0.0764596685767,
        "min": 0,
        "skew": 1.09551739693,
        "var": 0.00761809805408
    },
    "oddtoevenharmonicenergyratio": {
        "kurt": 10.5671634674,
        "max": 8.38385295868,
        "mean": 0.925435304642,
        "median": 0.555167794228,
        "min": 0,
        "skew": 2.61342597008,
        "var": 1.14132249355
    },
    "pitch_after_max_to_before_max_energy_ratio": 0.241335526109,
    "pitch_centroid": 385.940124512,
    "pitch_max_to_total": 0.995929419994,
    "pitch_min_to_total": 0.459972858429,
    "tristimulus": {
        "kurt": [1.16986989975, 0.583679437637, -0.143914461136],
        "max": [1, 0.829510986805, 0.865898191929],
        "mean": [0.272649765015, 0.345978498459, 0.381371796131],
        "median": [0.26719674468, 0.339536458254, 0.393863141537],
        "min": [0, 0, 0],
        "skew": [0.847193479538, 0.259240657091, -0.0742321610451],
        "var": [0.0419793203473, 0.0174916237593, 0.0244315452874],
        "cov": [[0.0420363582671, -0.0175435300916, -0.024492867291], [-0.0175435300916, 0.0175153892487, 2.81282900687e-05], [-0.024492867291, 2.81282900687e-05, 0.0244647394866]]
    }
},
"tonal": {
    "chords_changes_rate": 0.0596205964684,
    "chords_number_rate": 0.013550135307,
    "chords_strength": {
        "kurt": -0.114134788513,
        "max": 0.682873487473,
        "mean": 0.463148921728,
        "median": 0.445770531893,
        "min": 0.298684775829,
        "skew": 0.838954329491,
        "var": 0.00848786719143
    },
    "key_strength": 0.490879237652,
    "tuning_diatonic_strength": 0.493843883276,
    "tuning_equal_tempered_deviation": 0.181986048818,
    "tuning_frequency": 449.504882812,
    "tuning_nontempered_energy_ratio": 0.853520750999,
    "hpcp": {
        "kurt": [4.22511196136, 3.99675130844, 0.664494514465, -0.437381505966, -0.130179166794, 1.37050628662, 0.894968986511, 1.16395759583, -0.496267557144, -1.01489388943, -0.985055208206, -0.310321807861, 0.721871614456, 1.70394229889, 0.801808595657, -0.150259971619, 0.75709605217, 2.2681055069, 2.67791366577, 3.12828159332, 1.16812944412, -0.366861820221, -0.108080863953, 0.954080343246, 3.79339551926, 7.21643543243, 11.8316001892, 7.91825771332, 4.18953132629, 1.02361106873, -0.016019821167, 1.3026342392, 1.82052564621, 1.75347185135, 0.399660110474, 1.07749271393],
        "max": [1, 0.930221199989, 1, 1, 1, 1, 1, 1, 1, 1, 1, 1, 1, 1, 1, 1, 1, 1, 1, 1, 1, 1, 1, 1, 1, 1, 1, 1, 1, 1, 1, 1, 1, 1, 1, 1],
