{
"metadata": {
    "version": {
        "essentia": "2.1-beta3"
    }
},
"lowLevel": {
    "average_loudness": 0.946631073952,
    "barkbands_kurtosis": {
        "kurt": 6.35995769501,
        "max": 6.17070770264,
        "mean": -0.229319289327,
        "median": -0.665791988373,
        "min": -1.59874665737,
        "skew": 2.39607429504,
        "var": 1.92035591602
    },
    "barkbands_skewness": {
        "kurt": 0.121519565582,
        "max": 2.0209236145,
        "mean": 0.0410031229258,
        "median": 0.0595738813281,
        "min": -1.77972602844,
        "skew": -0.00492727430537,
        "var": 0.455501765013
    },
    "barkbands_spread": {
        "kurt": 0.383617162704,
        "max": 36.8363838196,
        "mean": 15.7223291397,
        "median": 15.4994316101,
        "min": 3.87305235863,
        "skew": 0.43781888485,
        "var": 30.5266151428
    },
    "dissonance": {
        "kurt": 33.0540657043,
        "max": 0.499673455954,
        "mean": 0.475884109735,
        "median": 0.483507782221,
        "min": 0.194190427661,
        "skew": -4.02525472641,
        "var": 0.000671193643939
    },
    "hfc": {
        "kurt": 39.1004867554,
        "max": 50.549861908,
        "mean": 2.51928329468,
        "median": 1.24764704704,
        "min": 0.00469465181231,
        "skew": 5.50120687485,
        "var": 22.5228404999
    },
    "pitch": {
        "kurt": 3.28934049606,
        "max": 3513.16015625,
        "mean": 593.293273926,
        "median": 310.882507324,
        "min": 91.3059082031,
        "skew": 2.09106636047,
        "var": 476881.09375
    },
    "pitch_instantaneous_confidence": {
        "kurt": 1.98143720627,
        "max": 0.770036578178,
        "mean": 0.312382906675,
        "median": 0.283793538809,
        "min": 0.131241083145,
        "skew": 1.37483358383,
        "var": 0.0133040798828
    },
    "pitch_salience": {
        "kurt": 1.93319129944,
        "max": 0.853205442429,
        "mean": 0.7055991292,
        "median": 0.726412296295,
        "min": 0.349022418261,
        "skew": -1.23964452744,
        "var": 0.00717130396515
    },
    "silence_rate_20dB": {
        "kurt": 0,
        "max": 1,
        "mean": 1,
        "median": 1,
        "min": 1,
        "skew": 0,
        "var": 0
    },
    "silence_rate_30dB": {
        "kurt": 0,
        "max": 1,
        "mean": 1,
        "median": 1,
        "min": 1,
        "skew": 0,
        "var": 0
    },
    "silence_rate_60dB": {
        "kurt": 4.66247749329,
        "max": 1,
        "mean": 0.895238101482,
        "median": 1,
        "min": 0,
        "skew": -2.58117294312,
        "var": 0.0937867313623
    },
    "spectral_centroid": {
        "kurt": -0.422961473465,
        "max": 2510.8359375,
        "mean": 1391.61218262,
        "median": 1361.78027344,
        "min": 595.903015137,
        "skew": 0.270804286003,
        "var": 115391.710938
    },
    "spectral_complexity": {
        "kurt": 4.2207403183,
        "max": 37,
        "mean": 5.00952386856,
        "median": 3,
        "min": 0,
        "skew": 2.12581086159,
        "var": 40.1428756714
    },
    "spectral_crest": {
        "kurt": 3.07296228409,
        "max": 21.1533203125,
        "mean": 6.83268594742,
        "median": 5.96479177475,
        "min": 2.79996538162,
        "skew": 1.63564479351,
        "var": 9.98061847687
    },
    "spectral_decrease": {
        "kurt": 36.2962150574,
        "max": -1.11602285573e-12,
        "mean": -3.55085655324e-10,
        "median": -2.1731963451e-10,
        "min": -5.61625501661e-09,
        "skew": -5.26004457474,
        "var": 2.84596323586e-19
    },
    "spectral_energy": {
        "kurt": 36.9244651794,
        "max": 0.0257820542902,
        "mean": 0.00156868062913,
        "median": 0.000924949767068,
        "min": 4.63794822281e-06,
        "skew": 5.31649303436,
        "var": 5.9546009652e-06
    },
    "spectral_energyband_high": {
        "kurt": 83.3410873413,
        "max": 0.000398816744564,
        "mean": 1.44387913679e-05,
        "median": 6.76153877066e-06,
        "min": 7.07043739112e-08,
        "skew": 7.67425346375,
        "var": 8.26431256762e-10
    },
    "spectral_energyband_low": {
        "kurt": 34.3772163391,
        "max": 7.14032357791e-05,
        "mean": 5.70180645809e-06,
        "median": 3.9078277041e-06,
        "min": 1.27882927359e-07,
        "skew": 4.75761270523,
        "var": 5.12475617498e-11
    },
    "spectral_energyband_middle_high": {
        "kurt": 39.8925323486,
        "max": 0.0244281385094,
        "mean": 0.00115101470146,
        "median": 0.000523852184415,
        "min": 1.87974319488e-06,
        "skew": 5.62078285217,
        "var": 5.34751507075e-06
    },
    "spectral_energyband_middle_low": {
        "kurt": 5.98041629791,
        "max": 0.00242412462831,
        "mean": 0.000422630924731,
        "median": 0.000315346434945,
        "min": 2.60000297203e-06,
        "skew": 2.14313197136,
        "var": 1.28485908135e-07
    },
    "spectral_flatness_db": {
        "kurt": 3.03299665451,
        "max": 0.308235138655,
        "mean": 0.22258874774,
        "median": 0.220487594604,
        "min": 0.0736373215914,
        "skew": 0.180961981416,
        "var": 0.00063086830778
    },
    "spectral_flux": {
        "kurt": 8.203789711,
        "max": 0.120581783354,
        "mean": 0.0241385325789,
        "median": 0.0191286988556,
        "min": 0.00613977154717,
        "skew": 2.64252328873,
        "var": 0.000306356523652
    },
    "spectral_kurtosis": {
        "kurt": 4.56963682175,
        "max": 38.4481315613,
        "mean": 12.1867904663,
        "median": 11.4474420547,
        "min": 2.6130437851,
        "skew": 1.56626319885,
        "var": 24.1729393005
    },
    "spectral_rms": {
        "kurt": 9.71513652802,
        "max": 0.00501529918984,
        "mean": 0.00108087284025,
        "median": 0.000949942099396,
        "min": 6.72668393236e-05,
        "skew": 2.58866763115,
        "var": 3.6213475596e-07
    },
    "spectral_rolloff": {
        "kurt": 0.812248945236,
        "max": 3983.64257812,
        "mean": 2328.81591797,
        "median": 2400.95214844,
        "min": 689.0625,
        "skew": -0.406327724457,
        "var": 266928.375
    },
    "spectral_skewness": {
        "kurt": 2.23845291138,
        "max": 4.40869092941,
        "mean": 2.15980768204,
        "median": 2.13772034645,
        "min": 0.802977561951,
        "skew": 0.790880262852,
        "var": 0.232044324279
    },
    "spectral_spread": {
        "kurt": 338.286193848,
        "max": 22233870,
        "mean": 2105654,
        "median": 2010871.75,
        "min": 1360537.625,
        "skew": 17.6490726471,
        "var": 1.07090948915e+12
    },
    "spectral_strongpeak": {
        "kurt": 9.26466178894,
        "max": 2.81752943993,
        "mean": 0.385648846626,
        "median": 0.307674080133,
        "min": 0.000926385400817,
        "skew": 2.30033659935,
        "var": 0.126495659351
    },
    "zerocrossingrate": {
        "kurt": 0.0394244194031,
        "max": 0.11083984375,
        "mean": 0.072426058352,
        "median": 0.0732421875,
        "min": 0.01220703125,
        "skew": -0.267042517662,
        "var": 0.000207717297599
    },
    "barkbands": {
        "kurt": [324.046478271, 4.95092344284, 30.5959587097, 23.6544647217, 9.73087310791, 6.17760562897, 17.8219432831, 21.6268424988, 9.26289558411, 13.9155864716, 16.5331630707, 12.4053821564, 33.5420761108, 48.0105247498, 49.9731712341, 23.0599117279, 80.7262191772, 33.2836456299, 30.4059371948, 52.8793945312, 71.9535293579, 43.9579429626, 33.4742889404, 90.656867981, 119.145027161, 69.5863800049, 177.332046509],
        "max": [1.41454048475e-08, 6.89122003905e-08, 2.11652804865e-05, 0.000139486364787, 0.000369872635929, 0.000138022049214, 0.00028264647699, 0.000826733128633, 0.00209761643782, 0.00110981904436, 0.000592348864302, 0.000580089865252, 0.00136220932472, 0.00519768055528, 0.00782478973269, 0.00295070488937, 0.00565315550193, 0.00187925994396, 0.000792281061877, 0.000421107280999, 0.000133897716296, 2.13672065001e-05, 4.15178874391e-06, 2.33310265685e-06, 9.67708956523e-07, 2.24347278532e-08, 5.5622284556e-09],
        "mean": [1.47425710528e-10, 1.20259873171e-08, 1.59236401487e-06, 1.26586382976e-05, 5.02111652168e-05, 2.84815650957e-05, 3.08791750285e-05, 5.29238241143e-05, 0.0001918762282, 9.03837062651e-05, 6.72896931064e-05, 6.56267875456e-05, 7.68979152781e-05, 0.000169822276803, 0.000229610726819, 0.000167159290868, 0.000169307371834, 9.49895984377e-05, 4.34209105151e-05, 1.9445491489e-05, 4.93414654557e-06, 9.01728981262e-07, 1.8133839319e-07, 5.70455043203e-08, 1.94005487231e-08, 6.82289003073e-10, 8.45263511962e-11],
        "median": [4.11608767903e-11, 8.95700758008e-09, 9.622391417e-07, 8.13793485577e-06, 3.66476269846e-05, 2.45013725362e-05, 2.26034062507e-05, 2.04497973755e-05, 8.43748712214e-05, 4.41322736151e-05, 4.22008815804e-05, 3.61156889994e-05, 3.10672439809e-05, 4.02973164455e-05, 5.0614689826e-05, 5.88887342019e-05, 6.24315216555e-05, 3.75750896637e-05, 1.9408409571e-05, 8.83148459252e-06, 2.18116429096e-06, 3.21135644299e-07, 4.59463578295e-08, 1.15561809011e-08, 3.36044547744e-09, 2.39183395312e-10, 2.41785463179e-11],
        "min": [1.5189857725e-15, 9.98933158414e-11, 8.190241374e-09, 1.87254627804e-07, 9.29562645524e-07, 6.84628844283e-07, 7.24642887917e-08, 2.10076706253e-07, 1.90662177602e-07, 4.08218966186e-07, 9.19585545489e-08, 1.39934130061e-07, 2.66136737537e-07, 1.62059336617e-07, 1.68069860251e-07, 1.93563522544e-07, 3.47034898596e-07, 1.57730767114e-07, 1.50259076293e-08, 3.29403171406e-08, 1.75026677596e-08, 4.76508033032e-09, 5.72808556143e-09, 2.8485311887e-09, 1.24829380166e-09, 1.19223672601e-10, 7.99383215871e-12],
        "skew": [17.224489212, 2.00990104675, 4.36404037476, 3.79838061333, 2.60220074654, 1.96867179871, 3.17121815681, 4.40211439133, 2.8681063652, 3.20429944992, 3.64112591743, 3.1613471508, 5.02517652512, 6.37351799011, 6.43803167343, 4.32501888275, 7.85427474976, 5.22459697723, 4.86081171036, 6.24850034714, 7.40091514587, 5.92546653748, 5.46681165695, 8.50922966003, 9.29346370697, 7.38157749176, 12.5686473846],
        "var": [5.29473243614e-19, 1.41300951e-16, 3.97458064724e-12, 2.00237645909e-10, 1.93445282015e-09, 3.51044526781e-10, 7.90611354162e-10, 1.15263416589e-08, 8.74729835232e-08, 1.62611737409e-08, 6.34235686192e-09, 7.31296045942e-09, 2.03807850596e-08, 2.41951795488e-07, 5.27427630459e-07, 1.131233347e-07, 1.79773252285e-07, 3.81011027173e-08, 5.99615335162e-09, 1.29744959221e-09, 1.08824629863e-10, 3.92434739219e-12, 2.26897968188e-13, 3.42287437001e-14, 4.07363428268e-15, 3.16421668554e-18, 1.20215050226e-19],
        "cov": [[5.30736917096e-19, 9.23595130391e-19, -4.76850101674e-17, -3.99991509946e-16, -1.63826209339e-15, -5.43191111767e-16, -8.82948679465e-16, 2.59200869827e-15, -1.44160899513e-15, -1.78182104894e-15, -2.78554169773e-16, -1.33868951572e-15, -4.95675739799e-16, -3.55212414387e-15, -4.66109483028e-15, -1.42493197519e-15, -3.32126997278e-15, -1.3731605803e-15, -1.94260950167e-15, -7.11514610776e-16, -6.67642684857e-17, -5.58710831584e-18, 3.42123484627e-20, 6.91868210753e-20, 1.27652657629e-19, 1.92846742511e-19, 2.20493108986e-19], [9.23595130391e-19, 1.41638189227e-16, 4.29279897559e-15, 9.77297212476e-15, 1.05924138208e-14, 5.75535382495e-15, -6.48296529104e-15, 2.32822777306e-14, 3.77597326779e-14, 8.9367776417e-14, 1.88819330993e-14, -6.74371447356e-14, -1.16846812716e-13, -4.29188829658e-13, -6.15880068298e-13, -3.23473507095e-13, -2.290187354e-13, -6.17560676533e-14, -7.33691536345e-14, -3.81280226033e-14, -9.27459149113e-15, -1.10261211596e-15, -1.77223578588e-16, -1.22332773112e-16, -3.73778103394e-17, -9.22254477413e-19, 1.94326516928e-19], [-4.76850101674e-17, 4.29279897559e-15, 3.98406654889e-12, 1.5549858276e-11, 2.90164298838e-11, 1.59612958701e-12, 2.44947161512e-12, -1.41844183968e-11, -3.34767352728e-11, -2.11268051664e-11, -6.4127917386e-12, -2.42967885394e-12, -1.90499057501e-11, -2.87293626389e-12, 6.14731225992e-12, -3.21977618178e-11, -1.32108961357e-12, -5.23717831255e-12, -2.70676298215e-12, 1.23238474547e-12, -6.01305517964e-13, -1.46791799094e-13, -8.3162736612e-15, -1.63590251371e-14, -5.95106968126e-15, -6.41587885225e-17, -3.20344882801e-17], [-3.99991509946e-16, 9.77297212476e-15, 1.5549858276e-11, 2.0071554141e-10, 3.03101932442e-10, 4.53135749409e-12, 1.8426175516e-11, -8.8307770818e-11, -1.37999792149e-10, -9.58861254285e-11, -5.33915377188e-11, -2.05027904376e-11, -8.67608276889e-11, 7.07265843114e-11, 1.62716090601e-10, -4.65364101421e-11, -2.12569805508e-11, -1.70176529118e-11, 2.87225087464e-11, 2.30343712854e-11, -2.46542239749e-12, 1.84666789239e-13, 1.26910810962e-13, -4.36093218828e-14, -1.12081008943e-14, 1.12387465464e-15, -1.03984457905e-16], [-1.63826209339e-15, 1.05924138208e-14, 2.90164298838e-11, 3.03101932442e-10, 1.93906979362e-09, 1.67248801614e-11, 1.25741528301e-10, -3.9491385162e-10, 2.36098390838e-10, 2.54326365523e-10, -2.54426063551e-10, -1.42527600833e-10, -2.27378393891e-10, 3.77075537461e-10, 9.43549793853e-10, 7.43169692452e-11, -1.61303734258e-10, -1.04912058208e-10, 1.36354011415e-10, 3.91196623706e-11, -3.04896524694e-11, -3.85674738673e-12, 8.12097947483e-13, 7.58112309366e-14, 7.63919635015e-14, 1.76831616739e-15, -1.16587944201e-15], [-5.43191111767e-16, 5.75535382495e-15, 1.59612958701e-12, 4.53135749409e-12, 1.67248801614e-11, 3.51882328831e-10, 1.10612276283e-10, 3.30117794212e-10, 5.59574941938e-10, 2.64075237372e-11, -6.23036969238e-11, 1.33558414328e-10, 1.30683117106e-10, 5.43218137139e-10, 4.05591643604e-10, 3.03829184034e-10, 2.68478878018e-10, 1.14243017824e-10, 5.65056682e-11, 2.24855637582e-11, 1.197088869e-11, 4.73451529717e-12, 4.79251783658e-13, -7.93558656151e-15, -2.33557646151e-14, 1.73166907517e-15, 9.17898436774e-17], [-8.82948679465e-16, -6.48296529104e-15, 2.44947161512e-12, 1.8426175516e-11, 1.25741528301e-10, 1.10612276283e-10, 7.92498233704e-10, 6.36797073406e-11, 1.19155763034e-09, 5.9881523351e-11, 1.09495549292e-13, 2.6624186189e-10, 4.71436445437e-10, 1.86644610878e-09, 2.9941609192e-09, 1.42308465012e-09, 2.25245688767e-09, 4.64800392619e-10, 1.54687415654e-10, 9.16275805229e-11, 6.9851922857e-11, 1.2824834944e-11, 1.72960409016e-12, 2.04703089332e-13, 5.75749165141e-14, 5.34762308084e-15, -1.89544506604e-16], [2.59200869827e-15, 2.32822777306e-14, -1.41844183968e-11, -8.8307770818e-11, -3.9491385162e-10, 3.30117794212e-10, 6.36797073406e-11, 1.15538503209e-08, -7.60930429777e-10, 4.58738880216e-10, 5.44034373107e-10, 2.53868426281e-10, 2.02683470008e-09, 7.55910267713e-09, 8.52235526594e-09, 3.6349143695e-09, 1.92020266354e-09, 8.84649908883e-10, 3.55759449677e-10, -2.71942208335e-11, -1.48281543294e-11, 4.2362476374e-12, 7.54144142967e-13, 7.63783784483e-13, 2.65553150216e-13, 6.94150911813e-15, 5.50481650075e-17], [-1.44160899513e-15, 3.77597326779e-14, -3.34767352728e-11, -1.37999792149e-10, 2.36098390838e-10, 5.59574941938e-10, 1.19155763034e-09, -7.60930429777e-10, 8.76817480844e-08, 4.99284169564e-09, 2.46188092135e-09, 8.12413425422e-09, 1.09291820038e-08, 2.70877844599e-08, 4.2448832005e-08, 2.5408366966e-08, 3.15899910674e-08, 1.21063195024e-08, 4.42699921166e-09, 9.33440325035e-10, 4.45733144838e-10, 1.18677012662e-10, 1.98365733561e-11, 7.37019820174e-12, 3.47087072625e-12, 1.00446906381e-13, -1.07541939373e-15], [-1.78182104894e-15, 8.9367776417e-14, -2.11268051664e-11, -9.58861254285e-11, 2.54326365523e-10, 2.64075237372e-11, 5.9881523351e-11, 4.58738880216e-10, 4.99284169564e-09, 1.62999835851e-08, 4.20275592106e-09, 1.87601956192e-09, 8.12252709537e-10, 4.29661017876e-09, 6.30367313903e-09, 2.06145434056e-09, 3.45714412653e-09, 5.99740590523e-10, 8.55252587501e-12, 3.34301059057e-11, 6.68624600131e-11, 1.86622557685e-11, 2.20299776685e-12, 2.70513049894e-13, 2.2301806601e-14, 4.81646184863e-15, -1.46613758697e-15], [-2.78554169773e-16, 1.88819330993e-14, -6.4127917386e-12, -5.33915377188e-11, -2.54426063551e-10, -6.23036969238e-11, 1.09495549292e-13, 5.44034373107e-10, 2.46188092135e-09, 4.20275592106e-09, 6.35749364264e-09, 2.62198751599e-09, 4.06381728268e-09, 1.32562343325e-08, 1.94243163776e-08, 1.03796322648e-08, 8.7609395294e-09, 4.06308631185e-09, 1.11379949708e-09, 4.00550370649e-10, 1.45389575379e-10, 3.07213213202e-11, 1.11368032851e-11, 4.88735484375e-12, 1.45153290429e-12, 3.70814456343e-14, 3.99095454967e-16], [-1.33868951572e-15, -6.74371447356e-14, -2.42967885394e-12, -2.05027904376e-11, -1.42527600833e-10, 1.33558414328e-10, 2.6624186189e-10, 2.53868426281e-10, 8.12413425422e-09, 1.87601956192e-09, 2.62198751599e-09, 7.33041405354e-09, 7.19832327079e-09, 2.54880632156e-08, 3.8908776645e-08, 1.83038668666e-08, 2.00948626627e-08, 7.74673658555e-09, 2.84145018625e-09, 8.54130099981e-10, 3.82420400902e-10, 8.85869017031e-11, 2.41080922586e-11, 8.21247670563e-12, 2.44933825826e-12, 7.26806513736e-14, 1.50030419615e-16], [-4.95675739799e-16, -1.16846812716e-13, -1.90499057501e-11, -8.67608276889e-11, -2.27378393891e-10, 1.30683117106e-10, 4.71436445437e-10, 2.02683470008e-09, 1.09291820038e-08, 8.12252709537e-10, 4.06381728268e-09, 7.19832327079e-09, 2.04294252626e-08, 5.40530145088e-08, 8.07109756806e-08, 4.1889336444e-08, 4.51452173422e-08, 1.99258156641e-08, 7.33635596717e-09, 2.17653295387e-09, 8.01422928021e-10, 1.948598366e-10, 4.90973754708e-11, 1.9416098937e-11, 6.63955349034e-12, 1.60999116599e-13, 2.3303149046e-15], [-3.55212414387e-15, -4.29188829658e-13, -2.87293626389e-12, 7.07265843114e-11, 3.77075537461e-10, 5.43218137139e-10, 1.86644610878e-09, 7.55910267713e-09, 2.70877844599e-08, 4.29661017876e-09, 1.32562343325e-08, 2.54880632156e-08, 5.40530145088e-08, 2.42529239358e-07, 3.38533851618e-07, 1.40393225934e-07, 1.62269898851e-07, 6.68799700065e-08, 2.53233327641e-08, 7.01079061471e-09, 2.58487764526e-09, 6.48877174214e-10, 1.85573653666e-10, 6.56291687662e-11, 2.23041567854e-11, 6.78166941007e-13, 6.03540663423e-15], [-4.66109483028e-15, -6.15880068298e-13, 6.14731225992e-12, 1.62716090601e-10, 9.43549793853e-10, 4.05591643604e-10, 2.9941609192e-09, 8.52235526594e-09, 4.2448832005e-08, 6.30367313903e-09, 1.94243163776e-08, 3.8908776645e-08, 8.07109756806e-08, 3.38533851618e-07, 5.28686371126e-07, 2.11737472e-07, 2.63992831151e-07, 1.0223677549e-07, 3.68230956838e-08, 9.86217774113e-09, 3.97103017136e-09, 9.84374137758e-10, 2.78375766882e-10, 9.57324566841e-11, 3.17855394782e-11, 9.53536511902e-13, 7.50878360005e-15], [-1.42493197519e-15, -3.23473507095e-13, -3.21977618178e-11, -4.65364101421e-11, 7.43169692452e-11, 3.03829184034e-10, 1.42308465012e-09, 3.6349143695e-09, 2.5408366966e-08, 2.06145434056e-09, 1.03796322648e-08, 1.83038668666e-08, 4.1889336444e-08, 1.40393225934e-07, 2.11737472e-07, 1.13393319623e-07, 1.17376146136e-07, 5.0281173003e-08, 1.69016942664e-08, 4.67315075525e-09, 1.9596593237e-09, 4.79821904431e-10, 1.37957992252e-10, 5.00855225349e-11, 1.64354745091e-11, 4.34195702396e-13, 6.60784801713e-15], [-3.32126997278e-15, -2.290187354e-13, -1.32108961357e-12, -2.12569805508e-11, -1.61303734258e-10, 2.68478878018e-10, 2.25245688767e-09, 1.92020266354e-09, 3.15899910674e-08, 3.45714412653e-09, 8.7609395294e-09, 2.00948626627e-08, 4.51452173422e-08, 1.62269898851e-07, 2.63992831151e-07, 1.17376146136e-07, 1.8020230641e-07, 6.62538610641e-08, 1.96582892187e-08, 4.74057237909e-09, 2.6209645565e-09, 6.37984165497e-10, 1.59334753724e-10, 4.75054579008e-11, 1.76083158471e-11, 5.67545197037e-13, 5.09967747894e-15], [-1.3731605803e-15, -6.17560676533e-14, -5.23717831255e-12, -1.70176529118e-11, -1.04912058208e-10, 1.14243017824e-10, 4.64800392619e-10, 8.84649908883e-10, 1.21063195024e-08, 5.99740590523e-10, 4.06308631185e-09, 7.74673658555e-09, 1.99258156641e-08, 6.68799700065e-08, 1.0223677549e-07, 5.0281173003e-08, 6.62538610641e-08, 3.81920344239e-08, 1.14708447185e-08, 3.00095459593e-09, 1.05614939017e-09, 2.4649063346e-10, 6.92911075739e-11, 2.52120199717e-11, 9.18851453258e-12, 2.5138428123e-13, 2.03465297216e-15], [-1.94260950167e-15, -7.33691536345e-14, -2.70676298215e-12, 2.87225087464e-11, 1.36354011415e-10, 5.65056682e-11, 1.54687415654e-10, 3.55759449677e-10, 4.42699921166e-09, 8.55252587501e-12, 1.11379949708e-09, 2.84145018625e-09, 7.33635596717e-09, 2.53233327641e-08, 3.68230956838e-08, 1.69016942664e-08, 1.96582892187e-08, 1.14708447185e-08, 6.0104641264e-09, 2.05252770336e-09, 4.57738791315e-10, 9.26609483587e-11, 2.30444274774e-11, 7.76210519471e-12, 2.73941785055e-12, 7.0596143948e-14, 1.75209923192e-17], [-7.11514610776e-16, -3.81280226033e-14, 1.23238474547e-12, 2.30343712854e-11, 3.91196623706e-11, 2.24855637582e-11, 9.16275805229e-11, -2.71942208335e-11, 9.33440325035e-10, 3.34301059057e-11, 4.00550370649e-10, 8.54130099981e-10, 2.17653295387e-09, 7.01079061471e-09, 9.86217774113e-09, 4.67315075525e-09, 4.74057237909e-09, 3.00095459593e-09, 2.05252770336e-09, 1.30054611525e-09, 2.79281736626e-10, 3.63165678086e-11, 6.58432986952e-12, 2.29565693712e-12, 7.90036005366e-13, 2.06746512271e-14, 5.99969401126e-18], [-6.67642684857e-17, -9.27459149113e-15, -6.01305517964e-13, -2.46542239749e-12, -3.04896524694e-11, 1.197088869e-11, 6.9851922857e-11, -1.48281543294e-11, 4.45733144838e-10, 6.68624600131e-11, 1.45389575379e-10, 3.82420400902e-10, 8.01422928021e-10, 2.58487764526e-09, 3.97103017136e-09, 1.9596593237e-09, 2.6209645565e-09, 1.05614939017e-09, 4.57738791315e-10, 2.79281736626e-10, 1.09084352662e-10, 1.62195482739e-11, 2.86848539713e-12, 8.72819503304e-13, 2.47113229402e-13, 8.10047761832e-15, 1.67550475566e-16], [-5.58710831584e-18, -1.10261211596e-15, -1.46791799094e-13, 1.84666789239e-13, -3.85674738673e-12, 4.73451529717e-12, 1.2824834944e-11, 4.2362476374e-12, 1.18677012662e-10, 1.86622557685e-11, 3.07213213202e-11, 8.85869017031e-11, 1.948598366e-10, 6.48877174214e-10, 9.84374137758e-10, 4.79821904431e-10, 6.37984165497e-10, 2.4649063346e-10, 9.26609483587e-11, 3.63165678086e-11, 1.62195482739e-11, 3.93371316423e-12, 6.86124117591e-13, 2.14262133968e-13, 6.49848420518e-14, 2.02006791184e-15, 4.93040176932e-17], [3.42123484627e-20, -1.77223578588e-16, -8.3162736612e-15, 1.26910810962e-13, 8.12097947483e-13, 4.79251783658e-13, 1.72960409016e-12, 7.54144142967e-13, 1.98365733561e-11, 2.20299776685e-12, 1.11368032851e-11, 2.41080922586e-11, 4.90973754708e-11, 1.85573653666e-10, 2.78375766882e-10, 1.37957992252e-10, 1.59334753724e-10, 6.92911075739e-11, 2.30444274774e-11, 6.58432986952e-12, 2.86848539713e-12, 6.86124117591e-13, 2.27439486515e-13, 7.24273885224e-14, 2.20646119648e-14, 6.24818194586e-16, 5.79521413666e-18], [6.91868210753e-20, -1.22332773112e-16, -1.63590251371e-14, -4.36093218828e-14, 7.58112309366e-14, -7.93558656151e-15, 2.04703089332e-13, 7.63783784483e-13, 7.37019820174e-12, 2.70513049894e-13, 4.88735484375e-12, 8.21247670563e-12, 1.9416098937e-11, 6.56291687662e-11, 9.57324566841e-11, 5.00855225349e-11, 4.75054579008e-11, 2.52120199717e-11, 7.76210519471e-12, 2.29565693712e-12, 8.72819503304e-13, 2.14262133968e-13, 7.24273885224e-14, 3.43104349456e-14, 1.04763711541e-14, 2.36601819036e-16, 2.22397247737e-18], [1.27652657629e-19, -3.73778103394e-17, -5.95106968126e-15, -1.12081008943e-14, 7.63919635015e-14, -2.33557646151e-14, 5.75749165141e-14, 2.65553150216e-13, 3.47087072625e-12, 2.2301806601e-14, 1.45153290429e-12, 2.44933825826e-12, 6.63955349034e-12, 2.23041567854e-11, 3.17855394782e-11, 1.64354745091e-11, 1.76083158471e-11, 9.18851453258e-12, 2.73941785055e-12, 7.90036005366e-13, 2.47113229402e-13, 6.49848420518e-14, 2.20646119648e-14, 1.04763711541e-14, 4.08335652685e-15, 9.62157033234e-17, 9.68590653787e-19], [1.92846742511e-19, -9.22254477413e-19, -6.41587885225e-17, 1.12387465464e-15, 1.76831616739e-15, 1.73166907517e-15, 5.34762308084e-15, 6.94150911813e-15, 1.00446906381e-13, 4.81646184863e-15, 3.70814456343e-14, 7.26806513736e-14, 1.60999116599e-13, 6.78166941007e-13, 9.53536511902e-13, 4.34195702396e-13, 5.67545197037e-13, 2.5138428123e-13, 7.0596143948e-14, 2.06746512271e-14, 8.10047761832e-15, 2.02006791184e-15, 6.24818194586e-16, 2.36601819036e-16, 9.62157033234e-17, 3.17176843094e-18, 1.34382146728e-19], [2.20493108986e-19, 1.94326516928e-19, -3.20344882801e-17, -1.03984457905e-16, -1.16587944201e-15, 9.17898436774e-17, -1.89544506604e-16, 5.50481650075e-17, -1.07541939373e-15, -1.46613758697e-15, 3.99095454967e-16, 1.50030419615e-16, 2.3303149046e-15, 6.03540663423e-15, 7.50878360005e-15, 6.60784801713e-15, 5.09967747894e-15, 2.03465297216e-15, 1.75209923192e-17, 5.99969401126e-18, 1.67550475566e-16, 4.93040176932e-17, 5.79521413666e-18, 2.22397247737e-18, 9.68590653787e-19, 1.34382146728e-19, 1.20501965577e-19]]
    },
    "mfcc": {
        "kurt": [2.34504985809, 1.53545093536, 0.742364645004, 0.0722606182098, 0.151955127716, 1.04559993744, -0.440269470215, 0.28453874588, -0.306905269623, 0.0583760738373, -0.234606742859, -0.0474412441254, -0.0313076972961],
        "max": [-685.304504395, 171.436828613, -2.61265563965, 38.4877815247, 13.8124694824, 1.67139816284, 12.0577430725, 7.03376197815, 7.42681503296, 4.06302642822, 3.44815063477, 4.03373718262, -5.41389465332],
        "mean": [-816.776062012, 135.478500366, -103.811347961, 0.874751985073, -18.1267871857, -33.9518013, -13.8269109726, -20.4811019897, -11.8386507034, -16.5752239227, -19.6510620117, -16.5756721497, -18.951133728],
        "median": [-819.855834961, 136.886993408, -103.726966858, 0.309762954712, -17.2934074402, -34.3253593445, -13.7103424072, -20.6409034729, -11.2645111084, -16.5608596802, -20.0119609833, -16.591381073, -18.4540061951],
        "min": [-1029.61657715, 74.7413635254, -172.576660156, -31.3438796997, -52.2568054199, -60.1734580994, -45.9501800537, -41.2155914307, -34.6674194336, -34.7800674438, -34.6073226929, -31.5686912537, -40.5550193787],
        "skew": [0.202392742038, -0.869919419289, 0.140010178089, 0.353373229504, -0.23454195261, 0.376395821571, -0.141251266003, 0.0706671327353, -0.221093192697, 0.12903906405, 0.284121662378, -0.0987207964063, -0.276449501514],
        "var": [1540.94689941, 209.838348389, 490.780975342, 137.317962646, 96.4682998657, 83.5248947144, 107.524635315, 53.3763656616, 62.4599647522, 49.6986885071, 48.0288887024, 35.2405548096, 38.4657363892],
        "cov": [[1544.62451172, -268.463928223, -795.405212402, 45.0523071289, -85.5372085571, 170.727035522, -211.528717041, 1.67726004124, 51.0967140198, 34.1843566895, 103.028945923, -17.9520797729, -68.0652008057], [-268.463928223, 210.339157104, 169.551361084, -60.1446723938, 8.33856296539, -75.4199905396, 42.642414093, 7.14486694336, 21.1809558868, 5.3592338562, -21.928237915, -0.586921513081, 0.17267100513], [-795.405212402, 169.551361084, 491.952301025, -4.1666727066, 45.7809524536, -78.8169250488, 107.609863281, -3.92150735855, -35.7346534729, -11.2317781448, -59.1976203918, -4.33429574966, 30.6995506287], [45.0523071289, -60.1446723938, -4.1666727066, 137.645690918, 12.2316150665, 16.2923240662, 13.5566473007, -24.8877887726, -22.2990474701, -18.070810318, -3.32921218872, -6.92234754562, 4.6748418808], [-85.5372085571, 8.33856296539, 45.7809524536, 12.2316150665, 96.6985397339, 13.2716903687, -10.4608078003, 7.9249124527, -20.8438835144, -5.99288845062, -5.93824243546, 1.04192304611, -1.04207003117], [170.727035522, -75.4199905396, -78.8169250488, 16.2923240662, 13.2716903687, 83.7242431641, -18.9526081085, -1.17066562176, -9.37609004974, -6.31395339966, 5.80743026733, -5.86641836166, -0.0521928519011], [-211.528717041, 42.642414093, 107.609863281, 13.5566473007, -10.4608078003, -18.9526081085, 107.781257629, 2.52582240105, -23.818862915, -4.04216909409, -32.7605819702, -5.01861763, 14.0692834854], [1.67726004124, 7.14486694336, -3.92150735855, -24.8877887726, 7.9249124527, -1.17066562176, 2.52582240105, 53.5037574768, 18.8474998474, -9.10078334808, 5.92991256714, -0.00446722004563, -7.9586687088], [51.0967140198, 21.1809558868, -35.7346534729, -22.2990474701, -20.8438835144, -9.37609004974, -23.818862915, 18.8474998474, 62.6090354919, 7.84245634079, 8.30008983612, 7.57069349289, -13.3775873184], [34.1843566895, 5.3592338562, -11.2317781448, -18.070810318, -5.99288845062, -6.31395339966, -4.04216909409, -9.10078334808, 7.84245634079, 49.8173027039, 16.752166748, -2.84142136574, -6.85738611221], [103.028945923, -21.928237915, -59.1976203918, -3.32921218872, -5.93824243546, 5.80743026733, -32.7605819702, 5.92991256714, 8.30008983612, 16.752166748, 48.1435165405, 12.7539396286, -7.84240245819], [-17.9520797729, -0.586921513081, -4.33429574966, -6.92234754562, 1.04192304611, -5.86641836166, -5.01861763, -0.00446722004563, 7.57069349289, -2.84142136574, 12.7539396286, 35.3246612549, 14.4910182953], [-68.0652008057, 0.17267100513, 30.6995506287, 4.6748418808, -1.04207003117, -0.0521928519011, 14.0692834854, -7.9586687088, -13.3775873184, -6.85738611221, -7.84240245819, 14.4910182953, 38.5575408936]]
    },
    "sccoeffs": {
        "kurt": [3.58653688431, 0.623115539551, -0.0776057243347, 1.66131734848, 0.724424123764, 4.29974508286],
        "max": [-0.311802148819, -0.60884553194, -0.63057667017, -0.675704658031, -0.612280488014, -0.671466886997],
        "mean": [-0.483116000891, -0.803095400333, -0.795634150505, -0.82551330328, -0.779838263988, -0.774593055248],
        "median": [-0.485779702663, -0.810936808586, -0.800613760948, -0.827870488167, -0.784164428711, -0.777516007423],
        "min": [-0.83064776659, -0.911842405796, -0.908982515335, -0.895166933537, -0.862800180912, -0.943797528744],
        "skew": [-0.448924571276, 0.729103863239, 0.518937349319, 0.856435954571, 0.631630003452, 0.230127632618],
        "var": [0.00294758658856, 0.00280617456883, 0.00261216401123, 0.00102688267361, 0.001727386727, 0.00074744358426],
        "cov": [[0.00295462133363, -0.000100592900708, 4.78980764456e-05, 0.000145132798934, -6.21824301561e-06, 0.000165097007994], [-0.000100592900708, 0.00281287170947, 0.000538210035302, 0.000127432620502, 0.000381841877243, 4.96071079397e-05], [4.78980764456e-05, 0.000538210035302, 0.00261839828454, 0.000323875021422, 2.83933222818e-05, 0.000109439482912], [0.000145132798934, 0.000127432620502, 0.000323875021422, 0.00102933356538, 0.000477163732285, 7.94062871137e-05], [-6.21824301561e-06, 0.000381841877243, 2.83933222818e-05, 0.000477163732285, 0.00173150934279, 9.68387612374e-05], [0.000165097007994, 4.96071079397e-05, 0.000109439482912, 7.94062871137e-05, 9.68387612374e-05, 0.000749227474444]]
    },
    "scvalleys": {
        "kurt": [0.320796251297, 2.69631719589, 2.69984340668, 0.907862901688, 1.19059276581, 1.20221996307],
        "max": [-9.23862361908, -6.01047420502, -5.59320497513, -4.97273111343, -6.49121999741, -9.51543903351],
        "mean": [-10.6878395081, -6.98666715622, -6.89376163483, -7.02634620667, -8.09754562378, -11.8869886398],
        "median": [-10.6326618195, -6.97920894623, -6.89951992035, -7.08306503296, -8.102684021, -12.0850906372],
        "min": [-12.4198036194, -9.05599308014, -9.45147418976, -9.68389225006, -10.85409832, -12.6651630402],
        "skew": [-0.470498979092, -0.603087127209, -0.539705216885, 0.388122498989, 0.0695214048028, 1.29987215996],
        "var": [0.231427744031, 0.121794998646, 0.186119005084, 0.424007147551, 0.29452380538, 0.362256288528],
        "cov": [[0.231980085373, 0.00492490176111, 0.00659791659564, -0.00409079343081, -0.0173398889601, -0.00218231161125], [0.00492490176111, 0.122085683048, 0.0555773638189, 0.0927464812994, 0.0670914873481, 0.0664331912994], [0.00659791659564, 0.0555773638189, 0.186563208699, 0.213636651635, 0.145036697388, 0.1542827636], [-0.00409079343081, 0.0927464812994, 0.213636651635, 0.42501911521, 0.281101375818, 0.328121900558], [-0.0173398889601, 0.0670914873481, 0.145036697388, 0.281101375818, 0.295226722956, 0.256942898035], [-0.00218231161125, 0.0664331912994, 0.1542827636, 0.328121900558, 0.256942898035, 0.363120883703]]
    }
},
"rhythm": {
    "beats_loudness": {
        "kurt": -1.31446266174,
        "max": 0.00655240891501,
        "mean": 0.00338343414478,
        "median": 0.0036565028131,
        "min": 0.000166954443557,
        "skew": -0.130023092031,
        "var": 4.23473238698e-06
    },
    "bpm": 134.731109619,
    "confidence": 2.88455057144,
    "first_peak_bpm": {
        "kurt": 0,
        "max": 136,
        "mean": 136,
        "median": 136,
        "min": 136,
        "skew": 0,
        "var": 0
    },
    "first_peak_spread": {
        "kurt": 0,
        "max": 0.363636374474,
        "mean": 0.363636374474,
        "median": 0.363636374474,
        "min": 0.363636374474,
        "skew": 0,
        "var": 0
    },
    "first_peak_weight": {
        "kurt": 0,
        "max": 0.34999999404,
        "mean": 0.34999999404,
        "median": 0.34999999404,
        "min": 0.34999999404,
        "skew": 0,
        "var": 0
    },
    "onset_rate": 2.26381278038,
    "second_peak_bpm": {
        "kurt": 0,
        "max": 129,
        "mean": 129,
        "median": 129,
        "min": 129,
        "skew": 0,
        "var": 0
    },
    "second_peak_spread": {
        "kurt": 0,
        "max": 0,
        "mean": 0,
        "median": 0,
        "min": 0,
        "skew": 0,
        "var": 0
    },
    "second_peak_weight": {
        "kurt": 0,
        "max": 0.20000000298,
        "mean": 0.20000000298,
        "median": 0.20000000298,
        "min": 0.20000000298,
        "skew": 0,
        "var": 0
    },
    "beats_loudness_band_ratio": {
        "kurt": [6.25452327728, 5.41453933716, 1.60961818695, 1.22734117508, -0.865117788315, 5.25648975372],
        "max": [0.19790430367, 0.308161854744, 0.537814199924, 0.479908764362, 0.776593267918, 0.281696766615],
        "mean": [0.0275568570942, 0.0517008751631, 0.155102804303, 0.239246144891, 0.500856459141, 0.0587845630944],
        "median": [0.0095652686432, 0.0232079010457, 0.091352827847, 0.219102054834, 0.552631676197, 0.0371275767684],
        "min": [0.00146084697917, 0.00609305733815, 0.0447161719203, 0.132765188813, 0.100454710424, 0.0163089800626],
        "skew": [2.65882468224, 2.47268724442, 1.3971875906, 1.08466565609, -0.648429632187, 2.49115276337],
        "var": [0.00219452846795, 0.00526060024276, 0.0157528426498, 0.00658644968644, 0.0454444400966, 0.00412973435596],
        "cov": [[0.00230425479822, 0.00307754916139, 0.00241303211078, 0.000356013537385, -0.00691708317026, -4.27410923294e-05], [0.00307754916139, 0.00552363041788, 0.00494184158742, 0.000500873255078, -0.0118840532377, -0.000259026361164], [0.00241303211078, 0.00494184158742, 0.0165404863656, 0.00046306475997, -0.0210164710879, -0.00179854931775], [0.000356013537385, 0.000500873255078, 0.00046306475997, 0.00691577186808, -0.00889135152102, 0.000894983299077], [-0.00691708317026, -0.0118840532377, -0.0210164710879, -0.00889135152102, 0.0477166622877, -0.00309038860723], [-4.27410923294e-05, -0.000259026361164, -0.00179854931775, 0.000894983299077, -0.00309038860723, 0.0043362211436]]
    },
    "beats_position": [0.487619042397, 0.986848056316, 1.48607707024, 1.95047616959, 2.39165520668, 2.83283448219, 3.27401351929, 3.7151927948, 4.17959165573, 4.63238096237, 5.08516979218, 5.52634906769, 5.99074840546, 6.40870714188, 6.82666635513, 7.24462556839, 7.70902490616, 8.15020370483, 8.60299301147, 9.05578231812, 9.49696159363],
    "bpm_estimates": [135.999206543, 135.999130249, 135.999206543, 135.999130249, 132.511962891, 132.51210022, 135.999130249, 135.999282837, 132.511962891, 132.511962891, 135.999130249],
    "bpm_intervals": [0.49922901392, 0.49922901392, 0.46439909935, 0.441179037094, 0.441179275513, 0.441179037094, 0.441179275513, 0.464398860931, 0.452789306641, 0.452788829803, 0.441179275513, 0.464399337769, 0.41795873642, 0.417959213257, 0.417959213257, 0.464399337769, 0.441178798676, 0.452789306641, 0.452789306641, 0.441179275513],
    "onset_times": [0.0116099771112, 0.174149662256, 0.626938760281, 1.06811785698, 1.50929701328, 1.97369611263, 2.41487526894, 2.84444451332, 3.29723358154, 3.73841261864, 4.19120168686, 4.6439909935, 5.0967798233, 5.53795909882, 5.92108821869, 6.01396846771, 6.43192720413, 6.8382768631, 7.25623559952, 7.73224496841, 8.17342376709, 8.60299301147],
    "histogram": [[0, 0, 0, 0, 0, 0, 0, 0, 0, 0, 0, 0, 0, 0, 0, 0, 0, 0, 0, 0, 0, 0, 0, 0, 0, 0, 0, 0, 0, 0, 0, 0, 0, 0, 0, 0, 0, 0, 0, 0, 0, 0, 0, 0, 0, 0, 0, 0, 0, 0, 0, 0, 0, 0, 0, 0, 0, 0, 0, 0, 0, 0, 0, 0, 0, 0, 0, 0, 0, 0, 0, 0, 0, 0, 0, 0, 0, 0, 0, 0, 0, 0, 0, 0, 0, 0, 0, 0, 0, 0, 0, 0, 0, 0, 0, 0, 0, 0, 0, 0, 0, 0, 0, 0, 0, 0, 0, 0, 0, 0, 0, 0, 0, 0, 0, 0, 0, 0, 0, 0, 0.10000000149, 0, 0, 0, 0, 0, 0, 0, 0, 0.20000000298, 0, 0, 0, 0.20000000298, 0, 0, 0.34999999404, 0, 0, 0, 0, 0, 0, 0, 0.15000000596, 0, 0, 0, 0, 0, 0, 0, 0, 0, 0, 0, 0, 0, 0, 0, 0, 0, 0, 0, 0, 0, 0, 0, 0, 0, 0, 0, 0, 0, 0, 0, 0, 0, 0, 0, 0, 0, 0, 0, 0, 0, 0, 0, 0, 0, 0, 0, 0, 0, 0, 0, 0, 0, 0, 0, 0, 0, 0, 0, 0, 0, 0, 0, 0, 0, 0, 0, 0, 0, 0, 0, 0, 0, 0, 0, 0, 0, 0, 0, 0, 0, 0, 0, 0, 0, 0, 0, 0, 0, 0, 0, 0, 0, 0, 0, 0, 0, 0, 0, 0, 0, 0, 0, 0, 0]]
},
"sfx": {
    "inharmonicity": {
        "kurt": -1.08964693546,
        "max": 0.411256194115,
        "mean": 0.137903437018,
        "median": 0.111239388585,
        "min": 0,
        "skew": 0.393486618996,
        "var": 0.0122805042192
    },
    "oddtoevenharmonicenergyratio": {
        "kurt": 72.5837402344,
        "max": 28.9203681946,
        "mean": 1.27168750763,
        "median": 0.627340614796,
        "min": 0,
        "skew": 7.25750684738,
        "var": 5.53293466568
    },
    "pitch_after_max_to_before_max_energy_ratio": 0.129410147667,
    "pitch_centroid": 196.97567749,
    "pitch_max_to_total": 0.75,
    "pitch_min_to_total": 0.25,
    "tristimulus": {
        "kurt": [1.28670120239, -0.274001836777, -1.05355143547],
        "max": [1, 0.879990875721, 0.974826455116],
        "mean": [0.23223669827, 0.345661848783, 0.422101229429],
        "median": [0.111616209149, 0.329485446215, 0.469039142132],
        "min": [0, 0, 0],
        "skew": [1.61339712143, 0.362086713314, -0.213309004903],
        "var": [0.0803658813238, 0.0362343452871, 0.0764654800296],
        "cov": [[0.0805576816201, -0.0201152507216, -0.0604424439371], [-0.0201152507216, 0.0363208241761, -0.0162055753171], [-0.0604424439371, -0.0162055753171, 0.0766479745507]]
    }
},
"tonal": {
    "chords_changes_rate": 0.0900473967195,
    "chords_number_rate": 0.0331753566861,
    "chords_strength": {
        "kurt": -0.69598865509,
        "max": 0.705817639828,
        "mean": 0.539251446724,
        "median": 0.528215408325,
        "min": 0.40024676919,
        "skew": 0.479438990355,
        "var": 0.00588535424322
    },
    "key_strength": 0.670531332493,
    "tuning_diatonic_strength": 0.670510709286,
    "tuning_equal_tempered_deviation": 0.277048528194,
    "tuning_frequency": 438.984558105,
    "tuning_nontempered_energy_ratio": 0.904708564281,
    "hpcp": {
        "kurt": [-0.0878963470459, 0.201800584793, 0.614516496658, 2.01960897446, 2.94899129868, 2.43710327148, 0.930734395981, 0.521477937698, 0.829408407211, 0.893084049225, 0.713220357895, 1.58908224106, 1.82682991028, 1.55274486542, 0.0948157310486, 1.24098730087, 1.27798986435, 1.69571828842, 1.39764976501, 0.941205024719, 0.0510365962982, -0.471690893173, -0.621031284332, 0.0914816856384, 1.86332559586, 2.17452335358, 1.2668223381, 1.5537815094, -0.114140033722, -1.05243575573, -1.00111162663, 0.0175988674164, 0.632764577866, 2.04996585846, 1.35528612137, 0.305643796921],
        "max": [1, 1, 1, 1, 1, 0.930179536343, 1, 1, 1, 1, 1, 1, 1, 0.984726011753, 0.909529566765, 1, 1, 1, 1, 1, 1, 1, 1, 1, 1, 1, 0.91435945034, 1, 1, 1, 1, 1, 1, 1, 1, 1],
