{
"metadata": {
    "version": {
        "essentia": "2.1-beta3"
    }
},
"lowLevel": {
    "average_loudness": 0.98228687048,
    "barkbands_kurtosis": {
        "kurt": 0.578613996506,
        "max": 26.6362094879,
        "mean": 9.28484153748,
        "median": 8.55662727356,
        "min": 1.2414393425,
        "skew": 0.762580215931,
        "var": 19.964931488
    },
    "barkbands_skewness": {
        "kurt": -0.29651427269,
        "max": 4.81473302841,
        "mean": 2.89561414719,
        "median": 2.8818655014,
        "min": 1.51249825954,
        "skew": 0.241842851043,
        "var": 0.379287719727
    },
    "barkbands_spread": {
        "kurt": 0.568778276443,
        "max": 32.7550811768,
        "mean": 15.2689380646,
        "median": 14.5969877243,
        "min": 5.98788404465,
        "skew": 0.758007347584,
        "var": 21.537229538
    },
    "dissonance": {
        "kurt": 28.5031433105,
        "max": 0.498829185963,
        "mean": 0.471550613642,
        "median": 0.47316417098,
        "min": 0.287832975388,
        "skew": -3.08130168915,
        "var": 0.000292860117042
    },
    "hfc": {
        "kurt": 2.44082736969,
        "max": 0.121877327561,
        "mean": 0.0794001668692,
        "median": 0.0777897685766,
        "min": 0.00142710073851,
        "skew": 0.113298304379,
        "var": 0.000177733498276
    },
    "pitch": {
        "kurt": 103.7940979,
        "max": 5113.06103516,
        "mean": 177.358901978,
        "median": 128.172927856,
        "min": 51.2670326233,
        "skew": 10.2177772522,
        "var": 216869.78125
    },
    "pitch_instantaneous_confidence": {
        "kurt": 0.498963117599,
        "max": 0.498985588551,
        "mean": 0.242737784982,
        "median": 0.235156416893,
        "min": 0.118887484074,
        "skew": 0.671094954014,
        "var": 0.00366515549831
    },
    "pitch_salience": {
        "kurt": -0.291570425034,
        "max": 0.763446748257,
        "mean": 0.506418287754,
        "median": 0.505141437054,
        "min": 0.265572279692,
        "skew": 0.110720254481,
        "var": 0.00898619368672
    },
    "silence_rate_20dB": {
        "kurt": 0,
        "max": 1,
        "mean": 1,
        "median": 1,
        "min": 1,
        "skew": 0,
        "var": 0
    },
    "silence_rate_30dB": {
        "kurt": 0,
        "max": 1,
        "mean": 1,
        "median": 1,
        "min": 1,
        "skew": 0,
        "var": 0
    },
    "silence_rate_60dB": {
        "kurt": 0,
        "max": 1,
        "mean": 1,
        "median": 1,
        "min": 1,
        "skew": 0,
        "var": 0
    },
    "spectral_centroid": {
        "kurt": 1.12971925735,
        "max": 781.046386719,
        "mean": 375.603118896,
        "median": 358.849365234,
        "min": 197.393859863,
        "skew": 1.03267168999,
        "var": 10354.2929688
    },
    "spectral_complexity": {
        "kurt": 1.94708776474,
        "max": 2,
        "mean": 0.968680083752,
        "median": 1,
        "min": 0,
        "skew": -0.138967886567,
        "var": 0.200361892581
    },
    "spectral_crest": {
        "kurt": -0.111215829849,
        "max": 17.8847942352,
        "mean": 10.4087018967,
        "median": 10.2606182098,
        "min": 5.13510417938,
        "skew": 0.275877445936,
        "var": 5.27653884888
    },
    "spectral_decrease": {
        "kurt": 0.672839403152,
        "max": -6.57279569313e-13,
        "mean": -5.90823570623e-11,
        "median": -5.58588696131e-11,
        "min": -1.47989967503e-10,
        "skew": -0.754162847996,
        "var": 4.76041937653e-22
    },
    "spectral_energy": {
        "kurt": 0.68016576767,
        "max": 0.000569031573832,
        "mean": 0.000230192032177,
        "median": 0.000218040484469,
        "min": 2.61016498371e-06,
        "skew": 0.750585436821,
        "var": 6.93822599374e-09
    },
    "spectral_energyband_high": {
        "kurt": 1.16866874695,
        "max": 1.01856567198e-05,
        "mean": 5.37052073923e-06,
        "median": 5.2338682508e-06,
        "min": 1.44418137893e-07,
        "skew": 0.516642570496,
        "var": 1.58052347252e-12
    },
    "spectral_energyband_low": {
        "kurt": 0.718416690826,
        "max": 0.000488630903419,
        "mean": 0.000167148915352,
        "median": 0.000153085711645,
        "min": 9.79088326858e-07,
        "skew": 0.824384331703,
        "var": 6.48470210862e-09
    },
    "spectral_energyband_middle_high": {
        "kurt": 6.87088871002,
        "max": 2.52354075201e-05,
        "mean": 1.09077209345e-05,
        "median": 1.08677504613e-05,
        "min": 1.04168186965e-07,
        "skew": 0.928447365761,
        "var": 4.35342994293e-12
    },
    "spectral_energyband_middle_low": {
        "kurt": 1.63194465637,
        "max": 0.000201008078875,
        "mean": 7.31101827114e-05,
        "median": 6.9608890044e-05,
        "min": 1.71468059307e-06,
        "skew": 1.0304954052,
        "var": 9.15636011456e-10
    },
    "spectral_flatness_db": {
        "kurt": -0.34671330452,
        "max": 0.24952287972,
        "mean": 0.188908055425,
        "median": 0.18990033865,
        "min": 0.12624296546,
        "skew": -0.0245852153748,
        "var": 0.000485690048663
    },
    "spectral_flux": {
        "kurt": 2.15158700943,
        "max": 0.0163293201476,
        "mean": 0.00747485551983,
        "median": 0.00731770740822,
        "min": 0.00418895948678,
        "skew": 0.93461483717,
        "var": 2.71919043371e-06
    },
    "spectral_kurtosis": {
        "kurt": 2.2140789032,
        "max": 10.3341331482,
        "mean": 4.19594812393,
        "median": 4.00905847549,
        "min": 1.87215089798,
        "skew": 1.09064507484,
        "var": 1.39593160152
    },
    "spectral_rms": {
        "kurt": 0.812999010086,
        "max": 0.000745085766539,
        "mean": 0.000466120865894,
        "median": 0.000461218412966,
        "min": 5.04628806084e-05,
        "skew": 0.0872670635581,
        "var": 7.30888549683e-09
    },
    "spectral_rolloff": {
        "kurt": 3.4781870842,
        "max": 1399.65820312,
        "mean": 411.394805908,
        "median": 387.59765625,
        "min": 150.732421875,
        "skew": 1.31880509853,
        "var": 31729.4433594
    },
    "spectral_skewness": {
        "kurt": 1.54308223724,
        "max": 2.56612038612,
        "mean": 1.73048400879,
        "median": 1.71961319447,
        "min": 1.30356633663,
        "skew": 0.678786754608,
        "var": 0.0322569087148
    },
    "spectral_spread": {
        "kurt": 158.198684692,
        "max": 10806798,
        "mean": 4797730,
        "median": 4778977.5,
        "min": 4034424.5,
        "skew": 9.8054599762,
        "var": 134719430656
    },
    "spectral_strongpeak": {
        "kurt": 3.21781301498,
        "max": 0.0941498279572,
        "mean": 0.028174251318,
        "median": 0.0237155742943,
        "min": 0.00120175199118,
        "skew": 1.67899179459,
        "var": 0.000212378581637
    },
    "zerocrossingrate": {
        "kurt": 0.45158457756,
        "max": 0.06689453125,
        "mean": 0.0380455218256,
        "median": 0.0380859375,
        "min": 0.00537109375,
        "skew": 0.00209902739152,
        "var": 7.01376848156e-05
    },
    "barkbands": {
        "kurt": [6.55704021454, 0.290988683701, 0.924208641052, 3.35934925079, 2.4800286293, 3.45731735229, 2.21131944656, 3.93717765808, 3.2217001915, 0.576224565506, 5.0259771347, 1.91744947433, 2.11817502975, 1.27710771561, 0.97776889801, 0.729743719101, 16.3705348969, 4.24233579636, 25.6469955444, 86.0930709839, 1.25662612915, 4.61416530609, 1.58504772186, 127.926803589, 154.164550781, 64.7070922852, 67.0845108032],
        "max": [1.64044126905e-06, 0.000206349563086, 0.00026639708085, 0.00016133315512, 5.4949628975e-05, 5.07526419824e-05, 3.71700771211e-05, 1.97160406969e-05, 1.04279533844e-05, 4.65334642286e-06, 1.11372519314e-05, 4.53377833765e-06, 3.0964843063e-06, 2.65766402663e-06, 2.101721293e-06, 2.07282869269e-06, 2.41403677137e-06, 2.3271372811e-06, 3.30394482262e-06, 4.00579028792e-06, 8.86445013748e-06, 2.65487051365e-06, 1.07409455552e-07, 4.37984546409e-08, 4.39242739958e-08, 2.73359068714e-09, 2.43064263161e-10],
        "mean": [2.36437955436e-07, 6.48696368444e-05, 7.59280228522e-05, 3.06400797854e-05, 1.39964586197e-05, 1.18038924484e-05, 9.21916944208e-06, 4.35766060036e-06, 2.60060392065e-06, 1.75672050773e-06, 2.28331168728e-06, 1.44257592183e-06, 8.98731173038e-07, 9.13945086722e-07, 7.82216886819e-07, 8.30554881759e-07, 5.21108347584e-07, 7.43339285236e-07, 7.42969916701e-07, 6.1973071297e-07, 4.10223947256e-06, 8.33940418943e-07, 5.25693728548e-08, 8.27649948576e-09, 7.65507213174e-09, 5.84146842009e-10, 1.29450408726e-11],
        "median": [1.6692710858e-07, 5.37607411388e-05, 6.58299104543e-05, 2.27724958677e-05, 1.16674837045e-05, 9.41948201216e-06, 7.76156775828e-06, 3.72501904167e-06, 2.34548019762e-06, 1.58986483711e-06, 2.06377103495e-06, 1.27837643049e-06, 8.22893696295e-07, 8.38633695821e-07, 7.25893016806e-07, 7.74708894369e-07, 4.95106291964e-07, 7.14259954293e-07, 7.21272954252e-07, 5.79827997171e-07, 3.96447239837e-06, 7.90019385022e-07, 5.09774586988e-08, 7.97036214806e-09, 7.41378469726e-09, 5.66249269696e-10, 7.50840709052e-12],
        "min": [1.21480614457e-09, 1.74246707729e-07, 4.73217255603e-07, 6.53771394354e-07, 6.79660786318e-07, 1.32797751462e-07, 1.1074509132e-07, 1.22974611827e-07, 1.02810862046e-08, 8.55701554059e-09, 1.70645026998e-08, 1.47923282512e-08, 1.2106108116e-08, 2.79768763711e-09, 6.98330904214e-09, 9.28441057368e-09, 6.44699982288e-09, 6.79996059461e-09, 1.10130438102e-08, 2.45784903541e-08, 1.05010748541e-07, 2.25365539563e-08, 6.18882056713e-10, 3.67088748288e-10, 3.47023382252e-10, 1.20738710696e-10, 1.81067790969e-12],
        "skew": [2.22152304649, 0.887830078602, 1.05181455612, 1.58555424213, 1.46442079544, 1.63193106651, 1.28770053387, 1.56577420235, 1.39680314064, 0.907932221889, 1.51866066456, 1.27641534805, 1.15265917778, 0.966699361801, 0.905401289463, 0.852091789246, 2.14575982094, 1.26492989063, 2.89425301552, 6.55103206635, 0.746930599213, 1.45612716675, 0.50020134449, 8.4153213501, 9.64863586426, 5.35806131363, 6.42202758789],
        "var": [5.65104400448e-14, 1.65918712103e-09, 2.04691974481e-09, 6.9197120256e-10, 8.77998992954e-11, 6.89007392807e-11, 3.28652209614e-11, 7.99208182273e-12, 1.95458753349e-12, 7.63327877469e-13, 1.67339753165e-12, 6.0507637312e-13, 1.71623620263e-13, 1.64017928471e-13, 1.11615218749e-13, 1.09592822556e-13, 4.07240701664e-14, 6.13515585991e-14, 6.08398151736e-14, 5.79654258078e-14, 1.42271144952e-12, 1.06063249817e-13, 1.48627084545e-16, 5.23512021773e-18, 4.97480978768e-18, 2.68765957511e-20, 3.15153793899e-22],
        "cov": [[5.66371460094e-14, 2.77519841959e-13, -1.40406959605e-13, -2.0653853519e-13, -1.15333578191e-13, 6.83222873893e-14, 1.9302019513e-15, -1.7138923947e-14, -3.52744024853e-14, 1.35362708997e-14, -7.58790748875e-15, -2.49438751582e-15, 3.35032299111e-15, 3.44237498487e-16, -2.18291274881e-15, 6.95370173389e-15, 8.11077722132e-16, 3.56969287774e-15, 9.88380617415e-16, -2.66274971365e-15, 9.48835296086e-15, 2.26248005926e-16, 9.59081906588e-17, 3.11520784724e-17, 1.3371942875e-17, 2.21161274465e-18, -2.79223320218e-19], [2.77519841959e-13, 1.66290736736e-09, 4.96387875248e-10, 1.00447317131e-10, -3.62961813383e-11, -1.33113910519e-11, 5.38326718272e-12, 6.31557089611e-12, -2.3859388857e-12, 6.72298317277e-13, 3.33188641607e-12, 1.35258351828e-12, -1.35846076142e-12, 1.0374368465e-12, -3.18050951244e-13, -8.47421958994e-13, 1.67195047412e-13, 6.84993782616e-13, -7.45722927853e-13, 3.23731303266e-13, -1.19927462058e-12, 1.26827273184e-13, -6.77622292045e-15, 2.03532721039e-15, 5.05970313542e-16, -3.7518556775e-16, -5.01584985747e-17], [-1.40406959605e-13, 4.96387875248e-10, 2.0515094068e-09, 5.74602587733e-10, -2.48941535788e-12, 1.6924186011e-11, 3.67524847361e-12, 2.32839442171e-12, -2.86472928712e-12, 1.51731069115e-12, -1.01437304736e-12, -6.91687267358e-13, -1.66036791521e-12, 6.45154556948e-13, 6.04437127519e-13, 8.58896626239e-14, 3.55841631118e-13, 1.38705737976e-13, -6.27756581526e-13, 2.74540020708e-13, 3.29400482585e-12, -6.89008651023e-14, 3.62126066709e-14, 6.32677665073e-15, -3.05616369512e-15, 3.66941422544e-16, 5.04974672635e-17], [-2.0653853519e-13, 1.00447317131e-10, 5.74602587733e-10, 6.93522739237e-10, -5.49190120464e-12, -2.16208995152e-12, 6.55697588239e-12, 2.48582925078e-12, -2.05343381188e-12, 6.17493577972e-13, -1.5499251188e-12, 5.49274059396e-13, -4.28152522117e-13, 1.16493338413e-12, 2.54376570806e-13, 2.39417481066e-13, -4.87218704509e-14, -2.28420906322e-13, -4.40187599912e-13, -2.18086142136e-13, 3.23952865401e-12, -3.21334105158e-13, 2.14756140524e-14, 1.5048280403e-15, -1.72793789504e-15, -2.78941581467e-17, 4.80464914038e-17], [-1.15333578191e-13, -3.62961813383e-11, -2.48941535788e-12, -5.49190120464e-12, 8.79967557155e-11, 1.05257043858e-13, 4.33050557219e-12, -2.19885568087e-12, -6.48012297034e-13, 6.36748412244e-13, 2.55777166889e-14, -2.37672159514e-13, 1.84165071295e-14, 2.63895567724e-13, 3.60211399554e-13, -7.71971936787e-14, 8.3756481297e-14, -2.53746676449e-14, 2.73100308644e-13, 2.57062193797e-13, -2.05926475958e-13, 2.07278067797e-15, -3.32222246133e-15, 1.38027639821e-15, 2.04545920674e-15, 2.13500530647e-16, 9.08728792268e-18], [6.83222873893e-14, -1.33113910519e-11, 1.6924186011e-11, -2.16208995152e-12, 1.05257043858e-13, 6.90552268146e-11, 6.72618818282e-12, 7.00677634403e-13, 6.41164692953e-13, 5.58052085445e-13, -6.45786375764e-13, -3.04231927194e-13, 1.0416761041e-13, -1.0884052855e-13, 1.4519303457e-14, -5.75905290253e-14, 6.8105297877e-14, -2.01224765474e-13, 1.42916968949e-13, 7.01784889424e-14, -4.94485799963e-13, 2.86404675475e-14, 1.82089849045e-15, 1.6740604586e-15, 1.15541636165e-15, 9.96233896621e-17, -6.47779985582e-18], [1.9302019513e-15, 5.38326718272e-12, 3.67524847361e-12, 6.55697588239e-12, 4.33050557219e-12, 6.72618818282e-12, 3.29389085452e-11, 1.57796616485e-12, 7.4195863212e-13, -3.43115123716e-14, -2.40862559932e-13, 1.85613609443e-13, -2.01033769709e-13, 5.87261562621e-14, 1.14254971942e-15, 3.48984723227e-14, 1.82864113392e-14, 5.51009467274e-14, 9.99776365754e-15, 7.139501799e-14, -4.23318525416e-13, -9.46433618867e-15, -2.06546485441e-15, 6.3576604249e-16, 6.02623496148e-16, 2.58202029385e-17, 1.55619422174e-18], [-1.7138923947e-14, 6.31557089611e-12, 2.32839442171e-12, 2.48582925078e-12, -2.19885568087e-12, 7.00677634403e-13, 1.57796616485e-12, 8.01000151623e-12, 4.68432259128e-13, -1.58980548995e-13, 1.7044797919e-13, 4.94352060237e-15, -3.84234304259e-14, -1.29582382524e-15, 3.7253196811e-14, -5.23718844984e-14, 5.19997354908e-14, 5.45590590935e-14, 1.33453539086e-14, 7.4531974017e-14, 1.61893813785e-14, 5.0471610127e-15, 1.3666024277e-15, 3.43855566037e-16, 4.38324594779e-16, 6.33992448142e-17, 2.51697122407e-18], [-3.52744024853e-14, -2.3859388857e-12, -2.86472928712e-12, -2.05343381188e-12, -6.48012297034e-13, 6.41164692953e-13, 7.4195863212e-13, 4.68432259128e-13, 1.95897009551e-12, 2.83311265624e-16, -1.41360542521e-13, 2.91699071852e-14, -3.10236421784e-14, 4.71585635735e-15, 9.28691370293e-16, -2.15964898891e-15, -3.62924014097e-15, 2.61338802161e-14, 4.88140344118e-15, 2.64725680342e-14, 8.18422037769e-15, -2.68629146976e-14, 4.0038127745e-16, 1.59702741779e-16, 5.44790018804e-17, 1.17886906448e-18, -1.88075208016e-18], [1.35362708997e-14, 6.72298317277e-13, 1.51731069115e-12, 6.17493577972e-13, 6.36748412244e-13, 5.58052085445e-13, -3.43115123716e-14, -1.58980548995e-13, 2.83311265624e-16, 7.65039399019e-13, 8.4823343011e-14, -8.81341254453e-15, -2.06080947663e-14, 1.81686682538e-15, 1.45831341658e-14, 2.47514512954e-14, 6.37217846373e-15, 5.80394641107e-15, 3.1919246536e-15, 6.80511775538e-15, 7.02123499315e-14, -2.99631419995e-16, 1.40784869707e-15, 8.93473679257e-18, -7.83882869093e-17, 2.21117909522e-18, -1.15044620806e-18], [-7.58790748875e-15, 3.33188641607e-12, -1.01437304736e-12, -1.5499251188e-12, 2.55777166889e-14, -6.45786375764e-13, -2.40862559932e-13, 1.7044797919e-13, -1.41360542521e-13, 8.4823343011e-14, 1.67714952169e-12, 3.51333986047e-14, -3.13702988824e-14, 6.0418433223e-14, 3.2015114572e-14, 2.0651074065e-15, 7.88282911439e-15, 2.65901091022e-14, 1.82995352676e-14, 4.11311033789e-14, 5.59169003418e-14, 5.45961269493e-15, -4.90919385103e-16, 4.36985806266e-16, 2.7206200634e-16, 2.51526731472e-17, -3.5294628345e-19], [-2.49438751582e-15, 1.35258351828e-12, -6.91687267358e-13, 5.49274059396e-13, -2.37672159514e-13, -3.04231927194e-13, 1.85613609443e-13, 4.94352060237e-15, 2.91699071852e-14, -8.81341254453e-15, 3.51333986047e-14, 6.06433089509e-13, 3.56205306408e-15, -8.4876817895e-15, -1.12094214187e-14, -9.80559813983e-15, -9.97158313969e-16, 2.3318548105e-15, 1.30383527461e-14, 9.67921150673e-15, 2.55185319558e-15, -7.50111286968e-15, 1.82919835454e-16, 9.94390541169e-17, 1.60195304673e-16, 1.31966078821e-18, -2.3691499644e-19], [3.35032299111e-15, -1.35846076142e-12, -1.66036791521e-12, -4.28152522117e-13, 1.84165071295e-14, 1.0416761041e-13, -2.01033769709e-13, -3.84234304259e-14, -3.10236421784e-14, -2.06080947663e-14, -3.13702988824e-14, 3.56205306408e-15, 1.72008430719e-13, -4.48867365057e-15, -4.71629596745e-15, 1.38595681291e-14, -1.59585560065e-16, 3.84010856967e-15, 4.73462787802e-15, 5.40867541574e-16, -5.51565324176e-15, 4.02890586087e-15, 6.11181983222e-17, 5.28346851094e-18, 4.89250167714e-17, -3.36854373852e-18, -8.85083578549e-20], [3.44237498487e-16, 1.0374368465e-12, 6.45154556948e-13, 1.16493338413e-12, 2.63895567724e-13, -1.0884052855e-13, 5.87261562621e-14, -1.29582382524e-15, 4.71585635735e-15, 1.81686682538e-15, 6.0418433223e-14, -8.4876817895e-15, -4.48867365057e-15, 1.64385676295e-13, 9.37539095295e-15, -8.61029573785e-15, -3.24827944965e-15, -1.52411445111e-15, 3.54769204397e-15, 6.39200199931e-15, 5.24075547499e-14, 1.39670464457e-14, 3.76173799394e-19, 9.05950309134e-17, 4.80367042028e-17, 3.95783630589e-18, -6.75152247667e-20], [-2.18291274881e-15, -3.18050951244e-13, 6.04437127519e-13, 2.54376570806e-13, 3.60211399554e-13, 1.4519303457e-14, 1.14254971942e-15, 3.7253196811e-14, 9.28691370293e-16, 1.45831341658e-14, 3.2015114572e-14, -1.12094214187e-14, -4.71629596745e-15, 9.37539095295e-15, 1.11865479716e-13, 1.16754106654e-14, 2.03242061683e-15, -8.26286410459e-16, 6.91147015345e-16, 7.53756143855e-16, 3.76080426295e-14, 5.08256571934e-15, -1.34311830689e-16, 3.75620069182e-17, 3.1233291065e-17, 3.23504319831e-18, -2.12272807778e-19], [6.95370173389e-15, -8.47421958994e-13, 8.58896626239e-14, 2.39417481066e-13, -7.71971936787e-14, -5.75905290253e-14, 3.48984723227e-14, -5.23718844984e-14, -2.15964898891e-15, 2.47514512954e-14, 2.0651074065e-15, -9.80559813983e-15, 1.38595681291e-14, -8.61029573785e-15, 1.16754106654e-14, 1.09838543426e-13, 4.23183716734e-15, 1.17896195058e-14, 8.38550928727e-15, 3.69487841812e-15, 2.41564716364e-14, -2.10675644004e-15, 3.70937009305e-16, 5.95081805953e-17, 9.32972976257e-17, 4.31188780604e-18, 1.23578340748e-19], [8.11077722132e-16, 1.67195047412e-13, 3.55841631118e-13, -4.87218704509e-14, 8.3756481297e-14, 6.8105297877e-14, 1.82864113392e-14, 5.19997354908e-14, -3.62924014097e-15, 6.37217846373e-15, 7.88282911439e-15, -9.97158313969e-16, -1.59585560065e-16, -3.24827944965e-15, 2.03242061683e-15, 4.23183716734e-15, 4.08153803181e-14, 9.13172922018e-15, 1.11228216172e-14, 1.47512566534e-14, 8.8403803001e-18, -7.83080689187e-16, 2.60784689089e-16, 1.53494810839e-16, 1.77691696641e-16, 1.02725608127e-17, 2.33296840586e-20], [3.56969287774e-15, 6.84993782616e-13, 1.38705737976e-13, -2.28420906322e-13, -2.53746676449e-14, -2.01224765474e-13, 5.51009467274e-14, 5.45590590935e-14, 2.61338802161e-14, 5.80394641107e-15, 2.65901091022e-14, 2.3318548105e-15, 3.84010856967e-15, -1.52411445111e-15, -8.26286410459e-16, 1.17896195058e-14, 9.13172922018e-15, 6.14891167497e-14, 1.06504576005e-14, 1.37553059966e-14, 2.6916298102e-14, 6.36404313579e-15, 2.89493070891e-16, 1.24162681915e-16, 1.37419303405e-16, 8.87850588171e-18, 1.19422326856e-19], [9.88380617415e-16, -7.45722927853e-13, -6.27756581526e-13, -4.40187599912e-13, 2.73100308644e-13, 1.42916968949e-13, 9.99776365754e-15, 1.33453539086e-14, 4.88140344118e-15, 3.1919246536e-15, 1.82995352676e-14, 1.30383527461e-14, 4.73462787802e-15, 3.54769204397e-15, 6.91147015345e-16, 8.38550928727e-15, 1.11228216172e-14, 1.06504576005e-14, 6.09762281357e-14, 2.40520985425e-14, -9.06784768936e-15, 2.2336578574e-15, 2.26255443934e-16, 1.99390589637e-16, 2.12657401992e-16, 1.36286186734e-17, 2.08774803139e-19], [-2.66274971365e-15, 3.23731303266e-13, 2.74540020708e-13, -2.18086142136e-13, 2.57062193797e-13, 7.01784889424e-14, 7.139501799e-14, 7.4531974017e-14, 2.64725680342e-14, 6.80511775538e-15, 4.11311033789e-14, 9.67921150673e-15, 5.40867541574e-16, 6.39200199931e-15, 7.53756143855e-16, 3.69487841812e-15, 1.47512566534e-14, 1.37553059966e-14, 2.40520985425e-14, 5.80953945432e-14, 3.96049736247e-15, 2.55077428736e-15, 5.091484341e-16, 2.69046992564e-16, 2.98563232039e-16, 1.71719733859e-17, 3.4578013346e-19], [9.48835296086e-15, -1.19927462058e-12, 3.29400482585e-12, 3.23952865401e-12, -2.05926475958e-13, -4.94485799963e-13, -4.23318525416e-13, 1.61893813785e-14, 8.18422037769e-15, 7.02123499315e-14, 5.59169003418e-14, 2.55185319558e-15, -5.51565324176e-15, 5.24075547499e-14, 3.76080426295e-14, 2.41564716364e-14, 8.8403803001e-18, 2.6916298102e-14, -9.06784768936e-15, 3.96049736247e-15, 1.42590138915e-12, 1.58988626301e-14, 2.08601037308e-17, -2.84802089933e-17, -1.34624910279e-17, 6.70893645285e-18, -1.86653160466e-18], [2.26248005926e-16, 1.26827273184e-13, -6.89008651023e-14, -3.21334105158e-13, 2.07278067797e-15, 2.86404675475e-14, -9.46433618867e-15, 5.0471610127e-15, -2.68629146976e-14, -2.99631419995e-16, 5.45961269493e-15, -7.50111286968e-15, 4.02890586087e-15, 1.39670464457e-14, 5.08256571934e-15, -2.10675644004e-15, -7.83080689187e-16, 6.36404313579e-15, 2.2336578574e-15, 2.55077428736e-15, 1.58988626301e-14, 1.06301062787e-13, 1.27370448626e-16, 5.48143276658e-17, 8.35092959072e-17, 1.8495320091e-18, -2.01789973725e-19], [9.59081906588e-17, -6.77622292045e-15, 3.62126066709e-14, 2.14756140524e-14, -3.32222246133e-15, 1.82089849045e-15, -2.06546485441e-15, 1.3666024277e-15, 4.0038127745e-16, 1.40784869707e-15, -4.90919385103e-16, 1.82919835454e-16, 6.11181983222e-17, 3.76173799394e-19, -1.34311830689e-16, 3.70937009305e-16, 2.60784689089e-16, 2.89493070891e-16, 2.26255443934e-16, 5.091484341e-16, 2.08601037308e-17, 1.27370448626e-16, 1.48960325835e-16, 5.28642609522e-18, 5.05431342508e-18, 4.47014296686e-19, -1.09884530497e-20], [3.11520784724e-17, 2.03532721039e-15, 6.32677665073e-15, 1.5048280403e-15, 1.38027639821e-15, 1.6740604586e-15, 6.3576604249e-16, 3.43855566037e-16, 1.59702741779e-16, 8.93473679257e-18, 4.36985806266e-16, 9.94390541169e-17, 5.28346851094e-18, 9.05950309134e-17, 3.75620069182e-17, 5.95081805953e-17, 1.53494810839e-16, 1.24162681915e-16, 1.99390589637e-16, 2.69046992564e-16, -2.84802089933e-17, 5.48143276658e-17, 5.28642609522e-18, 5.24685832421e-18, 3.24244212209e-18, 2.07331450519e-19, 2.73670221698e-21], [1.3371942875e-17, 5.05970313542e-16, -3.05616369512e-15, -1.72793789504e-15, 2.04545920674e-15, 1.15541636165e-15, 6.02623496148e-16, 4.38324594779e-16, 5.44790018804e-17, -7.83882869093e-17, 2.7206200634e-16, 1.60195304673e-16, 4.89250167714e-17, 4.80367042028e-17, 3.1233291065e-17, 9.32972976257e-17, 1.77691696641e-16, 1.37419303405e-16, 2.12657401992e-16, 2.98563232039e-16, -1.34624910279e-17, 8.35092959072e-17, 5.05431342508e-18, 3.24244212209e-18, 4.98596390465e-18, 1.82711621583e-19, 3.42918910875e-21], [2.21161274465e-18, -3.7518556775e-16, 3.66941422544e-16, -2.78941581467e-17, 2.13500530647e-16, 9.96233896621e-17, 2.58202029385e-17, 6.33992448142e-17, 1.17886906448e-18, 2.21117909522e-18, 2.51526731472e-17, 1.31966078821e-18, -3.36854373852e-18, 3.95783630589e-18, 3.23504319831e-18, 4.31188780604e-18, 1.02725608127e-17, 8.87850588171e-18, 1.36286186734e-17, 1.71719733859e-17, 6.70893645285e-18, 1.8495320091e-18, 4.47014296686e-19, 2.07331450519e-19, 1.82711621583e-19, 2.69368571512e-20, 5.48329414962e-22], [-2.79223320218e-19, -5.01584985747e-17, 5.04974672635e-17, 4.80464914038e-17, 9.08728792268e-18, -6.47779985582e-18, 1.55619422174e-18, 2.51697122407e-18, -1.88075208016e-18, -1.15044620806e-18, -3.5294628345e-19, -2.3691499644e-19, -8.85083578549e-20, -6.75152247667e-20, -2.12272807778e-19, 1.23578340748e-19, 2.33296840586e-20, 1.19422326856e-19, 2.08774803139e-19, 3.4578013346e-19, -1.86653160466e-18, -2.01789973725e-19, -1.09884530497e-20, 2.73670221698e-21, 3.42918910875e-21, 5.48329414962e-22, 3.15860411321e-22]]
    },
    "mfcc": {
        "kurt": [228.349472046, 38.36668396, 6.12407588959, -0.405380010605, -0.270188570023, 0.0921552181244, -0.264980554581, 0.257111549377, 0.245636701584, -0.141002655029, 0.0879442691803, -0.324203014374, -0.145437240601],
        "max": [-871.385864258, 150.965393066, 49.8927345276, 61.1050262451, 8.8659362793, 34.3718109131, 24.2784461975, 5.97001647949, 32.2199058533, 5.98468208313, 20.3831977844, 21.7663059235, 8.66244506836],
        "mean": [-906.383972168, 136.438751221, 11.2723855972, 46.9551086426, -6.97272491455, 15.2880086899, 9.60161685944, -7.76960659027, 17.9624233246, -8.3956413269, 5.07379055023, 8.29438591003, -6.23170757294],
        "median": [-906.081115723, 136.778808594, 11.487121582, 46.9453773499, -7.14944458008, 15.1589050293, 9.5679359436, -7.87129211426, 17.9206428528, -8.37468719482, 5.0426902771, 8.38508605957, -6.10509109497],
        "min": [-1082.63757324, 64.6980056763, -6.69700622559, 32.2710762024, -21.0410118103, -0.787651062012, -5.33076095581, -22.0433502197, -3.01202392578, -21.3998260498, -10.8249111176, -2.94376373291, -18.7274513245],
        "skew": [-12.7806053162, -3.54310894012, 0.692813515663, -0.0349029451609, 0.156799599528, 0.0420120917261, -0.0579374209046, 0.0544684827328, -0.0939655676484, 0.00148204376455, 0.00468400819227, -0.069337785244, 0.0322233811021],
        "var": [96.7152786255, 38.5449333191, 27.4319152832, 23.0219078064, 24.4718132019, 26.6009883881, 25.8511314392, 23.7396278381, 24.7682418823, 21.7099304199, 21.6597366333, 21.2090759277, 19.9927558899],
        "cov": [[96.9321289062, 45.4267959595, -12.5497875214, 11.1768522263, -7.6806101799, 2.39568376541, 3.12001252174, -1.1900947094, 8.37509250641, -0.872273564339, 1.14033615589, 0.458692342043, -0.379666119814], [45.4267959595, 38.6313591003, 9.45923423767, 5.63206529617, 0.172352880239, -0.868169784546, 0.206219315529, -2.55388116837, 1.20534539223, 1.06548321247, -0.577840149403, 1.05823564529, 0.673019707203], [-12.5497875214, 9.45923423767, 27.4934215546, 10.4647502899, 3.93523168564, 0.37416473031, -2.14578413963, -2.05225610733, -2.80598020554, 0.984907746315, 0.100564725697, -0.123981557786, 0.53503125906], [11.1768522263, 5.63206529617, 10.4647502899, 23.0735263824, 10.382569313, 2.21732020378, 1.27303624153, -0.823661863804, 1.31934690475, 0.363866329193, -0.843404591084, 0.202726736665, -0.89653980732], [-7.6806101799, 0.172352880239, 3.93523168564, 10.382569313, 24.5266819, 12.2155675888, 2.26606464386, 2.20607185364, 0.0827560797334, 0.34911891818, -1.85108315945, -1.24844741821, -1.33182013035], [2.39568376541, -0.868169784546, 0.37416473031, 2.21732020378, 12.2155675888, 26.6606311798, 14.008731842, 4.62739801407, 3.81678533554, -1.05024313927, 0.446253299713, -2.42554187775, -2.95688891411], [3.12001252174, 0.206219315529, -2.14578413963, 1.27303624153, 2.26606464386, 14.008731842, 25.9090938568, 13.5075178146, 2.20074939728, 1.31377053261, -0.0273637808859, 0.882282614708, -0.391080230474], [-1.1900947094, -2.55388116837, -2.05225610733, -0.823661863804, 2.20607185364, 4.62739801407, 13.5075178146, 23.7928543091, 12.113363266, 1.94139301777, 2.66795420647, 1.0342220068, 0.509690403938], [8.37509250641, 1.20534539223, -2.80598020554, 1.31934690475, 0.0827560797334, 3.81678533554, 2.20074939728, 12.113363266, 24.8237762451, 11.431224823, 2.52226352692, 1.96513700485, -2.07354474068], [-0.872273564339, 1.06548321247, 0.984907746315, 0.363866329193, 0.34911891818, -1.05024313927, 1.31377053261, 1.94139301777, 11.431224823, 21.7586078644, 10.7397508621, 2.31083869934, 1.19000637531], [1.14033615589, -0.577840149403, 0.100564725697, -0.843404591084, -1.85108315945, 0.446253299713, -0.0273637808859, 2.66795420647, 2.52226352692, 10.7397508621, 21.7083015442, 11.1385955811, 1.35648560524], [0.458692342043, 1.05823564529, -0.123981557786, 0.202726736665, -1.24844741821, -2.42554187775, 0.882282614708, 1.0342220068, 1.96513700485, 2.31083869934, 11.1385955811, 21.2566299438, 9.88991165161], [-0.379666119814, 0.673019707203, 0.53503125906, -0.89653980732, -1.33182013035, -2.95688891411, -0.391080230474, 0.509690403938, -2.07354474068, 1.19000637531, 1.35648560524, 9.88991165161, 20.0375823975]]
    },
    "sccoeffs": {
        "kurt": [0.00590872764587, -0.346400499344, 0.146946668625, 0.0481519699097, 1.98926734924, 4.44594240189],
        "max": [-0.567732036114, -0.727251470089, -0.793987333775, -0.81823515892, -0.853234708309, -0.702690422535],
        "mean": [-0.702329516411, -0.832037627697, -0.867642521858, -0.872209250927, -0.880941271782, -0.732024550438],
        "median": [-0.705116450787, -0.833097875118, -0.869496226311, -0.872242152691, -0.881230831146, -0.731628954411],
        "min": [-0.839700579643, -0.924997806549, -0.93334197998, -0.927843987942, -0.93994551897, -0.816693305969],
        "skew": [-0.0102813532576, 0.186192855239, 0.305150359869, 0.176717817783, -0.426700919867, -0.836416423321],
        "var": [0.002377449302, 0.00139052036684, 0.000509860983584, 0.000269205775112, 0.000105219143734, 0.000153730230522],
        "cov": [[0.00238277995959, 7.13276749593e-05, 2.00271551876e-05, -2.5999308491e-05, 6.93526526447e-05, 4.48362989118e-05], [7.13276749593e-05, 0.00139363808557, 2.26550582738e-06, 1.45119711306e-05, 2.06945605896e-05, 5.45303464605e-07], [2.00271551876e-05, 2.26550582738e-06, 0.000511004182044, 3.01894324366e-05, 6.28502994005e-06, 1.73457738128e-05], [-2.5999308491e-05, 1.45119711306e-05, 3.01894324366e-05, 0.000269809388556, 2.09230420296e-05, 1.07342893898e-05], [6.93526526447e-05, 2.06945605896e-05, 6.28502994005e-06, 2.09230420296e-05, 0.000105455059384, 2.14976516872e-05], [4.48362989118e-05, 5.45303464605e-07, 1.73457738128e-05, 1.07342893898e-05, 2.14976516872e-05, 0.000154074921738]]
    },
    "scvalleys": {
        "kurt": [1.69107627869, 1.79625701904, 12.3507204056, 30.5230331421, 63.9464111328, 92.2059707642],
        "max": [-6.53694200516, -6.89673185349, -7.70544481277, -8.59917449951, -8.2740278244, -10.8032579422],
        "mean": [-7.36478662491, -7.66936826706, -8.387383461, -9.05373668671, -9.53185939789, -11.9792299271],
        "median": [-7.34411430359, -7.65474796295, -8.3838968277, -9.04151058197, -9.52350234985, -11.9813337326],
        "min": [-9.07178401947, -9.29465675354, -10.5871562958, -11.2814569473, -11.4412431717, -13.6269550323],
        "skew": [-0.648697018623, -0.464794576168, -1.53429090977, -3.04766488075, -3.23581981659, -3.50748825073],
        "var": [0.0980062037706, 0.0920194014907, 0.0634480789304, 0.0415943190455, 0.0231056902558, 0.0148025490344],
        "cov": [[0.0982259511948, 0.00930766854435, 0.00821659341455, 0.0109785497189, 0.00939427595586, 0.00909490324557], [0.00930766854435, 0.0922257229686, 0.00498992018402, 0.00462712207809, 0.0102025764063, 0.00699098594487], [0.00821659341455, 0.00498992018402, 0.0635903403163, 0.0117457062006, 0.0116137685254, 0.0096281869337], [0.0109785497189, 0.00462712207809, 0.0117457062006, 0.0416875816882, 0.010739190504, 0.00903821736574], [0.00939427595586, 0.0102025764063, 0.0116137685254, 0.010739190504, 0.0231574960053, 0.0103829577565], [0.00909490324557, 0.00699098594487, 0.0096281869337, 0.00903821736574, 0.0103829577565, 0.0148357385769]]
    }
},
"rhythm": {
    "beats_loudness": {
        "kurt": -0.228885412216,
        "max": 0.000424197729444,
        "mean": 0.000262237939751,
        "median": 0.000257968873484,
        "min": 9.99492403935e-05,
        "skew": 0.189567804337,
        "var": 6.11515948989e-09
    },
    "bpm": 105.527397156,
    "confidence": 1.80683457851,
    "first_peak_bpm": {
        "kurt": 0,
        "max": 105,
        "mean": 105,
        "median": 105,
        "min": 105,
        "skew": 0,
        "var": 0
    },
    "first_peak_spread": {
        "kurt": 0,
        "max": 0.461538434029,
        "mean": 0.461538434029,
        "median": 0.461538434029,
        "min": 0.461538434029,
        "skew": 0,
        "var": 0
    },
    "first_peak_weight": {
        "kurt": 0,
        "max": 0.4375,
        "mean": 0.4375,
        "median": 0.4375,
        "min": 0.4375,
        "skew": 0,
        "var": 0
    },
    "onset_rate": 0.0966785103083,
    "second_peak_bpm": {
        "kurt": 0,
        "max": 110,
        "mean": 110,
        "median": 110,
        "min": 110,
        "skew": 0,
        "var": 0
    },
    "second_peak_spread": {
        "kurt": 0,
        "max": 0,
        "mean": 0,
        "median": 0,
        "min": 0,
        "skew": 0,
        "var": 0
    },
    "second_peak_weight": {
        "kurt": 0,
        "max": 0.125,
        "mean": 0.125,
        "median": 0.125,
        "min": 0.125,
        "skew": 0,
        "var": 0
    },
    "beats_loudness_band_ratio": {
        "kurt": [1.59973812103, -0.943355798721, 0.836524963379, 1.83526706696, 4.13950300217, 4.21569299698],
        "max": [0.860957741737, 0.17844620347, 0.171584352851, 0.0482800453901, 0.0337260104716, 0.0725387707353],
        "mean": [0.775014638901, 0.101222969592, 0.0820522531867, 0.0237451195717, 0.0135374506935, 0.0280195567757],
        "median": [0.792615413666, 0.101274818182, 0.0725316256285, 0.022547185421, 0.0122430482879, 0.0234077461064],
        "min": [0.550334334373, 0.0446941629052, 0.0383996032178, 0.0135177401826, 0.00675753224641, 0.0145041551441],
        "skew": [-1.29591906071, 0.484538733959, 1.18595731258, 1.28763175011, 1.96553528309, 2.08543944359],
        "var": [0.00600180728361, 0.0016876636073, 0.00119484530296, 6.99030570104e-05, 3.78058539354e-05, 0.000183267358807],
        "cov": [[0.00637692026794, -0.00221323478036, -0.00228989589959, -0.000392280780943, -0.000414075213484, -0.000944735424127], [-0.00221323478036, 0.00179314252455, 0.000309081922751, 0.000122039957205, 0.000103702208435, 0.00019784765027], [-0.00228989589959, 0.000309081922751, 0.00126952317078, 0.000100100704003, 0.000150491920067, 0.000343719410012], [-0.000392280780943, 0.000122039957205, 0.000100100704003, 7.42720003473e-05, 3.59212463081e-05, 7.57848465582e-05], [-0.000414075213484, 0.000103702208435, 0.000150491920067, 3.59212463081e-05, 4.01687211706e-05, 8.06349271443e-05], [-0.000944735424127, 0.00019784765027, 0.000343719410012, 7.57848465582e-05, 8.06349271443e-05, 0.000194721564185]]
    },
    "beats_position": [0.522448956966, 1.06811785698, 1.63700675964, 2.20589566231, 2.76317453384, 3.33206343651, 3.90095233917, 4.446621418, 5.01551008224, 5.5727891922, 6.14167785645, 6.71056699753, 7.2910656929, 7.8831744194, 8.47528362274, 9.05578231812, 9.65950107574],
    "bpm_estimates": [109.956787109, 105.46875, 105.46875, 107.666023254, 105.46875, 105.46875, 109.956756592, 105.468788147, 107.665977478, 105.468788147, 105.468704224, 103.359405518, 101.332740784, 101.33265686, 103.359405518],
    "bpm_intervals": [0.545668900013, 0.568888902664, 0.568888902664, 0.557278871536, 0.568888902664, 0.568888902664, 0.545669078827, 0.568888664246, 0.557279109955, 0.568888664246, 0.568889141083, 0.580498695374, 0.592108726501, 0.592109203339, 0.580498695374, 0.603718757629],
    "onset_times": [0.0116099771112],
    "histogram": [[0, 0, 0, 0, 0, 0, 0, 0, 0, 0, 0, 0, 0, 0, 0, 0, 0, 0, 0, 0, 0, 0, 0, 0, 0, 0, 0, 0, 0, 0, 0, 0, 0, 0, 0, 0, 0, 0, 0, 0, 0, 0, 0, 0, 0, 0, 0, 0, 0, 0, 0, 0, 0, 0, 0, 0, 0, 0, 0, 0, 0, 0, 0, 0, 0, 0, 0, 0, 0, 0, 0, 0, 0, 0, 0, 0, 0, 0, 0, 0, 0, 0, 0, 0, 0, 0, 0, 0, 0, 0, 0, 0, 0, 0, 0, 0, 0, 0, 0, 0.0625, 0, 0.125, 0, 0.125, 0, 0.4375, 0, 0, 0.125, 0, 0.125, 0, 0, 0, 0, 0, 0, 0, 0, 0, 0, 0, 0, 0, 0, 0, 0, 0, 0, 0, 0, 0, 0, 0, 0, 0, 0, 0, 0, 0, 0, 0, 0, 0, 0, 0, 0, 0, 0, 0, 0, 0, 0, 0, 0, 0, 0, 0, 0, 0, 0, 0, 0, 0, 0, 0, 0, 0, 0, 0, 0, 0, 0, 0, 0, 0, 0, 0, 0, 0, 0, 0, 0, 0, 0, 0, 0, 0, 0, 0, 0, 0, 0, 0, 0, 0, 0, 0, 0, 0, 0, 0, 0, 0, 0, 0, 0, 0, 0, 0, 0, 0, 0, 0, 0, 0, 0, 0, 0, 0, 0, 0, 0, 0, 0, 0, 0, 0, 0, 0, 0, 0, 0, 0, 0, 0, 0, 0, 0, 0, 0, 0, 0, 0, 0, 0, 0, 0, 0, 0]]
},
"sfx": {
    "inharmonicity": {
        "kurt": 4.01606845856,
        "max": 0.305485934019,
        "mean": 0.0653448626399,
        "median": 0.0532479137182,
        "min": 0,
        "skew": 1.6716594696,
        "var": 0.00238365633413
    },
    "oddtoevenharmonicenergyratio": {
        "kurt": 47.8584213257,
        "max": 12.1428956985,
        "mean": 0.481254547834,
        "median": 0.158225506544,
        "min": 0,
        "skew": 5.81129741669,
        "var": 1.03597068787
    },
    "pitch_after_max_to_before_max_energy_ratio": 1.39563262463,
    "pitch_centroid": 251.356246948,
    "pitch_max_to_total": 0.6711409688,
    "pitch_min_to_total": 0.398210287094,
    "tristimulus": {
        "kurt": [0.317519426346, 0.279376268387, 3.15569877625],
        "max": [1, 0.685231745243, 1],
        "mean": [0.355410784483, 0.306828796864, 0.337760657072],
        "median": [0.407645970583, 0.298724293709, 0.31663659215],
        "min": [0, 0, 0],
        "skew": [-0.488965958357, 0.308251768351, 1.05696570873],
        "var": [0.038072668016, 0.0166911259294, 0.0141288591549],
        "cov": [[0.0381580330431, -0.0203630141914, -0.0177950114012], [-0.0203630141914, 0.0167285501957, 0.00363447214477], [-0.0177950114012, 0.00363447214477, 0.0141605380923]]
    }
},
"tonal": {
    "chords_changes_rate": 0.0535714291036,
    "chords_number_rate": 0.0133928572759,
    "chords_strength": {
        "kurt": -0.0793640613556,
        "max": 0.503184080124,
        "mean": 0.427777260542,
        "median": 0.423101127148,
        "min": 0.310654640198,
        "skew": -0.173463389277,
        "var": 0.0015298583312
    },
    "key_strength": 0.417752802372,
    "tuning_diatonic_strength": 0.472958475351,
    "tuning_equal_tempered_deviation": 0.259813964367,
    "tuning_frequency": 450.284484863,
    "tuning_nontempered_energy_ratio": 0.912437319756,
    "hpcp": {
        "kurt": [4.24683952332, 2.06753587723, 23.1694202423, 56.5945777893, 48.9882621765, 22.3607997894, 4.8419008255, 36.6768264771, 19.2114086151, 1.89091157913, -0.787012815475, -1.13182914257, -1.17164707184, 2.07059717178, 8.94557285309, 24.7136821747, 41.6119155884, 36.2099723816, 31.2028656006, 17.9024848938, 31.3880996704, 8.83556270599, 79.4799423218, 73.9926452637, 18.3609752655, 15.4139537811, 2.87993526459, 13.0704975128, 0.589513540268, -1.30151343346, -1.34512114525, -0.316213607788, 7.53492164612, 35.684627533, 26.1713600159, 6.45408725739],
        "max": [0.190323889256, 0.0805427879095, 0.223155230284, 0.431749582291, 0.33498352766, 0.257395595312, 0.135364502668, 0.346435189247, 0.500845372677, 0.726662933826, 1, 1, 1, 1, 1, 1, 0.641872286797, 0.374019920826, 0.299992024899, 0.20688611269, 0.281754285097, 0.170889794827, 0.485494494438, 0.451716452837, 0.235678046942, 0.255167782307, 0.32331803441, 0.793257057667, 1, 1, 1, 1, 1, 1, 0.649908363819, 0.286145269871],
