{
"metadata": {
    "version": {
        "essentia": "2.1-beta3"
    }
},
"lowLevel": {
    "average_loudness": 0.9889985919,
    "barkbands_kurtosis": {
        "kurt": 1.67049312592,
        "max": 3.54415273666,
        "mean": -0.0453800559044,
        "median": -0.153917193413,
        "min": -1.38975977898,
        "skew": 1.02608442307,
        "var": 0.410446226597
    },
    "barkbands_skewness": {
        "kurt": -0.0391235351562,
        "max": 1.93254768848,
        "mean": 0.917335629463,
        "median": 0.907642126083,
        "min": 0.183764025569,
        "skew": 0.195858329535,
        "var": 0.0704040974379
    },
    "barkbands_spread": {
        "kurt": -0.0515930652618,
        "max": 34.9802780151,
        "mean": 21.9193916321,
        "median": 21.8655967712,
        "min": 12.5081977844,
        "skew": 0.0454736128449,
        "var": 9.54439640045
    },
    "dissonance": {
        "kurt": 7.46415805817,
        "max": 0.500000178814,
        "mean": 0.479352295399,
        "median": 0.48184555769,
        "min": 0.316886842251,
        "skew": -1.53052580357,
        "var": 0.000203969262657
    },
    "hfc": {
        "kurt": 0.589578390121,
        "max": 3.57948875427,
        "mean": 2.23736786842,
        "median": 2.20437812805,
        "min": 0.20516307652,
        "skew": 0.399943500757,
        "var": 0.124810658395
    },
    "pitch": {
        "kurt": 1.3939371109,
        "max": 1089.07128906,
        "mean": 271.4375,
        "median": 238.864837646,
        "min": 65.8999786377,
        "skew": 1.22101163864,
        "var": 16703.3183594
    },
    "pitch_instantaneous_confidence": {
        "kurt": 0.380208730698,
        "max": 0.445172190666,
        "mean": 0.223539248109,
        "median": 0.21542686224,
        "min": 0.10755354166,
        "skew": 0.712507486343,
        "var": 0.00284773786552
    },
    "pitch_salience": {
        "kurt": -0.0739214420319,
        "max": 0.864480555058,
        "mean": 0.730823874474,
        "median": 0.735035061836,
        "min": 0.567350804806,
        "skew": -0.365244686604,
        "var": 0.00212753773667
    },
    "silence_rate_20dB": {
        "kurt": 0,
        "max": 1,
        "mean": 1,
        "median": 1,
        "min": 1,
        "skew": 0,
        "var": 0
    },
    "silence_rate_30dB": {
        "kurt": 0,
        "max": 1,
        "mean": 1,
        "median": 1,
        "min": 1,
        "skew": 0,
        "var": 0
    },
    "silence_rate_60dB": {
        "kurt": 195.316711426,
        "max": 1,
        "mean": 0.995007693768,
        "median": 1,
        "min": 0,
        "skew": -14.0471887589,
        "var": 0.00496734585613
    },
    "spectral_centroid": {
        "kurt": -0.0141229629517,
        "max": 1536.71337891,
        "mean": 990.033691406,
        "median": 982.364746094,
        "min": 647.007446289,
        "skew": 0.347563326359,
        "var": 18224.2304688
    },
    "spectral_complexity": {
        "kurt": 0.101986408234,
        "max": 14,
        "mean": 8.6762676239,
        "median": 9,
        "min": 0,
        "skew": 0.0839245095849,
        "var": 3.14604330063
    },
    "spectral_crest": {
        "kurt": 0.405596017838,
        "max": 12.6418190002,
        "mean": 5.76637220383,
        "median": 5.58571243286,
        "min": 2.73266410828,
        "skew": 0.689015328884,
        "var": 2.42375707626
    },
    "spectral_decrease": {
        "kurt": 0.574548959732,
        "max": -6.10298825365e-11,
        "mean": -5.5455978698e-10,
        "median": -5.43389333529e-10,
        "min": -1.06809039391e-09,
        "skew": -0.572899281979,
        "var": 1.29374860589e-20
    },
    "spectral_energy": {
        "kurt": 0.545433282852,
        "max": 0.00433001061901,
        "mean": 0.00229596998543,
        "median": 0.00225390749983,
        "min": 0.000248948752414,
        "skew": 0.537868499756,
        "var": 2.0355959407e-07
    },
    "spectral_energyband_high": {
        "kurt": 1.6130566597,
        "max": 0.000162798081874,
        "mean": 7.16958020348e-05,
        "median": 6.85746053932e-05,
        "min": 5.8503846958e-06,
        "skew": 1.0050252676,
        "var": 4.16330858677e-10
    },
    "spectral_energyband_low": {
        "kurt": 0.47949552536,
        "max": 0.000418359646574,
        "mean": 0.000112348017865,
        "median": 0.00010140555969,
        "min": 6.51688242215e-06,
        "skew": 0.830517888069,
        "var": 3.95131749542e-09
    },
    "spectral_energyband_middle_high": {
        "kurt": 0.815554141998,
        "max": 0.00156978052109,
        "mean": 0.000793676474132,
        "median": 0.000779035501182,
        "min": 8.11405043351e-05,
        "skew": 0.588457524776,
        "var": 2.22994547272e-08
    },
    "spectral_energyband_middle_low": {
        "kurt": 0.687971115112,
        "max": 0.00330417021178,
        "mean": 0.00138678215444,
        "median": 0.00132978870533,
        "min": 0.000153979999595,
        "skew": 0.731380045414,
        "var": 1.75842941985e-07
    },
    "spectral_flatness_db": {
        "kurt": -0.0887160301208,
        "max": 0.179922878742,
        "mean": 0.140350982547,
        "median": 0.139539599419,
        "min": 0.110555902123,
        "skew": 0.298142820597,
        "var": 0.000113275033073
    },
    "spectral_flux": {
        "kurt": 0.682104349136,
        "max": 0.0468668341637,
        "mean": 0.0281243473291,
        "median": 0.0277849175036,
        "min": 0.0196428447962,
        "skew": 0.565145254135,
        "var": 1.16860474009e-05
    },
    "spectral_kurtosis": {
        "kurt": 2.25347137451,
        "max": 13.5097866058,
        "mean": 5.00257968903,
        "median": 4.80091953278,
        "min": 2.35447502136,
        "skew": 1.07648932934,
        "var": 1.44154703617
    },
    "spectral_rms": {
        "kurt": 0.759718179703,
        "max": 0.00205533462577,
        "mean": 0.00148950959556,
        "median": 0.00148288032506,
        "min": 0.000492825347465,
        "skew": 0.169962123036,
        "var": 2.13350048739e-08
    },
    "spectral_rolloff": {
        "kurt": -0.570957660675,
        "max": 3208.44726562,
        "mean": 1930.57336426,
        "median": 1851.85546875,
        "min": 882.861328125,
        "skew": 0.163896858692,
        "var": 188767.875
    },
    "spectral_skewness": {
        "kurt": 1.22567749023,
        "max": 2.75163984299,
        "mean": 1.69883918762,
        "median": 1.68875384331,
        "min": 1.24581444263,
        "skew": 0.594168663025,
        "var": 0.0252752173692
    },
    "spectral_spread": {
        "kurt": -0.081118106842,
        "max": 4252606.5,
        "mean": 3541318,
        "median": 3526969.5,
        "min": 2903815.75,
        "skew": 0.246803537011,
        "var": 46593347584
    },
    "spectral_strongpeak": {
        "kurt": 4.48981142044,
        "max": 1.21276140213,
        "mean": 0.192301183939,
        "median": 0.161633715034,
        "min": 0.0188578404486,
        "skew": 1.51612663269,
        "var": 0.015626013279
    },
    "zerocrossingrate": {
        "kurt": 1.04893398285,
        "max": 0.083984375,
        "mean": 0.0625056251884,
        "median": 0.0625,
        "min": 0.01904296875,
        "skew": -0.127728506923,
        "var": 3.72694557882e-05
    },
    "barkbands": {
        "kurt": [19.6921749115, 12.3562097549, 0.702569007874, 1.42291212082, 0.669913768768, 4.63929367065, 1.79918861389, 4.39499425888, 1.36370849609, 2.65118408203, 2.43569850922, 2.25829935074, 1.31792259216, 1.13901758194, 3.16233778, 0.668701648712, 0.749470233917, 1.14454174042, 3.52760124207, 1.90326881409, 1.98589515686, 1.36010599136, 1.47231245041, 1.51331281662, 2.19744968414, 2.67015790939, 8.79732227325],
        "max": [1.28498163576e-06, 6.90923043294e-05, 0.000191179860849, 0.000447394733783, 0.00121760810725, 0.00118355371524, 0.00156767084263, 0.0012691403972, 0.000323663349263, 0.000581057800446, 0.000424427969847, 0.000630976282991, 0.000169738545083, 0.000188928970601, 0.000209438134334, 0.000139671159559, 0.000173043270479, 0.000160703173606, 0.000233418730204, 0.000162276875926, 6.11671421211e-05, 3.34981887136e-05, 3.8365456021e-06, 7.23649293377e-07, 1.89066895473e-07, 9.75201075448e-09, 8.20507439769e-10],
        "mean": [2.65055092541e-07, 7.24464871382e-06, 5.05943789904e-05, 0.000129141204525, 0.000358918798156, 0.000205383694265, 0.000365607091226, 0.000211427424802, 9.44010680541e-05, 0.000129743682919, 0.000105690378405, 0.000147126542288, 5.19173154316e-05, 5.49421420146e-05, 5.04295021528e-05, 4.91798527946e-05, 6.75076153129e-05, 5.7976692915e-05, 6.57135969959e-05, 6.00965031481e-05, 2.07307948585e-05, 1.03187167042e-05, 1.25235044379e-06, 2.81072317421e-07, 7.92320378196e-08, 3.27621640928e-09, 1.12521124362e-10],
        "median": [2.52358688613e-07, 5.91053139942e-06, 4.43918543169e-05, 0.000114982220111, 0.000324397871736, 0.000170110462932, 0.000318649603287, 0.00017626072804, 8.52160155773e-05, 0.00011610241927, 9.44381317822e-05, 0.000136301387101, 4.8439767852e-05, 5.12303013238e-05, 4.62135649286e-05, 4.63620890514e-05, 6.42447412247e-05, 5.42068082723e-05, 6.15993922111e-05, 5.78425788262e-05, 1.95930952032e-05, 9.28704503167e-06, 1.1280696981e-06, 2.62829217945e-07, 7.48894990465e-08, 3.05356229191e-09, 7.63753366106e-11],
        "min": [2.16487783256e-09, 4.17025660226e-07, 4.46585772806e-07, 9.42062797549e-06, 4.84919110022e-06, 9.2067020887e-06, 1.12570041892e-05, 1.54303925228e-05, 7.08525112714e-06, 1.4891608771e-05, 1.0078078958e-05, 7.02881652614e-06, 2.37454855778e-06, 3.84676650356e-06, 3.18315471759e-07, 4.22822176915e-06, 5.00273063153e-06, 7.81883102263e-07, 6.45029240331e-06, 5.76605498281e-06, 1.41318741953e-06, 2.55406916949e-07, 5.50515082409e-08, 2.97528170989e-08, 8.00489452502e-09, 1.26943067169e-09, 2.44242247954e-11],
        "skew": [3.25273728371, 2.31759119034, 0.934720277786, 1.10669565201, 0.82932639122, 1.73347187042, 1.19475221634, 1.65506851673, 1.05410242081, 1.28731513023, 1.2295691967, 1.09089994431, 0.933715164661, 0.914378106594, 1.30936181545, 0.737234354019, 0.774555623531, 0.917120099068, 1.30430674553, 1.01925551891, 1.04742372036, 1.05174660683, 1.14603662491, 1.07698655128, 1.23616969585, 1.36706364155, 2.54812955856],
        "var": [1.15292237901e-14, 2.58201862668e-11, 9.57620205355e-10, 4.47182912922e-09, 3.82592162396e-08, 1.88885813657e-08, 4.90088041261e-08, 2.04826235972e-08, 2.46327269693e-09, 5.14485387626e-09, 2.98058466797e-09, 4.56972282237e-09, 5.15193110395e-10, 5.64410129744e-10, 5.38371458525e-10, 3.35419969577e-10, 5.84293113892e-10, 4.56619769773e-10, 5.55762103005e-10, 3.29073684968e-10, 4.15840487045e-11, 2.4048580835e-11, 3.2790762293e-13, 8.032881001e-15, 5.08085354812e-16, 1.26525691253e-18, 9.32650825856e-21],
        "cov": [[1.15336529254e-14, 6.99054326253e-14, -3.71313358749e-14, -5.39915199138e-14, -2.31515409057e-13, 2.84185923492e-13, 1.6399159591e-13, -7.56327034964e-14, -9.81726771274e-14, 1.05249752598e-13, -1.43997244277e-14, -2.06703415235e-14, -1.83931900066e-14, -1.47529337786e-15, -4.48690928094e-15, -9.52381314816e-15, -1.97691306549e-14, -2.81965138629e-14, -8.88416402077e-14, -2.51286113499e-14, -2.86826260713e-14, -7.42123766275e-15, -1.29045660097e-15, -3.33735507551e-16, -6.63731642572e-17, -2.94500265627e-18, -2.99046470953e-20], [6.99054326253e-14, 2.58301071504e-11, 2.2311787834e-11, 2.49302262861e-11, -2.45715232015e-12, 1.2986338567e-11, 1.38673855385e-11, 1.80449925835e-11, -1.72786237358e-13, -2.05814488716e-12, -3.54253974245e-12, 4.03155633877e-12, 7.26192652019e-13, -3.44118158448e-12, -3.77675321572e-12, -2.23653062216e-12, -2.69433433897e-12, -6.65523365584e-12, -8.21219914987e-12, -4.69280560592e-12, -2.88619974274e-12, -1.96392143e-12, -1.7501453032e-13, -3.63685149433e-14, -8.03863066065e-15, -4.40674952389e-16, 9.49856625914e-18], [-3.71313358749e-14, 2.2311787834e-11, 9.57988133266e-10, 5.30252453057e-10, -9.32455335168e-10, -1.1820872059e-10, 4.20816506641e-11, -2.06658579138e-11, 6.54359075605e-12, -1.03321344536e-10, -3.86460689838e-11, 1.83863722858e-11, -7.9691505131e-12, 1.79097286047e-12, -2.92093571552e-11, -6.84366625869e-12, -5.58906532167e-11, -4.38499410393e-11, -6.71861247192e-11, -4.56915130731e-11, -1.70613002892e-11, -1.58740468686e-11, -1.26679699716e-12, -2.17255819454e-13, -5.46970305962e-14, -3.8525624951e-15, -7.8249300714e-17], [-5.39915199138e-14, 2.49302262861e-11, 5.30252453057e-10, 4.47354731037e-09, 5.02591346319e-09, 1.0096129488e-09, 1.37254696497e-09, 2.01512709297e-10, -5.01718631918e-11, -3.40080630323e-10, -1.41025649492e-10, 2.74846864018e-11, -2.36408080612e-11, 2.42895720898e-11, -1.98426067244e-11, -1.62282288302e-11, -4.47618123123e-11, -1.44145889669e-10, -9.36130339912e-11, -1.25429406445e-11, -1.24933162773e-11, -2.26523574204e-11, -4.70380136751e-13, -4.02211575677e-13, -5.48548125055e-14, -5.23702853002e-15, 1.89290621713e-16], [-2.31515409057e-13, -2.45715232015e-12, -9.32455335168e-10, 5.02591346319e-09, 3.82739173688e-08, 4.89856555319e-09, 2.96341995387e-09, 1.45820167052e-09, -1.19959819855e-10, -2.61362431697e-10, -4.13865858251e-10, 6.72493449816e-10, 1.54881357739e-10, 1.96932095631e-10, 3.37958654117e-11, 1.16878062784e-10, 7.46438535981e-11, 9.72496527751e-11, 1.60179189357e-10, 2.35624297851e-10, 6.14121045683e-11, 3.32958521865e-11, 2.22971272522e-12, 7.84429270671e-13, 2.62356353005e-13, 1.26852850615e-15, 5.10347144539e-16], [2.84185923492e-13, 1.2986338567e-11, -1.1820872059e-10, 1.0096129488e-09, 4.89856555319e-09, 1.88958377834e-08, 1.13211584551e-09, 1.85683801668e-10, -5.04159457237e-11, -1.63709990009e-10, -1.26944801893e-10, -6.95732499389e-11, 8.5214391099e-11, 9.25510085237e-11, 2.00093719371e-10, 4.53518507471e-11, -2.21144335483e-11, 6.80766970573e-11, 4.12462113075e-11, 1.34121339035e-10, 3.43441941553e-11, -1.58767931527e-12, -1.23121445764e-12, 3.05892193086e-13, 3.49632737313e-14, -6.62125919566e-16, 1.52646877919e-16], [1.6399159591e-13, 1.38673855385e-11, 4.20816506641e-11, 1.37254696497e-09, 2.96341995387e-09, 1.13211584551e-09, 4.90276335086e-08, 2.98474955862e-09, -2.25092694484e-10, -5.51700421458e-11, -5.64737284714e-11, 5.21069076775e-10, 8.61939547514e-11, 6.31529412098e-11, 3.84076451199e-11, -2.60272554377e-12, -8.72595884438e-11, -1.91093446622e-10, -1.48854747972e-10, -4.34441198294e-11, -3.29053971571e-11, -4.38105489386e-11, -4.68173026388e-12, -6.15228625423e-13, -1.00875511828e-13, -1.40697322499e-14, 2.14991017466e-16], [-7.56327034964e-14, 1.80449925835e-11, -2.06658579138e-11, 2.01512709297e-10, 1.45820167052e-09, 1.85683801668e-10, 2.98474955862e-09, 2.0490492858e-08, 2.31873867329e-10, 8.243160321e-11, -7.13752806858e-11, 9.93207391331e-11, 2.69992951607e-11, -1.2667920532e-11, 9.56797488461e-11, 4.05709597862e-11, 1.84860196595e-10, 1.02332118473e-11, 1.10669542974e-10, 2.71115317696e-11, 1.18262960189e-11, 2.53002029049e-11, 2.98521363878e-12, 2.02225118161e-13, 7.61972475676e-14, -5.43374759098e-16, 1.24266999317e-16], [-9.81726771274e-14, -1.72786237358e-13, 6.54359075605e-12, -5.01718631918e-11, -1.19959819855e-10, -5.04159457237e-11, -2.25092694484e-10, 2.31873867329e-10, 2.46421905103e-09, 2.36173886003e-10, 1.09646847157e-10, -1.29199567711e-10, 2.15025462713e-11, 5.09893273437e-11, 1.76537742758e-11, 4.68277951138e-11, 6.35210287148e-11, 3.81978650099e-11, 4.91696128258e-11, 4.99557235856e-11, 8.31441599597e-12, 1.75302428823e-11, 2.40871927439e-12, 2.91083617713e-13, 7.07977581183e-14, 4.08910025726e-15, -1.26811578934e-16], [1.05249752598e-13, -2.05814488716e-12, -1.03321344536e-10, -3.40080630323e-10, -2.61362431697e-10, -1.63709990009e-10, -5.51700421458e-11, 8.243160321e-11, 2.36173886003e-10, 5.14683007324e-09, 5.50046341807e-10, 7.27965170783e-12, 4.25644450242e-11, -4.8331307706e-11, 2.60064747515e-11, 4.64769403519e-11, 6.99701199758e-11, 7.09536457366e-11, 1.17890960882e-10, 8.07690372917e-11, 2.89366829109e-11, 1.84187110008e-11, 2.27195194082e-12, 4.56000959648e-13, 1.23288586371e-13, 4.66985653909e-15, 3.24390484211e-16], [-1.43997244277e-14, -3.54253974245e-12, -3.86460689838e-11, -1.41025649492e-10, -4.13865858251e-10, -1.26944801893e-10, -5.64737284714e-11, -7.13752806858e-11, 1.09646847157e-10, 5.50046341807e-10, 2.98172952995e-09, -7.50868048294e-11, -2.39296581682e-12, 3.01392556745e-11, -3.25268067689e-12, 1.29262720319e-11, 4.52399298578e-11, 2.60656340262e-11, 8.66411803413e-11, 2.09990380119e-12, 1.24183007627e-11, 9.33693573846e-12, 6.93475116741e-13, 1.84917971777e-13, 4.43887853178e-14, 5.64688807968e-16, -3.55794700569e-17], [-2.06703415235e-14, 4.03155633877e-12, 1.83863722858e-11, 2.74846864018e-11, 6.72493449816e-10, -6.95732499389e-11, 5.21069076775e-10, 9.93207391331e-11, -1.29199567711e-10, 7.27965170783e-12, -7.50868048294e-11, 4.57147830701e-09, 6.91075530135e-11, -1.57241212238e-12, 3.55189662404e-11, 1.01769211114e-10, 7.55716045298e-11, 8.88068715788e-11, 2.46247380126e-11, 3.16356836561e-11, 7.9114917742e-12, 9.32526538627e-12, -3.50028654065e-13, 5.13553094364e-14, 7.36421116958e-15, -2.55167785976e-15, 4.75619157661e-17], [-1.83931900066e-14, 7.26192652019e-13, -7.9691505131e-12, -2.36408080612e-11, 1.54881357739e-10, 8.5214391099e-11, 8.61939547514e-11, 2.69992951607e-11, 2.15025462713e-11, 4.25644450242e-11, -2.39296581682e-12, 6.91075530135e-11, 5.15391063161e-10, 2.30600521317e-11, 1.76847269467e-11, 1.82771089929e-11, 1.95336715553e-11, 2.34486683542e-11, 3.73994203662e-11, 4.751335176e-12, 3.77525224624e-12, 5.04923923852e-12, 4.15185491239e-13, 8.4624974671e-14, 1.46423604036e-14, 7.44979823731e-16, 1.2094000941e-17], [-1.47529337786e-15, -3.44118158448e-12, 1.79097286047e-12, 2.42895720898e-11, 1.96932095631e-10, 9.25510085237e-11, 6.31529412098e-11, -1.2667920532e-11, 5.09893273437e-11, -4.8331307706e-11, 3.01392556745e-11, -1.57241212238e-12, 2.30600521317e-11, 5.64626956301e-10, 3.5763596945e-11, 2.20811875729e-11, 1.53357881949e-11, 2.50703000026e-11, 2.15701675271e-11, 2.97170864305e-11, 7.83397825777e-12, 8.29940109692e-12, 7.61793948235e-13, 1.31189980754e-13, 3.05873761649e-14, 1.01674499796e-15, -2.43291503273e-17], [-4.48690928094e-15, -3.77675321572e-12, -2.92093571552e-11, -1.98426067244e-11, 3.37958654117e-11, 2.00093719371e-10, 3.84076451199e-11, 9.56797488461e-11, 1.76537742758e-11, 2.60064747515e-11, -3.25268067689e-12, 3.55189662404e-11, 1.76847269467e-11, 3.5763596945e-11, 5.38578293074e-10, 6.78268483045e-11, 6.16884668347e-11, 5.47200167123e-11, 6.0679954117e-11, 5.43409449383e-11, 1.4009780315e-11, 1.61018403472e-11, 1.42705140239e-12, 3.5618722056e-13, 5.81089131891e-14, 1.90273648447e-15, -3.68753245871e-17], [-9.52381314816e-15, -2.23653062216e-12, -6.84366625869e-12, -1.62282288302e-11, 1.16878062784e-10, 4.53518507471e-11, -2.60272554377e-12, 4.05709597862e-11, 4.68277951138e-11, 4.64769403519e-11, 1.29262720319e-11, 1.01769211114e-10, 1.82771089929e-11, 2.20811875729e-11, 6.78268483045e-11, 3.35548838715e-10, 9.72464331284e-11, 8.82690587289e-11, 7.89597900952e-11, 4.67828935313e-11, 1.56152746983e-11, 2.06244049616e-11, 2.12868069525e-12, 4.6620259736e-13, 8.17847512261e-14, 2.65861153418e-15, -4.0716271587e-17], [-1.97691306549e-14, -2.69433433897e-12, -5.58906532167e-11, -4.47618123123e-11, 7.46438535981e-11, -2.21144335483e-11, -8.72595884438e-11, 1.84860196595e-10, 6.35210287148e-11, 6.99701199758e-11, 4.52399298578e-11, 7.55716045298e-11, 1.95336715553e-11, 1.53357881949e-11, 6.16884668347e-11, 9.72464331284e-11, 5.84517600988e-10, 1.78998260658e-10, 2.28614294162e-10, 1.50025630807e-10, 4.99757492334e-11, 6.80273753995e-11, 7.52701286716e-12, 1.04733821442e-12, 2.49195575199e-13, 1.18994407155e-14, 5.86401041733e-17], [-2.81965138629e-14, -6.65523365584e-12, -4.38499410393e-11, -1.44145889669e-10, 9.72496527751e-11, 6.80766970573e-11, -1.91093446622e-10, 1.02332118473e-11, 3.81978650099e-11, 7.09536457366e-11, 2.60656340262e-11, 8.88068715788e-11, 2.34486683542e-11, 2.50703000026e-11, 5.47200167123e-11, 8.82690587289e-11, 1.78998260658e-10, 4.56795212767e-10, 1.97812558e-10, 1.2332140864e-10, 3.98225445675e-11, 5.44251171908e-11, 5.66702804475e-12, 9.20584355274e-13, 2.04094052314e-13, 9.58720594097e-15, -2.34993525153e-17], [-8.88416402077e-14, -8.21219914987e-12, -6.71861247192e-11, -9.36130339912e-11, 1.60179189357e-10, 4.12462113075e-11, -1.48854747972e-10, 1.10669542974e-10, 4.91696128258e-11, 1.17890960882e-10, 8.66411803413e-11, 2.46247380126e-11, 3.73994203662e-11, 2.15701675271e-11, 6.0679954117e-11, 7.89597900952e-11, 2.28614294162e-10, 1.97812558e-10, 5.55975598893e-10, 1.50180132219e-10, 5.10379204177e-11, 7.08836045415e-11, 7.80553226221e-12, 1.17591938791e-12, 2.7721320248e-13, 1.33741089831e-14, 2.64729907168e-17], [-2.51286113499e-14, -4.69280560592e-12, -4.56915130731e-11, -1.25429406445e-11, 2.35624297851e-10, 1.34121339035e-10, -4.34441198294e-11, 2.71115317696e-11, 4.99557235856e-11, 8.07690372917e-11, 2.09990380119e-12, 3.16356836561e-11, 4.751335176e-12, 2.97170864305e-11, 5.43409449383e-11, 4.67828935313e-11, 1.50025630807e-10, 1.2332140864e-10, 1.50180132219e-10, 3.29200111615e-10, 4.60297286398e-11, 4.36640688883e-11, 4.66423557763e-12, 7.39824217513e-13, 1.61753355393e-13, 7.7053926526e-15, 3.35712178047e-17], [-2.86826260713e-14, -2.88619974274e-12, -1.70613002892e-11, -1.24933162773e-11, 6.14121045683e-11, 3.43441941553e-11, -3.29053971571e-11, 1.18262960189e-11, 8.31441599597e-12, 2.89366829109e-11, 1.24183007627e-11, 7.9114917742e-12, 3.77525224624e-12, 7.83397825777e-12, 1.4009780315e-11, 1.56152746983e-11, 4.99757492334e-11, 3.98225445675e-11, 5.10379204177e-11, 4.60297286398e-11, 4.16000220382e-11, 1.47223084418e-11, 1.68930592171e-12, 2.44570287416e-13, 5.58998207694e-14, 2.79112496834e-15, 9.73980024991e-18], [-7.42123766275e-15, -1.96392143e-12, -1.58740468686e-11, -2.26523574204e-11, 3.32958521865e-11, -1.58767931527e-12, -4.38105489386e-11, 2.53002029049e-11, 1.75302428823e-11, 1.84187110008e-11, 9.33693573846e-12, 9.32526538627e-12, 5.04923923852e-12, 8.29940109692e-12, 1.61018403472e-11, 2.06244049616e-11, 6.80273753995e-11, 5.44251171908e-11, 7.08836045415e-11, 4.36640688883e-11, 1.47223084418e-11, 2.40578199723e-11, 2.28895786873e-12, 3.33250679656e-13, 7.78953250101e-14, 3.75578008703e-15, 1.31996031031e-17], [-1.29045660097e-15, -1.7501453032e-13, -1.26679699716e-12, -4.70380136751e-13, 2.22971272522e-12, -1.23121445764e-12, -4.68173026388e-12, 2.98521363878e-12, 2.40871927439e-12, 2.27195194082e-12, 6.93475116741e-13, -3.50028654065e-13, 4.15185491239e-13, 7.61793948235e-13, 1.42705140239e-12, 2.12868069525e-12, 7.52701286716e-12, 5.66702804475e-12, 7.80553226221e-12, 4.66423557763e-12, 1.68930592171e-12, 2.28895786873e-12, 3.28033607222e-13, 3.7295924541e-14, 9.39752392386e-15, 4.64683068957e-16, 1.39836288759e-18], [-3.33735507551e-16, -3.63685149433e-14, -2.17255819454e-13, -4.02211575677e-13, 7.84429270671e-13, 3.05892193086e-13, -6.15228625423e-13, 2.02225118161e-13, 2.91083617713e-13, 4.56000959648e-13, 1.84917971777e-13, 5.13553094364e-14, 8.4624974671e-14, 1.31189980754e-13, 3.5618722056e-13, 4.6620259736e-13, 1.04733821442e-12, 9.20584355274e-13, 1.17591938791e-12, 7.39824217513e-13, 2.44570287416e-13, 3.33250679656e-13, 3.7295924541e-14, 8.03596674203e-15, 1.35241081419e-15, 6.45734905595e-17, 7.64694613599e-20], [-6.63731642572e-17, -8.03863066065e-15, -5.46970305962e-14, -5.48548125055e-14, 2.62356353005e-13, 3.49632737313e-14, -1.00875511828e-13, 7.61972475676e-14, 7.07977581183e-14, 1.23288586371e-13, 4.43887853178e-14, 7.36421116958e-15, 1.46423604036e-14, 3.05873761649e-14, 5.81089131891e-14, 8.17847512261e-14, 2.49195575199e-13, 2.04094052314e-13, 2.7721320248e-13, 1.61753355393e-13, 5.58998207694e-14, 7.78953250101e-14, 9.39752392386e-15, 1.35241081419e-15, 5.08280542967e-16, 1.69491838685e-17, 1.28798483723e-19], [-2.94500265627e-18, -4.40674952389e-16, -3.8525624951e-15, -5.23702853002e-15, 1.26852850615e-15, -6.62125919566e-16, -1.40697322499e-14, -5.43374759098e-16, 4.08910025726e-15, 4.66985653909e-15, 5.64688807968e-16, -2.55167785976e-15, 7.44979823731e-16, 1.01674499796e-15, 1.90273648447e-15, 2.65861153418e-15, 1.18994407155e-14, 9.58720594097e-15, 1.33741089831e-14, 7.7053926526e-15, 2.79112496834e-15, 3.75578008703e-15, 4.64683068957e-16, 6.45734905595e-17, 1.69491838685e-17, 1.26574298453e-18, 1.49218212626e-20], [-2.99046470953e-20, 9.49856625914e-18, -7.8249300714e-17, 1.89290621713e-16, 5.10347144539e-16, 1.52646877919e-16, 2.14991017466e-16, 1.24266999317e-16, -1.26811578934e-16, 3.24390484211e-16, -3.55794700569e-17, 4.75619157661e-17, 1.2094000941e-17, -2.43291503273e-17, -3.68753245871e-17, -4.0716271587e-17, 5.86401041733e-17, -2.34993525153e-17, 2.64729907168e-17, 3.35712178047e-17, 9.73980024991e-18, 1.31996031031e-17, 1.39836288759e-18, 7.64694613599e-20, 1.28798483723e-19, 1.49218212626e-20, 9.33009163083e-21]]
    },
    "mfcc": {
        "kurt": [17.0713806152, -0.112778425217, 0.782100439072, 0.108714818954, -0.111299753189, 0.267540216446, 0.164109945297, 0.122853040695, 0.00886297225952, 0.1982421875, 0.372906923294, -0.0060703754425, -0.101047754288],
        "max": [-712.155334473, 173.881195068, -26.3915061951, 55.6874542236, -19.1986618042, 11.2160949707, 10.8755226135, 9.91216850281, 5.29951477051, 7.07440757751, 12.3844108582, 11.3712501526, 11.0860671997],
        "mean": [-737.84777832, 147.056625366, -58.2192230225, 38.6633071899, -32.906665802, -4.01619195938, -8.50511646271, -9.49602127075, -10.7030391693, -11.1660985947, -8.86956310272, -4.32950878143, -3.05506038666],
        "median": [-738.046264648, 147.338378906, -58.285861969, 38.6259384155, -32.8171081543, -4.10476303101, -8.64149475098, -9.50579833984, -10.7462253571, -11.1764316559, -8.86793708801, -4.23390579224, -3.18070030212],
        "min": [-869.074401855, 120.418685913, -73.0893249512, 21.4294013977, -47.1370544434, -24.9647941589, -28.7141056061, -26.0470123291, -26.2106628418, -30.0375442505, -28.5673294067, -21.1037139893, -15.321144104],
        "skew": [-1.1454719305, -0.0531544014812, 0.211783826351, 0.0957405492663, -0.0297408569604, 0.0256595797837, 0.117989107966, 0.0540133491158, 0.047385726124, 0.015336656943, 0.0188519377261, -0.0416866652668, 0.0893675386906],
        "var": [80.5528411865, 63.8808937073, 22.4394702911, 21.1774921417, 20.7203330994, 20.1440753937, 25.4760875702, 26.274148941, 20.4764556885, 19.6764526367, 19.8881340027, 19.4231433868, 16.9160404205],
        "cov": [[80.5837860107, -27.3375167847, 0.719922602177, 8.22817993164, -8.82949733734, 4.76104402542, -21.2261486053, 9.63457012177, -8.26926803589, -4.30538129807, 1.55683171749, -5.31959199905, -1.82252049446], [-27.3375167847, 63.9054336548, 10.1553821564, -5.65493345261, 6.40574932098, -7.81310606003, 12.2613334656, -16.217212677, 1.93146049976, 1.04259932041, -4.03157520294, 3.20493865013, 0.375052690506], [0.719922602177, 10.1553821564, 22.448091507, 9.79903125763, 0.638146519661, -1.60502827168, -2.49684715271, -1.88749909401, -2.53414106369, -2.09225606918, -1.11384856701, -0.0184059571475, -0.400021731853], [8.22817993164, -5.65493345261, 9.79903125763, 21.1856269836, 6.9440279007, 2.06484699249, -3.45769190788, -1.11781346798, -3.83138251305, -3.24964809418, -0.760639727116, -0.85892111063, -0.232818856835], [-8.82949733734, 6.40574932098, 0.638146519661, 6.9440279007, 20.7282924652, 8.71987628937, 3.17149305344, -3.66411089897, -1.40447866917, -0.671036243439, -1.32008552551, -0.297262698412, -0.290114581585], [4.76104402542, -7.81310606003, -1.60502827168, 2.06484699249, 8.71987628937, 20.1518135071, 6.00073862076, 2.75191950798, -0.973451435566, -1.074234128, 0.444977045059, -0.905372023582, -0.493498712778], [-21.2261486053, 12.2613334656, -2.49684715271, -3.45769190788, 3.17149305344, 6.00073862076, 25.4858760834, 4.71602535248, 3.83642721176, 0.858314037323, -2.55096292496, 0.966821193695, -0.178246930242], [9.63457012177, -16.217212677, -1.88749909401, -1.11781346798, -3.66411089897, 2.75191950798, 4.71602535248, 26.28424263, 9.47412109375, 1.42033588886, 2.97318315506, -1.4838886261, 0.708890020847], [-8.26926803589, 1.93146049976, -2.53414106369, -3.83138251305, -1.40447866917, -0.973451435566, 3.83642721176, 9.47412109375, 20.4843215942, 10.9104957581, 1.67502129078, 1.14348351955, -0.157946690917], [-4.30538129807, 1.04259932041, -2.09225606918, -3.24964809418, -0.671036243439, -1.074234128, 0.858314037323, 1.42033588886, 10.9104957581, 19.6840133667, 8.97712421417, 2.2229487896, 0.609707117081], [1.55683171749, -4.03157520294, -1.11384856701, -0.760639727116, -1.32008552551, 0.444977045059, -2.55096292496, 2.97318315506, 1.67502129078, 8.97712421417, 19.895772934, 8.87161254883, 2.51603722572], [-5.31959199905, 3.20493865013, -0.0184059571475, -0.85892111063, -0.297262698412, -0.905372023582, 0.966821193695, -1.4838886261, 1.14348351955, 2.2229487896, 8.87161254883, 19.4306049347, 9.51165771484], [-1.82252049446, 0.375052690506, -0.400021731853, -0.232818856835, -0.290114581585, -0.493498712778, -0.178246930242, 0.708890020847, -0.157946690917, 0.609707117081, 2.51603722572, 9.51165771484, 16.9225406647]]
    },
    "sccoeffs": {
        "kurt": [0.111110210419, -0.00388240814209, 0.0353302955627, -0.000327587127686, -0.0715997219086, 0.289364099503],
        "max": [-0.483521074057, -0.605450212955, -0.694844722748, -0.737875759602, -0.788282573223, -0.70751029253],
        "mean": [-0.642255365849, -0.776646077633, -0.828495621681, -0.824287950993, -0.832031607628, -0.746770441532],
        "median": [-0.643087565899, -0.778417825699, -0.828817486763, -0.824824571609, -0.832253098488, -0.746393918991],
        "min": [-0.848507404327, -0.90357118845, -0.918610692024, -0.894081354141, -0.87567448616, -0.809686243534],
        "skew": [0.0309491753578, 0.207331925631, 0.15996901691, 0.189049556851, 0.0704435035586, -0.265063971281],
        "var": [0.0021391606424, 0.00200763880275, 0.000833238707855, 0.000457348302007, 0.000167589343619, 0.000166483208886],
        "cov": [[0.00213998230174, 1.69818031281e-05, 2.07135053643e-05, 1.18138968901e-05, -1.81099233032e-06, 3.55109550583e-05], [1.69818031281e-05, 0.00200841017067, 8.3287641246e-06, -3.45168882632e-05, -4.80673907077e-06, -8.74878060131e-06], [2.07135053643e-05, 8.3287641246e-06, 0.000833558791783, 9.88829924609e-06, 1.14130477868e-06, 3.86051578971e-06], [1.18138968901e-05, -3.45168882632e-05, 9.88829924609e-06, 0.000457524030935, 2.35827360484e-06, 1.22031235605e-06], [-1.81099233032e-06, -4.80673907077e-06, 1.14130477868e-06, 2.35827360484e-06, 0.000167653721292, 1.47476439452e-05], [3.55109550583e-05, -8.74878060131e-06, 3.86051578971e-06, 1.22031235605e-06, 1.47476439452e-05, 0.000166547164554]]
    },
    "scvalleys": {
        "kurt": [0.206740856171, 0.308967828751, 0.146330595016, 3.35129499435, 2.16159152985, 1.63552427292],
        "max": [-6.2252702713, -5.14208078384, -5.35824918747, -6.51968002319, -6.81366014481, -10.0394487381],
        "mean": [-7.11324453354, -5.98221683502, -6.29824018478, -7.04303312302, -7.36894989014, -10.5170278549],
        "median": [-7.1057844162, -5.96389770508, -6.28753185272, -7.03539514542, -7.37660837173, -10.5301837921],
        "min": [-8.49287128448, -7.24336290359, -7.15632486343, -8.7965965271, -8.71522331238, -11.6620426178],
        "skew": [-0.155070498586, -0.374507844448, -0.22189630568, -0.495932281017, -0.0355079174042, 0.184163302183],
        "var": [0.0826328396797, 0.0812370628119, 0.0503297448158, 0.0320982784033, 0.023709628731, 0.0194441918284],
        "cov": [[0.0826645866036, 0.0010826800717, -0.0002060533443, -0.00102728442289, -0.0051159998402, -0.00418547308072], [0.0010826800717, 0.0812682658434, 0.00241847732104, 0.000116225164675, 0.00161661428865, 0.00156841543503], [-0.0002060533443, 0.00241847732104, 0.0503490790725, 0.0015771369217, 0.00214180303738, 0.00175993284211], [-0.00102728442289, 0.000116225164675, 0.0015771369217, 0.0321106091142, 0.0043892483227, 0.0043395399116], [-0.0051159998402, 0.00161661428865, 0.00214180303738, 0.0043892483227, 0.0237187370658, 0.0125376582146], [-0.00418547308072, 0.00156841543503, 0.00175993284211, 0.0043395399116, 0.0125376582146, 0.0194516610354]]
    }
},
"rhythm": {
    "beats_loudness": {
        "kurt": -0.479010820389,
        "max": 0.00351924239658,
        "mean": 0.00238511199132,
        "median": 0.00235031102784,
        "min": 0.00140187051147,
        "skew": 0.107310272753,
        "var": 2.1746544121e-07
    },
    "bpm": 83.0218429565,
    "confidence": 0.161551475525,
    "first_peak_bpm": {
        "kurt": 0,
        "max": 83,
        "mean": 83,
        "median": 83,
        "min": 83,
        "skew": 0,
        "var": 0
    },
    "first_peak_spread": {
        "kurt": 0,
        "max": 0.304878056049,
        "mean": 0.304878056049,
        "median": 0.304878056049,
        "min": 0.304878056049,
        "skew": 0,
        "var": 0
    },
    "first_peak_weight": {
        "kurt": 0,
        "max": 0.695121943951,
        "mean": 0.695121943951,
        "median": 0.695121943951,
        "min": 0.695121943951,
        "skew": 0,
        "var": 0
    },
    "onset_rate": 0.033094432205,
    "second_peak_bpm": {
        "kurt": 0,
        "max": 0,
        "mean": 0,
        "median": 0,
        "min": 0,
        "skew": 0,
        "var": 0
    },
    "second_peak_spread": {
        "kurt": 0,
        "max": 0,
        "mean": 0,
        "median": 0,
        "min": 0,
        "skew": 0,
        "var": 0
    },
    "second_peak_weight": {
        "kurt": 0,
        "max": 0,
        "mean": 0,
        "median": 0,
        "min": 0,
        "skew": 0,
        "var": 0
    },
    "beats_loudness_band_ratio": {
        "kurt": [-0.50128865242, -0.339294910431, 0.22723865509, -0.00917029380798, 2.93819522858, 0.0546975135803],
        "max": [0.300211459398, 0.43239814043, 0.500387847424, 0.378011673689, 0.214540377259, 0.111110284925],
        "mean": [0.1665276438, 0.238821461797, 0.288535177708, 0.210345596075, 0.113107025623, 0.0628689602017],
        "median": [0.171481922269, 0.230829417706, 0.276303976774, 0.201083645225, 0.112143099308, 0.0617636293173],
        "min": [0.0424673818052, 0.0844342187047, 0.108141325414, 0.0820650905371, 0.055290825665, 0.0325033664703],
        "skew": [0.100435063243, 0.365766078234, 0.349781394005, 0.39475685358, 0.928927242756, 0.484331607819],
        "var": [0.00312672602013, 0.00592639809474, 0.00536218192428, 0.0038648089394, 0.000722145079635, 0.000296652957331],
        "cov": [[0.00316485692747, 0.00158960046247, -0.000785457203165, -0.00116034178063, -0.000825153081678, -0.000321186002111], [0.00158960046247, 0.00599867105484, -0.00268859462813, -0.00258657126687, -0.000793592422269, -0.000345496402588], [-0.000785457203165, -0.00268859462813, 0.0054275742732, -0.00153278629296, -0.000431902881246, -0.000330380687956], [-0.00116034178063, -0.00258657126687, -0.00153278629296, 0.00391194084659, 0.000556900980882, 0.000227051175898], [-0.000825153081678, -0.000793592422269, -0.000431902881246, 0.000556900980882, 0.000730951724108, 0.000297854741802], [-0.000321186002111, -0.000345496402588, -0.000330380687956, 0.000227051175898, 0.000297854741802, 0.000300270650769]]
    },
    "beats_position": [0.719818592072, 1.43963718414, 2.18267560005, 2.90249419212, 3.63392281532, 4.3653512001, 5.08516979218, 5.80498838425, 6.53641700745, 7.26784563065, 7.99927425385, 8.74231243134, 9.47374153137, 10.1935596466, 10.9133787155, 11.6215867996, 12.3297958374, 13.0496139526, 13.7694330215, 14.4776411057, 15.1974601746, 15.9288883209, 16.6487064362, 17.3453063965, 18.0651245117, 18.784942627, 19.5395908356, 20.2942390442, 21.0140590668, 21.733877182, 22.4536952972, 23.1735134125, 23.8933334351, 24.6363716125, 25.3561897278, 26.076007843, 26.7958278656, 27.4924259186, 28.2006340027, 28.9088420868, 29.6170520782, 30.3368701935, 31.0566883087, 31.7881164551, 32.5079345703, 33.2277526855, 33.9707946777, 34.7022209167, 35.4336509705, 36.1650772095, 36.8965072632, 37.6163253784, 38.3361434937, 39.0791816711, 39.8222198486, 40.5188217163, 41.2270278931, 41.9468460083, 42.6550559998, 43.3864860535, 44.1179122925, 44.8377304077, 45.5691604614, 46.2773704529, 46.9739685059, 47.7170066833, 48.4716529846, 49.2030830383, 49.9229011536, 50.6427192688, 51.362537384, 52.0823554993, 52.7789573669, 53.4755554199, 54.1953735352, 54.9151916504, 55.6350097656, 56.3548278809, 57.0746459961, 57.8060760498, 58.5375061035, 59.2689323425, 60.0003623962],
    "bpm_estimates": [83.3543319702, 80.7495269775, 83.3543319702, 82.0312423706, 82.0312728882, 83.3543319702, 83.3543319702, 82.0312423706, 82.0312423706, 82.0312423706, 80.7495498657, 82.0311889648, 83.3543930054, 83.3542785645, 84.7208633423, 84.7207489014, 83.3543930054, 83.3542785645, 84.7208633423, 83.3542785645, 82.0312957764, 83.3543930054, 86.1326522827, 83.3543930054, 83.3543930054, 79.5072479248, 79.5072479248, 83.3541717529, 83.3543930054, 83.3543930054, 83.3543930054, 83.3541717529, 80.7495498657, 83.3543930054, 83.3543930054, 83.3541717529, 86.1328887939, 84.7208633423, 84.7208633423, 84.7206344604, 83.3543930054, 83.3543930054, 82.0312957764, 83.3543930054, 83.3543930054, 80.7491378784, 82.0315093994, 82.0310821533, 82.0315093994, 82.0310821533, 83.3543930054, 83.3543930054, 80.7495498657, 80.7495498657, 86.1324157715, 84.7210922241, 83.3543930054, 84.7206344604, 82.0310821533, 82.0315093994, 83.3543930054, 82.0310821533, 84.7206344604, 86.1328887939, 80.7495498657, 79.5074462891, 82.0310821533, 83.3543930054, 83.3543930054, 83.3543930054, 83.3543930054, 86.1324157715, 86.1328887939, 83.3543930054, 83.3543930054, 83.3543930054, 83.3543930054, 83.3543930054, 82.0310821533, 82.0310821533, 82.0315093994, 82.0310821533],
    "bpm_intervals": [0.719818592072, 0.743038415909, 0.719818592072, 0.731428623199, 0.731428384781, 0.719818592072, 0.719818592072, 0.731428623199, 0.731428623199, 0.731428623199, 0.74303817749, 0.731429100037, 0.719818115234, 0.719819068909, 0.708208084106, 0.708209037781, 0.719818115234, 0.719819068909, 0.708208084106, 0.719819068909, 0.731428146362, 0.719818115234, 0.696599960327, 0.719818115234, 0.719818115234, 0.754648208618, 0.754648208618, 0.719820022583, 0.719818115234, 0.719818115234, 0.719818115234, 0.719820022583, 0.74303817749, 0.719818115234, 0.719818115234, 0.719820022583, 0.696598052979, 0.708208084106, 0.708208084106, 0.708209991455, 0.719818115234, 0.719818115234, 0.731428146362, 0.719818115234, 0.719818115234, 0.743041992188, 0.731426239014, 0.731430053711, 0.731426239014, 0.731430053711, 0.719818115234, 0.719818115234, 0.74303817749, 0.74303817749, 0.696601867676, 0.708206176758, 0.719818115234, 0.708209991455, 0.731430053711, 0.731426239014, 0.719818115234, 0.731430053711, 0.708209991455, 0.696598052979, 0.74303817749, 0.75464630127, 0.731430053711, 0.719818115234, 0.719818115234, 0.719818115234, 0.719818115234, 0.696601867676, 0.696598052979, 0.719818115234, 0.719818115234, 0.719818115234, 0.719818115234, 0.719818115234, 0.731430053711, 0.731430053711, 0.731426239014, 0.731430053711],
    "onset_times": [0.0116099771112, 16.8112468719],
