{
"metadata": {
    "version": {
        "essentia": "2.1-beta3"
    }
},
"lowLevel": {
    "average_loudness": 0.533924281597,
    "barkbands_kurtosis": {
        "kurt": 60.8615379333,
        "max": 157.429458618,
        "mean": 2.13711214066,
        "median": -0.322830796242,
        "min": -1.96458435059,
        "skew": 6.29766130447,
        "var": 64.6044311523
    },
    "barkbands_skewness": {
        "kurt": 6.3530921936,
        "max": 11.5573253632,
        "mean": 0.561067163944,
        "median": 0.541825592518,
        "min": -10.9415454865,
        "skew": -0.893051147461,
        "var": 2.33917450905
    },
    "barkbands_spread": {
        "kurt": -0.55735039711,
        "max": 67.846321106,
        "mean": 22.7686862946,
        "median": 21.5451698303,
        "min": 0.809515953064,
        "skew": 0.336119949818,
        "var": 131.680664062
    },
    "dissonance": {
        "kurt": 4.78572416306,
        "max": 0.500000059605,
        "mean": 0.471395075321,
        "median": 0.478897511959,
        "min": 0.274775534868,
        "skew": -1.81991374493,
        "var": 0.000655575073324
    },
    "hfc": {
        "kurt": 19.1687870026,
        "max": 216.142654419,
        "mean": 11.8835964203,
        "median": 4.29182720184,
        "min": 1.19058236382e-16,
        "skew": 3.64956331253,
        "var": 362.761871338
    },
    "pitch": {
        "kurt": 0.792895555496,
        "max": 5487.35644531,
        "mean": 949.581970215,
        "median": 328.660064697,
        "min": 43.0243911743,
        "skew": 1.56968355179,
        "var": 1617220.875
    },
    "pitch_instantaneous_confidence": {
        "kurt": 0.671986103058,
        "max": 0.98770481348,
        "mean": 0.404523819685,
        "median": 0.356624156237,
        "min": 0.105385839939,
        "skew": 1.09073841572,
        "var": 0.0342073328793
    },
    "pitch_salience": {
        "kurt": 2.49216461182,
        "max": 0.931836843491,
        "mean": 0.669315755367,
        "median": 0.691564798355,
        "min": 0.112022712827,
        "skew": -1.35780477524,
        "var": 0.0111498236656
    },
    "silence_rate_20dB": {
        "kurt": 0,
        "max": 1,
        "mean": 1,
        "median": 1,
        "min": 1,
        "skew": 0,
        "var": 0
    },
    "silence_rate_30dB": {
        "kurt": 0,
        "max": 1,
        "mean": 1,
        "median": 1,
        "min": 1,
        "skew": 0,
        "var": 0
    },
    "silence_rate_60dB": {
        "kurt": -1.99621891975,
        "max": 1,
        "mean": 0.484624743462,
        "median": 0,
        "min": 0,
        "skew": 0.0615263991058,
        "var": 0.249770373106
    },
    "spectral_centroid": {
        "kurt": 1.07275342941,
        "max": 10997.8261719,
        "mean": 1588.1776123,
        "median": 1423.90649414,
        "min": 259.875457764,
        "skew": 0.711081504822,
        "var": 611984.0625
    },
    "spectral_complexity": {
        "kurt": 0.973175525665,
        "max": 64,
        "mean": 12.8543920517,
        "median": 8,
        "min": 0,
        "skew": 1.24529278278,
        "var": 177.196182251
    },
    "spectral_crest": {
        "kurt": 1.61418533325,
        "max": 26.4071216583,
        "mean": 8.63436603546,
        "median": 7.08315038681,
        "min": 2.15124082565,
        "skew": 1.42646682262,
        "var": 24.4907207489
    },
    "spectral_decrease": {
        "kurt": 3.05378198624,
        "max": 4.10733118571e-29,
        "mean": -1.86501591948e-09,
        "median": -7.71152863788e-10,
        "min": -1.56032893273e-08,
        "skew": -1.68254411221,
        "var": 5.31910427891e-18
    },
    "spectral_energy": {
        "kurt": 3.84788179398,
        "max": 0.0750628113747,
        "mean": 0.00811689905822,
        "median": 0.00335295661353,
        "min": 1.06439145531e-20,
        "skew": 1.7889162302,
        "var": 0.000101735939097
    },
    "spectral_energyband_high": {
        "kurt": 85.2036895752,
        "max": 0.0245157293975,
        "mean": 0.000435316644143,
        "median": 0.000148760474985,
        "min": 7.47405020145e-21,
        "skew": 7.54311800003,
        "var": 1.24306711768e-06
    },
    "spectral_energyband_low": {
        "kurt": 94.6343231201,
        "max": 0.00111854379065,
        "mean": 2.74527701549e-05,
        "median": 1.31883934955e-05,
        "min": 3.71123336285e-23,
        "skew": 7.61603021622,
        "var": 2.71197797552e-09
    },
    "spectral_energyband_middle_high": {
        "kurt": 13.68409729,
        "max": 0.0607031807303,
        "mean": 0.00369473313913,
        "median": 0.000983386184089,
        "min": 1.74608254956e-21,
        "skew": 3.2307267189,
        "var": 3.94236740249e-05
    },
    "spectral_energyband_middle_low": {
        "kurt": 7.28371429443,
        "max": 0.0594485029578,
        "mean": 0.00411479594186,
        "median": 0.00115511426702,
        "min": 2.20103905563e-22,
        "skew": 2.40175008774,
        "var": 3.79859047825e-05
    },
    "spectral_flatness_db": {
        "kurt": 0.262183666229,
        "max": 0.365905880928,
        "mean": 0.149776980281,
        "median": 0.142810463905,
        "min": 0.0517652258277,
        "skew": 0.768683850765,
        "var": 0.00279634818435
    },
    "spectral_flux": {
        "kurt": 1.27320861816,
        "max": 0.247634455562,
        "mean": 0.0456695966423,
        "median": 0.0360802337527,
        "min": 1.03169348065e-10,
        "skew": 1.12218570709,
        "var": 0.00122999411542
    },
    "spectral_kurtosis": {
        "kurt": 21.1157360077,
        "max": 49.4117240906,
        "mean": 3.48996329308,
        "median": 2.8406932354,
        "min": -1.34049475193,
        "skew": 3.20027947426,
        "var": 12.2801399231
    },
    "spectral_rms": {
        "kurt": -0.422303915024,
        "max": 0.00855757016689,
        "mean": 0.0022811552044,
        "median": 0.00180863961577,
        "min": 3.22246916651e-12,
        "skew": 0.702625155449,
        "var": 2.7152475468e-06
    },
    "spectral_rolloff": {
        "kurt": 0.906899452209,
        "max": 19035.3515625,
        "mean": 2733.9519043,
        "median": 2713.18359375,
        "min": 236.865234375,
        "skew": 0.427130788565,
        "var": 2079478.875
    },
    "spectral_skewness": {
        "kurt": 2.08162069321,
        "max": 4.93356704712,
        "mean": 1.54366672039,
        "median": 1.51914381981,
        "min": -0.0319420285523,
        "skew": 0.779156506062,
        "var": 0.285226613283
    },
    "spectral_spread": {
        "kurt": 5.32845401764,
        "max": 41110768,
        "mean": 6084860,
        "median": 5830801,
        "min": 1052845.5,
        "skew": 0.720129191875,
        "var": 4.45394819482e+12
    },
    "spectral_strongpeak": {
        "kurt": 25.2631473541,
        "max": 21.3155860901,
        "mean": 0.958649218082,
        "median": 0.425729632378,
        "min": 3.61838758955e-09,
        "skew": 4.23631191254,
        "var": 2.44743466377
    },
    "zerocrossingrate": {
        "kurt": 0.343959093094,
        "max": 0.49462890625,
        "mean": 0.0925265848637,
        "median": 0.08740234375,
        "min": 0.01416015625,
        "skew": 0.475290894508,
        "var": 0.00155577377882
    },
    "barkbands": {
        "kurt": [59.6062889099, 75.931640625, 55.9807395935, 71.0042648315, 21.5114269257, 32.1094779968, 87.4613113403, 42.3249359131, 109.255561829, 157.664291382, 410.274139404, 321.013580322, 207.177078247, 101.436447144, 106.579467773, 66.7382736206, 107.28188324, 42.2275314331, 74.4703216553, 116.039367676, 101.80216217, 83.019744873, 72.5803222656, 25.298166275, 136.508132935, 110.579360962, 162.140518188],
        "max": [4.45366640633e-06, 0.000128407933516, 0.000371904316125, 0.00189233000856, 0.0136681282893, 0.0414214655757, 0.0273971166462, 0.0275940727443, 0.0418114773929, 0.0522505305707, 0.041026968509, 0.0201074499637, 0.016121333465, 0.0181381702423, 0.0264657828957, 0.0132614187896, 0.0243208166212, 0.0396192893386, 0.0220019929111, 0.0260242503136, 0.0129075795412, 0.0029498138465, 0.000548977404833, 0.000332305993652, 0.000466658937512, 1.40835709317e-05, 8.49516936796e-08],
        "mean": [1.74608132397e-07, 4.89124658998e-06, 1.14497670438e-05, 3.40972874255e-05, 0.000592616910581, 0.00131157238502, 0.000517147709616, 0.00076840800466, 0.000615875178482, 0.000613227195572, 0.000260361674009, 0.000176818750333, 0.000181091687409, 0.000275704078376, 0.000364179169992, 0.000283419241896, 0.000347393535776, 0.000771788414568, 0.000386682280805, 0.000322334148223, 0.000169936713064, 7.19422532711e-05, 1.09241746031e-05, 1.8293827452e-05, 6.32688625046e-06, 2.40270082941e-07, 8.96694496433e-10],
        "median": [1.15069532569e-07, 3.06052425003e-06, 4.63926880911e-06, 6.90448086971e-06, 9.91645647446e-05, 0.000159268689458, 0.000109434593469, 0.000169441947946, 0.000111452638521, 9.05444176169e-05, 5.16302970937e-05, 3.51623421011e-05, 3.29905960825e-05, 4.79314367112e-05, 4.77661560581e-05, 4.55935114587e-05, 5.18762572028e-05, 5.31826590304e-05, 9.61312980508e-05, 7.81128837843e-05, 3.62376813428e-05, 3.37194687745e-05, 4.302492016e-06, 1.09073680505e-05, 2.55709778685e-06, 9.10941793109e-08, 1.43767608929e-10],
        "min": [8.67487460505e-24, 5.10949428717e-24, 1.64498939978e-23, 1.66442724803e-23, 6.82899088948e-23, 5.40978278933e-23, 1.44094705566e-23, 6.92824978619e-24, 5.29726156308e-23, 8.3716664498e-23, 4.20937188768e-23, 1.12295776119e-22, 1.45295758916e-22, 1.07578753937e-22, 1.76431051237e-22, 2.447437803e-22, 1.18621317241e-22, 1.85415911891e-22, 3.96070753179e-22, 3.32037865895e-22, 5.76411197114e-22, 5.04014364751e-22, 3.70463747594e-22, 7.82915595055e-22, 1.36602718737e-21, 1.66198528177e-21, 2.23285875106e-21],
        "skew": [5.22836494446, 6.01018381119, 6.16716814041, 7.40411710739, 4.08727312088, 5.12714290619, 7.38783836365, 5.18525981903, 8.6862859726, 10.6518878937, 17.101228714, 14.8241558075, 11.6483154297, 7.34029388428, 7.40300941467, 6.15166854858, 8.10065937042, 5.99877500534, 7.3344039917, 8.96257781982, 7.92839670181, 7.47102069855, 7.24010658264, 3.90697455406, 9.11960124969, 8.18330097198, 10.6571741104],
        "var": [4.50139227379e-14, 3.92836665974e-11, 4.97464791582e-10, 1.11314806261e-08, 1.68147096247e-06, 1.2195679119e-05, 1.65861422374e-06, 2.62624143943e-06, 3.69418921764e-06, 4.65657694804e-06, 1.1767798469e-06, 3.82399719001e-07, 3.13166594879e-07, 4.37254328745e-07, 8.38663140712e-07, 4.08836939414e-07, 9.4977980325e-07, 8.29315467854e-06, 1.15482237106e-06, 1.14299518827e-06, 2.3439513086e-07, 2.18069136082e-08, 7.17037873521e-10, 6.18151085874e-10, 2.46112907831e-10, 2.8484864207e-13, 1.16715440857e-17],
        "cov": [[4.50173515273e-14, 2.98696478792e-13, 2.84852545197e-13, 4.82659105825e-13, 1.28657683465e-11, 1.59204524564e-11, 4.7900355557e-12, 2.58979903495e-12, 1.36698768624e-12, 6.69744988635e-12, 1.04060401789e-12, 2.13188559688e-12, 1.57790338955e-12, 3.60341314079e-12, 8.05544866922e-12, 7.53320929942e-12, 1.11363765432e-11, 6.00051909203e-12, 1.09942523835e-11, 1.19635161153e-11, 4.90167064923e-12, 1.5693071842e-12, 2.80148706967e-13, 3.6656243904e-13, 1.26928253064e-13, 4.17295482498e-15, 2.50009334813e-17], [2.98696478792e-13, 3.92866572607e-11, 4.30115491834e-11, 4.87238409341e-11, 5.35862298978e-10, 1.36559333286e-10, 4.04548589072e-10, 3.02456254486e-10, -2.47086704395e-12, -9.76653133367e-11, -2.36165913214e-11, 4.25783470981e-11, 1.00725171259e-10, 1.9637885762e-10, 2.67105310092e-10, 2.96232288699e-10, 3.65683344716e-10, 6.62801979967e-10, 6.74099165376e-10, 6.76753597606e-10, 3.15652087801e-10, 9.17318790372e-11, 1.82093333467e-11, 1.39584697967e-11, 1.02715336237e-11, 3.56294692101e-13, 1.72109238651e-15], [2.84852545197e-13, 4.30115491834e-11, 4.97502650187e-10, 7.7393907949e-10, 5.6483697719e-09, 1.4445313834e-09, 2.87793033849e-09, 1.82784887226e-09, 9.7762886675e-10, -2.54139598255e-10, -6.09883393787e-11, 4.38315911344e-10, 8.80571005002e-10, 7.36983307714e-10, 9.54639589601e-10, 1.57438817538e-09, 2.23814033973e-09, 3.17796100546e-09, 5.56992985068e-09, 5.84444492802e-09, 2.75102807201e-09, 7.27389037891e-10, 1.71302597107e-10, 1.42559616889e-10, 9.14132103347e-11, 2.61376662501e-12, 1.54074276666e-14], [4.82659105825e-13, 4.87238409341e-11, 7.7393907949e-10, 1.11323279484e-08, 6.0603071006e-08, 5.11419635529e-08, 9.95841364926e-09, 7.28079774248e-09, 2.07102601735e-09, 4.84880191554e-10, -5.59843449377e-10, 2.11304973519e-09, 4.83468642898e-09, 7.37042338272e-09, 7.52194484477e-09, 4.85515005977e-09, 3.36571281956e-09, 6.65802746269e-10, 1.04660760059e-08, 8.51787618217e-09, 4.86768492181e-09, 1.36888445024e-09, 3.15097198333e-10, 2.74767042452e-10, 1.78051504096e-10, 4.54182047874e-12, 3.19243770145e-14], [1.28657683465e-11, 5.35862298978e-10, 5.6483697719e-09, 6.0603071006e-08, 1.68159897385e-06, 8.99194162685e-07, 2.43647605203e-07, 3.42882145787e-07, 1.21823546806e-07, 1.86064468721e-07, 4.25140918026e-08, 6.74593962913e-08, 8.02928212806e-08, 1.56835739062e-07, 1.4756862754e-07, 1.45313336475e-07, 1.59854593562e-07, 1.16313598753e-08, 2.33974418506e-07, 2.05818366794e-07, 8.71332019869e-08, 2.40667166196e-08, 4.65839722352e-09, 2.55836396512e-09, 1.89646831572e-09, 4.66886113104e-11, 4.19665631456e-13], [1.59204524564e-11, 1.36559333286e-10, 1.4445313834e-09, 5.11419635529e-08, 8.99194162685e-07, 1.21966077131e-05, 1.39811265853e-06, 7.57741474899e-07, 5.82867187404e-07, 5.36412812835e-07, 1.52843654178e-07, 1.00271158487e-07, 1.01547293241e-07, 1.66233164123e-07, 2.66654097913e-07, 1.88799418765e-07, 1.63465543324e-07, -3.60250368203e-07, 4.73870009898e-08, 6.89516497232e-08, 7.21906019407e-08, 3.45179564931e-08, 2.82251666484e-09, 1.83701731604e-09, 7.07305380931e-10, 3.7419019272e-11, 7.7659840364e-13], [4.7900355557e-12, 4.04548589072e-10, 2.87793033849e-09, 9.95841364926e-09, 2.43647605203e-07, 1.39811265853e-06, 1.65874041613e-06, 5.59474131023e-07, 4.51385233191e-07, 1.8206961272e-07, 8.23040267051e-08, 5.00559202976e-08, 6.41271498125e-08, 1.03817548336e-07, 1.95591240981e-07, 1.5396315689e-07, 2.35417232375e-07, -8.17524181684e-09, 1.66226257647e-07, 1.59473160011e-07, 8.19909260485e-08, 2.53581298182e-08, 3.96369159716e-09, 3.55156348775e-09, 2.26044449825e-09, 6.81957823545e-11, 6.05619070518e-13], [2.58979903495e-12, 3.02456254486e-10, 1.82784887226e-09, 7.28079774248e-09, 3.42882145787e-07, 7.57741474899e-07, 5.59474131023e-07, 2.62644130089e-06, 7.32030684958e-07, 4.20460168016e-07, 1.35203350737e-07, 9.62010489047e-08, 1.42179885643e-07, 2.26708976925e-07, 2.04205392151e-07, 1.86982433092e-07, 2.32646371501e-07, 6.73225528658e-08, 2.10700122238e-07, 2.18367461002e-07, 1.08982483482e-07, 3.22797752972e-08, 5.38471001121e-09, 4.01765332114e-09, 2.68987498941e-09, 9.92400744915e-11, 7.72148729504e-13], [1.36698768624e-12, -2.47086704395e-12, 9.7762886675e-10, 2.07102601735e-09, 1.21823546806e-07, 5.82867187404e-07, 4.51385233191e-07, 7.32030684958e-07, 3.69447047888e-06, 8.21881997126e-07, 1.71698530949e-07, 1.02525504531e-07, 1.38027502317e-07, 1.07638669533e-07, 1.23249279227e-07, 8.23579071607e-08, 8.98883030231e-08, 2.04618388011e-07, 1.53699218686e-07, 1.0585335275e-07, 5.55362014154e-08, 1.70540328526e-08, 2.49727216683e-09, 2.94454527427e-09, 1.07108188985e-09, 4.66171719282e-11, 4.50953293804e-13], [6.69744988635e-12, -9.76653133367e-11, -2.54139598255e-10, 4.84880191554e-10, 1.86064468721e-07, 5.36412812835e-07, 1.8206961272e-07, 4.20460168016e-07, 8.21881997126e-07, 4.65693119622e-06, 7.46491366499e-07, 2.01045637027e-07, 1.83048271651e-07, 2.14736942894e-07, 1.77267040158e-07, 1.31793115088e-07, 1.31481669996e-07, 7.93849537217e-08, 1.97024007775e-07, 1.41743669246e-07, 6.29235969996e-08, 1.41425138267e-08, 1.63229452177e-09, 1.22949550541e-09, 3.38107764009e-10, 1.57352048058e-11, 2.92167386205e-13], [1.04060401789e-12, -2.36165913214e-11, -6.09883393787e-11, -5.59843449377e-10, 4.25140918026e-08, 1.52843654178e-07, 8.23040267051e-08, 1.35203350737e-07, 1.71698530949e-07, 7.46491366499e-07, 1.17686943213e-06, 2.24747878974e-07, 8.79381971686e-08, 1.13695321602e-07, 1.30241318175e-07, 1.00585637597e-07, 9.87226229654e-08, 4.88419580336e-08, 9.11933497605e-08, 7.9984822321e-08, 3.72495563283e-08, 1.09240199109e-08, 1.35740962914e-09, 1.28630606167e-09, 5.11202469244e-10, 1.45268710255e-11, 1.69788486114e-13], [2.13188559688e-12, 4.25783470981e-11, 4.38315911344e-10, 2.11304973519e-09, 6.74593962913e-08, 1.00271158487e-07, 5.00559202976e-08, 9.62010489047e-08, 1.02525504531e-07, 2.01045637027e-07, 2.24747878974e-07, 3.82428822832e-07, 1.20128632375e-07, 1.26673512568e-07, 1.17375748232e-07, 8.49068300113e-08, 1.02577629946e-07, 7.06987464127e-08, 1.21009492204e-07, 1.08066927851e-07, 4.563333178e-08, 1.24244587951e-08, 2.18924833817e-09, 1.67993330358e-09, 1.08014874822e-09, 2.99787694669e-11, 2.29932772041e-13], [1.57790338955e-12, 1.00725171259e-10, 8.80571005002e-10, 4.83468642898e-09, 8.02928212806e-08, 1.01547293241e-07, 6.41271498125e-08, 1.42179885643e-07, 1.38027502317e-07, 1.83048271651e-07, 8.79381971686e-08, 1.20128632375e-07, 3.13190440693e-07, 1.57183706051e-07, 1.49288013063e-07, 9.43479676607e-08, 1.36759410907e-07, 1.60107390457e-07, 2.05274233167e-07, 1.54561192289e-07, 5.96392837338e-08, 1.62849751462e-08, 2.93600277423e-09, 1.87942239549e-09, 1.48955892065e-09, 4.69874451847e-11, 3.66447865975e-13], [3.60341314079e-12, 1.9637885762e-10, 7.36983307714e-10, 7.37042338272e-09, 1.56835739062e-07, 1.66233164123e-07, 1.03817548336e-07, 2.26708976925e-07, 1.07638669533e-07, 2.14736942894e-07, 1.13695321602e-07, 1.26673512568e-07, 1.57183706051e-07, 4.37287610566e-07, 3.10598920805e-07, 1.69777308656e-07, 2.0771055631e-07, 7.62787877306e-08, 1.75461252638e-07, 1.42382887702e-07, 6.64410677587e-08, 1.85558359789e-08, 2.94753510488e-09, 2.25921326091e-09, 1.26606325423e-09, 3.75263188579e-11, 2.90687802605e-13], [8.05544866922e-12, 2.67105310092e-10, 9.54639589601e-10, 7.52194484477e-09, 1.4756862754e-07, 2.66654097913e-07, 1.95591240981e-07, 2.04205392151e-07, 1.23249279227e-07, 1.77267040158e-07, 1.30241318175e-07, 1.17375748232e-07, 1.49288013063e-07, 3.10598920805e-07, 8.38726975871e-07, 3.20702099543e-07, 4.47495608569e-07, 1.06172784342e-07, 2.2073950845e-07, 2.02314268449e-07, 1.08145734146e-07, 3.04175848953e-08, 4.67255922842e-09, 3.24817017727e-09, 1.87121007578e-09, 5.64941773917e-11, 3.95435393414e-13], [7.53320929942e-12, 2.96232288699e-10, 1.57438817538e-09, 4.85515005977e-09, 1.45313336475e-07, 1.88799418765e-07, 1.5396315689e-07, 1.86982433092e-07, 8.23579071607e-08, 1.31793115088e-07, 1.00585637597e-07, 8.49068300113e-08, 9.43479676607e-08, 1.69777308656e-07, 3.20702099543e-07, 4.08868061186e-07, 3.72957828176e-07, 1.49257843418e-07, 2.80088642057e-07, 2.69260482355e-07, 1.38890740686e-07, 3.49882256501e-08, 6.25304208413e-09, 3.81686016127e-09, 2.81545253777e-09, 8.26848936542e-11, 5.35953280454e-13], [1.11363765432e-11, 3.65683344716e-10, 2.23814033973e-09, 3.36571281956e-09, 1.59854593562e-07, 1.63465543324e-07, 2.35417232375e-07, 2.32646371501e-07, 8.98883030231e-08, 1.31481669996e-07, 9.87226229654e-08, 1.02577629946e-07, 1.36759410907e-07, 2.0771055631e-07, 4.47495608569e-07, 3.72957828176e-07, 9.49852108079e-07, 3.40239552088e-07, 4.57964745237e-07, 4.39290062104e-07, 1.79471854267e-07, 4.17802148434e-08, 8.60126636582e-09, 5.10926989605e-09, 4.14192147247e-09, 1.15415225987e-10, 7.82782313361e-13], [6.00051909203e-12, 6.62801979967e-10, 3.17796100546e-09, 6.65802746269e-10, 1.16313598753e-08, -3.60250368203e-07, -8.17524181684e-09, 6.73225528658e-08, 2.04618388011e-07, 7.93849537217e-08, 4.88419580336e-08, 7.06987464127e-08, 1.60107390457e-07, 7.62787877306e-08, 1.06172784342e-07, 1.49257843418e-07, 3.40239552088e-07, 8.29378586786e-06, 9.67528762885e-07, 5.91884031564e-07, 2.16596802716e-07, 5.52953629551e-08, 1.10812896637e-08, 7.39564631758e-09, 5.95423488292e-09, 1.91034965624e-10, 1.2310431537e-12], [1.09942523835e-11, 6.74099165376e-10, 5.56992985068e-09, 1.04660760059e-08, 2.33974418506e-07, 4.73870009898e-08, 1.66226257647e-07, 2.10700122238e-07, 1.53699218686e-07, 1.97024007775e-07, 9.11933497605e-08, 1.21009492204e-07, 2.05274233167e-07, 1.75461252638e-07, 2.2073950845e-07, 2.80088642057e-07, 4.57964745237e-07, 9.67528762885e-07, 1.15491025099e-06, 8.81746018422e-07, 3.31661965447e-07, 7.92297853991e-08, 1.7186843948e-08, 1.02189794404e-08, 9.09735753396e-09, 2.61561355908e-10, 1.61512253224e-12], [1.19635161153e-11, 6.76753597606e-10, 5.84444492802e-09, 8.51787618217e-09, 2.05818366794e-07, 6.89516497232e-08, 1.59473160011e-07, 2.18367461002e-07, 1.0585335275e-07, 1.41743669246e-07, 7.9984822321e-08, 1.08066927851e-07, 1.54561192289e-07, 1.42382887702e-07, 2.02314268449e-07, 2.69260482355e-07, 4.39290062104e-07, 5.91884031564e-07, 8.81746018422e-07, 1.14308227239e-06, 3.99238132331e-07, 9.61214112749e-08, 1.97819574055e-08, 1.24171481986e-08, 1.08799715903e-08, 3.18422982426e-10, 1.98625621159e-12], [4.90167064923e-12, 3.15652087801e-10, 2.75102807201e-09, 4.86768492181e-09, 8.71332019869e-08, 7.21906019407e-08, 8.19909260485e-08, 1.08982483482e-07, 5.55362014154e-08, 6.29235969996e-08, 3.72495563283e-08, 4.563333178e-08, 5.96392837338e-08, 6.64410677587e-08, 1.08145734146e-07, 1.38890740686e-07, 1.79471854267e-07, 2.16596802716e-07, 3.31661965447e-07, 3.99238132331e-07, 2.34412979694e-07, 5.620690402e-08, 1.01051016443e-08, 6.27674179299e-09, 4.8187946966e-09, 1.46726797379e-10, 8.88215607835e-13], [1.5693071842e-12, 9.17318790372e-11, 7.27389037891e-10, 1.36888445024e-09, 2.40667166196e-08, 3.45179564931e-08, 2.53581298182e-08, 3.22797752972e-08, 1.70540328526e-08, 1.41425138267e-08, 1.09240199109e-08, 1.24244587951e-08, 1.62849751462e-08, 1.85558359789e-08, 3.04175848953e-08, 3.49882256501e-08, 4.17802148434e-08, 5.52953629551e-08, 7.92297853991e-08, 9.61214112749e-08, 5.620690402e-08, 2.18085745018e-08, 3.28694205187e-09, 2.24492668899e-09, 1.53431234384e-09, 4.76855326059e-11, 2.85398142836e-13], [2.80148706967e-13, 1.82093333467e-11, 1.71302597107e-10, 3.15097198333e-10, 4.65839722352e-09, 2.82251666484e-09, 3.96369159716e-09, 5.38471001121e-09, 2.49727216683e-09, 1.63229452177e-09, 1.35740962914e-09, 2.18924833817e-09, 2.93600277423e-09, 2.94753510488e-09, 4.67255922842e-09, 6.25304208413e-09, 8.60126636582e-09, 1.10812896637e-08, 1.7186843948e-08, 1.97819574055e-08, 1.01051016443e-08, 3.28694205187e-09, 7.17092440983e-10, 4.33714314463e-10, 3.05491382191e-10, 9.07991477145e-12, 5.51191172782e-14], [3.6656243904e-13, 1.39584697967e-11, 1.42559616889e-10, 2.74767042452e-10, 2.55836396512e-09, 1.83701731604e-09, 3.55156348775e-09, 4.01765332114e-09, 2.94454527427e-09, 1.22949550541e-09, 1.28630606167e-09, 1.67993330358e-09, 1.87942239549e-09, 2.25921326091e-09, 3.24817017727e-09, 3.81686016127e-09, 5.10926989605e-09, 7.39564631758e-09, 1.02189794404e-08, 1.24171481986e-08, 6.27674179299e-09, 2.24492668899e-09, 4.33714314463e-10, 6.1819815933e-10, 2.6973046019e-10, 8.16141251803e-12, 4.09496994148e-14], [1.26928253064e-13, 1.02715336237e-11, 9.14132103347e-11, 1.78051504096e-10, 1.89646831572e-09, 7.07305380931e-10, 2.26044449825e-09, 2.68987498941e-09, 1.07108188985e-09, 3.38107764009e-10, 5.11202469244e-10, 1.08014874822e-09, 1.48955892065e-09, 1.26606325423e-09, 1.87121007578e-09, 2.81545253777e-09, 4.14192147247e-09, 5.95423488292e-09, 9.09735753396e-09, 1.08799715903e-08, 4.8187946966e-09, 1.53431234384e-09, 3.05491382191e-10, 2.6973046019e-10, 2.46131642845e-10, 6.65936099667e-12, 4.00805792364e-14], [4.17295482498e-15, 3.56294692101e-13, 2.61376662501e-12, 4.54182047874e-12, 4.66886113104e-11, 3.7419019272e-11, 6.81957823545e-11, 9.92400744915e-11, 4.66171719282e-11, 1.57352048058e-11, 1.45268710255e-11, 2.99787694669e-11, 4.69874451847e-11, 3.75263188579e-11, 5.64941773917e-11, 8.26848936542e-11, 1.15415225987e-10, 1.91034965624e-10, 2.61561355908e-10, 3.18422982426e-10, 1.46726797379e-10, 4.76855326059e-11, 9.07991477145e-12, 8.16141251803e-12, 6.65936099667e-12, 2.84870326113e-13, 1.36287220048e-15], [2.50009334813e-17, 1.72109238651e-15, 1.54074276666e-14, 3.19243770145e-14, 4.19665631456e-13, 7.7659840364e-13, 6.05619070518e-13, 7.72148729504e-13, 4.50953293804e-13, 2.92167386205e-13, 1.69788486114e-13, 2.29932772041e-13, 3.66447865975e-13, 2.90687802605e-13, 3.95435393414e-13, 5.35953280454e-13, 7.82782313361e-13, 1.2310431537e-12, 1.61512253224e-12, 1.98625621159e-12, 8.88215607835e-13, 2.85398142836e-13, 5.51191172782e-14, 4.09496994148e-14, 4.00805792364e-14, 1.36287220048e-15, 1.16724324777e-17]]
    },
    "mfcc": {
        "kurt": [2.72591257095, -0.0751740932465, -0.151508808136, 0.307737588882, 0.402135372162, 0.868293046951, -0.245403766632, 0.103984355927, 0.217359781265, 0.122524023056, 1.07488679886, 0.334782838821, 0.64924287796],
        "max": [-527.164550781, 206.889221191, 45.7339515686, 83.3514404297, 29.3388404846, 23.9829483032, 32.4105300903, 42.46875, 33.158203125, 35.8747901917, 40.849899292, 35.616973877, 36.0926589966],
        "mean": [-722.875732422, 91.6474838257, -39.9132843018, 16.5396995544, -27.8665828705, -20.4193630219, -15.844584465, -14.0289640427, -8.41025733948, -3.77326464653, -7.50743675232, -6.26902103424, -8.29755020142],
        "median": [-717.051940918, 90.6321105957, -37.8336715698, 17.3234004974, -27.4263114929, -19.8508529663, -14.9011421204, -14.3839111328, -8.40023899078, -3.5759305954, -7.65607452393, -6.03449058533, -7.75623703003],
        "min": [-1138.42004395, -39.7893066406, -144.275924683, -54.7546157837, -82.7564849854, -87.6258239746, -65.9031982422, -52.5688285828, -56.2464447021, -42.3119430542, -46.9979095459, -41.8655548096, -49.8433837891],
        "skew": [-1.13727080822, 0.252860873938, -0.312290966511, -0.234787464142, -0.149703919888, -0.367369621992, -0.193078324199, 0.278957426548, -0.0278383400291, -0.0551233738661, 0.366726636887, -0.133644014597, -0.343347370625],
        "var": [7549.85302734, 1074.31005859, 730.045288086, 293.580230713, 201.141220093, 143.858093262, 194.361694336, 188.725509644, 99.5067749023, 94.6069259644, 115.669715881, 69.5357666016, 79.852935791],
        "cov": [[7550.42773438, -85.1064453125, -1150.57202148, -38.6484375, -319.46585083, -98.5438995361, -404.86706543, -274.39932251, -104.137115479, -167.869903564, -197.398300171, -105.64150238, -102.960540771], [-85.1064453125, 1074.3918457, -248.908081055, -136.445373535, -106.642951965, -44.6959457397, -156.95401001, -190.147064209, -2.87304258347, -42.8657875061, -76.4128570557, -41.1065597534, -12.0230779648], [-1150.57202148, -248.908081055, 730.100830078, 85.4943771362, 38.0575256348, 26.645242691, 104.981163025, 88.4080734253, -23.1677913666, 45.8431091309, 34.9075469971, 6.45225572586, 3.34640955925], [-38.6484375, -136.445373535, 85.4943771362, 293.60256958, 74.6418304443, -13.1588964462, 37.5099220276, 45.2102966309, -12.1230545044, -33.2313842773, 32.6570701599, -6.58507061005, -17.7330780029], [-319.46585083, -106.642951965, 38.0575256348, 74.6418304443, 201.156524658, 30.2280673981, 23.7421073914, 40.7050476074, -3.22745370865, 3.71465826035, 26.34141922, 10.3316755295, 0.28383231163], [-98.5438995361, -44.6959457397, 26.645242691, -13.1588964462, 30.2280673981, 143.869049072, 38.0906486511, -13.5746974945, 20.5201034546, 15.9117202759, -24.3971824646, -4.29966878891, 20.7846050262], [-404.86706543, -156.95401001, 104.981163025, 37.5099220276, 23.7421073914, 38.0906486511, 194.376495361, 106.690460205, -3.32298851013, 33.4162750244, 36.8629455566, 7.31136369705, -6.64710521698], [-274.39932251, -190.147064209, 88.4080734253, 45.2102966309, 40.7050476074, -13.5746974945, 106.690460205, 188.739883423, 10.6362838745, 20.7583599091, 66.0360183716, 14.0422811508, -16.5215263367], [-104.137115479, -2.87304258347, -23.1677913666, -12.1230545044, -3.22745370865, 20.5201034546, -3.32298851013, 10.6362838745, 99.5143508911, 28.4022846222, -1.9112790823, 14.6578941345, 22.7957992554], [-167.869903564, -42.8657875061, 45.8431091309, -33.2313842773, 3.71465826035, 15.9117202759, 33.4162750244, 20.7583599091, 28.4022846222, 94.6141204834, 21.152256012, 15.0129451752, 11.9038066864], [-197.398300171, -76.4128570557, 34.9075469971, 32.6570701599, 26.34141922, -24.3971824646, 36.8629455566, 66.0360183716, -1.9112790823, 21.152256012, 115.678520203, 28.6435489655, -10.2165594101], [-105.64150238, -41.1065597534, 6.45225572586, -6.58507061005, 10.3316755295, -4.29966878891, 7.31136369705, 14.0422811508, 14.6578941345, 15.0129451752, 28.6435489655, 69.5410614014, 31.8310089111], [-102.960540771, -12.0230779648, 3.34640955925, -17.7330780029, 0.28383231163, 20.7846050262, -6.64710521698, -16.5215263367, 22.7957992554, 11.9038066864, -10.2165594101, 31.8310089111, 79.8590164185]]
    },
    "sccoeffs": {
        "kurt": [-0.182774066925, 0.455193281174, 1.68714094162, 1.81418704987, 5.18651103973, 0.39044046402],
        "max": [-0.277768462896, -0.369782745838, -0.428674310446, -0.462453454733, -0.464579701424, -0.643760442734],
        "mean": [-0.669254243374, -0.748640120029, -0.781837284565, -0.799041926861, -0.797268927097, -0.78279542923],
        "median": [-0.691670298576, -0.766612052917, -0.793670356274, -0.807670772076, -0.809773445129, -0.786485254765],
        "min": [-0.956207215786, -0.960050284863, -0.959221839905, -0.958476901054, -0.955720841885, -0.958773553371],
        "skew": [0.64787787199, 0.853030264378, 1.08765590191, 1.02179551125, 1.9484821558, 0.470436424017],
        "var": [0.0125063965097, 0.00830445904285, 0.00428386731073, 0.0028665419668, 0.00338157243095, 0.00107676163316],
        "cov": [[0.0125073483214, 0.00405499804765, 0.00194152188487, 0.00176278420258, 0.0006421841681, 0.00139702495653], [0.00405499804765, 0.00830509141088, 0.00255973264575, 0.00238743517548, 0.000828830816317, 0.00090385862859], [0.00194152188487, 0.00255973264575, 0.00428419327363, 0.00149483757559, 0.000668948981911, 0.000605355773587], [0.00176278420258, 0.00238743517548, 0.00149483757559, 0.00286676012911, 0.00105013826396, 0.000638276222162], [0.0006421841681, 0.000828830816317, 0.000668948981911, 0.00105013826396, 0.00338182970881, 0.000457603251562], [0.00139702495653, 0.00090385862859, 0.000605355773587, 0.000638276222162, 0.000457603251562, 0.00107684358954]]
    },
    "scvalleys": {
        "kurt": [66.5844726562, 25.9436511993, 20.9391689301, 14.269865036, 18.136259079, 12.6704673767],
        "max": [-5.92075872421, -3.74552059174, -4.22506141663, -4.68422174454, -4.70624256134, -6.94570636749],
        "mean": [-7.7357301712, -6.2187666893, -6.77013540268, -7.22112989426, -7.44910049438, -9.37119102478],
        "median": [-7.64356040955, -6.19627571106, -6.75295162201, -7.25575733185, -7.42018508911, -9.14982223511],
        "min": [-27.5254821777, -27.1900634766, -27.1707286835, -27.5265369415, -27.2085609436, -27.2933635712],
        "skew": [-4.19404697418, -2.00993156433, -1.73655974865, -1.30817437172, -1.71884548664, -2.15175104141],
        "var": [0.463343143463, 0.846055090427, 0.890011787415, 1.08805811405, 0.976597726345, 1.12518811226],
        "cov": [[0.463378429413, 0.364289402962, 0.362949490547, 0.38910779357, 0.417109191418, 0.450459361076], [0.364289402962, 0.846119463444, 0.734012663364, 0.781233966351, 0.668438196182, 0.564308166504], [0.362949490547, 0.734012663364, 0.890079498291, 0.885800123215, 0.753621518612, 0.631426334381], [0.38910779357, 0.781233966351, 0.885800123215, 1.08814096451, 0.895113289356, 0.724841535091], [0.417109191418, 0.668438196182, 0.753621518612, 0.895113289356, 0.976672053337, 0.895135879517], [0.450459361076, 0.564308166504, 0.631426334381, 0.724841535091, 0.895135879517, 1.12527382374]]
    }
},
"rhythm": {
    "beats_loudness": {
        "kurt": 1.43099212646,
        "max": 0.0651910454035,
        "mean": 0.0118228700012,
        "median": 0.00812576245517,
        "min": 2.28923568102e-07,
        "skew": 1.27236545086,
        "var": 0.000153302578838
    },
    "bpm": 90.1971054077,
    "confidence": -0.0333209522069,
    "first_peak_bpm": {
        "kurt": 0,
        "max": 94,
        "mean": 94,
        "median": 94,
        "min": 94,
        "skew": 0,
        "var": 0
    },
    "first_peak_spread": {
        "kurt": 0,
        "max": 0.746987938881,
        "mean": 0.746987938881,
        "median": 0.746987938881,
        "min": 0.746987938881,
        "skew": 0,
        "var": 0
    },
    "first_peak_weight": {
        "kurt": 0,
        "max": 0.0403071008623,
        "mean": 0.0403071008623,
        "median": 0.0403071008623,
        "min": 0.0403071008623,
        "skew": 0,
        "var": 0
    },
    "onset_rate": 2.16698694229,
    "second_peak_bpm": {
        "kurt": 0,
        "max": 101,
        "mean": 101,
        "median": 101,
        "min": 101,
        "skew": 0,
        "var": 0
    },
    "second_peak_spread": {
        "kurt": 0,
        "max": 0.701492547989,
        "mean": 0.701492547989,
        "median": 0.701492547989,
        "min": 0.701492547989,
        "skew": 0,
        "var": 0
    },
    "second_peak_weight": {
        "kurt": 0,
        "max": 0.0383877158165,
        "mean": 0.0383877158165,
        "median": 0.0383877158165,
        "min": 0.0383877158165,
        "skew": 0,
        "var": 0
    },
    "beats_loudness_band_ratio": {
        "kurt": [29.5945854187, 1.67074537277, 0.790427207947, 11.7946634293, 2.69390535355, -0.271606445312],
        "max": [0.522217512131, 0.933875441551, 0.953845858574, 0.894445836544, 0.968162477016, 0.736475586891],
        "mean": [0.0277389343828, 0.203673928976, 0.269735276699, 0.133766651154, 0.223914310336, 0.18790563941],
        "median": [0.0110033052042, 0.132122412324, 0.221225887537, 0.100580461323, 0.169872388244, 0.126703038812],
        "min": [0.000144960722537, 0.00309437327087, 0.00441375281662, 0.00318083795719, 0.00187326699961, 0.00072508759331],
        "skew": [4.44936132431, 1.49105811119, 1.05987012386, 2.98246431351, 1.57790350914, 0.870522260666],
        "var": [0.00232477323152, 0.0423559099436, 0.0384090878069, 0.0155300507322, 0.0367356948555, 0.0293819233775],
        "cov": [[0.00232923543081, 0.00280980928801, -0.000766318233218, -0.00100756273605, -0.00220314785838, -0.000110710039735], [0.00280980928801, 0.0424372069538, -0.000877143000253, -0.00654423190281, -0.0188659131527, -0.0145588023588], [-0.000766318233218, -0.000877143000253, 0.0384828075767, -0.001535292482, -0.0177453421056, -0.0147018907592], [-0.00100756273605, -0.00654423190281, -0.001535292482, 0.0155598586425, -0.00283774128184, -0.00393138220534], [-0.00220314785838, -0.0188659131527, -0.0177453421056, -0.00283774128184, 0.0368062071502, 0.0017320450861], [-0.000110710039735, -0.0145588023588, -0.0147018907592, -0.00393138220534, 0.0017320450861, 0.0294383186847]]
    },
