{
"metadata": {
    "version": {
        "essentia": "2.1-beta3"
    }
},
"lowLevel": {
    "average_loudness": 0.960721552372,
    "barkbands_kurtosis": {
        "kurt": 5.50426959991,
        "max": 6.11090087891,
        "mean": -0.740559458733,
        "median": -1.16389966011,
        "min": -1.8572357893,
        "skew": 2.17992925644,
        "var": 1.4628380537
    },
    "barkbands_skewness": {
        "kurt": -0.0698220729828,
        "max": 2.20436930656,
        "mean": 0.739136457443,
        "median": 0.71482270956,
        "min": -0.981744587421,
        "skew": 0.00497584464028,
        "var": 0.282273858786
    },
    "barkbands_spread": {
        "kurt": 2.02574539185,
        "max": 62.3475379944,
        "mean": 44.5654449463,
        "median": 46.3530960083,
        "min": 10.3018083572,
        "skew": -1.28133761883,
        "var": 96.6755752563
    },
    "dissonance": {
        "kurt": 150.160751343,
        "max": 0.499659895897,
        "mean": 0.476659506559,
        "median": 0.479122281075,
        "min": 0.156648844481,
        "skew": -9.61985778809,
        "var": 0.000394804752432
    },
    "hfc": {
        "kurt": 1.40476179123,
        "max": 40.6542701721,
        "mean": 11.488732338,
        "median": 11.3300256729,
        "min": 1.55463408813e-09,
        "skew": 0.449296951294,
        "var": 38.8944702148
    },
    "pitch": {
        "kurt": -1.47691249847,
        "max": 5296.95410156,
        "mean": 1839.05126953,
        "median": 346.610473633,
        "min": 74.2582855225,
        "skew": 0.606975734234,
        "var": 4238802
    },
    "pitch_instantaneous_confidence": {
        "kurt": 2.48208427429,
        "max": 0.665966510773,
        "mean": 0.266772121191,
        "median": 0.250039815903,
        "min": 0.130527615547,
        "skew": 1.33860826492,
        "var": 0.00665944302455
    },
    "pitch_salience": {
        "kurt": 1.52042770386,
        "max": 0.850180387497,
        "mean": 0.731644690037,
        "median": 0.738296151161,
        "min": 0.483451426029,
        "skew": -0.914192378521,
        "var": 0.00301212002523
    },
    "silence_rate_20dB": {
        "kurt": 0,
        "max": 1,
        "mean": 1,
        "median": 1,
        "min": 1,
        "skew": 0,
        "var": 0
    },
    "silence_rate_30dB": {
        "kurt": 0,
        "max": 1,
        "mean": 1,
        "median": 1,
        "min": 1,
        "skew": 0,
        "var": 0
    },
    "silence_rate_60dB": {
        "kurt": 2.62907123566,
        "max": 1,
        "mean": 0.133786842227,
        "median": 0,
        "min": 0,
        "skew": 2.1515288353,
        "var": 0.115887530148
    },
    "spectral_centroid": {
        "kurt": -0.0474216938019,
        "max": 3328.22998047,
        "mean": 1596.21105957,
        "median": 1570.81188965,
        "min": 390.132659912,
        "skew": 0.157683879137,
        "var": 266398.25
    },
    "spectral_complexity": {
        "kurt": 0.140757322311,
        "max": 42,
        "mean": 13.7392292023,
        "median": 13,
        "min": 0,
        "skew": 0.441189467907,
        "var": 58.8097839355
    },
    "spectral_crest": {
        "kurt": 0.72358083725,
        "max": 17.5306377411,
        "mean": 7.24041175842,
        "median": 6.58936023712,
        "min": 2.91929602623,
        "skew": 0.941697478294,
        "var": 6.56042385101
    },
    "spectral_decrease": {
        "kurt": -0.114130735397,
        "max": -1.01699550547e-18,
        "mean": -1.57102586495e-09,
        "median": -1.6654329027e-09,
        "min": -3.93433641221e-09,
        "skew": 0.496397316456,
        "var": 5.37080151623e-19
    },
    "spectral_energy": {
        "kurt": -0.0474517345428,
        "max": 0.0167700536549,
        "mean": 0.00697147473693,
        "median": 0.00741843599826,
        "min": 3.97938886704e-12,
        "skew": -0.547205865383,
        "var": 1.03057282104e-05
    },
    "spectral_energyband_high": {
        "kurt": 3.43927907944,
        "max": 0.00637069344521,
        "mean": 0.00139381026383,
        "median": 0.00132163008675,
        "min": 3.84900004393e-14,
        "skew": 1.10787916183,
        "var": 7.75671708197e-07
    },
    "spectral_energyband_low": {
        "kurt": -0.241255283356,
        "max": 0.00152260495815,
        "mean": 0.000590502517298,
        "median": 0.000579102605116,
        "min": 1.55160942688e-12,
        "skew": 0.387917339802,
        "var": 1.16384732962e-07
    },
    "spectral_energyband_middle_high": {
        "kurt": 0.602426052094,
        "max": 0.00339341093786,
        "mean": 0.00117507437244,
        "median": 0.00104454543907,
        "min": 3.45959697522e-13,
        "skew": 0.706130385399,
        "var": 4.70618715553e-07
    },
    "spectral_energyband_middle_low": {
        "kurt": -0.0808236598969,
        "max": 0.0126354815438,
        "mean": 0.0041116271168,
        "median": 0.00421034684405,
        "min": 2.34490031559e-12,
        "skew": 0.0193961746991,
        "var": 4.86073713546e-06
    },
    "spectral_flatness_db": {
        "kurt": 0.433049201965,
        "max": 0.190402105451,
        "mean": 0.120345547795,
        "median": 0.119074672461,
        "min": 0.0728283375502,
        "skew": 0.463110566139,
        "var": 0.00041029843851
    },
    "spectral_flux": {
        "kurt": 0.788941383362,
        "max": 0.0822044685483,
        "mean": 0.0467114076018,
        "median": 0.0482738427818,
        "min": 0.000484171003336,
        "skew": -0.862201154232,
        "var": 0.000255577004282
    },
    "spectral_kurtosis": {
        "kurt": 33.5495872498,
        "max": 16.6229095459,
        "mean": 0.977919280529,
        "median": 0.626870155334,
        "min": -0.327831983566,
        "skew": 5.07700920105,
        "var": 2.34276866913
    },
    "spectral_rms": {
        "kurt": 1.62084531784,
        "max": 0.00404487689957,
        "mean": 0.00248209666461,
        "median": 0.00269026006572,
        "min": 6.23083522555e-08,
        "skew": -1.4661822319,
        "var": 6.40633572857e-07
    },
    "spectral_rolloff": {
        "kurt": 1.56795740128,
        "max": 5598.6328125,
        "mean": 4152.14990234,
        "median": 4371.24023438,
        "min": 559.86328125,
        "skew": -1.3849978447,
        "var": 1460326.875
    },
    "spectral_skewness": {
        "kurt": 14.4889411926,
        "max": 3.15715718269,
        "mean": 0.896912038326,
        "median": 0.826552450657,
        "min": 0.549862742424,
        "skew": 3.50140333176,
        "var": 0.0948171839118
    },
    "spectral_spread": {
        "kurt": 45.9732398987,
        "max": 20830152,
        "mean": 6631543.5,
        "median": 6663712.5,
        "min": 2952179.75,
        "skew": 3.00072789192,
        "var": 1.42109297869e+12
    },
    "spectral_strongpeak": {
        "kurt": 29.336101532,
        "max": 8.6553440094,
        "mean": 0.468470901251,
        "median": 0.222292885184,
        "min": 6.97519396908e-07,
        "skew": 5.29351663589,
        "var": 1.18622267246
    },
    "zerocrossingrate": {
        "kurt": 37.9033164978,
        "max": 0.4521484375,
        "mean": 0.112729854882,
        "median": 0.11376953125,
        "min": 0.0166015625,
        "skew": 2.7662127018,
        "var": 0.000884606561158
    },
    "barkbands": {
        "kurt": [10.9635105133, 1.44199037552, 2.76442146301, 0.524417638779, 1.92211580276, 2.19208812714, 5.37159633636, 17.6322154999, 14.6051692963, 8.21612071991, 31.4894523621, 18.295293808, 17.1828937531, 11.2150144577, 6.81229972839, 3.3752412796, 1.49633932114, 1.48838376999, 0.529729366302, 6.60812759399, 0.528671264648, 8.55718135834, 46.0944976807, 19.0605430603, 17.4919815063, 18.3897380829, 16.0489826202],
        "max": [2.16565076698e-05, 0.000594372453634, 0.000908007496037, 0.0021958053112, 0.00775261316448, 0.00576170999557, 0.00278820074163, 0.00263875210658, 0.00191452819854, 0.000843622954562, 0.000874898745678, 0.000969422166236, 0.000558121071663, 0.000341459235642, 0.000247750460403, 0.00039366944111, 0.000567051523831, 0.000867470283993, 0.000640722340904, 0.00210942421108, 0.00122025911696, 0.00481718825176, 0.00113535788842, 0.000156417809194, 0.000124172700453, 1.2948157746e-06, 9.32379773388e-09],
        "mean": [3.1859540286e-06, 0.000145416299347, 0.000170065366547, 0.000550986093003, 0.00152250379324, 0.00114336120896, 0.000413116154959, 0.000269753742032, 0.000175056440639, 0.000133500099764, 6.11229843344e-05, 6.83219186612e-05, 4.98990266351e-05, 4.19610660174e-05, 4.29203391832e-05, 7.85709853517e-05, 0.000140953372465, 0.000232378428336, 0.000209926321986, 0.000356125790859, 0.000369354645954, 0.000701421580743, 6.59268189338e-05, 1.5418683688e-05, 1.01009818536e-05, 1.31199456632e-07, 9.89397119788e-10],
        "median": [2.58671184383e-06, 0.000132720946567, 0.000134967325721, 0.000467670382932, 0.00118644256145, 0.00103869254235, 0.000288028619252, 0.000178696311195, 0.000106660045276, 9.66778752627e-05, 3.80566561944e-05, 3.43667779816e-05, 2.76033570117e-05, 2.97529186355e-05, 3.48967587342e-05, 6.7285138357e-05, 0.000125167352962, 0.000199965958018, 0.000203553398023, 0.000296687998343, 0.000372336187866, 0.000620451231953, 4.06011713494e-05, 1.04640275822e-05, 5.67483402847e-06, 9.85355725902e-08, 7.36219529784e-10],
        "min": [1.49690305182e-13, 5.13645549705e-13, 6.09317826229e-13, 6.9267118083e-13, 1.07688500044e-12, 9.73862917392e-14, 6.23287229121e-14, 4.33867792225e-14, 3.17343943007e-13, 1.06041619984e-13, 1.39283509314e-13, 2.48656398071e-14, 9.15175816125e-15, 1.12782140465e-14, 1.79743660955e-14, 8.60341105405e-15, 1.4297538373e-14, 2.10188684762e-14, 1.52854600044e-14, 2.49231804492e-14, 6.11504594249e-15, 5.91050146177e-15, 2.82859707065e-15, 2.50460421547e-15, 2.07245393501e-15, 1.94932795525e-15, 2.04417764589e-15],
        "skew": [2.62754225731, 1.01909053326, 1.43510615826, 0.900228023529, 1.31226670742, 1.08997011185, 2.05267071724, 3.50918149948, 3.27815318108, 2.61906647682, 4.56055450439, 3.66882944107, 3.57525730133, 2.76330375671, 2.14839196205, 1.44847047329, 1.00438547134, 1.05555534363, 0.45949664712, 1.87763655186, 0.252206891775, 2.04744410515, 5.86002540588, 3.94084000587, 3.36747217178, 3.46988916397, 3.3025226593],
        "var": [7.83602783355e-12, 9.85947767873e-09, 1.98167331433e-08, 1.81134893751e-07, 1.61827620104e-06, 7.19913941793e-07, 1.84848786944e-07, 9.72887761463e-08, 4.94265819384e-08, 1.99401029022e-08, 6.60127774665e-09, 1.08336486448e-08, 4.42584369154e-09, 1.77446901617e-09, 1.24733867679e-09, 3.16030246417e-09, 8.6109102071e-09, 2.51601921519e-08, 1.40611966515e-08, 7.14526322554e-08, 4.35105640406e-08, 3.29304015168e-07, 9.72344516015e-09, 3.93020976874e-10, 1.63503974249e-10, 1.88373910248e-14, 1.19865760288e-18],
        "cov": [[7.85383737212e-12, 1.39805805821e-10, 7.85196907493e-12, 5.89723339606e-11, -5.17673022504e-11, -9.57791276845e-11, 7.33711442297e-12, 1.42000231018e-11, 1.78590128797e-11, 1.10278192827e-11, -7.49914670292e-13, 5.48152582353e-12, -1.04033827993e-12, 1.04336166443e-11, 7.70324689453e-12, 1.79885828455e-11, 9.90649749733e-12, 3.19364118484e-11, 3.61721104458e-11, -2.1178499926e-11, 1.00140000459e-11, -2.01236041719e-10, -2.54495365754e-11, 3.28617341672e-12, -1.22934193207e-12, 5.07307259759e-15, -1.39081367336e-16], [1.39805805821e-10, 9.88188553208e-09, 4.1769077086e-09, 6.46283737638e-09, 2.59175667594e-08, 6.69160771238e-09, -5.92105253716e-10, 7.10085379385e-10, -1.29468702426e-09, -3.32150640325e-10, -2.98824853751e-10, -1.11594311569e-09, -2.31556399055e-10, 2.25430715761e-10, 1.97519306466e-10, -3.44029492394e-11, 5.66029667581e-10, 2.70927791313e-09, 2.35472374932e-09, -8.0102124933e-10, 2.45805154009e-09, 4.49869308472e-10, -1.08104381003e-09, 6.82254322482e-11, -5.74130187836e-11, 2.18584021326e-13, -2.40314618553e-15], [7.85196907493e-12, 4.1769077086e-09, 1.98617708946e-08, 1.76947665409e-08, 6.79791227753e-08, 3.04892502356e-08, 7.66932628515e-10, 3.41295464112e-10, -1.00108654699e-09, -5.09536413063e-10, -4.84721041083e-10, -8.6949114575e-10, -3.00606678438e-10, 1.6042163431e-10, 4.79939477049e-10, 7.50572728969e-11, 1.8469562546e-09, 4.11651468468e-09, 2.63040700332e-09, -2.82921325256e-10, 6.16016526678e-09, 1.40086520162e-08, 1.03006894681e-10, -1.32921756935e-10, -1.25012786581e-11, 1.00733061215e-12, 3.57266215174e-15], [5.89723339606e-11, 6.46283737638e-09, 1.76947665409e-08, 1.81546568001e-07, 2.20992646405e-07, 3.63388252822e-08, 8.7886542488e-09, 1.31560797811e-08, 1.67228879633e-08, 9.43148315002e-09, 6.87078127726e-09, 9.87721548995e-09, 3.54305318417e-09, 3.16845061299e-09, 3.42239903084e-09, 5.23918552986e-09, 7.18913595321e-09, 1.73713265994e-09, 7.84488207728e-09, 1.65509987937e-08, 1.83717965285e-08, 4.49596235796e-08, 4.23269774785e-09, 2.5732641018e-10, 4.43068998157e-10, 1.08464539433e-11, 1.19775188574e-13], [-5.17673022504e-11, 2.59175667594e-08, 6.79791227753e-08, 2.20992646405e-07, 1.62195408393e-06, 3.34267923563e-07, 8.87901130397e-09, 3.04043190624e-08, -7.46420791842e-09, 2.37997932473e-09, -4.1770720216e-09, -9.55756629395e-09, -6.78595757364e-09, -2.36627029082e-09, 8.90086337968e-10, 2.97745850197e-09, 1.3624740447e-08, 4.94191298994e-10, 1.84533028857e-08, 1.03886250713e-08, 5.00188477304e-08, 4.95931757882e-08, 6.43936592937e-09, -1.09301756535e-09, -3.69571012682e-10, 6.59499971994e-12, 5.1938193465e-14], [-9.57791276845e-11, 6.69160771238e-09, 3.04892502356e-08, 3.63388252822e-08, 3.34267923563e-07, 7.21550122762e-07, 1.74602078573e-07, 1.81560544377e-08, 3.48529951566e-08, 2.32856844917e-08, 8.21503487458e-09, 7.35780769645e-09, 7.87781040401e-09, 6.7296608286e-09, 6.66543042982e-09, 1.20296599349e-08, 2.65070667638e-08, 3.88682828145e-08, 3.6232279399e-08, 3.52410260973e-08, 8.64032259074e-08, 1.7426700083e-07, 1.19196403858e-08, -1.32203137326e-09, 5.68071034657e-10, 1.64338215345e-12, 7.06990415105e-14], [7.33711442297e-12, -5.92105253716e-10, 7.66932628515e-10, 8.7886542488e-09, 8.87901130397e-09, 1.74602078573e-07, 1.85268902442e-07, 1.72339369442e-08, 3.35711334287e-08, 1.31664767977e-08, 1.39730644833e-08, 1.45665612905e-08, 9.28704491088e-09, 7.31649318908e-09, 6.61609433905e-09, 1.14296172526e-08, 1.73376104584e-08, 2.28956977821e-08, 2.37399291336e-08, 3.87122618406e-08, 4.27858601881e-08, 1.02581566352e-07, 4.34942171168e-09, 4.17138462661e-10, 5.78063319434e-10, 5.78560376691e-12, 7.52511998569e-14], [1.42000231018e-11, 7.10085379385e-10, 3.41295464112e-10, 1.31560797811e-08, 3.04043190624e-08, 1.81560544377e-08, 1.72339369442e-08, 9.75098899403e-08, 4.10337683832e-08, 2.30303403015e-08, 1.15975682391e-08, 1.66282578817e-08, 1.04589847894e-08, 5.6213709243e-09, 3.15752379798e-09, 6.34333963134e-09, 1.03757678005e-08, 6.21605922291e-09, 9.76402692032e-09, 2.57319268115e-08, 1.87148874176e-08, 4.42511947085e-08, 5.54182211232e-09, 3.86213727666e-10, 4.90279261633e-10, 7.36894833347e-12, 1.12086270712e-13], [1.78590128797e-11, -1.29468702426e-09, -1.00108654699e-09, 1.67228879633e-08, -7.46420791842e-09, 3.48529951566e-08, 3.35711334287e-08, 4.10337683832e-08, 4.95389151922e-08, 2.12780406628e-08, 1.04685558e-08, 1.43979494993e-08, 9.7239656327e-09, 5.7299471834e-09, 3.70836339414e-09, 6.75031186503e-09, 1.0407554818e-08, 9.35414412595e-09, 8.75152572632e-09, 2.83205512375e-08, 1.88483415542e-08, 4.79257771246e-08, 5.1863136008e-09, 3.7218272908e-10, 4.80556539006e-10, 6.97636046154e-12, 9.39043358046e-14], [1.10278192827e-11, -3.32150640325e-10, -5.09536413063e-10, 9.43148315002e-09, 2.37997932473e-09, 2.32856844917e-08, 1.31664767977e-08, 2.30303403015e-08, 2.12780406628e-08, 1.99854213179e-08, 5.59453772198e-09, 9.63705648616e-09, 5.64192914609e-09, 2.85057866201e-09, 1.85003490305e-09, 3.79775100257e-09, 4.86488360707e-09, 4.93856022743e-09, 5.72072611504e-09, 1.61978874758e-08, 1.19260850084e-08, 2.9337764218e-08, 6.26357721245e-09, 3.91399052058e-10, 5.86085235899e-10, 6.63861066813e-12, 8.00166682045e-14], [-7.49914670292e-13, -2.98824853751e-10, -4.84721041083e-10, 6.87078127726e-09, -4.1770720216e-09, 8.21503487458e-09, 1.39730644833e-08, 1.15975682391e-08, 1.04685558e-08, 5.59453772198e-09, 6.61628041243e-09, 5.38136957218e-09, 3.03037173133e-09, 1.63016378174e-09, 1.08083264561e-09, 2.63990651561e-09, 3.2286340268e-09, 2.56164667256e-09, 3.14650483446e-09, 1.1484581286e-08, 6.3160419117e-09, 1.82828223672e-08, 2.12637463193e-09, 1.75836206706e-10, 1.97387994838e-10, 2.86184595986e-12, 4.77580384365e-14], [5.48152582353e-12, -1.11594311569e-09, -8.6949114575e-10, 9.87721548995e-09, -9.55756629395e-09, 7.35780769645e-09, 1.45665612905e-08, 1.66282578817e-08, 1.43979494993e-08, 9.63705648616e-09, 5.38136957218e-09, 1.08582698388e-08, 4.63648275328e-09, 2.41033326631e-09, 1.96406402253e-09, 3.38318884019e-09, 4.26510471385e-09, 3.44076589442e-09, 3.91207288786e-09, 1.09832276607e-08, 8.35648261699e-09, 2.02084464718e-08, 3.73528941111e-09, 3.17445014719e-10, 3.59407004158e-10, 4.20416522776e-12, 5.50438024967e-14], [-1.04033827993e-12, -2.31556399055e-10, -3.00606678438e-10, 3.54305318417e-09, -6.78595757364e-09, 7.87781040401e-09, 9.28704491088e-09, 1.04589847894e-08, 9.7239656327e-09, 5.64192914609e-09, 3.03037173133e-09, 4.63648275328e-09, 4.43590231214e-09, 1.76156011999e-09, 1.28778587793e-09, 2.03984962255e-09, 2.73352407376e-09, 3.55189944123e-09, 3.27807292422e-09, 7.95176369195e-09, 6.08237282762e-09, 1.62233870782e-08, 1.9757622205e-09, 3.58319568461e-10, 2.47124015695e-10, 3.00939113039e-12, 3.04922170955e-14], [1.04336166443e-11, 2.25430715761e-10, 1.6042163431e-10, 3.16845061299e-09, -2.36627029082e-09, 6.7296608286e-09, 7.31649318908e-09, 5.6213709243e-09, 5.7299471834e-09, 2.85057866201e-09, 1.63016378174e-09, 2.41033326631e-09, 1.76156011999e-09, 1.77850190131e-09, 1.01372887862e-09, 1.35404820689e-09, 2.01294358959e-09, 2.83755685615e-09, 2.15699835771e-09, 4.96256324922e-09, 4.04480360316e-09, 8.9546938753e-09, 8.99690266731e-10, 2.36120151209e-10, 1.4105583368e-10, 1.84775545559e-12, 1.49821442822e-14], [7.70324689453e-12, 1.97519306466e-10, 4.79939477049e-10, 3.42239903084e-09, 8.90086337968e-10, 6.66543042982e-09, 6.61609433905e-09, 3.15752379798e-09, 3.70836339414e-09, 1.85003490305e-09, 1.08083264561e-09, 1.96406402253e-09, 1.28778587793e-09, 1.01372887862e-09, 1.25017363128e-09, 1.14721010469e-09, 1.62653679414e-09, 2.17129358937e-09, 2.00097249881e-09, 3.6056395647e-09, 3.78526543443e-09, 6.84827705655e-09, 4.83803497264e-10, 2.15630013845e-10, 1.0247460519e-10, 1.58691332644e-12, 1.13898072492e-14], [1.79885828455e-11, -3.44029492394e-11, 7.50572728969e-11, 5.23918552986e-09, 2.97745850197e-09, 1.20296599349e-08, 1.14296172526e-08, 6.34333963134e-09, 6.75031186503e-09, 3.79775100257e-09, 2.63990651561e-09, 3.38318884019e-09, 2.03984962255e-09, 1.35404820689e-09, 1.14721010469e-09, 3.16748516305e-09, 3.28367844027e-09, 3.90485155322e-09, 3.69869290751e-09, 8.30374080607e-09, 6.58159704514e-09, 1.39405100796e-08, 1.93315319308e-09, 3.46488893133e-10, 2.86597773291e-10, 3.52376504711e-12, 2.86830665285e-14], [9.90649749733e-12, 5.66029667581e-10, 1.8469562546e-09, 7.18913595321e-09, 1.3624740447e-08, 2.65070667638e-08, 1.73376104584e-08, 1.03757678005e-08, 1.0407554818e-08, 4.86488360707e-09, 3.2286340268e-09, 4.26510471385e-09, 2.73352407376e-09, 2.01294358959e-09, 1.62653679414e-09, 3.28367844027e-09, 8.6304803304e-09, 6.75908573555e-09, 5.64839153228e-09, 1.3708560509e-08, 1.10729976299e-08, 2.36224906303e-08, 3.15609316459e-09, 5.19389642406e-10, 4.27114427159e-10, 4.80340073272e-12, 4.11823149909e-14], [3.19364118484e-11, 2.70927791313e-09, 4.11651468468e-09, 1.73713265994e-09, 4.94191298994e-10, 3.88682828145e-08, 2.28956977821e-08, 6.21605922291e-09, 9.35414412595e-09, 4.93856022743e-09, 2.56164667256e-09, 3.44076589442e-09, 3.55189944123e-09, 2.83755685615e-09, 2.17129358937e-09, 3.90485155322e-09, 6.75908573555e-09, 2.52173730786e-08, 1.04795434552e-08, 1.61437743174e-08, 1.60547966033e-08, 3.2538537198e-08, 3.18310577896e-09, 1.16261300587e-09, 5.9677063291e-10, 6.66566758387e-12, 2.63299022749e-14], [3.61721104458e-11, 2.35472374932e-09, 2.63040700332e-09, 7.84488207728e-09, 1.84533028857e-08, 3.6232279399e-08, 2.37399291336e-08, 9.76402692032e-09, 8.75152572632e-09, 5.72072611504e-09, 3.14650483446e-09, 3.91207288786e-09, 3.27807292422e-09, 2.15699835771e-09, 2.00097249881e-09, 3.69869290751e-09, 5.64839153228e-09, 1.04795434552e-08, 1.4093153311e-08, 1.71724963138e-08, 1.47029046715e-08, 2.77118967773e-08, 3.33901706284e-09, 9.90751813923e-10, 6.4289396029e-10, 6.35434716997e-12, 4.0057560269e-14], [-2.1178499926e-11, -8.0102124933e-10, -2.82921325256e-10, 1.65509987937e-08, 1.03886250713e-08, 3.52410260973e-08, 3.87122618406e-08, 2.57319268115e-08, 2.83205512375e-08, 1.61978874758e-08, 1.1484581286e-08, 1.09832276607e-08, 7.95176369195e-09, 4.96256324922e-09, 3.6056395647e-09, 8.30374080607e-09, 1.3708560509e-08, 1.61437743174e-08, 1.71724963138e-08, 7.16150267976e-08, 2.80205707526e-08, 6.09512724736e-08, 1.04966249026e-08, 1.6543473258e-09, 1.51582002506e-09, 1.63568429634e-11, 1.46187613881e-13], [1.00140000459e-11, 2.45805154009e-09, 6.16016526678e-09, 1.83717965285e-08, 5.00188477304e-08, 8.64032259074e-08, 4.27858601881e-08, 1.87148874176e-08, 1.88483415542e-08, 1.19260850084e-08, 6.3160419117e-09, 8.35648261699e-09, 6.08237282762e-09, 4.04480360316e-09, 3.78526543443e-09, 6.58159704514e-09, 1.10729976299e-08, 1.60547966033e-08, 1.47029046715e-08, 2.80205707526e-08, 4.36094538259e-08, 7.26804358919e-08, 6.58081500404e-09, 7.00757507577e-10, 7.51882389682e-10, 8.62999081919e-12, 8.13765016743e-14], [-2.01236041719e-10, 4.49869308472e-10, 1.40086520162e-08, 4.49596235796e-08, 4.95931757882e-08, 1.7426700083e-07, 1.02581566352e-07, 4.42511947085e-08, 4.79257771246e-08, 2.9337764218e-08, 1.82828223672e-08, 2.02084464718e-08, 1.62233870782e-08, 8.9546938753e-09, 6.84827705655e-09, 1.39405100796e-08, 2.36224906303e-08, 3.2538537198e-08, 2.77118967773e-08, 6.09512724736e-08, 7.26804358919e-08, 3.3005241562e-07, 1.34700712806e-08, 3.14039488858e-11, 1.03804709273e-09, 1.85048903284e-11, 2.71029157234e-13], [-2.54495365754e-11, -1.08104381003e-09, 1.03006894681e-10, 4.23269774785e-09, 6.43936592937e-09, 1.19196403858e-08, 4.34942171168e-09, 5.54182211232e-09, 5.1863136008e-09, 6.26357721245e-09, 2.12637463193e-09, 3.73528941111e-09, 1.9757622205e-09, 8.99690266731e-10, 4.83803497264e-10, 1.93315319308e-09, 3.15609316459e-09, 3.18310577896e-09, 3.33901706284e-09, 1.04966249026e-08, 6.58081500404e-09, 1.34700712806e-08, 9.74554392741e-09, 6.46984354979e-10, 9.20878318045e-10, 7.6316973574e-12, 6.11042317547e-14], [3.28617341672e-12, 6.82254322482e-11, -1.32921756935e-10, 2.5732641018e-10, -1.09301756535e-09, -1.32203137326e-09, 4.17138462661e-10, 3.86213727666e-10, 3.7218272908e-10, 3.91399052058e-10, 1.75836206706e-10, 3.17445014719e-10, 3.58319568461e-10, 2.36120151209e-10, 2.15630013845e-10, 3.46488893133e-10, 5.19389642406e-10, 1.16261300587e-09, 9.90751813923e-10, 1.6543473258e-09, 7.00757507577e-10, 3.14039488858e-11, 6.46984354979e-10, 3.93914206809e-10, 1.65018776421e-10, 1.88906312468e-12, 5.70209239323e-15], [-1.22934193207e-12, -5.74130187836e-11, -1.25012786581e-11, 4.43068998157e-10, -3.69571012682e-10, 5.68071034657e-10, 5.78063319434e-10, 4.90279261633e-10, 4.80556539006e-10, 5.86085235899e-10, 1.97387994838e-10, 3.59407004158e-10, 2.47124015695e-10, 1.4105583368e-10, 1.0247460519e-10, 2.86597773291e-10, 4.27114427159e-10, 5.9677063291e-10, 6.4289396029e-10, 1.51582002506e-09, 7.51882389682e-10, 1.03804709273e-09, 9.20878318045e-10, 1.65018776421e-10, 1.63875565895e-10, 1.2836823618e-12, 7.01977326839e-15], [5.07307259759e-15, 2.18584021326e-13, 1.00733061215e-12, 1.08464539433e-11, 6.59499971994e-12, 1.64338215345e-12, 5.78560376691e-12, 7.36894833347e-12, 6.97636046154e-12, 6.63861066813e-12, 2.86184595986e-12, 4.20416522776e-12, 3.00939113039e-12, 1.84775545559e-12, 1.58691332644e-12, 3.52376504711e-12, 4.80340073272e-12, 6.66566758387e-12, 6.35434716997e-12, 1.63568429634e-11, 8.62999081919e-12, 1.85048903284e-11, 7.6316973574e-12, 1.88906312468e-12, 1.2836823618e-12, 1.8880203458e-14, 7.82818320732e-17], [-1.39081367336e-16, -2.40314618553e-15, 3.57266215174e-15, 1.19775188574e-13, 5.1938193465e-14, 7.06990415105e-14, 7.52511998569e-14, 1.12086270712e-13, 9.39043358046e-14, 8.00166682045e-14, 4.77580384365e-14, 5.50438024967e-14, 3.04922170955e-14, 1.49821442822e-14, 1.13898072492e-14, 2.86830665285e-14, 4.11823149909e-14, 2.63299022749e-14, 4.0057560269e-14, 1.46187613881e-13, 8.13765016743e-14, 2.71029157234e-13, 6.11042317547e-14, 5.70209239323e-15, 7.01977326839e-15, 7.82818320732e-17, 1.20138181883e-18]]
    },
    "mfcc": {
        "kurt": [11.0266723633, 5.02887248993, 0.766832590103, 0.978700399399, 0.431094884872, 0.485763072968, 0.120572805405, 0.0588755607605, 0.271572828293, 0.647186040878, -0.250710010529, 0.0215032100677, -0.0228328704834],
        "max": [-601.865600586, 164.673583984, 36.5715675354, 78.6916122437, 11.580581665, 21.8959465027, 10.8331336975, 20.6152706146, 13.5343132019, 18.7843647003, 14.1235542297, 15.100189209, 16.0697212219],
        "mean": [-674.136047363, 86.7760772705, -1.15753626823, 57.3844871521, -24.51994133, 0.523987829685, -12.1062088013, -4.75884532928, -1.56098783016, -13.8888034821, -3.20421290398, -4.74744033813, -7.13952732086],
        "median": [-654.283325195, 86.798324585, 0.495664596558, 61.6248474121, -25.3173332214, 0.834596633911, -13.1627750397, -4.88370513916, -1.38651275635, -15.8368453979, -3.13549995422, -4.95690727234, -7.6233291626],
        "min": [-1138.42004395, 1.14440917969e-05, -32.6836967468, 8.01086425781e-05, -53.3554763794, -25.9406852722, -32.3832855225, -19.6994762421, -22.5392551422, -33.1311416626, -20.7514762878, -18.9599342346, -22.7754917145],
        "skew": [-3.13299942017, 0.882840335369, -0.46551284194, -1.08639729023, 0.371912688017, -0.366876810789, 0.58887720108, 0.203752249479, -0.156883180141, 0.915915906429, -0.217997089028, 0.307952612638, 0.150486990809],
        "var": [5988.71533203, 340.169494629, 99.0785751343, 176.379226685, 117.428688049, 50.3826713562, 66.9738769531, 36.0493927002, 30.6835708618, 76.0172195435, 36.802066803, 31.3726902008, 33.7826194763],
        "cov": [[6002.32617188, -630.269958496, -5.35910797119, 321.08416748, -502.39630127, 159.549987793, -359.85760498, -104.274375916, -107.572692871, -412.825439453, -39.4255256653, -69.0702896118, -118.954429626], [-630.269958496, 340.942626953, -38.2206039429, 3.28354096413, 18.6710357666, -20.4126300812, 35.9686393738, -2.93136620522, 31.4949111938, 35.7580451965, 21.6957435608, 1.12325525284, 10.8967885971], [-5.35910797119, -38.2206039429, 99.3037567139, 35.8970985413, 22.7589626312, 9.74384880066, -15.596493721, 3.71568703651, -0.969287037849, -19.8693943024, -0.468284398317, -19.9572219849, -12.4642620087], [321.08416748, 3.28354096413, 35.8970985413, 176.780090332, -3.28513860703, 22.9097175598, -40.3742980957, -7.12742233276, -0.671856284142, -46.8701286316, -2.23725271225, -23.5439472198, -19.8869075775], [-502.39630127, 18.6710357666, 22.7589626312, -3.28513860703, 117.695571899, -17.1817798615, 44.36951828, 15.8611240387, -0.346229285002, 51.9534873962, -0.569756031036, 6.63244152069, 1.34362649918], [159.549987793, -20.4126300812, 9.74384880066, 22.9097175598, -17.1817798615, 50.497177124, -10.4720592499, 1.84749770164, 2.01008057594, -25.2242069244, -4.89635801315, -10.457233429, -9.64292240143], [-359.85760498, 35.9686393738, -15.596493721, -40.3742980957, 44.36951828, -10.4720592499, 67.1260910034, 20.5204620361, 5.31247901917, 44.5746421814, -5.03913736343, 9.05875778198, 7.43829965591], [-104.274375916, -2.93136620522, 3.71568703651, -7.12742233276, 15.8611240387, 1.84749770164, 20.5204620361, 36.1313247681, 8.51371192932, 13.2725744247, -2.61414647102, -0.300131917, -2.8945786953], [-107.572692871, 31.4949111938, -0.969287037849, -0.671856284142, -0.346229285002, 2.01008057594, 5.31247901917, 8.51371192932, 30.7533073425, 8.69951438904, 9.99271583557, -1.23008549213, -0.517213344574], [-412.825439453, 35.7580451965, -19.8693943024, -46.8701286316, 51.9534873962, -25.2242069244, 44.5746421814, 13.2725744247, 8.69951438904, 76.1899871826, 4.8752655983, 16.6156330109, 12.4247303009], [-39.4255256653, 21.6957435608, -0.468284398317, -2.23725271225, -0.569756031036, -4.89635801315, -5.03913736343, -2.61414647102, 9.99271583557, 4.8752655983, 36.8857078552, 7.43486309052, -2.43879294395], [-69.0702896118, 1.12325525284, -19.9572219849, -23.5439472198, 6.63244152069, -10.457233429, 9.05875778198, -0.300131917, -1.23008549213, 16.6156330109, 7.43486309052, 31.4439926147, 14.0630340576], [-118.954429626, 10.8967885971, -12.4642620087, -19.8869075775, 1.34362649918, -9.64292240143, 7.43829965591, -2.8945786953, -0.517213344574, 12.4247303009, -2.43879294395, 14.0630340576, 33.8593978882]]
    },
    "sccoeffs": {
        "kurt": [0.158520460129, 0.754904031754, 0.049772977829, 1.62071752548, 3.03669977188, 1.29770755768],
        "max": [-0.509408891201, -0.537331223488, -0.696229934692, -0.737519204617, -0.777759134769, -0.635938942432],
        "mean": [-0.689452707767, -0.736013054848, -0.814122259617, -0.840146243572, -0.825735509396, -0.714697897434],
        "median": [-0.69175106287, -0.733726084232, -0.813980221748, -0.840605914593, -0.82454931736, -0.701330423355],
        "min": [-0.961748421192, -0.943277835846, -0.939417898655, -0.955826163292, -0.945513725281, -0.941602885723],
        "skew": [-0.10945751518, -0.28295570612, 0.0284380950034, -0.0452145375311, -1.02530443668, -1.10995316505],
        "var": [0.00514237536117, 0.00329899345525, 0.00142312119715, 0.00069343886571, 0.000463701406261, 0.0018343126867],
        "cov": [[0.00515406252816, 0.00150087336078, 0.000641063204966, 0.000729939492885, 0.000632259238046, 0.00142169150058], [0.00150087336078, 0.00330649130046, 0.000495102023706, 0.000396195013309, 0.000372918264475, 0.00116208556574], [0.000641063204966, 0.000495102023706, 0.00142635556404, 0.000270615943009, 0.000132651388412, 0.000523378781509], [0.000729939492885, 0.000396195013309, 0.000270615943009, 0.000695014896337, 0.000242496811552, 0.000372362672351], [0.000632259238046, 0.000372918264475, 0.000132651388412, 0.000242496811552, 0.000464755255962, 0.000414544047089], [0.00142169150058, 0.00116208556574, 0.000523378781509, 0.000372362672351, 0.000414544047089, 0.00183848151937]]
    },
    "scvalleys": {
        "kurt": [50.8865661621, 54.8283424377, 47.2420349121, 68.7872161865, 53.0451698303, 20.9381065369],
        "max": [-4.96992826462, -4.63800668716, -5.28266048431, -6.09459209442, -5.94828748703, -7.39786577225],
        "mean": [-5.94791603088, -5.96229553223, -6.75037431717, -7.24193429947, -6.87121152878, -8.84138298035],
        "median": [-5.76736164093, -5.77054834366, -6.67523765564, -7.13268518448, -6.65748786926, -8.58763313293],
        "min": [-14.9489307404, -16.5135383606, -16.4663391113, -17.8134403229, -18.1349124908, -19.5212726593],
        "skew": [-5.25628995895, -5.45965766907, -4.80993556976, -6.3805809021, -5.87480020523, -3.85362434387],
        "var": [0.557058513165, 0.731082856655, 0.66971975565, 0.658391058445, 0.87506377697, 1.37239778042],
        "cov": [[0.558324575424, 0.483018904924, 0.417035758495, 0.457588464022, 0.564485251904, 0.661389172077], [0.483018904924, 0.732744395733, 0.622247219086, 0.630175411701, 0.711744964123, 0.836579918861], [0.417035758495, 0.622247219086, 0.671241819859, 0.61211836338, 0.683494865894, 0.808893382549], [0.457588464022, 0.630175411701, 0.61211836338, 0.659887433052, 0.718421518803, 0.851376593113], [0.564485251904, 0.711744964123, 0.683494865894, 0.718421518803, 0.877052605152, 1.05060780048], [0.661389172077, 0.836579918861, 0.808893382549, 0.851376593113, 1.05060780048, 1.37551689148]]
    }
},
"rhythm": {
    "beats_loudness": {
        "kurt": 0.831647634506,
        "max": 0.0111663546413,
        "mean": 0.00773662002757,
        "median": 0.0082496162504,
        "min": 0.00055599748157,
        "skew": -0.965421199799,
        "var": 6.38846540824e-06
    },
    "bpm": 136.020111084,
    "confidence": 1.9857391119,
    "first_peak_bpm": {
        "kurt": 0,
        "max": 136,
        "mean": 136,
        "median": 136,
        "min": 136,
        "skew": 0,
        "var": 0
    },
    "first_peak_spread": {
        "kurt": 0,
        "max": 0.222222208977,
        "mean": 0.222222208977,
        "median": 0.222222208977,
        "min": 0.222222208977,
        "skew": 0,
        "var": 0
    },
    "first_peak_weight": {
        "kurt": 0,
        "max": 0.666666686535,
        "mean": 0.666666686535,
        "median": 0.666666686535,
        "min": 0.666666686535,
        "skew": 0,
        "var": 0
    },
    "onset_rate": 1.07867109776,
    "second_peak_bpm": {
        "kurt": 0,
        "max": 129,
        "mean": 129,
        "median": 129,
        "min": 129,
        "skew": 0,
        "var": 0
    },
    "second_peak_spread": {
        "kurt": 0,
        "max": 0,
        "mean": 0,
        "median": 0,
        "min": 0,
        "skew": 0,
        "var": 0
    },
    "second_peak_weight": {
        "kurt": 0,
        "max": 0.142857149243,
        "mean": 0.142857149243,
        "median": 0.142857149243,
        "min": 0.142857149243,
        "skew": 0,
        "var": 0
    },
    "beats_loudness_band_ratio": {
        "kurt": [-0.694455862045, -1.01343286037, 0.431513786316, 0.883887767792, 4.51337623596, -0.445933818817],
        "max": [0.352789789438, 0.671805977821, 0.286725103855, 0.119619801641, 0.240804791451, 0.492233902216],
        "mean": [0.186787188053, 0.387700557709, 0.124968655407, 0.0412010923028, 0.0793321430683, 0.258222788572],
        "median": [0.192026719451, 0.350240409374, 0.111531659961, 0.0296650640666, 0.0680876150727, 0.248568803072],
        "min": [0.0678426250815, 0.0993525907397, 0.0379643589258, 0.0106263263151, 0.0420954823494, 0.114581570029],
        "skew": [0.28341910243, 0.11923494935, 0.856569707394, 1.47451603413, 2.24624919891, 0.491606503725],
        "var": [0.00545194139704, 0.0288812573999, 0.00374070205726, 0.00102407776285, 0.00225893058814, 0.0097993677482],
        "cov": [[0.00571155780926, 0.00103177817073, -0.00300215790048, -0.00129260553513, -0.000117392199172, -0.000972118054051], [0.00103177817073, 0.0302565544844, -0.00404414907098, -0.00376768736169, -0.00454592611641, -0.0163276679814], [-0.00300215790048, -0.00404414907098, 0.003918830771, 0.00156951660756, -0.00050162721891, 0.00149734714068], [-0.00129260553513, -0.00376768736169, 0.00156951660756, 0.00107284344267, 0.000154322289745, 0.00184687436558], [-0.000117392199172, -0.00454592611641, -0.00050162721891, 0.000154322289745, 0.00236649881117, 0.00237458967604], [-0.000972118054051, -0.0163276679814, 0.00149734714068, 0.00184687436558, 0.00237458967604, 0.0102660041302]]
    },
    "beats_position": [0.46439909935, 0.9287981987, 1.39319729805, 1.8575963974, 2.29877543449, 2.72834467888, 3.16952371597, 3.59909296036, 4.04027223587, 4.48145103455, 4.92263031006, 5.3754196167, 5.8282084465, 6.26938772202, 6.71056699753, 7.1517457962, 7.59292507172, 8.03410434723, 8.47528362274, 8.91646194458, 9.35764122009, 9.79882049561],
    "bpm_estimates": [135.999206543, 139.674804688, 135.999206543, 139.674804688, 135.999130249, 135.999282837, 135.999130249, 132.511962891, 132.51210022, 135.999130249, 135.999130249, 135.999282837, 135.999130249, 135.999130249, 135.999130249, 135.999435425, 135.999130249, 135.999130249],
    "bpm_intervals": [0.46439909935, 0.46439909935, 0.46439909935, 0.441179037094, 0.429569244385, 0.441179037094, 0.429569244385, 0.441179275513, 0.441178798676, 0.441179275513, 0.452789306641, 0.452788829803, 0.441179275513, 0.441179275513, 0.441178798676, 0.441179275513, 0.441179275513, 0.441179275513, 0.441178321838, 0.441179275513, 0.441179275513],
    "onset_times": [0.0464399084449, 0.27863946557, 0.406349211931, 0.545668959618, 2.85605430603, 4.85297060013, 5.25931978226, 8.60299301147, 8.92807292938, 9.26476192474, 9.79882049561],
    "histogram": [[0, 0, 0, 0, 0, 0, 0, 0, 0, 0, 0, 0, 0, 0, 0, 0, 0, 0, 0, 0, 0, 0, 0, 0, 0, 0, 0, 0, 0, 0, 0, 0, 0, 0, 0, 0, 0, 0, 0, 0, 0, 0, 0, 0, 0, 0, 0, 0, 0, 0, 0, 0, 0, 0, 0, 0, 0, 0, 0, 0, 0, 0, 0, 0, 0, 0, 0, 0, 0, 0, 0, 0, 0, 0, 0, 0, 0, 0, 0, 0, 0, 0, 0, 0, 0, 0, 0, 0, 0, 0, 0, 0, 0, 0, 0, 0, 0, 0, 0, 0, 0, 0, 0, 0, 0, 0, 0, 0, 0, 0, 0, 0, 0, 0, 0, 0, 0, 0, 0, 0, 0, 0, 0, 0, 0, 0, 0, 0, 0, 0.142857149243, 0, 0, 0, 0.095238097012, 0, 0, 0.666666686535, 0, 0, 0, 0.095238097012, 0, 0, 0, 0, 0, 0, 0, 0, 0, 0, 0, 0, 0, 0, 0, 0, 0, 0, 0, 0, 0, 0, 0, 0, 0, 0, 0, 0, 0, 0, 0, 0, 0, 0, 0, 0, 0, 0, 0, 0, 0, 0, 0, 0, 0, 0, 0, 0, 0, 0, 0, 0, 0, 0, 0, 0, 0, 0, 0, 0, 0, 0, 0, 0, 0, 0, 0, 0, 0, 0, 0, 0, 0, 0, 0, 0, 0, 0, 0, 0, 0, 0, 0, 0, 0, 0, 0, 0, 0, 0, 0, 0, 0, 0, 0, 0, 0, 0, 0, 0, 0, 0, 0, 0, 0, 0, 0, 0, 0]]
},
"sfx": {
    "inharmonicity": {
        "kurt": 1.54003620148,
        "max": 0.349130004644,
        "mean": 0.0639453530312,
        "median": 0.0524032153189,
        "min": 0,
        "skew": 1.28350663185,
        "var": 0.0049541327171
    },
    "oddtoevenharmonicenergyratio": {
        "kurt": 61.4573287964,
        "max": 15.0402355194,
        "mean": 0.558842599392,
        "median": 0.17726303637,
        "min": 0,
        "skew": 6.1947388649,
        "var": 1.31985068321
    },
    "pitch_after_max_to_before_max_energy_ratio": 0.547216832638,
    "pitch_centroid": 234.69833374,
    "pitch_max_to_total": 0.582766413689,
    "pitch_min_to_total": 0.498866200447,
    "tristimulus": {
        "kurt": [-1.57425117493, -0.119851827621, -1.60159945488],
        "max": [1, 0.831871151924, 0.758714556694],
        "mean": [0.51664853096, 0.204541295767, 0.278810054064],
        "median": [0.34669265151, 0.174354910851, 0.354220211506],
        "min": [0, 0, 0],
        "skew": [0.329495131969, 0.84381377697, -0.0887892022729],
        "var": [0.14247328043, 0.0425022281706, 0.0570002831519],
        "cov": [[0.142797082663, -0.0641332045197, -0.0786641389132], [-0.0641332045197, 0.0425988249481, 0.0215343497694], [-0.0786641389132, 0.0215343497694, 0.057129830122]]
    }
},
"tonal": {
    "chords_changes_rate": 0.0542986430228,
    "chords_number_rate": 0.0226244349033,
    "chords_strength": {
        "kurt": -1.05744981766,
        "max": 0.65140080452,
        "mean": 0.488137185574,
        "median": 0.478343427181,
        "min": 0.319879353046,
        "skew": -0.0291644781828,
        "var": 0.00899845454842
    },
    "key_strength": 0.486974805593,
    "tuning_diatonic_strength": 0.463163167238,
    "tuning_equal_tempered_deviation": 0.261845290661,
    "tuning_frequency": 450.544708252,
    "tuning_nontempered_energy_ratio": 0.908752262592,
    "hpcp": {
        "kurt": [1.12430715561, 4.28707075119, 5.28352546692, 6.81748485565, 4.31249094009, 11.8816375732, 15.0467090607, 4.49194478989, 7.08180618286, 3.43611764908, 0.960952281952, 3.5409860611, 2.86687278748, 2.87837028503, -0.366215229034, -1.34468615055, -0.703843593597, 1.04493427277, 1.34297990799, 3.07873678207, 2.97141695023, 0.814011573792, 1.51130008698, 6.05734443665, 6.39649581909, 4.43756341934, 4.38275241852, 5.88662338257, 3.45186710358, 2.63794755936, 1.18253660202, 0.481515169144, 1.45967817307, -0.499993562698, -1.35019385815, -0.81023979187],
        "max": [1, 0.935313522816, 0.917772889137, 1, 0.811786651611, 0.920427322388, 1, 0.857944428921, 1, 1, 1, 1, 0.674120903015, 1, 1, 1, 1, 1, 1, 1, 1, 1, 1, 1, 0.902021348476, 1, 1, 1, 1, 1, 1, 1, 1, 1, 1, 1],
