{
"metadata": {
    "version": {
        "essentia": "2.1-beta3"
    }
},
"lowLevel": {
    "average_loudness": 0.901676893234,
    "barkbands_kurtosis": {
        "kurt": 8.05706787109,
        "max": 276.789550781,
        "mean": 18.8297386169,
        "median": 3.66785144806,
        "min": -1.87684464455,
        "skew": 2.44386053085,
        "var": 1093.18664551
    },
    "barkbands_skewness": {
        "kurt": -0.358950376511,
        "max": 15.4322509766,
        "mean": 2.23862576485,
        "median": 1.22003793716,
        "min": -2.60402727127,
        "skew": 0.761843562126,
        "var": 12.5267286301
    },
    "barkbands_spread": {
        "kurt": -1.46551036835,
        "max": 65.9603805542,
        "mean": 26.3764076233,
        "median": 19.2107601166,
        "min": 0.602646887302,
        "skew": 0.357745349407,
        "var": 473.833526611
    },
    "dissonance": {
        "kurt": 37.8313713074,
        "max": 0.500000178814,
        "mean": 0.46436098218,
        "median": 0.480903863907,
        "min": 0.000150436870172,
        "skew": -3.76438117027,
        "var": 0.00138379679993
    },
    "hfc": {
        "kurt": 26.7684135437,
        "max": 22.9608192444,
        "mean": 1.53217077255,
        "median": 0.549253165722,
        "min": 4.17385903617e-09,
        "skew": 4.11339330673,
        "var": 5.59045314789
    },
    "pitch": {
        "kurt": -1.98291194439,
        "max": 4654.171875,
        "mean": 2197.07202148,
        "median": 285.731842041,
        "min": 141.517456055,
        "skew": 0.0790358707309,
        "var": 4011403.5
    },
    "pitch_instantaneous_confidence": {
        "kurt": -0.675873041153,
        "max": 0.894512355328,
        "mean": 0.52946549654,
        "median": 0.468292087317,
        "min": 0.00886034965515,
        "skew": 0.646455705166,
        "var": 0.0283138919622
    },
    "pitch_salience": {
        "kurt": -0.887273550034,
        "max": 0.887588739395,
        "mean": 0.554301857948,
        "median": 0.583332955837,
        "min": 0.136061787605,
        "skew": -0.515878498554,
        "var": 0.0339468829334
    },
    "silence_rate_20dB": {
        "kurt": 0,
        "max": 1,
        "mean": 1,
        "median": 1,
        "min": 1,
        "skew": 0,
        "var": 0
    },
    "silence_rate_30dB": {
        "kurt": 0,
        "max": 1,
        "mean": 1,
        "median": 1,
        "min": 1,
        "skew": 0,
        "var": 0
    },
    "silence_rate_60dB": {
        "kurt": 0,
        "max": 1,
        "mean": 1,
        "median": 1,
        "min": 1,
        "skew": 0,
        "var": 0
    },
    "spectral_centroid": {
        "kurt": -1.51271271706,
        "max": 5094.53027344,
        "mean": 1860.49133301,
        "median": 1301.18835449,
        "min": 272.681976318,
        "skew": 0.368692606688,
        "var": 2445669.25
    },
    "spectral_complexity": {
        "kurt": 23.0735549927,
        "max": 13,
        "mean": 1.1451612711,
        "median": 1,
        "min": 0,
        "skew": 3.91004037857,
        "var": 1.90796768665
    },
    "spectral_crest": {
        "kurt": -1.237195611,
        "max": 25.8666152954,
        "mean": 13.6819553375,
        "median": 12.1086473465,
        "min": 3.34299564362,
        "skew": 0.383409976959,
        "var": 47.1677360535
    },
    "spectral_decrease": {
        "kurt": 14.131729126,
        "max": -3.91874871323e-18,
        "mean": -1.11920556156e-10,
        "median": -9.6683411277e-11,
        "min": -8.73722816319e-10,
        "skew": -2.62040138245,
        "var": 8.69190401678e-21
    },
    "spectral_energy": {
        "kurt": 20.8458156586,
        "max": 0.00538024026901,
        "mean": 0.000561386579648,
        "median": 0.000456755049527,
        "min": 1.5168860959e-11,
        "skew": 3.396443367,
        "var": 2.98734846638e-07
    },
    "spectral_energyband_high": {
        "kurt": 40.8188705444,
        "max": 0.00379673857242,
        "mean": 0.000194350010133,
        "median": 5.88872062508e-05,
        "min": 8.05569193708e-14,
        "skew": 5.00817203522,
        "var": 1.09642471102e-07
    },
    "spectral_energyband_low": {
        "kurt": 4.5365190506,
        "max": 9.09228911041e-05,
        "mean": 9.42659698921e-06,
        "median": 1.79303617642e-06,
        "min": 5.5936110778e-12,
        "skew": 2.34622097015,
        "var": 3.21269205683e-10
    },
    "spectral_energyband_middle_high": {
        "kurt": 22.1527347565,
        "max": 0.00147419818677,
        "mean": 0.000115812712465,
        "median": 4.97158180224e-05,
        "min": 3.20756008559e-13,
        "skew": 3.75133633614,
        "var": 2.87360890638e-08
    },
    "spectral_energyband_middle_low": {
        "kurt": 1.03333234787,
        "max": 0.00131321104709,
        "mean": 0.000250298238825,
        "median": 0.00019583068206,
        "min": 9.09825166595e-12,
        "skew": 0.995744228363,
        "var": 3.66797117124e-08
    },
    "spectral_flatness_db": {
        "kurt": -0.487581014633,
        "max": 0.402603030205,
        "mean": 0.197016358376,
        "median": 0.171945020556,
        "min": 0.0689518302679,
        "skew": 0.803684830666,
        "var": 0.00465106870979
    },
    "spectral_flux": {
        "kurt": 8.17866897583,
        "max": 0.0640392526984,
        "mean": 0.016615210101,
        "median": 0.0163261294365,
        "min": 0.00407394673675,
        "skew": 1.9088050127,
        "var": 6.27278204774e-05
    },
    "spectral_kurtosis": {
        "kurt": -1.18324637413,
        "max": 11.0334777832,
        "mean": 2.86441135406,
        "median": 0.857464551926,
        "min": -0.73313498497,
        "skew": 0.445271611214,
        "var": 8.90622138977
    },
    "spectral_rms": {
        "kurt": 2.04779672623,
        "max": 0.0022910728585,
        "mean": 0.000670147011988,
        "median": 0.000667543732561,
        "min": 1.21650685969e-07,
        "skew": 0.817846000195,
        "var": 9.85966082112e-08
    },
    "spectral_rolloff": {
        "kurt": -1.58496141434,
        "max": 10056.0058594,
        "mean": 2954.62817383,
        "median": 3779.07714844,
        "min": 279.931640625,
        "skew": 0.170806527138,
        "var": 6695033
    },
    "spectral_skewness": {
        "kurt": -1.63762891293,
        "max": 2.98445796967,
        "mean": 1.33721160889,
        "median": 0.936654508114,
        "min": 0.384150058031,
        "skew": 0.189980641007,
        "var": 0.56906491518
    },
    "spectral_spread": {
        "kurt": -1.54497766495,
        "max": 15626082,
        "mean": 7336144,
        "median": 8432846,
        "min": 3693807,
        "skew": 0.0412202402949,
        "var": 6.09282005402e+12
    },
    "spectral_strongpeak": {
        "kurt": 107.955421448,
        "max": 3.73123025894,
        "mean": 0.136107996106,
        "median": 0.0935404747725,
        "min": 0,
        "skew": 8.50518989563,
        "var": 0.05200342834
    },
    "zerocrossingrate": {
        "kurt": -1.7835174799,
        "max": 0.22509765625,
        "mean": 0.104168504477,
        "median": 0.102294921875,
        "min": 0.00146484375,
        "skew": 0.12482971698,
        "var": 0.0056347171776
    },
    "barkbands": {
        "kurt": [176.918243408, 313.573883057, 4.59402656555, 4.61704778671, 1.420170784, 5.26995754242, 2.8867893219, 5.87244033813, 66.3524169922, 62.0930938721, 102.806602478, 62.0737228394, 147.523635864, 133.167663574, 111.950569153, 96.2538299561, 42.5693321228, 15.4967498779, 6.72291374207, 55.7626113892, 93.3862380981, 1.34126186371, 6.32765960693, 30.4425125122, 101.267570496, 3.47534513474, 64.5860519409],
        "max": [9.91354127677e-08, 3.83642181987e-05, 2.43509930442e-05, 9.57008160185e-05, 0.00124243786559, 0.000145847909153, 1.96557029994e-05, 5.85432972002e-05, 0.000195150962099, 0.0001258453849, 5.33097881998e-05, 2.30102268688e-05, 4.29693172919e-05, 4.91244391014e-05, 0.000169726059539, 0.000215469539398, 0.0001822818449, 0.00023951541516, 0.000373596209101, 0.00151085329708, 0.00229646451771, 0.000207274890272, 0.00013270326599, 0.000264698144747, 0.000664989813231, 2.9283683034e-06, 7.67775745203e-08],
        "mean": [1.90868187921e-09, 6.40783412109e-07, 2.72182410299e-06, 8.75146633916e-06, 0.000200176320504, 2.28018925554e-05, 4.2388574002e-06, 8.81365758687e-06, 4.718036962e-06, 3.02211196868e-06, 1.24617258734e-06, 9.69954953689e-07, 1.07573350761e-06, 1.37701670155e-06, 2.81768120658e-06, 5.73919442104e-06, 1.00920997284e-05, 2.08259425563e-05, 4.10380307585e-05, 6.75672272337e-05, 7.87389290053e-05, 3.03397700918e-05, 1.18809120977e-05, 1.52305365191e-05, 1.62494525284e-05, 3.0840132581e-07, 3.08694891871e-09],
        "median": [6.90937640435e-10, 2.90487832899e-07, 6.0568288518e-07, 1.63726895153e-06, 0.000138161121868, 1.73301050381e-05, 3.35173604071e-06, 7.08038987796e-06, 1.28315662096e-06, 1.08517735953e-06, 5.67687379771e-07, 5.05103116666e-07, 5.81476626849e-07, 6.87634667429e-07, 7.73413944444e-07, 1.84231589628e-06, 3.86636475014e-06, 7.24026585885e-06, 1.40956672112e-05, 2.14166429942e-05, 2.75591592072e-05, 4.23971005148e-06, 3.85719431506e-06, 4.36397112935e-06, 3.76160141968e-06, 8.36918090386e-08, 1.20544041415e-09],
        "min": [1.67649076045e-12, 2.45821136884e-12, 1.55572516675e-12, 1.4573472637e-12, 3.08342761046e-12, 2.17121004335e-12, 1.31431432578e-12, 6.73108921032e-13, 3.54619003433e-13, 1.18915565329e-13, 7.23638542751e-14, 4.84566170013e-14, 2.06352777476e-14, 1.98557838194e-14, 1.38560808945e-14, 1.5622414793e-14, 1.29783870486e-14, 3.07654457838e-15, 6.66625517401e-15, 3.49581610404e-14, 3.89340998135e-14, 5.66345117369e-15, 3.1153268289e-15, 1.38675683553e-15, 2.92593153245e-15, 2.15555930208e-15, 2.20141279541e-15],
        "skew": [11.3863039017, 15.6777276993, 2.34498643875, 2.34021449089, 1.11311149597, 1.77354300022, 1.52179181576, 1.81846511364, 7.77492284775, 7.31008577347, 9.44861984253, 7.39367628098, 10.9267120361, 9.96675872803, 9.92102432251, 8.86573600769, 5.06281757355, 2.97815132141, 2.19078087807, 6.00338029861, 7.96913862228, 1.41147577763, 2.12071251869, 4.0923666954, 9.2430639267, 1.76146864891, 6.50644350052],
        "var": [2.94111345983e-17, 3.22528245431e-12, 2.41257187839e-11, 2.84114287652e-10, 3.33238538985e-08, 2.98868624293e-10, 1.01205155367e-11, 4.90660706509e-11, 3.51074613825e-10, 9.81276726542e-11, 1.42330487674e-11, 4.57811479698e-12, 6.46242217725e-12, 8.7246199848e-12, 1.47593742783e-10, 2.37362879352e-10, 2.63250754529e-10, 8.36533897708e-10, 3.15612225243e-09, 1.56219126524e-08, 2.39355877341e-08, 1.70401548427e-09, 3.19467036158e-10, 6.04127803339e-10, 2.47864906378e-09, 1.94838841784e-13, 3.86764574314e-17],
        "cov": [[2.94586478526e-17, 3.7354258853e-15, 2.34560681391e-15, -2.73308711783e-15, -2.2076649997e-14, 8.64981681286e-16, 3.47242384925e-15, 7.85240199686e-15, 3.65431019863e-15, 3.08454882797e-15, 2.80025450121e-15, 1.17180433159e-15, 5.10849435077e-16, 2.59247456639e-15, 3.2645674697e-15, 3.71534908687e-15, 5.35137946021e-16, 6.1606241501e-16, -4.80991386043e-15, 7.44512155665e-16, 2.93855278923e-14, -1.55834817706e-14, -3.73734229735e-15, -3.47544209234e-16, 7.67824270554e-15, -1.119245249e-16, 9.58329995276e-19], [3.7354258853e-15, 3.23049291311e-12, 1.36466977042e-12, -3.20967238248e-13, -1.43327615401e-11, 3.88659287046e-12, 6.63470417928e-13, 2.812407425e-12, 5.8831351249e-12, 4.15804370102e-12, 1.60013235301e-12, 1.09320863993e-12, 9.53275219179e-13, 1.69152094675e-12, 4.54512772904e-12, 5.32907485501e-12, 4.4929220934e-12, 6.81254011536e-12, 9.28004895151e-12, 3.4471023258e-11, 4.06070004011e-11, -4.27698132986e-13, 4.42863931291e-12, 6.43500704112e-12, 2.49881695197e-11, 7.90173251808e-14, 2.23363075235e-15], [2.34560681391e-15, 1.36466977042e-12, 2.41646945509e-11, 7.69536240286e-11, -1.96422635101e-11, 1.59776601671e-11, 2.23614616407e-12, 5.67402635293e-12, 2.37701906769e-11, 1.49241938252e-11, 5.72073725197e-12, 3.98614691602e-12, 4.24709746538e-12, 5.71876400401e-12, 1.88920493832e-11, 3.02417500764e-11, 4.31538277335e-11, 8.64647173304e-11, 1.90317026028e-10, 3.6384881219e-10, 4.1134229356e-10, 1.48405066014e-10, 6.82114226214e-11, 8.18214385134e-11, 1.20305987394e-10, 1.72117376775e-12, 1.93968664508e-14], [-2.73308711783e-15, -3.20967238248e-13, 7.69536240286e-11, 2.84573281606e-10, -2.77645025026e-11, 4.2814255613e-11, 2.80345581818e-12, 7.23380296636e-12, 3.79481654433e-11, 2.71651104389e-11, 1.29853393663e-11, 9.12453272661e-12, 9.55950162779e-12, 1.16728744726e-11, 3.73230057971e-11, 7.07236283426e-11, 1.30318048019e-10, 2.69578220857e-10, 6.14437778435e-10, 1.08685016542e-09, 1.25411214746e-09, 5.47878520329e-10, 2.3047108666e-10, 2.62618538027e-10, 3.07756875539e-10, 5.86520458937e-12, 5.98266485722e-14], [-2.2076649997e-14, -1.43327615401e-11, -1.96422635101e-11, -2.77645025026e-11, 3.33776881689e-08, 9.37549371471e-10, -3.59005151995e-11, -9.56249246453e-11, 4.99475773241e-11, -2.89983332485e-11, -2.06894622962e-11, -1.41976153056e-11, -1.12957533951e-11, -2.31208593937e-11, -7.90950291374e-11, -1.26732901951e-10, 2.65986590392e-11, -6.29248597672e-11, -6.49007930731e-11, -5.2894877367e-10, -1.14311604626e-09, -1.13105573518e-10, -7.32708269058e-11, -1.15222172081e-10, -1.92910520891e-10, -2.30945319292e-12, -3.99698889709e-14], [8.64981681286e-16, 3.88659287046e-12, 1.59776601671e-11, 4.2814255613e-11, 9.37549371471e-10, 2.99351460287e-10, 2.12455972953e-11, 3.70167126118e-11, 5.34524022267e-11, 4.35490601913e-11, 1.42063617814e-11, 1.02785835399e-11, 7.29717848647e-12, 1.0641099113e-11, 5.56059330525e-11, 7.27630525277e-11, 6.44611863887e-11, 1.08686844247e-10, 2.19202933582e-10, 6.51612042102e-10, 7.4343287082e-10, 1.35618932751e-10, 7.59922055837e-11, 1.15929606193e-10, 1.32399383124e-10, 1.49350486405e-12, 3.30052452654e-14], [3.47242384925e-15, 6.63470417928e-13, 2.23614616407e-12, 2.80345581818e-12, -3.59005151995e-11, 2.12455972953e-11, 1.01368653055e-11, 1.25795103501e-11, 1.66805666502e-11, 1.09514480817e-11, 3.73992069952e-12, 2.24556918199e-12, 1.83501803162e-12, 3.37686909685e-12, 1.22894775953e-11, 1.27229338176e-11, 1.6330315572e-11, 2.10201040601e-11, 3.52652039515e-11, 9.63879601135e-11, 1.06048066162e-10, 1.34007353825e-11, 9.93759328299e-12, 1.84541496667e-11, 3.82154446976e-11, 2.48663990874e-13, 4.79626561855e-15], [7.85240199686e-15, 2.812407425e-12, 5.67402635293e-12, 7.23380296636e-12, -9.56249246453e-11, 3.70167126118e-11, 1.25795103501e-11, 4.91453371054e-11, 5.1640910298e-11, 2.43463339766e-11, 5.80279964704e-12, 3.51691852724e-12, 5.29540604075e-12, 5.88980036617e-12, 2.00391318123e-11, 2.27660494623e-11, 2.77713529256e-11, 5.08892893103e-11, 6.53256268524e-11, 1.90867280314e-10, 2.12480588679e-10, 2.81021404064e-11, 1.56744183605e-11, 3.14049689032e-11, 9.74649319585e-11, 4.54662024175e-13, 8.14453688411e-15], [3.65431019863e-15, 5.8831351249e-12, 2.37701906769e-11, 3.79481654433e-11, 4.99475773241e-11, 5.34524022267e-11, 1.66805666502e-11, 5.1640910298e-11, 3.51641799012e-10, 1.5050395652e-10, 3.30486020494e-11, 2.01605884764e-11, 3.04834525677e-11, 2.46150200917e-11, 1.48497353303e-10, 1.72933764531e-10, 1.55283771952e-10, 2.7709062822e-10, 4.49381060141e-10, 9.27036170051e-10, 8.26653245856e-10, 1.40551889571e-10, 1.00827943217e-10, 1.65573804667e-10, 5.75256731139e-10, 2.85172666731e-12, 3.92750204104e-14], [3.08454882797e-15, 4.15804370102e-12, 1.49241938252e-11, 2.71651104389e-11, -2.89983332485e-11, 4.35490601913e-11, 1.09514480817e-11, 2.43463339766e-11, 1.5050395652e-10, 9.82861986243e-11, 2.81691649173e-11, 1.54172889733e-11, 1.4923210237e-11, 1.94099528117e-11, 8.78550218686e-11, 1.19581650138e-10, 1.01062970492e-10, 1.56868809609e-10, 2.57714710683e-10, 6.30620444753e-10, 6.76944000855e-10, 9.47280101582e-11, 7.21798662506e-11, 1.19189907943e-10, 3.11370762507e-10, 1.68420290735e-12, 3.19250478646e-14], [2.80025450121e-15, 1.60013235301e-12, 5.72073725197e-12, 1.29853393663e-11, -2.06894622962e-11, 1.42063617814e-11, 3.73992069952e-12, 5.80279964704e-12, 3.30486020494e-11, 2.81691649173e-11, 1.4256042527e-11, 6.5081308398e-12, 5.67638861262e-12, 7.57960968295e-12, 3.31627260375e-11, 4.55035800706e-11, 3.24915198913e-11, 6.17888656906e-11, 1.03721892186e-10, 2.6563667932e-10, 3.571130891e-10, 3.7248974738e-11, 2.77480590588e-11, 5.3835474273e-11, 1.1064554134e-10, 6.50218485825e-13, 1.53034289613e-14], [1.17180433159e-15, 1.09320863993e-12, 3.98614691602e-12, 9.12453272661e-12, -1.41976153056e-11, 1.02785835399e-11, 2.24556918199e-12, 3.51691852724e-12, 2.01605884764e-11, 1.54172889733e-11, 6.5081308398e-12, 4.58551079052e-12, 3.26480357506e-12, 4.34553651743e-12, 2.16241087536e-11, 2.36545991128e-11, 2.27175674106e-11, 3.77750157543e-11, 7.31787477837e-11, 1.82914058899e-10, 2.18807652552e-10, 2.83436954462e-11, 2.15617888127e-11, 3.66181945877e-11, 5.82717485376e-11, 4.73586068365e-13, 9.82035345377e-15], [5.10849435077e-16, 9.53275219179e-13, 4.24709746538e-12, 9.55950162779e-12, -1.12957533951e-11, 7.29717848647e-12, 1.83501803162e-12, 5.29540604075e-12, 3.04834525677e-11, 1.4923210237e-11, 5.67638861262e-12, 3.26480357506e-12, 6.47286217681e-12, 3.35417067385e-12, 2.21101470466e-11, 2.99012758997e-11, 2.08847904248e-11, 4.75126049615e-11, 8.18375922584e-11, 2.01374444897e-10, 2.21600876538e-10, 2.64183987186e-11, 1.95549843679e-11, 3.36378494503e-11, 9.60710053177e-11, 5.10018730807e-13, 8.96570568032e-15], [2.59247456639e-15, 1.69152094675e-12, 5.71876400401e-12, 1.16728744726e-11, -2.31208593937e-11, 1.0641099113e-11, 3.37686909685e-12, 5.88980036617e-12, 2.46150200917e-11, 1.94099528117e-11, 7.57960968295e-12, 4.34553651743e-12, 3.35417067385e-12, 8.73871461304e-12, 2.20658716993e-11, 2.89588544117e-11, 3.28752094991e-11, 4.60412472036e-11, 9.05722302713e-11, 2.42607378631e-10, 3.02563279986e-10, 4.31794842937e-11, 2.84951923168e-11, 5.11770591183e-11, 8.22186832505e-11, 6.97494850505e-13, 1.26375630135e-14], [3.2645674697e-15, 4.54512772904e-12, 1.88920493832e-11, 3.73230057971e-11, -7.90950291374e-11, 5.56059330525e-11, 1.22894775953e-11, 2.00391318123e-11, 1.48497353303e-10, 8.78550218686e-11, 3.31627260375e-11, 2.16241087536e-11, 2.21101470466e-11, 2.20658716993e-11, 1.47832177055e-10, 1.56166107823e-10, 1.12667791763e-10, 1.90509247266e-10, 3.69671543377e-10, 9.71404734429e-10, 1.08744901972e-09, 1.06863906613e-10, 1.07016652484e-10, 1.81041348579e-10, 3.88419241215e-10, 2.3107616081e-12, 4.86976893543e-14], [3.71534908687e-15, 5.32907485501e-12, 3.02417500764e-11, 7.07236283426e-11, -1.26732901951e-10, 7.27630525277e-11, 1.27229338176e-11, 2.27660494623e-11, 1.72933764531e-10, 1.19581650138e-10, 4.55035800706e-11, 2.36545991128e-11, 2.99012758997e-11, 2.89588544117e-11, 1.56166107823e-10, 2.37746350384e-10, 1.42211700749e-10, 2.73129602268e-10, 5.15743892038e-10, 1.34183686384e-09, 1.52228052386e-09, 2.21945434253e-10, 1.51059692532e-10, 2.47245390828e-10, 5.80159920105e-10, 3.42800614284e-12, 6.54528514721e-14], [5.35137946021e-16, 4.4929220934e-12, 4.31538277335e-11, 1.30318048019e-10, 2.65986590392e-11, 6.44611863887e-11, 1.6330315572e-11, 2.77713529256e-11, 1.55283771952e-10, 1.01062970492e-10, 3.24915198913e-11, 2.27175674106e-11, 2.08847904248e-11, 3.28752094991e-11, 1.12667791763e-10, 1.42211700749e-10, 2.63676053214e-10, 3.69934582967e-10, 6.87710277614e-10, 1.5038321699e-09, 1.62017743666e-09, 4.29519031453e-10, 2.19422646719e-10, 3.07864539417e-10, 5.04452202232e-10, 5.55377228581e-12, 7.14100409664e-14], [6.1606241501e-16, 6.81254011536e-12, 8.64647173304e-11, 2.69578220857e-10, -6.29248597672e-11, 1.08686844247e-10, 2.10201040601e-11, 5.08892893103e-11, 2.7709062822e-10, 1.56868809609e-10, 6.17888656906e-11, 3.77750157543e-11, 4.75126049615e-11, 4.60412472036e-11, 1.90509247266e-10, 2.73129602268e-10, 3.69934582967e-10, 8.37885316685e-10, 1.35553779312e-09, 2.73620548441e-09, 3.18907145136e-09, 8.24674106781e-10, 3.89131810108e-10, 5.40340383548e-10, 9.27463550404e-10, 1.00794286112e-11, 1.31918252906e-13], [-4.80991386043e-15, 9.28004895151e-12, 1.90317026028e-10, 6.14437778435e-10, -6.49007930731e-11, 2.19202933582e-10, 3.52652039515e-11, 6.53256268524e-11, 4.49381060141e-10, 2.57714710683e-10, 1.03721892186e-10, 7.31787477837e-11, 8.18375922584e-11, 9.05722302713e-11, 3.69671543377e-10, 5.15743892038e-10, 6.87710277614e-10, 1.35553779312e-09, 3.1612210627e-09, 5.54207613135e-09, 6.21149487401e-09, 1.75565129101e-09, 8.19184942102e-10, 1.1776154496e-09, 1.66444769079e-09, 2.11655901139e-11, 2.74048985545e-13], [7.44512155665e-16, 3.4471023258e-11, 3.6384881219e-10, 1.08685016542e-09, -5.2894877367e-10, 6.51612042102e-10, 9.63879601135e-11, 1.90867280314e-10, 9.27036170051e-10, 6.30620444753e-10, 2.6563667932e-10, 1.82914058899e-10, 2.01374444897e-10, 2.42607378631e-10, 9.71404734429e-10, 1.34183686384e-09, 1.5038321699e-09, 2.73620548441e-09, 5.54207613135e-09, 1.5647149354e-08, 1.7947884956e-08, 3.22454152268e-09, 1.74903724837e-09, 2.76149947354e-09, 4.11817513424e-09, 4.31725592775e-11, 7.25022960505e-13], [2.93855278923e-14, 4.06070004011e-11, 4.1134229356e-10, 1.25411214746e-09, -1.14311604626e-09, 7.4343287082e-10, 1.06048066162e-10, 2.12480588679e-10, 8.26653245856e-10, 6.76944000855e-10, 3.571130891e-10, 2.18807652552e-10, 2.21600876538e-10, 3.02563279986e-10, 1.08744901972e-09, 1.52228052386e-09, 1.62017743666e-09, 3.18907145136e-09, 6.21149487401e-09, 1.7947884956e-08, 2.39742554697e-08, 3.54088514065e-09, 1.94491223127e-09, 3.28288618512e-09, 4.10809697371e-09, 4.74111756799e-11, 9.10860037569e-13], [-1.55834817706e-14, -4.27698132986e-13, 1.48405066014e-10, 5.47878520329e-10, -1.13105573518e-10, 1.35618932751e-10, 1.34007353825e-11, 2.81021404064e-11, 1.40551889571e-10, 9.47280101582e-11, 3.7248974738e-11, 2.83436954462e-11, 2.64183987186e-11, 4.31794842937e-11, 1.06863906613e-10, 2.21945434253e-10, 4.29519031453e-10, 8.24674106781e-10, 1.75565129101e-09, 3.22454152268e-09, 3.54088514065e-09, 1.70676839328e-09, 6.39940489489e-10, 7.78324404926e-10, 8.1135359542e-10, 1.6062789987e-11, 1.60309943488e-13], [-3.73734229735e-15, 4.42863931291e-12, 6.82114226214e-11, 2.3047108666e-10, -7.32708269058e-11, 7.59922055837e-11, 9.93759328299e-12, 1.56744183605e-11, 1.00827943217e-10, 7.21798662506e-11, 2.77480590588e-11, 2.15617888127e-11, 1.95549843679e-11, 2.84951923168e-11, 1.07016652484e-10, 1.51059692532e-10, 2.19422646719e-10, 3.89131810108e-10, 8.19184942102e-10, 1.74903724837e-09, 1.94491223127e-09, 6.39940489489e-10, 3.19983123331e-10, 3.84410420162e-10, 4.84085271868e-10, 7.26155030203e-12, 8.79460417794e-14], [-3.47544209234e-16, 6.43500704112e-12, 8.18214385134e-11, 2.62618538027e-10, -1.15222172081e-10, 1.15929606193e-10, 1.84541496667e-11, 3.14049689032e-11, 1.65573804667e-10, 1.19189907943e-10, 5.3835474273e-11, 3.66181945877e-11, 3.36378494503e-11, 5.11770591183e-11, 1.81041348579e-10, 2.47245390828e-10, 3.07864539417e-10, 5.40340383548e-10, 1.1776154496e-09, 2.76149947354e-09, 3.28288618512e-09, 7.78324404926e-10, 3.84410420162e-10, 6.05103744888e-10, 7.27975679737e-10, 9.52831737122e-12, 1.41759176554e-13], [7.67824270554e-15, 2.49881695197e-11, 1.20305987394e-10, 3.07756875539e-10, -1.92910520891e-10, 1.32399383124e-10, 3.82154446976e-11, 9.74649319585e-11, 5.75256731139e-10, 3.11370762507e-10, 1.1064554134e-10, 5.82717485376e-11, 9.60710053177e-11, 8.22186832505e-11, 3.88419241215e-10, 5.80159920105e-10, 5.04452202232e-10, 9.27463550404e-10, 1.66444769079e-09, 4.11817513424e-09, 4.10809697371e-09, 8.1135359542e-10, 4.84085271868e-10, 7.27975679737e-10, 2.48265341618e-09, 1.31994129168e-11, 1.75291150952e-13], [-1.119245249e-16, 7.90173251808e-14, 1.72117376775e-12, 5.86520458937e-12, -2.30945319292e-12, 1.49350486405e-12, 2.48663990874e-13, 4.54662024175e-13, 2.85172666731e-12, 1.68420290735e-12, 6.50218485825e-13, 4.73586068365e-13, 5.10018730807e-13, 6.97494850505e-13, 2.3107616081e-12, 3.42800614284e-12, 5.55377228581e-12, 1.00794286112e-11, 2.11655901139e-11, 4.31725592775e-11, 4.74111756799e-11, 1.6062789987e-11, 7.26155030203e-12, 9.52831737122e-12, 1.31994129168e-11, 1.95153599227e-13, 2.11904667634e-15], [9.58329995276e-19, 2.23363075235e-15, 1.93968664508e-14, 5.98266485722e-14, -3.99698889709e-14, 3.30052452654e-14, 4.79626561855e-15, 8.14453688411e-15, 3.92750204104e-14, 3.19250478646e-14, 1.53034289613e-14, 9.82035345377e-15, 8.96570568032e-15, 1.26375630135e-14, 4.86976893543e-14, 6.54528514721e-14, 7.14100409664e-14, 1.31918252906e-13, 2.74048985545e-13, 7.25022960505e-13, 9.10860037569e-13, 1.60309943488e-13, 8.79460417794e-14, 1.41759176554e-13, 1.75291150952e-13, 2.11904667634e-15, 3.87389426548e-17]]
    },
    "mfcc": {
        "kurt": [-1.48622775078, -1.84337627888, 0.594225883484, -0.674740791321, -0.106900691986, 0.224299907684, 1.23265218735, 0.192669630051, 3.08006763458, 0.104108333588, -0.106719732285, 0.157859325409, -0.00545239448547],
        "max": [-667.96887207, 142.746276855, 36.9353065491, 77.3098297119, 9.42469787598, 2.28881835938e-05, 14.8716049194, 1.77507972717, 25.271446228, 10.5118846893, 5.65507888794, 9.08939552307, 2.3861656189],
        "mean": [-863.650695801, 60.79504776, 8.80033874512, 45.5473327637, -13.8676595688, -21.3141021729, -9.6499671936, -22.9892539978, -13.276260376, -18.2450656891, -14.3899049759, -11.8291578293, -15.0455379486],
        "median": [-825.642578125, 45.0251731873, 9.21622276306, 44.4390220642, -14.1748142242, -21.3513870239, -10.0943441391, -23.2859687805, -14.0350980759, -18.410320282, -14.7080392838, -11.712644577, -14.9981842041],
        "min": [-1138.42004395, -27.1694221497, -23.5667514801, 8.01086425781e-05, -33.2617149353, -41.8688621521, -28.2933635712, -42.6561737061, -35.6140213013, -37.1815567017, -37.3927993774, -31.8979969025, -30.574382782],
        "skew": [0.0874033123255, -0.0507070794702, -0.400926440954, 0.0309791918844, 0.204769387841, 0.175720021129, 0.590394020081, 0.262953728437, 1.12141990662, 0.328561902046, 0.0401759557426, -0.0428524799645, 0.121896095574],
        "var": [7388.31054688, 3642.95922852, 79.4996032715, 161.264648438, 54.093585968, 43.8841362, 38.4585609436, 50.5644493103, 64.8699798584, 52.1777610779, 45.8201675415, 37.2984199524, 31.4048194885],
        "cov": [[7400.24658203, -4831.35449219, -27.8423709869, 745.643798828, 89.8437347412, -24.4017372131, 54.3975524902, 282.234893799, 194.734466553, -87.6765289307, -187.80406189, -6.00310850143, 66.9309616089], [-4831.35449219, 3648.84448242, 29.445230484, -556.594604492, -76.4830093384, -6.93473291397, -18.7114048004, -211.356826782, -86.8828125, 73.4021987915, 110.469543457, -38.2545890808, -78.1609191895], [-27.8423709869, 29.445230484, 79.628036499, 24.2852706909, 16.8254833221, 20.8777675629, -1.21316874027, -1.77626132965, -15.8430147171, -13.6363935471, -10.0403022766, -9.70059013367, -7.22002315521], [745.643798828, -556.594604492, 24.2852706909, 161.525177002, 29.5906238556, 5.36311483383, -5.36016559601, 15.3408041, -15.9776668549, -38.074508667, -31.9935722351, -1.51848447323, 1.17024326324], [89.8437347412, -76.4830093384, 16.8254833221, 29.5906238556, 54.180973053, 25.8786373138, 11.0525684357, 13.5043039322, -0.176838636398, -5.07139492035, -8.75196266174, -4.96891069412, 2.15242624283], [-24.4017372131, -6.93473291397, 20.8777675629, 5.36311483383, 25.8786373138, 43.9550323486, 18.6237430573, 6.30438804626, -1.06316483021, -4.30030250549, -3.3926448822, -1.11783635616, -0.413386046886], [54.3975524902, -18.7114048004, -1.21316874027, -5.36016559601, 11.0525684357, 18.6237430573, 38.520690918, 17.3243484497, 12.7755804062, 8.09419727325, 0.074947476387, -0.449300199747, 2.52875447273], [282.234893799, -211.356826782, -1.77626132965, 15.3408041, 13.5043039322, 6.30438804626, 17.3243484497, 50.6461372375, 28.458814621, 10.4732103348, 5.23382139206, 6.54186296463, 12.2713270187], [194.734466553, -86.8828125, -15.8430147171, -15.9776668549, -0.176838636398, -1.06316483021, 12.7755804062, 28.458814621, 64.9747772217, 36.8356552124, 12.5382184982, 10.1516189575, 11.711930275], [-87.6765289307, 73.4021987915, -13.6363935471, -38.074508667, -5.07139492035, -4.30030250549, 8.09419727325, 10.4732103348, 36.8356552124, 52.2620544434, 30.4169845581, 13.4508781433, 13.1017799377], [-187.80406189, 110.469543457, -10.0403022766, -31.9935722351, -8.75196266174, -3.3926448822, 0.074947476387, 5.23382139206, 12.5382184982, 30.4169845581, 45.8941917419, 22.2678813934, 9.46033287048], [-6.00310850143, -38.2545890808, -9.70059013367, -1.51848447323, -4.96891069412, -1.11783635616, -0.449300199747, 6.54186296463, 10.1516189575, 13.4508781433, 22.2678813934, 37.3586730957, 19.2901077271], [66.9309616089, -78.1609191895, -7.22002315521, 1.17024326324, 2.15242624283, -0.413386046886, 2.52875447273, 12.2713270187, 11.711930275, 13.1017799377, 9.46033287048, 19.2901077271, 31.4555549622]]
    },
    "sccoeffs": {
        "kurt": [0.21474981308, 0.316066026688, 7.3923034668, 1.81605100632, -0.556833982468, 4.25966024399],
        "max": [-0.39140060544, -0.678870916367, -0.655297398567, -0.760964632034, -0.748377203941, -0.749283134937],
        "mean": [-0.584584414959, -0.79557466507, -0.86030703783, -0.864085912704, -0.851646184921, -0.821758031845],
        "median": [-0.577332735062, -0.79647231102, -0.864322662354, -0.867416262627, -0.850639224052, -0.821530938148],
        "min": [-0.989503502846, -0.954087018967, -0.958924591541, -0.97778570652, -0.946366548538, -0.928552269936],
        "skew": [-0.415792882442, 0.119775377214, 1.67257201672, 0.630095124245, 0.22782984376, -0.250776171684],
        "var": [0.00666674505919, 0.00142955360934, 0.000993834342808, 0.000555278384127, 0.000803938717581, 0.000241081710556],
        "cov": [[0.00667751487345, 0.000586188281886, -8.82401436684e-05, -3.07901564156e-06, 0.000217213193537, 4.48035352747e-05], [0.000586188281886, 0.0014318630565, 1.32085315272e-05, -1.63774057e-05, 7.80263417255e-06, 2.41731431743e-05], [-8.82401436684e-05, 1.32085315272e-05, 0.000995439942926, 0.000173609747435, 0.000115610404464, 5.57822204428e-05], [-3.07901564156e-06, -1.63774057e-05, 0.000173609747435, 0.000556175422389, 0.000300829793559, 1.44083605846e-05], [0.000217213193537, 7.80263417255e-06, 0.000115610404464, 0.000300829793559, 0.000805237446912, -2.09864392673e-05], [4.48035352747e-05, 2.41731431743e-05, 5.57822204428e-05, 1.44083605846e-05, -2.09864392673e-05, 0.000241471178015]]
    },
    "scvalleys": {
        "kurt": [21.5972518921, 70.578918457, 71.4002838135, 38.9664001465, 4.10098457336, -0.859534025192],
        "max": [-7.00620031357, -6.45420312881, -6.55568695068, -6.74086713791, -6.2873673439, -7.14189720154],
        "mean": [-8.7703294754, -7.85534095764, -8.77220916748, -9.11813354492, -8.53745937347, -10.0254201889],
        "median": [-8.80197143555, -7.84869623184, -8.809923172, -9.13449859619, -8.12904262543, -9.06273460388],
        "min": [-14.058008194, -14.9401416779, -16.2641296387, -17.2461013794, -18.1900691986, -19.3979415894],
        "skew": [-1.60167396069, -4.75821971893, -4.10236167908, -2.79176282883, -0.732601463795, -0.165111288428],
        "var": [0.238608896732, 0.237292602658, 0.267566114664, 0.418888419867, 1.51169192791, 3.3451321125],
        "cov": [[0.238994374871, 0.0960996598005, 0.119118526578, 0.12154917419, 0.136746749282, 0.160925149918], [0.0960996598005, 0.237675949931, 0.159369125962, 0.164454981685, 0.209183946252, 0.239547803998], [0.119118526578, 0.159369125962, 0.267998367548, 0.271308422089, 0.421889930964, 0.567896842957], [0.12154917419, 0.164454981685, 0.271308422089, 0.419565141201, 0.715481519699, 1.01612329483], [0.136746749282, 0.209183946252, 0.421889930964, 0.715481519699, 1.51413404942, 2.21309995651], [0.160925149918, 0.239547803998, 0.567896842957, 1.01612329483, 2.21309995651, 3.35053634644]]
    }
},
"rhythm": {
    "beats_loudness": {
        "kurt": -0.0564963817596,
        "max": 0.0015832799254,
        "mean": 0.000453051849036,
        "median": 0.000298824743368,
        "min": 2.94967630907e-05,
        "skew": 1.00199770927,
        "var": 2.03048514891e-07
    },
    "bpm": 106.663673401,
    "confidence": 1.25141358376,
    "first_peak_bpm": {
        "kurt": 0,
        "max": 108,
        "mean": 108,
        "median": 108,
        "min": 108,
        "skew": 0,
        "var": 0
    },
    "first_peak_spread": {
        "kurt": 0,
        "max": 0.307692289352,
        "mean": 0.307692289352,
        "median": 0.307692289352,
        "min": 0.307692289352,
        "skew": 0,
        "var": 0
    },
    "first_peak_weight": {
        "kurt": 0,
        "max": 0.391304343939,
        "mean": 0.391304343939,
        "median": 0.391304343939,
        "min": 0.391304343939,
        "skew": 0,
        "var": 0
    },
    "onset_rate": 0.487737059593,
    "second_peak_bpm": {
        "kurt": 0,
        "max": 103,
        "mean": 103,
        "median": 103,
        "min": 103,
        "skew": 0,
        "var": 0
    },
    "second_peak_spread": {
        "kurt": 0,
        "max": 0.5,
        "mean": 0.5,
        "median": 0.5,
        "min": 0.5,
        "skew": 0,
        "var": 0
    },
    "second_peak_weight": {
        "kurt": 0,
        "max": 0.173913046718,
        "mean": 0.173913046718,
        "median": 0.173913046718,
        "min": 0.173913046718,
        "skew": 0,
        "var": 0
    },
    "beats_loudness_band_ratio": {
        "kurt": [2.94760751724, -1.31545758247, 0.257836818695, 1.74037504196, -0.824367284775, -1.75665259361],
        "max": [0.35174831748, 0.917997300625, 0.311861842871, 0.0607850179076, 0.169623106718, 0.800745606422],
        "mean": [0.0761632174253, 0.442990779877, 0.0873403772712, 0.0193466190249, 0.0731232091784, 0.337700098753],
        "median": [0.0540390014648, 0.475676506758, 0.0582855269313, 0.0155277252197, 0.0689230486751, 0.294025659561],
        "min": [0.00335142109543, 0.0454110726714, 0.00462571205571, 0.00288614421152, 0.00784739293158, 0.0112042156979],
        "skew": [1.75911223888, 0.0369240380824, 1.03330552578, 1.33573138714, 0.533110141754, 0.147949010134],
        "var": [0.00679197302088, 0.0742567852139, 0.00702366465703, 0.000176430272404, 0.00252334051766, 0.0928226187825],
        "cov": [[0.00708727585152, 0.00788960140198, 0.00441838009283, 0.000749206985347, -0.0022627543658, -0.0150297982618], [0.00788960140198, 0.0774853378534, 0.0133598512039, 0.00101970240939, -0.0125036081299, -0.0817064195871], [0.00441838009283, 0.0133598512039, 0.00732904160395, 0.00063937867526, -0.00244439905509, -0.02053187415], [0.000749206985347, 0.00101970240939, 0.00063937867526, 0.000184101154446, -0.000240133143961, -0.00201581721194], [-0.0022627543658, -0.0125036081299, -0.00244439905509, -0.000240133143961, 0.00263305101544, 0.0136282145977], [-0.0150297982618, -0.0817064195871, -0.02053187415, -0.00201581721194, 0.0136282145977, 0.0968583896756]]
    },
    "beats_position": [0.580498874187, 1.20743763447, 1.79954648018, 2.39165520668, 3.01859402657, 3.59909296036, 4.17959165573, 4.74848079681, 5.32897949219, 5.87464857101, 6.43192720413, 6.98920631409, 7.5464849472, 8.11537361145, 8.67265319824, 9.26476192474, 9.82204055786, 10.379319191, 10.9249887466, 11.4822673798, 12.0859861374, 12.6664848328, 13.2237634659, 13.7810430527],
    "bpm_estimates": [103.359359741, 103.359405518, 105.468704224, 103.359405518, 109.956756592, 107.666069031, 107.665977478, 107.666069031, 105.468788147, 107.665885925, 107.666069031, 107.666069031, 109.95665741, 107.666069031, 103.359405518, 107.666069031, 107.665885925],
    "bpm_intervals": [0.626938760281, 0.592108845711, 0.592108726501, 0.626938819885, 0.580498933792, 0.580498695374, 0.568889141083, 0.580498695374, 0.545669078827, 0.557278633118, 0.557279109955, 0.557278633118, 0.568888664246, 0.557279586792, 0.592108726501, 0.557278633118, 0.557278633118, 0.545669555664, 0.557278633118, 0.603718757629, 0.580498695374, 0.557278633118, 0.557279586792],
    "onset_times": [0.0232199542224, 2.36843538284, 6.87310647964, 9.27637195587, 9.42730140686, 9.5666217804, 10.5534696579],
    "histogram": [[0, 0, 0, 0, 0, 0, 0, 0, 0, 0, 0, 0, 0, 0, 0, 0, 0, 0, 0, 0, 0, 0, 0, 0, 0, 0, 0, 0, 0, 0, 0, 0, 0, 0, 0, 0, 0, 0, 0, 0, 0, 0, 0, 0, 0, 0, 0, 0, 0, 0, 0, 0, 0, 0, 0, 0, 0, 0, 0, 0, 0, 0, 0, 0, 0, 0, 0, 0, 0, 0, 0, 0, 0, 0, 0, 0, 0, 0, 0, 0, 0, 0, 0, 0, 0, 0, 0, 0, 0, 0, 0, 0, 0, 0, 0, 0, 0.0869565233588, 0, 0, 0.0434782616794, 0, 0.130434781313, 0, 0.173913046718, 0, 0.0869565233588, 0, 0, 0.391304343939, 0, 0.0869565233588, 0, 0, 0, 0, 0, 0, 0, 0, 0, 0, 0, 0, 0, 0, 0, 0, 0, 0, 0, 0, 0, 0, 0, 0, 0, 0, 0, 0, 0, 0, 0, 0, 0, 0, 0, 0, 0, 0, 0, 0, 0, 0, 0, 0, 0, 0, 0, 0, 0, 0, 0, 0, 0, 0, 0, 0, 0, 0, 0, 0, 0, 0, 0, 0, 0, 0, 0, 0, 0, 0, 0, 0, 0, 0, 0, 0, 0, 0, 0, 0, 0, 0, 0, 0, 0, 0, 0, 0, 0, 0, 0, 0, 0, 0, 0, 0, 0, 0, 0, 0, 0, 0, 0, 0, 0, 0, 0, 0, 0, 0, 0, 0, 0, 0, 0, 0, 0, 0, 0, 0, 0, 0, 0, 0, 0, 0, 0, 0, 0, 0, 0, 0, 0, 0, 0, 0, 0, 0, 0]]
},
"sfx": {
    "inharmonicity": {
        "kurt": 265.105834961,
        "max": 1,
        "mean": 0.014286192134,
        "median": 0.000546095659956,
        "min": 0,
        "skew": 13.9706707001,
        "var": 0.00240012956783
    },
    "oddtoevenharmonicenergyratio": {
        "kurt": 0,
        "max": 3.40282346639e+38,
        "mean": 5.48842479244e+35,
        "median": 0.00563073856756,
        "min": 0,
        "skew": 0,
        "var": 0
    },
    "pitch_after_max_to_before_max_energy_ratio": 8.19385528564,
    "pitch_centroid": 259.792205811,
    "pitch_max_to_total": 0.21451613307,
    "pitch_min_to_total": 0.143548384309,
    "tristimulus": {
        "kurt": [-0.828579902649, 1.37728214264, 0.660230875015],
        "max": [1, 0.751280426979, 0.790307462215],
        "mean": [0.770422458649, 0.106035254896, 0.12192928046],
        "median": [0.803682029247, 0.064900457859, 0.10726480931],
        "min": [0, 0, 0],
        "skew": [-0.633654773235, 1.17021715641, 0.959915399551],
        "var": [0.0645953044295, 0.0166677646339, 0.0194207597524],
        "cov": [[0.0646996572614, -0.0303617212921, -0.0330933965743], [-0.0303617212921, 0.0166946910322, 0.0138382669538], [-0.0330933965743, 0.0138382669538, 0.0194521360099]]
    }
},
"tonal": {
    "chords_changes_rate": 0.112540192902,
    "chords_number_rate": 0.0225080382079,
    "chords_strength": {
        "kurt": -0.483480453491,
        "max": 0.546574056149,
        "mean": 0.41130143404,
        "median": 0.403257191181,
        "min": 0.309695661068,
        "skew": 0.385234355927,
        "var": 0.0027917670086
    },
    "key_strength": 0.382923692465,
    "tuning_diatonic_strength": 0.456481426954,
    "tuning_equal_tempered_deviation": 0.170790657401,
    "tuning_frequency": 442.804626465,
    "tuning_nontempered_energy_ratio": 0.849913537502,
    "hpcp": {
        "kurt": [2.73255586624, 3.42392110825, 11.245139122, 6.30773735046, 4.82254076004, 0.881147861481, -0.771974563599, -1.14188528061, -1.59180867672, -1.22665500641, -0.854732751846, -0.630814313889, -0.243245601654, 0.892416238785, 2.77152633667, 1.74392080307, 1.66398000717, 1.14491033554, 5.11360263824, 9.09172058105, 11.6076631546, 15.8336277008, 18.3279914856, 36.463180542, 33.0969772339, 7.52450466156, 27.7607860565, 43.3880805969, 17.4598045349, 12.5569419861, 5.65946674347, 3.26062107086, 3.10410642624, 4.34019613266, 2.54000282288, 4.05189609528],
        "max": [0.601696550846, 0.529903650284, 0.866513550282, 1, 1, 1, 1, 1, 1, 1, 1, 1, 1, 0.969750642776, 1, 1, 1, 0.888748288155, 0.797548532486, 0.634984433651, 0.470029711723, 0.378637701273, 0.407178103924, 0.687738716602, 0.616468131542, 0.318083524704, 0.632146656513, 1, 0.692551493645, 0.590083241463, 0.552210748196, 0.492212086916, 0.529332995415, 0.605369627476, 0.6467243433, 1],
