{
"metadata": {
    "version": {
        "essentia": "2.1-beta3"
    }
},
"lowLevel": {
    "average_loudness": 0.368334382772,
    "barkbands_kurtosis": {
        "kurt": 13.5536651611,
        "max": 9.72839355469,
        "mean": -0.928698718548,
        "median": -1.41884899139,
        "min": -1.84670519829,
        "skew": 3.19810628891,
        "var": 1.62821960449
    },
    "barkbands_skewness": {
        "kurt": 1.00883245468,
        "max": 2.80607819557,
        "mean": -0.044481229037,
        "median": -0.135032385588,
        "min": -2.68204402924,
        "skew": 0.601426243782,
        "var": 0.564392268658
    },
    "barkbands_spread": {
        "kurt": 0.657893180847,
        "max": 83.2736968994,
        "mean": 48.1597976685,
        "median": 50.4768104553,
        "min": 8.97535514832,
        "skew": -0.881910502911,
        "var": 150.033874512
    },
    "dissonance": {
        "kurt": 22.6891117096,
        "max": 0.499999880791,
        "mean": 0.485708236694,
        "median": 0.488311469555,
        "min": 0.35239315033,
        "skew": -2.8236541748,
        "var": 0.000115347123938
    },
    "hfc": {
        "kurt": 4.61133766174,
        "max": 9.02568054199,
        "mean": 1.38258004189,
        "median": 1.04125213623,
        "min": 0.00706516439095,
        "skew": 1.78664922714,
        "var": 1.30861508846
    },
    "pitch": {
        "kurt": -0.712387084961,
        "max": 5311.35107422,
        "mean": 1600.55432129,
        "median": 1738.93566895,
        "min": 65.4214248657,
        "skew": 0.631290555,
        "var": 1622974.875
    },
    "pitch_instantaneous_confidence": {
        "kurt": -0.589255809784,
        "max": 0.914986908436,
        "mean": 0.395941108465,
        "median": 0.361183226109,
        "min": 0.116136789322,
        "skew": 0.589835107327,
        "var": 0.0340919196606
    },
    "pitch_salience": {
        "kurt": 1.44939517975,
        "max": 0.844156622887,
        "mean": 0.683786094189,
        "median": 0.698267281055,
        "min": 0.382024645805,
        "skew": -1.08238911629,
        "var": 0.00560398353264
    },
    "silence_rate_20dB": {
        "kurt": 0,
        "max": 1,
        "mean": 1,
        "median": 1,
        "min": 1,
        "skew": 0,
        "var": 0
    },
    "silence_rate_30dB": {
        "kurt": 0,
        "max": 1,
        "mean": 1,
        "median": 1,
        "min": 1,
        "skew": 0,
        "var": 0
    },
    "silence_rate_60dB": {
        "kurt": 0,
        "max": 1,
        "mean": 1,
        "median": 1,
        "min": 1,
        "skew": 0,
        "var": 0
    },
    "spectral_centroid": {
        "kurt": 0.684022426605,
        "max": 5881.74511719,
        "mean": 2183.74633789,
        "median": 2255.09960938,
        "min": 243.09085083,
        "skew": -0.420502990484,
        "var": 555557.5625
    },
    "spectral_complexity": {
        "kurt": 3.33815336227,
        "max": 11,
        "mean": 1.41272723675,
        "median": 1,
        "min": 0,
        "skew": 1.74446463585,
        "var": 2.8933494091
    },
    "spectral_crest": {
        "kurt": 2.44341945648,
        "max": 21.8561420441,
        "mean": 7.15230464935,
        "median": 6.43067836761,
        "min": 2.61872673035,
        "skew": 1.40725183487,
        "var": 9.20449638367
    },
    "spectral_decrease": {
        "kurt": 6.01726818085,
        "max": -2.10451946668e-12,
        "mean": -1.35450789474e-10,
        "median": -8.98238844416e-11,
        "min": -8.34756763712e-10,
        "skew": -2.46184754372,
        "var": 1.87061418688e-20
    },
    "spectral_energy": {
        "kurt": 4.70578050613,
        "max": 0.00347446440719,
        "mean": 0.000636626034975,
        "median": 0.000435580412159,
        "min": 8.58377188706e-06,
        "skew": 2.21751189232,
        "var": 3.64431571143e-07
    },
    "spectral_energyband_high": {
        "kurt": 17.2682209015,
        "max": 0.00137145095505,
        "mean": 0.000120406410133,
        "median": 8.3402133896e-05,
        "min": 1.66301830973e-07,
        "skew": 3.0965526104,
        "var": 1.52339243442e-08
    },
    "spectral_energyband_low": {
        "kurt": 13.1546058655,
        "max": 0.00116101501044,
        "mean": 0.000100759410998,
        "median": 5.89996270719e-05,
        "min": 2.21646564569e-06,
        "skew": 3.27714729309,
        "var": 1.59800048749e-08
    },
    "spectral_energyband_middle_high": {
        "kurt": 4.50015687943,
        "max": 0.00170246884227,
        "mean": 0.000239044748014,
        "median": 0.000171370076714,
        "min": 2.50819266512e-06,
        "skew": 1.84753203392,
        "var": 4.53901840558e-08
    },
    "spectral_energyband_middle_low": {
        "kurt": 15.8739376068,
        "max": 0.00235916092061,
        "mean": 0.000196783992578,
        "median": 0.000109391243313,
        "min": 3.90919649362e-06,
        "skew": 3.78386473656,
        "var": 8.33641564668e-08
    },
    "spectral_flatness_db": {
        "kurt": 2.85540342331,
        "max": 0.203718885779,
        "mean": 0.0857953727245,
        "median": 0.0796172618866,
        "min": 0.0487919710577,
        "skew": 1.62760460377,
        "var": 0.000565341149922
    },
    "spectral_flux": {
        "kurt": 1.38033485413,
        "max": 0.0407512784004,
        "mean": 0.0157875996083,
        "median": 0.0144447349012,
        "min": 0.00404312973842,
        "skew": 1.18062245846,
        "var": 4.33345230704e-05
    },
    "spectral_kurtosis": {
        "kurt": 9.39357089996,
        "max": 14.4058704376,
        "mean": 2.01530265808,
        "median": 1.54038715363,
        "min": -0.101668596268,
        "skew": 2.89809918404,
        "var": 2.83135771751
    },
    "spectral_rms": {
        "kurt": 1.68436717987,
        "max": 0.00184111960698,
        "mean": 0.0007252911455,
        "median": 0.000651886919513,
        "min": 9.15118071134e-05,
        "skew": 1.33595323563,
        "var": 9.50509360109e-08
    },
    "spectral_rolloff": {
        "kurt": 2.02353239059,
        "max": 9969.87304688,
        "mean": 4272.13574219,
        "median": 4435.83984375,
        "min": 322.998046875,
        "skew": -0.792807519436,
        "var": 1783063.75
    },
    "spectral_skewness": {
        "kurt": 4.93571615219,
        "max": 3.00485420227,
        "mean": 1.18100965023,
        "median": 1.09114992619,
        "min": 0.628923416138,
        "skew": 2.13076639175,
        "var": 0.113826446235
    },
    "spectral_spread": {
        "kurt": 2.16693639755,
        "max": 17379044,
        "mean": 8389654,
        "median": 8612766,
        "min": 3160364.25,
        "skew": -0.971774876118,
        "var": 2.76972227789e+12
    },
    "spectral_strongpeak": {
        "kurt": 11.027929306,
        "max": 5.66750097275,
        "mean": 0.390453755856,
        "median": 0.0564416758716,
        "min": 0.000686153303832,
        "skew": 2.56345033646,
        "var": 0.350559800863
    },
    "zerocrossingrate": {
        "kurt": 3.85713338852,
        "max": 0.32470703125,
        "mean": 0.129958719015,
        "median": 0.1357421875,
        "min": 0.01611328125,
        "skew": -0.958612143993,
        "var": 0.00108656066004
    },
    "barkbands": {
        "kurt": [26.2969741821, 24.8083000183, 27.2278766632, 29.6245765686, 17.824338913, 32.4212684631, 32.0672340393, 19.8432159424, 203.167861938, 29.1492919922, 14.3733463287, 14.4700908661, 10.9017839432, 23.0765571594, 10.2689113617, 45.6392860413, 14.5724639893, 7.57176494598, 18.8374614716, 12.2068843842, 15.514913559, 46.3200187683, 5.89652919769, 12.9140958786, 171.596740723, 11.5946340561, 21.1197052002],
        "max": [8.81401683728e-06, 0.000711361295544, 0.000669045024551, 0.000673081958666, 0.00117364199832, 0.000648108951282, 0.000199105008505, 0.000106056308141, 0.000881675048731, 0.000268708768999, 0.000154932175064, 0.00017618345737, 0.000139473559102, 0.000202177252504, 9.95308000711e-05, 0.000297337974189, 0.000151618849486, 0.000142131684697, 0.00139701773878, 0.000212899423786, 0.000363467872376, 0.00117478356697, 6.29221758572e-05, 4.15213580709e-05, 0.000249177974183, 2.01806346922e-06, 1.28997683646e-07],
        "mean": [6.88159389028e-07, 4.40908443124e-05, 3.7862573663e-05, 3.32604104187e-05, 8.27513213153e-05, 3.77319920517e-05, 1.22311639643e-05, 8.69572704687e-06, 1.88560698007e-05, 1.32026862047e-05, 1.17523095469e-05, 1.4167115296e-05, 1.24230100482e-05, 1.15187576739e-05, 1.00371198641e-05, 1.2084615264e-05, 1.18998459584e-05, 1.56124297064e-05, 0.000117911738926, 2.24725990847e-05, 2.74880076176e-05, 6.3701379986e-05, 7.81579456088e-06, 3.95961660615e-06, 4.19929983764e-06, 2.02401125193e-07, 9.88147252912e-09],
        "median": [4.18081015141e-07, 2.49701952271e-05, 2.08607598324e-05, 1.48903955051e-05, 3.60995509254e-05, 2.23206407099e-05, 7.19362969903e-06, 5.52780693397e-06, 9.39978781389e-06, 5.90636227571e-06, 4.94872301715e-06, 5.63588628211e-06, 5.2825671446e-06, 4.80721519125e-06, 5.42292491446e-06, 4.53368238595e-06, 4.55973940916e-06, 6.65364859742e-06, 8.12663056422e-05, 1.44202613228e-05, 1.64869161381e-05, 4.12701556343e-05, 4.85269356432e-06, 2.92346726383e-06, 2.04046045837e-06, 1.40275091098e-07, 6.76312339465e-09],
        "min": [2.05215822113e-09, 7.34660432045e-07, 3.35074048508e-07, 7.76716433393e-08, 1.0880849004e-06, 1.20695494843e-06, 3.96706781203e-07, 1.6989508822e-07, 3.5367972373e-07, 1.39901871421e-07, 2.30244637578e-07, 1.22221933907e-07, 1.90202484873e-07, 7.76563666705e-08, 2.24086505796e-07, 1.05169483788e-07, 9.42831022144e-08, 3.00792692087e-07, 1.87181001365e-07, 1.16520041615e-07, 6.28275884651e-08, 1.41249740793e-08, 4.89206852805e-09, 4.30669455653e-09, 2.63748622942e-09, 1.78254216943e-10, 4.60673643329e-12],
        "skew": [4.16080093384, 4.19775152206, 4.38098287582, 4.83301591873, 4.01602649689, 4.82291126251, 4.78986930847, 3.74244236946, 11.6931657791, 4.45512199402, 3.3062710762, 3.46035885811, 3.04965543747, 4.03076028824, 2.92119789124, 5.20883131027, 3.17583322525, 2.43484425545, 3.29673695564, 2.89400362968, 3.0666706562, 5.03921937943, 2.19492053986, 2.68864893913, 11.6397562027, 2.68515896797, 3.37883472443],
        "var": [7.98044573133e-13, 3.88151821795e-09, 3.35162875231e-09, 3.81314047004e-09, 2.24708713858e-08, 2.8479139047e-09, 2.98626290363e-10, 1.08855105485e-10, 1.68274827406e-09, 4.71232386445e-10, 3.02778191408e-10, 5.05963992925e-10, 3.56606882912e-10, 3.64150903875e-10, 1.68021305202e-10, 4.19093398873e-10, 2.74861106098e-10, 3.81338599587e-10, 1.54105102013e-08, 6.00370753112e-10, 1.05466069211e-09, 6.56404886001e-09, 7.6342612787e-11, 1.60307652569e-11, 1.62774516088e-10, 4.64723711715e-14, 1.20093376818e-16],
        "cov": [[7.98770717538e-13, 2.75518254045e-11, 2.00362487018e-11, 1.76438030852e-11, 6.11401276829e-11, 1.61352233657e-11, 6.2870693894e-12, 3.46157564418e-12, 1.16458856447e-11, 6.68873333456e-12, 5.40039454128e-12, 7.09909778532e-12, 6.00248149796e-12, 6.26352008454e-12, 3.96904687935e-12, 3.66125402565e-12, 4.59475556561e-12, 5.33242373868e-12, 7.6280318867e-12, 8.42554498393e-12, 1.18603772636e-11, 1.75053496004e-11, 2.66353735942e-12, 8.8675594645e-13, 4.6126698381e-13, 3.68222061186e-14, 2.07782171515e-16], [2.75518254045e-11, 3.88505005944e-09, 2.09576156429e-09, 1.57147572732e-09, 4.30013002983e-09, 1.41773470741e-09, 4.28614976844e-10, 2.55441695574e-10, 8.61447246869e-10, 6.29945984265e-10, 5.35379629518e-10, 7.3916306409e-10, 6.34499730534e-10, 5.34647215389e-10, 3.7925765306e-10, 4.53838050474e-10, 4.88510065733e-10, 5.84455706054e-10, 1.034085928e-09, 7.83173914609e-10, 1.12107623185e-09, 1.88011006763e-09, 2.65492489104e-10, 6.5528721338e-11, 8.51895637366e-12, 3.2712836346e-12, 1.79055497507e-14], [2.00362487018e-11, 2.09576156429e-09, 3.35467853496e-09, 1.89178783749e-09, 4.7253685409e-09, 1.59527280275e-09, 4.40761344089e-10, 2.40177822075e-10, 8.15060130499e-10, 6.33024466179e-10, 4.68231287076e-10, 5.91030058228e-10, 5.18544929218e-10, 5.32708155365e-10, 3.25958898761e-10, 3.21492249489e-10, 3.25445254079e-10, 4.52693327269e-10, 8.51203107999e-10, 7.39647565418e-10, 9.22372678236e-10, 1.47181378196e-09, 2.2478269246e-10, 4.91895725541e-11, 1.7166103608e-11, 2.92036056795e-12, 1.51685101654e-14], [1.76438030852e-11, 1.57147572732e-09, 1.89178783749e-09, 3.81661013904e-09, 7.17207981893e-09, 1.91081195311e-09, 5.84110149138e-10, 3.17171372499e-10, 1.07278497197e-09, 8.47037773255e-10, 4.59877691483e-10, 5.74516489937e-10, 5.99921168298e-10, 6.67560784429e-10, 4.39035335864e-10, 4.33579699921e-10, 4.21882806467e-10, 5.27846988341e-10, 4.61051224976e-10, 8.07878042242e-10, 9.75957759053e-10, 1.2051165621e-09, 2.34530506127e-10, 4.48124315433e-11, 1.20634264297e-12, 2.68995025907e-12, 4.40194001787e-15], [6.11401276829e-11, 4.30013002983e-09, 4.7253685409e-09, 7.17207981893e-09, 2.24913172531e-08, 5.88622839359e-09, 1.70651148768e-09, 8.91951845716e-10, 3.17653903181e-09, 2.22486273849e-09, 1.44977430061e-09, 1.79599968231e-09, 1.63361690841e-09, 1.89788562643e-09, 1.15314968685e-09, 1.18203535848e-09, 1.24440291405e-09, 1.52175660961e-09, 1.2293864815e-09, 2.32978325521e-09, 2.89970492062e-09, 3.77867248602e-09, 6.76821876322e-10, 1.23844490219e-10, 7.00998026987e-12, 7.68864919648e-12, -4.50401028322e-14], [1.61352233657e-11, 1.41773470741e-09, 1.59527280275e-09, 1.91081195311e-09, 5.88622839359e-09, 2.85050538729e-09, 5.01761354688e-10, 2.97877278399e-10, 8.83258799433e-10, 6.28677720993e-10, 4.21412349461e-10, 5.65666791186e-10, 5.09656872261e-10, 6.43537001466e-10, 3.39248962256e-10, 3.77184922185e-10, 3.92611970712e-10, 4.37738900683e-10, 4.28095725535e-10, 8.37330038639e-10, 1.06883313311e-09, 1.284221951e-09, 2.2814732048e-10, 4.72964827025e-11, 1.45860979545e-11, 2.75014473e-12, 2.36599764981e-15], [6.2870693894e-12, 4.28614976844e-10, 4.40761344089e-10, 5.84110149138e-10, 1.70651148768e-09, 5.01761354688e-10, 2.98898017448e-10, 9.19207696071e-11, 2.56671378596e-10, 2.1091614566e-10, 1.25052301847e-10, 1.73771053102e-10, 1.76012093789e-10, 1.77161327275e-10, 1.08097829299e-10, 1.28579036307e-10, 1.13661982604e-10, 1.44776815536e-10, 1.79109199694e-10, 2.35794439529e-10, 2.87635831819e-10, 3.92336635402e-10, 6.92658985724e-11, 1.32902152825e-11, 7.45943497943e-12, 1.11792270319e-12, 1.24330562257e-14], [3.46157564418e-12, 2.55441695574e-10, 2.40177822075e-10, 3.17171372499e-10, 8.91951845716e-10, 2.97877278399e-10, 9.19207696071e-11, 1.08954158196e-10, 2.33052216414e-10, 1.18190610077e-10, 7.84747405946e-11, 1.01035554922e-10, 9.36445365696e-11, 1.08987076308e-10, 6.83303968962e-11, 6.76450354065e-11, 7.12556819105e-11, 8.92648802098e-11, 1.15584070093e-10, 1.37855407645e-10, 1.82377266067e-10, 2.81670409219e-10, 4.57953223953e-11, 9.04338149504e-12, 9.47803901336e-12, 5.4262893007e-13, 4.47745300512e-15], [1.16458856447e-11, 8.61447246869e-10, 8.15060130499e-10, 1.07278497197e-09, 3.17653903181e-09, 8.83258799433e-10, 2.56671378596e-10, 2.33052216414e-10, 1.68427938263e-09, 4.27293284089e-10, 2.66553168426e-10, 3.07877973116e-10, 3.53961970845e-10, 3.69663938349e-10, 2.357840867e-10, 2.54924581444e-10, 2.5601823439e-10, 3.00522245977e-10, 3.70185188059e-10, 4.01935928984e-10, 5.35194777385e-10, 6.7217204025e-10, 1.4021477035e-10, 3.41562333972e-11, 6.7391777922e-12, 1.36308119739e-12, -1.11454475613e-14], [6.68873333456e-12, 6.29945984265e-10, 6.33024466179e-10, 8.47037773255e-10, 2.22486273849e-09, 6.28677720993e-10, 2.1091614566e-10, 1.18190610077e-10, 4.27293284089e-10, 4.71661210089e-10, 2.46529185954e-10, 2.99036295726e-10, 2.86676821171e-10, 2.87694312817e-10, 1.79406559053e-10, 2.21961810043e-10, 1.96148805531e-10, 2.55494625456e-10, 3.37063738032e-10, 3.34382355138e-10, 4.01412375561e-10, 6.27047191948e-10, 1.14209496027e-10, 2.08371670612e-11, -4.35280977928e-12, 1.30655035402e-12, 3.17015950674e-15], [5.40039454128e-12, 5.35379629518e-10, 4.68231287076e-10, 4.59877691483e-10, 1.44977430061e-09, 4.21412349461e-10, 1.25052301847e-10, 7.84747405946e-11, 2.66553168426e-10, 2.46529185954e-10, 3.03053693251e-10, 2.87168039348e-10, 2.33996960697e-10, 2.01176353354e-10, 1.37516983911e-10, 1.98385460837e-10, 1.90668855704e-10, 2.46368092593e-10, 4.97411445366e-10, 2.81617257292e-10, 3.89726417804e-10, 6.6573335733e-10, 9.56762377657e-11, 2.04494546296e-11, -1.0881808692e-12, 1.39374362745e-12, 2.05634273308e-15], [7.09909778532e-12, 7.3916306409e-10, 5.91030058228e-10, 5.74516489937e-10, 1.79599968231e-09, 5.65666791186e-10, 1.73771053102e-10, 1.01035554922e-10, 3.07877973116e-10, 2.99036295726e-10, 2.87168039348e-10, 5.06424402413e-10, 2.97409430416e-10, 2.5431126649e-10, 1.81867937377e-10, 2.36686364952e-10, 2.31727886879e-10, 2.81187517714e-10, 5.21309273527e-10, 3.68183566968e-10, 5.12359599192e-10, 9.46828282444e-10, 1.3139975219e-10, 2.8885059275e-11, 2.48387421742e-12, 2.11764308346e-12, 8.38228039768e-15], [6.00248149796e-12, 6.34499730534e-10, 5.18544929218e-10, 5.99921168298e-10, 1.63361690841e-09, 5.09656872261e-10, 1.76012093789e-10, 9.36445365696e-11, 3.53961970845e-10, 2.86676821171e-10, 2.33996960697e-10, 2.97409430416e-10, 3.56931373346e-10, 2.49182535716e-10, 1.71752986833e-10, 2.54621379536e-10, 2.10001543932e-10, 2.6948140941e-10, 3.59995089294e-10, 3.34546668146e-10, 4.43704045727e-10, 7.9262485464e-10, 1.09015775573e-10, 2.15370117573e-11, -2.90925812087e-12, 1.52825636261e-12, 4.3435277788e-15], [6.26352008454e-12, 5.34647215389e-10, 5.32708155365e-10, 6.67560784429e-10, 1.89788562643e-09, 6.43537001466e-10, 1.77161327275e-10, 1.08987076308e-10, 3.69663938349e-10, 2.87694312817e-10, 2.01176353354e-10, 2.5431126649e-10, 2.49182535716e-10, 3.64482249937e-10, 1.78432768561e-10, 2.27503627048e-10, 2.01424668611e-10, 2.48239456768e-10, 2.85674067735e-10, 3.29754584749e-10, 4.14005579819e-10, 6.0020283188e-10, 1.07805729621e-10, 2.0294840461e-11, -3.44408963154e-12, 1.4641258041e-12, 6.1293866338e-16], [3.96904687935e-12, 3.7925765306e-10, 3.25958898761e-10, 4.39035335864e-10, 1.15314968685e-09, 3.39248962256e-10, 1.08097829299e-10, 6.83303968962e-11, 2.357840867e-10, 1.79406559053e-10, 1.37516983911e-10, 1.81867937377e-10, 1.71752986833e-10, 1.78432768561e-10, 1.68174196791e-10, 1.80510689729e-10, 1.55091425813e-10, 1.88015575331e-10, 3.03589375861e-10, 2.08904490928e-10, 2.6579796697e-10, 4.48231507466e-10, 7.77086381354e-11, 1.57986089488e-11, 3.00700328353e-12, 9.55839790998e-13, 5.08358385294e-15], [3.66125402565e-12, 4.53838050474e-10, 3.21492249489e-10, 4.33579699921e-10, 1.18203535848e-09, 3.77184922185e-10, 1.28579036307e-10, 6.76450354065e-11, 2.54924581444e-10, 2.21961810043e-10, 1.98385460837e-10, 2.36686364952e-10, 2.54621379536e-10, 2.27503627048e-10, 1.80510689729e-10, 4.19474732727e-10, 2.4812815691e-10, 3.07342012951e-10, 4.76902739521e-10, 2.69239436301e-10, 3.37681077545e-10, 4.77141492983e-10, 9.24356702292e-11, 1.27140858605e-11, -8.38477898224e-12, 9.73540909346e-13, -7.48437803974e-15], [4.59475556561e-12, 4.88510065733e-10, 3.25445254079e-10, 4.21882806467e-10, 1.24440291405e-09, 3.92611970712e-10, 1.13661982604e-10, 7.12556819105e-11, 2.5601823439e-10, 1.96148805531e-10, 1.90668855704e-10, 2.31727886879e-10, 2.10001543932e-10, 2.01424668611e-10, 1.55091425813e-10, 2.4812815691e-10, 2.7511121159e-10, 2.51253295946e-10, 4.0666553458e-10, 2.54122167753e-10, 3.38534950073e-10, 4.83326156875e-10, 8.48031783685e-11, 1.28604574906e-11, -8.72679446068e-12, 7.98948472484e-13, -8.9161593351e-15], [5.33242373868e-12, 5.84455706054e-10, 4.52693327269e-10, 5.27846988341e-10, 1.52175660961e-09, 4.37738900683e-10, 1.44776815536e-10, 8.92648802098e-11, 3.00522245977e-10, 2.55494625456e-10, 2.46368092593e-10, 2.81187517714e-10, 2.6948140941e-10, 2.48239456768e-10, 1.88015575331e-10, 3.07342012951e-10, 2.51253295946e-10, 3.81685572037e-10, 5.93258386861e-10, 3.20096144035e-10, 4.19180079536e-10, 6.29881646841e-10, 1.07907620339e-10, 1.65858143192e-11, -5.74940702686e-12, 1.19034046942e-12, -9.03985325045e-15], [7.6280318867e-12, 1.034085928e-09, 8.51203107999e-10, 4.61051224976e-10, 1.2293864815e-09, 4.28095725535e-10, 1.79109199694e-10, 1.15584070093e-10, 3.70185188059e-10, 3.37063738032e-10, 4.97411445366e-10, 5.21309273527e-10, 3.59995089294e-10, 2.85674067735e-10, 3.03589375861e-10, 4.76902739521e-10, 4.0666553458e-10, 5.93258386861e-10, 1.54245327622e-08, 6.53499643288e-10, 8.45521819226e-10, 2.38787678519e-09, 2.87345064409e-10, 1.52362691908e-10, 1.9452715827e-10, 6.94420389247e-12, 4.11834656005e-13], [8.42554498393e-12, 7.83173914609e-10, 7.39647565418e-10, 8.07878042242e-10, 2.32978325521e-09, 8.37330038639e-10, 2.35794439529e-10, 1.37855407645e-10, 4.01935928984e-10, 3.34382355138e-10, 2.81617257292e-10, 3.68183566968e-10, 3.34546668146e-10, 3.29754584749e-10, 2.08904490928e-10, 2.69239436301e-10, 2.54122167753e-10, 3.20096144035e-10, 6.53499643288e-10, 6.00917038351e-10, 6.58534504705e-10, 9.98029991983e-10, 1.55601587171e-10, 3.12127511337e-11, 3.6364938838e-12, 2.5106841519e-12, 1.854526969e-14], [1.18603772636e-11, 1.12107623185e-09, 9.22372678236e-10, 9.75957759053e-10, 2.89970492062e-09, 1.06883313311e-09, 2.87635831819e-10, 1.82377266067e-10, 5.35194777385e-10, 4.01412375561e-10, 3.89726417804e-10, 5.12359599192e-10, 4.43704045727e-10, 4.14005579819e-10, 2.6579796697e-10, 3.37681077545e-10, 3.38534950073e-10, 4.19180079536e-10, 8.45521819226e-10, 6.58534504705e-10, 1.05562036889e-09, 1.58263824268e-09, 2.16649059803e-10, 4.34617758449e-11, 1.02701588553e-11, 3.01221135708e-12, 2.9290372211e-14], [1.75053496004e-11, 1.88011006763e-09, 1.47181378196e-09, 1.2051165621e-09, 3.77867248602e-09, 1.284221951e-09, 3.92336635402e-10, 2.81670409219e-10, 6.7217204025e-10, 6.27047191948e-10, 6.6573335733e-10, 9.46828282444e-10, 7.9262485464e-10, 6.0020283188e-10, 4.48231507466e-10, 4.77141492983e-10, 4.83326156875e-10, 6.29881646841e-10, 2.38787678519e-09, 9.98029991983e-10, 1.58263824268e-09, 6.57002185989e-09, 4.27503310529e-10, 1.25773058635e-10, 8.00339933216e-11, 7.67158385429e-12, 2.01108986235e-13], [2.66353735942e-12, 2.65492489104e-10, 2.2478269246e-10, 2.34530506127e-10, 6.76821876322e-10, 2.2814732048e-10, 6.92658985724e-11, 4.57953223953e-11, 1.4021477035e-10, 1.14209496027e-10, 9.56762377657e-11, 1.3139975219e-10, 1.09015775573e-10, 1.07805729621e-10, 7.77086381354e-11, 9.24356702292e-11, 8.48031783685e-11, 1.07907620339e-10, 2.87345064409e-10, 1.55601587171e-10, 2.16649059803e-10, 4.27503310529e-10, 7.64120780539e-11, 1.39558564358e-11, 4.57413360661e-12, 9.46268454219e-13, 1.56872026491e-14], [8.8675594645e-13, 6.5528721338e-11, 4.91895725541e-11, 4.48124315433e-11, 1.23844490219e-10, 4.72964827025e-11, 1.32902152825e-11, 9.04338149504e-12, 3.41562333972e-11, 2.08371670612e-11, 2.04494546296e-11, 2.8885059275e-11, 2.15370117573e-11, 2.0294840461e-11, 1.57986089488e-11, 1.27140858605e-11, 1.28604574906e-11, 1.65858143192e-11, 1.52362691908e-10, 3.12127511337e-11, 4.34617758449e-11, 1.25773058635e-10, 1.39558564358e-11, 1.60453508119e-11, 3.17572032039e-12, 3.80974792729e-13, 1.67306913359e-14], [4.6126698381e-13, 8.51895637366e-12, 1.7166103608e-11, 1.20634264297e-12, 7.00998026987e-12, 1.45860979545e-11, 7.45943497943e-12, 9.47803901336e-12, 6.7391777922e-12, -4.35280977928e-12, -1.0881808692e-12, 2.48387421742e-12, -2.90925812087e-12, -3.44408963154e-12, 3.00700328353e-12, -8.38477898224e-12, -8.72679446068e-12, -5.74940702686e-12, 1.9452715827e-10, 3.6364938838e-12, 1.02701588553e-11, 8.00339933216e-11, 4.57413360661e-12, 3.17572032039e-12, 1.6292261984e-10, 3.08220571461e-13, 2.07460849037e-14], [3.68222061186e-14, 3.2712836346e-12, 2.92036056795e-12, 2.68995025907e-12, 7.68864919648e-12, 2.75014473e-12, 1.11792270319e-12, 5.4262893007e-13, 1.36308119739e-12, 1.30655035402e-12, 1.39374362745e-12, 2.11764308346e-12, 1.52825636261e-12, 1.4641258041e-12, 9.55839790998e-13, 9.73540909346e-13, 7.98948472484e-13, 1.19034046942e-12, 6.94420389247e-12, 2.5106841519e-12, 3.01221135708e-12, 7.67158385429e-12, 9.46268454219e-13, 3.80974792729e-13, 3.08220571461e-13, 4.65146584444e-14, 8.57377919458e-16], [2.07782171515e-16, 1.79055497507e-14, 1.51685101654e-14, 4.40194001787e-15, -4.50401028322e-14, 2.36599764981e-15, 1.24330562257e-14, 4.47745300512e-15, -1.11454475613e-14, 3.17015950674e-15, 2.05634273308e-15, 8.38228039768e-15, 4.3435277788e-15, 6.1293866338e-16, 5.08358385294e-15, -7.48437803974e-15, -8.9161593351e-15, -9.03985325045e-15, 4.11834656005e-13, 1.854526969e-14, 2.9290372211e-14, 2.01108986235e-13, 1.56872026491e-14, 1.67306913359e-14, 2.07460849037e-14, 8.57377919458e-16, 1.20202657303e-16]]
    },
    "mfcc": {
        "kurt": [1.14786338806, 2.68401861191, -0.275819063187, 0.38369679451, 1.37961435318, -0.0618884563446, 0.0199620723724, 0.114444494247, 0.111184358597, 0.186366319656, 0.433105945587, 0.191655635834, 0.00423407554626],
        "max": [-676.597106934, 156.554779053, 37.0620384216, 68.8097763062, 23.7243041992, 41.9550170898, 31.35795784, 25.781244278, 18.366268158, 19.6202125549, 29.042678833, 12.9883422852, 17.2467269897],
        "mean": [-792.358398438, 75.6291503906, -4.89181995392, 45.0153541565, -13.9793920517, 11.3065061569, 4.02801036835, 1.77226257324, -5.74116945267, -3.88529086113, 3.82412600517, -12.5789613724, -1.5326873064],
        "median": [-792.264770508, 70.5746459961, -4.18195152283, 45.5426445007, -15.8156147003, 11.3511819839, 3.94744300842, 2.12921142578, -5.66639614105, -4.07203674316, 3.48188686371, -12.2159004211, -1.4757976532],
        "min": [-1004.1461792, 39.9990119934, -49.893032074, 13.0134620667, -37.9322547913, -18.7378578186, -20.9170913696, -24.6163864136, -27.2803955078, -27.3826179504, -19.5342617035, -36.8611831665, -22.4041881561],
        "skew": [-0.558908581734, 1.67008328438, -0.212249562144, -0.271161645651, 1.06422364712, -0.15554343164, 0.121106386185, -0.258385181427, -0.0342603586614, 0.0431337915361, 0.315962672234, -0.0844900012016, -0.0726377144456],
        "var": [2733.66381836, 487.351806641, 257.293182373, 70.8677368164, 98.7171325684, 96.4298324585, 53.7804374695, 60.0162773132, 40.8077545166, 46.0849723816, 57.5418777466, 55.0304718018, 30.486579895],
        "cov": [[2736.15136719, -623.214599609, -153.503952026, 72.1926422119, -256.137481689, 289.77947998, -137.069259644, 121.796348572, -33.3231086731, -39.0500679016, 45.8195037842, -90.1924362183, -62.3045578003], [-623.214599609, 487.795257568, -73.2857437134, -65.8186340332, 127.21975708, -61.0270042419, 38.2662582397, -16.0941734314, 30.3521766663, -17.9509181976, -82.2917861938, 77.5927734375, -1.81817913055], [-153.503952026, -73.2857437134, 257.527282715, 18.3454227448, -28.8103103638, -23.4426250458, 14.6552238464, -40.9581375122, -7.39671039581, 29.9224224091, 51.3217048645, -39.2570495605, 10.0527534485], [72.1926422119, -65.8186340332, 18.3454227448, 70.932220459, -18.7076778412, 15.9617509842, -8.38514709473, -1.26693677902, -9.83662128448, 7.75997257233, 17.6576309204, -14.0860185623, 1.4331009388], [-256.137481689, 127.21975708, -28.8103103638, -18.7076778412, 98.8069534302, -23.66563797, 26.546377182, -7.99762058258, 10.4007530212, -1.91860675812, -18.7201690674, 24.5980987549, 8.13903236389], [289.77947998, -61.0270042419, -23.4426250458, 15.9617509842, -23.66563797, 96.5175704956, -16.390953064, 17.7314815521, -6.57001543045, -3.40897417068, 0.899521708488, 7.65656280518, -11.3149108887], [-137.069259644, 38.2662582397, 14.6552238464, -8.38514709473, 26.546377182, -16.390953064, 53.829372406, 3.34589385986, 7.4601855278, 1.22121500969, 1.28617298603, 1.41508948803, 10.4178857803], [121.796348572, -16.0941734314, -40.9581375122, -1.26693677902, -7.99762058258, 17.7314815521, 3.34589385986, 60.0708885193, 6.55955791473, 3.67956614494, -9.79481506348, 4.52118682861, -1.38525402546], [-33.3231086731, 30.3521766663, -7.39671039581, -9.83662128448, 10.4007530212, -6.57001543045, 7.4601855278, 6.55955791473, 40.8448867798, -0.830446362495, 1.83743607998, 7.00355100632, 5.60663890839], [-39.0500679016, -17.9509181976, 29.9224224091, 7.75997257233, -1.91860675812, -3.40897417068, 1.22121500969, 3.67956614494, -0.830446362495, 46.1269035339, 14.8314228058, -3.56258010864, 2.58978748322], [45.8195037842, -82.2917861938, 51.3217048645, 17.6576309204, -18.7201690674, 0.899521708488, 1.28617298603, -9.79481506348, 1.83743607998, 14.8314228058, 57.5942382812, -17.0846443176, 10.0025196075], [-90.1924362183, 77.5927734375, -39.2570495605, -14.0860185623, 24.5980987549, 7.65656280518, 1.41508948803, 4.52118682861, 7.00355100632, -3.56258010864, -17.0846443176, 55.0805473328, 2.04243540764], [-62.3045578003, -1.81817913055, 10.0527534485, 1.4331009388, 8.13903236389, -11.3149108887, 10.4178857803, -1.38525402546, 5.60663890839, 2.58978748322, 10.0025196075, 2.04243540764, 30.5143203735]]
    },
    "sccoeffs": {
        "kurt": [0.625170707703, 0.549418210983, 0.248276233673, 0.226369857788, 0.0905048847198, 0.729844093323],
        "max": [-0.567637264729, -0.615409374237, -0.755365669727, -0.766076743603, -0.697592616081, -0.678795576096],
        "mean": [-0.772461414337, -0.817053973675, -0.856328606606, -0.851534962654, -0.817046880722, -0.770284831524],
        "median": [-0.77596026659, -0.81912791729, -0.857567131519, -0.853312730789, -0.819002687931, -0.769246339798],
        "min": [-0.932250320911, -0.908625423908, -0.930448055267, -0.913663208485, -0.891897082329, -0.896265983582],
        "skew": [0.433326452971, 0.465057343245, 0.302984029055, 0.464865744114, 0.375628441572, -0.220110490918],
        "var": [0.00187409925275, 0.00154743413441, 0.000725046440493, 0.000501326925587, 0.000954533461481, 0.000804222770967],
        "cov": [[0.00187580450438, 0.000174771223101, 0.000155067697051, 0.000119837772218, 3.03942597384e-05, 0.00025035237195], [0.000174771223101, 0.00154884217773, 1.03490392576e-05, 6.50553774904e-05, -9.47853550315e-05, 8.24269664008e-05], [0.000155067697051, 1.03490392576e-05, 0.000725706166122, 6.99100419297e-05, -1.05495064417e-05, 8.38130508782e-05], [0.000119837772218, 6.50553774904e-05, 6.99100419297e-05, 0.000501783099025, -1.15245466077e-05, 0.000107688538264], [3.03942597384e-05, -9.47853550315e-05, -1.05495064417e-05, -1.15245466077e-05, 0.000955402036197, 0.000224068338866], [0.00025035237195, 8.24269664008e-05, 8.38130508782e-05, 0.000107688538264, 0.000224068338866, 0.00080495455768]]
    },
    "scvalleys": {
        "kurt": [0.936908721924, 0.508321523666, -0.00928235054016, -0.175342798233, 0.590198516846, 3.86289930344],
        "max": [-5.21435785294, -5.96191072464, -6.00192546844, -6.59350824356, -6.84400272369, -8.44861602783],
        "mean": [-7.00867700577, -7.41319942474, -7.65239524841, -8.09021472931, -8.12660217285, -9.70341396332],
        "median": [-7.05644226074, -7.43957805634, -7.73198223114, -8.17007255554, -8.17151069641, -9.5542640686],
        "min": [-8.53551197052, -8.96610546112, -9.1009759903, -9.7103471756, -10.1979446411, -12.4401950836],
        "skew": [0.667006373405, 0.261786699295, 0.52842861414, 0.364322602749, -0.59983843565, -1.99528336525],
        "var": [0.222231790423, 0.205333814025, 0.269832879305, 0.298077225685, 0.328708320856, 0.591542541981],
        "cov": [[0.222433999181, 0.114420287311, 0.132064729929, 0.1371884197, 0.131920292974, 0.146087229252], [0.114420287311, 0.205520659685, 0.135767519474, 0.141987532377, 0.153968453407, 0.202909842134], [0.132064729929, 0.135767519474, 0.270078390837, 0.23147341609, 0.236645042896, 0.243267089128], [0.1371884197, 0.141987532377, 0.23147341609, 0.298348456621, 0.275040000677, 0.278380632401], [0.131920292974, 0.153968453407, 0.236645042896, 0.275040000677, 0.329007416964, 0.363674938679], [0.146087229252, 0.202909842134, 0.243267089128, 0.278380632401, 0.363674938679, 0.592080771923]]
    }
},
"rhythm": {
    "beats_loudness": {
        "kurt": 8.83739280701,
        "max": 0.00288775586523,
        "mean": 0.000528929871507,
        "median": 0.000388552929508,
        "min": 0.000100935692899,
        "skew": 2.87490963936,
        "var": 2.49415620601e-07
    },
    "bpm": 114.551979065,
    "confidence": 0.498543083668,
    "first_peak_bpm": {
        "kurt": 0,
        "max": 115,
        "mean": 115,
        "median": 115,
        "min": 115,
        "skew": 0,
        "var": 0
    },
    "first_peak_spread": {
        "kurt": 0,
        "max": 0.642857193947,
        "mean": 0.642857193947,
        "median": 0.642857193947,
        "min": 0.642857193947,
        "skew": 0,
        "var": 0
    },
    "first_peak_weight": {
        "kurt": 0,
        "max": 0.196078434587,
        "mean": 0.196078434587,
        "median": 0.196078434587,
        "min": 0.196078434587,
        "skew": 0,
        "var": 0
    },
    "onset_rate": 0.666402935982,
    "second_peak_bpm": {
        "kurt": 0,
        "max": 152,
        "mean": 152,
        "median": 152,
        "min": 152,
        "skew": 0,
        "var": 0
    },
    "second_peak_spread": {
        "kurt": 0,
        "max": 0,
        "mean": 0,
        "median": 0,
        "min": 0,
        "skew": 0,
        "var": 0
    },
    "second_peak_weight": {
        "kurt": 0,
        "max": 0.156862750649,
        "mean": 0.156862750649,
        "median": 0.156862750649,
        "min": 0.156862750649,
        "skew": 0,
        "var": 0
    },
    "beats_loudness_band_ratio": {
        "kurt": [-0.245032787323, 0.0985345840454, 7.54902553558, 0.557461500168, 1.18023490906, 0.0384299755096],
        "max": [0.486277759075, 0.413982659578, 0.234707295895, 0.184184491634, 0.253635317087, 0.687297224998],
        "mean": [0.237490013242, 0.179970726371, 0.0778816565871, 0.075202897191, 0.0817451477051, 0.372096836567],
        "median": [0.21400141716, 0.158193737268, 0.0722645819187, 0.0696413069963, 0.0561775937676, 0.367016911507],
        "min": [0.0885772183537, 0.0496610328555, 0.0358669348061, 0.0144071066752, 0.020706480369, 0.0473630353808],
        "skew": [0.7748721838, 0.796297609806, 2.17529845238, 0.896562278271, 1.39315736294, 0.101240992546],
        "var": [0.0108446432278, 0.00656810216606, 0.00109349261038, 0.00154489197303, 0.00326328608207, 0.0204735100269],
        "cov": [[0.0110572837293, -0.000614992110059, 0.00027634340222, -0.000542784749996, -0.00132336560637, -0.00888074934483], [-0.000614992110059, 0.0066968887113, 0.000324142660247, -7.02777324477e-05, -0.000569925934542, -0.00553442258388], [0.00027634340222, 0.000324142660247, 0.00111493363511, 0.000123960751807, 0.000151739906869, -0.00196841103025], [-0.000542784749996, -7.02777324477e-05, 0.000123960751807, 0.00157518393826, 0.00122823065612, -0.00218841806054], [-0.00132336560637, -0.000569925934542, 0.000151739906869, 0.00122823065612, 0.0033272721339, -0.00265079387464], [-0.00888074934483, -0.00553442258388, -0.00196841103025, -0.00218841806054, -0.00265079387464, 0.0208749510348]]
    },
    "beats_position": [0.49922901392, 1.01006805897, 1.53251695633, 2.0549659729, 2.56580495834, 3.07664394379, 3.58748292923, 4.09832191467, 4.63238096237, 5.15482997894, 5.67727899551, 6.19972801208, 6.73378658295, 7.26784563065, 7.79029464722, 8.3011341095, 8.82358264923, 9.33442115784, 9.84526062012, 10.3677091599, 10.8785486221, 11.4009971619, 11.9350566864, 12.4807252884, 13.0263938904, 13.5604534149, 14.0945119858, 14.6285715103, 15.1626300812, 15.6850786209, 16.2191371918, 16.6835365295, 17.1479358673, 17.6123352051, 18.088344574, 18.5643539429, 19.0403633118, 19.4234924316, 19.8066215515, 20.1897506714, 20.5728797913, 20.9676189423, 21.3623580933, 21.7570972443, 22.1402263641, 22.523355484, 22.9064846039, 23.3012237549, 23.6959629059, 24.0907020569, 24.4854412079, 24.8801803589],
    "bpm_estimates": [117.453826904, 114.843765259, 114.843742371, 117.453842163, 117.453842163, 117.453842163, 117.453842163, 112.347129822, 114.843742371, 114.843742371, 114.843742371, 112.347229004, 112.347129822, 114.843742371, 117.453727722, 114.843849182, 117.453948975, 117.453727722, 114.843849182, 117.453727722, 114.843849182, 112.34703064, 109.956848145, 109.956848145, 112.34703064, 112.347229004, 112.34703064, 112.347229004, 114.843849182, 112.347229004],
    "bpm_intervals": [0.510839045048, 0.522448897362, 0.522449016571, 0.510838985443, 0.510838985443, 0.510838985443, 0.510838985443, 0.534059047699, 0.522449016571, 0.522449016571, 0.522449016571, 0.534058570862, 0.534059047699, 0.522449016571, 0.51083946228, 0.522448539734, 0.510838508606, 0.51083946228, 0.522448539734, 0.51083946228, 0.522448539734, 0.534059524536, 0.54566860199, 0.54566860199, 0.534059524536, 0.534058570862, 0.534059524536, 0.534058570862, 0.522448539734, 0.534058570862, 0.464399337769, 0.464399337769, 0.464399337769, 0.476009368896, 0.476009368896, 0.476009368896, 0.383129119873, 0.383129119873, 0.383129119873, 0.383129119873, 0.394739151001, 0.394739151001, 0.394739151001, 0.383129119873, 0.383129119873, 0.383129119873, 0.394739151001, 0.394739151001, 0.394739151001, 0.394739151001, 0.394739151001],
    "onset_times": [0.0116099771112, 10.866938591, 11.8886165619, 12.4458961487, 12.9451246262, 13.0496149063, 13.1889343262, 13.722992897, 14.5589113235, 16.904127121, 18.5063037872, 18.8894329071, 21.0953292847, 21.7919273376, 23.4869842529, 23.9049434662, 25.4839000702],
    "histogram": [[0, 0, 0, 0, 0, 0, 0, 0, 0, 0, 0, 0, 0, 0, 0, 0, 0, 0, 0, 0, 0, 0, 0, 0, 0, 0, 0, 0, 0, 0, 0, 0, 0, 0, 0, 0, 0, 0, 0, 0, 0, 0, 0, 0, 0, 0, 0, 0, 0, 0, 0, 0, 0, 0, 0, 0, 0, 0, 0, 0, 0, 0, 0, 0, 0, 0, 0, 0, 0, 0, 0, 0, 0, 0, 0, 0, 0, 0, 0, 0, 0, 0, 0, 0, 0, 0, 0, 0, 0, 0, 0, 0, 0, 0, 0, 0, 0, 0, 0, 0, 0, 0, 0, 0, 0, 0, 0, 0, 0, 0, 0.0392156876624, 0, 0.176470592618, 0, 0, 0.196078434587, 0, 0.176470592618, 0, 0, 0, 0, 0, 0, 0, 0, 0.0588235296309, 0, 0, 0.0588235296309, 0, 0, 0, 0, 0, 0, 0, 0, 0, 0, 0, 0, 0, 0, 0, 0, 0, 0, 0, 0, 0, 0, 0.156862750649, 0, 0, 0, 0, 0.137254908681, 0, 0, 0, 0, 0, 0, 0, 0, 0, 0, 0, 0, 0, 0, 0, 0, 0, 0, 0, 0, 0, 0, 0, 0, 0, 0, 0, 0, 0, 0, 0, 0, 0, 0, 0, 0, 0, 0, 0, 0, 0, 0, 0, 0, 0, 0, 0, 0, 0, 0, 0, 0, 0, 0, 0, 0, 0, 0, 0, 0, 0, 0, 0, 0, 0, 0, 0, 0, 0, 0, 0, 0, 0, 0, 0, 0, 0, 0, 0, 0, 0, 0, 0, 0, 0, 0, 0, 0, 0, 0, 0, 0]]
},
"sfx": {
    "inharmonicity": {
        "kurt": 1.86932277679,
        "max": 0.376591473818,
        "mean": 0.0623833611608,
        "median": 0.0367580652237,
        "min": 0,
        "skew": 1.48674809933,
        "var": 0.00526783755049
    },
    "oddtoevenharmonicenergyratio": {
        "kurt": 72.4651947021,
        "max": 422.295654297,
        "mean": 8.9401216507,
        "median": 0.4401871562,
        "min": 0,
        "skew": 7.78569364548,
        "var": 1208.91711426
    },
    "pitch_after_max_to_before_max_energy_ratio": 41.5909042358,
    "pitch_centroid": 595.446899414,
    "pitch_max_to_total": 0.034545455128,
    "pitch_min_to_total": 0.456363648176,
    "tristimulus": {
        "kurt": [-0.773833274841, -1.43050408363, -1.08486628532],
        "max": [1, 0.980342507362, 1],
        "mean": [0.397163689137, 0.402451574802, 0.200384706259],
        "median": [0.240798458457, 0.297842562199, 0],
        "min": [0, 0, 0],
        "skew": [0.939598321915, 0.266233950853, 0.803955435753],
        "var": [0.123370073736, 0.111440874636, 0.07597964257],
        "cov": [[0.123482324183, -0.0794878453016, -0.0439945757389], [-0.0794878453016, 0.111542277038, -0.032054644078], [-0.0439945757389, -0.032054644078, 0.0760487765074]]
    }
},
"tonal": {
    "chords_changes_rate": 0.0635208711028,
    "chords_number_rate": 0.00725952815264,
    "chords_strength": {
        "kurt": -0.0129470825195,
        "max": 0.721792936325,
        "mean": 0.58273267746,
        "median": 0.581152021885,
        "min": 0.387268364429,
        "skew": -0.261802107096,
        "var": 0.00399187440053
    },
    "key_strength": 0.716795921326,
    "tuning_diatonic_strength": 0.691042363644,
    "tuning_equal_tempered_deviation": 0.184805676341,
    "tuning_frequency": 453.940612793,
