{
"metadata": {
    "version": {
        "essentia": "2.1-beta3"
    }
},
"lowLevel": {
    "average_loudness": 0.930011212826,
    "barkbands_kurtosis": {
        "kurt": 4.42712593079,
        "max": 6.54964447021,
        "mean": -0.292842924595,
        "median": -0.764471769333,
        "min": -1.78053092957,
        "skew": 1.90761637688,
        "var": 2.07050514221
    },
    "barkbands_skewness": {
        "kurt": 0.062792301178,
        "max": 1.78557860851,
        "mean": -0.463855922222,
        "median": -0.509083867073,
        "min": -2.63951301575,
        "skew": 0.38301846385,
        "var": 0.725261092186
    },
    "barkbands_spread": {
        "kurt": -0.553666114807,
        "max": 47.7134246826,
        "mean": 28.5508422852,
        "median": 28.977437973,
        "min": 10.1135988235,
        "skew": -0.138144731522,
        "var": 55.5780639648
    },
    "dissonance": {
        "kurt": 5.56153011322,
        "max": 0.5,
        "mean": 0.485225945711,
        "median": 0.488054394722,
        "min": 0.399164587259,
        "skew": -1.64607870579,
        "var": 0.000153530898388
    },
    "hfc": {
        "kurt": 3.98044061661,
        "max": 14.8258466721,
        "mean": 1.94283008575,
        "median": 0.944780409336,
        "min": 1.29387956349e-06,
        "skew": 1.94552826881,
        "var": 6.08918523788
    },
    "pitch": {
        "kurt": -1.698148489,
        "max": 4710.0078125,
        "mean": 1784.90344238,
        "median": 815.986877441,
        "min": 93.5833816528,
        "skew": 0.276738703251,
        "var": 2084944.625
    },
    "pitch_instantaneous_confidence": {
        "kurt": 0.159504652023,
        "max": 0.789303481579,
        "mean": 0.35525739193,
        "median": 0.336995840073,
        "min": 0.128195762634,
        "skew": 0.72977155447,
        "var": 0.0187702998519
    },
    "pitch_salience": {
        "kurt": 2.09441995621,
        "max": 0.880245506763,
        "mean": 0.730535686016,
        "median": 0.753511965275,
        "min": 0.36473146081,
        "skew": -1.41226065159,
        "var": 0.00879606790841
    },
    "silence_rate_20dB": {
        "kurt": 0,
        "max": 1,
        "mean": 1,
        "median": 1,
        "min": 1,
        "skew": 0,
        "var": 0
    },
    "silence_rate_30dB": {
        "kurt": 0,
        "max": 1,
        "mean": 1,
        "median": 1,
        "min": 1,
        "skew": 0,
        "var": 0
    },
    "silence_rate_60dB": {
        "kurt": 0,
        "max": 1,
        "mean": 1,
        "median": 1,
        "min": 1,
        "skew": 0,
        "var": 0
    },
    "spectral_centroid": {
        "kurt": 0.0233163833618,
        "max": 5145.82373047,
        "mean": 2522.79003906,
        "median": 2553.65795898,
        "min": 569.395874023,
        "skew": -0.15370631218,
        "var": 856841.5
    },
    "spectral_complexity": {
        "kurt": 6.29717159271,
        "max": 15,
        "mean": 1.41481482983,
        "median": 0,
        "min": 0,
        "skew": 2.46389389038,
        "var": 7.17114257812
    },
    "spectral_crest": {
        "kurt": 2.46580028534,
        "max": 17.9416599274,
        "mean": 6.47861766815,
        "median": 5.72310018539,
        "min": 2.6155090332,
        "skew": 1.46839547157,
        "var": 7.44092321396
    },
    "spectral_decrease": {
        "kurt": 3.1717839241,
        "max": -5.46022001756e-16,
        "mean": -1.29743799038e-10,
        "median": -6.24715765229e-11,
        "min": -8.33523472465e-10,
        "skew": -1.85042691231,
        "var": 2.60465135441e-20
    },
    "spectral_energy": {
        "kurt": 3.18253326416,
        "max": 0.00447670323774,
        "mean": 0.000665903033223,
        "median": 0.000319882383337,
        "min": 2.17817208714e-09,
        "skew": 1.83884549141,
        "var": 6.80423624999e-07
    },
    "spectral_energyband_high": {
        "kurt": 5.62059307098,
        "max": 0.00155359483324,
        "mean": 0.000175002933247,
        "median": 6.85394843458e-05,
        "min": 1.59819917717e-11,
        "skew": 2.20723986626,
        "var": 5.87076343095e-08
    },
    "spectral_energyband_low": {
        "kurt": 4.92203474045,
        "max": 1.53771161422e-05,
        "mean": 2.37667813963e-06,
        "median": 1.86980173567e-06,
        "min": 1.60824867312e-10,
        "skew": 1.66686737537,
        "var": 4.28769389785e-12
    },
    "spectral_energyband_middle_high": {
        "kurt": 6.88124752045,
        "max": 0.00306066707708,
        "mean": 0.000343999825418,
        "median": 0.000151357045979,
        "min": 4.00500660414e-10,
        "skew": 2.39545583725,
        "var": 2.20014072738e-07
    },
    "spectral_energyband_middle_low": {
        "kurt": 7.01748371124,
        "max": 0.00146998942364,
        "mean": 0.000149700892507,
        "median": 6.21111539658e-05,
        "min": 1.61835789214e-09,
        "skew": 2.47079348564,
        "var": 4.62986662342e-08
    },
    "spectral_flatness_db": {
        "kurt": -0.357177019119,
        "max": 0.201794564724,
        "mean": 0.131181687117,
        "median": 0.129171386361,
        "min": 0.0824867188931,
        "skew": 0.334111273289,
        "var": 0.000461475894554
    },
    "spectral_flux": {
        "kurt": -0.683478116989,
        "max": 0.0564483478665,
        "mean": 0.0202470924705,
        "median": 0.0195037666708,
        "min": 0.000107532017864,
        "skew": 0.256854742765,
        "var": 0.000177542518941
    },
    "spectral_kurtosis": {
        "kurt": 4.68348169327,
        "max": 16.96991539,
        "mean": 3.0189781189,
        "median": 2.3968963623,
        "min": 0.339792966843,
        "skew": 2.02993655205,
        "var": 5.47297143936
    },
    "spectral_rms": {
        "kurt": -0.120616912842,
        "max": 0.00208986015059,
        "mean": 0.000656842836179,
        "median": 0.000558641564567,
        "min": 1.45775379679e-06,
        "skew": 0.677835464478,
        "var": 2.1821911389e-07
    },
    "spectral_rolloff": {
        "kurt": 0.155577421188,
        "max": 7105.95703125,
        "mean": 4186.90771484,
        "median": 4306.640625,
        "min": 775.1953125,
        "skew": -0.85599476099,
        "var": 1687367.125
    },
    "spectral_skewness": {
        "kurt": 3.15678930283,
        "max": 3.1746609211,
        "mean": 1.3068625927,
        "median": 1.21019804478,
        "min": 0.668379962444,
        "skew": 1.6476804018,
        "var": 0.158400729299
    },
    "spectral_spread": {
        "kurt": 0.515716314316,
        "max": 12321233,
        "mean": 5870844,
        "median": 5943433.5,
        "min": 2852387.75,
        "skew": 0.0618387646973,
        "var": 2.04593338778e+12
    },
    "spectral_strongpeak": {
        "kurt": 8.86104869843,
        "max": 7.35730648041,
        "mean": 0.673238515854,
        "median": 0.263032287359,
        "min": 4.36645968875e-05,
        "skew": 2.67482161522,
        "var": 1.09014451504
    },
    "zerocrossingrate": {
        "kurt": 0.106480360031,
        "max": 0.25048828125,
        "mean": 0.137314334512,
        "median": 0.14013671875,
        "min": 0.01220703125,
        "skew": -0.360700815916,
        "var": 0.00187270878814
    },
    "barkbands": {
        "kurt": [61.3187942505, 3.50427484512, 5.98832511902, 4.89243888855, 2.79978847504, 5.2941570282, 11.6754255295, 13.9094848633, 4.6476316452, 5.92557621002, 6.2664270401, 13.4095611572, 16.8121547699, 48.7367630005, 6.5189447403, 37.6230506897, 12.9721517563, 17.0690727234, 13.0572872162, 14.2626552582, 10.026058197, 18.8130245209, 63.3963546753, 16.5864067078, 18.1016921997, 50.2910194397, 90.6719970703],
        "max": [4.17063183988e-09, 2.34855201597e-06, 7.26409689378e-06, 1.82591411431e-05, 0.000149948158651, 0.000297212332953, 0.000541328685358, 0.000510823214427, 0.000112467983854, 0.000172547894181, 0.000126046521473, 0.00011006782006, 0.00011643821199, 0.000205941745662, 5.21780639247e-05, 0.000334855663823, 0.000314948469168, 0.000984560931101, 0.00161306839436, 0.00065187679138, 0.000705266953446, 0.00121802440844, 0.000216911590542, 1.86689176189e-05, 5.64137517358e-05, 1.8544736804e-06, 4.96541225914e-08],
        "mean": [2.05730252278e-10, 3.29079171024e-07, 9.79498850029e-07, 2.58284717347e-06, 1.99068053917e-05, 3.39192156389e-05, 3.89623091905e-05, 3.34422293236e-05, 1.64067514561e-05, 1.80992592504e-05, 1.43836814459e-05, 1.00829474832e-05, 1.07165578811e-05, 1.10605333248e-05, 7.02505712979e-06, 1.60573399626e-05, 2.78785810224e-05, 7.24782512407e-05, 0.000130836910103, 5.5512846302e-05, 5.97039106651e-05, 7.208011084e-05, 7.81093604019e-06, 1.25092014969e-06, 4.31971966464e-06, 7.58019922387e-08, 1.66731350948e-09],
        "median": [1.07653927439e-10, 2.05753593718e-07, 6.48078298582e-07, 1.74226261151e-06, 9.07370485947e-06, 1.08334552351e-05, 1.04544860733e-05, 1.01514888229e-05, 8.70698750077e-06, 6.81854635332e-06, 4.95787708132e-06, 5.54841517442e-06, 5.93143613514e-06, 5.38389758731e-06, 3.75946638087e-06, 6.09581184108e-06, 1.35201034936e-05, 2.29552460951e-05, 5.01038157381e-05, 1.94265830942e-05, 2.00516133191e-05, 1.92185216292e-05, 2.57619558397e-06, 3.80589284532e-07, 1.54058307089e-06, 1.93395859327e-08, 5.92898286023e-10],
        "min": [2.31928158048e-14, 3.87637942578e-11, 4.68785392449e-11, 2.45422501766e-11, 3.01903974043e-10, 8.18476064701e-10, 3.4010480543e-10, 2.5184635627e-11, 7.44687297938e-11, 9.52263753962e-11, 1.77238519e-11, 1.22105922595e-10, 6.09794784112e-11, 1.88499910125e-11, 8.17493728961e-12, 1.08068025015e-11, 4.66458156823e-11, 1.25554107042e-11, 1.42636605652e-11, 1.04274167426e-11, 6.67781932182e-12, 3.07970814649e-12, 1.26389317848e-12, 4.64099245145e-13, 3.68492508642e-13, 1.78823359657e-13, 1.22894104493e-14],
        "skew": [6.63573789597, 1.79760849476, 2.10185861588, 1.87430691719, 1.66292500496, 2.3236618042, 3.27958440781, 3.3420996666, 2.04445576668, 2.23494505882, 2.36615157127, 3.10765171051, 3.72026824951, 5.18696498871, 2.48765683174, 5.21741437912, 3.08961248398, 3.73085284233, 3.20767092705, 3.29635167122, 2.84484195709, 3.75870919228, 6.46262550354, 3.48547577858, 3.76198530197, 5.68296051025, 7.84191131592],
        "var": [1.35685395633e-19, 1.42882816581e-13, 1.12793281659e-12, 6.94073444552e-12, 5.74101322037e-10, 2.74789124788e-09, 6.1711489252e-09, 3.86680953923e-09, 3.99785177185e-10, 6.57939425164e-10, 4.39937225538e-10, 1.76847536615e-10, 2.61551447167e-10, 2.72808747814e-10, 8.64617405449e-11, 9.90210802243e-10, 1.64572711014e-09, 1.78914216775e-08, 4.56454252173e-08, 8.3138971263e-09, 9.21779186314e-09, 1.84799997527e-08, 2.8183100298e-10, 4.87445240421e-12, 5.6276993482e-11, 2.33521342319e-14, 1.24305641886e-17],
        "cov": [[1.36021256811e-19, 1.09332547833e-17, 1.75021425274e-17, 1.83437888745e-16, 1.22625722104e-15, 1.2631784343e-15, -2.19668968676e-16, -3.23978323273e-17, 6.57258762372e-16, 7.60069080411e-16, 5.43591176016e-16, 4.41910429351e-16, 6.85868147199e-16, 6.41972941108e-16, 2.91174378352e-16, 3.23736468897e-16, 2.59755570528e-15, 3.7067580552e-15, 6.21865458908e-15, 2.16699085874e-15, 9.48856895426e-15, 4.06153526406e-15, 8.51768602583e-16, 8.40167281996e-17, 8.23784116314e-16, 9.76400024591e-18, 1.59799339e-19], [1.09332547833e-17, 1.4323648333e-13, 2.09010814298e-13, 2.01879555824e-13, 2.12026555167e-12, 2.43423922512e-12, 1.37450901355e-12, 1.17464371563e-12, 1.01550007552e-12, 1.89604647087e-12, 1.2517626909e-12, 8.99127235339e-13, 8.98203007197e-13, 1.02836478482e-12, 5.53977707891e-13, 1.29836712128e-12, 2.92137820011e-12, 6.27049367291e-12, 1.60036532637e-11, 4.47121202909e-12, 6.78309665381e-12, 5.06659124377e-12, 3.94740067456e-13, 8.3361364144e-14, 5.38294669256e-13, 7.37673793984e-15, 2.01748702892e-16], [1.75021425274e-17, 2.09010814298e-13, 1.13072474561e-12, 1.14240008512e-12, 5.96714995124e-12, 5.40205727373e-12, 1.79957340262e-13, 3.24666942636e-12, 2.7428181254e-12, 4.57575990986e-12, 2.18660766577e-12, 2.73719241717e-12, 4.22893144114e-12, 3.27821710749e-12, 1.0442534424e-12, 3.10948380759e-12, 6.64810827916e-12, 8.18435683808e-12, 2.01327843286e-11, 8.44377345821e-12, 8.13223967333e-12, 7.77585808243e-12, 2.78986496448e-13, 4.38686867594e-14, 8.1426271975e-13, 1.69207435064e-14, 6.11982204364e-16], [1.83437888745e-16, 2.01879555824e-13, 1.14240008512e-12, 6.95791427946e-12, 2.61019712788e-11, 3.47390206878e-11, 1.19826535847e-11, 1.42638236292e-11, 1.6351638793e-11, 1.92448054021e-11, 1.67094081627e-11, 1.15258670663e-11, 1.16123291538e-11, 1.09194641176e-11, 6.71940975083e-12, 1.33971176167e-11, 3.91534374367e-11, 7.09311012703e-11, 1.18225748635e-10, 5.71145700179e-11, 5.81828474289e-11, 5.1942148499e-11, 8.60320061719e-12, 8.18961923017e-13, 2.55649407893e-12, 4.29176754357e-14, 9.00688566935e-16], [1.22625722104e-15, 2.12026555167e-12, 5.96714995124e-12, 2.61019712788e-11, 5.75522407509e-10, 9.47244060967e-10, 1.03867991985e-09, 9.36426713949e-10, 3.28029686747e-10, 4.70054051238e-10, 3.64610674985e-10, 2.11418924034e-10, 2.46235976054e-10, 2.17589349316e-10, 1.30933611175e-10, 4.08173550515e-10, 5.68512681376e-10, 1.87919590999e-09, 3.12510195499e-09, 1.443767772e-09, 1.29318777908e-09, 1.19553555944e-09, 1.44503478627e-10, 3.08098095647e-11, 6.11529160643e-11, 1.58036864845e-12, 1.99876177214e-14], [1.2631784343e-15, 2.43423922512e-12, 5.40205727373e-12, 3.47390206878e-11, 9.47244060967e-10, 2.75469291822e-09, 2.87699997159e-09, 2.20035012433e-09, 6.31340868473e-10, 8.11351930086e-10, 6.34552910217e-10, 4.10603134826e-10, 4.41451791788e-10, 2.71367206484e-10, 2.59201077268e-10, 8.17206968762e-10, 9.54254675278e-10, 3.63507202117e-09, 5.7364086814e-09, 2.7493309851e-09, 1.8657886347e-09, 1.86726811791e-09, 2.15695183936e-10, 6.82470122082e-11, 1.02607838892e-10, 2.52248048838e-12, 2.12399203585e-14], [-2.19668968676e-16, 1.37450901355e-12, 1.79957340262e-13, 1.19826535847e-11, 1.03867991985e-09, 2.87699997159e-09, 6.18642426176e-09, 4.35220881556e-09, 9.29561705387e-10, 1.09239561841e-09, 8.96555385488e-10, 2.89142848553e-10, 2.976485447e-10, 3.87542026248e-10, 3.75565634148e-10, 1.29034083418e-09, 1.14372833426e-09, 5.03230923599e-09, 9.53627132816e-09, 3.9199403723e-09, 3.11720249613e-09, 3.12384096368e-09, 4.61316596034e-10, 9.71007302342e-11, 1.85799431396e-10, 4.33226718388e-12, 3.00846112887e-14], [-3.23978323273e-17, 1.17464371563e-12, 3.24666942636e-12, 1.42638236292e-11, 9.36426713949e-10, 2.20035012433e-09, 4.35220881556e-09, 3.87638099397e-09, 8.74653627303e-10, 1.02619579501e-09, 8.55259307819e-10, 3.13322895407e-10, 3.52719686791e-10, 4.07817418724e-10, 3.4710934127e-10, 1.29526145365e-09, 1.21525711716e-09, 4.20109014243e-09, 7.8292785588e-09, 3.48051298893e-09, 2.71597078161e-09, 2.7722100171e-09, 3.51571244339e-10, 7.79091444136e-11, 1.34076028058e-10, 3.7231212037e-12, 2.06963996451e-14], [6.57258762372e-16, 1.01550007552e-12, 2.7428181254e-12, 1.6351638793e-11, 3.28029686747e-10, 6.31340868473e-10, 9.29561705387e-10, 8.74653627303e-10, 4.00774746723e-10, 4.02973682201e-10, 3.1105965026e-10, 1.45736048229e-10, 1.47570178299e-10, 1.84862278263e-10, 1.17614751272e-10, 3.60655477705e-10, 4.5942979976e-10, 1.49392209714e-09, 2.66482969025e-09, 1.15114184851e-09, 9.7058749926e-10, 1.20774668044e-09, 1.38061173605e-10, 2.24069894583e-11, 4.6935826753e-11, 1.20397940749e-12, 1.26232532389e-14], [7.60069080411e-16, 1.89604647087e-12, 4.57575990986e-12, 1.92448054021e-11, 4.70054051238e-10, 8.11351930086e-10, 1.09239561841e-09, 1.02619579501e-09, 4.02973682201e-10, 6.59567955807e-10, 4.11862266514e-10, 1.88025872649e-10, 2.14776876839e-10, 2.38856850965e-10, 1.33259153712e-10, 4.65397609339e-10, 5.90448578919e-10, 1.82467041476e-09, 3.27439275694e-09, 1.29286792383e-09, 1.20414977989e-09, 1.4395976633e-09, 1.57521787281e-10, 2.61772773597e-11, 6.24367293978e-11, 1.46762246453e-12, 2.07145888306e-14], [5.43591176016e-16, 1.2517626909e-12, 2.18660766577e-12, 1.67094081627e-11, 3.64610674985e-10, 6.34552910217e-10, 8.96555385488e-10, 8.55259307819e-10, 3.1105965026e-10, 4.11862266514e-10, 4.41026160036e-10, 1.71412967154e-10, 1.38461006549e-10, 1.7622876769e-10, 1.23199533908e-10, 4.10741884949e-10, 5.20476661769e-10, 1.43718537071e-09, 2.68264077619e-09, 1.2445500186e-09, 9.69951341467e-10, 1.18226117785e-09, 1.40048930786e-10, 2.20340759527e-11, 5.34968978838e-11, 1.35287614444e-12, 1.25027509437e-14], [4.41910429351e-16, 8.99127235339e-13, 2.73719241717e-12, 1.15258670663e-11, 2.11418924034e-10, 4.10603134826e-10, 2.89142848553e-10, 3.13322895407e-10, 1.45736048229e-10, 1.88025872649e-10, 1.71412967154e-10, 1.77285283676e-10, 1.42508213563e-10, 8.84906939391e-11, 6.58796003861e-11, 1.77285783276e-10, 2.89143958776e-10, 8.95476526264e-10, 1.36993150157e-09, 6.99242497237e-10, 4.53787230015e-10, 4.28191732071e-10, 4.48553728882e-11, 1.17132996011e-11, 2.2157419996e-11, 5.11499859395e-13, 7.34128368176e-15], [6.85868147199e-16, 8.98203007197e-13, 4.22893144114e-12, 1.16123291538e-11, 2.46235976054e-10, 4.41451791788e-10, 2.976485447e-10, 3.52719686791e-10, 1.47570178299e-10, 2.14776876839e-10, 1.38461006549e-10, 1.42508213563e-10, 2.62198845968e-10, 1.56408067054e-10, 5.16773117354e-11, 1.79569886738e-10, 2.81136197655e-10, 8.30501056814e-10, 1.26833232805e-09, 6.95791313454e-10, 5.49774115122e-10, 5.20683163252e-10, 5.37312520865e-11, 1.29096481769e-11, 2.58794565638e-11, 5.76438853248e-13, 7.82100587364e-15], [6.41972941108e-16, 1.02836478482e-12, 3.27821710749e-12, 1.09194641176e-11, 2.17589349316e-10, 2.71367206484e-10, 3.87542026248e-10, 4.07817418724e-10, 1.84862278263e-10, 2.38856850965e-10, 1.7622876769e-10, 8.84906939391e-11, 1.56408067054e-10, 2.73484040969e-10, 7.143183961e-11, 2.21588886129e-10, 3.18183673853e-10, 8.91657636615e-10, 1.56084256631e-09, 7.28600957345e-10, 7.35215333059e-10, 7.88204557178e-10, 9.95160412409e-11, 1.74079309995e-11, 4.26008048282e-11, 1.10905588099e-12, 1.67063086455e-14], [2.91174378352e-16, 5.53977707891e-13, 1.0442534424e-12, 6.71940975083e-12, 1.30933611175e-10, 2.59201077268e-10, 3.75565634148e-10, 3.4710934127e-10, 1.17614751272e-10, 1.33259153712e-10, 1.23199533908e-10, 6.58796003861e-11, 5.16773117354e-11, 7.143183961e-11, 8.66757568496e-11, 1.75142150782e-10, 2.11632322777e-10, 7.0036565436e-10, 1.23337051683e-09, 5.52823564703e-10, 4.6580173052e-10, 3.41649236679e-10, 7.02319244428e-11, 1.20859858579e-11, 2.36636977374e-11, 7.30532604895e-13, 1.0081663118e-14], [3.23736468897e-16, 1.29836712128e-12, 3.10948380759e-12, 1.33971176167e-11, 4.08173550515e-10, 8.17206968762e-10, 1.29034083418e-09, 1.29526145365e-09, 3.60655477705e-10, 4.65397609339e-10, 4.10741884949e-10, 1.77285783276e-10, 1.79569886738e-10, 2.21588886129e-10, 1.75142150782e-10, 9.92661841615e-10, 9.34597399471e-10, 2.14485385008e-09, 3.44151462883e-09, 1.49389978166e-09, 1.22332211028e-09, 7.13981429534e-10, 1.37983763304e-10, 2.65429640073e-11, 5.42236186507e-11, 1.74134469864e-12, 8.32615175943e-15], [2.59755570528e-15, 2.92137820011e-12, 6.64810827916e-12, 3.91534374367e-11, 5.68512681376e-10, 9.54254675278e-10, 1.14372833426e-09, 1.21525711716e-09, 4.5942979976e-10, 5.90448578919e-10, 5.20476661769e-10, 2.89143958776e-10, 2.81136197655e-10, 3.18183673853e-10, 2.11632322777e-10, 9.34597399471e-10, 1.64980074047e-09, 2.89095458683e-09, 4.6080055327e-09, 2.05494399275e-09, 1.77899905918e-09, 1.337322586e-09, 1.60242055736e-10, 3.31739774539e-11, 7.17871317946e-11, 1.96379392782e-12, 1.05873189176e-14], [3.7067580552e-15, 6.27049367291e-12, 8.18435683808e-12, 7.09311012703e-11, 1.87919590999e-09, 3.63507202117e-09, 5.03230923599e-09, 4.20109014243e-09, 1.49392209714e-09, 1.82467041476e-09, 1.43718537071e-09, 8.95476526264e-10, 8.30501056814e-10, 8.91657636615e-10, 7.0036565436e-10, 2.14485385008e-09, 2.89095458683e-09, 1.79357080299e-08, 2.34240857822e-08, 8.28861690394e-09, 7.08974479124e-09, 4.56076287847e-09, 8.60193805075e-10, 1.44792774992e-10, 3.22564530642e-10, 7.79739380702e-12, 7.72444174596e-14], [6.21865458908e-15, 1.60036532637e-11, 2.01327843286e-11, 1.18225748635e-10, 3.12510195499e-09, 5.7364086814e-09, 9.53627132816e-09, 7.8292785588e-09, 2.66482969025e-09, 3.27439275694e-09, 2.68264077619e-09, 1.36993150157e-09, 1.26833232805e-09, 1.56084256631e-09, 1.23337051683e-09, 3.44151462883e-09, 4.6080055327e-09, 2.34240857822e-08, 4.57584086178e-08, 1.42358791422e-08, 1.41306211177e-08, 8.00895261222e-09, 1.53161960892e-09, 2.66981381447e-10, 5.81178882797e-10, 1.50339254934e-11, 1.89808279229e-13], [2.16699085874e-15, 4.47121202909e-12, 8.44377345821e-12, 5.71145700179e-11, 1.443767772e-09, 2.7493309851e-09, 3.9199403723e-09, 3.48051298893e-09, 1.15114184851e-09, 1.29286792383e-09, 1.2445500186e-09, 6.99242497237e-10, 6.95791313454e-10, 7.28600957345e-10, 5.52823564703e-10, 1.49389978166e-09, 2.05494399275e-09, 8.28861690394e-09, 1.42358791422e-08, 8.33447622028e-09, 5.84017101346e-09, 3.67322150474e-09, 8.54066539713e-10, 1.32667057895e-10, 2.68233352196e-10, 7.24917261635e-12, 6.35271322309e-14], [9.48856895426e-15, 6.78309665381e-12, 8.13223967333e-12, 5.81828474289e-11, 1.29318777908e-09, 1.8657886347e-09, 3.11720249613e-09, 2.71597078161e-09, 9.7058749926e-10, 1.20414977989e-09, 9.69951341467e-10, 4.53787230015e-10, 5.49774115122e-10, 7.35215333059e-10, 4.6580173052e-10, 1.22332211028e-09, 1.77899905918e-09, 7.08974479124e-09, 1.41306211177e-08, 5.84017101346e-09, 9.24060827856e-09, 5.43315303858e-09, 8.01750443813e-10, 1.2490322665e-10, 3.52940343618e-10, 8.60545835979e-12, 1.19398929762e-13], [4.06153526406e-15, 5.06659124377e-12, 7.77585808243e-12, 5.1942148499e-11, 1.19553555944e-09, 1.86726811791e-09, 3.12384096368e-09, 2.7722100171e-09, 1.20774668044e-09, 1.4395976633e-09, 1.18226117785e-09, 4.28191732071e-10, 5.20683163252e-10, 7.88204557178e-10, 3.41649236679e-10, 7.13981429534e-10, 1.337322586e-09, 4.56076287847e-09, 8.00895261222e-09, 3.67322150474e-09, 5.43315303858e-09, 1.85257427177e-08, 8.87974027641e-10, 1.02325682649e-10, 2.99631680578e-10, 6.301917755e-12, 7.12421929176e-14], [8.51768602583e-16, 3.94740067456e-13, 2.78986496448e-13, 8.60320061719e-12, 1.44503478627e-10, 2.15695183936e-10, 4.61316596034e-10, 3.51571244339e-10, 1.38061173605e-10, 1.57521787281e-10, 1.40048930786e-10, 4.48553728882e-11, 5.37312520865e-11, 9.95160412409e-11, 7.02319244428e-11, 1.37983763304e-10, 1.60242055736e-10, 8.60193805075e-10, 1.53161960892e-09, 8.54066539713e-10, 8.01750443813e-10, 8.87974027641e-10, 2.82528611617e-10, 1.914275162e-11, 6.20043322241e-11, 1.28162411239e-12, 1.81373708099e-14], [8.40167281996e-17, 8.3361364144e-14, 4.38686867594e-14, 8.18961923017e-13, 3.08098095647e-11, 6.82470122082e-11, 9.71007302342e-11, 7.79091444136e-11, 2.24069894583e-11, 2.61772773597e-11, 2.20340759527e-11, 1.17132996011e-11, 1.29096481769e-11, 1.74079309995e-11, 1.20859858579e-11, 2.65429640073e-11, 3.31739774539e-11, 1.44792774992e-10, 2.66981381447e-10, 1.32667057895e-10, 1.2490322665e-10, 1.02325682649e-10, 1.914275162e-11, 4.88651783967e-12, 8.43280480167e-12, 1.99483821389e-13, 2.03203415805e-15], [8.23784116314e-16, 5.38294669256e-13, 8.1426271975e-13, 2.55649407893e-12, 6.11529160643e-11, 1.02607838892e-10, 1.85799431396e-10, 1.34076028058e-10, 4.6935826753e-11, 6.24367293978e-11, 5.34968978838e-11, 2.2157419996e-11, 2.58794565638e-11, 4.26008048282e-11, 2.36636977374e-11, 5.42236186507e-11, 7.17871317946e-11, 3.22564530642e-10, 5.81178882797e-10, 2.68233352196e-10, 3.52940343618e-10, 2.99631680578e-10, 6.20043322241e-11, 8.43280480167e-12, 5.64162917771e-11, 5.99427734012e-13, 8.20440432579e-15], [9.76400024591e-18, 7.37673793984e-15, 1.69207435064e-14, 4.29176754357e-14, 1.58036864845e-12, 2.52248048838e-12, 4.33226718388e-12, 3.7231212037e-12, 1.20397940749e-12, 1.46762246453e-12, 1.35287614444e-12, 5.11499859395e-13, 5.76438853248e-13, 1.10905588099e-12, 7.30532604895e-13, 1.74134469864e-12, 1.96379392782e-12, 7.79739380702e-12, 1.50339254934e-11, 7.24917261635e-12, 8.60545835979e-12, 6.301917755e-12, 1.28162411239e-12, 1.99483821389e-13, 5.99427734012e-13, 2.34099357602e-14, 2.69145301325e-16], [1.59799339e-19, 2.01748702892e-16, 6.11982204364e-16, 9.00688566935e-16, 1.99876177214e-14, 2.12399203585e-14, 3.00846112887e-14, 2.06963996451e-14, 1.26232532389e-14, 2.07145888306e-14, 1.25027509437e-14, 7.34128368176e-15, 7.82100587364e-15, 1.67063086455e-14, 1.0081663118e-14, 8.32615175943e-15, 1.05873189176e-14, 7.72444174596e-14, 1.89808279229e-13, 6.35271322309e-14, 1.19398929762e-13, 7.12421929176e-14, 1.81373708099e-14, 2.03203415805e-15, 8.20440432579e-15, 2.69145301325e-16, 1.24613328259e-17]]
    },
    "mfcc": {
        "kurt": [0.902181148529, -0.248121738434, 0.700726509094, -0.29466176033, -0.217545032501, 0.187282323837, -0.157680749893, -0.205719947815, -0.356162786484, -0.376851320267, -0.0201580524445, -0.405647516251, 0.389446973801],
        "max": [-688.082763672, 111.671150208, 26.8348121643, 61.8978805542, 5.50450134277, 12.2865104675, 15.9160194397, 10.963432312, 13.9725761414, 13.1361560822, 30.0144119263, 9.12568664551, 12.7259845734],
        "mean": [-843.380554199, 54.7203178406, -37.4890518188, 27.6596031189, -32.5980300903, -15.3176078796, -11.0241556168, -10.3376665115, -10.2739772797, -16.5425186157, 3.46019124985, -11.1312475204, -4.47763156891],
        "median": [-819.054199219, 54.112071991, -42.7692070007, 29.8219490051, -35.4567222595, -14.3893089294, -10.1077346802, -9.8910446167, -9.96096229553, -17.3529281616, 2.93120193481, -11.4689540863, -4.15124130249],
        "min": [-1138.42004395, 1.14440917969e-05, -77.7414093018, -9.33051681519, -72.6465759277, -50.4861679077, -37.7606124878, -35.9267463684, -31.6146907806, -39.0470657349, -18.2612800598, -34.1213569641, -27.0716056824],
        "skew": [-1.33690285683, -0.238851457834, 1.13888192177, -0.459661394358, 0.585508465767, -0.379058688879, -0.224656581879, -0.2916020751, -0.135682106018, 0.257306188345, 0.286374419928, -0.136958912015, -0.455891191959],
        "var": [14295.5712891, 547.053222656, 452.059539795, 196.609863281, 256.730560303, 131.877975464, 103.108711243, 67.5548095703, 61.2285270691, 78.697227478, 68.8483200073, 54.3303031921, 43.1558456421],
        "cov": [[14330.9570312, 651.446716309, -1922.22045898, 999.640625, -1618.68395996, -629.590820312, -532.722839355, -323.152954102, -266.544830322, -650.644958496, 184.9271698, -467.0574646, -141.44102478], [651.446716309, 548.407348633, -229.855895996, 145.540054321, -52.0881652832, -32.4254798889, 32.4335365295, -15.4049711227, -23.0901622772, -38.8801116943, -4.58497714996, -1.48922610283, 9.50574684143], [-1922.22045898, -229.855895996, 453.178497314, -196.089920044, 209.730407715, 72.6715774536, 38.9979248047, 31.6960525513, 27.585439682, 97.801651001, -18.9213352203, 54.2596168518, 23.3887367249], [999.640625, 145.540054321, -196.089920044, 197.096511841, -106.304008484, -12.3418369293, -16.6384296417, -22.3407497406, -7.02707767487, -52.9963874817, 28.3977355957, -14.1404571533, -5.36907434464], [-1618.68395996, -52.0881652832, 209.730407715, -106.304008484, 257.36605835, 64.2814712524, 87.0850448608, 41.1855125427, 32.575012207, 86.5349655151, -32.3965415955, 57.5818138123, 21.9450855255], [-629.590820312, -32.4254798889, 72.6715774536, -12.3418369293, 64.2814712524, 132.204406738, 43.4072990417, 42.1395530701, 38.7410812378, 16.7717437744, 21.8500518799, 13.0848493576, -0.0888319313526], [-532.722839355, 32.4335365295, 38.9979248047, -16.6384296417, 87.0850448608, 43.4072990417, 103.363929749, 22.1535434723, 22.0348873138, 31.2668533325, -5.34096240997, 20.6144580841, -3.74326038361], [-323.152954102, -15.4049711227, 31.6960525513, -22.3407497406, 41.1855125427, 42.1395530701, 22.1535434723, 67.7220306396, 27.5370197296, 19.1427593231, 3.16845369339, 1.49045610428, 1.83811843395], [-266.544830322, -23.0901622772, 27.585439682, -7.02707767487, 32.575012207, 38.7410812378, 22.0348873138, 27.5370197296, 61.3800811768, 18.8454380035, 9.00757217407, 10.3513622284, -1.61532366276], [-650.644958496, -38.8801116943, 97.801651001, -52.9963874817, 86.5349655151, 16.7717437744, 31.2668533325, 19.1427593231, 18.8454380035, 78.8920211792, -9.40550518036, 29.4623241425, 11.9795722961], [184.9271698, -4.58497714996, -18.9213352203, 28.3977355957, -32.3965415955, 21.8500518799, -5.34096240997, 3.16845369339, 9.00757217407, -9.40550518036, 69.0187301636, -11.0730342865, -4.39425516129], [-467.0574646, -1.48922610283, 54.2596168518, -14.1404571533, 57.5818138123, 13.0848493576, 20.6144580841, 1.49045610428, 10.3513622284, 29.4623241425, -11.0730342865, 54.4647865295, 16.5151462555], [-141.44102478, 9.50574684143, 23.3887367249, -5.36907434464, 21.9450855255, -0.0888319313526, -3.74326038361, 1.83811843395, -1.61532366276, 11.9795722961, -4.39425516129, 16.5151462555, 43.2626647949]]
    },
    "sccoeffs": {
        "kurt": [-0.157912969589, -0.245421648026, -0.278498411179, 0.803203821182, 0.0353825092316, 0.0389139652252],
        "max": [-0.501415073872, -0.730282485485, -0.771697163582, -0.739448308945, -0.721921861172, -0.644988358021],
        "mean": [-0.689582824707, -0.846014380455, -0.861941277981, -0.853283464909, -0.830343842506, -0.757069587708],
        "median": [-0.691685318947, -0.846837043762, -0.863571763039, -0.8531422019, -0.827292084694, -0.75468814373],
        "min": [-0.924869477749, -0.934148490429, -0.938050866127, -0.924448251724, -0.916499137878, -0.908137023449],
        "skew": [0.076193138957, 0.282428771257, 0.192839235067, 0.362071752548, -0.33507090807, -0.365630269051],
        "var": [0.00468853721395, 0.00147084286436, 0.000997334369458, 0.000900208309758, 0.00125739129726, 0.00206015165895],
        "cov": [[0.00470014242455, 0.00112306035589, 0.000737084832508, 0.000901435560081, 0.00126466504298, 0.00112222426105], [0.00112306035589, 0.00147448363714, 0.000364264386008, 0.000404913211241, 0.000548743759282, 0.000469202146633], [0.000737084832508, 0.000364264386008, 0.000999803072773, 0.000363108410966, 0.000514878425747, 0.000634829804767], [0.000901435560081, 0.000404913211241, 0.000363108410966, 0.000902436499018, 0.000505241507199, 0.000626972410828], [0.00126466504298, 0.000548743759282, 0.000514878425747, 0.000505241507199, 0.00126050366089, 0.000993803143501], [0.00112222426105, 0.000469202146633, 0.000634829804767, 0.000626972410828, 0.000993803143501, 0.00206525111571]]
    },
    "scvalleys": {
        "kurt": [2.49692153931, 1.96995162964, 2.06562185287, 2.72645664215, 2.33534622192, 1.36757040024],
        "max": [-7.94753074646, -5.38408088684, -6.0371723175, -6.8189163208, -6.34221887589, -8.2237033844],
        "mean": [-9.51782798767, -7.55625295639, -8.02821540833, -8.52937793732, -8.37180042267, -10.7714710236],
        "median": [-9.25055885315, -7.30402755737, -7.73225498199, -8.13875198364, -7.96056318283, -10.2414627075],
        "min": [-13.1052894592, -13.0057840347, -13.2899179459, -14.3016414642, -14.9147262573, -16.8664016724],
        "skew": [-1.70993566513, -1.47680366039, -1.59972524643, -1.87492740154, -1.77335345745, -1.5260207653],
        "var": [1.13662064075, 1.84542644024, 1.83904588223, 1.94432842731, 2.83289456367, 3.94075465202],
        "cov": [[1.1394340992, 1.19535052776, 1.22555434704, 1.29601812363, 1.56253743172, 1.78436660767], [1.19535052776, 1.8499943018, 1.73488879204, 1.79309535027, 2.19365930557, 2.58322715759], [1.22555434704, 1.73488879204, 1.84359800816, 1.83053028584, 2.21286153793, 2.5671069622], [1.29601812363, 1.79309535027, 1.83053028584, 1.94914114475, 2.31548905373, 2.68666100502], [1.56253743172, 2.19365930557, 2.21286153793, 2.31548905373, 2.8399066925, 3.28417634964], [1.78436660767, 2.58322715759, 2.5671069622, 2.68666100502, 3.28417634964, 3.95050883293]]
    }
},
"rhythm": {
    "beats_loudness": {
        "kurt": -0.256563901901,
        "max": 0.000920645776205,
        "mean": 0.000388229585951,
        "median": 0.000370574940462,
        "min": 7.82485116702e-08,
        "skew": 0.250586986542,
        "var": 5.40747642219e-08
    },
    "bpm": 135.999191284,
    "confidence": 2.80770015717,
    "first_peak_bpm": {
        "kurt": 0,
        "max": 136,
        "mean": 136,
        "median": 136,
        "min": 136,
        "skew": 0,
        "var": 0
    },
    "first_peak_spread": {
        "kurt": 0,
        "max": 0,
        "mean": 0,
        "median": 0,
        "min": 0,
        "skew": 0,
        "var": 0
    },
    "first_peak_weight": {
        "kurt": 0,
        "max": 0.526315808296,
        "mean": 0.526315808296,
        "median": 0.526315808296,
        "min": 0.526315808296,
        "skew": 0,
        "var": 0
    },
    "onset_rate": 6.29638671875,
    "second_peak_bpm": {
        "kurt": 0,
        "max": 144,
        "mean": 144,
        "median": 144,
        "min": 144,
        "skew": 0,
        "var": 0
    },
    "second_peak_spread": {
        "kurt": 0,
        "max": 0,
        "mean": 0,
        "median": 0,
        "min": 0,
        "skew": 0,
        "var": 0
    },
    "second_peak_weight": {
        "kurt": 0,
        "max": 0.210526317358,
        "mean": 0.210526317358,
        "median": 0.210526317358,
        "min": 0.210526317358,
        "skew": 0,
        "var": 0
    },
    "beats_loudness_band_ratio": {
        "kurt": [2.64940214157, 0.370549201965, 3.05022621155, -0.491023540497, -0.722359418869, -0.0131888389587],
        "max": [0.155493661761, 0.297976523638, 0.402364403009, 0.185113832355, 0.337816089392, 0.709843277931],
        "mean": [0.0402595773339, 0.0999004244804, 0.133611693978, 0.10815230757, 0.215002894402, 0.439949929714],
        "median": [0.021409869194, 0.0828830376267, 0.104574218392, 0.108582109213, 0.210711598396, 0.44122838974],
        "min": [0.00946134328842, 0.0197916030884, 0.0509458296001, 0.0399014391005, 0.0746253728867, 0.059117089957],
        "skew": [1.67827320099, 1.23560404778, 1.97109782696, 0.203293725848, -0.266068726778, -0.642643034458],
        "var": [0.00129673094489, 0.00744485016912, 0.00803699623793, 0.00140807696152, 0.00468884920701, 0.0299117770046],
        "cov": [[0.00136497989297, 0.00281701353379, 0.00247977254912, 0.00062905595405, -0.00155994738452, -0.00530032627285], [0.00281701353379, 0.00783668458462, 0.00665254006162, 0.00139452668373, -0.00348366005346, -0.0140408482403], [0.00247977254912, 0.00665254006162, 0.00845999643207, 0.00147581659257, -0.00379053573124, -0.0142054278404], [0.00062905595405, 0.00139452668373, 0.00147581659257, 0.00148218625691, -0.000345758773619, -0.0042474209331], [-0.00155994738452, -0.00348366005346, -0.00379053573124, -0.000345758773619, 0.00493563106284, 0.00391830131412], [-0.00530032627285, -0.0140408482403, -0.0142054278404, -0.0042474209331, 0.00391830131412, 0.0314860828221]]
    },
    "beats_position": [0.441179126501, 0.859138309956, 1.30031740665, 1.69505667686, 2.13623571396, 2.55419492722, 2.99537420273, 3.43655323982, 3.85451245308, 4.29569149017, 4.78331041336, 5.27092981339, 5.71210861206, 6.15328788757, 6.59446716309, 7.03564596176, 7.47682523727, 7.89478445053, 8.35918331146, 8.82358264923],
    "bpm_estimates": [135.999191284, 135.999206543, 135.999130249, 135.999206543, 135.999206543, 135.999282837, 135.999130249, 135.999130249, 135.999282837, 135.999130249],
    "bpm_intervals": [0.417959183455, 0.441179096699, 0.39473927021, 0.441179037094, 0.417959213257, 0.441179275513, 0.441179037094, 0.417959213257, 0.441179037094, 0.487618923187, 0.487619400024, 0.441178798676, 0.441179275513, 0.441179275513, 0.441178798676, 0.441179275513, 0.417959213257, 0.464398860931, 0.464399337769],
    "onset_times": [0.0116099771112, 0.255419492722, 0.325079351664, 0.476009070873, 0.696598649025, 0.905578255653, 1.14938771725, 1.25387752056, 1.34675741196, 1.42802715302, 1.50929701328, 1.59056687355, 1.71827661991, 1.88081634045, 2.10140585899, 2.17106580734, 2.2523355484, 2.3916554451, 2.53097510338, 2.60063481331, 2.80961441994, 3.03020405769, 3.25079369545, 3.32045340538, 3.40172338486, 3.68036270142, 3.83129262924, 3.88934230804, 4.1099319458, 4.26086187363, 4.40018129349, 4.53950119019, 4.67882108688, 4.81814050674, 4.96907043457, 5.0387301445, 5.31736946106, 5.38702964783, 5.46829938889, 5.83981847763, 5.88625860214, 6.03718805313, 6.25777769089, 6.33904743195, 6.40870761871, 6.48997735977, 6.62929725647, 6.71056699753, 6.93115663528, 7.00081634521, 7.1517457962, 7.22140598297, 7.44199562073, 7.52326536179, 7.6858048439, 7.79029464722, 7.92961454391, 8.09215450287, 8.31274414062],
    "histogram": [[0, 0, 0, 0, 0, 0, 0, 0, 0, 0, 0, 0, 0, 0, 0, 0, 0, 0, 0, 0, 0, 0, 0, 0, 0, 0, 0, 0, 0, 0, 0, 0, 0, 0, 0, 0, 0, 0, 0, 0, 0, 0, 0, 0, 0, 0, 0, 0, 0, 0, 0, 0, 0, 0, 0, 0, 0, 0, 0, 0, 0, 0, 0, 0, 0, 0, 0, 0, 0, 0, 0, 0, 0, 0, 0, 0, 0, 0, 0, 0, 0, 0, 0, 0, 0, 0, 0, 0, 0, 0, 0, 0, 0, 0, 0, 0, 0, 0, 0, 0, 0, 0, 0, 0, 0, 0, 0, 0, 0, 0, 0, 0, 0, 0, 0, 0, 0, 0, 0, 0, 0, 0, 0, 0.105263158679, 0, 0, 0, 0, 0, 0.105263158679, 0, 0, 0, 0, 0, 0, 0.526315808296, 0, 0, 0, 0, 0, 0, 0, 0.210526317358, 0, 0, 0, 0, 0, 0, 0, 0.0526315793395, 0, 0, 0, 0, 0, 0, 0, 0, 0, 0, 0, 0, 0, 0, 0, 0, 0, 0, 0, 0, 0, 0, 0, 0, 0, 0, 0, 0, 0, 0, 0, 0, 0, 0, 0, 0, 0, 0, 0, 0, 0, 0, 0, 0, 0, 0, 0, 0, 0, 0, 0, 0, 0, 0, 0, 0, 0, 0, 0, 0, 0, 0, 0, 0, 0, 0, 0, 0, 0, 0, 0, 0, 0, 0, 0, 0, 0, 0, 0, 0, 0, 0, 0, 0, 0, 0, 0, 0, 0, 0, 0, 0, 0, 0, 0, 0, 0]]
},
"sfx": {
    "inharmonicity": {
        "kurt": 0.511658191681,
        "max": 0.395565420389,
        "mean": 0.0727147907019,
        "median": 0.0272787921131,
        "min": 0,
        "skew": 1.18747842312,
        "var": 0.00834241043776
    },
    "oddtoevenharmonicenergyratio": {
        "kurt": 99.4544677734,
        "max": 43.4947738647,
        "mean": 1.08676934242,
        "median": 0.307061642408,
        "min": 0,
        "skew": 8.76052474976,
        "var": 9.85660839081
    },
    "pitch_after_max_to_before_max_energy_ratio": 1.62573993206,
    "pitch_centroid": 168.994445801,
    "pitch_max_to_total": 0.281481474638,
    "pitch_min_to_total": 0.980246901512,
    "tristimulus": {
        "kurt": [-1.83642351627, 0.247069597244, -1.32389998436],
        "max": [1, 0.931104123592, 0.892045080662],
        "mean": [0.513331711292, 0.22764274478, 0.259025543928],
        "median": [0.265090048313, 0.197918176651, 0.182827889919],
        "min": [0, 0, 0],
        "skew": [0.26426205039, 0.968730032444, 0.458163052797],
        "var": [0.172886028886, 0.0614435486495, 0.0777584910393],
        "cov": [[0.173313975334, -0.0784792155027, -0.0948342904449], [-0.0784792155027, 0.0615956373513, 0.0168834533542], [-0.0948342904449, 0.0168834533542, 0.0779509618878]]
    }
},
"tonal": {
    "chords_changes_rate": 0.123152710497,
    "chords_number_rate": 0.0394088663161,
    "chords_strength": {
        "kurt": -0.074197769165,
        "max": 0.573083281517,
        "mean": 0.454744160175,
        "median": 0.45791259408,
        "min": 0.303180545568,
        "skew": -0.474765717983,
        "var": 0.00306465197355
    },
    "key_strength": 0.543325543404,
    "tuning_diatonic_strength": 0.417459756136,
    "tuning_equal_tempered_deviation": 0.24217005074,
    "tuning_frequency": 440.254241943,
    "tuning_nontempered_energy_ratio": 0.874104559422,
    "hpcp": {
        "kurt": [-0.228575706482, 0.420648336411, -0.205949544907, 1.58305597305, 0.129244804382, 0.817209482193, 0.586086988449, 0.822313547134, 2.42465686798, 1.1069111824, 0.998142242432, 1.51923513412, 1.51099967957, 0.107072591782, 1.61364412308, 1.84227371216, 0.0644593238831, -0.410663843155, -0.372919082642, -0.264798402786, 0.836118459702, 1.28954792023, 2.37680482864, 2.95521736145, 3.58422279358, 2.1487903595, 2.62084770203, 2.10687732697, 0.949873447418, -0.848277330399, -1.07387948036, -0.644896507263, -0.832622289658, -0.541921854019, -0.34801363945, -0.678690910339],
