{
"metadata": {
    "version": {
        "essentia": "2.1-beta3"
    }
},
"lowLevel": {
    "average_loudness": 0.965359091759,
    "barkbands_kurtosis": {
        "kurt": 21.3978309631,
        "max": 15.5173721313,
        "mean": -0.327518105507,
        "median": -0.644577860832,
        "min": -1.78238117695,
        "skew": 3.17488956451,
        "var": 1.85097205639
    },
    "barkbands_skewness": {
        "kurt": 1.83709049225,
        "max": 0.393841415644,
        "mean": -0.782390117645,
        "median": -0.728852748871,
        "min": -3.92071223259,
        "skew": -0.792574346066,
        "var": 0.248724624515
    },
    "barkbands_spread": {
        "kurt": -0.736476182938,
        "max": 52.2132911682,
        "mean": 30.0121765137,
        "median": 29.6139526367,
        "min": 7.77613639832,
        "skew": 0.126986712217,
        "var": 80.8821487427
    },
    "dissonance": {
        "kurt": 2.99626731873,
        "max": 0.500000178814,
        "mean": 0.489554673433,
        "median": 0.491061151028,
        "min": 0.436468720436,
        "skew": -1.38697326183,
        "var": 6.94659829605e-05
    },
    "hfc": {
        "kurt": 5.94714546204,
        "max": 94.512512207,
        "mean": 15.0328350067,
        "median": 13.5222110748,
        "min": 1.29471748878e-08,
        "skew": 1.5359749794,
        "var": 114.922927856
    },
    "pitch": {
        "kurt": -1.60056853294,
        "max": 4987.21337891,
        "mean": 2303.05273438,
        "median": 1757.07202148,
        "min": 70.4463272095,
        "skew": 0.130652859807,
        "var": 2748953.25
    },
    "pitch_instantaneous_confidence": {
        "kurt": 2.16027402878,
        "max": 0.886077046394,
        "mean": 0.309279233217,
        "median": 0.281230777502,
        "min": 0.129863381386,
        "skew": 1.25906765461,
        "var": 0.0127255050465
    },
    "pitch_salience": {
        "kurt": 10.4895887375,
        "max": 0.860955774784,
        "mean": 0.759283423424,
        "median": 0.765159130096,
        "min": 0.341219246387,
        "skew": -2.04822802544,
        "var": 0.00224297889508
    },
    "silence_rate_20dB": {
        "kurt": 0,
        "max": 1,
        "mean": 1,
        "median": 1,
        "min": 1,
        "skew": 0,
        "var": 0
    },
    "silence_rate_30dB": {
        "kurt": 0,
        "max": 1,
        "mean": 1,
        "median": 1,
        "min": 1,
        "skew": 0,
        "var": 0
    },
    "silence_rate_60dB": {
        "kurt": -0.756129980087,
        "max": 1,
        "mean": 0.256481468678,
        "median": 0,
        "min": 0,
        "skew": 1.11530923843,
        "var": 0.190698519349
    },
    "spectral_centroid": {
        "kurt": -0.413257837296,
        "max": 4309.16357422,
        "mean": 2704.98022461,
        "median": 2660.04980469,
        "min": 1771.62609863,
        "skew": 0.356790602207,
        "var": 192691.09375
    },
    "spectral_complexity": {
        "kurt": -0.895164966583,
        "max": 44,
        "mean": 19.3333339691,
        "median": 22,
        "min": 0,
        "skew": -0.44055300951,
        "var": 104.952156067
    },
    "spectral_crest": {
        "kurt": 9.28034591675,
        "max": 21.9004325867,
        "mean": 5.65059709549,
        "median": 5.25163078308,
        "min": 2.62909817696,
        "skew": 2.21164894104,
        "var": 4.02706384659
    },
    "spectral_decrease": {
        "kurt": 0.228458881378,
        "max": -7.31116354006e-19,
        "mean": -1.06406905509e-09,
        "median": -9.75201253084e-10,
        "min": -4.16518819435e-09,
        "skew": -0.654757201672,
        "var": 4.44613353259e-19
    },
    "spectral_energy": {
        "kurt": 1.00360059738,
        "max": 0.0240819174796,
        "mean": 0.00537956692278,
        "median": 0.00493258237839,
        "min": 3.93375566496e-12,
        "skew": 0.777933061123,
        "var": 1.17579211292e-05
    },
    "spectral_energyband_high": {
        "kurt": 22.0840892792,
        "max": 0.0194355864078,
        "mean": 0.0016566158738,
        "median": 0.00134020205587,
        "min": 1.02490325254e-12,
        "skew": 3.23625063896,
        "var": 2.66792608272e-06
    },
    "spectral_energyband_low": {
        "kurt": 7.97017669678,
        "max": 0.000561048043892,
        "mean": 6.31052607787e-05,
        "median": 4.04013553634e-05,
        "min": 7.63872523042e-15,
        "skew": 2.37144303322,
        "var": 4.69087257926e-09
    },
    "spectral_energyband_middle_high": {
        "kurt": 2.43322515488,
        "max": 0.0114298462868,
        "mean": 0.0024792784825,
        "median": 0.00214086170308,
        "min": 2.65616261624e-12,
        "skew": 1.32384371758,
        "var": 2.71617591352e-06
    },
    "spectral_energyband_middle_low": {
        "kurt": 3.28531503677,
        "max": 0.00787943322212,
        "mean": 0.00123874889687,
        "median": 0.000954755814746,
        "min": 2.90646033716e-13,
        "skew": 1.54352450371,
        "var": 1.21349910387e-06
    },
    "spectral_flatness_db": {
        "kurt": 1.59074068069,
        "max": 0.217598676682,
        "mean": 0.125361323357,
        "median": 0.124116286635,
        "min": 0.0836292803288,
        "skew": 0.64322078228,
        "var": 0.000219762820052
    },
    "spectral_flux": {
        "kurt": 0.0118637084961,
        "max": 0.0943345725536,
        "mean": 0.0423983670771,
        "median": 0.0446083061397,
        "min": 1.16605915537e-05,
        "skew": -0.318213194609,
        "var": 0.000188495963812
    },
    "spectral_kurtosis": {
        "kurt": 1.49192333221,
        "max": 7.33188247681,
        "mean": 2.3860244751,
        "median": 2.33505797386,
        "min": -0.131028652191,
        "skew": 0.596021533012,
        "var": 0.804830014706
    },
    "spectral_rms": {
        "kurt": -0.367949724197,
        "max": 0.00484711816534,
        "mean": 0.0021568024531,
        "median": 0.00219368981197,
        "min": 6.19500681864e-08,
        "skew": -0.123179368675,
        "var": 5.96554741605e-07
    },
    "spectral_rolloff": {
        "kurt": -0.507188558578,
        "max": 5684.765625,
        "mean": 4439.37939453,
        "median": 4543.50585938,
        "min": 3229.98046875,
        "skew": -0.102966636419,
        "var": 270586.125
    },
    "spectral_skewness": {
        "kurt": 0.610743999481,
        "max": 1.87438750267,
        "mean": 1.14420163631,
        "median": 1.14360284805,
        "min": 0.668976545334,
        "skew": 0.261806339025,
        "var": 0.0329946167767
    },
    "spectral_spread": {
        "kurt": 1.55083227158,
        "max": 14123841,
        "mean": 5760851.5,
        "median": 5814122.5,
        "min": 3332571.25,
        "skew": 0.289390593767,
        "var": 1.39765861581e+12
    },
    "spectral_strongpeak": {
        "kurt": 20.8345718384,
        "max": 19.4498004913,
        "mean": 1.23490130901,
        "median": 0.611294150352,
        "min": 2.58589388977e-05,
        "skew": 3.50297784805,
        "var": 2.79928040504
    },
    "zerocrossingrate": {
        "kurt": 27.5662460327,
        "max": 0.3837890625,
        "mean": 0.139950454235,
        "median": 0.13916015625,
        "min": 0.06787109375,
        "skew": 2.27988815308,
        "var": 0.000338391226251
    },
    "barkbands": {
        "kurt": [19.2763195038, 14.2779922485, 11.3237905502, 5.68262672424, 6.65155220032, 6.84327507019, 5.2230424881, 7.32593345642, 22.6513442993, 15.4385433197, 5.86571979523, 5.98774909973, 19.6967601776, 7.16401100159, 3.83309412003, 5.26335048676, 7.34681987762, 11.715669632, 8.34174728394, 10.2524967194, 86.3837585449, 6.89644813538, 17.7564582825, 12.1021108627, 6.84476566315, 18.8441143036, 42.5787200928],
        "max": [1.03393681172e-07, 3.48533394572e-05, 0.000194195265067, 0.000876542646438, 0.00270523945801, 0.00274571706541, 0.00158726796508, 0.00113015016541, 0.00145657535177, 0.000663182639983, 0.00054991611978, 0.000576414342504, 0.000799929432105, 0.00053949339781, 0.00284915440716, 0.000963493715972, 0.000963571830653, 0.00476217409596, 0.00550744170323, 0.00510373711586, 0.017790382728, 0.00291673489846, 0.000257980485912, 0.000715003465302, 4.12283516198e-05, 1.57151644089e-05, 1.62697887163e-07],
        "mean": [7.39946948158e-09, 3.05031699099e-06, 2.00551876333e-05, 9.75697766989e-05, 0.000321878644172, 0.000317625381285, 0.000223207316594, 0.000154052861035, 0.000114325586765, 6.50827569189e-05, 9.19311496546e-05, 8.69003051776e-05, 8.58008570503e-05, 8.34225211293e-05, 0.000449423387181, 0.000161812611623, 0.000149196901475, 0.000441534590209, 0.000681910838466, 0.000591550720856, 0.000795714673586, 0.000358463905286, 2.37430976995e-05, 5.47535128135e-05, 5.40259679838e-06, 1.14704721454e-06, 6.28555119064e-09],
        "median": [3.38192318594e-09, 1.98658426598e-06, 1.24836260511e-05, 5.54637990717e-05, 0.000204024458071, 0.000196738154045, 0.000144829362398, 0.000106477600639, 6.35387987131e-05, 4.3717052904e-05, 6.68041975587e-05, 6.88493601047e-05, 6.9173045631e-05, 6.66551786708e-05, 0.000302754517179, 0.000142570483149, 0.000119331249152, 0.000223323440878, 0.000488262070576, 0.000437633803813, 0.000583158165682, 0.000233089711401, 1.86317392945e-05, 2.72847173619e-05, 3.99660075345e-06, 5.58906663173e-07, 2.85738677164e-09],
        "min": [5.70477060553e-16, 4.70812548765e-15, 9.59302611611e-16, 2.51605991257e-15, 4.51408319903e-14, 7.81387470326e-15, 5.91206906564e-14, 5.90746052878e-14, 7.25072671175e-14, 7.21458483233e-14, 6.60445005976e-14, 8.19400360823e-14, 8.18174941317e-14, 8.12355282868e-14, 3.53446059313e-13, 1.44430989521e-13, 1.81761208732e-13, 3.9840773367e-13, 9.93159656078e-13, 3.5729275441e-13, 4.68381897937e-13, 2.66303878905e-13, 5.69526183484e-14, 2.22925451428e-14, 4.36982603423e-14, 8.02316807419e-15, 1.87711267903e-15],
        "skew": [3.98163437843, 2.85744762421, 2.74555420876, 2.06261539459, 2.17459535599, 2.21751379967, 2.03895330429, 2.34826827049, 3.94534516335, 3.31050252914, 2.07746052742, 1.91494345665, 3.07444572449, 2.11829662323, 1.737652421, 1.61176431179, 2.13532924652, 2.81382703781, 2.42681908607, 2.65415287018, 7.24176120758, 2.21904850006, 2.87662053108, 2.82401585579, 2.12280082703, 3.70195269585, 5.75057601929],
        "var": [1.56391279707e-16, 1.04284185454e-11, 5.04566943782e-10, 1.31554305227e-08, 1.30423885025e-07, 1.37109637421e-07, 5.49391785398e-08, 2.58964885091e-08, 2.21597584726e-08, 4.77898876028e-09, 6.24896001611e-09, 4.42420144964e-09, 4.29439062088e-09, 4.4495638285e-09, 1.73156323058e-07, 1.01919441775e-08, 1.18194245502e-08, 2.79799252212e-07, 4.23499784574e-07, 3.46149676034e-07, 1.19290939438e-06, 1.54496916593e-07, 4.62184041039e-10, 5.42087663646e-09, 3.05513010723e-11, 3.28437776108e-12, 1.76182495687e-16],
        "cov": [[1.5653622822e-16, 5.71277093759e-15, 5.33962116059e-14, 2.72898375989e-13, 6.54815882507e-13, 6.56821602316e-13, 2.03675279225e-13, 4.16731163737e-14, -5.70833502605e-15, -6.78185018384e-15, -5.52877378211e-14, 1.75848512184e-14, 4.31981449851e-14, -8.11172790993e-15, 4.20472847078e-14, 3.830136959e-14, -4.60516939524e-14, -6.39843213135e-13, -5.50631480516e-13, 5.44530681667e-14, 9.72557429556e-13, 1.67523872378e-13, 1.00386617964e-14, 1.68595402938e-13, 6.19757702122e-15, 4.40527356898e-16, -3.66168951658e-18], [5.71277093759e-15, 1.04380835572e-11, 1.91661738563e-11, 3.57619142632e-11, 4.70490903182e-11, 3.94316072849e-11, 1.07424529341e-11, 3.74849803975e-11, 1.04003756995e-10, 3.25700716397e-11, 4.92858488396e-12, -3.03573702634e-12, 1.39554244896e-11, -1.27474827569e-11, -1.26848268001e-10, -3.70751996812e-12, 7.67191952328e-12, -9.28382162813e-11, -1.35483832486e-10, 1.8561879464e-11, 2.64465207546e-12, 6.90952642324e-11, 7.01362145444e-12, 1.70258685622e-11, 1.20096033812e-12, 2.16087008855e-13, -2.29072119651e-17], [5.33962116059e-14, 1.91661738563e-11, 5.0503456972e-10, 1.6104391154e-09, 3.89202892137e-09, 4.41124070605e-09, 1.60813096173e-09, 2.04512073942e-10, 4.08998057644e-10, 1.44819739534e-10, 7.88335854929e-11, 2.7907456901e-10, 2.37654312896e-10, 2.94943125478e-10, 2.45159026413e-09, 5.89735649204e-10, 1.2827432172e-10, -1.54679005715e-10, 8.57260540332e-10, 1.47642831294e-09, 4.01899802327e-09, 2.81222445331e-09, 1.25546906204e-10, 6.13960104978e-10, 3.35601893497e-11, 1.16330087924e-11, 2.867323417e-14], [2.72898375989e-13, 3.57619142632e-11, 1.6104391154e-09, 1.31676225479e-08, 2.70023559068e-08, 2.78976219903e-08, 1.13121547685e-08, 1.81454307135e-09, 2.34768648966e-09, 1.04204322948e-09, 1.04937436518e-09, 1.95765736954e-09, 1.185432974e-09, 1.9453534339e-09, 2.1041625331e-08, 4.28997148916e-09, 5.63491975303e-10, 2.94489044261e-10, 5.39845590453e-09, 9.13803432923e-09, 2.55834056162e-08, 1.58678563622e-08, 6.76543598921e-10, 3.70153974139e-09, 1.97439106731e-10, 5.70740642247e-11, 9.47513280943e-14], [6.54815882507e-13, 4.70490903182e-11, 3.89202892137e-09, 2.70023559068e-08, 1.30544762555e-07, 1.23010352127e-07, 6.04352337064e-08, 1.78501853298e-08, 1.35881306207e-08, 5.70739855377e-09, 7.65967644867e-09, 9.12223629967e-09, 4.42490755148e-09, 6.77021283479e-09, 8.14506648794e-08, 1.78441617038e-08, 9.35857435991e-09, 2.11056487842e-08, 6.21645384058e-08, 5.47761764835e-08, 1.17925850418e-07, 8.40730010054e-08, 3.6146055038e-09, 1.59330237892e-08, 1.08686926126e-09, 3.10313469365e-10, 9.94553614811e-13], [6.56821602316e-13, 3.94316072849e-11, 4.41124070605e-09, 2.78976219903e-08, 1.23010352127e-07, 1.37236710884e-07, 6.03752781103e-08, 1.41413760701e-08, 1.4013061822e-08, 3.76567088622e-09, 4.8943507025e-09, 7.78948638924e-09, 3.53489926219e-09, 6.48702558337e-09, 8.17553456045e-08, 1.80464816424e-08, 7.36824556924e-09, 1.0886043178e-08, 5.61438469049e-08, 4.1915839688e-08, 1.28240785102e-07, 7.55744551384e-08, 3.55971763177e-09, 1.70904854713e-08, 1.09081577104e-09, 3.12561532212e-10, 8.90839973403e-13], [2.03675279225e-13, 1.07424529341e-11, 1.60813096173e-09, 1.13121547685e-08, 6.04352337064e-08, 6.03752781103e-08, 5.49900960323e-08, 1.81117840725e-08, 7.90377630011e-09, 4.03756139633e-09, 5.8076925491e-09, 5.78163739107e-09, 3.92957133499e-09, 5.42200151443e-09, 4.99485999228e-08, 1.04252055877e-08, 6.10465367146e-09, 1.58235398118e-08, 4.50368737859e-08, 2.94705078119e-08, 5.35328901208e-08, 4.28248121409e-08, 1.86007687031e-09, 6.9087797705e-09, 5.51403700477e-10, 1.3769314855e-10, 3.00737787538e-13], [4.16731163737e-14, 3.74849803975e-11, 2.04512073942e-10, 1.81454307135e-09, 1.78501853298e-08, 1.41413760701e-08, 1.81117840725e-08, 2.59204888664e-08, 1.33998439011e-08, 5.79174574966e-09, 6.01079630513e-09, 3.18983062186e-09, 3.15172732357e-09, 2.73839173559e-09, 1.46741401252e-08, 3.84841403189e-09, 6.09126793449e-09, 1.89931732564e-08, 3.77639572946e-08, 2.23683560563e-08, 1.78989605359e-08, 2.34940191746e-08, 1.52420120969e-09, 2.75779643566e-09, 3.27501303854e-10, 6.15344789012e-11, 1.92566841921e-13], [-5.70833502605e-15, 1.04003756995e-10, 4.08998057644e-10, 2.34768648966e-09, 1.35881306207e-08, 1.4013061822e-08, 7.90377630011e-09, 1.33998439011e-08, 2.21802967104e-08, 5.82620218736e-09, 3.56732354767e-09, 1.29422583761e-09, 7.77149566922e-10, 6.77587819187e-10, 1.52991486146e-09, 2.08611350416e-09, 3.67049057814e-09, 7.4753661039e-09, 1.81715087422e-08, 1.26183197224e-08, 9.32968013956e-09, 1.58861883648e-08, 1.47655532245e-09, 3.00295943667e-09, 3.2149494178e-10, 5.44645231693e-11, 2.0217459434e-13], [-6.78185018384e-15, 3.25700716397e-11, 1.44819739534e-10, 1.04204322948e-09, 5.70739855377e-09, 3.76567088622e-09, 4.03756139633e-09, 5.79174574966e-09, 5.82620218736e-09, 4.78341766197e-09, 2.96127611321e-09, 1.28159571844e-09, 1.40893607892e-09, 1.33042654671e-09, 3.052791131e-09, 1.2804769467e-09, 1.80665016281e-09, 5.31061861153e-09, 8.65291127639e-09, 5.9018923082e-09, 5.98976868105e-09, 8.5419022966e-09, 4.6902515205e-10, 7.09874159455e-10, 9.78691780396e-11, 2.39921867096e-11, 3.71054810413e-14], [-5.52877378211e-14, 4.92858488396e-12, 7.88335854929e-11, 1.04937436518e-09, 7.65967644867e-09, 4.8943507025e-09, 5.8076925491e-09, 6.01079630513e-09, 3.56732354767e-09, 2.96127611321e-09, 6.25475138349e-09, 2.05774175477e-09, 1.82224890732e-09, 1.95851956875e-09, 6.75832945163e-09, 2.25365814899e-09, 2.90985568974e-09, 1.27273285244e-08, 1.92612716887e-08, 9.69876268186e-09, 8.07699507277e-09, 1.25103962745e-08, 4.67485827826e-10, 5.7258109365e-10, 1.1568251912e-10, 3.01967548189e-11, 8.16088123186e-14], [1.75848512184e-14, -3.03573702634e-12, 2.7907456901e-10, 1.95765736954e-09, 9.12223629967e-09, 7.78948638924e-09, 5.78163739107e-09, 3.18983062186e-09, 1.29422583761e-09, 1.28159571844e-09, 2.05774175477e-09, 4.42830172531e-09, 1.90393034671e-09, 1.81427339818e-09, 1.09037294749e-08, 2.67890221117e-09, 2.15986606378e-09, 8.12612110934e-09, 1.21663452646e-08, 7.23108284362e-09, 5.92150684042e-09, 1.05725126431e-08, 2.72649458566e-10, 7.06915248561e-10, 7.68352048652e-11, 2.45060222115e-11, 1.01980036015e-13], [4.31981449851e-14, 1.39554244896e-11, 2.37654312896e-10, 1.185432974e-09, 4.42490755148e-09, 3.53489926219e-09, 3.92957133499e-09, 3.15172732357e-09, 7.77149566922e-10, 1.40893607892e-09, 1.82224890732e-09, 1.90393034671e-09, 4.29837054838e-09, 1.67282554475e-09, 8.58992788011e-09, 2.13645123814e-09, 2.03275396515e-09, 5.43746425663e-09, 7.04156510878e-09, 5.03643837746e-09, 3.8892453702e-09, 6.55609433409e-09, 1.86126752899e-10, 2.01453603799e-10, 3.29050987846e-11, 1.17117184006e-11, 2.30426775208e-14], [-8.11172790993e-15, -1.27474827569e-11, 2.94943125478e-10, 1.9453534339e-09, 6.77021283479e-09, 6.48702558337e-09, 5.42200151443e-09, 2.73839173559e-09, 6.77587819187e-10, 1.33042654671e-09, 1.95851956875e-09, 1.81427339818e-09, 1.67282554475e-09, 4.4536876409e-09, 1.35744926411e-08, 2.55261456417e-09, 1.88666593459e-09, 1.01862065449e-08, 1.46108662946e-08, 5.69942404383e-09, 6.94427937376e-09, 7.72830333062e-09, 2.86205031896e-10, 3.88709009425e-10, 6.56549606348e-11, 1.13589459019e-11, -3.26372255434e-15], [4.20472847078e-14, -1.26848268001e-10, 2.45159026413e-09, 2.1041625331e-08, 8.14506648794e-08, 8.17553456045e-08, 4.99485999228e-08, 1.46741401252e-08, 1.52991486146e-09, 3.052791131e-09, 6.75832945163e-09, 1.09037294749e-08, 8.58992788011e-09, 1.35744926411e-08, 1.7331680624e-07, 2.02981187414e-08, 8.910840954e-09, 4.1779177451e-08, 7.41497103718e-08, 3.17957784546e-08, 3.61176972774e-08, 4.94080829583e-08, 1.81534698385e-09, 6.5244978309e-09, 5.06024666613e-10, 7.95266977272e-11, -8.24929453089e-14], [3.830136959e-14, -3.70751996812e-12, 5.89735649204e-10, 4.28997148916e-09, 1.78441617038e-08, 1.80464816424e-08, 1.04252055877e-08, 3.84841403189e-09, 2.08611350416e-09, 1.2804769467e-09, 2.25365814899e-09, 2.67890221117e-09, 2.13645123814e-09, 2.55261456417e-09, 2.02981187414e-08, 1.0201389955e-08, 4.32168478781e-09, 1.44256180334e-08, 2.43443860626e-08, 1.56428381359e-08, 2.38376909323e-08, 1.46218122055e-08, 7.50707607189e-10, 1.95565608152e-09, 2.30505933785e-10, 4.9739278668e-11, 2.97585198671e-13], [-4.60516939524e-14, 7.67191952328e-12, 1.2827432172e-10, 5.63491975303e-10, 9.35857435991e-09, 7.36824556924e-09, 6.10465367146e-09, 6.09126793449e-09, 3.67049057814e-09, 1.80665016281e-09, 2.90985568974e-09, 2.15986606378e-09, 2.03275396515e-09, 1.88666593459e-09, 8.910840954e-09, 4.32168478781e-09, 1.18303784546e-08, 3.5625099315e-08, 4.24849915248e-08, 3.17208908029e-08, 1.92363476259e-08, 1.75703380734e-08, 1.08365250107e-09, 5.45668454865e-10, 2.98235464102e-10, 5.92877552608e-11, 6.8544475651e-13], [-6.39843213135e-13, -9.28382162813e-11, -1.54679005715e-10, 2.94489044261e-10, 2.11056487842e-08, 1.0886043178e-08, 1.58235398118e-08, 1.89931732564e-08, 7.4753661039e-09, 5.31061861153e-09, 1.27273285244e-08, 8.12612110934e-09, 5.43746425663e-09, 1.01862065449e-08, 4.1779177451e-08, 1.44256180334e-08, 3.5625099315e-08, 2.80058543467e-07, 2.67314845814e-07, 1.39559986678e-07, 5.11327193919e-08, 6.00069256507e-08, 4.11210487883e-09, -2.27185759094e-09, 1.23633658866e-09, 2.45713671632e-10, 3.1120451268e-12], [-5.50631480516e-13, -1.35483832486e-10, 8.57260540332e-10, 5.39845590453e-09, 6.21645384058e-08, 5.61438469049e-08, 4.50368737859e-08, 3.77639572946e-08, 1.81715087422e-08, 8.65291127639e-09, 1.92612716887e-08, 1.21663452646e-08, 7.04156510878e-09, 1.46108662946e-08, 7.41497103718e-08, 2.43443860626e-08, 4.24849915248e-08, 2.67314845814e-07, 4.2389225996e-07, 1.54969569621e-07, 1.38845976494e-07, 9.80989156574e-08, 6.45651709874e-09, 4.5246215663e-09, 1.88861681849e-09, 3.61573854191e-10, 3.1450785986e-12], [5.44530681667e-14, 1.8561879464e-11, 1.47642831294e-09, 9.13803432923e-09, 5.47761764835e-08, 4.1915839688e-08, 2.94705078119e-08, 2.23683560563e-08, 1.26183197224e-08, 5.9018923082e-09, 9.69876268186e-09, 7.23108284362e-09, 5.03643837746e-09, 5.69942404383e-09, 3.17957784546e-08, 1.56428381359e-08, 3.17208908029e-08, 1.39559986678e-07, 1.54969569621e-07, 3.46470471868e-07, 2.52837594417e-07, 1.10506682915e-07, 5.95406213222e-09, 7.29365279284e-09, 1.83582704594e-09, 4.49906750744e-10, 4.66767033011e-12], [9.72557429556e-13, 2.64465207546e-12, 4.01899802327e-09, 2.55834056162e-08, 1.17925850418e-07, 1.28240785102e-07, 5.35328901208e-08, 1.78989605359e-08, 9.32968013956e-09, 5.98976868105e-09, 8.07699507277e-09, 5.92150684042e-09, 3.8892453702e-09, 6.94427937376e-09, 3.61176972774e-08, 2.38376909323e-08, 1.92363476259e-08, 5.11327193919e-08, 1.38845976494e-07, 2.52837594417e-07, 1.19401499887e-06, 1.41704035173e-07, 8.72853789247e-09, 3.2035845976e-08, 2.63959143432e-09, 6.51766418613e-10, 3.40349038015e-12], [1.67523872378e-13, 6.90952642324e-11, 2.81222445331e-09, 1.58678563622e-08, 8.40730010054e-08, 7.55744551384e-08, 4.28248121409e-08, 2.34940191746e-08, 1.58861883648e-08, 8.5419022966e-09, 1.25103962745e-08, 1.05725126431e-08, 6.55609433409e-09, 7.72830333062e-09, 4.94080829583e-08, 1.46218122055e-08, 1.75703380734e-08, 6.00069256507e-08, 9.80989156574e-08, 1.10506682915e-07, 1.41704035173e-07, 1.54640105166e-07, 4.54772486336e-09, 9.08006647649e-09, 1.09250997138e-09, 2.96683538847e-10, 1.48751789966e-12], [1.00386617964e-14, 7.01362145444e-12, 1.25546906204e-10, 6.76543598921e-10, 3.6146055038e-09, 3.55971763177e-09, 1.86007687031e-09, 1.52420120969e-09, 1.47655532245e-09, 4.6902515205e-10, 4.67485827826e-10, 2.72649458566e-10, 1.86126752899e-10, 2.86205031896e-10, 1.81534698385e-09, 7.50707607189e-10, 1.08365250107e-09, 4.11210487883e-09, 6.45651709874e-09, 5.95406213222e-09, 8.72853789247e-09, 4.54772486336e-09, 4.62612392838e-10, 5.24987719963e-10, 8.27365884137e-11, 1.35734696052e-11, 1.04456719695e-13], [1.68595402938e-13, 1.70258685622e-11, 6.13960104978e-10, 3.70153974139e-09, 1.59330237892e-08, 1.70904854713e-08, 6.9087797705e-09, 2.75779643566e-09, 3.00295943667e-09, 7.09874159455e-10, 5.7258109365e-10, 7.06915248561e-10, 2.01453603799e-10, 3.88709009425e-10, 6.5244978309e-09, 1.95565608152e-09, 5.45668454865e-10, -2.27185759094e-09, 4.5246215663e-09, 7.29365279284e-09, 3.2035845976e-08, 9.08006647649e-09, 5.24987719963e-10, 5.42590061769e-09, 1.90623725138e-10, 7.63734422926e-11, 1.70122691433e-13], [6.19757702122e-15, 1.20096033812e-12, 3.35601893497e-11, 1.97439106731e-10, 1.08686926126e-09, 1.09081577104e-09, 5.51403700477e-10, 3.27501303854e-10, 3.2149494178e-10, 9.78691780396e-11, 1.1568251912e-10, 7.68352048652e-11, 3.29050987846e-11, 6.56549606348e-11, 5.06024666613e-10, 2.30505933785e-10, 2.98235464102e-10, 1.23633658866e-09, 1.88861681849e-09, 1.83582704594e-09, 2.63959143432e-09, 1.09250997138e-09, 8.27365884137e-11, 1.90623725138e-10, 3.05796152289e-11, 5.18931902657e-12, 3.73035241206e-14], [4.40527356898e-16, 2.16087008855e-13, 1.16330087924e-11, 5.70740642247e-11, 3.10313469365e-10, 3.12561532212e-10, 1.3769314855e-10, 6.15344789012e-11, 5.44645231693e-11, 2.39921867096e-11, 3.01967548189e-11, 2.45060222115e-11, 1.17117184006e-11, 1.13589459019e-11, 7.95266977272e-11, 4.9739278668e-11, 5.92877552608e-11, 2.45713671632e-10, 3.61573854191e-10, 4.49906750744e-10, 6.51766418613e-10, 2.96683538847e-10, 1.35734696052e-11, 7.63734422926e-11, 5.18931902657e-12, 3.28742155026e-12, 1.43404355095e-14], [-3.66168951658e-18, -2.29072119651e-17, 2.867323417e-14, 9.47513280943e-14, 9.94553614811e-13, 8.90839973403e-13, 3.00737787538e-13, 1.92566841921e-13, 2.0217459434e-13, 3.71054810413e-14, 8.16088123186e-14, 1.01980036015e-13, 2.30426775208e-14, -3.26372255434e-15, -8.24929453089e-14, 2.97585198671e-13, 6.8544475651e-13, 3.1120451268e-12, 3.1450785986e-12, 4.66767033011e-12, 3.40349038015e-12, 1.48751789966e-12, 1.04456719695e-13, 1.70122691433e-13, 3.73035241206e-14, 1.43404355095e-14, 1.76345774522e-16]]
    },
    "mfcc": {
        "kurt": [20.7605953217, 0.439888000488, -0.526115894318, 1.33728837967, 0.200671195984, -0.130354881287, -0.242733716965, -0.805479764938, 0.0526077747345, -0.270279169083, -0.282249927521, -0.205002307892, 0.0696680545807],
        "max": [-599.74432373, 98.5912628174, -6.103515625e-05, 63.016998291, 4.25445556641, 24.1398487091, 9.06295585632, 11.6723403931, 15.9545249939, 14.7544689178, 13.0159988403, 14.3435897827, 8.19519042969],
        "mean": [-676.873657227, 58.0057868958, -48.8946113586, 36.4629211426, -25.9517326355, -7.8936009407, -10.9612598419, -23.3834190369, -7.03919887543, -11.3649988174, -9.05715274811, -9.24406337738, -11.1196126938],
        "median": [-663.377441406, 56.9839706421, -48.7416229248, 36.4847602844, -26.0549869537, -7.74453544617, -10.7539625168, -23.1605911255, -7.63785362244, -12.2071275711, -9.3328371048, -8.7551651001, -11.5528898239],
        "min": [-1138.42004395, 1.14440917969e-05, -109.785827637, -1.07908248901, -55.9931030273, -44.9614334106, -32.4865570068, -58.6263542175, -28.0123806, -37.9657745361, -30.9589748383, -30.8970985413, -39.2820549011],
        "skew": [-3.31288051605, 0.223247155547, -0.129811957479, -0.326796770096, -5.90900854149e-05, -0.131747573614, -0.124375574291, 0.00947334896773, 0.254191964865, 0.166179940104, -0.0365265868604, -0.114707402885, 0.0452594012022],
        "var": [3081.28710938, 243.657867432, 349.241912842, 72.2576446533, 73.1445083618, 108.874977112, 47.72473526, 176.804122925, 47.5789451599, 73.5040054321, 51.7553291321, 58.172328949, 45.6656913757],
        "cov": [[3084.14282227, -302.684112549, 458.274627686, 104.541618347, -100.576705933, -259.828735352, -131.028167725, -411.341583252, -41.3545684814, -275.49710083, -126.677955627, -134.43661499, -191.325790405], [-302.684112549, 243.883682251, -136.997650146, -13.5761604309, 12.0567426682, 76.9979019165, 9.2549829483, 87.6560592651, -5.48680019379, 62.6727371216, 36.5189628601, -6.18218564987, 43.7696228027], [458.274627686, -136.997650146, 349.565612793, -2.20785570145, 14.9089756012, -84.6414794922, -24.046503067, -144.118865967, 33.9534492493, -65.9832611084, -72.2762680054, -10.7043323517, -52.6568527222], [104.541618347, -13.5761604309, -2.20785570145, 72.3246154785, 2.89263558388, 5.59019136429, 0.387206047773, 4.43487882614, -6.1245341301, -9.28095149994, 2.74087929726, 2.14298892021, -2.35976815224], [-100.576705933, 12.0567426682, 14.9089756012, 2.89263558388, 73.2122955322, 18.9749069214, 7.18183422089, -17.2430706024, -3.28463768959, 7.61752700806, -2.37522172928, -1.36274635792, 2.87045645714], [-259.828735352, 76.9979019165, -84.6414794922, 5.59019136429, 18.9749069214, 108.975883484, 24.2316894531, 36.9284515381, 3.69673991203, 28.6861076355, 16.6121768951, 12.2162075043, 23.6296291351], [-131.028167725, 9.2549829483, -24.046503067, 0.387206047773, 7.18183422089, 24.2316894531, 47.7689666748, 26.7067985535, 16.3806629181, 14.5797767639, 3.42901277542, 19.2954864502, 5.46306324005], [-411.341583252, 87.6560592651, -144.118865967, 4.43487882614, -17.2430706024, 36.9284515381, 26.7067985535, 176.967987061, 3.30511927605, 62.4096221924, 51.3672599792, 18.9070529938, 32.866897583], [-41.3545684814, -5.48680019379, 33.9534492493, -6.1245341301, -3.28463768959, 3.69673991203, 16.3806629181, 3.30511927605, 47.6230430603, 14.7952928543, -10.3821220398, 15.635717392, -5.2036948204], [-275.49710083, 62.6727371216, -65.9832611084, -9.28095149994, 7.61752700806, 28.6861076355, 14.5797767639, 62.4096221924, 14.7952928543, 73.5721282959, 20.1229686737, 20.9861183167, 20.6428527832], [-126.677955627, 36.5189628601, -72.2762680054, 2.74087929726, -2.37522172928, 16.6121768951, 3.42901277542, 51.3672599792, -10.3821220398, 20.1229686737, 51.8032951355, -0.234247133136, 15.7967424393], [-134.43661499, -6.18218564987, -10.7043323517, 2.14298892021, -1.36274635792, 12.2162075043, 19.2954864502, 18.9070529938, 15.635717392, 20.9861183167, -0.234247133136, 58.2262420654, 14.4746255875], [-191.325790405, 43.7696228027, -52.6568527222, -2.35976815224, 2.87045645714, 23.6296291351, 5.46306324005, 32.866897583, -5.2036948204, 20.6428527832, 15.7967424393, 14.4746255875, 45.7080116272]]
    },
    "sccoeffs": {
        "kurt": [-0.368901729584, -0.153473615646, 1.33968734741, 0.128739356995, 1.11446523666, 3.08136892319],
        "max": [-0.349308818579, -0.623962283134, -0.671193301678, -0.665406346321, -0.666119396687, -0.600997030735],
        "mean": [-0.609532833099, -0.786812484264, -0.827617287636, -0.794673025608, -0.798434257507, -0.71565592289],
        "median": [-0.603693962097, -0.790559768677, -0.829527258873, -0.796588540077, -0.800404191017, -0.718093395233],
        "min": [-0.923451781273, -0.937432706356, -0.950766503811, -0.941135704517, -0.928866386414, -0.90196543932],
        "skew": [-0.170472189784, 0.284025520086, 0.4930742383, 0.217819526792, 0.284675717354, -0.325652718544],
        "var": [0.00793690886348, 0.00271587516181, 0.00118329783436, 0.00136892206501, 0.000848749710713, 0.000956827832852],
        "cov": [[0.00794426444918, 0.00193075544666, 0.000416576251155, 0.00137299729977, 0.000956034869887, 0.000959814875387], [0.00193075544666, 0.0027183922939, 1.17358049465e-05, 0.000622567313258, 0.000417354545789, 0.00034145382233], [0.000416576251155, 1.17358049465e-05, 0.00118439446669, -2.65594790108e-05, 6.51262744213e-05, 2.41736634052e-05], [0.00137299729977, 0.000622567313258, -2.65594790108e-05, 0.00137019075919, 0.000216364205698, 0.000241141286097], [0.000956034869887, 0.000417354545789, 6.51262744213e-05, 0.000216364205698, 0.000849536329042, 0.000263051217189], [0.000959814875387, 0.00034145382233, 2.41736634052e-05, 0.000241141286097, 0.000263051217189, 0.000957714626566]]
    },
    "scvalleys": {
        "kurt": [78.1833114624, 51.6149024963, 110.722351074, 130.557952881, 93.4182434082, 28.6354694366],
        "max": [-6.5646944046, -4.95601511002, -5.41464185715, -5.78638887405, -5.48450708389, -7.65856695175],
        "mean": [-7.93849277496, -6.26422023773, -6.6712474823, -6.68499708176, -6.56203889847, -8.88228130341],
        "median": [-7.89888572693, -6.19083166122, -6.65472555161, -6.63950443268, -6.47483682632, -8.66260528564],
        "min": [-17.5435009003, -16.943567276, -16.6886634827, -16.6339168549, -16.6690158844, -18.3057727814],
        "skew": [-6.26669740677, -4.74574518204, -7.91673564911, -9.14281177521, -7.41981697083, -3.71783328056],
        "var": [0.445524662733, 0.620187461376, 0.366855144501, 0.337396651506, 0.422327637672, 0.699671626091],
        "cov": [[0.445937544107, 0.332746624947, 0.268304049969, 0.261310070753, 0.291690647602, 0.343712031841], [0.332746624947, 0.62076228857, 0.387058615685, 0.344419687986, 0.434771716595, 0.578347980976], [0.268304049969, 0.387058615685, 0.367195129395, 0.295182019472, 0.327064722776, 0.381981879473], [0.261310070753, 0.344419687986, 0.295182019472, 0.337709367275, 0.316957354546, 0.356218934059], [0.291690647602, 0.434771716595, 0.327064722776, 0.316957354546, 0.422719061375, 0.488647580147], [0.343712031841, 0.578347980976, 0.381981879473, 0.356218934059, 0.488647580147, 0.700320065022]]
    }
},
"rhythm": {
    "beats_loudness": {
        "kurt": -0.597661733627,
        "max": 0.0106262918562,
        "mean": 0.00528134452179,
        "median": 0.00564307859167,
        "min": 0.000796788546722,
        "skew": -0.0611619539559,
        "var": 6.53106371828e-06
    },
    "bpm": 117.300270081,
    "confidence": 0.616267800331,
    "first_peak_bpm": {
        "kurt": 0,
        "max": 117,
        "mean": 117,
        "median": 117,
        "min": 117,
        "skew": 0,
        "var": 0
    },
    "first_peak_spread": {
        "kurt": 0,
        "max": 0.0588235259056,
        "mean": 0.0588235259056,
        "median": 0.0588235259056,
        "min": 0.0588235259056,
        "skew": 0,
        "var": 0
    },
    "first_peak_weight": {
        "kurt": 0,
        "max": 0.695652186871,
        "mean": 0.695652186871,
        "median": 0.695652186871,
        "min": 0.695652186871,
        "skew": 0,
        "var": 0
    },
    "onset_rate": 0.638834774494,
    "second_peak_bpm": {
        "kurt": 0,
        "max": 112,
        "mean": 112,
        "median": 112,
        "min": 112,
        "skew": 0,
        "var": 0
    },
    "second_peak_spread": {
        "kurt": 0,
        "max": 0.400000035763,
        "mean": 0.400000035763,
        "median": 0.400000035763,
        "min": 0.400000035763,
        "skew": 0,
        "var": 0
    },
    "second_peak_weight": {
        "kurt": 0,
        "max": 0.130434781313,
        "mean": 0.130434781313,
        "median": 0.130434781313,
        "min": 0.130434781313,
        "skew": 0,
        "var": 0
    },
    "beats_loudness_band_ratio": {
        "kurt": [1.56394433975, -0.143674135208, 0.126878261566, -0.35125374794, -0.854593515396, -0.487195968628],
        "max": [0.0928822159767, 0.288877099752, 0.271722972393, 0.181352630258, 0.437770545483, 0.705490469933],
        "mean": [0.029566006735, 0.103564038873, 0.113380201161, 0.0808420479298, 0.271852791309, 0.426529347897],
        "median": [0.0282481536269, 0.0877233147621, 0.0968141630292, 0.0644478052855, 0.273581981659, 0.405841112137],
        "min": [0.00197319244035, 0.015394071117, 0.0312811024487, 0.0255677103996, 0.110455386341, 0.265556901693],
        "skew": [1.18549895287, 0.825134575367, 0.93121111393, 0.975884020329, -0.0351855009794, 0.507896840572],
        "var": [0.000349725130945, 0.00464669009671, 0.00384101783857, 0.00205697631463, 0.00779688730836, 0.0118151903152],
        "cov": [[0.000357327866368, 0.000311153708026, 0.000182311603567, 8.57713093865e-05, -0.000271842960501, -0.000546435359865], [0.000311153708026, 0.00474770506844, 0.0013925380772, -0.00134229997639, -0.00261078309268, -0.00173645548057], [0.000182311603567, 0.0013925380772, 0.00392451835796, -0.00038786281948, -0.00194082711823, -0.00290389172733], [8.57713093865e-05, -0.00134229997639, -0.00038786281948, 0.00210169330239, 0.00145205773879, -0.00209586485289], [-0.000271842960501, -0.00261078309268, -0.00194082711823, 0.00145205773879, 0.00796638522297, -0.00508051924407], [-0.000546435359865, -0.00173645548057, -0.00290389172733, -0.00209586485289, -0.00508051924407, 0.0120720425621]]
    },
    "beats_position": [0.53405892849, 1.06811785698, 1.57895684242, 2.08979582787, 2.6470746994, 3.20435357094, 3.73841261864, 4.3073015213, 4.82975053787, 5.34058952332, 5.85142850876, 6.38548755646, 6.8963265419, 7.40716552734, 7.91800451279, 8.42884349823, 8.93968200684, 9.45052146912, 9.96135997772, 10.4954195023, 11.0062580109, 11.5170974731, 12.0279359818, 12.538775444, 13.0496139526, 13.5604534149, 14.117732048, 14.6750106812, 15.1858501434, 15.696688652, 16.2075271606, 16.7183666229, 17.2292060852, 17.7400455475, 18.2508831024, 18.7617225647, 19.272562027, 19.7834014893, 20.3174591064, 20.8399085999, 21.4087982178, 21.9196376801, 22.430475235, 22.9645347595, 23.4753742218, 23.9862117767, 24.497051239],
    "bpm_estimates": [117.453842163, 117.453842163, 114.843742371, 117.453842163, 117.453842163, 117.453842163, 117.453842163, 117.453842163, 117.453842163, 117.453948975, 117.453727722, 117.453948975, 117.453948975, 117.453727722, 117.453948975, 117.453727722, 117.453948975, 117.453727722, 117.453727722, 117.453948975, 117.453948975, 117.453727722, 117.453727722, 117.453727722, 117.454170227, 117.453727722, 117.453727722, 117.453727722, 114.843635559, 117.453727722, 117.454170227, 117.453727722, 117.454170227, 117.453727722],
    "bpm_intervals": [0.53405892849, 0.510838985443, 0.510838985443, 0.557278871536, 0.557278871536, 0.534059047699, 0.568888902664, 0.522449016571, 0.510838985443, 0.510838985443, 0.534059047699, 0.510838985443, 0.510838985443, 0.510838985443, 0.510838985443, 0.510838508606, 0.51083946228, 0.510838508606, 0.534059524536, 0.510838508606, 0.51083946228, 0.510838508606, 0.51083946228, 0.510838508606, 0.51083946228, 0.557278633118, 0.557278633118, 0.51083946228, 0.510838508606, 0.510838508606, 0.51083946228, 0.51083946228, 0.51083946228, 0.510837554932, 0.51083946228, 0.51083946228, 0.51083946228, 0.534057617188, 0.522449493408, 0.56888961792, 0.51083946228, 0.510837554932, 0.534059524536, 0.51083946228, 0.510837554932, 0.51083946228],
    "onset_times": [0.0928798168898, 0.325079351664, 0.580498874187, 3.15791392326, 7.52326536179, 9.98458003998, 12.051156044, 12.5968255997, 14.3731517792, 14.5356912613, 14.5705213547, 18.8081626892, 20.4335594177, 21.9312477112, 21.9660778046, 22.7555561066],
    "histogram": [[0, 0, 0, 0, 0, 0, 0, 0, 0, 0, 0, 0, 0, 0, 0, 0, 0, 0, 0, 0, 0, 0, 0, 0, 0, 0, 0, 0, 0, 0, 0, 0, 0, 0, 0, 0, 0, 0, 0, 0, 0, 0, 0, 0, 0, 0, 0, 0, 0, 0, 0, 0, 0, 0, 0, 0, 0, 0, 0, 0, 0, 0, 0, 0, 0, 0, 0, 0, 0, 0, 0, 0, 0, 0, 0, 0, 0, 0, 0, 0, 0, 0, 0, 0, 0, 0, 0, 0, 0, 0, 0, 0, 0, 0, 0, 0, 0, 0, 0, 0, 0, 0, 0, 0, 0, 0.0434782616794, 0, 0, 0.0869565233588, 0, 0, 0, 0.130434781313, 0, 0, 0.0434782616794, 0, 0.695652186871, 0, 0, 0, 0, 0, 0, 0, 0, 0, 0, 0, 0, 0, 0, 0, 0, 0, 0, 0, 0, 0, 0, 0, 0, 0, 0, 0, 0, 0, 0, 0, 0, 0, 0, 0, 0, 0, 0, 0, 0, 0, 0, 0, 0, 0, 0, 0, 0, 0, 0, 0, 0, 0, 0, 0, 0, 0, 0, 0, 0, 0, 0, 0, 0, 0, 0, 0, 0, 0, 0, 0, 0, 0, 0, 0, 0, 0, 0, 0, 0, 0, 0, 0, 0, 0, 0, 0, 0, 0, 0, 0, 0, 0, 0, 0, 0, 0, 0, 0, 0, 0, 0, 0, 0, 0, 0, 0, 0, 0, 0, 0, 0, 0, 0, 0, 0, 0, 0, 0, 0, 0, 0, 0, 0, 0, 0, 0, 0, 0, 0, 0, 0]]
},
"sfx": {
    "inharmonicity": {
        "kurt": 0.499913454056,
        "max": 0.3722910285,
        "mean": 0.0652074143291,
        "median": 0.0113170985132,
        "min": 0,
        "skew": 1.34456694126,
        "var": 0.00886999629438
    },
    "oddtoevenharmonicenergyratio": {
        "kurt": 72.1966247559,
        "max": 45.1948814392,
        "mean": 1.11928772926,
        "median": 0.213493064046,
        "min": 0,
        "skew": 7.33735227585,
        "var": 9.94736480713
    },
    "pitch_after_max_to_before_max_energy_ratio": 2.54567217827,
    "pitch_centroid": 538.193786621,
    "pitch_max_to_total": 0.306481480598,
    "pitch_min_to_total": 0.458333343267,
    "tristimulus": {
        "kurt": [-1.84997224808, -0.53599691391, -0.606439828873],
        "max": [1, 0.966959774494, 0.950918674469],
        "mean": [0.550031721592, 0.254397958517, 0.195569857955],
        "median": [0.455798864365, 0.139696016908, 0],
        "min": [0, 0, 0],
        "skew": [0.0261733625084, 0.916341602802, 1.06353032589],
        "var": [0.175458207726, 0.0917640030384, 0.0923409461975],
        "cov": [[0.175620809197, -0.0875215902925, -0.0880996063352], [-0.0875215902925, 0.0918490514159, -0.00432706298307], [-0.0880996063352, -0.00432706298307, 0.0924265235662]]
    }
},
"tonal": {
    "chords_changes_rate": 0.0480591505766,
    "chords_number_rate": 0.0129390014336,
    "chords_strength": {
        "kurt": -0.104685306549,
        "max": 0.57390576601,
        "mean": 0.417854845524,
        "median": 0.40766108036,
        "min": 0.273398339748,
        "skew": 0.414364367723,
        "var": 0.00366651453078
    },
    "key_strength": 0.314437180758,
    "tuning_diatonic_strength": 0.373010694981,
    "tuning_equal_tempered_deviation": 0.187203079462,
    "tuning_frequency": 446.91595459,
