{
"metadata": {
    "version": {
        "essentia": "2.1-beta3"
    }
},
"lowLevel": {
    "average_loudness": 0.99068403244,
    "barkbands_kurtosis": {
        "kurt": 0.43083024025,
        "max": 3.23092365265,
        "mean": -0.774650454521,
        "median": -1.36978840828,
        "min": -1.67039906979,
        "skew": 1.00792264938,
        "var": 1.18004071712
    },
    "barkbands_skewness": {
        "kurt": -1.09527397156,
        "max": 1.87575674057,
        "mean": -0.287877351046,
        "median": -0.0386605449021,
        "min": -1.44442629814,
        "skew": -0.181336924434,
        "var": 0.699781179428
    },
    "barkbands_spread": {
        "kurt": -0.881259918213,
        "max": 49.2021865845,
        "mean": 39.4173126221,
        "median": 44.1790885925,
        "min": 16.1711025238,
        "skew": -0.713522493839,
        "var": 62.9355812073
    },
    "dissonance": {
        "kurt": 39.2173995972,
        "max": 0.499068975449,
        "mean": 0.485087096691,
        "median": 0.487987071276,
        "min": 0.382227778435,
        "skew": -5.62955665588,
        "var": 0.00019084638916
    },
    "hfc": {
        "kurt": -1.50033974648,
        "max": 6.2386803627,
        "mean": 3.62167143822,
        "median": 3.9900765419,
        "min": 0.25705114007,
        "skew": -0.233070224524,
        "var": 3.86787343025
    },
    "pitch": {
        "kurt": 31.4205970764,
        "max": 4060.34960938,
        "mean": 3902.80175781,
        "median": 4004.65087891,
        "min": 244.702346802,
        "skew": -5.7756228447,
        "var": 372960.46875
    },
    "pitch_instantaneous_confidence": {
        "kurt": -1.43653941154,
        "max": 0.568756699562,
        "mean": 0.395854055882,
        "median": 0.442632317543,
        "min": 0.199092566967,
        "skew": -0.454773396254,
        "var": 0.0128674022853
    },
    "pitch_salience": {
        "kurt": -1.32965815067,
        "max": 0.777141988277,
        "mean": 0.741553366184,
        "median": 0.734261214733,
        "min": 0.702168524265,
        "skew": 0.200505003333,
        "var": 0.000577909406275
    },
    "silence_rate_20dB": {
        "kurt": 0,
        "max": 1,
        "mean": 1,
        "median": 1,
        "min": 1,
        "skew": 0,
        "var": 0
    },
    "silence_rate_30dB": {
        "kurt": 0,
        "max": 1,
        "mean": 1,
        "median": 1,
        "min": 1,
        "skew": 0,
        "var": 0
    },
    "silence_rate_60dB": {
        "kurt": 0,
        "max": 1,
        "mean": 1,
        "median": 1,
        "min": 1,
        "skew": 0,
        "var": 0
    },
    "spectral_centroid": {
        "kurt": -1.25670361519,
        "max": 3338.06738281,
        "mean": 2307.28710938,
        "median": 2042.7623291,
        "min": 612.130432129,
        "skew": 0.30474743247,
        "var": 518828
    },
    "spectral_complexity": {
        "kurt": -1.14360666275,
        "max": 10,
        "mean": 5.39726018906,
        "median": 6,
        "min": 0,
        "skew": -0.214624792337,
        "var": 5.69149971008
    },
    "spectral_crest": {
        "kurt": -1.37980723381,
        "max": 8.31940460205,
        "mean": 6.14785242081,
        "median": 6.92932653427,
        "min": 3.77412843704,
        "skew": -0.605838298798,
        "var": 2.17301225662
    },
    "spectral_decrease": {
        "kurt": -1.30047500134,
        "max": -3.95463349567e-11,
        "mean": -3.03576136451e-10,
        "median": -3.35046740352e-10,
        "min": -4.52789250538e-10,
        "skew": 0.396810352802,
        "var": 1.33483153268e-20
    },
    "spectral_energy": {
        "kurt": -1.38535499573,
        "max": 0.00212126877159,
        "mean": 0.00147426256444,
        "median": 0.00179323856719,
        "min": 0.000214072148083,
        "skew": -0.633871138096,
        "var": 3.38573244107e-07
    },
    "spectral_energyband_high": {
        "kurt": -1.48694896698,
        "max": 0.000657433411106,
        "mean": 0.000346541521139,
        "median": 0.000350058631739,
        "min": 6.8993754212e-06,
        "skew": 0.0221765451133,
        "var": 4.52235759951e-08
    },
    "spectral_energyband_low": {
        "kurt": -1.54130935669,
        "max": 9.64944047155e-05,
        "mean": 5.85030938964e-05,
        "median": 6.7821063567e-05,
        "min": 3.47228387909e-06,
        "skew": -0.374555557966,
        "var": 1.06291975221e-09
    },
    "spectral_energyband_middle_high": {
        "kurt": -1.51255571842,
        "max": 0.000963565951679,
        "mean": 0.000614154268987,
        "median": 0.00075076095527,
        "min": 7.31345207896e-05,
        "skew": -0.528248012066,
        "var": 9.72523110931e-08
    },
    "spectral_energyband_middle_low": {
        "kurt": -1.40078222752,
        "max": 0.000800201203674,
        "mean": 0.000467662379378,
        "median": 0.000364716601325,
        "min": 4.01378238166e-05,
        "skew": 0.538235247135,
        "var": 5.24323304774e-08
    },
    "spectral_flatness_db": {
        "kurt": 1.51796245575,
        "max": 0.155431583524,
        "mean": 0.10870269686,
        "median": 0.106010951102,
        "min": 0.0960084944963,
        "skew": 0.974396288395,
        "var": 0.000133807974635
    },
    "spectral_flux": {
        "kurt": 19.5194950104,
        "max": 0.0309178363532,
        "mean": 0.0290033221245,
        "median": 0.0291082914919,
        "min": 0.0204921718687,
        "skew": -3.47302961349,
        "var": 1.80989320597e-06
    },
    "spectral_kurtosis": {
        "kurt": 10.0351829529,
        "max": 5.14772510529,
        "mean": 2.45482039452,
        "median": 2.54981231689,
        "min": 1.57295846939,
        "skew": 2.2921397686,
        "var": 0.338464200497
    },
    "spectral_rms": {
        "kurt": -1.03192126751,
        "max": 0.00143858627416,
        "mean": 0.00116975477431,
        "median": 0.00132268702146,
        "min": 0.000457002053736,
        "skew": -0.756191551685,
        "var": 6.99792437331e-08
    },
    "spectral_rolloff": {
        "kurt": 24.5893993378,
        "max": 4844.97070312,
        "mean": 4172.72216797,
        "median": 4349.70703125,
        "min": 882.861328125,
        "skew": -4.11147451401,
        "var": 242373.9375
    },
    "spectral_skewness": {
        "kurt": 20.2708797455,
        "max": 1.93778347969,
        "mean": 1.24651968479,
        "median": 1.22146093845,
        "min": 1.1140563488,
        "skew": 4.09607553482,
        "var": 0.0135457729921
    },
    "spectral_spread": {
        "kurt": 16.3387184143,
        "max": 11298172,
        "mean": 6931900.5,
        "median": 6654255,
        "min": 4448264.5,
        "skew": 2.49170279503,
        "var": 536049876992
    },
    "spectral_strongpeak": {
        "kurt": -1.46322262287,
        "max": 1.29151260853,
        "mean": 0.502533793449,
        "median": 0.163167834282,
        "min": 0.0413360968232,
        "skew": 0.716387867928,
        "var": 0.25728559494
    },
    "zerocrossingrate": {
        "kurt": 1.47933006287,
        "max": 0.15966796875,
        "mean": 0.124632120132,
        "median": 0.11474609375,
        "min": 0.02880859375,
        "skew": -0.387158751488,
        "var": 0.000594176934101
    },
    "barkbands": {
        "kurt": [1.43375205994, -1.10542464256, -1.50371205807, -1.5476129055, -0.786426305771, -1.42980968952, -1.46208834648, -1.43930101395, -1.24311614037, -0.577974319458, 1.35315561295, -1.37282025814, -1.51288461685, -1.50799131393, -1.43725478649, -1.53196787834, -1.53375399113, -1.49922013283, -1.42342126369, -1.52471041679, -1.50679647923, -1.50547015667, -1.36401534081, -1.45284366608, -1.37414300442, -1.46958374977, 43.3907394409],
        "max": [3.09321457337e-08, 1.04276077764e-05, 8.24054222903e-05, 4.20849974034e-05, 0.000307347945636, 0.000139919022331, 0.000186713223229, 0.000101394347439, 4.22367957071e-05, 3.34594005835e-05, 1.93851392396e-05, 7.44765493437e-05, 2.56205585174e-05, 4.61089366581e-05, 5.57266685064e-05, 4.21070799348e-05, 0.000173064967385, 6.242217205e-05, 0.000512440048624, 0.000306293630274, 0.000372765614884, 7.18044466339e-05, 3.19089740515e-05, 1.14788444989e-05, 9.03773434402e-06, 7.76835065608e-07, 3.78531090917e-08],
        "mean": [7.25297111259e-09, 6.3671773205e-06, 4.30319269071e-05, 2.1090518203e-05, 0.00021139124874, 8.23957598186e-05, 8.24935777928e-05, 4.527571582e-05, 2.25520088861e-05, 1.7495605789e-05, 1.34913416332e-05, 3.10374125547e-05, 1.55837587954e-05, 2.68238163699e-05, 2.23020779231e-05, 2.36572286667e-05, 9.04273110791e-05, 3.61586899089e-05, 0.000249267934123, 0.000162449767231, 0.000204917727388, 3.98274278268e-05, 1.61489206221e-05, 4.86491126139e-06, 4.84507154397e-06, 3.56276871116e-07, 3.52318263452e-09],
        "median": [6.85216106078e-09, 7.39804181649e-06, 4.09922467952e-05, 2.3518998205e-05, 0.000187360245036, 6.27994959359e-05, 5.58617939532e-05, 2.71749613603e-05, 1.78877526196e-05, 1.65750298038e-05, 1.40986358019e-05, 1.75654240593e-05, 1.96809924091e-05, 3.28025998897e-05, 1.22598212329e-05, 3.0939521821e-05, 0.000103550031781, 4.41745287389e-05, 0.000182222982403, 0.000185966331628, 0.000228549833992, 4.72664214612e-05, 1.04328582893e-05, 2.89799709208e-06, 3.95402184949e-06, 3.09151289457e-07, 2.94378832422e-09],
        "min": [4.71892858123e-10, 6.66225446366e-07, 2.15005547943e-06, 8.14815621197e-07, 2.24028135563e-05, 1.03687225419e-05, 1.79184121407e-06, 2.3192790195e-06, 2.31470971812e-06, 8.57561303746e-07, 1.56531268658e-06, 9.10932726583e-07, 4.76725119825e-07, 2.89236095341e-06, 8.62815340952e-07, 1.25479141388e-06, 2.5964498036e-06, 3.28311989506e-06, 8.20899185783e-06, 6.41946462565e-06, 2.70659074886e-06, 7.28350187273e-07, 1.52753798943e-07, 1.22732501495e-07, 2.29987584532e-08, 5.00310592955e-09, 2.62447147348e-11],
        "skew": [0.851526141167, -0.421300828457, 0.130134508014, -0.213310420513, 0.225178956985, 0.525510013103, 0.537415742874, 0.658516526222, 0.537508189678, 0.379247993231, -1.18963027, 0.678037464619, -0.5534029603, -0.463362306356, 0.665558159351, -0.508100688457, -0.284947544336, -0.476627260447, 0.557348847389, -0.302820116282, -0.174174711108, -0.366575658321, 0.663190841675, 0.618944764137, 0.445599138737, 0.293549060822, 6.01482772827],
        "var": [3.51271710067e-17, 5.11600831143e-12, 7.59226459479e-10, 2.43605913219e-10, 4.29445412564e-09, 1.56210255842e-09, 4.76467709731e-09, 1.20652821067e-09, 1.20802354231e-10, 4.99165049572e-11, 1.15171249274e-11, 5.99597815842e-10, 7.27965118741e-11, 2.28628241339e-10, 4.48874715175e-10, 2.13998221921e-10, 3.97050659018e-09, 3.83451714825e-10, 2.68343356424e-08, 9.18629794455e-09, 1.52669734632e-08, 5.59853885473e-10, 9.30425111956e-11, 1.85116800361e-11, 6.97654651063e-12, 7.33040134127e-14, 2.0267337832e-17],
        "cov": [[3.56150487494e-17, 8.26101153765e-15, 1.07354385527e-13, 6.94989042444e-14, 2.02067800426e-13, 1.46587386327e-13, 2.72418264162e-13, 9.87118915254e-14, 2.58392686046e-14, 9.68253187589e-15, -5.491647481e-15, 7.11469118754e-14, -1.53717624973e-14, -3.10933191087e-14, 6.16284841627e-14, -5.48125692783e-15, 3.71133042376e-14, -4.12500301928e-14, -6.84985217419e-13, -2.38731533457e-13, -3.51883778192e-13, -5.72186070226e-14, -4.23894589135e-14, -1.79916421794e-14, -1.04715964293e-14, -9.66804358908e-16, 5.86871616512e-18], [8.26101153765e-15, 5.18706431973e-12, 4.97943006272e-11, 3.18457794857e-11, 1.00715040474e-10, 5.95487548161e-11, 1.04756710251e-10, 2.96614816042e-11, 9.49011095402e-12, 1.21210342111e-11, -2.94516635472e-13, 2.17967362909e-11, -9.35115179734e-12, -1.89744261969e-11, 1.71543942246e-11, -8.96976069809e-12, -1.48054866977e-11, -2.36873888559e-11, -3.12478182218e-10, -1.37007669099e-10, -1.90199703209e-10, -3.28016849793e-11, -1.88585518729e-11, -8.3119284025e-12, -4.93283799224e-12, -4.88612459954e-13, -6.25084565272e-15], [1.07354385527e-13, 4.97943006272e-11, 7.69771246745e-10, 4.16748968668e-10, 1.70351965867e-09, 1.03508090987e-09, 1.85701709565e-09, 7.90817855645e-10, 2.51225956704e-10, 7.24162466104e-11, 1.20871333775e-11, 5.59597479466e-10, -1.38362897528e-11, -6.28471302777e-11, 4.77704209523e-10, 8.72518168826e-11, 7.18131387689e-10, -6.20364454251e-11, -2.9877074148e-09, -6.52837506276e-10, -1.09362108258e-09, -1.41924846875e-10, -2.02305686092e-10, -8.1820744624e-11, -4.47115781899e-11, -3.98248968525e-12, -4.37806935887e-14], [6.94989042444e-14, 3.18457794857e-11, 4.16748968668e-10, 2.46989345642e-10, 8.97363849894e-10, 5.51655610082e-10, 9.95884819055e-10, 3.82986420355e-10, 1.18199894317e-10, 5.8670408809e-11, -3.92623433765e-13, 2.74437306214e-10, -3.13878159575e-11, -7.47730904971e-11, 2.30267527268e-10, 9.70314540522e-12, 2.32041941217e-10, -8.9024253247e-11, -1.99292427006e-09, -6.06252270607e-10, -9.29571308816e-10, -1.4450772523e-10, -1.28294500024e-10, -5.40281638872e-11, -3.05035753601e-11, -2.82859456344e-12, -2.79315229935e-14], [2.02067800426e-13, 1.00715040474e-10, 1.70351965867e-09, 8.97363849894e-10, 4.35409930333e-09, 2.57561127981e-09, 4.41920722238e-09, 2.12346318307e-09, 6.63131771717e-10, 8.49473061337e-11, 6.62972246546e-11, 1.49351031542e-09, 1.41962386291e-10, 1.6278617343e-10, 1.27667543204e-09, 4.73471706286e-10, 2.69168110023e-09, 2.49826964671e-10, -4.05910194345e-09, 4.17503365213e-10, -7.68724806033e-11, 1.44608033881e-10, -3.15099474291e-10, -1.17193643678e-10, -5.62140507754e-11, -4.17551540219e-12, -1.11578355875e-13], [1.46587386327e-13, 5.95487548161e-11, 1.03508090987e-09, 5.51655610082e-10, 2.57561127981e-09, 1.58379842574e-09, 2.72815392499e-09, 1.30698751821e-09, 4.02485794693e-10, 3.742085114e-11, 3.25713414573e-11, 9.20548193228e-10, 7.99723343103e-11, 8.94784732419e-11, 7.90416287977e-10, 2.83988776939e-10, 1.64204261299e-09, 1.36479980095e-10, -2.71364419824e-09, 1.724757559e-10, -1.63742130965e-10, 6.94002355583e-11, -2.07177539013e-10, -7.63294497053e-11, -3.81141923578e-11, -2.79504392721e-12, -4.76842279854e-14], [2.72418264162e-13, 1.04756710251e-10, 1.85701709565e-09, 9.95884819055e-10, 4.41920722238e-09, 2.72815392499e-09, 4.83085305092e-09, 2.25013696564e-09, 6.9528721669e-10, 8.95739246665e-11, 4.01009642159e-11, 1.59039514891e-09, 9.07757410906e-11, 7.04509922622e-11, 1.36585187605e-09, 4.29601687557e-10, 2.63083865804e-09, 1.29544888705e-10, -5.62004487392e-09, -2.06769185107e-10, -9.59301305059e-10, -9.9529490552e-12, -4.10145445384e-10, -1.57433635573e-10, -8.06303773748e-11, -6.38183820026e-12, -7.10743177637e-14], [9.87118915254e-14, 2.96614816042e-11, 7.90817855645e-10, 3.82986420355e-10, 2.12346318307e-09, 1.30698751821e-09, 2.25013696564e-09, 1.22328558394e-09, 3.7658220986e-10, -3.93595503412e-11, 4.22951292045e-11, 8.57579673941e-10, 1.50984905134e-10, 2.26966598293e-10, 7.43200057052e-10, 3.7199684999e-10, 1.88699389447e-09, 3.09952036259e-10, -7.93513310615e-10, 1.1450755899e-09, 1.14091369685e-09, 3.02130237495e-10, -9.45419229015e-11, -2.63818966673e-11, -7.13598321059e-12, 3.1361469411e-13, -1.09286977593e-14], [2.58392686046e-14, 9.49011095402e-12, 2.51225956704e-10, 1.18199894317e-10, 6.63131771717e-10, 4.02485794693e-10, 6.9528721669e-10, 3.7658220986e-10, 1.22480164899e-10, -1.16349135187e-11, 1.67463126699e-11, 2.64515853665e-10, 4.63113852822e-11, 6.93151924747e-11, 2.29380389682e-10, 1.14489279168e-10, 5.78967040976e-10, 9.65377847106e-11, -2.41628717035e-10, 3.54775875344e-10, 3.58818891266e-10, 9.43765413042e-11, -2.89979221191e-11, -8.19735772317e-12, -2.03649141821e-12, 1.02216270116e-13, -6.91917116525e-15], [9.68253187589e-15, 1.21210342111e-11, 7.24162466104e-11, 5.8670408809e-11, 8.49473061337e-11, 3.742085114e-11, 8.95739246665e-11, -3.93595503412e-11, -1.16349135187e-11, 5.06097906638e-11, -8.8706923751e-12, -2.62073904245e-11, -4.73684008684e-11, -8.63574489696e-11, -2.69925349433e-11, -7.17715401e-11, -2.5873125864e-10, -1.08772803264e-10, -9.00688024164e-10, -5.59723101201e-10, -7.30951521533e-10, -1.37750227891e-10, -4.97798226251e-11, -2.39448808004e-11, -1.50292538831e-11, -1.60105381643e-12, -2.04622221402e-14], [-5.491647481e-15, -2.94516635472e-13, 1.20871333775e-11, -3.92623433765e-13, 6.62972246546e-11, 3.25713414573e-11, 4.01009642159e-11, 4.22951292045e-11, 1.67463126699e-11, -8.8706923751e-12, 1.16770855138e-11, 3.14052985007e-11, 1.58233703917e-11, 2.79000086922e-11, 2.58968055333e-11, 2.66011587757e-11, 1.0789857896e-10, 3.55080374825e-11, 2.07873052105e-10, 1.70497158059e-10, 2.15213569188e-10, 4.24352879225e-11, 9.92635314223e-12, 5.37914504606e-12, 3.78647634081e-12, 3.96510163028e-13, -2.82516256381e-15], [7.11469118754e-14, 2.17967362909e-11, 5.59597479466e-10, 2.74437306214e-10, 1.49351031542e-09, 9.20548193228e-10, 1.59039514891e-09, 8.57579673941e-10, 2.64515853665e-10, -2.62073904245e-11, 3.14052985007e-11, 6.07925543239e-10, 1.03155622933e-10, 1.53560608673e-10, 5.21981291524e-10, 2.57814797289e-10, 1.30426935918e-09, 2.07745889935e-10, -6.3200999989e-10, 7.6835193763e-10, 7.5461004112e-10, 2.01879790662e-10, -7.02453858969e-11, -2.04714734747e-11, -6.08195742033e-12, 1.07245965309e-13, -8.3551584027e-15], [-1.53717624973e-14, -9.35115179734e-12, -1.38362897528e-11, -3.13878159575e-11, 1.41962386291e-10, 7.99723343103e-11, 9.07757410906e-11, 1.50984905134e-10, 4.63113852822e-11, -4.73684008684e-11, 1.58233703917e-11, 1.03155622933e-10, 7.38075711659e-11, 1.28173652247e-10, 9.18932013816e-11, 1.19066825843e-10, 4.72661909612e-10, 1.65829405763e-10, 1.09530318149e-09, 8.01180621846e-10, 1.01964259258e-09, 1.99595132089e-10, 5.61412444311e-11, 2.81140978553e-11, 1.8430491508e-11, 2.0347881366e-12, 8.0196435701e-15], [-3.10933191087e-14, -1.89744261969e-11, -6.28471302777e-11, -7.47730904971e-11, 1.6278617343e-10, 8.94784732419e-11, 7.04509922622e-11, 2.26966598293e-10, 6.93151924747e-11, -8.63574489696e-11, 2.79000086922e-11, 1.53560608673e-10, 1.28173652247e-10, 2.31803631845e-10, 1.39768877028e-10, 2.05443162482e-10, 7.9787687568e-10, 2.93127855322e-10, 2.06812567072e-09, 1.44322676032e-09, 1.84633952571e-09, 3.57024632081e-10, 1.08358051698e-10, 5.31913957325e-11, 3.45406932223e-11, 3.7716396846e-12, 1.68132330026e-14], [6.16284841627e-14, 1.71543942246e-11, 4.77704209523e-10, 2.30267527268e-10, 1.27667543204e-09, 7.90416287977e-10, 1.36585187605e-09, 7.43200057052e-10, 2.29380389682e-10, -2.69925349433e-11, 2.58968055333e-11, 5.21981291524e-10, 9.18932013816e-11, 1.39768877028e-10, 4.55109089303e-10, 2.26534291325e-10, 1.1518253018e-09, 1.8881511632e-10, -4.78512673929e-10, 7.02196800706e-10, 7.08875957933e-10, 1.85877216397e-10, -5.74180876456e-11, -1.58074889983e-11, -4.10819772298e-12, 2.12641563429e-13, -3.58139463791e-15], [-5.48125692783e-15, -8.96976069809e-12, 8.72518168826e-11, 9.70314540522e-12, 4.73471706286e-10, 2.83988776939e-10, 4.29601687557e-10, 3.7199684999e-10, 1.14489279168e-10, -7.17715401e-11, 2.66011587757e-11, 2.57814797289e-10, 1.19066825843e-10, 2.05443162482e-10, 2.26534291325e-10, 2.16970413858e-10, 9.04361308063e-10, 2.66810157301e-10, 1.37511346754e-09, 1.24706778237e-09, 1.54023338528e-09, 3.11142112075e-10, 6.33677277317e-11, 3.41360099909e-11, 2.38811678765e-11, 2.8146244016e-12, 1.12624236583e-14], [3.71133042376e-14, -1.48054866977e-11, 7.18131387689e-10, 2.32041941217e-10, 2.69168110023e-09, 1.64204261299e-09, 2.63083865804e-09, 1.88699389447e-09, 5.78967040976e-10, -2.5873125864e-10, 1.0789857896e-10, 1.30426935918e-09, 4.72661909612e-10, 7.9787687568e-10, 1.1518253018e-09, 9.04361308063e-10, 4.02565270008e-09, 1.04934894107e-09, 4.06202049774e-09, 4.69211025589e-09, 5.6655489189e-09, 1.18992615761e-09, 1.54579404832e-10, 9.81376993558e-11, 7.41036468299e-11, 9.37213414515e-12, 3.71899912125e-14], [-4.12500301928e-14, -2.36873888559e-11, -6.20364454251e-11, -8.9024253247e-11, 2.49826964671e-10, 1.36479980095e-10, 1.29544888705e-10, 3.09952036259e-10, 9.65377847106e-11, -1.08772803264e-10, 3.55080374825e-11, 2.07745889935e-10, 1.65829405763e-10, 2.93127855322e-10, 1.8881511632e-10, 2.66810157301e-10, 1.04934894107e-09, 3.88777426918e-10, 2.62259369777e-09, 1.84385351432e-09, 2.35532238158e-09, 4.62123284084e-10, 1.36171476872e-10, 6.72620015241e-11, 4.36744806986e-11, 4.79247804636e-12, 1.97645244897e-14], [-6.84985217419e-13, -3.12478182218e-10, -2.9877074148e-09, -1.99292427006e-09, -4.05910194345e-09, -2.71364419824e-09, -5.62004487392e-09, -7.93513310615e-10, -2.41628717035e-10, -9.00688024164e-10, 2.07873052105e-10, -6.3200999989e-10, 1.09530318149e-09, 2.06812567072e-09, -4.78512673929e-10, 1.37511346754e-09, 4.06202049774e-09, 2.62259369777e-09, 2.72070348473e-08, 1.3970260504e-08, 1.8733134155e-08, 3.39447181474e-09, 1.57328794437e-09, 7.10181635721e-10, 4.34738856026e-10, 4.4034234592e-11, 2.15093717035e-13], [-2.38731533457e-13, -1.37007669099e-10, -6.52837506276e-10, -6.06252270607e-10, 4.17503365213e-10, 1.724757559e-10, -2.06769185107e-10, 1.1450755899e-09, 3.54775875344e-10, -5.59723101201e-10, 1.70497158059e-10, 7.6835193763e-10, 8.01180621846e-10, 1.44322676032e-09, 7.02196800706e-10, 1.24706778237e-09, 4.69211025589e-09, 1.84385351432e-09, 1.3970260504e-08, 9.31388477454e-09, 1.18847616193e-08, 2.26719110152e-09, 7.47464978801e-10, 3.584499364e-10, 2.31554261876e-10, 2.48433097011e-11, 1.18895724429e-13], [-3.51883778192e-13, -1.90199703209e-10, -1.09362108258e-09, -9.29571308816e-10, -7.68724806033e-11, -1.63742130965e-10, -9.59301305059e-10, 1.14091369685e-09, 3.58818891266e-10, -7.30951521533e-10, 2.15213569188e-10, 7.5461004112e-10, 1.01964259258e-09, 1.84633952571e-09, 7.08875957933e-10, 1.54023338528e-09, 5.6655489189e-09, 2.35532238158e-09, 1.8733134155e-08, 1.18847616193e-08, 1.54790136264e-08, 2.9298408144e-09, 1.01846397982e-09, 4.82967332793e-10, 3.09161418688e-10, 3.28573522557e-11, 1.57566451206e-13], [-5.72186070226e-14, -3.28016849793e-11, -1.41924846875e-10, -1.4450772523e-10, 1.44608033881e-10, 6.94002355583e-11, -9.9529490552e-12, 3.02130237495e-10, 9.43765413042e-11, -1.37750227891e-10, 4.24352879225e-11, 2.01879790662e-10, 1.99595132089e-10, 3.57024632081e-10, 1.85877216397e-10, 3.11142112075e-10, 1.18992615761e-09, 4.62123284084e-10, 3.39447181474e-09, 2.26719110152e-09, 2.9298408144e-09, 5.67629665493e-10, 1.80985879061e-10, 8.72647856753e-11, 5.64276333992e-11, 6.09085351599e-12, 2.90128842175e-14], [-4.23894589135e-14, -1.88585518729e-11, -2.02305686092e-10, -1.28294500024e-10, -3.15099474291e-10, -2.07177539013e-10, -4.10145445384e-10, -9.45419229015e-11, -2.89979221191e-11, -4.97798226251e-11, 9.92635314223e-12, -7.02453858969e-11, 5.61412444311e-11, 1.08358051698e-10, -5.74180876456e-11, 6.33677277317e-11, 1.54579404832e-10, 1.36171476872e-10, 1.57328794437e-09, 7.47464978801e-10, 1.01846397982e-09, 1.80985879061e-10, 9.43347691629e-11, 4.12704731501e-11, 2.51426813397e-11, 2.49026125242e-12, 1.28183113741e-14], [-1.79916421794e-14, -8.3119284025e-12, -8.1820744624e-11, -5.40281638872e-11, -1.17193643678e-10, -7.63294497053e-11, -1.57433635573e-10, -2.63818966673e-11, -8.19735772317e-12, -2.39448808004e-11, 5.37914504606e-12, -2.04714734747e-11, 2.81140978553e-11, 5.31913957325e-11, -1.58074889983e-11, 3.41360099909e-11, 9.81376993558e-11, 6.72620015241e-11, 7.10181635721e-10, 3.584499364e-10, 4.82967332793e-10, 8.72647856753e-11, 4.12704731501e-11, 1.87687868719e-11, 1.13425831227e-11, 1.14818723106e-12, 5.98297698887e-15], [-1.04715964293e-14, -4.93283799224e-12, -4.47115781899e-11, -3.05035753601e-11, -5.62140507754e-11, -3.81141923578e-11, -8.06303773748e-11, -7.13598321059e-12, -2.03649141821e-12, -1.50292538831e-11, 3.78647634081e-12, -6.08195742033e-12, 1.8430491508e-11, 3.45406932223e-11, -4.10819772298e-12, 2.38811678765e-11, 7.41036468299e-11, 4.36744806986e-11, 4.34738856026e-10, 2.31554261876e-10, 3.09161418688e-10, 5.64276333992e-11, 2.51426813397e-11, 1.13425831227e-11, 7.07344295983e-12, 7.14800126641e-13, 3.59637653317e-15], [-9.66804358908e-16, -4.88612459954e-13, -3.98248968525e-12, -2.82859456344e-12, -4.17551540219e-12, -2.79504392721e-12, -6.38183820026e-12, 3.1361469411e-13, 1.02216270116e-13, -1.60105381643e-12, 3.96510163028e-13, 1.07245965309e-13, 2.0347881366e-12, 3.7716396846e-12, 2.12641563429e-13, 2.8146244016e-12, 9.37213414515e-12, 4.79247804636e-12, 4.4034234592e-11, 2.48433097011e-11, 3.28573522557e-11, 6.09085351599e-12, 2.49026125242e-12, 1.14818723106e-12, 7.14800126641e-13, 7.43221266865e-14, 3.95147275581e-16], [5.86871616512e-18, -6.25084565272e-15, -4.37806935887e-14, -2.79315229935e-14, -1.11578355875e-13, -4.76842279854e-14, -7.10743177637e-14, -1.09286977593e-14, -6.91917116525e-15, -2.04622221402e-14, -2.82516256381e-15, -8.3551584027e-15, 8.0196435701e-15, 1.68132330026e-14, -3.58139463791e-15, 1.12624236583e-14, 3.71899912125e-14, 1.97645244897e-14, 2.15093717035e-13, 1.18895724429e-13, 1.57566451206e-13, 2.90128842175e-14, 1.28183113741e-14, 5.98297698887e-15, 3.59637653317e-15, 3.95147275581e-16, 2.05488273945e-17]]
    },
    "mfcc": {
        "kurt": [0.596796035767, -0.533397674561, -1.44755649567, 0.473266363144, -1.32519519329, 2.14032316208, -1.24025845528, -1.18751323223, -1.30960226059, -0.778435230255, -1.3961673975, -1.03144311905, -1.5076161623],
        "max": [-703.466430664, 147.486816406, -2.86170196533, 59.2840194702, -19.2636356354, -1.55675888062, 9.31606674194, -7.19667816162, -7.15980148315, -3.67541122437, -3.35061264038, 1.25681495667, 7.16261100769],
        "mean": [-737.054931641, 70.3405761719, -22.7182559967, 50.8159675598, -26.5646438599, -5.17538738251, -2.44706583023, -17.8784580231, -11.7445735931, -10.1138114929, -7.07256650925, -6.209192276, 2.24585437775],
        "median": [-721.481567383, 81.3528137207, -30.3331127167, 51.7136955261, -25.0677452087, -5.09248352051, -0.433547973633, -18.2248477936, -11.2100486755, -9.27549171448, -7.48260498047, -3.52126121521, 2.06299781799],
        "min": [-844.399475098, 36.8183288574, -32.8081436157, 42.6570510864, -35.9010848999, -13.1013412476, -11.3264141083, -24.5623245239, -18.2455615997, -15.0641098022, -10.7915706635, -21.1636962891, -3.3098449707],
        "skew": [-1.08084499836, -0.129637718201, 0.696017026901, 0.137360915542, -0.41252502799, -0.668360888958, -0.276411235332, 0.270623594522, -0.246147632599, -0.196334034204, 0.110009804368, -0.713624119759, 0.0745414197445],
        "var": [1116.82836914, 613.270996094, 137.69468689, 7.85294723511, 27.8320293427, 3.75185728073, 32.0396461487, 22.085187912, 8.9380865097, 5.62053346634, 4.62745666504, 34.8314208984, 10.960858345],
        "cov": [[1132.33984375, -364.621429443, -351.250915527, -19.4463443756, 146.313110352, -13.2501544952, -139.012252808, -138.478103638, 1.92406761646, -37.9421272278, 24.2480602264, 166.820632935, 33.4585113525], [-364.621429443, 621.788635254, 172.066009521, 31.1444625854, -38.2250556946, 18.8795394897, -2.32337856293, 35.9912147522, 51.0123062134, -27.6664085388, 31.3154830933, -88.1486968994, 51.7537879944], [-351.250915527, 172.066009521, 139.607116699, 12.4135456085, -57.4525566101, 10.415594101, 43.6430511475, 47.9162483215, 5.62521457672, 10.9420537949, -3.47683024406, -65.6912689209, -2.47037792206], [-19.4463443756, 31.1444625854, 12.4135456085, 7.96201562881, -2.33435487747, 2.37591552734, -5.82435798645, -0.496355682611, 6.35905694962, -0.84161144495, 3.26247406006, -9.40701580048, 4.22473812103], [146.313110352, -38.2250556946, -57.4525566101, -2.33435487747, 28.218585968, -4.0764966011, -24.8157730103, -23.0064163208, 2.14335727692, -7.86418914795, 4.69381713867, 26.1730270386, 5.38986587524], [-13.2501544952, 18.8795394897, 10.415594101, 2.37591552734, -4.0764966011, 3.80396652222, -0.220479011536, 0.887309491634, 2.73061752319, 0.165511846542, 1.15573835373, -6.55290746689, 3.19956970215], [-139.012252808, -2.32337856293, 43.6430511475, -5.82435798645, -24.8157730103, -0.220479011536, 32.4846420288, 24.2489089966, -10.2048091888, 9.47909355164, -9.30884170532, -15.7455205917, -12.11606884], [-138.478103638, 35.9912147522, 47.9162483215, -0.496355682611, -23.0064163208, 0.887309491634, 24.2489089966, 22.3919277191, -3.75555634499, 6.11347866058, -5.00869703293, -19.9562397003, -6.8315486908], [1.92406761646, 51.0123062134, 5.62521457672, 6.35905694962, 2.14335727692, 2.73061752319, -10.2048091888, -3.75555634499, 9.06222629547, -3.88650608063, 5.21399116516, -6.57450675964, 7.99636173248], [-37.9421272278, -27.6664085388, 10.9420537949, -0.84161144495, -7.86418914795, 0.165511846542, 9.47909355164, 6.11347866058, -3.88650608063, 5.69859647751, -4.17614936829, -5.00931119919, -5.86980581284], [24.2480602264, 31.3154830933, -3.47683024406, 3.26247406006, 4.69381713867, 1.15573835373, -9.30884170532, -5.00869703293, 5.21399116516, -4.17614936829, 4.69172668457, 0.192906931043, 6.16113901138], [166.820632935, -88.1486968994, -65.6912689209, -9.40701580048, 26.1730270386, -6.55290746689, -15.7455205917, -19.9562397003, -6.57450675964, -5.00931119919, 0.192906931043, 35.3151893616, -1.6623339653], [33.4585113525, 51.7537879944, -2.47037792206, 4.22473812103, 5.38986587524, 3.19956970215, -12.11606884, -6.8315486908, 7.99636173248, -5.86980581284, 6.16113901138, -1.6623339653, 11.1130924225]]
    },
    "sccoeffs": {
        "kurt": [-1.27415752411, -0.17312002182, 1.90131092072, -0.462316274643, 8.56904506683, 14.1314907074],
        "max": [-0.482111781836, -0.82983314991, -0.809779405594, -0.793560385704, -0.807394683361, -0.728818416595],
        "mean": [-0.601610064507, -0.844866275787, -0.838594615459, -0.841758072376, -0.82074457407, -0.746790766716],
        "median": [-0.631163656712, -0.844238340855, -0.833736598492, -0.844908118248, -0.820244431496, -0.746535003185],
        "min": [-0.714657247066, -0.864856779575, -0.895953178406, -0.902773439884, -0.864386796951, -0.810979187489],
        "skew": [0.599640846252, -0.431535422802, -1.57520997524, -0.190865144134, -1.97171354294, -2.64485454559],
        "var": [0.00449310755357, 6.90251763444e-05, 0.00042750427383, 0.000642269267701, 6.85529885232e-05, 0.000118649899377],
        "cov": [[0.00455551175401, -3.28427850036e-05, 0.000865460140631, 0.0014670471428, 0.000216958462261, 0.000434602348832], [-3.28427850036e-05, 6.99838565197e-05, 8.04899100331e-05, 2.90417774522e-05, -1.85777680599e-05, -6.04145316174e-06], [0.000865460140631, 8.04899100331e-05, 0.000433441833593, 0.000353114126483, 1.72716881934e-05, 0.000113984686323], [0.0014670471428, 2.90417774522e-05, 0.000353114126483, 0.000651189708151, 5.45143666386e-05, 0.000132670567837], [0.000216958462261, -1.85777680599e-05, 1.72716881934e-05, 5.45143666386e-05, 6.95051130606e-05, 6.06488320045e-05], [0.000434602348832, -6.04145316174e-06, 0.000113984686323, 0.000132670567837, 6.06488320045e-05, 0.00012029780919]]
    },
    "scvalleys": {
        "kurt": [-1.38714897633, 1.12774944305, 6.8850069046, -1.0630286932, -1.13594019413, 3.01906633377],
        "max": [-7.27249622345, -5.88894891739, -6.94265270233, -6.93333101273, -6.59614896774, -9.00405693054],
        "mean": [-8.07159614563, -6.41241073608, -7.38726711273, -7.60323619843, -7.11777687073, -9.37949180603],
        "median": [-7.44494867325, -6.51112270355, -7.38584470749, -7.71485757828, -6.85578870773, -9.16198539734],
        "min": [-9.75608539581, -7.93393468857, -8.31759929657, -8.74275970459, -8.46842384338, -11.0839776993],
        "skew": [-0.723359167576, -0.394296616316, -0.881128013134, 0.113292858005, -0.693706512451, -1.4785888195],
        "var": [0.912272334099, 0.153705522418, 0.036490611732, 0.221829891205, 0.271219104528, 0.14814388752],
        "cov": [[0.924942731857, 0.264443129301, 0.106129534543, 0.0982537642121, -0.282837033272, -0.152490288019], [0.264443129301, 0.155840322375, 0.0463715009391, 0.148060500622, 0.0288103558123, 0.0370213203132], [0.106129534543, 0.0463715009391, 0.036997422576, 0.0175375528634, -0.0298240110278, -0.0174973979592], [0.0982537642121, 0.148060500622, 0.0175375528634, 0.224910870194, 0.166389510036, 0.136522948742], [-0.282837033272, 0.0288103558123, -0.0298240110278, 0.166389510036, 0.274986028671, 0.193480268121], [-0.152490288019, 0.0370213203132, -0.0174973979592, 0.136522948742, 0.193480268121, 0.150201439857]]
    }
},
"rhythm": {
    "beats_loudness": {
        "kurt": -1.50002145767,
        "max": 0.00101782276761,
        "mean": 0.00101011490915,
        "median": 0.00101666187402,
        "min": 0.000995860318653,
        "skew": -0.700070917606,
        "var": 1.01822390797e-10
    },
    "bpm": 123.046875,
    "confidence": 0,
    "first_peak_bpm": {
        "kurt": 0,
        "max": 123,
        "mean": 123,
        "median": 123,
        "min": 123,
        "skew": 0,
        "var": 0
    },
    "first_peak_spread": {
        "kurt": 0,
        "max": 0,
        "mean": 0,
        "median": 0,
        "min": 0,
        "skew": 0,
        "var": 0
    },
    "first_peak_weight": {
        "kurt": 0,
        "max": 1,
        "mean": 1,
        "median": 1,
        "min": 1,
        "skew": 0,
        "var": 0
    },
    "onset_rate": 1.19745850563,
    "second_peak_bpm": {
        "kurt": 0,
        "max": 0,
        "mean": 0,
        "median": 0,
        "min": 0,
        "skew": 0,
        "var": 0
    },
    "second_peak_spread": {
        "kurt": 0,
        "max": 0,
        "mean": 0,
        "median": 0,
        "min": 0,
        "skew": 0,
        "var": 0
    },
    "second_peak_weight": {
        "kurt": 0,
        "max": 0,
        "mean": 0,
        "median": 0,
        "min": 0,
        "skew": 0,
        "var": 0
    },
    "beats_loudness_band_ratio": {
        "kurt": [-1.5, -1.50000274181, -1.50000071526, -1.49999940395, -1.50000953674, -1.49999570847],
        "max": [0.0194652285427, 0.137150973082, 0.031885124743, 0.0440930873156, 0.0724859088659, 0.720947563648],
        "mean": [0.0186597611755, 0.12956161797, 0.0309711992741, 0.0424971878529, 0.0719117447734, 0.714568078518],
        "median": [0.0186701733619, 0.12629699707, 0.0310479365289, 0.0426793284714, 0.0723719373345, 0.715762317181],
        "min": [0.017843881622, 0.125236868858, 0.0299805402756, 0.0407191440463, 0.0708773955703, 0.70699429512],
        "skew": [-0.0235903784633, 0.686597287655, -0.146717354655, -0.195211902261, -0.694292604923, -0.302168667316],
        "var": [4.3818184281e-07, 2.89865056402e-05, 6.07517847584e-07, 1.91383674064e-06, 5.37106643606e-07, 3.31620758516e-05],
        "cov": [[6.57272778426e-07, 4.80373000755e-06, -4.25517924896e-07, 1.36900553116e-06, -6.4839582592e-07, -5.64644597034e-06], [4.80373000755e-06, 4.34797584603e-05, -5.41697590961e-06, 9.6034100352e-06, -5.91775642533e-06, -4.44842698926e-05], [-4.25517924896e-07, -5.41697590961e-06, 9.11276799798e-07, -7.75485659688e-07, 7.44664419017e-07, 4.54201290268e-06], [1.36900553116e-06, 9.6034100352e-06, -7.75485659688e-07, 2.87075499728e-06, -1.2938933196e-06, -1.16062410598e-05], [-6.4839582592e-07, -5.91775642533e-06, 7.44664419017e-07, -1.2938933196e-06, 8.05659965408e-07, 6.02319414611e-06], [-5.64644597034e-06, -4.44842698926e-05, 4.54201290268e-06, -1.16062410598e-05, 6.02319414611e-06, 4.97431137774e-05]]
    },
    "beats_position": [0.510838985443, 0.99845802784, 1.48607707024],
    "bpm_estimates": [123.046875, 123.046875],
    "bpm_intervals": [0.487619042397, 0.487619042397],
    "onset_times": [0.0116099771112, 1.03328800201],
    "histogram": [[0, 0, 0, 0, 0, 0, 0, 0, 0, 0, 0, 0, 0, 0, 0, 0, 0, 0, 0, 0, 0, 0, 0, 0, 0, 0, 0, 0, 0, 0, 0, 0, 0, 0, 0, 0, 0, 0, 0, 0, 0, 0, 0, 0, 0, 0, 0, 0, 0, 0, 0, 0, 0, 0, 0, 0, 0, 0, 0, 0, 0, 0, 0, 0, 0, 0, 0, 0, 0, 0, 0, 0, 0, 0, 0, 0, 0, 0, 0, 0, 0, 0, 0, 0, 0, 0, 0, 0, 0, 0, 0, 0, 0, 0, 0, 0, 0, 0, 0, 0, 0, 0, 0, 0, 0, 0, 0, 0, 0, 0, 0, 0, 0, 0, 0, 0, 0, 0, 0, 0, 0, 0, 0, 1, 0, 0, 0, 0, 0, 0, 0, 0, 0, 0, 0, 0, 0, 0, 0, 0, 0, 0, 0, 0, 0, 0, 0, 0, 0, 0, 0, 0, 0, 0, 0, 0, 0, 0, 0, 0, 0, 0, 0, 0, 0, 0, 0, 0, 0, 0, 0, 0, 0, 0, 0, 0, 0, 0, 0, 0, 0, 0, 0, 0, 0, 0, 0, 0, 0, 0, 0, 0, 0, 0, 0, 0, 0, 0, 0, 0, 0, 0, 0, 0, 0, 0, 0, 0, 0, 0, 0, 0, 0, 0, 0, 0, 0, 0, 0, 0, 0, 0, 0, 0, 0, 0, 0, 0, 0, 0, 0, 0, 0, 0, 0, 0, 0, 0, 0, 0, 0, 0, 0, 0, 0, 0, 0, 0, 0, 0]]
},
"sfx": {
    "inharmonicity": {
        "kurt": 32.222038269,
        "max": 0.0635586231947,
        "mean": 0.00162924779579,
        "median": 0,
        "min": 0,
        "skew": 5.83469390869,
        "var": 9.46912914515e-05
    },
    "oddtoevenharmonicenergyratio": {
        "kurt": 61.1236877441,
        "max": 0.669887304306,
        "mean": 0.011293169111,
        "median": 0,
        "min": 0,
        "skew": 7.81617450714,
        "var": 0.00634674914181
    },
    "pitch_after_max_to_before_max_energy_ratio": 0.847764074802,
    "pitch_centroid": 36.9072990417,
    "pitch_max_to_total": 0.547945201397,
    "pitch_min_to_total": 0.0547945201397,
    "tristimulus": {
        "kurt": [33.693687439, 45.8769454956, 43.5920448303],
        "max": [1, 0.287128984928, 0.69069981575],
        "mean": [0.979776382446, 0.00582546554506, 0.0143982041627],
        "median": [1, 0, 0],
        "min": [0.17117023468, 0, 0],
        "skew": [-5.9291100502, 6.73240470886, 6.57847070694],
        "var": [0.014744611457, 0.00135679077357, 0.00810682587326],
        "cov": [[0.0149493981153, -0.00405279453844, -0.0108965747058], [-0.00405279453844, 0.00137563503813, 0.00267716660164], [-0.0108965747058, 0.00267716660164, 0.00821942090988]]
    }
},
"tonal": {
    "chords_changes_rate": 0,
    "chords_number_rate": 0.0270270276815,
    "chords_strength": {
        "kurt": -0.315030097961,
        "max": 0.306396871805,
        "mean": 0.302667945623,
        "median": 0.302757769823,
        "min": 0.298762112856,
        "skew": -0.101466715336,
        "var": 3.63401863979e-06
    },
    "key_strength": 0.42495661974,
    "tuning_diatonic_strength": 0.442771881819,
    "tuning_equal_tempered_deviation": 0.210034117103,
    "tuning_frequency": 437.718536377,
    "tuning_nontempered_energy_ratio": 0.870284497738,
    "hpcp": {
        "kurt": [-1.45313680172, -1.19197690487, 2.21539974213, -1.3010122776, -1.56195294857, -1.3133122921, 1.55620670319, -1.36771857738, -1.84476542473, -1.39468705654, -1.77732431889, -1.03450489044, -1.2599016428, -0.929272890091, 0.563950777054, -0.43639755249, -0.596367359161, -1.02711069584, -0.913667678833, 2.28050136566, -0.113791227341, -0.843074083328, -1.34509587288, -1.60096120834, -0.675095796585, -1.24241364002, -1.03549861908, -0.419583797455, -0.989685535431, -0.227085351944, -0.504448890686, -0.542466878891, -0.708215236664, -1.03618621826, -1.00547671318, -1.47422909737],
        "max": [0.804474413395, 0.806206345558, 1, 0.978046178818, 0.438620269299, 0.435379832983, 0.654439926147, 1, 1, 1, 1, 0.758646845818, 0.873461544514, 0.787826895714, 0.735974192619, 0.688704550266, 0.513581156731, 0.537074029446, 0.446652680635, 0.283512115479, 0.172396048903, 0.123842760921, 0.241215586662, 0.193857938051, 0.0862983539701, 0.0757730826735, 0.104331053793, 0.179343655705, 0.163150534034, 0.202336460352, 0.27627748251, 0.405978679657, 0.372785270214, 0.324167609215, 0.314320802689, 0.526808261871],
        "mean": [0.432429671288, 0.55234837532, 0.803406178951, 0.61585688591, 0.30261656642, 0.319686681032, 0.317516505718, 0.493080705404, 0.719234883785, 0.691878497601, 0.455286741257, 0.390204519033, 0.525896131992, 0.465684264898, 0.478555589914, 0.49380004406, 0.380179584026, 0.382655799389, 0.357527703047, 0.233153805137, 0.109311528504, 0.0756686702371, 0.138544738293, 0.116758085787, 0.0547457709908, 0.0480828769505, 0.0710124075413, 0.10618942976, 0.101300254464, 0.100923761725, 0.175820663571, 0.28110897541, 0.260362327099, 0.215485617518, 0.195585668087, 0.296765953302],
