{
"metadata": {
    "version": {
        "essentia": "2.1-beta3"
    }
},
"lowLevel": {
    "average_loudness": 0.22259670496,
    "barkbands_kurtosis": {
        "kurt": 4.32699489594,
        "max": 13.8495235443,
        "mean": 0.525556266308,
        "median": -0.204727172852,
        "min": -1.52824246883,
        "skew": 1.8406277895,
        "var": 4.40144348145
    },
    "barkbands_skewness": {
        "kurt": 1.0685377121,
        "max": 2.64425444603,
        "mean": 0.178753226995,
        "median": 0.278134644032,
        "min": -3.29838895798,
        "skew": -0.509523808956,
        "var": 0.628759503365
    },
    "barkbands_spread": {
        "kurt": -1.05219233036,
        "max": 35.2108306885,
        "mean": 16.2343711853,
        "median": 15.851480484,
        "min": 1.89613103867,
        "skew": 0.0742578059435,
        "var": 61.0987243652
    },
    "dissonance": {
        "kurt": 25.4418811798,
        "max": 0.500000119209,
        "mean": 0.484499126673,
        "median": 0.48952716589,
        "min": 0.270175337791,
        "skew": -3.39254665375,
        "var": 0.000303953333059
    },
    "hfc": {
        "kurt": 44.8684272766,
        "max": 249.688705444,
        "mean": 5.03281450272,
        "median": 0.017797825858,
        "min": 0.000572707969695,
        "skew": 6.16830396652,
        "var": 438.487426758
    },
    "pitch": {
        "kurt": 1.21815156937,
        "max": 4752.4609375,
        "mean": 1027.99951172,
        "median": 562.819030762,
        "min": 51.9894676208,
        "skew": 1.64308977127,
        "var": 1527273.75
    },
    "pitch_instantaneous_confidence": {
        "kurt": 1.88156509399,
        "max": 0.903465330601,
        "mean": 0.280172020197,
        "median": 0.24408864975,
        "min": 0.108394742012,
        "skew": 1.40403497219,
        "var": 0.0146823208779
    },
    "pitch_salience": {
        "kurt": 5.66558265686,
        "max": 0.938316941261,
        "mean": 0.77811229229,
        "median": 0.785959124565,
        "min": 0.416773766279,
        "skew": -1.76902139187,
        "var": 0.0036756885238
    },
    "silence_rate_20dB": {
        "kurt": 0,
        "max": 1,
        "mean": 1,
        "median": 1,
        "min": 1,
        "skew": 0,
        "var": 0
    },
    "silence_rate_30dB": {
        "kurt": 0,
        "max": 1,
        "mean": 1,
        "median": 1,
        "min": 1,
        "skew": 0,
        "var": 0
    },
    "silence_rate_60dB": {
        "kurt": 2.72974729538,
        "max": 1,
        "mean": 0.868035197258,
        "median": 1,
        "min": 0,
        "skew": -2.17479300499,
        "var": 0.114551320672
    },
    "spectral_centroid": {
        "kurt": 0.359555006027,
        "max": 4671.50097656,
        "mean": 1778.5579834,
        "median": 1583.01281738,
        "min": 339.835296631,
        "skew": 0.892598569393,
        "var": 704274.75
    },
    "spectral_complexity": {
        "kurt": 9.45795345306,
        "max": 63,
        "mean": 3.52590417862,
        "median": 0,
        "min": 0,
        "skew": 3.16231250763,
        "var": 100.41091156
    },
    "spectral_crest": {
        "kurt": 1.96975040436,
        "max": 22.4362068176,
        "mean": 6.22052955627,
        "median": 5.49268007278,
        "min": 2.31107807159,
        "skew": 1.25837063789,
        "var": 7.16266202927
    },
    "spectral_decrease": {
        "kurt": 22.1017036438,
        "max": -7.4815824922e-14,
        "mean": -3.62846808155e-10,
        "median": -2.83669832415e-12,
        "min": -1.08551621025e-08,
        "skew": -4.45226669312,
        "var": 1.45333286501e-18
    },
    "spectral_energy": {
        "kurt": 27.76304245,
        "max": 0.0636174529791,
        "mean": 0.0018259572098,
        "median": 1.25181986732e-05,
        "min": 3.3431891211e-07,
        "skew": 4.89068126678,
        "var": 4.00326862291e-05
    },
    "spectral_energyband_high": {
        "kurt": 159.436248779,
        "max": 0.0374043509364,
        "mean": 0.000351111026248,
        "median": 3.17384859727e-07,
        "min": 1.86339956798e-08,
        "skew": 10.5674276352,
        "var": 3.62051196134e-06
    },
    "spectral_energyband_low": {
        "kurt": 205.802871704,
        "max": 0.000317437923513,
        "mean": 3.0074775168e-06,
        "median": 3.95918107188e-08,
        "min": 8.95064439232e-11,
        "skew": 12.7335395813,
        "var": 2.82781104088e-10
    },
    "spectral_energyband_middle_high": {
        "kurt": 28.6210670471,
        "max": 0.0369739755988,
        "mean": 0.00124560983386,
        "median": 8.05395029602e-06,
        "min": 1.79582244186e-07,
        "skew": 5.07770347595,
        "var": 2.03352428798e-05
    },
    "spectral_energyband_middle_low": {
        "kurt": 36.22315979,
        "max": 0.0110832164064,
        "mean": 0.000256174593233,
        "median": 2.29961256082e-06,
        "min": 2.79223915101e-08,
        "skew": 5.75224494934,
        "var": 1.22095855204e-06
    },
    "spectral_flatness_db": {
        "kurt": 0.190447092056,
        "max": 0.353622168303,
        "mean": 0.178171053529,
        "median": 0.157042205334,
        "min": 0.0862062647939,
        "skew": 1.02967226505,
        "var": 0.00297604780644
    },
    "spectral_flux": {
        "kurt": 10.345085144,
        "max": 0.243407815695,
        "mean": 0.0169478412718,
        "median": 0.00250605866313,
        "min": 0.000578203180339,
        "skew": 3.10715460777,
        "var": 0.00131684821099
    },
    "spectral_kurtosis": {
        "kurt": 15.1830825806,
        "max": 73.9007644653,
        "mean": 6.80646705627,
        "median": 4.05854892731,
        "min": -0.245929956436,
        "skew": 3.64512300491,
        "var": 80.9395599365
    },
    "spectral_rms": {
        "kurt": 9.31546878815,
        "max": 0.00787818618119,
        "mean": 0.000570097414311,
        "median": 0.000110511886305,
        "min": 1.8060032744e-05,
        "skew": 3.04602527618,
        "var": 1.45641092786e-06
    },
    "spectral_rolloff": {
        "kurt": -0.937905073166,
        "max": 5749.36523438,
        "mean": 2895.90917969,
        "median": 3251.51367188,
        "min": 452.197265625,
        "skew": -0.258915811777,
        "var": 1392597.25
    },
    "spectral_skewness": {
        "kurt": 5.60985279083,
        "max": 6.36789274216,
        "mean": 1.85142171383,
        "median": 1.59923815727,
        "min": 0.655292212963,
        "skew": 2.13079762459,
        "var": 0.613750100136
    },
    "spectral_spread": {
        "kurt": 0.107446908951,
        "max": 9606872,
        "mean": 4323775,
        "median": 4251551.5,
        "min": 875685.375,
        "skew": 0.0963904336095,
        "var": 2.46360231117e+12
    },
    "spectral_strongpeak": {
        "kurt": 60.1417160034,
        "max": 9.82120609283,
        "mean": 0.225840345025,
        "median": 0.0245044287294,
        "min": 0.000676297815517,
        "skew": 6.55816650391,
        "var": 0.48965215683
    },
    "zerocrossingrate": {
        "kurt": -0.275771617889,
        "max": 0.1884765625,
        "mean": 0.0929614976048,
        "median": 0.09130859375,
        "min": 0.0224609375,
        "skew": 0.365358233452,
        "var": 0.001246224856
    },
    "barkbands": {
        "kurt": [458.331787109, 34.0893783569, 94.4325027466, 205.629959106, 304.641540527, 312.01776123, 36.0306243896, 47.9220542908, 41.6171913147, 71.5206680298, 242.365097046, 60.4555130005, 44.3300476074, 177.475891113, 329.726196289, 140.405990601, 85.1508331299, 87.0009155273, 69.3205413818, 113.878128052, 101.9608078, 58.1923294067, 91.4733963013, 85.224571228, 78.7364578247, 103.491241455, 240.133407593],
        "max": [1.4923115188e-08, 4.10264874517e-06, 8.16636747913e-05, 0.000702522927895, 0.00247427704744, 0.00164872629102, 0.000781324575655, 0.00226327823475, 0.00578824710101, 0.00839693937451, 0.0111890053377, 0.00334621802904, 0.00208555907011, 0.0047362819314, 0.0108122555539, 0.00505485618487, 0.00493913190439, 0.00855332519859, 0.0235911346972, 0.0296898037195, 0.00997180119157, 0.00302352849394, 0.00100849289447, 0.000907905690838, 0.000634556869045, 2.6117404559e-05, 4.69006877779e-08],
        "mean": [1.11855247287e-10, 1.16470260991e-07, 1.15708655812e-06, 5.10101244799e-06, 1.35780946948e-05, 9.64314676821e-06, 1.94394760911e-05, 4.85543168907e-05, 0.00012337602675, 0.000123609686852, 9.08842775971e-05, 6.65497864247e-05, 4.43387834821e-05, 4.93493716931e-05, 8.24176240712e-05, 6.34549578535e-05, 7.2649520007e-05, 0.000121633172967, 0.000359927013051, 0.00032548350282, 0.000122907469631, 5.0195671065e-05, 1.21028424473e-05, 1.11719182314e-05, 8.01817532192e-06, 3.0005352869e-07, 3.17889992107e-10],
        "median": [2.58264546901e-12, 3.30726468434e-09, 1.76312795475e-08, 2.9929985601e-08, 1.33430077653e-07, 1.5564857847e-07, 2.22481418177e-07, 3.56384191491e-07, 7.35923208595e-07, 1.03400702756e-06, 9.11513950541e-07, 9.67538426266e-07, 6.14416819644e-07, 4.68727535008e-07, 4.31672987133e-07, 3.20644545582e-07, 2.62972150722e-07, 2.66365816515e-07, 3.55169845534e-07, 2.93327872214e-07, 1.13659794465e-07, 3.58839500336e-08, 7.7282713562e-09, 4.15934886533e-09, 2.4842226054e-09, 5.54796521224e-11, 4.10429828145e-13],
        "min": [4.62187424021e-15, 2.70392280614e-12, 1.61241957286e-11, 1.117046039e-11, 4.68208471993e-10, 1.73458902797e-09, 1.65530567031e-09, 3.4419460615e-09, 7.16962844649e-09, 3.47470141548e-09, 2.4211250782e-09, 8.33451885285e-09, 8.33399216305e-09, 6.14983175495e-09, 9.09507757996e-09, 9.37512822929e-09, 1.50503911556e-08, 1.63926934249e-08, 1.23541044061e-08, 1.64005751202e-08, 3.82401843524e-09, 1.78571513132e-09, 3.15082487878e-10, 1.3833835466e-10, 7.93588458836e-11, 1.42225521724e-12, 9.07128494906e-15],
        "skew": [18.4880695343, 5.57325029373, 8.43173789978, 13.5058736801, 15.7820138931, 15.7613592148, 5.68658065796, 6.57923078537, 6.15390396118, 7.58277606964, 13.0044107437, 6.76999664307, 5.73855161667, 12.1244354248, 15.5144472122, 9.31964874268, 8.00235748291, 8.36342334747, 7.64925289154, 9.56751346588, 8.89832115173, 6.99833011627, 8.39203739166, 8.43326473236, 7.94138860703, 9.09379005432, 14.0084295273],
        "var": [3.20747114884e-19, 1.90177761776e-13, 2.70296649646e-11, 1.48038592496e-09, 1.1685275858e-08, 4.99041341584e-09, 6.69049082802e-09, 5.04762773801e-08, 3.24052308542e-07, 3.67653768762e-07, 2.5407732096e-07, 6.43727560146e-08, 2.48637306299e-08, 6.9872100994e-08, 2.02835835239e-07, 6.81005616343e-08, 1.04066458562e-07, 3.35655414574e-07, 3.42313296642e-06, 3.34937612934e-06, 4.13240655917e-07, 5.91031579233e-08, 3.99742283719e-09, 3.85880793985e-09, 1.78456249778e-09, 3.00836027096e-12, 5.10915053661e-18],
        "cov": [[3.21060978228e-19, 8.75452887868e-17, 6.55266011485e-16, 4.98385758187e-15, 1.28036407634e-14, 8.50862129099e-15, 1.38248956825e-14, 4.01261563852e-14, 9.02208470151e-14, 8.25647194927e-14, 5.85242236075e-14, 3.54384727672e-14, 3.07958716308e-14, 3.7218695465e-14, 4.72850958963e-14, 4.18719183946e-14, 7.13846028729e-14, 1.39398109483e-13, 1.66970089014e-13, 2.74926186417e-13, 1.1522567297e-13, 3.21880143253e-14, 1.31944922585e-14, 6.59229818629e-15, 5.36074658581e-15, 2.78102621803e-16, 4.5819167811e-19], [8.75452887868e-17, 1.90363837974e-13, 1.537584296e-12, 5.36667455267e-12, 1.03262806292e-11, 8.23246852633e-12, 6.26120379502e-12, 1.23772103677e-11, 3.43296016614e-11, 2.87459327175e-11, 2.18984327199e-11, 9.20482960687e-12, 6.32307530987e-12, 7.18220795337e-12, 6.76976096708e-12, 6.89869775888e-12, 1.02166816673e-11, 1.45124537387e-11, 5.99707523224e-12, 1.84653542457e-11, 6.91843630996e-12, 1.45375974713e-12, 1.06861318839e-12, 2.71283700799e-13, 3.74720789337e-13, 2.11643650196e-14, 6.27130356304e-17], [6.55266011485e-16, 1.537584296e-12, 2.70561125587e-11, 9.84139644777e-11, 2.11386755322e-10, 1.77222431175e-10, 1.50765649964e-10, 3.59391322258e-10, 9.99837768134e-10, 6.58998799974e-10, 5.64451207996e-10, 2.56922733088e-10, 1.48282081058e-10, 1.45623846315e-10, 1.40323475062e-10, 1.2935057192e-10, 1.7912817063e-10, 1.9078293112e-10, 8.50519446538e-11, 1.40578784724e-10, 1.42575369913e-11, 5.82632856891e-12, 3.13519414423e-12, -1.04148547425e-12, -6.23727740463e-13, -4.30797331673e-14, 3.75248168779e-16], [4.98385758187e-15, 5.36667455267e-12, 9.84139644777e-11, 1.48183443294e-09, 3.50079898404e-09, 1.9740233892e-09, 1.62598867703e-09, 4.09099287779e-09, 1.00857748819e-08, 6.500071148e-09, 5.54127632668e-09, 2.70399724833e-09, 1.64681479564e-09, 1.70686742518e-09, 2.23110085962e-09, 2.33266939098e-09, 2.18011786401e-09, 2.99768676548e-09, 2.62293919917e-09, 2.51776000049e-09, 7.33897942418e-10, 3.07073033667e-10, 7.4619463386e-11, 4.06529497565e-11, 3.31672675435e-11, 1.18067448179e-12, 3.67896986882e-15], [1.28036407634e-14, 1.03262806292e-11, 2.11386755322e-10, 3.50079898404e-09, 1.16967093788e-08, 5.38037081554e-09, 5.06088237984e-09, 1.12161506749e-08, 2.72941633739e-08, 2.04702548245e-08, 1.87920949912e-08, 7.38550509638e-09, 4.67862770748e-09, 4.66021754519e-09, 6.6146310651e-09, 7.15322068245e-09, 7.11088299354e-09, 9.00162611117e-09, 7.70310570886e-09, 7.64982122092e-09, 2.63289279268e-09, 1.05320285826e-09, 2.69477273829e-10, 1.93123711467e-10, 1.60402524596e-10, 5.71427193757e-12, 1.45248532169e-14], [8.50862129099e-15, 8.23246852633e-12, 1.77222431175e-10, 1.9740233892e-09, 5.38037081554e-09, 4.99529662079e-09, 3.38524364096e-09, 6.71412525577e-09, 2.01924894583e-08, 1.78007173446e-08, 1.04264898937e-08, 5.51727863396e-09, 3.84700804545e-09, 4.14292733453e-09, 4.98080643396e-09, 4.49857129325e-09, 5.00603558606e-09, 5.92848614644e-09, 7.57410312247e-09, 8.13144129808e-09, 2.58406762654e-09, 1.23738186364e-09, 3.33831490229e-10, 2.5362947853e-10, 1.89289223185e-10, 5.71084022086e-12, 1.55246011223e-14], [1.38248956825e-14, 6.26120379502e-12, 1.50765649964e-10, 1.62598867703e-09, 5.06088237984e-09, 3.38524364096e-09, 6.69703714706e-09, 1.46886893759e-08, 3.37973098397e-08, 3.21619637589e-08, 2.28963372706e-08, 1.115304471e-08, 5.85054360513e-09, 4.69912597723e-09, 6.29698959642e-09, 6.37875885445e-09, 6.28205842901e-09, 8.18701106908e-09, 7.55199991431e-09, 8.91293350236e-09, 2.43974307423e-09, 9.64291646532e-10, 2.64890109847e-10, 2.46931169956e-10, 1.8633715404e-10, 4.68915704877e-12, 1.71944198517e-14], [4.01261563852e-14, 1.23772103677e-11, 3.59391322258e-10, 4.09099287779e-09, 1.12161506749e-08, 6.71412525577e-09, 1.46886893759e-08, 5.05256672056e-08, 1.01857132506e-07, 9.58734176493e-08, 7.12968670769e-08, 2.95413062901e-08, 1.50138870225e-08, 1.2403819305e-08, 1.67408558127e-08, 1.72648011443e-08, 1.48855319182e-08, 1.94684641741e-08, 1.63958731036e-08, 1.94014102561e-08, 4.30104218907e-09, 1.31836852546e-09, 3.97372829086e-10, 3.43022638072e-10, 3.07954994838e-10, 6.15523734412e-12, 4.42098479136e-14], [9.02208470151e-14, 3.43296016614e-11, 9.99837768134e-10, 1.00857748819e-08, 2.72941633739e-08, 2.01924894583e-08, 3.37973098397e-08, 1.01857132506e-07, 3.24369381133e-07, 2.82460405288e-07, 2.20520107064e-07, 8.7725119613e-08, 4.18400922797e-08, 3.55714284694e-08, 4.32879510015e-08, 4.47630625899e-08, 3.75887054815e-08, 4.98327636933e-08, 2.68295856642e-08, 2.32632473285e-08, 4.62124427614e-09, 1.32784705453e-09, 2.77712020047e-10, 1.02969299753e-10, 1.67113142768e-10, -3.53980473405e-12, 6.41510363711e-14], [8.25647194927e-14, 2.87459327175e-11, 6.58998799974e-10, 6.500071148e-09, 2.04702548245e-08, 1.78007173446e-08, 3.21619637589e-08, 9.58734176493e-08, 2.82460405288e-07, 3.6801353076e-07, 2.55448213693e-07, 9.64389812452e-08, 4.2775141651e-08, 4.54832296271e-08, 4.79527884067e-08, 3.95997545866e-08, 3.52983242635e-08, 4.87504081548e-08, 3.45599211471e-08, 2.50735805452e-08, 8.75105676812e-09, 3.33087846194e-09, 9.51916212522e-10, 4.80983863849e-10, 4.10906447756e-10, 5.65382972644e-13, 7.86849562286e-14], [5.85242236075e-14, 2.18984327199e-11, 5.64451207996e-10, 5.54127632668e-09, 1.87920949912e-08, 1.04264898937e-08, 2.28963372706e-08, 7.12968670769e-08, 2.20520107064e-07, 2.55448213693e-07, 2.54325925653e-07, 7.9367367789e-08, 3.39426833307e-08, 3.21541122617e-08, 3.91647674292e-08, 3.42210704218e-08, 3.21004520742e-08, 4.62899869547e-08, 4.5986169539e-08, 4.23166994779e-08, 1.44860408113e-08, 4.65528637861e-09, 1.30993071945e-09, 8.69800398373e-10, 6.76942613076e-10, 1.78943162371e-11, 8.50642324049e-14], [3.54384727672e-14, 9.20482960687e-12, 2.56922733088e-10, 2.70399724833e-09, 7.38550509638e-09, 5.51727863396e-09, 1.115304471e-08, 2.95413062901e-08, 8.7725119613e-08, 9.64389812452e-08, 7.9367367789e-08, 6.44357456281e-08, 2.72344511387e-08, 2.7491109833e-08, 3.43383241841e-08, 2.69069921899e-08, 3.18605728467e-08, 5.26832693026e-08, 1.28414725964e-07, 1.2155493323e-07, 4.22522887789e-08, 1.62953277538e-08, 4.60425830795e-09, 3.3326230664e-09, 2.24499996371e-09, 6.57839407947e-11, 1.36504780461e-13], [3.07958716308e-14, 6.32307530987e-12, 1.48282081058e-10, 1.64681479564e-09, 4.67862770748e-09, 3.84700804545e-09, 5.85054360513e-09, 1.50138870225e-08, 4.18400922797e-08, 4.2775141651e-08, 3.39426833307e-08, 2.72344511387e-08, 2.48880596132e-08, 2.95098843139e-08, 4.51418884495e-08, 3.29893907747e-08, 3.73989692548e-08, 4.99207857274e-08, 1.41705768897e-07, 1.05721760235e-07, 4.40100684784e-08, 1.66967701887e-08, 4.28808544228e-09, 3.98990884776e-09, 2.75254818938e-09, 9.49216330537e-11, 1.34871700939e-13], [3.7218695465e-14, 7.18220795337e-12, 1.45623846315e-10, 1.70686742518e-09, 4.66021754519e-09, 4.14292733453e-09, 4.69912597723e-09, 1.2403819305e-08, 3.55714284694e-08, 4.54832296271e-08, 3.21541122617e-08, 2.7491109833e-08, 2.95098843139e-08, 6.9940469416e-08, 9.10198707516e-08, 4.67843221941e-08, 5.45160752097e-08, 6.67856880909e-08, 2.82217683889e-07, 1.32448136014e-07, 6.40603232682e-08, 2.43567797042e-08, 6.30250740485e-09, 5.50996315241e-09, 4.03403221938e-09, 1.34006652996e-10, 1.44858883461e-13], [4.72850958963e-14, 6.76976096708e-12, 1.40323475062e-10, 2.23110085962e-09, 6.6146310651e-09, 4.98080643396e-09, 6.29698959642e-09, 1.67408558127e-08, 4.32879510015e-08, 4.79527884067e-08, 3.91647674292e-08, 3.43383241841e-08, 4.51418884495e-08, 9.10198707516e-08, 2.03034304036e-07, 7.76561535076e-08, 9.48419511815e-08, 1.19085591166e-07, 4.31009567592e-07, 2.65548521838e-07, 1.14981659749e-07, 4.6294623246e-08, 1.11023519267e-08, 1.2112624681e-08, 8.64018545599e-09, 2.57164844975e-10, 2.65875619047e-13], [4.18719183946e-14, 6.89869775888e-12, 1.2935057192e-10, 2.33266939098e-09, 7.15322068245e-09, 4.49857129325e-09, 6.37875885445e-09, 1.72648011443e-08, 4.47630625899e-08, 3.95997545866e-08, 3.42210704218e-08, 2.69069921899e-08, 3.29893907747e-08, 4.67843221941e-08, 7.76561535076e-08, 6.81671963321e-08, 7.15942860552e-08, 9.91046817944e-08, 3.11086722604e-07, 2.28535498081e-07, 9.36657613693e-08, 3.54195037744e-08, 8.87149465001e-09, 8.95854146421e-09, 6.28220142573e-09, 2.08646183664e-10, 2.35336408564e-13], [7.13846028729e-14, 1.02166816673e-11, 1.7912817063e-10, 2.18011786401e-09, 7.11088299354e-09, 5.00603558606e-09, 6.28205842901e-09, 1.48855319182e-08, 3.75887054815e-08, 3.52983242635e-08, 3.21004520742e-08, 3.18605728467e-08, 3.73989692548e-08, 5.45160752097e-08, 9.48419511815e-08, 7.15942860552e-08, 1.04168286441e-07, 1.32254655227e-07, 3.996346436e-07, 3.53440213985e-07, 1.36662393402e-07, 5.11368760669e-08, 1.29868356069e-08, 1.21521814833e-08, 8.78831940554e-09, 2.96863533755e-10, 3.50538445926e-13], [1.39398109483e-13, 1.45124537387e-11, 1.9078293112e-10, 2.99768676548e-09, 9.00162611117e-09, 5.92848614644e-09, 8.18701106908e-09, 1.94684641741e-08, 4.98327636933e-08, 4.87504081548e-08, 4.62899869547e-08, 5.26832693026e-08, 4.99207857274e-08, 6.67856880909e-08, 1.19085591166e-07, 9.91046817944e-08, 1.32254655227e-07, 3.35983855848e-07, 7.25681786662e-07, 7.68361132941e-07, 2.87399501531e-07, 1.08059580839e-07, 2.74635798547e-08, 2.26652812074e-08, 1.56545922891e-08, 5.63114332941e-10, 7.46093020264e-13], [1.66970089014e-13, 5.99707523224e-12, 8.50519446538e-11, 2.62293919917e-09, 7.70310570886e-09, 7.57410312247e-09, 7.55199991431e-09, 1.63958731036e-08, 2.68295856642e-08, 3.45599211471e-08, 4.5986169539e-08, 1.28414725964e-07, 1.41705768897e-07, 2.82217683889e-07, 4.31009567592e-07, 3.11086722604e-07, 3.996346436e-07, 7.25681786662e-07, 3.42648240803e-06, 2.46285253525e-06, 7.90577416865e-07, 3.1072369211e-07, 7.98743684527e-08, 6.64002541839e-08, 4.93513354627e-08, 1.58719515309e-09, 1.72455745431e-12], [2.74926186417e-13, 1.84653542457e-11, 1.40578784724e-10, 2.51776000049e-09, 7.64982122092e-09, 8.13144129808e-09, 8.91293350236e-09, 1.94014102561e-08, 2.32632473285e-08, 2.50735805452e-08, 4.23166994779e-08, 1.2155493323e-07, 1.05721760235e-07, 1.32448136014e-07, 2.65548521838e-07, 2.28535498081e-07, 3.53440213985e-07, 7.68361132941e-07, 2.46285253525e-06, 3.35265349349e-06, 1.00984311757e-06, 3.58345346285e-07, 9.6098318636e-08, 7.37627487979e-08, 5.386286972e-08, 1.7238057648e-09, 2.9724358825e-12], [1.1522567297e-13, 6.91843630996e-12, 1.42575369913e-11, 7.33897942418e-10, 2.63289279268e-09, 2.58406762654e-09, 2.43974307423e-09, 4.30104218907e-09, 4.62124427614e-09, 8.75105676812e-09, 1.44860408113e-08, 4.22522887789e-08, 4.40100684784e-08, 6.40603232682e-08, 1.14981659749e-07, 9.36657613693e-08, 1.36662393402e-07, 2.87399501531e-07, 7.90577416865e-07, 1.00984311757e-06, 4.13644983155e-07, 1.34640643523e-07, 3.29009317568e-08, 2.58650363349e-08, 1.91521660753e-08, 6.30240026833e-10, 1.00069150015e-12], [3.21880143253e-14, 1.45375974713e-12, 5.82632856891e-12, 3.07073033667e-10, 1.05320285826e-09, 1.23738186364e-09, 9.64291646532e-10, 1.31836852546e-09, 1.32784705453e-09, 3.33087846194e-09, 4.65528637861e-09, 1.62953277538e-08, 1.66967701887e-08, 2.43567797042e-08, 4.6294623246e-08, 3.54195037744e-08, 5.11368760669e-08, 1.08059580839e-07, 3.1072369211e-07, 3.58345346285e-07, 1.34640643523e-07, 5.91609889966e-08, 1.28378001563e-08, 1.09710933671e-08, 8.55188897475e-09, 2.71951600128e-10, 3.37865830148e-13], [1.31944922585e-14, 1.06861318839e-12, 3.13519414423e-12, 7.4619463386e-11, 2.69477273829e-10, 3.33831490229e-10, 2.64890109847e-10, 3.97372829086e-10, 2.77712020047e-10, 9.51916212522e-10, 1.30993071945e-09, 4.60425830795e-09, 4.28808544228e-09, 6.30250740485e-09, 1.11023519267e-08, 8.87149465001e-09, 1.29868356069e-08, 2.74635798547e-08, 7.98743684527e-08, 9.6098318636e-08, 3.29009317568e-08, 1.28378001563e-08, 4.00133437495e-09, 2.85601542416e-09, 2.02029948326e-09, 7.80678369172e-11, 1.05853619327e-13], [6.59229818629e-15, 2.71283700799e-13, -1.04148547425e-12, 4.06529497565e-11, 1.93123711467e-10, 2.5362947853e-10, 2.46931169956e-10, 3.43022638072e-10, 1.02969299753e-10, 4.80983863849e-10, 8.69800398373e-10, 3.3326230664e-09, 3.98990884776e-09, 5.50996315241e-09, 1.2112624681e-08, 8.95854146421e-09, 1.21521814833e-08, 2.26652812074e-08, 6.64002541839e-08, 7.37627487979e-08, 2.58650363349e-08, 1.09710933671e-08, 2.85601542416e-09, 3.86258358631e-09, 2.35306729657e-09, 7.7689236988e-11, 8.7050802493e-14], [5.36074658581e-15, 3.74720789337e-13, -6.23727740463e-13, 3.31672675435e-11, 1.60402524596e-10, 1.89289223185e-10, 1.8633715404e-10, 3.07954994838e-10, 1.67113142768e-10, 4.10906447756e-10, 6.76942613076e-10, 2.24499996371e-09, 2.75254818938e-09, 4.03403221938e-09, 8.64018545599e-09, 6.28220142573e-09, 8.78831940554e-09, 1.56545922891e-08, 4.93513354627e-08, 5.386286972e-08, 1.91521660753e-08, 8.55188897475e-09, 2.02029948326e-09, 2.35306729657e-09, 1.78630865655e-09, 5.56937967966e-11, 5.80501968652e-14], [2.78102621803e-16, 2.11643650196e-14, -4.30797331673e-14, 1.18067448179e-12, 5.71427193757e-12, 5.71084022086e-12, 4.68915704877e-12, 6.15523734412e-12, -3.53980473405e-12, 5.65382972644e-13, 1.78943162371e-11, 6.57839407947e-11, 9.49216330537e-11, 1.34006652996e-10, 2.57164844975e-10, 2.08646183664e-10, 2.96863533755e-10, 5.63114332941e-10, 1.58719515309e-09, 1.7238057648e-09, 6.30240026833e-10, 2.71951600128e-10, 7.80678369172e-11, 7.7689236988e-11, 5.56937967966e-11, 3.01130387986e-12, 2.14046792782e-15], [4.5819167811e-19, 6.27130356304e-17, 3.75248168779e-16, 3.67896986882e-15, 1.45248532169e-14, 1.55246011223e-14, 1.71944198517e-14, 4.42098479136e-14, 6.41510363711e-14, 7.86849562286e-14, 8.50642324049e-14, 1.36504780461e-13, 1.34871700939e-13, 1.44858883461e-13, 2.65875619047e-13, 2.35336408564e-13, 3.50538445926e-13, 7.46093020264e-13, 1.72455745431e-12, 2.9724358825e-12, 1.00069150015e-12, 3.37865830148e-13, 1.05853619327e-13, 8.7050802493e-14, 5.80501968652e-14, 2.14046792782e-15, 5.11414960264e-18]]
    },
    "mfcc": {
        "kurt": [1.40330648422, 0.370091676712, -0.186097860336, 0.603670597076, 0.954684734344, 1.21852016449, -0.0136692523956, 1.12108373642, 0.855695724487, 1.51397371292, 1.07236146927, 0.885389328003, 0.65557551384],
        "max": [-568.594177246, 193.234771729, 5.61325073242, 36.6890792847, 19.6053466797, 24.8116874695, 36.8360977173, 25.9470558167, 20.4286384583, 21.2275829315, 24.4077033997, 17.2112941742, 21.3533802032],
        "mean": [-963.82611084, 61.1429862976, -47.4567680359, -12.2158880234, -20.6110401154, -17.6118526459, 2.57909226418, -4.68995141983, -5.31599712372, -1.30727124214, -5.91216087341, -7.0834145546, -2.48608279228],
        "median": [-992.46862793, 51.9224052429, -34.8104820251, -11.105846405, -19.1466789246, -18.0315246582, 2.06723403931, -4.1227722168, -5.23948669434, -1.06246948242, -6.08775901794, -6.85005187988, -2.9681854248],
        "min": [-1118.11120605, -90.7033996582, -158.553527832, -65.1667251587, -82.653793335, -66.3411254883, -30.6697540283, -43.0877227783, -32.8834686279, -26.6919403076, -27.9844875336, -33.9085464478, -23.6341285706],
        "skew": [1.45452952385, -0.11482283473, -0.941481888294, -0.410497695208, -0.410314291716, -0.405150949955, 0.189580380917, -0.612090945244, -0.139636978507, -0.33490049839, 0.312128782272, -0.0959262773395, 0.346410930157],
        "var": [13927.4121094, 3128.36035156, 1413.8260498, 275.370025635, 224.755706787, 157.691329956, 92.3772964478, 68.9801940918, 46.2037963867, 38.9099998474, 44.1047935486, 40.3839302063, 46.3203048706],
        "cov": [[13941.0400391, -570.994506836, -3487.22216797, -11.7871713638, -958.55456543, -213.568405151, -55.3120384216, -360.362487793, 13.4735441208, -149.639877319, -15.4225187302, -188.040878296, -82.5975494385], [-570.994506836, 3131.42138672, 579.97845459, -392.347351074, 98.6520767212, -203.679763794, -27.4150791168, 138.267745972, 15.814745903, -0.438082396984, -147.626556396, -98.0597686768, -179.528717041], [-3487.22216797, 579.97845459, 1415.20935059, 13.3870687485, 320.052459717, 55.9957008362, -2.30860900879, 126.479469299, -16.9334487915, 23.835226059, -37.5583572388, 1.60315001011, -46.1058959961], [-11.7871713638, -392.347351074, 13.3870687485, 275.639465332, 66.6048736572, 62.1518783569, 40.6630554199, -10.171579361, 1.20507919788, -7.03347587585, 5.55270290375, 3.30529856682, 12.8335027695], [-958.55456543, 98.6520767212, 320.052459717, 66.6048736572, 224.975631714, 85.5653152466, 49.6860466003, 56.6618919373, 6.02627658844, 12.1753520966, -19.419675827, -0.973394274712, -14.2610225677], [-213.568405151, -203.679763794, 55.9957008362, 62.1518783569, 85.5653152466, 157.845626831, 72.948638916, 19.6191711426, 26.7303409576, 3.10098099709, 6.20812320709, 13.4639568329, 6.1099281311], [-55.3120384216, -27.4150791168, -2.30860900879, 40.6630554199, 49.6860466003, 72.948638916, 92.4676895142, 30.8242588043, 10.9783277512, 11.9768791199, -1.02818322182, 2.04734706879, 0.100733101368], [-360.362487793, 138.267745972, 126.479469299, -10.171579361, 56.6618919373, 19.6191711426, 30.8242588043, 69.0476913452, 15.5279855728, 7.05671262741, -4.61954498291, -7.72864103317, -9.13343715668], [13.4735441208, 15.814745903, -16.9334487915, 1.20507919788, 6.02627658844, 26.7303409576, 10.9783277512, 15.5279855728, 46.249004364, 12.0096883774, -3.28003644943, 2.99350428581, -5.48411989212], [-149.639877319, -0.438082396984, 23.835226059, -7.03347587585, 12.1753520966, 3.10098099709, 11.9768791199, 7.05671262741, 12.0096883774, 38.9480705261, 14.6923542023, 3.58205747604, 2.5680346489], [-15.4225187302, -147.626556396, -37.5583572388, 5.55270290375, -19.419675827, 6.20812320709, -1.02818322182, -4.61954498291, -3.28003644943, 14.6923542023, 44.1479492188, 16.6944789886, 12.4524030685], [-188.040878296, -98.0597686768, 1.60315001011, 3.30529856682, -0.973394274712, 13.4639568329, 2.04734706879, -7.72864103317, 2.99350428581, 3.58205747604, 16.6944789886, 40.4234466553, 21.2968864441], [-82.5975494385, -179.528717041, -46.1058959961, 12.8335027695, -14.2610225677, 6.1099281311, 0.100733101368, -9.13343715668, -5.48411989212, 2.5680346489, 12.4524030685, 21.2968864441, 46.3656272888]]
    },
    "sccoeffs": {
        "kurt": [3.27177000046, 2.3877158165, 1.65894079208, 1.44541311264, 2.47160434723, 3.78464746475],
        "max": [-0.360406666994, -0.600732326508, -0.670516192913, -0.687668085098, -0.672361731529, -0.656019687653],
        "mean": [-0.728394925594, -0.850651323795, -0.859434247017, -0.860394835472, -0.860647857189, -0.827120482922],
        "median": [-0.735742628574, -0.864120125771, -0.870215594769, -0.867773771286, -0.874658226967, -0.835702419281],
        "min": [-0.875972867012, -0.954211294651, -0.936426103115, -0.925503313541, -0.919807851315, -0.886418282986],
        "skew": [1.25709986687, 1.41704165936, 1.22420072556, 1.13275814056, 1.64451575279, 1.80367231369],
        "var": [0.00506865791976, 0.00304053677246, 0.001898206654, 0.00122716475744, 0.00168425682932, 0.00127398234326],
        "cov": [[0.00507361721247, 0.00155218772124, 0.00112043973058, 0.000530766032171, 0.000861487700604, 0.00101482053287], [0.00155218772124, 0.00304351188242, 0.00135375570972, 0.00102910632268, 0.00134742748924, 0.000988475396298], [0.00112043973058, 0.00135375570972, 0.00190006406046, 0.000844648806378, 0.00112261949107, 0.000782270915806], [0.000530766032171, 0.00102910632268, 0.000844648806378, 0.00122836558148, 0.000963625323493, 0.000621016719379], [0.000861487700604, 0.00134742748924, 0.00112261949107, 0.000963625323493, 0.00168590480462, 0.000983334030025], [0.00101482053287, 0.000988475396298, 0.000782270915806, 0.000621016719379, 0.000983334030025, 0.00127522891853]]
    },
    "scvalleys": {
        "kurt": [-0.584638118744, 1.1200170517, 0.469779729843, 0.32449388504, 1.89448022842, 1.96956825256],
        "max": [-7.57412147522, -5.06193065643, -4.20870256424, -4.96825170517, -4.78847646713, -6.66729831696],
        "mean": [-11.1257944107, -8.92994689941, -8.52262306213, -9.07173252106, -9.49422550201, -12.0409269333],
        "median": [-11.3160429001, -9.2210149765, -8.66314792633, -9.33277702332, -10.003619194, -12.4889373779],
        "min": [-14.3476085663, -11.3622598648, -11.2838068008, -11.295964241, -11.3532457352, -14.1587705612],
        "skew": [0.335103541613, 1.10111117363, 0.963146805763, 1.05702757835, 1.6745415926, 1.60796999931],
        "var": [1.75451374054, 1.32984912395, 1.76554048061, 1.91002058983, 1.98420059681, 2.64573121071],
        "cov": [[1.75623047352, 1.00275921822, 1.13410496712, 0.906162917614, 0.517859399319, 0.287618428469], [1.00275921822, 1.33115041256, 1.36327981949, 1.19208276272, 0.888491272926, 0.574033200741], [1.13410496712, 1.36327981949, 1.76726806164, 1.65439760685, 1.35037446022, 1.09033477306], [0.906162917614, 1.19208276272, 1.65439760685, 1.91188943386, 1.77310621738, 1.68267810345], [0.517859399319, 0.888491272926, 1.35037446022, 1.77310621738, 1.9861420393, 2.05679893494], [0.287618428469, 0.574033200741, 1.09033477306, 1.68267810345, 2.05679893494, 2.64831995964]]
    }
},
"rhythm": {
    "beats_loudness": {
        "kurt": 7.13031578064,
        "max": 0.0414244383574,
        "mean": 0.00347071536817,
        "median": 4.92393373861e-05,
        "min": 1.20855190744e-06,
        "skew": 2.89471030235,
        "var": 9.10090602702e-05
    },
    "bpm": 95.4097290039,
    "confidence": 0.872563183308,
    "first_peak_bpm": {
        "kurt": 0,
        "max": 96,
        "mean": 96,
        "median": 96,
        "min": 96,
        "skew": 0,
        "var": 0
    },
    "first_peak_spread": {
        "kurt": 0,
        "max": 0.437500059605,
        "mean": 0.437500059605,
        "median": 0.437500059605,
        "min": 0.437500059605,
        "skew": 0,
        "var": 0
    },
    "first_peak_weight": {
        "kurt": 0,
        "max": 0.236842110753,
        "mean": 0.236842110753,
        "median": 0.236842110753,
        "min": 0.236842110753,
        "skew": 0,
        "var": 0
    },
    "onset_rate": 1.77038168907,
    "second_peak_bpm": {
        "kurt": 0,
        "max": 105,
        "mean": 105,
        "median": 105,
        "min": 105,
        "skew": 0,
        "var": 0
    },
    "second_peak_spread": {
        "kurt": 0,
        "max": 0.705882370472,
        "mean": 0.705882370472,
        "median": 0.705882370472,
        "min": 0.705882370472,
        "skew": 0,
        "var": 0
    },
    "second_peak_weight": {
        "kurt": 0,
        "max": 0.131578952074,
        "mean": 0.131578952074,
        "median": 0.131578952074,
        "min": 0.131578952074,
        "skew": 0,
        "var": 0
    },
    "beats_loudness_band_ratio": {
        "kurt": [13.8269615173, -0.691337347031, 1.25076293945, -1.02624881268, 0.943409919739, 0.0627551078796],
        "max": [0.398083657026, 0.109367191792, 0.668671548367, 0.659242153168, 0.700094461441, 0.814987003803],
        "mean": [0.0303171481937, 0.0337877757847, 0.178646564484, 0.306351602077, 0.220319911838, 0.255110561848],
        "median": [0.00542543875054, 0.0238204393536, 0.160598874092, 0.238500744104, 0.180470854044, 0.178408041596],
        "min": [9.10917151487e-06, 8.49186690175e-05, 0.0030238579493, 0.0423215404153, 0.0225525945425, 0.00167870474979],
        "skew": [3.92789340019, 0.693423867226, 0.975758910179, 0.48844408989, 1.06802511215, 1.00993537903],
        "var": [0.00720740202814, 0.00101907923818, 0.0215413533151, 0.0345041304827, 0.0220574177802, 0.0518005080521],
        "cov": [[0.00739707052708, 0.00131853076164, 0.00118829414714, -0.00073079764843, -0.00317442044616, -0.00589870568365], [0.00131853076164, 0.00104589713737, 0.00261856266297, 0.000828979420476, -0.00190314929932, -0.00357452197932], [0.00118829414714, 0.00261856266297, 0.0221082326025, 0.00984238553792, -0.0108554288745, -0.0230694748461], [-0.00073079764843, 0.000828979420476, 0.00984238553792, 0.03541213274, -0.0145467631519, -0.0294165611267], [-0.00317442044616, -0.00190314929932, -0.0108554288745, -0.0145467631519, 0.0226378757507, 0.00665890239179], [-0.00589870568365, -0.00357452197932, -0.0230694748461, -0.0294165611267, 0.00665890239179, 0.053163677454]]
    },
    "beats_position": [0.592108845711, 1.18421769142, 1.83437633514, 2.46131515503, 3.08825397491, 3.66875267029, 4.2492518425, 4.77170038223, 5.31736946106, 5.86303853989, 6.420317173, 6.98920631409, 7.55809497833, 8.13859367371, 8.68426322937, 9.25315189362, 9.84526062012, 10.47219944, 11.0991382599, 11.7028570175, 12.3065757751, 12.9451246262, 13.572063446, 14.1990022659, 14.8259410858, 15.4644899368, 16.114648819, 16.7067565918, 17.298866272, 17.9258041382, 18.5527439117, 19.1912918091, 19.7717914581, 20.3174591064, 20.8747386932, 21.43201828, 22.0009059906, 22.5697956085, 23.1270751953],
    "bpm_estimates": [92.2851715088, 95.7031173706, 95.7031173706, 95.7031173706, 95.7031173706, 99.3840255737, 99.3840255737, 93.9630508423, 95.7031173706, 95.7031173706, 95.7031173706, 93.9630508423, 92.2851333618, 95.7032623291, 95.7029724121, 93.9631958008],
    "bpm_intervals": [0.592108845711, 0.650158643723, 0.626938819885, 0.626938819885, 0.580498695374, 0.580499172211, 0.522448539734, 0.545669078827, 0.545669078827, 0.557278633118, 0.568889141083, 0.568888664246, 0.580498695374, 0.545669555664, 0.568888664246, 0.592108726501, 0.626938819885, 0.626938819885, 0.603718757629, 0.603718757629, 0.638548851013, 0.626938819885, 0.626938819885, 0.626938819885, 0.638548851013, 0.650158882141, 0.592107772827, 0.592109680176, 0.626937866211, 0.62693977356, 0.638547897339, 0.580499649048, 0.545667648315, 0.557279586792, 0.557279586792, 0.568887710571, 0.56888961792, 0.557279586792],
    "onset_times": [0.394739240408, 0.476009070873, 0.719818592072, 0.893968224525, 1.07972788811, 1.19582772255, 3.50621318817, 3.69197273254, 4.27247142792, 4.42340135574, 4.55111122131, 4.65560102463, 5.35219955444, 5.52634906769, 8.18503379822, 8.32435417175, 8.42884349823, 8.71909332275, 9.12544250488, 9.31120204926, 12.3297958374, 12.538775444, 12.9451246262, 14.3499317169, 15.6734695435, 15.8127889633, 16.1494789124, 16.7880268097, 17.3220863342, 17.4265766144, 17.9374141693, 18.2973251343, 18.483083725, 18.6804542542, 18.8081626892, 18.9590930939, 19.1216335297, 19.2261219025, 21.0256690979, 21.4552383423, 21.5829486847, 22.1982765198],
    "histogram": [[0, 0, 0, 0, 0, 0, 0, 0, 0, 0, 0, 0, 0, 0, 0, 0, 0, 0, 0, 0, 0, 0, 0, 0, 0, 0, 0, 0, 0, 0, 0, 0, 0, 0, 0, 0, 0, 0, 0, 0, 0, 0, 0, 0, 0, 0, 0, 0, 0, 0, 0, 0, 0, 0, 0, 0, 0, 0, 0, 0, 0, 0, 0, 0, 0, 0, 0, 0, 0, 0, 0, 0, 0, 0, 0, 0, 0, 0, 0, 0, 0, 0, 0, 0, 0, 0, 0, 0, 0, 0, 0, 0, 0.0526315793395, 0, 0.078947365284, 0, 0.236842110753, 0, 0, 0.0526315793395, 0, 0.105263158679, 0, 0.105263158679, 0, 0.131578952074, 0, 0, 0.105263158679, 0, 0.105263158679, 0, 0, 0, 0, 0.0263157896698, 0, 0, 0, 0, 0, 0, 0, 0, 0, 0, 0, 0, 0, 0, 0, 0, 0, 0, 0, 0, 0, 0, 0, 0, 0, 0, 0, 0, 0, 0, 0, 0, 0, 0, 0, 0, 0, 0, 0, 0, 0, 0, 0, 0, 0, 0, 0, 0, 0, 0, 0, 0, 0, 0, 0, 0, 0, 0, 0, 0, 0, 0, 0, 0, 0, 0, 0, 0, 0, 0, 0, 0, 0, 0, 0, 0, 0, 0, 0, 0, 0, 0, 0, 0, 0, 0, 0, 0, 0, 0, 0, 0, 0, 0, 0, 0, 0, 0, 0, 0, 0, 0, 0, 0, 0, 0, 0, 0, 0, 0, 0, 0, 0, 0, 0, 0, 0, 0, 0, 0, 0, 0, 0, 0, 0, 0, 0, 0, 0, 0, 0, 0, 0, 0]]
},
"sfx": {
    "inharmonicity": {
        "kurt": -0.506284236908,
        "max": 0.413337260485,
        "mean": 0.100315570831,
        "median": 0.0586930811405,
        "min": 0,
        "skew": 0.86047077179,
        "var": 0.0111915022135
    },
    "oddtoevenharmonicenergyratio": {
        "kurt": 113.45085144,
        "max": 33.2907180786,
        "mean": 0.879726946354,
        "median": 0.49825823307,
        "min": 0,
        "skew": 9.01136112213,
        "var": 3.65538549423
    },
    "pitch_after_max_to_before_max_energy_ratio": 2.51352977753,
    "pitch_centroid": 493.261993408,
    "pitch_max_to_total": 0.224828928709,
    "pitch_min_to_total": 0.710654914379,
    "tristimulus": {
        "kurt": [-0.846782207489, -0.179796218872, -1.33840799332],
        "max": [1, 0.913399398327, 1],
        "mean": [0.361070096493, 0.294757604599, 0.344172656536],
        "median": [0.222638845444, 0.298799693584, 0.333233058453],
        "min": [0, 0, 0],
        "skew": [0.757949709892, 0.359424382448, 0.283641308546],
        "var": [0.121353417635, 0.0404043644667, 0.0963480472565],
        "cov": [[0.121472157538, -0.0327368229628, -0.0887352749705], [-0.0327368229628, 0.0404438972473, -0.00770707428455], [-0.0887352749705, -0.00770707428455, 0.0964423194528]]
    }
},
"tonal": {
    "chords_changes_rate": 0.095703125,
    "chords_number_rate": 0.017578125,
    "chords_strength": {
        "kurt": 0.103099822998,
        "max": 0.640852987766,
        "mean": 0.40348803997,
        "median": 0.384345531464,
        "min": 0.24307435751,
        "skew": 0.714156806469,
        "var": 0.00684048328549
    },
    "key_strength": 0.14287622273,
    "tuning_diatonic_strength": 0.34548547864,
    "tuning_equal_tempered_deviation": 0.271466255188,
    "tuning_frequency": 450.024475098,
    "tuning_nontempered_energy_ratio": 0.905798196793,
    "hpcp": {
