{
"metadata": {
    "version": {
        "essentia": "2.1-beta3"
    }
},
"lowLevel": {
    "average_loudness": 0.974034786224,
    "barkbands_kurtosis": {
        "kurt": 0.567277193069,
        "max": 18.6063022614,
        "mean": 1.91058242321,
        "median": 1.08059430122,
        "min": -1.73183131218,
        "skew": 0.910997211933,
        "var": 10.4470968246
    },
    "barkbands_skewness": {
        "kurt": -0.283233165741,
        "max": 3.9958050251,
        "mean": 1.19187295437,
        "median": 1.23911440372,
        "min": -2.63528895378,
        "skew": -0.187853068113,
        "var": 0.750140011311
    },
    "barkbands_spread": {
        "kurt": -1.09851157665,
        "max": 42.6494026184,
        "mean": 17.7894172668,
        "median": 14.3584680557,
        "min": 3.63137316704,
        "skew": 0.559331893921,
        "var": 88.4731521606
    },
    "dissonance": {
        "kurt": 98.6644439697,
        "max": 0.500000119209,
        "mean": 0.472868263721,
        "median": 0.478874146938,
        "min": 0.0247909072787,
        "skew": -6.06071901321,
        "var": 0.000593396252953
    },
    "hfc": {
        "kurt": 29.8166885376,
        "max": 281.245666504,
        "mean": 32.3259353638,
        "median": 25.1651706696,
        "min": 0.000585595844314,
        "skew": 4.0960149765,
        "var": 507.538818359
    },
    "pitch": {
        "kurt": 6.74085998535,
        "max": 3854.96411133,
        "mean": 534.266357422,
        "median": 250.848815918,
        "min": 53.1764221191,
        "skew": 2.90848278999,
        "var": 792619.625
    },
    "pitch_instantaneous_confidence": {
        "kurt": 2.80448627472,
        "max": 0.722833037376,
        "mean": 0.263746976852,
        "median": 0.247336924076,
        "min": 0.124694228172,
        "skew": 1.31120169163,
        "var": 0.00658515142277
    },
    "pitch_salience": {
        "kurt": 1.68157100677,
        "max": 0.977163672447,
        "mean": 0.739658474922,
        "median": 0.748214006424,
        "min": 0.446307301521,
        "skew": -0.909439444542,
        "var": 0.00367061677389
    },
    "silence_rate_20dB": {
        "kurt": 0,
        "max": 1,
        "mean": 1,
        "median": 1,
        "min": 1,
        "skew": 0,
        "var": 0
    },
    "silence_rate_30dB": {
        "kurt": 122.562400818,
        "max": 1,
        "mean": 0.992160260677,
        "median": 1,
        "min": 0,
        "skew": -11.1607275009,
        "var": 0.00777829065919
    },
    "silence_rate_60dB": {
        "kurt": 377.670013428,
        "max": 1,
        "mean": 0.00261324038729,
        "median": 0,
        "min": 0,
        "skew": 19.4851417542,
        "var": 0.00260640890338
    },
    "spectral_centroid": {
        "kurt": 1.13329601288,
        "max": 3552.4362793,
        "mean": 951.963989258,
        "median": 838.223266602,
        "min": 351.24508667,
        "skew": 0.964008569717,
        "var": 222770.03125
    },
    "spectral_complexity": {
        "kurt": -1.03931701183,
        "max": 63,
        "mean": 36.6541824341,
        "median": 34,
        "min": 0,
        "skew": 0.209120810032,
        "var": 126.545082092
    },
    "spectral_crest": {
        "kurt": 0.840698480606,
        "max": 19.012752533,
        "mean": 7.13795375824,
        "median": 6.54421234131,
        "min": 2.57485079765,
        "skew": 1.01712536812,
        "var": 8.83322048187
    },
    "spectral_decrease": {
        "kurt": 15.751619339,
        "max": -1.15524235143e-13,
        "mean": -8.86421336332e-09,
        "median": -8.08159850152e-09,
        "min": -5.29393666682e-08,
        "skew": -2.4566950798,
        "var": 1.95644195998e-17
    },
    "spectral_energy": {
        "kurt": 20.7357177734,
        "max": 0.22531530261,
        "mean": 0.0363876186311,
        "median": 0.0337588787079,
        "min": 4.89129888592e-07,
        "skew": 2.82306575775,
        "var": 0.000314032280585
    },
    "spectral_energyband_high": {
        "kurt": 34.4360198975,
        "max": 0.0120560191572,
        "mean": 0.000650759553537,
        "median": 0.000261673820205,
        "min": 2.11713881981e-08,
        "skew": 4.47434329987,
        "var": 8.61675800934e-07
    },
    "spectral_energyband_low": {
        "kurt": 5.22725582123,
        "max": 0.0157096404582,
        "mean": 0.0019625434652,
        "median": 0.00118902151007,
        "min": 2.22023217589e-08,
        "skew": 2.064640522,
        "var": 5.42893621969e-06
    },
    "spectral_energyband_middle_high": {
        "kurt": 16.8038043976,
        "max": 0.0791485831141,
        "mean": 0.0100652305409,
        "median": 0.00749375298619,
        "min": 2.55978108044e-07,
        "skew": 3.21891903877,
        "var": 5.93238473812e-05
    },
    "spectral_energyband_middle_low": {
        "kurt": 4.3612985611,
        "max": 0.146690294147,
        "mean": 0.0251735243946,
        "median": 0.021157965064,
        "min": 1.989249796e-07,
        "skew": 1.48024344444,
        "var": 0.000250654120464
    },
    "spectral_flatness_db": {
        "kurt": -0.686680078506,
        "max": 0.322217911482,
        "mean": 0.199449315667,
        "median": 0.202885508537,
        "min": 0.0507873483002,
        "skew": 0.115950427949,
        "var": 0.00140706251841
    },
    "spectral_flux": {
        "kurt": 13.8561878204,
        "max": 0.399959295988,
        "mean": 0.122469224036,
        "median": 0.119572803378,
        "min": 0.028956124559,
        "skew": 2.38605165482,
        "var": 0.00108453002758
    },
    "spectral_kurtosis": {
        "kurt": 2.39553928375,
        "max": 37.4204330444,
        "mean": 8.2882566452,
        "median": 6.55983829498,
        "min": 0.000456571578979,
        "skew": 1.41930556297,
        "var": 29.2104892731
    },
    "spectral_rms": {
        "kurt": 3.95856571198,
        "max": 0.0148263210431,
        "mean": 0.00580731313676,
        "median": 0.00573894381523,
        "min": 2.18449058593e-05,
        "skew": 0.73951125145,
        "var": 1.77529693701e-06
    },
    "spectral_rolloff": {
        "kurt": -1.38697588444,
        "max": 4672.70507812,
        "mean": 1735.59936523,
        "median": 1259.69238281,
        "min": 430.6640625,
        "skew": 0.466460466385,
        "var": 1161019.75
    },
    "spectral_skewness": {
        "kurt": -0.23216843605,
        "max": 4.04881906509,
        "mean": 1.92026126385,
        "median": 1.85804021358,
        "min": 0.804618358612,
        "skew": 0.55598038435,
        "var": 0.333321988583
    },
    "spectral_spread": {
        "kurt": 396.976531982,
        "max": 29397658,
        "mean": 2611238.75,
        "median": 2537996.5,
        "min": 1165077.875,
        "skew": 15.6698646545,
        "var": 1.06110818714e+12
    },
    "spectral_strongpeak": {
        "kurt": 83.8444671631,
        "max": 13.8346815109,
        "mean": 0.762169539928,
        "median": 0.589514434338,
        "min": 7.72491985117e-05,
        "skew": 7.60929870605,
        "var": 0.774486958981
    },
    "zerocrossingrate": {
        "kurt": -0.743212938309,
        "max": 0.1572265625,
        "mean": 0.0576252676547,
        "median": 0.05224609375,
        "min": 0.0029296875,
        "skew": 0.539884150028,
        "var": 0.000646065280307
    },
    "barkbands": {
        "kurt": [6.05515670776, 12.5913772583, 6.91946411133, 11.0441999435, 5.39898300171, 12.5611429214, 18.3496417999, 4.26486206055, 320.378967285, 50.2804336548, 30.0310974121, 72.4840011597, 12.1966905594, 35.6716880798, 18.8560504913, 11.2571153641, 19.7387161255, 63.5729141235, 14.7480220795, 66.8147506714, 22.547586441, 142.680892944, 824.480712891, 1004.40661621, 656.439819336, 378.548553467, 25.1307353973],
        "max": [1.01099758467e-05, 0.00163331080694, 0.00713883247226, 0.0280414205045, 0.05822025612, 0.0400483049452, 0.047186922282, 0.0171821024269, 0.116839133203, 0.0259262472391, 0.0134128239006, 0.0174240358174, 0.0054770517163, 0.00713052600622, 0.00524274865165, 0.00820112042129, 0.00957108754665, 0.0263594649732, 0.0138265509158, 0.0213580410928, 0.00389093416743, 0.000755913031753, 0.00136649142951, 0.00475873053074, 0.000173036343767, 3.70981092601e-06, 2.04821368754e-08],
        "mean": [1.10121141006e-06, 0.000136412985739, 0.000746442296077, 0.00224107643589, 0.00767853297293, 0.00417711818591, 0.0050286189653, 0.0027357917279, 0.00259571010247, 0.00190426560584, 0.00125079415739, 0.000978708616458, 0.000706526101567, 0.000502823386341, 0.000489491678309, 0.000786376243923, 0.00075129250763, 0.00126573082525, 0.00123485783115, 0.00087281560991, 0.000261529552517, 2.33453101828e-05, 7.28730401534e-06, 1.00630868474e-05, 9.21073080917e-07, 2.46512552593e-08, 1.05277997431e-09],
        "median": [5.28678185674e-07, 6.87054998707e-05, 0.000353321083821, 0.00119869410992, 0.00490440567955, 0.00308248284273, 0.00371806276962, 0.00219558225945, 0.00188175600488, 0.00144752115011, 0.00100557389669, 0.000741209601983, 0.000522172311321, 0.000351903843693, 0.000345990236383, 0.000387995038182, 0.000356776465196, 0.000542234512977, 0.000547582749277, 0.000338066369295, 0.000102849422547, 1.04281252788e-05, 1.45039985e-06, 1.01440821254e-06, 1.15655645061e-07, 3.98953137193e-09, 4.4625614315e-10],
        "min": [1.39010108979e-10, 7.94128496295e-09, 7.50803597072e-09, 9.83033743296e-09, 3.43406298953e-08, 4.11242346843e-08, 3.63682808313e-08, 2.72305307192e-08, 3.64290677624e-08, 5.66769919885e-08, 7.15980945643e-08, 6.77893510215e-08, 2.14266719922e-08, 1.90019466828e-09, 1.02762358622e-08, 1.47428025343e-08, 5.77612002672e-09, 5.96430327349e-09, 4.22395585176e-09, 6.12211925599e-09, 4.96366237002e-09, 3.38539796196e-09, 1.98988270306e-09, 1.89814342022e-09, 5.2926990568e-10, 1.33636166369e-11, 2.53753208767e-13],
        "skew": [2.27098584175, 2.991948843, 2.33506464958, 2.76227450371, 2.05065584183, 2.61831140518, 3.1254427433, 1.63704204559, 15.8014316559, 6.17568063736, 4.32436084747, 6.55009794235, 2.83915424347, 3.94739794731, 3.12256097794, 2.82299804688, 3.31803917885, 5.91237020493, 3.01162290573, 5.8089838028, 3.94806575775, 9.83648490906, 27.129234314, 30.9955596924, 23.4887065887, 17.1678695679, 3.80290150642],
        "var": [2.22096798418e-12, 3.6619884014e-08, 9.98597442958e-07, 9.19426838664e-06, 6.90342349117e-05, 1.4098021893e-05, 2.08051096706e-05, 3.95476945414e-06, 2.33043374465e-05, 4.79635582451e-06, 1.18119203307e-06, 1.06844629499e-06, 4.16734536657e-07, 2.29089209824e-07, 1.83463797043e-07, 8.85830331754e-07, 8.18168985006e-07, 3.16631189889e-06, 2.27399141295e-06, 1.65379049122e-06, 1.49660692728e-07, 1.73337788567e-09, 1.90143789602e-09, 2.09868478152e-08, 3.43267116121e-11, 2.13533058829e-14, 2.65099888513e-18],
        "cov": [[2.22290415242e-12, 1.293688906e-10, 4.69203620401e-10, 1.42103651068e-09, 4.51183890249e-09, 1.08666442511e-09, 1.10265285791e-09, 4.38084846177e-10, 4.19067225366e-10, 9.62978828623e-12, -8.10102748772e-11, -1.63231331229e-10, -2.15453654917e-10, -1.25870522338e-10, -7.14819523018e-11, -1.75690254012e-10, -2.02476507782e-10, -4.35617625305e-10, -4.20265294787e-10, -3.22619320148e-10, -1.03824171482e-10, -7.39225260865e-12, -4.11030758041e-12, -7.07815490247e-12, -4.33900230199e-13, -9.06569114348e-15, 2.95749891514e-16], [1.293688906e-10, 3.66518122519e-08, 8.8941675358e-08, 1.88821928759e-07, 6.01232102326e-07, 1.75407052438e-07, 1.60534142424e-07, 7.06343357137e-08, 1.16972124431e-07, 1.31212614107e-08, -5.07545516726e-09, -6.70405730929e-09, -2.41850841576e-08, -1.03505986004e-08, -5.90367887909e-09, -2.00305816378e-08, -2.05611101478e-08, -5.7983786661e-08, -4.37454374946e-08, -3.40175176916e-08, -1.07293365303e-08, -5.57772827925e-10, -4.2573297665e-10, -7.10143999161e-10, -3.97988933476e-11, -7.67319421977e-13, 1.68245527509e-14], [4.69203620401e-10, 8.8941675358e-08, 9.99468056762e-07, 1.43332169955e-06, 3.10857990371e-06, 6.86838347974e-07, 5.74374951157e-07, 4.0152124825e-07, 5.18694662333e-07, 2.49255478479e-08, -6.97308664144e-08, -1.08317998126e-07, -1.51049803776e-07, -8.3135063278e-08, -5.05781834192e-08, -1.30312812985e-07, -1.51692105987e-07, -2.98448497915e-07, -2.84033376374e-07, -2.18123773266e-07, -6.7697747852e-08, -4.21047019472e-09, -1.98698457687e-09, -2.66534838644e-09, -1.37341388262e-10, -1.42268542867e-12, 1.38392945649e-13], [1.42103651068e-09, 1.88821928759e-07, 1.43332169955e-06, 9.20228376344e-06, 1.0590754755e-05, 2.00095701075e-06, 1.54969484356e-06, 1.14251997729e-06, 1.11984422801e-06, 1.61748630489e-07, -1.51872754373e-07, -3.37565751352e-07, -4.10935314221e-07, -2.77124058812e-07, -1.54127675955e-07, -3.59501314051e-07, -4.73888604802e-07, -6.83549558289e-07, -7.98391624812e-07, -5.89655599015e-07, -1.88977409721e-07, -1.08658628761e-08, -4.67330485421e-09, -6.63554766689e-09, -4.47517439772e-10, -7.92841400171e-12, 2.48284574324e-13], [4.51183890249e-09, 6.01232102326e-07, 3.10857990371e-06, 1.0590754755e-05, 6.90944216331e-05, 8.81011419551e-06, 7.65624736232e-06, 2.75621300716e-06, 2.32000229516e-06, 5.63650985441e-07, -2.02950431571e-07, -1.08742256089e-06, -1.44475416164e-06, -8.3610547108e-07, -3.76216064524e-07, -1.16096055081e-06, -1.38471318678e-06, -2.4561054488e-06, -2.39708583649e-06, -1.98002862817e-06, -6.38552194232e-07, -4.27470574493e-08, -2.44883562317e-08, -4.5642984503e-08, -2.45125431064e-09, -4.42991858474e-11, 1.53187813996e-12], [1.08666442511e-09, 1.75407052438e-07, 6.86838347974e-07, 2.00095701075e-06, 8.81011419551e-06, 1.41103128044e-05, 4.76035575048e-06, 1.42704345762e-06, 2.11741075873e-06, 9.8998066278e-07, 5.44190434937e-08, 7.69041221815e-08, -3.37362450864e-07, -2.06788541846e-07, -2.15305462348e-07, -6.20666241957e-07, -5.71380041947e-07, -1.28577789837e-06, -9.99054236672e-07, -8.56957740325e-07, -2.30643109944e-07, -1.23676455743e-08, -1.11424061089e-08, -2.40685764652e-08, -8.24672219402e-10, -5.0284069443e-12, 6.05079544412e-14], [1.10265285791e-09, 1.60534142424e-07, 5.74374951157e-07, 1.54969484356e-06, 7.65624736232e-06, 4.76035575048e-06, 2.0823248633e-05, 2.37425342675e-06, 1.60808588134e-06, 1.33143623771e-06, 3.1234111475e-07, 3.48932957195e-07, -3.01457902196e-07, -2.09305326848e-07, -2.8399389862e-07, -7.58920577937e-07, -7.71577731484e-07, -1.43600641422e-06, -1.25531346384e-06, -1.03510399185e-06, -2.4623130912e-07, -1.8156608661e-08, -1.08487245853e-08, -2.29223608983e-08, -7.92258758597e-10, 5.90160082262e-12, 3.59187343497e-13], [4.38084846177e-10, 7.06343357137e-08, 4.0152124825e-07, 1.14251997729e-06, 2.75621300716e-06, 1.42704345762e-06, 2.37425342675e-06, 3.95821734855e-06, 1.21945106457e-06, 5.39831432889e-07, 1.65812622299e-07, 2.42045217647e-07, -7.53506981255e-08, -3.53352618276e-08, -9.28773857822e-08, -2.23837886892e-07, -1.73861877784e-07, -3.92150553807e-07, -3.33846315925e-07, -3.5105074403e-07, -7.6996123255e-08, -4.9830646276e-09, -5.78894354675e-09, -1.50898085138e-08, -6.23002927025e-10, -7.63748439492e-12, 8.17735771675e-14], [4.19067225366e-10, 1.16972124431e-07, 5.18694662333e-07, 1.11984422801e-06, 2.32000229516e-06, 2.11741075873e-06, 1.60808588134e-06, 1.21945106457e-06, 2.33246555581e-05, 5.85275847698e-06, 1.94961012312e-06, 2.29225906878e-06, 1.03860145373e-06, 8.06350612947e-07, 4.69848288276e-07, 4.27544364356e-07, 1.05860954136e-06, 5.88881505337e-07, 1.99169517145e-06, 1.4185998225e-06, 5.79086531616e-07, 1.28925080389e-07, 1.96089171567e-08, 8.23508106151e-09, 5.01513763851e-09, 2.37239811129e-10, 3.23369748947e-13], [9.62978828623e-12, 1.31212614107e-08, 2.49255478479e-08, 1.61748630489e-07, 5.63650985441e-07, 9.8998066278e-07, 1.33143623771e-06, 5.39831432889e-07, 5.85275847698e-06, 4.80053768115e-06, 1.37339361572e-06, 1.36825406116e-06, 7.61477735978e-07, 3.0037242027e-07, 1.50837422552e-07, 4.52856632194e-08, 2.09372018389e-07, 2.57275814874e-07, 3.99820095254e-07, 3.70297925656e-07, 2.36079230831e-07, 3.90531234018e-08, 5.53588908048e-09, -4.6026785161e-10, 1.76677494856e-09, 9.42862662945e-11, 6.79397740865e-14], [-8.10102748772e-11, -5.07545516726e-09, -6.97308664144e-08, -1.51872754373e-07, -2.02950431571e-07, 5.44190434937e-08, 3.1234111475e-07, 1.65812622299e-07, 1.94961012312e-06, 1.37339361572e-06, 1.18222180845e-06, 6.56934446397e-07, 3.08249894942e-07, 1.67978953414e-07, 9.57374624022e-08, 8.45690877327e-08, 1.80578808795e-07, 2.38913457906e-07, 2.6088534355e-07, 1.92190228177e-07, 9.33635675437e-08, 1.23702150745e-08, 1.66847935468e-09, -7.12982173301e-10, 5.51796441872e-10, 3.36496039366e-11, -1.49005557394e-15], [-1.63231331229e-10, -6.70405730929e-09, -1.08317998126e-07, -3.37565751352e-07, -1.08742256089e-06, 7.69041221815e-08, 3.48932957195e-07, 2.42045217647e-07, 2.29225906878e-06, 1.36825406116e-06, 6.56934446397e-07, 1.06937784494e-06, 4.12381581327e-07, 2.48633199362e-07, 1.3277511357e-07, 1.73669405967e-07, 2.89577201329e-07, 3.11953044729e-07, 4.07197546792e-07, 3.23445476624e-07, 1.4940950166e-07, 1.86165696192e-08, 2.72839462134e-09, -1.00735797481e-09, 6.7642491608e-10, 3.46271934737e-11, 2.04591795979e-14], [-2.15453654917e-10, -2.41850841576e-08, -1.51049803776e-07, -4.10935314221e-07, -1.44475416164e-06, -3.37362450864e-07, -3.01457902196e-07, -7.53506981255e-08, 1.03860145373e-06, 7.61477735978e-07, 3.08249894942e-07, 4.12381581327e-07, 4.17097851368e-07, 1.85950526088e-07, 1.14521519379e-07, 2.25379935159e-07, 2.74762498975e-07, 4.26708027135e-07, 4.50419264553e-07, 3.36056132255e-07, 1.26836255276e-07, 1.39946640942e-08, 3.82910414487e-09, 4.96563057339e-09, 6.23725904259e-10, 2.40891386699e-11, -2.47681463148e-14], [-1.25870522338e-10, -1.03505986004e-08, -8.3135063278e-08, -2.77124058812e-07, -8.3610547108e-07, -2.06788541846e-07, -2.09305326848e-07, -3.53352618276e-08, 8.06350612947e-07, 3.0037242027e-07, 1.67978953414e-07, 2.48633199362e-07, 1.85950526088e-07, 2.29288929177e-07, 1.03338180679e-07, 2.12073061334e-07, 2.52696366942e-07, 3.61562030093e-07, 3.87457475881e-07, 2.62383906602e-07, 8.92750051662e-08, 1.03546291541e-08, 1.78855164013e-09, 3.52317619523e-11, 2.74498535013e-10, 1.190381127e-11, -2.20213997319e-14], [-7.14819523018e-11, -5.90367887909e-09, -5.05781834192e-08, -1.54127675955e-07, -3.76216064524e-07, -2.15305462348e-07, -2.8399389862e-07, -9.28773857822e-08, 4.69848288276e-07, 1.50837422552e-07, 9.57374624022e-08, 1.3277511357e-07, 1.14521519379e-07, 1.03338180679e-07, 1.83623754424e-07, 2.46923377745e-07, 2.38410308384e-07, 4.27362891742e-07, 3.75159430632e-07, 3.09090125938e-07, 8.36426465867e-08, 9.82016867823e-09, 7.97231081151e-09, 2.11656949745e-08, 1.02632313759e-09, 2.53678120177e-11, 4.1730043764e-14], [-1.75690254012e-10, -2.00305816378e-08, -1.30312812985e-07, -3.59501314051e-07, -1.16096055081e-06, -6.20666241957e-07, -7.58920577937e-07, -2.23837886892e-07, 4.27544364356e-07, 4.52856632194e-08, 8.45690877327e-08, 1.73669405967e-07, 2.25379935159e-07, 2.12073061334e-07, 2.46923377745e-07, 8.86602663286e-07, 5.81688539114e-07, 1.054722361e-06, 1.04655271116e-06, 7.21045125829e-07, 2.11042163301e-07, 2.10074837526e-08, 1.2997837473e-08, 2.95457986965e-08, 1.59207880213e-09, 3.73205771842e-11, 8.35131202609e-15], [-2.02476507782e-10, -2.05611101478e-08, -1.51692105987e-07, -4.73888604802e-07, -1.38471318678e-06, -5.71380041947e-07, -7.71577731484e-07, -1.73861877784e-07, 1.05860954136e-06, 2.09372018389e-07, 1.80578808795e-07, 2.89577201329e-07, 2.74762498975e-07, 2.52696366942e-07, 2.38410308384e-07, 5.81688539114e-07, 8.18882256226e-07, 9.2824393505e-07, 1.05110029835e-06, 7.0283306286e-07, 2.28140308423e-07, 2.20907701021e-08, 5.77772008015e-09, 4.68410688015e-09, 7.26691207209e-10, 2.31864336758e-11, -1.39264659443e-14], [-4.35617625305e-10, -5.7983786661e-08, -2.98448497915e-07, -6.83549558289e-07, -2.4561054488e-06, -1.28577789837e-06, -1.43600641422e-06, -3.92150553807e-07, 5.88881505337e-07, 2.57275814874e-07, 2.38913457906e-07, 3.11953044729e-07, 4.26708027135e-07, 3.61562030093e-07, 4.27362891742e-07, 1.054722361e-06, 9.2824393505e-07, 3.16907221531e-06, 1.72403781562e-06, 1.46992283589e-06, 4.6192238301e-07, 3.76081672471e-08, 3.66399035556e-08, 9.50308987058e-08, 4.30749569347e-09, 9.72451980052e-11, 6.27872997734e-15], [-4.20265294787e-10, -4.37454374946e-08, -2.84033376374e-07, -7.98391624812e-07, -2.39708583649e-06, -9.99054236672e-07, -1.25531346384e-06, -3.33846315925e-07, 1.99169517145e-06, 3.99820095254e-07, 2.6088534355e-07, 4.07197546792e-07, 4.50419264553e-07, 3.87457475881e-07, 3.75159430632e-07, 1.04655271116e-06, 1.05110029835e-06, 1.72403781562e-06, 2.27597388403e-06, 1.36639641823e-06, 4.42661388433e-07, 4.46050343328e-08, 1.64587579121e-08, 2.42424338381e-08, 2.20018381292e-09, 5.99826299741e-11, -1.59369791127e-14], [-3.22619320148e-10, -3.40175176916e-08, -2.18123773266e-07, -5.89655599015e-07, -1.98002862817e-06, -8.56957740325e-07, -1.03510399185e-06, -3.5105074403e-07, 1.4185998225e-06, 3.70297925656e-07, 1.92190228177e-07, 3.23445476624e-07, 3.36056132255e-07, 2.62383906602e-07, 3.09090125938e-07, 7.21045125829e-07, 7.0283306286e-07, 1.46992283589e-06, 1.36639641823e-06, 1.65523226769e-06, 4.08535925089e-07, 3.563066997e-08, 2.79696372729e-08, 7.67388073086e-08, 3.69675134948e-09, 8.52809281526e-11, 3.65243114074e-14], [-1.03824171482e-10, -1.07293365303e-08, -6.7697747852e-08, -1.88977409721e-07, -6.38552194232e-07, -2.30643109944e-07, -2.4623130912e-07, -7.6996123255e-08, 5.79086531616e-07, 2.36079230831e-07, 9.33635675437e-08, 1.4940950166e-07, 1.26836255276e-07, 8.92750051662e-08, 8.36426465867e-08, 2.11042163301e-07, 2.28140308423e-07, 4.6192238301e-07, 4.42661388433e-07, 4.08535925089e-07, 1.49791176796e-07, 1.17950964551e-08, 7.1110783928e-09, 1.64565214789e-08, 9.39152533519e-10, 2.47645150914e-11, 1.11819492815e-16], [-7.39225260865e-12, -5.57772827925e-10, -4.21047019472e-09, -1.08658628761e-08, -4.27470574493e-08, -1.23676455743e-08, -1.8156608661e-08, -4.9830646276e-09, 1.28925080389e-07, 3.90531234018e-08, 1.23702150745e-08, 1.86165696192e-08, 1.39946640942e-08, 1.03546291541e-08, 9.82016867823e-09, 2.10074837526e-08, 2.20907701021e-08, 3.76081672471e-08, 4.46050343328e-08, 3.563066997e-08, 1.17950964551e-08, 1.73488912125e-09, 8.29667778923e-10, 1.8415267089e-09, 1.22522436641e-10, 3.57296635854e-12, 1.42043952419e-15], [-4.11030758041e-12, -4.2573297665e-10, -1.98698457687e-09, -4.67330485421e-09, -2.44883562317e-08, -1.11424061089e-08, -1.08487245853e-08, -5.78894354675e-09, 1.96089171567e-08, 5.53588908048e-09, 1.66847935468e-09, 2.72839462134e-09, 3.82910414487e-09, 1.78855164013e-09, 7.97231081151e-09, 1.2997837473e-08, 5.77772008015e-09, 3.66399035556e-08, 1.64587579121e-08, 2.79696372729e-08, 7.1110783928e-09, 8.29667778923e-10, 1.90309568104e-09, 6.14164585855e-09, 2.39922748335e-10, 5.32237491926e-12, 5.22935991723e-15], [-7.07815490247e-12, -7.10143999161e-10, -2.66534838644e-09, -6.63554766689e-09, -4.5642984503e-08, -2.40685764652e-08, -2.29223608983e-08, -1.50898085138e-08, 8.23508106151e-09, -4.6026785161e-10, -7.12982173301e-10, -1.00735797481e-09, 4.96563057339e-09, 3.52317619523e-11, 2.11656949745e-08, 2.95457986965e-08, 4.68410688015e-09, 9.50308987058e-08, 2.42424338381e-08, 7.67388073086e-08, 1.64565214789e-08, 1.8415267089e-09, 6.14164585855e-09, 2.10051442906e-08, 7.77058861701e-10, 1.67884144087e-11, 1.87461486357e-14], [-4.33900230199e-13, -3.97988933476e-11, -1.37341388262e-10, -4.47517439772e-10, -2.45125431064e-09, -8.24672219402e-10, -7.92258758597e-10, -6.23002927025e-10, 5.01513763851e-09, 1.76677494856e-09, 5.51796441872e-10, 6.7642491608e-10, 6.23725904259e-10, 2.74498535013e-10, 1.02632313759e-09, 1.59207880213e-09, 7.26691207209e-10, 4.30749569347e-09, 2.20018381292e-09, 3.69675134948e-09, 9.39152533519e-10, 1.22522436641e-10, 2.39922748335e-10, 7.77058861701e-10, 3.43566390615e-11, 8.06998348354e-13, 6.76212924512e-16], [-9.06569114348e-15, -7.67319421977e-13, -1.42268542867e-12, -7.92841400171e-12, -4.42991858474e-11, -5.0284069443e-12, 5.90160082262e-12, -7.63748439492e-12, 2.37239811129e-10, 9.42862662945e-11, 3.36496039366e-11, 3.46271934737e-11, 2.40891386699e-11, 1.190381127e-11, 2.53678120177e-11, 3.73205771842e-11, 2.31864336758e-11, 9.72451980052e-11, 5.99826299741e-11, 8.52809281526e-11, 2.47645150914e-11, 3.57296635854e-12, 5.32237491926e-12, 1.67884144087e-11, 8.06998348354e-13, 2.1371921973e-14, 2.09218924682e-17], [2.95749891514e-16, 1.68245527509e-14, 1.38392945649e-13, 2.48284574324e-13, 1.53187813996e-12, 6.05079544412e-14, 3.59187343497e-13, 8.17735771675e-14, 3.23369748947e-13, 6.79397740865e-14, -1.49005557394e-15, 2.04591795979e-14, -2.47681463148e-14, -2.20213997319e-14, 4.1730043764e-14, 8.35131202609e-15, -1.39264659443e-14, 6.27872997734e-15, -1.59369791127e-14, 3.65243114074e-14, 1.11819492815e-16, 1.42043952419e-15, 5.22935991723e-15, 1.87461486357e-14, 6.76212924512e-16, 2.09218924682e-17, 2.65331023455e-18]]
    },
    "mfcc": {
        "kurt": [18.4531211853, -0.899113416672, 1.06205320358, 1.39307785034, 0.512641191483, 0.598410844803, 0.401335000992, 0.271939992905, -0.440035581589, -0.0430643558502, 0.125707387924, 0.464505195618, 0.1281042099],
        "max": [-487.504882812, 248.040710449, 12.2568664551, 67.4496612549, 16.9087867737, 4.23784637451, 26.6425018311, 7.35616111755, 11.1031227112, 12.2868041992, 3.79695510864, 19.0506019592, 4.18497085571],
        "mean": [-631.25579834, 175.046585083, -71.5541305542, 42.4266319275, -32.5914802551, -24.0879688263, -3.76918244362, -15.3528060913, -12.0166101456, -7.24760532379, -14.8688058853, -2.22563409805, -11.5948410034],
        "median": [-639.977050781, 171.086303711, -71.2572021484, 47.0550994873, -30.0747947693, -23.1564750671, -3.45985126495, -14.8763122559, -12.1230230331, -7.40963935852, -15.1314115524, -2.20953941345, -11.5114240646],
        "min": [-1100.72949219, 24.8550796509, -109.770126343, -13.3452587128, -75.8868484497, -53.0974159241, -26.3686161041, -36.7832679749, -35.8125, -25.5804710388, -36.1133308411, -25.6764526367, -33.3503608704],
        "skew": [-1.27540647984, -0.227503657341, 0.178220286965, -1.28836524487, -0.768634200096, -0.596558868885, -0.209888026118, -0.23015743494, -0.0248669870198, 0.0537234172225, 0.161676168442, 0.00827184412628, -0.123345606029],
        "var": [1484.50878906, 1581.17150879, 232.396255493, 234.510040283, 184.501663208, 68.0834732056, 55.139213562, 44.4231414795, 67.8094406128, 38.5033073425, 36.558883667, 37.4582252502, 27.4710464478],
        "cov": [[1485.80310059, -943.521484375, -15.2914276123, 60.6718826294, 169.426452637, 60.225643158, -23.1531524658, 88.5397491455, -81.7669372559, 87.2041549683, -81.1056671143, 80.3402633667, -15.8051986694], [-943.521484375, 1582.55004883, 175.665969849, 226.986190796, -6.71376752853, 34.4904212952, 109.262481689, -70.578338623, 206.380355835, -70.2120742798, 65.9363250732, -95.1087112427, 3.14260029793], [-15.2914276123, 175.665969849, 232.598876953, 109.076980591, 108.211387634, 31.4673881531, 35.1462745667, 10.8435354233, 54.7558403015, 20.3871707916, -18.1113872528, -14.7472648621, -4.38691091537], [60.6718826294, 226.986190796, 109.076980591, 234.714492798, 145.755310059, 73.8159790039, 48.0107002258, 24.9294128418, 63.8849983215, 23.5747375488, -10.2286758423, -6.49386548996, 5.30330133438], [169.426452637, -6.71376752853, 108.211387634, 145.755310059, 184.662521362, 62.5163879395, 37.5912780762, 30.0462112427, 30.2844276428, 34.8155975342, -16.0936965942, 4.42394828796, 2.99984526634], [60.225643158, 34.4904212952, 31.4673881531, 73.8159790039, 62.5163879395, 68.142829895, 30.2144107819, 22.606918335, 21.7230472565, 12.9628391266, -3.8984131813, 0.445693343878, -0.474115252495], [-23.1531524658, 109.262481689, 35.1462745667, 48.0107002258, 37.5912780762, 30.2144107819, 55.187286377, 12.854265213, 28.4873580933, 4.41196489334, 4.10766839981, -4.13897037506, -1.2089009285], [88.5397491455, -70.578338623, 10.8435354233, 24.9294128418, 30.0462112427, 22.606918335, 12.854265213, 44.4618721008, 9.92809486389, 15.6082696915, -7.58600282669, 5.83175516129, -0.466482430696], [-81.7669372559, 206.380355835, 54.7558403015, 63.8849983215, 30.2844276428, 21.7230472565, 28.4873580933, 9.92809486389, 67.8685531616, 7.13503551483, 8.20242118835, -11.1727018356, 1.88912975788], [87.2041549683, -70.2120742798, 20.3871707916, 23.5747375488, 34.8155975342, 12.9628391266, 4.41196489334, 15.6082696915, 7.13503551483, 38.5368766785, 1.97047305107, 11.4233675003, 1.08857488632], [-81.1056671143, 65.9363250732, -18.1113872528, -10.2286758423, -16.0936965942, -3.8984131813, 4.10766839981, -7.58600282669, 8.20242118835, 1.97047305107, 36.5907554626, 7.02419710159, 6.1958231926], [80.3402633667, -95.1087112427, -14.7472648621, -6.49386548996, 4.42394828796, 0.445693343878, -4.13897037506, 5.83175516129, -11.1727018356, 11.4233675003, 7.02419710159, 37.4908828735, 9.86172866821], [-15.8051986694, 3.14260029793, -4.38691091537, 5.30330133438, 2.99984526634, -0.474115252495, -1.2089009285, -0.466482430696, 1.88912975788, 1.08857488632, 6.1958231926, 9.86172866821, 27.4949970245]]
    },
    "sccoeffs": {
        "kurt": [0.930290937424, 0.367075920105, 1.92286396027, 1.50688648224, 3.07684087753, 4.77328920364],
        "max": [-0.270789146423, -0.518291592598, -0.52142226696, -0.60538905859, -0.621361494064, -0.626952409744],
        "mean": [-0.521126806736, -0.727156043053, -0.772927761078, -0.793895363808, -0.791393280029, -0.723187029362],
        "median": [-0.521926999092, -0.730731964111, -0.77609205246, -0.796500205994, -0.794099330902, -0.721753656864],
        "min": [-0.947418630123, -0.975307822227, -0.974874973297, -0.906021058559, -0.925818383694, -0.942202806473],
        "skew": [-0.223555698991, 0.313938736916, 0.546988606453, 0.622091650963, 0.903081178665, -0.682931602001],
        "var": [0.00603133440018, 0.00333731924184, 0.0017624842003, 0.00102525996044, 0.000698270217981, 0.000741356983781],
        "cov": [[0.00603659264743, 0.000797696120571, 0.000400012271712, -0.000222358605242, -0.000272974051768, -0.000148021252244], [0.000797696120571, 0.00334022892639, 0.000233081751503, -0.000131216962473, -0.000230692268815, -9.63682214206e-06], [0.000400012271712, 0.000233081751503, 0.00176402076613, -0.000109937587695, -0.000166796511621, 4.40785152023e-05], [-0.000222358605242, -0.000131216962473, -0.000109937587695, 0.0010261539137, 0.000216419124627, 6.90856541041e-05], [-0.000272974051768, -0.000230692268815, -0.000166796511621, 0.000216419124627, 0.000698879011907, 9.30033456825e-06], [-0.000148021252244, -9.63682214206e-06, 4.40785152023e-05, 6.90856541041e-05, 9.30033456825e-06, 0.000742003321648]]
    },
    "scvalleys": {
        "kurt": [0.505714654922, 21.7841129303, 22.3633518219, 27.9345226288, 7.67361927032, -0.445301294327],
        "max": [-4.56695795059, -3.7047996521, -3.75684046745, -4.73797941208, -4.92475318909, -6.76959562302],
        "mean": [-6.21464300156, -4.58761405945, -5.13802433014, -5.94130039215, -6.27886962891, -10.0901012421],
        "median": [-5.97116327286, -4.56947660446, -5.13416290283, -5.96504592896, -6.40424585342, -10.1664447784],
        "min": [-9.91951847076, -9.54618549347, -9.44669723511, -10.9843235016, -11.6816272736, -12.5757961273],
        "skew": [-1.02042269707, -2.20820355415, -1.75627410412, -2.0710644722, -0.604130864143, 0.0510881990194],
        "var": [0.900030553341, 0.15813152492, 0.123231858015, 0.140208154917, 0.290680289268, 0.766364455223],
        "cov": [[0.900815248489, 0.0842047482729, -0.0230204313993, 0.0185642447323, -0.0182589869946, -0.0951042771339], [0.0842047482729, 0.158269390464, 0.0551197007298, 0.01450001169, -0.0173963997513, -0.0625012293458], [-0.0230204313993, 0.0551197007298, 0.123339295387, 0.0416614040732, 0.0313963033259, 0.0176636241376], [0.0185642447323, 0.01450001169, 0.0416614040732, 0.140330404043, 0.161313280463, 0.204856902361], [-0.0182589869946, -0.0173963997513, 0.0313963033259, 0.161313280463, 0.290933698416, 0.394161313772], [-0.0951042771339, -0.0625012293458, 0.0176636241376, 0.204856902361, 0.394161313772, 0.767032563686]]
    }
},
"rhythm": {
    "beats_loudness": {
        "kurt": -0.263874053955,
        "max": 0.0561167486012,
        "mean": 0.0319825485349,
        "median": 0.0325733013451,
        "min": 0.0134972594678,
        "skew": 0.123525239527,
        "var": 9.59838653216e-05
    },
    "bpm": 89.2612304688,
    "confidence": 0.47776889801,
    "first_peak_bpm": {
        "kurt": 0,
        "max": 89,
        "mean": 89,
        "median": 89,
        "min": 89,
        "skew": 0,
        "var": 0
    },
    "first_peak_spread": {
        "kurt": 0,
        "max": 0.5625,
        "mean": 0.5625,
        "median": 0.5625,
        "min": 0.5625,
        "skew": 0,
        "var": 0
    },
    "first_peak_weight": {
        "kurt": 0,
        "max": 0.194444447756,
        "mean": 0.194444447756,
        "median": 0.194444447756,
        "min": 0.194444447756,
        "skew": 0,
        "var": 0
    },
    "onset_rate": 1.24004018307,
    "second_peak_bpm": {
        "kurt": 0,
        "max": 74,
        "mean": 74,
        "median": 74,
        "min": 74,
        "skew": 0,
        "var": 0
    },
    "second_peak_spread": {
        "kurt": 0,
        "max": 0.5,
        "mean": 0.5,
        "median": 0.5,
        "min": 0.5,
        "skew": 0,
        "var": 0
    },
    "second_peak_weight": {
        "kurt": 0,
        "max": 0.138888895512,
        "mean": 0.138888895512,
        "median": 0.138888895512,
        "min": 0.138888895512,
        "skew": 0,
        "var": 0
    },
    "beats_loudness_band_ratio": {
        "kurt": [5.47024059296, -0.161064386368, 0.113346099854, 1.13378763199, -0.204020023346, -0.906211853027],
        "max": [0.559710204601, 0.689135015011, 0.709685921669, 0.407663851976, 0.325493991375, 0.187041088939],
        "mean": [0.112003624439, 0.303377449512, 0.301092922688, 0.159173160791, 0.120008066297, 0.066394969821],
        "median": [0.0733597502112, 0.262607604265, 0.275169223547, 0.152715831995, 0.0873195677996, 0.0511568412185],
        "min": [0.00216206675395, 0.0808186605573, 0.106574825943, 0.0406090207398, 0.011191396974, 0.00618044333532],
        "skew": [2.15814900398, 0.771874189377, 0.900425314903, 1.13108038902, 0.960050225258, 0.626489400864],
        "var": [0.0124245369807, 0.0237499792129, 0.0218455735594, 0.00691717723384, 0.00838561914861, 0.00275589851663],
        "cov": [[0.0127696627751, 0.00251901801676, -0.00467666424811, -0.00528701720759, -0.00292088300921, -0.00205120979808], [0.00251901801676, 0.0244097020477, -0.00932533293962, -0.00566079979762, -0.00634888978675, -0.00401861779392], [-0.00467666424811, -0.00932533293962, 0.0224523954093, 0.0014154331293, -0.00590316904709, -0.00296029029414], [-0.00528701720759, -0.00566079979762, 0.0014154331293, 0.00710932072252, 0.00105352001265, 0.00118045858108], [-0.00292088300921, -0.00634888978675, -0.00590316904709, 0.00105352001265, 0.00861855316907, 0.00438275001943], [-0.00205120979808, -0.00401861779392, -0.00296029029414, 0.00118045858108, 0.00438275001943, 0.00283245113678]]
    },
    "beats_position": [0.789478421211, 1.57895684242, 2.36843538284, 3.06503391266, 3.76163268089, 4.46984100342, 5.16644001007, 5.86303853989, 6.53641700745, 7.19818592072, 7.81351470947, 8.44045352936, 9.07900238037, 9.70594120026, 10.3328800201, 10.9482088089, 11.5867567062, 12.2369155884, 12.8986845016, 13.5604534149, 14.2338323593, 14.90721035, 15.5805892944, 16.2539672852, 16.9389572144, 17.6239452362, 18.390203476, 19.1448516846, 19.8994998932, 20.6541500092, 21.4668483734, 22.2563266754, 23.0574150085, 23.8701133728, 24.7060317993, 25.5071201324, 26.3198184967],
    "bpm_estimates": [86.1328277588, 86.1327972412, 86.1327667236, 86.1328277588, 89.102935791, 90.6660919189, 93.9630508423, 93.9631958008, 92.2851333618, 90.6660919189, 90.6660919189, 89.1028747559, 89.1030044556, 89.1028747559, 89.1030044556, 87.5925292969, 87.5927734375],
    "bpm_intervals": [0.789478421211, 0.789478540421, 0.696598529816, 0.696598768234, 0.708208322525, 0.696599006653, 0.696598529816, 0.67337846756, 0.661768913269, 0.615328788757, 0.626938819885, 0.638548851013, 0.626938819885, 0.626938819885, 0.615328788757, 0.638547897339, 0.650158882141, 0.661768913269, 0.661768913269, 0.673378944397, 0.673377990723, 0.673378944397, 0.673377990723, 0.684989929199, 0.684988021851, 0.766258239746, 0.754648208618, 0.754648208618, 0.754650115967, 0.812698364258, 0.789478302002, 0.80108833313, 0.812698364258, 0.835918426514, 0.80108833313, 0.812698364258],
    "onset_times": [0.0116099771112, 0.870748281479, 1.34675741196, 1.89242625237, 3.04181408882, 3.16952371597, 6.8382768631, 7.18657588959, 7.31428575516, 9.85687065125, 11.017868042, 11.2152385712, 11.4242172241, 12.294965744, 13.4559640884, 13.8739233017, 14.117732048, 17.600725174, 17.7400455475, 20.0736503601, 21.4436283112, 21.5713386536, 23.8468933105, 24.0210437775, 24.195192337, 24.3112926483, 24.5318813324, 24.7060317993, 24.9614505768, 25.0427207947, 25.4955101013, 26.168888092, 26.3082084656],
    "histogram": [[0, 0, 0, 0, 0, 0, 0, 0, 0, 0, 0, 0, 0, 0, 0, 0, 0, 0, 0, 0, 0, 0, 0, 0, 0, 0, 0, 0, 0, 0, 0, 0, 0, 0, 0, 0, 0, 0, 0, 0, 0, 0, 0, 0, 0, 0, 0, 0, 0, 0, 0, 0, 0, 0, 0, 0, 0, 0, 0, 0, 0, 0, 0, 0, 0, 0, 0, 0, 0, 0, 0, 0, 0.0277777779847, 0, 0.0833333358169, 0.0555555559695, 0.0833333358169, 0, 0.0277777779847, 0, 0.0833333358169, 0, 0, 0, 0, 0.0277777779847, 0.111111111939, 0, 0.0555555559695, 0.138888895512, 0, 0.0833333358169, 0.0277777779847, 0, 0.0555555559695, 0, 0.0833333358169, 0, 0.0555555559695, 0, 0, 0, 0, 0, 0, 0, 0, 0, 0, 0, 0, 0, 0, 0, 0, 0, 0, 0, 0, 0, 0, 0, 0, 0, 0, 0, 0, 0, 0, 0, 0, 0, 0, 0, 0, 0, 0, 0, 0, 0, 0, 0, 0, 0, 0, 0, 0, 0, 0, 0, 0, 0, 0, 0, 0, 0, 0, 0, 0, 0, 0, 0, 0, 0, 0, 0, 0, 0, 0, 0, 0, 0, 0, 0, 0, 0, 0, 0, 0, 0, 0, 0, 0, 0, 0, 0, 0, 0, 0, 0, 0, 0, 0, 0, 0, 0, 0, 0, 0, 0, 0, 0, 0, 0, 0, 0, 0, 0, 0, 0, 0, 0, 0, 0, 0, 0, 0, 0, 0, 0, 0, 0, 0, 0, 0, 0, 0, 0, 0, 0, 0, 0, 0, 0, 0, 0, 0, 0, 0, 0, 0, 0, 0, 0, 0, 0, 0, 0, 0, 0]]
},
"sfx": {
    "inharmonicity": {
        "kurt": 0.235515356064,
        "max": 0.394156605005,
        "mean": 0.100218839943,
        "median": 0.0828449428082,
        "min": 0,
        "skew": 0.882703900337,
        "var": 0.00635523209348
    },
    "oddtoevenharmonicenergyratio": {
        "kurt": 62.9811706543,
        "max": 14.0118618011,
        "mean": 0.813118219376,
        "median": 0.555247783661,
        "min": 0,
        "skew": 6.33234357834,
        "var": 1.18515765667
    },
    "pitch_after_max_to_before_max_energy_ratio": 0.160767689347,
    "pitch_centroid": 524.814025879,
    "pitch_max_to_total": 0.504355370998,
    "pitch_min_to_total": 0.757839739323,
    "tristimulus": {
        "kurt": [2.0085272789, 0.29841542244, -0.218629598618],
        "max": [1, 0.77059584856, 1],
        "mean": [0.285516917706, 0.323219656944, 0.391262948513],
        "median": [0.230181634426, 0.335303604603, 0.365914493799],
        "min": [0, 0, 0],
        "skew": [1.53077435493, -0.42203822732, 0.0977546647191],
        "var": [0.0682965815067, 0.0216719433665, 0.0419918037951],
        "cov": [[0.0683561190963, -0.024009257555, -0.0443467758596], [-0.024009257555, 0.0216908380389, 0.00231843465008], [-0.0443467758596, 0.00231843465008, 0.0420284122229]]
    }
},
"tonal": {
    "chords_changes_rate": 0.151304349303,
    "chords_number_rate": 0.0173913035542,
    "chords_strength": {
        "kurt": -0.00740694999695,
        "max": 0.666452527046,
        "mean": 0.439749807119,
        "median": 0.440473109484,
        "min": 0.192960366607,
        "skew": -0.000366772728739,
        "var": 0.0083833662793
    },
    "key_strength": 0.499995917082,
    "tuning_diatonic_strength": 0.42108514905,
    "tuning_equal_tempered_deviation": 0.343559414148,
    "tuning_frequency": 431.692352295,
    "tuning_nontempered_energy_ratio": 0.919503867626,
    "hpcp": {
