{
"metadata": {
    "version": {
        "essentia": "2.1-beta3"
    }
},
"lowLevel": {
    "average_loudness": 0.98753452301,
    "barkbands_kurtosis": {
        "kurt": 1.43494701385,
        "max": 8.15870094299,
        "mean": 0.565728604794,
        "median": 0.107115745544,
        "min": -1.58159577847,
        "skew": 1.27984702587,
        "var": 3.17718482018
    },
    "barkbands_skewness": {
        "kurt": 0.125329971313,
        "max": 2.73135304451,
        "mean": 0.996656894684,
        "median": 0.954635679722,
        "min": -0.42491543293,
        "skew": 0.18127001822,
        "var": 0.273976653814
    },
    "barkbands_spread": {
        "kurt": -0.880315303802,
        "max": 36.11302948,
        "mean": 18.7336769104,
        "median": 17.058139801,
        "min": 6.36199140549,
        "skew": 0.430549144745,
        "var": 49.3345031738
    },
    "dissonance": {
        "kurt": 101.058837891,
        "max": 0.5,
        "mean": 0.474588304758,
        "median": 0.478910505772,
        "min": 0.110555246472,
        "skew": -7.70762681961,
        "var": 0.000669081870001
    },
    "hfc": {
        "kurt": 34.2872848511,
        "max": 214.957717896,
        "mean": 28.437582016,
        "median": 22.3155555725,
        "min": 0.00142719584983,
        "skew": 4.94968652725,
        "var": 451.740844727
    },
    "pitch": {
        "kurt": 74.3461227417,
        "max": 3427.92797852,
        "mean": 315.935852051,
        "median": 260.947906494,
        "min": 70.4581832886,
        "skew": 7.76768636703,
        "var": 92647.15625
    },
    "pitch_instantaneous_confidence": {
        "kurt": 3.70692586899,
        "max": 0.596022248268,
        "mean": 0.232645750046,
        "median": 0.2198523283,
        "min": 0.121674776077,
        "skew": 1.51913523674,
        "var": 0.00427156407386
    },
    "pitch_salience": {
        "kurt": 2.44883012772,
        "max": 0.946901798248,
        "mean": 0.765649199486,
        "median": 0.771515905857,
        "min": 0.553517043591,
        "skew": -0.985010325909,
        "var": 0.00247244420461
    },
    "silence_rate_20dB": {
        "kurt": 0,
        "max": 1,
        "mean": 1,
        "median": 1,
        "min": 1,
        "skew": 0,
        "var": 0
    },
    "silence_rate_30dB": {
        "kurt": 185.505783081,
        "max": 1,
        "mean": 0.994750678539,
        "median": 1,
        "min": 0,
        "skew": -13.6933088303,
        "var": 0.00522178132087
    },
    "silence_rate_60dB": {
        "kurt": 376.002624512,
        "max": 1,
        "mean": 0.00262467190623,
        "median": 0,
        "min": 0,
        "skew": 19.4422893524,
        "var": 0.00261778291315
    },
    "spectral_centroid": {
        "kurt": -0.331250190735,
        "max": 1812.27038574,
        "mean": 1021.69921875,
        "median": 1020.34240723,
        "min": 411.510772705,
        "skew": 0.185117155313,
        "var": 84708.375
    },
    "spectral_complexity": {
        "kurt": -0.424425125122,
        "max": 59,
        "mean": 37.9868774414,
        "median": 38,
        "min": 0,
        "skew": -0.119560070336,
        "var": 92.5484161377
    },
    "spectral_crest": {
        "kurt": 4.09325647354,
        "max": 18.3278808594,
        "mean": 6.17164325714,
        "median": 5.7558760643,
        "min": 2.5889081955,
        "skew": 1.6644616127,
        "var": 5.60033559799
    },
    "spectral_decrease": {
        "kurt": 20.5241508484,
        "max": -5.28759490619e-13,
        "mean": -6.7851444463e-09,
        "median": -6.01071903361e-09,
        "min": -3.74074033971e-08,
        "skew": -3.58840060234,
        "var": 1.56748889738e-17
    },
    "spectral_energy": {
        "kurt": 23.2457103729,
        "max": 0.160167366266,
        "mean": 0.0281880572438,
        "median": 0.0248874779791,
        "min": 2.1251146336e-06,
        "skew": 3.8555366993,
        "var": 0.000275752914604
    },
    "spectral_energyband_high": {
        "kurt": 36.1808891296,
        "max": 0.00755409244448,
        "mean": 0.00058870378416,
        "median": 0.000345329579432,
        "min": 3.75203619285e-08,
        "skew": 4.99523639679,
        "var": 5.60400678751e-07
    },
    "spectral_energyband_low": {
        "kurt": 12.1340799332,
        "max": 0.0121989585459,
        "mean": 0.00100750930142,
        "median": 0.000405504106311,
        "min": 2.43677078515e-07,
        "skew": 2.92118811607,
        "var": 2.25016037803e-06
    },
    "spectral_energyband_middle_high": {
        "kurt": 26.051027298,
        "max": 0.0736880302429,
        "mean": 0.0101546589285,
        "median": 0.00838277861476,
        "min": 3.49014896983e-07,
        "skew": 4.44256305695,
        "var": 5.83162036492e-05
    },
    "spectral_energyband_middle_low": {
        "kurt": 9.44179153442,
        "max": 0.0876677259803,
        "mean": 0.0173653922975,
        "median": 0.0147228594869,
        "min": 1.58667842243e-06,
        "skew": 2.39182543755,
        "var": 0.00011741455819
    },
    "spectral_flatness_db": {
        "kurt": -0.428951263428,
        "max": 0.261497437954,
        "mean": 0.194865211844,
        "median": 0.197489440441,
        "min": 0.0877393707633,
        "skew": -0.204634428024,
        "var": 0.00082270038547
    },
    "spectral_flux": {
        "kurt": 10.0897369385,
        "max": 0.286482572556,
        "mean": 0.109525859356,
        "median": 0.105554752052,
        "min": 0.0638274252415,
        "skew": 2.59975123405,
        "var": 0.000966200896073
    },
    "spectral_kurtosis": {
        "kurt": 2.87034082413,
        "max": 27.688249588,
        "mean": 6.88829660416,
        "median": 5.65160751343,
        "min": 1.67385387421,
        "skew": 1.63729631901,
        "var": 19.7125396729
    },
    "spectral_rms": {
        "kurt": 7.50665187836,
        "max": 0.0125004341826,
        "mean": 0.00508771650493,
        "median": 0.00492752157152,
        "min": 4.55333138234e-05,
        "skew": 1.68348050117,
        "var": 1.6156940319e-06
    },
    "spectral_rolloff": {
        "kurt": -1.36023128033,
        "max": 3466.84570312,
        "mean": 1927.02294922,
        "median": 1787.25585938,
        "min": 581.396484375,
        "skew": 0.135643541813,
        "var": 665749.1875
    },
    "spectral_skewness": {
        "kurt": 1.4194226265,
        "max": 3.70712018013,
        "mean": 1.73121607304,
        "median": 1.6340482235,
        "min": 0.978995800018,
        "skew": 1.17066669464,
        "var": 0.22176656127
    },
    "spectral_spread": {
        "kurt": 220.467422485,
        "max": 26061248,
        "mean": 2680872.75,
        "median": 2570178.5,
        "min": 1616789.5,
        "skew": 13.4363641739,
        "var": 1.88373244314e+12
    },
    "spectral_strongpeak": {
        "kurt": 2.35268259048,
        "max": 2.53360414505,
        "mean": 0.609644770622,
        "median": 0.517429590225,
        "min": 0.000401997909648,
        "skew": 1.27803480625,
        "var": 0.139801993966
    },
    "zerocrossingrate": {
        "kurt": -0.239169836044,
        "max": 0.10009765625,
        "mean": 0.0621744804084,
        "median": 0.06201171875,
        "min": 0.00146484375,
        "skew": -0.135328143835,
        "var": 0.000280736130662
    },
    "barkbands": {
        "kurt": [352.065124512, 23.5359420776, 10.4134483337, 11.9260177612, 8.51198673248, 4.86213207245, 52.4112510681, 2.52173471451, 50.0947532654, 19.512096405, 15.6541080475, 25.7445964813, 12.3343000412, 22.6150913239, 49.6025352478, 3.57984161377, 7.13548469543, 9.44678783417, 46.9439277649, 11.3567066193, 54.1941947937, 84.330039978, 101.002967834, 64.3161315918, 46.487449646, 70.941368103, 375.902130127],
        "max": [8.49629068398e-05, 0.000998572213575, 0.00470704771578, 0.0111483186483, 0.029646448791, 0.0160198956728, 0.0565444156528, 0.00984960701317, 0.0330408588052, 0.0171479340643, 0.00997114274651, 0.0107560576871, 0.00593806710094, 0.00484616495669, 0.00563828228042, 0.00291690742597, 0.00551164895296, 0.00694844173267, 0.0132825803012, 0.0059014800936, 0.00431688921526, 0.000899523962289, 0.000265947019216, 0.000162340948009, 2.49891472777e-05, 2.07822131415e-06, 2.24310792873e-06],
        "mean": [6.55077883494e-07, 5.78721956117e-05, 0.000410064822063, 0.00103855645284, 0.00351064372808, 0.00324337184429, 0.00400242442265, 0.00244969152845, 0.00238608662039, 0.00211961055174, 0.00142592610791, 0.00125346984714, 0.000881528074387, 0.00057479942916, 0.000460207345895, 0.000538351247087, 0.000761348637752, 0.00102340686135, 0.00102309836075, 0.000738420523703, 0.0002478704846, 3.01224827126e-05, 5.65748723602e-06, 4.20422065872e-06, 6.582300216e-07, 3.42372707962e-08, 6.73602107426e-09],
        "median": [1.30736125925e-07, 1.8841597921e-05, 0.000117331728688, 0.000352333998308, 0.00186734844465, 0.00255272630602, 0.00285816076212, 0.00191224075388, 0.00167041062377, 0.00157537939958, 0.00108444155194, 0.000989266321994, 0.000669855508022, 0.00044432427967, 0.000333631964168, 0.000362416612916, 0.000466272962512, 0.000685142294969, 0.000695139169693, 0.000473502353998, 0.000142793651321, 1.47159162225e-05, 1.72581951574e-06, 9.00972565887e-07, 9.62318082998e-08, 2.77716583064e-09, 3.82982340286e-10],
        "min": [9.79688032088e-12, 3.46791217964e-08, 1.00133462411e-07, 1.46066156503e-07, 4.50692596132e-07, 3.15859381317e-07, 1.38675076755e-07, 1.60708978569e-07, 3.09295415946e-07, 1.59584402581e-07, 5.0970804466e-08, 1.2207943989e-08, 6.35371719682e-08, 3.24547144714e-08, 6.73699762643e-09, 2.62200536838e-08, 2.11235873238e-09, 3.03064950913e-09, 1.46102108189e-08, 2.07429380339e-08, 8.96568508324e-09, 4.78720307839e-09, 3.04632563619e-09, 2.99712610285e-09, 1.99215000052e-09, 5.85981749235e-11, 1.90876150606e-13],
        "skew": [18.5373306274, 4.39361858368, 2.83875608444, 3.13201880455, 2.58077049255, 1.81200003624, 6.04920721054, 1.47828996181, 6.14716625214, 3.96901130676, 3.40044617653, 4.35980510712, 2.95100426674, 4.00751590729, 5.79283237457, 1.78704190254, 2.30692625046, 2.69806456566, 5.56564044952, 2.63420820236, 6.60197067261, 8.66447734833, 9.59566116333, 7.54904174805, 6.54483890533, 8.0934753418, 19.4384078979],
        "var": [1.93260529108e-11, 1.34314452893e-08, 4.12981449927e-07, 2.87566786028e-06, 1.90525806829e-05, 6.21229537501e-06, 2.27013988479e-05, 3.03287220049e-06, 8.37353582028e-06, 4.96458915222e-06, 1.6942798311e-06, 1.3675713717e-06, 5.28510213371e-07, 3.03516543454e-07, 2.27895995408e-07, 2.09877043744e-07, 5.79819186441e-07, 1.01220325632e-06, 1.33124819968e-06, 5.44228555555e-07, 1.71794738435e-07, 5.93332272203e-09, 4.83370954374e-10, 2.24802315651e-10, 6.46145593627e-12, 3.39194513135e-14, 1.3163218108e-14],
        "cov": [[1.93769115336e-11, 4.77291921264e-11, 7.07404468336e-10, 1.5663905728e-09, 2.03093164508e-09, 8.93374652033e-10, -5.84501169687e-10, 3.99532490425e-10, 3.52244206026e-11, -3.29598182081e-10, -2.4950552735e-10, -2.58760846084e-10, -2.16534942754e-10, -4.37533620445e-11, -2.21146590623e-11, -4.00917563037e-11, -1.18409532179e-10, -1.96191243806e-10, -1.51147552807e-10, -1.23395529905e-10, -5.09213123057e-11, -4.42686512447e-12, -9.39614054965e-13, -7.43084738707e-13, 2.53606570423e-13, 4.53534318391e-13, 4.97512838218e-13], [4.77291921264e-11, 1.34667912377e-08, 2.83319945282e-08, 6.40462687329e-08, 2.44568724383e-07, 7.55781357498e-08, -4.28756585791e-09, 1.08814317556e-08, 2.02919157033e-08, -6.39814068393e-09, -4.78101780388e-09, -7.03929936563e-09, -7.84346720906e-09, 2.91311641476e-09, 3.42950534638e-09, 2.40436270893e-09, 4.08491329651e-09, 1.49001844196e-09, 3.97277588604e-09, 6.52971954285e-10, 1.26765042907e-09, 6.8993444291e-10, 1.63195026937e-10, 1.24221161135e-10, 1.97917758571e-11, 5.7315133542e-13, 2.1722731849e-13], [7.07404468336e-10, 2.83319945282e-08, 4.14068239252e-07, 6.37747859855e-07, 9.94152969724e-07, 3.46304148025e-07, -1.04649274135e-07, 5.73101779366e-08, 1.18086674661e-07, -7.33975085154e-08, -6.91893191629e-08, -8.06160045386e-08, -4.03062259124e-08, 1.86793283063e-08, 3.96255543933e-08, 3.82167719692e-08, 4.62376661403e-08, 3.84615823634e-08, 6.87413503897e-08, 3.96784400891e-08, 1.01243013972e-08, 3.5549174715e-09, 6.68509636537e-10, 4.45664782855e-10, 7.21523465974e-11, 1.27562439778e-11, 1.34027372534e-11], [1.5663905728e-09, 6.40462687329e-08, 6.37747859855e-07, 2.88323531095e-06, 2.79276127912e-06, 9.17396846489e-07, -1.87810101693e-07, 1.71300555962e-07, 3.57342116786e-07, -2.52998688666e-07, -1.59338171102e-07, -1.1912539577e-07, -9.58431840559e-08, 9.34585671075e-08, 1.20217819699e-07, 1.63153629273e-07, 2.42586992272e-07, 1.89575359855e-07, 2.89851612933e-07, 1.97306391669e-07, 6.03148748723e-08, 1.41613814009e-08, 2.81957279746e-09, 1.34556155107e-09, 1.6796065927e-10, 3.13786462092e-11, 2.39901501442e-11], [2.03093164508e-09, 2.44568724383e-07, 9.94152969724e-07, 2.79276127912e-06, 1.91027193068e-05, 3.55365818905e-06, 1.7472110585e-06, 1.59901821917e-06, 3.06102265313e-06, 2.60956539933e-07, 4.66441491653e-07, 4.99375573781e-07, 1.3500996765e-08, 6.03823366419e-07, 6.0320206785e-07, 4.46827925771e-07, 5.17219007179e-07, 4.62013503011e-07, 1.19605090276e-06, 4.72009560326e-07, 3.69446325976e-07, 8.81879316239e-08, 2.18806786023e-08, 1.2904444624e-08, 1.88982718363e-09, 1.38097006053e-10, 1.02432845192e-11], [8.93374652033e-10, 7.55781357498e-08, 3.46304148025e-07, 9.17396846489e-07, 3.55365818905e-06, 6.22864354227e-06, 1.75039519945e-06, 7.84694975664e-07, 2.45734327109e-06, 1.42372846312e-06, 6.61028877857e-07, 7.06926527982e-07, 2.8009915809e-07, 3.94030337247e-07, 3.43262229308e-07, 2.36934951658e-07, 3.72688020889e-07, 4.83034625631e-07, 7.76596664309e-07, 4.46818802402e-07, 3.16350423191e-07, 6.08469363783e-08, 1.80949584205e-08, 1.19308545266e-08, 2.0435908521e-09, 1.33461366958e-10, 1.53289429761e-11], [-5.84501169687e-10, -4.28756585791e-09, -1.04649274135e-07, -1.87810101693e-07, 1.7472110585e-06, 1.75039519945e-06, 2.27611380978e-05, 1.60077377132e-06, 2.50066523222e-06, 3.16925184052e-06, 1.76140872554e-06, 1.30417845412e-06, 1.60365047464e-07, 3.49358941776e-07, 2.44249918069e-07, 1.20569962903e-08, 4.40508500787e-08, 1.32445094891e-07, 3.67727011508e-07, 8.34393976135e-09, 1.90544525935e-07, 3.86355729631e-08, 1.43454288448e-08, 1.19789316244e-08, 2.19656426381e-09, 1.18581713893e-10, -1.39754041673e-11], [3.99532490425e-10, 1.08814317556e-08, 5.73101779366e-08, 1.71300555962e-07, 1.59901821917e-06, 7.84694975664e-07, 1.60077377132e-06, 3.04085347125e-06, 1.43972624755e-06, 7.39199890631e-07, 4.59616614989e-07, 5.56413453978e-07, 1.41359436157e-07, 2.07529382124e-07, 1.52795294639e-07, -6.92056945084e-09, 2.95652000659e-08, 9.2641819549e-08, 2.84858231225e-07, 5.5825651657e-08, 1.00826824223e-07, 2.58775632034e-08, 9.04624819498e-09, 6.41950803626e-09, 1.02752562015e-09, 6.47935247122e-11, 7.98761577714e-12], [3.52244206026e-11, 2.02919157033e-08, 1.18086674661e-07, 3.57342116786e-07, 3.06102265313e-06, 2.45734327109e-06, 2.50066523222e-06, 1.43972624755e-06, 8.39557196741e-06, 3.90217701352e-06, 2.03754984796e-06, 2.69606880465e-06, 1.07085600121e-06, 1.01015177734e-06, 8.92781201856e-07, 3.50607876953e-07, 8.13188819393e-07, 1.36209814627e-06, 2.27427676691e-06, 1.1446014696e-06, 9.64045057117e-07, 1.79413035539e-07, 5.38339683942e-08, 3.61659715509e-08, 6.06225025734e-09, 3.64301172562e-10, 8.74735505384e-13], [-3.29598182081e-10, -6.39814068393e-09, -7.33975085154e-08, -2.52998688666e-07, 2.60956539933e-07, 1.42372846312e-06, 3.16925184052e-06, 7.39199890631e-07, 3.90217701352e-06, 4.97765404361e-06, 1.53929624958e-06, 1.75235845745e-06, 8.12262328509e-07, 5.29355872914e-07, 3.47090718833e-07, 1.45944525798e-07, 2.78965643474e-07, 8.93480716968e-07, 1.01667353647e-06, 5.90212039242e-07, 4.83086466829e-07, 7.02354938653e-08, 2.1831558783e-08, 1.75484746734e-08, 3.40085404282e-09, 1.92046892278e-10, -5.99243658167e-12], [-2.4950552735e-10, -4.78101780388e-09, -6.91893191629e-08, -1.59338171102e-07, 4.66441491653e-07, 6.61028877857e-07, 1.76140872554e-06, 4.59616614989e-07, 2.03754984796e-06, 1.53929624958e-06, 1.69873851519e-06, 1.02754609088e-06, 4.82454368012e-07, 4.32154166674e-07, 2.98521456443e-07, 1.56234392534e-07, 2.89227386929e-07, 6.03744354066e-07, 7.36335266538e-07, 3.66329004464e-07, 2.60041986166e-07, 5.11467455055e-08, 1.39882176953e-08, 1.09060191988e-08, 2.02293137797e-09, 1.1128793026e-10, -4.11071827619e-12], [-2.58760846084e-10, -7.03929936563e-09, -8.06160045386e-08, -1.1912539577e-07, 4.99375573781e-07, 7.06926527982e-07, 1.30417845412e-06, 5.56413453978e-07, 2.69606880465e-06, 1.75235845745e-06, 1.02754609088e-06, 1.37117024224e-06, 5.50365086838e-07, 4.62293286319e-07, 3.62337829074e-07, 1.96478310954e-07, 3.60986177839e-07, 6.65310210479e-07, 9.32579098389e-07, 4.86501562591e-07, 3.68402339745e-07, 6.61340351371e-08, 1.93595397491e-08, 1.39153790712e-08, 2.43380671172e-09, 1.37916331133e-10, -4.5021846494e-12], [-2.16534942754e-10, -7.84346720906e-09, -4.03062259124e-08, -9.58431840559e-08, 1.3500996765e-08, 2.8009915809e-07, 1.60365047464e-07, 1.41359436157e-07, 1.07085600121e-06, 8.12262328509e-07, 4.82454368012e-07, 5.50365086838e-07, 5.299010013e-07, 2.51631860237e-07, 1.84609163512e-07, 1.59043992198e-07, 2.45336508442e-07, 4.90424497457e-07, 5.22225434452e-07, 3.40003111887e-07, 1.87417910524e-07, 2.96137727673e-08, 8.29296276095e-09, 6.03684124911e-09, 1.07886954925e-09, 6.00570565501e-11, -3.83595672587e-12], [-4.37533620445e-11, 2.91311641476e-09, 1.86793283063e-08, 9.34585671075e-08, 6.03823366419e-07, 3.94030337247e-07, 3.49358941776e-07, 2.07529382124e-07, 1.01015177734e-06, 5.29355872914e-07, 4.32154166674e-07, 4.62293286319e-07, 2.51631860237e-07, 3.04315278754e-07, 1.98728855594e-07, 1.53729558861e-07, 2.77819282246e-07, 3.99072490609e-07, 5.20068397236e-07, 2.99300864981e-07, 1.69154532159e-07, 3.16326165262e-08, 8.30910273919e-09, 6.00493077485e-09, 1.03376995852e-09, 5.72834592261e-11, -9.81072536578e-13], [-2.21146590623e-11, 3.42950534638e-09, 3.96255543933e-08, 1.20217819699e-07, 6.0320206785e-07, 3.43262229308e-07, 2.44249918069e-07, 1.52795294639e-07, 8.92781201856e-07, 3.47090718833e-07, 2.98521456443e-07, 3.62337829074e-07, 1.84609163512e-07, 1.98728855594e-07, 2.28495721899e-07, 1.40987381769e-07, 2.42091800828e-07, 3.13038526656e-07, 4.76687006312e-07, 2.53167968367e-07, 1.59257311338e-07, 3.04154745834e-08, 7.90576937248e-09, 5.1852064864e-09, 8.19078860292e-10, 4.8656648155e-11, -1.18434071144e-12], [-4.00917563037e-11, 2.40436270893e-09, 3.82167719692e-08, 1.63153629273e-07, 4.46827925771e-07, 2.36934951658e-07, 1.20569962903e-08, -6.92056945084e-09, 3.50607876953e-07, 1.45944525798e-07, 1.56234392534e-07, 1.96478310954e-07, 1.59043992198e-07, 1.53729558861e-07, 1.40987381769e-07, 2.10429348613e-07, 2.66559055717e-07, 3.09513268348e-07, 3.70412635675e-07, 2.51344346225e-07, 1.0508114201e-07, 1.80418187057e-08, 4.2533399025e-09, 2.96076518858e-09, 4.79288275734e-10, 2.57315783264e-11, -1.8453149165e-12], [-1.18409532179e-10, 4.08491329651e-09, 4.62376661403e-08, 2.42586992272e-07, 5.17219007179e-07, 3.72688020889e-07, 4.40508500787e-08, 2.95652000659e-08, 8.13188819393e-07, 2.78965643474e-07, 2.89227386929e-07, 3.60986177839e-07, 2.45336508442e-07, 2.77819282246e-07, 2.42091800828e-07, 2.66559055717e-07, 5.81345034334e-07, 5.41804411114e-07, 6.5554519324e-07, 4.47187289865e-07, 2.03670524002e-07, 3.48507995795e-08, 8.70512195661e-09, 5.88225557152e-09, 9.03751073977e-10, 4.80133363623e-11, -3.78974152407e-12], [-1.96191243806e-10, 1.49001844196e-09, 3.84615823634e-08, 1.89575359855e-07, 4.62013503011e-07, 4.83034625631e-07, 1.32445094891e-07, 9.2641819549e-08, 1.36209814627e-06, 8.93480716968e-07, 6.03744354066e-07, 6.65310210479e-07, 4.90424497457e-07, 3.99072490609e-07, 3.13038526656e-07, 3.09513268348e-07, 5.41804411114e-07, 1.01486693893e-06, 8.68647646257e-07, 6.00324938205e-07, 2.8526099527e-07, 4.60791618195e-08, 1.21457537361e-08, 8.76211458944e-09, 1.52918300245e-09, 8.41072836377e-11, -5.26293288464e-12], [-1.51147552807e-10, 3.97277588604e-09, 6.87413503897e-08, 2.89851612933e-07, 1.19605090276e-06, 7.76596664309e-07, 3.67727011508e-07, 2.84858231225e-07, 2.27427676691e-06, 1.01667353647e-06, 7.36335266538e-07, 9.32579098389e-07, 5.22225434452e-07, 5.20068397236e-07, 4.76687006312e-07, 3.70412635675e-07, 6.5554519324e-07, 8.68647646257e-07, 1.33475145958e-06, 6.99711051766e-07, 4.23967264851e-07, 7.76757858034e-08, 2.02068779487e-08, 1.35844366866e-08, 2.19407558788e-09, 1.27139951345e-10, -4.36709782919e-12], [-1.23395529905e-10, 6.52971954285e-10, 3.96784400891e-08, 1.97306391669e-07, 4.72009560326e-07, 4.46818802402e-07, 8.34393976135e-09, 5.5825651657e-08, 1.1446014696e-06, 5.90212039242e-07, 3.66329004464e-07, 4.86501562591e-07, 3.40003111887e-07, 2.99300864981e-07, 2.53167968367e-07, 2.51344346225e-07, 4.47187289865e-07, 6.00324938205e-07, 6.99711051766e-07, 5.45660725493e-07, 2.44090927026e-07, 3.97684658537e-08, 1.08667457255e-08, 7.5479835715e-09, 1.23293142362e-09, 6.72433081439e-11, -3.41249446235e-12], [-5.09213123057e-11, 1.26765042907e-09, 1.01243013972e-08, 6.03148748723e-08, 3.69446325976e-07, 3.16350423191e-07, 1.90544525935e-07, 1.00826824223e-07, 9.64045057117e-07, 4.83086466829e-07, 2.60041986166e-07, 3.68402339745e-07, 1.87417910524e-07, 1.69154532159e-07, 1.59257311338e-07, 1.0508114201e-07, 2.03670524002e-07, 2.8526099527e-07, 4.23967264851e-07, 2.44090927026e-07, 1.72246828356e-07, 2.92338242502e-08, 8.15145195787e-09, 5.43838041267e-09, 8.67643679126e-10, 5.0239343935e-11, -1.16656987889e-12], [-4.42686512447e-12, 6.8993444291e-10, 3.5549174715e-09, 1.41613814009e-08, 8.81879316239e-08, 6.08469363783e-08, 3.86355729631e-08, 2.58775632034e-08, 1.79413035539e-07, 7.02354938653e-08, 5.11467455055e-08, 6.61340351371e-08, 2.96137727673e-08, 3.16326165262e-08, 3.04154745834e-08, 1.80418187057e-08, 3.48507995795e-08, 4.60791618195e-08, 7.76757858034e-08, 3.97684658537e-08, 2.92338242502e-08, 5.94893645456e-09, 1.59232371733e-09, 1.06090392027e-09, 1.65559760346e-10, 9.74444830382e-12, -1.22059046898e-13], [-9.39614054965e-13, 1.63195026937e-10, 6.68509636537e-10, 2.81957279746e-09, 2.18806786023e-08, 1.80949584205e-08, 1.43454288448e-08, 9.04624819498e-09, 5.38339683942e-08, 2.1831558783e-08, 1.39882176953e-08, 1.93595397491e-08, 8.29296276095e-09, 8.30910273919e-09, 7.90576937248e-09, 4.2533399025e-09, 8.70512195661e-09, 1.21457537361e-08, 2.02068779487e-08, 1.08667457255e-08, 8.15145195787e-09, 1.59232371733e-09, 4.84642992404e-10, 3.19960419271e-10, 5.04911147614e-11, 2.94971317337e-12, -1.39923490139e-14], [-7.43084738707e-13, 1.24221161135e-10, 4.45664782855e-10, 1.34556155107e-09, 1.2904444624e-08, 1.19308545266e-08, 1.19789316244e-08, 6.41950803626e-09, 3.61659715509e-08, 1.75484746734e-08, 1.09060191988e-08, 1.39153790712e-08, 6.03684124911e-09, 6.00493077485e-09, 5.1852064864e-09, 2.96076518858e-09, 5.88225557152e-09, 8.76211458944e-09, 1.35844366866e-08, 7.5479835715e-09, 5.43838041267e-09, 1.06090392027e-09, 3.19960419271e-10, 2.2539389799e-10, 3.69108563159e-11, 2.05417909245e-12, -8.699329065e-15], [2.53606570423e-13, 1.97917758571e-11, 7.21523465974e-11, 1.6796065927e-10, 1.88982718363e-09, 2.0435908521e-09, 2.19656426381e-09, 1.02752562015e-09, 6.06225025734e-09, 3.40085404282e-09, 2.02293137797e-09, 2.43380671172e-09, 1.07886954925e-09, 1.03376995852e-09, 8.19078860292e-10, 4.79288275734e-10, 9.03751073977e-10, 1.52918300245e-09, 2.19407558788e-09, 1.23293142362e-09, 8.67643679126e-10, 1.65559760346e-10, 5.04911147614e-11, 3.69108563159e-11, 6.47845969579e-12, 3.68659665512e-13, 8.78904001851e-15], [4.53534318391e-13, 5.7315133542e-13, 1.27562439778e-11, 3.13786462092e-11, 1.38097006053e-10, 1.33461366958e-10, 1.18581713893e-10, 6.47935247122e-11, 3.64301172562e-10, 1.92046892278e-10, 1.1128793026e-10, 1.37916331133e-10, 6.00570565501e-11, 5.72834592261e-11, 4.8656648155e-11, 2.57315783264e-11, 4.80133363623e-11, 8.41072836377e-11, 1.27139951345e-10, 6.72433081439e-11, 5.0239343935e-11, 9.74444830382e-12, 2.94971317337e-12, 2.05417909245e-12, 3.68659665512e-13, 3.40087116454e-14, 1.20875828268e-14], [4.97512838218e-13, 2.1722731849e-13, 1.34027372534e-11, 2.39901501442e-11, 1.02432845192e-11, 1.53289429761e-11, -1.39754041673e-11, 7.98761577714e-12, 8.74735505384e-13, -5.99243658167e-12, -4.11071827619e-12, -4.5021846494e-12, -3.83595672587e-12, -9.81072536578e-13, -1.18434071144e-12, -1.8453149165e-12, -3.78974152407e-12, -5.26293288464e-12, -4.36709782919e-12, -3.41249446235e-12, -1.16656987889e-12, -1.22059046898e-13, -1.39923490139e-14, -8.699329065e-15, 8.78904001851e-15, 1.20875828268e-14, 1.31978583674e-14]]
    },
    "mfcc": {
        "kurt": [33.770652771, -0.42475104332, 15.3322277069, -0.47452878952, -0.990634202957, -0.127271175385, -0.518354415894, -0.0694324970245, -0.372360706329, 0.15549659729, -0.426110744476, -0.38795042038, -0.10741686821],
        "max": [-486.157745361, 233.159179688, 35.7262306213, 66.6390686035, -10.4589691162, -5.19542694092, 13.0175209045, -0.590507507324, 5.70708084106, 5.47567749023, 3.64999008179, 10.105424881, 2.56860733032],
        "mean": [-637.126037598, 167.342086792, -83.5667572021, 36.1842727661, -42.0710678101, -24.1163539886, -5.36747598648, -16.1134243011, -14.6990032196, -9.77559375763, -13.263425827, -1.30882644653, -11.2741041183],
        "median": [-643.506347656, 165.627639771, -84.1495361328, 37.9987754822, -39.1677398682, -24.085899353, -5.11511611938, -16.3638458252, -14.1481933594, -9.75192260742, -13.4398479462, -1.09770202637, -11.4296245575],
        "min": [-1067.41748047, 79.7534561157, -109.196807861, -18.2459011078, -72.4802246094, -51.1373062134, -26.2685852051, -34.5247802734, -35.8805885315, -23.7835006714, -26.9182834625, -15.6622505188, -28.7729549408],
        "skew": [-2.51496076584, -0.0249673780054, 2.08012938499, -0.501881361008, -0.196656182408, -0.280478268862, -0.0345262736082, 0.0203658156097, 0.0404721871018, 0.0566302537918, 0.167798638344, -0.157721042633, 0.00673238281161],
        "var": [1622.42041016, 993.302246094, 183.390579224, 306.473083496, 181.375610352, 77.7786712646, 57.6345596313, 33.5613098145, 54.4858703613, 26.205160141, 34.34425354, 26.3034572601, 23.3691692352],
        "cov": [[1626.68994141, -503.167053223, 8.50650691986, 87.7894439697, 111.025985718, 64.1246109009, -22.9516010284, 47.8152809143, -48.1577110291, 34.0747261047, -74.0944824219, 30.1947154999, -49.2129402161], [-503.167053223, 995.91619873, 31.4401569366, 284.064056396, 130.176925659, 48.5982208252, 130.21875, -20.5279922485, 142.459442139, -8.56980228424, 64.8437194824, -48.2340049744, 24.0494098663], [8.50650691986, 31.4401569366, 183.873184204, 53.2758522034, 97.9108657837, 30.3378696442, 24.0995502472, 10.2666807175, 30.6076831818, 16.212015152, -5.206407547, -13.0490579605, -15.639878273], [87.7894439697, 284.064056396, 53.2758522034, 307.279602051, 183.404281616, 114.428260803, 67.4292449951, 27.3094139099, 70.5649795532, 25.712972641, 9.18922805786, -2.99572634697, -5.68794536591], [111.025985718, 130.176925659, 97.9108657837, 183.404281616, 181.852920532, 85.537399292, 57.9809532166, 25.4087524414, 52.7918319702, 25.4281044006, 3.57115888596, -0.854511618614, -11.0247058868], [64.1246109009, 48.5982208252, 30.3378696442, 114.428260803, 85.537399292, 77.9833526611, 33.954498291, 20.7228164673, 26.1929550171, 15.3893346786, 2.76426672935, 0.725384652615, -3.24293875694], [-22.9516010284, 130.21875, 24.0995502472, 67.4292449951, 57.9809532166, 33.954498291, 57.7862319946, 13.9063062668, 36.0936775208, 6.70702791214, 12.9734687805, -3.40216684341, -0.545642495155], [47.8152809143, -20.5279922485, 10.2666807175, 27.3094139099, 25.4087524414, 20.7228164673, 13.9063062668, 33.6496315002, 13.4948654175, 10.612165451, 1.08008682728, 3.82409143448, -4.87659406662], [-48.1577110291, 142.459442139, 30.6076831818, 70.5649795532, 52.7918319702, 26.1929550171, 36.0936775208, 13.4948654175, 54.6292572021, 13.230711937, 13.9033880234, -7.73513555527, 0.00359080219641], [34.0747261047, -8.56980228424, 16.212015152, 25.712972641, 25.4281044006, 15.3893346786, 6.70702791214, 10.612165451, 13.230711937, 26.2741203308, 7.45665025711, 5.51404523849, -1.12222266197], [-74.0944824219, 64.8437194824, -5.206407547, 9.18922805786, 3.57115888596, 2.76426672935, 12.9734687805, 1.08008682728, 13.9033880234, 7.45665025711, 34.4346313477, 6.97665882111, 6.58902645111], [30.1947154999, -48.2340049744, -13.0490579605, -2.99572634697, -0.854511618614, 0.725384652615, -3.40216684341, 3.82409143448, -7.73513555527, 5.51404523849, 6.97665882111, 26.3726768494, 5.76614522934], [-49.2129402161, 24.0494098663, -15.639878273, -5.68794536591, -11.0247058868, -3.24293875694, -0.545642495155, -4.87659406662, 0.00359080219641, -1.12222266197, 6.58902645111, 5.76614522934, 23.4306659698]]
    },
    "sccoeffs": {
        "kurt": [1.43709564209, 0.50737953186, 0.822019577026, 0.37663602829, 1.16683769226, 7.53988361359],
        "max": [-0.339800983667, -0.548029184341, -0.626449644566, -0.693806886673, -0.733256220818, -0.623130619526],
        "mean": [-0.535028636456, -0.742854773998, -0.777431368828, -0.78546833992, -0.793360650539, -0.706850886345],
        "median": [-0.542104125023, -0.74810308218, -0.781577765942, -0.786911964417, -0.79203659296, -0.704996883869],
        "min": [-0.899390697479, -0.952154219151, -0.871368944645, -0.885193824768, -0.900487720966, -0.931498169899],
        "skew": [-0.0265172701329, 0.296340763569, 0.661327958107, 0.27546364069, -0.287024229765, -1.45057189465],
        "var": [0.00481010973454, 0.00324893277138, 0.00158397445921, 0.000845674483571, 0.000467897043563, 0.000995907583274],
        "cov": [[0.00482276780531, 0.000657753786072, -7.87732233221e-07, -0.000124356214656, 0.000200094247703, -7.6849697507e-05], [0.000657753786072, 0.00325748254545, 6.49197500024e-06, -4.12043082179e-05, -3.5063825635e-05, -7.92763530626e-05], [-7.87732233221e-07, 6.49197500024e-06, 0.00158814282622, 8.42443841975e-05, 0.000106777253677, -6.19678830844e-05], [-0.000124356214656, -4.12043082179e-05, 8.42443841975e-05, 0.000847899937071, 8.05061499705e-05, 7.90234480519e-05], [0.000200094247703, -3.5063825635e-05, 0.000106777253677, 8.05061499705e-05, 0.000469128368422, 0.000137746654218], [-7.6849697507e-05, -7.92763530626e-05, -6.19678830844e-05, 7.90234480519e-05, 0.000137746654218, 0.000998528324999]]
    },
    "scvalleys": {
        "kurt": [-0.604268312454, 32.3107719421, 49.1413040161, 53.6939239502, 35.6517066956, 0.281330108643],
        "max": [-4.76273584366, -3.66447210312, -3.86444401741, -4.43010759354, -5.05773973465, -7.55021524429],
        "mean": [-6.79764413834, -4.63368988037, -5.07054948807, -5.92043590546, -6.24535083771, -10.2107172012],
        "median": [-6.61519861221, -4.61781263351, -5.07983160019, -5.92619562149, -6.27097892761, -10.1886358261],
        "min": [-9.35303688049, -8.73631191254, -9.83956623077, -10.7644329071, -11.5692615509, -12.3184957504],
        "skew": [-0.396120727062, -3.10863828659, -3.88267302513, -4.21752500534, -3.24046134949, 0.442410409451],
        "var": [0.932269096375, 0.148082345724, 0.164080619812, 0.162201732397, 0.237082406878, 0.667580366135],
        "cov": [[0.934722423553, 0.0912869125605, -0.0422808639705, 0.0979674682021, 0.0584618635476, -0.104345753789], [0.0912869125605, 0.14847202599, 0.0704032182693, 0.0739227160811, 0.0634044930339, 0.0529587380588], [-0.0422808639705, 0.0704032182693, 0.16451241076, 0.0839350819588, 0.0861831232905, 0.0905264616013], [0.0979674682021, 0.0739227160811, 0.0839350819588, 0.162628576159, 0.164737939835, 0.184261277318], [0.0584618635476, 0.0634044930339, 0.0861831232905, 0.164737939835, 0.237706318498, 0.287670373917], [-0.104345753789, 0.0529587380588, 0.0905264616013, 0.184261277318, 0.287670373917, 0.669337153435]]
    }
},
"rhythm": {
    "beats_loudness": {
        "kurt": 2.74418354034,
        "max": 0.0617891512811,
        "mean": 0.0275889895856,
        "median": 0.0237487740815,
        "min": 0.0181136205792,
        "skew": 1.93021285534,
        "var": 0.000155772970174
    },
    "bpm": 74.0793151855,
    "confidence": 3.93521261215,
    "first_peak_bpm": {
        "kurt": 0,
        "max": 74,
        "mean": 74,
        "median": 74,
        "min": 74,
        "skew": 0,
        "var": 0
    },
    "first_peak_spread": {
        "kurt": 0,
        "max": 0.222222208977,
        "mean": 0.222222208977,
        "median": 0.222222208977,
        "min": 0.222222208977,
        "skew": 0,
        "var": 0
    },
    "first_peak_weight": {
        "kurt": 0,
        "max": 0.777777791023,
        "mean": 0.777777791023,
        "median": 0.777777791023,
        "min": 0.777777791023,
        "skew": 0,
        "var": 0
    },
    "onset_rate": 1.24954593182,
    "second_peak_bpm": {
        "kurt": 0,
        "max": 0,
        "mean": 0,
        "median": 0,
        "min": 0,
        "skew": 0,
        "var": 0
    },
    "second_peak_spread": {
        "kurt": 0,
        "max": 0,
        "mean": 0,
        "median": 0,
        "min": 0,
        "skew": 0,
        "var": 0
    },
    "second_peak_weight": {
        "kurt": 0,
        "max": 0,
        "mean": 0,
        "median": 0,
        "min": 0,
        "skew": 0,
        "var": 0
    },
    "beats_loudness_band_ratio": {
        "kurt": [1.41321992874, -1.17402899265, -0.680824995041, -1.09098780155, -1.18442523479, 0.386741399765],
        "max": [0.137144580483, 0.358170002699, 0.603397965431, 0.264571458101, 0.24102896452, 0.232350468636],
        "mean": [0.0379196107388, 0.22805762291, 0.375396072865, 0.200107887387, 0.133209496737, 0.0854591429234],
        "median": [0.0256350766867, 0.23748460412, 0.347355246544, 0.195594757795, 0.130279928446, 0.068327486515],
        "min": [0.00392230879515, 0.123201787472, 0.208099380136, 0.155828535557, 0.0447000823915, 0.0185106731951],
        "skew": [1.49571919441, 0.296689897776, 0.566055595875, 0.533551752567, 0.312176853418, 1.1319116354],
        "var": [0.00152074184734, 0.00656139850616, 0.0137065919116, 0.00137088610791, 0.00452064769343, 0.00394385820255],
        "cov": [[0.00168971309904, 0.00105018785689, -0.000276482343907, -0.000262708286755, -0.00115899322554, -0.0012443640735], [0.00105018785689, 0.00729044293985, -0.00484814913943, -0.00130121165421, -0.00192349450663, -0.00203561340459], [-0.000276482343907, -0.00484814913943, 0.015229546465, -0.00067236868199, -0.00555955944583, -0.00428424077109], [-0.000262708286755, -0.00130121165421, -0.00067236868199, 0.00152320682537, 0.000838287989609, 0.000474705477245], [-0.00115899322554, -0.00192349450663, -0.00555955944583, 0.000838287989609, 0.00502294162288, 0.00411886535585], [-0.0012443640735, -0.00203561340459, -0.00428424077109, 0.000474705477245, 0.00411886535585, 0.00438206456602]]
    },
    "beats_position": [0.812698423862, 1.62539684772, 2.43809509277, 3.22757363319, 4.02866220474, 4.82975053787, 5.64244890213, 6.45514726639, 7.2910656929, 8.10376358032],
    "bpm_estimates": [73.828125, 73.8281402588, 75.9995346069, 74.8980865479, 74.898109436, 73.8281326294, 73.8281326294, 71.7773361206, 73.8281707764],
    "bpm_intervals": [0.812698423862, 0.812698245049, 0.789478540421, 0.801088571548, 0.80108833313, 0.812698364258, 0.812698364258, 0.835918426514, 0.812697887421],
    "onset_times": [0.0116099771112, 1.63700675964, 1.77632653713, 2.80961441994, 3.16952371597, 3.92417240143, 4.06349229813, 5.52634906769, 5.66566896439, 7.17496585846, 7.31428575516],
    "histogram": [[0, 0, 0, 0, 0, 0, 0, 0, 0, 0, 0, 0, 0, 0, 0, 0, 0, 0, 0, 0, 0, 0, 0, 0, 0, 0, 0, 0, 0, 0, 0, 0, 0, 0, 0, 0, 0, 0, 0, 0, 0, 0, 0, 0, 0, 0, 0, 0, 0, 0, 0, 0, 0, 0, 0, 0, 0, 0, 0, 0, 0, 0, 0, 0, 0, 0, 0, 0, 0, 0, 0, 0, 0.111111111939, 0, 0.555555582047, 0.222222223878, 0.111111111939, 0, 0, 0, 0, 0, 0, 0, 0, 0, 0, 0, 0, 0, 0, 0, 0, 0, 0, 0, 0, 0, 0, 0, 0, 0, 0, 0, 0, 0, 0, 0, 0, 0, 0, 0, 0, 0, 0, 0, 0, 0, 0, 0, 0, 0, 0, 0, 0, 0, 0, 0, 0, 0, 0, 0, 0, 0, 0, 0, 0, 0, 0, 0, 0, 0, 0, 0, 0, 0, 0, 0, 0, 0, 0, 0, 0, 0, 0, 0, 0, 0, 0, 0, 0, 0, 0, 0, 0, 0, 0, 0, 0, 0, 0, 0, 0, 0, 0, 0, 0, 0, 0, 0, 0, 0, 0, 0, 0, 0, 0, 0, 0, 0, 0, 0, 0, 0, 0, 0, 0, 0, 0, 0, 0, 0, 0, 0, 0, 0, 0, 0, 0, 0, 0, 0, 0, 0, 0, 0, 0, 0, 0, 0, 0, 0, 0, 0, 0, 0, 0, 0, 0, 0, 0, 0, 0, 0, 0, 0, 0, 0, 0, 0, 0, 0, 0, 0, 0, 0, 0, 0, 0, 0]]
},
"sfx": {
    "inharmonicity": {
        "kurt": -0.576628446579,
        "max": 0.366751998663,
        "mean": 0.132484227419,
        "median": 0.110341101885,
        "min": 0,
        "skew": 0.603608727455,
        "var": 0.00787224806845
    },
    "oddtoevenharmonicenergyratio": {
        "kurt": 367.991455078,
        "max": 139.048751831,
        "mean": 1.25063073635,
        "median": 0.67748016119,
        "min": 0,
        "skew": 19.1337852478,
        "var": 50.5059661865
    },
    "pitch_after_max_to_before_max_energy_ratio": 1.10058641434,
    "pitch_centroid": 178.200271606,
    "pitch_max_to_total": 0.17060367763,
    "pitch_min_to_total": 0.299212604761,
    "tristimulus": {
        "kurt": [3.83378076553, 0.978800535202, -0.153550863266],
        "max": [1, 0.682581782341, 0.902330219746],
        "mean": [0.201029956341, 0.34761428833, 0.451355934143],
        "median": [0.183745831251, 0.353168576956, 0.453353375196],
        "min": [0, 0, 0],
        "skew": [1.34760379791, -0.366501152515, 0.149045795202],
        "var": [0.0250827111304, 0.0103554623201, 0.0267459470779],
        "cov": [[0.0251487176865, -0.00435754656792, -0.0207911711186], [-0.00435754656792, 0.01038271375, -0.00602516485378], [-0.0207911711186, -0.00602516485378, 0.0268163308501]]
    }
},
"tonal": {
    "chords_changes_rate": 0.109947644174,
    "chords_number_rate": 0.0366492159665,
    "chords_strength": {
        "kurt": -0.941085100174,
        "max": 0.604838192463,
        "mean": 0.418522030115,
        "median": 0.420392304659,
        "min": 0.238365799189,
        "skew": 0.081416092813,
        "var": 0.00830001477152
    },
    "key_strength": 0.476066619158,
    "tuning_diatonic_strength": 0.465534359217,
    "tuning_equal_tempered_deviation": 0.224813580513,
    "tuning_frequency": 445.884552002,
    "tuning_nontempered_energy_ratio": 0.888773202896,
    "hpcp": {
        "kurt": [-0.413056135178, -0.474748134613, 0.542801856995, -0.0507826805115, 0.0858490467072, 0.0743930339813, 0.163165092468, -0.266260623932, -0.624310970306, -0.253279447556, 0.108069896698, 0.811815500259, 0.0475897789001, 1.65535116196, 1.27904415131, 0.338931560516, 0.834309101105, 0.666933059692, -0.205329418182, 0.0827584266663, 0.685693979263, 0.884450912476, 0.716290235519, 1.07352209091, 1.60396623611, 1.52774810791, 1.20826101303, 0.814820766449, 0.286972522736, 0.688292503357, 0.390174150467, 0.693057775497, 0.482879638672, 0.82932472229, -0.0119814872742, -1.04334461689],
        "max": [1, 0.976904094219, 1, 1, 1, 1, 1, 1, 1, 1, 1, 1, 1, 1, 1, 1, 1, 1, 1, 1, 1, 1, 1, 1, 1, 1, 1, 1, 1, 1, 1, 1, 1, 1, 1, 1],
        "mean": [0.424722552299, 0.330086261034, 0.348197668791, 0.400357872248, 0.394076377153, 0.365678846836, 0.35825034976, 0.380281031132, 0.415980875492, 0.408092409372, 0.360449314117, 0.326194733381, 0.31191277504, 0.310261696577, 0.345329523087, 0.374126821756, 0.344737499952, 0.347522109747, 0.395682096481, 0.391727149487, 0.3487213552, 0.338224560022, 0.326392054558, 0.305680990219, 0.308378756046, 0.299275904894, 0.298498600721, 0.321364849806, 0.35016182065, 0.360646307468, 0.367741554976, 0.357066184282, 0.339962691069, 0.35467261076, 0.405719786882, 0.473654687405],
