{
"metadata": {
    "version": {
        "essentia": "2.1-beta3"
    }
},
"lowLevel": {
    "average_loudness": 0.99068403244,
    "barkbands_kurtosis": {
        "kurt": 4.57839536667,
        "max": 10.8513145447,
        "mean": 0.853300213814,
        "median": 0.376992940903,
        "min": -1.6845896244,
        "skew": 1.70118510723,
        "var": 4.85119009018
    },
    "barkbands_skewness": {
        "kurt": -0.421215295792,
        "max": 2.20131421089,
        "mean": -0.176142394543,
        "median": -0.369375556707,
        "min": -2.11435222626,
        "skew": 0.542811393738,
        "var": 0.977833330631
    },
    "barkbands_spread": {
        "kurt": -1.03312110901,
        "max": 39.2562446594,
        "mean": 17.1329975128,
        "median": 16.4852771759,
        "min": 2.73749279976,
        "skew": 0.401714235544,
        "var": 108.402351379
    },
    "dissonance": {
        "kurt": 14.0503005981,
        "max": 0.499956190586,
        "mean": 0.486064225435,
        "median": 0.494632363319,
        "min": 0.36663761735,
        "skew": -3.36758756638,
        "var": 0.000460134178866
    },
    "hfc": {
        "kurt": 40.8276786804,
        "max": 358.168334961,
        "mean": 14.5670833588,
        "median": 1.63561022282,
        "min": 2.98454142467e-06,
        "skew": 6.1070523262,
        "var": 2187.7421875
    },
    "pitch": {
        "kurt": -1.62575733662,
        "max": 4261.9296875,
        "mean": 1779.55065918,
        "median": 1289.53674316,
        "min": 161.696548462,
        "skew": 0.231970086694,
        "var": 2035964
    },
    "pitch_instantaneous_confidence": {
        "kurt": 0.665084600449,
        "max": 0.557082295418,
        "mean": 0.281273961067,
        "median": 0.268795728683,
        "min": 0.132204353809,
        "skew": 0.920397102833,
        "var": 0.00741177517921
    },
    "pitch_salience": {
        "kurt": 1.24233865738,
        "max": 0.918614625931,
        "mean": 0.773177266121,
        "median": 0.778825044632,
        "min": 0.603933572769,
        "skew": -0.688672959805,
        "var": 0.00316925533116
    },
    "silence_rate_20dB": {
        "kurt": 0,
        "max": 1,
        "mean": 1,
        "median": 1,
        "min": 1,
        "skew": 0,
        "var": 0
    },
    "silence_rate_30dB": {
        "kurt": 0,
        "max": 1,
        "mean": 1,
        "median": 1,
        "min": 1,
        "skew": 0,
        "var": 0
    },
    "silence_rate_60dB": {
        "kurt": -1.35299897194,
        "max": 1,
        "mean": 0.686567187309,
        "median": 1,
        "min": 0,
        "skew": -0.804362356663,
        "var": 0.215192556381
    },
    "spectral_centroid": {
        "kurt": -1.43022942543,
        "max": 4019.30566406,
        "mean": 2178.68066406,
        "median": 1901.88964844,
        "min": 309.859893799,
        "skew": 0.129337117076,
        "var": 1230792.125
    },
    "spectral_complexity": {
        "kurt": 0.699128627777,
        "max": 45,
        "mean": 9.65671634674,
        "median": 3,
        "min": 0,
        "skew": 1.42987143993,
        "var": 184.076156616
    },
    "spectral_crest": {
        "kurt": 1.57674598694,
        "max": 14.6172027588,
        "mean": 6.48192358017,
        "median": 5.89326143265,
        "min": 3.28368473053,
        "skew": 1.26320934296,
        "var": 6.46594810486
    },
    "spectral_decrease": {
        "kurt": 8.29757785797,
        "max": -1.60469968341e-16,
        "mean": -1.64464930563e-09,
        "median": -2.37633468458e-10,
        "min": -1.83855028979e-08,
        "skew": -2.92274999619,
        "var": 1.30085343078e-17
    },
    "spectral_energy": {
        "kurt": 13.5690040588,
        "max": 0.101877957582,
        "mean": 0.00752856209874,
        "median": 0.00102371501271,
        "min": 8.76357486579e-10,
        "skew": 3.44350409508,
        "var": 0.000287092494546
    },
    "spectral_energyband_high": {
        "kurt": 38.8002662659,
        "max": 0.0282460972667,
        "mean": 0.000910512695555,
        "median": 2.46881263593e-05,
        "min": 2.80121398299e-10,
        "skew": 6.05996608734,
        "var": 1.43226152431e-05
    },
    "spectral_energyband_low": {
        "kurt": 45.973449707,
        "max": 0.00858242250979,
        "mean": 0.000276230246527,
        "median": 2.62179128185e-06,
        "min": 5.74819228674e-12,
        "skew": 6.56822967529,
        "var": 1.20653635349e-06
    },
    "spectral_energyband_middle_high": {
        "kurt": 39.0115432739,
        "max": 0.0734994485974,
        "mean": 0.00335913337767,
        "median": 0.000689553038683,
        "min": 5.7401416953e-10,
        "skew": 5.91983366013,
        "var": 9.31118411245e-05
    },
    "spectral_energyband_middle_low": {
        "kurt": 10.8507089615,
        "max": 0.0441570132971,
        "mean": 0.00313441059552,
        "median": 0.000159595467267,
        "min": 2.50560058812e-11,
        "skew": 3.39702892303,
        "var": 8.19276392576e-05
    },
    "spectral_flatness_db": {
        "kurt": -0.638770341873,
        "max": 0.296176999807,
        "mean": 0.168636828661,
        "median": 0.156501561403,
        "min": 0.0853720828891,
        "skew": 0.531627595425,
        "var": 0.00223149056546
    },
    "spectral_flux": {
        "kurt": 2.70617198944,
        "max": 0.264341771603,
        "mean": 0.0484138727188,
        "median": 0.0247309636325,
        "min": 0.000441418756964,
        "skew": 1.73760426044,
        "var": 0.00311361509375
    },
    "spectral_kurtosis": {
        "kurt": -0.252821922302,
        "max": 10.0527935028,
        "mean": 4.83695173264,
        "median": 4.96208524704,
        "min": 1.09988451004,
        "skew": 0.165846794844,
        "var": 3.43660116196
    },
    "spectral_rms": {
        "kurt": 3.27693557739,
        "max": 0.00996961072087,
        "mean": 0.00172474700958,
        "median": 0.000999373034574,
        "min": 9.24652852063e-07,
        "skew": 1.91146492958,
        "var": 4.37018479715e-06
    },
    "spectral_rolloff": {
        "kurt": -0.720855236053,
        "max": 5512.5,
        "mean": 3334.75366211,
        "median": 3273.046875,
        "min": 430.6640625,
        "skew": -0.279767483473,
        "var": 1531467
    },
    "spectral_skewness": {
        "kurt": -0.632378816605,
        "max": 2.9468331337,
        "mean": 1.8486815691,
        "median": 1.85382771492,
        "min": 1.15958917141,
        "skew": 0.334260225296,
        "var": 0.158575430512
    },
    "spectral_spread": {
        "kurt": 11.096944809,
        "max": 11722790,
        "mean": 5496508.5,
        "median": 5299090,
        "min": 3670464,
        "skew": 2.59276914597,
        "var": 1.31982648934e+12
    },
    "spectral_strongpeak": {
        "kurt": 19.4297409058,
        "max": 4.79744243622,
        "mean": 0.402434200048,
        "median": 0.161526307464,
        "min": 0.00010849397222,
        "skew": 4.06889438629,
        "var": 0.531866788864
    },
    "zerocrossingrate": {
        "kurt": -1.3312253952,
        "max": 0.2001953125,
        "mean": 0.110533758998,
        "median": 0.1005859375,
        "min": 0.03076171875,
        "skew": 0.206117883325,
        "var": 0.00246842065826
    },
    "barkbands": {
        "kurt": [23.1035251617, 48.7800445557, 42.2185707092, 23.1036491394, 10.5129299164, 24.5317440033, 11.1253404617, 14.2413768768, 10.4950017929, 7.94299697876, 10.3996944427, 9.67648887634, 8.06696510315, 15.5045108795, 7.43155288696, 26.6080989838, 50.0565910339, 28.3803100586, 29.5060539246, 38.5465736389, 43.4961547852, 34.4083099365, 43.9109344482, 38.5978622437, 23.5967292786, 25.6613883972, 30.4571990967],
        "max": [1.35217114803e-05, 0.00120160891674, 0.00338379014283, 0.0106130577624, 0.0210920572281, 0.0191093627363, 0.00287174223922, 0.00191726174671, 0.00148493261077, 0.00112320878543, 0.000902219791897, 0.000895361532457, 0.000703800586052, 0.00136221316643, 0.00159087229986, 0.00591239053756, 0.0263004153967, 0.0121894553304, 0.0131381424144, 0.015584571287, 0.014939266257, 0.00569712696597, 0.00179150293116, 0.00098637805786, 0.000512853963301, 5.99532140768e-05, 4.34799204641e-07],
        "mean": [5.35207163921e-07, 3.24097527482e-05, 0.000110170498374, 0.000437081034761, 0.00138194474857, 0.000853165925946, 0.000202309835004, 0.000114204260171, 0.000117799005238, 0.000103103659058, 7.67191741033e-05, 9.22077451833e-05, 8.28079500934e-05, 0.000104910242953, 0.00016929708363, 0.00033540991717, 0.000791083439253, 0.000636488199234, 0.000615475990344, 0.000563070003409, 0.000418015173636, 0.000183178286534, 5.16598483955e-05, 3.15720026265e-05, 2.16711432586e-05, 2.26265638048e-06, 1.41826674849e-08],
        "median": [7.20960846579e-10, 1.84770513556e-07, 5.83957387335e-07, 1.57932095135e-06, 1.82437761396e-05, 2.27115488087e-05, 1.22329383885e-05, 7.93727849668e-06, 9.85694532574e-06, 2.34818453464e-05, 2.09253612411e-05, 3.63249782822e-05, 2.41420621023e-05, 2.91706073767e-05, 4.98376939504e-05, 6.89159423928e-05, 5.36070510861e-05, 6.85525446897e-05, 4.70678314741e-05, 1.90847022168e-05, 7.73256942921e-06, 2.29567626775e-06, 1.0845470797e-06, 2.05077731152e-06, 8.36373374113e-07, 1.25351974134e-07, 1.35761554776e-10],
        "min": [1.68581064364e-13, 1.06766342729e-12, 2.12857119083e-12, 3.52277148424e-12, 5.55442931233e-12, 2.91171535667e-12, 2.74480568482e-12, 3.52522546744e-12, 2.94971620914e-12, 1.8736146315e-11, 2.16748979875e-11, 1.52921807162e-11, 1.37564248187e-11, 9.73457425779e-12, 1.48515349324e-11, 5.30131008536e-11, 1.94446195256e-10, 5.58797487449e-11, 8.38414337956e-11, 1.97849417405e-10, 1.05573209896e-10, 2.35418559646e-11, 1.1767366595e-11, 1.3228121723e-11, 1.35891835978e-11, 2.18243999262e-12, 2.05836866649e-13],
        "skew": [4.862803936, 6.88755130768, 6.29470777512, 4.72200202942, 3.26913619041, 5.01752996445, 3.52894425392, 3.81846189499, 3.36581325531, 3.01755332947, 3.24352478981, 3.06247925758, 2.79093194008, 3.78750824928, 2.71947479248, 4.80108547211, 6.96782588959, 4.96614313126, 5.15213489532, 5.97355413437, 6.48007774353, 5.71235513687, 6.46853494644, 6.0933470726, 4.95463895798, 5.16330385208, 5.45833539963],
        "var": [5.05255993294e-12, 2.33046861808e-08, 1.95961632699e-07, 2.67011319011e-06, 1.55553952936e-05, 1.05526687548e-05, 3.60627126383e-07, 1.18751842137e-07, 9.38390556371e-08, 5.74927447872e-08, 2.85407377731e-08, 2.87134032106e-08, 1.93532070369e-08, 5.04020789549e-08, 9.43338633874e-08, 7.16697513781e-07, 1.09408165372e-05, 2.95878658108e-06, 3.43921988133e-06, 4.31957460023e-06, 3.81997961085e-06, 6.2152071223e-07, 5.43456657454e-08, 1.76486718573e-08, 7.83604559018e-09, 9.54523335372e-11, 3.96401636084e-15],
        "cov": [[5.12911371361e-12, 2.13668763238e-10, 6.96464205752e-11, 3.4461933307e-10, 3.93813914812e-09, 2.14014783673e-09, 7.58083762431e-10, 2.66412142347e-10, 2.18635845539e-10, 2.40618136527e-10, 1.32596378322e-10, 1.36227043535e-10, 7.01505797895e-11, 1.82567128082e-10, 1.58198773526e-10, 1.90955543045e-10, -2.02021607776e-10, 3.97411131781e-11, -6.66666305493e-11, -1.91706733821e-10, -1.91018964535e-10, -8.80788705859e-11, -2.31004954748e-11, -7.50077951139e-12, -7.69640427778e-12, -7.91452949185e-13, -6.81165134402e-15], [2.13668763238e-10, 2.3657788617e-08, 2.58252708107e-08, 6.36228918438e-08, 7.6929119075e-08, 1.0868640743e-07, 4.69968641781e-09, 9.94201965199e-09, 7.19955650652e-09, 7.58827312097e-09, 5.65381741424e-09, 8.77898864715e-11, 8.84009920821e-10, 3.37021988095e-09, 2.80738920999e-09, -6.27684293431e-11, -1.81858190729e-08, -1.14447900046e-08, -1.00856540897e-08, -1.43971776723e-08, -1.25748638169e-08, -5.59392088206e-09, -1.50265899723e-09, -7.45317196849e-10, -5.49355338997e-10, -6.17211975973e-11, -4.40335078513e-13], [6.96464205752e-11, 2.58252708107e-08, 1.98930749207e-07, 6.33574984477e-07, 8.58084035826e-07, 1.00407885384e-06, 5.35190736173e-08, 1.01226198979e-07, 7.018128656e-08, 6.85880578999e-08, 5.28152703794e-08, 1.11607683095e-08, 1.71474656696e-08, 3.43300250449e-08, 4.96572987174e-08, 5.66151925341e-08, -2.69150017829e-08, 4.76197481447e-09, 1.88560456138e-08, -2.7496954047e-08, -3.80109135278e-08, -1.7260672891e-08, -4.18768442145e-09, -1.20558918404e-09, -1.16912324266e-09, -1.56876150958e-10, -1.39379241655e-12], [3.4461933307e-10, 6.36228918438e-08, 6.33574984477e-07, 2.71056933343e-06, 4.55424969914e-06, 4.01530769523e-06, 4.70852683065e-07, 4.64798205257e-07, 4.11295843605e-07, 3.22887274251e-07, 2.50135343549e-07, 9.89612161106e-08, 9.88581945194e-08, 1.46168176229e-07, 3.02353527104e-07, 4.54293086705e-07, 8.59603161985e-08, 2.40182259859e-07, 4.04315613878e-07, 5.52405410303e-08, -1.32881581294e-07, -6.07472188108e-08, -1.12481792769e-08, 9.47232514648e-10, -3.38604566608e-09, -4.58805632375e-10, -4.93533078988e-12], [3.93813914812e-09, 7.6929119075e-08, 8.58084035826e-07, 4.55424969914e-06, 1.57910835696e-05, 8.82712993189e-06, 2.20712445298e-06, 9.043466207e-07, 1.02498620436e-06, 7.99922361239e-07, 5.37402968348e-07, 3.99073059043e-07, 3.11071602255e-07, 3.69438595271e-07, 7.92834157437e-07, 1.16939679629e-06, 2.51668392792e-08, 7.21091225842e-07, 6.15645319613e-07, -1.37678014767e-07, -4.16836456907e-07, -2.00605498435e-07, -4.45047696473e-08, -4.21267642992e-09, -1.37474582829e-08, -1.56782431482e-09, -1.51879342436e-11], [2.14014783673e-09, 1.0868640743e-07, 1.00407885384e-06, 4.01530769523e-06, 8.82712993189e-06, 1.07125570139e-05, 1.19271032872e-06, 9.02963734006e-07, 7.83809184668e-07, 5.07953245688e-07, 4.24504065677e-07, 3.24871081148e-07, 2.67835901013e-07, 2.52675164347e-07, 5.30705278834e-07, 6.62412162455e-07, 5.24672074675e-08, 6.85390830313e-07, 3.69396190081e-07, -1.18653190384e-07, -2.44067820176e-07, -1.14452717526e-07, -2.81466849827e-08, -1.04727493344e-09, -6.43017994406e-09, -8.11853195781e-10, -9.39188830873e-12], [7.58083762431e-10, 4.69968641781e-09, 5.35190736173e-08, 4.70852683065e-07, 2.20712445298e-06, 1.19271032872e-06, 3.660911716e-07, 1.24199587503e-07, 1.47254439753e-07, 1.09908256718e-07, 7.12820522608e-08, 6.98594035953e-08, 5.04117174671e-08, 5.11639228762e-08, 1.11021250859e-07, 1.72221248818e-07, 2.81198904162e-08, 1.27349537138e-07, 8.94027323284e-08, -1.02137791558e-08, -4.69156411498e-08, -2.41767494913e-08, -5.03032682175e-09, 2.27501836814e-10, -1.57967483538e-09, -1.72231076623e-10, -1.79556077038e-12], [2.66412142347e-10, 9.94201965199e-09, 1.01226198979e-07, 4.64798205257e-07, 9.043466207e-07, 9.02963734006e-07, 1.24199587503e-07, 1.20551106875e-07, 9.36318258482e-08, 7.30139078087e-08, 5.4971053487e-08, 3.53637155115e-08, 2.85696906133e-08, 4.31082689545e-08, 6.84937262463e-08, 1.15140814216e-07, 4.08068387969e-08, 7.8623251909e-08, 1.18780505431e-07, 2.42509674564e-08, -2.88022867778e-08, -1.30115402897e-08, -2.13315720643e-09, 7.67215568853e-10, -7.46800621343e-10, -8.23219409307e-11, -1.13033291494e-12], [2.18635845539e-10, 7.19955650652e-09, 7.018128656e-08, 4.11295843605e-07, 1.02498620436e-06, 7.83809184668e-07, 1.47254439753e-07, 9.36318258482e-08, 9.52608587568e-08, 6.29510665817e-08, 4.83202597934e-08, 3.63603547271e-08, 2.85209278417e-08, 3.20447206548e-08, 6.99756625977e-08, 1.20199132425e-07, 5.62274955485e-08, 9.61774020425e-08, 1.24176125382e-07, 3.15700532383e-08, -1.97584295591e-08, -9.99538940505e-09, -1.19935228415e-09, 1.27616273105e-09, -5.83651127428e-10, -6.45311096226e-11, -8.56325264604e-13], [2.40618136527e-10, 7.58827312097e-09, 6.85880578999e-08, 3.22887274251e-07, 7.99922361239e-07, 5.07953245688e-07, 1.09908256718e-07, 7.30139078087e-08, 6.29510665817e-08, 5.83638453122e-08, 3.92231207513e-08, 2.31407941698e-08, 1.91317877096e-08, 3.2139453765e-08, 5.06705113423e-08, 8.60598703412e-08, 4.2149149948e-08, 4.92514686812e-08, 7.37115826155e-08, 2.24076721622e-08, -7.1435306559e-09, -4.79053507974e-09, -1.21434445832e-10, 1.21988108504e-09, -1.12417811171e-10, -2.00758402957e-11, -3.92783543321e-13], [1.32596378322e-10, 5.65381741424e-09, 5.28152703794e-08, 2.50135343549e-07, 5.37402968348e-07, 4.24504065677e-07, 7.12820522608e-08, 5.4971053487e-08, 4.83202597934e-08, 3.92231207513e-08, 2.89731740821e-08, 1.74162266831e-08, 1.43516301065e-08, 2.13065067811e-08, 3.71599284676e-08, 6.21624849373e-08, 3.03778477928e-08, 4.39750920123e-08, 6.09875883129e-08, 1.92679028288e-08, -5.83138737298e-09, -2.90490564936e-09, -7.55489074078e-11, 9.48115808086e-10, 4.06900207972e-11, -2.86273121094e-13, -2.54494640422e-13], [1.36227043535e-10, 8.77898864715e-11, 1.11607683095e-08, 9.89612161106e-08, 3.99073059043e-07, 3.24871081148e-07, 6.98594035953e-08, 3.53637155115e-08, 3.63603547271e-08, 2.31407941698e-08, 1.74162266831e-08, 2.91484543169e-08, 2.27087078031e-08, 2.859002457e-08, 4.45336318933e-08, 1.11604833819e-07, 3.13813785624e-07, 1.88183761907e-07, 1.92662412246e-07, 1.84169650197e-07, 1.57832317882e-07, 6.08606498531e-08, 1.935454641e-08, 1.14820650765e-08, 5.81145620515e-09, 5.97886851139e-10, 4.6091958375e-12], [7.01505797895e-11, 8.84009920821e-10, 1.71474656696e-08, 9.88581945194e-08, 3.11071602255e-07, 2.67835901013e-07, 5.04117174671e-08, 2.85696906133e-08, 2.85209278417e-08, 1.91317877096e-08, 1.43516301065e-08, 2.27087078031e-08, 1.96464373659e-08, 2.32056187599e-08, 3.7175446721e-08, 9.52741388005e-08, 2.82916431615e-07, 1.63687104759e-07, 1.67678990692e-07, 1.67783284155e-07, 1.4869124243e-07, 5.60771482583e-08, 1.79675030409e-08, 1.05841380105e-08, 5.55599877217e-09, 5.75997360919e-10, 4.36500054851e-12], [1.82567128082e-10, 3.37021988095e-09, 3.43300250449e-08, 1.46168176229e-07, 3.69438595271e-07, 2.52675164347e-07, 5.11639228762e-08, 4.31082689545e-08, 3.20447206548e-08, 3.2139453765e-08, 2.13065067811e-08, 2.859002457e-08, 2.32056187599e-08, 5.11657454183e-08, 5.81537733524e-08, 1.63478603099e-07, 5.38408244211e-07, 2.72300468396e-07, 3.11023512722e-07, 3.23724037798e-07, 2.88680979565e-07, 1.09206261811e-07, 3.50685134265e-08, 2.01922318865e-08, 1.03095914028e-08, 1.06257136423e-09, 8.36761649553e-12], [1.58198773526e-10, 2.80738920999e-09, 4.96572987174e-08, 3.02353527104e-07, 7.92834157437e-07, 5.30705278834e-07, 1.11021250859e-07, 6.84937262463e-08, 6.99756625977e-08, 5.06705113423e-08, 3.71599284676e-08, 4.45336318933e-08, 3.7175446721e-08, 5.81537733524e-08, 9.5763162733e-08, 2.39081543896e-07, 6.63817161239e-07, 3.9102599203e-07, 4.21198166123e-07, 4.29986130257e-07, 3.68836907683e-07, 1.40784564451e-07, 4.45737953214e-08, 2.68561848316e-08, 1.51053392017e-08, 1.60120106063e-09, 1.12769776156e-11], [1.90955543045e-10, -6.27684293431e-11, 5.66151925341e-08, 4.54293086705e-07, 1.16939679629e-06, 6.62412162455e-07, 1.72221248818e-07, 1.15140814216e-07, 1.20199132425e-07, 8.60598703412e-08, 6.21624849373e-08, 1.11604833819e-07, 9.52741388005e-08, 1.63478603099e-07, 2.39081543896e-07, 7.27556596303e-07, 2.48010883297e-06, 1.31282217808e-06, 1.44216903664e-06, 1.54456961354e-06, 1.37462882321e-06, 5.24613028574e-07, 1.66526888279e-07, 9.59391144306e-08, 5.27653405413e-08, 5.531809677e-09, 4.12927747551e-11], [-2.02021607776e-10, -1.81858190729e-08, -2.69150017829e-08, 8.59603161985e-08, 2.51668392792e-08, 5.24672074675e-08, 2.81198904162e-08, 4.08068387969e-08, 5.62274955485e-08, 4.2149149948e-08, 3.03778477928e-08, 3.13813785624e-07, 2.82916431615e-07, 5.38408244211e-07, 6.63817161239e-07, 2.48010883297e-06, 1.11065864985e-05, 5.40311521036e-06, 5.89275123275e-06, 6.55426447338e-06, 6.05695458944e-06, 2.33691207541e-06, 7.36665640488e-07, 4.01147360662e-07, 2.18094783122e-07, 2.21115836752e-08, 1.78764031356e-10], [3.97411131781e-11, -1.14447900046e-08, 4.76197481447e-09, 2.40182259859e-07, 7.21091225842e-07, 6.85390830313e-07, 1.27349537138e-07, 7.8623251909e-08, 9.61774020425e-08, 4.92514686812e-08, 4.39750920123e-08, 1.88183761907e-07, 1.63687104759e-07, 2.72300468396e-07, 3.9102599203e-07, 1.31282217808e-06, 5.40311521036e-06, 3.00361671179e-06, 3.08848575514e-06, 3.49841661773e-06, 3.16340401696e-06, 1.26167014969e-06, 3.83490089462e-07, 2.15648796598e-07, 1.32532775865e-07, 1.38620643853e-08, 9.95517210334e-11], [-6.66666305493e-11, -1.00856540897e-08, 1.88560456138e-08, 4.04315613878e-07, 6.15645319613e-07, 3.69396190081e-07, 8.94027323284e-08, 1.18780505431e-07, 1.24176125382e-07, 7.37115826155e-08, 6.09875883129e-08, 1.92662412246e-07, 1.67678990692e-07, 3.11023512722e-07, 4.21198166123e-07, 1.44216903664e-06, 5.89275123275e-06, 3.08848575514e-06, 3.49132915289e-06, 3.63114463653e-06, 3.18139700539e-06, 1.25289534481e-06, 3.91043897707e-07, 2.15205034237e-07, 1.2249232384e-07, 1.24606716057e-08, 9.63201879367e-11], [-1.91706733821e-10, -1.43971776723e-08, -2.7496954047e-08, 5.52405410303e-08, -1.37678014767e-07, -1.18653190384e-07, -1.02137791558e-08, 2.42509674564e-08, 3.15700532383e-08, 2.24076721622e-08, 1.92679028288e-08, 1.84169650197e-07, 1.67783284155e-07, 3.23724037798e-07, 4.29986130257e-07, 1.54456961354e-06, 6.55426447338e-06, 3.49841661773e-06, 3.63114463653e-06, 4.38502274847e-06, 4.05906121159e-06, 1.61822151767e-06, 4.8749097914e-07, 2.75908519143e-07, 1.69620335555e-07, 1.79057426664e-08, 1.2848140607e-10], [-1.91018964535e-10, -1.25748638169e-08, -3.80109135278e-08, -1.32881581294e-07, -4.16836456907e-07, -2.44067820176e-07, -4.69156411498e-08, -2.88022867778e-08, -1.97584295591e-08, -7.1435306559e-09, -5.83138737298e-09, 1.57832317882e-07, 1.4869124243e-07, 2.88680979565e-07, 3.68836907683e-07, 1.37462882321e-06, 6.05695458944e-06, 3.16340401696e-06, 3.18139700539e-06, 4.05906121159e-06, 3.87785803468e-06, 1.52127961428e-06, 4.60177972172e-07, 2.61833775994e-07, 1.61162176937e-07, 1.7162177457e-08, 1.22271109904e-10], [-8.80788705859e-11, -5.59392088206e-09, -1.7260672891e-08, -6.07472188108e-08, -2.00605498435e-07, -1.14452717526e-07, -2.41767494913e-08, -1.30115402897e-08, -9.99538940505e-09, -4.79053507974e-09, -2.90490564936e-09, 6.08606498531e-08, 5.60771482583e-08, 1.09206261811e-07, 1.40784564451e-07, 5.24613028574e-07, 2.33691207541e-06, 1.26167014969e-06, 1.25289534481e-06, 1.61822151767e-06, 1.52127961428e-06, 6.30937677215e-07, 1.83319940561e-07, 1.03604754997e-07, 6.54267680034e-08, 6.8999144176e-09, 4.94414509333e-11], [-2.31004954748e-11, -1.50265899723e-09, -4.18768442145e-09, -1.12481792769e-08, -4.45047696473e-08, -2.81466849827e-08, -5.03032682175e-09, -2.13315720643e-09, -1.19935228415e-09, -1.21434445832e-10, -7.55489074078e-11, 1.935454641e-08, 1.79675030409e-08, 3.50685134265e-08, 4.45737953214e-08, 1.66526888279e-07, 7.36665640488e-07, 3.83490089462e-07, 3.91043897707e-07, 4.8749097914e-07, 4.60177972172e-07, 1.83319940561e-07, 5.51690853001e-08, 3.11049817014e-08, 1.89612876511e-08, 1.99930316747e-09, 1.45120417419e-11], [-7.50077951139e-12, -7.45317196849e-10, -1.20558918404e-09, 9.47232514648e-10, -4.21267642992e-09, -1.04727493344e-09, 2.27501836814e-10, 7.67215568853e-10, 1.27616273105e-09, 1.21988108504e-09, 9.48115808086e-10, 1.14820650765e-08, 1.05841380105e-08, 2.01922318865e-08, 2.68561848316e-08, 9.59391144306e-08, 4.01147360662e-07, 2.15648796598e-07, 2.15205034237e-07, 2.75908519143e-07, 2.61833775994e-07, 1.03604754997e-07, 3.11049817014e-08, 1.79160757341e-08, 1.12317808387e-08, 1.20457444019e-09, 8.38186551416e-12], [-7.69640427778e-12, -5.49355338997e-10, -1.16912324266e-09, -3.38604566608e-09, -1.37474582829e-08, -6.43017994406e-09, -1.57967483538e-09, -7.46800621343e-10, -5.83651127428e-10, -1.12417811171e-10, 4.06900207972e-11, 5.81145620515e-09, 5.55599877217e-09, 1.03095914028e-08, 1.51053392017e-08, 5.27653405413e-08, 2.18094783122e-07, 1.32532775865e-07, 1.2249232384e-07, 1.69620335555e-07, 1.61162176937e-07, 6.54267680034e-08, 1.89612876511e-08, 1.12317808387e-08, 7.95477372861e-09, 8.72575789401e-10, 5.50937550789e-12], [-7.91452949185e-13, -6.17211975973e-11, -1.56876150958e-10, -4.58805632375e-10, -1.56782431482e-09, -8.11853195781e-10, -1.72231076623e-10, -8.23219409307e-11, -6.45311096226e-11, -2.00758402957e-11, -2.86273121094e-13, 5.97886851139e-10, 5.75997360919e-10, 1.06257136423e-09, 1.60120106063e-09, 5.531809677e-09, 2.21115836752e-08, 1.38620643853e-08, 1.24606716057e-08, 1.79057426664e-08, 1.7162177457e-08, 6.8999144176e-09, 1.99930316747e-09, 1.20457444019e-09, 8.72575789401e-10, 9.6898586377e-11, 5.93243878501e-13], [-6.81165134402e-15, -4.40335078513e-13, -1.39379241655e-12, -4.93533078988e-12, -1.51879342436e-11, -9.39188830873e-12, -1.79556077038e-12, -1.13033291494e-12, -8.56325264604e-13, -3.92783543321e-13, -2.54494640422e-13, 4.6091958375e-12, 4.36500054851e-12, 8.36761649553e-12, 1.12769776156e-11, 4.12927747551e-11, 1.78764031356e-10, 9.95517210334e-11, 9.63201879367e-11, 1.2848140607e-10, 1.22271109904e-10, 4.94414509333e-11, 1.45120417419e-11, 8.38186551416e-12, 5.50937550789e-12, 5.93243878501e-13, 4.02407734955e-15]]
    },
    "mfcc": {
        "kurt": [-0.305714607239, -1.3117852211, -0.0749084949493, -0.178248643875, -0.94935297966, 0.59130692482, -0.745433092117, -0.778598070145, -0.472244024277, -0.206843852997, -0.682750225067, -0.7076151371, -0.55611038208],
        "max": [-556.925476074, 181.536178589, 16.5744934082, 53.6150779724, 24.7411117554, 16.2741641998, 19.9561767578, 12.8836574554, 15.3614654541, 4.80786895752, 7.75956726074, 11.6554794312, 11.1026153564],
        "mean": [-811.463867188, 53.8526191711, -62.0940933228, 18.1486377716, -2.08675336838, -15.0856256485, -2.12451076508, -8.95797729492, -9.68649291992, -10.9753332138, -11.1622228622, -4.72159576416, -5.79103517532],
        "median": [-780.923156738, 89.393119812, -57.6345252991, 20.5345191956, 0.963130950928, -14.0610122681, -1.98012924194, -8.13654327393, -10.6161956787, -8.52808570862, -9.73759841919, -4.7420425415, -6.60258674622],
        "min": [-1138.42004395, -82.2245941162, -143.028198242, -23.6396255493, -35.0801239014, -62.3352050781, -22.3563079834, -34.2266845703, -26.1958141327, -35.2617835999, -32.7609901428, -23.1414337158, -23.9941005707],
        "skew": [-0.652293145657, -0.367655754089, -0.130813971162, -0.352772861719, -0.286303818226, -0.372756719589, 0.0252938251942, -0.143000632524, 0.456960082054, -0.744800984859, -0.235212251544, -0.151558950543, 0.0374697595835],
        "var": [23547.34375, 5490.953125, 1017.98272705, 299.640533447, 276.526092529, 209.97694397, 102.010627747, 119.262626648, 96.4738235474, 113.324417114, 88.3672714233, 61.1992492676, 62.1277770996],
        "cov": [[23904.1210938, 4343.43994141, -1218.54248047, 627.173461914, 320.334411621, -943.871643066, -439.44329834, -388.703430176, -756.791687012, -275.387176514, -688.871582031, -564.385192871, -654.730957031], [4343.43994141, 5574.14892578, 1303.47497559, -105.974578857, 760.804992676, -670.930480957, -95.621711731, -318.806976318, -253.047790527, 169.300765991, -317.975158691, -276.495269775, -370.419250488], [-1218.54248047, 1303.47497559, 1033.40673828, 17.7916069031, 282.216186523, -70.2096481323, -27.3852558136, -20.9584178925, 40.7998275757, 84.7031936646, -66.3669509888, -55.3786354065, -60.3712997437], [627.173461914, -105.974578857, 17.7916069031, 304.180541992, 33.7456665039, 116.935905457, 1.04659593105, 50.3434524536, 4.73163890839, -45.250328064, -73.3757171631, -36.6042480469, -33.5234375], [320.334411621, 760.804992676, 282.216186523, 33.7456665039, 280.715881348, -53.7266693115, 45.3566856384, 41.6945304871, -12.9242181778, 89.5016098022, -70.87550354, -11.9098768234, -65.3598175049], [-943.871643066, -670.930480957, -70.2096481323, 116.935905457, -53.7266693115, 213.158416748, 74.2713775635, 87.3927536011, 72.7920761108, -16.3785667419, 32.6560630798, 22.1788368225, 35.4204559326], [-439.44329834, -95.621711731, -27.3852558136, 1.04659593105, 45.3566856384, 74.2713775635, 103.556243896, 72.5204162598, 41.5895652771, 47.8442306519, 10.2786235809, 10.8680429459, 1.12926757336], [-388.703430176, -318.806976318, -20.9584178925, 50.3434524536, 41.6945304871, 87.3927536011, 72.5204162598, 121.069641113, 51.7020606995, 33.9114151001, 5.27599525452, 30.5477752686, 5.1137304306], [-756.791687012, -253.047790527, 40.7998275757, 4.73163890839, -12.9242181778, 72.7920761108, 41.5895652771, 51.7020606995, 97.935546875, 37.8285484314, 32.1602668762, 24.6888694763, 26.3618927002], [-275.387176514, 169.300765991, 84.7031936646, -45.250328064, 89.5016098022, -16.3785667419, 47.8442306519, 33.9114151001, 37.8285484314, 115.0414505, 15.0244760513, 17.7873973846, -5.09956979752], [-688.871582031, -317.975158691, -66.3669509888, -73.3757171631, -70.87550354, 32.6560630798, 10.2786235809, 5.27599525452, 32.1602668762, 15.0244760513, 89.7061691284, 47.7042694092, 41.7539634705], [-564.385192871, -276.495269775, -55.3786354065, -36.6042480469, -11.9098768234, 22.1788368225, 10.8680429459, 30.5477752686, 24.6888694763, 17.7873973846, 47.7042694092, 62.1265106201, 34.6909408569], [-654.730957031, -370.419250488, -60.3712997437, -33.5234375, -65.3598175049, 35.4204559326, 1.12926757336, 5.1137304306, 26.3618927002, -5.09956979752, 41.7539634705, 34.6909408569, 63.0691070557]]
    },
    "sccoeffs": {
        "kurt": [-0.383874177933, 0.406181812286, -0.0661880970001, 0.208915710449, -0.647533655167, 0.471247673035],
        "max": [-0.363943427801, -0.617038607597, -0.737633287907, -0.760060369968, -0.731987893581, -0.689576506615],
        "mean": [-0.692188441753, -0.807114064693, -0.836568534374, -0.840899050236, -0.811743736267, -0.812997698784],
        "median": [-0.690345346928, -0.812971591949, -0.840585291386, -0.841684997082, -0.800476253033, -0.824475288391],
        "min": [-0.942288458347, -0.950268983841, -0.937633574009, -0.946638941765, -0.92134898901, -0.908844590187],
        "skew": [0.117590978742, 0.702456831932, 0.0394618958235, -0.420591980219, -0.537115633488, 0.808365166187],
        "var": [0.0193870402873, 0.00506342109293, 0.00182701577432, 0.00130562868435, 0.00216941046529, 0.00192897580564],
        "cov": [[0.0196807831526, 0.0060435696505, 0.00229151267558, 0.00330281001516, 0.00410436931998, -0.000546026509255], [0.0060435696505, 0.00514013972133, 0.00047016897588, 0.00128780736122, 0.00115588365588, -0.000552108744159], [0.00229151267558, 0.00047016897588, 0.00185469782446, 0.000843898626044, 0.00102200219408, 0.000637432851363], [0.00330281001516, 0.00128780736122, 0.000843898626044, 0.00132541102357, 0.00110463052988, 0.000192740364582], [0.00410436931998, 0.00115588365588, 0.00102200219408, 0.00110463052988, 0.0022022803314, 0.000383772450732], [-0.000546026509255, -0.000552108744159, 0.000637432851363, 0.000192740364582, 0.000383772450732, 0.00195820257068]]
    },
    "scvalleys": {
        "kurt": [-0.749356508255, -0.0111782550812, 0.865732908249, 2.0008392334, 1.65840864182, 1.33001995087],
        "max": [-5.38332557678, -4.47930669785, -5.25407314301, -4.97676277161, -4.51129102707, -6.31807851791],
        "mean": [-9.36258411407, -8.14210414886, -7.85217094421, -7.62617349625, -7.8056511879, -10.0117368698],
        "median": [-9.02925395966, -7.23220014572, -7.23610258102, -7.12951803207, -7.81592941284, -9.86413288116],
        "min": [-14.6451158524, -14.5392799377, -14.0566921234, -14.2153139114, -13.7418031693, -15.3570890427],
        "skew": [-0.289779305458, -0.917168259621, -1.17022025585, -1.41418516636, -0.903531253338, -0.845984578133],
        "var": [5.30916261673, 6.13280248642, 3.72467303276, 3.10394525528, 2.63507986069, 2.99430036545],
        "cov": [[5.38960456848, 5.22187376022, 3.93276691437, 3.17770242691, 2.20656943321, 2.38139081001], [5.22187376022, 6.22572374344, 4.63962745667, 3.91758084297, 2.84699845314, 3.14451789856], [3.93276691437, 4.63962745667, 3.78110742569, 3.27278161049, 2.516456604, 2.68264365196], [3.17770242691, 3.91758084297, 3.27278161049, 3.1509745121, 2.67082595825, 2.82329702377], [2.20656943321, 2.84699845314, 2.516456604, 2.67082595825, 2.67500543594, 2.77138066292], [2.38139081001, 3.14451789856, 2.68264365196, 2.82329702377, 2.77138066292, 3.03966856003]]
    }
},
"rhythm": {
    "beats_loudness": {
        "kurt": -1.40076160431,
        "max": 0.00603871094063,
        "mean": 0.00301504996605,
        "median": 0.00263802008703,
        "min": 0.000745448516682,
        "skew": 0.376415133476,
        "var": 4.2406513785e-06
    },
    "bpm": 166.708679199,
    "confidence": 0,
    "first_peak_bpm": {
        "kurt": 0,
        "max": 167,
        "mean": 167,
        "median": 167,
        "min": 167,
        "skew": 0,
        "var": 0
    },
    "first_peak_spread": {
        "kurt": 0,
        "max": 0,
        "mean": 0,
        "median": 0,
        "min": 0,
        "skew": 0,
        "var": 0
    },
    "first_peak_weight": {
        "kurt": 0,
        "max": 0.666666686535,
        "mean": 0.666666686535,
        "median": 0.666666686535,
        "min": 0.666666686535,
        "skew": 0,
        "var": 0
    },
    "onset_rate": 3.27272725105,
    "second_peak_bpm": {
        "kurt": 0,
        "max": 185,
        "mean": 185,
        "median": 185,
        "min": 185,
        "skew": 0,
        "var": 0
    },
    "second_peak_spread": {
        "kurt": 0,
        "max": 0,
        "mean": 0,
        "median": 0,
        "min": 0,
        "skew": 0,
        "var": 0
    },
    "second_peak_weight": {
        "kurt": 0,
        "max": 0.333333343267,
        "mean": 0.333333343267,
        "median": 0.333333343267,
        "min": 0.333333343267,
        "skew": 0,
        "var": 0
    },
    "beats_loudness_band_ratio": {
        "kurt": [-0.733025312424, -1.94613349438, -1.03019058704, -1.05007910728, -1.12593257427, -1.97249650955],
        "max": [0.185873031616, 0.229567587376, 0.248899564147, 0.293608427048, 0.385516345501, 0.705750405788],
        "mean": [0.0537790805101, 0.106145583093, 0.0849606618285, 0.117989376187, 0.296900361776, 0.390554368496],
        "median": [0.014618460089, 0.0974362641573, 0.0450031533837, 0.0797147452831, 0.296138286591, 0.397273153067],
        "min": [6.37671428194e-06, 0.00014222144091, 0.000936763361096, 0.0189195722342, 0.209808468819, 0.0619208179414],
        "skew": [1.07881915569, 0.0405311733484, 0.788832724094, 0.758281946182, 0.0338258184493, -0.0107614491135],
        "var": [0.00595270935446, 0.011357286945, 0.0101944869384, 0.0118305971846, 0.00398990884423, 0.089402154088],
        "cov": [[0.00793694611639, 0.00848000403494, 0.00173401273787, 0.00198193546385, 0.00465585151687, -0.0196786783636], [0.00848000403494, 0.0151430489495, 0.0108178826049, 0.0117417154834, 0.00113885069732, -0.0416925661266], [0.00173401273787, 0.0108178826049, 0.0135926492512, 0.0146218938753, -0.00462823966518, -0.034768242389], [0.00198193546385, 0.0117417154834, 0.0146218938753, 0.0157741289586, -0.00481190392748, -0.0377133339643], [0.00465585151687, 0.00113885069732, -0.00462823966518, -0.00481190392748, 0.00531987845898, 0.00130810821429], [-0.0196786783636, -0.0416925661266, -0.034768242389, -0.0377133339643, 0.00130810821429, 0.119202874601]]
    },
    "beats_position": [0.348299324512, 0.708208620548, 1.06811785698, 1.39319729805],
    "bpm_estimates": [166.70866394, 166.708694458],
    "bpm_intervals": [0.359909296036, 0.359909236431, 0.325079441071],
    "onset_times": [0.0348299331963, 0.603718817234, 0.835918366909, 0.96362811327, 1.369977355],
    "histogram": [[0, 0, 0, 0, 0, 0, 0, 0, 0, 0, 0, 0, 0, 0, 0, 0, 0, 0, 0, 0, 0, 0, 0, 0, 0, 0, 0, 0, 0, 0, 0, 0, 0, 0, 0, 0, 0, 0, 0, 0, 0, 0, 0, 0, 0, 0, 0, 0, 0, 0, 0, 0, 0, 0, 0, 0, 0, 0, 0, 0, 0, 0, 0, 0, 0, 0, 0, 0, 0, 0, 0, 0, 0, 0, 0, 0, 0, 0, 0, 0, 0, 0, 0, 0, 0, 0, 0, 0, 0, 0, 0, 0, 0, 0, 0, 0, 0, 0, 0, 0, 0, 0, 0, 0, 0, 0, 0, 0, 0, 0, 0, 0, 0, 0, 0, 0, 0, 0, 0, 0, 0, 0, 0, 0, 0, 0, 0, 0, 0, 0, 0, 0, 0, 0, 0, 0, 0, 0, 0, 0, 0, 0, 0, 0, 0, 0, 0, 0, 0, 0, 0, 0, 0, 0, 0, 0, 0, 0, 0, 0, 0, 0, 0, 0, 0, 0, 0, 0.666666686535, 0, 0, 0, 0, 0, 0, 0, 0, 0, 0, 0, 0, 0, 0, 0, 0, 0, 0.333333343267, 0, 0, 0, 0, 0, 0, 0, 0, 0, 0, 0, 0, 0, 0, 0, 0, 0, 0, 0, 0, 0, 0, 0, 0, 0, 0, 0, 0, 0, 0, 0, 0, 0, 0, 0, 0, 0, 0, 0, 0, 0, 0, 0, 0, 0, 0, 0, 0, 0, 0, 0, 0, 0, 0, 0, 0, 0, 0, 0, 0, 0, 0, 0, 0]]
},
"sfx": {
    "inharmonicity": {
        "kurt": 1.37956380844,
        "max": 0.336114108562,
        "mean": 0.0644703432918,
        "median": 0.029998857528,
        "min": 0,
        "skew": 1.43212008476,
        "var": 0.00707990862429
    },
    "oddtoevenharmonicenergyratio": {
        "kurt": 41.1974868774,
        "max": 18.8190555573,
        "mean": 0.920671284199,
        "median": 0.324336796999,
        "min": 0,
        "skew": 6.09744930267,
        "var": 5.90339374542
    },
    "pitch_after_max_to_before_max_energy_ratio": 0.461284458637,
    "pitch_centroid": 40.3009223938,
    "pitch_max_to_total": 0.865671634674,
    "pitch_min_to_total": 0.0895522385836,
    "tristimulus": {
        "kurt": [-1.79005897045, 0.0318288803101, -1.17875170708],
        "max": [1, 0.917262077332, 0.746363162994],
        "mean": [0.539700031281, 0.259362280369, 0.200937762856],
        "median": [0.32109361887, 0.20086067915, 0],
        "min": [0.0207013525069, 0, 0],
        "skew": [0.190699011087, 0.981885373592, 0.66673719883],
        "var": [0.151023194194, 0.0772080644965, 0.0632288306952],
        "cov": [[0.153311431408, -0.0837512463331, -0.0695602148771], [-0.0837512463331, 0.078377880156, 0.00537337968126], [-0.0695602148771, 0.00537337968126, 0.0641868412495]]
    }
},
"tonal": {
    "chords_changes_rate": 0.117647059262,
    "chords_number_rate": 0.147058829665,
    "chords_strength": {
        "kurt": -0.746407270432,
        "max": 0.59449493885,
        "mean": 0.460844963789,
        "median": 0.471833527088,
        "min": 0.324761599302,
        "skew": -0.240804582834,
        "var": 0.00585012556985
    },
    "key_strength": 0.41995871067,
    "tuning_diatonic_strength": 0.248494699597,
    "tuning_equal_tempered_deviation": 0.200895756483,
    "tuning_frequency": 434.695007324,
    "tuning_nontempered_energy_ratio": 0.874683380127,
    "hpcp": {
        "kurt": [-0.842789411545, -1.02759706974, -0.62198972702, -0.510903596878, 0.306864738464, -0.779972076416, -0.342364311218, -0.235988855362, 0.0164761543274, -0.515344142914, 0.0942542552948, -0.396126031876, -0.332304477692, -0.636217594147, -1.07889032364, -0.548080921173, -0.566900730133, -0.0840022563934, -0.86710858345, -0.945461273193, 0.555408716202, 0.291733980179, 0.315957546234, -0.476842403412, -1.07861590385, -0.773480176926, -0.362176895142, -0.463480234146, 0.467970848083, -1.0210955143, 0.0467166900635, 0.231224298477, -0.642960309982, 0.651200532913, -0.284377336502, -0.234122514725],
        "max": [1, 1, 0.922608554363, 0.800256490707, 1, 1, 1, 1, 0.875354170799, 0.895056962967, 1, 1, 1, 1, 1, 1, 0.9992634058, 1, 1, 1, 1, 0.995109140873, 1, 1, 0.822036862373, 0.770784139633, 1, 1, 0.971784055233, 0.687017321587, 1, 1, 0.854086637497, 1, 0.929163515568, 0.963880121708],
        "mean": [0.457357496023, 0.478459686041, 0.400415122509, 0.358782947063, 0.389018774033, 0.423895865679, 0.423562556505, 0.39755064249, 0.375396996737, 0.39303278923, 0.407796949148, 0.421509802341, 0.431710213423, 0.438394039869, 0.437072962523, 0.443840920925, 0.442581176758, 0.455197960138, 0.494148313999, 0.447614759207, 0.386333793402, 0.360677361488, 0.366555303335, 0.418105572462, 0.411527961493, 0.381026118994, 0.438240379095, 0.448920279741, 0.370392680168, 0.329031437635, 0.361233949661, 0.373380422592, 0.357632398605, 0.359779894352, 0.364086151123, 0.385862678289],
