{
"metadata": {
    "version": {
        "essentia": "2.1-beta3"
    }
},
"lowLevel": {
    "average_loudness": 0.99068403244,
    "barkbands_kurtosis": {
        "kurt": 13.4782600403,
        "max": 55.4762573242,
        "mean": 3.8552801609,
        "median": 0.601003050804,
        "min": -1.89284670353,
        "skew": 3.42496800423,
        "var": 86.2412490845
    },
    "barkbands_skewness": {
        "kurt": 1.47868919373,
        "max": 3.53265476227,
        "mean": 0.0103781400248,
        "median": 0.352870821953,
        "min": -6.85312080383,
        "skew": -1.1490483284,
        "var": 3.98436689377
    },
    "barkbands_spread": {
        "kurt": -0.965834856033,
        "max": 53.4543838501,
        "mean": 21.7808952332,
        "median": 21.1840114594,
        "min": 2.37382531166,
        "skew": 0.292067855597,
        "var": 172.985565186
    },
    "dissonance": {
        "kurt": 2.06438446045,
        "max": 0.499983459711,
        "mean": 0.471827238798,
        "median": 0.48429453373,
        "min": 0.377658188343,
        "skew": -1.5220760107,
        "var": 0.000793488812633
    },
    "hfc": {
        "kurt": 28.6017837524,
        "max": 104.316665649,
        "mean": 5.47403335571,
        "median": 0.259236544371,
        "min": 1.18551776854e-16,
        "skew": 4.79121875763,
        "var": 194.879852295
    },
    "pitch": {
        "kurt": -1.63203322887,
        "max": 5171.14599609,
        "mean": 2187.34423828,
        "median": 3306.32128906,
        "min": 85.7721939087,
        "skew": 0.140524744987,
        "var": 3479654.25
    },
    "pitch_instantaneous_confidence": {
        "kurt": -0.690467834473,
        "max": 0.92310577631,
        "mean": 0.431843698025,
        "median": 0.36647349596,
        "min": 0.122395813465,
        "skew": 0.752086341381,
        "var": 0.0478375777602
    },
    "pitch_salience": {
        "kurt": -0.0757410526276,
        "max": 0.917228937149,
        "mean": 0.772903323174,
        "median": 0.772415995598,
        "min": 0.633400142193,
        "skew": 0.209501355886,
        "var": 0.00386076210998
    },
    "silence_rate_20dB": {
        "kurt": 0,
        "max": 1,
        "mean": 1,
        "median": 1,
        "min": 1,
        "skew": 0,
        "var": 0
    },
    "silence_rate_30dB": {
        "kurt": 0,
        "max": 1,
        "mean": 1,
        "median": 1,
        "min": 1,
        "skew": 0,
        "var": 0
    },
    "silence_rate_60dB": {
        "kurt": 1.49608945847,
        "max": 1,
        "mean": 0.841463387012,
        "median": 1,
        "min": 0,
        "skew": -1.86978423595,
        "var": 0.13340292871
    },
    "spectral_centroid": {
        "kurt": 13.9353313446,
        "max": 10981.7998047,
        "mean": 1976.35058594,
        "median": 1692.05969238,
        "min": 476.578063965,
        "skew": 2.80362415314,
        "var": 2218817.25
    },
    "spectral_complexity": {
        "kurt": 3.2572426796,
        "max": 54,
        "mean": 7.12195110321,
        "median": 0,
        "min": 0,
        "skew": 2.14677166939,
        "var": 205.887786865
    },
    "spectral_crest": {
        "kurt": 0.12056851387,
        "max": 23.6164207458,
        "mean": 8.99725914001,
        "median": 7.74769163132,
        "min": 2.40857243538,
        "skew": 0.883013248444,
        "var": 21.4800243378
    },
    "spectral_decrease": {
        "kurt": 12.8943319321,
        "max": 8.42371123352e-29,
        "mean": -4.40876557484e-10,
        "median": -4.82395720591e-11,
        "min": -5.77305536709e-09,
        "skew": -3.24686336517,
        "var": 8.40523656219e-19
    },
    "spectral_energy": {
        "kurt": 16.678768158,
        "max": 0.0312506593764,
        "mean": 0.00216048047878,
        "median": 0.000194488224224,
        "min": 1.04350643731e-20,
        "skew": 3.63837075233,
        "var": 2.19878565986e-05
    },
    "spectral_energyband_high": {
        "kurt": 28.5709972382,
        "max": 0.00842424388975,
        "mean": 0.000410001986893,
        "median": 7.10018684913e-06,
        "min": 7.15208711168e-21,
        "skew": 4.82727432251,
        "var": 1.28644046526e-06
    },
    "spectral_energyband_low": {
        "kurt": 37.9327774048,
        "max": 0.00132823863532,
        "mean": 4.93486186315e-05,
        "median": 1.86589204532e-07,
        "min": 1.57869949309e-22,
        "skew": 5.7387843132,
        "var": 2.86215762202e-08
    },
    "spectral_energyband_middle_high": {
        "kurt": 21.5249271393,
        "max": 0.0209038350731,
        "mean": 0.00120331917424,
        "median": 6.83309335727e-05,
        "min": 1.53472921927e-21,
        "skew": 4.1706237793,
        "var": 8.9398226919e-06
    },
    "spectral_energyband_middle_low": {
        "kurt": 4.18864440918,
        "max": 0.00391966383904,
        "mean": 0.00053475308232,
        "median": 0.000102003483335,
        "min": 2.20893321827e-22,
        "skew": 2.23063445091,
        "var": 8.88336501248e-07
    },
    "spectral_flatness_db": {
        "kurt": -0.347542524338,
        "max": 0.314374029636,
        "mean": 0.193355694413,
        "median": 0.195840403438,
        "min": 0.0620469599962,
        "skew": 0.0142287788913,
        "var": 0.00269706826657
    },
    "spectral_flux": {
        "kurt": 3.31687641144,
        "max": 0.140509411693,
        "mean": 0.0244113430381,
        "median": 0.0128039568663,
        "min": 1.02152161729e-10,
        "skew": 1.71184515953,
        "var": 0.00075948581798
    },
    "spectral_kurtosis": {
        "kurt": 1.4283657074,
        "max": 30.734664917,
        "mean": 7.00938844681,
        "median": 4.7779302597,
        "min": -1.24457871914,
        "skew": 1.40512168407,
        "var": 48.3459396362
    },
    "spectral_rms": {
        "kurt": 2.79543447495,
        "max": 0.00552163459361,
        "mean": 0.000922842649743,
        "median": 0.000435261812527,
        "min": 3.19069748921e-12,
        "skew": 1.7476593256,
        "var": 1.25614667468e-06
    },
    "spectral_rolloff": {
        "kurt": 23.9692058563,
        "max": 19638.28125,
        "mean": 3118.11352539,
        "median": 3456.07910156,
        "min": 538.330078125,
        "skew": 3.77819252014,
        "var": 5837710
    },
    "spectral_skewness": {
        "kurt": -0.413250923157,
        "max": 4.4328584671,
        "mean": 1.7646266222,
        "median": 1.53718090057,
        "min": -0.405765235424,
        "skew": 0.522600114346,
        "var": 1.21787261963
    },
    "spectral_spread": {
        "kurt": 50.1854133606,
        "max": 40624124,
        "mean": 4742198,
        "median": 4162133.5,
        "min": 1654423.875,
        "skew": 6.61042690277,
        "var": 1.95371204608e+13
    },
    "spectral_strongpeak": {
        "kurt": 15.3356189728,
        "max": 3.27767252922,
        "mean": 0.247904747725,
        "median": 0.0541317351162,
        "min": 6.89640844431e-11,
        "skew": 3.78565430641,
        "var": 0.289872944355
    },
    "zerocrossingrate": {
        "kurt": 31.8263130188,
        "max": 0.5107421875,
        "mean": 0.09130859375,
        "median": 0.0869140625,
        "min": 0.03076171875,
        "skew": 4.66417884827,
        "var": 0.00330407451838
    },
    "barkbands": {
        "kurt": [35.8644828796, 35.2209510803, 45.9888687134, 14.3335990906, 10.1223602295, 17.0035133362, 18.1201686859, 6.1740026474, 10.6152505875, 8.79639911652, 5.86746692657, 5.16065120697, 17.1462535858, 13.5142879486, 7.77105426788, 20.9027137756, 38.8219032288, 16.5744628906, 28.9046707153, 16.5841007233, 10.8634538651, 54.1851539612, 60.4842987061, 57.1125640869, 64.7820663452, 69.1170578003, 28.7741012573],
        "max": [1.78823506758e-06, 0.000214696396142, 0.000677853473462, 0.000792258477304, 0.0014709798852, 0.0018072797684, 0.00149923400022, 0.000507873075549, 0.000619377649855, 0.000500431167893, 0.000274390244158, 0.000279677216895, 0.00059410056565, 0.000601748295594, 0.000677016971167, 0.00263454439119, 0.00306088430807, 0.00393744977191, 0.00692417100072, 0.00365276029333, 0.00283010327257, 0.00279330601916, 0.00066736509325, 0.000369102490367, 0.000190513324924, 4.36138770965e-06, 4.69335947884e-09],
        "mean": [5.4731426502e-08, 6.44625060886e-06, 2.13707462535e-05, 5.01042959513e-05, 0.000113571855763, 0.000138492352562, 0.000103982893052, 5.52353558305e-05, 5.79062034376e-05, 5.02443181176e-05, 3.30134716933e-05, 3.25642213284e-05, 4.09392014262e-05, 4.25299404014e-05, 6.32949595456e-05, 0.000131221997435, 0.000123038436868, 0.000238063672441, 0.00033397632069, 0.000214385843719, 0.000210900223465, 7.21722826711e-05, 1.46053516801e-05, 7.91873480921e-06, 4.36911204815e-06, 7.8640958634e-08, 1.87118501249e-10],
        "median": [5.22435254779e-11, 1.1931230226e-08, 6.27656788765e-08, 1.72437509605e-07, 7.31823956812e-06, 3.46632114088e-05, 1.85742937902e-05, 5.89870069234e-06, 1.01335444924e-05, 9.35562911764e-06, 6.11978066445e-06, 3.70865336663e-06, 2.63956235358e-06, 1.75944796865e-06, 1.88945807622e-06, 1.53725409291e-06, 2.00529848371e-06, 5.3861813285e-06, 6.66388586978e-06, 2.14300916923e-06, 2.98334725812e-06, 5.27515339854e-07, 3.42238699602e-08, 6.47173248325e-09, 1.528990623e-07, 2.31083013835e-10, 1.34695197704e-11],
        "min": [3.5990784836e-24, 3.71092223611e-23, 8.85078206722e-23, 2.96164510893e-23, 1.64122495554e-23, 1.73846547274e-23, 4.33688588875e-23, 2.90708054675e-23, 7.63803338101e-23, 2.84161550458e-23, 1.26755369319e-22, 6.99320459313e-23, 7.61237015804e-23, 1.62271263046e-22, 1.76184813039e-22, 1.04585765175e-22, 2.54427281415e-22, 1.15611629872e-22, 2.31049407421e-22, 4.41532592577e-22, 2.73703987469e-22, 4.63138748086e-22, 6.88804564793e-22, 1.07920190607e-21, 8.84666837848e-22, 1.48000110414e-21, 2.45621225868e-21],
        "skew": [5.73684501648, 6.05259037018, 6.44755840302, 3.73589634895, 3.09420228004, 3.74473333359, 3.93949556351, 2.44025659561, 2.98044300079, 2.77410626411, 2.41001391411, 2.24463129044, 3.67744088173, 3.52902603149, 2.94145941734, 4.37589168549, 5.78887891769, 3.75563216209, 4.82303190231, 3.72054648399, 3.28300404549, 7.15487718582, 7.63355541229, 7.4205083847, 7.93949985504, 8.28224563599, 5.37515974045],
        "var": [5.50668384047e-14, 1.00970387606e-09, 6.87225032436e-09, 1.94233553685e-08, 6.71819719855e-08, 7.48253725646e-08, 5.10323587832e-08, 9.4908694237e-09, 1.09690949657e-08, 7.87289433646e-09, 3.10379011381e-09, 3.08960856898e-09, 7.8644264434e-09, 9.99412108627e-09, 2.3211368827e-08, 1.5712350887e-07, 1.49344785427e-07, 3.65813662029e-07, 8.60788645696e-07, 3.11816620524e-07, 2.81547187342e-07, 1.08991649483e-07, 5.92969051638e-09, 1.87394433304e-09, 4.65566529773e-10, 2.3873573474e-13, 5.0914316041e-19],
        "cov": [[5.57466772126e-14, 6.42250662375e-12, 1.06757623575e-11, 1.24169355353e-11, 2.84687134977e-11, 1.41981417942e-11, 1.43467676975e-11, 1.1242757593e-11, 1.00066300732e-11, 4.46041120705e-12, 3.74491843785e-12, 4.26808458368e-12, 1.0194338429e-11, 1.11288296287e-11, 1.79491751323e-11, 5.47543399509e-11, 3.68265348771e-11, 7.60599638827e-11, 7.99276408947e-11, 5.84492038103e-11, 3.92990917586e-11, 3.53014943666e-11, 7.34545237135e-12, 4.35636336032e-12, 1.7050010492e-12, 3.45798388567e-14, -1.56716604879e-18], [6.42250662375e-12, 1.02216946019e-09, 1.96597182978e-09, 1.84920079249e-09, 4.58432580785e-09, 1.77460279804e-09, 1.60860413878e-09, 1.04509589871e-09, 8.99372187835e-10, 4.23879403799e-10, 3.93838656132e-10, 4.59102755812e-10, 9.420013658e-10, 8.73038252802e-10, 1.17611942407e-09, 4.22511226006e-09, 2.77500911139e-09, 6.60728316504e-09, 6.29651397688e-09, 5.01513230944e-09, 3.18180726211e-09, 3.32413852e-09, 7.17513604087e-10, 4.49578319017e-10, 1.70494479645e-10, 3.54912843906e-12, -8.83932190596e-16], [1.06757623575e-11, 1.96597182978e-09, 6.95709267973e-09, 7.96483412557e-09, 1.50270498267e-08, 5.50861445348e-09, 5.07303887787e-09, 2.17994045038e-09, 2.71956945852e-09, 2.09338790746e-09, 1.61526259035e-09, 1.62334679032e-09, 2.68278932403e-09, 3.44777717487e-09, 5.63681679111e-09, 1.23417347453e-08, 1.31167174899e-08, 2.17870237407e-08, 2.60025032617e-08, 1.85717574652e-08, 8.6356948259e-09, 7.4721890897e-09, 1.77345593766e-09, 9.45756029047e-10, 4.34032920715e-10, 9.8367182455e-12, -1.43543931302e-15], [1.24169355353e-11, 1.84920079249e-09, 7.96483412557e-09, 1.96631511074e-08, 2.90506587675e-08, 1.78343189106e-08, 1.44974929839e-08, 6.90315093976e-09, 6.75013511753e-09, 7.50250350734e-09, 4.35399893917e-09, 5.00464736319e-09, 8.43585290511e-09, 1.01681054687e-08, 1.50209178429e-08, 3.45633317522e-08, 3.82893325934e-08, 6.29692067378e-08, 9.47721758848e-08, 6.08457710882e-08, 2.84200307732e-08, 2.50121434675e-08, 5.80986103671e-09, 3.14816928082e-09, 1.52945778265e-09, 3.47048466354e-11, 1.4509412865e-15], [2.84687134977e-11, 4.58432580785e-09, 1.50270498267e-08, 2.90506587675e-08, 6.80113814155e-08, 4.24126440635e-08, 3.31978498025e-08, 1.83990191971e-08, 1.46180374472e-08, 1.48703804825e-08, 6.27124041586e-09, 6.8982268786e-09, 1.1456988247e-08, 1.49527945581e-08, 2.26641709844e-08, 4.53624302565e-08, 4.34539977334e-08, 7.95038417323e-08, 1.13422757408e-07, 8.13168909986e-08, 3.19926733994e-08, 1.95720097906e-08, 3.99258803796e-09, 2.07694106358e-09, 8.50530201824e-10, 1.78753505053e-11, 1.18774602106e-15], [1.41981417942e-11, 1.77460279804e-09, 5.50861445348e-09, 1.78343189106e-08, 4.24126440635e-08, 7.574914207e-08, 4.371884188e-08, 1.77458936435e-08, 2.11355342117e-08, 1.48621479568e-08, 9.99844473881e-09, 9.16541331719e-09, 1.59571840186e-08, 1.3597739823e-08, 2.16995204028e-08, 4.57755930938e-08, 4.63519178595e-08, 8.54049133636e-08, 1.41685660537e-07, 9.12711612955e-08, 4.00433215475e-08, 2.57889070099e-08, 5.72116709563e-09, 3.14606674046e-09, 1.39431244328e-09, 3.10719436292e-11, 3.04026509846e-15], [1.43467676975e-11, 1.60860413878e-09, 5.07303887787e-09, 1.44974929839e-08, 3.31978498025e-08, 4.371884188e-08, 5.16623863689e-08, 1.67629128356e-08, 2.14183408787e-08, 1.52343719861e-08, 7.11710823609e-09, 6.28918472856e-09, 1.100193181e-08, 1.0771767478e-08, 2.22264038285e-08, 3.55312153033e-08, 2.94983326654e-08, 7.10435514861e-08, 9.44916038748e-08, 7.48656532323e-08, 2.88544548255e-08, 9.43167854928e-09, 1.85574322575e-09, 1.06711628423e-09, 2.87688983747e-10, 5.32524068245e-12, 1.9371677385e-15], [1.1242757593e-11, 1.04509589871e-09, 2.17994045038e-09, 6.90315093976e-09, 1.83990191971e-08, 1.77458936435e-08, 1.67629128356e-08, 9.60804058536e-09, 7.96432786387e-09, 6.16595308145e-09, 2.69292144139e-09, 3.45645312372e-09, 5.50340129024e-09, 6.7479715149e-09, 9.6019148188e-09, 2.08174668614e-08, 1.6726799501e-08, 3.37544143747e-08, 4.6143380672e-08, 3.52818041449e-08, 1.66619269493e-08, 8.61280202713e-09, 1.66924662981e-09, 8.9762497435e-10, 3.36798283707e-10, 6.41068751903e-12, 5.45046378619e-16], [1.00066300732e-11, 8.99372187835e-10, 2.71956945852e-09, 6.75013511753e-09, 1.46180374472e-08, 2.11355342117e-08, 2.14183408787e-08, 7.96432786387e-09, 1.11045155293e-08, 6.29247809414e-09, 3.7786938023e-09, 3.63717944651e-09, 6.59150023452e-09, 6.83579592931e-09, 1.16421920993e-08, 2.32500667607e-08, 2.096942886e-08, 3.97783708195e-08, 5.56596262413e-08, 4.11831138081e-08, 2.14397886111e-08, 1.1108322262e-08, 2.38589792367e-09, 1.29887323119e-09, 5.40888944744e-10, 1.16707771919e-11, 7.48135413212e-15], [4.46041120705e-12, 4.23879403799e-10, 2.09338790746e-09, 7.50250350734e-09, 1.48703804825e-08, 1.48621479568e-08, 1.52343719861e-08, 6.16595308145e-09, 6.29247809414e-09, 7.97009125364e-09, 3.20507442808e-09, 3.21251003577e-09, 4.89198548337e-09, 5.25264587381e-09, 9.96780258333e-09, 1.86505371147e-08, 1.51097374612e-08, 3.38509735798e-08, 4.5824627648e-08, 3.1118524646e-08, 1.47247627424e-08, 7.13704073618e-09, 1.5107282092e-09, 8.35580549197e-10, 3.32703781192e-10, 6.91753165166e-12, 1.83252846457e-15], [3.74491843785e-12, 3.93838656132e-10, 1.61526259035e-09, 4.35399893917e-09, 6.27124041586e-09, 9.99844473881e-09, 7.11710823609e-09, 2.69292144139e-09, 3.7786938023e-09, 3.20507442808e-09, 3.14210835128e-09, 2.41665665257e-09, 3.82108078512e-09, 3.49422912826e-09, 5.61614221795e-09, 1.39578633096e-08, 1.42958000993e-08, 2.33904824398e-08, 3.48090445357e-08, 2.15697397721e-08, 1.19437721935e-08, 1.02164410265e-08, 2.36874808657e-09, 1.3075355243e-09, 6.31885266333e-10, 1.43172028053e-11, 2.19304326286e-15], [4.26808458368e-12, 4.59102755812e-10, 1.62334679032e-09, 5.00464736319e-09, 6.8982268786e-09, 9.16541331719e-09, 6.28918472856e-09, 3.45645312372e-09, 3.63717944651e-09, 3.21251003577e-09, 2.41665665257e-09, 3.12775183531e-09, 4.1743231094e-09, 4.23176693687e-09, 5.39922329068e-09, 1.39257281262e-08, 1.47243008897e-08, 2.42919782067e-08, 3.61053125175e-08, 2.34513226616e-08, 1.18861303022e-08, 1.07766533475e-08, 2.51261567108e-09, 1.38336753164e-09, 6.5698113616e-10, 1.49693573509e-11, 6.30393881606e-17], [1.0194338429e-11, 9.420013658e-10, 2.68278932403e-09, 8.43585290511e-09, 1.1456988247e-08, 1.59571840186e-08, 1.100193181e-08, 5.50340129024e-09, 6.59150023452e-09, 4.89198548337e-09, 3.82108078512e-09, 4.1743231094e-09, 7.96151766735e-09, 8.18669576574e-09, 1.12137090724e-08, 3.20145261412e-08, 3.12575103578e-08, 5.02017769577e-08, 7.7105475782e-08, 4.7187079133e-08, 2.67027733258e-08, 2.47577816026e-08, 5.69498759262e-09, 3.16672732481e-09, 1.50895784756e-09, 3.38656290511e-11, 9.54709893092e-16], [1.11288296287e-11, 8.73038252802e-10, 3.44777717487e-09, 1.01681054687e-08, 1.49527945581e-08, 1.3597739823e-08, 1.0771767478e-08, 6.7479715149e-09, 6.83579592931e-09, 5.25264587381e-09, 3.49422912826e-09, 4.23176693687e-09, 8.18669576574e-09, 1.0117505056e-08, 1.30775852369e-08, 3.53769067374e-08, 3.49780897579e-08, 5.38491384816e-08, 8.20517271904e-08, 5.27005141748e-08, 2.86049619547e-08, 2.53555789698e-08, 5.80586778653e-09, 3.13478620839e-09, 1.51190682196e-09, 3.37959174534e-11, -1.598352892e-16], [1.79491751323e-11, 1.17611942407e-09, 5.63681679111e-09, 1.50209178429e-08, 2.26641709844e-08, 2.16995204028e-08, 2.22264038285e-08, 9.6019148188e-09, 1.16421920993e-08, 9.96780258333e-09, 5.61614221795e-09, 5.39922329068e-09, 1.12137090724e-08, 1.30775852369e-08, 2.3497928936e-08, 5.3803546507e-08, 4.84773359233e-08, 8.45184047193e-08, 1.16912232784e-07, 7.44986223822e-08, 4.03209376998e-08, 3.06374445813e-08, 6.82457645951e-09, 3.69683417212e-09, 1.70943792455e-09, 3.73947053878e-11, 2.86785598897e-15], [5.47543399509e-11, 4.22511226006e-09, 1.23417347453e-08, 3.45633317522e-08, 4.53624302565e-08, 4.57755930938e-08, 3.55312153033e-08, 2.08174668614e-08, 2.32500667607e-08, 1.86505371147e-08, 1.39578633096e-08, 1.39257281262e-08, 3.20145261412e-08, 3.53769067374e-08, 5.3803546507e-08, 1.5906330475e-07, 1.45512757399e-07, 2.31205504519e-07, 3.40988208336e-07, 2.00492877411e-07, 1.24747316477e-07, 1.16330525657e-07, 2.63199506634e-08, 1.45850558297e-08, 6.98217750283e-09, 1.54588661316e-10, 4.86432979806e-15], [3.68265348771e-11, 2.77500911139e-09, 1.31167174899e-08, 3.82893325934e-08, 4.34539977334e-08, 4.63519178595e-08, 2.94983326654e-08, 1.6726799501e-08, 2.096942886e-08, 1.51097374612e-08, 1.42958000993e-08, 1.47243008897e-08, 3.12575103578e-08, 3.49780897579e-08, 4.84773359233e-08, 1.45512757399e-07, 1.51188544351e-07, 2.18816367692e-07, 3.45852129158e-07, 2.02299688112e-07, 1.19770106721e-07, 1.17869561223e-07, 2.7352690779e-08, 1.49220902301e-08, 7.43264561009e-09, 1.68024996694e-10, 4.59668602146e-15], [7.60599638827e-11, 6.60728316504e-09, 2.17870237407e-08, 6.29692067378e-08, 7.95038417323e-08, 8.54049133636e-08, 7.10435514861e-08, 3.37544143747e-08, 3.97783708195e-08, 3.38509735798e-08, 2.33904824398e-08, 2.42919782067e-08, 5.02017769577e-08, 5.38491384816e-08, 8.45184047193e-08, 2.31205504519e-07, 2.18816367692e-07, 3.70329871657e-07, 5.43858106994e-07, 3.24789880324e-07, 1.903844975e-07, 1.69063113731e-07, 3.86809837494e-08, 2.15245954394e-08, 1.02341273234e-08, 2.27945440301e-10, 5.88953189061e-15], [7.99276408947e-11, 6.29651397688e-09, 2.60025032617e-08, 9.47721758848e-08, 1.13422757408e-07, 1.41685660537e-07, 9.44916038748e-08, 4.6143380672e-08, 5.56596262413e-08, 4.5824627648e-08, 3.48090445357e-08, 3.61053125175e-08, 7.7105475782e-08, 8.20517271904e-08, 1.16912232784e-07, 3.40988208336e-07, 3.45852129158e-07, 5.43858106994e-07, 8.71415636539e-07, 5.0031394494e-07, 2.86883619083e-07, 2.70833112381e-07, 6.26837248774e-08, 3.46103590232e-08, 1.6973709549e-08, 3.82691156542e-10, 8.09497359823e-15], [5.84492038103e-11, 5.01513230944e-09, 1.85717574652e-08, 6.08457710882e-08, 8.13168909986e-08, 9.12711612955e-08, 7.48656532323e-08, 3.52818041449e-08, 4.11831138081e-08, 3.1118524646e-08, 2.15697397721e-08, 2.34513226616e-08, 4.7187079133e-08, 5.27005141748e-08, 7.44986223822e-08, 2.00492877411e-07, 2.02299688112e-07, 3.24789880324e-07, 5.0031394494e-07, 3.15666198958e-07, 1.78383331217e-07, 1.51323078512e-07, 3.48545121653e-08, 1.91577740338e-08, 9.26264309697e-09, 2.0772659981e-10, 1.06772644993e-14], [3.92990917586e-11, 3.18180726211e-09, 8.6356948259e-09, 2.84200307732e-08, 3.19926733994e-08, 4.00433215475e-08, 2.88544548255e-08, 1.66619269493e-08, 2.14397886111e-08, 1.47247627424e-08, 1.19437721935e-08, 1.18861303022e-08, 2.67027733258e-08, 2.86049619547e-08, 4.03209376998e-08, 1.24747316477e-07, 1.19770106721e-07, 1.903844975e-07, 2.86883619083e-07, 1.78383331217e-07, 2.8502307714e-07, 1.07688116202e-07, 2.30717116523e-08, 1.28657342557e-08, 6.8427432609e-09, 1.43713305145e-10, 2.61972165965e-13], [3.53014943666e-11, 3.32413852e-09, 7.4721890897e-09, 2.50121434675e-08, 1.95720097906e-08, 2.57889070099e-08, 9.43167854928e-09, 8.61280202713e-09, 1.1108322262e-08, 7.13704073618e-09, 1.02164410265e-08, 1.07766533475e-08, 2.47577816026e-08, 2.53555789698e-08, 3.06374445813e-08, 1.16330525657e-07, 1.17869561223e-07, 1.69063113731e-07, 2.70833112381e-07, 1.51323078512e-07, 1.07688116202e-07, 1.10337225578e-07, 2.56065231241e-08, 1.43622838067e-08, 7.09780412222e-09, 1.59801685773e-10, 1.41689350546e-14], [7.34545237135e-12, 7.17513604087e-10, 1.77345593766e-09, 5.80986103671e-09, 3.99258803796e-09, 5.72116709563e-09, 1.85574322575e-09, 1.66924662981e-09, 2.38589792367e-09, 1.5107282092e-09, 2.36874808657e-09, 2.51261567108e-09, 5.69498759262e-09, 5.80586778653e-09, 6.82457645951e-09, 2.63199506634e-08, 2.7352690779e-08, 3.86809837494e-08, 6.26837248774e-08, 3.48545121653e-08, 2.30717116523e-08, 2.56065231241e-08, 6.00289640218e-09, 3.36277672375e-09, 1.66606828333e-09, 3.77352107894e-11, 1.91833639614e-16], [4.35636336032e-12, 4.49578319017e-10, 9.45756029047e-10, 3.14816928082e-09, 2.07694106358e-09, 3.14606674046e-09, 1.06711628423e-09, 8.9762497435e-10, 1.29887323119e-09, 8.35580549197e-10, 1.3075355243e-09, 1.38336753164e-09, 3.16672732481e-09, 3.13478620839e-09, 3.69683417212e-09, 1.45850558297e-08, 1.49220902301e-08, 2.15245954394e-08, 3.46103590232e-08, 1.91577740338e-08, 1.28657342557e-08, 1.43622838067e-08, 3.36277672375e-09, 1.89707938247e-09, 9.33659261015e-10, 2.11148026147e-11, 8.05357850915e-18], [1.7050010492e-12, 1.70494479645e-10, 4.34032920715e-10, 1.52945778265e-09, 8.50530201824e-10, 1.39431244328e-09, 2.87688983747e-10, 3.36798283707e-10, 5.40888944744e-10, 3.32703781192e-10, 6.31885266333e-10, 6.5698113616e-10, 1.50895784756e-09, 1.51190682196e-09, 1.70943792455e-09, 6.98217750283e-09, 7.43264561009e-09, 1.02341273234e-08, 1.6973709549e-08, 9.26264309697e-09, 6.8427432609e-09, 7.09780412222e-09, 1.66606828333e-09, 9.33659261015e-10, 4.71314265393e-10, 1.06223450175e-11, 7.57016956005e-16], [3.45798388567e-14, 3.54912843906e-12, 9.8367182455e-12, 3.47048466354e-11, 1.78753505053e-11, 3.10719436292e-11, 5.32524068245e-12, 6.41068751903e-12, 1.16707771919e-11, 6.91753165166e-12, 1.43172028053e-11, 1.49693573509e-11, 3.38656290511e-11, 3.37959174534e-11, 3.73947053878e-11, 1.54588661316e-10, 1.68024996694e-10, 2.27945440301e-10, 3.82691156542e-10, 2.0772659981e-10, 1.43713305145e-10, 1.59801685773e-10, 3.77352107894e-11, 2.11148026147e-11, 1.06223450175e-11, 2.41683084136e-13, 6.22976850838e-18], [-1.56716604879e-18, -8.83932190596e-16, -1.43543931302e-15, 1.4509412865e-15, 1.18774602106e-15, 3.04026509846e-15, 1.9371677385e-15, 5.45046378619e-16, 7.48135413212e-15, 1.83252846457e-15, 2.19304326286e-15, 6.30393881606e-17, 9.54709893092e-16, -1.598352892e-16, 2.86785598897e-15, 4.86432979806e-15, 4.59668602146e-15, 5.88953189061e-15, 8.09497359823e-15, 1.06772644993e-14, 2.61972165965e-13, 1.41689350546e-14, 1.91833639614e-16, 8.05357850915e-18, 7.57016956005e-16, 6.22976850838e-18, 5.15428905885e-19]]
    },
    "mfcc": {
        "kurt": [-0.901338338852, -0.883977413177, -1.0811342001, -1.13380491734, -0.0590269565582, -0.523513555527, 0.457641839981, -0.580095529556, -0.386271238327, -0.402493715286, 0.262805461884, 0.165033340454, 0.0808091163635],
        "max": [-555.563354492, 153.015625, 26.9187660217, 68.1818695068, 3.49169921875, 4.77410316467, 20.1539497375, 12.1239871979, 14.5080795288, 8.42701911926, 9.71487808228, 14.6441116333, 14.785446167],
        "mean": [-883.131958008, 83.9550628662, -36.1246185303, 10.6185178757, -34.1968917847, -28.5036182404, -12.9064273834, -21.0216655731, -10.2660303116, -17.4295005798, -7.10927295685, -9.05351257324, -5.79008960724],
        "median": [-898.821716309, 83.9299697876, -44.4247207642, 10.9031410217, -32.914188385, -27.3301200867, -12.7580661774, -21.7006492615, -10.8693943024, -16.948343277, -7.49564933777, -8.57635116577, -6.03436660767],
        "min": [-1138.42004395, -9.21583938599, -94.9726486206, -54.5278778076, -86.5350341797, -74.9616241455, -32.9576148987, -50.9491424561, -35.2922286987, -50.5102767944, -26.4289894104, -29.9870433807, -28.6030464172],
        "skew": [0.336694657803, -0.188630864024, 0.23922714591, -0.060450553894, -0.458678454161, -0.433826953173, 0.313332229853, 0.186782360077, 0.0706112682819, -0.310234844685, 0.156227841973, 0.112106978893, -0.054798707366],
        "var": [23087.2890625, 1889.05566406, 1243.43457031, 1108.68347168, 416.26361084, 386.264007568, 91.5763778687, 200.728652954, 110.068778992, 158.109130859, 45.8263130188, 62.8224220276, 65.1138153076],
        "cov": [[23372.3183594, 1537.52819824, -3791.48657227, 2959.47973633, 42.6320037842, 477.653991699, 15.1465654373, -90.7563934326, 96.1867523193, -207.082321167, -253.546539307, -333.57208252, -400.729278564], [1537.52819824, 1912.37731934, -488.660827637, -641.792358398, -11.4419612885, -115.581008911, -146.065475464, -255.337524414, -108.869926453, -135.759643555, -146.029708862, -10.8630104065, -66.9974212646], [-3791.48657227, -488.660827637, 1258.78564453, -590.373535156, -93.8867263794, 239.655426025, -55.5215263367, -17.108171463, 95.4011611938, 53.160987854, 78.2228851318, 143.776443481, 23.2646179199], [2959.47973633, -641.792358398, -590.373535156, 1122.37097168, 43.0498504639, 36.2498512268, 152.61756897, 196.924728394, 4.81222105026, 100.050041199, 31.6227416992, -70.2397994995, 4.79322862625], [42.6320037842, -11.4419612885, -93.8867263794, 43.0498504639, 421.402679443, -39.3861541748, 67.1977081299, 204.777877808, -71.1850662231, 177.594512939, -25.5957393646, -26.2637653351, 65.9238739014], [477.653991699, -115.581008911, 239.655426025, 36.2498512268, -39.3861541748, 391.032684326, 14.3461236954, -13.385477066, 127.916748047, -0.160315617919, 16.0777263641, 78.9241104126, -67.8037490845], [15.1465654373, -146.065475464, -55.5215263367, 152.61756897, 67.1977081299, 14.3461236954, 92.7069473267, 74.0101013184, -7.733314991, 47.0673789978, 19.3967952728, -13.152510643, 20.8717517853], [-90.7563934326, -255.337524414, -17.108171463, 196.924728394, 204.777877808, -13.385477066, 74.0101013184, 203.206787109, -44.0751266479, 141.621566772, 10.7504062653, -15.499792099, 56.490070343], [96.1867523193, -108.869926453, 95.4011611938, 4.81222105026, -71.1850662231, 127.916748047, -7.733314991, -44.0751266479, 111.427650452, -33.8718338013, 8.08785915375, 41.8769187927, -40.636882782], [-207.082321167, -135.759643555, 53.160987854, 100.050041199, 177.594512939, -0.160315617919, 47.0673789978, 141.621566772, -33.8718338013, 160.061096191, 15.3261518478, 5.10788822174, 49.5148696899], [-253.546539307, -146.029708862, 78.2228851318, 31.6227416992, -25.5957393646, 16.0777263641, 19.3967952728, 10.7504062653, 8.08785915375, 15.3261518478, 46.3920707703, 6.84003067017, 9.97738838196], [-333.57208252, -10.8630104065, 143.776443481, -70.2397994995, -26.2637653351, 78.9241104126, -13.152510643, -15.499792099, 41.8769187927, 5.10788822174, 6.84003067017, 63.5980072021, -10.1758289337], [-400.729278564, -66.9974212646, 23.2646179199, 4.79322862625, 65.9238739014, -67.8037490845, 20.8717517853, 56.490070343, -40.636882782, 49.5148696899, 9.97738838196, -10.1758289337, 65.9176940918]]
    },
    "sccoeffs": {
        "kurt": [0.330796480179, 0.481980800629, 1.52288961411, 1.16484689713, 0.663231611252, 0.367139577866],
        "max": [-0.487997740507, -0.684777677059, -0.724513351917, -0.751464366913, -0.724801242352, -0.577818393707],
        "mean": [-0.659315705299, -0.816840827465, -0.8539955616, -0.845893859863, -0.831782996655, -0.736635923386],
        "median": [-0.643599510193, -0.820248365402, -0.858505964279, -0.849173426628, -0.827831566334, -0.741794347763],
        "min": [-0.965331077576, -0.953647315502, -0.969719409943, -0.959689021111, -0.964369416237, -0.96078556776],
        "skew": [-0.590650975704, -0.0978723168373, 0.464329123497, 0.232348173857, -0.243956193328, 0.0578276216984],
        "var": [0.0101794386283, 0.0022246458102, 0.00155937636737, 0.00133863941301, 0.00162644393276, 0.00549985887483],
        "cov": [[0.0103051103652, 0.00262084347196, 0.00253795110621, 0.00172335794196, 0.00175695621874, 0.00210595293902], [0.00262084347196, 0.00225211051293, 0.00073003518628, 0.000778028334025, 0.00061390909832, 0.0008964377339], [0.00253795110621, 0.00073003518628, 0.00157862796914, 0.000695466354955, 0.000425703212386, 0.000647958542686], [0.00172335794196, 0.000778028334025, 0.000695466354955, 0.00135516573209, 0.000802338763606, 0.000891807372682], [0.00175695621874, 0.00061390909832, 0.000425703212386, 0.000802338763606, 0.0016465234803, 0.000584423018154], [0.00210595293902, 0.0008964377339, 0.000647958542686, 0.000891807372682, 0.000584423018154, 0.00556775834411]]
    },
    "scvalleys": {
        "kurt": [23.0628662109, 32.7257843018, 27.1230621338, 21.9922637939, 16.8381977081, 11.3015871048],
        "max": [-5.77827739716, -5.20788240433, -5.72133779526, -5.78579854965, -5.11582899094, -6.89273500443],
        "mean": [-10.2175340652, -7.73623132706, -8.21641635895, -8.97504425049, -9.18381309509, -12.1018791199],
        "median": [-10.5656642914, -7.18660926819, -7.70398902893, -8.61147022247, -8.99085235596, -12.5751609802],
        "min": [-27.3629932404, -27.5233592987, -26.9716529846, -27.3121585846, -27.0690231323, -27.2924766541],
        "skew": [-3.42180466652, -4.9530043602, -4.39096307755, -3.66379332542, -2.94492197037, -1.95611262321],
        "var": [6.44363021851, 7.29115724564, 7.16388320923, 7.51117706299, 8.046251297, 6.9518866539],
        "cov": [[6.52318143845, 6.27251815796, 6.21820878983, 6.59323740005, 6.70037603378, 6.17355632782], [6.27251815796, 7.3811712265, 7.21381616592, 7.28196525574, 6.89671802521, 6.13175821304], [6.21820878983, 7.21381616592, 7.25232601166, 7.29473590851, 6.92614221573, 6.17036485672], [6.59323740005, 7.28196525574, 7.29473590851, 7.60390758514, 7.42716026306, 6.64877033234], [6.70037603378, 6.89671802521, 6.92614221573, 7.42716026306, 8.14558792114, 7.21399736404], [6.17355632782, 6.13175821304, 6.17036485672, 6.64877033234, 7.21399736404, 7.03771209717]]
    }
},
"rhythm": {
    "beats_loudness": {
        "kurt": -1.49999964237,
        "max": 0.00059390271781,
        "mean": 0.000233701386605,
        "median": 0.000106588558992,
        "min": 6.12923372501e-07,
        "skew": 0.618919909,
        "var": 6.67442989766e-08
    },
    "bpm": 111.15196228,
    "confidence": 0,
    "first_peak_bpm": {
        "kurt": 0,
        "max": 110,
        "mean": 110,
        "median": 110,
        "min": 110,
        "skew": 0,
        "var": 0
    },
    "first_peak_spread": {
        "kurt": 0,
        "max": 0.5,
        "mean": 0.5,
        "median": 0.5,
        "min": 0.5,
        "skew": 0,
        "var": 0
    },
    "first_peak_weight": {
        "kurt": 0,
        "max": 0.5,
        "mean": 0.5,
        "median": 0.5,
        "min": 0.5,
        "skew": 0,
        "var": 0
    },
    "onset_rate": 4.80916023254,
    "second_peak_bpm": {
        "kurt": 0,
        "max": 0,
        "mean": 0,
        "median": 0,
        "min": 0,
        "skew": 0,
        "var": 0
    },
    "second_peak_spread": {
        "kurt": 0,
        "max": 0,
        "mean": 0,
        "median": 0,
        "min": 0,
        "skew": 0,
        "var": 0
    },
    "second_peak_weight": {
        "kurt": 0,
        "max": 0,
        "mean": 0,
        "median": 0,
        "min": 0,
        "skew": 0,
        "var": 0
    },
    "beats_loudness_band_ratio": {
        "kurt": [-1.50000023842, -1.50000107288, -1.50000011921, -1.49999988079, -1.49999988079, -1.50000035763],
        "max": [0.0798442214727, 0.389513909817, 0.405458837748, 0.311227619648, 0.150683134794, 0.212878674269],
        "mean": [0.0304102152586, 0.338013976812, 0.312120348215, 0.166341021657, 0.0713299736381, 0.142942652106],
        "median": [0.00700146751478, 0.320204824209, 0.312038630247, 0.109320268035, 0.0424583926797, 0.148695960641],
        "min": [0.00438495352864, 0.304323136806, 0.218863546848, 0.0784751698375, 0.0208484008908, 0.0672533363104],
        "skew": [0.704139113426, 0.610596776009, 0.00160854624119, 0.660044968128, 0.631120026112, -0.143921226263],
        "var": [0.00122300162911, 0.00136816047598, 0.00580297037959, 0.0106546329334, 0.00322629394941, 0.00355100701563],
        "cov": [[0.00183450244367, -0.00071600836236, -0.00012508664804, -0.00196182308719, -0.000985499937087, 0.0025396393612], [-0.00071600836236, 0.00205224077217, 0.00397514086217, -0.00419547222555, -0.00237954687327, 0.000800415116828], [-0.00012508664804, 0.00397514086217, 0.00870445556939, -0.0108541324735, -0.00605486845598, 0.00379491690546], [-0.00196182308719, -0.00419547222555, -0.0108541324735, 0.0159819498658, 0.00878954865038, -0.0077298451215], [-0.000985499937087, -0.00237954687327, -0.00605486845598, 0.00878954865038, 0.0048394408077, -0.004157892894], [0.0025396393612, 0.000800415116828, 0.00379491690546, -0.0077298451215, -0.004157892894, 0.00532651040703]]
    },
    "beats_position": [0.510838985443, 1.04489791393, 1.59056687355],
    "bpm_estimates": [112.34715271, 109.95677948],
    "bpm_intervals": [0.53405892849, 0.545668959618],
    "onset_times": [0.0580498874187, 0.545668959618, 0.626938760281, 0.743038535118, 0.835918366909, 0.952018141747, 1.04489791393, 1.14938771725, 1.24226760864],
    "histogram": [[0, 0, 0, 0, 0, 0, 0, 0, 0, 0, 0, 0, 0, 0, 0, 0, 0, 0, 0, 0, 0, 0, 0, 0, 0, 0, 0, 0, 0, 0, 0, 0, 0, 0, 0, 0, 0, 0, 0, 0, 0, 0, 0, 0, 0, 0, 0, 0, 0, 0, 0, 0, 0, 0, 0, 0, 0, 0, 0, 0, 0, 0, 0, 0, 0, 0, 0, 0, 0, 0, 0, 0, 0, 0, 0, 0, 0, 0, 0, 0, 0, 0, 0, 0, 0, 0, 0, 0, 0, 0, 0, 0, 0, 0, 0, 0, 0, 0, 0, 0, 0, 0, 0, 0, 0, 0, 0, 0, 0, 0, 0.5, 0, 0.5, 0, 0, 0, 0, 0, 0, 0, 0, 0, 0, 0, 0, 0, 0, 0, 0, 0, 0, 0, 0, 0, 0, 0, 0, 0, 0, 0, 0, 0, 0, 0, 0, 0, 0, 0, 0, 0, 0, 0, 0, 0, 0, 0, 0, 0, 0, 0, 0, 0, 0, 0, 0, 0, 0, 0, 0, 0, 0, 0, 0, 0, 0, 0, 0, 0, 0, 0, 0, 0, 0, 0, 0, 0, 0, 0, 0, 0, 0, 0, 0, 0, 0, 0, 0, 0, 0, 0, 0, 0, 0, 0, 0, 0, 0, 0, 0, 0, 0, 0, 0, 0, 0, 0, 0, 0, 0, 0, 0, 0, 0, 0, 0, 0, 0, 0, 0, 0, 0, 0, 0, 0, 0, 0, 0, 0, 0, 0, 0, 0, 0, 0, 0, 0, 0, 0, 0, 0]]
},
"sfx": {
    "inharmonicity": {
        "kurt": 6.32790756226,
        "max": 0.388078480959,
        "mean": 0.0413094833493,
        "median": 0,
        "min": 0,
        "skew": 2.34995245934,
        "var": 0.00506106996909
    },
    "oddtoevenharmonicenergyratio": {
        "kurt": 4.1586356163,
        "max": 2.40108966827,
        "mean": 0.34000274539,
        "median": 0,
        "min": 0,
        "skew": 2.10988879204,
        "var": 0.325480103493
    },
    "pitch_after_max_to_before_max_energy_ratio": 0.316320806742,
    "pitch_centroid": 41.4650688171,
    "pitch_max_to_total": 0.841463387012,
    "pitch_min_to_total": 0.256097555161,
    "tristimulus": {
        "kurt": [-1.47977781296, -0.941381454468, 0.219877481461],
        "max": [1, 0.690220475197, 0.791648805141],
        "mean": [0.650394141674, 0.17795728147, 0.171648666263],
        "median": [1, 0, 0],
        "min": [0, 0, 0],
        "skew": [-0.456793308258, 0.645701825619, 1.15586745739],
        "var": [0.156431943178, 0.0434772707522, 0.0510366559029],
        "cov": [[0.158363208175, -0.0753552615643, -0.083008043468], [-0.0753552615643, 0.0440140254796, 0.0313413031399], [-0.083008043468, 0.0313413031399, 0.0516667366028]]
    }
},
"tonal": {
    "chords_changes_rate": 0.023809524253,
    "chords_number_rate": 0.047619048506,
    "chords_strength": {
        "kurt": -0.621303319931,
        "max": 0.618290483952,
        "mean": 0.496661037207,
        "median": 0.480551183224,
        "min": 0.374442309141,
        "skew": 0.371242851019,
        "var": 0.00342791061848
    },
    "key_strength": 0.564581096172,
    "tuning_diatonic_strength": 0.529044449329,
    "tuning_equal_tempered_deviation": 0.219382211566,
    "tuning_frequency": 436.708374023,
    "tuning_nontempered_energy_ratio": 0.875434160233,
    "hpcp": {
        "kurt": [-1.20932412148, -1.31481802464, 0.425658941269, -0.15510892868, 2.23112487793, 1.28030157089, 0.35852098465, 0.598148107529, 2.13598918915, 1.15102291107, 2.21989488602, 1.45466279984, 1.66798973083, 2.07200050354, 1.10195302963, 0.861899614334, -0.383153438568, -0.348644256592, -1.08753216267, 0.0761280059814, 2.39853191376, 4.38331985474, 1.06653308868, 2.55671310425, -0.0572309494019, 1.26279401779, 0.926912307739, -0.210388422012, -0.617793798447, -0.11573266983, -0.481337547302, -1.13733661175, -1.22470140457, -0.642907142639, -0.515266656876, -0.889133453369],
        "max": [1, 1, 0.89189273119, 0.806048154831, 1, 0.754183411598, 0.646978318691, 0.747778773308, 0.889457166195, 0.760226488113, 0.91253644228, 1, 0.965562283993, 1, 0.942347943783, 0.944604337215, 1, 1, 1, 0.975807249546, 0.724541008472, 0.905471563339, 0.78386837244, 0.996487915516, 1, 0.830351293087, 0.824505865574, 1, 1, 1, 1, 1, 1, 1, 1, 0.86834025383],
        "mean": [0.450925827026, 0.399402886629, 0.269590914249, 0.24772401154, 0.224093556404, 0.193639159203, 0.215258821845, 0.247698307037, 0.22341196239, 0.188391283154, 0.212387636304, 0.258044570684, 0.246662661433, 0.217442855239, 0.236784502864, 0.292714267969, 0.347002804279, 0.388486921787, 0.421070337296, 0.300715506077, 0.165053606033, 0.167674854398, 0.202676415443, 0.266408830881, 0.28055652976, 0.226145744324, 0.243573009968, 0.383131921291, 0.418193101883, 0.352040708065, 0.364676713943, 0.464619547129, 0.44651311636, 0.334991961718, 0.310120910406, 0.349279493093],
        "median": [0.430307984352, 0.285251200199, 0.197127282619, 0.192361205816, 0.132694900036, 0.114148110151, 0.159372642636, 0.193656772375, 0.170861110091, 0.105348482728, 0.140450552106, 0.214417099953, 0.167970478535, 0.122412487864, 0.177399545908, 0.254850327969, 0.255020022392, 0.308107376099, 0.342707961798, 0.233238518238, 0.117325469851, 0.1144284904, 0.136291027069, 0.221896469593, 0.168671011925, 0.144757300615, 0.178142815828, 0.319250404835, 0.313363492489, 0.319001078606, 0.321991711855, 0.493304371834, 0.436708927155, 0.255252361298, 0.183261036873, 0.310028195381],
        "min": [0, 0, 0, 0, 0, 0, 0, 0, 0, 0, 0, 0, 0, 0, 0, 0, 0, 0, 0, 0, 0, 0, 0, 0, 0, 0, 0, 0, 0, 0, 0, 0, 0, 0, 0, 0],
