{
"metadata": {
    "version": {
        "essentia": "2.1-beta3"
    }
},
"lowLevel": {
    "average_loudness": 0.713896751404,
    "barkbands_kurtosis": {
        "kurt": 52.2510070801,
        "max": 18.8042030334,
        "mean": -0.368145346642,
        "median": -0.816215276718,
        "min": -1.82609701157,
        "skew": 6.13280391693,
        "var": 3.02282166481
    },
    "barkbands_skewness": {
        "kurt": 3.92666196823,
        "max": 4.02911186218,
        "mean": -0.234692305326,
        "median": -0.22097311914,
        "min": -3.92201757431,
        "skew": 0.31171888113,
        "var": 0.533568441868
    },
    "barkbands_spread": {
        "kurt": 2.09654331207,
        "max": 77.7110214233,
        "mean": 25.9871273041,
        "median": 21.9752521515,
        "min": 1.70747792721,
        "skew": 1.38645422459,
        "var": 157.319869995
    },
    "dissonance": {
        "kurt": 263.9246521,
        "max": 0.5,
        "mean": 0.488611370325,
        "median": 0.491744846106,
        "min": 0.132937803864,
        "skew": -12.8983316422,
        "var": 0.00026097294176
    },
    "hfc": {
        "kurt": 53.8349342346,
        "max": 28.5831260681,
        "mean": 0.576214551926,
        "median": 0.000525109528098,
        "min": 1.15128453493e-16,
        "skew": 6.53493213654,
        "var": 5.34438896179
    },
    "pitch": {
        "kurt": -1.12159860134,
        "max": 4661.74316406,
        "mean": 1520.61206055,
        "median": 638.09753418,
        "min": 56.3932228088,
        "skew": 0.835743546486,
        "var": 2659202.25
    },
    "pitch_instantaneous_confidence": {
        "kurt": 2.99823093414,
        "max": 0.728259921074,
        "mean": 0.241931706667,
        "median": 0.213637471199,
        "min": 0.107198834419,
        "skew": 1.5191026926,
        "var": 0.0081359623
    },
    "pitch_salience": {
        "kurt": 11.0617685318,
        "max": 0.970364332199,
        "mean": 0.777503192425,
        "median": 0.789760887623,
        "min": 0.223574712873,
        "skew": -2.60839033127,
        "var": 0.00570137985051
    },
    "silence_rate_20dB": {
        "kurt": 0,
        "max": 1,
        "mean": 1,
        "median": 1,
        "min": 1,
        "skew": 0,
        "var": 0
    },
    "silence_rate_30dB": {
        "kurt": 0,
        "max": 1,
        "mean": 1,
        "median": 1,
        "min": 1,
        "skew": 0,
        "var": 0
    },
    "silence_rate_60dB": {
        "kurt": 32.4027099609,
        "max": 1,
        "mean": 0.973244130611,
        "median": 1,
        "min": 0,
        "skew": -5.86541557312,
        "var": 0.0260398797691
    },
    "spectral_centroid": {
        "kurt": 18.3269424438,
        "max": 10890.9804688,
        "mean": 2163.62548828,
        "median": 2029.81262207,
        "min": 290.419158936,
        "skew": 2.3467912674,
        "var": 606076
    },
    "spectral_complexity": {
        "kurt": 32.8984489441,
        "max": 26,
        "mean": 0.668896317482,
        "median": 0,
        "min": 0,
        "skew": 5.69865989685,
        "var": 11.4387893677
    },
    "spectral_crest": {
        "kurt": 12.6671514511,
        "max": 20.8017654419,
        "mean": 4.85528659821,
        "median": 4.24842834473,
        "min": 2.41559004784,
        "skew": 3.07061243057,
        "var": 5.10808563232
    },
    "spectral_decrease": {
        "kurt": 60.9041290283,
        "max": -5.17300509905e-29,
        "mean": -5.26755097874e-11,
        "median": -6.78548065175e-14,
        "min": -2.89705015533e-09,
        "skew": -7.1657333374,
        "var": 5.36666412683e-20
    },
    "spectral_energy": {
        "kurt": 57.9394950867,
        "max": 0.0133138932288,
        "mean": 0.000251074059634,
        "median": 2.96450480164e-07,
        "min": 1.06377325089e-20,
        "skew": 6.95424127579,
        "var": 1.15972034109e-06
    },
    "spectral_energyband_high": {
        "kurt": 62.3138046265,
        "max": 0.00248301913962,
        "mean": 4.31024855061e-05,
        "median": 1.14905640558e-08,
        "min": 7.44780175728e-21,
        "skew": 7.0067987442,
        "var": 3.54030298411e-08
    },
    "spectral_energyband_low": {
        "kurt": 50.2506904602,
        "max": 0.000171726293047,
        "mean": 2.71821818387e-06,
        "median": 5.24589616191e-09,
        "min": 9.31388317717e-23,
        "skew": 6.83991193771,
        "var": 2.29178259703e-10
    },
    "spectral_energyband_middle_high": {
        "kurt": 70.1083755493,
        "max": 0.0076257721521,
        "mean": 0.000136179107358,
        "median": 2.02701087915e-07,
        "min": 1.80518234251e-21,
        "skew": 7.21863412857,
        "var": 2.82172550214e-07
    },
    "spectral_energyband_middle_low": {
        "kurt": 91.6566848755,
        "max": 0.00545227900147,
        "mean": 7.12423498044e-05,
        "median": 6.22975662168e-08,
        "min": 2.72208913038e-22,
        "skew": 8.91781902313,
        "var": 1.69420616203e-07
    },
    "spectral_flatness_db": {
        "kurt": -0.757551193237,
        "max": 0.28525698185,
        "mean": 0.112802557647,
        "median": 0.11452127248,
        "min": 0.0404104553163,
        "skew": 0.218264013529,
        "var": 0.00181630195584
    },
    "spectral_flux": {
        "kurt": 14.3244609833,
        "max": 0.111540824175,
        "mean": 0.00595628516749,
        "median": 0.000379656295991,
        "min": 1.03139385921e-10,
        "skew": 3.62595319748,
        "var": 0.000212714294321
    },
    "spectral_kurtosis": {
        "kurt": -0.765231609344,
        "max": 11.9008111954,
        "mean": 4.21840429306,
        "median": 3.42463684082,
        "min": -1.19525837898,
        "skew": 0.657112717628,
        "var": 7.86242294312
    },
    "spectral_rms": {
        "kurt": 16.6639728546,
        "max": 0.00360404839739,
        "mean": 0.000197191955522,
        "median": 1.70064686245e-05,
        "min": 3.22153306635e-12,
        "skew": 3.78494167328,
        "var": 2.06065479347e-07
    },
    "spectral_rolloff": {
        "kurt": 32.2656097412,
        "max": 18647.7539062,
        "mean": 3754.5793457,
        "median": 3639.11132812,
        "min": 107.666015625,
        "skew": 3.10609555244,
        "var": 1418182.5
    },
    "spectral_skewness": {
        "kurt": -0.805547237396,
        "max": 2.62085080147,
        "mean": 1.54459095001,
        "median": 1.42517614365,
        "min": 0.0132987042889,
        "skew": 0.439515590668,
        "var": 0.203847974539
    },
    "spectral_spread": {
        "kurt": 8.70936012268,
        "max": 40666324,
        "mean": 6724562.5,
        "median": 5592365.5,
        "min": 2607599.25,
        "skew": 1.39737522602,
        "var": 1.19480348836e+13
    },
    "spectral_strongpeak": {
        "kurt": 67.2775497437,
        "max": 2.05595731735,
        "mean": 0.0501257479191,
        "median": 0.00318284798414,
        "min": 0,
        "skew": 6.71760082245,
        "var": 0.0211869850755
    },
    "zerocrossingrate": {
        "kurt": 16.3612670898,
        "max": 0.501953125,
        "mean": 0.119178727269,
        "median": 0.11181640625,
        "min": 0.037109375,
        "skew": 2.42619252205,
        "var": 0.00130067835562
    },
    "barkbands": {
        "kurt": [122.726219177, 83.0657653809, 45.6214561462, 124.083618164, 116.005432129, 125.641738892, 80.2759933472, 96.5268630981, 162.605682373, 76.1787033081, 271.960571289, 191.306213379, 86.0299224854, 128.109466553, 142.484558105, 251.4271698, 131.499908447, 86.3036499023, 49.6048965454, 96.4070205688, 60.8283576965, 60.6716003418, 56.0064659119, 39.0252952576, 52.4746246338, 84.6903762817, 80.7841873169],
        "max": [4.93159177495e-07, 6.83036050759e-05, 7.72500570747e-05, 7.63114658184e-05, 0.000134909205372, 0.000661114463583, 0.00184462603647, 0.00202856096439, 0.00127717398573, 0.000242592723225, 0.000394669477828, 0.000705893558916, 0.000537362473551, 0.000629754504189, 0.000859913881868, 0.00330460490659, 0.000960189208854, 0.00121164566372, 0.00128039589617, 0.00163049006369, 0.000861436652485, 0.00050888810074, 9.32666371227e-05, 3.07384107145e-05, 2.21146055992e-05, 1.19249193631e-06, 6.14303674595e-09],
        "mean": [7.4291346408e-09, 7.92209334577e-07, 1.39907365337e-06, 7.72497855905e-07, 1.50407140609e-06, 6.59813395032e-06, 2.369597496e-05, 2.44553120865e-05, 1.25651240523e-05, 4.31036596638e-06, 3.49039055436e-06, 6.78679907651e-06, 8.59026204125e-06, 8.41516612127e-06, 1.14118474812e-05, 2.46004383371e-05, 1.33948096845e-05, 2.06810709642e-05, 2.58695072262e-05, 2.53708803939e-05, 1.58937909873e-05, 7.72740622779e-06, 1.62228934641e-06, 7.33373781259e-07, 3.71238144226e-07, 1.45232368354e-08, 7.8031615891e-11],
        "median": [6.36947439236e-11, 1.78977299647e-09, 1.04564379377e-09, 4.47567788386e-10, 1.46402623358e-09, 6.68935440373e-09, 1.28754420459e-08, 1.2353172707e-08, 1.69249503301e-08, 1.59587134618e-08, 1.02623634035e-08, 1.54912171979e-08, 1.99345802088e-08, 1.74870642411e-08, 1.92295477319e-08, 1.73424155037e-08, 1.62266893255e-08, 1.86980457784e-08, 2.39740050034e-08, 1.24044232663e-08, 5.13520337364e-09, 1.11302966843e-09, 3.08124942228e-10, 2.16193368763e-10, 1.90756313523e-10, 1.60620163003e-11, 6.18554632428e-13],
        "min": [3.94163817625e-24, 4.85287286488e-23, 2.73252582326e-23, 2.67954150725e-23, 3.87147783397e-23, 2.91301151858e-23, 5.76434294961e-23, 7.29225923794e-23, 3.65841218327e-23, 2.68037202001e-23, 7.45216828541e-23, 1.00345656743e-22, 1.11583706089e-22, 1.7768742267e-22, 1.4832497217e-22, 1.85064496445e-22, 1.89155238799e-22, 3.09004717806e-22, 3.34037129729e-22, 3.94600114503e-22, 3.65813128568e-22, 4.29761374232e-22, 6.94883211384e-22, 7.49898598106e-22, 1.26762722765e-21, 1.72382803874e-21, 2.19980101102e-21],
        "skew": [9.37605571747, 8.43333721161, 6.61090660095, 9.67681121826, 9.36295604706, 9.87853240967, 8.35863113403, 9.21658992767, 11.805855751, 7.53306913376, 15.0859031677, 12.2324342728, 8.3523015976, 10.0719852448, 9.69663524628, 14.645190239, 9.26043987274, 8.1058473587, 6.39592981339, 8.78053760529, 6.86886501312, 6.99008750916, 6.79830694199, 6.03410339355, 6.71632146835, 8.27295589447, 7.89024543762],
        "var": [7.88694029468e-16, 2.38853728463e-11, 6.06077965593e-11, 1.92857847747e-11, 6.32788890731e-11, 1.45181466848e-09, 1.90144877621e-08, 2.34102852659e-08, 6.01950578272e-09, 2.63558730396e-10, 3.8791050927e-10, 1.35264932588e-09, 1.41372069606e-09, 1.47081757884e-09, 2.10316208893e-09, 2.77198264342e-08, 2.73415978747e-09, 7.74289343752e-09, 1.06083595242e-08, 1.3353656847e-08, 4.44577885617e-09, 1.35774114174e-09, 5.34371401295e-11, 1.12458887688e-11, 3.17374707244e-12, 6.19261171408e-15, 1.59709150464e-19],
        "cov": [[7.89574308459e-16, 7.50808716956e-14, 1.06942944355e-13, 5.50460793212e-14, 5.66698753624e-14, 2.58135553948e-13, 1.46160720246e-12, 1.5964765317e-12, 8.51376098527e-13, 1.55438514707e-13, 1.03788505568e-13, 2.61488476271e-13, 4.32021118098e-13, 4.31408543871e-13, 5.27999573317e-13, 1.6299326255e-12, 5.79930201083e-13, 8.54081616628e-13, 1.21436183591e-12, 1.31318404501e-12, 9.24342091584e-13, 4.29967476553e-13, 8.06370148063e-14, 4.20941933925e-14, 2.19589513809e-14, 9.30532078766e-16, 4.44374287722e-18], [7.50808716956e-14, 2.39120303419e-11, 3.3147321693e-11, 1.83848127694e-11, 2.05075505189e-11, 9.53508591528e-11, 4.96168994779e-10, 5.35071986718e-10, 2.51206833113e-10, 4.31526377132e-11, 3.93846344426e-11, 9.24307991257e-11, 1.28665286758e-10, 1.20996088149e-10, 1.39725273018e-10, 4.81005568709e-10, 1.32931693431e-10, 2.28628185828e-10, 3.32046112828e-10, 3.85395076963e-10, 2.49015308373e-10, 1.29347269007e-10, 2.3388778761e-11, 1.17062470828e-11, 6.22533361666e-12, 2.45723797213e-13, 1.34674596372e-15], [1.06942944355e-13, 3.3147321693e-11, 6.0675436897e-11, 2.78157340911e-11, 4.49664576407e-11, 2.09038925059e-10, 9.36275168506e-10, 1.00757380217e-09, 4.47207160192e-10, 8.2090598208e-11, 9.31567809004e-11, 2.04281702665e-10, 2.33443792075e-10, 2.19341989016e-10, 2.52377896359e-10, 8.3171020071e-10, 2.62842553278e-10, 4.09823008862e-10, 5.41655498232e-10, 6.90764889733e-10, 4.1573380849e-10, 2.14806492038e-10, 4.01203723022e-11, 1.91021747031e-11, 9.97156350546e-12, 4.19245123643e-13, 2.22822138819e-15], [5.50460793212e-14, 1.83848127694e-11, 2.78157340911e-11, 1.93073092236e-11, 2.34481652844e-11, 1.15382661758e-10, 4.91308604911e-10, 5.304039985e-10, 2.53268100936e-10, 4.49600703889e-11, 5.14296973064e-11, 1.1072182754e-10, 1.34057751011e-10, 1.30974592283e-10, 1.40919678704e-10, 5.43952771714e-10, 1.5278543708e-10, 2.40919312278e-10, 3.05363012654e-10, 4.36267105774e-10, 2.55392401671e-10, 1.12888934312e-10, 2.23371460217e-11, 1.0318581059e-11, 6.01033502481e-12, 2.04932140593e-13, 1.09064841085e-15], [5.66698753624e-14, 2.05075505189e-11, 4.49664576407e-11, 2.34481652844e-11, 6.33495131352e-11, 2.8655963713e-10, 8.69903593603e-10, 9.07581065857e-10, 3.60214469364e-10, 8.70593527824e-11, 1.27615487622e-10, 2.59786497869e-10, 2.02536168392e-10, 1.62775806722e-10, 2.41266701062e-10, 4.76045258768e-10, 2.22720938914e-10, 3.834473572e-10, 4.9304205163e-10, 5.77231151766e-10, 3.39309247366e-10, 1.91206009359e-10, 3.61646823599e-11, 1.61882573319e-11, 8.87052150483e-12, 3.6238533333e-13, 1.76191757463e-15], [2.58135553948e-13, 9.53508591528e-11, 2.09038925059e-10, 1.15382661758e-10, 2.8655963713e-10, 1.45343492797e-09, 4.585048341e-09, 4.8990962398e-09, 2.11121298221e-09, 4.68228955608e-10, 6.43984365833e-10, 1.31481336929e-09, 1.05560216124e-09, 8.89199103238e-10, 1.2441642161e-09, 2.80862688662e-09, 1.06345476869e-09, 1.87264403984e-09, 2.38054931323e-09, 2.98125590881e-09, 1.63912938778e-09, 8.33750957163e-10, 1.63485669447e-10, 7.04483485436e-11, 4.06465798519e-11, 1.43935742231e-12, 6.78972674321e-15], [1.46160720246e-12, 4.96168994779e-10, 9.36275168506e-10, 4.91308604911e-10, 8.69903593603e-10, 4.585048341e-09, 1.90357098973e-08, 2.09246593386e-08, 9.81249037579e-09, 1.56854829125e-09, 2.02040939534e-09, 4.48450121482e-09, 4.60235360933e-09, 4.28158442034e-09, 4.95643970311e-09, 1.59495137098e-08, 4.32802726991e-09, 6.4322978055e-09, 8.16732015352e-09, 1.25470673851e-08, 6.95908752846e-09, 3.11805181674e-09, 5.82864312371e-10, 2.69965244604e-10, 1.48412476753e-10, 5.19920478198e-12, 2.72667478196e-14], [1.5964765317e-12, 5.35071986718e-10, 1.00757380217e-09, 5.304039985e-10, 9.07581065857e-10, 4.8990962398e-09, 2.09246593386e-08, 2.34364136986e-08, 1.12511084893e-08, 1.67413194418e-09, 2.17110729395e-09, 4.84947237922e-09, 4.92385643369e-09, 4.68080063598e-09, 5.37974953474e-09, 1.73805609904e-08, 4.48534454023e-09, 6.2573315418e-09, 8.1788984474e-09, 1.34402977636e-08, 7.3807671086e-09, 3.14921644318e-09, 5.81658110566e-10, 2.70674177516e-10, 1.48768289354e-10, 5.06909878656e-12, 2.70144404215e-14], [8.51376098527e-13, 2.51206833113e-10, 4.47207160192e-10, 2.53268100936e-10, 3.60214469364e-10, 2.11121298221e-09, 9.81249037579e-09, 1.12511084893e-08, 6.02622396428e-09, 8.11931910594e-10, 8.10936207074e-10, 2.02200367561e-09, 2.35703923046e-09, 2.37580488616e-09, 2.39510411504e-09, 9.47906464432e-09, 2.30081909081e-09, 3.00517433161e-09, 3.7966261246e-09, 6.40010755504e-09, 3.69755137619e-09, 1.39114864073e-09, 2.7078481124e-10, 1.22779050815e-10, 7.00290589406e-11, 2.23524779415e-12, 1.17201026648e-14], [1.55438514707e-13, 4.31526377132e-11, 8.2090598208e-11, 4.49600703889e-11, 8.70593527824e-11, 4.68228955608e-10, 1.56854829125e-09, 1.67413194418e-09, 8.11931910594e-10, 2.63852883986e-10, 2.0828254399e-10, 3.92036764163e-10, 3.82356230011e-10, 3.61599583609e-10, 5.18697307328e-10, 1.15583631555e-09, 5.36961697328e-10, 1.09406905757e-09, 1.41647593654e-09, 1.30116173391e-09, 7.99559862763e-10, 4.27742063991e-10, 8.94833859788e-11, 3.89777828069e-11, 2.24344536004e-11, 8.29427347117e-13, 3.84634781436e-15], [1.03788505568e-13, 3.93846344426e-11, 9.31567809004e-11, 5.14296973064e-11, 1.27615487622e-10, 6.43984365833e-10, 2.02040939534e-09, 2.17110729395e-09, 8.10936207074e-10, 2.0828254399e-10, 3.88343440738e-10, 6.79828748851e-10, 4.67527905279e-10, 4.24856427816e-10, 7.12441827755e-10, 1.18106036062e-09, 4.82635542642e-10, 7.55493501092e-10, 9.64144541982e-10, 1.49223478019e-09, 6.95196344935e-10, 3.37480127177e-10, 6.28281732196e-11, 2.95141758255e-11, 1.64121979895e-11, 5.79757270837e-13, 2.82511385942e-15], [2.61488476271e-13, 9.24307991257e-11, 2.04281702665e-10, 1.1072182754e-10, 2.59786497869e-10, 1.31481336929e-09, 4.48450121482e-09, 4.84947237922e-09, 2.02200367561e-09, 3.92036764163e-10, 6.79828748851e-10, 1.35415889613e-09, 1.06532616062e-09, 9.46701383953e-10, 1.30854982405e-09, 2.99429436801e-09, 1.00276720261e-09, 1.51819412597e-09, 1.84366588662e-09, 2.95966029462e-09, 1.50053924841e-09, 6.726710855e-10, 1.288150836e-10, 5.73527857151e-11, 3.22447867018e-11, 1.151643776e-12, 5.60924911188e-15], [4.32021118098e-13, 1.28665286758e-10, 2.33443792075e-10, 1.34057751011e-10, 2.02536168392e-10, 1.05560216124e-09, 4.60235360933e-09, 4.92385643369e-09, 2.35703923046e-09, 3.82356230011e-10, 4.67527905279e-10, 1.06532616062e-09, 1.415298434e-09, 1.34664224216e-09, 1.3947252242e-09, 5.3378039766e-09, 1.52889345628e-09, 2.09859418732e-09, 2.18424034415e-09, 3.83272746873e-09, 2.08600670071e-09, 8.57458215542e-10, 1.74689845922e-10, 7.79890249603e-11, 4.29326400819e-11, 1.53974662881e-12, 8.23901409201e-15], [4.31408543871e-13, 1.20996088149e-10, 2.19341989016e-10, 1.30974592283e-10, 1.62775806722e-10, 8.89199103238e-10, 4.28158442034e-09, 4.68080063598e-09, 2.37580488616e-09, 3.61599583609e-10, 4.24856427816e-10, 9.46701383953e-10, 1.34664224216e-09, 1.47245915461e-09, 1.37365052666e-09, 5.92988635972e-09, 1.66664337886e-09, 2.13733342136e-09, 2.08944439528e-09, 3.94161459027e-09, 2.14244244567e-09, 7.66661456542e-10, 1.72267325405e-10, 7.51949197353e-11, 4.22201822114e-11, 1.41393765186e-12, 7.61652449688e-15], [5.27999573317e-13, 1.39725273018e-10, 2.52377896359e-10, 1.40919678704e-10, 2.41266701062e-10, 1.2441642161e-09, 4.95643970311e-09, 5.37974953474e-09, 2.39510411504e-09, 5.18697307328e-10, 7.12441827755e-10, 1.30854982405e-09, 1.3947252242e-09, 1.37365052666e-09, 2.10550932245e-09, 4.65202898425e-09, 1.60534896487e-09, 2.14859663394e-09, 2.75908718095e-09, 4.36422409322e-09, 2.18190110424e-09, 1.10102360562e-09, 1.92189514303e-10, 9.72726968418e-11, 5.04406759416e-11, 1.80940917631e-12, 9.64093578191e-15], [1.6299326255e-12, 4.81005568709e-10, 8.3171020071e-10, 5.43952771714e-10, 4.76045258768e-10, 2.80862688662e-09, 1.59495137098e-08, 1.73805609904e-08, 9.47906464432e-09, 1.15583631555e-09, 1.18106036062e-09, 2.99429436801e-09, 5.3378039766e-09, 5.92988635972e-09, 4.65202898425e-09, 2.7750763465e-08, 7.01229385669e-09, 8.61636184624e-09, 7.15735826162e-09, 1.59132227395e-08, 8.68524896447e-09, 2.69920108487e-09, 6.57530085935e-10, 2.86792339876e-10, 1.63610777704e-10, 5.04526281864e-12, 2.82210049736e-14], [5.79930201083e-13, 1.32931693431e-10, 2.62842553278e-10, 1.5278543708e-10, 2.22720938914e-10, 1.06345476869e-09, 4.32802726991e-09, 4.48534454023e-09, 2.30081909081e-09, 5.36961697328e-10, 4.82635542642e-10, 1.00276720261e-09, 1.52889345628e-09, 1.66664337886e-09, 1.60534896487e-09, 7.01229385669e-09, 2.73721134647e-09, 3.68017727403e-09, 3.56274965085e-09, 4.9706185834e-09, 3.00283375942e-09, 1.18505416591e-09, 2.91521862206e-10, 1.23050486467e-10, 6.79393000191e-11, 2.66339532894e-12, 1.41933744963e-14], [8.54081616628e-13, 2.28628185828e-10, 4.09823008862e-10, 2.40919312278e-10, 3.834473572e-10, 1.87264403984e-09, 6.4322978055e-09, 6.2573315418e-09, 3.00517433161e-09, 1.09406905757e-09, 7.55493501092e-10, 1.51819412597e-09, 2.09859418732e-09, 2.13733342136e-09, 2.14859663394e-09, 8.61636184624e-09, 3.68017727403e-09, 7.75153541355e-09, 7.65300089967e-09, 7.24977988753e-09, 4.70010474984e-09, 2.45000242316e-09, 5.52891676886e-10, 2.36778624485e-10, 1.31176500218e-10, 4.83422763625e-12, 2.40508330753e-14], [1.21436183591e-12, 3.32046112828e-10, 5.41655498232e-10, 3.05363012654e-10, 4.9304205163e-10, 2.38054931323e-09, 8.16732015352e-09, 8.1788984474e-09, 3.7966261246e-09, 1.41647593654e-09, 9.64144541982e-10, 1.84366588662e-09, 2.18424034415e-09, 2.08944439528e-09, 2.75908718095e-09, 7.15735826162e-09, 3.56274965085e-09, 7.65300089967e-09, 1.06201989425e-08, 7.98322563611e-09, 5.57802692924e-09, 3.21077919807e-09, 6.62735533119e-10, 2.95081376001e-10, 1.66460512041e-10, 6.53069482173e-12, 3.18039289294e-14], [1.31318404501e-12, 3.85395076963e-10, 6.90764889733e-10, 4.36267105774e-10, 5.77231151766e-10, 2.98125590881e-09, 1.25470673851e-08, 1.34402977636e-08, 6.40010755504e-09, 1.30116173391e-09, 1.49223478019e-09, 2.95966029462e-09, 3.83272746873e-09, 3.94161459027e-09, 4.36422409322e-09, 1.59132227395e-08, 4.9706185834e-09, 7.24977988753e-09, 7.98322563611e-09, 1.33685604808e-08, 6.93097801374e-09, 2.97483127021e-09, 6.41224684461e-10, 2.79465200981e-10, 1.59115415288e-10, 5.28882493356e-12, 2.90876975555e-14], [9.24342091584e-13, 2.49015308373e-10, 4.1573380849e-10, 2.55392401671e-10, 3.39309247366e-10, 1.63912938778e-09, 6.95908752846e-09, 7.3807671086e-09, 3.69755137619e-09, 7.99559862763e-10, 6.95196344935e-10, 1.50053924841e-09, 2.08600670071e-09, 2.14244244567e-09, 2.18190110424e-09, 8.68524896447e-09, 3.00283375942e-09, 4.70010474984e-09, 5.57802692924e-09, 6.93097801374e-09, 4.45074066491e-09, 1.94014604382e-09, 4.12942957606e-10, 1.85502946337e-10, 1.0466023187e-10, 4.12163966151e-12, 2.11017235451e-14], [4.29967476553e-13, 1.29347269007e-10, 2.14806492038e-10, 1.12888934312e-10, 1.91206009359e-10, 8.33750957163e-10, 3.11805181674e-09, 3.14921644318e-09, 1.39114864073e-09, 4.27742063991e-10, 3.37480127177e-10, 6.726710855e-10, 8.57458215542e-10, 7.66661456542e-10, 1.10102360562e-09, 2.69920108487e-09, 1.18505416591e-09, 2.45000242316e-09, 3.21077919807e-09, 2.97483127021e-09, 1.94014604382e-09, 1.35925648515e-09, 2.34282204747e-10, 1.13506828936e-10, 5.87563053767e-11, 2.40075515891e-12, 1.22429235871e-14], [8.06370148063e-14, 2.3388778761e-11, 4.01203723022e-11, 2.23371460217e-11, 3.61646823599e-11, 1.63485669447e-10, 5.82864312371e-10, 5.81658110566e-10, 2.7078481124e-10, 8.94833859788e-11, 6.28281732196e-11, 1.288150836e-10, 1.74689845922e-10, 1.72267325405e-10, 1.92189514303e-10, 6.57530085935e-10, 2.91521862206e-10, 5.52891676886e-10, 6.62735533119e-10, 6.41224684461e-10, 4.12942957606e-10, 2.34282204747e-10, 5.34967799226e-11, 2.20640086063e-11, 1.24267419271e-11, 4.66208289421e-13, 2.3599339527e-15], [4.20941933925e-14, 1.17062470828e-11, 1.91021747031e-11, 1.0318581059e-11, 1.61882573319e-11, 7.04483485436e-11, 2.69965244604e-10, 2.70674177516e-10, 1.22779050815e-10, 3.89777828069e-11, 2.95141758255e-11, 5.73527857151e-11, 7.79890249603e-11, 7.51949197353e-11, 9.72726968418e-11, 2.86792339876e-10, 1.23050486467e-10, 2.36778624485e-10, 2.95081376001e-10, 2.79465200981e-10, 1.85502946337e-10, 1.13506828936e-10, 2.20640086063e-11, 1.12584394932e-11, 5.47638757259e-12, 2.13907965776e-13, 1.13646357594e-15], [2.19589513809e-14, 6.22533361666e-12, 9.97156350546e-12, 6.01033502481e-12, 8.87052150483e-12, 4.06465798519e-11, 1.48412476753e-10, 1.48768289354e-10, 7.00290589406e-11, 2.24344536004e-11, 1.64121979895e-11, 3.22447867018e-11, 4.29326400819e-11, 4.22201822114e-11, 5.04406759416e-11, 1.63610777704e-10, 6.79393000191e-11, 1.31176500218e-10, 1.66460512041e-10, 1.59115415288e-10, 1.0466023187e-10, 5.87563053767e-11, 1.24267419271e-11, 5.47638757259e-12, 3.17728937778e-12, 1.18931462443e-13, 5.86220332548e-16], [9.30532078766e-16, 2.45723797213e-13, 4.19245123643e-13, 2.04932140593e-13, 3.6238533333e-13, 1.43935742231e-12, 5.19920478198e-12, 5.06909878656e-12, 2.23524779415e-12, 8.29427347117e-13, 5.79757270837e-13, 1.151643776e-12, 1.53974662881e-12, 1.41393765186e-12, 1.80940917631e-12, 5.04526281864e-12, 2.66339532894e-12, 4.83422763625e-12, 6.53069482173e-12, 5.28882493356e-12, 4.12163966151e-12, 2.40075515891e-12, 4.66208289421e-13, 2.13907965776e-13, 1.18931462443e-13, 6.19952307941e-15, 2.8222654729e-17], [4.44374287722e-18, 1.34674596372e-15, 2.22822138819e-15, 1.09064841085e-15, 1.76191757463e-15, 6.78972674321e-15, 2.72667478196e-14, 2.70144404215e-14, 1.17201026648e-14, 3.84634781436e-15, 2.82511385942e-15, 5.60924911188e-15, 8.23901409201e-15, 7.61652449688e-15, 9.64093578191e-15, 2.82210049736e-14, 1.41933744963e-14, 2.40508330753e-14, 3.18039289294e-14, 2.90876975555e-14, 2.11017235451e-14, 1.22429235871e-14, 2.3599339527e-15, 1.13646357594e-15, 5.86220332548e-16, 2.8222654729e-17, 1.59887394962e-19]]
    },
    "mfcc": {
        "kurt": [0.658449411392, -0.745617866516, -0.956400871277, 1.14007282257, -0.498067855835, -0.526595592499, 1.31848478317, 1.44726848602, 2.00243902206, 0.846483230591, 1.03145217896, 3.1982960701, 1.67707443237],
        "max": [-622.112609863, 110.740066528, 14.1735839844, 62.5242996216, 13.1830596924, 12.4724121094, 21.8766212463, 11.4327716827, 21.3134422302, 26.8827838898, 20.7444381714, 26.9713497162, 22.1172161102],
        "mean": [-1040.75695801, 23.5202636719, -29.0831661224, 0.313973784447, -9.89830589294, -7.15883684158, -2.52714371681, -3.78358840942, 0.524259269238, 3.23085260391, 2.54563045502, 1.64069390297, 1.69372427464],
        "median": [-1120.55419922, 13.4182853699, -3.83097839355, 8.01086425781e-05, -1.75076293945, -2.09087371826, -2.67028808594e-05, -5.34057617188e-05, -4.57763671875e-05, 0.7958984375, 0.474765777588, -3.0517578125e-05, -3.81469726562e-05],
        "min": [-1138.42004395, -58.1458206177, -118.53578186, -37.0436782837, -57.0849761963, -35.0588951111, -32.3523750305, -34.1242446899, -15.5668640137, -18.4172019958, -12.0524978638, -14.2857952118, -12.6679401398],
        "skew": [1.34016239643, 0.619747877121, -0.747031390667, 0.663234949112, -0.872177422047, -0.75106048584, -0.897740542889, -1.31478786469, 0.120554283261, 0.476341813803, 0.600245416164, 0.855124592781, 0.635526120663],
        "var": [18259.3515625, 665.29486084, 1342.42236328, 194.309158325, 185.817703247, 97.8498764038, 53.9748382568, 65.1697921753, 24.8225288391, 32.5296859741, 25.3899879456, 20.3339977264, 18.9208641052],
        "cov": [[18279.7304688, 2834.15185547, -3945.74267578, 1092.92700195, -1542.67419434, -769.145629883, -647.32409668, -737.888549805, -61.026222229, 90.1340255737, 91.675819397, 129.41847229, 84.8202590942], [2834.15185547, 666.037414551, -817.264526367, 56.0565299988, -279.81741333, -183.957595825, -93.666015625, -141.518157959, 1.52384102345, 55.7789077759, 36.934551239, 31.6871795654, 38.2749290466], [-3945.74267578, -817.264526367, 1343.9206543, -88.0622940063, 435.271331787, 275.130310059, 107.543190002, 202.153274536, 1.23438513279, -56.840057373, -14.0060338974, -10.4695005417, -27.494354248], [1092.92700195, 56.0565299988, -88.0622940063, 194.526016235, -61.7441368103, 10.0015773773, -47.6327438354, -39.8778648376, -3.53928160667, -23.6169986725, -13.1170740128, 1.49433290958, -11.0448389053], [-1542.67419434, -279.81741333, 435.271331787, -61.7441368103, 186.025100708, 98.2835464478, 51.2063941956, 79.4642181396, 6.75593423843, -4.51073026657, -2.92750310898, -4.16354751587, -5.50256967545], [-769.145629883, -183.957595825, 275.130310059, 10.0015773773, 98.2835464478, 97.9590835571, 30.3192424774, 45.237361908, 12.0852499008, -15.407661438, -6.5621676445, -1.4907194376, -5.47018480301], [-647.32409668, -93.666015625, 107.543190002, -47.6327438354, 51.2063941956, 30.3192424774, 54.0350761414, 36.9193191528, 9.80709552765, 1.4983881712, -5.12271595001, -8.00176334381, -3.61076903343], [-737.888549805, -141.518157959, 202.153274536, -39.8778648376, 79.4642181396, 45.237361908, 36.9193191528, 65.2425231934, 8.743683815, -3.7134783268, -0.972044765949, -7.94288158417, -7.69782686234], [-61.026222229, 1.52384102345, 1.23438513279, -3.53928160667, 6.75593423843, 12.0852499008, 9.80709552765, 8.743683815, 24.850233078, 11.9989547729, 2.37981653214, 3.2426276207, 3.51645302773], [90.1340255737, 55.7789077759, -56.840057373, -23.6169986725, -4.51073026657, -15.407661438, 1.4983881712, -3.7134783268, 11.9989547729, 32.565990448, 15.9725141525, 7.59096813202, 9.22892475128], [91.675819397, 36.934551239, -14.0060338974, -13.1170740128, -2.92750310898, -6.5621676445, -5.12271595001, -0.972044765949, 2.37981653214, 15.9725141525, 25.4183235168, 11.7323122025, 7.77624607086], [129.41847229, 31.6871795654, -10.4695005417, 1.49433290958, -4.16354751587, -1.4907194376, -8.00176334381, -7.94288158417, 3.2426276207, 7.59096813202, 11.7323122025, 20.3566913605, 10.712597847], [84.8202590942, 38.2749290466, -27.494354248, -11.0448389053, -5.50256967545, -5.47018480301, -3.61076903343, -7.69782686234, 3.51645302773, 9.22892475128, 7.77624607086, 10.712597847, 18.9419822693]]
    },
    "sccoeffs": {
        "kurt": [1.11785936356, 0.164146900177, 0.901041269302, 0.67950296402, 0.226310491562, -1.40026557446],
        "max": [-0.640001356602, -0.748947799206, -0.757920861244, -0.741529464722, -0.78074669838, -0.7127866745],
        "mean": [-0.85485637188, -0.88232922554, -0.891947031021, -0.889730632305, -0.884169399738, -0.844468474388],
        "median": [-0.865022540092, -0.888162493706, -0.897688567638, -0.895723044872, -0.888838171959, -0.866509139538],
        "min": [-0.969329416752, -0.964060604572, -0.956881284714, -0.962848246098, -0.964929044247, -0.961339056492],
        "skew": [1.02122986317, 0.649161040783, 0.850857019424, 0.83418571949, 0.726750850677, 0.403477221727],
        "var": [0.00279749580659, 0.00131056504324, 0.000997931347229, 0.000852720171679, 0.000808664015494, 0.00278200767934],
        "cov": [[0.00280061783269, 0.000797226093709, 0.000739527866244, 0.000755532935727, 0.000777237990405, 0.00135462649632], [0.000797226093709, 0.00131202768534, 0.000669684144668, 0.000680776312947, 0.000662526115775, 0.00124356371816], [0.000739527866244, 0.000669684144668, 0.000999045209028, 0.000594891665969, 0.000625918677542, 0.00113655091263], [0.000755532935727, 0.000680776312947, 0.000594891665969, 0.000853671866935, 0.000618577410933, 0.0011611803202], [0.000777237990405, 0.000662526115775, 0.000625918677542, 0.000618577410933, 0.000809566525277, 0.00122465915047], [0.00135462649632, 0.00124356371816, 0.00113655091263, 0.0011611803202, 0.00122465915047, 0.00278511270881]]
    },
    "scvalleys": {
        "kurt": [6.89988231659, 3.03019380569, 2.09001493454, 0.858182430267, 1.91231632233, 4.29972076416],
        "max": [-6.81321191788, -4.46935796738, -5.44749927521, -5.33097791672, -5.62942838669, -7.94038677216],
        "mean": [-11.5985403061, -10.4694890976, -10.6042299271, -10.7987356186, -10.9399147034, -13.1579465866],
        "median": [-11.864197731, -10.7748289108, -10.7228870392, -10.8969116211, -11.4988832474, -13.9270009995],
        "min": [-26.6884689331, -27.1296138763, -27.2421836853, -27.128364563, -27.1674556732, -27.1724758148],
        "skew": [-0.0822820216417, 0.00647915806621, -0.276876956224, -0.0980326905847, 0.143096670508, 0.809963047504],
        "var": [2.78999018669, 4.74840402603, 5.01206827164, 5.99951791763, 5.01603364944, 3.3045668602],
        "cov": [[2.79310393333, 3.27910399437, 3.27037763596, 3.64723658562, 3.40631532669, 2.75873208046], [3.27910399437, 4.75370359421, 4.7404127121, 5.17559146881, 4.69139623642, 3.51879096031], [3.27037763596, 4.7404127121, 5.01766204834, 5.4048833847, 4.82262897491, 3.43022942543], [3.64723658562, 5.17559146881, 5.4048833847, 6.00621366501, 5.35451030731, 3.81633353233], [3.40631532669, 4.69139623642, 4.82262897491, 5.35451030731, 5.02163219452, 3.77001261711], [2.75873208046, 3.51879096031, 3.43022942543, 3.81633353233, 3.77001261711, 3.3082549572]]
    }
},
"rhythm": {
    "beats_loudness": {
        "kurt": 0.615742921829,
        "max": 0.00134253071155,
        "mean": 0.000236877807765,
        "median": 2.51030587606e-06,
        "min": 3.58037866022e-09,
        "skew": 1.42599654198,
        "var": 1.61354279271e-07
    },
    "bpm": 113.440414429,
    "confidence": 1.91198599339,
    "first_peak_bpm": {
        "kurt": 0,
        "max": 115,
        "mean": 115,
        "median": 115,
        "min": 115,
        "skew": 0,
        "var": 0
    },
    "first_peak_spread": {
        "kurt": 0,
        "max": 0.5,
        "mean": 0.5,
        "median": 0.5,
        "min": 0.5,
        "skew": 0,
        "var": 0
    },
    "first_peak_weight": {
        "kurt": 0,
        "max": 0.1875,
        "mean": 0.1875,
        "median": 0.1875,
        "min": 0.1875,
        "skew": 0,
        "var": 0
    },
    "onset_rate": 1.10563182831,
    "second_peak_bpm": {
        "kurt": 0,
        "max": 99,
        "mean": 99,
        "median": 99,
        "min": 99,
        "skew": 0,
        "var": 0
    },
    "second_peak_spread": {
        "kurt": 0,
        "max": 0.416666686535,
        "mean": 0.416666686535,
        "median": 0.416666686535,
        "min": 0.416666686535,
        "skew": 0,
        "var": 0
    },
    "second_peak_weight": {
        "kurt": 0,
        "max": 0.21875,
        "mean": 0.21875,
        "median": 0.21875,
        "min": 0.21875,
        "skew": 0,
        "var": 0
    },
    "beats_loudness_band_ratio": {
        "kurt": [23.6028575897, 4.41512441635, -0.653717517853, -1.10184502602, -1.19746541977, -0.319202661514],
        "max": [0.586397409439, 0.129363894463, 0.332773506641, 0.452706426382, 0.464334189892, 0.955203831196],
        "mean": [0.0388280190527, 0.0308194421232, 0.13251388073, 0.177851676941, 0.275295734406, 0.366546154022],
        "median": [0.00968353636563, 0.0234429519624, 0.12209571898, 0.0973810777068, 0.307479023933, 0.291092485189],
        "min": [7.32061671442e-05, 0.000124107464217, 0.000304155080812, 0.00449404260144, 0.0412010140717, 0.0816956758499],
        "skew": [4.87840175629, 1.97394526005, 0.671688199043, 0.484938949347, -0.329707592726, 0.695939719677],
        "var": [0.0101231466979, 0.000683685997501, 0.00977488886565, 0.0177647899836, 0.014554426074, 0.0484658889472],
        "cov": [[0.0104394946247, 0.000295699719572, -0.00215385248885, -0.0034692811314, -0.0040887137875, -0.00131328520365], [0.000295699719572, 0.000705051177647, 0.00132318912074, 0.000510668265633, -0.000885376473889, -0.00184292183258], [-0.00215385248885, 0.00132318912074, 0.0100803542882, 0.00834181904793, -0.00297080539167, -0.0138484453782], [-0.0034692811314, 0.000510668265633, 0.00834181904793, 0.0183199401945, 0.00290593877435, -0.0252925995737], [-0.0040887137875, -0.000885376473889, -0.00297080539167, 0.00290593877435, 0.0150092523545, -0.00965834967792], [-0.00131328520365, -0.00184292183258, -0.0138484453782, -0.0252925995737, -0.00965834967792, 0.0499804466963]]
    },
    "beats_position": [0.847528338432, 1.69505667686, 2.54258489609, 3.36689329147, 4.19120168686, 4.79492044449, 5.39863920212, 6.01396799088, 6.62929677963, 7.22140598297, 7.81351470947, 8.4172334671, 9.0093421936, 9.58984088898, 10.1935596466, 10.8088884354, 11.4358272552, 11.9698867798, 12.4923353195, 13.0263938904, 13.572063446, 14.1409521103, 14.7098407745, 15.2322902679, 15.7663488388, 16.2887973785, 16.8228569031, 17.3453063965, 17.8561439514, 18.3785934448, 18.9010429382, 19.4467124939, 19.9807701111],
    "bpm_estimates": [112.34703064, 114.843849182, 112.347229004, 109.95665741, 114.843635559, 112.347229004, 114.843849182, 112.34703064, 114.843635559, 117.454170227, 114.843635559, 114.843635559, 109.95665741, 112.347427368],
    "bpm_intervals": [0.847528338432, 0.847528219223, 0.824308395386, 0.824308395386, 0.603718757629, 0.603718757629, 0.615328788757, 0.615328788757, 0.592109203339, 0.592108726501, 0.603718757629, 0.592108726501, 0.580498695374, 0.603718757629, 0.615328788757, 0.626938819885, 0.534059524536, 0.522448539734, 0.534058570862, 0.545669555664, 0.568888664246, 0.568888664246, 0.522449493408, 0.534058570862, 0.522448539734, 0.534059524536, 0.522449493408, 0.510837554932, 0.522449493408, 0.522449493408, 0.545669555664, 0.534057617188],
    "onset_times": [0.243809521198, 3.48299312592, 3.59909296036, 4.22603178024, 6.67573690414, 8.39401340485, 9.5666217804, 9.77560043335, 10.4605894089, 10.5418596268, 10.6927890778, 11.4126081467, 11.505487442, 11.6448068619, 11.9698867798, 12.1208162308, 13.479183197, 13.572063446, 14.7330608368, 15.7547388077, 16.7996368408, 16.8692970276, 18.8894329071],
    "histogram": [[0, 0, 0, 0, 0, 0, 0, 0, 0, 0, 0, 0, 0, 0, 0, 0, 0, 0, 0, 0, 0, 0, 0, 0, 0, 0, 0, 0, 0, 0, 0, 0, 0, 0, 0, 0, 0, 0, 0, 0, 0, 0, 0, 0, 0, 0, 0, 0, 0, 0, 0, 0, 0, 0, 0, 0, 0, 0, 0, 0, 0, 0, 0, 0, 0, 0, 0, 0, 0, 0, 0, 0.0625, 0, 0.0625, 0, 0, 0, 0, 0, 0, 0, 0, 0, 0, 0, 0, 0, 0, 0, 0, 0, 0, 0, 0, 0, 0, 0.03125, 0, 0.09375, 0.125, 0, 0.09375, 0, 0.03125, 0, 0.0625, 0, 0, 0, 0, 0.0625, 0, 0.15625, 0, 0, 0.1875, 0, 0.03125, 0, 0, 0, 0, 0, 0, 0, 0, 0, 0, 0, 0, 0, 0, 0, 0, 0, 0, 0, 0, 0, 0, 0, 0, 0, 0, 0, 0, 0, 0, 0, 0, 0, 0, 0, 0, 0, 0, 0, 0, 0, 0, 0, 0, 0, 0, 0, 0, 0, 0, 0, 0, 0, 0, 0, 0, 0, 0, 0, 0, 0, 0, 0, 0, 0, 0, 0, 0, 0, 0, 0, 0, 0, 0, 0, 0, 0, 0, 0, 0, 0, 0, 0, 0, 0, 0, 0, 0, 0, 0, 0, 0, 0, 0, 0, 0, 0, 0, 0, 0, 0, 0, 0, 0, 0, 0, 0, 0, 0, 0, 0, 0, 0, 0, 0, 0, 0, 0, 0, 0, 0, 0, 0, 0, 0, 0, 0, 0, 0, 0, 0, 0]]
},
"sfx": {
    "inharmonicity": {
        "kurt": -0.704367637634,
        "max": 0.392371475697,
        "mean": 0.099312774837,
        "median": 0.0667046085,
        "min": 0,
        "skew": 0.775159060955,
        "var": 0.0108677074313
    },
    "oddtoevenharmonicenergyratio": {
        "kurt": 38.3565483093,
        "max": 10.9880933762,
        "mean": 0.667102098465,
        "median": 0.542272567749,
        "min": 0,
        "skew": 3.85929131508,
        "var": 0.590298295021
    },
    "pitch_after_max_to_before_max_energy_ratio": 10.527674675,
    "pitch_centroid": 357.541290283,
    "pitch_max_to_total": 0.108138240874,
    "pitch_min_to_total": 0.649944245815,
    "tristimulus": {
        "kurt": [-1.34290802479, -0.87717628479, -1.39628112316],
        "max": [1, 0.809334993362, 1],
        "mean": [0.40096873045, 0.241108760238, 0.357922017574],
        "median": [0.221569597721, 0.241679951549, 0.33004707098],
        "min": [0, 0, 0],
        "skew": [0.63285946846, 0.332275390625, 0.247353851795],
        "var": [0.163574799895, 0.0417038314044, 0.105201095343],
        "cov": [[0.163757354021, -0.050094563514, -0.113662622869], [-0.050094563514, 0.0417503751814, 0.00834406819195], [-0.113662622869, 0.00834406819195, 0.105318501592]]
    }
},
"tonal": {
    "chords_changes_rate": 0.180400893092,
    "chords_number_rate": 0.0311804004014,
    "chords_strength": {
        "kurt": -0.287629365921,
        "max": 0.607523620129,
        "mean": 0.376341462135,
        "median": 0.373788177967,
        "min": 0.234162509441,
        "skew": 0.299638837576,
        "var": 0.00520944502205
    },
    "key_strength": 0.3262155056,
    "tuning_diatonic_strength": 0.282420575619,
    "tuning_equal_tempered_deviation": 0.26914075017,
    "tuning_frequency": 438.731048584,
    "tuning_nontempered_energy_ratio": 0.908872246742,
    "hpcp": {
        "kurt": [-1.12886214256, -1.05016994476, -1.01411879063, -0.947376012802, -0.944477558136, -1.00588178635, -0.981133460999, -0.976655483246, -0.948225021362, -0.892904758453, -0.830577135086, -0.896775007248, -0.807712316513, -0.55482840538, -0.575102090836, -0.693127393723, -0.851722002029, -0.787918567657, -0.531422138214, -0.511152505875, -0.35734128952, -0.3954641819, -0.391255378723, -0.604428052902, -0.673113107681, -0.464275836945, -0.613649845123, -0.696051597595, -0.678981304169, -0.787894010544, -0.972044706345, -1.08424437046, -1.14241933823, -1.12899494171, -1.2156034708, -1.07989454269],
        "max": [1, 1, 1, 1, 1, 1, 1, 1, 1, 1, 1, 1, 1, 1, 1, 1, 1, 1, 1, 1, 1, 1, 1, 1, 1, 1, 1, 1, 1, 1, 1, 1, 1, 1, 1, 1],
