{
"metadata": {
    "version": {
        "essentia": "2.1-beta3"
    }
},
"lowLevel": {
    "average_loudness": 0.732321321964,
    "barkbands_kurtosis": {
        "kurt": 6.53407096863,
        "max": 21.746547699,
        "mean": 1.54084897041,
        "median": 1.17202138901,
        "min": -1.71531665325,
        "skew": 1.55601513386,
        "var": 6.42562294006
    },
    "barkbands_skewness": {
        "kurt": 0.760230541229,
        "max": 3.00960326195,
        "mean": 0.620161771774,
        "median": 0.938901484013,
        "min": -2.4201900959,
        "skew": -1.03922700882,
        "var": 1.08945286274
    },
    "barkbands_spread": {
        "kurt": 1.90467739105,
        "max": 61.4126777649,
        "mean": 16.0082206726,
        "median": 14.8836622238,
        "min": 3.20995092392,
        "skew": 1.00314164162,
        "var": 63.6140518188
    },
    "dissonance": {
        "kurt": 10.2685155869,
        "max": 0.500000059605,
        "mean": 0.480401337147,
        "median": 0.4858494699,
        "min": 0.333154261112,
        "skew": -2.53915882111,
        "var": 0.000431784865214
    },
    "hfc": {
        "kurt": 138.526260376,
        "max": 356.065338135,
        "mean": 4.34484386444,
        "median": 0.00712992297485,
        "min": 2.45888554673e-06,
        "skew": 10.594660759,
        "var": 469.745422363
    },
    "pitch": {
        "kurt": -0.344947338104,
        "max": 4470.39501953,
        "mean": 1233.20349121,
        "median": 781.316162109,
        "min": 61.7623825073,
        "skew": 1.19425284863,
        "var": 1913077.875
    },
    "pitch_instantaneous_confidence": {
        "kurt": 0.0739102363586,
        "max": 0.719500660896,
        "mean": 0.310114741325,
        "median": 0.297650158405,
        "min": 0.145246565342,
        "skew": 0.55737888813,
        "var": 0.00769024109468
    },
    "pitch_salience": {
        "kurt": 4.99279785156,
        "max": 0.932022035122,
        "mean": 0.774768471718,
        "median": 0.783380627632,
        "min": 0.422626256943,
        "skew": -1.36649310589,
        "var": 0.00324912485667
    },
    "silence_rate_20dB": {
        "kurt": 0,
        "max": 1,
        "mean": 1,
        "median": 1,
        "min": 1,
        "skew": 0,
        "var": 0
    },
    "silence_rate_30dB": {
        "kurt": 0,
        "max": 1,
        "mean": 1,
        "median": 1,
        "min": 1,
        "skew": 0,
        "var": 0
    },
    "silence_rate_60dB": {
        "kurt": 5.60525608063,
        "max": 1,
        "mean": 0.904761910439,
        "median": 1,
        "min": 0,
        "skew": -2.75777173042,
        "var": 0.0861679166555
    },
    "spectral_centroid": {
        "kurt": 0.17849612236,
        "max": 3904.44873047,
        "mean": 1459.93273926,
        "median": 1052.78747559,
        "min": 161.998382568,
        "skew": 1.20159173012,
        "var": 699994.5625
    },
    "spectral_complexity": {
        "kurt": 13.5394592285,
        "max": 64,
        "mean": 3.48604273796,
        "median": 0,
        "min": 0,
        "skew": 3.3763115406,
        "var": 78.1577529907
    },
    "spectral_crest": {
        "kurt": 2.53613615036,
        "max": 20.4446315765,
        "mean": 7.20756673813,
        "median": 6.81929922104,
        "min": 3.04675769806,
        "skew": 1.14400136471,
        "var": 5.13746881485
    },
    "spectral_decrease": {
        "kurt": 156.819580078,
        "max": -2.6989172264e-16,
        "mean": -3.16591308724e-10,
        "median": -1.6041484547e-12,
        "min": -2.92627522214e-08,
        "skew": -11.4282312393,
        "var": 2.98379908136e-18
    },
    "spectral_energy": {
        "kurt": 152.941802979,
        "max": 0.142740353942,
        "mean": 0.00158897833899,
        "median": 6.64653725835e-06,
        "min": 1.24166021909e-09,
        "skew": 11.2484931946,
        "var": 7.18174269423e-05
    },
    "spectral_energyband_high": {
        "kurt": 83.9417037964,
        "max": 0.0193687155843,
        "mean": 0.000319844315527,
        "median": 4.88854325909e-08,
        "min": 4.4602183058e-11,
        "skew": 8.55289173126,
        "var": 2.21430173042e-06
    },
    "spectral_energyband_low": {
        "kurt": 219.343704224,
        "max": 0.00587484845892,
        "mean": 3.04740406136e-05,
        "median": 7.19268200555e-08,
        "min": 3.75031811162e-10,
        "skew": 14.2057886124,
        "var": 1.08589787828e-07
    },
    "spectral_energyband_middle_high": {
        "kurt": 174.931137085,
        "max": 0.0938890725374,
        "mean": 0.00101659726351,
        "median": 4.06932076658e-06,
        "min": 1.40372172219e-10,
        "skew": 11.8649463654,
        "var": 2.79765299638e-05
    },
    "spectral_energyband_middle_low": {
        "kurt": 153.071578979,
        "max": 0.0291102919728,
        "mean": 0.000261222972767,
        "median": 2.76233299701e-06,
        "min": 2.04968458872e-10,
        "skew": 11.7163009644,
        "var": 3.37175288223e-06
    },
    "spectral_flatness_db": {
        "kurt": -0.916623353958,
        "max": 0.299186766148,
        "mean": 0.171303465962,
        "median": 0.170824497938,
        "min": 0.0464175455272,
        "skew": 0.0329117998481,
        "var": 0.00243042549118
    },
    "spectral_flux": {
        "kurt": 35.8764915466,
        "max": 0.3754735291,
        "mean": 0.01496001333,
        "median": 0.0018344221171,
        "min": 0.000154553286848,
        "skew": 5.35461997986,
        "var": 0.00133492052555
    },
    "spectral_kurtosis": {
        "kurt": -0.163080692291,
        "max": 21.9839782715,
        "mean": 6.81826543808,
        "median": 5.89120674133,
        "min": -0.329092025757,
        "skew": 0.721605122089,
        "var": 21.4266757965
    },
    "spectral_rms": {
        "kurt": 31.2622947693,
        "max": 0.0118007995188,
        "mean": 0.000541580782738,
        "median": 8.05259405752e-05,
        "min": 1.10062524072e-06,
        "skew": 4.69534015656,
        "var": 1.25691337871e-06
    },
    "spectral_rolloff": {
        "kurt": -1.32401287556,
        "max": 5404.83398438,
        "mean": 2275.51879883,
        "median": 1593.45703125,
        "min": 236.865234375,
        "skew": 0.472290188074,
        "var": 1779028.125
    },
    "spectral_skewness": {
        "kurt": -0.89368891716,
        "max": 3.57015538216,
        "mean": 1.7771872282,
        "median": 1.81079101562,
        "min": 0.404243677855,
        "skew": 0.0702616423368,
        "var": 0.554404735565
    },
    "spectral_spread": {
        "kurt": 6.40889644623,
        "max": 15503788,
        "mean": 3793672,
        "median": 3565349.5,
        "min": 1654221.5,
        "skew": 1.66019117832,
        "var": 2.49564626944e+12
    },
    "spectral_strongpeak": {
        "kurt": 29.458770752,
        "max": 6.15592813492,
        "mean": 0.220435112715,
        "median": 0.0184496324509,
        "min": 0,
        "skew": 4.7000207901,
        "var": 0.341495573521
    },
    "zerocrossingrate": {
        "kurt": -0.0554292201996,
        "max": 0.1708984375,
        "mean": 0.079469576478,
        "median": 0.06396484375,
        "min": 0.02783203125,
        "skew": 1.10008919239,
        "var": 0.00130403507501
    },
    "barkbands": {
        "kurt": [91.9518890381, 145.337463379, 239.92805481, 266.307617188, 163.050888062, 235.547119141, 220.493453979, 144.990097046, 163.75769043, 232.548904419, 95.0191650391, 125.563522339, 79.8535614014, 160.005432129, 93.3360671997, 130.715072632, 187.738372803, 223.808685303, 162.029266357, 92.8365859985, 89.4129180908, 197.129516602, 224.250549316, 98.6795272827, 156.391387939, 185.970031738, 149.619918823],
        "max": [3.53860705218e-05, 0.000899835140444, 0.00291520310566, 0.00474369898438, 0.00483584357426, 0.00432350626215, 0.00748875457793, 0.00391925638542, 0.00538544217125, 0.0183894075453, 0.00328619894572, 0.00194794277195, 0.00111200392712, 0.00203028018586, 0.00150187604595, 0.00237328675576, 0.00760350655764, 0.0180426985025, 0.0299308337271, 0.0138621721417, 0.00838908087462, 0.00538920378312, 0.00178306293674, 0.000409828819102, 0.000454952998552, 3.35224285664e-05, 4.12562798147e-07],
        "mean": [3.86857124113e-07, 6.05908098805e-06, 1.38728773891e-05, 2.20369183808e-05, 3.5797165765e-05, 2.27748078032e-05, 4.35253896285e-05, 4.05335194955e-05, 6.40043072053e-05, 0.000131936496473, 5.21693145856e-05, 3.00443753076e-05, 2.46798754233e-05, 2.36074756685e-05, 2.3579579647e-05, 3.06449110212e-05, 7.10517269908e-05, 0.000179890994332, 0.000326889450662, 0.000237720378209, 0.000140514195664, 4.53938046121e-05, 1.29864447445e-05, 5.10177142132e-06, 3.54506300937e-06, 2.3019246953e-07, 3.02694358467e-09],
        "median": [1.00675479064e-09, 1.74135941222e-08, 2.91125452634e-08, 4.03027087259e-08, 1.42046317819e-07, 1.93909428958e-07, 2.32786504739e-07, 4.37789310581e-07, 1.04947594082e-06, 1.2938294276e-06, 8.75888474638e-07, 5.51426012407e-07, 1.52464792791e-07, 7.25900974885e-08, 5.66842430771e-08, 4.67162841744e-08, 7.22391675367e-08, 1.07748512335e-07, 9.91629107716e-08, 5.04529680256e-08, 2.11944701789e-08, 5.14850029276e-09, 8.82129203017e-10, 2.11768214076e-10, 8.31737942408e-11, 1.58127712313e-11, 9.06908716961e-13],
        "min": [4.6753326037e-12, 2.1122378846e-10, 8.39407293673e-11, 2.96805947875e-11, 5.54495130367e-11, 4.13532819099e-11, 1.82065907489e-11, 3.64255917096e-11, 1.98666343793e-11, 1.3824203067e-11, 8.58528005632e-12, 3.96420223037e-12, 8.69259265263e-12, 2.08854045169e-11, 5.15179045257e-12, 1.13460898662e-11, 8.62918677486e-12, 1.32601724739e-11, 6.61386093462e-12, 1.82511141616e-11, 1.17739836977e-11, 9.40088111523e-12, 4.99975625137e-12, 2.5822893086e-13, 2.28980517273e-13, 2.79698698691e-14, 1.43567934098e-15],
        "skew": [9.46064472198, 11.6749305725, 14.8290605545, 15.6266946793, 12.3005828857, 14.5295228958, 14.1511383057, 11.3312578201, 11.2518787384, 13.9304180145, 9.0891866684, 10.200799942, 8.00855636597, 11.8734636307, 8.65630531311, 10.7849245071, 12.3749198914, 13.2186584473, 11.7221107483, 8.92810440063, 8.56585025787, 12.7909145355, 13.7832279205, 9.47672462463, 11.6347560883, 12.651974678, 11.7883834839],
        "var": [9.40662304993e-12, 3.49693474178e-09, 2.46636719936e-08, 6.06832628591e-08, 1.0507175574e-07, 5.26207841745e-08, 1.73142623794e-07, 7.21072339616e-08, 9.34650401518e-08, 9.12660766517e-07, 5.5989215042e-08, 1.5659439967e-08, 8.4184357263e-09, 1.55296149273e-08, 1.06636193209e-08, 2.91097173033e-08, 1.76514120653e-07, 8.83655104644e-07, 3.20699382428e-06, 1.21345510706e-06, 3.71214639472e-07, 8.75577725878e-08, 8.97628638086e-09, 1.04366359999e-09, 7.56649798372e-10, 3.69023908653e-12, 7.61376158128e-16],
        "cov": [[9.42209504862e-12, 1.56814228269e-10, 3.70232428049e-10, 5.73770309042e-10, 8.79828154776e-10, 4.98466823373e-10, 7.22821247301e-10, 6.71812494524e-10, 6.85930645616e-10, 2.19683227165e-09, 4.77745953908e-10, 1.59708538061e-10, 1.603160521e-10, 2.28634652877e-10, 1.66741176422e-10, 2.78911060914e-10, 8.99301966228e-10, 1.95499660904e-09, 4.09017753e-09, 2.1359531921e-09, 1.30132649101e-09, 6.40238584371e-10, 1.96174729239e-10, 7.14145617642e-11, 5.36814273588e-11, 3.40694876824e-12, 6.41560779112e-14], [1.56814228269e-10, 3.50268614113e-09, 8.42798364431e-09, 1.28135075883e-08, 1.75674408354e-08, 1.15798277633e-08, 1.96360812055e-08, 1.41115661378e-08, 1.43728060564e-08, 4.57657698405e-08, 9.36743926871e-09, 3.67675911939e-09, 3.84717946389e-09, 6.27028917677e-09, 3.765943557e-09, 6.35702157581e-09, 2.01035597058e-08, 4.0313242522e-08, 8.61265121443e-08, 4.61588349765e-08, 2.51223823966e-08, 1.36530617922e-08, 4.59365034899e-09, 1.61234825491e-09, 1.29448707309e-09, 8.63531190998e-11, 1.48696116184e-12], [3.70232428049e-10, 8.42798364431e-09, 2.47042386547e-08, 3.85761538269e-08, 4.81147388598e-08, 3.31143041876e-08, 4.97626579943e-08, 3.79878422052e-08, 3.38636816366e-08, 1.35347747232e-07, 2.57969947626e-08, 9.58514068117e-09, 9.73930003312e-09, 1.50831098722e-08, 7.73472752513e-09, 1.75469239139e-08, 5.86618220666e-08, 1.22662200397e-07, 2.48586786711e-07, 1.22422875393e-07, 7.11547940568e-08, 3.9722912959e-08, 1.34968471954e-08, 4.06595956903e-09, 3.13268677665e-09, 2.16025836108e-10, 3.95448951362e-12], [5.73770309042e-10, 1.28135075883e-08, 3.85761538269e-08, 6.07830656918e-08, 7.58380096499e-08, 5.11954674209e-08, 7.60228857644e-08, 6.01227228003e-08, 5.33776152167e-08, 2.15111754187e-07, 4.13378877795e-08, 1.50898475937e-08, 1.48032173186e-08, 2.28790160151e-08, 1.16106484427e-08, 2.73761848746e-08, 9.18510778547e-08, 1.94616532667e-07, 3.97012343001e-07, 1.93491786149e-07, 1.14708534227e-07, 6.3000385353e-08, 2.11761719271e-08, 6.28296126237e-09, 4.82103201804e-09, 3.31500521478e-10, 6.17160185803e-12], [8.79828154776e-10, 1.75674408354e-08, 4.81147388598e-08, 7.58380096499e-08, 1.05244573945e-07, 6.2361465325e-08, 9.23449192669e-08, 8.24105157449e-08, 8.17141412313e-08, 2.73223832892e-07, 5.71701548324e-08, 1.87755535563e-08, 1.87361539616e-08, 2.9039441074e-08, 1.70157754553e-08, 3.52605944443e-08, 1.14598115886e-07, 2.40637120896e-07, 5.20005869475e-07, 2.59340936282e-07, 1.54739680625e-07, 8.00818185098e-08, 2.59890384768e-08, 8.35839752966e-09, 6.29970164923e-09, 4.21054857647e-10, 7.86798577679e-12], [4.98466823373e-10, 1.15798277633e-08, 3.31143041876e-08, 5.11954674209e-08, 6.2361465325e-08, 5.27073318324e-08, 8.25788077918e-08, 5.11257596258e-08, 4.1091318792e-08, 2.0379303578e-07, 4.00654656119e-08, 1.86316650996e-08, 1.67371503323e-08, 2.32138521739e-08, 1.41750611249e-08, 3.00213329751e-08, 8.89792204362e-08, 1.95998424601e-07, 3.45243421407e-07, 1.95021996774e-07, 1.03075215918e-07, 6.08050640949e-08, 2.05582182389e-08, 6.40432729071e-09, 5.19354115269e-09, 3.61882995792e-10, 5.63031262238e-12], [7.22821247301e-10, 1.96360812055e-08, 4.97626579943e-08, 7.60228857644e-08, 9.23449192669e-08, 8.25788077918e-08, 1.73427409322e-07, 9.17859992455e-08, 8.49443608786e-08, 3.35619233738e-07, 7.827278381e-08, 4.19779517813e-08, 3.04796401451e-08, 4.86911382325e-08, 3.27106413067e-08, 6.03829235502e-08, 1.47198846889e-07, 3.04075570057e-07, 6.08163247762e-07, 3.99501004722e-07, 1.85067136727e-07, 1.09347531918e-07, 3.58392959754e-08, 1.22816077308e-08, 1.11160174399e-08, 7.77343245328e-10, 1.03006726412e-11], [6.71812494524e-10, 1.41115661378e-08, 3.79878422052e-08, 6.01227228003e-08, 8.24105157449e-08, 5.11257596258e-08, 9.17859992455e-08, 7.22258306496e-08, 7.39691401463e-08, 2.37078921828e-07, 5.54128902763e-08, 2.15879456533e-08, 1.71863465681e-08, 2.76309837233e-08, 1.79655188504e-08, 3.56330005502e-08, 9.97704034944e-08, 2.05451073043e-07, 4.61234066051e-07, 2.56351000871e-07, 1.41893281125e-07, 7.23880049236e-08, 2.29944649988e-08, 7.75052555468e-09, 6.28476604092e-09, 4.24499407847e-10, 6.92984645362e-12], [6.85930645616e-10, 1.43728060564e-08, 3.38636816366e-08, 5.33776152167e-08, 8.17141412313e-08, 4.1091318792e-08, 8.49443608786e-08, 7.39691401463e-08, 9.36187660727e-08, 2.08248550848e-07, 5.43669607111e-08, 2.00390228855e-08, 1.5980084811e-08, 2.83922378941e-08, 1.89246804894e-08, 3.22564197575e-08, 8.57121378317e-08, 1.63088841987e-07, 4.43008019602e-07, 2.52066172379e-07, 1.36586365329e-07, 6.45911271135e-08, 1.99934522271e-08, 7.35439398269e-09, 6.05630523509e-09, 4.0269276802e-10, 6.53344609317e-12], [2.19683227165e-09, 4.57657698405e-08, 1.35347747232e-07, 2.15111754187e-07, 2.73223832892e-07, 2.0379303578e-07, 3.35619233738e-07, 2.37078921828e-07, 2.08248550848e-07, 9.14161830678e-07, 1.9443668009e-07, 8.12733844668e-08, 6.55198277855e-08, 9.3578101712e-08, 5.75866430097e-08, 1.29893450662e-07, 3.69721789184e-07, 8.30567387311e-07, 1.62649814683e-06, 8.98384769243e-07, 4.98541510296e-07, 2.67463065029e-07, 8.60587974216e-08, 2.68568705053e-08, 2.20076259438e-08, 1.48721657212e-09, 2.39738385394e-11], [4.77745953908e-10, 9.36743926871e-09, 2.57969947626e-08, 4.13378877795e-08, 5.71701548324e-08, 4.00654656119e-08, 7.827278381e-08, 5.54128902763e-08, 5.43669607111e-08, 1.9443668009e-07, 5.60813049333e-08, 2.44473312705e-08, 1.68822502644e-08, 2.24148859473e-08, 1.91425986173e-08, 3.76047353257e-08, 8.56313349118e-08, 1.81787029874e-07, 3.71008752609e-07, 2.34435162838e-07, 1.21045104606e-07, 6.38787440721e-08, 1.92442684011e-08, 6.84186929334e-09, 5.68458613515e-09, 3.8697459126e-10, 5.19532767501e-12], [1.59708538061e-10, 3.67675911939e-09, 9.58514068117e-09, 1.50898475937e-08, 1.87755535563e-08, 1.86316650996e-08, 4.19779517813e-08, 2.15879456533e-08, 2.00390228855e-08, 8.12733844668e-08, 2.44473312705e-08, 1.56851971411e-08, 9.40812849848e-09, 1.19331460269e-08, 1.06611155459e-08, 1.79967400982e-08, 3.78020885705e-08, 8.28675368325e-08, 1.5388251029e-07, 1.17308779579e-07, 5.54817063403e-08, 2.99508648993e-08, 9.10348507688e-09, 3.32636163058e-09, 2.95735724798e-09, 2.12189557591e-10, 2.37364034678e-12], [1.603160521e-10, 3.84717946389e-09, 9.73930003312e-09, 1.48032173186e-08, 1.87361539616e-08, 1.67371503323e-08, 3.04796401451e-08, 1.71863465681e-08, 1.5980084811e-08, 6.55198277855e-08, 1.68822502644e-08, 9.40812849848e-09, 8.43228153968e-09, 9.90654669408e-09, 7.73202568638e-09, 1.25458710087e-08, 3.19393897996e-08, 6.86613290668e-08, 1.20921114899e-07, 8.19557328668e-08, 4.15404102228e-08, 2.15138129533e-08, 7.05574976223e-09, 2.58447552248e-09, 2.08163442039e-09, 1.44195766438e-10, 1.94388016968e-12], [2.28634652877e-10, 6.27028917677e-09, 1.50831098722e-08, 2.28790160151e-08, 2.9039441074e-08, 2.32138521739e-08, 4.86911382325e-08, 2.76309837233e-08, 2.83922378941e-08, 9.3578101712e-08, 2.24148859473e-08, 1.19331460269e-08, 9.90654669408e-09, 1.55551571623e-08, 1.03453254852e-08, 1.67124927231e-08, 4.2962007285e-08, 8.63374225446e-08, 1.83105882456e-07, 1.17709703318e-07, 5.72923006814e-08, 3.06552365714e-08, 1.02498924903e-08, 3.66926022899e-09, 3.18700266178e-09, 2.20095969228e-10, 3.11135037005e-12], [1.66741176422e-10, 3.765943557e-09, 7.73472752513e-09, 1.16106484427e-08, 1.70157754553e-08, 1.41750611249e-08, 3.27106413067e-08, 1.79655188504e-08, 1.89246804894e-08, 5.75866430097e-08, 1.91425986173e-08, 1.06611155459e-08, 7.73202568638e-09, 1.03453254852e-08, 1.06811581801e-08, 1.45121710204e-08, 3.09671861487e-08, 6.21266735834e-08, 1.19857119785e-07, 9.52207415139e-08, 4.5526324044e-08, 2.18268230157e-08, 6.80532918906e-09, 2.89026691469e-09, 2.41838438164e-09, 1.67434177634e-10, 1.98990541926e-12], [2.78911060914e-10, 6.35702157581e-09, 1.75469239139e-08, 2.73761848746e-08, 3.52605944443e-08, 3.00213329751e-08, 6.03829235502e-08, 3.56330005502e-08, 3.22564197575e-08, 1.29893450662e-07, 3.76047353257e-08, 1.79967400982e-08, 1.25458710087e-08, 1.67124927231e-08, 1.45121710204e-08, 2.91575954492e-08, 6.34531431842e-08, 1.32050956836e-07, 2.43339030703e-07, 1.67072343515e-07, 7.97341499492e-08, 4.52363586589e-08, 1.40359217582e-08, 4.96230434521e-09, 4.20881418606e-09, 2.95860391741e-10, 3.54500868764e-12], [8.99301966228e-10, 2.01035597058e-08, 5.86618220666e-08, 9.18510778547e-08, 1.14598115886e-07, 8.89792204362e-08, 1.47198846889e-07, 9.97704034944e-08, 8.57121378317e-08, 3.69721789184e-07, 8.56313349118e-08, 3.78020885705e-08, 3.19393897996e-08, 4.2962007285e-08, 3.09671861487e-08, 6.34531431842e-08, 1.76804448415e-07, 3.75069163283e-07, 6.85477232309e-07, 4.02548295142e-07, 2.20515033789e-07, 1.16083441526e-07, 3.81591362952e-08, 1.2648852632e-08, 9.90531834333e-09, 6.83806511415e-10, 1.04401921136e-11], [1.95499660904e-09, 4.0313242522e-08, 1.22662200397e-07, 1.94616532667e-07, 2.40637120896e-07, 1.95998424601e-07, 3.04075570057e-07, 2.05451073043e-07, 1.63088841987e-07, 8.30567387311e-07, 1.81787029874e-07, 8.28675368325e-08, 6.86613290668e-08, 8.63374225446e-08, 6.21266735834e-08, 1.32050956836e-07, 3.75069163283e-07, 8.85108477178e-07, 1.50842015501e-06, 8.71837016803e-07, 5.00399210068e-07, 2.53777585613e-07, 8.25146102557e-08, 2.60656278783e-08, 2.04099119827e-08, 1.37978306558e-09, 2.15725666497e-11], [4.09017753e-09, 8.61265121443e-08, 2.48586786711e-07, 3.97012343001e-07, 5.20005869475e-07, 3.45243421407e-07, 6.08163247762e-07, 4.61234066051e-07, 4.43008019602e-07, 1.62649814683e-06, 3.71008752609e-07, 1.5388251029e-07, 1.20921114899e-07, 1.83105882456e-07, 1.19857119785e-07, 2.43339030703e-07, 6.85477232309e-07, 1.50842015501e-06, 3.2122684388e-06, 1.78385653271e-06, 1.02182514183e-06, 4.95950246204e-07, 1.59220348905e-07, 5.13183984197e-08, 4.12876133282e-08, 2.77687983719e-09, 4.54051726773e-11], [2.1359531921e-09, 4.61588349765e-08, 1.22422875393e-07, 1.93491786149e-07, 2.59340936282e-07, 1.95021996774e-07, 3.99501004722e-07, 2.56351000871e-07, 2.52066172379e-07, 8.98384769243e-07, 2.34435162838e-07, 1.17308779579e-07, 8.19557328668e-08, 1.17709703318e-07, 9.52207415139e-08, 1.67072343515e-07, 4.02548295142e-07, 8.71837016803e-07, 1.78385653271e-06, 1.2154508795e-06, 6.25700636192e-07, 2.96613734463e-07, 9.33978085982e-08, 3.29133023058e-08, 2.76852887282e-08, 1.92140259259e-09, 2.59559821553e-11], [1.30132649101e-09, 2.51223823966e-08, 7.11547940568e-08, 1.14708534227e-07, 1.54739680625e-07, 1.03075215918e-07, 1.85067136727e-07, 1.41893281125e-07, 1.36586365329e-07, 4.98541510296e-07, 1.21045104606e-07, 5.54817063403e-08, 4.15404102228e-08, 5.72923006814e-08, 4.5526324044e-08, 7.97341499492e-08, 2.20515033789e-07, 5.00399210068e-07, 1.02182514183e-06, 6.25700636192e-07, 3.71825194634e-07, 1.55184295636e-07, 4.92075571401e-08, 1.69940914674e-08, 1.32390161056e-08, 8.86526241306e-10, 1.41419610397e-11], [6.40238584371e-10, 1.36530617922e-08, 3.9722912959e-08, 6.3000385353e-08, 8.00818185098e-08, 6.08050640949e-08, 1.09347531918e-07, 7.23880049236e-08, 6.45911271135e-08, 2.67463065029e-07, 6.38787440721e-08, 2.99508648993e-08, 2.15138129533e-08, 3.06552365714e-08, 2.18268230157e-08, 4.52363586589e-08, 1.16083441526e-07, 2.53777585613e-07, 4.95950246204e-07, 2.96613734463e-07, 1.55184295636e-07, 8.77017853895e-08, 2.7390045787e-08, 8.74783445681e-09, 7.37441041565e-09, 5.15353537622e-10, 7.3889011229e-12], [1.96174729239e-10, 4.59365034899e-09, 1.34968471954e-08, 2.11761719271e-08, 2.59890384768e-08, 2.05582182389e-08, 3.58392959754e-08, 2.29944649988e-08, 1.99934522271e-08, 8.60587974216e-08, 1.92442684011e-08, 9.10348507688e-09, 7.05574976223e-09, 1.02498924903e-08, 6.80532918906e-09, 1.40359217582e-08, 3.81591362952e-08, 8.25146102557e-08, 1.59220348905e-07, 9.33978085982e-08, 4.92075571401e-08, 2.7390045787e-08, 8.99104968255e-09, 2.83131207368e-09, 2.34023889156e-09, 1.64416494308e-10, 2.4336207962e-12], [7.14145617642e-11, 1.61234825491e-09, 4.06595956903e-09, 6.28296126237e-09, 8.35839752966e-09, 6.40432729071e-09, 1.22816077308e-08, 7.75052555468e-09, 7.35439398269e-09, 2.68568705053e-08, 6.84186929334e-09, 3.32636163058e-09, 2.58447552248e-09, 3.66926022899e-09, 2.89026691469e-09, 4.96230434521e-09, 1.2648852632e-08, 2.60656278783e-08, 5.13183984197e-08, 3.29133023058e-08, 1.69940914674e-08, 8.74783445681e-09, 2.83131207368e-09, 1.04538022683e-09, 8.57264870202e-10, 5.86099710431e-11, 8.30295359376e-13], [5.36814273588e-11, 1.29448707309e-09, 3.13268677665e-09, 4.82103201804e-09, 6.29970164923e-09, 5.19354115269e-09, 1.11160174399e-08, 6.28476604092e-09, 6.05630523509e-09, 2.20076259438e-08, 5.68458613515e-09, 2.95735724798e-09, 2.08163442039e-09, 3.18700266178e-09, 2.41838438164e-09, 4.20881418606e-09, 9.90531834333e-09, 2.04099119827e-08, 4.12876133282e-08, 2.76852887282e-08, 1.32390161056e-08, 7.37441041565e-09, 2.34023889156e-09, 8.57264870202e-10, 7.57894302872e-10, 5.2142443141e-11, 6.87131016149e-13], [3.40694876824e-12, 8.63531190998e-11, 2.16025836108e-10, 3.31500521478e-10, 4.21054857647e-10, 3.61882995792e-10, 7.77343245328e-10, 4.24499407847e-10, 4.0269276802e-10, 1.48721657212e-09, 3.8697459126e-10, 2.12189557591e-10, 1.44195766438e-10, 2.20095969228e-10, 1.67434177634e-10, 2.95860391741e-10, 6.83806511415e-10, 1.37978306558e-09, 2.77687983719e-09, 1.92140259259e-09, 8.86526241306e-10, 5.15353537622e-10, 1.64416494308e-10, 5.86099710431e-11, 5.2142443141e-11, 3.69630845029e-12, 4.66192331321e-14], [6.41560779112e-14, 1.48696116184e-12, 3.95448951362e-12, 6.17160185803e-12, 7.86798577679e-12, 5.63031262238e-12, 1.03006726412e-11, 6.92984645362e-12, 6.53344609317e-12, 2.39738385394e-11, 5.19532767501e-12, 2.37364034678e-12, 1.94388016968e-12, 3.11135037005e-12, 1.98990541926e-12, 3.54500868764e-12, 1.04401921136e-11, 2.15725666497e-11, 4.54051726773e-11, 2.59559821553e-11, 1.41419610397e-11, 7.3889011229e-12, 2.4336207962e-12, 8.30295359376e-13, 6.87131016149e-13, 4.66192331321e-14, 7.62628443401e-16]]
    },
    "mfcc": {
        "kurt": [-0.184837818146, -0.61504817009, -1.49239706993, -0.843957662582, -0.31573176384, -0.382259845734, -0.560549736023, -0.386590957642, -0.306211709976, 0.439197540283, -0.188110351562, 0.612741231918, 1.1040763855],
        "max": [-471.306671143, 113.49433136, 41.8052711487, 55.650352478, 13.6536407471, 13.3671340942, 29.1396408081, 23.6243534088, 17.2160682678, 19.6901741028, 13.8179798126, 12.3853759766, 10.553527832],
        "mean": [-968.853942871, 60.3491134644, -27.8183364868, -1.81500136852, -30.8707923889, -18.8098678589, 3.84842157364, 2.64775943756, -2.52930450439, -3.93455910683, -4.8884267807, -5.16869592667, -4.97633981705],
        "median": [-1035.23132324, 59.5687942505, -14.0475921631, -1.7557182312, -29.3788108826, -16.1335372925, 3.03708267212, 3.02857208252, -2.54986572266, -3.91664123535, -5.06592178345, -5.25894165039, -4.10525512695],
        "min": [-1138.42004395, -8.01240158081, -114.364532471, -59.7657546997, -87.9636993408, -54.3836326599, -16.960105896, -19.85597229, -20.8058853149, -23.0914421082, -20.4365139008, -22.8365783691, -28.4777641296],
        "skew": [0.978569686413, -0.324672073126, -0.344901621342, 0.0743130519986, -0.353808641434, -0.592633724213, 0.229920297861, -0.0987532660365, 0.012516268529, 0.103134818375, 0.126277208328, -0.0316173136234, -0.827804863453],
        "var": [23058.78125, 627.165588379, 2473.14550781, 556.996643066, 453.053527832, 145.230270386, 78.8787918091, 60.7339782715, 42.3064117432, 31.1734619141, 30.9592189789, 28.0560760498, 37.9971122742],
        "cov": [[23096.7070312, 28.1169471741, -6224.77734375, 2089.53125, -2256.45117188, -407.512115479, 487.329315186, -118.515846252, -51.3165168762, 185.87121582, 160.370101929, -40.588596344, -470.117919922], [28.1169471741, 628.19708252, -342.526245117, -266.77911377, -212.419754028, -209.144851685, 108.2290802, 57.0132141113, 27.0131473541, 19.3256111145, 22.4842529297, 7.66898536682, -4.21798467636], [-6224.77734375, -342.526245117, 2477.21313477, -361.217376709, 891.875427246, 325.810668945, -260.346008301, 27.0333900452, -5.30515146255, -100.460220337, -76.644493103, -32.4247245789, 149.307495117], [2089.53125, -266.77911377, -361.217376709, 557.912719727, -50.746006012, 86.4473114014, -38.2146110535, -99.7955703735, -18.7233181, -2.9506790638, 6.70959424973, -11.0614671707, -45.0131988525], [-2256.45117188, -212.419754028, 891.875427246, -50.746006012, 453.798675537, 137.928085327, -93.7908630371, -12.3875322342, -14.9824333191, -33.9756240845, -26.2147941589, -1.4703758955, 67.5586929321], [-407.512115479, -209.144851685, 325.810668945, 86.4473114014, 137.928085327, 145.46913147, -51.128993988, -16.7015514374, -10.7120485306, -17.5022773743, -11.5593519211, -8.79003238678, 6.05249023438], [487.329315186, 108.2290802, -260.346008301, -38.2146110535, -93.7908630371, -51.128993988, 79.0085220337, 26.6582164764, 15.2882528305, 18.5821609497, 9.93559265137, 9.74930095673, -8.88003730774], [-118.515846252, 57.0132141113, 27.0333900452, -99.7955703735, -12.3875322342, -16.7015514374, 26.6582164764, 60.8338699341, 19.1380386353, 10.1333036423, 6.23457241058, 0.221246600151, 6.6662402153], [-51.3165168762, 27.0131473541, -5.30515146255, -18.7233181, -14.9824333191, -10.7120485306, 15.2882528305, 19.1380386353, 42.375995636, 17.2617588043, 7.07114028931, 2.01088023186, 2.82311534882], [185.87121582, 19.3256111145, -100.460220337, -2.9506790638, -33.9756240845, -17.5022773743, 18.5821609497, 10.1333036423, 17.2617588043, 31.22473526, 14.3777627945, 6.38018703461, -2.3713312149], [160.370101929, 22.4842529297, -76.644493103, 6.70959424973, -26.2147941589, -11.5593519211, 9.93559265137, 6.23457241058, 7.07114028931, 14.3777627945, 31.010137558, 15.2754163742, 3.1042330265], [-40.588596344, 7.66898536682, -32.4247245789, -11.0614671707, -1.4703758955, -8.79003238678, 9.74930095673, 0.221246600151, 2.01088023186, 6.38018703461, 15.2754163742, 28.1022205353, 14.3393526077], [-470.117919922, -4.21798467636, 149.307495117, -45.0131988525, 67.5586929321, 6.05249023438, -8.88003730774, 6.6662402153, 2.82311534882, -2.3713312149, 3.1042330265, 14.3393526077, 38.0596084595]]
    },
    "sccoeffs": {
        "kurt": [1.09684753418, 0.0253119468689, 2.02533817291, 0.0289700031281, 0.239337682724, -0.399055719376],
        "max": [-0.587671101093, -0.653568148613, -0.66873717308, -0.750732958317, -0.7055965662, -0.485051572323],
        "mean": [-0.807625472546, -0.834056615829, -0.86073833704, -0.862119972706, -0.864469051361, -0.72222417593],
        "median": [-0.816169261932, -0.841779410839, -0.866687238216, -0.865447878838, -0.876229703426, -0.745310664177],
        "min": [-0.928231179714, -0.961215794086, -0.943302810192, -0.926394402981, -0.928989470005, -0.900516808033],
        "skew": [0.93932980299, 0.601467490196, 1.07212650776, 0.565308272839, 0.95045119524, 0.544990360737],
        "var": [0.00389061705209, 0.00253128958866, 0.00144257745706, 0.0011144510936, 0.00170151761267, 0.00689404271543],
        "cov": [[0.00389701593667, 0.00129576690961, 0.00112147827167, 0.000929703062866, 0.00138196209446, 0.00181461300235], [0.00129576690961, 0.00253545306623, 0.000891849282198, 0.000743083481211, 0.00102178764064, 0.0024108493235], [0.00112147827167, 0.000891849282198, 0.00144495011773, 0.000693170819432, 0.00103292032145, 0.00134119554423], [0.000929703062866, 0.000743083481211, 0.000693170819432, 0.00111628405284, 0.000953860406298, 0.00123270135373], [0.00138196209446, 0.00102178764064, 0.00103292032145, 0.000953860406298, 0.00170431623701, 0.0016072250437], [0.00181461300235, 0.0024108493235, 0.00134119554423, 0.00123270135373, 0.0016072250437, 0.00690538156778]]
    },
    "scvalleys": {
        "kurt": [5.20774555206, 0.59415268898, -0.818538665771, -0.985873699188, -0.934719324112, 0.349914312363],
        "max": [-4.61217546463, -4.12106895447, -4.44378566742, -5.11572265625, -4.69069099426, -6.5006518364],
        "mean": [-10.0403337479, -8.95415401459, -8.5737361908, -9.77926540375, -9.75988674164, -13.9330196381],
        "median": [-10.2528991699, -9.21436500549, -8.64786052704, -10.2607965469, -10.7991142273, -14.9029855728],
        "min": [-13.0866298676, -13.731637001, -14.4554958344, -14.9171228409, -14.9165182114, -17.0924701691],
        "skew": [1.75824868679, 0.675192296505, 0.0334184914827, 0.451269686222, 0.662437558174, 1.21165561676],
        "var": [1.20248913765, 1.73635721207, 2.9021627903, 3.40452623367, 4.2982544899, 6.22689437866],
        "cov": [[1.20446681976, 1.11129915714, 1.1776342392, 1.45144426823, 1.71876168251, 2.11204767227], [1.11129915714, 1.73921298981, 2.08911728859, 2.28894233704, 2.54588294029, 2.37672710419], [1.1776342392, 2.08911728859, 2.90693593025, 3.00415682793, 3.23306894302, 2.60140776634], [1.45144426823, 2.28894233704, 3.00415682793, 3.41012573242, 3.75324010849, 3.38250136375], [1.71876168251, 2.54588294029, 3.23306894302, 3.75324010849, 4.30532407761, 4.12367248535], [2.11204767227, 2.37672710419, 2.60140776634, 3.38250136375, 4.12367248535, 6.23713588715]]
    }
},
"rhythm": {
    "beats_loudness": {
        "kurt": 13.7885799408,
        "max": 0.0357559509575,
        "mean": 0.0024276629556,
        "median": 5.50405165995e-05,
        "min": 6.00132921136e-07,
        "skew": 3.78817844391,
        "var": 5.54921462026e-05
    },
    "bpm": 117.770835876,
    "confidence": 2.37573575974,
    "first_peak_bpm": {
        "kurt": 0,
        "max": 117,
        "mean": 117,
        "median": 117,
        "min": 117,
        "skew": 0,
        "var": 0
    },
    "first_peak_spread": {
        "kurt": 0,
        "max": 0.333333313465,
        "mean": 0.333333313465,
        "median": 0.333333313465,
        "min": 0.333333313465,
        "skew": 0,
        "var": 0
    },
    "first_peak_weight": {
        "kurt": 0,
        "max": 0.260869562626,
        "mean": 0.260869562626,
        "median": 0.260869562626,
        "min": 0.260869562626,
        "skew": 0,
        "var": 0
    },
    "onset_rate": 0.779478728771,
    "second_peak_bpm": {
        "kurt": 0,
        "max": 103,
        "mean": 103,
        "median": 103,
        "min": 103,
        "skew": 0,
        "var": 0
    },
    "second_peak_spread": {
        "kurt": 0,
        "max": 0.444444477558,
        "mean": 0.444444477558,
        "median": 0.444444477558,
        "min": 0.444444477558,
        "skew": 0,
        "var": 0
    },
    "second_peak_weight": {
        "kurt": 0,
        "max": 0.217391297221,
        "mean": 0.217391297221,
        "median": 0.217391297221,
        "min": 0.217391297221,
        "skew": 0,
        "var": 0
    },
    "beats_loudness_band_ratio": {
        "kurt": [6.64951324463, 5.93911075592, -1.29403889179, -1.06339156628, -0.71360373497, -1.01710224152],
        "max": [0.417628914118, 0.560010671616, 0.481301635504, 0.662247538567, 0.333295851946, 0.531193733215],
        "mean": [0.0545847155154, 0.0876522734761, 0.273498117924, 0.314787626266, 0.132870912552, 0.18569123745],
        "median": [0.0103206578642, 0.0281811133027, 0.275701284409, 0.327787160873, 0.117623507977, 0.0948056206107],
        "min": [0.000470472470624, 0.00243648700416, 0.0317030847073, 0.0672044679523, 0.0238389149308, 0.0142443431541],
        "skew": [2.61965179443, 2.38950037956, -0.242634370923, 0.114726267755, 0.627007246017, 0.739143848419],
        "var": [0.00901045743376, 0.0155407236889, 0.0198920182884, 0.0279847979546, 0.00854631513357, 0.0323647521436],
        "cov": [[0.00940221641213, 0.00498880818486, -0.00214011757635, -0.00813752878457, -0.00178867368959, -0.00125051150098], [0.00498880818486, 0.0162164084613, 0.0040051676333, -0.00398251553997, -0.00624861288816, -0.00927150808275], [-0.00214011757635, 0.0040051676333, 0.0207568891346, 0.0114977266639, -0.0100052431226, -0.0218187980354], [-0.00813752878457, -0.00398251553997, 0.0114977266639, 0.0292015280575, -0.00873808655888, -0.0209113694727], [-0.00178867368959, -0.00624861288816, -0.0100052431226, -0.00873808655888, 0.00891789421439, 0.0159083120525], [-0.00125051150098, -0.00927150808275, -0.0218187980354, -0.0209113694727, 0.0159083120525, 0.0337719172239]]
    },
    "beats_position": [0.487619042397, 0.986848056316, 1.49768710136, 2.00852608681, 2.51936507225, 3.03020405769, 3.52943301201, 4.06349182129, 4.57433080673, 5.08516979218, 5.60761880875, 6.18811798096, 6.78022670746, 7.36072540283, 7.95283412933, 8.53333282471, 9.11383247375, 9.69433116913, 10.2980499268, 10.9133787155, 11.5403175354, 12.1324262619, 12.782585144, 13.4211339951],
    "bpm_estimates": [120.185325623, 117.453826904, 117.453842163, 117.453842163, 117.453842163, 120.185333252, 117.453842163, 117.453842163, 114.843742371],
    "bpm_intervals": [0.49922901392, 0.510839045048, 0.510838985443, 0.510838985443, 0.510838985443, 0.499228954315, 0.53405880928, 0.510838985443, 0.510838985443, 0.522449016571, 0.580499172211, 0.592108726501, 0.580498695374, 0.592108726501, 0.580498695374, 0.580499649048, 0.580498695374, 0.603718757629, 0.615328788757, 0.626938819885, 0.592108726501, 0.650158882141, 0.638548851013],
    "onset_times": [0.139319732785, 0.336689352989, 2.02013611794, 2.14784574509, 4.07510185242, 4.17959165573, 5.61922883987, 7.37233543396, 7.47682523727, 9.70594120026, 12.1324262619],
    "histogram": [[0, 0, 0, 0, 0, 0, 0, 0, 0, 0, 0, 0, 0, 0, 0, 0, 0, 0, 0, 0, 0, 0, 0, 0, 0, 0, 0, 0, 0, 0, 0, 0, 0, 0, 0, 0, 0, 0, 0, 0, 0, 0, 0, 0, 0, 0, 0, 0, 0, 0, 0, 0, 0, 0, 0, 0, 0, 0, 0, 0, 0, 0, 0, 0, 0, 0, 0, 0, 0, 0, 0, 0, 0, 0, 0, 0, 0, 0, 0, 0, 0, 0, 0, 0, 0, 0, 0, 0, 0, 0, 0, 0, 0.0434782616794, 0, 0.0434782616794, 0, 0.0434782616794, 0, 0.0434782616794, 0.0434782616794, 0, 0.130434781313, 0, 0.217391297221, 0, 0, 0, 0, 0, 0, 0, 0, 0.0434782616794, 0, 0, 0.0434782616794, 0, 0.260869562626, 0, 0, 0.0869565233588, 0, 0, 0, 0, 0, 0, 0, 0, 0, 0, 0, 0, 0, 0, 0, 0, 0, 0, 0, 0, 0, 0, 0, 0, 0, 0, 0, 0, 0, 0, 0, 0, 0, 0, 0, 0, 0, 0, 0, 0, 0, 0, 0, 0, 0, 0, 0, 0, 0, 0, 0, 0, 0, 0, 0, 0, 0, 0, 0, 0, 0, 0, 0, 0, 0, 0, 0, 0, 0, 0, 0, 0, 0, 0, 0, 0, 0, 0, 0, 0, 0, 0, 0, 0, 0, 0, 0, 0, 0, 0, 0, 0, 0, 0, 0, 0, 0, 0, 0, 0, 0, 0, 0, 0, 0, 0, 0, 0, 0, 0, 0, 0, 0, 0, 0, 0, 0, 0, 0, 0, 0, 0, 0, 0, 0, 0, 0, 0, 0]]
},
"sfx": {
    "inharmonicity": {
        "kurt": 1.27064323425,
        "max": 0.402859389782,
        "mean": 0.0722700059414,
        "median": 0.0212487000972,
        "min": 0,
        "skew": 1.51424515247,
        "var": 0.00985646061599
    },
    "oddtoevenharmonicenergyratio": {
        "kurt": 17.4797992706,
        "max": 8.40120887756,
        "mean": 0.550664484501,
        "median": 0.124961130321,
        "min": 0,
        "skew": 3.4173207283,
        "var": 0.833863258362
    },
    "pitch_after_max_to_before_max_energy_ratio": 0.681216955185,
    "pitch_centroid": 270.174316406,
    "pitch_max_to_total": 0.525451540947,
    "pitch_min_to_total": 0.147783249617,
    "tristimulus": {
        "kurt": [-1.35285139084, -0.690638303757, -0.123272418976],
        "max": [1, 0.820241570473, 1],
        "mean": [0.49087959528, 0.266926914454, 0.242193460464],
        "median": [0.470743775368, 0.284609258175, 0.142195984721],
        "min": [0, 0, 0],
        "skew": [0.181041166186, 0.0873706564307, 0.857129991055],
        "var": [0.124386176467, 0.0360196344554, 0.0612349547446],
        "cov": [[0.12459076196, -0.0496670529246, -0.0749238580465], [-0.0496670529246, 0.0360788777471, 0.0135882124305], [-0.0749238580465, 0.0135882124305, 0.0613356716931]]
    }
},
"tonal": {
    "chords_changes_rate": 0.226229503751,
    "chords_number_rate": 0.0360655747354,
    "chords_strength": {
        "kurt": -0.612796545029,
        "max": 0.457737386227,
        "mean": 0.338924705982,
        "median": 0.345193505287,
        "min": 0.212785035372,
        "skew": -0.310099899769,
        "var": 0.00267850444652
    },
    "key_strength": 0.231122434139,
    "tuning_diatonic_strength": 0.231168106198,
    "tuning_equal_tempered_deviation": 0.254349797964,
    "tuning_frequency": 434.695007324,
    "tuning_nontempered_energy_ratio": 0.894437551498,
    "hpcp": {
        "kurt": [-0.784751653671, -0.7124812603, -0.459248781204, -0.328021526337, -0.429403543472, -0.199755907059, -0.130737304688, -0.144068002701, 0.0999777317047, 0.193243026733, 0.508826971054, 0.306332111359, -0.444313049316, 0.885610342026, 1.44712209702, 0.80800652504, 1.97122049332, 1.06814336777, 1.17575502396, 0.601753950119, 1.99978160858, 3.59060192108, 1.21987438202, 0.890780925751, -0.0923614501953, 0.38273525238, 0.0447859764099, -0.0306105613708, -0.190067768097, -0.134515762329, -0.607745885849, -1.0070463419, -0.744476795197, -0.606620073318, -0.822880506516, -1.07752645016],
        "max": [1, 1, 1, 1, 1, 1, 1, 1, 1, 1, 1, 1, 0.93711912632, 1, 1, 1, 1, 1, 1, 1, 1, 1, 1, 1, 1, 1, 1, 1, 1, 1, 1, 1, 1, 1, 1, 1],
