{
"metadata": {
    "version": {
        "essentia": "2.1-beta3"
    }
},
"lowLevel": {
    "average_loudness": 0.34156575799,
    "barkbands_kurtosis": {
        "kurt": 5.501745224,
        "max": 10.268362999,
        "mean": 0.453112304211,
        "median": 0.0426889657974,
        "min": -1.56678545475,
        "skew": 2.09027028084,
        "var": 3.98100352287
    },
    "barkbands_skewness": {
        "kurt": -0.140335559845,
        "max": 1.70334863663,
        "mean": 0.203900292516,
        "median": 0.551475763321,
        "min": -2.57773280144,
        "skew": -0.916708946228,
        "var": 0.974073827267
    },
    "barkbands_spread": {
        "kurt": -1.04257369041,
        "max": 43.9650878906,
        "mean": 22.4493598938,
        "median": 22.9403934479,
        "min": 4.38803672791,
        "skew": -0.0355024375021,
        "var": 108.493659973
    },
    "dissonance": {
        "kurt": 11.2591514587,
        "max": 0.500000178814,
        "mean": 0.482633322477,
        "median": 0.486834734678,
        "min": 0.363035291433,
        "skew": -2.75965499878,
        "var": 0.000379736215109
    },
    "hfc": {
        "kurt": 21.3960609436,
        "max": 110.862876892,
        "mean": 5.28363704681,
        "median": 0.012702152133,
        "min": 9.12776595214e-05,
        "skew": 4.15632915497,
        "var": 214.431213379
    },
    "pitch": {
        "kurt": -1.31358528137,
        "max": 4401.58398438,
        "mean": 1509.59179688,
        "median": 578.926086426,
        "min": 89.2743301392,
        "skew": 0.755258500576,
        "var": 2621155
    },
    "pitch_instantaneous_confidence": {
        "kurt": 0.49928855896,
        "max": 0.529562950134,
        "mean": 0.265001922846,
        "median": 0.246743410826,
        "min": 0.12744051218,
        "skew": 0.909485638142,
        "var": 0.00752419233322
    },
    "pitch_salience": {
        "kurt": 2.19466543198,
        "max": 0.874897122383,
        "mean": 0.776785969734,
        "median": 0.779167175293,
        "min": 0.589788973331,
        "skew": -0.829432487488,
        "var": 0.00199314812198
    },
    "silence_rate_20dB": {
        "kurt": 0,
        "max": 1,
        "mean": 1,
        "median": 1,
        "min": 1,
        "skew": 0,
        "var": 0
    },
    "silence_rate_30dB": {
        "kurt": 0,
        "max": 1,
        "mean": 1,
        "median": 1,
        "min": 1,
        "skew": 0,
        "var": 0
    },
    "silence_rate_60dB": {
        "kurt": 1.56674575806,
        "max": 1,
        "mean": 0.843283593655,
        "median": 1,
        "min": 0,
        "skew": -1.88858628273,
        "var": 0.132156759501
    },
    "spectral_centroid": {
        "kurt": -0.315328598022,
        "max": 4327.73730469,
        "mean": 1793.41345215,
        "median": 1387.05688477,
        "min": 610.680480957,
        "skew": 0.985947847366,
        "var": 933910.9375
    },
    "spectral_complexity": {
        "kurt": 3.54796743393,
        "max": 48,
        "mean": 5.35074615479,
        "median": 0,
        "min": 0,
        "skew": 2.22553324699,
        "var": 147.004089355
    },
    "spectral_crest": {
        "kurt": 0.261226415634,
        "max": 11.3712301254,
        "mean": 5.75706529617,
        "median": 5.45048904419,
        "min": 2.68485975266,
        "skew": 0.767283558846,
        "var": 3.46181964874
    },
    "spectral_decrease": {
        "kurt": 30.164264679,
        "max": -2.12179093604e-14,
        "mean": -3.82460091375e-10,
        "median": -1.43506961956e-12,
        "min": -8.76998917931e-09,
        "skew": -4.75099277496,
        "var": 1.09182412484e-18
    },
    "spectral_energy": {
        "kurt": 28.1361865997,
        "max": 0.0431555062532,
        "mean": 0.00192273489665,
        "median": 6.73720569466e-06,
        "min": 8.83605366653e-08,
        "skew": 4.59591770172,
        "var": 2.73836285487e-05
    },
    "spectral_energyband_high": {
        "kurt": 17.111371994,
        "max": 0.00875270459801,
        "mean": 0.000447616068413,
        "median": 2.32306092585e-07,
        "min": 6.95613522339e-09,
        "skew": 4.01030874252,
        "var": 1.81242933195e-06
    },
    "spectral_energyband_low": {
        "kurt": 72.4744873047,
        "max": 0.00118504557759,
        "mean": 2.53704874922e-05,
        "median": 9.93102560187e-08,
        "min": 3.40595107673e-09,
        "skew": 7.97953891754,
        "var": 1.35485960229e-08
    },
    "spectral_energyband_middle_high": {
        "kurt": 20.4658870697,
        "max": 0.0227652490139,
        "mean": 0.00114845845383,
        "median": 3.06294373331e-06,
        "min": 1.67143969776e-08,
        "skew": 3.99380707741,
        "var": 8.9996628958e-06
    },
    "spectral_energyband_middle_low": {
        "kurt": 48.3358268738,
        "max": 0.0110092554241,
        "mean": 0.000336675293511,
        "median": 1.51588255903e-06,
        "min": 3.52012641258e-08,
        "skew": 6.3955616951,
        "var": 1.43656484397e-06
    },
    "spectral_flatness_db": {
        "kurt": -1.09521925449,
        "max": 0.266575783491,
        "mean": 0.139292299747,
        "median": 0.11448983103,
        "min": 0.0562286749482,
        "skew": 0.531186103821,
        "var": 0.00303922616877
    },
    "spectral_flux": {
        "kurt": 6.4131603241,
        "max": 0.190667033195,
        "mean": 0.0186153575778,
        "median": 0.00184223963879,
        "min": 0.000239267144934,
        "skew": 2.36978363991,
        "var": 0.00103881850373
    },
    "spectral_kurtosis": {
        "kurt": 3.72609710693,
        "max": 28.4502544403,
        "mean": 5.47269010544,
        "median": 4.04144668579,
        "min": 0.467318296432,
        "skew": 2.02007269859,
        "var": 29.57721138
    },
    "spectral_rms": {
        "kurt": 4.78098630905,
        "max": 0.00648867711425,
        "mean": 0.00068914500298,
        "median": 8.10434939922e-05,
        "min": 9.28468671191e-06,
        "skew": 2.20853018761,
        "var": 1.4009175402e-06
    },
    "spectral_rolloff": {
        "kurt": -0.98329782486,
        "max": 6180.02929688,
        "mean": 3132.9206543,
        "median": 3197.68066406,
        "min": 861.328125,
        "skew": -0.0267717167735,
        "var": 1593558.75
    },
    "spectral_skewness": {
        "kurt": 0.136209487915,
        "max": 3.25088143349,
        "mean": 1.5481544733,
        "median": 1.47642195225,
        "min": 0.669587552547,
        "skew": 0.693736374378,
        "var": 0.331267416477
    },
    "spectral_spread": {
        "kurt": -0.370066642761,
        "max": 10761092,
        "mean": 4914060.5,
        "median": 5461680,
        "min": 1181245.5,
        "skew": -0.170610994101,
        "var": 4.06907702477e+12
    },
    "spectral_strongpeak": {
        "kurt": 7.39970493317,
        "max": 2.17973160744,
        "mean": 0.210630178452,
        "median": 0.016627818346,
        "min": 0,
        "skew": 2.75404000282,
        "var": 0.182565063238
    },
    "zerocrossingrate": {
        "kurt": -0.477524280548,
        "max": 0.1884765625,
        "mean": 0.0962059795856,
        "median": 0.08544921875,
        "min": 0.037109375,
        "skew": 0.775874435902,
        "var": 0.00150192249566
    },
    "barkbands": {
        "kurt": [109.25605011, 72.2021636963, 101.384017944, 30.8118438721, 31.273349762, 61.1944503784, 31.4775085449, 62.9561767578, 62.8146972656, 23.9491043091, 15.9764099121, 14.5445899963, 40.5339126587, 50.8894577026, 18.7700195312, 13.3549079895, 24.8034229279, 16.3658161163, 9.04685306549, 39.2786026001, 24.9312458038, 24.1430416107, 79.8583068848, 30.3484992981, 42.7389221191, 41.0127487183, 73.717414856],
        "max": [2.51753008342e-05, 0.000127012535813, 0.00063835340552, 0.000729836930986, 0.00105835834984, 0.00284073501825, 0.000850678130519, 0.00252170162275, 0.00360278482549, 0.00187789648771, 0.00163487181999, 0.000827444309834, 0.000775155844167, 0.000840347784106, 0.00105470686685, 0.00111826881766, 0.00263728410937, 0.00396266020834, 0.00356094934978, 0.00968055985868, 0.0045071952045, 0.00156675477047, 0.000728029641323, 0.000273514830042, 0.000101827892649, 6.74177999826e-06, 7.95831667233e-08],
        "mean": [2.69001219522e-07, 2.31868830269e-06, 1.11667286546e-05, 2.54823025898e-05, 3.61257407349e-05, 5.33740931132e-05, 3.40543047059e-05, 6.26768087386e-05, 9.90453772829e-05, 8.07652832009e-05, 8.96616766113e-05, 5.37314590474e-05, 2.53126127063e-05, 2.98883551295e-05, 5.65796544834e-05, 7.0247646363e-05, 0.000122945973999, 0.000212683080463, 0.000242781316047, 0.00032847415423, 0.000191484636161, 6.72059250064e-05, 1.4988420844e-05, 8.48884610605e-06, 2.8203214697e-06, 1.62587554087e-07, 1.33824396009e-09],
        "median": [2.75661182769e-09, 3.69812411805e-08, 4.05278228754e-08, 3.99875723645e-08, 7.66050334278e-08, 1.07538156158e-07, 2.42728106059e-07, 3.23015399317e-07, 5.02215584675e-07, 3.54188614438e-07, 4.83866699597e-07, 2.3698835605e-07, 4.86275304468e-08, 9.13520921131e-08, 1.61787411912e-07, 1.145144779e-07, 1.74383771423e-07, 3.46682952568e-07, 2.39026064719e-07, 1.92983065972e-07, 1.12770713656e-07, 2.67722928271e-08, 6.06580652374e-09, 1.04840580661e-09, 2.09074202395e-10, 2.76611754335e-11, 1.21038942758e-12],
        "min": [2.5284061303e-11, 1.51388546143e-09, 1.1778897302e-10, 6.93915036543e-10, 2.63311061843e-09, 1.7559563803e-09, 3.16476000961e-09, 1.78387626892e-09, 2.95328694833e-09, 2.77523093395e-09, 8.27700130657e-10, 9.39816446888e-10, 4.34271868466e-10, 5.95544280557e-10, 3.15619641533e-10, 2.78053857716e-10, 2.08567074722e-09, 2.48262144176e-09, 2.57115462254e-09, 3.40547345878e-09, 3.67773811405e-09, 1.15025067249e-09, 1.3952426714e-10, 2.18860034262e-11, 2.62785019439e-13, 4.05802778533e-13, 1.28318156204e-14],
        "skew": [10.3140821457, 8.25423526764, 9.69943618774, 5.47334814072, 5.46040821075, 7.75976133347, 5.16458368301, 7.57277965546, 7.26970911026, 4.70095729828, 3.96869897842, 3.71175384521, 5.9274892807, 6.28132534027, 3.97899150848, 3.48701286316, 4.79363298416, 3.8340485096, 2.93390321732, 5.70154714584, 4.6716337204, 4.87161207199, 8.42640590668, 5.49152326584, 6.38941717148, 6.2081990242, 8.21759700775],
        "var": [5.07373440137e-12, 1.62184016217e-10, 3.32887228893e-09, 1.09302487061e-08, 1.96588043622e-08, 9.6834753549e-08, 1.11816849113e-08, 6.79059581898e-08, 1.32526551511e-07, 6.60133494534e-08, 6.86341792289e-08, 2.03912939867e-08, 7.98345478614e-09, 7.81681563922e-09, 2.20191225253e-08, 3.19542188265e-08, 1.49895043933e-07, 3.49137906142e-07, 3.59086612889e-07, 1.23065069602e-06, 3.64488357718e-07, 5.71783829173e-08, 4.86262852206e-09, 1.36060107625e-09, 1.68960956337e-10, 6.32862306397e-13, 6.16489703427e-17],
        "cov": [[5.11188313901e-12, 2.56420284311e-11, 1.25119498096e-10, 1.38616673695e-10, 2.31026350828e-10, 4.2893594232e-10, 1.6890008836e-10, 4.7672665815e-10, 6.97264468386e-10, 1.74997683011e-10, 2.98912783414e-10, 1.56977028598e-10, 1.6824069915e-10, 1.65412572528e-10, 2.08524794654e-10, 2.1007608153e-10, 3.99566879583e-10, 7.62157892353e-10, 5.29384702741e-10, 2.06709716011e-09, 1.00964658856e-09, 3.06207531553e-10, 3.35704034016e-11, 4.94470575596e-11, 9.66901385346e-12, 9.04568737622e-13, 1.53980764229e-14], [2.56420284311e-11, 1.63403443554e-10, 6.6549854516e-10, 1.06863684568e-09, 1.60110913416e-09, 2.45689935063e-09, 9.66150048853e-10, 2.58879784276e-09, 3.73452291313e-09, 1.36042355159e-09, 1.9082995184e-09, 9.70551194968e-10, 8.58217441557e-10, 8.80177652984e-10, 1.14038267718e-09, 1.22228094313e-09, 2.34001040766e-09, 4.8312736034e-09, 3.62196606041e-09, 1.08475841643e-08, 5.28183630166e-09, 1.58555368834e-09, 1.83291160027e-10, 2.43082054485e-10, 5.55370610611e-11, 4.84145319321e-12, 8.03082033925e-14], [1.25119498096e-10, 6.6549854516e-10, 3.35390137884e-09, 4.42446035365e-09, 6.46266951065e-09, 1.1655661325e-08, 4.81096584792e-09, 1.31721664687e-08, 1.91829965246e-08, 7.10039316232e-09, 1.01036441436e-08, 5.32952704191e-09, 4.30548308117e-09, 4.66390748244e-09, 6.11317929611e-09, 6.48070175302e-09, 1.22208447806e-08, 2.38002435538e-08, 1.79356494101e-08, 5.4498922708e-08, 2.62046846444e-08, 7.56152918058e-09, 8.16896605915e-10, 1.123162785e-09, 2.39027297955e-10, 2.11947195905e-11, 3.83094814552e-13], [1.38616673695e-10, 1.06863684568e-09, 4.42446035365e-09, 1.10124309671e-08, 1.21726886348e-08, 1.56367239157e-08, 7.19191062259e-09, 1.74068155445e-08, 2.58378651807e-08, 1.71803762328e-08, 1.94046592128e-08, 1.0447961607e-08, 5.36638955495e-09, 6.6309375768e-09, 8.88675799615e-09, 9.53898915412e-09, 1.73125265235e-08, 4.02588860027e-08, 3.47022535152e-08, 7.42324886005e-08, 3.5834226253e-08, 1.06101811781e-08, 1.32060506974e-09, 1.46564038683e-09, 3.35351191261e-10, 2.76205985167e-11, 4.34879752651e-13], [2.31026350828e-10, 1.60110913416e-09, 6.46266951065e-09, 1.21726886348e-08, 1.98066150148e-08, 2.49066651747e-08, 1.03035899812e-08, 2.47243043816e-08, 3.73259290143e-08, 2.42450646226e-08, 2.42432189879e-08, 1.2053475551e-08, 9.17811071588e-09, 9.17603504291e-09, 1.34531923379e-08, 1.5469334258e-08, 2.98978193314e-08, 6.11245383197e-08, 5.31687405214e-08, 1.20372988022e-07, 6.04400938187e-08, 1.89624529412e-08, 2.51695020381e-09, 2.79300205186e-09, 5.58556922936e-10, 4.8283398113e-11, 6.97128878062e-13], [4.2893594232e-10, 2.45689935063e-09, 1.1655661325e-08, 1.56367239157e-08, 2.49066651747e-08, 9.7562839585e-08, 2.13816520045e-08, 5.41097975315e-08, 8.88975719704e-08, 4.17373264838e-08, 4.8136165276e-08, 2.18101376959e-08, 1.7384332196e-08, 1.87203497148e-08, 2.74174940529e-08, 3.09934478082e-08, 4.56822064621e-08, 1.02375089739e-07, 8.45652721182e-08, 2.02449911058e-07, 9.50999492488e-08, 2.70924598311e-08, 3.09159164935e-09, 4.00950384005e-09, 7.7711426183e-10, 7.2365842485e-11, 1.29983437208e-12], [1.6890008836e-10, 9.66150048853e-10, 4.81096584792e-09, 7.19191062259e-09, 1.03035899812e-08, 2.13816520045e-08, 1.12657581042e-08, 2.60377923667e-08, 3.56521177025e-08, 1.56609232249e-08, 2.1279166873e-08, 1.27722596943e-08, 7.2509087623e-09, 8.51620729492e-09, 1.31502142509e-08, 1.19951160116e-08, 2.11783710569e-08, 3.97656982898e-08, 3.35224683568e-08, 8.13709064573e-08, 3.9104577354e-08, 1.10267581732e-08, 1.18107834624e-09, 1.62553992489e-09, 2.92106283606e-10, 2.83124426681e-11, 5.0127176715e-13], [4.7672665815e-10, 2.58879784276e-09, 1.31721664687e-08, 1.74068155445e-08, 2.47243043816e-08, 5.41097975315e-08, 2.60377923667e-08, 6.8416525778e-08, 9.11359165912e-08, 3.34282930226e-08, 5.02187980089e-08, 2.93305344456e-08, 1.80050729881e-08, 2.07087378357e-08, 3.2052348331e-08, 2.9382929867e-08, 5.33682893433e-08, 9.8290279027e-08, 7.38280476753e-08, 2.09683975072e-07, 9.72636229335e-08, 2.64480526369e-08, 2.5698436712e-09, 3.79316134058e-09, 8.12455824839e-10, 7.48008530116e-11, 1.46867522484e-12], [6.97264468386e-10, 3.73452291313e-09, 1.91829965246e-08, 2.58378651807e-08, 3.73259290143e-08, 8.88975719704e-08, 3.56521177025e-08, 9.11359165912e-08, 1.33522988222e-07, 5.65482345394e-08, 7.67332224427e-08, 4.1658445582e-08, 2.64755559698e-08, 3.04884082425e-08, 4.49328503294e-08, 4.48082992932e-08, 7.51758335582e-08, 1.51215843402e-07, 1.18949337491e-07, 3.17017310181e-07, 1.49175420461e-07, 4.19423926701e-08, 4.31428981429e-09, 6.10604278251e-09, 1.18149190431e-09, 1.12157221011e-10, 2.10458256725e-12], [1.74997683011e-10, 1.36042355159e-09, 7.10039316232e-09, 1.71803762328e-08, 2.42450646226e-08, 4.17373264838e-08, 1.56609232249e-08, 3.34282930226e-08, 5.65482345394e-08, 6.65096919761e-08, 5.77279131164e-08, 2.85621215568e-08, 1.04686996849e-08, 1.37909959008e-08, 2.42838549269e-08, 3.14682182534e-08, 4.39496901095e-08, 1.09288571082e-07, 1.03360747516e-07, 1.43217533832e-07, 6.81095997379e-08, 1.97420142456e-08, 2.55401899629e-09, 2.08497574761e-09, 3.29063859494e-10, 2.98091863693e-11, 5.068509089e-13], [2.98912783414e-10, 1.9082995184e-09, 1.01036441436e-08, 1.94046592128e-08, 2.42432189879e-08, 4.8136165276e-08, 2.1279166873e-08, 5.02187980089e-08, 7.67332224427e-08, 5.77279131164e-08, 6.91502251016e-08, 3.50701938601e-08, 1.42697906824e-08, 1.833339347e-08, 3.10433350137e-08, 3.57874192503e-08, 5.81451864434e-08, 1.23245143868e-07, 1.13034879234e-07, 1.90363678598e-07, 8.76213519518e-08, 2.41592097439e-08, 3.44899242499e-09, 2.77515277425e-09, 6.65898947094e-10, 5.35521557654e-11, 9.57257493758e-13], [1.56977028598e-10, 9.70551194968e-10, 5.32952704191e-09, 1.0447961607e-08, 1.2053475551e-08, 2.18101376959e-08, 1.27722596943e-08, 2.93305344456e-08, 4.1658445582e-08, 2.85621215568e-08, 3.50701938601e-08, 2.05446113455e-08, 8.11672951073e-09, 1.02192654339e-08, 1.7433549715e-08, 1.86974560279e-08, 2.9209116903e-08, 6.17430657712e-08, 5.81890056139e-08, 1.00284609061e-07, 4.75482870854e-08, 1.32137207842e-08, 1.52733714565e-09, 1.57393331701e-09, 3.09646003283e-10, 2.61648428618e-11, 4.76239273711e-13], [1.6824069915e-10, 8.58217441557e-10, 4.30548308117e-09, 5.36638955495e-09, 9.17811071588e-09, 1.7384332196e-08, 7.2509087623e-09, 1.80050729881e-08, 2.64755559698e-08, 1.04686996849e-08, 1.42697906824e-08, 8.11672951073e-09, 8.04348054828e-09, 7.0176233713e-09, 1.10884013083e-08, 1.25834587195e-08, 2.43677877876e-08, 4.28574615796e-08, 3.83311196117e-08, 9.23659513319e-08, 5.08150215239e-08, 1.74694605448e-08, 2.37234343281e-09, 2.60213384173e-09, 6.30324625828e-10, 4.30301558274e-11, 5.6248636391e-13], [1.65412572528e-10, 8.80177652984e-10, 4.66390748244e-09, 6.6309375768e-09, 9.17603504291e-09, 1.87203497148e-08, 8.51620729492e-09, 2.07087378357e-08, 3.04884082425e-08, 1.37909959008e-08, 1.833339347e-08, 1.02192654339e-08, 7.0176233713e-09, 7.87558906978e-09, 1.13598250806e-08, 1.20415144522e-08, 2.18482743009e-08, 4.13208809391e-08, 3.51845557134e-08, 8.31908906207e-08, 4.25640998003e-08, 1.29107133873e-08, 1.60787883008e-09, 1.84017601157e-09, 4.26311180801e-10, 3.27828424129e-11, 5.28699480029e-13], [2.08524794654e-10, 1.14038267718e-09, 6.11317929611e-09, 8.88675799615e-09, 1.34531923379e-08, 2.74174940529e-08, 1.31502142509e-08, 3.2052348331e-08, 4.49328503294e-08, 2.42838549269e-08, 3.10433350137e-08, 1.7433549715e-08, 1.10884013083e-08, 1.13598250806e-08, 2.21846807591e-08, 2.3063481791e-08, 3.76532724999e-08, 6.96888236007e-08, 6.38196908653e-08, 1.32143938458e-07, 7.21085910982e-08, 2.60332253532e-08, 4.75686956491e-09, 3.58048546367e-09, 1.10369291484e-09, 7.07191319393e-11, 8.3309710042e-13], [2.1007608153e-10, 1.22228094313e-09, 6.48070175302e-09, 9.53898915412e-09, 1.5469334258e-08, 3.09934478082e-08, 1.19951160116e-08, 2.9382929867e-08, 4.48082992932e-08, 3.14682182534e-08, 3.57874192503e-08, 1.86974560279e-08, 1.25834587195e-08, 1.20415144522e-08, 2.3063481791e-08, 3.21944746418e-08, 5.64455469032e-08, 9.82593277854e-08, 9.42344726695e-08, 1.62902566103e-07, 8.85931541461e-08, 3.07533696287e-08, 5.36734345857e-09, 3.83739440224e-09, 1.35434186088e-09, 7.50978723651e-11, 8.95189413049e-13], [3.99566879583e-10, 2.34001040766e-09, 1.22208447806e-08, 1.73125265235e-08, 2.98978193314e-08, 4.56822064621e-08, 2.11783710569e-08, 5.33682893433e-08, 7.51758335582e-08, 4.39496901095e-08, 5.81451864434e-08, 2.9209116903e-08, 2.43677877876e-08, 2.18482743009e-08, 3.76532724999e-08, 5.64455469032e-08, 1.51022078398e-07, 1.98980046662e-07, 1.99556254188e-07, 3.29439814095e-07, 1.77944471602e-07, 5.19441343272e-08, 9.28938437283e-09, 6.58236221085e-09, 2.24678164962e-09, 1.16552267837e-10, 1.48182117618e-12], [7.62157892353e-10, 4.8312736034e-09, 2.38002435538e-08, 4.02588860027e-08, 6.11245383197e-08, 1.02375089739e-07, 3.97656982898e-08, 9.8290279027e-08, 1.51215843402e-07, 1.09288571082e-07, 1.23245143868e-07, 6.17430657712e-08, 4.28574615796e-08, 4.13208809391e-08, 6.96888236007e-08, 9.82593277854e-08, 1.98980046662e-07, 3.5176302049e-07, 3.2852494769e-07, 5.43820249277e-07, 2.92592289952e-07, 9.3039140836e-08, 1.37911779774e-08, 1.14430873666e-08, 3.69876795858e-09, 2.06280589832e-10, 2.85289868986e-12], [5.29384702741e-10, 3.62196606041e-09, 1.79356494101e-08, 3.47022535152e-08, 5.31687405214e-08, 8.45652721182e-08, 3.35224683568e-08, 7.38280476753e-08, 1.18949337491e-07, 1.03360747516e-07, 1.13034879234e-07, 5.81890056139e-08, 3.83311196117e-08, 3.51845557134e-08, 6.38196908653e-08, 9.42344726695e-08, 1.99556254188e-07, 3.2852494769e-07, 3.61786504754e-07, 5.01315923884e-07, 2.88666569759e-07, 9.07305874875e-08, 1.79425541091e-08, 1.14132596707e-08, 3.37168426512e-09, 1.95854804597e-10, 2.00030920647e-12], [2.06709716011e-09, 1.08475841643e-08, 5.4498922708e-08, 7.42324886005e-08, 1.20372988022e-07, 2.02449911058e-07, 8.13709064573e-08, 2.09683975072e-07, 3.17017310181e-07, 1.43217533832e-07, 1.90363678598e-07, 1.00284609061e-07, 9.23659513319e-08, 8.31908906207e-08, 1.32143938458e-07, 1.62902566103e-07, 3.29439814095e-07, 5.43820249277e-07, 5.01315923884e-07, 1.23990366774e-06, 6.41578537852e-07, 2.18770807692e-07, 3.56547573688e-08, 3.19962225603e-08, 8.14648881686e-09, 5.62188129383e-10, 6.97047237638e-12], [1.00964658856e-09, 5.28183630166e-09, 2.62046846444e-08, 3.5834226253e-08, 6.04400938187e-08, 9.50999492488e-08, 3.9104577354e-08, 9.72636229335e-08, 1.49175420461e-07, 6.81095997379e-08, 8.76213519518e-08, 4.75482870854e-08, 5.08150215239e-08, 4.25640998003e-08, 7.21085910982e-08, 8.85931541461e-08, 1.77944471602e-07, 2.92592289952e-07, 2.88666569759e-07, 6.41578537852e-07, 3.67228864206e-07, 1.33311047534e-07, 2.48919800327e-08, 1.96725711277e-08, 5.41355449357e-09, 3.54605789177e-10, 3.7489954717e-12], [3.06207531553e-10, 1.58555368834e-09, 7.56152918058e-09, 1.06101811781e-08, 1.89624529412e-08, 2.70924598311e-08, 1.10267581732e-08, 2.64480526369e-08, 4.19423926701e-08, 1.97420142456e-08, 2.41592097439e-08, 1.32137207842e-08, 1.74694605448e-08, 1.29107133873e-08, 2.60332253532e-08, 3.07533696287e-08, 5.19441343272e-08, 9.3039140836e-08, 9.07305874875e-08, 2.18770807692e-07, 1.33311047534e-07, 5.76082967996e-08, 1.26269750211e-08, 8.6211580097e-09, 2.71913580541e-09, 1.68540070788e-10, 1.44208560024e-12], [3.35704034016e-11, 1.83291160027e-10, 8.16896605915e-10, 1.32060506974e-09, 2.51695020381e-09, 3.09159164935e-09, 1.18107834624e-09, 2.5698436712e-09, 4.31428981429e-09, 2.55401899629e-09, 3.44899242499e-09, 1.52733714565e-09, 2.37234343281e-09, 1.60787883008e-09, 4.75686956491e-09, 5.36734345857e-09, 9.28938437283e-09, 1.37911779774e-08, 1.79425541091e-08, 3.56547573688e-08, 2.48919800327e-08, 1.26269750211e-08, 4.89918994262e-09, 1.98104532778e-09, 7.75302655409e-10, 5.11110875845e-11, 3.00329341474e-13], [4.94470575596e-11, 2.43082054485e-10, 1.123162785e-09, 1.46564038683e-09, 2.79300205186e-09, 4.00950384005e-09, 1.62553992489e-09, 3.79316134058e-09, 6.10604278251e-09, 2.08497574761e-09, 2.77515277425e-09, 1.57393331701e-09, 2.60213384173e-09, 1.84017601157e-09, 3.58048546367e-09, 3.83739440224e-09, 6.58236221085e-09, 1.14430873666e-08, 1.14132596707e-08, 3.19962225603e-08, 1.96725711277e-08, 8.6211580097e-09, 1.98104532778e-09, 1.37083122631e-09, 3.98841959459e-10, 2.64655190124e-11, 2.18121419364e-13], [9.66901385346e-12, 5.55370610611e-11, 2.39027297955e-10, 3.35351191261e-10, 5.58556922936e-10, 7.7711426183e-10, 2.92106283606e-10, 8.12455824839e-10, 1.18149190431e-09, 3.29063859494e-10, 6.65898947094e-10, 3.09646003283e-10, 6.30324625828e-10, 4.26311180801e-10, 1.10369291484e-09, 1.35434186088e-09, 2.24678164962e-09, 3.69876795858e-09, 3.37168426512e-09, 8.14648881686e-09, 5.41355449357e-09, 2.71913580541e-09, 7.75302655409e-10, 3.98841959459e-10, 1.70231329033e-10, 9.71300123664e-12, 7.43294518274e-14], [9.04568737622e-13, 4.84145319321e-12, 2.11947195905e-11, 2.76205985167e-11, 4.8283398113e-11, 7.2365842485e-11, 2.83124426681e-11, 7.48008530116e-11, 1.12157221011e-10, 2.98091863693e-11, 5.35521557654e-11, 2.61648428618e-11, 4.30301558274e-11, 3.27828424129e-11, 7.07191319393e-11, 7.50978723651e-11, 1.16552267837e-10, 2.06280589832e-10, 1.95854804597e-10, 5.62188129383e-10, 3.54605789177e-10, 1.68540070788e-10, 5.11110875845e-11, 2.64655190124e-11, 9.71300123664e-12, 6.37620652891e-13, 5.0685354656e-15], [1.53980764229e-14, 8.03082033925e-14, 3.83094814552e-13, 4.34879752651e-13, 6.97128878062e-13, 1.29983437208e-12, 5.0127176715e-13, 1.46867522484e-12, 2.10458256725e-12, 5.068509089e-13, 9.57257493758e-13, 4.76239273711e-13, 5.6248636391e-13, 5.28699480029e-13, 8.3309710042e-13, 8.95189413049e-13, 1.48182117618e-12, 2.85289868986e-12, 2.00030920647e-12, 6.97047237638e-12, 3.7489954717e-12, 1.44208560024e-12, 3.00329341474e-13, 2.18121419364e-13, 7.43294518274e-14, 5.0685354656e-15, 6.21125025057e-17]]
    },
    "mfcc": {
        "kurt": [-0.832515954971, -0.0454499721527, -1.39861512184, -0.333624839783, -0.535091161728, -0.678741931915, -0.167969465256, -0.0908715724945, 0.410436153412, 0.502427339554, 0.883846759796, 0.368027687073, 0.384372711182],
        "max": [-532.373779297, 137.674865723, 27.6075782776, 56.0063705444, 14.7533874512, 10.0932769775, 14.8152046204, 17.424823761, 18.3299217224, 15.3585147858, 8.46227455139, 6.74230766296, 12.5332565308],
        "mean": [-953.705749512, 52.3152999878, -28.1438713074, 10.6798706055, -19.3426361084, -14.2432670593, -2.42415881157, 1.16234540939, 2.66739273071, 1.05614113808, -3.38093113899, -3.90317416191, -2.29738330841],
        "median": [-1007.16906738, 37.1901473999, -19.7387199402, 8.14072036743, -18.2139472961, -11.4862213135, -2.80588722229, 0.482692718506, 1.70349884033, 1.30114364624, -2.39393615723, -3.37364196777, -1.91212463379],
        "min": [-1129.87841797, -100.097824097, -112.3306427, -43.7533035278, -58.9722290039, -41.8129386902, -20.7604789734, -14.8895378113, -20.5159835815, -17.5989055634, -26.001241684, -21.1212940216, -20.2103786469],
        "skew": [0.719731926918, 0.0248905867338, -0.36374682188, -0.175819933414, -0.224674627185, -0.266950786114, -0.0861156061292, 0.149638190866, -0.131405323744, -0.438984870911, -0.932875752449, -0.570656001568, -0.394334554672],
        "var": [29740.2109375, 2420.16015625, 1923.50036621, 494.119354248, 264.300506592, 147.667556763, 50.2299385071, 35.8849411011, 46.8885765076, 39.4725265503, 48.6404876709, 26.3852787018, 33.684425354],
        "cov": [[29963.8222656, 2103.72680664, -6534.56787109, 2076.5402832, -2153.16552734, -193.557983398, -171.363052368, -28.9413852692, -169.756835938, -403.35458374, -703.036499023, -311.013977051, -235.105163574], [2103.72680664, 2438.35693359, -744.780273438, -320.146759033, -251.881256104, -381.203735352, -24.7730484009, 10.7232723236, -4.69873952866, 30.6869392395, -4.58467578888, -11.1061182022, -83.598777771], [-6534.56787109, -744.780273438, 1937.96276855, -311.132751465, 534.232177734, 157.768951416, 63.8565635681, 37.3849143982, -13.3229646683, 56.4373321533, 124.195869446, 51.038066864, 11.1708154678], [2076.5402832, -320.146759033, -311.132751465, 497.834533691, -153.601150513, 107.320861816, 9.28900527954, -13.4666719437, -13.4551448822, -60.3586502075, -73.9752960205, -18.5401134491, -15.9251184464], [-2153.16552734, -251.881256104, 534.232177734, -153.601150513, 266.287750244, 72.6728591919, 18.1525096893, -0.118387319148, 4.0708065033, 20.146686554, 57.8502426147, 29.9048194885, 15.6567363739], [-193.557983398, -381.203735352, 157.768951416, 107.320861816, 72.6728591919, 148.77784729, 7.79237747192, 3.26685190201, -7.27130556107, -10.3682909012, 1.06043756008, 8.09560585022, 10.5000619888], [-171.363052368, -24.7730484009, 63.8565635681, 9.28900527954, 18.1525096893, 7.79237747192, 50.6076087952, 7.1294798851, 6.53068256378, 6.24117851257, 6.41807317734, 1.03056871891, -1.55442321301], [-28.9413852692, 10.7232723236, 37.3849143982, -13.4666719437, -0.118387319148, 3.26685190201, 7.1294798851, 36.154750824, 8.46516227722, 2.83184719086, 2.16412830353, -7.02552747726, -4.1389298439], [-169.756835938, -4.69873952866, -13.3229646683, -13.4551448822, 4.0708065033, -7.27130556107, 6.53068256378, 8.46516227722, 47.2411231995, 24.0236530304, 16.4158439636, 5.75179052353, 11.2620277405], [-403.35458374, 30.6869392395, 56.4373321533, -60.3586502075, 20.146686554, -10.3682909012, 6.24117851257, 2.83184719086, 24.0236530304, 39.7693099976, 27.5015029907, 9.22334384918, 9.98162841797], [-703.036499023, -4.58467578888, 124.195869446, -73.9752960205, 57.8502426147, 1.06043756008, 6.41807317734, 2.16412830353, 16.4158439636, 27.5015029907, 49.0062026978, 21.309753418, 12.0617799759], [-311.013977051, -11.1061182022, 51.038066864, -18.5401134491, 29.9048194885, 8.09560585022, 1.03056871891, -7.02552747726, 5.75179052353, 9.22334384918, 21.309753418, 26.5836658478, 13.0317363739], [-235.105163574, -83.598777771, 11.1708154678, -15.9251184464, 15.6567363739, 10.5000619888, -1.55442321301, -4.1389298439, 11.2620277405, 9.98162841797, 12.0617799759, 13.0317363739, 33.9376907349]]
    },
    "sccoeffs": {
        "kurt": [1.28122329712, -0.151485919952, 0.433720111847, -0.432676076889, -0.887717962265, -0.385610580444],
        "max": [-0.542645275593, -0.69607257843, -0.727221667767, -0.741576850414, -0.755682229996, -0.485035330057],
        "mean": [-0.815613746643, -0.846148371696, -0.861738979816, -0.865899562836, -0.862259566784, -0.75140196085],
        "median": [-0.839604020119, -0.858190178871, -0.867808520794, -0.876499652863, -0.870056271553, -0.782358527184],
        "min": [-0.978199839592, -0.934104025364, -0.935744345188, -0.932629823685, -0.929043829441, -0.881070792675],
        "skew": [1.26785540581, 0.803119003773, 0.733690738678, 0.707414746284, 0.419163972139, 0.770827353001],
        "var": [0.00691139930859, 0.00300632067956, 0.00148392491974, 0.00184706726577, 0.00169054593425, 0.00734414113685],
        "cov": [[0.00696336477995, 0.00265492964536, 0.00192590965889, 0.00219872919843, 0.00257371575572, 0.00468521425501], [0.00265492964536, 0.00302892457694, 0.0011325001251, 0.00122223328799, 0.00141872779932, 0.00332093867473], [0.00192590965889, 0.0011325001251, 0.0014950822806, 0.00087646569591, 0.00103550590575, 0.00201767752878], [0.00219872919843, 0.00122223328799, 0.00087646569591, 0.00186095491517, 0.00135170808062, 0.00201583234593], [0.00257371575572, 0.00141872779932, 0.00103550590575, 0.00135170808062, 0.00170325685758, 0.00254056509584], [0.00468521425501, 0.00332093867473, 0.00201767752878, 0.00201583234593, 0.00254056509584, 0.00739936018363]]
    },
    "scvalleys": {
        "kurt": [0.75074672699, -0.772802352905, -1.24134171009, -1.39974856377, -1.12189078331, -0.712576389313],
        "max": [-5.45126390457, -4.41635751724, -4.70199108124, -5.72266530991, -5.12006998062, -7.07934617996],
        "mean": [-9.69198131561, -8.84898757935, -8.83720970154, -9.65133666992, -9.53657245636, -12.9211091995],
        "median": [-10.0546836853, -9.24334907532, -9.03143692017, -10.1818094254, -10.2729682922, -13.7655353546],
        "min": [-11.558807373, -11.4694385529, -11.9177808762, -12.6617155075, -12.2585868835, -16.8773975372],
        "skew": [1.11167764664, 0.553728818893, 0.329287409782, 0.304608315229, 0.557556569576, 0.638254404068],
        "var": [1.51661896706, 2.76661419868, 3.95197892189, 4.54138040543, 4.7853178978, 6.44951152802],
        "cov": [[1.52802217007, 1.85198152065, 2.11187577248, 2.19617605209, 2.17471289635, 1.60933923721], [1.85198152065, 2.78741598129, 3.2053964138, 3.35060381889, 3.1962928772, 2.07823491096], [2.11187577248, 3.2053964138, 3.9816930294, 4.138484478, 3.96610212326, 2.64181208611], [2.19617605209, 3.35060381889, 4.138484478, 4.57552623749, 4.48183679581, 3.36006808281], [2.17471289635, 3.1962928772, 3.96610212326, 4.48183679581, 4.82129764557, 4.44679164886], [1.60933923721, 2.07823491096, 2.64181208611, 3.36006808281, 4.44679164886, 6.49800395966]]
    }
},
"rhythm": {
    "beats_loudness": {
        "kurt": 1.15721416473,
        "max": 0.0101804323494,
        "mean": 0.0018843311118,
        "median": 0.000153440720169,
        "min": 2.15281048099e-07,
        "skew": 1.76602649689,
        "var": 1.38457498906e-05
    },
    "bpm": 139.674835205,
    "confidence": 0,
    "first_peak_bpm": {
        "kurt": 0,
        "max": 140,
        "mean": 140,
        "median": 140,
        "min": 140,
        "skew": 0,
        "var": 0
    },
    "first_peak_spread": {
        "kurt": 0,
        "max": 0,
        "mean": 0,
        "median": 0,
        "min": 0,
        "skew": 0,
        "var": 0
    },
    "first_peak_weight": {
        "kurt": 0,
        "max": 1,
        "mean": 1,
        "median": 1,
        "min": 1,
        "skew": 0,
        "var": 0
    },
    "onset_rate": 1.94301652908,
    "second_peak_bpm": {
        "kurt": 0,
        "max": 0,
        "mean": 0,
        "median": 0,
        "min": 0,
        "skew": 0,
        "var": 0
    },
    "second_peak_spread": {
        "kurt": 0,
        "max": 0,
        "mean": 0,
        "median": 0,
        "min": 0,
        "skew": 0,
        "var": 0
    },
    "second_peak_weight": {
        "kurt": 0,
        "max": 0,
        "mean": 0,
        "median": 0,
        "min": 0,
        "skew": 0,
        "var": 0
    },
    "beats_loudness_band_ratio": {
        "kurt": [-1.46251368523, -0.555719852448, -1.48980081081, -0.939660549164, -0.575580835342, -1.30558300018],
        "max": [0.196237489581, 0.208745241165, 0.528930366039, 0.318211913109, 0.333111077547, 0.869611024857],
        "mean": [0.0655269995332, 0.0648950338364, 0.236182644963, 0.149365335703, 0.166779100895, 0.348535776138],
        "median": [0.00790280848742, 0.0282176658511, 0.244525998831, 0.138040333986, 0.125826507807, 0.207576811314],
        "min": [0.000397722178604, 0.001380493748, 0.0101023269817, 0.0173348747194, 0.0857858583331, 0.0257025863975],
        "skew": [0.717376887798, 0.999430418015, 0.149486884475, 0.38489484787, 0.951474249363, 0.603088319302],
        "var": [0.00736969849095, 0.00565988803282, 0.0374206379056, 0.00975099019706, 0.00764431757852, 0.101057685912],
        "cov": [[0.00884363800287, 0.00703003350645, 0.00939029920846, -0.000444720499218, -0.00487125571817, -0.0182878356427], [0.00703003350645, 0.00679186591879, 0.0088369268924, -0.000111529137939, -0.00391128007323, -0.0176061745733], [0.00939029920846, 0.0088369268924, 0.0449047647417, 0.0174436718225, -0.00789796002209, -0.0678938925266], [-0.000444720499218, -0.000111529137939, 0.0174436718225, 0.0117011880502, 0.00255136936903, -0.0293111987412], [-0.00487125571817, -0.00391128007323, -0.00789796002209, 0.00255136936903, 0.00917318090796, 0.00410931091756], [-0.0182878356427, -0.0176061745733, -0.0678938925266, -0.0293111987412, 0.00410931091756, 0.121269226074]]
    },
    "beats_position": [0.417959183455, 0.847528338432, 1.27709746361, 1.70666658878, 2.13623571396, 2.56580495834],
    "bpm_estimates": [139.674835205, 139.674835205, 139.674835205, 139.674835205, 139.674804688],
    "bpm_intervals": [0.429569154978, 0.429569125175, 0.429569125175, 0.429569125175, 0.429569244385],
    "onset_times": [0.0812698379159, 0.18575963378, 0.325079351664, 1.24226760864, 1.66022670269, 1.70666670799],
    "histogram": [[0, 0, 0, 0, 0, 0, 0, 0, 0, 0, 0, 0, 0, 0, 0, 0, 0, 0, 0, 0, 0, 0, 0, 0, 0, 0, 0, 0, 0, 0, 0, 0, 0, 0, 0, 0, 0, 0, 0, 0, 0, 0, 0, 0, 0, 0, 0, 0, 0, 0, 0, 0, 0, 0, 0, 0, 0, 0, 0, 0, 0, 0, 0, 0, 0, 0, 0, 0, 0, 0, 0, 0, 0, 0, 0, 0, 0, 0, 0, 0, 0, 0, 0, 0, 0, 0, 0, 0, 0, 0, 0, 0, 0, 0, 0, 0, 0, 0, 0, 0, 0, 0, 0, 0, 0, 0, 0, 0, 0, 0, 0, 0, 0, 0, 0, 0, 0, 0, 0, 0, 0, 0, 0, 0, 0, 0, 0, 0, 0, 0, 0, 0, 0, 0, 0, 0, 0, 0, 0, 0, 1, 0, 0, 0, 0, 0, 0, 0, 0, 0, 0, 0, 0, 0, 0, 0, 0, 0, 0, 0, 0, 0, 0, 0, 0, 0, 0, 0, 0, 0, 0, 0, 0, 0, 0, 0, 0, 0, 0, 0, 0, 0, 0, 0, 0, 0, 0, 0, 0, 0, 0, 0, 0, 0, 0, 0, 0, 0, 0, 0, 0, 0, 0, 0, 0, 0, 0, 0, 0, 0, 0, 0, 0, 0, 0, 0, 0, 0, 0, 0, 0, 0, 0, 0, 0, 0, 0, 0, 0, 0, 0, 0, 0, 0, 0, 0, 0, 0, 0, 0, 0, 0, 0, 0, 0, 0, 0, 0, 0, 0]]
},
"sfx": {
    "inharmonicity": {
        "kurt": 0.0175948143005,
        "max": 0.334938853979,
        "mean": 0.0803408399224,
        "median": 0.0454552918673,
        "min": 0,
        "skew": 1.07228684425,
        "var": 0.00855286791921
    },
    "oddtoevenharmonicenergyratio": {
        "kurt": 3.31124401093,
        "max": 4.04462099075,
        "mean": 0.622722387314,
        "median": 0.391732931137,
        "min": 0,
        "skew": 1.7380695343,
        "var": 0.605569183826
    },
    "pitch_after_max_to_before_max_energy_ratio": 0.882439792156,
    "pitch_centroid": 58.5394248962,
    "pitch_max_to_total": 0.544776141644,
    "pitch_min_to_total": 0.910447776318,
    "tristimulus": {
        "kurt": [-1.51593995094, -0.898027896881, -1.05141746998],
        "max": [1, 0.830828487873, 0.916691482067],
        "mean": [0.467938870192, 0.25138887763, 0.28067240119],
        "median": [0.317715913057, 0.288577318192, 0.254055500031],
        "min": [0, 0, 0],
        "skew": [0.385282695293, 0.124666966498, 0.406953364611],
        "var": [0.153584316373, 0.0412489362061, 0.0706057846546],
        "cov": [[0.15473908186, -0.0625807791948, -0.0921584144235], [-0.0625807791948, 0.0415590777993, 0.0210217088461], [-0.0921584144235, 0.0210217088461, 0.0711366534233]]
    }
},
"tonal": {
    "chords_changes_rate": 0.235294118524,
    "chords_number_rate": 0.132352948189,
    "chords_strength": {
        "kurt": -0.851191282272,
        "max": 0.547039210796,
        "mean": 0.385920792818,
        "median": 0.383104294538,
        "min": 0.232544273138,
        "skew": -0.186671599746,
        "var": 0.00626285560429
    },
    "key_strength": 0.331072509289,
    "tuning_diatonic_strength": 0.387063533068,
    "tuning_equal_tempered_deviation": 0.266162753105,
    "tuning_frequency": 446.91595459,
    "tuning_nontempered_energy_ratio": 0.909884870052,
    "hpcp": {
        "kurt": [-0.680402517319, -0.380553722382, -0.17014336586, -0.414974212646, -0.677120685577, -0.609661340714, -0.753174304962, -0.7322909832, -0.511678218842, 0.168884038925, -0.498218536377, -0.281710147858, -0.73660993576, -0.263165712357, -0.529352426529, -0.157438516617, -0.284176588058, 0.989957332611, -0.325740814209, 0.251277208328, -0.131999969482, 0.272797346115, 0.36295747757, 0.640490055084, 1.00843811035, -0.0875113010406, 0.039368391037, -0.199010848999, -0.351138591766, 0.198466777802, -0.39635848999, 1.7264418602, 1.84117174149, 1.8792181015, -0.350462436676, -0.538878679276],
        "max": [1, 1, 1, 1, 1, 1, 1, 1, 1, 1, 1, 1, 0.893332958221, 1, 1, 1, 0.900140404701, 1, 0.824616312981, 1, 1, 1, 1, 1, 1, 0.879059553146, 1, 1, 1, 1, 0.80059504509, 0.997072935104, 1, 1, 0.96940112114, 1],
        "mean": [0.473133862019, 0.462271124125, 0.441437780857, 0.44289252162, 0.44660782814, 0.438482016325, 0.472035527229, 0.494857341051, 0.448658019304, 0.409373044968, 0.420915186405, 0.412003666162, 0.385930806398, 0.403313368559, 0.430868685246, 0.416669160128, 0.388208448887, 0.378170728683, 0.336710393429, 0.329427480698, 0.345199555159, 0.335462838411, 0.330643773079, 0.334509193897, 0.3390211761, 0.351831674576, 0.385579288006, 0.392142295837, 0.389727890491, 0.373203784227, 0.326731413603, 0.311120867729, 0.33304721117, 0.362595766783, 0.408869951963, 0.454999953508],
        "median": [0.468380898237, 0.421053469181, 0.401645749807, 0.406153380871, 0.455178201199, 0.405673205853, 0.409088909626, 0.467268705368, 0.404179573059, 0.367312371731, 0.383162558079, 0.409718811512, 0.365991264582, 0.386138677597, 0.447333335876, 0.354571759701, 0.354798436165, 0.341073513031, 0.31709831953, 0.244778245687, 0.284220278263, 0.292547732592, 0.288673698902, 0.252215206623, 0.281995117664, 0.296841740608, 0.376406729221, 0.362332314253, 0.348880171776, 0.332834482193, 0.316487073898, 0.264676421881, 0.315051615238, 0.335847854614, 0.384976565838, 0.445003151894],
        "min": [0, 0, 0, 0, 0, 0, 0, 0, 0, 0, 0, 0, 0, 0, 0, 0, 0, 0, 0, 0, 0, 0, 0.0381714887917, 0.0447608493268, 0.0432000756264, 0.0481860749424, 0, 0, 0, 0, 0, 0, 0, 0, 0, 0],
