{
"metadata": {
    "version": {
        "essentia": "2.1-beta3"
    }
},
"lowLevel": {
    "average_loudness": 0.99068403244,
    "barkbands_kurtosis": {
        "kurt": 1.22712278366,
        "max": 7.12314319611,
        "mean": 0.703916609287,
        "median": 0.285179376602,
        "min": -1.67912387848,
        "skew": 1.18939268589,
        "var": 3.53622913361
    },
    "barkbands_skewness": {
        "kurt": 0.41030049324,
        "max": 1.92456161976,
        "mean": 0.466647535563,
        "median": 0.734379649162,
        "min": -2.21058011055,
        "skew": -1.1055945158,
        "var": 0.918267130852
    },
    "barkbands_spread": {
        "kurt": -0.234543561935,
        "max": 47.120880127,
        "mean": 19.964263916,
        "median": 18.94739151,
        "min": 6.41503858566,
        "skew": 0.511802971363,
        "var": 79.777671814
    },
    "dissonance": {
        "kurt": 35.7473907471,
        "max": 0.499833196402,
        "mean": 0.478998929262,
        "median": 0.486698061228,
        "min": 0.258524626493,
        "skew": -5.24247503281,
        "var": 0.000865585403517
    },
    "hfc": {
        "kurt": 47.3951721191,
        "max": 178.030776978,
        "mean": 5.70188570023,
        "median": 0.010353051126,
        "min": 0.000842564390041,
        "skew": 6.53159713745,
        "var": 465.234558105
    },
    "pitch": {
        "kurt": -0.90585231781,
        "max": 4148.23486328,
        "mean": 1300.12255859,
        "median": 678.797851562,
        "min": 77.0780563354,
        "skew": 0.971727728844,
        "var": 2110311.5
    },
    "pitch_instantaneous_confidence": {
        "kurt": -0.3780605793,
        "max": 0.52920383215,
        "mean": 0.282779842615,
        "median": 0.26565515995,
        "min": 0.13570278883,
        "skew": 0.675265550613,
        "var": 0.00945218466222
    },
    "pitch_salience": {
        "kurt": 4.54341840744,
        "max": 0.984201550484,
        "mean": 0.7647793293,
        "median": 0.775951623917,
        "min": 0.488144189119,
        "skew": -1.19374036789,
        "var": 0.00467109167948
    },
    "silence_rate_20dB": {
        "kurt": 0,
        "max": 1,
        "mean": 1,
        "median": 1,
        "min": 1,
        "skew": 0,
        "var": 0
    },
    "silence_rate_30dB": {
        "kurt": 0,
        "max": 1,
        "mean": 1,
        "median": 1,
        "min": 1,
        "skew": 0,
        "var": 0
    },
    "silence_rate_60dB": {
        "kurt": 2.60950183868,
        "max": 1,
        "mean": 0.865853667259,
        "median": 1,
        "min": 0,
        "skew": -2.14697241783,
        "var": 0.116150796413
    },
    "spectral_centroid": {
        "kurt": -0.210653543472,
        "max": 3463.73901367,
        "mean": 1490.50524902,
        "median": 1106.82080078,
        "min": 515.595092773,
        "skew": 1.09123444557,
        "var": 683060.5625
    },
    "spectral_complexity": {
        "kurt": 7.37847328186,
        "max": 53,
        "mean": 4.56097555161,
        "median": 0,
        "min": 0,
        "skew": 2.75009226799,
        "var": 111.075706482
    },
    "spectral_crest": {
        "kurt": -0.466421127319,
        "max": 11.8687095642,
        "mean": 6.60388326645,
        "median": 6.69530391693,
        "min": 2.68711543083,
        "skew": 0.234026014805,
        "var": 3.96078372002
    },
    "spectral_decrease": {
        "kurt": 39.7264595032,
        "max": -1.42499605323e-13,
        "mean": -4.330740766e-10,
        "median": -2.84429207617e-12,
        "min": -1.30432447065e-08,
        "skew": -6.10562086105,
        "var": 2.81107984035e-18
    },
    "spectral_energy": {
        "kurt": 41.603603363,
        "max": 0.065376073122,
        "mean": 0.00215169787407,
        "median": 1.16135024655e-05,
        "min": 6.14249017872e-07,
        "skew": 6.20141077042,
        "var": 6.81201199768e-05
    },
    "spectral_energyband_high": {
        "kurt": 52.2237472534,
        "max": 0.0137563915923,
        "mean": 0.000399807322538,
        "median": 1.33436941496e-07,
        "min": 2.92947159863e-08,
        "skew": 6.91105794907,
        "var": 2.66108963842e-06
    },
    "spectral_energyband_low": {
        "kurt": 54.924911499,
        "max": 0.00111503584776,
        "mean": 2.05171818379e-05,
        "median": 2.49251229434e-07,
        "min": 1.83892723271e-08,
        "skew": 7.33910512924,
        "var": 1.76739920477e-08
    },
    "spectral_energyband_middle_high": {
        "kurt": 47.9164009094,
        "max": 0.0388719812036,
        "mean": 0.00128986267373,
        "median": 3.72283329853e-06,
        "min": 2.05344989013e-07,
        "skew": 6.55164146423,
        "var": 2.19831981667e-05
    },
    "spectral_energyband_middle_low": {
        "kurt": 36.9379577637,
        "max": 0.0171235036105,
        "mean": 0.00047638034448,
        "median": 6.26920700597e-06,
        "min": 2.62022666675e-07,
        "skew": 6.13250923157,
        "var": 5.60140142625e-06
    },
    "spectral_flatness_db": {
        "kurt": -0.87896323204,
        "max": 0.258241057396,
        "mean": 0.164227083325,
        "median": 0.155857175589,
        "min": 0.0365933738649,
        "skew": -0.0775087401271,
        "var": 0.00284511223435
    },
    "spectral_flux": {
        "kurt": 12.7583169937,
        "max": 0.199594780803,
        "mean": 0.0172297917306,
        "median": 0.00212489650585,
        "min": 0.000489453959744,
        "skew": 3.47420048714,
        "var": 0.00131462677382
    },
    "spectral_kurtosis": {
        "kurt": -0.0878269672394,
        "max": 13.6319961548,
        "mean": 5.01918792725,
        "median": 4.55817842484,
        "min": -0.0540480613708,
        "skew": 0.665961146355,
        "var": 9.53348445892
    },
    "spectral_rms": {
        "kurt": 13.6371536255,
        "max": 0.00798633415252,
        "mean": 0.000669251079671,
        "median": 0.000106439263618,
        "min": 2.4479937565e-05,
        "skew": 3.38675141335,
        "var": 1.65132087204e-06
    },
    "spectral_rolloff": {
        "kurt": -1.45102345943,
        "max": 4651.171875,
        "mean": 2468.17749023,
        "median": 2207.15332031,
        "min": 882.861328125,
        "skew": 0.237736716866,
        "var": 1553693.125
    },
    "spectral_skewness": {
        "kurt": -0.901465415955,
        "max": 2.58369374275,
        "mean": 1.51308166981,
        "median": 1.54372596741,
        "min": 0.487641870975,
        "skew": -0.108139775693,
        "var": 0.277355998755
    },
    "spectral_spread": {
        "kurt": 28.7570114136,
        "max": 27123598,
        "mean": 4117470.75,
        "median": 3441985.5,
        "min": 2052565.375,
        "skew": 5.24857378006,
        "var": 1.34355122913e+13
    },
    "spectral_strongpeak": {
        "kurt": 3.14247226715,
        "max": 2.07312393188,
        "mean": 0.285690486431,
        "median": 0.0203863102943,
        "min": 0.000475416192785,
        "skew": 2.139128685,
        "var": 0.343091875315
    },
    "zerocrossingrate": {
        "kurt": -0.28168129921,
        "max": 0.1640625,
        "mean": 0.0827696248889,
        "median": 0.071044921875,
        "min": 0.0205078125,
        "skew": 0.917761027813,
        "var": 0.00131684541702
    },
    "barkbands": {
        "kurt": [51.4600143433, 57.6818962097, 65.9464569092, 41.990196228, 46.8641700745, 57.0547866821, 38.2455253601, 60.2825431824, 43.7789001465, 54.1509971619, 37.6816673279, 44.564491272, 38.7588310242, 66.5687103271, 69.756072998, 60.1514015198, 53.1576156616, 35.4375190735, 19.3315925598, 59.5682487488, 51.4798660278, 49.8320426941, 42.6458053589, 66.3922653198, 70.5632095337, 70.0280990601, 59.3554725647],
        "max": [9.86045051832e-06, 7.20463867765e-05, 0.000678900629282, 0.000694512564223, 0.00401896238327, 0.00549630448222, 0.00367081142031, 0.00270475377329, 0.00276169995777, 0.00283399852924, 0.00134166888893, 0.00169034849387, 0.000595852558035, 0.00118035264313, 0.00111068785191, 0.00437199044973, 0.00445917248726, 0.00741126108915, 0.00645227357745, 0.010857234709, 0.00618494441733, 0.00244866521098, 0.000650305359159, 0.000399298995035, 0.000310270057525, 1.86063989531e-05, 2.08133656088e-07],
        "mean": [1.97725412932e-07, 1.46219872477e-06, 1.09186457848e-05, 1.54188874149e-05, 8.0780540884e-05, 0.000107833016955, 9.32403781917e-05, 6.18002231931e-05, 8.93683391041e-05, 8.20081113488e-05, 5.34089631401e-05, 5.9160280216e-05, 2.55383038166e-05, 2.65942999249e-05, 2.39683522523e-05, 9.01113526197e-05, 0.000124864091049, 0.000278530700598, 0.000351673719706, 0.000295921752695, 0.000180571369128, 6.60169462208e-05, 1.84241926036e-05, 8.15437942947e-06, 5.41141844224e-06, 3.16879436468e-07, 4.29922941692e-09],
        "median": [2.5387205671e-09, 7.44519681461e-08, 7.14015442327e-08, 1.19524770525e-07, 2.0625523689e-07, 2.20809695861e-07, 5.43463556824e-07, 1.51946755977e-06, 2.48753940468e-06, 1.5873929442e-06, 9.23310778944e-07, 7.16460817785e-07, 2.64859238541e-07, 1.07051391751e-07, 7.46613721958e-08, 1.01342038761e-07, 1.35658510203e-07, 2.03809250365e-07, 2.06111764101e-07, 1.17945447187e-07, 4.44832934932e-08, 9.67132951502e-09, 1.78494707903e-09, 4.25771029544e-10, 9.78743613933e-11, 1.54778048017e-11, 7.75598172926e-13],
        "min": [4.36197952758e-11, 2.48178499973e-09, 6.125847829e-09, 3.04280867169e-09, 1.80345853806e-08, 9.04968011639e-09, 9.29053545207e-09, 1.98998328926e-08, 1.33746915765e-08, 2.01949497125e-08, 9.84750592181e-09, 4.38460912022e-09, 3.30621152678e-09, 3.98292909765e-09, 3.58021745583e-09, 6.87612011774e-09, 1.44552307901e-08, 1.41779068485e-08, 2.61738968277e-08, 2.74240878895e-08, 8.71688143889e-09, 3.55704288246e-09, 7.06423697316e-10, 8.74884331648e-11, 2.54224863817e-13, 4.93459033401e-14, 9.63246545244e-15],
        "skew": [7.10449028015, 7.50324296951, 8.07368278503, 6.51749658585, 6.82116651535, 7.40478754044, 6.26109266281, 7.61081647873, 6.34866762161, 7.16014432907, 5.78186798096, 6.29658079147, 5.71112012863, 8.06142616272, 8.29851818085, 7.64577627182, 6.98393106461, 5.5769867897, 4.16539525986, 7.47012996674, 6.86776018143, 6.76087474823, 6.24781227112, 8.03339481354, 8.37235832214, 8.33315372467, 7.53424930573],
        "var": [1.43254982529e-12, 7.13697018151e-11, 5.95016791394e-09, 8.27589463626e-09, 2.53899884228e-07, 4.16633810119e-07, 2.53206707157e-07, 9.72887832518e-08, 1.17666246524e-07, 1.11696074612e-07, 2.94878361728e-08, 4.29754223319e-08, 5.60069635114e-09, 1.76403798235e-08, 1.52929366948e-08, 2.56338694271e-07, 2.77717333574e-07, 9.24867038066e-07, 9.8148041161e-07, 1.55875943619e-06, 5.42195778053e-07, 8.67983516173e-08, 6.64924559857e-09, 2.02903827073e-09, 1.1969252256e-09, 4.32404285988e-12, 5.83131203389e-16],
        "cov": [[1.45023565639e-12, 1.02015063064e-11, 9.18516998571e-11, 9.46396849777e-11, 4.99836450008e-10, 5.45281653164e-10, 5.96947713483e-10, 3.67015279279e-10, 3.06264097416e-10, 3.97300053967e-10, 1.7156166765e-10, 2.26079766019e-10, 7.55826581877e-11, 1.55062865326e-10, 1.42088590893e-10, 6.07666861274e-10, 5.91411808415e-10, 1.01749420001e-09, 1.01606434377e-09, 1.38823530449e-09, 8.47913128599e-10, 3.34257954648e-10, 9.44211861476e-11, 5.12073682069e-11, 3.99449223698e-11, 2.40359099811e-12, 2.55775845518e-14], [1.02015063064e-11, 7.22508095019e-11, 6.55192899934e-10, 6.3427385566e-10, 3.32067506825e-09, 3.53535711817e-09, 4.13285050627e-09, 2.62066257584e-09, 2.0172337134e-09, 2.81515744049e-09, 1.23781918049e-09, 1.62132729464e-09, 5.45736067448e-10, 1.1121678023e-09, 1.02410657732e-09, 4.31683933044e-09, 4.24038892888e-09, 7.24051396617e-09, 7.06969593978e-09, 1.00179056162e-08, 6.0398464008e-09, 2.38829667154e-09, 6.67499222562e-10, 3.6954925231e-10, 2.87938145549e-10, 1.73182093666e-11, 1.85654090842e-13], [9.18516998571e-11, 6.55192899934e-10, 6.02362693058e-09, 5.3533817379e-09, 2.76716320968e-08, 2.79581424678e-08, 3.63717056473e-08, 2.38561703725e-08, 1.62507198809e-08, 2.55059529053e-08, 1.13262172974e-08, 1.46170719972e-08, 4.97339591732e-09, 1.02350936615e-08, 9.47928047168e-09, 3.92673733529e-08, 3.858530917e-08, 6.51763798487e-08, 6.12857746773e-08, 9.2005592478e-08, 5.46684191249e-08, 2.15241602319e-08, 5.93829430073e-09, 3.40399908261e-09, 2.6601252312e-09, 1.59893154272e-10, 1.73086848673e-12], [9.46396849777e-11, 6.3427385566e-10, 5.3533817379e-09, 8.37806624077e-09, 4.62719462746e-08, 5.69130023109e-08, 4.36566942597e-08, 2.14119015851e-08, 2.99716518271e-08, 2.46541578264e-08, 9.41159150614e-09, 1.29081794142e-08, 4.00039157356e-09, 8.65957439089e-09, 7.57076268343e-09, 3.6748197374e-08, 3.32000489323e-08, 6.06910148804e-08, 7.23687563209e-08, 7.34437932692e-08, 5.02749522013e-08, 1.9404476248e-08, 5.97647620282e-09, 2.69849209644e-09, 2.12711226411e-09, 1.28692639878e-10, 1.24789566701e-12], [4.99836450008e-10, 3.32067506825e-09, 2.76716320968e-08, 4.62719462746e-08, 2.57034457718e-07, 3.20459776049e-07, 2.34926588405e-07, 1.10698373135e-07, 1.67242930615e-07, 1.2865442045e-07, 4.75335504291e-08, 6.62130474893e-08, 2.01451229032e-08, 4.42999414929e-08, 3.83300502449e-08, 1.91297971242e-07, 1.69750364876e-07, 3.1309744486e-07, 3.85435953376e-07, 3.7062420688e-07, 2.59963485405e-07, 1.00171654083e-07, 3.13859516154e-08, 1.36516513649e-08, 1.07898134871e-08, 6.53967324737e-10, 6.21344252091e-12], [5.45281653164e-10, 3.53535711817e-09, 2.79581424678e-08, 5.69130023109e-08, 3.20459776049e-07, 4.21777428983e-07, 2.71956224651e-07, 1.17758006013e-07, 2.17188656393e-07, 1.38001965411e-07, 4.93981318073e-08, 7.21719786156e-08, 2.05879970849e-08, 4.44176677661e-08, 3.70902313307e-08, 2.00817353857e-07, 1.77985569394e-07, 3.36680386681e-07, 4.61070214897e-07, 3.69169327996e-07, 2.76043721215e-07, 1.08738468896e-07, 3.53576261602e-08, 1.33680364556e-08, 1.05265609562e-08, 6.40568431631e-10, 5.65005637762e-12], [5.96947713483e-10, 4.13285050627e-09, 3.63717056473e-08, 4.36566942597e-08, 2.34926588405e-07, 2.71956224651e-07, 2.5633269729e-07, 1.46738940998e-07, 1.48829869318e-07, 1.61373534979e-07, 6.75252067595e-08, 9.04534473989e-08, 2.95112609905e-08, 6.08471495411e-08, 5.49421095286e-08, 2.44167068786e-07, 2.33571824992e-07, 4.08831567711e-07, 4.36021764472e-07, 5.38103734016e-07, 3.3975325664e-07, 1.33740954311e-07, 3.88159442366e-08, 1.97851139916e-08, 1.54548605025e-08, 9.31715038455e-10, 9.64351168364e-12], [3.67015279279e-10, 2.62066257584e-09, 2.38561703725e-08, 2.14119015851e-08, 1.10698373135e-07, 1.17758006013e-07, 1.46738940998e-07, 9.84898775869e-08, 6.93909925076e-08, 1.03612805447e-07, 4.78848107832e-08, 6.23154718937e-08, 2.09328590017e-08, 4.12683043294e-08, 3.8142289327e-08, 1.57478709184e-07, 1.59956670132e-07, 2.69557233423e-07, 2.61790091827e-07, 3.78735194317e-07, 2.23860581627e-07, 9.01296459688e-08, 2.47735130188e-08, 1.38300286778e-08, 1.07288258278e-08, 6.44762077062e-10, 6.96623357957e-12], [3.06264097416e-10, 2.0172337134e-09, 1.62507198809e-08, 2.99716518271e-08, 1.67242930615e-07, 2.17188656393e-07, 1.48829869318e-07, 6.93909925076e-08, 1.1911891562e-07, 8.19238152872e-08, 3.51145992283e-08, 4.66533975896e-08, 1.40813076754e-08, 2.70474433961e-08, 2.30890293551e-08, 1.17040720227e-07, 1.09054177244e-07, 2.0684166202e-07, 2.71352689651e-07, 2.36657257346e-07, 1.6670580294e-07, 6.52838352266e-08, 2.06167936057e-08, 8.33345126239e-09, 6.43961683977e-09, 3.91946558542e-10, 3.67177946034e-12], [3.97300053967e-10, 2.81515744049e-09, 2.55059529053e-08, 2.46541578264e-08, 1.2865442045e-07, 1.38001965411e-07, 1.61373534979e-07, 1.03612805447e-07, 8.19238152872e-08, 1.1307503911e-07, 5.23018108822e-08, 6.63260095735e-08, 2.27300080979e-08, 4.40898091369e-08, 4.06163884747e-08, 1.69193569377e-07, 1.70019063717e-07, 2.96680013889e-07, 2.95519697602e-07, 4.03520431291e-07, 2.4251082209e-07, 9.54159773414e-08, 2.64718362786e-08, 1.45756615666e-08, 1.12798774765e-08, 6.76800282484e-10, 7.2267608564e-12], [1.7156166765e-10, 1.23781918049e-09, 1.13262172974e-08, 9.41159150614e-09, 4.75335504291e-08, 4.93981318073e-08, 6.75252067595e-08, 4.78848107832e-08, 3.51145992283e-08, 5.23018108822e-08, 2.98518827435e-08, 3.40626868933e-08, 1.16790301874e-08, 2.06236769884e-08, 1.90687021728e-08, 7.56976703542e-08, 8.02475099704e-08, 1.39177984693e-07, 1.39615636385e-07, 1.95355511323e-07, 1.12800897512e-07, 4.46653309893e-08, 1.20514700441e-08, 6.8026482225e-09, 5.21162757394e-09, 3.13387621409e-10, 3.42890624748e-12], [2.26079766019e-10, 1.62132729464e-09, 1.46170719972e-08, 1.29081794142e-08, 6.62130474893e-08, 7.21719786156e-08, 9.04534473989e-08, 6.23154718937e-08, 4.66533975896e-08, 6.63260095735e-08, 3.40626868933e-08, 4.350598104e-08, 1.49880268197e-08, 2.62766999271e-08, 2.44132269955e-08, 9.90941160239e-08, 1.05670700634e-07, 1.83499196282e-07, 1.84414702176e-07, 2.52444465332e-07, 1.47766911596e-07, 5.98802358809e-08, 1.6423706839e-08, 8.98104612901e-09, 6.81064449282e-09, 4.09572237237e-10, 4.49382284856e-12], [7.55826581877e-11, 5.45736067448e-10, 4.97339591732e-09, 4.00039157356e-09, 2.01451229032e-08, 2.05879970849e-08, 2.95112609905e-08, 2.09328590017e-08, 1.40813076754e-08, 2.27300080979e-08, 1.16790301874e-08, 1.49880268197e-08, 5.66984104111e-09, 9.17725717642e-09, 8.62696047932e-09, 3.39416814654e-08, 3.70749937417e-08, 6.6658913056e-08, 6.66420802986e-08, 9.02749874854e-08, 5.22563148309e-08, 2.08653716527e-08, 5.6504729784e-09, 3.16666515232e-09, 2.36162067679e-09, 1.41424413846e-10, 1.57189484953e-12], [1.55062865326e-10, 1.1121678023e-09, 1.02350936615e-08, 8.65957439089e-09, 4.42999414929e-08, 4.44176677661e-08, 6.08471495411e-08, 4.12683043294e-08, 2.70474433961e-08, 4.40898091369e-08, 2.06236769884e-08, 2.62766999271e-08, 9.17725717642e-09, 1.78581629484e-08, 1.65697642274e-08, 6.72882265462e-08, 6.85730370265e-08, 1.17403054389e-07, 1.11280449744e-07, 1.64038226558e-07, 9.63154889178e-08, 3.80341553807e-08, 1.03936743656e-08, 5.96194116298e-09, 4.61130511553e-09, 2.76728390203e-10, 3.01909452299e-12], [1.42088590893e-10, 1.02410657732e-09, 9.47928047168e-09, 7.57076268343e-09, 3.83300502449e-08, 3.70902313307e-08, 5.49421095286e-08, 3.8142289327e-08, 2.30890293551e-08, 4.06163884747e-08, 1.90687021728e-08, 2.44132269955e-08, 8.62696047932e-09, 1.65697642274e-08, 1.54817385578e-08, 6.21918445631e-08, 6.39447392814e-08, 1.09371050883e-07, 1.0183507726e-07, 1.53652578661e-07, 8.94530174378e-08, 3.53933842234e-08, 9.59461665673e-09, 5.58750024027e-09, 4.30949098629e-09, 2.58394305952e-10, 2.83970980411e-12], [6.07666861274e-10, 4.31683933044e-09, 3.92673733529e-08, 3.6748197374e-08, 1.91297971242e-07, 2.00817353857e-07, 2.44167068786e-07, 1.57478709184e-07, 1.17040720227e-07, 1.69193569377e-07, 7.56976703542e-08, 9.90941160239e-08, 3.39416814654e-08, 6.72882265462e-08, 6.21918445631e-08, 2.59503394773e-07, 2.58523414232e-07, 4.4430518642e-07, 4.30909125271e-07, 6.13427005192e-07, 3.67317881e-07, 1.45194306356e-07, 4.03804669702e-08, 2.25185026181e-08, 1.74427814414e-08, 1.04837571957e-09, 1.13217360834e-11], [5.91411808415e-10, 4.24038892888e-09, 3.858530917e-08, 3.32000489323e-08, 1.69750364876e-07, 1.77985569394e-07, 2.33571824992e-07, 1.59956670132e-07, 1.09054177244e-07, 1.70019063717e-07, 8.02475099704e-08, 1.05670700634e-07, 3.70749937417e-08, 6.85730370265e-08, 6.39447392814e-08, 2.58523414232e-07, 2.8114595807e-07, 4.96352015489e-07, 4.7663576197e-07, 6.58661917896e-07, 3.87809393487e-07, 1.54635202421e-07, 4.21678052476e-08, 2.34188277659e-08, 1.78016854591e-08, 1.06133624111e-09, 1.1548280561e-11], [1.01749420001e-09, 7.24051396617e-09, 6.51763798487e-08, 6.06910148804e-08, 3.1309744486e-07, 3.36680386681e-07, 4.08831567711e-07, 2.69557233423e-07, 2.0684166202e-07, 2.96680013889e-07, 1.39177984693e-07, 1.83499196282e-07, 6.6658913056e-08, 1.17403054389e-07, 1.09371050883e-07, 4.4430518642e-07, 4.96352015489e-07, 9.36285118769e-07, 9.14375789307e-07, 1.16182548027e-06, 6.97957659668e-07, 2.73235912118e-07, 7.46737924828e-08, 4.03416535733e-08, 3.00788300933e-08, 1.77562720083e-09, 1.89981832349e-11], [1.01606434377e-09, 7.06969593978e-09, 6.12857746773e-08, 7.23687563209e-08, 3.85435953376e-07, 4.61070214897e-07, 4.36021764472e-07, 2.61790091827e-07, 2.71352689651e-07, 2.95519697602e-07, 1.39615636385e-07, 1.84414702176e-07, 6.66420802986e-08, 1.11280449744e-07, 1.0183507726e-07, 4.30909125271e-07, 4.7663576197e-07, 9.14375789307e-07, 9.93597495835e-07, 1.09739141863e-06, 6.80913046835e-07, 2.67958370159e-07, 7.57087335046e-08, 3.73927981911e-08, 2.77307439234e-08, 1.64463731522e-09, 1.70749456241e-11], [1.38823530449e-09, 1.00179056162e-08, 9.2005592478e-08, 7.34437932692e-08, 3.7062420688e-07, 3.69169327996e-07, 5.38103734016e-07, 3.78735194317e-07, 2.36657257346e-07, 4.03520431291e-07, 1.95355511323e-07, 2.52444465332e-07, 9.02749874854e-08, 1.64038226558e-07, 1.53652578661e-07, 6.13427005192e-07, 6.58661917896e-07, 1.16182548027e-06, 1.09739141863e-06, 1.57800343459e-06, 9.18514615478e-07, 3.66063005686e-07, 9.87696964216e-08, 5.63162920741e-08, 4.27187814012e-08, 2.54865795135e-09, 2.79989989527e-11], [8.47913128599e-10, 6.0398464008e-09, 5.46684191249e-08, 5.02749522013e-08, 2.59963485405e-07, 2.76043721215e-07, 3.3975325664e-07, 2.23860581627e-07, 1.6670580294e-07, 2.4251082209e-07, 1.12800897512e-07, 1.47766911596e-07, 5.22563148309e-08, 9.63154889178e-08, 8.94530174378e-08, 3.67317881e-07, 3.87809393487e-07, 6.97957659668e-07, 6.80913046835e-07, 9.18514615478e-07, 5.48889545371e-07, 2.16988183865e-07, 5.96373794792e-08, 3.27948228573e-08, 2.48765914534e-08, 1.48320555837e-09, 1.59970699881e-11], [3.34257954648e-10, 2.38829667154e-09, 2.15241602319e-08, 1.9404476248e-08, 1.00171654083e-07, 1.08738468896e-07, 1.33740954311e-07, 9.01296459688e-08, 6.52838352266e-08, 9.54159773414e-08, 4.46653309893e-08, 5.98802358809e-08, 2.08653716527e-08, 3.80341553807e-08, 3.53933842234e-08, 1.45194306356e-07, 1.54635202421e-07, 2.73235912118e-07, 2.67958370159e-07, 3.66063005686e-07, 2.16988183865e-07, 8.78699353279e-08, 2.40525874773e-08, 1.31347004384e-08, 9.94011450928e-09, 5.93615379074e-10, 6.43368084502e-12], [9.44211861476e-11, 6.67499222562e-10, 5.93829430073e-09, 5.97647620282e-09, 3.13859516154e-08, 3.53576261602e-08, 3.88159442366e-08, 2.47735130188e-08, 2.06167936057e-08, 2.64718362786e-08, 1.20514700441e-08, 1.6423706839e-08, 5.6504729784e-09, 1.03936743656e-08, 9.59461665673e-09, 4.03804669702e-08, 4.21678052476e-08, 7.46737924828e-08, 7.57087335046e-08, 9.87696964216e-08, 5.96373794792e-08, 2.40525874773e-08, 6.73133504492e-09, 3.56055984696e-09, 2.70113487133e-09, 1.61903962459e-10, 1.74104047151e-12], [5.12073682069e-11, 3.6954925231e-10, 3.40399908261e-09, 2.69849209644e-09, 1.36516513649e-08, 1.33680364556e-08, 1.97851139916e-08, 1.38300286778e-08, 8.33345126239e-09, 1.45756615666e-08, 6.8026482225e-09, 8.98104612901e-09, 3.16666515232e-09, 5.96194116298e-09, 5.58750024027e-09, 2.25185026181e-08, 2.34188277659e-08, 4.03416535733e-08, 3.73927981911e-08, 5.63162920741e-08, 3.27948228573e-08, 1.31347004384e-08, 3.56055984696e-09, 2.05408823284e-09, 1.56942292495e-09, 9.4013699603e-11, 1.03791541334e-12], [3.99449223698e-11, 2.87938145549e-10, 2.6601252312e-09, 2.12711226411e-09, 1.07898134871e-08, 1.05265609562e-08, 1.54548605025e-08, 1.07288258278e-08, 6.43961683977e-09, 1.12798774765e-08, 5.21162757394e-09, 6.81064449282e-09, 2.36162067679e-09, 4.61130511553e-09, 4.30949098629e-09, 1.74427814414e-08, 1.78016854591e-08, 3.00788300933e-08, 2.77307439234e-08, 4.27187814012e-08, 2.48765914534e-08, 9.94011450928e-09, 2.70113487133e-09, 1.56942292495e-09, 1.21170207201e-09, 7.2742034618e-11, 8.01086898639e-13], [2.40359099811e-12, 1.73182093666e-11, 1.59893154272e-10, 1.28692639878e-10, 6.53967324737e-10, 6.40568431631e-10, 9.31715038455e-10, 6.44762077062e-10, 3.91946558542e-10, 6.76800282484e-10, 3.13387621409e-10, 4.09572237237e-10, 1.41424413846e-10, 2.76728390203e-10, 2.58394305952e-10, 1.04837571957e-09, 1.06133624111e-09, 1.77562720083e-09, 1.64463731522e-09, 2.54865795135e-09, 1.48320555837e-09, 5.93615379074e-10, 1.61903962459e-10, 9.4013699603e-11, 7.2742034618e-11, 4.37742593909e-12, 4.83722220265e-14], [2.55775845518e-14, 1.85654090842e-13, 1.73086848673e-12, 1.24789566701e-12, 6.21344252091e-12, 5.65005637762e-12, 9.64351168364e-12, 6.96623357957e-12, 3.67177946034e-12, 7.2267608564e-12, 3.42890624748e-12, 4.49382284856e-12, 1.57189484953e-12, 3.01909452299e-12, 2.83970980411e-12, 1.13217360834e-11, 1.1548280561e-11, 1.89981832349e-11, 1.70749456241e-11, 2.79989989527e-11, 1.59970699881e-11, 6.43368084502e-12, 1.74104047151e-12, 1.03791541334e-12, 8.01086898639e-13, 4.83722220265e-14, 5.90330348166e-16]]
    },
    "mfcc": {
        "kurt": [-0.106085062027, 0.0885238647461, -1.44740533829, -0.85197019577, -0.716715812683, -0.698400974274, 1.02088308334, -0.594618797302, 0.761301279068, -0.172665119171, 0.071994304657, 0.124194860458, 0.885545969009],
        "max": [-503.008544922, 115.674964905, 38.370639801, 47.8290786743, 5.57177734375, 4.02263641357, 22.7099647522, 23.3363895416, 16.0311012268, 13.5818500519, 11.8901176453, 15.5860462189, 10.5527572632],
        "mean": [-945.582580566, 70.9735488892, -26.4732341766, 4.08286142349, -30.6538677216, -22.8502082825, 4.45828294754, 5.58082437515, -1.42110204697, -0.101235322654, -0.745016813278, -0.366965413094, -2.67836499214],
        "median": [-1012.95471191, 73.4131546021, -14.8218173981, 5.74538040161, -26.3760566711, -19.8015785217, 4.08755874634, 6.74850273132, -0.274471282959, 0.876571655273, -0.0106391906738, -0.190769195557, -1.92593193054],
        "min": [-1098.01379395, 0.181972503662, -110.951171875, -35.6113815308, -79.8126373291, -56.0994682312, -22.7978534698, -16.5672149658, -31.1432418823, -18.0747871399, -20.9049873352, -17.6795806885, -21.5788497925],
        "skew": [1.00178897381, -0.685295641422, -0.351545184851, 0.0390414372087, -0.505885124207, -0.480752706528, -0.123224630952, -0.357055425644, -0.484181821346, -0.480011165142, -0.456315845251, 0.0572273433208, -0.691900849342],
        "var": [23417.046875, 654.549133301, 2517.75415039, 377.537994385, 489.641723633, 220.474136353, 60.4832305908, 89.1494827271, 75.8154678345, 53.032409668, 42.0107536316, 34.7656517029, 35.2881660461],
        "cov": [[23706.1464844, -1019.68566895, -6275.80371094, 1822.00622559, -2557.96191406, -850.780456543, -400.5574646, -626.728881836, -849.070495605, -712.879455566, -546.593994141, -232.007614136, -412.742340088], [-1019.68566895, 662.629943848, -33.1176567078, -282.122070312, -56.4352111816, -202.474197388, 59.5095367432, -21.0232563019, 32.556438446, 59.0158843994, 34.336643219, 27.1065692902, 29.7724399567], [-6275.80371094, -33.1176567078, 2548.83764648, -347.438049316, 1051.26757812, 518.237609863, 42.6855430603, 260.591400146, 289.23815918, 167.780899048, 156.713027954, 28.2441520691, 150.254852295], [1822.00622559, -282.122070312, -347.438049316, 382.198944092, -117.743621826, 58.1100387573, -33.0626335144, -63.0805053711, -59.5760765076, -70.328918457, -60.8319664001, -21.0290641785, -34.6383361816], [-2557.96191406, -56.4352111816, 1051.26757812, -117.743621826, 495.686676025, 214.876693726, 22.1887435913, 101.476852417, 118.076942444, 68.289894104, 59.5758399963, 9.41427898407, 63.3933143616], [-850.780456543, -202.474197388, 518.237609863, 58.1100387573, 214.876693726, 223.196029663, 14.8163490295, 80.025894165, 48.7463150024, 19.4110012054, 14.7066049576, -2.42054843903, 15.4944801331], [-400.5574646, 59.5095367432, 42.6855430603, -33.0626335144, 22.1887435913, 14.8163490295, 61.2299385071, 34.9373779297, 31.9384403229, 29.6383075714, 16.3223762512, 20.8083286285, 6.56619882584], [-626.728881836, -21.0232563019, 260.591400146, -63.0805053711, 101.476852417, 80.025894165, 34.9373779297, 90.2500915527, 52.7232398987, 30.8803443909, 23.6746921539, 5.88461017609, 10.315568924], [-849.070495605, 32.556438446, 289.23815918, -59.5760765076, 118.076942444, 48.7463150024, 31.9384403229, 52.7232398987, 76.7514572144, 45.0504760742, 32.7022628784, 18.2248039246, 25.973033905], [-712.879455566, 59.0158843994, 167.780899048, -70.328918457, 68.289894104, 19.4110012054, 29.6383075714, 30.8803443909, 45.0504760742, 53.6871337891, 30.8595733643, 16.6735248566, 14.6810817719], [-546.593994141, 34.336643219, 156.713027954, -60.8319664001, 59.5758399963, 14.7066049576, 16.3223762512, 23.6746921539, 32.7022628784, 30.8595733643, 42.5294036865, 22.3129367828, 19.1268482208], [-232.007614136, 27.1065692902, 28.2441520691, -21.0290641785, 9.41427898407, -2.42054843903, 20.8083286285, 5.88461017609, 18.2248039246, 16.6735248566, 22.3129367828, 35.194858551, 20.411491394], [-412.742340088, 29.7724399567, 150.254852295, -34.6383361816, 63.3933143616, 15.4944801331, 6.56619882584, 10.315568924, 25.973033905, 14.6810817719, 19.1268482208, 20.411491394, 35.7238235474]]
    },
    "sccoeffs": {
        "kurt": [2.0539560318, 0.224885940552, -0.210055589676, 0.601030349731, -0.215782880783, -0.391537427902],
        "max": [-0.551523983479, -0.681540608406, -0.772138535976, -0.747627079487, -0.76041418314, -0.516091525555],
        "mean": [-0.799911975861, -0.839795470238, -0.85685634613, -0.861891508102, -0.862914383411, -0.722398877144],
        "median": [-0.807165265083, -0.846405148506, -0.861544072628, -0.865112304688, -0.875979304314, -0.739071726799],
        "min": [-0.969192326069, -0.964147806168, -0.954256057739, -0.931326150894, -0.958474874496, -0.903397977352],
        "skew": [1.0726275444, 0.420139878988, 0.239273622632, 0.677833855152, 0.630800902843, 0.327944308519],
        "var": [0.00498643284664, 0.00272848177701, 0.00136484007817, 0.00113403319847, 0.00162363308482, 0.00687557691708],
        "cov": [[0.00504799373448, 0.00156631343998, 0.00135717215016, 0.0014226330677, 0.0019150468288, 0.00245819496922], [0.00156631343998, 0.00276216655038, 0.00113252631854, 0.000893519609235, 0.0010798140429, 0.00222297362052], [0.00135717215016, 0.00113252631854, 0.00138168991543, 0.000714294321369, 0.000885922054294, 0.00181428331416], [0.0014226330677, 0.000893519609235, 0.000714294321369, 0.00114803365432, 0.00100388925057, 0.00129371520597], [0.0019150468288, 0.0010798140429, 0.000885922054294, 0.00100388925057, 0.00164367794059, 0.00192616821732], [0.00245819496922, 0.00222297362052, 0.00181428331416, 0.00129371520597, 0.00192616821732, 0.0069604604505]]
    },
    "scvalleys": {
        "kurt": [6.64983558655, 0.224964857101, -1.07572424412, -0.999648809433, -0.923348665237, 0.344591379166],
        "max": [-5.60262966156, -4.48116970062, -4.75920295715, -5.42691373825, -4.82652711868, -6.74827671051],
        "mean": [-9.6643409729, -8.46471214294, -8.35698509216, -9.47950935364, -9.3221912384, -13.464846611],
        "median": [-9.83753299713, -8.73677158356, -8.66021633148, -10.0547370911, -10.3464136124, -14.4656906128],
        "min": [-11.1577253342, -10.3147754669, -10.6588535309, -11.5660600662, -11.2911520004, -16.603055954],
        "skew": [2.24428343773, 0.871270120144, 0.366855442524, 0.583738267422, 0.75893253088, 1.22705662251],
        "var": [0.807934463024, 1.78534269333, 2.51686358452, 2.76278185844, 3.82838892937, 5.81453180313],
        "cov": [[0.817908942699, 0.784038186073, 0.816077053547, 0.886907815933, 1.12681639194, 1.64112520218], [0.784038186073, 1.80738401413, 2.01557207108, 2.11551046371, 2.4421980381, 2.15412926674], [0.816077053547, 2.01557207108, 2.54793596268, 2.59632921219, 2.97023868561, 2.5527806282], [0.886907815933, 2.11551046371, 2.59632921219, 2.79689025879, 3.22279906273, 2.94663500786], [1.12681639194, 2.4421980381, 2.97023868561, 3.22279906273, 3.87565302849, 3.79922270775], [1.64112520218, 2.15412926674, 2.5527806282, 2.94663500786, 3.79922270775, 5.88631629944]]
    }
},
"rhythm": {
    "beats_loudness": {
        "kurt": -1.50000023842,
        "max": 0.00037314047222,
        "mean": 0.000126113824081,
        "median": 4.16561988459e-06,
        "min": 1.03537979612e-06,
        "skew": 0.706936359406,
        "var": 3.05127159095e-08
    },
    "bpm": 112.34715271,
    "confidence": 0,
    "first_peak_bpm": {
        "kurt": 0,
        "max": 112,
        "mean": 112,
        "median": 112,
        "min": 112,
        "skew": 0,
        "var": 0
    },
    "first_peak_spread": {
        "kurt": 0,
        "max": 0,
        "mean": 0,
        "median": 0,
        "min": 0,
        "skew": 0,
        "var": 0
    },
    "first_peak_weight": {
        "kurt": 0,
        "max": 1,
        "mean": 1,
        "median": 1,
        "min": 1,
        "skew": 0,
        "var": 0
    },
    "onset_rate": 0.534189343452,
    "second_peak_bpm": {
        "kurt": 0,
        "max": 0,
        "mean": 0,
        "median": 0,
        "min": 0,
        "skew": 0,
        "var": 0
    },
    "second_peak_spread": {
        "kurt": 0,
        "max": 0,
        "mean": 0,
        "median": 0,
        "min": 0,
        "skew": 0,
        "var": 0
    },
    "second_peak_weight": {
        "kurt": 0,
        "max": 0,
        "mean": 0,
        "median": 0,
        "min": 0,
        "skew": 0,
        "var": 0
    },
    "beats_loudness_band_ratio": {
        "kurt": [-1.49999988079, -1.5, -1.50000011921, -1.50000011921, -1.49999988079, -1.50000023842],
        "max": [0.116190947592, 0.214723452926, 0.601482689381, 0.25745639205, 0.154849380255, 0.213208377361],
        "mean": [0.0440568812191, 0.0885505974293, 0.444217681885, 0.233208239079, 0.106637001038, 0.116022802889],
        "median": [0.0144446203485, 0.0406369529665, 0.407242000103, 0.233876138926, 0.0845674499869, 0.090089134872],
        "min": [0.00153508526273, 0.0102913947776, 0.323928356171, 0.208292171359, 0.0804941728711, 0.0447708815336],
        "skew": [0.673642337322, 0.647391319275, 0.444800913334, -0.0498652458191, 0.699561297894, 0.498215705156],
        "var": [0.00262943748385, 0.00811326969415, 0.0135230021551, 0.000403076497605, 0.00116498197895, 0.00506480922922],
        "cov": [[0.00394415622577, 0.00692395679653, -0.00588082894683, -0.00127186998725, -0.00143394758925, -0.00194663787261], [0.00692395679653, 0.0121699050069, -0.009909350425, -0.00217890902422, -0.00265252124518, -0.00373192573898], [-0.00588082894683, -0.009909350425, 0.0202845036983, 0.00339291337878, -0.00161965296138, -0.00583969661966], [-0.00127186998725, -0.00217890902422, 0.00339291337878, 0.000604614731856, -2.59139051195e-05, -0.000508326105773], [-0.00143394758925, -0.00265252124518, -0.00161965296138, -2.59139051195e-05, 0.00174747302663, 0.00356030929834], [-0.00194663787261, -0.00373192573898, -0.00583969661966, -0.000508326105773, 0.00356030929834, 0.00759721407667]]
    },
    "beats_position": [0.510838985443, 1.04489791393, 1.57895684242],
    "bpm_estimates": [112.34715271, 112.34715271],
    "bpm_intervals": [0.53405892849, 0.53405892849],
    "onset_times": [0.0348299331963],
    "histogram": [[0, 0, 0, 0, 0, 0, 0, 0, 0, 0, 0, 0, 0, 0, 0, 0, 0, 0, 0, 0, 0, 0, 0, 0, 0, 0, 0, 0, 0, 0, 0, 0, 0, 0, 0, 0, 0, 0, 0, 0, 0, 0, 0, 0, 0, 0, 0, 0, 0, 0, 0, 0, 0, 0, 0, 0, 0, 0, 0, 0, 0, 0, 0, 0, 0, 0, 0, 0, 0, 0, 0, 0, 0, 0, 0, 0, 0, 0, 0, 0, 0, 0, 0, 0, 0, 0, 0, 0, 0, 0, 0, 0, 0, 0, 0, 0, 0, 0, 0, 0, 0, 0, 0, 0, 0, 0, 0, 0, 0, 0, 0, 0, 1, 0, 0, 0, 0, 0, 0, 0, 0, 0, 0, 0, 0, 0, 0, 0, 0, 0, 0, 0, 0, 0, 0, 0, 0, 0, 0, 0, 0, 0, 0, 0, 0, 0, 0, 0, 0, 0, 0, 0, 0, 0, 0, 0, 0, 0, 0, 0, 0, 0, 0, 0, 0, 0, 0, 0, 0, 0, 0, 0, 0, 0, 0, 0, 0, 0, 0, 0, 0, 0, 0, 0, 0, 0, 0, 0, 0, 0, 0, 0, 0, 0, 0, 0, 0, 0, 0, 0, 0, 0, 0, 0, 0, 0, 0, 0, 0, 0, 0, 0, 0, 0, 0, 0, 0, 0, 0, 0, 0, 0, 0, 0, 0, 0, 0, 0, 0, 0, 0, 0, 0, 0, 0, 0, 0, 0, 0, 0, 0, 0, 0, 0, 0, 0, 0, 0, 0, 0]]
},
"sfx": {
    "inharmonicity": {
        "kurt": 2.87601661682,
        "max": 0.422394782305,
        "mean": 0.0682719945908,
        "median": 0.0235654786229,
        "min": 0,
        "skew": 1.70596110821,
        "var": 0.00790428370237
    },
    "oddtoevenharmonicenergyratio": {
        "kurt": 6.09620285034,
        "max": 3.87469601631,
        "mean": 0.495925158262,
        "median": 0.194977253675,
        "min": 0,
        "skew": 2.21784329414,
        "var": 0.480343103409
    },
    "pitch_after_max_to_before_max_energy_ratio": 0.115527562797,
    "pitch_centroid": 24.9555282593,
    "pitch_max_to_total": 0.975609779358,
    "pitch_min_to_total": 0.658536612988,
    "tristimulus": {
        "kurt": [-1.40222477913, -0.874675512314, -0.950833559036],
        "max": [1, 0.676737248898, 0.928356826305],
        "mean": [0.463686913252, 0.229856401682, 0.306456655264],
        "median": [0.387837082148, 0.258467108011, 0.264229565859],
        "min": [0, 0, 0],
        "skew": [0.321048021317, 0.079325504601, 0.468852579594],
        "var": [0.143070831895, 0.0300324019045, 0.0768020451069],
        "cov": [[0.144837126136, -0.0487450398505, -0.0960920751095], [-0.0487450398505, 0.0304031725973, 0.0183418672532], [-0.0960920751095, 0.0183418672532, 0.0777502208948]]
    }
},
"tonal": {
    "chords_changes_rate": 0.261904776096,
    "chords_number_rate": 0.095238097012,
    "chords_strength": {
        "kurt": -0.00300860404968,
        "max": 0.448057502508,
        "mean": 0.358954071999,
        "median": 0.343704253435,
        "min": 0.306521713734,
        "skew": 1.03965592384,
        "var": 0.00135745084845
    },
    "key_strength": 0.52225714922,
    "tuning_diatonic_strength": 0.336918026209,
    "tuning_equal_tempered_deviation": 0.249457329512,
    "tuning_frequency": 455.516601562,
    "tuning_nontempered_energy_ratio": 0.911758482456,
    "hpcp": {
        "kurt": [1.05189990997, -0.822400093079, 0.212961673737, 0.0630512237549, 0.477835178375, 0.297715425491, 1.93924093246, -0.444720506668, 1.97470521927, 1.10953474045, -0.135851860046, -0.128647089005, -0.233912229538, 0.253530502319, -0.0379898548126, 0.317294597626, -0.600028038025, 2.22185373306, 0.660468101501, 0.698259115219, 1.18932151794, 0.697784423828, 0.031170129776, 0.0207681655884, -1.22784507275, -0.745544910431, -1.21574020386, -0.519265174866, -0.764080286026, -1.0690164566, -0.776044845581, -0.0743761062622, 0.202322244644, -0.64853477478, -0.421330690384, -0.326302289963],
        "max": [1, 0.816020488739, 1, 0.945096492767, 0.914447247982, 0.867032289505, 1, 0.806486546993, 1, 0.955499589443, 1, 0.998156428337, 0.945347845554, 0.841138780117, 1, 0.877858996391, 0.63351982832, 1, 0.975552380085, 1, 1, 1, 0.93152153492, 1, 1, 1, 0.68434804678, 1, 1, 1, 1, 1, 1, 1, 1, 0.851074457169],
        "mean": [0.360254734755, 0.39404463768, 0.426624298096, 0.385039657354, 0.316491872072, 0.307786524296, 0.320048242807, 0.327464282513, 0.346552610397, 0.390408247709, 0.432611554861, 0.417216807604, 0.368177175522, 0.365038216114, 0.381149917841, 0.327763736248, 0.278557151556, 0.307305127382, 0.327647686005, 0.322502493858, 0.313545048237, 0.337917089462, 0.37053617835, 0.421989798546, 0.460930019617, 0.394990473986, 0.347852468491, 0.396096169949, 0.438408434391, 0.469622522593, 0.46524387598, 0.409146308899, 0.416877895594, 0.455359518528, 0.417706429958, 0.359524399042],
        "median": [0.316944181919, 0.386788189411, 0.422560214996, 0.311952382326, 0.262127280235, 0.310140669346, 0.300037890673, 0.291507482529, 0.336317360401, 0.341011464596, 0.355391204357, 0.394370138645, 0.339596241713, 0.321058213711, 0.335672676563, 0.282196998596, 0.253453165293, 0.238124772906, 0.29447221756, 0.278486758471, 0.239740759134, 0.297430157661, 0.360627919436, 0.400953173637, 0.344791740179, 0.333571732044, 0.374733328819, 0.325194060802, 0.361864030361, 0.426686227322, 0.486936837435, 0.375085502863, 0.35606315732, 0.385705888271, 0.391739249229, 0.301104784012],
