{
"metadata": {
    "version": {
        "essentia": "2.1-beta3"
    }
},
"lowLevel": {
    "average_loudness": 0.170750573277,
    "barkbands_kurtosis": {
        "kurt": 6.96033668518,
        "max": 9.31053352356,
        "mean": 0.1077086851,
        "median": -0.443692445755,
        "min": -1.82164347172,
        "skew": 2.15663361549,
        "var": 3.08096766472
    },
    "barkbands_skewness": {
        "kurt": -0.245213031769,
        "max": 1.4780036211,
        "mean": 0.104906335473,
        "median": 0.288384765387,
        "min": -2.49514198303,
        "skew": -0.808168113232,
        "var": 0.934891879559
    },
    "barkbands_spread": {
        "kurt": -0.473176956177,
        "max": 54.0655975342,
        "mean": 24.9936637878,
        "median": 23.0816993713,
        "min": 5.6360244751,
        "skew": 0.540484428406,
        "var": 125.3699646
    },
    "dissonance": {
        "kurt": 83.1902923584,
        "max": 0.500000119209,
        "mean": 0.481023490429,
        "median": 0.487870872021,
        "min": 0.095814190805,
        "skew": -8.39983844757,
        "var": 0.00136394996662
    },
    "hfc": {
        "kurt": 68.9922485352,
        "max": 364.082061768,
        "mean": 7.8840136528,
        "median": 0.00438562827185,
        "min": 7.00760381278e-07,
        "skew": 7.80938863754,
        "var": 1302.48498535
    },
    "pitch": {
        "kurt": -1.27947187424,
        "max": 4449.61767578,
        "mean": 1495.70617676,
        "median": 755.820556641,
        "min": 87.4329681396,
        "skew": 0.745512187481,
        "var": 2371772.25
    },
    "pitch_instantaneous_confidence": {
        "kurt": 0.822131872177,
        "max": 0.646007061005,
        "mean": 0.271404057741,
        "median": 0.241660356522,
        "min": 0.121667683125,
        "skew": 0.99986743927,
        "var": 0.00904780998826
    },
    "pitch_salience": {
        "kurt": 1.95089387894,
        "max": 0.929935395718,
        "mean": 0.773980796337,
        "median": 0.781355142593,
        "min": 0.560548782349,
        "skew": -0.91533011198,
        "var": 0.00332388421521
    },
    "silence_rate_20dB": {
        "kurt": 0,
        "max": 1,
        "mean": 1,
        "median": 1,
        "min": 1,
        "skew": 0,
        "var": 0
    },
    "silence_rate_30dB": {
        "kurt": 0,
        "max": 1,
        "mean": 1,
        "median": 1,
        "min": 1,
        "skew": 0,
        "var": 0
    },
    "silence_rate_60dB": {
        "kurt": 2.06952857971,
        "max": 1,
        "mean": 0.855072438717,
        "median": 1,
        "min": 0,
        "skew": -2.01730155945,
        "var": 0.123923316598
    },
    "spectral_centroid": {
        "kurt": -0.770358324051,
        "max": 3559.40063477,
        "mean": 1835.953125,
        "median": 1605.66394043,
        "min": 738.228759766,
        "skew": 0.686191141605,
        "var": 646712.5625
    },
    "spectral_complexity": {
        "kurt": 3.90536975861,
        "max": 60,
        "mean": 5.89855051041,
        "median": 0,
        "min": 0,
        "skew": 2.33604812622,
        "var": 211.0912323
    },
    "spectral_crest": {
        "kurt": 4.42748117447,
        "max": 13.728597641,
        "mean": 5.39356613159,
        "median": 5.07847881317,
        "min": 2.81215405464,
        "skew": 1.51039910316,
        "var": 2.56394672394
    },
    "spectral_decrease": {
        "kurt": 77.6891555786,
        "max": -3.70089671956e-17,
        "mean": -6.20369089432e-10,
        "median": -4.98289452235e-13,
        "min": -3.0703969145e-08,
        "skew": -8.35105323792,
        "var": 8.71578043007e-18
    },
    "spectral_energy": {
        "kurt": 75.868927002,
        "max": 0.148907035589,
        "mean": 0.00305651756935,
        "median": 2.52400354839e-06,
        "min": 2.03241590224e-10,
        "skew": 8.23846626282,
        "var": 0.000207483491977
    },
    "spectral_energyband_high": {
        "kurt": 64.3907012939,
        "max": 0.0279647540301,
        "mean": 0.000607171212323,
        "median": 2.53975883879e-07,
        "min": 8.97443439007e-11,
        "skew": 7.53432846069,
        "var": 7.97778466222e-06
    },
    "spectral_energyband_low": {
        "kurt": 57.0463943481,
        "max": 0.00114578066859,
        "mean": 2.67507948593e-05,
        "median": 4.55040911618e-08,
        "min": 4.81365294847e-12,
        "skew": 7.50994539261,
        "var": 1.885560863e-08
    },
    "spectral_energyband_middle_high": {
        "kurt": 65.2092971802,
        "max": 0.0822094529867,
        "mean": 0.00189647893421,
        "median": 1.43751822179e-06,
        "min": 6.72241290411e-11,
        "skew": 7.60632896423,
        "var": 6.88221552991e-05
    },
    "spectral_energyband_middle_low": {
        "kurt": 104.275161743,
        "max": 0.0382728204131,
        "mean": 0.000565551221371,
        "median": 5.94160326273e-07,
        "min": 4.16385502466e-11,
        "skew": 9.90463352203,
        "var": 1.1714008906e-05
    },
    "spectral_flatness_db": {
        "kurt": 0.130116701126,
        "max": 0.287067264318,
        "mean": 0.135685056448,
        "median": 0.123627901077,
        "min": 0.0658499449492,
        "skew": 0.931495845318,
        "var": 0.00234925164841
    },
    "spectral_flux": {
        "kurt": 29.6220169067,
        "max": 0.376683324575,
        "mean": 0.0175067353994,
        "median": 0.00127108034212,
        "min": 0.000241878064116,
        "skew": 4.9285235405,
        "var": 0.00217310478911
    },
    "spectral_kurtosis": {
        "kurt": 7.0954914093,
        "max": 20.6366539001,
        "mean": 3.98249077797,
        "median": 3.01727461815,
        "min": 0.329581737518,
        "skew": 2.37331962585,
        "var": 10.9081802368
    },
    "spectral_rms": {
        "kurt": 21.1511249542,
        "max": 0.0120530147105,
        "mean": 0.000668639666401,
        "median": 4.96222855872e-05,
        "min": 4.45291448159e-07,
        "skew": 4.09396839142,
        "var": 2.53488974522e-06
    },
    "spectral_rolloff": {
        "kurt": -0.82696056366,
        "max": 5404.83398438,
        "mean": 3244.0234375,
        "median": 3402.24609375,
        "min": 1012.06054688,
        "skew": -0.391830354929,
        "var": 1312188.75
    },
    "spectral_skewness": {
        "kurt": -0.167766571045,
        "max": 2.61828446388,
        "mean": 1.37644815445,
        "median": 1.31492209435,
        "min": 0.594063520432,
        "skew": 0.598079204559,
        "var": 0.192709103227
    },
    "spectral_spread": {
        "kurt": 5.45219898224,
        "max": 15675346,
        "mean": 4864265.5,
        "median": 4913314,
        "min": 1394618.75,
        "skew": 1.14237213135,
        "var": 3.80183615898e+12
    },
    "spectral_strongpeak": {
        "kurt": 17.6873340607,
        "max": 4.31445121765,
        "mean": 0.223362326622,
        "median": 0.00958744995296,
        "min": 9.81348202913e-05,
        "skew": 3.99830269814,
        "var": 0.393526464701
    },
    "zerocrossingrate": {
        "kurt": -0.356154203415,
        "max": 0.18603515625,
        "mean": 0.0987212657928,
        "median": 0.095703125,
        "min": 0.01611328125,
        "skew": 0.44354096055,
        "var": 0.00107199640479
    },
    "barkbands": {
        "kurt": [130.634109497, 78.0775299072, 54.7237739563, 99.6893844604, 75.5532455444, 107.125999451, 124.244697571, 120.332450867, 99.7756958008, 24.1585388184, 64.6095809937, 86.8373718262, 102.619628906, 57.7156486511, 118.774673462, 115.284187317, 96.834854126, 91.1153106689, 27.7182998657, 82.0460662842, 50.1878890991, 57.7559394836, 97.7086029053, 64.5228347778, 53.6130485535, 63.1961669922, 46.0214958191],
        "max": [7.71093982621e-06, 0.000416100898292, 0.000439651485067, 0.00233584619127, 0.00292089534923, 0.00553260231391, 0.0111368764192, 0.0142239388078, 0.00553686078638, 0.00239321961999, 0.0063238972798, 0.00656894547865, 0.00483471574262, 0.0035594177898, 0.00915824156255, 0.0115533331409, 0.0117937885225, 0.014166126959, 0.0111737493426, 0.0190082769841, 0.0107583999634, 0.00514908786863, 0.00166460359469, 0.000544640934095, 0.000380101642804, 2.49746262853e-05, 1.57916801413e-07],
        "mean": [6.72622704201e-08, 5.63119738217e-06, 1.09258053271e-05, 3.42929488397e-05, 5.34289501957e-05, 7.54538123147e-05, 0.000126333499793, 0.000153286135173, 9.65891886153e-05, 0.000111452420242, 0.000136522168759, 0.000120645723655, 7.64932265156e-05, 8.32787336549e-05, 0.000125088001369, 0.000159055358381, 0.000191256433027, 0.000290048716124, 0.000410517124692, 0.000390622910345, 0.000260715576587, 0.000104513375845, 2.36409450736e-05, 9.28430199565e-06, 6.98862731952e-06, 3.84814740073e-07, 3.02835445609e-09],
        "median": [7.55986051537e-10, 8.01437316511e-09, 1.44401894886e-08, 6.76195384131e-08, 9.2958835296e-08, 6.23225133722e-08, 8.43304519549e-08, 1.24013226355e-07, 1.13774575539e-07, 1.21732128378e-07, 9.58402779361e-08, 5.44886589182e-08, 6.37590673591e-08, 2.26598686481e-08, 4.53489583663e-08, 3.69754751262e-08, 6.1653196326e-08, 1.19490636052e-07, 1.81188710258e-07, 1.16550850748e-07, 8.57552322486e-08, 3.1982018811e-08, 6.75223166269e-09, 1.57547019874e-09, 2.97659091819e-10, 1.94067088788e-11, 7.97772221547e-13],
        "min": [1.94426419409e-12, 2.37837852711e-12, 1.06017950495e-12, 7.90950584108e-13, 2.64904287742e-12, 8.3908097484e-12, 1.29671056878e-11, 8.62057474016e-12, 7.45199388308e-12, 1.13223417187e-12, 6.61191967063e-13, 1.06350778878e-12, 3.67504258362e-13, 1.17844731369e-12, 9.78491246362e-12, 4.10853122357e-12, 5.82792668291e-12, 1.95362215988e-11, 1.40250614941e-11, 1.45644728916e-11, 3.32739356901e-11, 4.71121405776e-11, 1.8002993844e-12, 5.14783690935e-13, 2.52122487384e-13, 4.13501427109e-14, 1.55521675978e-15],
        "skew": [11.4703702927, 8.75142765045, 7.29215764999, 9.6469335556, 8.2560634613, 10.0580062866, 11.0722103119, 10.8652391434, 9.62491893768, 4.83323860168, 7.67344760895, 8.92006492615, 9.80828475952, 7.21405124664, 10.7347307205, 10.5393714905, 9.49910545349, 8.98043727875, 5.20168876648, 8.48921966553, 6.73962163925, 7.38076543808, 9.57824516296, 7.8597536087, 7.32238054276, 7.869161129, 6.83484649658],
        "var": [4.30239936559e-13, 1.69389924309e-09, 2.70958855353e-09, 4.46646346575e-08, 8.04497872764e-08, 2.41919735799e-07, 9.14938595997e-07, 1.51853760144e-06, 2.49357839266e-07, 1.39727703186e-07, 4.16626733113e-07, 3.78098150122e-07, 1.88117780908e-07, 1.40013483474e-07, 6.29604585356e-07, 1.01691807686e-06, 1.15406908208e-06, 1.69228667346e-06, 2.53457528743e-06, 3.21923766933e-06, 1.38845302899e-06, 3.07400142674e-07, 2.29996963697e-08, 3.22980109324e-09, 2.0585388949e-09, 7.13604782904e-12, 3.82329602446e-16],
        "cov": [[4.33380382362e-13, 2.35545020988e-11, 2.32641891862e-11, 4.01166704023e-11, 5.81847937886e-11, 3.11953490817e-10, 6.24320484199e-10, 7.99975419241e-10, 3.12933401414e-10, 8.92610499403e-11, 2.16978449097e-10, 1.66657507239e-10, 2.73039951759e-10, 1.25902122061e-10, 5.1415760538e-10, 6.53801013328e-10, 6.70689392912e-10, 7.96814447757e-10, 6.57696730411e-10, 1.07956654727e-09, 6.22790929938e-10, 3.00166308476e-10, 9.51501030744e-11, 3.16631720843e-11, 2.23868094201e-11, 1.45533606867e-12, 9.29630602776e-15], [2.35545020988e-11, 1.70626346385e-09, 2.01097472008e-09, 6.19463946805e-09, 8.11120859368e-09, 1.86060162832e-08, 3.54708795669e-08, 4.31244231436e-08, 1.85905317807e-08, 8.31248225808e-09, 1.29071224819e-08, 1.02031165738e-08, 1.69533258543e-08, 8.70708305456e-09, 2.97043101227e-08, 3.68991805999e-08, 3.91967915903e-08, 4.7446210516e-08, 4.72559555931e-08, 6.35730117438e-08, 4.38480292075e-08, 1.88121020983e-08, 5.50095125007e-09, 1.94883731375e-09, 1.43668954511e-09, 8.85295378672e-11, 6.57586073267e-13], [2.32641891862e-11, 2.01097472008e-09, 2.72936673262e-09, 9.64570556761e-09, 1.26232464481e-08, 2.01445420345e-08, 3.64882453141e-08, 4.30902815651e-08, 2.04295371731e-08, 1.3119694664e-08, 1.67232325765e-08, 1.40945557447e-08, 1.90300379899e-08, 1.21823724442e-08, 3.18052144621e-08, 3.90963066366e-08, 4.35376641406e-08, 5.48046159565e-08, 6.71955362463e-08, 7.40179899594e-08, 5.59000987721e-08, 2.26794547586e-08, 6.02801986105e-09, 2.26735719089e-09, 1.72585334912e-09, 1.01101210737e-10, 8.1402311107e-13], [4.01166704023e-11, 6.19463946805e-09, 9.64570556761e-09, 4.49906565336e-08, 5.80990402455e-08, 4.66086333972e-08, 7.33253457952e-08, 7.73610508986e-08, 4.95591692129e-08, 5.69321123578e-08, 5.6429133366e-08, 5.01411250298e-08, 4.79598618597e-08, 4.21140562423e-08, 6.7924034397e-08, 8.19543686248e-08, 1.00965486638e-07, 1.2510034253e-07, 2.12914002873e-07, 1.68897486219e-07, 1.72720660885e-07, 6.36204191551e-08, 1.37736257955e-08, 6.24723073273e-09, 5.26726617878e-09, 2.80511586181e-10, 2.74158690541e-12], [5.81847937886e-11, 8.11120859368e-09, 1.26232464481e-08, 5.80990402455e-08, 8.10370153204e-08, 6.88103583002e-08, 1.06924460397e-07, 1.24353206843e-07, 7.53741602466e-08, 8.42087501951e-08, 1.08289100353e-07, 1.02295267368e-07, 6.96155453284e-08, 7.45821751025e-08, 9.89573578636e-08, 1.24447126382e-07, 1.58489072533e-07, 1.81848463399e-07, 3.28577186792e-07, 2.60376509686e-07, 2.55854615716e-07, 1.02986120964e-07, 2.17130526892e-08, 1.01905657246e-08, 8.77764261276e-09, 4.68827088262e-10, 4.30011365057e-12], [3.11953490817e-10, 1.86060162832e-08, 2.01445420345e-08, 4.66086333972e-08, 6.88103583002e-08, 2.43685576606e-07, 4.66505667873e-07, 5.90049353377e-07, 2.42646024162e-07, 9.63919717378e-08, 1.98174177513e-07, 1.63554332744e-07, 2.10785756849e-07, 1.19645150676e-07, 3.87127187196e-07, 4.89937633574e-07, 5.17603609751e-07, 6.20039656951e-07, 5.92550520651e-07, 8.43671330131e-07, 5.20473633969e-07, 2.45280858735e-07, 7.27740854245e-08, 2.54856953319e-08, 1.87336191004e-08, 1.17379139741e-09, 7.97574246231e-12], [6.24320484199e-10, 3.54708795669e-08, 3.64882453141e-08, 7.33253457952e-08, 1.06924460397e-07, 4.66505667873e-07, 9.21616958749e-07, 1.17251261145e-06, 4.6757253358e-07, 1.58819005946e-07, 3.4054883713e-07, 2.70729401564e-07, 4.07214486131e-07, 2.02829809837e-07, 7.58424619107e-07, 9.58024202191e-07, 9.92882519313e-07, 1.18903255952e-06, 1.0264005823e-06, 1.60382387548e-06, 9.49531170136e-07, 4.49986487183e-07, 1.39605035088e-07, 4.72410377483e-08, 3.38695436142e-08, 2.17335660579e-09, 1.42744063097e-11], [7.99975419241e-10, 4.31244231436e-08, 4.30902815651e-08, 7.73610508986e-08, 1.24353206843e-07, 5.90049353377e-07, 1.17251261145e-06, 1.52962184075e-06, 6.0166229332e-07, 2.09179646049e-07, 4.94201060519e-07, 4.06446474699e-07, 5.16984982823e-07, 2.85181016579e-07, 9.6821884199e-07, 1.23445693134e-06, 1.29159695916e-06, 1.49985214648e-06, 1.3385940747e-06, 2.06323215934e-06, 1.20909385259e-06, 5.95848803187e-07, 1.81920526643e-07, 6.27076346404e-08, 4.56704114526e-08, 2.9108366828e-09, 1.88718901617e-11], [3.12933401414e-10, 1.85905317807e-08, 2.04295371731e-08, 4.95591692129e-08, 7.53741602466e-08, 2.42646024162e-07, 4.6757253358e-07, 6.0166229332e-07, 2.5117799396e-07, 1.13420917103e-07, 2.2823303425e-07, 1.92151105693e-07, 2.14825746525e-07, 1.34752241365e-07, 3.9099023752e-07, 4.99722773384e-07, 5.3302875358e-07, 6.2522940425e-07, 6.23805931355e-07, 8.61164096477e-07, 5.40205803645e-07, 2.57920561353e-07, 7.47956079294e-08, 2.68156234995e-08, 2.00395735561e-08, 1.24200671969e-09, 8.49798269947e-12], [8.92610499403e-11, 8.31248225808e-09, 1.3119694664e-08, 5.69321123578e-08, 8.42087501951e-08, 9.63919717378e-08, 1.58819005946e-07, 2.09179646049e-07, 1.13420917103e-07, 1.40747616229e-07, 1.97145411107e-07, 1.74576072709e-07, 9.27395404915e-08, 1.11018366056e-07, 1.48151499957e-07, 1.9583296762e-07, 2.34763945173e-07, 2.83354211206e-07, 4.49721625273e-07, 3.95443663592e-07, 3.18292762813e-07, 1.43748295045e-07, 3.16533856903e-08, 1.41627447547e-08, 1.19344099048e-08, 6.58178456181e-10, 5.32733709577e-12], [2.16978449097e-10, 1.29071224819e-08, 1.67232325765e-08, 5.6429133366e-08, 1.08289100353e-07, 1.98174177513e-07, 3.4054883713e-07, 4.94201060519e-07, 2.2823303425e-07, 1.97145411107e-07, 4.19667799179e-07, 3.87928281498e-07, 1.79172374715e-07, 2.28487664344e-07, 3.05298982539e-07, 4.21708136855e-07, 5.07425284013e-07, 5.19588752468e-07, 8.21758703751e-07, 8.11080894891e-07, 5.76059903779e-07, 3.07273865019e-07, 7.1211360364e-08, 3.13215231529e-08, 2.64130708416e-08, 1.49948276018e-09, 1.08789782738e-11], [1.66657507239e-10, 1.02031165738e-08, 1.40945557447e-08, 5.01411250298e-08, 1.02295267368e-07, 1.63554332744e-07, 2.70729401564e-07, 4.06446474699e-07, 1.92151105693e-07, 1.74576072709e-07, 3.87928281498e-07, 3.80857983373e-07, 1.48202119021e-07, 2.24288484674e-07, 2.45187891323e-07, 3.45397182855e-07, 4.34319503029e-07, 4.14561640127e-07, 7.66254572682e-07, 6.87972999458e-07, 5.13046700235e-07, 2.79512960333e-07, 6.12475972162e-08, 2.83840151383e-08, 2.46216398381e-08, 1.37145250712e-09, 1.01327678886e-11], [2.73039951759e-10, 1.69533258543e-08, 1.90300379899e-08, 4.79598618597e-08, 6.96155453284e-08, 2.10785756849e-07, 4.07214486131e-07, 5.16984982823e-07, 2.14825746525e-07, 9.27395404915e-08, 1.79172374715e-07, 1.48202119021e-07, 1.89490890534e-07, 1.0962564545e-07, 3.4107290503e-07, 4.3168722641e-07, 4.59602119918e-07, 5.46221770037e-07, 5.37469531992e-07, 7.47145691093e-07, 4.74707206877e-07, 2.1992930499e-07, 6.44066631139e-08, 2.28340137909e-08, 1.68675775569e-08, 1.0479980217e-09, 7.26443644822e-12], [1.25902122061e-10, 8.70708305456e-09, 1.21823724442e-08, 4.21140562423e-08, 7.45821751025e-08, 1.19645150676e-07, 2.02829809837e-07, 2.85181016579e-07, 1.34752241365e-07, 1.11018366056e-07, 2.28487664344e-07, 2.24288484674e-07, 1.0962564545e-07, 1.41035471302e-07, 1.82596195941e-07, 2.46373843993e-07, 3.03477634134e-07, 3.12567465244e-07, 5.31980106189e-07, 4.93127856771e-07, 3.69022899349e-07, 1.86961088389e-07, 4.25235455737e-08, 1.8794418466e-08, 1.59002784272e-08, 8.91702378603e-10, 6.70514468601e-12], [5.1415760538e-10, 2.97043101227e-08, 3.18052144621e-08, 6.7924034397e-08, 9.89573578636e-08, 3.87127187196e-07, 7.58424619107e-07, 9.6821884199e-07, 3.9099023752e-07, 1.48151499957e-07, 3.05298982539e-07, 2.45187891323e-07, 3.4107290503e-07, 1.82596195941e-07, 6.34200262084e-07, 7.99672761786e-07, 8.38628295696e-07, 1.00944566839e-06, 9.38876837608e-07, 1.37754409479e-06, 8.27866927011e-07, 3.8921785972e-07, 1.17897442919e-07, 4.04461637515e-08, 2.92454984674e-08, 1.85223558713e-09, 1.23227148971e-11], [6.53801013328e-10, 3.68991805999e-08, 3.90963066366e-08, 8.19543686248e-08, 1.24447126382e-07, 4.89937633574e-07, 9.58024202191e-07, 1.23445693134e-06, 4.99722773384e-07, 1.9583296762e-07, 4.21708136855e-07, 3.45397182855e-07, 4.3168722641e-07, 2.46373843993e-07, 7.99672761786e-07, 1.02434080418e-06, 1.07419543838e-06, 1.27525936477e-06, 1.20289985261e-06, 1.75198374563e-06, 1.05680612705e-06, 5.07531069616e-07, 1.51816649918e-07, 5.28068646588e-08, 3.85586922391e-08, 2.43109710141e-09, 1.60909549574e-11], [6.70689392912e-10, 3.91967915903e-08, 4.35376641406e-08, 1.00965486638e-07, 1.58489072533e-07, 5.17603609751e-07, 9.92882519313e-07, 1.29159695916e-06, 5.3302875358e-07, 2.34763945173e-07, 5.07425284013e-07, 4.34319503029e-07, 4.59602119918e-07, 3.03477634134e-07, 8.38628295696e-07, 1.07419543838e-06, 1.16249293569e-06, 1.35014283842e-06, 1.41595967307e-06, 1.89344041246e-06, 1.18615832889e-06, 5.72794590425e-07, 1.63289229249e-07, 5.90749067442e-08, 4.43329639666e-08, 2.72876188312e-09, 1.86024581156e-11], [7.96814447757e-10, 4.7446210516e-08, 5.48046159565e-08, 1.2510034253e-07, 1.81848463399e-07, 6.20039656951e-07, 1.18903255952e-06, 1.49985214648e-06, 6.2522940425e-07, 2.83354211206e-07, 5.19588752468e-07, 4.14561640127e-07, 5.46221770037e-07, 3.12567465244e-07, 1.00944566839e-06, 1.27525936477e-06, 1.35014283842e-06, 1.70463920313e-06, 1.68809424395e-06, 2.30309319704e-06, 1.40423492212e-06, 6.40276027752e-07, 1.88488627373e-07, 6.4942767608e-08, 4.67851926089e-08, 2.9268898416e-09, 1.96939201058e-11], [6.57696730411e-10, 4.72559555931e-08, 6.71955362463e-08, 2.12914002873e-07, 3.28577186792e-07, 5.92550520651e-07, 1.0264005823e-06, 1.3385940747e-06, 6.23805931355e-07, 4.49721625273e-07, 8.21758703751e-07, 7.66254572682e-07, 5.37469531992e-07, 5.31980106189e-07, 9.38876837608e-07, 1.20289985261e-06, 1.41595967307e-06, 1.68809424395e-06, 2.5530757739e-06, 2.5133372219e-06, 1.77402876034e-06, 8.16121712433e-07, 1.99162329295e-07, 8.01191859523e-08, 6.39483772602e-08, 3.64502983352e-09, 2.73168970083e-11], [1.07956654727e-09, 6.35730117438e-08, 7.40179899594e-08, 1.68897486219e-07, 2.60376509686e-07, 8.43671330131e-07, 1.60382387548e-06, 2.06323215934e-06, 8.61164096477e-07, 3.95443663592e-07, 8.11080894891e-07, 6.87972999458e-07, 7.47145691093e-07, 4.93127856771e-07, 1.37754409479e-06, 1.75198374563e-06, 1.89344041246e-06, 2.30309319704e-06, 2.5133372219e-06, 3.24273582919e-06, 2.00012027562e-06, 9.37480990615e-07, 2.66500421731e-07, 9.51129948135e-08, 7.04329039536e-08, 4.32067359668e-09, 2.93438918997e-11], [6.22790929938e-10, 4.38480292075e-08, 5.59000987721e-08, 1.72720660885e-07, 2.55854615716e-07, 5.20473633969e-07, 9.49531170136e-07, 1.20909385259e-06, 5.40205803645e-07, 3.18292762813e-07, 5.76059903779e-07, 5.13046700235e-07, 4.74707206877e-07, 3.69022899349e-07, 8.27866927011e-07, 1.05680612705e-06, 1.18615832889e-06, 1.40423492212e-06, 1.77402876034e-06, 2.00012027562e-06, 1.39858775583e-06, 6.337276659e-07, 1.66776771948e-07, 6.38325161617e-08, 4.95010183954e-08, 2.91719626233e-09, 2.15906476725e-11], [3.00166308476e-10, 1.88121020983e-08, 2.26794547586e-08, 6.36204191551e-08, 1.02986120964e-07, 2.45280858735e-07, 4.49986487183e-07, 5.95848803187e-07, 2.57920561353e-07, 1.43748295045e-07, 3.07273865019e-07, 2.79512960333e-07, 2.1992930499e-07, 1.86961088389e-07, 3.8921785972e-07, 5.07531069616e-07, 5.72794590425e-07, 6.40276027752e-07, 8.16121712433e-07, 9.37480990615e-07, 6.337276659e-07, 3.09643951368e-07, 8.10262505979e-08, 3.15681312202e-08, 2.48478748688e-08, 1.46946543822e-09, 1.04974137022e-11], [9.51501030744e-11, 5.50095125007e-09, 6.02801986105e-09, 1.37736257955e-08, 2.17130526892e-08, 7.27740854245e-08, 1.39605035088e-07, 1.81920526643e-07, 7.47956079294e-08, 3.16533856903e-08, 7.1211360364e-08, 6.12475972162e-08, 6.44066631139e-08, 4.25235455737e-08, 1.17897442919e-07, 1.51816649918e-07, 1.63289229249e-07, 1.88488627373e-07, 1.99162329295e-07, 2.66500421731e-07, 1.66776771948e-07, 8.10262505979e-08, 2.31675763018e-08, 8.38201419384e-09, 6.296932753e-09, 3.87792270518e-10, 2.63326383268e-12], [3.16631720843e-11, 1.94883731375e-09, 2.26735719089e-09, 6.24723073273e-09, 1.01905657246e-08, 2.54856953319e-08, 4.72410377483e-08, 6.27076346404e-08, 2.68156234995e-08, 1.41627447547e-08, 3.13215231529e-08, 2.83840151383e-08, 2.28340137909e-08, 1.8794418466e-08, 4.04461637515e-08, 5.28068646588e-08, 5.90749067442e-08, 6.4942767608e-08, 8.01191859523e-08, 9.51129948135e-08, 6.38325161617e-08, 3.15681312202e-08, 8.38201419384e-09, 3.25337623508e-09, 2.55973020558e-09, 1.52324236558e-10, 1.08170059281e-12], [2.23868094201e-11, 1.43668954511e-09, 1.72585334912e-09, 5.26726617878e-09, 8.77764261276e-09, 1.87336191004e-08, 3.38695436142e-08, 4.56704114526e-08, 2.00395735561e-08, 1.19344099048e-08, 2.64130708416e-08, 2.46216398381e-08, 1.68675775569e-08, 1.59002784272e-08, 2.92454984674e-08, 3.85586922391e-08, 4.43329639666e-08, 4.67851926089e-08, 6.39483772602e-08, 7.04329039536e-08, 4.95010183954e-08, 2.48478748688e-08, 6.296932753e-09, 2.55973020558e-09, 2.07356465332e-09, 1.21006774045e-10, 8.81226786421e-13], [1.45533606867e-12, 8.85295378672e-11, 1.01101210737e-10, 2.80511586181e-10, 4.68827088262e-10, 1.17379139741e-09, 2.17335660579e-09, 2.9108366828e-09, 1.24200671969e-09, 6.58178456181e-10, 1.49948276018e-09, 1.37145250712e-09, 1.0479980217e-09, 8.91702378603e-10, 1.85223558713e-09, 2.43109710141e-09, 2.72876188312e-09, 2.9268898416e-09, 3.64502983352e-09, 4.32067359668e-09, 2.91719626233e-09, 1.46946543822e-09, 3.87792270518e-10, 1.52324236558e-10, 1.21006774045e-10, 7.18813593717e-12, 5.10719565868e-14], [9.29630602776e-15, 6.57586073267e-13, 8.1402311107e-13, 2.74158690541e-12, 4.30011365057e-12, 7.97574246231e-12, 1.42744063097e-11, 1.88718901617e-11, 8.49798269947e-12, 5.32733709577e-12, 1.08789782738e-11, 1.01327678886e-11, 7.26443644822e-12, 6.70514468601e-12, 1.23227148971e-11, 1.60909549574e-11, 1.86024581156e-11, 1.96939201058e-11, 2.73168970083e-11, 2.93438918997e-11, 2.15906476725e-11, 1.04974137022e-11, 2.63326383268e-12, 1.08170059281e-12, 8.81226786421e-13, 5.10719565868e-14, 3.85120337779e-16]]
    },
    "mfcc": {
        "kurt": [0.328397989273, -0.585009813309, -1.06404447556, -0.634897470474, -0.846180915833, -0.502420186996, 0.0984792709351, 1.71735620499, 0.0186014175415, 0.29449224472, 3.23389005661, 0.332836866379, 1.00791120529],
        "max": [-464.203857422, 134.649963379, 24.8383827209, 59.0828552246, 9.53799438477, 8.17458343506, 13.9064445496, 17.0738945007, 16.2815055847, 10.4215106964, 21.5850105286, 8.88911247253, 12.1896324158],
        "mean": [-980.547424316, 52.371963501, -24.5905456543, 9.34209728241, -17.5020847321, -13.1590681076, -0.148689180613, -1.27917301655, -2.73610377312, -3.51967334747, -5.34961938858, -5.94536304474, -5.51341152191],
        "median": [-1064.26391602, 42.3890953064, -8.74749755859, 7.47395706177, -17.0826072693, -9.43983840942, -1.18433761597, -0.835883140564, -3.14985656738, -3.26579666138, -5.9201259613, -6.11429977417, -5.77309799194],
        "min": [-1138.42004395, -28.9984054565, -108.845748901, -33.2121047974, -59.0142478943, -50.3625144958, -21.7865657806, -24.1575317383, -20.0480041504, -17.7419185638, -27.3189544678, -21.3233451843, -19.2763004303],
        "skew": [1.24943125248, 0.645466089249, -0.635718345642, 0.0424633286893, -0.267677366734, -0.62499666214, -0.199873626232, -0.32544106245, -0.00159744929988, -0.339129954576, 0.613555431366, -0.145293265581, 0.4447222054],
        "var": [29618.5390625, 1414.38671875, 1795.93139648, 462.652648926, 291.07434082, 147.801452637, 50.2932128906, 33.526966095, 37.0582084656, 24.2464962006, 39.8597106934, 27.0897216797, 29.8456363678],
        "cov": [[29834.734375, 3411.375, -6079.38183594, 1649.67346191, -2042.86291504, -43.4897346497, -99.5381011963, -96.6696472168, -77.3536911011, -206.901641846, -274.220672607, -35.4448738098, -28.5384693146], [3411.375, 1424.71069336, -1086.21716309, -228.01600647, -448.38583374, -268.63269043, -6.97082328796, 14.4721860886, 38.6456451416, 8.03334331512, -59.805557251, -0.024320282042, -7.56457519531], [-6079.38183594, -1086.21716309, 1809.04040527, -287.730285645, 480.685394287, 120.816192627, -17.4204158783, 18.7928123474, -21.4259700775, 15.9697227478, 59.4580726624, 1.36251986027, 6.35556030273], [1649.67346191, -228.01600647, -287.730285645, 466.029693604, 4.97254419327, 131.565032959, 4.81976652145, -12.1689043045, -18.3560657501, -25.641494751, 5.58137273788, 6.50761365891, -15.9531869888], [-2042.86291504, -448.38583374, 480.685394287, 4.97254419327, 293.198974609, 80.9920043945, 27.2281112671, -1.55107104778, -3.35203647614, 6.46381282806, 31.0749778748, 7.43033695221, -0.323504030704], [-43.4897346497, -268.63269043, 120.816192627, 131.565032959, 80.9920043945, 148.8802948, 6.46219015121, -6.39101552963, -12.4478082657, -3.41568851471, 10.3613595963, -0.697596669197, -1.0749143362], [-99.5381011963, -6.97082328796, -17.4204158783, 4.81976652145, 27.2281112671, 6.46219015121, 50.6603164673, 8.57964420319, -0.747832298279, 0.831727325916, 0.123004384339, -6.06720304489, -3.99320459366], [-96.6696472168, 14.4721860886, 18.7928123474, -12.1689043045, -1.55107104778, -6.39101552963, 8.57964420319, 33.771686554, 9.14602565765, 1.56609010696, -5.67053699493, -8.86567401886, -6.85143709183], [-77.3536911011, 38.6456451416, -21.4259700775, -18.3560657501, -3.35203647614, -12.4478082657, -0.747832298279, 9.14602565765, 37.328704834, 9.00696659088, 3.3021967411, 1.33812904358, 1.31044769287], [-206.901641846, 8.03334331512, 15.9697227478, -25.641494751, 6.46381282806, -3.41568851471, 0.831727325916, 1.56609010696, 9.00696659088, 24.4234771729, 13.464846611, 3.91807484627, 1.97057950497], [-274.220672607, -59.805557251, 59.4580726624, 5.58137273788, 31.0749778748, 10.3613595963, 0.123004384339, -5.67053699493, 3.3021967411, 13.464846611, 40.1506576538, 16.4723243713, 7.03303575516], [-35.4448738098, -0.024320282042, 1.36251986027, 6.50761365891, 7.43033695221, -0.697596669197, -6.06720304489, -8.86567401886, 1.33812904358, 3.91807484627, 16.4723243713, 27.2874565125, 11.5496759415], [-28.5384693146, -7.56457519531, 6.35556030273, -15.9531869888, -0.323504030704, -1.0749143362, -3.99320459366, -6.85143709183, 1.31044769287, 1.97057950497, 7.03303575516, 11.5496759415, 30.0634880066]]
    },
    "sccoeffs": {
        "kurt": [0.242316007614, 1.32952547073, 0.456970453262, 2.58402585983, 0.0113649368286, -0.00656175613403],
        "max": [-0.552853643894, -0.673218727112, -0.758423805237, -0.705596089363, -0.749360561371, -0.49818661809],
        "mean": [-0.789833784103, -0.863867878914, -0.869955122471, -0.868876338005, -0.867480278015, -0.760101318359],
        "median": [-0.806523025036, -0.880561113358, -0.877613425255, -0.877379536629, -0.881563663483, -0.795727968216],
        "min": [-0.972894191742, -0.975430727005, -0.933504939079, -0.922243833542, -0.927457809448, -0.879453539848],
        "skew": [0.803851425648, 1.09787034988, 0.875644087791, 1.38956701756, 0.95358222723, 1.04306232929],
        "var": [0.00669230660424, 0.00273927091621, 0.00141927588265, 0.00149467971642, 0.00165111944079, 0.00747715029866],
        "cov": [[0.00674115587026, 0.00307700224221, 0.00223043560982, 0.00204248051159, 0.00250633643009, 0.00489509757608], [0.00307700224221, 0.00275926571339, 0.00138525560033, 0.00132929359097, 0.00160744891036, 0.00303915888071], [0.00223043560982, 0.00138525560033, 0.00142963556573, 0.000891684088856, 0.0011352772126, 0.00208734651096], [0.00204248051159, 0.00132929359097, 0.000891684088856, 0.00150558981113, 0.001188782393, 0.00170239200816], [0.00250633643009, 0.00160744891036, 0.0011352772126, 0.001188782393, 0.00166317133699, 0.00239855051041], [0.00489509757608, 0.00303915888071, 0.00208734651096, 0.00170239200816, 0.00239855051041, 0.00753172812983]]
    },
    "scvalleys": {
        "kurt": [1.77257871628, -0.287239074707, -0.680899620056, -0.685114383698, -0.0847971439362, 0.626030921936],
        "max": [-5.5135602951, -4.07355833054, -4.38449430466, -4.75984430313, -4.44959020615, -6.48250865936],
        "mean": [-10.0489206314, -9.08699893951, -9.1510887146, -9.90791797638, -9.76850032806, -13.030632019],
        "median": [-10.4962120056, -9.66982650757, -9.90404891968, -10.5157728195, -10.4046115875, -13.4515676498],
        "min": [-14.2637996674, -13.6839828491, -15.1275815964, -15.4674091339, -15.1377134323, -16.9795265198],
        "skew": [1.0508402586, 0.646001040936, 0.447260946035, 0.5958943367, 0.838260948658, 0.935888111591],
        "var": [1.68958294392, 3.04519224167, 4.46742534637, 4.75252246857, 4.1909661293, 4.69002389908],
        "cov": [[1.70191562176, 1.96708619595, 2.30626249313, 2.46610069275, 2.42262935638, 2.02428650856], [1.96708619595, 3.0674200058, 3.60813736916, 3.63855934143, 3.27373957634, 2.10242009163], [2.30626249313, 3.60813736916, 4.50003433228, 4.49100971222, 3.96547603607, 2.37323355675], [2.46610069275, 3.63855934143, 4.49100971222, 4.78721237183, 4.33973789215, 2.88759732246], [2.42262935638, 3.27373957634, 3.96547603607, 4.33973789215, 4.22155714035, 3.31946516037], [2.02428650856, 2.10242009163, 2.37323355675, 2.88759732246, 3.31946516037, 4.72425794601]]
    }
},
"rhythm": {
    "beats_loudness": {
        "kurt": 3.31366014481,
        "max": 0.0660178437829,
        "mean": 0.00920586567372,
        "median": 7.19659738024e-06,
        "min": 1.59237657726e-07,
        "skew": 2.22889757156,
        "var": 0.000429227860877
    },
    "bpm": 184.570281982,
    "confidence": 0,
    "first_peak_bpm": {
        "kurt": 0,
        "max": 185,
        "mean": 185,
        "median": 185,
        "min": 185,
        "skew": 0,
        "var": 0
    },
    "first_peak_spread": {
        "kurt": 0,
        "max": 0,
        "mean": 0,
        "median": 0,
        "min": 0,
        "skew": 0,
        "var": 0
    },
    "first_peak_weight": {
        "kurt": 0,
        "max": 0.5,
        "mean": 0.5,
        "median": 0.5,
        "min": 0.5,
        "skew": 0,
        "var": 0
    },
    "onset_rate": 0.63238042593,
    "second_peak_bpm": {
        "kurt": 0,
        "max": 178,
        "mean": 178,
        "median": 178,
        "min": 178,
        "skew": 0,
        "var": 0
    },
    "second_peak_spread": {
        "kurt": 0,
        "max": 0,
        "mean": 0,
        "median": 0,
        "min": 0,
        "skew": 0,
        "var": 0
    },
    "second_peak_weight": {
        "kurt": 0,
        "max": 0.25,
        "mean": 0.25,
        "median": 0.25,
        "min": 0.25,
        "skew": 0,
        "var": 0
    },
    "beats_loudness_band_ratio": {
        "kurt": [3.3174071312, -0.042665719986, -0.292571544647, -1.24369478226, -0.557341575623, -0.891593456268],
        "max": [0.409860730171, 0.198698431253, 0.4082429111, 0.329357683659, 0.359305173159, 0.517837226391],
        "mean": [0.0798505619168, 0.077488578856, 0.179788693786, 0.208053261042, 0.195766314864, 0.300635308027],
        "median": [0.055794429034, 0.0628197565675, 0.19395428896, 0.178127124906, 0.211505755782, 0.274192512035],
        "min": [0.00572960544378, 0.0140436245129, 0.0177161097527, 0.0284279640764, 0.0510329008102, 0.0744790807366],
        "skew": [2.1954126358, 0.934465646744, 0.518640220165, -0.228064879775, 0.0879457741976, -0.055422976613],
        "var": [0.0145038152114, 0.00305820931681, 0.0122308144346, 0.0102152032778, 0.00780669786036, 0.0171353686601],
        "cov": [[0.0163167919964, 0.00247612642124, -0.000449601822766, -0.0052112210542, -0.00435534771532, -0.00447076931596], [0.00247612642124, 0.00344048556872, -0.000107224972453, -0.00137704785448, -0.00140889640898, -0.00132904830389], [-0.000449601822766, -0.000107224972453, 0.0137596661225, 0.00806324928999, -0.00521859899163, -0.015283184126], [-0.0052112210542, -0.00137704785448, 0.00806324928999, 0.0114921033382, -0.00638346979395, -0.00783576071262], [-0.00435534771532, -0.00140889640898, -0.00521859899163, -0.00638346979395, 0.00878253486007, 0.00717912428081], [-0.00447076931596, -0.00132904830389, -0.015283184126, -0.00783576071262, 0.00717912428081, 0.0192772895098]]
    },
    "beats_position": [0.232199549675, 0.545668900013, 0.870748281479, 1.19582760334, 1.53251695633, 1.8575963974, 2.19428563118, 2.51936507225, 2.83283448219],
    "bpm_estimates": [184.570297241, 184.570343018, 184.570266724, 184.570266724],
    "bpm_intervals": [0.313469350338, 0.325079381466, 0.325079321861, 0.336689352989, 0.325079441071, 0.33668923378, 0.325079441071, 0.313469409943],
    "onset_times": [0.220589563251, 0.49922901392],
    "histogram": [[0, 0, 0, 0, 0, 0, 0, 0, 0, 0, 0, 0, 0, 0, 0, 0, 0, 0, 0, 0, 0, 0, 0, 0, 0, 0, 0, 0, 0, 0, 0, 0, 0, 0, 0, 0, 0, 0, 0, 0, 0, 0, 0, 0, 0, 0, 0, 0, 0, 0, 0, 0, 0, 0, 0, 0, 0, 0, 0, 0, 0, 0, 0, 0, 0, 0, 0, 0, 0, 0, 0, 0, 0, 0, 0, 0, 0, 0, 0, 0, 0, 0, 0, 0, 0, 0, 0, 0, 0, 0, 0, 0, 0, 0, 0, 0, 0, 0, 0, 0, 0, 0, 0, 0, 0, 0, 0, 0, 0, 0, 0, 0, 0, 0, 0, 0, 0, 0, 0, 0, 0, 0, 0, 0, 0, 0, 0, 0, 0, 0, 0, 0, 0, 0, 0, 0, 0, 0, 0, 0, 0, 0, 0, 0, 0, 0, 0, 0, 0, 0, 0, 0, 0, 0, 0, 0, 0, 0, 0, 0, 0, 0, 0, 0, 0, 0, 0, 0, 0, 0, 0, 0, 0, 0, 0, 0, 0, 0, 0.25, 0, 0, 0, 0, 0, 0, 0.5, 0, 0, 0, 0, 0, 0.25, 0, 0, 0, 0, 0, 0, 0, 0, 0, 0, 0, 0, 0, 0, 0, 0, 0, 0, 0, 0, 0, 0, 0, 0, 0, 0, 0, 0, 0, 0, 0, 0, 0, 0, 0, 0, 0, 0, 0, 0, 0, 0, 0, 0, 0, 0, 0, 0, 0, 0, 0, 0, 0, 0, 0, 0, 0, 0]]
},
"sfx": {
    "inharmonicity": {
        "kurt": 0.304060220718,
        "max": 0.371569991112,
        "mean": 0.0810865834355,
        "median": 0.0335218757391,
        "min": 0,
        "skew": 1.17898273468,
        "var": 0.0100289499387
    },
    "oddtoevenharmonicenergyratio": {
        "kurt": 15.116235733,
        "max": 5.03633832932,
        "mean": 0.504155039787,
        "median": 0.245759755373,
        "min": 0,
        "skew": 3.38839769363,
        "var": 0.578372955322
    },
    "pitch_after_max_to_before_max_energy_ratio": 0.834516882896,
    "pitch_centroid": 72.4828109741,
    "pitch_max_to_total": 0.73188406229,
    "pitch_min_to_total": 0.760869562626,
    "tristimulus": {
        "kurt": [-1.51409959793, -0.503525257111, -1.22061038017],
        "max": [1, 0.91326802969, 0.899397373199],
        "mean": [0.468303620815, 0.245524480939, 0.286171913147],
        "median": [0.303596377373, 0.278568089008, 0.185850054026],
        "min": [0, 0, 0],
        "skew": [0.374846726656, 0.261477082968, 0.434353560209],
        "var": [0.153194084764, 0.0404961779714, 0.0816072300076],
        "cov": [[0.154312282801, -0.0564505308867, -0.0978617668152], [-0.0564505308867, 0.0407917685807, 0.0156587287784], [-0.0978617668152, 0.0156587287784, 0.0822029039264]]
    }
},
"tonal": {
    "chords_changes_rate": 0.0857142880559,
    "chords_number_rate": 0.0714285746217,
    "chords_strength": {
        "kurt": -1.1628639698,
        "max": 0.608991980553,
        "mean": 0.446835041046,
        "median": 0.473597198725,
        "min": 0.266837090254,
        "skew": -0.329058855772,
        "var": 0.00937540456653
    },
    "key_strength": 0.553426861763,
    "tuning_diatonic_strength": 0.499949932098,
    "tuning_equal_tempered_deviation": 0.205589726567,
    "tuning_frequency": 436.960693359,
    "tuning_nontempered_energy_ratio": 0.873031973839,
    "hpcp": {
        "kurt": [-0.0711951255798, -0.442391395569, -0.518960237503, -0.771822214127, -0.690108776093, -0.542893409729, -0.956859588623, -0.421107292175, -0.896948099136, -0.906901597977, -0.596544504166, -0.393290519714, 0.1201171875, -0.412632465363, 0.779037952423, 0.603396892548, 1.90810108185, 0.993022918701, 0.0210480690002, -0.296101331711, 1.79785251617, 0.880196809769, -0.37433218956, -0.596891641617, -1.12956285477, -0.570515871048, 0.0385088920593, -0.36493229866, -0.139309167862, 0.0507171154022, 0.491289377213, -0.442006587982, -0.793790102005, -0.65013718605, -0.449622631073, -0.7801425457],
        "max": [1, 1, 1, 1, 1, 1, 1, 1, 0.847536504269, 0.931579053402, 1, 1, 1, 0.945504069328, 1, 0.917829751968, 1, 1, 0.78407305479, 0.725938379765, 0.990041971207, 1, 1, 1, 1, 1, 1, 1, 1, 0.952066898346, 1, 1, 1, 1, 1, 0.931821167469],
        "mean": [0.405078142881, 0.409982174635, 0.426023393869, 0.419031590223, 0.419882684946, 0.431917011738, 0.450893551111, 0.432127445936, 0.387142986059, 0.392582625151, 0.429848343134, 0.425334125757, 0.383970886469, 0.360835880041, 0.34419387579, 0.323937386274, 0.322782278061, 0.331526517868, 0.319614887238, 0.274552702904, 0.265327066183, 0.306740194559, 0.367573082447, 0.436613768339, 0.468251794577, 0.435750246048, 0.416425347328, 0.422180980444, 0.373634636402, 0.340608507395, 0.359031736851, 0.40292558074, 0.452977359295, 0.441201925278, 0.400940835476, 0.405744552612],
        "median": [0.395523071289, 0.43414068222, 0.38168823719, 0.377874344587, 0.383921444416, 0.399204850197, 0.392429232597, 0.413540899754, 0.379824876785, 0.353464126587, 0.387101262808, 0.411233067513, 0.309293866158, 0.332189589739, 0.296429157257, 0.287557512522, 0.289406061172, 0.313463509083, 0.309656530619, 0.231645584106, 0.222865611315, 0.242339834571, 0.315370321274, 0.387644201517, 0.418524950743, 0.389151155949, 0.378834605217, 0.348155945539, 0.288656294346, 0.305164039135, 0.346553862095, 0.358090877533, 0.400398671627, 0.438900768757, 0.378808796406, 0.357344061136],
        "min": [0, 0, 0, 0, 0, 0, 0, 0, 0, 0, 0, 0, 0, 0, 0, 0, 0, 0, 0, 0, 0, 0, 0, 0, 0, 0, 0, 0, 0, 0, 0, 0, 0, 0, 0, 0],
