{
"metadata": {
    "version": {
        "essentia": "2.1-beta3"
    }
},
"lowLevel": {
    "average_loudness": 0.99068403244,
    "barkbands_kurtosis": {
        "kurt": 9.98588275909,
        "max": 3.70608568192,
        "mean": -0.965473532677,
        "median": -1.22046852112,
        "min": -1.73917424679,
        "skew": 3.13430595398,
        "var": 0.961460471153
    },
    "barkbands_skewness": {
        "kurt": 2.47740840912,
        "max": 1.85284543037,
        "mean": -0.13865493238,
        "median": -0.215358614922,
        "min": -1.99452638626,
        "skew": 0.726403832436,
        "var": 0.383415699005
    },
    "barkbands_spread": {
        "kurt": 0.293442249298,
        "max": 45.2895393372,
        "mean": 29.151550293,
        "median": 29.6852035522,
        "min": 9.66724491119,
        "skew": -0.369685322046,
        "var": 52.3728294373
    },
    "dissonance": {
        "kurt": 39.7845916748,
        "max": 0.499999850988,
        "mean": 0.480101376772,
        "median": 0.487290352583,
        "min": 0.224729642272,
        "skew": -5.87654447556,
        "var": 0.0011340091005
    },
    "hfc": {
        "kurt": -0.316709280014,
        "max": 49.0352325439,
        "mean": 11.5664405823,
        "median": 1.28659117222,
        "min": 3.8989460549e-09,
        "skew": 1.06705915928,
        "var": 247.260040283
    },
    "pitch": {
        "kurt": -1.93554234505,
        "max": 3470.19116211,
        "mean": 1701.03820801,
        "median": 2312.35620117,
        "min": 98.5750427246,
        "skew": -0.00611473154277,
        "var": 1879190.125
    },
    "pitch_instantaneous_confidence": {
        "kurt": 0.755635738373,
        "max": 0.579201698303,
        "mean": 0.274364560843,
        "median": 0.248099863529,
        "min": 0.12992221117,
        "skew": 1.1801867485,
        "var": 0.0116637051105
    },
    "pitch_salience": {
        "kurt": 8.86682224274,
        "max": 0.963681280613,
        "mean": 0.776387155056,
        "median": 0.786720573902,
        "min": 0.474104702473,
        "skew": -1.60001969337,
        "var": 0.00348704820499
    },
    "silence_rate_20dB": {
        "kurt": 0,
        "max": 1,
        "mean": 1,
        "median": 1,
        "min": 1,
        "skew": 0,
        "var": 0
    },
    "silence_rate_30dB": {
        "kurt": 0,
        "max": 1,
        "mean": 1,
        "median": 1,
        "min": 1,
        "skew": 0,
        "var": 0
    },
    "silence_rate_60dB": {
        "kurt": -1.99422180653,
        "max": 1,
        "mean": 0.518987357616,
        "median": 1,
        "min": 0,
        "skew": -0.0760046094656,
        "var": 0.249639317393
    },
    "spectral_centroid": {
        "kurt": 0.204890012741,
        "max": 2550.58178711,
        "mean": 1836.03662109,
        "median": 1906.66772461,
        "min": 717.692932129,
        "skew": -0.803497076035,
        "var": 177501.3125
    },
    "spectral_complexity": {
        "kurt": -1.25117456913,
        "max": 54,
        "mean": 16.5063285828,
        "median": 1,
        "min": 0,
        "skew": 0.682174265385,
        "var": 409.617095947
    },
    "spectral_crest": {
        "kurt": 5.30282211304,
        "max": 16.7968444824,
        "mean": 5.19474935532,
        "median": 4.2415099144,
        "min": 2.70707130432,
        "skew": 2.05951571465,
        "var": 6.12400007248
    },
    "spectral_decrease": {
        "kurt": 0.408305644989,
        "max": -5.189097853e-19,
        "mean": -1.19679288701e-09,
        "median": -1.08595583914e-10,
        "min": -5.64332847119e-09,
        "skew": -1.26390087605,
        "var": 2.77182391643e-18
    },
    "spectral_energy": {
        "kurt": 0.251454114914,
        "max": 0.0256659891456,
        "mean": 0.00556608010083,
        "median": 0.000526562100276,
        "min": 2.31212683548e-12,
        "skew": 1.22023928165,
        "var": 5.92341602896e-05
    },
    "spectral_energyband_high": {
        "kurt": 0.507262945175,
        "max": 0.00350565486588,
        "mean": 0.000625307613518,
        "median": 2.38769644056e-05,
        "min": 2.08371002879e-14,
        "skew": 1.31294488907,
        "var": 8.49414277582e-07
    },
    "spectral_energyband_low": {
        "kurt": 7.47839164734,
        "max": 0.00276470533572,
        "mean": 0.000234854305745,
        "median": 6.96417714607e-07,
        "min": 4.07303043289e-14,
        "skew": 2.90762543678,
        "var": 3.53578741397e-07
    },
    "spectral_energyband_middle_high": {
        "kurt": -0.18922829628,
        "max": 0.0129595790058,
        "mean": 0.00303768645972,
        "median": 0.000360865291441,
        "min": 1.71237904498e-12,
        "skew": 1.07779073715,
        "var": 1.66481950146e-05
    },
    "spectral_energyband_middle_low": {
        "kurt": 0.95997595787,
        "max": 0.0085159773007,
        "mean": 0.0017480548704,
        "median": 0.000176716901478,
        "min": 5.73404171367e-13,
        "skew": 1.44152200222,
        "var": 6.35770902591e-06
    },
    "spectral_flatness_db": {
        "kurt": -0.349951267242,
        "max": 0.233138650656,
        "mean": 0.123057425022,
        "median": 0.116311743855,
        "min": 0.0690088123083,
        "skew": 0.669126570225,
        "var": 0.00148288556375
    },
    "spectral_flux": {
        "kurt": -1.32849657536,
        "max": 0.131132274866,
        "mean": 0.0428015366197,
        "median": 0.0193100515753,
        "min": 7.04465355739e-06,
        "skew": 0.420669227839,
        "var": 0.00198411545716
    },
    "spectral_kurtosis": {
        "kurt": 7.7405166626,
        "max": 18.5448951721,
        "mean": 4.34805488586,
        "median": 3.30178928375,
        "min": 1.18521547318,
        "skew": 2.48931670189,
        "var": 8.4873342514
    },
    "spectral_rms": {
        "kurt": -1.17476773262,
        "max": 0.00500399759039,
        "mean": 0.00155644840561,
        "median": 0.000716742011718,
        "min": 4.74945629492e-08,
        "skew": 0.608698904514,
        "var": 3.00779242934e-06
    },
    "spectral_rolloff": {
        "kurt": 1.5377869606,
        "max": 4521.97265625,
        "mean": 3243.88183594,
        "median": 3337.64648438,
        "min": 1162.79296875,
        "skew": -1.0526907444,
        "var": 409106.0625
    },
    "spectral_skewness": {
        "kurt": 6.70059680939,
        "max": 3.67886734009,
        "mean": 1.5025011301,
        "median": 1.37981891632,
        "min": 0.804188609123,
        "skew": 2.17444872856,
        "var": 0.190838232636
    },
    "spectral_spread": {
        "kurt": -0.502644300461,
        "max": 9152100,
        "mean": 4905809,
        "median": 4724042.5,
        "min": 2347172,
        "skew": 0.254426181316,
        "var": 2.38894291354e+12
    },
    "spectral_strongpeak": {
        "kurt": 14.4580020905,
        "max": 2.11551117897,
        "mean": 0.18567635119,
        "median": 0.0443569123745,
        "min": 4.13295265389e-06,
        "skew": 3.61283421516,
        "var": 0.119067057967
    },
    "zerocrossingrate": {
        "kurt": 39.1622505188,
        "max": 0.43017578125,
        "mean": 0.10324985534,
        "median": 0.10302734375,
        "min": 0.05078125,
        "skew": 5.57972145081,
        "var": 0.00187055859715
    },
    "barkbands": {
        "kurt": [4.66224193573, 7.24323177338, 8.42188835144, 5.77546691895, 2.26143980026, 1.55854320526, 1.62936973572, 6.34614753723, 3.57597446442, 7.76960372925, 3.58935928345, 2.07074213028, 8.09576034546, 4.62701225281, 0.923528432846, 1.37492656708, -0.463991880417, -0.38570857048, 2.1111907959, 2.14009857178, 1.25232648849, 0.00480699539185, 1.01138353348, 0.624460935593, 1.87718915939, 3.94368934631, 5.130651474],
        "max": [9.1862923e-05, 0.000966627034359, 0.00130280503072, 0.000654303876217, 0.00174324330874, 0.003039999865, 0.00211834954098, 0.00178785552271, 0.00220303074457, 0.00126806623302, 0.000740846793633, 0.000774819287471, 0.0012092088582, 0.000915862678085, 0.000861302134581, 0.00273422268219, 0.00243126275018, 0.00245732231997, 0.00346618611366, 0.00228056008928, 0.00149841140956, 0.000859699794091, 0.000172428364749, 8.40917928144e-05, 4.47119236924e-05, 2.01088960239e-06, 3.63336276621e-08],
        "mean": [9.32042257773e-06, 8.13059741631e-05, 0.000102305959444, 6.87008796376e-05, 0.000250104640145, 0.000509520003106, 0.000370627269149, 0.000199419955607, 0.000292796379654, 0.000137369919685, 0.00010589484009, 0.000125284248497, 0.00012107094517, 0.000122790457681, 0.00015122538025, 0.000444252800662, 0.000489365600515, 0.00058520649327, 0.00058064982295, 0.000353762938175, 0.000246022333158, 0.000166791418451, 3.12934935209e-05, 1.41498785524e-05, 6.60326713842e-06, 2.48018437787e-07, 3.93644761232e-09],
        "median": [1.74939729369e-09, 1.49336941035e-07, 4.53348150131e-07, 8.53154460856e-07, 2.17229789996e-05, 3.47180757672e-05, 3.95807728637e-05, 1.26800805447e-05, 1.62141204783e-05, 1.01000186987e-05, 2.15545469473e-06, 4.93479683428e-06, 3.27357565766e-06, 5.55012229597e-06, 1.11641456897e-05, 5.8418539993e-05, 7.02370380168e-05, 7.31947511667e-05, 4.62279895146e-05, 2.77988710877e-05, 8.83095344761e-06, 8.72023701959e-06, 5.50658228349e-07, 4.03105303803e-07, 7.55786615514e-08, 2.20452567312e-09, 3.18748950845e-11],
        "min": [2.12716231077e-15, 9.39552323204e-15, 1.73968099041e-14, 2.69158271517e-14, 5.97865601969e-14, 2.46960180712e-14, 1.60542531959e-13, 2.06386570703e-13, 5.27654532752e-14, 9.06858274455e-14, 7.58265723973e-14, 4.29268809897e-14, 1.97850633446e-14, 1.50958238965e-13, 2.93972067826e-13, 5.07082548694e-13, 3.92235641753e-13, 1.06526827561e-13, 3.99347438798e-14, 2.19185309686e-14, 5.21486845405e-15, 2.08166287722e-15, 1.36650819529e-15, 6.29739879526e-16, 6.90260436547e-16, 1.19922726149e-16, 6.33724640147e-17],
        "skew": [2.41927838326, 2.9133450985, 3.01277637482, 2.56249117851, 1.70353579521, 1.55855870247, 1.5371876955, 2.36474442482, 2.08322143555, 2.60366177559, 2.10937523842, 1.7473487854, 2.82219386101, 2.22455430031, 1.37906479836, 1.51162362099, 0.924522161484, 1.02129387856, 1.68214797974, 1.67933928967, 1.53417682648, 1.21427619457, 1.44267523289, 1.34608542919, 1.6938804388, 2.09609675407, 2.30590724945],
        "var": [4.55107035391e-10, 4.7738868858e-08, 6.83483776243e-08, 2.20177547305e-08, 1.52696003397e-07, 5.85237103223e-07, 2.72083127584e-07, 1.10218863369e-07, 2.48069710551e-07, 5.35332276286e-08, 3.37529648675e-08, 4.06212201653e-08, 5.78786725214e-08, 4.30773710036e-08, 4.50083348369e-08, 4.37859341673e-07, 4.01586675025e-07, 5.95053847974e-07, 7.65113441048e-07, 2.90369399636e-07, 1.47785399918e-07, 5.86087018917e-08, 2.20042473131e-09, 4.59987603563e-10, 1.19471821325e-10, 2.00790352769e-13, 5.53635855187e-17],
        "cov": [[4.6094172923e-10, 3.92933863225e-09, 4.64815297363e-09, 2.54835397229e-09, 6.50020437476e-09, 1.35321300831e-08, 6.81976786154e-09, 6.29292262744e-09, 9.84934356296e-09, 4.17212575599e-09, 3.50598883259e-09, 2.2011270584e-09, 4.26170920775e-09, 3.56850926586e-09, 3.23816617964e-09, 8.67339888799e-09, 9.33233845757e-09, 1.17499387997e-08, 1.5102896711e-08, 8.39872082992e-09, 4.73429428993e-09, 3.31393668063e-09, 7.30841775987e-10, 3.49828166435e-10, 2.04577341179e-10, 8.49712661344e-12, 1.43831534139e-13], [3.92933863225e-09, 4.83509055016e-08, 5.74951179999e-08, 3.16582600135e-08, 6.71724293966e-08, 1.36925635275e-07, 5.04153376824e-08, 5.57187469497e-08, 7.77997826162e-08, 3.11168335543e-08, 2.26112160107e-08, 7.99551891362e-09, 2.78603007331e-08, 2.3681165473e-08, 2.16113527074e-08, 6.35133332594e-08, 8.86117206278e-08, 1.07724680731e-07, 1.41996267189e-07, 7.85119524949e-08, 3.5156542566e-08, 2.45423787959e-08, 5.96101479289e-09, 2.99485480859e-09, 1.66730818041e-09, 8.31884075514e-11, 1.36734688242e-12], [4.64815297363e-09, 5.74951179999e-08, 6.92246402423e-08, 3.83092952916e-08, 8.26482278171e-08, 1.67048867183e-07, 6.38956407784e-08, 6.61283152681e-08, 9.34714634582e-08, 3.72220938516e-08, 2.71314135603e-08, 1.09744675569e-08, 3.33261027663e-08, 2.84551457952e-08, 2.73564815245e-08, 7.95418273469e-08, 1.10909219586e-07, 1.3342835814e-07, 1.75291617666e-07, 9.55193044661e-08, 4.5144872729e-08, 3.13445127631e-08, 7.54137197134e-09, 3.71222652618e-09, 2.00928895744e-09, 9.98760865678e-11, 1.63108524083e-12], [2.54835397229e-09, 3.16582600135e-08, 3.83092952916e-08, 2.23000338195e-08, 4.7548105897e-08, 9.98026052912e-08, 4.37469047654e-08, 3.89566423564e-08, 5.49578373921e-08, 2.0918772492e-08, 1.59459130344e-08, 7.71823138734e-09, 1.89562285868e-08, 1.62374256263e-08, 1.66952442981e-08, 5.2676849549e-08, 6.8389240937e-08, 8.2764195497e-08, 1.03044968114e-07, 5.85592694335e-08, 3.01625568966e-08, 2.04320187436e-08, 4.64520422128e-09, 2.31417396357e-09, 1.20476795207e-09, 5.75233714828e-11, 9.33295866805e-13], [6.50020437476e-09, 6.71724293966e-08, 8.26482278171e-08, 4.7548105897e-08, 1.5465364811e-07, 2.58044622115e-07, 1.34576680466e-07, 9.17081024454e-08, 1.48641348119e-07, 6.43133759581e-08, 5.18800398197e-08, 5.05253758831e-08, 5.94399161002e-08, 5.46980665206e-08, 6.1523792283e-08, 1.82936943816e-07, 2.15654736735e-07, 2.5398270509e-07, 3.0082964031e-07, 1.62704736795e-07, 1.08322986136e-07, 7.57540092877e-08, 1.43220857396e-08, 7.0717076639e-09, 3.5444247537e-09, 1.54976559363e-10, 2.51648550088e-12], [1.35321300831e-08, 1.36925635275e-07, 1.67048867183e-07, 9.98026052912e-08, 2.58044622115e-07, 5.92740150296e-07, 3.29864121795e-07, 2.26187978569e-07, 3.27283828483e-07, 1.42309900752e-07, 1.10000129894e-07, 9.07429367203e-08, 1.32109917672e-07, 1.20872783782e-07, 1.30706908408e-07, 4.16006798787e-07, 4.45808780114e-07, 5.25957261743e-07, 6.08538755387e-07, 3.80248536658e-07, 2.41394644718e-07, 1.59073579198e-07, 3.25524567302e-08, 1.46953613722e-08, 7.61578800024e-09, 3.23194082608e-10, 5.24697039289e-12], [6.81976786154e-09, 5.04153376824e-08, 6.38956407784e-08, 4.37469047654e-08, 1.34576680466e-07, 3.29864121795e-07, 2.75571380826e-07, 1.28489773488e-07, 2.09811688023e-07, 9.67612194813e-08, 7.40646513009e-08, 7.51531246124e-08, 9.57530090773e-08, 8.90866758141e-08, 9.0516081741e-08, 2.98289563716e-07, 2.74044566595e-07, 3.31034442524e-07, 3.74879306264e-07, 2.29199642376e-07, 1.73985924334e-07, 1.16050856036e-07, 2.11709210163e-08, 9.27074417234e-09, 4.71026639914e-09, 1.79605844086e-10, 2.80096497211e-12], [6.29292262744e-09, 5.57187469497e-08, 6.61283152681e-08, 3.89566423564e-08, 9.17081024454e-08, 2.26187978569e-07, 1.28489773488e-07, 1.11631926814e-07, 1.50767064611e-07, 6.32350065644e-08, 5.15210203389e-08, 3.50667299642e-08, 5.97162070903e-08, 5.23394376728e-08, 5.18165705898e-08, 1.46938774037e-07, 1.67159669218e-07, 2.08872990015e-07, 2.47730355341e-07, 1.51245174607e-07, 8.63058033929e-08, 5.75652308044e-08, 1.27404158334e-08, 5.48603651396e-09, 3.14736436913e-09, 1.25042989851e-10, 2.06802587208e-12], [9.84934356296e-09, 7.77997826162e-08, 9.34714634582e-08, 5.49578373921e-08, 1.48641348119e-07, 3.27283828483e-07, 2.09811688023e-07, 1.50767064611e-07, 2.51250099836e-07, 1.06430015023e-07, 8.76883134993e-08, 6.5369235358e-08, 1.10148690169e-07, 9.57938439683e-08, 8.60808455627e-08, 2.40720197553e-07, 2.49492956073e-07, 3.17433773489e-07, 3.94424489514e-07, 2.11701078001e-07, 1.36462986688e-07, 9.32962578304e-08, 1.93850802077e-08, 9.12624553706e-09, 5.02205832476e-09, 1.97614660746e-10, 3.31311085337e-12], [4.17212575599e-09, 3.11168335543e-08, 3.72220938516e-08, 2.0918772492e-08, 6.43133759581e-08, 1.42309900752e-07, 9.67612194813e-08, 6.32350065644e-08, 1.06430015023e-07, 5.42195515152e-08, 3.89060801353e-08, 2.99393647651e-08, 5.3152515278e-08, 4.64540512723e-08, 3.7899337002e-08, 1.13937147717e-07, 1.0808295059e-07, 1.36108027959e-07, 1.73379547164e-07, 9.49027594288e-08, 6.58887415739e-08, 4.35418918698e-08, 9.0965945887e-09, 4.03294642126e-09, 2.19092544107e-09, 8.60521653934e-11, 1.41394632548e-12], [3.50598883259e-09, 2.26112160107e-08, 2.71314135603e-08, 1.59459130344e-08, 5.18800398197e-08, 1.10000129894e-07, 7.40646513009e-08, 5.15210203389e-08, 8.76883134993e-08, 3.89060801353e-08, 3.41856960517e-08, 2.83969221471e-08, 4.1282380181e-08, 3.53806903775e-08, 3.34885008613e-08, 9.4429374542e-08, 8.87251303539e-08, 1.09646222768e-07, 1.31471580289e-07, 7.60404361699e-08, 5.32621733385e-08, 3.55834295362e-08, 7.09282765854e-09, 3.30325233833e-09, 1.82834758444e-09, 6.73603672841e-11, 1.14735922586e-12], [2.2011270584e-09, 7.99551891362e-09, 1.09744675569e-08, 7.71823138734e-09, 5.05253758831e-08, 9.07429367203e-08, 7.51531246124e-08, 3.50667299642e-08, 6.5369235358e-08, 2.99393647651e-08, 2.83969221471e-08, 4.11420053581e-08, 3.39573880126e-08, 3.06057010846e-08, 3.6319061536e-08, 1.01326676827e-07, 9.70286464508e-08, 1.11337833175e-07, 1.11985649198e-07, 6.84591370259e-08, 5.92360187568e-08, 4.09297626902e-08, 7.29604243688e-09, 3.2784934767e-09, 1.64565738814e-09, 5.20809680105e-11, 8.38804991177e-13], [4.26170920775e-09, 2.78603007331e-08, 3.33261027663e-08, 1.89562285868e-08, 5.94399161002e-08, 1.32109917672e-07, 9.57530090773e-08, 5.97162070903e-08, 1.10148690169e-07, 5.3152515278e-08, 4.1282380181e-08, 3.39573880126e-08, 5.86207065112e-08, 4.87151901041e-08, 3.99244406424e-08, 1.12397096075e-07, 1.01233943894e-07, 1.30903586637e-07, 1.65628691207e-07, 8.89430751272e-08, 6.33824726037e-08, 4.25708925889e-08, 8.89796591963e-09, 4.11971745606e-09, 2.24208540622e-09, 8.46952369349e-11, 1.40042903489e-12], [3.56850926586e-09, 2.3681165473e-08, 2.84551457952e-08, 1.62374256263e-08, 5.46980665206e-08, 1.20872783782e-07, 8.90866758141e-08, 5.23394376728e-08, 9.57938439683e-08, 4.64540512723e-08, 3.53806903775e-08, 3.06057010846e-08, 4.87151901041e-08, 4.36296438977e-08, 3.69941943745e-08, 1.0733369038e-07, 9.8748920152e-08, 1.25391352412e-07, 1.50710761204e-07, 8.04062594284e-08, 5.82483714595e-08, 3.96208115205e-08, 7.87049536655e-09, 3.56185414496e-09, 1.92514493236e-09, 7.50907114266e-11, 1.25127067995e-12], [3.23816617964e-09, 2.16113527074e-08, 2.73564815245e-08, 1.66952442981e-08, 6.1523792283e-08, 1.30706908408e-07, 9.0516081741e-08, 5.18165705898e-08, 8.60808455627e-08, 3.7899337002e-08, 3.34885008613e-08, 3.6319061536e-08, 3.99244406424e-08, 3.69941943745e-08, 4.55853630399e-08, 1.2008698036e-07, 1.19580533919e-07, 1.38825924978e-07, 1.51341922106e-07, 8.88958453515e-08, 6.51132481266e-08, 4.51728716655e-08, 8.65722071808e-09, 3.82389631071e-09, 1.93782723201e-09, 7.28871546452e-11, 1.18633889604e-12], [8.67339888799e-09, 6.35133332594e-08, 7.95418273469e-08, 5.2676849549e-08, 1.82936943816e-07, 4.16006798787e-07, 2.98289563716e-07, 1.46938774037e-07, 2.40720197553e-07, 1.13937147717e-07, 9.4429374542e-08, 1.01326676827e-07, 1.12397096075e-07, 1.0733369038e-07, 1.2008698036e-07, 4.43472941924e-07, 3.69739581174e-07, 4.2653402943e-07, 4.34196721244e-07, 3.04221856595e-07, 2.28894862175e-07, 1.48521948518e-07, 2.58038141965e-08, 1.17584555426e-08, 5.83116666064e-09, 2.3102539326e-10, 3.86249192352e-12], [9.33233845757e-09, 8.86117206278e-08, 1.10909219586e-07, 6.8389240937e-08, 2.15654736735e-07, 4.45808780114e-07, 2.74044566595e-07, 1.67159669218e-07, 2.49492956073e-07, 1.0808295059e-07, 8.87251303539e-08, 9.70286464508e-08, 1.01233943894e-07, 9.8748920152e-08, 1.19580533919e-07, 3.69739581174e-07, 4.06735210845e-07, 4.64494064545e-07, 4.87913553116e-07, 3.01203925801e-07, 2.07669117458e-07, 1.38624812962e-07, 2.66339750254e-08, 1.17734426652e-08, 5.78530867656e-09, 2.38819908294e-10, 3.88887793495e-12], [1.17499387997e-08, 1.07724680731e-07, 1.3342835814e-07, 8.2764195497e-08, 2.5398270509e-07, 5.25957261743e-07, 3.31034442524e-07, 2.08872990015e-07, 3.17433773489e-07, 1.36108027959e-07, 1.09646222768e-07, 1.11337833175e-07, 1.30903586637e-07, 1.25391352412e-07, 1.38825924978e-07, 4.2653402943e-07, 4.64494064545e-07, 6.02682746376e-07, 6.21353535735e-07, 3.48181259824e-07, 2.30605223805e-07, 1.58098529823e-07, 3.17076462863e-08, 1.42033087513e-08, 7.11524306141e-09, 2.88806561999e-10, 4.50203286109e-12], [1.5102896711e-08, 1.41996267189e-07, 1.75291617666e-07, 1.03044968114e-07, 3.0082964031e-07, 6.08538755387e-07, 3.74879306264e-07, 2.47730355341e-07, 3.94424489514e-07, 1.73379547164e-07, 1.31471580289e-07, 1.11985649198e-07, 1.65628691207e-07, 1.50710761204e-07, 1.51341922106e-07, 4.34196721244e-07, 4.87913553116e-07, 6.21353535735e-07, 7.74922625624e-07, 3.9301085053e-07, 2.56331560422e-07, 1.79057607852e-07, 3.69283519319e-08, 1.66675082625e-08, 8.60048032791e-09, 3.56366297583e-10, 5.56087207532e-12], [8.39872082992e-09, 7.85119524949e-08, 9.55193044661e-08, 5.85592694335e-08, 1.62704736795e-07, 3.80248536658e-07, 2.29199642376e-07, 1.51245174607e-07, 2.11701078001e-07, 9.49027594288e-08, 7.60404361699e-08, 6.84591370259e-08, 8.89430751272e-08, 8.04062594284e-08, 8.88958453515e-08, 3.04221856595e-07, 3.01203925801e-07, 3.48181259824e-07, 3.9301085053e-07, 2.94092075137e-07, 1.88391339861e-07, 1.16478368284e-07, 2.24003553484e-08, 1.0191971711e-08, 5.30645039021e-09, 2.12709780345e-10, 3.34904890278e-12], [4.73429428993e-09, 3.5156542566e-08, 4.5144872729e-08, 3.01625568966e-08, 1.08322986136e-07, 2.41394644718e-07, 1.73985924334e-07, 8.63058033929e-08, 1.36462986688e-07, 6.58887415739e-08, 5.32621733385e-08, 5.92360187568e-08, 6.33824726037e-08, 5.82483714595e-08, 6.51132481266e-08, 2.28894862175e-07, 2.07669117458e-07, 2.30605223805e-07, 2.56331560422e-07, 1.88391339861e-07, 1.49680090544e-07, 8.90858373737e-08, 1.62863429409e-08, 7.17016757079e-09, 3.51240414531e-09, 1.34820710151e-10, 2.12314606e-12], [3.31393668063e-09, 2.45423787959e-08, 3.13445127631e-08, 2.04320187436e-08, 7.57540092877e-08, 1.59073579198e-07, 1.16050856036e-07, 5.75652308044e-08, 9.32962578304e-08, 4.35418918698e-08, 3.55834295362e-08, 4.09297626902e-08, 4.25708925889e-08, 3.96208115205e-08, 4.51728716655e-08, 1.48521948518e-07, 1.38624812962e-07, 1.58098529823e-07, 1.79057607852e-07, 1.16478368284e-07, 8.90858373737e-08, 5.9360097282e-08, 1.04103854426e-08, 4.71185757078e-09, 2.3539321603e-09, 8.9548445048e-11, 1.40923481651e-12], [7.30841775987e-10, 5.96101479289e-09, 7.54137197134e-09, 4.64520422128e-09, 1.43220857396e-08, 3.25524567302e-08, 2.11709210163e-08, 1.27404158334e-08, 1.93850802077e-08, 9.0965945887e-09, 7.09282765854e-09, 7.29604243688e-09, 8.89796591963e-09, 7.87049536655e-09, 8.65722071808e-09, 2.58038141965e-08, 2.66339750254e-08, 3.17076462863e-08, 3.69283519319e-08, 2.24003553484e-08, 1.62863429409e-08, 1.04103854426e-08, 2.22863527632e-09, 9.25476528746e-10, 4.67437255569e-10, 1.77728786549e-11, 2.72884525306e-13], [3.49828166435e-10, 2.99485480859e-09, 3.71222652618e-09, 2.31417396357e-09, 7.0717076639e-09, 1.46953613722e-08, 9.27074417234e-09, 5.48603651396e-09, 9.12624553706e-09, 4.03294642126e-09, 3.30325233833e-09, 3.2784934767e-09, 4.11971745606e-09, 3.56185414496e-09, 3.82389631071e-09, 1.17584555426e-08, 1.17734426652e-08, 1.42033087513e-08, 1.66675082625e-08, 1.0191971711e-08, 7.17016757079e-09, 4.71185757078e-09, 9.25476528746e-10, 4.65884886225e-10, 2.26401980497e-10, 8.51594749579e-12, 1.30751109267e-13], [2.04577341179e-10, 1.66730818041e-09, 2.00928895744e-09, 1.20476795207e-09, 3.5444247537e-09, 7.61578800024e-09, 4.71026639914e-09, 3.14736436913e-09, 5.02205832476e-09, 2.19092544107e-09, 1.82834758444e-09, 1.64565738814e-09, 2.24208540622e-09, 1.92514493236e-09, 1.93782723201e-09, 5.83116666064e-09, 5.78530867656e-09, 7.11524306141e-09, 8.60048032791e-09, 5.30645039021e-09, 3.51240414531e-09, 2.3539321603e-09, 4.67437255569e-10, 2.26401980497e-10, 1.21003512765e-10, 4.56872343776e-12, 7.12673057504e-14], [8.49712661344e-12, 8.31884075514e-11, 9.98760865678e-11, 5.75233714828e-11, 1.54976559363e-10, 3.23194082608e-10, 1.79605844086e-10, 1.25042989851e-10, 1.97614660746e-10, 8.60521653934e-11, 6.73603672841e-11, 5.20809680105e-11, 8.46952369349e-11, 7.50907114266e-11, 7.28871546452e-11, 2.3102539326e-10, 2.38819908294e-10, 2.88806561999e-10, 3.56366297583e-10, 2.12709780345e-10, 1.34820710151e-10, 8.9548445048e-11, 1.77728786549e-11, 8.51594749579e-12, 4.56872343776e-12, 2.0336458754e-13, 3.20495371439e-15], [1.43831534139e-13, 1.36734688242e-12, 1.63108524083e-12, 9.33295866805e-13, 2.51648550088e-12, 5.24697039289e-12, 2.80096497211e-12, 2.06802587208e-12, 3.31311085337e-12, 1.41394632548e-12, 1.14735922586e-12, 8.38804991177e-13, 1.40042903489e-12, 1.25127067995e-12, 1.18633889604e-12, 3.86249192352e-12, 3.88887793495e-12, 4.50203286109e-12, 5.56087207532e-12, 3.34904890278e-12, 2.12314606e-12, 1.40923481651e-12, 2.72884525306e-13, 1.30751109267e-13, 7.12673057504e-14, 3.20495371439e-15, 5.60733759674e-17]]
    },
    "mfcc": {
        "kurt": [-1.81904995441, -1.69309043884, -1.23152399063, -0.836522102356, -1.08398926258, -0.68986082077, -1.34886848927, 0.0225529670715, -0.239776134491, -1.2690551281, 1.05694723129, 1.02318668365, 1.84505081177],
        "max": [-554.668884277, 103.144790649, 3.70162963867, 74.5708312988, 16.3300018311, 2.58792877197, 5.34077835083, 19.3271350861, 7.45119285583, 1.69499969482, 7.37928581238, 10.2981262207, 11.3612861633],
        "mean": [-867.094726562, 45.1240653992, -30.5087490082, 22.1865348816, -12.0485877991, -13.5045022964, -14.0950059891, -4.28928899765, -4.11361026764, -7.89949655533, -2.2622385025, -2.38306593895, -0.711973190308],
        "median": [-834.139038086, 61.0503463745, -25.5919818878, 25.7705001831, -8.04096412659, -13.0524559021, -12.9896240234, -0.796684265137, -0.387107849121, -6.27574157715, -0.1360206604, -0.523956298828, -3.81469726562e-05],
        "min": [-1138.42004395, 1.14440917969e-05, -100.815711975, -17.5478630066, -43.3566741943, -46.2618522644, -41.27003479, -21.3231201172, -22.4592895508, -24.0766677856, -18.7827758789, -18.8436584473, -13.3195133209],
        "skew": [-0.0359791330993, -0.153363004327, -0.347914218903, 0.293048560619, -0.410363048315, -0.605560958385, -0.301869004965, -0.2012783885, -0.774891734123, -0.442533314228, -1.0174779892, -0.700362086296, -0.00346569623798],
        "var": [59362.6445312, 1401.66967773, 858.022033691, 422.38671875, 207.327377319, 174.301971436, 175.131988525, 65.3294448853, 43.6108436584, 64.0688095093, 25.1423912048, 26.5856876373, 14.7529344559],
        "cov": [[60123.7070312, 8452.43164062, -5469.39501953, 4078.01953125, -2636.02197266, -1449.04284668, -2039.04931641, -638.272766113, -484.615570068, -1105.83435059, -329.814178467, -574.920593262, -139.335098267], [8452.43164062, 1419.63977051, -861.470031738, 704.325866699, -374.371490479, -305.993652344, -336.713470459, -102.277862549, -78.6425323486, -178.52154541, -45.6434173584, -97.5515365601, -29.9577198029], [-5469.39501953, -861.470031738, 869.022338867, -370.573303223, 366.588195801, 272.387390137, 339.092437744, 166.343429565, 115.109786987, 167.402252197, 71.4091262817, 86.5233459473, 17.3808460236], [4078.01953125, 704.325866699, -370.573303223, 427.801940918, -148.501571655, -166.186035156, -160.760665894, -31.4870948792, -19.1112155914, -84.1102828979, -26.3087463379, -37.9839897156, -6.66686534882], [-2636.02197266, -374.371490479, 366.588195801, -148.501571655, 209.985412598, 95.3424453735, 144.42578125, 75.6627807617, 59.7238769531, 80.8233566284, 33.8829116821, 41.9873809814, 8.63842487335], [-1449.04284668, -305.993652344, 272.387390137, -166.186035156, 95.3424453735, 176.536605835, 150.649932861, 63.5734443665, 55.0462493896, 73.3210983276, 25.8384666443, 15.2181739807, 0.044467497617], [-2039.04931641, -336.713470459, 339.092437744, -160.760665894, 144.42578125, 150.649932861, 177.37727356, 79.3802566528, 63.8140068054, 87.4737319946, 37.6706199646, 27.5365047455, 1.862159729], [-638.272766113, -102.277862549, 166.343429565, -31.4870948792, 75.6627807617, 63.5734443665, 79.3802566528, 66.1669998169, 36.8909645081, 37.8365364075, 22.0492668152, 11.8241739273, -1.63057458401], [-484.615570068, -78.6425323486, 115.109786987, -19.1112155914, 59.7238769531, 55.0462493896, 63.8140068054, 36.8909645081, 44.1699562073, 38.7468757629, 12.1736917496, 8.49240875244, -0.246533200145], [-1105.83435059, -178.52154541, 167.402252197, -84.1102828979, 80.8233566284, 73.3210983276, 87.4737319946, 37.8365364075, 38.7468757629, 64.8902053833, 26.9797897339, 15.6800899506, 0.498807519674], [-329.814178467, -45.6434173584, 71.4091262817, -26.3087463379, 33.8829116821, 25.8384666443, 37.6706199646, 22.0492668152, 12.1736917496, 26.9797897339, 25.4647293091, 9.47238254547, 1.51410615444], [-574.920593262, -97.5515365601, 86.5233459473, -37.9839897156, 41.9873809814, 15.2181739807, 27.5365047455, 11.8241739273, 8.49240875244, 15.6800899506, 9.47238254547, 26.9265289307, 10.7647418976], [-139.335098267, -29.9577198029, 17.3808460236, -6.66686534882, 8.63842487335, 0.044467497617, 1.862159729, -1.63057458401, -0.246533200145, 0.498807519674, 1.51410615444, 10.7647418976, 14.9420747757]]
    },
    "sccoeffs": {
        "kurt": [-0.775247097015, -1.06310772896, -0.913291692734, -0.809246063232, -1.28157913685, -1.16128122807],
        "max": [-0.585583627224, -0.721373796463, -0.738426148891, -0.717422902584, -0.742955386639, -0.706235170364],
        "mean": [-0.771083712578, -0.83062928915, -0.866776108742, -0.854042053223, -0.837113320827, -0.79632216692],
        "median": [-0.790157914162, -0.828773856163, -0.868441522121, -0.855392634869, -0.828045785427, -0.772697389126],
        "min": [-0.945253670216, -0.941884934902, -0.950735390186, -0.932696938515, -0.933021605015, -0.925650000572],
        "skew": [0.31636890769, -0.241958171129, 0.150942459702, 0.275034487247, -0.192566007376, -0.433509856462],
        "var": [0.00653172656894, 0.00316060334444, 0.00271047838032, 0.00277650682256, 0.00296682002954, 0.00357095012441],
        "cov": [[0.0066154669039, 0.00300204963423, 0.00210146862082, 0.00231304112822, 0.00230557960458, 0.0031888242811], [0.00300204963423, 0.00320112402551, 0.00205320841633, 0.00211281585507, 0.00238070799969, 0.00266235671006], [0.00210146862082, 0.00205320841633, 0.00274522812106, 0.00203352305107, 0.00234509236179, 0.0023503373377], [0.00231304112822, 0.00211281585507, 0.00203352305107, 0.00281210290268, 0.00245768320747, 0.00265458296053], [0.00230557960458, 0.00238070799969, 0.00234509236179, 0.00245768320747, 0.00300485617481, 0.00277675525285], [0.0031888242811, 0.00266235671006, 0.0023503373377, 0.00265458296053, 0.00277675525285, 0.00361673161387]]
    },
    "scvalleys": {
        "kurt": [-1.44490873814, -1.45837187767, -1.41982114315, -1.45886099339, -1.38719570637, -1.60246109962],
        "max": [-4.60956048965, -4.44726514816, -4.98844814301, -5.37156534195, -5.42986249924, -7.37656927109],
        "mean": [-9.87228393555, -8.64624404907, -9.10500717163, -9.39534568787, -9.43483257294, -12.0225954056],
        "median": [-9.12198829651, -6.84386873245, -7.71319484711, -7.92848491669, -7.65984964371, -10.3585796356],
        "min": [-16.8892822266, -16.4913825989, -16.7703590393, -16.6966934204, -17.9247550964, -20.2197856903],
        "skew": [-0.149274989963, -0.361703366041, -0.360707312822, -0.368635237217, -0.434048980474, -0.256396532059],
        "var": [13.305970192, 12.6483240128, 11.5554161072, 11.9610795975, 13.3847055435, 15.1956663132],
        "cov": [[13.476559639, 12.7766437531, 12.1253986359, 12.304151535, 13.0705976486, 13.9889678955], [12.7766437531, 12.8104820251, 12.1430120468, 12.3565454483, 13.096909523, 13.8653879166], [12.1253986359, 12.1430120468, 11.7035627365, 11.8614788055, 12.4850034714, 13.2597904205], [12.304151535, 12.3565454483, 11.8614788055, 12.1144266129, 12.7350120544, 13.4893360138], [13.0705976486, 13.096909523, 12.4850034714, 12.7350120544, 13.556303978, 14.2584037781], [13.9889678955, 13.8653879166, 13.2597904205, 13.4893360138, 14.2584037781, 15.3904829025]]
    }
},
"rhythm": {
    "beats_loudness": {
        "kurt": -1.49999964237,
        "max": 0.014083052054,
        "mean": 0.00899394229054,
        "median": 0.0128987515345,
        "min": 2.14557065448e-08,
        "skew": -0.688865721226,
        "var": 4.06790604757e-05
    },
    "bpm": 132.512039185,
    "confidence": 0,
    "first_peak_bpm": {
        "kurt": 0,
        "max": 133,
        "mean": 133,
        "median": 133,
        "min": 133,
        "skew": 0,
        "var": 0
    },
    "first_peak_spread": {
        "kurt": 0,
        "max": 0,
        "mean": 0,
        "median": 0,
        "min": 0,
        "skew": 0,
        "var": 0
    },
    "first_peak_weight": {
        "kurt": 0,
        "max": 0.5,
        "mean": 0.5,
        "median": 0.5,
        "min": 0.5,
        "skew": 0,
        "var": 0
    },
    "onset_rate": 5.00896024704,
    "second_peak_bpm": {
        "kurt": 0,
        "max": 140,
        "mean": 140,
        "median": 140,
        "min": 140,
        "skew": 0,
        "var": 0
    },
    "second_peak_spread": {
        "kurt": 0,
        "max": 0,
        "mean": 0,
        "median": 0,
        "min": 0,
        "skew": 0,
        "var": 0
    },
    "second_peak_weight": {
        "kurt": 0,
        "max": 0.5,
        "mean": 0.5,
        "median": 0.5,
        "min": 0.5,
        "skew": 0,
        "var": 0
    },
    "beats_loudness_band_ratio": {
        "kurt": [-1.5, -1.49999976158, -1.5, -1.50000047684, -1.50000047684, -1.49999988079],
        "max": [0.0634719580412, 0.43629026413, 0.19233904779, 0.181102663279, 0.386927425861, 0.257330089808],
        "mean": [0.0347483232617, 0.23933506012, 0.14475569129, 0.142094656825, 0.297516494989, 0.189540028572],
        "median": [0.0240632090718, 0.141560718417, 0.123679079115, 0.124774649739, 0.361312717199, 0.246350243688],
        "min": [0.0167098008096, 0.140154227614, 0.118248946965, 0.120406642556, 0.144309386611, 0.0649397373199],
        "skew": [0.639687538147, 0.707052886486, 0.693378388882, 0.693885028362, -0.67784512043, -0.698900818825],
        "var": [0.000421535718488, 0.0193960033357, 0.00113700225484, 0.000763992371503, 0.0118455635384, 0.00778270885348],
        "cov": [[0.000632303592283, 0.00424553733319, 0.00103505770676, 0.000832309015095, -0.00334758800454, -0.00266404496506], [0.00424553733319, 0.0290940050036, 0.00703075155616, 0.00576058682054, -0.022640209645, -0.018401645124], [0.00103505770676, 0.00703075155616, 0.00170550344046, 0.00138616934419, -0.00550235481933, -0.00443176925182], [0.000832309015095, 0.00576058682054, 0.00138616934419, 0.00114598858636, -0.00445425789803, -0.00365729723126], [-0.00334758800454, -0.022640209645, -0.00550235481933, -0.00445425789803, 0.0177683457732, 0.0142469275743], [-0.00266404496506, -0.018401645124, -0.00443176925182, -0.00365729723126, 0.0142469275743, 0.0116740632802]]
    },
    "beats_position": [0.417959183455, 0.847528338432, 1.30031740665],
    "bpm_estimates": [132.512039185],
    "bpm_intervals": [0.429569154978, 0.452789068222],
    "onset_times": [0.0116099771112, 0.139319732785, 0.232199549675, 0.336689352989, 0.429569154978, 0.53405892849, 0.638548731804, 0.731428563595, 0.835918366909],
    "histogram": [[0, 0, 0, 0, 0, 0, 0, 0, 0, 0, 0, 0, 0, 0, 0, 0, 0, 0, 0, 0, 0, 0, 0, 0, 0, 0, 0, 0, 0, 0, 0, 0, 0, 0, 0, 0, 0, 0, 0, 0, 0, 0, 0, 0, 0, 0, 0, 0, 0, 0, 0, 0, 0, 0, 0, 0, 0, 0, 0, 0, 0, 0, 0, 0, 0, 0, 0, 0, 0, 0, 0, 0, 0, 0, 0, 0, 0, 0, 0, 0, 0, 0, 0, 0, 0, 0, 0, 0, 0, 0, 0, 0, 0, 0, 0, 0, 0, 0, 0, 0, 0, 0, 0, 0, 0, 0, 0, 0, 0, 0, 0, 0, 0, 0, 0, 0, 0, 0, 0, 0, 0, 0, 0, 0, 0, 0, 0, 0, 0, 0, 0, 0, 0, 0.5, 0, 0, 0, 0, 0, 0, 0.5, 0, 0, 0, 0, 0, 0, 0, 0, 0, 0, 0, 0, 0, 0, 0, 0, 0, 0, 0, 0, 0, 0, 0, 0, 0, 0, 0, 0, 0, 0, 0, 0, 0, 0, 0, 0, 0, 0, 0, 0, 0, 0, 0, 0, 0, 0, 0, 0, 0, 0, 0, 0, 0, 0, 0, 0, 0, 0, 0, 0, 0, 0, 0, 0, 0, 0, 0, 0, 0, 0, 0, 0, 0, 0, 0, 0, 0, 0, 0, 0, 0, 0, 0, 0, 0, 0, 0, 0, 0, 0, 0, 0, 0, 0, 0, 0, 0, 0, 0, 0, 0, 0, 0, 0, 0, 0, 0, 0, 0]]
},
"sfx": {
    "inharmonicity": {
        "kurt": 0.574578523636,
        "max": 0.313266307116,
        "mean": 0.0686345547438,
        "median": 0.019413728267,
        "min": 0,
        "skew": 1.23817169666,
        "var": 0.0080975657329
    },
    "oddtoevenharmonicenergyratio": {
        "kurt": 7.08434677124,
        "max": 3.78261876106,
        "mean": 0.450514405966,
        "median": 0.081224039197,
        "min": 0,
        "skew": 2.46765565872,
        "var": 0.510354995728
    },
    "pitch_after_max_to_before_max_energy_ratio": 16.6955623627,
    "pitch_centroid": 31.3241386414,
    "pitch_max_to_total": 0.0126582281664,
    "pitch_min_to_total": 0.708860754967,
    "tristimulus": {
        "kurt": [-1.84364879131, 0.185302019119, -1.55281245708],
        "max": [1, 0.63747125864, 0.848039567471],
        "mean": [0.581147968769, 0.139987304807, 0.278864622116],
        "median": [0.690960228443, 0.13035172224, 0],
        "min": [0, 0, 0],
        "skew": [-0.11555595696, 0.882504224777, 0.366794168949],
        "var": [0.174226298928, 0.0238873530179, 0.0918267741799],
        "cov": [[0.17645996809, -0.0538247860968, -0.122635215521], [-0.0538247860968, 0.0241936016828, 0.0296311657876], [-0.122635215521, 0.0296311657876, 0.0930040404201]]
    }
},
"tonal": {
    "chords_changes_rate": 0,
    "chords_number_rate": 0.0250000003725,
    "chords_strength": {
        "kurt": -0.934541702271,
        "max": 0.576978385448,
        "mean": 0.479709476233,
        "median": 0.473119676113,
        "min": 0.338471621275,
        "skew": -0.299629747868,
        "var": 0.00363077223301
    },
    "key_strength": 0.250869274139,
    "tuning_diatonic_strength": 0.288162142038,
    "tuning_equal_tempered_deviation": 0.221087753773,
    "tuning_frequency": 436.456207275,
    "tuning_nontempered_energy_ratio": 0.889296174049,
    "hpcp": {
        "kurt": [-0.63747882843, 0.0270791053772, -0.720397233963, 0.456757545471, -0.474890708923, -1.21110343933, -1.08200871944, -0.994731903076, -0.739078998566, -0.453360795975, -0.428721666336, -1.03534352779, -1.1625033617, -0.739596128464, -0.321281433105, -1.03539586067, -1.12522578239, -1.1870765686, -1.22778868675, -0.653747558594, -0.240073442459, -0.0169579982758, -0.588547706604, -1.03750884533, -1.44768047333, -0.568098783493, -0.428911209106, -0.72870516777, 0.0951762199402, 0.0177879333496, 0.739239931107, 0.576572418213, -0.43017244339, -0.921623945236, -1.09839475155, -1.29928660393],
        "max": [1, 0.840458810329, 0.760683059692, 1, 0.806006908417, 0.807489752769, 0.751646280289, 0.867068707943, 0.811696887016, 0.934688270092, 1, 0.896998047829, 0.781322598457, 0.828904569149, 1, 1, 1, 1, 1, 0.921089887619, 0.897043466568, 1, 1, 1, 1, 1, 1, 0.78062826395, 1, 1, 0.970185399055, 1, 1, 1, 1, 1],
        "mean": [0.375174403191, 0.281044006348, 0.248705074191, 0.265995562077, 0.275946527719, 0.302446871996, 0.321782112122, 0.310486763716, 0.290521204472, 0.303510040045, 0.340423256159, 0.318345755339, 0.284220516682, 0.286574453115, 0.334317952394, 0.399297118187, 0.406023591757, 0.424925029278, 0.439874082804, 0.378688514233, 0.333067327738, 0.353704273701, 0.393994271755, 0.458958685398, 0.452519237995, 0.380380988121, 0.365009009838, 0.359777003527, 0.381236761808, 0.385567963123, 0.307796418667, 0.27726534009, 0.327792942524, 0.394938856363, 0.469299465418, 0.465796798468],
        "median": [0.456991523504, 0.298897564411, 0.26513582468, 0.24533957243, 0.238160312176, 0.263070195913, 0.358164906502, 0.333011597395, 0.269455254078, 0.270099818707, 0.344995856285, 0.311826467514, 0.262368619442, 0.248469740152, 0.294885516167, 0.327755689621, 0.351017773151, 0.340925753117, 0.477029204369, 0.414401173592, 0.330656945705, 0.311888635159, 0.365721821785, 0.479341000319, 0.43505474925, 0.368732690811, 0.379258036613, 0.361346900463, 0.391771972179, 0.396082699299, 0.282052099705, 0.259394049644, 0.300973057747, 0.348843991756, 0.51253926754, 0.48872512579],
        "min": [0, 0, 0, 0, 0, 0, 0, 0, 0, 0, 0, 0, 0, 0, 0, 0, 0, 0, 0, 0, 0, 0, 0, 0, 0, 0, 0, 0, 0, 0, 0, 0, 0, 0, 0, 0],
