{
"metadata": {
    "version": {
        "essentia": "2.1-beta3"
    }
},
"lowLevel": {
    "average_loudness": 0.786982774734,
    "barkbands_kurtosis": {
        "kurt": 65.394859314,
        "max": 95.3924179077,
        "mean": 0.644891381264,
        "median": -1.16138029099,
        "min": -1.84569787979,
        "skew": 6.97452640533,
        "var": 46.6757621765
    },
    "barkbands_skewness": {
        "kurt": 7.29453659058,
        "max": 8.0319070816,
        "mean": 0.200964868069,
        "median": 0.178405851126,
        "min": -5.45404958725,
        "skew": 0.886321723461,
        "var": 1.28518414497
    },
    "barkbands_spread": {
        "kurt": -0.560611248016,
        "max": 67.3747329712,
        "mean": 33.0487709045,
        "median": 33.8466491699,
        "min": 1.18305647373,
        "skew": -0.394292920828,
        "var": 186.107421875
    },
    "dissonance": {
        "kurt": 21.7139854431,
        "max": 0.499999672174,
        "mean": 0.478532522917,
        "median": 0.487438321114,
        "min": 0.218239814043,
        "skew": -4.29880809784,
        "var": 0.0010667789029
    },
    "hfc": {
        "kurt": 60.8208274841,
        "max": 214.145614624,
        "mean": 3.21808862686,
        "median": 5.72832277612e-07,
        "min": 1.09557756027e-16,
        "skew": 7.36883974075,
        "var": 324.802734375
    },
    "pitch": {
        "kurt": -1.64708554745,
        "max": 5132.99316406,
        "mean": 1728.88525391,
        "median": 493.09197998,
        "min": 67.8199691772,
        "skew": 0.440261155367,
        "var": 2862020.5
    },
    "pitch_instantaneous_confidence": {
        "kurt": 3.65482234955,
        "max": 0.941478133202,
        "mean": 0.295304596424,
        "median": 0.255160599947,
        "min": 0.0676843523979,
        "skew": 1.83199322224,
        "var": 0.0197838339955
    },
    "pitch_salience": {
        "kurt": 6.07833003998,
        "max": 0.97130382061,
        "mean": 0.736651062965,
        "median": 0.755430281162,
        "min": 0.134093612432,
        "skew": -1.74476087093,
        "var": 0.00816010963172
    },
    "silence_rate_20dB": {
        "kurt": 0,
        "max": 1,
        "mean": 1,
        "median": 1,
        "min": 1,
        "skew": 0,
        "var": 0
    },
    "silence_rate_30dB": {
        "kurt": 0,
        "max": 1,
        "mean": 1,
        "median": 1,
        "min": 1,
        "skew": 0,
        "var": 0
    },
    "silence_rate_60dB": {
        "kurt": 10.9117546082,
        "max": 1,
        "mean": 0.936885237694,
        "median": 1,
        "min": 0,
        "skew": -3.59330153465,
        "var": 0.059130590409
    },
    "spectral_centroid": {
        "kurt": 9.06942844391,
        "max": 10583.8574219,
        "mean": 1816.34387207,
        "median": 1677.30664062,
        "min": 79.219543457,
        "skew": 1.73264205456,
        "var": 786153.3125
    },
    "spectral_complexity": {
        "kurt": 19.3270606995,
        "max": 66,
        "mean": 2.41311478615,
        "median": 0,
        "min": 0,
        "skew": 4.49903774261,
        "var": 104.028656006
    },
    "spectral_crest": {
        "kurt": 5.12969875336,
        "max": 22.2909965515,
        "mean": 6.19355678558,
        "median": 5.36064624786,
        "min": 2.21479868889,
        "skew": 2.00704574585,
        "var": 9.28504180908
    },
    "spectral_decrease": {
        "kurt": 46.9439544678,
        "max": -5.30652741469e-29,
        "mean": -3.61132318494e-10,
        "median": -8.70541420263e-17,
        "min": -1.96474250203e-08,
        "skew": -6.55826950073,
        "var": 3.56203948177e-18
    },
    "spectral_energy": {
        "kurt": 49.2608604431,
        "max": 0.0935775786638,
        "mean": 0.00165488617495,
        "median": 3.93383159381e-10,
        "min": 1.01374950335e-20,
        "skew": 6.69715929031,
        "var": 7.6521129813e-05
    },
    "spectral_energyband_high": {
        "kurt": 72.9718170166,
        "max": 0.0148356063291,
        "mean": 0.000202308190637,
        "median": 2.61305109495e-11,
        "min": 7.52394033994e-21,
        "skew": 8.04864311218,
        "var": 1.47038326759e-06
    },
    "spectral_energyband_low": {
        "kurt": 116.861076355,
        "max": 0.00638551171869,
        "mean": 4.78695837955e-05,
        "median": 2.41600489614e-11,
        "min": 9.47895200605e-23,
        "skew": 10.376958847,
        "var": 1.72683897404e-07
    },
    "spectral_energyband_middle_high": {
        "kurt": 57.2316169739,
        "max": 0.0666730701923,
        "mean": 0.000980623182841,
        "median": 1.18160675688e-10,
        "min": 1.47034302328e-21,
        "skew": 7.13119363785,
        "var": 2.88628198177e-05
    },
    "spectral_energyband_middle_low": {
        "kurt": 37.414680481,
        "max": 0.022254139185,
        "mean": 0.000463909498649,
        "median": 1.27047317111e-10,
        "min": 2.68836501114e-22,
        "skew": 5.92796087265,
        "var": 5.196498023e-06
    },
    "spectral_flatness_db": {
        "kurt": 1.53554868698,
        "max": 0.384660542011,
        "mean": 0.11638635397,
        "median": 0.0933888405561,
        "min": 0.0400441065431,
        "skew": 1.18340611458,
        "var": 0.00367465242743
    },
    "spectral_flux": {
        "kurt": 19.8265628815,
        "max": 0.263936191797,
        "mean": 0.00961374398321,
        "median": 1.53436976689e-05,
        "min": 1.00685126903e-10,
        "skew": 4.40891265869,
        "var": 0.00121696828865
    },
    "spectral_kurtosis": {
        "kurt": 18.9879608154,
        "max": 34.4936141968,
        "mean": 3.93836760521,
        "median": 2.6731441021,
        "min": -1.17924797535,
        "skew": 3.61066699028,
        "var": 13.1633052826
    },
    "spectral_rms": {
        "kurt": 24.5206871033,
        "max": 0.00955485273153,
        "mean": 0.000318967999192,
        "median": 6.19506181465e-07,
        "min": 3.14487498543e-12,
        "skew": 4.85482025146,
        "var": 1.51278266003e-06
    },
    "spectral_rolloff": {
        "kurt": 13.8023796082,
        "max": 17937.1582031,
        "mean": 3414.19262695,
        "median": 3596.04492188,
        "min": 86.1328125,
        "skew": 0.736419081688,
        "var": 1640146.5
    },
    "spectral_skewness": {
        "kurt": 8.99044799805,
        "max": 4.62042760849,
        "mean": 1.50244545937,
        "median": 1.37808227539,
        "min": 0.0330070406199,
        "skew": 2.36948156357,
        "var": 0.233426079154
    },
    "spectral_spread": {
        "kurt": 14.5384101868,
        "max": 40560872,
        "mean": 6920970.5,
        "median": 7714539,
        "min": 1573437.125,
        "skew": 0.98934596777,
        "var": 8.07628020122e+12
    },
    "spectral_strongpeak": {
        "kurt": 95.2280731201,
        "max": 3.24199318886,
        "mean": 0.0391011051834,
        "median": 9.66033621808e-05,
        "min": 1.69812097717e-09,
        "skew": 8.75789737701,
        "var": 0.0417888090014
    },
    "zerocrossingrate": {
        "kurt": 9.74816036224,
        "max": 0.470703125,
        "mean": 0.106150344014,
        "median": 0.10498046875,
        "min": 0.00732421875,
        "skew": 1.30066621304,
        "var": 0.00150887551717
    },
    "barkbands": {
        "kurt": [116.099708557, 136.778915405, 184.774871826, 128.960723877, 123.742782593, 65.3026657104, 52.2849311829, 58.1203231812, 52.3210411072, 60.4485282898, 95.0226745605, 63.5769500732, 65.7272109985, 68.5870895386, 107.213890076, 102.884941101, 65.9629211426, 204.548614502, 86.3131866455, 71.3483657837, 93.7653427124, 132.048553467, 97.2189178467, 93.1352615356, 110.137573242, 80.4888687134, 80.6757049561],
        "max": [0.00011912080663, 0.00273334374651, 0.00264146039262, 0.00464096479118, 0.00701288925484, 0.00431563798338, 0.00505852792412, 0.00451329583302, 0.00641612522304, 0.00794189702719, 0.0117416866124, 0.00652674678713, 0.00614886730909, 0.00493363151327, 0.00732726464048, 0.00563620170578, 0.00559196993709, 0.014077254571, 0.0109837576747, 0.00986642297357, 0.00811047572643, 0.00449853483588, 0.000955961761065, 0.000350346672349, 0.00025231167092, 6.9246093517e-06, 1.12558446119e-07],
        "mean": [9.50975959313e-07, 1.76646663022e-05, 1.4207456843e-05, 3.22367159242e-05, 6.55673065921e-05, 6.13795928075e-05, 7.78115863795e-05, 7.19732706784e-05, 0.000108433407149, 0.000118058080261, 0.000119786011055, 9.92665300146e-05, 8.70287476573e-05, 6.97445429978e-05, 7.36441506888e-05, 5.97204780206e-05, 7.93453145889e-05, 0.000103536614915, 0.0001268794731, 0.000127373059513, 8.67649723659e-05, 3.78834738513e-05, 9.58243526838e-06, 3.77887272407e-06, 2.19593903239e-06, 7.34090193077e-08, 1.2999017418e-09],
        "median": [7.37448838974e-13, 1.04628493369e-11, 6.29160439025e-12, 6.1879060903e-12, 3.65569519101e-11, 2.15504974976e-11, 2.54709135727e-11, 1.4601677506e-11, 8.22258060251e-12, 6.29512804731e-12, 3.82125928122e-12, 3.70528954741e-12, 3.08563981657e-12, 3.86641890379e-12, 5.12061747171e-12, 8.46595363257e-12, 2.25898032918e-11, 1.50008686028e-11, 1.81133580357e-11, 1.64430968841e-11, 1.07833620505e-11, 4.20672828169e-12, 1.16673608708e-12, 7.43491802412e-13, 6.08037925565e-13, 5.23501564092e-14, 2.12129491354e-15],
        "min": [1.35278459198e-23, 2.38999011199e-23, 2.88992282206e-23, 3.33838298916e-23, 2.34125144536e-23, 1.61179507952e-23, 5.43512541923e-23, 6.33895743713e-23, 5.9951623883e-23, 3.94194330764e-23, 1.04691295832e-22, 7.42499108059e-23, 1.14195340557e-22, 1.4281636278e-22, 2.29030302157e-22, 1.45653485248e-22, 2.2162376916e-22, 8.94208861492e-23, 2.07903496399e-22, 2.40897016848e-22, 5.21492089288e-22, 4.60670181432e-22, 4.58993403936e-22, 8.31196154374e-22, 1.55449057622e-21, 1.69271607146e-21, 1.97652464768e-21],
        "skew": [10.3391180038, 11.0168476105, 12.6483659744, 10.9077644348, 10.5408411026, 7.43595123291, 6.64865255356, 7.11860322952, 6.92290401459, 7.43989753723, 8.8707075119, 7.48901605606, 7.53083944321, 7.73630523682, 9.4468164444, 9.02899360657, 7.64779186249, 11.8689460754, 8.60895729065, 7.96925973892, 8.96978569031, 9.94111728668, 8.99644374847, 9.07232379913, 9.73565101624, 8.58443450928, 8.61311435699],
        "var": [6.35829236484e-11, 2.53117082849e-08, 1.82097856793e-08, 8.02382729148e-08, 2.21824336677e-07, 1.03138830809e-07, 1.5360153327e-07, 1.433917447e-07, 3.54339135811e-07, 4.61445580413e-07, 5.45141176644e-07, 3.1167124348e-07, 2.36879657223e-07, 1.5621687055e-07, 2.15229889022e-07, 1.20777443158e-07, 1.99814593316e-07, 4.10273514717e-07, 5.98523911322e-07, 5.80240225645e-07, 2.98022484913e-07, 5.67823654762e-08, 3.70193986576e-09, 6.29154617293e-10, 2.4169768964e-10, 2.56479516444e-13, 8.10513915827e-17],
        "cov": [[6.36350833139e-11, 1.18322962539e-09, 7.46711081856e-10, 1.74949210674e-09, 2.80729706148e-09, 1.27630717106e-09, 1.33149868908e-09, 1.25123977845e-09, 2.38876696201e-09, 2.70785815992e-09, 2.19472906515e-09, 2.16635909212e-09, 1.95398830449e-09, 1.86757209697e-09, 1.67948022156e-09, 1.46817391578e-09, 2.13342299382e-09, 2.51637954918e-09, 4.0774232879e-09, 4.17941015129e-09, 2.97960278672e-09, 1.13928722012e-09, 2.84099549441e-10, 1.44222453424e-10, 1.03863945222e-10, 3.05171794952e-12, 5.92732785597e-14], [1.18322962539e-09, 2.53324738964e-08, 1.84408914805e-08, 3.82217812955e-08, 5.99122245148e-08, 2.50589806683e-08, 2.61775081611e-08, 2.16975308831e-08, 4.44642438424e-08, 5.24104173394e-08, 3.91500485364e-08, 3.90114074378e-08, 3.98128321422e-08, 3.38303962621e-08, 3.1435241965e-08, 2.51873863988e-08, 4.02446538317e-08, 4.76234838231e-08, 8.04682755984e-08, 8.126828277e-08, 5.93104907409e-08, 2.176321523e-08, 5.26587218275e-09, 2.86901880031e-09, 2.00269600903e-09, 5.84004442028e-11, 1.10793828539e-12], [7.46711081856e-10, 1.84408914805e-08, 1.8224723064e-08, 3.37058665423e-08, 5.13573255034e-08, 1.62008397808e-08, 1.98259115791e-08, 1.49714853848e-08, 2.84600396583e-08, 3.64073571291e-08, 2.53954617335e-08, 2.63454875693e-08, 2.82703034316e-08, 2.357503881e-08, 2.14355164729e-08, 1.5851492563e-08, 2.74792775201e-08, 3.47477993046e-08, 5.61502950802e-08, 5.56308741295e-08, 4.19997476797e-08, 1.51320058706e-08, 3.6357352684e-09, 2.0054546912e-09, 1.27182486764e-09, 4.27463481278e-11, 8.31080159119e-13], [1.74949210674e-09, 3.82217812955e-08, 3.37058665423e-08, 8.03040904884e-08, 1.27787544102e-07, 3.13260493101e-08, 4.48155290655e-08, 3.70697144092e-08, 5.67978695187e-08, 6.69261766006e-08, 5.49212515466e-08, 6.44860733701e-08, 5.12638962391e-08, 5.12584037438e-08, 4.96299428221e-08, 3.78816444879e-08, 5.53449552854e-08, 7.33215728133e-08, 1.13970600069e-07, 1.35485763053e-07, 1.01847540179e-07, 3.41468258114e-08, 8.45069081379e-09, 4.61505544891e-09, 2.92952373471e-09, 9.93562801477e-11, 1.91078381416e-12], [2.80729706148e-09, 5.99122245148e-08, 5.13573255034e-08, 1.27787544102e-07, 2.22006306672e-07, 6.35434531659e-08, 8.98887009271e-08, 8.89314151209e-08, 1.26182982285e-07, 1.34386880291e-07, 1.32470390213e-07, 1.42203830933e-07, 1.01749463965e-07, 1.09629532119e-07, 1.11510679801e-07, 8.80916459778e-08, 1.14769669324e-07, 1.52471571369e-07, 2.14744872551e-07, 2.55192873055e-07, 1.90256855603e-07, 6.78826808098e-08, 1.69751110946e-08, 8.48226200389e-09, 5.24429788484e-09, 1.75832404192e-10, 3.33283205721e-12], [1.27630717106e-09, 2.50589806683e-08, 1.62008397808e-08, 3.13260493101e-08, 6.35434531659e-08, 1.03223442238e-07, 1.10705506984e-07, 9.63388728792e-08, 1.73052399077e-07, 1.96897673277e-07, 1.86860035001e-07, 1.46189861994e-07, 1.40593371611e-07, 9.46329947737e-08, 1.22998741858e-07, 8.63020730435e-08, 1.2844259345e-07, 1.61363701068e-07, 2.11062982203e-07, 1.9756328129e-07, 1.35235680432e-07, 6.2680292956e-08, 1.64177329509e-08, 6.43589626037e-09, 3.731231768e-09, 1.17727924631e-10, 1.91930174011e-12], [1.33149868908e-09, 2.61775081611e-08, 1.98259115791e-08, 4.48155290655e-08, 8.98887009271e-08, 1.10705506984e-07, 1.53727540919e-07, 1.19503980045e-07, 1.89124278904e-07, 2.15666361214e-07, 2.22841961772e-07, 1.69175194742e-07, 1.51994214548e-07, 1.13375037358e-07, 1.37354334129e-07, 9.9184980229e-08, 1.36609045853e-07, 1.83826230682e-07, 2.41310345928e-07, 2.19306556914e-07, 1.56083586944e-07, 6.92318948836e-08, 1.82106330016e-08, 7.0192078816e-09, 3.89013798952e-09, 1.26130342282e-10, 2.07015004097e-12], [1.25123977845e-09, 2.16975308831e-08, 1.49714853848e-08, 3.70697144092e-08, 8.89314151209e-08, 9.63388728792e-08, 1.19503980045e-07, 1.43509382156e-07, 1.90832366798e-07, 1.89753919244e-07, 2.00303489351e-07, 1.86439308436e-07, 1.42021676197e-07, 1.2249931558e-07, 1.49141740735e-07, 1.12268480734e-07, 1.43309307532e-07, 1.82470245136e-07, 2.17173166561e-07, 2.13206860167e-07, 1.52657094077e-07, 7.03065410335e-08, 1.75076113607e-08, 6.39631947408e-09, 3.58366514241e-09, 1.2265248539e-10, 2.08839152568e-12], [2.38876696201e-09, 4.44642438424e-08, 2.84600396583e-08, 5.67978695187e-08, 1.26182982285e-07, 1.73052399077e-07, 1.89124278904e-07, 1.90832366798e-07, 3.54629804633e-07, 3.75849253942e-07, 3.78236023835e-07, 3.00064812109e-07, 2.67146702981e-07, 1.95473262465e-07, 2.47355217198e-07, 1.78536780027e-07, 2.49264047625e-07, 3.18166314628e-07, 3.9834975496e-07, 3.94300457174e-07, 2.6715133572e-07, 1.25539230567e-07, 3.21783808488e-08, 1.23401804331e-08, 7.19323889342e-09, 2.26643051549e-10, 3.77051124698e-12], [2.70785815992e-09, 5.24104173394e-08, 3.64073571291e-08, 6.69261766006e-08, 1.34386880291e-07, 1.96897673277e-07, 2.15666361214e-07, 1.89753919244e-07, 3.75849253942e-07, 4.61824129161e-07, 4.40756195985e-07, 3.09240050456e-07, 2.99574082874e-07, 2.06074119546e-07, 2.64717300524e-07, 1.8965391746e-07, 2.72543275059e-07, 3.47420012758e-07, 4.37313303792e-07, 4.22709490522e-07, 2.89726102665e-07, 1.39472206229e-07, 3.48507498416e-08, 1.37792204313e-08, 8.19782375316e-09, 2.52150439417e-10, 4.22804890057e-12], [2.19472906515e-09, 3.91500485364e-08, 2.53954617335e-08, 5.49212515466e-08, 1.32470390213e-07, 1.86860035001e-07, 2.22841961772e-07, 2.00303489351e-07, 3.78236023835e-07, 4.40756195985e-07, 5.45588363821e-07, 3.21862586361e-07, 3.13368360594e-07, 2.2481630424e-07, 2.632092162e-07, 2.20920895799e-07, 2.63124036337e-07, 4.0611246277e-07, 4.64824978508e-07, 4.51184234862e-07, 3.05567169789e-07, 1.43639667272e-07, 3.75018380794e-08, 1.40766278633e-08, 7.9280306764e-09, 2.62975641263e-10, 4.10468620898e-12], [2.16635909212e-09, 3.90114074378e-08, 2.63454875693e-08, 6.44860733701e-08, 1.42203830933e-07, 1.46189861994e-07, 1.69175194742e-07, 1.86439308436e-07, 3.00064812109e-07, 3.09240050456e-07, 3.21862586361e-07, 3.11926925178e-07, 2.22231022917e-07, 1.89976063325e-07, 2.35480072774e-07, 1.68082351593e-07, 2.17994539753e-07, 2.94045378268e-07, 3.50846534047e-07, 3.54405187863e-07, 2.55652196302e-07, 1.12527871465e-07, 2.93878859026e-08, 1.10708757717e-08, 6.26529850223e-09, 2.14921511144e-10, 3.5237156075e-12], [1.95398830449e-09, 3.98128321422e-08, 2.82703034316e-08, 5.12638962391e-08, 1.01749463965e-07, 1.40593371611e-07, 1.51994214548e-07, 1.42021676197e-07, 2.67146702981e-07, 2.99574082874e-07, 3.13368360594e-07, 2.22231022917e-07, 2.3707397645e-07, 1.57254973487e-07, 1.77399627432e-07, 1.4116479008e-07, 1.98742029056e-07, 2.65496254315e-07, 3.3160515045e-07, 3.19288545825e-07, 2.1786215143e-07, 9.4371614523e-08, 2.51878873314e-08, 9.96933113839e-09, 5.7927524999e-09, 1.90320245674e-10, 3.0055610778e-12], [1.86757209697e-09, 3.38303962621e-08, 2.357503881e-08, 5.12584037438e-08, 1.09629532119e-07, 9.46329947737e-08, 1.13375037358e-07, 1.2249931558e-07, 1.95473262465e-07, 2.06074119546e-07, 2.2481630424e-07, 1.89976063325e-07, 1.57254973487e-07, 1.56345024038e-07, 1.46316537553e-07, 1.23075182046e-07, 1.52587432467e-07, 1.99772173914e-07, 2.56015283639e-07, 2.44538057359e-07, 1.80521752213e-07, 7.48005959395e-08, 1.97731377938e-08, 7.81894549107e-09, 4.69937466718e-09, 1.50021689516e-10, 2.6089610073e-12], [1.67948022156e-09, 3.1435241965e-08, 2.14355164729e-08, 4.96299428221e-08, 1.11510679801e-07, 1.22998741858e-07, 1.37354334129e-07, 1.49141740735e-07, 2.47355217198e-07, 2.64717300524e-07, 2.632092162e-07, 2.35480072774e-07, 1.77399627432e-07, 1.46316537553e-07, 2.15406444681e-07, 1.34021604481e-07, 1.88593304529e-07, 2.30572652526e-07, 3.04055390643e-07, 3.01586794649e-07, 2.13536068827e-07, 9.82397736493e-08, 2.58532164565e-08, 9.61378088249e-09, 5.25414822761e-09, 1.78840775522e-10, 3.04439351333e-12], [1.46817391578e-09, 2.51873863988e-08, 1.5851492563e-08, 3.78816444879e-08, 8.80916459778e-08, 8.63020730435e-08, 9.9184980229e-08, 1.12268480734e-07, 1.78536780027e-07, 1.8965391746e-07, 2.20920895799e-07, 1.68082351593e-07, 1.4116479008e-07, 1.23075182046e-07, 1.34021604481e-07, 1.20876521237e-07, 1.38543825301e-07, 2.01329967808e-07, 2.28177995609e-07, 2.26914110613e-07, 1.5695225386e-07, 7.16362009712e-08, 1.83324697645e-08, 7.06902270053e-09, 4.14779899316e-09, 1.41498840422e-10, 2.40432500298e-12], [2.13342299382e-09, 4.02446538317e-08, 2.74792775201e-08, 5.53449552854e-08, 1.14769669324e-07, 1.2844259345e-07, 1.36609045853e-07, 1.43309307532e-07, 2.49264047625e-07, 2.72543275059e-07, 2.63124036337e-07, 2.17994539753e-07, 1.98742029056e-07, 1.52587432467e-07, 1.88593304529e-07, 1.38543825301e-07, 1.99978501314e-07, 2.43051971438e-07, 3.12969376637e-07, 3.071585013e-07, 2.09960973052e-07, 9.41749291883e-08, 2.47672424791e-08, 9.72078861849e-09, 5.75371172928e-09, 1.86391194146e-10, 3.20745079802e-12], [2.51637954918e-09, 4.76234838231e-08, 3.47477993046e-08, 7.33215728133e-08, 1.52471571369e-07, 1.61363701068e-07, 1.83826230682e-07, 1.82470245136e-07, 3.18166314628e-07, 3.47420012758e-07, 4.0611246277e-07, 2.94045378268e-07, 2.65496254315e-07, 1.99772173914e-07, 2.30572652526e-07, 2.01329967808e-07, 2.43051971438e-07, 4.10610056178e-07, 4.37469253711e-07, 4.16362269107e-07, 2.94292362923e-07, 1.22947511727e-07, 3.35212888558e-08, 1.29100783397e-08, 7.64123608832e-09, 2.70433231364e-10, 4.22240454406e-12], [4.0774232879e-09, 8.04682755984e-08, 5.61502950802e-08, 1.13970600069e-07, 2.14744872551e-07, 2.11062982203e-07, 2.41310345928e-07, 2.17173166561e-07, 3.9834975496e-07, 4.37313303792e-07, 4.64824978508e-07, 3.50846534047e-07, 3.3160515045e-07, 2.56015283639e-07, 3.04055390643e-07, 2.28177995609e-07, 3.12969376637e-07, 4.37469253711e-07, 5.9901486793e-07, 5.35006051905e-07, 3.81852885312e-07, 1.58386072258e-07, 4.42414993529e-08, 1.75244583289e-08, 1.03468931201e-08, 3.40380057473e-10, 5.70150220439e-12], [4.17941015129e-09, 8.126828277e-08, 5.56308741295e-08, 1.35485763053e-07, 2.55192873055e-07, 1.9756328129e-07, 2.19306556914e-07, 2.13206860167e-07, 3.94300457174e-07, 4.22709490522e-07, 4.51184234862e-07, 3.54405187863e-07, 3.19288545825e-07, 2.44538057359e-07, 3.01586794649e-07, 2.26914110613e-07, 3.071585013e-07, 4.16362269107e-07, 5.35006051905e-07, 5.80716232434e-07, 3.93403354337e-07, 1.63263990771e-07, 4.34852083231e-08, 1.79603283357e-08, 1.05807043127e-08, 3.53569507006e-10, 6.01060260591e-12], [2.97960278672e-09, 5.93104907409e-08, 4.19997476797e-08, 1.01847540179e-07, 1.90256855603e-07, 1.35235680432e-07, 1.56083586944e-07, 1.52657094077e-07, 2.6715133572e-07, 2.89726102665e-07, 3.05567169789e-07, 2.55652196302e-07, 2.1786215143e-07, 1.80521752213e-07, 2.13536068827e-07, 1.5695225386e-07, 2.09960973052e-07, 2.94292362923e-07, 3.81852885312e-07, 3.93403354337e-07, 2.98266968457e-07, 1.1573035863e-07, 3.0778380733e-08, 1.30247697072e-08, 7.73172992297e-09, 2.5528720804e-10, 4.31456953498e-12], [1.13928722012e-09, 2.176321523e-08, 1.51320058706e-08, 3.41468258114e-08, 6.78826808098e-08, 6.2680292956e-08, 6.92318948836e-08, 7.03065410335e-08, 1.25539230567e-07, 1.39472206229e-07, 1.43639667272e-07, 1.12527871465e-07, 9.4371614523e-08, 7.48005959395e-08, 9.82397736493e-08, 7.16362009712e-08, 9.41749291883e-08, 1.22947511727e-07, 1.58386072258e-07, 1.63263990771e-07, 1.1573035863e-07, 5.6828948658e-08, 1.3215944783e-08, 5.3820725654e-09, 3.16446135962e-09, 1.03674395457e-10, 1.85293750829e-12], [2.84099549441e-10, 5.26587218275e-09, 3.6357352684e-09, 8.45069081379e-09, 1.69751110946e-08, 1.64177329509e-08, 1.82106330016e-08, 1.75076113607e-08, 3.21783808488e-08, 3.48507498416e-08, 3.75018380794e-08, 2.93878859026e-08, 2.51878873314e-08, 1.97731377938e-08, 2.58532164565e-08, 1.83324697645e-08, 2.47672424791e-08, 3.35212888558e-08, 4.42414993529e-08, 4.34852083231e-08, 3.0778380733e-08, 1.3215944783e-08, 3.70497654778e-09, 1.4326627662e-09, 8.05047917218e-10, 2.7834177671e-11, 4.63805968458e-13], [1.44222453424e-10, 2.86901880031e-09, 2.0054546912e-09, 4.61505544891e-09, 8.48226200389e-09, 6.43589626037e-09, 7.0192078816e-09, 6.39631947408e-09, 1.23401804331e-08, 1.37792204313e-08, 1.40766278633e-08, 1.10708757717e-08, 9.96933113839e-09, 7.81894549107e-09, 9.61378088249e-09, 7.06902270053e-09, 9.72078861849e-09, 1.29100783397e-08, 1.75244583289e-08, 1.79603283357e-08, 1.30247697072e-08, 5.3820725654e-09, 1.4326627662e-09, 6.29670704466e-10, 3.68914565563e-10, 1.18823596795e-11, 2.03436510801e-13], [1.03863945222e-10, 2.00269600903e-09, 1.27182486764e-09, 2.92952373471e-09, 5.24429788484e-09, 3.731231768e-09, 3.89013798952e-09, 3.58366514241e-09, 7.19323889342e-09, 8.19782375316e-09, 7.9280306764e-09, 6.26529850223e-09, 5.7927524999e-09, 4.69937466718e-09, 5.25414822761e-09, 4.14779899316e-09, 5.75371172928e-09, 7.64123608832e-09, 1.03468931201e-08, 1.05807043127e-08, 7.73172992297e-09, 3.16446135962e-09, 8.05047917218e-10, 3.68914565563e-10, 2.41895947717e-10, 7.18024121063e-12, 1.25766679514e-13], [3.05171794952e-12, 5.84004442028e-11, 4.27463481278e-11, 9.93562801477e-11, 1.75832404192e-10, 1.17727924631e-10, 1.26130342282e-10, 1.2265248539e-10, 2.26643051549e-10, 2.52150439417e-10, 2.62975641263e-10, 2.14921511144e-10, 1.90320245674e-10, 1.50021689516e-10, 1.78840775522e-10, 1.41498840422e-10, 1.86391194146e-10, 2.70433231364e-10, 3.40380057473e-10, 3.53569507006e-10, 2.5528720804e-10, 1.03674395457e-10, 2.7834177671e-11, 1.18823596795e-11, 7.18024121063e-12, 2.56689905876e-13, 4.32241209445e-15], [5.92732785597e-14, 1.10793828539e-12, 8.31080159119e-13, 1.91078381416e-12, 3.33283205721e-12, 1.91930174011e-12, 2.07015004097e-12, 2.08839152568e-12, 3.77051124698e-12, 4.22804890057e-12, 4.10468620898e-12, 3.5237156075e-12, 3.0055610778e-12, 2.6089610073e-12, 3.04439351333e-12, 2.40432500298e-12, 3.20745079802e-12, 4.22240454406e-12, 5.70150220439e-12, 6.01060260591e-12, 4.31456953498e-12, 1.85293750829e-12, 4.63805968458e-13, 2.03436510801e-13, 1.25766679514e-13, 4.32241209445e-15, 8.1117883669e-17]]
    },
    "mfcc": {
        "kurt": [6.10478782654, 1.89307165146, 4.37940835953, 19.0557632446, 6.25716209412, 3.09061002731, 3.01740503311, 4.43282270432, 3.29751300812, 4.12282466888, 6.77898406982, 6.02109718323, 10.1963310242],
        "max": [-488.074249268, 122.953437805, 27.7330970764, 72.3410491943, 16.0262794495, 15.7096195221, 18.7618904114, 19.6056003571, 15.9676742554, 14.1881351471, 15.0652427673, 16.6375827789, 16.1497421265],
        "mean": [-1080.34204102, 15.2669715881, -9.6855096817, 2.27746891975, -5.36218881607, -4.86911249161, -3.34759759903, -3.06392121315, -2.75051546097, -2.80931305885, -1.52402222157, -0.920022726059, -0.770602345467],
        "median": [-1138.42004395, 1.14440917969e-05, -6.103515625e-05, 8.01086425781e-05, -6.103515625e-05, 2.28881835938e-05, -2.67028808594e-05, -5.34057617188e-05, -4.57763671875e-05, -2.28881835938e-05, -2.67028808594e-05, -3.0517578125e-05, -3.81469726562e-05],
        "min": [-1138.42004395, -51.5101051331, -113.553268433, -21.9899406433, -65.8396911621, -49.5934257507, -37.3615455627, -36.7481536865, -29.9497013092, -32.0377502441, -26.5698719025, -18.6189422607, -23.4866924286],
        "skew": [2.66535830498, 1.82694768906, -2.36229562759, 3.90680217743, -2.66990375519, -2.01994967461, -1.8774971962, -2.0957171917, -1.99416708946, -2.19594740868, -2.40750002861, -1.42015063763, -1.87183380127],
        "var": [20632.5332031, 1024.1595459, 660.128295898, 76.9878616333, 189.507492065, 110.924163818, 65.4217071533, 51.9268531799, 42.3436431885, 40.0411453247, 17.7749900818, 12.2907438278, 11.3566398621],
        "cov": [[20649.4589844, 3872.02172852, -3096.28198242, 644.63092041, -1722.57324219, -778.826416016, -600.368347168, -633.587646484, -540.338867188, -592.884460449, -358.832122803, -313.406951904, -272.94631958], [3872.02172852, 1024.99963379, -694.29473877, 128.635772705, -365.739746094, -267.229309082, -187.160232544, -185.353530884, -166.392745972, -174.121292114, -102.110038757, -76.6824951172, -62.1706428528], [-3096.28198242, -694.29473877, 660.669799805, -82.8837051392, 318.093658447, 189.128417969, 134.723800659, 135.260543823, 118.758293152, 128.885498047, 77.2356567383, 64.2175292969, 60.1535186768], [644.63092041, 128.635772705, -82.8837051392, 77.0510177612, -33.6593399048, -17.6471595764, -3.56083679199, -18.6135082245, -7.64231681824, -13.7921295166, -10.4652967453, -5.85933923721, -8.08089828491], [-1722.57324219, -365.739746094, 318.093658447, -33.6593399048, 189.662948608, 92.4983825684, 80.9837112427, 76.1296310425, 65.6415252686, 67.9763031006, 38.6868972778, 30.3683452606, 27.6708335876], [-778.826416016, -267.229309082, 189.128417969, -17.6471595764, 92.4983825684, 111.015167236, 70.4884185791, 60.5594444275, 58.098651886, 56.4710235596, 32.4985771179, 19.7346954346, 15.2087917328], [-600.368347168, -187.160232544, 134.723800659, -3.56083679199, 80.9837112427, 70.4884185791, 65.4753799438, 49.6034393311, 45.6405334473, 41.6873512268, 21.8102836609, 13.7969970703, 9.96933746338], [-633.587646484, -185.353530884, 135.260543823, -18.6135082245, 76.1296310425, 60.5594444275, 49.6034393311, 51.9694519043, 40.403213501, 38.5462799072, 20.9962463379, 12.696723938, 10.9895372391], [-540.338867188, -166.392745972, 118.758293152, -7.64231681824, 65.6415252686, 58.098651886, 45.6405334473, 40.403213501, 42.3783798218, 35.9555625916, 19.9234275818, 13.2316179276, 10.2567405701], [-592.884460449, -174.121292114, 128.885498047, -13.7921295166, 67.9763031006, 56.4710235596, 41.6873512268, 38.5462799072, 35.9555625916, 40.0739898682, 22.4295272827, 14.4861536026, 12.3893003464], [-358.832122803, -102.110038757, 77.2356567383, -10.4652967453, 38.6868972778, 32.4985771179, 21.8102836609, 20.9962463379, 19.9234275818, 22.4295272827, 17.7895717621, 10.7268867493, 8.09046077728], [-313.406951904, -76.6824951172, 64.2175292969, -5.85933923721, 30.3683452606, 19.7346954346, 13.7969970703, 12.696723938, 13.2316179276, 14.4861536026, 10.7268867493, 12.3008270264, 7.96723127365], [-272.94631958, -62.1706428528, 60.1535186768, -8.08089828491, 27.6708335876, 15.2087917328, 9.96933746338, 10.9895372391, 10.2567405701, 12.3893003464, 8.09046077728, 7.96723127365, 11.3659563065]]
    },
    "sccoeffs": {
        "kurt": [1.03889703751, 3.78981113434, 3.94287395477, 3.71302509308, 1.31586933136, 0.151722431183],
        "max": [-0.529582202435, -0.618913531303, -0.666981518269, -0.711862146854, -0.746955752373, -0.69145822525],
        "mean": [-0.836585700512, -0.887257874012, -0.90532207489, -0.904020905495, -0.897961199284, -0.865532636642],
        "median": [-0.875689446926, -0.903114497662, -0.917835116386, -0.917647480965, -0.913967490196, -0.897791028023],
        "min": [-0.958584904671, -0.967307031155, -0.972241699696, -0.96199375391, -0.958172798157, -0.957235395908],
        "skew": [1.41832351685, 1.81300163269, 1.84054470062, 1.90099048615, 1.31634914875, 1.24920761585],
        "var": [0.00912329833955, 0.00298239686526, 0.00171307718847, 0.00160444900393, 0.00145673658699, 0.00357833411545],
        "cov": [[0.00913078337908, 0.00376158254221, 0.00290930527262, 0.0028331305366, 0.0027967186179, 0.00472066691145], [0.00376158254221, 0.00298484344967, 0.00156750762835, 0.00146751629654, 0.0013086500112, 0.00200256425887], [0.00290930527262, 0.00156750762835, 0.00171448243782, 0.00131620012689, 0.00123516621534, 0.00184430496302], [0.0028331305366, 0.00146751629654, 0.00131620012689, 0.00160576519556, 0.00125691795256, 0.00191082200035], [0.0027967186179, 0.0013086500112, 0.00123516621534, 0.00125691795256, 0.00145793170668, 0.0019789992366], [0.00472066691145, 0.00200256425887, 0.00184430496302, 0.00191082200035, 0.0019789992366, 0.0035812696442]]
    },
    "scvalleys": {
        "kurt": [3.69478654861, 0.994963169098, 1.18911504745, 1.19815969467, 1.37861394882, 3.01568460464],
        "max": [-4.15252351761, -4.20419979095, -4.04495382309, -4.7219247818, -4.82166910172, -6.83305168152],
        "mean": [-13.4474449158, -12.8056297302, -13.3493967056, -13.6721277237, -13.5063848495, -15.6679077148],
        "median": [-14.195186615, -14.050031662, -14.7933750153, -15.0814428329, -14.8979110718, -16.7519950867],
        "min": [-27.1060295105, -27.1681632996, -27.1298561096, -27.1774120331, -27.3355922699, -27.2635879517],
        "skew": [1.55174267292, 1.22285735607, 1.36072945595, 1.37859678268, 1.37781107426, 1.83297276497],
        "var": [5.48691511154, 9.28573036194, 9.96954727173, 9.54630947113, 8.46201610565, 6.46047019958],
        "cov": [[5.49141645432, 6.72136974335, 6.93456697464, 6.73110580444, 6.2602481842, 5.17249155045], [6.72136974335, 9.2933473587, 9.47256374359, 9.2029914856, 8.52025032043, 6.82062101364], [6.93456697464, 9.47256374359, 9.97772598267, 9.66563796997, 8.99418830872, 7.27183055878], [6.73110580444, 9.2029914856, 9.66563796997, 9.55414104462, 8.90911483765, 7.27360630035], [6.2602481842, 8.52025032043, 8.99418830872, 8.90911483765, 8.468957901, 7.04023694992], [5.17249155045, 6.82062101364, 7.27183055878, 7.27360630035, 7.04023694992, 6.46576976776]]
    }
},
"rhythm": {
    "beats_loudness": {
        "kurt": -0.131472826004,
        "max": 0.0438910461962,
        "mean": 0.00873941648751,
        "median": 2.26121255054e-09,
        "min": 2.23242518221e-11,
        "skew": 1.32401919365,
        "var": 0.000248677097261
    },
    "bpm": 87.8822402954,
    "confidence": 1.50361382961,
    "first_peak_bpm": {
        "kurt": 0,
        "max": 88,
        "mean": 88,
        "median": 88,
        "min": 88,
        "skew": 0,
        "var": 0
    },
    "first_peak_spread": {
        "kurt": 0,
        "max": 0.272727251053,
        "mean": 0.272727251053,
        "median": 0.272727251053,
        "min": 0.272727251053,
        "skew": 0,
        "var": 0
    },
    "first_peak_weight": {
        "kurt": 0,
        "max": 0.195121943951,
        "mean": 0.195121943951,
        "median": 0.195121943951,
        "min": 0.195121943951,
        "skew": 0,
        "var": 0
    },
    "onset_rate": 0.530205726624,
    "second_peak_bpm": {
        "kurt": 0,
        "max": 123,
        "mean": 123,
        "median": 123,
        "min": 123,
        "skew": 0,
        "var": 0
    },
    "second_peak_spread": {
        "kurt": 0,
        "max": 0.285714268684,
        "mean": 0.285714268684,
        "median": 0.285714268684,
        "min": 0.285714268684,
        "skew": 0,
        "var": 0
    },
    "second_peak_weight": {
        "kurt": 0,
        "max": 0.12195122242,
        "mean": 0.12195122242,
        "median": 0.12195122242,
        "min": 0.12195122242,
        "skew": 0,
        "var": 0
    },
    "beats_loudness_band_ratio": {
        "kurt": [0.668956756592, -1.18657124043, 5.89671230316, -0.663429498672, 1.91338682175, 3.0176525116],
        "max": [0.389447033405, 0.440789371729, 0.933874309063, 0.439646810293, 0.603166759014, 0.938747107983],
        "mean": [0.083762794733, 0.14991633594, 0.184194669127, 0.125294581056, 0.174013882875, 0.193780899048],
        "median": [0.0138395866379, 0.0851649492979, 0.175332352519, 0.060110874474, 0.185042738914, 0.144882291555],
        "min": [0, 0, 0, 0, 0, 0],
        "skew": [1.40439021587, 0.52492171526, 1.96421420574, 0.882278323174, 0.747258841991, 1.78107225895],
        "var": [0.0131528750062, 0.019295617938, 0.0309014283121, 0.0173563156277, 0.0148028563708, 0.0478759109974],
        "cov": [[0.0134736765176, 0.00801440607756, 0.000409756408771, -0.00464382208884, -9.49670793489e-05, -0.00438493303955], [0.00801440607756, 0.0197662431747, 0.0141496602446, -0.00237324810587, -0.000636115961242, -0.010351841338], [0.000409756408771, 0.0141496602446, 0.0316551215947, 0.00657421257347, -0.00209847372025, -0.0126510551199], [-0.00464382208884, -0.00237324810587, 0.00657421257347, 0.0177796389908, 0.00471944361925, -0.00322776078247], [-9.49670793489e-05, -0.000636115961242, -0.00209847372025, 0.00471944361925, 0.015163901262, 0.00640891445801], [-0.00438493303955, -0.010351841338, -0.0126510551199, -0.00322776078247, 0.00640891445801, 0.0490436144173]]
    },
    "beats_position": [0.650158703327, 1.31192743778, 1.97369611263, 2.6470746994, 3.32045340538, 4.00544214249, 4.69043064117, 5.3754196167, 6.10684776306, 6.84988641739, 7.60453510284, 8.35918331146, 9.22993183136, 10.0542402267, 10.9482088089, 11.8421764374, 12.5619955063, 13.3746938705, 14.1293420792, 14.8956003189, 15.6734695435, 16.3932876587, 17.0782756805, 17.7632656097, 18.4250335693, 19.1100215912, 19.6905212402, 20.2826309204, 20.851518631, 21.4087982178, 21.942855835, 22.4769153595, 22.9761447906, 23.4869842529, 23.9862117767, 24.4738311768, 24.9614505768, 25.4490699768, 25.9599094391, 26.4475269318, 26.958366394, 27.4459857941],
    "bpm_estimates": [90.6661148071, 90.6661224365, 89.1029205322, 89.1029052734, 87.5926818848, 87.5927124023, 87.5926513672, 83.3542785645, 83.3543930054, 87.5927734375, 87.5925292969, 90.6662216187, 87.5927734375],
    "bpm_intervals": [0.661768734455, 0.66176867485, 0.673378586769, 0.673378705978, 0.684988737106, 0.684988498688, 0.684988975525, 0.731428146362, 0.743038654327, 0.754648685455, 0.754648208618, 0.870748519897, 0.824308395386, 0.893968582153, 0.893967628479, 0.719819068909, 0.812698364258, 0.754648208618, 0.766258239746, 0.777869224548, 0.719818115234, 0.684988021851, 0.684989929199, 0.661767959595, 0.684988021851, 0.580499649048, 0.592109680176, 0.568887710571, 0.557279586792, 0.534057617188, 0.534059524536, 0.499229431152, 0.51083946228, 0.499227523804, 0.487619400024, 0.487619400024, 0.487619400024, 0.51083946228, 0.487617492676, 0.51083946228, 0.487619400024],
    "onset_times": [0.917188227177, 3.21596360207, 5.30575942993, 10.0194101334, 13.3863039017, 16.4165077209, 18.088344574, 19.458322525, 21.4204082489, 22.4885253906, 23.9978237152, 24.9614505768, 25.9715194702, 26.9699764252, 27.7826747894],
    "histogram": [[0, 0, 0, 0, 0, 0, 0, 0, 0, 0, 0, 0, 0, 0, 0, 0, 0, 0, 0, 0, 0, 0, 0, 0, 0, 0, 0, 0, 0, 0, 0, 0, 0, 0, 0, 0, 0, 0, 0, 0, 0, 0, 0, 0, 0, 0, 0, 0, 0, 0, 0, 0, 0, 0, 0, 0, 0, 0, 0, 0, 0, 0, 0, 0, 0, 0, 0, 0.0487804859877, 0, 0.0243902429938, 0, 0, 0, 0.0243902429938, 0.0243902429938, 0, 0, 0.0243902429938, 0.0243902429938, 0, 0.0731707289815, 0.0243902429938, 0.0243902429938, 0.0487804859877, 0, 0, 0, 0, 0.146341457963, 0.0487804859877, 0, 0.0731707289815, 0, 0, 0, 0, 0, 0, 0, 0, 0, 0.0243902429938, 0, 0.0243902429938, 0, 0.0243902429938, 0, 0, 0.0243902429938, 0, 0, 0, 0.0487804859877, 0, 0, 0, 0, 0.0731707289815, 0, 0, 0.0487804859877, 0, 0, 0.12195122242, 0, 0, 0, 0, 0, 0, 0, 0, 0, 0, 0, 0, 0, 0, 0, 0, 0, 0, 0, 0, 0, 0, 0, 0, 0, 0, 0, 0, 0, 0, 0, 0, 0, 0, 0, 0, 0, 0, 0, 0, 0, 0, 0, 0, 0, 0, 0, 0, 0, 0, 0, 0, 0, 0, 0, 0, 0, 0, 0, 0, 0, 0, 0, 0, 0, 0, 0, 0, 0, 0, 0, 0, 0, 0, 0, 0, 0, 0, 0, 0, 0, 0, 0, 0, 0, 0, 0, 0, 0, 0, 0, 0, 0, 0, 0, 0, 0, 0, 0, 0, 0, 0, 0, 0, 0, 0, 0, 0, 0, 0, 0, 0, 0, 0, 0, 0, 0, 0, 0, 0, 0, 0, 0, 0, 0, 0]]
},
"sfx": {
    "inharmonicity": {
        "kurt": 0.757523775101,
        "max": 0.381045311689,
        "mean": 0.0666135624051,
        "median": 0.029853656888,
        "min": 0,
        "skew": 1.27013719082,
        "var": 0.00708680879325
    },
    "oddtoevenharmonicenergyratio": {
        "kurt": 446.005828857,
        "max": 47.0475463867,
        "mean": 0.573041379452,
        "median": 0.150088489056,
        "min": 0,
        "skew": 17.6775074005,
        "var": 2.94346809387
    },
    "pitch_after_max_to_before_max_energy_ratio": 2.81830716133,
    "pitch_centroid": 570.017456055,
    "pitch_max_to_total": 0.243442624807,
    "pitch_min_to_total": 0.660655736923,
    "tristimulus": {
        "kurt": [-1.75030124187, 0.982076883316, -1.49927008152],
        "max": [1, 0.944013476372, 1],
        "mean": [0.528213143349, 0.180585592985, 0.291201144457],
        "median": [0.352920949459, 0.147648006678, 0.307126283646],
        "min": [0, 0, 0],
        "skew": [0.152864858508, 1.14458858967, 0.226325035095],
        "var": [0.164502471685, 0.0397767610848, 0.0803702324629],
        "cov": [[0.164637416601, -0.0620055869222, -0.102632239461], [-0.0620055869222, 0.0398093909025, 0.0221965834498], [-0.102632239461, 0.0221965834498, 0.0804361626506]]
    }
},
"tonal": {
    "chords_changes_rate": 0.080196402967,
    "chords_number_rate": 0.014729950577,
    "chords_strength": {
        "kurt": -0.577080965042,
        "max": 0.710135519505,
        "mean": 0.466481149197,
        "median": 0.466101467609,
        "min": 0.268022418022,
        "skew": 0.269707381725,
        "var": 0.00922314170748
    },
    "key_strength": 0.704393684864,
    "tuning_diatonic_strength": 0.592168450356,
    "tuning_equal_tempered_deviation": 0.216833680868,
    "tuning_frequency": 434.695007324,
    "tuning_nontempered_energy_ratio": 0.873061180115,
    "hpcp": {
