{
"metadata": {
    "version": {
        "essentia": "2.1-beta3"
    }
},
"lowLevel": {
    "average_loudness": 0.99068403244,
    "barkbands_kurtosis": {
        "kurt": 7.96535873413,
        "max": 3.62168598175,
        "mean": -0.61203289032,
        "median": -0.885241746902,
        "min": -1.47696554661,
        "skew": 2.59095954895,
        "var": 1.00958442688
    },
    "barkbands_skewness": {
        "kurt": 1.32246685028,
        "max": 1.40748012066,
        "mean": -0.103272758424,
        "median": -0.131592839956,
        "min": -1.33582389355,
        "skew": 0.415887117386,
        "var": 0.263054579496
    },
    "barkbands_spread": {
        "kurt": 0.25265955925,
        "max": 41.6311035156,
        "mean": 19.5371932983,
        "median": 18.0814495087,
        "min": 4.32118034363,
        "skew": 0.630752503872,
        "var": 63.9484901428
    },
    "dissonance": {
        "kurt": 11.9085636139,
        "max": 0.499987989664,
        "mean": 0.477356791496,
        "median": 0.488809525967,
        "min": 0.30031773448,
        "skew": -3.50374078751,
        "var": 0.00155765691306
    },
    "hfc": {
        "kurt": 8.90905189514,
        "max": 185.650436401,
        "mean": 14.3640432358,
        "median": 0.0516558587551,
        "min": 4.1800419126e-07,
        "skew": 3.14317750931,
        "var": 1698.3659668
    },
    "pitch": {
        "kurt": 6.20751285553,
        "max": 3266.72924805,
        "mean": 563.762573242,
        "median": 284.709533691,
        "min": 115.718154907,
        "skew": 2.65146017075,
        "var": 515657.1875
    },
    "pitch_instantaneous_confidence": {
        "kurt": 1.22594499588,
        "max": 0.383403122425,
        "mean": 0.211854398251,
        "median": 0.204304486513,
        "min": 0.0688445568085,
        "skew": 0.842367291451,
        "var": 0.00393027765676
    },
    "pitch_salience": {
        "kurt": 2.7815618515,
        "max": 0.93173879385,
        "mean": 0.797764778137,
        "median": 0.79675000906,
        "min": 0.732667326927,
        "skew": 1.47860324383,
        "var": 0.00182158092503
    },
    "silence_rate_20dB": {
        "kurt": 0,
        "max": 1,
        "mean": 1,
        "median": 1,
        "min": 1,
        "skew": 0,
        "var": 0
    },
    "silence_rate_30dB": {
        "kurt": 0,
        "max": 1,
        "mean": 1,
        "median": 1,
        "min": 1,
        "skew": 0,
        "var": 0
    },
    "silence_rate_60dB": {
        "kurt": 0.250000953674,
        "max": 1,
        "mean": 0.800000011921,
        "median": 1,
        "min": 0,
        "skew": -1.50000154972,
        "var": 0.159999996424
    },
    "spectral_centroid": {
        "kurt": 0.00590896606445,
        "max": 2365.04418945,
        "mean": 1757.51586914,
        "median": 1789.5246582,
        "min": 695.479919434,
        "skew": -0.516030132771,
        "var": 153106.421875
    },
    "spectral_complexity": {
        "kurt": 3.16387605667,
        "max": 66,
        "mean": 8.53333377838,
        "median": 0,
        "min": 0,
        "skew": 2.17590498924,
        "var": 374.115325928
    },
    "spectral_crest": {
        "kurt": 3.01800632477,
        "max": 9.32329559326,
        "mean": 4.39880084991,
        "median": 4.01552629471,
        "min": 2.82938408852,
        "skew": 1.69770145416,
        "var": 2.07000827789
    },
    "spectral_decrease": {
        "kurt": 7.66513061523,
        "max": -9.19775938241e-17,
        "mean": -1.69088643087e-09,
        "median": -4.76789354525e-12,
        "min": -1.91370226332e-08,
        "skew": -3.02495503426,
        "var": 2.33275553739e-17
    },
    "spectral_energy": {
        "kurt": 7.56763935089,
        "max": 0.0865434855223,
        "mean": 0.00768465362489,
        "median": 2.26804677368e-05,
        "min": 3.85059206742e-10,
        "skew": 3.00909209251,
        "var": 0.000479415728478
    },
    "spectral_energyband_high": {
        "kurt": 14.0933628082,
        "max": 0.0129316532984,
        "mean": 0.000803354312666,
        "median": 1.29988427489e-06,
        "min": 3.67118922068e-12,
        "skew": 3.80565237999,
        "var": 6.63790751787e-06
    },
    "spectral_energyband_low": {
        "kurt": 25.0262470245,
        "max": 0.0113110560924,
        "mean": 0.000386446685297,
        "median": 3.25136575441e-08,
        "min": 5.46617567561e-14,
        "skew": 5.1982421875,
        "var": 4.11602331951e-06
    },
    "spectral_energyband_middle_high": {
        "kurt": 8.25741195679,
        "max": 0.0499628223479,
        "mean": 0.00400085095316,
        "median": 1.94284493773e-05,
        "min": 2.39740505226e-10,
        "skew": 3.03785562515,
        "var": 0.000125164035126
    },
    "spectral_energyband_middle_low": {
        "kurt": 11.8399457932,
        "max": 0.0400206595659,
        "mean": 0.00272741308436,
        "median": 3.19389482684e-06,
        "min": 1.47581308285e-10,
        "skew": 3.5545027256,
        "var": 6.97061914252e-05
    },
    "spectral_flatness_db": {
        "kurt": -0.10950422287,
        "max": 0.289691865444,
        "mean": 0.171228319407,
        "median": 0.171775460243,
        "min": 0.083661198616,
        "skew": 0.325829535723,
        "var": 0.0023306091316
    },
    "spectral_flux": {
        "kurt": 4.09770441055,
        "max": 0.269845247269,
        "mean": 0.0346023514867,
        "median": 0.00374605529942,
        "min": 8.86412744876e-05,
        "skew": 2.29813337326,
        "var": 0.00466310838237
    },
    "spectral_kurtosis": {
        "kurt": 0.871986150742,
        "max": 34.6614646912,
        "mean": 9.9072675705,
        "median": 5.36190843582,
        "min": 2.42121267319,
        "skew": 1.36257791519,
        "var": 72.3478927612
    },
    "spectral_rms": {
        "kurt": 4.72725582123,
        "max": 0.00918872561306,
        "mean": 0.00120491639245,
        "median": 0.000148751365487,
        "min": 6.12917233411e-07,
        "skew": 2.44762468338,
        "var": 6.045399914e-06
    },
    "spectral_rolloff": {
        "kurt": -0.0283463001251,
        "max": 4069.77539062,
        "mean": 3021.82641602,
        "median": 3283.81347656,
        "min": 1248.92578125,
        "skew": -0.842716813087,
        "var": 447583.96875
    },
    "spectral_skewness": {
        "kurt": 2.56337928772,
        "max": 4.33325624466,
        "mean": 1.92124414444,
        "median": 1.53810071945,
        "min": 1.23691272736,
        "skew": 1.84387254715,
        "var": 0.618985712528
    },
    "spectral_spread": {
        "kurt": 2.90594577789,
        "max": 11072755,
        "mean": 3702371,
        "median": 3276445,
        "min": 1345304.125,
        "skew": 1.53416252136,
        "var": 4.37446036685e+12
    },
    "spectral_strongpeak": {
        "kurt": 4.53763532639,
        "max": 0.662828445435,
        "mean": 0.0886002108455,
        "median": 0.0267591588199,
        "min": 0,
        "skew": 2.34448671341,
        "var": 0.0256842337549
    },
    "zerocrossingrate": {
        "kurt": 15.6222782135,
        "max": 0.32568359375,
        "mean": 0.0968912765384,
        "median": 0.0966796875,
        "min": 0.0107421875,
        "skew": 3.5154132843,
        "var": 0.00223904731683
    },
    "barkbands": {
        "kurt": [24.710855484, 25.0159130096, 25.0171833038, 24.9589805603, 16.3352355957, 21.9960231781, 11.3588628769, 7.7682762146, 10.9627380371, 13.1312789917, 19.5678539276, 15.0066223145, 3.77886676788, 7.34087562561, 6.18492603302, 5.44070053101, 10.0143222809, 7.65636444092, 7.89593029022, 11.5734825134, 13.3505020142, 9.61027336121, 11.6504602432, 7.78479576111, 8.25656890869, 9.84109687805, 15.8819522858],
        "max": [4.93080733577e-06, 0.000601080944762, 0.00556223141029, 0.00980986654758, 0.0103527158499, 0.0105830384418, 0.00537961069494, 0.00437848782167, 0.00522983632982, 0.0075178402476, 0.00387180433609, 0.00461631407961, 0.000821041525342, 0.00252763228491, 0.00250838673674, 0.00394661165774, 0.00634206132963, 0.0083568431437, 0.00906907767057, 0.00759796518832, 0.00543325161561, 0.00142579281237, 0.000634260417428, 0.000228379911277, 8.28100601211e-05, 5.42853240404e-06, 1.11252148827e-07],
        "mean": [1.81768243124e-07, 2.07254834095e-05, 0.000191772298422, 0.000342451618053, 0.00057958898833, 0.000536264909897, 0.000401663244702, 0.000364665465895, 0.000376975134714, 0.000463053584099, 0.000205023476155, 0.000274935591733, 0.000103877930087, 0.000240217283135, 0.00024841594859, 0.000388173852116, 0.000467963080155, 0.00068452116102, 0.000750529579818, 0.000522833317518, 0.00034916648292, 0.000103636462882, 4.18321324105e-05, 1.92131865333e-05, 6.59353690935e-06, 3.82873110993e-07, 5.9747193859e-09],
        "median": [9.60122953364e-12, 1.07343396394e-08, 1.18276179961e-08, 1.11346540876e-08, 1.33733180974e-07, 3.88837520404e-07, 5.50058189219e-07, 5.90776721765e-07, 1.01630439531e-06, 5.19041805092e-07, 4.15041256474e-07, 4.14528983583e-07, 1.22365349853e-06, 1.39339840644e-06, 1.98634029402e-06, 2.813832225e-06, 2.2997483029e-06, 1.24459893414e-06, 2.05887226912e-06, 1.62194191944e-06, 4.58688248273e-07, 7.26194997469e-08, 1.36499531678e-08, 1.7637897809e-09, 2.7517921275e-10, 6.76256706883e-12, 1.65446963855e-12],
        "min": [4.371491301e-15, 2.06977803088e-14, 2.84277504694e-14, 1.97749243602e-14, 6.01006050482e-12, 4.08410250063e-11, 3.47177703253e-11, 3.14647023714e-11, 2.50632639642e-11, 1.11022940841e-10, 1.29077642672e-11, 1.71328246729e-11, 2.07804537466e-11, 2.55732136856e-11, 1.60949569644e-11, 1.00616130011e-11, 1.74286748228e-11, 9.17859798583e-12, 2.09792253014e-12, 2.34793564799e-12, 2.16463538717e-13, 4.27918198922e-13, 3.26746848979e-13, 5.43067164589e-13, 5.98255386203e-13, 7.17221150092e-14, 7.61710911902e-14],
        "skew": [5.15314912796, 5.19671821594, 5.19690227509, 5.18844747543, 4.09571933746, 4.7743935585, 3.3784070015, 3.00169944763, 3.39242601395, 3.7449901104, 4.46833610535, 3.93063998222, 2.2655570507, 2.95047211647, 2.77117180824, 2.63017988205, 3.28722023964, 2.96896600723, 3.03623437881, 3.46498823166, 3.70570635796, 3.28068304062, 3.55715608597, 3.05510926247, 3.12174105644, 3.34687018394, 4.08149814606],
        "var": [7.8223761019e-13, 1.16180816079e-08, 9.94853621705e-07, 3.09493293571e-06, 4.01564011554e-06, 3.68727819477e-06, 1.2222061514e-06, 1.0505367527e-06, 1.20327615605e-06, 2.36852929447e-06, 5.17758167007e-07, 8.26291170597e-07, 5.09362365619e-08, 4.18197799945e-07, 4.35251479303e-07, 1.00234387901e-06, 1.86811223557e-06, 3.69177314496e-06, 4.59396142105e-06, 2.47146067522e-06, 1.19658932363e-06, 1.00404498937e-07, 1.7937376029e-08, 3.32876504139e-09, 3.99531463469e-10, 1.49006165479e-12, 4.75302373956e-16],
        "cov": [[8.09211313409e-13, 9.83879713812e-11, 9.10469977189e-10, 1.60825097684e-09, 1.71301750562e-09, 1.7278997122e-09, 4.10072809043e-10, 5.77605963059e-10, 5.0679843655e-10, 2.36969860401e-10, 1.95662097635e-10, 3.80702497305e-10, 1.31589447672e-10, 4.15676965071e-10, 2.47096482164e-10, 4.42062025874e-10, 6.81025624782e-10, 9.75494685029e-10, 1.25021226705e-09, 6.58199994508e-10, 4.70740391112e-10, 1.7501958216e-10, 1.05565833852e-10, 3.83023820993e-11, 1.3861497887e-11, 9.08216373201e-13, 1.85008411179e-14], [9.83879713812e-11, 1.20187051422e-08, 1.11213999787e-07, 1.96050734758e-07, 2.0342275775e-07, 2.08669931112e-07, 4.30944098184e-08, 6.48246327728e-08, 5.49920287085e-08, 1.89606303991e-08, 1.87101925064e-08, 4.03310380648e-08, 1.5143248433e-08, 4.75059422911e-08, 2.69795883412e-08, 4.89686478033e-08, 7.48194963762e-08, 1.0820325258e-07, 1.40808054994e-07, 7.03272746705e-08, 5.02722876661e-08, 1.9484806657e-08, 1.23567822641e-08, 4.3876555722e-09, 1.596548449e-09, 1.05403970274e-10, 2.18851802999e-12], [9.10469977189e-10, 1.11213999787e-07, 1.02915885236e-06, 1.81430175417e-06, 1.88296178294e-06, 1.93157347894e-06, 4.00012510227e-07, 6.00491375735e-07, 5.09536164373e-07, 1.75056769081e-07, 1.73844412643e-07, 3.74151653659e-07, 1.40299249551e-07, 4.40148227199e-07, 2.49375631256e-07, 4.53296962633e-07, 6.93312017574e-07, 1.00187719454e-06, 1.30426474243e-06, 6.51482082503e-07, 4.66134110866e-07, 1.8049559003e-07, 1.1440806702e-07, 4.06147435683e-08, 1.47799639194e-08, 9.75748148946e-10, 2.02610723338e-11], [1.60825097684e-09, 1.96050734758e-07, 1.81430175417e-06, 3.20165463563e-06, 3.35474237545e-06, 3.41766076417e-06, 7.46105627059e-07, 1.09206291654e-06, 9.40666097904e-07, 3.64760950333e-07, 3.4065092791e-07, 6.99982024344e-07, 2.51639676208e-07, 7.9495390537e-07, 4.53743183471e-07, 8.22991978566e-07, 1.27300972963e-06, 1.82804308224e-06, 2.3695879463e-06, 1.20929860259e-06, 8.67507537805e-07, 3.29971697965e-07, 2.0502305631e-07, 7.33182332624e-08, 2.66307615959e-08, 1.75446379647e-09, 3.61959941186e-11], [1.71301750562e-09, 2.0342275775e-07, 1.88296178294e-06, 3.35474237545e-06, 4.15411068388e-06, 3.86458032153e-06, 1.61095545081e-06, 1.81878476724e-06, 1.76928506335e-06, 1.60958961715e-06, 9.07285652829e-07, 1.38771065394e-06, 3.93649145281e-07, 1.21762445815e-06, 9.34218576276e-07, 1.55124075718e-06, 2.28717726714e-06, 3.24106827065e-06, 3.86630517824e-06, 2.42439455178e-06, 1.70223540863e-06, 5.56200802748e-07, 2.73566172382e-07, 1.10365085959e-07, 3.89693362024e-08, 2.44507192271e-09, 4.49494816368e-11], [1.7278997122e-09, 2.08669931112e-07, 1.93157347894e-06, 3.41766076417e-06, 3.86458032153e-06, 3.81442578146e-06, 1.18179400488e-06, 1.47376601944e-06, 1.35196489737e-06, 9.40126540172e-07, 5.91065486333e-07, 1.01772423022e-06, 3.42013976251e-07, 1.02737567431e-06, 7.16026249847e-07, 1.22462290619e-06, 1.77870469997e-06, 2.55988902609e-06, 3.15133775075e-06, 1.79872733952e-06, 1.26403051581e-06, 4.42642459575e-07, 2.44489228862e-07, 9.30468289084e-08, 3.33081899839e-08, 2.13212891786e-09, 4.14654664771e-11], [4.10072809043e-10, 4.30944098184e-08, 4.00012510227e-07, 7.46105627059e-07, 1.61095545081e-06, 1.18179400488e-06, 1.26435122638e-06, 1.13404439617e-06, 1.23617962799e-06, 1.66404493029e-06, 7.91079912688e-07, 1.01077489489e-06, 2.3393940296e-07, 6.90867580033e-07, 7.03990110651e-07, 1.09690529371e-06, 1.53644509737e-06, 2.14934607357e-06, 2.35394418269e-06, 1.77971912763e-06, 1.23072015867e-06, 3.49281066292e-07, 1.24036873217e-07, 6.04293646234e-08, 2.052513004e-08, 1.19151644107e-09, 1.74944763537e-11], [5.77605963059e-10, 6.48246327728e-08, 6.00491375735e-07, 1.09206291654e-06, 1.81878476724e-06, 1.47376601944e-06, 1.13404439617e-06, 1.08676215405e-06, 1.14772615234e-06, 1.42050578233e-06, 6.92749551945e-07, 9.2451097089e-07, 2.26520754154e-07, 6.7945182991e-07, 6.45476177397e-07, 1.0173470173e-06, 1.43955799103e-06, 2.02743126465e-06, 2.27064356295e-06, 1.63213792348e-06, 1.12980876565e-06, 3.33959718546e-07, 1.31832109673e-07, 6.03840888402e-08, 2.07552925957e-08, 1.2362362245e-09, 1.96848596451e-11], [5.0679843655e-10, 5.49920287085e-08, 5.09536164373e-07, 9.40666097904e-07, 1.76928506335e-06, 1.35196489737e-06, 1.23617962799e-06, 1.14772615234e-06, 1.24476844121e-06, 1.60508943736e-06, 7.84999770076e-07, 1.01774185168e-06, 2.32219591112e-07, 7.04766762283e-07, 6.8319559432e-07, 1.07087203105e-06, 1.54529743668e-06, 2.15454952013e-06, 2.39123755819e-06, 1.77787069333e-06, 1.23561437704e-06, 3.5640428564e-07, 1.32590955104e-07, 6.26041369856e-08, 2.1381037385e-08, 1.26229149355e-09, 1.93653027641e-11], [2.36969860401e-10, 1.89606303991e-08, 1.75056769081e-07, 3.64760950333e-07, 1.60958961715e-06, 9.40126540172e-07, 1.66404493029e-06, 1.42050578233e-06, 1.60508943736e-06, 2.45020282819e-06, 1.07199957711e-06, 1.30619673655e-06, 2.82727853573e-07, 8.24641460895e-07, 9.7438623925e-07, 1.45639774018e-06, 1.96473865799e-06, 2.7810406209e-06, 2.92350614473e-06, 2.3615120881e-06, 1.59989338044e-06, 4.38722963736e-07, 1.35229441867e-07, 7.31784055574e-08, 2.43707276582e-08, 1.36212263691e-09, 1.72643132429e-11], [1.95662097635e-10, 1.87101925064e-08, 1.73844412643e-07, 3.4065092791e-07, 9.07285652829e-07, 5.91065486333e-07, 7.91079912688e-07, 6.92749551945e-07, 7.84999770076e-07, 1.07199957711e-06, 5.35611889063e-07, 6.66007963446e-07, 1.30229580009e-07, 4.12878023326e-07, 4.0681626956e-07, 6.37140317394e-07, 9.64484343058e-07, 1.3120368294e-06, 1.44003320202e-06, 1.13227213205e-06, 7.96720883045e-07, 2.20044071852e-07, 7.32008373916e-08, 3.65409142944e-08, 1.23414150011e-08, 7.17592707478e-10, 1.02550086478e-11], [3.80702497305e-10, 4.03310380648e-08, 3.74151653659e-07, 6.99982024344e-07, 1.38771065394e-06, 1.01772423022e-06, 1.01077489489e-06, 9.2451097089e-07, 1.01774185168e-06, 1.30619673655e-06, 6.66007963446e-07, 8.54783934301e-07, 1.78349807811e-07, 5.64972140182e-07, 5.27165809672e-07, 8.36591993902e-07, 1.26395673306e-06, 1.7294051986e-06, 1.93141704585e-06, 1.45591661749e-06, 1.02577405414e-06, 2.91684216336e-07, 1.05870938683e-07, 5.01853278934e-08, 1.71223710765e-08, 1.01371477879e-09, 1.55053643536e-11], [1.31589447672e-10, 1.5143248433e-08, 1.40299249551e-07, 2.51639676208e-07, 3.93649145281e-07, 3.42013976251e-07, 2.3393940296e-07, 2.26520754154e-07, 2.32219591112e-07, 2.82727853573e-07, 1.30229580009e-07, 1.78349807811e-07, 5.26926591249e-08, 1.44204349795e-07, 1.42643699519e-07, 2.23629555762e-07, 2.92293293569e-07, 4.22976199843e-07, 4.71103362543e-07, 3.27786779053e-07, 2.22512667847e-07, 6.73251960848e-08, 2.78299481238e-08, 1.25636576698e-08, 4.33569047331e-09, 2.56966087298e-10, 4.13663070811e-12], [4.15676965071e-10, 4.75059422911e-08, 4.40148227199e-07, 7.9495390537e-07, 1.21762445815e-06, 1.02737567431e-06, 6.90867580033e-07, 6.7945182991e-07, 7.04766762283e-07, 8.24641460895e-07, 4.12878023326e-07, 5.64972140182e-07, 1.44204349795e-07, 4.32618406876e-07, 3.9238270233e-07, 6.26409871529e-07, 8.90485637228e-07, 1.25464543999e-06, 1.42438841522e-06, 9.9448243418e-07, 6.91081822879e-07, 2.0804240819e-07, 8.62261373413e-08, 3.83237299673e-08, 1.32555229015e-08, 7.98129173862e-10, 1.31647878363e-11], [2.47096482164e-10, 2.69795883412e-08, 2.49375631256e-07, 4.53743183471e-07, 9.34218576276e-07, 7.16026249847e-07, 7.03990110651e-07, 6.45476177397e-07, 6.8319559432e-07, 9.7438623925e-07, 4.0681626956e-07, 5.27165809672e-07, 1.42643699519e-07, 3.9238270233e-07, 4.50260159823e-07, 6.77692298723e-07, 8.53352673857e-07, 1.24846349081e-06, 1.33391358759e-06, 9.94769948193e-07, 6.61104479605e-07, 1.92551070199e-07, 7.00286832966e-08, 3.4720198272e-08, 1.17618634832e-08, 6.72665423362e-10, 9.6414725162e-12], [4.42062025874e-10, 4.89686478033e-08, 4.53296962633e-07, 8.22991978566e-07, 1.55124075718e-06, 1.22462290619e-06, 1.09690529371e-06, 1.0173470173e-06, 1.07087203105e-06, 1.45639774018e-06, 6.37140317394e-07, 8.36591993902e-07, 2.23629555762e-07, 6.26409871529e-07, 6.77692298723e-07, 1.03690751985e-06, 1.3433722188e-06, 1.94392896447e-06, 2.10980056181e-06, 1.54733629643e-06, 1.041548785e-06, 3.05177593418e-07, 1.14663642137e-07, 5.51966152784e-08, 1.88037247995e-08, 1.08922248998e-09, 1.62397872927e-11], [6.81025624782e-10, 7.48194963762e-08, 6.93312017574e-07, 1.27300972963e-06, 2.28717726714e-06, 1.77870469997e-06, 1.53644509737e-06, 1.43955799103e-06, 1.54529743668e-06, 1.96473865799e-06, 9.64484343058e-07, 1.26395673306e-06, 2.92293293569e-07, 8.90485637228e-07, 8.53352673857e-07, 1.3433722188e-06, 1.93252981262e-06, 2.6972629712e-06, 3.00687247545e-06, 2.20897914005e-06, 1.53546750425e-06, 4.46273674015e-07, 1.69421383589e-07, 7.9104935935e-08, 2.70829154658e-08, 1.60469892929e-09, 2.49824952392e-11], [9.75494685029e-10, 1.0820325258e-07, 1.00187719454e-06, 1.82804308224e-06, 3.24106827065e-06, 2.55988902609e-06, 2.14934607357e-06, 2.02743126465e-06, 2.15454952013e-06, 2.7810406209e-06, 1.3120368294e-06, 1.7294051986e-06, 4.22976199843e-07, 1.25464543999e-06, 1.24846349081e-06, 1.94392896447e-06, 2.6972629712e-06, 3.81907557312e-06, 4.22671018896e-06, 3.08625203616e-06, 2.12028430724e-06, 6.21455455985e-07, 2.38139264752e-07, 1.11598154717e-07, 3.81871494426e-08, 2.25251262087e-09, 3.48847166431e-11], [1.25021226705e-09, 1.40808054994e-07, 1.30426474243e-06, 2.3695879463e-06, 3.86630517824e-06, 3.15133775075e-06, 2.35394418269e-06, 2.27064356295e-06, 2.39123755819e-06, 2.92350614473e-06, 1.44003320202e-06, 1.93141704585e-06, 4.71103362543e-07, 1.42438841522e-06, 1.33391358759e-06, 2.10980056181e-06, 3.00687247545e-06, 4.22671018896e-06, 4.75237402497e-06, 3.39823009199e-06, 2.35710672314e-06, 6.99198835719e-07, 2.78849796587e-07, 1.26821603885e-07, 4.36528040382e-08, 2.6093398553e-09, 4.19389800665e-11], [6.58199994508e-10, 7.03272746705e-08, 6.51482082503e-07, 1.20929860259e-06, 2.42439455178e-06, 1.79872733952e-06, 1.77971912763e-06, 1.63213792348e-06, 1.77787069333e-06, 2.3615120881e-06, 1.13227213205e-06, 1.45591661749e-06, 3.27786779053e-07, 9.9448243418e-07, 9.94769948193e-07, 1.54733629643e-06, 2.20897914005e-06, 3.08625203616e-06, 3.39823009199e-06, 2.55668351201e-06, 1.76940079655e-06, 5.06855371896e-07, 1.83983601687e-07, 8.84593731598e-08, 3.01083460386e-08, 1.76485948078e-09, 2.64805503913e-11], [4.70740391112e-10, 5.02722876661e-08, 4.66134110866e-07, 8.67507537805e-07, 1.70223540863e-06, 1.26403051581e-06, 1.23072015867e-06, 1.12980876565e-06, 1.23561437704e-06, 1.59989338044e-06, 7.96720883045e-07, 1.02577405414e-06, 2.22512667847e-07, 6.91081822879e-07, 6.61104479605e-07, 1.041548785e-06, 1.53546750425e-06, 2.12028430724e-06, 2.35710672314e-06, 1.76940079655e-06, 1.23785105188e-06, 3.53729348035e-07, 1.29156148887e-07, 6.13596355947e-08, 2.09289865438e-08, 1.23520649264e-09, 1.88249242583e-11], [1.7501958216e-10, 1.9484806657e-08, 1.8049559003e-07, 3.29971697965e-07, 5.56200802748e-07, 4.42642459575e-07, 3.49281066292e-07, 3.33959718546e-07, 3.5640428564e-07, 4.38722963736e-07, 2.20044071852e-07, 2.91684216336e-07, 6.73251960848e-08, 2.0804240819e-07, 1.92551070199e-07, 3.05177593418e-07, 4.46273674015e-07, 6.21455455985e-07, 6.99198835719e-07, 5.06855371896e-07, 3.53729348035e-07, 1.03866724999e-07, 4.05886950716e-08, 1.85865651758e-08, 6.38693631316e-09, 3.8195524521e-10, 6.09537940954e-12], [1.05565833852e-10, 1.23567822641e-08, 1.1440806702e-07, 2.0502305631e-07, 2.73566172382e-07, 2.44489228862e-07, 1.24036873217e-07, 1.31832109673e-07, 1.32590955104e-07, 1.35229441867e-07, 7.32008373916e-08, 1.05870938683e-07, 2.78299481238e-08, 8.62261373413e-08, 7.00286832966e-08, 1.14663642137e-07, 1.69421383589e-07, 2.38139264752e-07, 2.78849796587e-07, 1.83983601687e-07, 1.29156148887e-07, 4.05886950716e-08, 1.85559070331e-08, 7.77209852032e-09, 2.72138556134e-09, 1.68354163943e-10, 2.97484779865e-12], [3.83023820993e-11, 4.3876555722e-09, 4.06147435683e-08, 7.33182332624e-08, 1.10365085959e-07, 9.30468289084e-08, 6.04293646234e-08, 6.03840888402e-08, 6.26041369856e-08, 7.31784055574e-08, 3.65409142944e-08, 5.01853278934e-08, 1.25636576698e-08, 3.83237299673e-08, 3.4720198272e-08, 5.51966152784e-08, 7.9104935935e-08, 1.11598154717e-07, 1.26821603885e-07, 8.84593731598e-08, 6.13596355947e-08, 1.85865651758e-08, 7.77209852032e-09, 3.44355011173e-09, 1.19148568789e-09, 7.20352250072e-11, 1.19576527499e-12], [1.3861497887e-11, 1.596548449e-09, 1.47799639194e-08, 2.66307615959e-08, 3.89693362024e-08, 3.33081899839e-08, 2.052513004e-08, 2.07552925957e-08, 2.1381037385e-08, 2.43707276582e-08, 1.23414150011e-08, 1.71223710765e-08, 4.33569047331e-09, 1.32555229015e-08, 1.17618634832e-08, 1.88037247995e-08, 2.70829154658e-08, 3.81871494426e-08, 4.36528040382e-08, 3.01083460386e-08, 2.09289865438e-08, 6.38693631316e-09, 2.72138556134e-09, 1.19148568789e-09, 4.1330841527e-10, 2.51055669309e-11, 4.2241245766e-13], [9.08216373201e-13, 1.05403970274e-10, 9.75748148946e-10, 1.75446379647e-09, 2.44507192271e-09, 2.13212891786e-09, 1.19151644107e-09, 1.2362362245e-09, 1.26229149355e-09, 1.36212263691e-09, 7.17592707478e-10, 1.01371477879e-09, 2.56966087298e-10, 7.98129173862e-10, 6.72665423362e-10, 1.08922248998e-09, 1.60469892929e-09, 2.25251262087e-09, 2.6093398553e-09, 1.76485948078e-09, 1.23520649264e-09, 3.8195524521e-10, 1.68354163943e-10, 7.20352250072e-11, 2.51055669309e-11, 1.54144307995e-12, 2.6628410238e-14], [1.85008411179e-14, 2.18851802999e-12, 2.02610723338e-11, 3.61959941186e-11, 4.49494816368e-11, 4.14654664771e-11, 1.74944763537e-11, 1.96848596451e-11, 1.93653027641e-11, 1.72643132429e-11, 1.02550086478e-11, 1.55053643536e-11, 4.13663070811e-12, 1.31647878363e-11, 9.6414725162e-12, 1.62397872927e-11, 2.49824952392e-11, 3.48847166431e-11, 4.19389800665e-11, 2.64805503913e-11, 1.88249242583e-11, 6.09537940954e-12, 2.97484779865e-12, 1.19576527499e-12, 4.2241245766e-13, 2.6628410238e-14, 4.91692090909e-16]]
    },
    "mfcc": {
        "kurt": [-0.529023885727, -1.11607182026, -0.991096496582, -0.462360858917, -0.589128255844, -1.17377603054, -1.01295566559, -0.874927759171, -0.0786192417145, -0.553596258163, -0.295550584793, -0.650321960449, -0.68664264679],
        "max": [-497.64239502, 98.9494094849, 12.3814697266, 42.7857398987, 20.1348266602, 4.88549041748, 9.9839553833, 11.5949764252, 10.2367897034, 16.8097476959, 8.57437515259, 3.57264709473, 9.93470001221],
        "mean": [-916.66027832, 54.3106651306, -52.2134208679, 2.06154417992, -15.234954834, -16.5190467834, -9.06886863708, -10.8474340439, -6.65684318542, -0.761556684971, -4.83433961868, -4.91299772263, -2.77998638153],
        "median": [-972.628051758, 61.6588668823, -65.9180908203, 8.01086425781e-05, -10.2126693726, -17.9605064392, -7.96784496307, -12.246512413, -5.622215271, -2.07682037354, -2.73658752441, -4.98030471802, -1.40481948853],
        "min": [-1138.42004395, 1.14440917969e-05, -104.539077759, -41.9212112427, -48.2780227661, -36.6900138855, -27.0259284973, -33.5387268066, -23.1560764313, -15.7621917725, -20.169090271, -15.9338378906, -16.6388168335],
        "skew": [0.791365087032, -0.346110343933, 0.558012604713, -0.0723571404815, -0.270261436701, 0.135031163692, -0.0892071276903, -0.206081658602, -0.229114383459, 0.189034000039, -0.416975945234, -0.380701959133, -0.273275882006],
        "var": [38110.0429688, 890.051025391, 1049.00244141, 390.147460938, 267.854644775, 130.733459473, 91.369392395, 131.236175537, 56.4497756958, 69.3871536255, 41.9412384033, 25.3989009857, 45.2843894958],
        "cov": [[39424.1796875, 4637.27441406, -3034.84399414, 2948.07226562, -2142.88525391, -983.729675293, -1157.85205078, -844.391723633, -992.295471191, -1050.02539062, -833.593933105, -418.9921875, -846.775817871], [4637.27441406, 920.742431641, -709.008850098, 348.178924561, -367.762512207, -224.531723022, -189.811569214, -242.525588989, -147.941604614, -129.454833984, -108.454940796, -63.7701721191, -96.2183914185], [-3034.84399414, -709.008850098, 1085.17492676, -116.777320862, 254.38381958, 273.211853027, 155.879928589, 256.83102417, 114.535385132, 22.4400463104, 50.7484092712, 41.0459899902, 15.1824636459], [2948.07226562, 348.178924561, -116.777320862, 403.600830078, -129.041671753, -33.9135704041, -75.0662078857, -52.9787445068, -84.1951293945, -121.373245239, -72.8670883179, -0.879944086075, -83.0358276367], [-2142.88525391, -367.762512207, 254.38381958, -129.041671753, 277.091033936, 96.3972625732, 121.694396973, 120.044517517, 46.2657089233, 76.9747619629, 52.5442695618, 44.7824440002, 61.5840682983], [-983.729675293, -224.531723022, 273.211853027, -33.9135704041, 96.3972625732, 135.241500854, 70.5659103394, 91.0675430298, 29.3190746307, 18.1870441437, 38.0972633362, 15.7924509048, -0.0382708832622], [-1157.85205078, -189.811569214, 155.879928589, -75.0662078857, 121.694396973, 70.5659103394, 94.5200653076, 80.3291702271, 19.9945926666, 39.5024871826, 30.3007335663, 16.415096283, 22.9723072052], [-844.391723633, -242.525588989, 256.83102417, -52.9787445068, 120.044517517, 91.0675430298, 80.3291702271, 135.761566162, 34.7805938721, 13.743979454, 26.294336319, 17.7308425903, 8.60777378082], [-992.295471191, -147.941604614, 114.535385132, -84.1951293945, 46.2657089233, 29.3190746307, 19.9945926666, 34.7805938721, 58.396320343, 30.1317596436, 23.0557804108, 13.8812475204, 23.3073387146], [-1050.02539062, -129.454833984, 22.4400463104, -121.373245239, 76.9747619629, 18.1870441437, 39.5024871826, 13.743979454, 30.1317596436, 71.7798080444, 41.6784515381, 12.5585622787, 41.0933113098], [-833.593933105, -108.454940796, 50.7484092712, -72.8670883179, 52.5442695618, 38.0972633362, 30.3007335663, 26.294336319, 23.0557804108, 41.6784515381, 43.3874893188, 14.7225656509, 23.0993518829], [-418.9921875, -63.7701721191, 41.0459899902, -0.879944086075, 44.7824440002, 15.7924509048, 16.415096283, 17.7308425903, 13.8812475204, 12.5585622787, 14.7225656509, 26.2747249603, 14.8832712173], [-846.775817871, -96.2183914185, 15.1824636459, -83.0358276367, 61.5840682983, -0.0382708832622, 22.9723072052, 8.60777378082, 23.3073387146, 41.0933113098, 23.0993518829, 14.8832712173, 46.8459205627]]
    },
    "sccoeffs": {
        "kurt": [-0.0632066726685, -0.223628044128, -0.408819913864, -0.0246498584747, 2.10219287872, 0.602875471115],
        "max": [-0.438183635473, -0.746243774891, -0.758516311646, -0.784113109112, -0.764537751675, -0.71047359705],
        "mean": [-0.740898013115, -0.853427112103, -0.868924379349, -0.866897642612, -0.851263940334, -0.792776167393],
        "median": [-0.75677216053, -0.858073413372, -0.876518666744, -0.868075966835, -0.858655452728, -0.774762988091],
        "min": [-0.972112059593, -0.960035562515, -0.945484697819, -0.978723704815, -0.977538228035, -0.937617182732],
        "skew": [0.647448420525, 0.292044788599, 0.471315473318, -0.158939197659, -0.226476594806, -1.22190451622],
        "var": [0.0143498275429, 0.00252637383528, 0.00209432770498, 0.00185258849524, 0.00159460084978, 0.00350273656659],
        "cov": [[0.01484464854, 0.00422627804801, 0.00456007523462, 0.00458219833672, 0.00375616759993, 0.00378333497792], [0.00422627804801, 0.00261349021457, 0.00143345969263, 0.00172198179644, 0.00159431272186, 0.00166272220667], [0.00456007523462, 0.00143345969263, 0.00216654594988, 0.00142002641223, 0.00134214491118, 0.00152721907943], [0.00458219833672, 0.00172198179644, 0.00142002641223, 0.00191647082102, 0.00150373298675, 0.00175097608007], [0.00375616759993, 0.00159431272186, 0.00134214491118, 0.00150373298675, 0.00164958706591, 0.00144322763663], [0.00378333497792, 0.00166272220667, 0.00152721907943, 0.00175097608007, 0.00144322763663, 0.00362352048978]]
    },
    "scvalleys": {
        "kurt": [0.138223648071, -0.745516061783, -0.173267602921, -0.0135326385498, -0.154646873474, -1.22197163105],
        "max": [-4.82283735275, -4.16477584839, -4.0952630043, -5.02225446701, -4.80774354935, -7.08974218369],
        "mean": [-10.6800928116, -8.50370597839, -8.6025390625, -8.69127178192, -9.27954673767, -12.8745203018],
        "median": [-10.6074371338, -8.83881950378, -8.96335220337, -8.59454154968, -9.16347408295, -13.2757358551],
        "min": [-16.7752151489, -13.1789093018, -13.6315193176, -14.3568153381, -15.8556900024, -17.0789413452],
        "skew": [-0.0129133742303, 0.231874868274, 0.0236686114222, -0.328949540854, -0.317238658667, 0.362155497074],
        "var": [6.2404923439, 5.55585050583, 4.82449483871, 4.8100605011, 6.76075029373, 10.1776828766],
        "cov": [[6.45568180084, 5.51655197144, 5.15535593033, 5.07728099823, 6.2406129837, 7.55379676819], [5.51655197144, 5.74743175507, 5.19371128082, 5.13829469681, 6.14180898666, 7.45606946945], [5.15535593033, 5.19371128082, 4.99085664749, 4.88090848923, 5.78851318359, 6.68282079697], [5.07728099823, 5.13829469681, 4.88090848923, 4.97592496872, 5.82773447037, 6.51747179031], [6.2406129837, 6.14180898666, 5.78851318359, 5.82773447037, 6.99387979507, 7.99274539948], [7.55379676819, 7.45606946945, 6.68282079697, 6.51747179031, 7.99274539948, 10.5286369324]]
    }
},
"rhythm": {
    "bpm": 0,
    "confidence": 0,
    "first_peak_bpm": {
        "kurt": 0,
        "max": 0,
        "mean": 0,
        "median": 0,
        "min": 0,
        "skew": 0,
        "var": 0
    },
    "first_peak_spread": {
        "kurt": 0,
        "max": 0,
        "mean": 0,
        "median": 0,
        "min": 0,
        "skew": 0,
        "var": 0
    },
    "first_peak_weight": {
        "kurt": 0,
        "max": 0,
        "mean": 0,
        "median": 0,
        "min": 0,
        "skew": 0,
        "var": 0
    },
    "onset_rate": 1.48760330677,
    "second_peak_bpm": {
        "kurt": 0,
        "max": 0,
        "mean": 0,
        "median": 0,
        "min": 0,
        "skew": 0,
        "var": 0
    },
    "second_peak_spread": {
        "kurt": 0,
        "max": 0,
        "mean": 0,
        "median": 0,
        "min": 0,
        "skew": 0,
        "var": 0
    },
    "second_peak_weight": {
        "kurt": 0,
        "max": 0,
        "mean": 0,
        "median": 0,
        "min": 0,
        "skew": 0,
        "var": 0
    },
    "beats_position": [],
    "bpm_estimates": [],
    "bpm_intervals": [],
    "onset_times": [0.0348299331963],
    "histogram": [[0, 0, 0, 0, 0, 0, 0, 0, 0, 0, 0, 0, 0, 0, 0, 0, 0, 0, 0, 0, 0, 0, 0, 0, 0, 0, 0, 0, 0, 0, 0, 0, 0, 0, 0, 0, 0, 0, 0, 0, 0, 0, 0, 0, 0, 0, 0, 0, 0, 0, 0, 0, 0, 0, 0, 0, 0, 0, 0, 0, 0, 0, 0, 0, 0, 0, 0, 0, 0, 0, 0, 0, 0, 0, 0, 0, 0, 0, 0, 0, 0, 0, 0, 0, 0, 0, 0, 0, 0, 0, 0, 0, 0, 0, 0, 0, 0, 0, 0, 0, 0, 0, 0, 0, 0, 0, 0, 0, 0, 0, 0, 0, 0, 0, 0, 0, 0, 0, 0, 0, 0, 0, 0, 0, 0, 0, 0, 0, 0, 0, 0, 0, 0, 0, 0, 0, 0, 0, 0, 0, 0, 0, 0, 0, 0, 0, 0, 0, 0, 0, 0, 0, 0, 0, 0, 0, 0, 0, 0, 0, 0, 0, 0, 0, 0, 0, 0, 0, 0, 0, 0, 0, 0, 0, 0, 0, 0, 0, 0, 0, 0, 0, 0, 0, 0, 0, 0, 0, 0, 0, 0, 0, 0, 0, 0, 0, 0, 0, 0, 0, 0, 0, 0, 0, 0, 0, 0, 0, 0, 0, 0, 0, 0, 0, 0, 0, 0, 0, 0, 0, 0, 0, 0, 0, 0, 0, 0, 0, 0, 0, 0, 0, 0, 0, 0, 0, 0, 0, 0, 0, 0, 0, 0, 0, 0, 0, 0, 0, 0, 0]]
},
"sfx": {
    "inharmonicity": {
        "kurt": -1.34699475765,
        "max": 0.308311402798,
        "mean": 0.145215302706,
        "median": 0.160772353411,
        "min": 0,
        "skew": 0.0781306400895,
        "var": 0.0107884015888
    },
    "oddtoevenharmonicenergyratio": {
        "kurt": 0.965806484222,
        "max": 3.03038096428,
        "mean": 1.00544583797,
        "median": 0.792093455791,
        "min": 0,
        "skew": 1.11813783646,
        "var": 0.539940476418
    },
    "pitch_after_max_to_before_max_energy_ratio": 2.33490943909,
    "pitch_centroid": 13.7645292282,
    "pitch_max_to_total": 0.0333333350718,
    "pitch_min_to_total": 0.300000011921,
    "tristimulus": {
        "kurt": [3.5489859581, 0.517160177231, -0.826005458832],
        "max": [1, 0.715355634689, 0.89414948225],
        "mean": [0.190696373582, 0.295154601336, 0.514149069786],
        "median": [0.0866355895996, 0.258773088455, 0.552627682686],
        "min": [0, 0, 0],
        "skew": [2.10901069641, 0.544446408749, -0.550027966499],
        "var": [0.0663122311234, 0.0228191222996, 0.0706717818975],
        "cov": [[0.0685988590121, -0.00954805593938, -0.0590508021414], [-0.00954805593938, 0.0236059874296, -0.0140579314902], [-0.0590508021414, -0.0140579314902, 0.0731087401509]]
    }
},
"tonal": {
    "chords_changes_rate": 0,
    "chords_number_rate": 0.0625,
    "chords_strength": {
        "kurt": -2,
        "max": 0.495844036341,
        "mean": 0.495843976736,
        "median": 0.495844036341,
        "min": 0.495844036341,
        "skew": 1,
        "var": 3.5527136788e-15
    },
    "key_strength": 0.56531047821,
    "tuning_diatonic_strength": 0.450167536736,
    "tuning_equal_tempered_deviation": 0.241805940866,
    "tuning_frequency": 432.191345215,
    "tuning_nontempered_energy_ratio": 0.882974326611,
    "hpcp": {
        "kurt": [-0.304298400879, 0.129415035248, 0.120663642883, 0.595073699951, -0.545918941498, -0.651850700378, -0.301213979721, -0.650856018066, -0.304905414581, 0.14649438858, -1.11933863163, -0.786086559296, -0.927777767181, -0.639575242996, -0.479855775833, -0.175769329071, 0.260375976562, -1.08578455448, -0.878176450729, -0.945594787598, 0.27738070488, 2.08587646484, 2.16516828537, -1.1626418829, -0.599206447601, 0.205715417862, -1.03210711479, 1.06837415695, -0.585228443146, -1.27219319344, -0.0676891803741, -0.482253313065, -0.843252182007, -0.603519678116, 0.492700338364, -0.107311725616],
        "max": [1, 1, 0.985850930214, 0.827089011669, 0.999610722065, 1, 0.890424966812, 0.899156332016, 0.920583307743, 1, 0.723079502583, 1, 0.987356007099, 0.869231462479, 1, 1, 0.959758043289, 0.897948145866, 1, 0.986180067062, 1, 0.877308309078, 1, 0.882949471474, 0.781973063946, 0.791056513786, 0.633890748024, 0.988165140152, 0.846750974655, 0.742985069752, 1, 0.925954461098, 0.97385340929, 1, 0.98075145483, 1],
        "mean": [0.5122590065, 0.502903819084, 0.414662837982, 0.354449093342, 0.45126786828, 0.507004082203, 0.471024155617, 0.426305025816, 0.424717873335, 0.407525867224, 0.367370665073, 0.446762830019, 0.479344666004, 0.42981672287, 0.43654936552, 0.446269780397, 0.430712252855, 0.50512611866, 0.567662835121, 0.49991902709, 0.37467944622, 0.288185626268, 0.339389383793, 0.394437998533, 0.370266646147, 0.333653092384, 0.333048075438, 0.367136865854, 0.382807821035, 0.437395334244, 0.484515935183, 0.458988070488, 0.533621311188, 0.556668698788, 0.44584402442, 0.457195967436],
        "median": [0.454515218735, 0.48802793026, 0.413255691528, 0.358169853687, 0.366524785757, 0.461151063442, 0.471232056618, 0.3914283216, 0.42248904705, 0.403418421745, 0.383530080318, 0.416756391525, 0.433095157146, 0.420788317919, 0.419761180878, 0.426376461983, 0.432357311249, 0.493553459644, 0.62843978405, 0.462127804756, 0.319233745337, 0.25699108839, 0.34614944458, 0.323568731546, 0.391827583313, 0.288353562355, 0.278652906418, 0.336144447327, 0.394914865494, 0.477804303169, 0.497470229864, 0.437573820353, 0.488941043615, 0.547649145126, 0.443533778191, 0.424902558327],
        "min": [0, 0, 0, 0, 0, 0, 0, 0, 0, 0, 0, 0, 0, 0, 0, 0, 0, 0, 0, 0, 0, 0, 0, 0, 0, 0, 0, 0, 0, 0, 0, 0, 0, 0, 0, 0],
        "skew": [0.161258473992, 0.0460074990988, 0.449456244707, 0.45326924324, 0.55605506897, 0.135876715183, -0.336727023125, 0.141660735011, 0.27596372366, 0.646659731865, -0.116733953357, 0.339662104845, 0.203814834356, -0.0098894611001, 0.382421523333, 0.431786984205, 0.274357765913, -0.165349140763, -0.145888745785, 0.124621480703, 0.969843327999, 1.29842531681, 1.28358495235, 0.335867613554, 0.151631176472, 0.570799589157, 0.0876904651523, 1.05426239967, 0.228515312076, -0.280181914568, -0.00630204565823, 0.239477291703, -0.25660982728, -0.181495532393, 0.345672011375, 0.574383795261],
        "var": [0.0622155740857, 0.0529137924314, 0.0568243600428, 0.0360883921385, 0.0756765007973, 0.0691955015063, 0.0507868938148, 0.0548678450286, 0.0515715628862, 0.0598688572645, 0.0440822690725, 0.0797112137079, 0.0792554467916, 0.0527841821313, 0.067333906889, 0.0670122802258, 0.0502710342407, 0.0683729052544, 0.0813327282667, 0.0785658434033, 0.0694860517979, 0.0404405035079, 0.0513957329094, 0.0779616758227, 0.0409050956368, 0.0349692106247, 0.0316630974412, 0.0543668232858, 0.0532726682723, 0.0530108623207, 0.0572549365461, 0.0734146684408, 0.0768072903156, 0.0747725367546, 0.0511415414512, 0.0633966252208],
