{
"metadata": {
    "version": {
        "essentia": "2.1-beta3"
    }
},
"lowLevel": {
    "average_loudness": 0.109295427799,
    "barkbands_kurtosis": {
        "kurt": 2.00419616699,
        "max": 13.2062721252,
        "mean": 0.692797124386,
        "median": 0.00421094894409,
        "min": -1.78386747837,
        "skew": 1.26565766335,
        "var": 4.32189083099
    },
    "barkbands_skewness": {
        "kurt": 0.288743972778,
        "max": 3.15883350372,
        "mean": 0.652829408646,
        "median": 0.74113959074,
        "min": -1.93781459332,
        "skew": -0.500956833363,
        "var": 0.586344301701
    },
    "barkbands_spread": {
        "kurt": 0.981428384781,
        "max": 62.5884284973,
        "mean": 20.0840835571,
        "median": 17.6429462433,
        "min": 6.29033899307,
        "skew": 1.18755543232,
        "var": 86.8651580811
    },
    "dissonance": {
        "kurt": 13.8153419495,
        "max": 0.499990910292,
        "mean": 0.475760757923,
        "median": 0.481050729752,
        "min": 0.258877664804,
        "skew": -2.47966146469,
        "var": 0.000496341264807
    },
    "hfc": {
        "kurt": 129.73348999,
        "max": 278.525543213,
        "mean": 2.42274951935,
        "median": 0.000167621023138,
        "min": 3.74878211806e-10,
        "skew": 11.0042200089,
        "var": 392.00894165
    },
    "pitch": {
        "kurt": 5.1939239502,
        "max": 5779.92236328,
        "mean": 741.800048828,
        "median": 537.236206055,
        "min": 64.6020965576,
        "skew": 2.5102417469,
        "var": 1010408.75
    },
    "pitch_instantaneous_confidence": {
        "kurt": 4.0908665657,
        "max": 0.959841549397,
        "mean": 0.308004111052,
        "median": 0.267295360565,
        "min": 0.125378191471,
        "skew": 1.94818687439,
        "var": 0.0226404592395
    },
    "pitch_salience": {
        "kurt": 1.4981584549,
        "max": 0.981547832489,
        "mean": 0.728356659412,
        "median": 0.746594011784,
        "min": 0.301595270634,
        "skew": -0.937571763992,
        "var": 0.00605887314305
    },
    "silence_rate_20dB": {
        "kurt": 0,
        "max": 1,
        "mean": 1,
        "median": 1,
        "min": 1,
        "skew": 0,
        "var": 0
    },
    "silence_rate_30dB": {
        "kurt": 0,
        "max": 1,
        "mean": 1,
        "median": 1,
        "min": 1,
        "skew": 0,
        "var": 0
    },
    "silence_rate_60dB": {
        "kurt": 29.9343795776,
        "max": 1,
        "mean": 0.971350610256,
        "median": 1,
        "min": 0,
        "skew": -5.65112781525,
        "var": 0.0278284307569
    },
    "spectral_centroid": {
        "kurt": 1.48445463181,
        "max": 4406.38671875,
        "mean": 1205.74511719,
        "median": 1059.14477539,
        "min": 353.102661133,
        "skew": 1.12679886818,
        "var": 390436.5
    },
    "spectral_complexity": {
        "kurt": 39.5594749451,
        "max": 65,
        "mean": 1.40654838085,
        "median": 0,
        "min": 0,
        "skew": 6.12825870514,
        "var": 49.2747535706
    },
    "spectral_crest": {
        "kurt": 2.94379854202,
        "max": 21.7821617126,
        "mean": 6.4535984993,
        "median": 5.81868028641,
        "min": 2.55341792107,
        "skew": 1.4466739893,
        "var": 7.58240938187
    },
    "spectral_decrease": {
        "kurt": 128.968551636,
        "max": -4.55502417004e-20,
        "mean": -2.23181875758e-10,
        "median": -4.57032584792e-14,
        "min": -2.599368365e-08,
        "skew": -11.0362415314,
        "var": 3.39617860202e-18
    },
    "spectral_energy": {
        "kurt": 119.892250061,
        "max": 0.115399464965,
        "mean": 0.00106209027581,
        "median": 1.86791794476e-07,
        "min": 2.0591999785e-13,
        "skew": 10.7198438644,
        "var": 7.52226187615e-05
    },
    "spectral_energyband_high": {
        "kurt": 157.849151611,
        "max": 0.0233272891492,
        "mean": 0.000166611207533,
        "median": 1.82889914324e-09,
        "min": 3.36573589908e-14,
        "skew": 12.0584659576,
        "var": 2.22840503739e-06
    },
    "spectral_energyband_low": {
        "kurt": 280.433135986,
        "max": 0.0185308363289,
        "mean": 7.54992579459e-05,
        "median": 2.02033909602e-08,
        "min": 1.21910555246e-14,
        "skew": 16.3682594299,
        "var": 9.9544627119e-07
    },
    "spectral_energyband_middle_high": {
        "kurt": 115.152610779,
        "max": 0.0690007731318,
        "mean": 0.000650214497,
        "median": 4.53750708118e-08,
        "min": 5.6118077443e-14,
        "skew": 10.456319809,
        "var": 2.62162739091e-05
    },
    "spectral_energyband_middle_low": {
        "kurt": 247.848587036,
        "max": 0.0367394946516,
        "mean": 0.000205930089578,
        "median": 1.22580829043e-07,
        "min": 1.03594379169e-13,
        "skew": 15.3049154282,
        "var": 4.3526065383e-06
    },
    "spectral_flatness_db": {
        "kurt": 0.810897350311,
        "max": 0.240033060312,
        "mean": 0.151964053512,
        "median": 0.154025241733,
        "min": 0.0404832996428,
        "skew": -0.772144734859,
        "var": 0.00123291672207
    },
    "spectral_flux": {
        "kurt": 63.9340286255,
        "max": 0.309022843838,
        "mean": 0.00636686943471,
        "median": 0.000298144906992,
        "min": 1.18732414194e-05,
        "skew": 7.63325119019,
        "var": 0.000820090237539
    },
    "spectral_kurtosis": {
        "kurt": -0.430994987488,
        "max": 25.5639343262,
        "mean": 8.90227603912,
        "median": 9.10567092896,
        "min": 0.0603828430176,
        "skew": 0.24101382494,
        "var": 24.5504188538
    },
    "spectral_rms": {
        "kurt": 65.1904830933,
        "max": 0.0106106009334,
        "mean": 0.000240152541664,
        "median": 1.34994770633e-05,
        "min": 1.41738336623e-08,
        "skew": 7.56952285767,
        "var": 9.7851159353e-07
    },
    "spectral_rolloff": {
        "kurt": -0.82868719101,
        "max": 6804.4921875,
        "mean": 2119.9765625,
        "median": 2067.1875,
        "min": 473.73046875,
        "skew": 0.380344241858,
        "var": 1423771
    },
    "spectral_skewness": {
        "kurt": -1.06974899769,
        "max": 3.78281807899,
        "mean": 2.18074798584,
        "median": 2.33940219879,
        "min": 0.15675239265,
        "skew": -0.325305700302,
        "var": 0.527581810951
    },
    "spectral_spread": {
        "kurt": 18.1070270538,
        "max": 31567922,
        "mean": 4616201.5,
        "median": 4500518.5,
        "min": 1745589,
        "skew": 2.90030932426,
        "var": 6.58420845773e+12
    },
    "spectral_strongpeak": {
        "kurt": 67.8475875854,
        "max": 2.41029548645,
        "mean": 0.0420624837279,
        "median": 0.00286486279219,
        "min": 2.22453053311e-07,
        "skew": 7.53156423569,
        "var": 0.0326462872326
    },
    "zerocrossingrate": {
        "kurt": 24.6777553558,
        "max": 0.4658203125,
        "mean": 0.0724101811647,
        "median": 0.06689453125,
        "min": 0.01953125,
        "skew": 2.70932197571,
        "var": 0.00114258157555
    },
    "barkbands": {
        "kurt": [226.619049072, 193.558166504, 283.772644043, 278.078857422, 252.455947876, 182.05960083, 300.693023682, 100.700492859, 241.645828247, 183.892242432, 169.391555786, 194.630477905, 209.213165283, 218.261856079, 73.0715484619, 130.466094971, 284.75112915, 114.502563477, 133.453231812, 132.228530884, 145.77166748, 150.83013916, 144.983016968, 149.348831177, 125.101104736, 151.827789307, 158.279403687],
        "max": [8.00056204753e-06, 0.0015219533816, 0.00944645889103, 0.0144060403109, 0.014489017427, 0.00288619799539, 0.00343348155729, 0.00107297068462, 0.0028235365171, 0.00230558216572, 0.00355549482629, 0.0107878930867, 0.0113128703088, 0.00428442796692, 0.00242952350527, 0.00561587465927, 0.0252976492047, 0.00679499749094, 0.0130464974791, 0.0172642059624, 0.00955176353455, 0.00281109078787, 0.000749004480895, 0.000213608363993, 0.000119754084153, 8.11889822216e-06, 1.38020553209e-07],
        "mean": [3.74495208177e-08, 8.43085399538e-06, 3.7992860598e-05, 5.80842097406e-05, 6.72061141813e-05, 2.04748503165e-05, 1.99734240596e-05, 1.47488872244e-05, 1.97721328732e-05, 1.83058727998e-05, 2.63351848844e-05, 6.65041443426e-05, 6.44622195978e-05, 2.78543284367e-05, 3.3858425013e-05, 4.60026603832e-05, 0.000111291497888, 7.34531204216e-05, 0.000110068700451, 0.000133895053295, 7.20735770301e-05, 2.30036148423e-05, 5.64521224078e-06, 1.64159655469e-06, 9.18861530863e-07, 5.38473123868e-08, 8.22946544243e-10],
        "median": [1.04631962816e-11, 5.67796876183e-09, 7.02364566507e-09, 9.28014110002e-09, 1.31971020778e-08, 9.8876178356e-09, 2.15577315998e-08, 3.71701673885e-08, 2.06298196304e-08, 7.69969510372e-09, 4.28217905579e-09, 4.66448213388e-09, 2.6728510516e-09, 2.07172590194e-09, 1.88796867029e-09, 1.85144699572e-09, 2.1208279577e-09, 3.26146420981e-09, 4.41773462256e-09, 1.5333180281e-09, 6.56653065256e-10, 1.85334025904e-10, 3.71079243722e-11, 1.77184725225e-11, 1.78941011314e-11, 2.13934252258e-12, 2.1596991502e-13],
        "min": [8.27637150077e-17, 6.28070187005e-15, 2.34532708128e-15, 1.66040925211e-15, 6.15561924418e-15, 1.13562977788e-14, 2.61188589338e-14, 3.34196239475e-14, 2.19457579957e-14, 6.0848513355e-15, 1.03254004485e-15, 2.3584918791e-15, 1.17916684785e-14, 5.67164071174e-15, 3.3979777e-15, 7.84172853469e-15, 3.40317890581e-15, 3.36078935372e-15, 9.72275069429e-15, 5.73086017321e-15, 1.31401220606e-14, 1.01181151809e-14, 1.35020492864e-15, 3.0674698909e-15, 2.65358375837e-15, 3.18907163487e-16, 5.77208021103e-17],
        "skew": [14.5303459167, 13.4727315903, 16.4985542297, 16.3366088867, 15.4636411667, 12.6398944855, 16.510925293, 9.00269126892, 14.2831602097, 12.390458107, 12.4572916031, 13.5167999268, 13.7879047394, 13.8262557983, 8.34069061279, 10.8085670471, 16.3716564178, 10.2154579163, 11.0712537766, 11.2591543198, 11.7090911865, 11.7808141708, 11.474023819, 11.611533165, 11.0343904495, 12.097650528, 12.1761426926],
        "var": [1.9067603399e-13, 8.65759641755e-09, 2.61919012701e-07, 5.91934053773e-07, 6.35636126844e-07, 2.76893921125e-08, 2.84182171129e-08, 5.78688785779e-09, 2.0532686662e-08, 1.69116365356e-08, 4.69655354607e-08, 4.35882384409e-07, 4.05093743439e-07, 5.51188072961e-08, 4.81641357908e-08, 1.25816768559e-07, 1.64090647559e-06, 2.70536475e-07, 7.54098039124e-07, 1.42018893712e-06, 4.14436414076e-07, 3.56632625653e-08, 2.16461737423e-09, 1.90195054151e-10, 7.40832811763e-11, 3.09887261251e-13, 7.23845967885e-17],
        "cov": [[1.90936513562e-13, 2.02080921441e-11, 6.12105921505e-11, 9.41980590752e-11, 1.07238100344e-10, 2.30386994204e-11, 1.72938694615e-11, 1.77085238834e-11, 2.14041891849e-11, 2.73181373356e-11, 3.25468714479e-11, 8.1504331062e-11, 9.40345093459e-11, 4.02055957971e-11, 7.30181748398e-11, 9.6745410294e-11, 1.7364992777e-10, 1.13846466976e-10, 1.80036555109e-10, 2.04621888877e-10, 1.15569200043e-10, 3.71782049591e-11, 8.88541497324e-12, 2.66838005684e-12, 1.50311447317e-12, 8.42160474929e-14, 1.11877233992e-15], [2.02080921441e-11, 8.66942428956e-09, 4.57619755423e-08, 6.88046881692e-08, 7.17165988817e-08, 1.35429143455e-08, 1.41543390342e-08, 4.87415530159e-09, 1.01789945361e-08, 9.80733094735e-09, 1.81439911984e-08, 5.62252502334e-08, 5.5494254525e-08, 2.05826040656e-08, 1.49164840479e-08, 2.4123373521e-08, 3.68696611019e-08, 3.30264775528e-08, 6.14509758634e-08, 7.78426354486e-08, 4.15890148986e-08, 1.21294796429e-08, 3.17065129707e-09, 8.5814816364e-10, 5.97304650185e-10, 3.5821644262e-11, 5.03471884409e-13], [6.12105921505e-11, 4.57619755423e-08, 2.62276813601e-07, 3.93709058244e-07, 4.04959649813e-07, 7.48532400507e-08, 8.29994988294e-08, 2.44931648297e-08, 5.06252391119e-08, 4.79019917066e-08, 9.54961194566e-08, 3.06530893113e-07, 3.06498890268e-07, 1.13925423761e-07, 6.80892995319e-08, 1.11267830505e-07, 1.31362739353e-07, 1.60654550996e-07, 3.05348947904e-07, 3.75383905293e-07, 2.04467681897e-07, 5.61849340386e-08, 1.5275574583e-08, 4.09308276161e-09, 2.94337310081e-09, 1.77742182084e-10, 2.52805719067e-12], [9.41980590752e-11, 6.88046881692e-08, 3.93709058244e-07, 5.9274270825e-07, 6.10646736732e-07, 1.11494259158e-07, 1.24851609939e-07, 3.68723398481e-08, 7.79605002776e-08, 7.34134815161e-08, 1.45245365957e-07, 4.65887410428e-07, 4.58597440911e-07, 1.71501682189e-07, 1.03360157766e-07, 1.64443804351e-07, 1.88016841207e-07, 2.41994740691e-07, 4.56967001128e-07, 5.60125783977e-07, 3.06235648395e-07, 8.53949231328e-08, 2.29924577155e-08, 6.11745809564e-09, 4.44090275664e-09, 2.68201655329e-10, 3.8090433585e-12], [1.07238100344e-10, 7.17165988817e-08, 4.04959649813e-07, 6.10646736732e-07, 6.36504523754e-07, 1.19652170838e-07, 1.28304634472e-07, 3.7520578644e-08, 8.42246947741e-08, 8.09097358001e-08, 1.5769163042e-07, 4.99195607517e-07, 4.86093426844e-07, 1.81027402846e-07, 1.15120620592e-07, 1.85563777677e-07, 2.82829745402e-07, 2.78909055851e-07, 5.16410636919e-07, 6.49496655569e-07, 3.52899320433e-07, 9.98442999389e-08, 2.64251962534e-08, 7.14793868539e-09, 5.06470154704e-09, 3.08936654037e-10, 4.40969006102e-12], [2.30386994204e-11, 1.35429143455e-08, 7.48532400507e-08, 1.11494259158e-07, 1.19652170838e-07, 2.7727217855e-08, 2.4666874765e-08, 7.52760520584e-09, 1.65965161614e-08, 1.66698832516e-08, 3.20404041076e-08, 9.6871147548e-08, 1.01014137499e-07, 3.71911355046e-08, 2.82506071869e-08, 4.93313869754e-08, 1.13865951334e-07, 7.15518879701e-08, 1.26096125541e-07, 1.65852895861e-07, 8.81013235698e-08, 2.41860416139e-08, 6.41810338209e-09, 1.8612232866e-09, 1.18562826223e-09, 7.32783903001e-11, 1.05458079335e-12], [1.72938694615e-11, 1.41543390342e-08, 8.29994988294e-08, 1.24851609939e-07, 1.28304634472e-07, 2.4666874765e-08, 2.84570411679e-08, 9.28071308692e-09, 1.57907820153e-08, 1.46377274746e-08, 3.00074276538e-08, 9.65900071037e-08, 9.64681348137e-08, 3.74075206366e-08, 2.32705037462e-08, 3.61479699507e-08, 3.78323790073e-08, 5.44335811981e-08, 9.76971250566e-08, 1.12831664012e-07, 6.48693045946e-08, 1.74183973911e-08, 4.79410822152e-09, 1.29767430135e-09, 9.07348918222e-10, 5.50449998082e-11, 7.86726695075e-13], [1.77085238834e-11, 4.87415530159e-09, 2.44931648297e-08, 3.68723398481e-08, 3.7520578644e-08, 7.52760520584e-09, 9.28071308692e-09, 5.79479308982e-09, 5.88078830077e-09, 5.31499688705e-09, 9.1149132686e-09, 2.7622549581e-08, 2.83531687018e-08, 1.20089751476e-08, 1.10517222041e-08, 1.54753685422e-08, 1.09924291891e-08, 1.95585005969e-08, 3.26630491543e-08, 3.25812479218e-08, 2.01583194581e-08, 5.87898751903e-09, 1.55649038103e-09, 4.27352125909e-10, 2.70371891542e-10, 1.5360485453e-11, 2.07596201514e-13], [2.14041891849e-11, 1.01789945361e-08, 5.06252391119e-08, 7.79605002776e-08, 8.42246947741e-08, 1.65965161614e-08, 1.57907820153e-08, 5.88078830077e-09, 2.05607371129e-08, 1.71178129449e-08, 2.67591762082e-08, 7.55845164235e-08, 6.53384404359e-08, 2.39862227858e-08, 2.09758450609e-08, 2.61761652354e-08, 4.22161399172e-08, 3.88210246172e-08, 7.05229012965e-08, 1.05612890877e-07, 4.67892675715e-08, 1.74759478e-08, 4.12427425545e-09, 1.02815345127e-09, 7.6944073335e-10, 4.33113545029e-11, 5.71609816771e-13], [2.73181373356e-11, 9.80733094735e-09, 4.79019917066e-08, 7.34134815161e-08, 8.09097358001e-08, 1.66698832516e-08, 1.46377274746e-08, 5.31499688705e-09, 1.71178129449e-08, 1.69347398327e-08, 2.56579291147e-08, 7.2476630919e-08, 6.64130936912e-08, 2.37882158416e-08, 2.15848086071e-08, 2.99358333677e-08, 7.13532699592e-08, 4.55901201235e-08, 8.29914199585e-08, 1.1826198687e-07, 5.67095241877e-08, 1.94025187028e-08, 4.66697436252e-09, 1.2635800184e-09, 8.50935988339e-10, 5.02634010802e-11, 6.96092760256e-13], [3.25468714479e-11, 1.81439911984e-08, 9.54961194566e-08, 1.45245365957e-07, 1.5769163042e-07, 3.20404041076e-08, 3.00074276538e-08, 9.1149132686e-09, 2.67591762082e-08, 2.56579291147e-08, 4.70296974697e-08, 1.40426450912e-07, 1.2564336771e-07, 4.60344331543e-08, 3.37313821319e-08, 5.65548390341e-08, 1.38397354021e-07, 8.81407729025e-08, 1.58411069151e-07, 2.17869740027e-07, 1.13859492501e-07, 3.5180192981e-08, 8.78972805651e-09, 2.39141861869e-09, 1.64053559626e-09, 1.01936084573e-10, 1.44616295935e-12], [8.1504331062e-11, 5.62252502334e-08, 3.06530893113e-07, 4.65887410428e-07, 4.99195607517e-07, 9.6871147548e-08, 9.65900071037e-08, 2.7622549581e-08, 7.55845164235e-08, 7.2476630919e-08, 1.40426450912e-07, 4.36477847643e-07, 3.9033332655e-07, 1.44073993624e-07, 9.33442905193e-08, 1.64118873158e-07, 3.87241698263e-07, 2.61960366288e-07, 4.75474450923e-07, 6.29967416899e-07, 3.42265138897e-07, 1.02830739479e-07, 2.57884664734e-08, 7.01050018037e-09, 4.89195661757e-09, 3.09337389037e-10, 4.46468730042e-12], [9.40345093459e-11, 5.5494254525e-08, 3.06498890268e-07, 4.58597440911e-07, 4.86093426844e-07, 1.01014137499e-07, 9.64681348137e-08, 2.83531687018e-08, 6.53384404359e-08, 6.64130936912e-08, 1.2564336771e-07, 3.9033332655e-07, 4.05647170965e-07, 1.4500999157e-07, 9.93031861185e-08, 1.71423010897e-07, 3.94173525819e-07, 2.58529240682e-07, 4.74307029208e-07, 6.15922147063e-07, 3.2633374758e-07, 9.07543409312e-08, 2.34584422998e-08, 6.78912526197e-09, 4.48488979288e-09, 2.76345585304e-10, 4.09039425595e-12], [4.02055957971e-11, 2.05826040656e-08, 1.13925423761e-07, 1.71501682189e-07, 1.81027402846e-07, 3.71911355046e-08, 3.74075206366e-08, 1.20089751476e-08, 2.39862227858e-08, 2.37882158416e-08, 4.60344331543e-08, 1.44073993624e-07, 1.4500999157e-07, 5.51941070626e-08, 4.01052879795e-08, 6.47228048933e-08, 1.24708705584e-07, 9.79387166922e-08, 1.72010899746e-07, 2.09519981809e-07, 1.17195490645e-07, 3.27370806019e-08, 8.49609627096e-09, 2.41940689705e-09, 1.58912005777e-09, 9.91042178877e-11, 1.44135918478e-12], [7.30181748398e-11, 1.49164840479e-08, 6.80892995319e-08, 1.03360157766e-07, 1.15120620592e-07, 2.82506071869e-08, 2.32705037462e-08, 1.10517222041e-08, 2.09758450609e-08, 2.15848086071e-08, 3.37313821319e-08, 9.33442905193e-08, 9.93031861185e-08, 4.01052879795e-08, 4.82299320481e-08, 6.63414425617e-08, 1.35224425435e-07, 9.33325523533e-08, 1.46805717804e-07, 1.8292969628e-07, 9.81973755643e-08, 2.92799313684e-08, 7.37677341434e-09, 2.18037854438e-09, 1.29899002665e-09, 7.69119490318e-11, 1.06804582539e-12], [9.6745410294e-11, 2.4123373521e-08, 1.11267830505e-07, 1.64443804351e-07, 1.85563777677e-07, 4.93313869754e-08, 3.61479699507e-08, 1.54753685422e-08, 2.61761652354e-08, 2.99358333677e-08, 5.65548390341e-08, 1.64118873158e-07, 1.71423010897e-07, 6.47228048933e-08, 6.63414425617e-08, 1.25988648847e-07, 3.45315640971e-07, 1.72220083527e-07, 2.84254952021e-07, 3.73761082528e-07, 2.07721001289e-07, 5.70506841768e-08, 1.48965231261e-08, 4.48365611305e-09, 2.66771937874e-09, 1.68367528253e-10, 2.42836827036e-12], [1.7364992777e-10, 3.68696611019e-08, 1.31362739353e-07, 1.88016841207e-07, 2.82829745402e-07, 1.13865951334e-07, 3.78323790073e-08, 1.09924291891e-08, 4.22161399172e-08, 7.13532699592e-08, 1.38397354021e-07, 3.87241698263e-07, 3.94173525819e-07, 1.24708705584e-07, 1.35224425435e-07, 3.45315640971e-07, 1.64314815265e-06, 5.44245494893e-07, 9.24027347082e-07, 1.29931947868e-06, 7.17568525488e-07, 2.03324532322e-07, 4.86877524963e-08, 1.56988981814e-08, 8.6905158625e-09, 6.02520200399e-10, 9.3599347023e-12], [1.13846466976e-10, 3.30264775528e-08, 1.60654550996e-07, 2.41994740691e-07, 2.78909055851e-07, 7.15518879701e-08, 5.44335811981e-08, 1.95585005969e-08, 3.88210246172e-08, 4.55901201235e-08, 8.81407729025e-08, 2.61960366288e-07, 2.58529240682e-07, 9.79387166922e-08, 9.33325523533e-08, 1.72220083527e-07, 5.44245494893e-07, 2.70906070909e-07, 4.3616438461e-07, 5.66242079003e-07, 3.22532173413e-07, 8.94571030585e-08, 2.26235492562e-08, 6.89540424759e-09, 4.12867207089e-09, 2.67352279204e-10, 3.9962577518e-12], [1.80036555109e-10, 6.14509758634e-08, 3.05348947904e-07, 4.56967001128e-07, 5.16410636919e-07, 1.26096125541e-07, 9.76971250566e-08, 3.26630491543e-08, 7.05229012965e-08, 8.29914199585e-08, 1.58411069151e-07, 4.75474450923e-07, 4.74307029208e-07, 1.72010899746e-07, 1.46805717804e-07, 2.84254952021e-07, 9.24027347082e-07, 4.3616438461e-07, 7.55128212404e-07, 9.79747824204e-07, 5.4791405546e-07, 1.55671145308e-07, 3.86777720962e-08, 1.16940066519e-08, 7.00513869134e-09, 4.61901156212e-10, 6.91742756825e-12], [2.04621888877e-10, 7.78426354486e-08, 3.75383905293e-07, 5.60125783977e-07, 6.49496655569e-07, 1.65852895861e-07, 1.12831664012e-07, 3.25812479218e-08, 1.05612890877e-07, 1.1826198687e-07, 2.17869740027e-07, 6.29967416899e-07, 6.15922147063e-07, 2.09519981809e-07, 1.8292969628e-07, 3.73761082528e-07, 1.29931947868e-06, 5.66242079003e-07, 9.79747824204e-07, 1.42212911669e-06, 7.39711140341e-07, 2.1103700476e-07, 5.34268984609e-08, 1.59224970986e-08, 9.99131621882e-09, 6.28562091265e-10, 9.2720900402e-12], [1.15569200043e-10, 4.15890148986e-08, 2.04467681897e-07, 3.06235648395e-07, 3.52899320433e-07, 8.81013235698e-08, 6.48693045946e-08, 2.01583194581e-08, 4.67892675715e-08, 5.67095241877e-08, 1.13859492501e-07, 3.42265138897e-07, 3.2633374758e-07, 1.17195490645e-07, 9.81973755643e-08, 2.07721001289e-07, 7.17568525488e-07, 3.22532173413e-07, 5.4791405546e-07, 7.39711140341e-07, 4.15002574528e-07, 1.15910367526e-07, 2.92548314462e-08, 8.79234907103e-09, 5.38696065533e-09, 3.53475526627e-10, 5.2785571053e-12], [3.71782049591e-11, 1.21294796429e-08, 5.61849340386e-08, 8.53949231328e-08, 9.98442999389e-08, 2.41860416139e-08, 1.74183973911e-08, 5.87898751903e-09, 1.74759478e-08, 1.94025187028e-08, 3.5180192981e-08, 1.02830739479e-07, 9.07543409312e-08, 3.27370806019e-08, 2.92799313684e-08, 5.70506841768e-08, 2.03324532322e-07, 8.94571030585e-08, 1.55671145308e-07, 2.1103700476e-07, 1.15910367526e-07, 3.57119844807e-08, 8.56641424463e-09, 2.49779286143e-09, 1.526537452e-09, 1.0196445771e-10, 1.50160049325e-12], [8.88541497324e-12, 3.17065129707e-09, 1.5275574583e-08, 2.29924577155e-08, 2.64251962534e-08, 6.41810338209e-09, 4.79410822152e-09, 1.55649038103e-09, 4.12427425545e-09, 4.66697436252e-09, 8.78972805651e-09, 2.57884664734e-08, 2.34584422998e-08, 8.49609627096e-09, 7.37677341434e-09, 1.48965231261e-08, 4.86877524963e-08, 2.26235492562e-08, 3.86777720962e-08, 5.34268984609e-08, 2.92548314462e-08, 8.56641424463e-09, 2.16757456428e-09, 6.29809204789e-10, 3.90232623992e-10, 2.53191616978e-11, 3.67903461602e-13], [2.66838005684e-12, 8.5814816364e-10, 4.09308276161e-09, 6.11745809564e-09, 7.14793868539e-09, 1.8612232866e-09, 1.29767430135e-09, 4.27352125909e-10, 1.02815345127e-09, 1.2635800184e-09, 2.39141861869e-09, 7.01050018037e-09, 6.78912526197e-09, 2.41940689705e-09, 2.18037854438e-09, 4.48365611305e-09, 1.56988981814e-08, 6.89540424759e-09, 1.16940066519e-08, 1.59224970986e-08, 8.79234907103e-09, 2.49779286143e-09, 6.29809204789e-10, 1.90454887972e-10, 1.13743993391e-10, 7.43973806172e-12, 1.10609268869e-13], [1.50311447317e-12, 5.97304650185e-10, 2.94337310081e-09, 4.44090275664e-09, 5.06470154704e-09, 1.18562826223e-09, 9.07348918222e-10, 2.70371891542e-10, 7.6944073335e-10, 8.50935988339e-10, 1.64053559626e-09, 4.89195661757e-09, 4.48488979288e-09, 1.58912005777e-09, 1.29899002665e-09, 2.66771937874e-09, 8.6905158625e-09, 4.12867207089e-09, 7.00513869134e-09, 9.99131621882e-09, 5.38696065533e-09, 1.526537452e-09, 3.90232623992e-10, 1.13743993391e-10, 7.41844849439e-11, 4.6509883618e-12, 6.81990000497e-14], [8.42160474929e-14, 3.5821644262e-11, 1.77742182084e-10, 2.68201655329e-10, 3.08936654037e-10, 7.32783903001e-11, 5.50449998082e-11, 1.5360485453e-11, 4.33113545029e-11, 5.02634010802e-11, 1.01936084573e-10, 3.09337389037e-10, 2.76345585304e-10, 9.91042178877e-11, 7.69119490318e-11, 1.68367528253e-10, 6.02520200399e-10, 2.67352279204e-10, 4.61901156212e-10, 6.28562091265e-10, 3.53475526627e-10, 1.0196445771e-10, 2.53191616978e-11, 7.43973806172e-12, 4.6509883618e-12, 3.10310587989e-13, 4.61593865683e-15], [1.11877233992e-15, 5.03471884409e-13, 2.52805719067e-12, 3.8090433585e-12, 4.40969006102e-12, 1.05458079335e-12, 7.86726695075e-13, 2.07596201514e-13, 5.71609816771e-13, 6.96092760256e-13, 1.44616295935e-12, 4.46468730042e-12, 4.09039425595e-12, 1.44135918478e-12, 1.06804582539e-12, 2.42836827036e-12, 9.3599347023e-12, 3.9962577518e-12, 6.91742756825e-12, 9.2720900402e-12, 5.2785571053e-12, 1.50160049325e-12, 3.67903461602e-13, 1.10609268869e-13, 6.81990000497e-14, 4.61593865683e-15, 7.24834812676e-17]]
    },
    "mfcc": {
        "kurt": [4.72799015045, -0.184627771378, 0.186966180801, 1.16192865372, 2.1403222084, 0.906271457672, 1.95927143097, 3.22936439514, 1.81784772873, 4.22139406204, 3.37909412384, 1.78812503815, 0.491861343384],
        "max": [-491.278961182, 113.562232971, 21.4889831543, 53.4599151611, 11.3017272949, 21.9313373566, 22.3465862274, 14.0951786041, 13.3893241882, 19.0356464386, 24.8222770691, 26.949174881, 15.7888336182],
        "mean": [-1060.0267334, 32.0123291016, -12.1643638611, 0.728347480297, -8.38995742798, -8.99579238892, -5.07147407532, -2.03491306305, -0.0525520667434, 2.08773946762, 3.48165011406, 2.28091311455, 0.034600533545],
        "median": [-1123.1159668, 18.4035148621, 4.62094116211, 2.01427078247, -3.58465576172, -5.85250091553, -4.28728866577, -1.03073120117, 0.108299255371, 2.16905975342, 3.35026168823, 1.94761657715, -3.81469726562e-05],
        "min": [-1138.42004395, 1.14440917969e-05, -105.285064697, -36.6373672485, -58.3729782104, -44.2962913513, -32.7543144226, -31.126914978, -21.6811332703, -27.8972034454, -26.157327652, -17.0356445312, -12.6939077377],
        "skew": [2.27746701241, 0.958348095417, -1.29390656948, 0.179583311081, -1.5872092247, -1.00982260704, -0.527177989483, -1.26404953003, -0.958101928234, -1.05360770226, -0.127578526735, 0.157208666205, 0.156044960022],
        "var": [16495.5625, 792.580810547, 1093.20959473, 203.963745117, 171.904678345, 123.778610229, 39.2858200073, 33.762386322, 23.1360206604, 29.242357254, 25.68841362, 23.7175369263, 18.1129875183],
        "cov": [[16518.0976562, 2764.11206055, -3596.41772461, 889.020568848, -1275.56420898, -359.245513916, -270.350036621, -274.607910156, -336.523742676, -327.54119873, -162.985107422, -67.7257080078, 60.8409919739], [2764.11206055, 793.663574219, -798.177612305, 4.74535751343, -282.154602051, -204.237106323, -93.288772583, -79.1770782471, -46.2462768555, -31.6998348236, 14.3565015793, 33.8756446838, 36.9473152161], [-3596.41772461, -798.177612305, 1094.70300293, -83.8605194092, 351.072418213, 219.254272461, 95.3134384155, 96.8343276978, 77.2804718018, 61.5689239502, 15.2397584915, -16.7002429962, -36.8713378906], [889.020568848, 4.74535751343, -83.8605194092, 204.242385864, -34.4932289124, 66.3036193848, 17.977563858, -13.4630479813, -23.999912262, -34.8119888306, -28.0491943359, -30.3973197937, -13.6988105774], [-1275.56420898, -282.154602051, 351.072418213, -34.4932289124, 172.139511108, 77.7190322876, 52.7089424133, 37.0191726685, 23.4173736572, 19.0196495056, -3.80112481117, -6.36870622635, -12.682393074], [-359.245513916, -204.237106323, 219.254272461, 66.3036193848, 77.7190322876, 123.9477005, 38.6802940369, 30.1742229462, 10.8742647171, -7.25131988525, -17.480884552, -23.5821399689, -15.3344020844], [-270.350036621, -93.288772583, 95.3134384155, 17.977563858, 52.7089424133, 38.6802940369, 39.3394889832, 16.7139778137, 5.95817995071, 1.75276279449, -6.69312667847, -7.27031517029, -6.56104135513], [-274.607910156, -79.1770782471, 96.8343276978, -13.4630479813, 37.0191726685, 30.1742229462, 16.7139778137, 33.8085098267, 12.2881069183, 11.2502651215, 4.96142196655, -3.29334592819, -3.96881103516], [-336.523742676, -46.2462768555, 77.2804718018, -23.999912262, 23.4173736572, 10.8742647171, 5.95817995071, 12.2881069183, 23.1676273346, 15.5808963776, 8.00627326965, 4.72671937943, 0.321347951889], [-327.54119873, -31.6998348236, 61.5689239502, -34.8119888306, 19.0196495056, -7.25131988525, 1.75276279449, 11.2502651215, 15.5808963776, 29.2823066711, 18.1033363342, 9.27139663696, 4.51582622528], [-162.985107422, 14.3565015793, 15.2397584915, -28.0491943359, -3.80112481117, -17.480884552, -6.69312667847, 4.96142196655, 8.00627326965, 18.1033363342, 25.7235069275, 14.3254890442, 7.08725976944], [-67.7257080078, 33.8756446838, -16.7002429962, -30.3973197937, -6.36870622635, -23.5821399689, -7.27031517029, -3.29334592819, 4.72671937943, 9.27139663696, 14.3254890442, 23.7499389648, 14.774184227], [60.8409919739, 36.9473152161, -36.8713378906, -13.6988105774, -12.682393074, -15.3344020844, -6.56104135513, -3.96881103516, 0.321347951889, 4.51582622528, 7.08725976944, 14.774184227, 18.1377315521]]
    },
    "sccoeffs": {
        "kurt": [4.92982816696, 2.54578399658, 3.99080467224, 3.82160568237, 0.592666149139, -0.58380651474],
        "max": [-0.491297662258, -0.623287379742, -0.685615360737, -0.73459404707, -0.747167885303, -0.655458986759],
        "mean": [-0.810370087624, -0.864343523979, -0.88530087471, -0.889337539673, -0.872362494469, -0.835914194584],
        "median": [-0.817516565323, -0.86966252327, -0.889010190964, -0.894227325916, -0.873239457607, -0.868863344193],
        "min": [-0.972999513149, -0.970085382462, -0.955308318138, -0.975773990154, -0.980751931667, -0.94469499588],
        "skew": [1.50855576992, 1.01978385448, 1.26882779598, 1.46668839455, 0.7134090662, 0.923402130604],
        "var": [0.00282808509655, 0.00171695102472, 0.000903954263777, 0.000782604212873, 0.00134120194707, 0.00508609088138],
        "cov": [[0.00283194868825, 0.000971860892605, 0.000854706508107, 0.00095510558458, 0.000907634675968, 0.00200568512082], [0.000971860892605, 0.00171929667704, 0.000523086229805, 0.000582676264457, 0.000667188025545, 0.00166654388886], [0.000854706508107, 0.000523086229805, 0.00090518919751, 0.000522478600033, 0.000494226755109, 0.0011391795706], [0.00095510558458, 0.000582676264457, 0.000522478600033, 0.000783673312981, 0.000548982527107, 0.00136800692417], [0.000907634675968, 0.000667188025545, 0.000494226755109, 0.000548982527107, 0.00134303420782, 0.00127653602976], [0.00200568512082, 0.00166654388886, 0.0011391795706, 0.00136800692417, 0.00127653602976, 0.00509303901345]]
    },
    "scvalleys": {
        "kurt": [5.07818031311, 1.07536125183, 0.715211391449, 0.186405420303, 0.911638736725, 6.17492294312],
        "max": [-4.73737478256, -4.44134521484, -4.13436460495, -4.583776474, -4.37790441513, -6.88781261444],
        "mean": [-11.357588768, -10.1763830185, -10.6111249924, -11.3058414459, -11.7817726135, -14.5406599045],
        "median": [-11.4473571777, -10.5136823654, -11.1862640381, -12.0684976578, -12.6505899429, -15.1102190018],
        "min": [-17.3112220764, -16.8186511993, -18.3467273712, -18.0907077789, -18.6161155701, -19.5571575165],
        "skew": [1.0061621666, 0.357805073261, 0.525967895985, 0.668294906616, 1.1457515955, 2.57087039948],
        "var": [1.9959141016, 3.17881417274, 3.8615090847, 4.95208692551, 4.82559871674, 2.91092133522],
        "cov": [[1.99864077568, 2.23679113388, 2.41891241074, 2.64422082901, 2.62649822235, 2.04456973076], [2.23679113388, 3.18315672874, 3.40364861488, 3.78385972977, 3.69032025337, 2.49805426598], [2.41891241074, 3.40364861488, 3.86678433418, 4.30074167252, 4.18582582474, 2.77287530899], [2.64422082901, 3.78385972977, 4.30074167252, 4.95885181427, 4.77960395813, 3.11389636993], [2.62649822235, 3.69032025337, 4.18582582474, 4.77960395813, 4.83219099045, 3.31144666672], [2.04456973076, 2.49805426598, 2.77287530899, 3.11389636993, 3.31144666672, 2.9148979187]]
    }
},
"rhythm": {
    "beats_loudness": {
        "kurt": 14.5932750702,
        "max": 0.113624103367,
        "mean": 0.0057575032115,
        "median": 2.76216525208e-07,
        "min": 4.97771879271e-10,
        "skew": 4.07193231583,
        "var": 0.000600109517109
    },
    "bpm": 172.265609741,
    "confidence": 0.775713324547,
    "first_peak_bpm": {
        "kurt": 0,
        "max": 172,
        "mean": 172,
        "median": 172,
        "min": 172,
        "skew": 0,
        "var": 0
    },
    "first_peak_spread": {
        "kurt": 0,
        "max": 0,
        "mean": 0,
        "median": 0,
        "min": 0,
        "skew": 0,
        "var": 0
    },
    "first_peak_weight": {
        "kurt": 0,
        "max": 0.315789461136,
        "mean": 0.315789461136,
        "median": 0.315789461136,
        "min": 0.315789461136,
        "skew": 0,
        "var": 0
    },
    "onset_rate": 0.235587924719,
    "second_peak_bpm": {
        "kurt": 0,
        "max": 110,
        "mean": 110,
        "median": 110,
        "min": 110,
        "skew": 0,
        "var": 0
    },
    "second_peak_spread": {
        "kurt": 0,
        "max": 0.222222208977,
        "mean": 0.222222208977,
        "median": 0.222222208977,
        "min": 0.222222208977,
        "skew": 0,
        "var": 0
    },
    "second_peak_weight": {
        "kurt": 0,
        "max": 0.184210523963,
        "mean": 0.184210523963,
        "median": 0.184210523963,
        "min": 0.184210523963,
        "skew": 0,
        "var": 0
    },
    "beats_loudness_band_ratio": {
        "kurt": [0.082887172699, -0.0260412693024, -0.570916175842, -1.09671080112, 1.08885717392, 7.10855770111],
        "max": [0.521128237247, 0.289665728807, 0.670319855213, 0.287245452404, 0.775023639202, 0.623631179333],
        "mean": [0.150266617537, 0.105639055371, 0.340985566378, 0.148741289973, 0.195879846811, 0.102185681462],
        "median": [0.117855027318, 0.104215070605, 0.365519404411, 0.132922559977, 0.11562897265, 0.0594396702945],
        "min": [0.00282032904215, 0.0138556631282, 0.0489531420171, 0.0152728734538, 0.019317664206, 0.0108807384968],
        "skew": [0.780600667, 0.667030572891, -0.155060708523, 0.205100670457, 1.26019024849, 2.54757976532],
        "var": [0.0175274144858, 0.00466190231964, 0.0242643579841, 0.00557037815452, 0.0341763533652, 0.0154848787934],
        "cov": [[0.0179886631668, 0.00575840612873, 0.000805373187177, -0.0048733484, -0.0142067987472, -0.0039376784116], [0.00575840612873, 0.00478458404541, 0.00234287721105, -0.00159146334045, -0.00733138620853, -0.00295005436055], [0.000805373187177, 0.00234287721105, 0.024902895093, -0.00111319578718, -0.0173859447241, -0.00957472901791], [-0.0048733484, -0.00159146334045, -0.00111319578718, 0.00571696693078, 0.002420558827, -0.00142741238233], [-0.0142067987472, -0.00733138620853, -0.0173859447241, 0.002420558827, 0.0350757315755, 0.00141522579361], [-0.0039376784116, -0.00295005436055, -0.00957472901791, -0.00142741238233, 0.00141522579361, 0.0158923752606]]
    },
    "beats_position": [0.325079351664, 0.673378646374, 1.02167797089, 1.369977355, 1.71827661991, 2.07818579674, 2.42648530006, 2.7863945961, 3.1811337471, 3.5758728981, 3.97061228752, 4.3653512001, 4.73687076569, 5.11999988556, 5.50312900543, 5.99074840546, 6.47836732864, 6.96598625183, 7.51165533066, 8.05732440948, 8.59138298035, 9.13705158234, 9.682721138, 10.2167797089, 10.7624483109, 11.3081178665, 11.8537864685, 12.3065757751, 12.7593650818, 13.2121543884, 13.572063446, 13.9319725037, 14.2802715302, 14.6285715103, 14.9768705368, 15.3251695633, 15.6734695435, 16.0217685699, 16.3700675964],
    "bpm_estimates": [172.265640259, 172.265625, 172.265594482, 172.265655518, 172.265533447, 172.265777588, 172.265304565, 172.265777588, 172.265777588, 172.265304565, 172.265777588, 172.265777588],
    "bpm_intervals": [0.34829929471, 0.348299324512, 0.348299384117, 0.348299264908, 0.359909176826, 0.348299503326, 0.359909296036, 0.394739151001, 0.394739151001, 0.39473938942, 0.394738912582, 0.371519565582, 0.383129119873, 0.383129119873, 0.487619400024, 0.487618923187, 0.487618923187, 0.545669078827, 0.545669078827, 0.534058570862, 0.54566860199, 0.545669555664, 0.534058570862, 0.54566860199, 0.545669555664, 0.54566860199, 0.452789306641, 0.452789306641, 0.452789306641, 0.359909057617, 0.359909057617, 0.348299026489, 0.348299980164, 0.348299026489, 0.348299026489, 0.348299980164, 0.348299026489, 0.348299026489],
    "onset_times": [0.116099774837, 0.417959183455, 4.36535167694, 10.2167797089],
    "histogram": [[0, 0, 0, 0, 0, 0, 0, 0, 0, 0, 0, 0, 0, 0, 0, 0, 0, 0, 0, 0, 0, 0, 0, 0, 0, 0, 0, 0, 0, 0, 0, 0, 0, 0, 0, 0, 0, 0, 0, 0, 0, 0, 0, 0, 0, 0, 0, 0, 0, 0, 0, 0, 0, 0, 0, 0, 0, 0, 0, 0, 0, 0, 0, 0, 0, 0, 0, 0, 0, 0, 0, 0, 0, 0, 0, 0, 0, 0, 0, 0, 0, 0, 0, 0, 0, 0, 0, 0, 0, 0, 0, 0, 0, 0, 0, 0, 0, 0, 0, 0, 0, 0, 0, 0, 0, 0, 0, 0, 0, 0, 0.184210523963, 0, 0.0526315793395, 0, 0, 0, 0, 0, 0, 0, 0, 0, 0, 0.078947365284, 0, 0, 0, 0, 0, 0, 0, 0, 0, 0.078947365284, 0, 0, 0, 0, 0, 0, 0, 0, 0, 0, 0, 0, 0, 0, 0, 0, 0, 0, 0.105263158679, 0, 0, 0, 0, 0.0526315793395, 0, 0, 0, 0.0263157896698, 0, 0, 0, 0, 0, 0.105263158679, 0, 0, 0, 0, 0.315789461136, 0, 0, 0, 0, 0, 0, 0, 0, 0, 0, 0, 0, 0, 0, 0, 0, 0, 0, 0, 0, 0, 0, 0, 0, 0, 0, 0, 0, 0, 0, 0, 0, 0, 0, 0, 0, 0, 0, 0, 0, 0, 0, 0, 0, 0, 0, 0, 0, 0, 0, 0, 0, 0, 0, 0, 0, 0, 0, 0, 0, 0, 0, 0, 0, 0, 0, 0, 0, 0, 0, 0, 0, 0, 0, 0, 0, 0]]
},
"sfx": {
    "inharmonicity": {
        "kurt": 0.200974702835,
        "max": 0.376722484827,
        "mean": 0.0908816084266,
        "median": 0.0599137470126,
        "min": 0,
        "skew": 1.07539105415,
        "var": 0.00842368975282
    },
    "oddtoevenharmonicenergyratio": {
        "kurt": 39.1091766357,
        "max": 12.4214916229,
        "mean": 0.666813194752,
        "median": 0.331389188766,
        "min": 0,
        "skew": 5.01813173294,
        "var": 1.12540447712
    },
    "pitch_after_max_to_before_max_energy_ratio": 1.03706157207,
    "pitch_centroid": 368.60848999,
    "pitch_max_to_total": 0.572987735271,
    "pitch_min_to_total": 0.858117341995,
    "tristimulus": {
        "kurt": [0.0303881168365, -0.0822553634644, -0.321556806564],
        "max": [1, 0.914152383804, 0.946503281593],
        "mean": [0.3615706563, 0.308300197124, 0.330128967762],
        "median": [0.301571011543, 0.325949519873, 0.30693757534],
        "min": [0, 0, 0],
        "skew": [0.892288088799, -0.102053701878, 0.511211514473],
        "var": [0.0830951109529, 0.0270374137908, 0.0496865361929],
        "cov": [[0.0832086279988, -0.0302642323077, -0.0529443286359], [-0.0302642323077, 0.0270743500441, 0.00318989553489], [-0.0529443286359, 0.00318989553489, 0.0497544147074]]
    }
},
"tonal": {
    "chords_changes_rate": 0.128065392375,
    "chords_number_rate": 0.0354223437607,
    "chords_strength": {
        "kurt": -0.587236166,
        "max": 0.683586061001,
        "mean": 0.470391213894,
        "median": 0.468500882387,
        "min": 0.216208592057,
        "skew": -0.0197623725981,
        "var": 0.0106910942122
    },
    "key_strength": 0.36782759428,
    "tuning_diatonic_strength": 0.486360222101,
    "tuning_equal_tempered_deviation": 0.230543300509,
    "tuning_frequency": 434.193115234,
    "tuning_nontempered_energy_ratio": 0.899385035038,
    "hpcp": {
        "kurt": [0.735038518906, 0.215384483337, 0.205030918121, 0.267161846161, 0.694281339645, 0.427974939346, 0.322292089462, 0.364735126495, 0.256031274796, -0.0186994075775, -0.218955039978, -0.212040662766, -0.466584205627, -0.458424568176, -0.366548538208, -0.67383146286, -0.738011837006, -0.557839632034, -0.428293466568, -0.0277514457703, 0.152288675308, -0.0804553031921, 0.181176662445, -0.217900514603, -0.349461555481, 0.147170543671, 0.569027900696, 0.932802200317, 0.538895130157, 0.774315357208, 0.760695457458, 0.67555141449, 1.05986070633, 0.502689599991, 1.50527667999, 1.54291534424],
        "max": [1, 1, 1, 1, 1, 1, 1, 1, 1, 1, 1, 1, 1, 1, 1, 1, 1, 1, 1, 1, 1, 1, 1, 1, 1, 1, 1, 1, 1, 1, 1, 1, 1, 1, 1, 1],
