{
"metadata": {
    "version": {
        "essentia": "2.1-beta3"
    }
},
"lowLevel": {
    "average_loudness": 0.030714655295,
    "barkbands_kurtosis": {
        "kurt": 3.63337278366,
        "max": 87.825843811,
        "mean": 10.6538600922,
        "median": 2.25809860229,
        "min": -1.7825666666,
        "skew": 1.97098064423,
        "var": 293.460845947
    },
    "barkbands_skewness": {
        "kurt": 0.201138019562,
        "max": 8.42233181,
        "mean": 2.14083075523,
        "median": 1.46437907219,
        "min": -1.54677355289,
        "skew": 0.928533434868,
        "var": 3.1948890686
    },
    "barkbands_spread": {
        "kurt": 5.6116399765,
        "max": 71.1975631714,
        "mean": 14.91056633,
        "median": 14.9138174057,
        "min": 1.13128304482,
        "skew": 1.4867619276,
        "var": 91.3203201294
    },
    "dissonance": {
        "kurt": 5.03014755249,
        "max": 0.5,
        "mean": 0.472606688738,
        "median": 0.476083755493,
        "min": 0.343901485205,
        "skew": -1.66374838352,
        "var": 0.000438494986156
    },
    "hfc": {
        "kurt": 466.819000244,
        "max": 32.6764259338,
        "mean": 0.114496953785,
        "median": 1.49163224705e-05,
        "min": 2.36208575188e-06,
        "skew": 20.4800128937,
        "var": 1.90206599236
    },
    "pitch": {
        "kurt": 13.24401474,
        "max": 4381.14550781,
        "mean": 477.788970947,
        "median": 213.641723633,
        "min": 43.2155303955,
        "skew": 3.70681881905,
        "var": 600158.8125
    },
    "pitch_instantaneous_confidence": {
        "kurt": 2.51634597778,
        "max": 0.720711827278,
        "mean": 0.278710573912,
        "median": 0.260058224201,
        "min": 0.0828673839569,
        "skew": 1.30511820316,
        "var": 0.00985973887146
    },
    "pitch_salience": {
        "kurt": -0.191737651825,
        "max": 0.979514062405,
        "mean": 0.650153815746,
        "median": 0.689756453037,
        "min": 0.22314606607,
        "skew": -0.75949716568,
        "var": 0.0210919994861
    },
    "silence_rate_20dB": {
        "kurt": 0,
        "max": 1,
        "mean": 1,
        "median": 1,
        "min": 1,
        "skew": 0,
        "var": 0
    },
    "silence_rate_30dB": {
        "kurt": 0,
        "max": 1,
        "mean": 1,
        "median": 1,
        "min": 1,
        "skew": 0,
        "var": 0
    },
    "silence_rate_60dB": {
        "kurt": 661.986206055,
        "max": 1,
        "mean": 0.99850076437,
        "median": 1,
        "min": 0,
        "skew": -25.7678394318,
        "var": 0.00149701989722
    },
    "spectral_centroid": {
        "kurt": 3.2205953598,
        "max": 3033.99365234,
        "mean": 687.142028809,
        "median": 654.919494629,
        "min": 68.5689697266,
        "skew": 1.35366356373,
        "var": 265875.40625
    },
    "spectral_complexity": {
        "kurt": 307.281677246,
        "max": 38,
        "mean": 0.148425787687,
        "median": 0,
        "min": 0,
        "skew": 16.3443870544,
        "var": 3.25677371025
    },
    "spectral_crest": {
        "kurt": 0.229724168777,
        "max": 23.2801380157,
        "mean": 9.56823062897,
        "median": 8.5031080246,
        "min": 2.41100287437,
        "skew": 0.925097227097,
        "var": 18.5897254944
    },
    "spectral_decrease": {
        "kurt": 217.40927124,
        "max": -7.1666875332e-16,
        "mean": -1.1386206214e-11,
        "median": -1.62887485076e-14,
        "min": -2.0683073032e-09,
        "skew": -13.8086233139,
        "var": 1.21371290395e-20
    },
    "spectral_energy": {
        "kurt": 267.186309814,
        "max": 0.0107701038942,
        "mean": 5.33593811269e-05,
        "median": 6.33912762282e-08,
        "min": 2.96042412806e-09,
        "skew": 15.1386013031,
        "var": 2.83479124619e-07
    },
    "spectral_energyband_high": {
        "kurt": 584.312194824,
        "max": 0.00214713648893,
        "mean": 5.412146038e-06,
        "median": 1.7673025543e-10,
        "min": 7.74497410649e-11,
        "skew": 23.6763916016,
        "var": 7.33556149157e-09
    },
    "spectral_energyband_low": {
        "kurt": 216.225921631,
        "max": 0.000363225815818,
        "mean": 1.72975956048e-06,
        "median": 9.46839318061e-09,
        "min": 6.46476691624e-11,
        "skew": 14.7394552231,
        "var": 5.49842393838e-10
    },
    "spectral_energyband_middle_high": {
        "kurt": 348.307067871,
        "max": 0.00733071472496,
        "mean": 3.21958505083e-05,
        "median": 1.42971945394e-09,
        "min": 2.89930440767e-10,
        "skew": 17.2636489868,
        "var": 1.11880744669e-07
    },
    "spectral_energyband_middle_low": {
        "kurt": 232.892318726,
        "max": 0.00306605012156,
        "mean": 1.51131062012e-05,
        "median": 1.82810300231e-08,
        "min": 9.60252655169e-10,
        "skew": 14.4236869812,
        "var": 2.574659419e-08
    },
    "spectral_flatness_db": {
        "kurt": 0.213966369629,
        "max": 0.369171977043,
        "mean": 0.177300542593,
        "median": 0.172247543931,
        "min": 0.0732820108533,
        "skew": 0.646173715591,
        "var": 0.00340603501536
    },
    "spectral_flux": {
        "kurt": 70.0754470825,
        "max": 0.101202890277,
        "mean": 0.00160635984503,
        "median": 0.00016363953182,
        "min": 2.88665833068e-05,
        "skew": 7.91906261444,
        "var": 6.51670270599e-05
    },
    "spectral_kurtosis": {
        "kurt": -0.214691877365,
        "max": 24.9467182159,
        "mean": 8.18791103363,
        "median": 6.58786201477,
        "min": 1.18250226974,
        "skew": 0.80593252182,
        "var": 21.7510528564
    },
    "spectral_rms": {
        "kurt": 99.0795288086,
        "max": 0.00324151478708,
        "mean": 4.8657249863e-05,
        "median": 7.86416876508e-06,
        "min": 1.6994760017e-06,
        "skew": 9.16894435883,
        "var": 4.96903567182e-08
    },
    "spectral_rolloff": {
        "kurt": 0.0610756874084,
        "max": 4651.171875,
        "mean": 1166.57080078,
        "median": 839.794921875,
        "min": 64.599609375,
        "skew": 0.946891903877,
        "var": 1074153.125
    },
    "spectral_skewness": {
        "kurt": -0.273041009903,
        "max": 4.49507427216,
        "mean": 2.27287173271,
        "median": 2.14771199226,
        "min": 0.870262444019,
        "skew": 0.391177535057,
        "var": 0.441174834967
    },
    "spectral_spread": {
        "kurt": 8.70225524902,
        "max": 25442536,
        "mean": 5075108.5,
        "median": 5109044.5,
        "min": 2121595.75,
        "skew": 1.16954910755,
        "var": 4.93295711027e+12
    },
    "spectral_strongpeak": {
        "kurt": 141.026138306,
        "max": 0.742249548435,
        "mean": 0.00823415629566,
        "median": 0.00053996645147,
        "min": 0,
        "skew": 11.0849685669,
        "var": 0.0023933975026
    },
    "zerocrossingrate": {
        "kurt": 0.554656505585,
        "max": 0.14599609375,
        "mean": 0.0467900820076,
        "median": 0.04931640625,
        "min": 0.00244140625,
        "skew": 0.586143910885,
        "var": 0.000648821063805
    },
    "barkbands": {
        "kurt": [29.5874519348, 220.23638916, 216.169219971, 216.201278687, 132.931472778, 170.470870972, 140.759307861, 311.554718018, 259.954864502, 489.598114014, 183.580093384, 219.890441895, 107.149688721, 189.251190186, 439.334686279, 226.630966187, 367.775482178, 285.472045898, 560.532775879, 509.481384277, 587.895202637, 242.361083984, 392.674407959, 596.404846191, 276.595001221, 426.416564941, 512.581176758],
        "max": [7.90550274132e-08, 4.31567059422e-05, 0.00020824468811, 0.00017218029825, 2.53616453847e-05, 5.79118641326e-05, 0.000263160443865, 0.000877540325746, 0.00152388843708, 0.00101719726808, 0.000426196347689, 0.000473115826026, 7.6456584793e-05, 0.000102596386569, 0.000264536734903, 0.0002623606415, 0.000932791503146, 0.000861479609739, 0.00390963535756, 0.00163302535657, 0.00098601647187, 8.0781406723e-05, 2.83631234197e-05, 1.17648623927e-05, 6.8644123985e-07, 3.45191786266e-08, 7.69756869357e-10],
        "mean": [3.25113092003e-09, 2.04841043683e-07, 9.98945665742e-07, 8.11472546047e-07, 2.11153945884e-07, 4.68728217129e-07, 2.21024083658e-06, 3.71560008716e-06, 6.6039651756e-06, 2.95055701827e-06, 2.44224679591e-06, 2.52777135756e-06, 8.26310042612e-07, 7.3816187296e-07, 1.07960147488e-06, 1.53359485466e-06, 3.76124785362e-06, 4.24590416515e-06, 1.0219106116e-05, 4.7698704293e-06, 2.48192804975e-06, 4.3194177124e-07, 9.31811499072e-08, 2.64331934119e-08, 3.12725023655e-09, 1.06725454863e-10, 2.06769020308e-12],
        "median": [5.31210464505e-10, 4.37062563918e-09, 1.73566827577e-09, 8.40876812624e-10, 1.55380419642e-09, 9.36214217262e-10, 1.49680823291e-09, 1.14587417333e-09, 6.26232454781e-10, 2.42837777664e-10, 1.59301516423e-10, 1.7678207509e-10, 8.65293878216e-11, 6.92566212712e-11, 8.15686823641e-11, 1.25546628649e-10, 1.00627547961e-10, 1.14998385814e-10, 1.52461279712e-10, 1.23256196916e-10, 7.19604029142e-11, 2.7810226344e-11, 8.15352126093e-12, 5.5416990441e-12, 4.98707065227e-12, 4.33864858103e-13, 1.55694650694e-14],
        "min": [3.668814452e-14, 8.89910627827e-12, 8.332056399e-12, 1.37142510889e-11, 3.89651158561e-11, 2.9933701351e-11, 1.52745125576e-11, 4.33128324873e-11, 2.13444886765e-11, 1.34549819203e-11, 5.13400042965e-12, 1.07546558464e-11, 5.77426648163e-12, 5.74745676399e-12, 8.3974042997e-12, 8.17723493085e-12, 1.19036239199e-11, 1.86057870499e-11, 1.57190736122e-11, 3.01562212701e-11, 2.00182301291e-11, 9.80774489401e-12, 4.5276009504e-12, 2.81381103313e-12, 3.11388371685e-12, 2.65584890234e-13, 9.72213236024e-15],
        "skew": [4.75747442245, 14.8661279678, 14.7496471405, 14.6380567551, 11.2785415649, 12.3266801834, 11.4347028732, 16.5344085693, 15.2200489044, 21.207654953, 13.2019300461, 14.3556623459, 10.126077652, 13.1082344055, 19.6655673981, 14.0444545746, 18.0737915039, 15.9688825607, 23.0808410645, 21.7189426422, 23.7619361877, 14.8111085892, 19.1331272125, 24.0274734497, 16.2682189941, 19.866027832, 22.0298862457],
        "var": [5.48775209559e-17, 7.26231748349e-12, 1.89118998239e-10, 1.11896249211e-10, 3.3791077575e-12, 1.31750573992e-11, 3.39652472814e-10, 1.72602354631e-09, 5.90172488657e-09, 1.80284775997e-09, 6.8076799753e-10, 7.16294079606e-10, 3.9480231584e-11, 4.07925151991e-11, 1.28410254652e-10, 1.92482516037e-10, 1.78142411933e-09, 1.83064619019e-09, 2.48507827649e-08, 4.55097071139e-09, 1.54204371494e-09, 1.89157613184e-11, 1.62379137914e-12, 2.18120294504e-13, 1.49841388331e-15, 2.26709898617e-18, 1.01325737531e-21],
        "cov": [[5.49599180711e-17, 7.52632480536e-15, 3.76822291632e-14, 2.89396192557e-14, 3.67796105258e-15, 3.247645869e-15, 3.06665635811e-14, 5.05043835258e-14, 1.16171273447e-13, 3.42418151125e-14, 5.07140038514e-14, 6.79432096522e-14, 1.22585081463e-14, 3.12193178007e-15, 3.25891500709e-15, 4.13241752219e-15, 1.63694453364e-14, 2.40289830134e-14, 9.025701871e-14, 3.84457649906e-14, 9.87960340843e-15, 2.30833863478e-15, 2.4060783489e-16, 6.19728148613e-17, 1.41416799299e-17, 5.50540189647e-19, 2.87173763444e-21], [7.52632480536e-15, 7.27322152158e-12, 3.70400828065e-11, 2.84353495611e-11, 3.75359682572e-12, 3.67213030816e-12, 3.29112292974e-11, 5.34736699365e-11, 1.19866311321e-10, 3.76097590571e-11, 5.30742845506e-11, 6.89652432384e-11, 1.27901023106e-11, 4.13402992394e-12, 4.23736132987e-12, 5.52014380387e-12, 1.89779303383e-11, 2.71227467569e-11, 9.34829852417e-11, 4.05640590562e-11, 1.0812539232e-11, 2.71149205519e-12, 3.14634359148e-13, 7.25713366896e-14, 1.62901833814e-14, 5.93964384208e-16, 3.94376348213e-18], [3.76822291632e-14, 3.70400828065e-11, 1.89402951656e-10, 1.44879178099e-10, 1.92082027367e-11, 1.91247694764e-11, 1.6934913194e-10, 2.74680916901e-10, 6.11942774231e-10, 1.93183191666e-10, 2.7367380584e-10, 3.52569140549e-10, 6.60884819093e-11, 2.25781008473e-11, 2.374369798e-11, 3.01771455047e-11, 1.04010279556e-10, 1.43875175662e-10, 4.86319040593e-10, 2.11052467169e-10, 6.07754541138e-11, 1.45472635674e-11, 1.81522700517e-12, 4.39490783176e-13, 8.73621108181e-14, 3.21739853421e-15, 2.52032420068e-17], [2.89396192557e-14, 2.84353495611e-11, 1.44879178099e-10, 1.12064260649e-10, 1.57874720241e-11, 1.72039708868e-11, 1.41090764072e-10, 2.42231568137e-10, 5.25572529941e-10, 1.81675965938e-10, 2.22021553919e-10, 2.74111261467e-10, 5.23680925013e-11, 2.05134676606e-11, 2.37545295934e-11, 2.84925208427e-11, 9.54840581602e-11, 1.27866106592e-10, 4.43464154287e-10, 1.9209844826e-10, 6.15143075366e-11, 1.28241627387e-11, 1.89623945886e-12, 5.10602627887e-13, 8.18213769307e-14, 3.10385779104e-15, 3.11641486919e-17], [3.67796105258e-15, 3.75359682572e-12, 1.92082027367e-11, 1.57874720241e-11, 3.38418138998e-12, 5.71307584574e-12, 3.29536745114e-11, 6.88030188378e-11, 1.32110350437e-10, 6.13767162094e-11, 4.48740662684e-11, 4.09716947869e-11, 1.00175145956e-11, 8.15298783347e-12, 1.21015532664e-11, 1.28886719006e-11, 4.10963034436e-11, 4.58750502863e-11, 1.56978263721e-10, 6.79605399734e-11, 3.3232576413e-11, 4.62706912716e-12, 1.12893830569e-12, 3.64319441585e-13, 3.53132270875e-14, 1.4389050542e-15, 2.49694046651e-17], [3.247645869e-15, 3.67213030816e-12, 1.91247694764e-11, 1.72039708868e-11, 5.71307584574e-12, 1.31948401857e-11, 5.83948375765e-11, 1.30129143572e-10, 2.34386760001e-10, 1.18441673136e-10, 6.83613651797e-11, 4.72850127109e-11, 1.72732158438e-11, 2.00258681166e-11, 3.35353446401e-11, 3.58111214294e-11, 1.15085094232e-10, 1.18953458195e-10, 4.10934036799e-10, 1.77568612592e-10, 1.00825417459e-10, 1.20146696411e-11, 3.40365105891e-12, 1.16604957027e-12, 9.73638894118e-14, 4.10081387589e-15, 8.11937195876e-17], [3.06665635811e-14, 3.29112292974e-11, 1.6934913194e-10, 1.41090764072e-10, 3.29536745114e-11, 5.83948375765e-11, 3.4016245376e-10, 6.91978696565e-10, 1.30618627026e-09, 6.23362084173e-10, 4.40989633699e-10, 3.83848675067e-10, 9.6993156562e-11, 8.62246940514e-11, 1.31786997981e-10, 1.4117383651e-10, 4.33956648394e-10, 4.8681503273e-10, 1.71252889647e-09, 7.43984429619e-10, 3.66137203889e-10, 4.91022326965e-11, 1.25104076404e-11, 4.08757793238e-12, 3.82048044459e-13, 1.55937867735e-14, 2.7987567352e-16], [5.05043835258e-14, 5.34736699365e-11, 2.74680916901e-10, 2.42231568137e-10, 6.88030188378e-11, 1.30129143572e-10, 6.91978696565e-10, 1.72861525094e-09, 3.16685166979e-09, 1.71355085676e-09, 9.71743019385e-10, 6.6137628707e-10, 1.62711857876e-10, 1.694932944e-10, 2.70728689467e-10, 2.34133462618e-10, 7.67270524893e-10, 8.022402187e-10, 3.01565572514e-09, 1.26213262064e-09, 6.54544474177e-10, 8.10193162559e-11, 2.07286410259e-11, 7.23513133086e-12, 5.59352531741e-13, 2.62772524009e-14, 4.72991085741e-16], [1.16171273447e-13, 1.19866311321e-10, 6.11942774231e-10, 5.25572529941e-10, 1.32110350437e-10, 2.34386760001e-10, 1.30618627026e-09, 3.16685166979e-09, 5.91058624266e-09, 3.10080094934e-09, 1.87672011265e-09, 1.40739175869e-09, 3.23265525459e-10, 3.00430569311e-10, 4.62078098007e-10, 4.06663480668e-10, 1.32183330948e-09, 1.43031020361e-09, 5.34078736791e-09, 2.24603668997e-09, 1.09796960412e-09, 1.4469900278e-10, 3.50384721237e-11, 1.18990867506e-11, 9.92325254086e-13, 4.53848723468e-14, 7.74819312155e-16], [3.42418151125e-14, 3.76097590571e-11, 1.93183191666e-10, 1.81675965938e-10, 6.13767162094e-11, 1.18441673136e-10, 6.23362084173e-10, 1.71355085676e-09, 3.10080094934e-09, 1.80555470575e-09, 9.25325871481e-10, 5.27541788031e-10, 1.18256987536e-10, 1.44955866754e-10, 2.14273210286e-10, 1.59210894468e-10, 5.04903341358e-10, 5.31059030084e-10, 1.97331173624e-09, 8.1115542061e-10, 4.06048472623e-10, 5.5310939856e-11, 1.31161028219e-11, 4.35716653729e-12, 3.35730683705e-13, 1.66695626622e-14, 2.77434101049e-16], [5.07140038514e-14, 5.30742845506e-11, 2.7367380584e-10, 2.22021553919e-10, 4.48740662684e-11, 6.83613651797e-11, 4.40989633699e-10, 9.71743019385e-10, 1.87672011265e-09, 9.25325871481e-10, 6.81790179868e-10, 6.0250965328e-10, 1.20929752323e-10, 8.67073080002e-11, 1.18740656196e-10, 1.06622044527e-10, 3.22664478469e-10, 3.86826681797e-10, 1.41569511669e-09, 6.00438976317e-10, 2.4582522129e-10, 4.06664493746e-11, 7.93616214412e-12, 2.43035778134e-12, 2.43197958516e-13, 1.06471338433e-14, 1.51837789401e-16], [6.79432096522e-14, 6.89652432384e-11, 3.52569140549e-10, 2.74111261467e-10, 4.09716947869e-11, 4.72850127109e-11, 3.83848675067e-10, 6.6137628707e-10, 1.40739175869e-09, 5.27541788031e-10, 6.0250965328e-10, 7.1736955265e-10, 1.38271713523e-10, 6.25628368556e-11, 7.54468224007e-11, 9.69084396063e-11, 2.7373553424e-10, 3.67822355907e-10, 1.25082388891e-09, 5.57921153721e-10, 1.73487918476e-10, 3.74861669483e-11, 5.82520360073e-12, 1.50922904816e-12, 2.40415489166e-13, 8.69849897271e-15, 8.91029956117e-17], [1.22585081463e-14, 1.27901023106e-11, 6.60884819093e-11, 5.23680925013e-11, 1.00175145956e-11, 1.72732158438e-11, 9.6993156562e-11, 1.62711857876e-10, 3.23265525459e-10, 1.18256987536e-10, 1.20929752323e-10, 1.38271713523e-10, 3.95395105546e-11, 3.13941581065e-11, 4.75900187313e-11, 6.27318474944e-11, 1.92257779141e-10, 2.10763240194e-10, 6.50594356166e-10, 2.93012669683e-10, 1.50093215634e-10, 2.14220828576e-11, 5.35392997297e-12, 1.68861636913e-12, 1.73733138878e-13, 6.53493796213e-15, 1.18546562307e-16], [3.12193178007e-15, 4.13402992394e-12, 2.25781008473e-11, 2.05134676606e-11, 8.15298783347e-12, 2.00258681166e-11, 8.62246940514e-11, 1.694932944e-10, 3.00430569311e-10, 1.44955866754e-10, 8.67073080002e-11, 6.25628368556e-11, 3.13941581065e-11, 4.08537648156e-11, 6.1519192518e-11, 8.00598476403e-11, 2.37613095866e-10, 2.51302229026e-10, 7.11962100386e-10, 3.24279381125e-10, 1.88079871122e-10, 2.59860813423e-11, 7.12916227788e-12, 2.20405876709e-12, 2.24229977034e-13, 8.22875482895e-15, 1.61560496791e-16], [3.25891500709e-15, 4.23736132987e-12, 2.374369798e-11, 2.37545295934e-11, 1.21015532664e-11, 3.35353446401e-11, 1.31786997981e-10, 2.70728689467e-10, 4.62078098007e-10, 2.14273210286e-10, 1.18740656196e-10, 7.54468224007e-11, 4.75900187313e-11, 6.1519192518e-11, 1.28603058758e-10, 1.43137016129e-10, 4.54777021597e-10, 4.43355185897e-10, 1.67285452157e-09, 7.18732962035e-10, 4.26666840747e-10, 4.34983819797e-11, 1.34356510292e-11, 5.02295817786e-12, 3.56428563964e-13, 1.6013315416e-14, 3.39102070076e-16], [4.13241752219e-15, 5.52014380387e-12, 3.01771455047e-11, 2.84925208427e-11, 1.28886719006e-11, 3.58111214294e-11, 1.4117383651e-10, 2.34133462618e-10, 4.06663480668e-10, 1.59210894468e-10, 1.06622044527e-10, 9.69084396063e-11, 6.27318474944e-11, 8.00598476403e-11, 1.43137016129e-10, 1.92771520968e-10, 5.56934609541e-10, 5.75584579998e-10, 1.79699344294e-09, 8.10209899171e-10, 4.69086935961e-10, 5.7687028765e-11, 1.65396238372e-11, 5.51776159485e-12, 5.01974926469e-13, 1.93018903405e-14, 3.90104173762e-16], [1.63694453364e-14, 1.89779303383e-11, 1.04010279556e-10, 9.54840581602e-11, 4.10963034436e-11, 1.15085094232e-10, 4.33956648394e-10, 7.67270524893e-10, 1.32183330948e-09, 5.04903341358e-10, 3.22664478469e-10, 2.7373553424e-10, 1.92257779141e-10, 2.37613095866e-10, 4.54777021597e-10, 5.56934609541e-10, 1.78409897966e-09, 1.76468173407e-09, 6.01765171027e-09, 2.64933253113e-09, 1.57143698054e-09, 1.74865164015e-10, 5.25444340815e-11, 1.85997311303e-11, 1.49976960104e-12, 6.21825792355e-14, 1.28501123791e-15], [2.40289830134e-14, 2.71227467569e-11, 1.43875175662e-10, 1.27866106592e-10, 4.58750502863e-11, 1.18953458195e-10, 4.8681503273e-10, 8.022402187e-10, 1.43031020361e-09, 5.31059030084e-10, 3.86826681797e-10, 3.67822355907e-10, 2.10763240194e-10, 2.51302229026e-10, 4.43355185897e-10, 5.75584579998e-10, 1.76468173407e-09, 1.83339488036e-09, 5.89315440891e-09, 2.63839750048e-09, 1.51819690153e-09, 1.83026288569e-10, 5.32003920084e-11, 1.79042492637e-11, 1.60628704348e-12, 6.27047784356e-14, 1.26086381089e-15], [9.025701871e-14, 9.34829852417e-11, 4.86319040593e-10, 4.43464154287e-10, 1.56978263721e-10, 4.10934036799e-10, 1.71252889647e-09, 3.01565572514e-09, 5.34078736791e-09, 1.97331173624e-09, 1.41569511669e-09, 1.25082388891e-09, 6.50594356166e-10, 7.11962100386e-10, 1.67285452157e-09, 1.79699344294e-09, 6.01765171027e-09, 5.89315440891e-09, 2.48880951403e-08, 1.058663468e-08, 6.05284622424e-09, 5.6154092487e-10, 1.82084750056e-10, 7.15202758128e-11, 4.70028399882e-12, 2.22318284658e-13, 4.72621684085e-15], [3.84457649906e-14, 4.05640590562e-11, 2.11052467169e-10, 1.9209844826e-10, 6.79605399734e-11, 1.77568612592e-10, 7.43984429619e-10, 1.26213262064e-09, 2.24603668997e-09, 8.1115542061e-10, 6.00438976317e-10, 5.57921153721e-10, 2.93012669683e-10, 3.24279381125e-10, 7.18732962035e-10, 8.10209899171e-10, 2.64933253113e-09, 2.63839750048e-09, 1.058663468e-08, 4.55780391206e-09, 2.58791432728e-09, 2.54102044961e-10, 8.04112332276e-11, 3.05938885337e-11, 2.15871678172e-12, 9.74596312399e-14, 2.04091423971e-15], [9.87960340843e-15, 1.0812539232e-11, 6.07754541138e-11, 6.15143075366e-11, 3.3232576413e-11, 1.00825417459e-10, 3.66137203889e-10, 6.54544474177e-10, 1.09796960412e-09, 4.06048472623e-10, 2.4582522129e-10, 1.73487918476e-10, 1.50093215634e-10, 1.88079871122e-10, 4.26666840747e-10, 4.69086935961e-10, 1.57143698054e-09, 1.51819690153e-09, 6.05284622424e-09, 2.58791432728e-09, 1.54435908506e-09, 1.47319892396e-10, 4.76861675147e-11, 1.83303615342e-11, 1.24300418049e-12, 5.72325864544e-14, 1.2304126588e-15], [2.30833863478e-15, 2.71149205519e-12, 1.45472635674e-11, 1.28241627387e-11, 4.62706912716e-12, 1.20146696411e-11, 4.91022326965e-11, 8.10193162559e-11, 1.4469900278e-10, 5.5310939856e-11, 4.06664493746e-11, 3.74861669483e-11, 2.14220828576e-11, 2.59860813423e-11, 4.34983819797e-11, 5.7687028765e-11, 1.74865164015e-10, 1.83026288569e-10, 5.6154092487e-10, 2.54102044961e-10, 1.47319892396e-10, 1.89441639459e-11, 5.32502817882e-12, 1.72895953197e-12, 1.62726237108e-13, 6.18209198839e-15, 1.23737934597e-16], [2.4060783489e-16, 3.14634359148e-13, 1.81522700517e-12, 1.89623945886e-12, 1.12893830569e-12, 3.40365105891e-12, 1.25104076404e-11, 2.07286410259e-11, 3.50384721237e-11, 1.31161028219e-11, 7.93616214412e-12, 5.82520360073e-12, 5.35392997297e-12, 7.12916227788e-12, 1.34356510292e-11, 1.65396238372e-11, 5.25444340815e-11, 5.32003920084e-11, 1.82084750056e-10, 8.04112332276e-11, 4.76861675147e-11, 5.32502817882e-12, 1.62622953298e-12, 5.67477217561e-13, 4.68766938786e-14, 1.91008153067e-15, 3.96915172308e-17], [6.19728148613e-17, 7.25713366896e-14, 4.39490783176e-13, 5.10602627887e-13, 3.64319441585e-13, 1.16604957027e-12, 4.08757793238e-12, 7.23513133086e-12, 1.18990867506e-11, 4.35716653729e-12, 2.43035778134e-12, 1.50922904816e-12, 1.68861636913e-12, 2.20405876709e-12, 5.02295817786e-12, 5.51776159485e-12, 1.85997311303e-11, 1.79042492637e-11, 7.15202758128e-11, 3.05938885337e-11, 1.83303615342e-11, 1.72895953197e-12, 5.67477217561e-13, 2.18447804875e-13, 1.47877671615e-14, 6.80312669856e-16, 1.46770858163e-17], [1.41416799299e-17, 1.62901833814e-14, 8.73621108181e-14, 8.18213769307e-14, 3.53132270875e-14, 9.73638894118e-14, 3.82048044459e-13, 5.59352531741e-13, 9.92325254086e-13, 3.35730683705e-13, 2.43197958516e-13, 2.40415489166e-13, 1.73733138878e-13, 2.24229977034e-13, 3.56428563964e-13, 5.01974926469e-13, 1.49976960104e-12, 1.60628704348e-12, 4.70028399882e-12, 2.15871678172e-12, 1.24300418049e-12, 1.62726237108e-13, 4.68766938786e-14, 1.47877671615e-14, 1.50066381457e-15, 5.45265283696e-17, 1.08016377334e-18], [5.50540189647e-19, 5.93964384208e-16, 3.21739853421e-15, 3.10385779104e-15, 1.4389050542e-15, 4.10081387589e-15, 1.55937867735e-14, 2.62772524009e-14, 4.53848723468e-14, 1.66695626622e-14, 1.06471338433e-14, 8.69849897271e-15, 6.53493796213e-15, 8.22875482895e-15, 1.6013315416e-14, 1.93018903405e-14, 6.21825792355e-14, 6.27047784356e-14, 2.22318284658e-13, 9.74596312399e-14, 5.72325864544e-14, 6.18209198839e-15, 1.91008153067e-15, 6.80312669856e-16, 5.45265283696e-17, 2.27050304118e-18, 4.7107195946e-20], [2.87173763444e-21, 3.94376348213e-18, 2.52032420068e-17, 3.11641486919e-17, 2.49694046651e-17, 8.11937195876e-17, 2.7987567352e-16, 4.72991085741e-16, 7.74819312155e-16, 2.77434101049e-16, 1.51837789401e-16, 8.91029956117e-17, 1.18546562307e-16, 1.61560496791e-16, 3.39102070076e-16, 3.90104173762e-16, 1.28501123791e-15, 1.26086381089e-15, 4.72621684085e-15, 2.04091423971e-15, 1.2304126588e-15, 1.23737934597e-16, 3.96915172308e-17, 1.46770858163e-17, 1.08016377334e-18, 4.7107195946e-20, 1.0147788545e-21]]
    },
    "mfcc": {
        "kurt": [14.2491817474, 5.71615982056, 10.2451877594, 2.46556043625, 2.29218959808, 0.550873994827, -0.0793654918671, 1.35396528244, 3.11789798737, 4.23679971695, 1.66786003113, 1.40632534027, 2.19185066223],
        "max": [-653.057312012, 144.072021484, 28.5986366272, 48.2307662964, 21.9622344971, 18.694519043, 25.6807174683, 22.8157234192, 14.0448265076, 15.6246967316, 18.899684906, 18.3139057159, 19.3993453979],
        "mean": [-1108.91479492, 17.2097892761, -1.24262320995, 2.31702494621, -2.34590244293, -3.56545162201, -1.14196681976, 0.428277552128, 1.47146189213, 2.1194293499, 3.06648921967, 3.03559756279, 2.37460327148],
        "median": [-1131.85266113, 8.93073654175, 2.72619628906, 0.0433235168457, -6.103515625e-05, 2.28881835938e-05, -2.67028808594e-05, -5.34057617188e-05, 0.773952484131, 1.92207336426, 2.56027603149, 2.30892944336, 1.49160766602],
        "min": [-1138.42004395, 1.14440917969e-05, -122.576850891, -27.6586990356, -63.4476394653, -46.8339958191, -27.0778160095, -22.623336792, -24.3590545654, -21.1805038452, -9.61680221558, -13.9006500244, -13.1658496857],
        "skew": [3.64182782173, 2.27897667885, -3.01992940903, 0.372973114252, -1.20045161247, -0.993804812431, -0.468956261873, -0.637194633484, -0.982532501221, -0.858592391014, 0.821972429752, 0.822721719742, 0.664791584015],
        "var": [4643.80957031, 579.756774902, 472.121398926, 106.416648865, 153.959350586, 161.53503418, 70.8763198853, 39.0330581665, 21.7352695465, 15.7914400101, 13.2130308151, 13.912065506, 14.0664644241],
        "cov": [[4650.78222656, 1393.1998291, -1332.88452148, 206.320053101, -622.814575195, -495.039367676, -172.31968689, -125.841957092, -85.6662445068, -87.198890686, 38.0456848145, 36.1977767944, 14.1702518463], [1393.1998291, 580.627319336, -352.182342529, 12.2292881012, -200.138870239, -206.920700073, -73.560005188, -50.2459487915, -30.4790554047, -22.7073574066, 27.591386795, 31.7796230316, 25.7053012848], [-1332.88452148, -352.182342529, 472.830291748, -24.5109157562, 206.102050781, 172.620376587, 72.4804840088, 62.6267318726, 45.4089927673, 44.1004219055, 2.01775527, -2.33156776428, -0.146787241101], [206.320053101, 12.2292881012, -24.5109157562, 106.576438904, 40.245098114, 69.1450881958, 58.7653656006, 33.0099906921, 21.6921730042, 4.88398504257, -0.500482857227, -11.5808753967, -15.3474349976], [-622.814575195, -200.138870239, 206.102050781, 40.245098114, 154.19052124, 139.748138428, 78.8531265259, 49.4490242004, 29.3763580322, 17.7208633423, -8.11825466156, -13.4571275711, -11.9902296066], [-495.039367676, -206.920700073, 172.620376587, 69.1450881958, 139.748138428, 161.777572632, 92.1141586304, 62.1676635742, 37.6365356445, 16.1812496185, -9.3668422699, -20.3057575226, -17.3436870575], [-172.31968689, -73.560005188, 72.4804840088, 58.7653656006, 78.8531265259, 92.1141586304, 70.9827423096, 43.829044342, 23.9118709564, 9.11614704132, -4.09880256653, -11.8327884674, -11.316693306], [-125.841957092, -50.2459487915, 62.6267318726, 33.0099906921, 49.4490242004, 62.1676635742, 43.829044342, 39.0916671753, 23.8242340088, 12.4952974319, 2.12799787521, -5.12612867355, -4.35566043854], [-85.6662445068, -30.4790554047, 45.4089927673, 21.6921730042, 29.3763580322, 37.6365356445, 23.9118709564, 23.8242340088, 21.7679042816, 12.6802740097, 4.37862157822, -0.744806110859, -1.71638405323], [-87.198890686, -22.7073574066, 44.1004219055, 4.88398504257, 17.7208633423, 16.1812496185, 9.11614704132, 12.4952974319, 12.6802740097, 15.8151512146, 8.27485847473, 4.42483663559, 2.33548808098], [38.0456848145, 27.591386795, 2.01775527, -0.500482857227, -8.11825466156, -9.3668422699, -4.09880256653, 2.12799787521, 4.37862157822, 8.27485847473, 13.2328701019, 9.33825492859, 6.42469406128], [36.1977767944, 31.7796230316, -2.33156776428, -11.5808753967, -13.4571275711, -20.3057575226, -11.8327884674, -5.12612867355, -0.744806110859, 4.42483663559, 9.33825492859, 13.9329547882, 11.035402298], [14.1702518463, 25.7053012848, -0.146787241101, -15.3474349976, -11.9902296066, -17.3436870575, -11.316693306, -4.35566043854, -1.71638405323, 2.33548808098, 6.42469406128, 11.035402298, 14.0875854492]]
    },
    "sccoeffs": {
        "kurt": [3.00014352798, 2.81689691544, 1.70978212357, 3.81312656403, 1.18958806992, 1.42058706284],
        "max": [-0.582533299923, -0.720595180988, -0.793500006199, -0.777566492558, -0.75286924839, -0.671655833721],
        "mean": [-0.847757160664, -0.889002680779, -0.903158247471, -0.907002747059, -0.896737277508, -0.868897378445],
        "median": [-0.852887690067, -0.893992722034, -0.906687140465, -0.911492884159, -0.905837416649, -0.89498257637],
        "min": [-0.951664507389, -0.958090484142, -0.954784333706, -0.965381324291, -0.944202661514, -0.94857686758],
        "skew": [1.09849286079, 1.24174165726, 0.985215783119, 1.4356251955, 0.999541699886, 1.67114377022],
        "var": [0.00249904254451, 0.00110948400106, 0.000595835095737, 0.000470866914839, 0.000697075098287, 0.00308382697403],
        "cov": [[0.00250279484317, 0.000445819779998, 0.000251372082857, 0.00034932946437, 0.000369411573047, 0.00101711589377], [0.000445819779998, 0.00111114990432, 0.000315164565109, 0.00037046300713, 0.000461107963929, 0.00109037419315], [0.000251372082857, 0.000315164565109, 0.000596729747485, 0.000262099463725, 0.000361921382137, 0.000748786551412], [0.00034932946437, 0.00037046300713, 0.000262099463725, 0.000471573905088, 0.000396415678551, 0.000865513517056], [0.000369411573047, 0.000461107963929, 0.000361921382137, 0.000396415678551, 0.000698121730238, 0.00104078580625], [0.00101711589377, 0.00109037419315, 0.000748786551412, 0.000865513517056, 0.00104078580625, 0.00308845750988]]
    },
    "scvalleys": {
        "kurt": [1.34565401077, 0.690044403076, 1.22230005264, 0.861329317093, 3.18559122086, 15.5607070923],
        "max": [-7.58068132401, -5.65607881546, -5.22036361694, -6.2058391571, -5.46193122864, -8.97459793091],
        "mean": [-11.6146383286, -11.3216915131, -12.0781545639, -12.7799806595, -13.0833034515, -15.4546642303],
        "median": [-11.8425216675, -11.9762420654, -12.8398551941, -13.6760540009, -13.8949995041, -15.7371826172],
        "min": [-13.4259357452, -13.3848438263, -14.0535945892, -14.6404275894, -14.5106964111, -15.9915018082],
        "skew": [0.983048856258, 1.10727369785, 1.26089787483, 1.24031102657, 1.89167654514, 3.89602994919],
        "var": [0.870206058025, 2.25766992569, 2.88650536537, 3.22842049599, 2.78434896469, 0.956994712353],
        "cov": [[0.871512651443, 0.581035196781, 0.656778931618, 0.67066192627, 0.734756171703, 0.528430879116], [0.581035196781, 2.26105976105, 2.47402119637, 2.61935043335, 2.33257627487, 1.04958033562], [0.656778931618, 2.47402119637, 2.8908393383, 3.0029900074, 2.69587111473, 1.23337316513], [0.67066192627, 2.61935043335, 3.0029900074, 3.23326802254, 2.88831973076, 1.3189330101], [0.734756171703, 2.33257627487, 2.69587111473, 2.88831973076, 2.78852963448, 1.38415050507], [0.528430879116, 1.04958033562, 1.23337316513, 1.3189330101, 1.38415050507, 0.958431661129]]
    }
},
"rhythm": {
    "beats_loudness": {
        "kurt": 25.5054931641,
        "max": 0.000932521536015,
        "mean": 3.32724011969e-05,
        "median": 7.00930442576e-08,
        "min": 4.32896074543e-09,
        "skew": 5.22179698944,
        "var": 2.72038001015e-08
    },
    "bpm": 125.340637207,
    "confidence": 0.910826325417,
    "first_peak_bpm": {
        "kurt": 0,
        "max": 126,
        "mean": 126,
        "median": 126,
        "min": 126,
        "skew": 0,
        "var": 0
    },
    "first_peak_spread": {
        "kurt": 0,
        "max": 0.33333337307,
        "mean": 0.33333337307,
        "median": 0.33333337307,
        "min": 0.33333337307,
        "skew": 0,
        "var": 0
    },
    "first_peak_weight": {
        "kurt": 0,
        "max": 0.466666668653,
        "mean": 0.466666668653,
        "median": 0.466666668653,
        "min": 0.466666668653,
        "skew": 0,
        "var": 0
    },
    "onset_rate": 0.258732587099,
    "second_peak_bpm": {
        "kurt": 0,
        "max": 117,
        "mean": 117,
        "median": 117,
        "min": 117,
        "skew": 0,
        "var": 0
    },
    "second_peak_spread": {
        "kurt": 0,
        "max": 0.5,
        "mean": 0.5,
        "median": 0.5,
        "min": 0.5,
        "skew": 0,
        "var": 0
    },
    "second_peak_weight": {
        "kurt": 0,
        "max": 0.10000000149,
        "mean": 0.10000000149,
        "median": 0.10000000149,
        "min": 0.10000000149,
        "skew": 0,
        "var": 0
    },
    "beats_loudness_band_ratio": {
        "kurt": [-1.36921870708, 0.257043361664, -1.25492215157, -0.885192871094, 2.60787200928, 6.51715660095],
        "max": [0.945490717888, 0.320250272751, 0.730548024178, 0.228463634849, 0.564406633377, 0.407081753016],
        "mean": [0.373027473688, 0.112370334566, 0.29576960206, 0.082143612206, 0.116130590439, 0.0620286017656],
        "median": [0.278590857983, 0.0893232524395, 0.356899380684, 0.0551804415882, 0.0503325760365, 0.0316096954048],
        "min": [0.00058627454564, 0.000717681890819, 0.00415874458849, 0.000478380359709, 0.000406989711337, 0.000570402306039],
        "skew": [0.443953424692, 0.977033734322, 0.122065171599, 0.713762879372, 1.74975645542, 2.44802236557],
        "var": [0.127319350839, 0.00687498645857, 0.0468286722898, 0.00538002513349, 0.0200652703643, 0.00722421100363],
        "cov": [[0.131563320756, -0.00595567701384, -0.0599792189896, -0.0213200189173, -0.0328126847744, -0.0130380541086], [-0.00595567701384, 0.00710415234789, 0.00657939724624, 0.000401706376579, -0.00399409513921, -0.00228850543499], [-0.0599792189896, 0.00657939724624, 0.0483896285295, 0.0099839726463, 0.000292480865028, -0.00395234581083], [-0.0213200189173, 0.000401706376579, 0.0099839726463, 0.00555935967714, 0.00475656194612, 0.000879266590346], [-0.0328126847744, -0.00399409513921, 0.000292480865028, 0.00475656194612, 0.0207341127098, 0.0106781488284], [-0.0130380541086, -0.00228850543499, -0.00395234581083, 0.000879266590346, 0.0106781488284, 0.00746501795948]]
    },
    "beats_position": [0.46439909935, 0.9287981987, 1.40480720997, 1.88081634045, 2.35682535172, 2.83283448219, 3.30884337425, 3.78485250473, 4.26086139679, 4.73687076569, 5.21287965775, 5.6888885498, 6.19972801208, 6.71056699753, 7.22140598297, 7.69741487503, 8.17342376709, 8.66104316711, 9.14866161346, 9.62467098236, 10.1006803513, 10.5534696579, 11.0062580109, 11.4590473175, 11.9466667175, 12.4342851639, 12.9219045639, 13.4211339951, 13.9087524414, 14.4079818726, 14.90721035],
    "bpm_estimates": [129.19921875, 126.048034668, 126.04800415, 126.048034668, 126.04800415, 126.048065186, 126.04800415, 126.048065186, 126.047935486, 126.048065186, 126.048065186, 126.048065186, 126.048065186, 123.046783447, 123.047027588, 126.047935486, 126.047935486, 123.046783447, 123.047027588, 123.046783447, 123.047027588],
    "bpm_intervals": [0.46439909935, 0.476009011269, 0.476009130478, 0.476009011269, 0.476009130478, 0.476008892059, 0.476009130478, 0.476008892059, 0.476009368896, 0.476008892059, 0.476008892059, 0.51083946228, 0.510838985443, 0.510838985443, 0.476008892059, 0.476008892059, 0.487619400024, 0.48761844635, 0.476009368896, 0.476009368896, 0.452789306641, 0.452788352966, 0.452789306641, 0.487619400024, 0.48761844635, 0.487619400024, 0.499229431152, 0.48761844635, 0.499229431152, 0.499228477478],
    "onset_times": [0.0116099771112, 4.27247142792, 4.36535167694, 10.1122903824],
    "histogram": [[0, 0, 0, 0, 0, 0, 0, 0, 0, 0, 0, 0, 0, 0, 0, 0, 0, 0, 0, 0, 0, 0, 0, 0, 0, 0, 0, 0, 0, 0, 0, 0, 0, 0, 0, 0, 0, 0, 0, 0, 0, 0, 0, 0, 0, 0, 0, 0, 0, 0, 0, 0, 0, 0, 0, 0, 0, 0, 0, 0, 0, 0, 0, 0, 0, 0, 0, 0, 0, 0, 0, 0, 0, 0, 0, 0, 0, 0, 0, 0, 0, 0, 0, 0, 0, 0, 0, 0, 0, 0, 0, 0, 0, 0, 0, 0, 0, 0, 0, 0, 0, 0, 0, 0, 0, 0, 0, 0, 0, 0, 0, 0, 0, 0, 0, 0, 0, 0.10000000149, 0, 0, 0.10000000149, 0, 0, 0.20000000298, 0, 0, 0.466666668653, 0, 0, 0.0333333350718, 0, 0, 0, 0.10000000149, 0, 0, 0, 0, 0, 0, 0, 0, 0, 0, 0, 0, 0, 0, 0, 0, 0, 0, 0, 0, 0, 0, 0, 0, 0, 0, 0, 0, 0, 0, 0, 0, 0, 0, 0, 0, 0, 0, 0, 0, 0, 0, 0, 0, 0, 0, 0, 0, 0, 0, 0, 0, 0, 0, 0, 0, 0, 0, 0, 0, 0, 0, 0, 0, 0, 0, 0, 0, 0, 0, 0, 0, 0, 0, 0, 0, 0, 0, 0, 0, 0, 0, 0, 0, 0, 0, 0, 0, 0, 0, 0, 0, 0, 0, 0, 0, 0, 0, 0, 0, 0, 0, 0, 0, 0, 0, 0, 0, 0, 0, 0, 0, 0, 0, 0, 0]]
},
"sfx": {
    "inharmonicity": {
        "kurt": 1.51969480515,
        "max": 0.414126068354,
        "mean": 0.0774270445108,
        "median": 0.0474479086697,
        "min": 0,
        "skew": 1.44176530838,
        "var": 0.00695035420358
    },
    "oddtoevenharmonicenergyratio": {
        "kurt": 0,
        "max": 3.40282346639e+38,
        "mean": 5.10168440135e+35,
        "median": 0.21880698204,
        "min": 0,
        "skew": 0,
        "var": 0
    },
    "pitch_after_max_to_before_max_energy_ratio": 0.363790035248,
    "pitch_centroid": 297.711090088,
    "pitch_max_to_total": 0.628185927868,
    "pitch_min_to_total": 0.866566717625,
    "tristimulus": {
        "kurt": [-0.468207359314, 1.42169952393, 0.0323622226715],
        "max": [1, 0.938617706299, 1],
        "mean": [0.374894708395, 0.299441844225, 0.325663626194],
        "median": [0.391470372677, 0.297259241343, 0.298111706972],
        "min": [0, 0, 0],
        "skew": [0.360304474831, 0.465155690908, 0.565982222557],
        "var": [0.0733957737684, 0.0243826620281, 0.0383870080113],
        "cov": [[0.0735059827566, -0.0297403559089, -0.0437656566501], [-0.0297403559089, 0.0244192723185, 0.00532107753679], [-0.0437656566501, 0.00532107753679, 0.0384446457028]]
    }
},
"tonal": {
    "chords_changes_rate": 0.155688628554,
    "chords_number_rate": 0.0389221571386,
    "chords_strength": {
        "kurt": -0.418694257736,
        "max": 0.543931007385,
        "mean": 0.390194505453,
        "median": 0.393979758024,
        "min": 0.194216385484,
        "skew": -0.296312451363,
        "var": 0.00516036897898
    },
    "key_strength": 0.597837865353,
    "tuning_diatonic_strength": 0.390931725502,
    "tuning_equal_tempered_deviation": 0.257060796022,
    "tuning_frequency": 450.544708252,
    "tuning_nontempered_energy_ratio": 0.912722826004,
    "hpcp": {
        "kurt": [1.69584226608, 0.981428384781, 0.452543497086, 0.818036794662, 1.92084598541, 1.54717350006, 1.39026212692, 0.515295743942, 0.666507720947, 0.497396707535, 1.75150108337, 1.80310916901, 1.53249692917, 0.726404666901, 1.67754173279, 1.58311367035, 1.15911626816, 1.67205619812, 0.656965970993, 1.2199845314, 1.88126802444, 0.875023365021, -0.685705900192, 0.264215707779, 2.42156648636, 2.03746461868, 1.68162870407, 2.0159239769, 3.01748275757, 1.87445449829, 1.51550960541, 1.06391477585, 1.58346891403, 0.480607748032, 0.417983293533, 1.59295988083],
        "max": [1, 1, 1, 1, 1, 1, 1, 1, 1, 1, 1, 1, 1, 1, 1, 1, 1, 1, 1, 1, 1, 1, 1, 1, 1, 1, 1, 1, 1, 1, 1, 1, 1, 1, 1, 1],
