{
"metadata": {
    "version": {
        "essentia": "2.1-beta3"
    }
},
"lowLevel": {
    "average_loudness": 0.0786556005478,
    "barkbands_kurtosis": {
        "kurt": 8.49038314819,
        "max": 208.586410522,
        "mean": 16.4342288971,
        "median": 1.36991739273,
        "min": -1.7902431488,
        "skew": 2.86409282684,
        "var": 1217.2689209
    },
    "barkbands_skewness": {
        "kurt": 1.92991781235,
        "max": 1.22194349766,
        "mean": -1.97851145267,
        "median": -0.891609430313,
        "min": -13.718091011,
        "skew": -1.57106029987,
        "var": 8.67631912231
    },
    "barkbands_spread": {
        "kurt": -0.831926345825,
        "max": 57.4499664307,
        "mean": 19.069601059,
        "median": 14.1841201782,
        "min": 0.532836973667,
        "skew": 0.652245402336,
        "var": 235.927886963
    },
    "dissonance": {
        "kurt": 15.4593696594,
        "max": 0.499975502491,
        "mean": 0.490115612745,
        "median": 0.494374185801,
        "min": 0.400780826807,
        "skew": -3.13647508621,
        "var": 0.000136834001751
    },
    "hfc": {
        "kurt": 183.176315308,
        "max": 35.4935455322,
        "mean": 0.400399178267,
        "median": 0.0324665680528,
        "min": 7.49864238969e-06,
        "skew": 12.8520689011,
        "var": 4.91090917587
    },
    "pitch": {
        "kurt": -0.35091137886,
        "max": 5389.65332031,
        "mean": 1585.92626953,
        "median": 941.984680176,
        "min": 81.3298034668,
        "skew": 0.958266079426,
        "var": 1995283.5
    },
    "pitch_instantaneous_confidence": {
        "kurt": -1.20220470428,
        "max": 0.979590773582,
        "mean": 0.502889692783,
        "median": 0.500265836716,
        "min": 0.112311661243,
        "skew": 0.206295669079,
        "var": 0.062411043793
    },
    "pitch_salience": {
        "kurt": 0.675660133362,
        "max": 0.960379958153,
        "mean": 0.715595066547,
        "median": 0.721022605896,
        "min": 0.313656121492,
        "skew": -0.491725206375,
        "var": 0.00906670279801
    },
    "silence_rate_20dB": {
        "kurt": 0,
        "max": 1,
        "mean": 1,
        "median": 1,
        "min": 1,
        "skew": 0,
        "var": 0
    },
    "silence_rate_30dB": {
        "kurt": 0,
        "max": 1,
        "mean": 1,
        "median": 1,
        "min": 1,
        "skew": 0,
        "var": 0
    },
    "silence_rate_60dB": {
        "kurt": 92.7601547241,
        "max": 1,
        "mean": 0.989769816399,
        "median": 1,
        "min": 0,
        "skew": -9.73455810547,
        "var": 0.0101255280897
    },
    "spectral_centroid": {
        "kurt": -0.326880455017,
        "max": 5298.17333984,
        "mean": 2269.54516602,
        "median": 1702.42248535,
        "min": 671.714538574,
        "skew": 0.906419038773,
        "var": 1275935.625
    },
    "spectral_complexity": {
        "kurt": 66.3923797607,
        "max": 40,
        "mean": 0.713554978371,
        "median": 0,
        "min": 0,
        "skew": 7.45394420624,
        "var": 13.1763267517
    },
    "spectral_crest": {
        "kurt": -0.393493175507,
        "max": 26.2130298615,
        "mean": 10.5440073013,
        "median": 9.04775333405,
        "min": 2.5928645134,
        "skew": 0.713104069233,
        "var": 34.0353507996
    },
    "spectral_decrease": {
        "kurt": 146.571487427,
        "max": -1.68527337488e-15,
        "mean": -5.53288803662e-11,
        "median": -3.60100469408e-12,
        "min": -4.84640105824e-09,
        "skew": -11.6727790833,
        "var": 1.23730322261e-19
    },
    "spectral_energy": {
        "kurt": 149.486114502,
        "max": 0.0215108077973,
        "mean": 0.00024514112738,
        "median": 1.71729971044e-05,
        "min": 7.04076308367e-09,
        "skew": 11.7780942917,
        "var": 2.32636807596e-06
    },
    "spectral_energyband_high": {
        "kurt": 26.1302471161,
        "max": 0.000322354811942,
        "mean": 1.26700124383e-05,
        "median": 6.5693217266e-07,
        "min": 2.04128741688e-10,
        "skew": 4.4542593956,
        "var": 1.09416731231e-09
    },
    "spectral_energyband_low": {
        "kurt": 378.731781006,
        "max": 0.000437678128947,
        "mean": 1.82609107924e-06,
        "median": 4.56949948102e-07,
        "min": 1.48920931142e-09,
        "skew": 19.4327964783,
        "var": 4.91724827523e-10
    },
    "spectral_energyband_middle_high": {
        "kurt": 141.624862671,
        "max": 0.0146012017503,
        "mean": 0.000166001773323,
        "median": 1.02641788544e-05,
        "min": 2.71362465831e-09,
        "skew": 11.3669710159,
        "var": 1.04361140529e-06
    },
    "spectral_energyband_middle_low": {
        "kurt": 169.280792236,
        "max": 0.00754275172949,
        "mean": 6.86741623213e-05,
        "median": 4.15630012185e-07,
        "min": 3.08395864401e-09,
        "skew": 12.6848936081,
        "var": 2.67819416422e-07
    },
    "spectral_flatness_db": {
        "kurt": -0.620936155319,
        "max": 0.429541885853,
        "mean": 0.203340515494,
        "median": 0.190858051181,
        "min": 0.064341828227,
        "skew": 0.596462547779,
        "var": 0.00729022081941
    },
    "spectral_flux": {
        "kurt": 53.3133201599,
        "max": 0.123602598906,
        "mean": 0.00623839022592,
        "median": 0.00285232882015,
        "min": 0.000636165088508,
        "skew": 6.28939819336,
        "var": 0.000115728580568
    },
    "spectral_kurtosis": {
        "kurt": 3.36436223984,
        "max": 46.6216316223,
        "mean": 10.4860982895,
        "median": 7.75135040283,
        "min": 0.397158384323,
        "skew": 1.72342050076,
        "var": 56.6631317139
    },
    "spectral_rms": {
        "kurt": 50.5703544617,
        "max": 0.00458106491715,
        "mean": 0.000242180278292,
        "median": 0.000129437801661,
        "min": 2.62088474301e-06,
        "skew": 6.1776843071,
        "var": 1.80510696168e-07
    },
    "spectral_rolloff": {
        "kurt": -0.971802711487,
        "max": 5900.09765625,
        "mean": 3275.90991211,
        "median": 3229.98046875,
        "min": 1162.79296875,
        "skew": 0.269577652216,
        "var": 1403753.625
    },
    "spectral_skewness": {
        "kurt": 0.479147911072,
        "max": 4.98865270615,
        "mean": 1.65253710747,
        "median": 1.73852467537,
        "min": -1.3352868557,
        "skew": 0.0338991470635,
        "var": 1.04618358612
    },
    "spectral_spread": {
        "kurt": 78.16456604,
        "max": 22517226,
        "mean": 2939175.5,
        "median": 2687775.5,
        "min": 933785.6875,
        "skew": 6.24842023849,
        "var": 2.17096441037e+12
    },
    "spectral_strongpeak": {
        "kurt": 50.8516197205,
        "max": 2.90546536446,
        "mean": 0.127215474844,
        "median": 0.0592003688216,
        "min": 3.97466610593e-05,
        "skew": 6.00286006927,
        "var": 0.0614544264972
    },
    "zerocrossingrate": {
        "kurt": -0.554955720901,
        "max": 0.24169921875,
        "mean": 0.115052051842,
        "median": 0.095703125,
        "min": 0.01318359375,
        "skew": 0.699257791042,
        "var": 0.00216730358079
    },
    "barkbands": {
        "kurt": [351.210845947, 385.107025146, 370.393005371, 179.943618774, 222.168838501, 250.269744873, 211.200531006, 179.12310791, 141.269561768, 233.101211548, 125.502883911, 125.656402588, 146.88885498, 102.190567017, 199.446533203, 145.779220581, 249.568847656, 216.906265259, 237.820556641, 324.33883667, 11.1846504211, 25.2937011719, 35.9180107117, 230.252746582, 227.215454102, 52.9916648865, 57.1820487976],
        "max": [2.46457034336e-06, 0.000268132949714, 0.000139483541716, 4.84751762997e-05, 0.000358051795047, 0.000722212833352, 0.00115342636127, 0.00236721243709, 0.00255225528963, 0.00293169496581, 0.00161046802532, 0.00237325229682, 0.00150151713751, 0.00101351737976, 0.00125684856903, 0.00114683830179, 0.00182354694698, 0.00161737820599, 0.00137712806463, 0.00136567745358, 6.57767814118e-05, 0.000140354095493, 2.12733709759e-07, 1.17539782352e-08, 7.23353776877e-09, 3.98938659885e-10, 3.906888979e-10],
        "mean": [1.71743064215e-08, 1.0071661336e-06, 6.25578707059e-07, 3.68447615529e-07, 2.12439226743e-06, 4.7885218919e-06, 8.24988001114e-06, 1.87351033674e-05, 2.7937181585e-05, 2.38452757912e-05, 1.93701489479e-05, 2.52357986028e-05, 1.68440074049e-05, 1.44098275996e-05, 1.06317220343e-05, 1.22929741337e-05, 1.15842931336e-05, 1.32997611217e-05, 1.43171573654e-05, 1.01266859929e-05, 4.54187875221e-06, 4.78039555674e-06, 7.11892456096e-09, 5.581231588e-10, 4.05784461588e-10, 3.71673559985e-11, 9.26959290576e-12],
        "median": [7.15759318481e-09, 2.14358209405e-07, 1.37407880629e-07, 5.34479625003e-08, 7.02345772652e-08, 4.55569306723e-08, 7.80331390615e-08, 4.86221090057e-08, 6.72066562402e-08, 5.46060441309e-08, 5.94501550211e-08, 6.69209470061e-08, 8.55308854852e-08, 1.57062842732e-07, 1.47551105556e-07, 2.96516077469e-07, 2.30994388062e-07, 1.93656219949e-07, 4.06754651294e-07, 5.80801327033e-07, 2.07158350918e-07, 2.16399413944e-08, 1.11751230492e-09, 4.76588712939e-10, 3.66898067483e-10, 3.01452508789e-11, 1.27866098786e-12],
        "min": [1.90309682076e-12, 3.30850569163e-10, 6.91655066554e-10, 9.23186749269e-10, 1.4633443346e-09, 3.20317466995e-10, 2.15824053074e-10, 1.44912137845e-10, 1.55456064688e-11, 4.04121944242e-11, 1.95328864194e-10, 2.6332602765e-10, 4.73856176519e-10, 4.81953643661e-10, 2.53436632791e-10, 3.18385234843e-10, 1.52045320778e-10, 2.01942129685e-10, 3.04503700033e-10, 7.55764825722e-11, 7.44536446384e-11, 2.25138050564e-11, 1.89271306961e-11, 1.29221962991e-11, 1.01319759874e-11, 8.51213457359e-12, 4.80674419538e-13],
        "skew": [18.4924316406, 19.6640090942, 19.1390323639, 13.3007221222, 14.5692396164, 15.0379657745, 14.0478563309, 13.1905612946, 11.3620672226, 14.1673936844, 10.6434020996, 10.8806819916, 11.6702632904, 9.30322742462, 13.3234987259, 11.2835826874, 15.0967683792, 14.1260471344, 14.2556877136, 17.4337768555, 3.34867715836, 4.97053003311, 5.71772241592, 14.0378808975, 14.1091079712, 6.74185276031, 7.02196121216],
        "var": [1.61087336775e-14, 1.83175558055e-10, 5.04691705094e-11, 1.09436496323e-11, 4.55716714365e-10, 1.65803404339e-09, 4.82850337491e-09, 2.57549750415e-08, 3.51927305076e-08, 2.80285075149e-08, 1.51866998976e-08, 3.22348050474e-08, 1.28036186098e-08, 5.54219203863e-09, 5.76106451433e-09, 5.98588245637e-09, 1.06318189808e-08, 9.20365739177e-09, 6.08250205758e-09, 5.1390984801e-09, 1.25223775793e-10, 3.88652582339e-10, 5.43263480144e-16, 4.18086317249e-19, 1.57904268217e-19, 1.23043711865e-21, 1.29220646739e-21],
        "cov": [[1.61500383921e-14, 1.69033103486e-12, 8.98644548532e-13, 3.31294616306e-13, 1.83570303056e-12, 2.75429375488e-12, 8.11755784119e-12, 1.57841968662e-11, 1.78750937663e-11, 9.39859821913e-12, 5.23234103614e-12, 1.66368984561e-11, 1.12590770041e-11, 7.10653627958e-12, 8.71629764893e-12, 8.17096824229e-12, 1.24138295129e-11, 1.12466537819e-11, 9.05527736128e-12, 8.86092761665e-12, 3.55767580109e-13, -2.9070099599e-14, 7.893651972e-16, 2.44934366688e-17, 1.30245553487e-18, 7.19449281658e-19, 6.4442611975e-19], [1.69033103486e-12, 1.83645237906e-10, 9.57367587984e-11, 2.99590491304e-11, 1.55704185656e-10, 2.11358486268e-10, 7.99431243426e-10, 1.43211342785e-09, 1.63808022702e-09, 6.67713495606e-10, 3.89295651271e-10, 1.64120450563e-09, 1.04726183281e-09, 6.98936852839e-10, 8.68924487918e-10, 7.9459511193e-10, 1.25860943889e-09, 1.11701936589e-09, 9.41636879581e-10, 9.35981736561e-10, 3.83360669598e-11, -2.5825199184e-12, 8.16261527771e-14, 2.39928329178e-15, 2.39735966672e-17, 5.38327620637e-17, 5.01748171938e-17], [8.98644548532e-13, 9.57367587984e-11, 5.05985774113e-11, 1.75616691328e-11, 9.46388384326e-11, 1.37611561035e-10, 4.43706238418e-10, 8.33727475946e-10, 9.51738576838e-10, 4.61548660402e-10, 2.64325228372e-10, 9.11932362957e-10, 6.02733529753e-10, 3.90904864034e-10, 4.78340311805e-10, 4.45162795515e-10, 6.85213108476e-10, 6.15402173665e-10, 5.03949937336e-10, 4.97561269963e-10, 2.04916431046e-11, -1.50640166573e-12, 4.41826208866e-14, 1.33894489615e-15, 5.08826323352e-17, 3.82236819251e-17, 3.52566644772e-17], [3.31294616306e-13, 2.99590491304e-11, 1.75616691328e-11, 1.09717105193e-11, 6.90476842369e-11, 1.23005036712e-10, 2.1509900805e-10, 5.18453058262e-10, 5.81856951509e-10, 4.71334304919e-10, 2.57502963397e-10, 4.53546034063e-10, 3.54306334271e-10, 1.96232724514e-10, 2.24416749073e-10, 2.29549615427e-10, 2.99655827929e-10, 2.89804347187e-10, 1.95874844122e-10, 1.81012038691e-10, 7.19007535802e-12, -1.1679610187e-12, 1.80457625026e-14, 6.65031189636e-16, 1.30049481489e-16, 4.15389357934e-17, 3.75165450718e-17], [1.83570303056e-12, 1.55704185656e-10, 9.46388384326e-11, 6.90476842369e-11, 4.56885196343e-10, 8.42828751235e-10, 1.31299027206e-09, 3.35132299689e-09, 3.74580189089e-09, 3.30880722821e-09, 1.82197990028e-09, 2.83830958736e-09, 2.27523955232e-09, 1.24198451523e-09, 1.37490152596e-09, 1.44418854653e-09, 1.7886615522e-09, 1.76116798922e-09, 1.11899689514e-09, 9.89221260461e-10, 4.10582436106e-11, -7.93856733822e-12, 1.07106238754e-13, 3.93956633131e-15, 9.17561039728e-16, 2.83741293663e-16, 2.55751645786e-16], [2.75429375488e-12, 2.11358486268e-10, 1.37611561035e-10, 1.23005036712e-10, 8.42828751235e-10, 1.6622853094e-09, 2.25757434968e-09, 6.04297856199e-09, 6.88528167814e-09, 6.56992193981e-09, 3.61261287551e-09, 4.94477125912e-09, 4.15798551145e-09, 2.29161689624e-09, 2.38928921092e-09, 2.61434363047e-09, 3.02155789278e-09, 3.00133651265e-09, 1.76358339044e-09, 1.48381484877e-09, 6.29375856986e-11, -1.93443715907e-11, 1.85089031775e-13, 6.63608555449e-15, 1.81073515387e-15, 5.73499909383e-16, 5.23998880429e-16], [8.11755784119e-12, 7.99431243426e-10, 4.43706238418e-10, 2.1509900805e-10, 1.31299027206e-09, 2.25757434968e-09, 4.84088458208e-09, 1.05582094179e-08, 1.21006928921e-08, 8.75633254793e-09, 5.30718535785e-09, 1.07589581688e-08, 7.51799955623e-09, 4.67251526359e-09, 5.16573051002e-09, 5.17004172806e-09, 7.04576397226e-09, 6.52676179769e-09, 4.75847405923e-09, 4.47437820128e-09, 1.98626476378e-10, -3.09573894297e-11, 4.79384706844e-13, 1.40805183675e-14, 1.79403356998e-15, 8.18421074269e-16, 7.68625330788e-16], [1.57841968662e-11, 1.43211342785e-09, 8.33727475946e-10, 5.18453058262e-10, 3.35132299689e-09, 6.04297856199e-09, 1.05582094179e-08, 2.58210146598e-08, 2.92226260967e-08, 2.40067095092e-08, 1.39170168723e-08, 2.35683277339e-08, 1.77622059283e-08, 1.01764952021e-08, 1.11915374745e-08, 1.163606278e-08, 1.47823309149e-08, 1.41764679995e-08, 9.50626777296e-09, 8.58171134155e-09, 3.62853747049e-10, -7.20841442092e-11, 1.03563848036e-12, 3.11284811404e-14, 6.30062281442e-15, 2.28770681801e-15, 2.11825533581e-15], [1.78750937663e-11, 1.63808022702e-09, 9.51738576838e-10, 5.81856951509e-10, 3.74580189089e-09, 6.88528167814e-09, 1.21006928921e-08, 2.92226260967e-08, 3.5282969435e-08, 2.8126326157e-08, 1.77033765425e-08, 2.87125079268e-08, 2.0955679858e-08, 1.24553523051e-08, 1.30745130278e-08, 1.3928848297e-08, 1.72977738799e-08, 1.62746314203e-08, 1.09282130012e-08, 9.83904424601e-09, 4.23671209226e-10, -1.12751287473e-10, 1.13624051574e-12, 3.58635308408e-14, 7.40793924548e-15, 3.43827444543e-15, 3.32274084549e-15], [9.39859821913e-12, 6.67713495606e-10, 4.61548660402e-10, 4.71334304919e-10, 3.30880722821e-09, 6.56992193981e-09, 8.75633254793e-09, 2.40067095092e-08, 2.8126326157e-08, 2.81003753599e-08, 1.75645951117e-08, 2.21452438609e-08, 1.68258935673e-08, 9.70919966647e-09, 9.17676601375e-09, 1.04454418448e-08, 1.14714078236e-08, 1.13096119136e-08, 6.3091443181e-09, 5.11231412759e-09, 2.63147642565e-10, -9.98919141848e-11, 7.84706501167e-13, 2.433714207e-14, 7.53474092472e-15, 2.92229543176e-15, 2.78176440724e-15], [5.23234103614e-12, 3.89295651271e-10, 2.64325228372e-10, 2.57502963397e-10, 1.82197990028e-09, 3.61261287551e-09, 5.30718535785e-09, 1.39170168723e-08, 1.77033765425e-08, 1.75645951117e-08, 1.52256394159e-08, 1.88508355592e-08, 1.07234781055e-08, 7.06389435834e-09, 5.55030910121e-09, 6.68017863248e-09, 7.30572669028e-09, 6.65788757459e-09, 3.75641029393e-09, 3.04280134422e-09, 1.60975829888e-10, -8.29616098041e-11, 5.20792881476e-13, 1.28371773389e-14, 3.57325168667e-15, 2.00676991809e-15, 2.01959336163e-15], [1.66368984561e-11, 1.64120450563e-09, 9.11932362957e-10, 4.53546034063e-10, 2.83830958736e-09, 4.94477125912e-09, 1.07589581688e-08, 2.35683277339e-08, 2.87125079268e-08, 2.21452438609e-08, 1.88508355592e-08, 3.23174589312e-08, 1.80657320215e-08, 1.22525474211e-08, 1.15564917635e-08, 1.22798571311e-08, 1.61111373131e-08, 1.43120999496e-08, 1.01990691448e-08, 9.40090227886e-09, 4.00708799475e-10, -1.01435908284e-10, 1.05862291589e-12, 2.86430459158e-14, 3.2076405029e-15, 2.54686438328e-15, 2.5871865397e-15], [1.12590770041e-11, 1.04726183281e-09, 6.02733529753e-10, 3.54306334271e-10, 2.27523955232e-09, 4.15798551145e-09, 7.51799955623e-09, 1.77622059283e-08, 2.0955679858e-08, 1.68258935673e-08, 1.07234781055e-08, 1.80657320215e-08, 1.28364483487e-08, 7.75431896471e-09, 8.10488831604e-09, 8.56803339389e-09, 1.07999076349e-08, 1.01085451121e-08, 6.86606815847e-09, 6.21998408334e-09, 2.59499061128e-10, -6.77176717478e-11, 7.25268694927e-13, 2.17999006162e-14, 3.91749222918e-15, 1.84689096698e-15, 1.77958848185e-15], [7.10653627958e-12, 6.98936852839e-10, 3.90904864034e-10, 1.96232724514e-10, 1.24198451523e-09, 2.29161689624e-09, 4.67251526359e-09, 1.01764952021e-08, 1.24553523051e-08, 9.70919966647e-09, 7.06389435834e-09, 1.22525474211e-08, 7.75431896471e-09, 5.55640289335e-09, 5.23654231088e-09, 5.4992339571e-09, 6.97188617949e-09, 6.21536955236e-09, 4.36613500909e-09, 3.99871735723e-09, 1.88435420045e-10, -5.89981327681e-11, 5.03930339298e-13, 1.25288344762e-14, 1.56636688974e-15, 1.23173900651e-15, 1.23918972008e-15], [8.71629764893e-12, 8.68924487918e-10, 4.78340311805e-10, 2.24416749073e-10, 1.37490152596e-09, 2.38928921092e-09, 5.16573051002e-09, 1.11915374745e-08, 1.30745130278e-08, 9.17676601375e-09, 5.55030910121e-09, 1.15564917635e-08, 8.10488831604e-09, 5.23654231088e-09, 5.77583625372e-09, 5.75852521223e-09, 7.69456498517e-09, 7.03649583045e-09, 5.14342968216e-09, 4.83249884553e-09, 2.22944496198e-10, -4.02451301451e-11, 5.37432132217e-13, 1.5130195477e-14, 1.93480091669e-15, 1.06782574336e-15, 1.02749183436e-15], [8.17096824229e-12, 7.9459511193e-10, 4.45162795515e-10, 2.29549615427e-10, 1.44418854653e-09, 2.61434363047e-09, 5.17004172806e-09, 1.163606278e-08, 1.3928848297e-08, 1.04454418448e-08, 6.68017863248e-09, 1.22798571311e-08, 8.56803339389e-09, 5.4992339571e-09, 5.75852521223e-09, 6.00123062355e-09, 7.65805108216e-09, 7.01366165146e-09, 4.95534990819e-09, 4.54476900558e-09, 2.08272468716e-10, -4.33444460879e-11, 5.33955637951e-13, 1.48929669595e-14, 2.23406040981e-15, 1.27180419431e-15, 1.24247483148e-15], [1.24138295129e-11, 1.25860943889e-09, 6.85213108476e-10, 2.99655827929e-10, 1.7886615522e-09, 3.02155789278e-09, 7.04576397226e-09, 1.47823309149e-08, 1.72977738799e-08, 1.14714078236e-08, 7.30572669028e-09, 1.61111373131e-08, 1.07999076349e-08, 6.97188617949e-09, 7.69456498517e-09, 7.65805108216e-09, 1.0659079841e-08, 9.67235003202e-09, 7.26923454764e-09, 6.87061696425e-09, 2.89900353723e-10, -4.02044127157e-11, 6.75340913834e-13, 2.05307352472e-14, 2.00745919115e-15, 1.12922599704e-15, 1.08251604752e-15], [1.12466537819e-11, 1.11701936589e-09, 6.15402173665e-10, 2.89804347187e-10, 1.76116798922e-09, 3.00133651265e-09, 6.52676179769e-09, 1.41764679995e-08, 1.62746314203e-08, 1.13096119136e-08, 6.65788757459e-09, 1.43120999496e-08, 1.01085451121e-08, 6.21536955236e-09, 7.03649583045e-09, 7.01366165146e-09, 9.67235003202e-09, 9.22725718056e-09, 6.81423939497e-09, 6.19217388476e-09, 2.68905619993e-10, 2.07546856762e-13, 5.86003034292e-13, 1.91694465748e-14, 2.27632184817e-15, 1.07023491682e-15, 1.00279584763e-15], [9.05527736128e-12, 9.41636879581e-10, 5.03949937336e-10, 1.95874844122e-10, 1.11899689514e-09, 1.76358339044e-09, 4.75847405923e-09, 9.50626777296e-09, 1.09282130012e-08, 6.3091443181e-09, 3.75641029393e-09, 1.01990691448e-08, 6.86606815847e-09, 4.36613500909e-09, 5.14342968216e-09, 4.95534990819e-09, 7.26923454764e-09, 6.81423939497e-09, 6.09809847063e-09, 5.04567143622e-09, 2.70286820703e-10, 1.32843402945e-10, 4.32697578939e-13, 1.39281693275e-14, 9.20817775531e-16, 5.84381476959e-16, 5.54781857677e-16], [8.86092761665e-12, 9.35981736561e-10, 4.97561269963e-10, 1.81012038691e-10, 9.89221260461e-10, 1.48381484877e-09, 4.47437820128e-09, 8.58171134155e-09, 9.83904424601e-09, 5.11231412759e-09, 3.04280134422e-09, 9.40090227886e-09, 6.21998408334e-09, 3.99871735723e-09, 4.83249884553e-09, 4.54476900558e-09, 6.87061696425e-09, 6.19217388476e-09, 5.04567143622e-09, 5.15227593922e-09, 2.34020802736e-10, 1.63066556785e-11, 4.68231085415e-13, 1.3939931227e-14, 5.63142019927e-16, 4.72075443125e-16, 4.38236159245e-16], [3.55767580109e-13, 3.83360669598e-11, 2.04916431046e-11, 7.19007535802e-12, 4.10582436106e-11, 6.29375856986e-11, 1.98626476378e-10, 3.62853747049e-10, 4.23671209226e-10, 2.63147642565e-10, 1.60975829888e-10, 4.00708799475e-10, 2.59499061128e-10, 1.88435420045e-10, 2.22944496198e-10, 2.08272468716e-10, 2.89900353723e-10, 2.68905619993e-10, 2.70286820703e-10, 2.34020802736e-10, 1.2554486617e-10, 1.24423388259e-10, 4.45111748024e-14, 5.06290650815e-16, 2.01253201853e-16, 4.30377605936e-17, 4.15762383303e-17], [-2.9070099599e-14, -2.5825199184e-12, -1.50640166573e-12, -1.1679610187e-12, -7.93856733822e-12, -1.93443715907e-11, -3.09573894297e-11, -7.20841442092e-11, -1.12751287473e-10, -9.98919141848e-11, -8.29616098041e-11, -1.01435908284e-10, -6.77176717478e-11, -5.89981327681e-11, -4.02451301451e-11, -4.33444460879e-11, -4.02044127157e-11, 2.07546856762e-13, 1.32843402945e-10, 1.63066556785e-11, 1.24423388259e-10, 3.89649146282e-10, -3.62227922421e-15, -2.82914245399e-16, 3.84784145108e-16, -3.75143406354e-18, -2.92601203697e-18], [7.893651972e-16, 8.16261527771e-14, 4.41826208866e-14, 1.80457625026e-14, 1.07106238754e-13, 1.85089031775e-13, 4.79384706844e-13, 1.03563848036e-12, 1.13624051574e-12, 7.84706501167e-13, 5.20792881476e-13, 1.05862291589e-12, 7.25268694927e-13, 5.03930339298e-13, 5.37432132217e-13, 5.33955637951e-13, 6.75340913834e-13, 5.86003034292e-13, 4.32697578939e-13, 4.68231085415e-13, 4.45111748024e-14, -3.62227922421e-15, 5.44656478766e-16, 2.20483461992e-18, 7.69356138242e-19, 1.34205233475e-19, 1.33985203432e-19], [2.44934366688e-17, 2.39928329178e-15, 1.33894489615e-15, 6.65031189636e-16, 3.93956633131e-15, 6.63608555449e-15, 1.40805183675e-14, 3.11284811404e-14, 3.58635308408e-14, 2.433714207e-14, 1.28371773389e-14, 2.86430459158e-14, 2.17999006162e-14, 1.25288344762e-14, 1.5130195477e-14, 1.48929669595e-14, 2.05307352472e-14, 1.91694465748e-14, 1.39281693275e-14, 1.3939931227e-14, 5.06290650815e-16, -2.82914245399e-16, 2.20483461992e-18, 4.19158317474e-19, 2.33461465684e-19, 4.51164177808e-21, 2.77343885087e-21], [1.30245553487e-18, 2.39735966672e-17, 5.08826323352e-17, 1.30049481489e-16, 9.17561039728e-16, 1.81073515387e-15, 1.79403356998e-15, 6.30062281442e-15, 7.40793924548e-15, 7.53474092472e-15, 3.57325168667e-15, 3.2076405029e-15, 3.91749222918e-15, 1.56636688974e-15, 1.93480091669e-15, 2.23406040981e-15, 2.00745919115e-15, 2.27632184817e-15, 9.20817775531e-16, 5.63142019927e-16, 2.01253201853e-16, 3.84784145108e-16, 7.69356138242e-19, 2.33461465684e-19, 1.58309147278e-19, 2.40080711156e-21, 1.40192805784e-21], [7.19449281658e-19, 5.38327620637e-17, 3.82236819251e-17, 4.15389357934e-17, 2.83741293663e-16, 5.73499909383e-16, 8.18421074269e-16, 2.28770681801e-15, 3.43827444543e-15, 2.92229543176e-15, 2.00676991809e-15, 2.54686438328e-15, 1.84689096698e-15, 1.23173900651e-15, 1.06782574336e-15, 1.27180419431e-15, 1.12922599704e-15, 1.07023491682e-15, 5.84381476959e-16, 4.72075443125e-16, 4.30377605936e-17, -3.75143406354e-18, 1.34205233475e-19, 4.51164177808e-21, 2.40080711156e-21, 1.2335920574e-21, 1.24499820354e-21], [6.4442611975e-19, 5.01748171938e-17, 3.52566644772e-17, 3.75165450718e-17, 2.55751645786e-16, 5.23998880429e-16, 7.68625330788e-16, 2.11825533581e-15, 3.32274084549e-15, 2.78176440724e-15, 2.01959336163e-15, 2.5871865397e-15, 1.77958848185e-15, 1.23918972008e-15, 1.02749183436e-15, 1.24247483148e-15, 1.08251604752e-15, 1.00279584763e-15, 5.54781857677e-16, 4.38236159245e-16, 4.15762383303e-17, -2.92601203697e-18, 1.33985203432e-19, 2.77343885087e-21, 1.40192805784e-21, 1.24499820354e-21, 1.29551983465e-21]]
    },
    "mfcc": {
        "kurt": [4.9672794342, 0.402124643326, 1.18951654434, -1.18892800808, -0.485573530197, -0.512857675552, 0.179574728012, -0.282216072083, 0.611720085144, 0.00909495353699, 0.854740381241, 0.49201631546, 1.22538805008],
        "max": [-655.323730469, 202.577484131, 19.640838623, 107.324684143, 58.9892158508, 43.4124603271, 46.8477249146, 32.7584152222, 45.564617157, 32.7583465576, 44.5398674011, 26.252450943, 34.0953636169],
        "mean": [-1004.60656738, 55.8353462219, -31.5039520264, 23.4267425537, 0.828290402889, -1.42682480812, 11.3611936569, -3.77856945992, 7.13224935532, 7.3958530426, 1.9777841568, 2.1957757473, 0.867951631546],
        "median": [-1018.32574463, 57.2031021118, -28.277507782, 11.548084259, 5.51469421387, -0.346588134766, 10.4765663147, -3.92164611816, 5.25716018677, 9.00306510925, 2.03470230103, 2.62368774414, 0.754013061523],
        "min": [-1138.42004395, -30.3679428101, -141.37286377, -41.2935562134, -52.7587432861, -46.3277244568, -19.20728302, -32.5941925049, -34.8413619995, -23.7140426636, -31.3329219818, -27.5528831482, -29.3625144958],
        "skew": [2.10412836075, 0.529968976974, -0.991961359978, 0.458026409149, -0.247007593513, -0.0113934697583, 0.301211208105, 0.034818213433, 0.531846642494, -0.432400017977, 0.185489073396, -0.233617678285, 0.0349460877478],
        "var": [4684.77734375, 1806.40979004, 1030.98608398, 1751.35534668, 493.619873047, 412.519348145, 146.627502441, 126.679130554, 140.706558228, 114.351165771, 116.886497498, 83.8408508301, 80.330406189],
        "cov": [[4696.78955078, 2020.68505859, -1933.25, -797.842956543, -738.979858398, -488.177490234, -218.892929077, -287.449249268, 42.3696899414, -187.37387085, -100.970825195, 35.706615448, -96.1717147827], [2020.68505859, 1811.04162598, -818.400634766, -1461.33947754, -44.5014381409, -44.7722244263, -176.796569824, -71.10887146, -147.934188843, 38.776802063, -82.2450637817, 81.2155685425, 11.0759706497], [-1933.25, -818.400634766, 1033.62963867, 474.805450439, 112.460624695, 141.381973267, 108.242126465, 119.062927246, -0.920510470867, 32.254486084, 52.6725845337, 5.58189344406, 40.4777984619], [-797.842956543, -1461.33947754, 474.805450439, 1755.84594727, -243.398803711, -330.307525635, 205.194015503, 47.0899848938, 143.354141235, -105.016815186, 36.6829299927, -73.1435165405, -24.5187091827], [-738.979858398, -44.5014381409, 112.460624695, -243.398803711, 494.8855896, 183.934249878, -21.6707439423, 100.411186218, -65.9362716675, 107.293632507, -4.49541664124, -16.1840381622, 41.9041404724], [-488.177490234, -44.7722244263, 141.381973267, -330.307525635, 183.934249878, 413.577087402, -40.1904640198, -52.7208976746, 53.2945671082, 33.9243164062, 23.5179367065, 5.27013969421, 4.39786720276], [-218.892929077, -176.796569824, 108.242126465, 205.194015503, -21.6707439423, -40.1904640198, 147.003463745, 13.3128128052, -52.1079025269, 48.8264656067, -7.54255580902, -11.360783577, 10.4810285568], [-287.449249268, -71.10887146, 119.062927246, 47.0899848938, 100.411186218, -52.7208976746, 13.3128128052, 127.003944397, -33.9880943298, -2.15409493446, 44.7994537354, -18.1907520294, 0.337897777557], [42.3696899414, -147.934188843, -0.920510470867, 143.354141235, -65.9362716675, 53.2945671082, -52.1079025269, -33.9880943298, 141.067352295, -42.0456848145, -19.6406784058, 26.789888382, -5.03344392776], [-187.37387085, 38.776802063, 32.254486084, -105.016815186, 107.293632507, 33.9243164062, 48.8264656067, -2.15409493446, -42.0456848145, 114.644371033, -18.0818710327, -14.2929964066, 47.6062011719], [-100.970825195, -82.2450637817, 52.6725845337, 36.6829299927, -4.49541664124, 23.5179367065, -7.54255580902, 44.7994537354, -19.6406784058, -18.0818710327, 117.186210632, -34.8303375244, -42.2497787476], [35.706615448, 81.2155685425, 5.58189344406, -73.1435165405, -16.1840381622, 5.27013969421, -11.360783577, -18.1907520294, 26.789888382, -14.2929964066, -34.8303375244, 84.0558319092, 7.14126729965], [-96.1717147827, 11.0759706497, 40.4777984619, -24.5187091827, 41.9041404724, 4.39786720276, 10.4810285568, 0.337897777557, -5.03344392776, 47.6062011719, -42.2497787476, 7.14126729965, 80.5363769531]]
    },
    "sccoeffs": {
        "kurt": [1.00949001312, 4.1460814476, -0.221074819565, -0.0472927093506, 0.338207960129, 0.373329162598],
        "max": [-0.668790102005, -0.684390306473, -0.762611091137, -0.694977879524, -0.596575737, -0.451591879129],
        "mean": [-0.828716397285, -0.871856272221, -0.873895347118, -0.846072614193, -0.819037854671, -0.756105065346],
        "median": [-0.832284033298, -0.87607395649, -0.882293283939, -0.855659663677, -0.836098134518, -0.792325258255],
        "min": [-0.923085212708, -0.945293962955, -0.948684990406, -0.95931327343, -0.914227306843, -0.930990338326],
        "skew": [0.585223913193, 1.64063000679, 0.714747369289, 0.673923134804, 1.00069475174, 1.06792378426],
        "var": [0.00146771420259, 0.00152409262955, 0.00138766935561, 0.0020609581843, 0.00408533820882, 0.0102977016941],
        "cov": [[0.0014714775607, 0.000350817921571, 0.000300705025438, 0.000256063241977, 2.44879447564e-05, -0.000116490671644], [0.000350817921571, 0.00152800057549, 0.000469103542855, 0.000123414487462, -6.58495118842e-05, 0.000510347774252], [0.000300705025438, 0.000469103542855, 0.0013912274735, 0.000532388745341, -0.000283173896605, -0.000606399029493], [0.000256063241977, 0.000123414487462, 0.000532388745341, 0.00206624274142, 0.000636412063614, 0.000857940176502], [2.44879447564e-05, -6.58495118842e-05, -0.000283173896605, 0.000636412063614, 0.00409581325948, 0.00330414413475], [-0.000116490671644, 0.000510347774252, -0.000606399029493, 0.000857940176502, 0.00330414413475, 0.0103241065517]]
    },
    "scvalleys": {
        "kurt": [10.3734893799, 2.98440265656, 2.60241317749, 0.948173046112, 3.60964107513, 32.2942886353],
        "max": [-6.00150775909, -5.07189416885, -4.59855270386, -5.36021757126, -5.99924039841, -12.0107355118],
        "mean": [-9.67926692963, -9.5723772049, -9.64971065521, -9.7401714325, -9.97126293182, -13.4592981339],
        "median": [-9.70671272278, -9.9381570816, -10.042725563, -10.1473579407, -10.1165571213, -13.480181694],
        "min": [-11.9080286026, -12.4454278946, -13.6024131775, -12.3779773712, -13.8306102753, -15.0587902069],
        "skew": [1.68115675449, 1.74708783627, 1.63625383377, 1.08409714699, 1.02896785736, 1.13701975346],
        "var": [0.258697658777, 1.1663018465, 1.69377601147, 1.48914694786, 0.641308963299, 0.0321253202856],
        "cov": [[0.259360969067, 0.370007455349, 0.433605343103, 0.345144033432, 0.223870500922, 0.0329582318664], [0.370007455349, 1.16929233074, 1.31661784649, 1.08493459225, 0.570529937744, 0.0725419074297], [0.433605343103, 1.31661784649, 1.6981190443, 1.42251884937, 0.635665655136, 0.080696798861], [0.345144033432, 1.08493459225, 1.42251884937, 1.49296534061, 0.444065272808, 0.0570854693651], [0.223870500922, 0.570529937744, 0.635665655136, 0.444065272808, 0.642953395844, 0.0656213313341], [0.0329582318664, 0.0725419074297, 0.080696798861, 0.0570854693651, 0.0656213313341, 0.0322076939046]]
    }
},
"rhythm": {
    "beats_loudness": {
        "kurt": 12.1191778183,
        "max": 0.00381457642652,
        "mean": 0.000291465083137,
        "median": 2.47484640568e-05,
        "min": 1.27444775444e-06,
        "skew": 3.6454770565,
        "var": 7.15353507985e-07
    },
    "bpm": 133.093200684,
    "confidence": 2.21606564522,
    "first_peak_bpm": {
        "kurt": 0,
        "max": 133,
        "mean": 133,
        "median": 133,
        "min": 133,
        "skew": 0,
        "var": 0
    },
    "first_peak_spread": {
        "kurt": 0,
        "max": 0.166666686535,
        "mean": 0.166666686535,
        "median": 0.166666686535,
        "min": 0.166666686535,
        "skew": 0,
        "var": 0
    },
    "first_peak_weight": {
        "kurt": 0,
        "max": 0.263157904148,
        "mean": 0.263157904148,
        "median": 0.263157904148,
        "min": 0.263157904148,
        "skew": 0,
        "var": 0
    },
    "onset_rate": 2.65460085869,
    "second_peak_bpm": {
        "kurt": 0,
        "max": 152,
        "mean": 152,
        "median": 152,
        "min": 152,
        "skew": 0,
        "var": 0
    },
    "second_peak_spread": {
        "kurt": 0,
        "max": 0.285714328289,
        "mean": 0.285714328289,
        "median": 0.285714328289,
        "min": 0.285714328289,
        "skew": 0,
        "var": 0
    },
    "second_peak_weight": {
        "kurt": 0,
        "max": 0.263157904148,
        "mean": 0.263157904148,
        "median": 0.263157904148,
        "min": 0.263157904148,
        "skew": 0,
        "var": 0
    },
    "beats_loudness_band_ratio": {
        "kurt": [1.42161941528, -1.11324238777, -0.809032917023, -0.235671520233, 2.39064359665, -1.27092695236],
        "max": [0.34200039506, 0.0553219504654, 0.40309253335, 0.745648682117, 0.825485885143, 0.988124072552],
        "mean": [0.0696099251509, 0.0183635577559, 0.11171977222, 0.228608816862, 0.227764755487, 0.360097289085],
        "median": [0.0178479701281, 0.00754689984024, 0.0173302069306, 0.186955213547, 0.188805371523, 0.173253893852],
        "min": [0.000980199431069, 0.000491148675792, 0.000516494270414, 0.000286660622805, 0.00668652774766, 0.00264332350343],
        "skew": [1.7803350687, 0.736358344555, 0.718583405018, 0.862327158451, 1.63997888565, 0.689973831177],
        "var": [0.012914409861, 0.000377527379896, 0.0163507424295, 0.0546116158366, 0.0410630442202, 0.146537855268],
        "cov": [[0.0135941160843, 0.0013136289781, 0.00388181139715, -0.00457976805046, -0.00110891356599, -0.0127235418186], [0.0013136289781, 0.000397397234337, 0.00210804166272, 0.000868308299687, -0.000592257070821, -0.00391545146704], [0.00388181139715, 0.00210804166272, 0.0172113087028, 0.0100174956024, -0.00369437108748, -0.0285897403955], [-0.00457976805046, 0.000868308299687, 0.0100174956024, 0.0574859119952, 0.00703748269007, -0.0698246359825], [-0.00110891356599, -0.000592257070821, -0.00369437108748, 0.00703748269007, 0.0432242564857, -0.0431586839259], [-0.0127235418186, -0.00391545146704, -0.0285897403955, -0.0698246359825, -0.0431586839259, 0.154250368476]]
    },
    "beats_position": [0.394739210606, 0.789478421211, 1.18421769142, 1.59056687355, 1.99691605568, 2.39165520668, 2.77478456497, 3.16952371597, 3.54104304314, 3.92417216301, 4.31891155243, 4.79492044449, 5.28253936768, 5.75854873657, 6.21133756638, 6.66412687302, 7.11691617966, 7.55809497833, 8.01088428497, 8.46367359161],
    "bpm_estimates": [132.51210022, 132.511962891, 132.511962891, 135.999282837, 132.511962891, 132.511962891],
    "bpm_intervals": [0.394739210606, 0.39473927021, 0.406349182129, 0.406349182129, 0.394739151001, 0.383129358292, 0.394739151001, 0.371519327164, 0.383129119873, 0.39473938942, 0.476008892059, 0.487618923187, 0.476009368896, 0.452788829803, 0.452789306641, 0.452789306641, 0.441178798676, 0.452789306641, 0.452789306641],
    "onset_times": [0.139319732785, 0.325079351664, 0.406349211931, 0.580498874187, 0.696598649025, 0.905578255653, 1.07972788811, 1.2190476656, 1.4164172411, 1.59056687355, 1.74149656296, 1.92725622654, 2.10140585899, 2.35682535172, 2.64707493782, 2.96054410934, 3.06503391266, 3.14630389214, 4.56272125244, 5.39863967896, 6.04879808426, 6.66412687302, 7.34911584854, 8.0224943161],
    "histogram": [[0, 0, 0, 0, 0, 0, 0, 0, 0, 0, 0, 0, 0, 0, 0, 0, 0, 0, 0, 0, 0, 0, 0, 0, 0, 0, 0, 0, 0, 0, 0, 0, 0, 0, 0, 0, 0, 0, 0, 0, 0, 0, 0, 0, 0, 0, 0, 0, 0, 0, 0, 0, 0, 0, 0, 0, 0, 0, 0, 0, 0, 0, 0, 0, 0, 0, 0, 0, 0, 0, 0, 0, 0, 0, 0, 0, 0, 0, 0, 0, 0, 0, 0, 0, 0, 0, 0, 0, 0, 0, 0, 0, 0, 0, 0, 0, 0, 0, 0, 0, 0, 0, 0, 0, 0, 0, 0, 0, 0, 0, 0, 0, 0, 0, 0, 0, 0, 0, 0, 0, 0, 0, 0, 0.0526315793395, 0, 0, 0.105263158679, 0, 0, 0, 0, 0, 0, 0.263157904148, 0, 0, 0.0526315793395, 0, 0, 0, 0, 0, 0, 0, 0, 0, 0, 0, 0.105263158679, 0, 0, 0, 0.263157904148, 0, 0, 0, 0, 0.105263158679, 0, 0, 0, 0.0526315793395, 0, 0, 0, 0, 0, 0, 0, 0, 0, 0, 0, 0, 0, 0, 0, 0, 0, 0, 0, 0, 0, 0, 0, 0, 0, 0, 0, 0, 0, 0, 0, 0, 0, 0, 0, 0, 0, 0, 0, 0, 0, 0, 0, 0, 0, 0, 0, 0, 0, 0, 0, 0, 0, 0, 0, 0, 0, 0, 0, 0, 0, 0, 0, 0, 0, 0, 0, 0, 0, 0, 0, 0, 0, 0, 0, 0, 0, 0, 0, 0, 0, 0, 0, 0, 0, 0, 0, 0]]
},
"sfx": {
    "inharmonicity": {
        "kurt": 1.33447694778,
        "max": 0.458459615707,
        "mean": 0.081451818347,
        "median": 0.0360070057213,
        "min": 0,
        "skew": 1.44649517536,
        "var": 0.0106974290684
    },
    "oddtoevenharmonicenergyratio": {
        "kurt": 149.081588745,
        "max": 3268.40429688,
        "mean": 27.0260372162,
        "median": 0.2862624228,
        "min": 0,
        "skew": 11.9420585632,
        "var": 58199.359375
    },
    "pitch_after_max_to_before_max_energy_ratio": 1.91543579102,
    "pitch_centroid": 153.664138794,
    "pitch_max_to_total": 0.212276220322,
    "pitch_min_to_total": 0.483375966549,
    "tristimulus": {
        "kurt": [-1.46446692944, -0.728623867035, -0.760322093964],
        "max": [1, 0.996990263462, 1],
        "mean": [0.4151904881, 0.354505717754, 0.230303660035],
        "median": [0.236687719822, 0.312239199877, 0.0269058514386],
        "min": [0, 0, 0],
        "skew": [0.512077152729, 0.593518972397, 0.870055913925],
        "var": [0.159464120865, 0.0959949567914, 0.0847474485636],
        "cov": [[0.159873008728, -0.0855746567249, -0.0742983222008], [-0.0855746567249, 0.096241094172, -0.0106664784253], [-0.0742983222008, -0.0106664784253, 0.0849647521973]]
    }
},
"tonal": {
    "chords_changes_rate": 0.132653057575,
    "chords_number_rate": 0.0357142873108,
    "chords_strength": {
        "kurt": -0.189910411835,
        "max": 0.650381088257,
        "mean": 0.456916570663,
        "median": 0.455119967461,
        "min": 0.275191068649,
        "skew": 0.183082252741,
        "var": 0.00591584620997
    },
    "key_strength": 0.243017315865,
    "tuning_diatonic_strength": 0.303520739079,
    "tuning_equal_tempered_deviation": 0.278242886066,
    "tuning_frequency": 449.504882812,
    "tuning_nontempered_energy_ratio": 0.915621399879,
    "hpcp": {
        "kurt": [1.21563005447, 0.877812862396, -0.0428302288055, 0.00716257095337, 0.213492155075, 0.294580459595, 0.588305473328, 0.977526664734, 1.04604148865, 1.3762254715, 0.746084928513, 0.972507238388, 1.30460691452, 1.72487449646, 0.80969119072, 1.12395954132, 1.97895622253, 2.1348285675, 4.00043153763, 2.88088178635, 2.31663799286, 1.60658168793, 1.17975902557, 1.50890731812, 2.11517429352, 1.96030235291, 1.49945878983, 0.504955053329, -0.422245025635, -0.205223321915, -0.258996248245, 0.102594137192, -0.603340625763, -0.458335399628, -0.0227301120758, 1.19108533859],
        "max": [0.991581439972, 1, 1, 1, 1, 1, 1, 1, 1, 1, 1, 1, 1, 1, 1, 1, 1, 0.875510931015, 1, 1, 1, 1, 1, 1, 1, 1, 0.986770570278, 1, 1, 1, 1, 1, 1, 1, 1, 1],
