{
"metadata": {
    "version": {
        "essentia": "2.1-beta3"
    }
},
"lowLevel": {
    "average_loudness": 0.161732956767,
    "barkbands_kurtosis": {
        "kurt": 4.06638908386,
        "max": 16.5515556335,
        "mean": 2.16464138031,
        "median": 1.1895647049,
        "min": -1.77773880959,
        "skew": 2.02871012688,
        "var": 13.9050292969
    },
    "barkbands_skewness": {
        "kurt": 1.73114824295,
        "max": 3.12787222862,
        "mean": 0.690240502357,
        "median": 0.66279053688,
        "min": -2.57060360909,
        "skew": -0.35721424222,
        "var": 0.9315366745
    },
    "barkbands_spread": {
        "kurt": 2.44618225098,
        "max": 57.4962768555,
        "mean": 10.9058847427,
        "median": 4.56732749939,
        "min": 1.73170638084,
        "skew": 1.84222078323,
        "var": 159.200561523
    },
    "dissonance": {
        "kurt": 2.57501792908,
        "max": 0.499448031187,
        "mean": 0.44849896431,
        "median": 0.462016880512,
        "min": 0.250413179398,
        "skew": -1.48865032196,
        "var": 0.00224267970771
    },
    "hfc": {
        "kurt": 18.5307254791,
        "max": 697.244567871,
        "mean": 29.3544616699,
        "median": 0.00285924645141,
        "min": 4.84395683287e-11,
        "skew": 4.31195402145,
        "var": 12360.296875
    },
    "pitch": {
        "kurt": 2.8038225174,
        "max": 4459.93310547,
        "mean": 794.812683105,
        "median": 279.445800781,
        "min": 65.4173965454,
        "skew": 2.14422535896,
        "var": 1705070.375
    },
    "pitch_instantaneous_confidence": {
        "kurt": -0.645790100098,
        "max": 0.505243659019,
        "mean": 0.30588427186,
        "median": 0.298550724983,
        "min": 0.14548176527,
        "skew": 0.321002751589,
        "var": 0.00705248024315
    },
    "pitch_salience": {
        "kurt": 0.680034160614,
        "max": 0.948104798794,
        "mean": 0.772899031639,
        "median": 0.776925504208,
        "min": 0.645601689816,
        "skew": -0.244199037552,
        "var": 0.00272258813493
    },
    "silence_rate_20dB": {
        "kurt": 143.006622314,
        "max": 1,
        "mean": 0.993243217468,
        "median": 1,
        "min": 0,
        "skew": -12.0418872833,
        "var": 0.00671110581607
    },
    "silence_rate_30dB": {
        "kurt": 11.5090751648,
        "max": 1,
        "mean": 0.939189195633,
        "median": 1,
        "min": 0,
        "skew": -3.67544174194,
        "var": 0.0571131706238
    },
    "silence_rate_60dB": {
        "kurt": 0.704616069794,
        "max": 1,
        "mean": 0.817567586899,
        "median": 1,
        "min": 0,
        "skew": -1.64457166195,
        "var": 0.149150654674
    },
    "spectral_centroid": {
        "kurt": 4.46224212646,
        "max": 5239.28662109,
        "mean": 1078.05944824,
        "median": 561.081787109,
        "min": 327.924377441,
        "skew": 2.35526037216,
        "var": 1402852.375
    },
    "spectral_complexity": {
        "kurt": 4.322930336,
        "max": 66,
        "mean": 7.85135126114,
        "median": 0,
        "min": 0,
        "skew": 2.36658215523,
        "var": 293.410827637
    },
    "spectral_crest": {
        "kurt": 0.431716918945,
        "max": 15.2945518494,
        "mean": 7.57293844223,
        "median": 7.38041496277,
        "min": 3.17534542084,
        "skew": 0.537247538567,
        "var": 4.98696899414
    },
    "spectral_decrease": {
        "kurt": 16.0298538208,
        "max": -1.28551914834e-21,
        "mean": -3.82188769521e-09,
        "median": -1.49407656386e-12,
        "min": -7.86950309362e-08,
        "skew": -4.09485626221,
        "var": 1.91119643779e-16
    },
    "spectral_energy": {
        "kurt": 15.854883194,
        "max": 0.350592195988,
        "mean": 0.0170872174203,
        "median": 5.89857791056e-06,
        "min": 9.24545355774e-15,
        "skew": 4.07796049118,
        "var": 0.00384334777482
    },
    "spectral_energyband_high": {
        "kurt": 26.9344043732,
        "max": 0.0517280474305,
        "mean": 0.00163637043443,
        "median": 5.98952970554e-11,
        "min": 5.74608813154e-15,
        "skew": 4.90890836716,
        "var": 4.31825319538e-05
    },
    "spectral_energyband_low": {
        "kurt": 36.943069458,
        "max": 0.0314198359847,
        "mean": 0.000846866401844,
        "median": 4.8982276013e-08,
        "min": 8.5990495292e-18,
        "skew": 5.76103973389,
        "var": 1.36486532938e-05
    },
    "spectral_energyband_middle_high": {
        "kurt": 17.9769477844,
        "max": 0.173494577408,
        "mean": 0.00786128360778,
        "median": 5.80802179684e-07,
        "min": 3.44292296224e-15,
        "skew": 4.26754140854,
        "var": 0.000863740395289
    },
    "spectral_energyband_middle_low": {
        "kurt": 19.744184494,
        "max": 0.162996783853,
        "mean": 0.00712095946074,
        "median": 5.42169163964e-06,
        "min": 5.29746349701e-17,
        "skew": 4.48410367966,
        "var": 0.000692826521117
    },
    "spectral_flatness_db": {
        "kurt": -1.28485012054,
        "max": 0.44983252883,
        "mean": 0.266864418983,
        "median": 0.279409348965,
        "min": 0.0839274898171,
        "skew": -0.191302508116,
        "var": 0.0101071428508
    },
    "spectral_flux": {
        "kurt": 8.23968791962,
        "max": 0.393557339907,
        "mean": 0.0345981791615,
        "median": 0.00155941175763,
        "min": 4.55388681075e-06,
        "skew": 3.03246283531,
        "var": 0.00673978030682
    },
    "spectral_kurtosis": {
        "kurt": 0.18016576767,
        "max": 231.078811646,
        "mean": 53.6146202087,
        "median": 25.1831245422,
        "min": 0.222185134888,
        "skew": 1.1342048645,
        "var": 3780.58056641
    },
    "spectral_rms": {
        "kurt": 9.91509628296,
        "max": 0.018494354561,
        "mean": 0.00154246366583,
        "median": 7.5803589425e-05,
        "min": 3.00332403391e-09,
        "skew": 3.26581430435,
        "var": 1.42912695082e-05
    },
    "spectral_rolloff": {
        "kurt": 1.79013061523,
        "max": 7644.28710938,
        "mean": 1688.46496582,
        "median": 775.1953125,
        "min": 495.263671875,
        "skew": 1.74709939957,
        "var": 3168410.75
    },
    "spectral_skewness": {
        "kurt": -1.09814834595,
        "max": 12.1861019135,
        "mean": 4.81354761124,
        "median": 3.83221006393,
        "min": 0.697253465652,
        "skew": 0.501701235771,
        "var": 11.8941135406
    },
    "spectral_spread": {
        "kurt": 0.155617237091,
        "max": 12139418,
        "mean": 3524891.75,
        "median": 1861153.25,
        "min": 423426.25,
        "skew": 1.22730410099,
        "var": 1.21916652257e+13
    },
    "spectral_strongpeak": {
        "kurt": 111.220039368,
        "max": 10.2370882034,
        "mean": 0.205727130175,
        "median": 0.0100808758289,
        "min": 3.12796316848e-07,
        "skew": 10.1148424149,
        "var": 0.774580180645
    },
    "zerocrossingrate": {
        "kurt": 12.2642183304,
        "max": 0.48974609375,
        "mean": 0.0593690611422,
        "median": 0.030029296875,
        "min": 0.01611328125,
        "skew": 3.13883137703,
        "var": 0.00464962935075
    },
    "barkbands": {
        "kurt": [88.8023071289, 35.8655929565, 43.6132316589, 46.4475593567, 27.3264980316, 33.3844985962, 44.2682304382, 16.9574756622, 37.7022743225, 25.1021747589, 31.7049446106, 24.0951156616, 23.8852863312, 15.659444809, 45.8650512695, 27.5543308258, 28.581993103, 23.1515674591, 18.1974658966, 18.8020057678, 30.0460319519, 21.8428821564, 16.2773094177, 17.9852695465, 22.3733081818, 29.4847297668, 30.1103515625],
        "max": [0.000165338002262, 0.00364066660404, 0.0208187960088, 0.0216036252677, 0.0596501752734, 0.0626609548926, 0.0333908200264, 0.0166489221156, 0.0251910220832, 0.0182643439621, 0.0122616803274, 0.00769418710843, 0.0102312229574, 0.00777720659971, 0.0211303476244, 0.0255242269486, 0.0345747172832, 0.0323826372623, 0.0280855931342, 0.0316460803151, 0.0255658384413, 0.0062756803818, 0.00127728492953, 0.000511646852829, 0.000230653211474, 1.23779536807e-05, 1.00987705309e-07],
        "mean": [2.30277032642e-06, 0.000100199838926, 0.000496552616823, 0.000537417654414, 0.00200539641082, 0.00183833716437, 0.00100143812597, 0.000808652897831, 0.000756414898206, 0.000663173035719, 0.000435179739725, 0.000302439089864, 0.000371745787561, 0.000371486064978, 0.000552076264285, 0.000855487014633, 0.00112979684491, 0.001262571197, 0.00122107204515, 0.00128991156816, 0.000765619275626, 0.000232765698456, 5.69428921153e-05, 2.16232801904e-05, 8.27328858577e-06, 3.56627111842e-07, 3.27859739357e-09],
        "median": [2.60017563036e-11, 3.81515352643e-09, 1.70147060885e-08, 5.96612039772e-08, 5.1702897963e-07, 1.01864475255e-06, 1.12159500532e-06, 9.25040922084e-07, 9.48228205289e-07, 4.72718170386e-07, 1.5887509619e-07, 5.06738260242e-08, 1.51011629868e-08, 1.90553972601e-09, 2.7442748074e-10, 3.13306602884e-11, 2.22293988772e-11, 2.79480431853e-11, 4.60646902567e-11, 5.65210031556e-11, 2.37921141122e-11, 1.31853642588e-11, 4.65316760817e-12, 3.465539921e-12, 3.11508110973e-12, 2.84990401504e-13, 8.01700421544e-14],
        "min": [2.90043147653e-18, 4.44484550898e-18, 1.67936534406e-18, 1.10162280298e-18, 3.41197030709e-18, 3.75178602889e-18, 6.3603033993e-18, 1.22181466889e-17, 1.7794216693e-17, 3.4504535616e-17, 2.28398397586e-17, 2.26241011287e-17, 1.00225545715e-17, 1.44653904452e-17, 1.63609800362e-16, 9.00047217411e-17, 1.41410760881e-16, 4.90117244902e-16, 1.97329898766e-15, 6.04612011871e-16, 1.24229960154e-15, 2.24284371796e-15, 7.78157733698e-16, 9.50308604019e-16, 3.88533271752e-16, 1.97310501711e-17, 1.36710776475e-18],
        "skew": [9.01863765717, 5.78690433502, 6.29550790787, 6.39502906799, 5.27832603455, 5.55661392212, 6.42104911804, 4.14983558655, 5.60352563858, 4.97386789322, 5.36232995987, 4.62996101379, 4.72186088562, 4.07199573517, 6.54763221741, 5.14378023148, 5.27075147629, 4.76842498779, 4.27582168579, 4.35039806366, 5.10055589676, 4.64150190353, 4.07561731339, 4.32539558411, 4.76544523239, 5.1979470253, 5.33946752548],
        "var": [2.31172220255e-10, 2.04236982881e-07, 5.57810972168e-06, 5.61329443372e-06, 8.10803539935e-05, 5.97047437623e-05, 1.74463548319e-05, 7.3954124673e-06, 8.16914780444e-06, 6.79657341607e-06, 2.75765000879e-06, 1.02974627225e-06, 1.88934257039e-06, 1.87331841062e-06, 6.48904369882e-06, 1.25410033434e-05, 2.35357692873e-05, 2.59047901636e-05, 2.14946630877e-05, 2.52754362009e-05, 9.68666972767e-06, 9.073303886e-07, 4.46710757274e-08, 7.59608997924e-09, 1.25461052658e-09, 2.40868956725e-12, 2.02986323907e-16],
        "cov": [[2.32744823414e-10, 5.70439429026e-09, 1.02927737444e-08, 1.80745711731e-08, 9.07844892595e-08, 7.3046003024e-08, 2.30142482849e-08, 1.1769912156e-08, 1.65038240851e-08, 9.87968373778e-09, 9.53924583769e-09, 6.89272949828e-09, 8.35966229573e-09, 1.03812629604e-08, 1.4985285901e-08, 1.84795752034e-08, 2.9270784907e-08, 3.20758282157e-08, 3.61687817474e-08, 4.07269027392e-08, 1.94231724038e-08, 7.81393882932e-09, 1.48193823879e-09, 6.68846311669e-10, 3.25860033401e-10, 1.11821957943e-11, 1.19638646863e-13], [5.70439429026e-09, 2.05626349725e-07, 7.97111738393e-07, 9.23163213429e-07, 3.62927335118e-06, 2.7686608064e-06, 1.03726335965e-06, 7.79661661454e-07, 6.82076347402e-07, 7.11340419457e-07, 4.39851987721e-07, 3.09141967136e-07, 3.84108886919e-07, 4.78912284052e-07, 6.62753961933e-07, 8.9977351081e-07, 1.23920892747e-06, 1.40664792525e-06, 1.39445057812e-06, 1.53707492245e-06, 8.78603486854e-07, 3.17964747865e-07, 6.34544576883e-08, 2.98081772598e-08, 1.26472610162e-08, 5.11388265068e-10, 4.90509195761e-12], [1.02927737444e-08, 7.97111738393e-07, 5.61605611438e-06, 5.23440394318e-06, 1.64818247868e-05, 1.13206369861e-05, 5.7161391851e-06, 4.91930723001e-06, 3.24125767293e-06, 4.93130073664e-06, 2.0622824195e-06, 1.70961141066e-06, 2.14674560084e-06, 2.48520336754e-06, 3.15588590638e-06, 4.99212865179e-06, 5.65728123547e-06, 7.08972083885e-06, 7.16975273463e-06, 7.5361749623e-06, 5.01193517266e-06, 1.55350119257e-06, 3.24657122519e-07, 1.56361707582e-07, 6.04940737503e-08, 2.84995893551e-09, 2.3026431456e-11], [1.80745711731e-08, 9.23163213429e-07, 5.23440394318e-06, 5.65148002352e-06, 1.82054991456e-05, 1.18166080938e-05, 5.91136085859e-06, 5.00602800457e-06, 3.75848730982e-06, 4.87671604787e-06, 2.09818404073e-06, 1.72331544945e-06, 2.01156331059e-06, 2.54890983342e-06, 2.65491280516e-06, 4.3972045205e-06, 5.81572930969e-06, 6.87140027367e-06, 7.29709927327e-06, 7.80384107202e-06, 4.65124367111e-06, 1.51906453993e-06, 3.14187076356e-07, 1.47796868077e-07, 6.20712654609e-08, 2.61681742941e-09, 2.12156438251e-11], [9.07844892595e-08, 3.62927335118e-06, 1.64818247868e-05, 1.82054991456e-05, 8.16319152364e-05, 5.86479181948e-05, 3.16337609547e-05, 1.78881073225e-05, 1.58394923346e-05, 1.88794929272e-05, 9.33889077714e-06, 7.76277465775e-06, 9.81029825198e-06, 1.02281983345e-05, 1.36679773277e-05, 1.97737008421e-05, 2.74831145362e-05, 3.31827395712e-05, 3.06790461764e-05, 3.50735790562e-05, 1.86343495443e-05, 6.60033674649e-06, 1.38886207424e-06, 6.59830732275e-07, 2.92889779985e-07, 1.23831300769e-08, 1.10821414545e-10], [7.3046003024e-08, 2.7686608064e-06, 1.13206369861e-05, 1.18166080938e-05, 5.86479181948e-05, 6.01108986302e-05, 2.35166153288e-05, 1.52938810061e-05, 1.43034849316e-05, 1.36346307045e-05, 1.00241968539e-05, 6.64998469802e-06, 8.22787660582e-06, 9.41141661315e-06, 1.54753088282e-05, 1.98728175747e-05, 3.11673575197e-05, 3.28516944137e-05, 3.00855936075e-05, 3.16669938911e-05, 1.79333910637e-05, 6.46631451673e-06, 1.37465144689e-06, 5.96365680394e-07, 2.4182597258e-07, 1.00039176942e-08, 9.93432003327e-11], [2.30142482849e-08, 1.03726335965e-06, 5.7161391851e-06, 5.91136085859e-06, 3.16337609547e-05, 2.35166153288e-05, 1.75650384335e-05, 8.45099657454e-06, 8.4367557065e-06, 9.32434340939e-06, 4.22661059929e-06, 3.92179617847e-06, 5.15968031323e-06, 4.42409918833e-06, 6.14595182924e-06, 1.01060077213e-05, 1.37811694003e-05, 1.68271144503e-05, 1.4847755665e-05, 1.71522351593e-05, 8.82009317138e-06, 2.86661861537e-06, 6.65689242396e-07, 2.97049780329e-07, 1.31549299454e-07, 5.74726666258e-09, 4.82924984724e-11], [1.1769912156e-08, 7.79661661454e-07, 4.91930723001e-06, 5.00602800457e-06, 1.78881073225e-05, 1.52938810061e-05, 8.45099657454e-06, 7.44572116673e-06, 5.97053531237e-06, 6.42757777314e-06, 3.8637012949e-06, 2.37472863773e-06, 3.12985275741e-06, 3.3417177292e-06, 4.88979503643e-06, 7.77049353928e-06, 1.12925481517e-05, 1.20041613627e-05, 1.08471504063e-05, 1.1871839888e-05, 7.22395861885e-06, 2.1403241135e-06, 4.85685689e-07, 1.97722116013e-07, 7.64418217614e-08, 3.24577076327e-09, 2.79022360772e-11], [1.65038240851e-08, 6.82076347402e-07, 3.24125767293e-06, 3.75848730982e-06, 1.58394923346e-05, 1.43034849316e-05, 8.4367557065e-06, 5.97053531237e-06, 8.2247206592e-06, 4.89656849822e-06, 3.43478177456e-06, 2.20638412429e-06, 3.23238145938e-06, 3.32401214109e-06, 4.77861613035e-06, 8.31586658023e-06, 1.02782769318e-05, 1.15664852274e-05, 1.02101985249e-05, 1.11516255856e-05, 6.66089408696e-06, 2.0446527742e-06, 5.2996483646e-07, 1.91778852354e-07, 6.95837414355e-08, 2.89744472859e-09, 2.64684003881e-11], [9.87968373778e-09, 7.11340419457e-07, 4.93130073664e-06, 4.87671604787e-06, 1.88794929272e-05, 1.36346307045e-05, 9.32434340939e-06, 6.42757777314e-06, 4.89656849822e-06, 6.84280848873e-06, 3.29823387801e-06, 2.30657224165e-06, 2.97522115034e-06, 2.79541200143e-06, 3.35334721058e-06, 6.0130928432e-06, 8.34664297145e-06, 9.70752989815e-06, 9.22853996599e-06, 1.02298190541e-05, 5.67955203223e-06, 1.69853637999e-06, 4.01777327852e-07, 1.76436628863e-07, 7.31992741976e-08, 3.33967342669e-09, 2.70998189167e-11], [9.53924583769e-09, 4.39851987721e-07, 2.0622824195e-06, 2.09818404073e-06, 9.33889077714e-06, 1.00241968539e-05, 4.22661059929e-06, 3.8637012949e-06, 3.43478177456e-06, 3.29823387801e-06, 2.77640970126e-06, 1.21007280995e-06, 1.76924424977e-06, 1.78791128747e-06, 3.0925439205e-06, 4.57405758425e-06, 6.78175638313e-06, 6.92840649208e-06, 5.9679550759e-06, 6.52860080663e-06, 3.90567993236e-06, 1.19669300602e-06, 2.88692291406e-07, 1.10173203893e-07, 3.97445738543e-08, 1.73952308113e-09, 1.76954284559e-11], [6.89272949828e-09, 3.09141967136e-07, 1.70961141066e-06, 1.72331544945e-06, 7.76277465775e-06, 6.64998469802e-06, 3.92179617847e-06, 2.37472863773e-06, 2.20638412429e-06, 2.30657224165e-06, 1.21007280995e-06, 1.03675131413e-06, 1.29837189888e-06, 1.26702832404e-06, 1.86638544619e-06, 2.86565818897e-06, 4.04678303312e-06, 4.6141308303e-06, 4.3731288315e-06, 4.7470134632e-06, 2.66832739726e-06, 8.49009495596e-07, 1.92433219581e-07, 8.11091567243e-08, 3.40036336866e-08, 1.44702394511e-09, 1.23679955166e-11], [8.35966229573e-09, 3.84108886919e-07, 2.14674560084e-06, 2.01156331059e-06, 9.81029825198e-06, 8.22787660582e-06, 5.15968031323e-06, 3.12985275741e-06, 3.23238145938e-06, 2.97522115034e-06, 1.76924424977e-06, 1.29837189888e-06, 1.90219532215e-06, 1.67315045019e-06, 2.88221235678e-06, 4.50704237664e-06, 5.45545435671e-06, 6.53926463201e-06, 5.66889411857e-06, 6.44231431579e-06, 3.84970917366e-06, 1.16706257813e-06, 2.73684463536e-07, 1.13689957004e-07, 4.45531966875e-08, 2.01128069754e-09, 1.78296787057e-11], [1.03812629604e-08, 4.78912284052e-07, 2.48520336754e-06, 2.54890983342e-06, 1.02281983345e-05, 9.41141661315e-06, 4.42409918833e-06, 3.3417177292e-06, 3.32401214109e-06, 2.79541200143e-06, 1.78791128747e-06, 1.26702832404e-06, 1.67315045019e-06, 1.886062023e-06, 2.9473876566e-06, 4.3244290282e-06, 5.92915421294e-06, 6.4945224949e-06, 5.91607658862e-06, 6.32727596894e-06, 3.88579519495e-06, 1.25346434743e-06, 2.7588120588e-07, 1.14608852186e-07, 4.43142624817e-08, 1.851139797e-09, 1.68878817181e-11], [1.4985285901e-08, 6.62753961933e-07, 3.15588590638e-06, 2.65491280516e-06, 1.36679773277e-05, 1.54753088282e-05, 6.14595182924e-06, 4.88979503643e-06, 4.77861613035e-06, 3.35334721058e-06, 3.0925439205e-06, 1.86638544619e-06, 2.88221235678e-06, 2.9473876566e-06, 6.53318693367e-06, 8.51508957567e-06, 1.10828532343e-05, 1.209380207e-05, 9.67040432442e-06, 1.07640544229e-05, 7.23954099158e-06, 2.26308611673e-06, 4.79725201785e-07, 1.97596079943e-07, 7.13797163598e-08, 3.08911363156e-09, 3.10010836446e-11], [1.84795752034e-08, 8.9977351081e-07, 4.99212865179e-06, 4.3972045205e-06, 1.97737008421e-05, 1.98728175747e-05, 1.01060077213e-05, 7.77049353928e-06, 8.31586658023e-06, 6.0130928432e-06, 4.57405758425e-06, 2.86565818897e-06, 4.50704237664e-06, 4.3244290282e-06, 8.51508957567e-06, 1.26263166749e-05, 1.51518070197e-05, 1.72084564838e-05, 1.43477509482e-05, 1.60089330166e-05, 1.05968856587e-05, 3.15297688758e-06, 7.18417936696e-07, 2.8693295917e-07, 1.02116622713e-07, 4.55784654463e-09, 4.25907711876e-11], [2.9270784907e-08, 1.23920892747e-06, 5.65728123547e-06, 5.81572930969e-06, 2.74831145362e-05, 3.11673575197e-05, 1.37811694003e-05, 1.12925481517e-05, 1.02782769318e-05, 8.34664297145e-06, 6.78175638313e-06, 4.04678303312e-06, 5.45545435671e-06, 5.92915421294e-06, 1.10828532343e-05, 1.51518070197e-05, 2.36958767346e-05, 2.39697419602e-05, 2.05521737371e-05, 2.23957267735e-05, 1.36290900628e-05, 4.26760834671e-06, 9.18779903714e-07, 3.63212677712e-07, 1.40561780881e-07, 5.5429958401e-09, 5.35847408112e-11], [3.20758282157e-08, 1.40664792525e-06, 7.08972083885e-06, 6.87140027367e-06, 3.31827395712e-05, 3.28516944137e-05, 1.68271144503e-05, 1.20041613627e-05, 1.15664852274e-05, 9.70752989815e-06, 6.92840649208e-06, 4.6141308303e-06, 6.53926463201e-06, 6.4945224949e-06, 1.209380207e-05, 1.72084564838e-05, 2.39697419602e-05, 2.6081013857e-05, 2.22195976676e-05, 2.47459702223e-05, 1.51577023644e-05, 4.68267307951e-06, 1.02836008864e-06, 4.18788033585e-07, 1.62838063034e-07, 6.82654288653e-09, 6.34444094483e-11], [3.61687817474e-08, 1.39445057812e-06, 7.16975273463e-06, 7.29709927327e-06, 3.06790461764e-05, 3.00855936075e-05, 1.4847755665e-05, 1.08471504063e-05, 1.02101985249e-05, 9.22853996599e-06, 5.9679550759e-06, 4.3731288315e-06, 5.66889411857e-06, 5.91607658862e-06, 9.67040432442e-06, 1.43477509482e-05, 2.05521737371e-05, 2.22195976676e-05, 2.16408843698e-05, 2.29994475376e-05, 1.37268280014e-05, 4.22732409788e-06, 9.21728883441e-07, 3.73461716663e-07, 1.50140095911e-07, 6.14492456918e-09, 5.42849341867e-11], [4.07269027392e-08, 1.53707492245e-06, 7.5361749623e-06, 7.80384107202e-06, 3.50735790562e-05, 3.16669938911e-05, 1.71522351593e-05, 1.1871839888e-05, 1.11516255856e-05, 1.02298190541e-05, 6.52860080663e-06, 4.7470134632e-06, 6.44231431579e-06, 6.32727596894e-06, 1.07640544229e-05, 1.60089330166e-05, 2.23957267735e-05, 2.47459702223e-05, 2.29994475376e-05, 2.54473779933e-05, 1.50304631461e-05, 4.58177601104e-06, 9.97503093458e-07, 4.0941614543e-07, 1.67579599974e-07, 6.88938284199e-09, 6.09682165864e-11], [1.94231724038e-08, 8.78603486854e-07, 5.01193517266e-06, 4.65124367111e-06, 1.86343495443e-05, 1.79333910637e-05, 8.82009317138e-06, 7.22395861885e-06, 6.66089408696e-06, 5.67955203223e-06, 3.90567993236e-06, 2.66832739726e-06, 3.84970917366e-06, 3.88579519495e-06, 7.23954099158e-06, 1.05968856587e-05, 1.36290900628e-05, 1.51577023644e-05, 1.37268280014e-05, 1.50304631461e-05, 9.7525653473e-06, 2.87823490908e-06, 6.23024561719e-07, 2.53387753446e-07, 9.5609834716e-08, 4.08363032278e-09, 3.64302858713e-11], [7.81393882932e-09, 3.17964747865e-07, 1.55350119257e-06, 1.51906453993e-06, 6.60033674649e-06, 6.46631451673e-06, 2.86661861537e-06, 2.1403241135e-06, 2.0446527742e-06, 1.69853637999e-06, 1.19669300602e-06, 8.49009495596e-07, 1.16706257813e-06, 1.25346434743e-06, 2.26308611673e-06, 3.15297688758e-06, 4.26760834671e-06, 4.68267307951e-06, 4.22732409788e-06, 4.58177601104e-06, 2.87823490908e-06, 9.13502731237e-07, 1.92771494767e-07, 8.10684781527e-08, 3.14359915876e-08, 1.31205868392e-09, 1.21814589665e-11], [1.48193823879e-09, 6.34544576883e-08, 3.24657122519e-07, 3.14187076356e-07, 1.38886207424e-06, 1.37465144689e-06, 6.65689242396e-07, 4.85685689e-07, 5.2996483646e-07, 4.01777327852e-07, 2.88692291406e-07, 1.92433219581e-07, 2.73684463536e-07, 2.7588120588e-07, 4.79725201785e-07, 7.18417936696e-07, 9.18779903714e-07, 1.02836008864e-06, 9.21728883441e-07, 9.97503093458e-07, 6.23024561719e-07, 1.92771494767e-07, 4.49749606446e-08, 1.76328818213e-08, 6.55120313553e-09, 2.8309268818e-10, 2.62300489488e-12], [6.68846311669e-10, 2.98081772598e-08, 1.56361707582e-07, 1.47796868077e-07, 6.59830732275e-07, 5.96365680394e-07, 2.97049780329e-07, 1.97722116013e-07, 1.91778852354e-07, 1.76436628863e-07, 1.10173203893e-07, 8.11091567243e-08, 1.13689957004e-07, 1.14608852186e-07, 1.97596079943e-07, 2.8693295917e-07, 3.63212677712e-07, 4.18788033585e-07, 3.73461716663e-07, 4.0941614543e-07, 2.53387753446e-07, 8.10684781527e-08, 1.76328818213e-08, 7.6477641997e-09, 2.96406255096e-09, 1.30534735798e-10, 1.19114917582e-12], [3.25860033401e-10, 1.26472610162e-08, 6.04940737503e-08, 6.20712654609e-08, 2.92889779985e-07, 2.4182597258e-07, 1.31549299454e-07, 7.64418217614e-08, 6.95837414355e-08, 7.31992741976e-08, 3.97445738543e-08, 3.40036336866e-08, 4.45531966875e-08, 4.43142624817e-08, 7.13797163598e-08, 1.02116622713e-07, 1.40561780881e-07, 1.62838063034e-07, 1.50140095911e-07, 1.67579599974e-07, 9.5609834716e-08, 3.14359915876e-08, 6.55120313553e-09, 2.96406255096e-09, 1.26314525506e-09, 5.32103285045e-11, 4.72205174268e-13], [1.11821957943e-11, 5.11388265068e-10, 2.84995893551e-09, 2.61681742941e-09, 1.23831300769e-08, 1.00039176942e-08, 5.74726666258e-09, 3.24577076327e-09, 2.89744472859e-09, 3.33967342669e-09, 1.73952308113e-09, 1.44702394511e-09, 2.01128069754e-09, 1.851139797e-09, 3.08911363156e-09, 4.55784654463e-09, 5.5429958401e-09, 6.82654288653e-09, 6.14492456918e-09, 6.88938284199e-09, 4.08363032278e-09, 1.31205868392e-09, 2.8309268818e-10, 1.30534735798e-10, 5.32103285045e-11, 2.42507533152e-12, 2.14071432971e-14], [1.19638646863e-13, 4.90509195761e-12, 2.3026431456e-11, 2.12156438251e-11, 1.10821414545e-10, 9.93432003327e-11, 4.82924984724e-11, 2.79022360772e-11, 2.64684003881e-11, 2.70998189167e-11, 1.76954284559e-11, 1.23679955166e-11, 1.78296787057e-11, 1.68878817181e-11, 3.10010836446e-11, 4.25907711876e-11, 5.35847408112e-11, 6.34444094483e-11, 5.42849341867e-11, 6.09682165864e-11, 3.64302858713e-11, 1.21814589665e-11, 2.62300489488e-12, 1.19114917582e-12, 4.72205174268e-13, 2.14071432971e-14, 2.043671729e-16]]
    },
    "mfcc": {
        "kurt": [0.355766773224, -1.28643798828, -0.672825574875, 0.0883383750916, -1.19376206398, -1.24774265289, -0.999419212341, -0.550552129745, -0.0236170291901, -0.539674520493, -0.711172103882, -0.478524684906, 0.2815990448],
        "max": [-425.505310059, 197.553283691, 43.2273597717, 52.6396560669, 1.87887573242, 7.68350219727, 10.7667999268, 11.5532169342, 3.09523010254, 2.10688018799, 8.39740371704, 6.0293636322, 9.89343643188],
        "mean": [-966.360717773, 82.4530944824, -5.69518995285, -0.568133175373, -20.554769516, -18.5539951324, -10.7317800522, -8.73702526093, -6.94746017456, -7.09580469131, -6.20362997055, -4.68525409698, -3.63343524933],
        "median": [-1060.73962402, 81.4599380493, -6.103515625e-05, 8.01086425781e-05, -22.3148841858, -21.0922012329, -10.6197013855, -9.32633972168, -6.17169952393, -6.28852081299, -5.84014701843, -3.64750671387, -3.35714435577],
        "min": [-1138.42004395, -71.5727996826, -109.189727783, -48.8038101196, -54.2210998535, -57.2638511658, -34.2502822876, -25.3040008545, -25.9202194214, -25.8861160278, -22.3132839203, -19.9074020386, -15.4971656799],
        "skew": [1.22479629517, 0.142339095473, -0.745365977287, 0.288684785366, -0.0927050188184, -0.0279105305672, -0.135234564543, -0.127925336361, -0.705668091774, -0.469994693995, -0.357384264469, -0.548336267471, -0.0935750901699],
        "var": [42559.1484375, 4657.76025391, 1467.63635254, 560.32824707, 262.102600098, 221.756622314, 81.349029541, 50.1958580017, 37.3971557617, 36.689743042, 36.3855285645, 26.2344150543, 20.5377788544],
        "cov": [[42848.6679688, 8535.59570312, -6033.25341797, 2862.99633789, -1188.45275879, -332.017181396, 14.6002435684, -417.240783691, -288.729064941, -420.954956055, -366.293121338, -139.32093811, -131.135864258], [8535.59570312, 4689.44580078, -1148.64868164, -128.649780273, -781.370422363, -706.620910645, -196.708465576, -331.451721191, -274.640991211, -278.272186279, -190.162033081, -132.537734985, -103.250907898], [-6033.25341797, -1148.64868164, 1477.62023926, -519.663208008, 19.0343036652, -45.0423355103, -135.539810181, 35.8719940186, -2.88687825203, 14.3955173492, -22.4427108765, -47.4441490173, -24.5088214874], [2862.99633789, -128.649780273, -519.663208008, 564.140014648, 118.590705872, 155.134307861, 72.7219085693, 19.2941551208, 53.5452842712, 41.5704231262, 29.8037376404, 25.1832027435, 22.7525577545], [-1188.45275879, -781.370422363, 19.0343036652, 118.590705872, 263.8855896, 192.967956543, 76.2121047974, 58.8329467773, 62.2123451233, 71.3090896606, 53.320110321, 32.5364265442, 24.629693985], [-332.017181396, -706.620910645, -45.0423355103, 155.134307861, 192.967956543, 223.265167236, 85.5688476562, 68.9542694092, 56.0484886169, 55.1225624084, 43.3623962402, 30.0773983002, 25.6556091309], [14.6002435684, -196.708465576, -135.539810181, 72.7219085693, 76.2121047974, 85.5688476562, 81.9024200439, 34.6179199219, 26.2310657501, 21.019285202, 23.2467517853, 23.5690860748, 17.6866321564], [-417.240783691, -331.451721191, 35.8719940186, 19.2941551208, 58.8329467773, 68.9542694092, 34.6179199219, 50.5373268127, 28.4039573669, 22.3475093842, 14.5234975815, 11.0778112411, 9.75829219818], [-288.729064941, -274.640991211, -2.88687825203, 53.5452842712, 62.2123451233, 56.0484886169, 26.2310657501, 28.4039573669, 37.6515617371, 28.2685146332, 19.1624755859, 13.1936264038, 9.42919540405], [-420.954956055, -278.272186279, 14.3955173492, 41.5704231262, 71.3090896606, 55.1225624084, 21.019285202, 22.3475093842, 28.2685146332, 36.9393348694, 26.8247890472, 16.5829658508, 10.5231580734], [-366.293121338, -190.162033081, -22.4427108765, 29.8037376404, 53.320110321, 43.3623962402, 23.2467517853, 14.5234975815, 19.1624755859, 26.8247890472, 36.6330490112, 23.8392467499, 13.1873502731], [-139.32093811, -132.537734985, -47.4441490173, 25.1832027435, 32.5364265442, 30.0773983002, 23.5690860748, 11.0778112411, 13.1936264038, 16.5829658508, 23.8392467499, 26.4128799438, 16.3521137238], [-131.135864258, -103.250907898, -24.5088214874, 22.7525577545, 24.629693985, 25.6556091309, 17.6866321564, 9.75829219818, 9.42919540405, 10.5231580734, 13.1873502731, 16.3521137238, 20.6774921417]]
    },
    "sccoeffs": {
        "kurt": [0.128663539886, 1.44756412506, 1.24425077438, -0.514311790466, -0.336901426315, 0.083393573761],
        "max": [-0.438709884882, -0.572434842587, -0.671411037445, -0.660580515862, -0.717728793621, -0.645296633244],
        "mean": [-0.710045456886, -0.843355834484, -0.84248071909, -0.828569769859, -0.873646497726, -0.857142150402],
        "median": [-0.724945783615, -0.853434562683, -0.845939338207, -0.819857358932, -0.908229410648, -0.904281079769],
        "min": [-0.975367486477, -0.971742987633, -0.984351217747, -0.940822124481, -0.936945736408, -0.945972084999],
        "skew": [0.364458918571, 1.15591979027, 0.463827490807, -0.293118149042, 0.86834448576, 1.15007150173],
        "var": [0.0099433241412, 0.00566624244675, 0.00234778318554, 0.00351518113166, 0.00325444340706, 0.00603978149593],
        "cov": [[0.0100109660998, 0.00574708590284, 0.00363006512634, 0.00329199060798, 0.00443879794329, 0.00602062325925], [0.00574708590284, 0.00570478849113, 0.00244421768002, 0.00232384237461, 0.00351932225749, 0.00490212300792], [0.00363006512634, 0.00244421768002, 0.0023637546692, 0.00162106368225, 0.00192194408737, 0.00258007715456], [0.00329199060798, 0.00232384237461, 0.00162106368225, 0.00353909400292, 0.00131382292602, 0.00190814735834], [0.00443879794329, 0.00351932225749, 0.00192194408737, 0.00131382292602, 0.00327658257447, 0.00411143014207], [0.00602062325925, 0.00490212300792, 0.00258007715456, 0.00190814735834, 0.00411143014207, 0.00608086818829]]
    },
    "scvalleys": {
        "kurt": [0.168949365616, 0.335821866989, -0.548923015594, -1.26656663418, -0.769375801086, 0.530373334885],
        "max": [-3.83951973915, -3.47523736954, -4.0028014183, -4.03793430328, -4.14434194565, -6.63186168671],
        "mean": [-10.8557415009, -8.95104694366, -9.84484386444, -11.8305244446, -12.2524080276, -14.2348089218],
        "median": [-10.8451385498, -8.51674461365, -9.66889381409, -13.1999893188, -14.5109825134, -15.9931840897],
        "min": [-20.991519928, -20.8625221252, -20.2707805634, -20.8938026428, -19.9368038177, -20.0340633392],
        "skew": [-0.401463985443, -0.797006905079, -0.469879299402, 0.328079223633, 0.785156667233, 1.29558253288],
        "var": [11.9394254684, 12.4988336563, 13.8310956955, 16.8772010803, 14.1515350342, 8.45727825165],
        "cov": [[12.0206460953, 11.9956884384, 12.6082773209, 12.9447956085, 11.1204099655, 8.06722831726], [11.9956884384, 12.5838594437, 13.0479393005, 13.1552648544, 10.8763122559, 7.50906467438], [12.6082773209, 13.0479393005, 13.9251852036, 14.4160985947, 12.0863428116, 8.41367340088], [12.9447956085, 13.1552648544, 14.4160985947, 16.9920120239, 15.0748977661, 10.7403306961], [11.1204099655, 10.8763122559, 12.0863428116, 15.0748977661, 14.2478046417, 10.6565485001], [8.06722831726, 7.50906467438, 8.41367340088, 10.7403306961, 10.6565485001, 8.51481056213]]
    }
},
"rhythm": {
    "beats_loudness": {
        "kurt": 2.0488948822,
        "max": 0.00980428978801,
        "mean": 0.00157119787764,
        "median": 9.69445954979e-06,
        "min": 3.17242965231e-09,
        "skew": 1.99129092693,
        "var": 1.14381127787e-05
    },
    "bpm": 144.23828125,
    "confidence": 0,
    "first_peak_bpm": {
        "kurt": 0,
        "max": 144,
        "mean": 144,
        "median": 144,
        "min": 144,
        "skew": 0,
        "var": 0
    },
    "first_peak_spread": {
        "kurt": 0,
        "max": 0.166666686535,
        "mean": 0.166666686535,
        "median": 0.166666686535,
        "min": 0.166666686535,
        "skew": 0,
        "var": 0
    },
    "first_peak_weight": {
        "kurt": 0,
        "max": 0.833333313465,
        "mean": 0.833333313465,
        "median": 0.833333313465,
        "min": 0.833333313465,
        "skew": 0,
        "var": 0
    },
    "onset_rate": 0.294650197029,
    "second_peak_bpm": {
        "kurt": 0,
        "max": 0,
        "mean": 0,
        "median": 0,
        "min": 0,
        "skew": 0,
        "var": 0
    },
    "second_peak_spread": {
        "kurt": 0,
        "max": 0,
        "mean": 0,
        "median": 0,
        "min": 0,
        "skew": 0,
        "var": 0
    },
    "second_peak_weight": {
        "kurt": 0,
        "max": 0,
        "mean": 0,
        "median": 0,
        "min": 0,
        "skew": 0,
        "var": 0
    },
    "beats_loudness_band_ratio": {
        "kurt": [-1.00729310513, -0.955466508865, -0.384491205215, -1.58877873421, 0.463478088379, 1.17033624649],
        "max": [0.192296534777, 0.489770054817, 0.621350824833, 0.156694769859, 0.1293361485, 0.0502428896725],
        "mean": [0.0860975310206, 0.341648161411, 0.494660407305, 0.086911611259, 0.0282964315265, 0.010755491443],
        "median": [0.0516182184219, 0.354387968779, 0.550968050957, 0.0577494129539, 0.00360138551332, 0.000281979475403],
        "min": [0.0286723282188, 0.189029037952, 0.247263729572, 0.0451908670366, 5.15966748935e-05, 1.37021670525e-05],
        "skew": [0.657164633274, -0.180062800646, -1.05235922337, 0.419726908207, 1.4282784462, 1.63234913349],
        "var": [0.00332855992019, 0.00905903615057, 0.0152989001945, 0.00192248506937, 0.00210873619653, 0.000291636737529],
        "cov": [[0.00388331990689, 0.00144362507854, -0.00730095943436, 0.000125806211145, 0.00193408550695, 0.000950822839513], [0.00144362507854, 0.0105688758194, -0.00538408011198, -0.00428570387885, -0.00184378877748, 4.4897384214e-05], [-0.00730095943436, -0.00538408011198, 0.0178487170488, -0.000118286428915, -0.00453100772575, -0.00227541173808], [0.000125806211145, -0.00428570387885, -0.000118286428915, 0.002242899267, 0.00157782959286, 0.000329698174028], [0.00193408550695, -0.00184378877748, -0.00453100772575, 0.00157782959286, 0.00246019219048, 0.000823639391456], [0.000950822839513, 4.4897384214e-05, -0.00227541173808, 0.000329698174028, 0.000823639391456, 0.000340242870152]]
    },
    "beats_position": [0.394739210606, 0.812698423862, 1.21904754639, 1.63700675964, 2.0549659729, 2.47292518616, 2.89088439941],
    "bpm_estimates": [143.554672241, 147.656280518, 143.554672241, 143.554672241, 143.554672241, 143.554672241],
    "bpm_intervals": [0.417959213257, 0.406349122524, 0.417959213257, 0.417959213257, 0.417959213257, 0.417959213257],
    "onset_times": [0.0116099771112],
    "histogram": [[0, 0, 0, 0, 0, 0, 0, 0, 0, 0, 0, 0, 0, 0, 0, 0, 0, 0, 0, 0, 0, 0, 0, 0, 0, 0, 0, 0, 0, 0, 0, 0, 0, 0, 0, 0, 0, 0, 0, 0, 0, 0, 0, 0, 0, 0, 0, 0, 0, 0, 0, 0, 0, 0, 0, 0, 0, 0, 0, 0, 0, 0, 0, 0, 0, 0, 0, 0, 0, 0, 0, 0, 0, 0, 0, 0, 0, 0, 0, 0, 0, 0, 0, 0, 0, 0, 0, 0, 0, 0, 0, 0, 0, 0, 0, 0, 0, 0, 0, 0, 0, 0, 0, 0, 0, 0, 0, 0, 0, 0, 0, 0, 0, 0, 0, 0, 0, 0, 0, 0, 0, 0, 0, 0, 0, 0, 0, 0, 0, 0, 0, 0, 0, 0, 0, 0, 0, 0, 0, 0, 0, 0, 0, 0, 0.833333313465, 0, 0, 0, 0.166666671634, 0, 0, 0, 0, 0, 0, 0, 0, 0, 0, 0, 0, 0, 0, 0, 0, 0, 0, 0, 0, 0, 0, 0, 0, 0, 0, 0, 0, 0, 0, 0, 0, 0, 0, 0, 0, 0, 0, 0, 0, 0, 0, 0, 0, 0, 0, 0, 0, 0, 0, 0, 0, 0, 0, 0, 0, 0, 0, 0, 0, 0, 0, 0, 0, 0, 0, 0, 0, 0, 0, 0, 0, 0, 0, 0, 0, 0, 0, 0, 0, 0, 0, 0, 0, 0, 0, 0, 0, 0, 0, 0, 0, 0, 0, 0, 0, 0, 0, 0, 0, 0]]
},
"sfx": {
    "inharmonicity": {
        "kurt": 0.423592567444,
        "max": 0.368530780077,
        "mean": 0.0915281251073,
        "median": 0.0569374039769,
        "min": 0,
        "skew": 1.25401437283,
        "var": 0.00999607145786
    },
    "oddtoevenharmonicenergyratio": {
        "kurt": 10.529255867,
        "max": 5.14740419388,
        "mean": 0.687057137489,
        "median": 0.451130270958,
        "min": 0,
        "skew": 2.73466420174,
        "var": 0.672471821308
    },
    "pitch_after_max_to_before_max_energy_ratio": 0.548346877098,
    "pitch_centroid": 97.2701644897,
    "pitch_max_to_total": 0.94594591856,
    "pitch_min_to_total": 0.648648619652,
    "tristimulus": {
        "kurt": [-0.650845527649, -0.660056114197, -0.568220615387],
        "max": [1, 0.833241045475, 0.958946704865],
        "mean": [0.380641281605, 0.370711237192, 0.248647555709],
        "median": [0.314898431301, 0.39291459322, 0.170023620129],
        "min": [0, 0, 0],
        "skew": [0.675768733025, -0.287556290627, 0.781667768955],
        "var": [0.103234022856, 0.0433100834489, 0.0623896941543],
        "cov": [[0.103936292231, -0.0423634462059, -0.0615728870034], [-0.0423634462059, 0.0436047129333, -0.00124126614537], [-0.0615728870034, -0.00124126614537, 0.062814116478]]
    }
},
"tonal": {
    "chords_changes_rate": 0.280000001192,
    "chords_number_rate": 0.133333340287,
    "chords_strength": {
        "kurt": -0.528882265091,
        "max": 0.570713937283,
        "mean": 0.38725617528,
        "median": 0.372294187546,
        "min": 0.248280391097,
        "skew": 0.417502552271,
        "var": 0.00549518922344
    },
    "key_strength": 0.416729003191,
    "tuning_diatonic_strength": 0.393425315619,
    "tuning_equal_tempered_deviation": 0.252404004335,
    "tuning_frequency": 432.441040039,
    "tuning_nontempered_energy_ratio": 0.892072558403,
    "hpcp": {
        "kurt": [-0.121708869934, -0.638875007629, -0.0636880397797, 0.0301969051361, 0.479171037674, -0.0996959209442, 0.369132757187, 0.896475315094, 1.89287662506, 0.247050285339, 0.728233337402, 0.585745334625, 1.09451818466, -0.402389764786, 0.822539806366, 0.547809123993, 0.783614635468, 0.226593494415, 1.30002117157, 1.98521327972, 0.837188720703, 0.133491039276, 0.405711650848, 1.53545808792, 1.60725498199, 0.266795158386, 1.40169620514, 0.45677447319, -0.489451885223, -0.00366353988647, -0.056834936142, 0.456423997879, 1.5101981163, 1.00232028961, 0.597833871841, 0.574583053589],
        "max": [1, 1, 1, 1, 1, 1, 1, 0.898324131966, 1, 1, 1, 1, 1, 0.94854670763, 1, 1, 1, 1, 0.960706472397, 1, 1, 1, 1, 1, 1, 0.847095429897, 1, 0.935283958912, 0.801069617271, 1, 1, 1, 1, 1, 1, 1],
        "mean": [0.300787717104, 0.323601037264, 0.310790240765, 0.283898025751, 0.28433611989, 0.299781262875, 0.278839319944, 0.234043344855, 0.226404160261, 0.251543134451, 0.253806054592, 0.253105401993, 0.251155078411, 0.253140389919, 0.266031175852, 0.25819888711, 0.256077080965, 0.251114964485, 0.233913034201, 0.239719465375, 0.257282346487, 0.280880779028, 0.270929425955, 0.238471120596, 0.225801035762, 0.229894936085, 0.251333385706, 0.23789653182, 0.238802462816, 0.298335075378, 0.332103461027, 0.279519706964, 0.218817979097, 0.236718043685, 0.264139205217, 0.271487444639],
        "median": [0.194817125797, 0.26784786582, 0.254304766655, 0.228345617652, 0.196106299758, 0.230876088142, 0.188738808036, 0.186310634017, 0.157231703401, 0.208145722747, 0.215919658542, 0.180180639029, 0.160410985351, 0.1770337075, 0.171145737171, 0.157573789358, 0.165184244514, 0.172758132219, 0.205701619387, 0.15264749527, 0.201598376036, 0.218291670084, 0.221926659346, 0.170477181673, 0.141327768564, 0.162561610341, 0.193064525723, 0.220995977521, 0.198651343584, 0.221633777022, 0.302335709333, 0.219709783792, 0.170513227582, 0.161760509014, 0.182883694768, 0.166163146496],
