{
"metadata": {
    "version": {
        "essentia": "2.1-beta3"
    }
},
"lowLevel": {
    "average_loudness": 0.850647449493,
    "barkbands_kurtosis": {
        "kurt": 5.43274307251,
        "max": 4.3616809845,
        "mean": -0.160319149494,
        "median": -0.322338342667,
        "min": -1.76772201061,
        "skew": 1.7100276947,
        "var": 0.822933375835
    },
    "barkbands_skewness": {
        "kurt": 0.575107097626,
        "max": 2.10549283028,
        "mean": 0.375102162361,
        "median": 0.511409163475,
        "min": -1.44650280476,
        "skew": -0.577166557312,
        "var": 0.414610862732
    },
    "barkbands_spread": {
        "kurt": 2.42164993286,
        "max": 49.175994873,
        "mean": 18.2506160736,
        "median": 15.9265804291,
        "min": 5.01552724838,
        "skew": 1.52526783943,
        "var": 58.8484954834
    },
    "dissonance": {
        "kurt": 30.8329582214,
        "max": 0.499993056059,
        "mean": 0.47462028265,
        "median": 0.484980016947,
        "min": 0.170409455895,
        "skew": -5.16826152802,
        "var": 0.00182026519906
    },
    "hfc": {
        "kurt": 35.0326347351,
        "max": 47.907409668,
        "mean": 1.89200925827,
        "median": 0.169830963016,
        "min": 0.00218482408673,
        "skew": 5.575735569,
        "var": 34.7077331543
    },
    "pitch": {
        "kurt": 4.84781265259,
        "max": 5060.29248047,
        "mean": 714.529968262,
        "median": 305.039550781,
        "min": 88.0725860596,
        "skew": 2.48223876953,
        "var": 1136234.125
    },
    "pitch_instantaneous_confidence": {
        "kurt": 11.7193403244,
        "max": 0.889922201633,
        "mean": 0.26076862216,
        "median": 0.23185634613,
        "min": 0.130810976028,
        "skew": 3.07672405243,
        "var": 0.0138700567186
    },
    "pitch_salience": {
        "kurt": 4.17548751831,
        "max": 0.942839920521,
        "mean": 0.774239003658,
        "median": 0.782639443874,
        "min": 0.552212119102,
        "skew": -1.17575538158,
        "var": 0.00255474611185
    },
    "silence_rate_20dB": {
        "kurt": 0,
        "max": 1,
        "mean": 1,
        "median": 1,
        "min": 1,
        "skew": 0,
        "var": 0
    },
    "silence_rate_30dB": {
        "kurt": 0,
        "max": 1,
        "mean": 1,
        "median": 1,
        "min": 1,
        "skew": 0,
        "var": 0
    },
    "silence_rate_60dB": {
        "kurt": 10.2925243378,
        "max": 1,
        "mean": 0.934306561947,
        "median": 1,
        "min": 0,
        "skew": -3.50605821609,
        "var": 0.0613778121769
    },
    "spectral_centroid": {
        "kurt": 0.263895511627,
        "max": 3058.42358398,
        "mean": 1403.39782715,
        "median": 1220.23937988,
        "min": 702.022888184,
        "skew": 1.09619319439,
        "var": 315025.875
    },
    "spectral_complexity": {
        "kurt": 19.6308631897,
        "max": 49,
        "mean": 2.42335772514,
        "median": 0,
        "min": 0,
        "skew": 4.19160652161,
        "var": 48.9447746277
    },
    "spectral_crest": {
        "kurt": 6.38722229004,
        "max": 16.9480628967,
        "mean": 5.50426006317,
        "median": 4.8393201828,
        "min": 2.60328531265,
        "skew": 2.08402252197,
        "var": 4.62803220749
    },
    "spectral_decrease": {
        "kurt": 67.3756866455,
        "max": -5.801582088e-13,
        "mean": -2.36303504542e-10,
        "median": -3.35477201574e-11,
        "min": -9.42083300259e-09,
        "skew": -7.92109489441,
        "var": 9.12199373285e-19
    },
    "spectral_energy": {
        "kurt": 60.5655784607,
        "max": 0.0389282666147,
        "mean": 0.00106347480323,
        "median": 0.000142020842759,
        "min": 2.38780171458e-06,
        "skew": 7.50150108337,
        "var": 1.67433190654e-05
    },
    "spectral_energyband_high": {
        "kurt": 34.8464393616,
        "max": 0.00369704980403,
        "mean": 0.000126923026983,
        "median": 1.85944907116e-06,
        "min": 1.899223534e-08,
        "skew": 5.45245456696,
        "var": 1.90892990304e-07
    },
    "spectral_energyband_low": {
        "kurt": 83.5770492554,
        "max": 0.00326779391617,
        "mean": 4.31799053331e-05,
        "median": 1.09440236429e-06,
        "min": 3.68213797231e-08,
        "skew": 8.9751329422,
        "var": 9.88562689486e-08
    },
    "spectral_energyband_middle_high": {
        "kurt": 32.2317657471,
        "max": 0.00930661335588,
        "mean": 0.000464676180854,
        "median": 7.5388183177e-05,
        "min": 1.03194884105e-06,
        "skew": 5.28895425797,
        "var": 1.40073893817e-06
    },
    "spectral_energyband_middle_low": {
        "kurt": 96.1604003906,
        "max": 0.0285866502672,
        "mean": 0.000458406982943,
        "median": 6.83465987095e-05,
        "min": 1.31311082896e-06,
        "skew": 9.56591892242,
        "var": 6.86429029884e-06
    },
    "spectral_flatness_db": {
        "kurt": 1.6027431488,
        "max": 0.279428690672,
        "mean": 0.190742313862,
        "median": 0.19202965498,
        "min": 0.121039837599,
        "skew": 0.270963668823,
        "var": 0.000674170383718
    },
    "spectral_flux": {
        "kurt": 22.9568595886,
        "max": 0.195435777307,
        "mean": 0.0164688378572,
        "median": 0.00785494036973,
        "min": 0.00177652749699,
        "skew": 4.44342041016,
        "var": 0.000656913383864
    },
    "spectral_kurtosis": {
        "kurt": 3.85156297684,
        "max": 39.4074783325,
        "mean": 7.91796064377,
        "median": 7.48043060303,
        "min": -0.697979688644,
        "skew": 1.43821620941,
        "var": 40.6123809814
    },
    "spectral_rms": {
        "kurt": 22.4479923248,
        "max": 0.00616269372404,
        "mean": 0.000641338992864,
        "median": 0.000372232345399,
        "min": 4.82655414089e-05,
        "skew": 4.18392372131,
        "var": 6.26220355571e-07
    },
    "spectral_rolloff": {
        "kurt": 0.198560714722,
        "max": 6158.49609375,
        "mean": 2495.49438477,
        "median": 2045.65429688,
        "min": 904.39453125,
        "skew": 1.01857233047,
        "var": 1394777.375
    },
    "spectral_skewness": {
        "kurt": 0.169058084488,
        "max": 4.76245880127,
        "mean": 1.82176089287,
        "median": 1.84807777405,
        "min": 0.543828129768,
        "skew": 0.496577501297,
        "var": 0.683118641376
    },
    "spectral_spread": {
        "kurt": 1.11142635345,
        "max": 6125326.5,
        "mean": 2879398,
        "median": 2645685.25,
        "min": 1770422.625,
        "skew": 1.26528024673,
        "var": 815356379136
    },
    "spectral_strongpeak": {
        "kurt": 10.9609088898,
        "max": 0.85276299715,
        "mean": 0.114074535668,
        "median": 0.0648537799716,
        "min": 0.00345678674057,
        "skew": 3.1010119915,
        "var": 0.0207658112049
    },
    "zerocrossingrate": {
        "kurt": -0.301383256912,
        "max": 0.1484375,
        "mean": 0.0776866152883,
        "median": 0.06884765625,
        "min": 0.01513671875,
        "skew": 0.768777549267,
        "var": 0.000818806991447
    },
    "barkbands": {
        "kurt": [121.478286743, 100.749908447, 85.6271286011, 66.782119751, 96.4349517822, 123.715194702, 122.52167511, 96.8082122803, 57.3647880554, 23.0382614136, 9.61509132385, 46.3953285217, 102.344543457, 98.4103240967, 6.82919692993, 6.85837841034, 11.4456367493, 59.1473426819, 41.2222557068, 61.0532608032, 14.5970439911, 37.489616394, 36.6718711853, 37.4238319397, 96.3029251099, 110.301956177, 81.2196502686],
        "max": [2.13909902413e-06, 0.000355923140887, 0.00145038228948, 0.00296855578199, 0.0113946478814, 0.00567477708682, 0.00363477435894, 0.00360308052041, 0.00185952230822, 0.0004711454676, 0.000273555400781, 0.000659862358589, 0.00102404982317, 0.0009773185011, 0.000201778384508, 0.000283479661448, 0.000620989885647, 0.00286957481876, 0.00333597697318, 0.0032886643894, 0.000738023896702, 0.000838897773065, 7.6355827332e-05, 1.56330461323e-05, 1.37017759698e-05, 2.9836212434e-07, 2.52810905543e-09],
        "mean": [2.0772089826e-08, 4.07653215007e-06, 1.8659629859e-05, 4.69501173939e-05, 0.000155066489242, 7.02649995219e-05, 5.07879303768e-05, 6.19855636614e-05, 6.19373022346e-05, 3.4879460145e-05, 2.87557104457e-05, 3.42486819136e-05, 2.75907532341e-05, 2.34361395997e-05, 2.17892156797e-05, 2.99900348182e-05, 4.36335794802e-05, 8.22376750875e-05, 0.000108826679934, 8.47324117785e-05, 4.43059980171e-05, 2.61932073045e-05, 2.43509543907e-06, 4.73041978921e-07, 1.94845029e-07, 3.36644245813e-09, 4.47573644813e-11],
        "median": [1.6177328574e-11, 2.93953839048e-08, 4.41282224983e-07, 1.32880143155e-06, 5.93875211052e-06, 6.3992683863e-06, 8.84001565282e-06, 1.14486629172e-05, 1.84727996384e-05, 1.11757526611e-05, 1.22059791465e-05, 1.07217001641e-05, 7.54020538807e-06, 5.61918068342e-06, 4.66919300379e-06, 4.68391363029e-06, 2.54446513281e-06, 3.72790577785e-06, 3.46885781255e-06, 1.60556828632e-06, 6.49663888908e-07, 1.94724194102e-07, 1.60221436118e-08, 1.6774827083e-09, 7.95938148723e-10, 4.86507986674e-11, 3.92256149437e-12],
        "min": [8.54587830623e-13, 1.78470882517e-09, 1.06545181566e-08, 2.2173967551e-08, 1.10494781325e-07, 1.40834316653e-07, 1.19692543876e-07, 1.7086865256e-08, 8.85067379386e-08, 1.14722681133e-07, 1.35666994083e-07, 2.46377737767e-07, 2.00448283749e-07, 1.41464454373e-07, 2.297395163e-08, 1.56776351901e-08, 5.96424385435e-08, 3.93297661105e-08, 2.74839724312e-08, 1.04563548931e-08, 7.16899917208e-09, 4.54402027117e-09, 1.07055542209e-09, 7.43708566953e-11, 8.42061975703e-11, 1.95622979621e-11, 9.51350977163e-13],
        "skew": [10.939330101, 9.82072639465, 9.0889005661, 8.13610935211, 9.60839080811, 11.0604705811, 10.9852304459, 9.5573682785, 7.31970834732, 4.11441230774, 2.91945171356, 5.92207813263, 9.69204998016, 9.5082244873, 2.64428758621, 2.63856720924, 3.34748005867, 7.0641951561, 5.98191595078, 7.28296422958, 3.8124332428, 6.066447258, 5.81148290634, 5.8306055069, 9.48135948181, 10.3019456863, 8.67457485199],
        "var": [3.43733152835e-14, 1.04668029799e-09, 1.91921323278e-08, 9.8657956471e-08, 1.09599989173e-06, 2.38423837118e-07, 9.79649783517e-08, 1.08056013914e-07, 3.96803585545e-08, 3.42804162834e-09, 1.99260297151e-09, 4.8411514797e-09, 8.27101498402e-09, 7.73755104433e-09, 1.44836631577e-09, 3.11190007096e-09, 1.07624691381e-08, 8.60741096176e-08, 1.46114373933e-07, 1.13133879154e-07, 1.64320539398e-08, 1.24170469462e-08, 8.72521915829e-11, 3.55701427514e-12, 1.57227833184e-12, 6.99822644428e-16, 5.84148938601e-20],
        "cov": [[3.46260597506e-14, 5.88996256282e-12, 2.43768946001e-11, 5.1305921317e-11, 9.79295533554e-11, 2.33340274186e-11, 1.2959608213e-11, 2.87488401141e-11, 2.49831891286e-11, 4.91339044104e-12, 4.52473085041e-12, 4.15225579614e-12, 4.68931187284e-12, 5.35242987085e-12, 2.44158317696e-12, 4.31450144708e-12, 6.46224393441e-12, 4.88971398094e-11, 5.84215037458e-11, 5.5793866055e-11, 1.27819543144e-11, 1.37766534292e-11, 1.00489191621e-12, 2.05789839379e-13, 9.89655677287e-14, 1.86242851585e-15, 2.09417663096e-17], [5.88996256282e-12, 1.05437647502e-09, 4.47749126664e-09, 9.81787717791e-09, 2.26856151642e-08, 7.03171298966e-09, 4.13797174303e-09, 6.70356836707e-09, 5.12518472107e-09, 1.05984210297e-09, 8.75629346808e-10, 1.07488662415e-09, 1.37629796448e-09, 1.4736284415e-09, 5.02178298945e-10, 8.60269022684e-10, 1.46615852792e-09, 8.76291839091e-09, 1.08519433439e-08, 9.54555634536e-09, 2.47189091418e-09, 2.75956546503e-09, 2.17615814257e-10, 4.42173034298e-11, 2.39134840402e-11, 4.71180494795e-13, 4.769848355e-15], [2.43768946001e-11, 4.47749126664e-09, 1.93332514442e-08, 4.31879030316e-08, 1.09948892657e-07, 3.73351944916e-08, 2.24502141322e-08, 3.27491918028e-08, 2.36681891863e-08, 4.94879870416e-09, 3.82331277748e-09, 5.34365440785e-09, 7.15731518497e-09, 7.45529682433e-09, 2.22744755973e-09, 3.928879444e-09, 6.88792844983e-09, 3.72678776728e-08, 4.72518095762e-08, 3.95911357032e-08, 1.06885122975e-08, 1.19678578159e-08, 9.95133420112e-10, 2.02412989148e-10, 1.17747811501e-10, 2.37072514397e-12, 2.31224019559e-14], [5.1305921317e-11, 9.81787717791e-09, 4.31879030316e-08, 9.93833850771e-08, 2.79569547956e-07, 1.03598800649e-07, 6.3211075485e-08, 8.39920986095e-08, 5.71975675712e-08, 1.24801902146e-08, 9.0236769168e-09, 1.44436267391e-08, 1.97343990038e-08, 2.02761150092e-08, 5.61751178907e-09, 9.51193523946e-09, 1.77141874502e-08, 8.30833357668e-08, 1.08464959681e-07, 8.58500825984e-08, 2.5544471427e-08, 2.88654060654e-08, 2.4893056505e-09, 5.05276209761e-10, 3.08176678621e-10, 6.27009165075e-12, 5.93609634104e-14], [9.79295533554e-11, 2.26856151642e-08, 1.09948892657e-07, 2.79569547956e-07, 1.10405869691e-06, 4.95113226862e-07, 3.12862908913e-07, 3.42601992998e-07, 1.98584913846e-07, 4.61820093278e-08, 2.5647924673e-08, 6.0582969752e-08, 8.98476528732e-08, 8.79785773122e-08, 1.79090431374e-08, 3.19012372074e-08, 6.47383089358e-08, 2.03277323862e-07, 2.99126554637e-07, 1.82183683251e-07, 6.9600126551e-08, 7.94584948949e-08, 8.33375501941e-09, 1.7075868497e-09, 1.29122390558e-09, 2.73550331692e-11, 2.4272578847e-13], [2.33340274186e-11, 7.03171298966e-09, 3.73351944916e-08, 1.03598800649e-07, 4.95113226862e-07, 2.40176944999e-07, 1.53378209689e-07, 1.56397987894e-07, 8.37588842728e-08, 2.05236005968e-08, 9.82376846537e-09, 2.84056156374e-08, 4.28192876711e-08, 4.1463898981e-08, 7.66148122722e-09, 1.32361170913e-08, 2.87580892433e-08, 6.82815439745e-08, 1.11011871695e-07, 5.44171143702e-08, 2.66817341554e-08, 3.05377412246e-08, 3.53631346428e-09, 7.27644389187e-10, 6.00615890356e-10, 1.28558665449e-11, 1.12105576287e-13], [1.2959608213e-11, 4.13797174303e-09, 2.24502141322e-08, 6.3211075485e-08, 3.12862908913e-07, 1.53378209689e-07, 9.86853123663e-08, 9.92339863615e-08, 5.29650847625e-08, 1.30971429257e-08, 6.15986550656e-09, 1.8343792263e-08, 2.73615086144e-08, 2.63414552393e-08, 4.95735319461e-09, 8.55693471635e-09, 1.8660589518e-08, 4.16488710187e-08, 7.00363926853e-08, 3.32794698465e-08, 1.70216907236e-08, 1.85669293273e-08, 2.21424700797e-09, 4.58099974621e-10, 3.81768311408e-10, 8.17968956457e-12, 7.13980198748e-14], [2.87488401141e-11, 6.70356836707e-09, 3.27491918028e-08, 8.39920986095e-08, 3.42601992998e-07, 1.56397987894e-07, 9.92339863615e-08, 1.08850542802e-07, 6.22224476388e-08, 1.51065115972e-08, 8.06665134689e-09, 1.89749247426e-08, 2.81403913505e-08, 2.73596327816e-08, 5.6545435001e-09, 9.99318228168e-09, 1.91598275023e-08, 6.1837283738e-08, 9.13251270163e-08, 5.66277087444e-08, 2.0382703525e-08, 2.3577328534e-08, 2.4996440473e-09, 5.17152931589e-10, 4.10358663716e-10, 8.68520620007e-12, 7.84204651086e-14], [2.49831891286e-11, 5.12518472107e-09, 2.36681891863e-08, 5.71975675712e-08, 1.98584913846e-07, 8.37588842728e-08, 5.29650847625e-08, 6.22224476388e-08, 3.99721251654e-08, 9.70542490819e-09, 6.13517592285e-09, 1.14304832266e-08, 1.57258597255e-08, 1.53263943758e-08, 4.24025925483e-09, 7.39244976344e-09, 1.32492070648e-08, 4.83439244192e-08, 6.71456703571e-08, 4.79520139152e-08, 1.62171343021e-08, 1.66065472484e-08, 1.61268087773e-09, 3.34694910675e-10, 2.32706409697e-10, 4.80761741181e-12, 4.50487730615e-14], [4.91339044104e-12, 1.05984210297e-09, 4.94879870416e-09, 1.24801902146e-08, 4.61820093278e-08, 2.05236005968e-08, 1.30971429257e-08, 1.51065115972e-08, 9.70542490819e-09, 3.4532476878e-09, 2.13285566986e-09, 3.46043171895e-09, 4.15185308356e-09, 3.96849886286e-09, 1.43796397012e-09, 2.118076603e-09, 3.46923645367e-09, 1.12538733887e-08, 1.58386477267e-08, 1.14217941771e-08, 4.19603374269e-09, 4.28750501769e-09, 3.95725979763e-10, 8.23516047022e-11, 5.72007788358e-11, 1.16237922065e-12, 1.12409378206e-14], [4.52473085041e-12, 8.75629346808e-10, 3.82331277748e-09, 9.0236769168e-09, 2.5647924673e-08, 9.82376846537e-09, 6.15986550656e-09, 8.06665134689e-09, 6.13517592285e-09, 2.13285566986e-09, 2.00725436272e-09, 2.12795825405e-09, 2.46559683781e-09, 2.30621322039e-09, 1.1776234432e-09, 1.7057235624e-09, 2.8978435207e-09, 9.36236688176e-09, 1.19594876224e-08, 9.87854065215e-09, 3.68202490719e-09, 3.40159500567e-09, 2.78869149994e-10, 5.74469430359e-11, 3.02788176476e-11, 5.81950611832e-13, 5.93973722746e-15], [4.15225579614e-12, 1.07488662415e-09, 5.34365440785e-09, 1.44436267391e-08, 6.0582969752e-08, 2.84056156374e-08, 1.8343792263e-08, 1.89749247426e-08, 1.14304832266e-08, 3.46043171895e-09, 2.12795825405e-09, 4.87674833849e-09, 5.62117108416e-09, 5.43521894159e-09, 1.81437043167e-09, 2.68408295589e-09, 5.25602361634e-09, 1.211908085e-08, 1.92088016604e-08, 1.16274145867e-08, 5.78166181597e-09, 5.54169909961e-09, 5.47024259223e-10, 1.11823633686e-10, 7.39580896525e-11, 1.51626649604e-12, 1.38181007842e-14], [4.68931187284e-12, 1.37629796448e-09, 7.15731518497e-09, 1.97343990038e-08, 8.98476528732e-08, 4.28192876711e-08, 2.73615086144e-08, 2.81403913505e-08, 1.57258597255e-08, 4.15185308356e-09, 2.46559683781e-09, 5.62117108416e-09, 8.33183122495e-09, 7.81946329909e-09, 1.86143767067e-09, 3.01635627586e-09, 6.20511508842e-09, 1.38026123864e-08, 2.19455262851e-08, 1.11182840712e-08, 6.06671823888e-09, 6.37972563666e-09, 6.96450119797e-10, 1.4249662561e-10, 1.07390894788e-10, 2.28107224949e-12, 1.98096154416e-14], [5.35242987085e-12, 1.4736284415e-09, 7.45529682433e-09, 2.02761150092e-08, 8.79785773122e-08, 4.1463898981e-08, 2.63414552393e-08, 2.73596327816e-08, 1.53263943758e-08, 3.96849886286e-09, 2.30621322039e-09, 5.43521894159e-09, 7.81946329909e-09, 7.79444508936e-09, 1.77458403527e-09, 2.70107891609e-09, 6.02622618473e-09, 1.4633373624e-08, 2.25798952869e-08, 1.23108083727e-08, 6.20022433395e-09, 6.89807233556e-09, 7.12218006793e-10, 1.45062697965e-10, 1.0587204724e-10, 2.22668931904e-12, 1.95105975646e-14], [2.44158317696e-12, 5.02178298945e-10, 2.22744755973e-09, 5.61751178907e-09, 1.79090431374e-08, 7.66148122722e-09, 4.95735319461e-09, 5.6545435001e-09, 4.24025925483e-09, 1.43796397012e-09, 1.1776234432e-09, 1.81437043167e-09, 1.86143767067e-09, 1.77458403527e-09, 1.45901601911e-09, 1.86654469658e-09, 3.49276962908e-09, 7.46437933685e-09, 1.01838457667e-08, 8.09823319514e-09, 4.11440614911e-09, 2.94260082967e-09, 2.4956606226e-10, 5.17529491484e-11, 2.34525645432e-11, 4.21628227124e-13, 4.56644779227e-15], [4.31450144708e-12, 8.60269022684e-10, 3.928879444e-09, 9.51193523946e-09, 3.19012372074e-08, 1.32361170913e-08, 8.55693471635e-09, 9.99318228168e-09, 7.39244976344e-09, 2.118076603e-09, 1.7057235624e-09, 2.68408295589e-09, 3.01635627586e-09, 2.70107891609e-09, 1.86654469658e-09, 3.13478154546e-09, 4.94872187673e-09, 1.13836602367e-08, 1.5463763603e-08, 1.15274119139e-08, 5.36278310648e-09, 3.57870333367e-09, 3.45764195053e-10, 7.22147341925e-11, 3.78283654401e-11, 7.29225219705e-13, 7.40488484467e-15], [6.46224393441e-12, 1.46615852792e-09, 6.88792844983e-09, 1.77141874502e-08, 6.47383089358e-08, 2.87580892433e-08, 1.8660589518e-08, 1.91598275023e-08, 1.32492070648e-08, 3.46923645367e-09, 2.8978435207e-09, 5.25602361634e-09, 6.20511508842e-09, 6.02622618473e-09, 3.49276962908e-09, 4.94872187673e-09, 1.08416049471e-08, 2.03756211903e-08, 2.9089141762e-08, 2.03377510388e-08, 1.14850777777e-08, 8.05181521457e-09, 7.7803286036e-10, 1.59413607315e-10, 7.82249404141e-11, 1.50261292124e-12, 1.44102361066e-14], [4.88971398094e-11, 8.76291839091e-09, 3.72678776728e-08, 8.30833357668e-08, 2.03277323862e-07, 6.82815439745e-08, 4.16488710187e-08, 6.1837283738e-08, 4.83439244192e-08, 1.12538733887e-08, 9.36236688176e-09, 1.211908085e-08, 1.38026123864e-08, 1.4633373624e-08, 7.46437933685e-09, 1.13836602367e-08, 2.03756211903e-08, 8.67070042432e-08, 1.08879042671e-07, 9.5314533155e-08, 3.00556841637e-08, 2.77092979672e-08, 2.23082663453e-09, 4.61163135457e-10, 2.34982255876e-10, 4.4146821615e-12, 4.73908225488e-14], [5.84215037458e-11, 1.08519433439e-08, 4.72518095762e-08, 1.08464959681e-07, 2.99126554637e-07, 1.11011871695e-07, 7.00363926853e-08, 9.13251270163e-08, 6.71456703571e-08, 1.58386477267e-08, 1.19594876224e-08, 1.92088016604e-08, 2.19455262851e-08, 2.25798952869e-08, 1.01838457667e-08, 1.5463763603e-08, 2.9089141762e-08, 1.08879042671e-07, 1.47188742972e-07, 1.20636869383e-07, 4.17553813747e-08, 3.6860701158e-08, 3.15407966411e-09, 6.51344089775e-10, 3.50592443965e-10, 6.75406128595e-12, 6.91784479635e-14], [5.5793866055e-11, 9.54555634536e-09, 3.95911357032e-08, 8.58500825984e-08, 1.82183683251e-07, 5.44171143702e-08, 3.32794698465e-08, 5.66277087444e-08, 4.79520139152e-08, 1.14217941771e-08, 9.87854065215e-09, 1.16274145867e-08, 1.11182840712e-08, 1.23108083727e-08, 8.09823319514e-09, 1.15274119139e-08, 2.03377510388e-08, 9.5314533155e-08, 1.20636869383e-07, 1.13965747062e-07, 3.41620136624e-08, 2.94324191685e-08, 2.23638663144e-09, 4.65598753996e-10, 2.18215612247e-10, 3.88734140364e-12, 4.633468766e-14], [1.27819543144e-11, 2.47189091418e-09, 1.06885122975e-08, 2.5544471427e-08, 6.9600126551e-08, 2.66817341554e-08, 1.70216907236e-08, 2.0382703525e-08, 1.62171343021e-08, 4.19603374269e-09, 3.68202490719e-09, 5.78166181597e-09, 6.06671823888e-09, 6.20022433395e-09, 4.11440614911e-09, 5.36278310648e-09, 1.14850777777e-08, 3.00556841637e-08, 4.17553813747e-08, 3.41620136624e-08, 1.65528764029e-08, 1.19832277434e-08, 1.01547847908e-09, 2.0667105527e-10, 8.55643472741e-11, 1.52140832484e-12, 1.59194438366e-14], [1.37766534292e-11, 2.75956546503e-09, 1.19678578159e-08, 2.88654060654e-08, 7.94584948949e-08, 3.05377412246e-08, 1.85669293273e-08, 2.3577328534e-08, 1.66065472484e-08, 4.28750501769e-09, 3.40159500567e-09, 5.54169909961e-09, 6.37972563666e-09, 6.89807233556e-09, 2.94260082967e-09, 3.57870333367e-09, 8.05181521457e-09, 2.77092979672e-08, 3.6860701158e-08, 2.94324191685e-08, 1.19832277434e-08, 1.25083490232e-08, 9.7957164602e-10, 1.96021310295e-10, 9.56759810267e-11, 1.79451180478e-12, 1.77393263111e-14], [1.00489191621e-12, 2.17615814257e-10, 9.95133420112e-10, 2.4893056505e-09, 8.33375501941e-09, 3.53631346428e-09, 2.21424700797e-09, 2.4996440473e-09, 1.61268087773e-09, 3.95725979763e-10, 2.78869149994e-10, 5.47024259223e-10, 6.96450119797e-10, 7.12218006793e-10, 2.4956606226e-10, 3.45764195053e-10, 7.7803286036e-10, 2.23082663453e-09, 3.15407966411e-09, 2.23638663144e-09, 1.01547847908e-09, 9.7957164602e-10, 8.78937478355e-11, 1.76467833402e-11, 9.91755289004e-12, 1.96248914472e-13, 1.81936620785e-15], [2.05789839379e-13, 4.42173034298e-11, 2.02412989148e-10, 5.05276209761e-10, 1.7075868497e-09, 7.27644389187e-10, 4.58099974621e-10, 5.17152931589e-10, 3.34694910675e-10, 8.23516047022e-11, 5.74469430359e-11, 1.11823633686e-10, 1.4249662561e-10, 1.45062697965e-10, 5.17529491484e-11, 7.22147341925e-11, 1.59413607315e-10, 4.61163135457e-10, 6.51344089775e-10, 4.65598753996e-10, 2.0667105527e-10, 1.96021310295e-10, 1.76467833402e-11, 3.58316891783e-12, 2.05020592517e-12, 4.06057057824e-14, 3.80497020195e-16], [9.89655677287e-14, 2.39134840402e-11, 1.17747811501e-10, 3.08176678621e-10, 1.29122390558e-09, 6.00615890356e-10, 3.81768311408e-10, 4.10358663716e-10, 2.32706409697e-10, 5.72007788358e-11, 3.02788176476e-11, 7.39580896525e-11, 1.07390894788e-10, 1.0587204724e-10, 2.34525645432e-11, 3.78283654401e-11, 7.82249404141e-11, 2.34982255876e-10, 3.50592443965e-10, 2.18215612247e-10, 8.55643472741e-11, 9.56759810267e-11, 9.91755289004e-12, 2.05020592517e-12, 1.5838391796e-12, 3.31614652459e-14, 3.01566281475e-16], [1.86242851585e-15, 4.71180494795e-13, 2.37072514397e-12, 6.27009165075e-12, 2.73550331692e-11, 1.28558665449e-11, 8.17968956457e-12, 8.68520620007e-12, 4.80761741181e-12, 1.16237922065e-12, 5.81950611832e-13, 1.51626649604e-12, 2.28107224949e-12, 2.22668931904e-12, 4.21628227124e-13, 7.29225219705e-13, 1.50261292124e-12, 4.4146821615e-12, 6.75406128595e-12, 3.88734140364e-12, 1.52140832484e-12, 1.79451180478e-12, 1.96248914472e-13, 4.06057057824e-14, 3.31614652459e-14, 7.04968369583e-16, 6.29215612454e-18], [2.09417663096e-17, 4.769848355e-15, 2.31224019559e-14, 5.93609634104e-14, 2.4272578847e-13, 1.12105576287e-13, 7.13980198748e-14, 7.84204651086e-14, 4.50487730615e-14, 1.12409378206e-14, 5.93973722746e-15, 1.38181007842e-14, 1.98096154416e-14, 1.95105975646e-14, 4.56644779227e-15, 7.40488484467e-15, 1.44102361066e-14, 4.73908225488e-14, 6.91784479635e-14, 4.633468766e-14, 1.59194438366e-14, 1.77393263111e-14, 1.81936620785e-15, 3.80497020195e-16, 3.01566281475e-16, 6.29215612454e-18, 5.88444138555e-20]]
    },
    "mfcc": {
        "kurt": [0.529891729355, 0.143334150314, -0.938557386398, 0.443003416061, -1.00351750851, -0.208568811417, 0.0248157978058, 1.69827270508, -0.194239616394, 0.0291004180908, 0.915827512741, 2.06237220764, -0.443772315979],
        "max": [-572.311889648, 148.759033203, 2.50985717773, 76.2975616455, 4.90682983398, 17.4661159515, 9.76759719849, 17.0158100128, 10.8556098938, 8.61856269836, 23.5156288147, 8.62442016602, 7.33424377441],
        "mean": [-869.313232422, 111.619628906, -61.1752738953, 0.0639353841543, -28.9016399384, -21.1757888794, -8.94979095459, -12.0819635391, -11.0280580521, -12.2286520004, -10.1620540619, -12.6921844482, -8.72164440155],
        "median": [-892.42767334, 117.20740509, -62.1834831238, -5.88993453979, -25.7385826111, -22.4998855591, -6.89988708496, -12.6723327637, -10.6238861084, -12.9669494629, -11.0213241577, -12.314874649, -9.31579971313],
        "min": [-1059.62609863, 52.7561912537, -110.316116333, -75.3872756958, -62.6690673828, -45.3937644958, -37.9593582153, -26.6121520996, -29.306678772, -35.615196228, -32.3287124634, -36.9112815857, -23.0855979919],
        "skew": [0.821718215942, -0.889270305634, 0.135897010565, 0.48388209939, -0.111563071609, 0.469262570143, -0.737881720066, 0.979293942451, 0.0937978252769, 0.0761488825083, 0.716610610485, -0.137396484613, 0.0872282981873],
        "var": [8407.53222656, 460.70022583, 764.849182129, 671.460266113, 261.779571533, 163.852249146, 100.983009338, 56.0032806396, 65.9259109497, 64.8216323853, 90.1792831421, 41.2178688049, 42.0054168701],
        "cov": [[8469.3515625, -824.307128906, -1510.09082031, 2094.23388672, -1022.51300049, 239.351272583, -232.664871216, -119.146842957, -8.68067073822, -241.574020386, -92.29712677, -95.2108917236, -170.913375854], [-824.307128906, 464.08770752, 32.1511459351, -335.693603516, 164.788452148, -171.907302856, 123.115753174, -31.4569702148, 1.56914782524, 82.5277328491, -21.7541427612, 17.0606575012, 24.7535514832], [-1510.09082031, 32.1511459351, 770.473083496, -277.157196045, 276.878265381, 47.5896072388, -8.40321445465, 83.2316665649, -43.0541877747, 42.3793907166, 92.3863601685, 32.4051475525, 54.1564331055], [2094.23388672, -335.693603516, -277.157196045, 676.397460938, -282.539978027, 84.9016799927, -72.6413040161, -14.3221855164, -0.106151357293, -85.3140487671, -18.3936080933, -23.6467208862, -27.804643631], [-1022.51300049, 164.788452148, 276.878265381, -282.539978027, 263.704406738, -51.135219574, 57.6850318909, 19.9457607269, -44.8680915833, 68.8464660645, -18.0258083344, 32.3283233643, 18.2066287994], [239.351272583, -171.907302856, 47.5896072388, 84.9016799927, -51.135219574, 165.057037354, -49.3830604553, 33.1260757446, 27.568529129, -52.7922668457, 47.2729797363, -11.95424366, -17.4688053131], [-232.664871216, 123.115753174, -8.40321445465, -72.6413040161, 57.6850318909, -49.3830604553, 101.725524902, -2.08942532539, 5.74752998352, 33.7555236816, -19.7117214203, 12.1262388229, -0.708780825138], [-119.146842957, -31.4569702148, 83.2316665649, -14.3221855164, 19.9457607269, 33.1260757446, -2.08942532539, 56.4150695801, 1.58530712128, -0.599931240082, 29.0173282623, -11.3436641693, 12.8713674545], [-8.68067073822, 1.56914782524, -43.0541877747, -0.106151357293, -44.8680915833, 27.568529129, 5.74752998352, 1.58530712128, 66.41065979, 0.180847078562, 18.3464756012, -3.58081483841, -6.18862724304], [-241.574020386, 82.5277328491, 42.3793907166, -85.3140487671, 68.8464660645, -52.7922668457, 33.7555236816, -0.599931240082, 0.180847078562, 65.2982635498, -1.18258738518, 9.32186126709, 8.91424274445], [-92.29712677, -21.7541427612, 92.3863601685, -18.3936080933, -18.0258083344, 47.2729797363, -19.7117214203, 29.0173282623, 18.3464756012, -1.18258738518, 90.8423614502, 1.18091475964, 8.83187198639], [-95.2108917236, 17.0606575012, 32.4051475525, -23.6467208862, 32.3283233643, -11.95424366, 12.1262388229, -11.3436641693, -3.58081483841, 9.32186126709, 1.18091475964, 41.520942688, 5.34137392044], [-170.913375854, 24.7535514832, 54.1564331055, -27.804643631, 18.2066287994, -17.4688053131, -0.708780825138, 12.8713674545, -6.18862724304, 8.91424274445, 8.83187198639, 5.34137392044, 42.3142814636]]
    },
    "sccoeffs": {
        "kurt": [1.04662799835, 2.63573074341, 10.2169733047, 6.86586380005, 0.450079202652, -0.829451560974],
        "max": [-0.430469185114, -0.619466662407, -0.611734986305, -0.656586110592, -0.775975525379, -0.565626859665],
        "mean": [-0.624972820282, -0.827313780785, -0.850568234921, -0.842352747917, -0.83900976181, -0.740159213543],
        "median": [-0.631172001362, -0.830785870552, -0.856099665165, -0.846943974495, -0.84003841877, -0.734294831753],
        "min": [-0.893995404243, -0.942592382431, -0.924566864967, -0.90287566185, -0.903867304325, -0.867664456367],
        "skew": [0.190118208528, 1.04251933098, 2.40933656693, 2.10415077209, 0.0654203146696, 0.165581956506],
        "var": [0.0052714087069, 0.00247988873161, 0.0017203403404, 0.0014044548152, 0.000536141917109, 0.00485678948462],
        "cov": [[0.00531016895548, 0.000546812196262, 0.000283096276689, 0.00065710907802, 0.000670434266794, 0.00175689952448], [0.000546812196262, 0.0024981230963, 0.00104421027936, 0.00071202206891, 0.000337879930157, 0.000451415282441], [0.000283096276689, 0.00104421027936, 0.00173298991285, 0.000807587057352, 0.000410442356952, 0.000151446438394], [0.00065710907802, 0.00071202206891, 0.000807587057352, 0.00141478166915, 0.000460935378214, 6.10775578025e-06], [0.000670434266794, 0.000337879930157, 0.000410442356952, 0.000460935378214, 0.00054008414736, 0.00033005970181], [0.00175689952448, 0.000451415282441, 0.000151446438394, 6.10775578025e-06, 0.00033005970181, 0.00489250151441]]
    },
    "scvalleys": {
        "kurt": [13.214214325, 3.45743513107, 0.488731622696, -0.469912528992, -0.607553958893, 1.61887550354],
        "max": [-5.08371353149, -3.71050834656, -5.33340597153, -5.82071447372, -5.48760604858, -8.06008720398],
        "mean": [-9.98219203949, -7.43403911591, -7.38234424591, -8.07463645935, -8.74823570251, -12.3880500793],
        "median": [-10.0961713791, -7.42690038681, -7.30769395828, -8.09523963928, -9.03571128845, -13.0078315735],
        "min": [-11.8117218018, -9.80600166321, -10.1404018402, -10.557844162, -11.1260080338, -14.1977033615],
        "skew": [3.03857088089, 0.413384109735, -0.431876540184, 0.0110276062042, 0.496122866869, 1.61919391155],
        "var": [0.752381682396, 0.715039968491, 0.703150868416, 0.801535189152, 1.70057106018, 1.60030257702],
        "cov": [[0.757913947105, 0.482716679573, 0.371722012758, 0.417244017124, 0.668923556805, 0.752297818661], [0.482716679573, 0.720297574997, 0.596642971039, 0.622038424015, 0.901754021645, 0.751678347588], [0.371722012758, 0.596642971039, 0.708321094513, 0.682198822498, 0.942878246307, 0.669704318047], [0.417244017124, 0.622038424015, 0.682198822498, 0.807428836823, 1.11660885811, 0.88769942522], [0.668923556805, 0.901754021645, 0.942878246307, 1.11660885811, 1.71307528019, 1.45503795147], [0.752297818661, 0.751678347588, 0.669704318047, 0.88769942522, 1.45503795147, 1.61206948757]]
    }
},
"rhythm": {
    "beats_loudness": {
        "kurt": 0.204462766647,
        "max": 0.00502244476229,
        "mean": 0.00119143479969,
        "median": 0.000171642081114,
        "min": 8.14757368062e-05,
        "skew": 1.46812808514,
        "var": 3.70168822883e-06
    },
    "bpm": 99.3840179443,
    "confidence": 0,
    "first_peak_bpm": {
        "kurt": 0,
        "max": 99,
        "mean": 99,
        "median": 99,
        "min": 99,
        "skew": 0,
        "var": 0
    },
    "first_peak_spread": {
        "kurt": 0,
        "max": 0,
        "mean": 0,
        "median": 0,
        "min": 0,
        "skew": 0,
        "var": 0
    },
    "first_peak_weight": {
        "kurt": 0,
        "max": 0.5,
        "mean": 0.5,
        "median": 0.5,
        "min": 0.5,
        "skew": 0,
        "var": 0
    },
    "onset_rate": 2.53918886185,
    "second_peak_bpm": {
        "kurt": 0,
        "max": 105,
        "mean": 105,
        "median": 105,
        "min": 105,
        "skew": 0,
        "var": 0
    },
    "second_peak_spread": {
        "kurt": 0,
        "max": 0,
        "mean": 0,
        "median": 0,
        "min": 0,
        "skew": 0,
        "var": 0
    },
    "second_peak_weight": {
        "kurt": 0,
        "max": 0.5,
        "mean": 0.5,
        "median": 0.5,
        "min": 0.5,
        "skew": 0,
        "var": 0
    },
    "beats_loudness_band_ratio": {
        "kurt": [-0.605451583862, 0.140851020813, -0.612741470337, -1.23348414898, -1.75923967361, 0.194930315018],
        "max": [0.0647938549519, 0.448530316353, 0.322475999594, 0.526252865791, 0.284363806248, 0.500854671001],
        "mean": [0.0395960882306, 0.158120304346, 0.179559722543, 0.333354711533, 0.193862184882, 0.127997234464],
        "median": [0.0397401563823, 0.100631855428, 0.188180461526, 0.400608062744, 0.160155713558, 0.0385179109871],
        "min": [0.0156181585044, 0.0413597635925, 0.0437500439584, 0.109323173761, 0.108855046332, 0.0145036382601],
        "skew": [0.110678911209, 1.40505003929, 0.111197672784, -0.29092168808, 0.26943051815, 1.46046555042],
        "var": [0.000247623829637, 0.0216086599976, 0.00796880759299, 0.0214391238987, 0.00564446486533, 0.0351349003613],
        "cov": [[0.000309529801598, 0.000116748997243, -0.000653964816593, 0.000406063365517, 0.000809546909295, -0.000822855567094], [0.000116748997243, 0.0270108245313, 0.00263389991596, -0.00570746138692, -0.00859745778143, -0.0154124666005], [-0.000653964816593, 0.00263389991596, 0.00996100902557, 0.00866233836859, -0.00488896435127, -0.0147273568437], [0.000406063365517, -0.00570746138692, 0.00866233836859, 0.0267989058048, -0.0039255390875, -0.0251187942922], [0.000809546909295, -0.00859745778143, -0.00488896435127, -0.0039255390875, 0.00705558108166, 0.00987337343395], [-0.000822855567094, -0.0154124666005, -0.0147273568437, -0.0251187942922, 0.00987337343395, 0.0439186245203]]
    },
    "beats_position": [0.580498874187, 1.18421769142, 1.78793644905, 2.35682535172, 2.92571425438],
    "bpm_estimates": [99.3840179443, 99.3840255737],
    "bpm_intervals": [0.603718817234, 0.603718757629, 0.568888902664, 0.568888902664],
    "onset_times": [0.104489795864, 0.383129239082, 0.952018141747, 1.78793644905, 2.17106580734, 2.47292518616, 3.03020405769, 3.12308382988],
    "histogram": [[0, 0, 0, 0, 0, 0, 0, 0, 0, 0, 0, 0, 0, 0, 0, 0, 0, 0, 0, 0, 0, 0, 0, 0, 0, 0, 0, 0, 0, 0, 0, 0, 0, 0, 0, 0, 0, 0, 0, 0, 0, 0, 0, 0, 0, 0, 0, 0, 0, 0, 0, 0, 0, 0, 0, 0, 0, 0, 0, 0, 0, 0, 0, 0, 0, 0, 0, 0, 0, 0, 0, 0, 0, 0, 0, 0, 0, 0, 0, 0, 0, 0, 0, 0, 0, 0, 0, 0, 0, 0, 0, 0, 0, 0, 0, 0, 0, 0, 0, 0.5, 0, 0, 0, 0, 0, 0.5, 0, 0, 0, 0, 0, 0, 0, 0, 0, 0, 0, 0, 0, 0, 0, 0, 0, 0, 0, 0, 0, 0, 0, 0, 0, 0, 0, 0, 0, 0, 0, 0, 0, 0, 0, 0, 0, 0, 0, 0, 0, 0, 0, 0, 0, 0, 0, 0, 0, 0, 0, 0, 0, 0, 0, 0, 0, 0, 0, 0, 0, 0, 0, 0, 0, 0, 0, 0, 0, 0, 0, 0, 0, 0, 0, 0, 0, 0, 0, 0, 0, 0, 0, 0, 0, 0, 0, 0, 0, 0, 0, 0, 0, 0, 0, 0, 0, 0, 0, 0, 0, 0, 0, 0, 0, 0, 0, 0, 0, 0, 0, 0, 0, 0, 0, 0, 0, 0, 0, 0, 0, 0, 0, 0, 0, 0, 0, 0, 0, 0, 0, 0, 0, 0, 0, 0, 0, 0, 0, 0, 0, 0, 0, 0]]
},
"sfx": {
    "inharmonicity": {
        "kurt": -0.616142272949,
        "max": 0.402377128601,
        "mean": 0.116459190845,
        "median": 0.0885323137045,
        "min": 0,
        "skew": 0.670664131641,
        "var": 0.00981619115919
    },
    "oddtoevenharmonicenergyratio": {
        "kurt": 0.695018529892,
        "max": 3.20447897911,
        "mean": 0.792910695076,
        "median": 0.629659712315,
        "min": 0,
        "skew": 0.979884445667,
        "var": 0.442350387573
    },
    "pitch_after_max_to_before_max_energy_ratio": 0.116548739374,
    "pitch_centroid": 57.0031547546,
    "pitch_max_to_total": 0.956204354763,
    "pitch_min_to_total": 0.445255488157,
    "tristimulus": {
        "kurt": [1.18427562714, 0.079391002655, -0.956951618195],
        "max": [1, 0.760557830334, 0.976869821548],
        "mean": [0.255613565445, 0.325042814016, 0.419343620539],
        "median": [0.121822908521, 0.354042112827, 0.470580369234],
        "min": [0, 0, 0],
        "skew": [1.49186384678, -0.352111488581, -0.134138867259],
        "var": [0.089338645339, 0.026715785265, 0.0675802752376],
        "cov": [[0.0899955481291, -0.0244152843952, -0.0655803084373], [-0.0244152843952, 0.0269122254103, -0.00249692518264], [-0.0655803084373, -0.00249692518264, 0.0680771917105]]
    }
},
"tonal": {
    "chords_changes_rate": 0.15942029655,
    "chords_number_rate": 0.115942031145,
    "chords_strength": {
        "kurt": -1.32879590988,
        "max": 0.634370982647,
        "mean": 0.472174435854,
        "median": 0.471913307905,
        "min": 0.332628726959,
        "skew": 0.0375590734184,
        "var": 0.0074647939764
    },
    "key_strength": 0.37866461277,
    "tuning_diatonic_strength": 0.318139731884,
    "tuning_equal_tempered_deviation": 0.214908108115,
    "tuning_frequency": 452.892974854,
    "tuning_nontempered_energy_ratio": 0.893763899803,
    "hpcp": {
        "kurt": [-0.243618249893, -0.1300573349, -0.222588777542, -0.543251037598, 0.0334389209747, -0.564330339432, -0.664989471436, -0.759252548218, -0.560366630554, -0.883639097214, -0.773281097412, -0.732849836349, -0.812482118607, -1.11716008186, -0.540140151978, -0.656621217728, -0.0342843532562, 0.0827946662903, -0.329989433289, -0.369827747345, 0.366643667221, -0.0563287734985, -0.395915985107, -0.404354810715, -0.29652762413, -0.263478517532, -0.587194442749, -0.615894317627, -0.704382658005, -0.414321184158, -0.221211433411, 0.0624301433563, -0.0287945270538, -0.119196176529, -0.0328946113586, -0.285155057907],
        "max": [1, 1, 0.956535160542, 1, 1, 1, 1, 1, 1, 1, 1, 1, 1, 0.851295411587, 1, 1, 1, 0.991574704647, 0.836480915546, 0.922798514366, 1, 1, 1, 1, 1, 1, 0.96432697773, 1, 0.925211250782, 1, 1, 1, 1, 1, 1, 1],
        "mean": [0.435428529978, 0.399491101503, 0.38329076767, 0.387202560902, 0.379396259785, 0.418084353209, 0.477182686329, 0.467279136181, 0.42884477973, 0.420401364565, 0.427060991526, 0.428873687983, 0.422722816467, 0.408069014549, 0.42425262928, 0.435339361429, 0.400953859091, 0.353349536657, 0.326889157295, 0.34818187356, 0.357902735472, 0.352790266275, 0.38137164712, 0.391732215881, 0.401114970446, 0.413852006197, 0.393933981657, 0.381356865168, 0.374706655741, 0.38289180398, 0.399258613586, 0.400441169739, 0.402042597532, 0.394343048334, 0.38229522109, 0.41496938467],
        "median": [0.403890162706, 0.395202368498, 0.361489653587, 0.370723098516, 0.325553685427, 0.373260706663, 0.461741238832, 0.474918603897, 0.456958532333, 0.361403465271, 0.385135233402, 0.37687548995, 0.417362630367, 0.372187703848, 0.408033251762, 0.415199667215, 0.351157426834, 0.323000669479, 0.317179679871, 0.285268127918, 0.296560108662, 0.334134817123, 0.356010705233, 0.368471860886, 0.354429811239, 0.41541916132, 0.39336040616, 0.295423328876, 0.344590634108, 0.35302695632, 0.35848903656, 0.392096281052, 0.340858727694, 0.342790663242, 0.360129952431, 0.392880916595],
