{
"metadata": {
    "version": {
        "essentia": "2.1-beta3"
    }
},
"lowLevel": {
    "average_loudness": 0.892518341541,
    "barkbands_kurtosis": {
        "kurt": 3.24781751633,
        "max": 11.1835632324,
        "mean": 1.8008004427,
        "median": 0.921264886856,
        "min": -0.972697973251,
        "skew": 1.79957938194,
        "var": 5.91558980942
    },
    "barkbands_skewness": {
        "kurt": -0.632548570633,
        "max": 3.09377074242,
        "mean": 0.948599696159,
        "median": 0.844968736172,
        "min": -0.666640758514,
        "skew": 0.331303358078,
        "var": 0.674289345741
    },
    "barkbands_spread": {
        "kurt": 2.51826095581,
        "max": 33.5188407898,
        "mean": 13.5202074051,
        "median": 12.2969255447,
        "min": 4.87845659256,
        "skew": 1.4720634222,
        "var": 28.5957012177
    },
    "dissonance": {
        "kurt": 15.9473075867,
        "max": 0.499928534031,
        "mean": 0.464779555798,
        "median": 0.473440468311,
        "min": 0.22446373105,
        "skew": -3.19739985466,
        "var": 0.00121350865811
    },
    "hfc": {
        "kurt": 46.4658737183,
        "max": 1.15605652332,
        "mean": 0.045847106725,
        "median": 0.0101925395429,
        "min": 0.000510901329108,
        "skew": 6.45838069916,
        "var": 0.0171022024006
    },
    "pitch": {
        "kurt": 18.2615623474,
        "max": 3258.59814453,
        "mean": 380.909912109,
        "median": 216.816390991,
        "min": 75.2922821045,
        "skew": 3.38300943375,
        "var": 159333.015625
    },
    "pitch_instantaneous_confidence": {
        "kurt": 0.628184318542,
        "max": 0.567827582359,
        "mean": 0.275840520859,
        "median": 0.25449025631,
        "min": 0.129358410835,
        "skew": 0.949164271355,
        "var": 0.00783168710768
    },
    "pitch_salience": {
        "kurt": 1.2912569046,
        "max": 0.876379907131,
        "mean": 0.755899548531,
        "median": 0.764445245266,
        "min": 0.528933942318,
        "skew": -0.687976896763,
        "var": 0.0030921108555
    },
    "silence_rate_20dB": {
        "kurt": 0,
        "max": 1,
        "mean": 1,
        "median": 1,
        "min": 1,
        "skew": 0,
        "var": 0
    },
    "silence_rate_30dB": {
        "kurt": 0,
        "max": 1,
        "mean": 1,
        "median": 1,
        "min": 1,
        "skew": 0,
        "var": 0
    },
    "silence_rate_60dB": {
        "kurt": 0,
        "max": 1,
        "mean": 1,
        "median": 1,
        "min": 1,
        "skew": 0,
        "var": 0
    },
    "spectral_centroid": {
        "kurt": -0.559720039368,
        "max": 1364.703125,
        "mean": 831.876220703,
        "median": 838.228759766,
        "min": 413.910827637,
        "skew": 0.0353810377419,
        "var": 39752.4257812
    },
    "spectral_complexity": {
        "kurt": 60.9451675415,
        "max": 5,
        "mean": 0.0802919715643,
        "median": 0,
        "min": 0,
        "skew": 7.87994718552,
        "var": 0.365816056728
    },
    "spectral_crest": {
        "kurt": 1.77300167084,
        "max": 15.0574293137,
        "mean": 6.80586481094,
        "median": 6.15560054779,
        "min": 3.0936319828,
        "skew": 1.26568973064,
        "var": 5.36958217621
    },
    "spectral_decrease": {
        "kurt": 52.6611557007,
        "max": -1.50742780888e-13,
        "mean": -1.2164881949e-11,
        "median": -3.50951537796e-12,
        "min": -3.30980270968e-10,
        "skew": -7.02024745941,
        "var": 1.36594337879e-21
    },
    "spectral_energy": {
        "kurt": 52.1953315735,
        "max": 0.00135405163746,
        "mean": 5.00714813825e-05,
        "median": 1.44507084769e-05,
        "min": 6.15276292137e-07,
        "skew": 6.97918653488,
        "var": 2.28900045585e-08
    },
    "spectral_energyband_high": {
        "kurt": 7.20052719116,
        "max": 9.32154705424e-07,
        "mean": 1.78162750331e-07,
        "median": 1.35528054557e-07,
        "min": 3.21049746788e-08,
        "skew": 2.12905216217,
        "var": 1.74137539512e-14
    },
    "spectral_energyband_low": {
        "kurt": 14.515871048,
        "max": 6.08209393249e-06,
        "mean": 9.88803208202e-07,
        "median": 8.63552941155e-07,
        "min": 6.06214030086e-08,
        "skew": 3.01393651962,
        "var": 6.35394623201e-13
    },
    "spectral_energyband_middle_high": {
        "kurt": 53.9896583557,
        "max": 0.000857943727169,
        "mean": 2.91887718049e-05,
        "median": 3.60066337635e-06,
        "min": 1.23694192666e-07,
        "skew": 6.76688861847,
        "var": 8.0717628137e-09
    },
    "spectral_energyband_middle_low": {
        "kurt": 62.0456008911,
        "max": 0.000622862018645,
        "mean": 2.03985073313e-05,
        "median": 9.25524000195e-06,
        "min": 3.77362113113e-07,
        "skew": 7.84422016144,
        "var": 4.59154181343e-09
    },
    "spectral_flatness_db": {
        "kurt": 2.94003915787,
        "max": 0.296861112118,
        "mean": 0.171687573195,
        "median": 0.166403219104,
        "min": 0.0848898887634,
        "skew": 1.13166379929,
        "var": 0.00102502282243
    },
    "spectral_flux": {
        "kurt": 19.9393215179,
        "max": 0.0349533073604,
        "mean": 0.00408259872347,
        "median": 0.00257008662447,
        "min": 0.000872126023751,
        "skew": 4.25903749466,
        "var": 2.51614474109e-05
    },
    "spectral_kurtosis": {
        "kurt": 0.598801374435,
        "max": 36.3937988281,
        "mean": 11.2416658401,
        "median": 10.3548927307,
        "min": 2.54949712753,
        "skew": 0.816329061985,
        "var": 39.2194786072
    },
    "spectral_rms": {
        "kurt": 21.3011245728,
        "max": 0.00114935892634,
        "mean": 0.00016514393792,
        "median": 0.000118736061268,
        "min": 2.45003993768e-05,
        "skew": 4.09984350204,
        "var": 2.15777173906e-08
    },
    "spectral_rolloff": {
        "kurt": 5.43628406525,
        "max": 3273.046875,
        "mean": 1233.83728027,
        "median": 1248.92578125,
        "min": 279.931640625,
        "skew": 1.73494231701,
        "var": 225641.5625
    },
    "spectral_skewness": {
        "kurt": -0.764010906219,
        "max": 4.54766607285,
        "mean": 2.62809920311,
        "median": 2.6897175312,
        "min": 1.3622149229,
        "skew": 0.0276271570474,
        "var": 0.400832921267
    },
    "spectral_spread": {
        "kurt": 1.86719751358,
        "max": 10875579,
        "mean": 3980381,
        "median": 4022236.5,
        "min": 1079971.125,
        "skew": 0.769353330135,
        "var": 2.34123113267e+12
    },
    "spectral_strongpeak": {
        "kurt": 4.07557725906,
        "max": 0.219109117985,
        "mean": 0.0345751158893,
        "median": 0.0165551248938,
        "min": 0.000422668206738,
        "skew": 2.08886122704,
        "var": 0.00181650172453
    },
    "zerocrossingrate": {
        "kurt": 0.547279834747,
        "max": 0.0791015625,
        "mean": 0.0509487614036,
        "median": 0.05078125,
        "min": 0.0263671875,
        "skew": 0.463354945183,
        "var": 9.10321832635e-05
    },
    "barkbands": {
        "kurt": [131.392837524, 5.81233787537, 13.0310344696, 3.07636499405, 51.0887680054, 54.6934623718, 52.355632782, 81.5716400146, 85.374710083, 65.2696990967, 59.7212753296, 51.6339111328, 48.3980979919, 62.4950942993, 18.3211231232, 63.1022872925, 114.265296936, 12.7287273407, 10.1294517517, 27.5895061493, 15.1264801025, 0.739512443542, 36.7031288147, 23.468585968, 70.7406387329, 36.6731300354, 60.7999992371],
        "max": [1.0160231767e-08, 3.22121252339e-07, 3.99938699047e-06, 2.91438300337e-06, 4.03774829465e-05, 0.000182811418199, 9.01554740267e-05, 0.000125881517306, 0.000194591251784, 0.000213561230339, 0.000302167463815, 0.000231023965171, 0.000103728882095, 3.5852266592e-05, 6.94722939443e-06, 2.07882385439e-05, 4.79644913867e-05, 3.94883954868e-06, 2.48475089393e-06, 1.71681540451e-06, 3.52587676389e-07, 2.81041167227e-07, 8.68841283364e-08, 2.98516518171e-08, 1.11544906645e-08, 4.01127936422e-10, 1.13498925536e-10],
        "mean": [1.00889373245e-10, 5.37890301189e-08, 5.81092706398e-07, 6.66504945457e-07, 2.3422569484e-06, 5.71749615119e-06, 4.03909916713e-06, 3.12266342917e-06, 3.83043516194e-06, 5.15612009622e-06, 8.63891091285e-06, 7.91955153545e-06, 3.61256638826e-06, 1.37795234423e-06, 5.5217458339e-07, 7.02162878952e-07, 8.36341826016e-07, 3.61362339163e-07, 2.90405409942e-07, 1.45334823287e-07, 5.43821094823e-08, 6.08027406201e-08, 5.74103387052e-09, 2.69477062886e-09, 1.52622503524e-09, 1.04594777284e-10, 5.17024140514e-12],
        "median": [1.65827594711e-11, 3.7441353129e-08, 4.75337856187e-07, 5.05498974235e-07, 1.53526252689e-06, 1.38286611673e-06, 1.93940832105e-06, 1.25864892198e-06, 1.14707995635e-06, 6.68031191253e-07, 8.3378540694e-07, 8.61140335928e-07, 3.86819976939e-07, 3.0981871646e-07, 1.88705129744e-07, 1.25402152662e-07, 1.28249283193e-07, 1.26945778334e-07, 1.08844851354e-07, 7.0987617562e-08, 3.98656325729e-08, 1.99442418136e-08, 3.49773277009e-09, 1.70427372215e-09, 1.38508982062e-09, 9.86474235631e-11, 3.12773635117e-12],
        "min": [8.1291998957e-13, 3.49930473487e-10, 2.35783019775e-08, 5.93648010749e-08, 1.23140111441e-07, 9.4296073172e-09, 1.11956612869e-08, 2.97696733931e-09, 1.07935722582e-08, 7.49209583262e-09, 4.8091477467e-09, 1.26951418267e-08, 7.63128316095e-09, 8.75872352424e-09, 3.60456708925e-09, 2.91148749554e-09, 1.80126615845e-08, 8.26936474851e-09, 9.20402776217e-09, 1.4146746885e-08, 1.19107976815e-08, 4.06525346719e-09, 1.42599865249e-09, 4.98148189365e-10, 5.94182480995e-10, 3.5095225337e-11, 1.38526310648e-12],
        "skew": [11.5365877151, 2.02688884735, 2.89078140259, 1.77644455433, 6.7820892334, 7.3348197937, 7.03236246109, 8.81986808777, 9.0725069046, 7.8454284668, 7.31087493896, 6.9569606781, 6.56928920746, 7.09921455383, 3.81595802307, 7.26379776001, 10.4798994064, 3.27400135994, 3.12329125404, 4.65260219574, 3.54651427269, 1.46483385563, 5.9359459877, 4.72907733917, 7.6489944458, 4.98666858673, 7.64720439911],
        "var": [7.4574628391e-19, 2.4448229594e-15, 2.93261454617e-13, 3.50101973237e-13, 1.88147483704e-11, 4.84144502266e-10, 1.04502136111e-10, 1.45022271969e-10, 3.41422584649e-10, 4.86405582478e-10, 9.85401871212e-10, 7.07576941483e-10, 1.3402789989e-10, 1.26547244905e-11, 9.08968646879e-13, 4.29932608612e-12, 1.7532980276e-11, 3.55281098595e-13, 1.99725788208e-13, 4.45724322251e-14, 2.40685576633e-15, 5.69940645175e-15, 1.11240453151e-16, 1.61437365993e-17, 9.29280756331e-19, 1.23191820816e-21, 1.45987470023e-22],
        "cov": [[7.51229715889e-19, -1.26649716646e-18, -4.31094440655e-17, -4.58244791377e-17, -1.67085070666e-16, -4.32118940239e-16, -2.90612371992e-16, -2.50501497351e-16, -3.04900547262e-16, -3.70726521618e-16, -5.94678274163e-16, -5.64967534747e-16, -2.52207712875e-16, -8.22024961231e-17, -2.5463305937e-17, -5.05367318728e-17, -6.16031246845e-17, -2.4834934876e-17, -1.87510760646e-17, -8.97058431878e-18, -3.05907934134e-18, -4.24656121716e-18, -8.93012750955e-20, -7.61763486174e-20, -5.30760569292e-20, 8.14842070689e-22, 2.63175589819e-21], [-1.26649716646e-18, 2.46279953964e-15, 3.67301310962e-15, -8.06292568315e-16, 4.55077175352e-15, 3.15729599854e-14, 3.12511179586e-14, 1.39699881912e-14, 2.25421335651e-14, 5.23316707622e-14, 1.33291042591e-13, 6.82163811658e-14, -3.75946298628e-15, 1.96592823401e-14, 9.18011513025e-15, 4.67119781576e-15, 5.00724627912e-15, 1.53867759446e-15, 3.21424439528e-15, 1.6152519934e-16, 2.52503459722e-16, -3.3462433628e-16, 2.72324483983e-17, 1.25306158196e-17, 1.534824631e-18, 5.1893025802e-19, 4.67156228612e-20], [-4.31094440655e-17, 3.67301310962e-15, 2.95417797213e-13, 1.06857299159e-13, 5.1922301094e-13, 2.77207336946e-12, 1.18066331451e-12, 2.09032574236e-12, 3.32048429551e-12, 1.99944379629e-12, 2.40134279648e-12, -2.44631653259e-13, 7.75820651212e-14, 5.73351731557e-15, -2.87757183804e-14, 3.17150168974e-13, 8.13588237579e-13, 4.74975791933e-14, 6.60513624115e-15, -8.98289706101e-15, 2.10074525897e-15, -3.64589789091e-15, -4.09325601266e-16, -6.42360141045e-17, -3.4240254719e-17, -1.45786540117e-18, -8.17639601175e-19], [-4.58244791377e-17, -8.06292568315e-16, 1.06857299159e-13, 3.52676248665e-13, 5.98528930411e-13, 2.81967027851e-12, 1.24611226286e-12, 2.05089049042e-12, 3.16613684055e-12, 2.38522569751e-12, 3.14682589882e-12, 2.62241969676e-13, 6.32687804057e-13, 1.21999348015e-13, -8.7118261891e-15, 2.92011830298e-13, 7.45047144639e-13, 5.83617084781e-14, 2.13992540322e-15, -1.31413815986e-14, 1.45785275772e-15, -5.69621313754e-15, -5.67679893063e-16, 8.49114050957e-18, 1.76228993163e-17, 1.76781486223e-19, -8.03146000976e-19], [-1.67085070666e-16, 4.55077175352e-15, 5.1922301094e-13, 5.98528930411e-13, 1.89530925676e-11, 9.0574603373e-11, 4.16728075658e-11, 4.31601421269e-11, 6.61765572896e-11, 8.79870273862e-11, 1.2155453033e-10, 8.76862471522e-11, 2.60016522202e-11, 1.19115429326e-11, 1.84426193935e-12, 5.29818766984e-12, 1.06012351675e-11, 1.49333702956e-12, 7.4637014234e-13, 1.33945033342e-13, 9.21479079564e-14, -2.72002370985e-14, 4.86294744029e-15, 3.54164253466e-15, -3.94792726118e-17, 1.14148500893e-17, -1.2568399362e-18], [-4.32118940239e-16, 3.15729599854e-14, 2.77207336946e-12, 2.81967027851e-12, 9.0574603373e-11, 4.87704432395e-10, 2.22883725365e-10, 2.45780701347e-10, 3.76615127973e-10, 4.63211441426e-10, 6.43689768154e-10, 4.2572162462e-10, 1.34451824674e-10, 6.0360529075e-11, 1.0639358318e-11, 3.34727592866e-11, 6.77829389839e-11, 8.90594889502e-12, 4.58861160874e-12, 8.20611916093e-13, 5.40864824716e-13, -1.72441013834e-13, 3.07306839752e-14, 1.77544475432e-14, -3.99281405168e-16, 5.73919945081e-17, 6.1184907957e-18], [-2.90612371992e-16, 3.12511179586e-14, 1.18066331451e-12, 1.24611226286e-12, 4.16728075658e-11, 2.22883725365e-10, 1.05270528405e-10, 1.10304730627e-10, 1.69043667952e-10, 2.16186998858e-10, 3.04605451973e-10, 2.0510297627e-10, 6.49400672126e-11, 2.98381250263e-11, 5.63686380559e-12, 1.49094556146e-11, 2.94241922494e-11, 4.18360528512e-12, 2.22228312141e-12, 4.13001040702e-13, 2.5192323813e-13, -8.50994147654e-14, 1.61449561944e-14, 8.86630043473e-15, 1.56106623697e-16, 4.02191658174e-17, 5.63650919638e-18], [-2.50501497351e-16, 1.39699881912e-14, 2.09032574236e-12, 2.05089049042e-12, 4.31601421269e-11, 2.45780701347e-10, 1.10304730627e-10, 1.46088613429e-10, 2.22300872155e-10, 2.2759627516e-10, 3.07448233539e-10, 1.40403161319e-10, 4.67994046294e-11, 2.43464831629e-11, 3.81452334997e-12, 2.05401390341e-11, 4.54072682232e-11, 4.63686901375e-12, 2.41828388911e-12, 2.42904627619e-13, 3.0533540106e-13, -7.65899252657e-14, 8.80091118526e-15, 5.75251626458e-15, -1.52822266679e-16, 2.26712404974e-17, 2.11811341809e-18], [-3.04900547262e-16, 2.25421335651e-14, 3.32048429551e-12, 3.16613684055e-12, 6.61765572896e-11, 3.76615127973e-10, 1.69043667952e-10, 2.22300872155e-10, 3.43933048708e-10, 3.48056583555e-10, 4.71076511133e-10, 2.14587389524e-10, 7.22497964234e-11, 3.63730365271e-11, 5.70597735727e-12, 3.10501901968e-11, 6.98376773078e-11, 7.02159337618e-12, 3.5714473913e-12, 2.49523356621e-13, 4.53358813164e-13, -1.08491991432e-13, 1.62464764813e-14, 9.61826240398e-15, -3.48294945123e-16, 4.028551232e-17, 5.95406590149e-18], [-3.70726521618e-16, 5.23316707622e-14, 1.99944379629e-12, 2.38522569751e-12, 8.79870273862e-11, 4.63211441426e-10, 2.16186998858e-10, 2.2759627516e-10, 3.48056583555e-10, 4.8998205493e-10, 6.79152289962e-10, 4.18174606054e-10, 1.5294170097e-10, 6.85766998743e-11, 1.1371366522e-11, 2.68476976761e-11, 5.4438314967e-11, 8.71614499326e-12, 4.23529614157e-12, 7.09701936975e-13, 4.85009764555e-13, -1.70232615981e-13, 4.32776983196e-14, 2.37809616021e-14, 2.66276109565e-16, 9.36016008295e-17, 1.75653325088e-17], [-5.94678274163e-16, 1.33291042591e-13, 2.40134279648e-12, 3.14682589882e-12, 1.2155453033e-10, 6.43689768154e-10, 3.04605451973e-10, 3.07448233539e-10, 4.71076511133e-10, 6.79152289962e-10, 9.92647408715e-10, 6.20510143268e-10, 2.55124088522e-10, 1.01127113628e-10, 1.81384213205e-11, 3.82204753957e-11, 7.3347591889e-11, 1.3657496141e-11, 6.61391167528e-12, 1.43722696504e-12, 7.19674970659e-13, -2.86130196142e-13, 6.22193540179e-14, 3.2624334549e-14, 6.14724844107e-16, 1.40187195319e-16, 2.92767243662e-17], [-5.64967534747e-16, 6.82163811658e-14, -2.44631653259e-13, 2.62241969676e-13, 8.76862471522e-11, 4.2572162462e-10, 2.0510297627e-10, 1.40403161319e-10, 2.14587389524e-10, 4.18174606054e-10, 6.20510143268e-10, 7.12779668621e-10, 2.07269534869e-10, 7.58036203252e-11, 1.59078739764e-11, 2.23340998473e-11, 2.52979581727e-11, 8.46689818951e-12, 4.67677415891e-12, 1.61436434967e-12, 4.51973229893e-13, -2.48733352708e-13, 4.68585741498e-14, 2.36475234197e-14, 6.37861231424e-16, 8.41827995968e-17, 1.0174782274e-17], [-2.52207712875e-16, -3.75946298628e-15, 7.75820651212e-14, 6.32687804057e-13, 2.60016522202e-11, 1.34451824674e-10, 6.49400672126e-11, 4.67994046294e-11, 7.22497964234e-11, 1.5294170097e-10, 2.55124088522e-10, 2.07269534869e-10, 1.35013403235e-10, 2.844915796e-11, 5.61352310122e-12, 8.08110956624e-12, 8.88811160088e-12, 4.85246738624e-12, 1.57281154246e-12, 8.5753593896e-13, 1.73018337938e-13, -1.24336684611e-13, 1.17266239715e-14, 6.44730774506e-15, -2.1182353776e-16, 5.28214212683e-18, 2.59360661269e-18], [-8.22024961231e-17, 1.96592823401e-14, 5.73351731557e-15, 1.21999348015e-13, 1.19115429326e-11, 6.0360529075e-11, 2.98381250263e-11, 2.43464831629e-11, 3.63730365271e-11, 6.85766998743e-11, 1.01127113628e-10, 7.58036203252e-11, 2.844915796e-11, 1.27477741904e-11, 2.59319605719e-12, 2.79561269967e-12, 4.06012680074e-12, 1.37955087891e-12, 7.670814396e-13, 2.57570982772e-13, 7.76306373785e-14, -3.52460539867e-14, 1.03652184085e-14, 4.60675300803e-15, 6.39545662319e-16, 2.84102361309e-17, 7.18547396297e-18], [-2.5463305937e-17, 9.18011513025e-15, -2.87757183804e-14, -8.7118261891e-15, 1.84426193935e-12, 1.0639358318e-11, 5.63686380559e-12, 3.81452334997e-12, 5.70597735727e-12, 1.1371366522e-11, 1.81384213205e-11, 1.59078739764e-11, 5.61352310122e-12, 2.59319605719e-12, 9.15652211171e-13, 8.55391332853e-13, 9.90337694663e-13, 3.69749342905e-13, 2.50347268957e-13, 9.99661169273e-14, 2.03060580639e-14, -1.20324858746e-14, 3.36569558031e-15, 9.45738331873e-16, 1.8313286424e-16, 1.48588438666e-17, 3.96534214277e-18], [-5.05367318728e-17, 4.67119781576e-15, 3.17150168974e-13, 2.92011830298e-13, 5.29818766984e-12, 3.34727592866e-11, 1.49094556146e-11, 2.05401390341e-11, 3.10501901968e-11, 2.68476976761e-11, 3.82204753957e-11, 2.23340998473e-11, 8.08110956624e-12, 2.79561269967e-12, 8.55391332853e-13, 4.33093881938e-12, 8.17472044917e-12, 9.62237884858e-13, 5.59262922431e-13, 1.51248954225e-13, 5.82611012928e-14, -2.27825808078e-14, 3.69730225584e-16, -4.11891277298e-18, 5.79118874492e-17, 5.5759996938e-18, 9.25397867138e-19], [-6.16031246845e-17, 5.00724627912e-15, 8.13588237579e-13, 7.45047144639e-13, 1.06012351675e-11, 6.77829389839e-11, 2.94241922494e-11, 4.54072682232e-11, 6.98376773078e-11, 5.4438314967e-11, 7.3347591889e-11, 2.52979581727e-11, 8.88811160088e-12, 4.06012680074e-12, 9.90337694663e-13, 8.17472044917e-12, 1.76618997205e-11, 1.60922035246e-12, 8.86553200644e-13, 1.20197986763e-13, 1.0580043921e-13, -2.84287533564e-14, 1.26320868925e-16, -5.31264788608e-17, -4.71470979238e-17, 8.63077935032e-18, 1.17655213159e-18], [-2.4834934876e-17, 1.53867759446e-15, 4.74975791933e-14, 5.83617084781e-14, 1.49333702956e-12, 8.90594889502e-12, 4.18360528512e-12, 4.63686901375e-12, 7.02159337618e-12, 8.71614499326e-12, 1.3657496141e-11, 8.46689818951e-12, 4.85246738624e-12, 1.37955087891e-12, 3.69749342905e-13, 9.62237884858e-13, 1.60922035246e-12, 3.57893456624e-13, 1.89204880062e-13, 6.58050884291e-14, 1.75010627193e-14, -7.05016396351e-15, 6.09168572671e-16, 2.07703648914e-16, 3.90638790518e-17, 2.09272724509e-18, 6.14638415314e-19], [-1.87510760646e-17, 3.21424439528e-15, 6.60513624115e-15, 2.13992540322e-15, 7.4637014234e-13, 4.58861160874e-12, 2.22228312141e-12, 2.41828388911e-12, 3.5714473913e-12, 4.23529614157e-12, 6.61391167528e-12, 4.67677415891e-12, 1.57281154246e-12, 7.670814396e-13, 2.50347268957e-13, 5.59262922431e-13, 8.86553200644e-13, 1.89204880062e-13, 2.01194367156e-13, 5.7741429639e-14, 1.06695268533e-14, 6.49780202602e-16, 6.79149111284e-16, 1.69005625229e-16, 4.93429448128e-17, 2.73673636241e-18, 6.79433230454e-19], [-8.97058431878e-18, 1.6152519934e-16, -8.98289706101e-15, -1.31413815986e-14, 1.33945033342e-13, 8.20611916093e-13, 4.13001040702e-13, 2.42904627619e-13, 2.49523356621e-13, 7.09701936975e-13, 1.43722696504e-12, 1.61436434967e-12, 8.5753593896e-13, 2.57570982772e-13, 9.99661169273e-14, 1.51248954225e-13, 1.20197986763e-13, 6.58050884291e-14, 5.7741429639e-14, 4.49001696012e-14, 3.68498126165e-15, 2.76221282218e-16, 1.92433497759e-16, 1.84204172321e-17, 2.11879484948e-17, 7.54337847041e-19, 2.38046812162e-19], [-3.05907934134e-18, 2.52503459722e-16, 2.10074525897e-15, 1.45785275772e-15, 9.21479079564e-14, 5.40864824716e-13, 2.5192323813e-13, 3.0533540106e-13, 4.53358813164e-13, 4.85009764555e-13, 7.19674970659e-13, 4.51973229893e-13, 1.73018337938e-13, 7.76306373785e-14, 2.03060580639e-14, 5.82611012928e-14, 1.0580043921e-13, 1.75010627193e-14, 1.06695268533e-14, 3.68498126165e-15, 2.42455324921e-15, 5.12298390812e-16, 9.73134778753e-17, 2.41597404292e-17, 1.49375517563e-17, 4.70084622464e-19, 8.21430350203e-20], [-4.24656121716e-18, -3.3462433628e-16, -3.64589789091e-15, -5.69621313754e-15, -2.72002370985e-14, -1.72441013834e-13, -8.50994147654e-14, -7.65899252657e-14, -1.08491991432e-13, -1.70232615981e-13, -2.86130196142e-13, -2.48733352708e-13, -1.24336684611e-13, -3.52460539867e-14, -1.20324858746e-14, -2.27825808078e-14, -2.84287533564e-14, -7.05016396351e-15, 6.49780202602e-16, 2.76221282218e-16, 5.12298390812e-16, 5.74131383033e-15, 1.60002356523e-17, -1.83633235719e-17, 5.80805435791e-19, 2.50090432634e-19, -2.80254866141e-20], [-8.93012750955e-20, 2.72324483983e-17, -4.09325601266e-16, -5.67679893063e-16, 4.86294744029e-15, 3.07306839752e-14, 1.61449561944e-14, 8.80091118526e-15, 1.62464764813e-14, 4.32776983196e-14, 6.22193540179e-14, 4.68585741498e-14, 1.17266239715e-14, 1.03652184085e-14, 3.36569558031e-15, 3.69730225584e-16, 1.26320868925e-16, 6.09168572671e-16, 6.79149111284e-16, 1.92433497759e-16, 9.73134778753e-17, 1.60002356523e-17, 1.12058395811e-16, 3.7792624873e-17, 2.626556732e-18, 2.2643200729e-19, 8.32954203982e-20], [-7.61763486174e-20, 1.25306158196e-17, -6.42360141045e-17, 8.49114050957e-18, 3.54164253466e-15, 1.77544475432e-14, 8.86630043473e-15, 5.75251626458e-15, 9.61826240398e-15, 2.37809616021e-14, 3.2624334549e-14, 2.36475234197e-14, 6.44730774506e-15, 4.60675300803e-15, 9.45738331873e-16, -4.11891277298e-18, -5.31264788608e-17, 2.07703648914e-16, 1.69005625229e-16, 1.84204172321e-17, 2.41597404292e-17, -1.83633235719e-17, 3.7792624873e-17, 1.6262440326e-17, 9.94304286911e-19, 6.2875626872e-20, 2.53707473733e-20], [-5.30760569292e-20, 1.534824631e-18, -3.4240254719e-17, 1.76228993163e-17, -3.94792726118e-17, -3.99281405168e-16, 1.56106623697e-16, -1.52822266679e-16, -3.48294945123e-16, 2.66276109565e-16, 6.14724844107e-16, 6.37861231424e-16, -2.1182353776e-16, 6.39545662319e-16, 1.8313286424e-16, 5.79118874492e-17, -4.71470979238e-17, 3.90638790518e-17, 4.93429448128e-17, 2.11879484948e-17, 1.49375517563e-17, 5.80805435791e-19, 2.626556732e-18, 9.94304286911e-19, 9.36113681781e-19, 1.32440526033e-20, 2.52154841991e-21], [8.14842070689e-22, 5.1893025802e-19, -1.45786540117e-18, 1.76781486223e-19, 1.14148500893e-17, 5.73919945081e-17, 4.02191658174e-17, 2.26712404974e-17, 4.028551232e-17, 9.36016008295e-17, 1.40187195319e-16, 8.41827995968e-17, 5.28214212683e-18, 2.84102361309e-17, 1.48588438666e-17, 5.5759996938e-18, 8.63077935032e-18, 2.09272724509e-18, 2.73673636241e-18, 7.54337847041e-19, 4.70084622464e-19, 2.50090432634e-19, 2.2643200729e-19, 6.2875626872e-20, 1.32440526033e-20, 1.24097650229e-21, 2.89431501026e-22], [2.63175589819e-21, 4.67156228612e-20, -8.17639601175e-19, -8.03146000976e-19, -1.2568399362e-18, 6.1184907957e-18, 5.63650919638e-18, 2.11811341809e-18, 5.95406590149e-18, 1.75653325088e-17, 2.92767243662e-17, 1.0174782274e-17, 2.59360661269e-18, 7.18547396297e-18, 3.96534214277e-18, 9.25397867138e-19, 1.17655213159e-18, 6.14638415314e-19, 6.79433230454e-19, 2.38046812162e-19, 8.21430350203e-20, -2.80254866141e-20, 8.32954203982e-20, 2.53707473733e-20, 2.52154841991e-21, 2.89431501026e-22, 1.47060914077e-22]]
    },
    "mfcc": {
        "kurt": [0.814203500748, 2.8783364296, -0.823506116867, -0.0923907756805, 1.25357818604, 3.36744213104, -0.261351108551, -0.109194040298, 0.592377185822, 0.705807447433, 0.387852191925, -0.144706726074, 0.221792697906],
        "max": [-856.134460449, 188.969177246, 38.5440711975, 34.27110672, 14.24168396, 10.1993408203, 15.3851509094, 12.910036087, 7.66063308716, 3.16007995605, 17.3812065125, 10.9283981323, 14.3090515137],
        "mean": [-990.765869141, 111.628593445, -6.89008569717, -15.8952865601, -10.6995630264, -13.3808937073, -5.42090177536, -6.45050907135, -13.9325580597, -11.6142053604, -5.3394818306, -5.42056274414, -2.72384119034],
        "median": [-1001.21856689, 111.522102356, -2.58081054688, -18.6023674011, -10.2976379395, -13.1679458618, -5.18795394897, -6.1640625, -13.5181350708, -12.2791442871, -5.5753993988, -5.08300018311, -2.6436920166],
        "min": [-1105.24816895, 38.1503715515, -68.3834228516, -58.2638015747, -36.2152366638, -50.7343864441, -25.5463027954, -20.8869094849, -38.0558853149, -35.5288772583, -25.9926738739, -19.6397628784, -25.4428749084],
        "skew": [0.535236299038, -0.0915619283915, -0.425635635853, 0.502960145473, 0.14425355196, -0.601504504681, -0.019171172753, 0.0355905555189, -0.466064363718, -0.525155305862, 0.151578903198, -0.112366087735, -0.0281196162105],
        "var": [1784.36889648, 434.763244629, 774.67767334, 278.010040283, 58.5593795776, 64.3962249756, 70.6170272827, 40.2273254395, 59.488697052, 50.1185379028, 49.596408844, 31.6046772003, 41.6795082092],
        "cov": [[1797.48925781, 802.484558105, -1087.59936523, -545.875488281, -64.3484191895, -171.229110718, 109.379356384, 23.7924900055, -170.517105103, -117.111854553, -118.957603455, 62.6093902588, 134.00680542], [802.484558105, 437.960021973, -423.298095703, -278.793945312, -28.7900104523, -78.678894043, 22.0841789246, 6.10227584839, -67.357749939, -48.6008605957, -55.2973556519, 36.5196228027, 55.5895080566], [-1087.59936523, -423.298095703, 780.373840332, 372.927825928, 14.2807006836, 88.1962966919, -108.606582642, -34.8499908447, 121.56502533, 73.1779403687, 84.7905502319, -32.8011856079, -90.6822738647], [-545.875488281, -278.793945312, 372.927825928, 280.054229736, 28.7449493408, 35.4586181641, -28.0085868835, -15.9398069382, 45.8061828613, 31.4297924042, 38.8308258057, -24.9167633057, -44.4036903381], [-64.3484191895, -28.7900104523, 14.2807006836, 28.7449493408, 58.9899635315, 28.0443687439, 16.3566856384, 8.48829174042, -6.40906476974, -2.27429199219, -12.5355215073, 1.83002185822, 0.453536301851], [-171.229110718, -78.678894043, 88.1962966919, 35.4586181641, 28.0443687439, 64.8697280884, 12.4335660934, -4.43925476074, 16.2050933838, 10.7383546829, 7.54210710526, -2.55382633209, -3.32189083099], [109.379356384, 22.0841789246, -108.606582642, -28.0085868835, 16.3566856384, 12.4335660934, 71.1362686157, 23.6174697876, -30.6220340729, 0.835773169994, -14.8054685593, -8.65898036957, 11.6503181458], [23.7924900055, 6.10227584839, -34.8499908447, -15.9398069382, 8.48829174042, -4.43925476074, 23.6174697876, 40.5231132507, 8.54936885834, -1.64079582691, 2.09042596817, -2.59129071236, -9.77866077423], [-170.517105103, -67.357749939, 121.56502533, 45.8061828613, -6.40906476974, 16.2050933838, -30.6220340729, 8.54936885834, 59.9261169434, 25.269203186, 23.0054607391, 5.49632453918, -15.6065149307], [-117.111854553, -48.6008605957, 73.1779403687, 31.4297924042, -2.27429199219, 10.7383546829, 0.835773169994, -1.64079582691, 25.269203186, 50.4870567322, 28.4292888641, -4.71726322174, -0.87230682373], [-118.957603455, -55.2973556519, 84.7905502319, 38.8308258057, -12.5355215073, 7.54210710526, -14.8054685593, 2.09042596817, 23.0054607391, 28.4292888641, 49.9610900879, 4.26367521286, -13.7168283463], [62.6093902588, 36.5196228027, -32.8011856079, -24.9167633057, 1.83002185822, -2.55382633209, -8.65898036957, -2.59129071236, 5.49632453918, -4.71726322174, 4.26367521286, 31.837064743, 15.0028772354], [134.00680542, 55.5895080566, -90.6822738647, -44.4036903381, 0.453536301851, -3.32189083099, 11.6503181458, -9.77866077423, -15.6065149307, -0.87230682373, -13.7168283463, 15.0028772354, 41.9859771729]]
    },
    "sccoeffs": {
        "kurt": [1.77653169632, -0.428816556931, 1.23977375031, 2.79889059067, 7.43665409088, -0.535604953766],
        "max": [-0.569037973881, -0.762450814247, -0.751603424549, -0.711670935154, -0.682859659195, -0.763689398766],
        "mean": [-0.711838662624, -0.853076517582, -0.865502417088, -0.856038689613, -0.863794386387, -0.839538872242],
        "median": [-0.71808886528, -0.85737991333, -0.872454464436, -0.861517012119, -0.868898808956, -0.846253275871],
        "min": [-0.905921339989, -0.925140142441, -0.917322397232, -0.916186332703, -0.909799158573, -0.886307895184],
        "skew": [0.140338882804, 0.371558517218, 1.19648015499, 1.19616687298, 1.85623168945, 0.619687736034],
        "var": [0.00226956186816, 0.00112853525206, 0.00120042730123, 0.00103626016062, 0.000959032448009, 0.000771058956161],
        "cov": [[0.00228624977171, 0.000202604584047, 0.000234544408158, 0.000401775672799, 0.000353774754331, -5.1590584917e-05], [0.000202604584047, 0.0011368333362, 0.000293782679364, 1.54838890012e-05, 5.99225604674e-05, 0.000103469341411], [0.000234544408158, 0.000293782679364, 0.00120925402734, 0.000577796483412, 0.00052681134548, -8.19345659693e-05], [0.000401775672799, 1.54838890012e-05, 0.000577796483412, 0.00104387965985, 0.000602422456723, -7.59453760111e-05], [0.000353774754331, 5.99225604674e-05, 0.00052681134548, 0.000602422456723, 0.000966084131505, 3.65209743904e-05], [-5.1590584917e-05, 0.000103469341411, -8.19345659693e-05, -7.59453760111e-05, 3.65209743904e-05, 0.000776728498749]]
    },
    "scvalleys": {
        "kurt": [1.70119333267, 5.51293468475, 0.732928514481, -0.571637868881, -0.200813531876, 5.53738307953],
        "max": [-9.24576759338, -5.62344169617, -5.72299814224, -7.86477565765, -9.32319259644, -12.055223465],
        "mean": [-10.0570344925, -8.33336257935, -8.67175006866, -9.59201335907, -10.5009479523, -12.8130741119],
        "median": [-9.98241233826, -8.32039070129, -8.76599979401, -9.68899726868, -10.5756988525, -12.8501777649],
        "min": [-11.9220905304, -10.8097381592, -11.2279529572, -11.3813972473, -11.4900178909, -13.3432149887],
        "skew": [-0.835448384285, -0.0506855845451, 0.29681789875, 0.265519022942, 0.584121227264, 1.75520610809],
        "var": [0.192121237516, 0.411710649729, 0.718060255051, 0.525211930275, 0.168056324124, 0.0293723512441],
        "cov": [[0.1935338974, 0.0441987290978, 0.0389616116881, 0.0265498310328, 0.0166893135756, 0.0110222706571], [0.0441987290978, 0.414737939835, 0.44804751873, 0.370711475611, 0.163160324097, 0.0165317207575], [0.0389616116881, 0.44804751873, 0.72334009409, 0.56148982048, 0.274068176746, 0.0158734545112], [0.0265498310328, 0.370711475611, 0.56148982048, 0.529073774815, 0.251127243042, 0.0156649742275], [0.0166893135756, 0.163160324097, 0.274068176746, 0.251127243042, 0.169292032719, 0.0141515256837], [0.0110222706571, 0.0165317207575, 0.0158734545112, 0.0156649742275, 0.0141515256837, 0.0295883249491]]
    }
},
"rhythm": {
    "beats_loudness": {
        "kurt": 0.951814413071,
        "max": 0.000111827226647,
        "mean": 3.32219606207e-05,
        "median": 2.05270189326e-05,
        "min": 7.82659390097e-06,
        "skew": 1.64965522289,
        "var": 1.28075761108e-09
    },
    "bpm": 132.512023926,
    "confidence": 0,
    "first_peak_bpm": {
        "kurt": 0,
        "max": 133,
        "mean": 133,
        "median": 133,
        "min": 133,
        "skew": 0,
        "var": 0
    },
    "first_peak_spread": {
        "kurt": 0,
        "max": 0,
        "mean": 0,
        "median": 0,
        "min": 0,
        "skew": 0,
        "var": 0
    },
    "first_peak_weight": {
        "kurt": 0,
        "max": 0.600000023842,
        "mean": 0.600000023842,
        "median": 0.600000023842,
        "min": 0.600000023842,
        "skew": 0,
        "var": 0
    },
    "onset_rate": 1.26817977428,
    "second_peak_bpm": {
        "kurt": 0,
        "max": 126,
        "mean": 126,
        "median": 126,
        "min": 126,
        "skew": 0,
        "var": 0
    },
    "second_peak_spread": {
        "kurt": 0,
        "max": 0,
        "mean": 0,
        "median": 0,
        "min": 0,
        "skew": 0,
        "var": 0
    },
    "second_peak_weight": {
        "kurt": 0,
        "max": 0.40000000596,
        "mean": 0.40000000596,
        "median": 0.40000000596,
        "min": 0.40000000596,
        "skew": 0,
        "var": 0
    },
    "beats_loudness_band_ratio": {
        "kurt": [1.0659532547, 0.375494003296, -0.808941364288, -0.986015558243, -1.02762770653, -1.63214743137],
        "max": [0.148814707994, 0.484342873096, 0.516237020493, 0.627361416817, 0.133538901806, 0.029534380883],
        "mean": [0.116931147873, 0.194511771202, 0.347963899374, 0.295679777861, 0.0688259527087, 0.0178489051759],
        "median": [0.13441413641, 0.160107731819, 0.32262557745, 0.269881695509, 0.0686368048191, 0.0170439891517],
        "min": [0.0109676290303, 0.0562199018896, 0.153243586421, 0.061095867306, 0.0200102031231, 0.00936446432024],
        "skew": [-1.71225440502, 1.29011380672, -0.14278459549, 0.476138591766, 0.283528447151, 0.214392378926],
        "var": [0.00228916225024, 0.01925608702, 0.0134864123538, 0.0364427790046, 0.00150490028318, 6.09447197348e-05],
        "cov": [[0.00274699483998, 0.00329002505168, 0.00492981635034, -0.00852277781814, -0.00154941459186, -0.000108860862383], [0.00329002505168, 0.0231073033065, 0.00390560925007, -0.0231034941971, -0.0051965713501, 0.000149121246068], [0.00492981635034, 0.00390560925007, 0.0161836948246, -0.0209041312337, -0.00390193285421, -0.000108133608592], [-0.00852277781814, -0.0231034941971, -0.0209041312337, 0.0437313355505, 0.00821750424802, -0.000189230544493], [-0.00154941459186, -0.0051965713501, -0.00390193285421, 0.00821750424802, 0.00180588033982, 3.70457419194e-05], [-0.000108860862383, 0.000149121246068, -0.000108133608592, -0.000189230544493, 3.70457419194e-05, 7.31336622266e-05]]
    },
    "beats_position": [0.46439909935, 0.940408170223, 1.4164172411, 1.86920630932, 2.32199549675, 2.77478456497],
    "bpm_estimates": [132.512039185, 132.511993408, 132.512039185],
    "bpm_intervals": [0.476009070873, 0.476009070873, 0.452789068222, 0.452789187431, 0.452789068222],
    "onset_times": [0.0116099771112, 0.835918366909, 1.40480720997, 2.87927436829],
    "histogram": [[0, 0, 0, 0, 0, 0, 0, 0, 0, 0, 0, 0, 0, 0, 0, 0, 0, 0, 0, 0, 0, 0, 0, 0, 0, 0, 0, 0, 0, 0, 0, 0, 0, 0, 0, 0, 0, 0, 0, 0, 0, 0, 0, 0, 0, 0, 0, 0, 0, 0, 0, 0, 0, 0, 0, 0, 0, 0, 0, 0, 0, 0, 0, 0, 0, 0, 0, 0, 0, 0, 0, 0, 0, 0, 0, 0, 0, 0, 0, 0, 0, 0, 0, 0, 0, 0, 0, 0, 0, 0, 0, 0, 0, 0, 0, 0, 0, 0, 0, 0, 0, 0, 0, 0, 0, 0, 0, 0, 0, 0, 0, 0, 0, 0, 0, 0, 0, 0, 0, 0, 0, 0, 0, 0, 0, 0, 0.40000000596, 0, 0, 0, 0, 0, 0, 0.600000023842, 0, 0, 0, 0, 0, 0, 0, 0, 0, 0, 0, 0, 0, 0, 0, 0, 0, 0, 0, 0, 0, 0, 0, 0, 0, 0, 0, 0, 0, 0, 0, 0, 0, 0, 0, 0, 0, 0, 0, 0, 0, 0, 0, 0, 0, 0, 0, 0, 0, 0, 0, 0, 0, 0, 0, 0, 0, 0, 0, 0, 0, 0, 0, 0, 0, 0, 0, 0, 0, 0, 0, 0, 0, 0, 0, 0, 0, 0, 0, 0, 0, 0, 0, 0, 0, 0, 0, 0, 0, 0, 0, 0, 0, 0, 0, 0, 0, 0, 0, 0, 0, 0, 0, 0, 0, 0, 0, 0, 0, 0, 0, 0, 0, 0, 0, 0]]
},
"sfx": {
    "inharmonicity": {
        "kurt": -0.241302490234,
        "max": 0.346868693829,
        "mean": 0.112126618624,
        "median": 0.0893272608519,
        "min": 0,
        "skew": 0.865893304348,
        "var": 0.0087334420532
    },
    "oddtoevenharmonicenergyratio": {
        "kurt": 13.0584640503,
        "max": 6.71825027466,
        "mean": 0.916129767895,
        "median": 0.749697566032,
        "min": 0,
        "skew": 2.67882537842,
        "var": 0.768039047718
    },
    "pitch_after_max_to_before_max_energy_ratio": 0.263131946325,
    "pitch_centroid": 61.7348403931,
    "pitch_max_to_total": 0.912408769131,
    "pitch_min_to_total": 0.963503658772,
    "tristimulus": {
        "kurt": [1.10274457932, -0.546875715256, -0.430059432983],
        "max": [1, 0.691132068634, 1],
        "mean": [0.253184229136, 0.388029932976, 0.358785927296],
        "median": [0.196598127484, 0.416238188744, 0.354464888573],
        "min": [0, 0, 0],
        "skew": [1.24829673767, -0.357955574989, 0.385126143694],
        "var": [0.0493593923748, 0.0220994092524, 0.0544218085706],
        "cov": [[0.0497223287821, -0.00858114752918, -0.0411411970854], [-0.00858114752918, 0.0222619045526, -0.0136807560921], [-0.0411411970854, -0.0136807560921, 0.0548219680786]]
    }
},
"tonal": {
    "chords_changes_rate": 0.260869562626,
    "chords_number_rate": 0.0869565233588,
    "chords_strength": {
        "kurt": -1.15738582611,
        "max": 0.54784232378,
        "mean": 0.412002444267,
        "median": 0.433800011873,
        "min": 0.266919851303,
        "skew": -0.101489253342,
        "var": 0.00461765006185
    },
    "key_strength": 0.240479171276,
    "tuning_diatonic_strength": 0.334680825472,
    "tuning_equal_tempered_deviation": 0.281891971827,
    "tuning_frequency": 451.326080322,
    "tuning_nontempered_energy_ratio": 0.919184982777,
    "hpcp": {
        "kurt": [0.264269113541, 0.000216722488403, -0.445122003555, -0.29086971283, -0.92006778717, -1.01906692982, -0.527144670486, -0.166043758392, 0.133672475815, -0.29469037056, -0.21714758873, 0.102849721909, -0.258399248123, -0.858120203018, -0.586750745773, -0.391829013824, -0.116574525833, -0.450311899185, 0.0278987884521, 0.279018640518, 0.516985416412, -0.275284767151, 4.49477005005, -0.012020111084, 1.73394536972, 3.83749341965, 0.802629470825, 0.781598806381, 1.66675329208, 1.25296735764, 1.1277923584, 2.35377645493, 3.53900527954, -0.394669055939, 0.953178405762, 0.0217196941376],
        "max": [1, 1, 1, 1, 1, 1, 1, 1, 1, 1, 1, 1, 1, 1, 1, 1, 1, 0.907490313053, 1, 1, 1, 0.730280816555, 1, 0.852846860886, 1, 1, 0.74993622303, 0.771719813347, 1, 1, 1, 0.93439155817, 1, 0.68156760931, 1, 1],
        "mean": [0.354760617018, 0.361030817032, 0.380517482758, 0.382499307394, 0.433510929346, 0.46762791276, 0.421073764563, 0.385861963034, 0.364964574575, 0.362911939621, 0.367370992899, 0.338589340448, 0.347288429737, 0.401997894049, 0.393676489592, 0.373942583799, 0.359681278467, 0.330398082733, 0.332997620106, 0.318386167288, 0.283519685268, 0.266955435276, 0.253653526306, 0.27501231432, 0.269258409739, 0.236600190401, 0.216885447502, 0.22435298562, 0.295348495245, 0.33199468255, 0.292113572359, 0.245329484344, 0.217375963926, 0.229081138968, 0.272850543261, 0.324275016785],
