{
"metadata": {
    "version": {
        "essentia": "2.1-beta3"
    }
},
"lowLevel": {
    "average_loudness": 0.805138170719,
    "barkbands_kurtosis": {
        "kurt": 21.4749660492,
        "max": 22.0149517059,
        "mean": 0.395746737719,
        "median": -0.354834198952,
        "min": -1.76909792423,
        "skew": 4.25117874146,
        "var": 8.98694229126
    },
    "barkbands_skewness": {
        "kurt": 1.06772422791,
        "max": 3.08500647545,
        "mean": 0.160576760769,
        "median": 0.425988286734,
        "min": -3.68786048889,
        "skew": -1.20474922657,
        "var": 1.01183497906
    },
    "barkbands_spread": {
        "kurt": 1.29193353653,
        "max": 44.903377533,
        "mean": 23.8770103455,
        "median": 23.7278900146,
        "min": 1.23008811474,
        "skew": -0.217942744493,
        "var": 50.9064025879
    },
    "dissonance": {
        "kurt": 35.5894775391,
        "max": 0.499974995852,
        "mean": 0.483484059572,
        "median": 0.487118601799,
        "min": 0.29449865222,
        "skew": -4.24749612808,
        "var": 0.000245477480348
    },
    "hfc": {
        "kurt": 44.7411460876,
        "max": 1181.27563477,
        "mean": 22.9146595001,
        "median": 0.00282227108255,
        "min": 1.1003299445e-16,
        "skew": 6.52648305893,
        "var": 14742.7207031
    },
    "pitch": {
        "kurt": 2.24202775955,
        "max": 4742.48193359,
        "mean": 827.503112793,
        "median": 324.292144775,
        "min": 66.4109191895,
        "skew": 1.95923531055,
        "var": 1411993.125
    },
    "pitch_instantaneous_confidence": {
        "kurt": 7.36603832245,
        "max": 0.834381818771,
        "mean": 0.236560299993,
        "median": 0.215097814798,
        "min": 0.0442951321602,
        "skew": 2.27067637444,
        "var": 0.00924568995833
    },
    "pitch_salience": {
        "kurt": 2.00958299637,
        "max": 0.948415517807,
        "mean": 0.768305420876,
        "median": 0.772384166718,
        "min": 0.590067028999,
        "skew": -0.0156997926533,
        "var": 0.00232820445672
    },
    "silence_rate_20dB": {
        "kurt": 81.1946029663,
        "max": 1,
        "mean": 0.988396644592,
        "median": 1,
        "min": 0,
        "skew": -9.12110900879,
        "var": 0.0114686582237
    },
    "silence_rate_30dB": {
        "kurt": 26.6331100464,
        "max": 1,
        "mean": 0.968354403973,
        "median": 1,
        "min": 0,
        "skew": -5.35094642639,
        "var": 0.030644049868
    },
    "silence_rate_60dB": {
        "kurt": 3.45253753662,
        "max": 1,
        "mean": 0.879746854305,
        "median": 1,
        "min": 0,
        "skew": -2.33506298065,
        "var": 0.105791963637
    },
    "spectral_centroid": {
        "kurt": 7.1862449646,
        "max": 11964.1494141,
        "mean": 2200.32421875,
        "median": 1348.72705078,
        "min": 376.310668945,
        "skew": 2.90665388107,
        "var": 6567864.5
    },
    "spectral_complexity": {
        "kurt": 8.85289573669,
        "max": 65,
        "mean": 4.68037986755,
        "median": 0,
        "min": 0,
        "skew": 3.14619326591,
        "var": 183.797866821
    },
    "spectral_crest": {
        "kurt": 3.37776899338,
        "max": 18.6417560577,
        "mean": 5.9557762146,
        "median": 5.51748466492,
        "min": 2.25257372856,
        "skew": 1.40105378628,
        "var": 4.83299016953
    },
    "spectral_decrease": {
        "kurt": 36.9069747925,
        "max": 1.46611128127e-28,
        "mean": -2.09041006727e-09,
        "median": -6.24191562153e-13,
        "min": -8.69234710876e-08,
        "skew": -6.0258808136,
        "var": 1.10494495057e-16
    },
    "spectral_energy": {
        "kurt": 36.4074363708,
        "max": 0.414130955935,
        "mean": 0.00996811874211,
        "median": 2.61985746874e-06,
        "min": 9.99711424403e-21,
        "skew": 6.0017786026,
        "var": 0.00252741854638
    },
    "spectral_energyband_high": {
        "kurt": 62.3534469604,
        "max": 0.140105307102,
        "mean": 0.00200103246607,
        "median": 1.19703003065e-07,
        "min": 7.10348540393e-21,
        "skew": 7.48150634766,
        "var": 0.000135589478305
    },
    "spectral_energyband_low": {
        "kurt": 65.2467651367,
        "max": 0.00355786597356,
        "mean": 5.61267261219e-05,
        "median": 8.87089868229e-08,
        "min": 1.86278569156e-23,
        "skew": 7.63316917419,
        "var": 1.01293196053e-07
    },
    "spectral_energyband_middle_high": {
        "kurt": 39.1300163269,
        "max": 0.213065549731,
        "mean": 0.00468832580373,
        "median": 1.1434035514e-06,
        "min": 1.11337864215e-21,
        "skew": 6.14347171783,
        "var": 0.000536053848919
    },
    "spectral_energyband_middle_low": {
        "kurt": 56.3481864929,
        "max": 0.206078648567,
        "mean": 0.00329642207362,
        "median": 1.09225607048e-06,
        "min": 1.55904183664e-22,
        "skew": 7.2286605835,
        "var": 0.000348329776898
    },
    "spectral_flatness_db": {
        "kurt": 7.56836891174,
        "max": 0.47249096632,
        "mean": 0.1511285007,
        "median": 0.139683097601,
        "min": 0.0577201768756,
        "skew": 1.90587174892,
        "var": 0.00245986459777
    },
    "spectral_flux": {
        "kurt": 19.4049320221,
        "max": 0.506814658642,
        "mean": 0.0245903916657,
        "median": 0.0010647950694,
        "min": 6.33235963665e-11,
        "skew": 4.35913705826,
        "var": 0.00546503858641
    },
    "spectral_kurtosis": {
        "kurt": 3.29930925369,
        "max": 17.762550354,
        "mean": 3.53388285637,
        "median": 3.70647168159,
        "min": -1.24515891075,
        "skew": 0.714948713779,
        "var": 6.22309732437
    },
    "spectral_rms": {
        "kurt": 22.4661808014,
        "max": 0.0201005022973,
        "mean": 0.000940351746976,
        "median": 5.05564785271e-05,
        "min": 3.12302462536e-12,
        "skew": 4.67389011383,
        "var": 8.84072778717e-06
    },
    "spectral_rolloff": {
        "kurt": 7.50333213806,
        "max": 19444.4824219,
        "mean": 3852.34960938,
        "median": 2756.25,
        "min": 344.53125,
        "skew": 2.96005606651,
        "var": 18406002
    },
    "spectral_skewness": {
        "kurt": -0.152089595795,
        "max": 3.18932294846,
        "mean": 1.25207078457,
        "median": 1.40138721466,
        "min": -0.208097249269,
        "skew": -0.633552908897,
        "var": 0.331338256598
    },
    "spectral_spread": {
        "kurt": 8.51379108429,
        "max": 42848164,
        "mean": 6361849.5,
        "median": 3837491.25,
        "min": 1766866.375,
        "skew": 3.22496175766,
        "var": 9.35707027702e+13
    },
    "spectral_strongpeak": {
        "kurt": 78.1051483154,
        "max": 7.21217393875,
        "mean": 0.126540035009,
        "median": 0.00598564650863,
        "min": 0,
        "skew": 7.727684021,
        "var": 0.231179654598
    },
    "zerocrossingrate": {
        "kurt": 7.41563129425,
        "max": 0.53173828125,
        "mean": 0.116969116032,
        "median": 0.081298828125,
        "min": 0.02490234375,
        "skew": 2.9610183239,
        "var": 0.0123529396951
    },
    "barkbands": {
        "kurt": [316.886230469, 67.9712524414, 60.0143203735, 116.442192078, 48.5821685791, 50.2750167847, 170.517654419, 58.0553359985, 72.8875579834, 78.6493988037, 65.6011581421, 52.269203186, 42.2803268433, 63.7205123901, 64.1616439819, 66.1049957275, 39.1386642456, 46.2320632935, 53.4015693665, 57.5431289673, 55.0298805237, 76.9935073853, 157.225585938, 108.238899231, 72.5532455444, 94.5025177002, 175.100219727],
        "max": [4.23967730967e-06, 0.000643947161734, 0.00156116532162, 0.00462992489338, 0.0902189910412, 0.0286218244582, 0.111582115293, 0.012587485835, 0.0096732666716, 0.0067883329466, 0.0105601157993, 0.0113232405856, 0.0109578184783, 0.012977482751, 0.0184698179364, 0.0390856638551, 0.0235413648188, 0.0402455329895, 0.0606405474246, 0.0791889503598, 0.0609878860414, 0.0250295437872, 0.00573609163985, 0.00022232880292, 3.4761018469e-05, 1.10213409243e-06, 6.75129356864e-08],
        "mean": [1.92776870023e-08, 8.88884733286e-06, 2.4634446163e-05, 4.73420950584e-05, 0.00154535565525, 0.00054409034783, 0.000793246552348, 0.00021009449847, 0.000129741500132, 0.000100906428997, 0.00016982521629, 0.000205995180295, 0.000226510004723, 0.000187918310985, 0.00028587676934, 0.000545229238924, 0.000537081155926, 0.000786827062257, 0.00110222643707, 0.00114044896327, 0.000986402737908, 0.00034013579716, 4.66519559268e-05, 2.24992004405e-06, 4.15621030925e-07, 1.06029585112e-08, 5.1179632754e-10],
        "median": [1.35841365934e-10, 1.2196016641e-08, 4.14973442275e-08, 6.3151901486e-08, 3.07324910409e-07, 2.73809774853e-07, 1.71369862301e-07, 9.46197360463e-08, 8.81914061779e-08, 1.10770898232e-07, 1.93593379549e-07, 1.89769281178e-07, 9.8498475154e-08, 4.50135289043e-08, 3.73626320993e-08, 5.77763685783e-08, 5.25027026299e-08, 7.18932682275e-08, 7.90839180809e-08, 7.40134282751e-08, 5.30609227667e-08, 1.63253339736e-08, 2.57858223662e-09, 1.7511744832e-10, 5.92492721552e-10, 5.58357873826e-12, 1.40315181891e-13],
        "min": [5.7456427652e-25, 4.17902062212e-24, 2.74825950611e-25, 7.43110670504e-25, 7.71029177775e-24, 1.08465897445e-23, 3.89551269026e-24, 9.1378878359e-24, 1.32614602139e-23, 1.33374827393e-23, 1.21148587767e-23, 2.34507284536e-23, 2.17625014298e-23, 3.66823634144e-23, 5.68887168018e-23, 7.96150106203e-23, 6.52873717609e-23, 9.26646317044e-23, 1.44313595534e-22, 1.49878207738e-22, 2.35128891152e-22, 2.79313659408e-22, 3.38215063301e-22, 6.19766538081e-22, 9.4290431116e-22, 1.32209018455e-21, 2.09468707507e-21],
        "skew": [17.0152988434, 7.54975509644, 7.40674591064, 9.84922981262, 6.91723251343, 6.72670793533, 12.6314630508, 7.08404445648, 7.7636256218, 8.07266807556, 7.57946634293, 6.58610010147, 6.2390704155, 7.43920850754, 7.43347215652, 7.68480348587, 6.18136548996, 6.52611589432, 7.02749967575, 7.21553087234, 7.19264650345, 8.25617694855, 11.3100414276, 9.77758407593, 8.13128185272, 9.13288211823, 11.5266237259],
        "var": [4.36107855557e-14, 2.31561458897e-09, 2.00593497368e-08, 9.35542487923e-08, 8.62620581756e-05, 7.37085201763e-06, 4.77070789202e-05, 1.18536854643e-06, 4.81795723317e-07, 2.59409887349e-07, 7.69342875628e-07, 8.41697897158e-07, 1.14044757993e-06, 1.03330887669e-06, 2.30963519243e-06, 9.44985276874e-06, 7.39989491194e-06, 1.53203454829e-05, 3.61518505088e-05, 4.25658436143e-05, 3.32440831698e-05, 4.22318271376e-06, 1.04757766906e-07, 2.57696780581e-10, 7.92652315312e-12, 5.88259469077e-15, 1.19210498826e-17],
        "cov": [[4.3656837043e-14, 3.058883008e-12, 9.06748547774e-12, 1.40950966177e-11, 5.17265841271e-10, 1.89897556013e-10, 3.62492369455e-10, 8.82047143658e-11, 6.05458183589e-11, 5.11486339394e-11, 8.91033358208e-11, 7.59907137216e-11, 7.78723682759e-11, 1.03570776955e-10, 1.57255555799e-10, 2.49605225378e-10, 3.10471953702e-10, 4.38097891298e-10, 7.08283043327e-10, 8.11761102781e-10, 6.39073460817e-10, 1.83392939723e-10, 3.27562699187e-11, 1.83774805269e-12, 2.70601710527e-13, 7.79801994055e-15, 2.34779454119e-16], [3.058883008e-12, 2.31805974416e-09, 5.22660492663e-09, 1.05543840334e-08, 3.59937104122e-07, 1.0857477406e-07, 1.74701270339e-07, 3.4547017691e-08, 2.29338432689e-08, 1.44289424853e-08, 2.75021054819e-08, 2.90440311801e-08, 3.3703525304e-08, 3.51151925315e-08, 4.75664165833e-08, 1.00294613503e-07, 9.46779792343e-08, 1.23816491282e-07, 1.79074049811e-07, 1.81798853305e-07, 1.63558539157e-07, 5.05847737031e-08, 6.72551747627e-09, 3.2498553848e-10, 6.46806636029e-11, 1.58067038191e-12, 7.28126123306e-14], [9.06748547774e-12, 5.22660492663e-09, 2.00805310158e-08, 2.99997218178e-08, 1.10659323127e-06, 3.05954557689e-07, 4.81182098611e-07, 1.14170163101e-07, 6.57685816918e-08, 4.95313088322e-08, 7.58179155014e-08, 8.60181827989e-08, 1.07418621553e-07, 1.06308100101e-07, 1.27590936927e-07, 3.03263021806e-07, 2.86934835003e-07, 3.95092740746e-07, 5.50475590444e-07, 5.86439682593e-07, 5.33958257165e-07, 1.65191067936e-07, 2.26325678199e-08, 1.03504438353e-09, 2.14150933098e-10, 5.09116880598e-12, 2.47165216896e-13], [1.40950966177e-11, 1.05543840334e-08, 2.99997218178e-08, 9.36530355489e-08, 2.17130059355e-06, 6.00071359713e-07, 9.263985703e-07, 2.21229313979e-07, 1.5829466804e-07, 8.26165376111e-08, 1.61520674169e-07, 1.72518184627e-07, 2.21412705059e-07, 2.21033346293e-07, 3.03782968558e-07, 7.46284626985e-07, 6.36145614408e-07, 8.08072741165e-07, 1.21401922115e-06, 1.22728272345e-06, 1.1635328292e-06, 3.67382796185e-07, 5.31215320621e-08, 2.46485587496e-09, 4.96640562009e-10, 1.17880080697e-11, 7.0123518537e-13], [5.17265841271e-10, 3.59937104122e-07, 1.10659323127e-06, 2.17130059355e-06, 8.6353153165e-05, 2.24888244702e-05, 4.04559359595e-05, 8.13730093796e-06, 5.2737614169e-06, 3.19912874147e-06, 5.62327340958e-06, 5.8512778196e-06, 7.5475813901e-06, 7.6016717685e-06, 9.71410827333e-06, 2.05414035008e-05, 2.06265031011e-05, 2.52009504038e-05, 3.9499864215e-05, 3.98429838242e-05, 3.59483128705e-05, 1.11603158075e-05, 1.3534252048e-06, 7.14805281632e-08, 1.55253800926e-08, 3.62874730264e-10, 1.73842155948e-11], [1.89897556013e-10, 1.0857477406e-07, 3.05954557689e-07, 6.00071359713e-07, 2.24888244702e-05, 7.37863501854e-06, 8.14153918327e-06, 2.27444297707e-06, 1.45751994296e-06, 8.63644402216e-07, 1.6637926592e-06, 1.69289432961e-06, 2.01296597879e-06, 2.10009966395e-06, 2.89191439151e-06, 5.91413754591e-06, 5.47408035345e-06, 7.35634557714e-06, 1.20377571875e-05, 1.18081015898e-05, 1.08707672553e-05, 3.36266907652e-06, 4.31507913845e-07, 2.23628884299e-08, 4.33362234986e-09, 1.067471736e-10, 5.03934090637e-12], [3.62492369455e-10, 1.74701270339e-07, 4.81182098611e-07, 9.263985703e-07, 4.04559359595e-05, 8.14153918327e-06, 4.77574540128e-05, 5.19248169439e-06, 2.76978107649e-06, 2.67586210612e-06, 3.7716188217e-06, 3.71267401533e-06, 4.77637331642e-06, 4.11934570366e-06, 5.55865290153e-06, 9.24908908928e-06, 1.18003335956e-05, 1.40497868415e-05, 2.26651682169e-05, 2.44005314016e-05, 2.03663021239e-05, 6.83974712956e-06, 8.73602175488e-07, 5.05120816285e-08, 1.15621512364e-08, 2.92444179983e-10, 9.18851193049e-12], [8.82047143658e-11, 3.4547017691e-08, 1.14170163101e-07, 2.21229313979e-07, 8.13730093796e-06, 2.27444297707e-06, 5.19248169439e-06, 1.18662023851e-06, 6.21304479864e-07, 4.77660478282e-07, 7.05534489498e-07, 7.37782045235e-07, 9.12293614874e-07, 8.19925674023e-07, 1.35125821998e-06, 2.54560768553e-06, 2.48023707172e-06, 3.23708309224e-06, 5.12209680892e-06, 5.46900400877e-06, 4.9788927754e-06, 1.6237302134e-06, 2.34679731648e-07, 1.1628844554e-08, 2.38753328219e-09, 5.86577592054e-11, 2.19782829089e-12], [6.05458183589e-11, 2.29338432689e-08, 6.57685816918e-08, 1.5829466804e-07, 5.2737614169e-06, 1.45751994296e-06, 2.76978107649e-06, 6.21304479864e-07, 4.82304471916e-07, 2.6590768698e-07, 4.89659441882e-07, 5.14710791322e-07, 6.31829323083e-07, 5.60422506624e-07, 9.30027226786e-07, 1.77922890998e-06, 1.69554527929e-06, 2.11561928154e-06, 3.47497802977e-06, 3.79898165193e-06, 3.35437334797e-06, 1.10628968741e-06, 1.52370617457e-07, 8.28456236945e-09, 1.57092183706e-09, 3.96851058959e-11, 1.47277990584e-12], [5.11486339394e-11, 1.44289424853e-08, 4.95313088322e-08, 8.26165376111e-08, 3.19912874147e-06, 8.63644402216e-07, 2.67586210612e-06, 4.77660478282e-07, 2.6590768698e-07, 2.59683815784e-07, 3.36093847864e-07, 3.55079123437e-07, 4.50883874237e-07, 4.11501986264e-07, 6.12590895344e-07, 1.13173848604e-06, 1.14724571176e-06, 1.53524479174e-06, 2.50894277087e-06, 2.75023217e-06, 2.35422885453e-06, 8.01612998202e-07, 1.21106083384e-07, 6.13666184535e-09, 1.15678022716e-09, 2.97223461121e-11, 1.02152748066e-12], [8.91033358208e-11, 2.75021054819e-08, 7.58179155014e-08, 1.61520674169e-07, 5.62327340958e-06, 1.6637926592e-06, 3.7716188217e-06, 7.05534489498e-07, 4.89659441882e-07, 3.36093847864e-07, 7.70155281771e-07, 6.80286120769e-07, 7.59615431889e-07, 6.48356717647e-07, 1.06794129806e-06, 2.00434146791e-06, 1.87472653579e-06, 2.67600103143e-06, 4.42660848421e-06, 4.69181759399e-06, 4.29440706284e-06, 1.44082832776e-06, 1.86552668424e-07, 1.0297401154e-08, 2.02566607932e-09, 5.25751976677e-11, 1.94563289091e-12], [7.59907137216e-11, 2.90440311801e-08, 8.60181827989e-08, 1.72518184627e-07, 5.8512778196e-06, 1.69289432961e-06, 3.71267401533e-06, 7.37782045235e-07, 5.14710791322e-07, 3.55079123437e-07, 6.80286120769e-07, 8.42586700855e-07, 8.43973339215e-07, 6.92553498993e-07, 1.09165227968e-06, 2.13125281334e-06, 1.94790368369e-06, 2.74461558547e-06, 4.32325623478e-06, 4.7284838729e-06, 4.16474813392e-06, 1.41923942465e-06, 1.89296187614e-07, 1.00703152484e-08, 1.97868765817e-09, 5.11574983764e-11, 1.90144493033e-12], [7.78723682759e-11, 3.3703525304e-08, 1.07418621553e-07, 2.21412705059e-07, 7.5475813901e-06, 2.01296597879e-06, 4.77637331642e-06, 9.12293614874e-07, 6.31829323083e-07, 4.50883874237e-07, 7.59615431889e-07, 8.43973339215e-07, 1.1416518646e-06, 9.51918707415e-07, 1.32735851821e-06, 2.74287117463e-06, 2.57076067101e-06, 3.37691517416e-06, 5.31191062692e-06, 5.84912413615e-06, 5.10416566613e-06, 1.77631068254e-06, 2.45789152586e-07, 1.26396031419e-08, 2.36854802438e-09, 6.16533629705e-11, 2.55359188656e-12], [1.03570776955e-10, 3.51151925315e-08, 1.06308100101e-07, 2.21033346293e-07, 7.6016717685e-06, 2.10009966395e-06, 4.11934570366e-06, 8.19925674023e-07, 5.60422506624e-07, 4.11501986264e-07, 6.48356717647e-07, 6.92553498993e-07, 9.51918707415e-07, 1.03440004295e-06, 1.16244746096e-06, 2.65753374151e-06, 2.42121814154e-06, 3.30178272634e-06, 5.19281093148e-06, 5.54182861379e-06, 4.68281768917e-06, 1.59273122335e-06, 2.24463363452e-07, 1.14059544032e-08, 2.1086616897e-09, 5.34121913365e-11, 2.25283485443e-12], [1.57255555799e-10, 4.75664165833e-08, 1.27590936927e-07, 3.03782968558e-07, 9.71410827333e-06, 2.89191439151e-06, 5.55865290153e-06, 1.35125821998e-06, 9.30027226786e-07, 6.12590895344e-07, 1.06794129806e-06, 1.09165227968e-06, 1.32735851821e-06, 1.16244746096e-06, 2.31207422985e-06, 3.98222846343e-06, 3.60050762538e-06, 4.84985503135e-06, 7.87996032159e-06, 8.92241314432e-06, 7.63295793149e-06, 2.58177192336e-06, 3.97120089701e-07, 2.09188488753e-08, 3.67999053452e-09, 9.68733079865e-11, 3.44324612225e-12], [2.49605225378e-10, 1.00294613503e-07, 3.03263021806e-07, 7.46284626985e-07, 2.05414035008e-05, 5.91413754591e-06, 9.24908908928e-06, 2.54560768553e-06, 1.77922890998e-06, 1.13173848604e-06, 2.00434146791e-06, 2.13125281334e-06, 2.74287117463e-06, 2.65753374151e-06, 3.98222846343e-06, 9.45983174461e-06, 7.26966163711e-06, 1.04027139969e-05, 1.55791494763e-05, 1.70451457961e-05, 1.56329570018e-05, 5.28953478351e-06, 7.953414638e-07, 3.8153245896e-08, 6.96724411497e-09, 1.76904838001e-10, 7.19927893342e-12], [3.10471953702e-10, 9.46779792343e-08, 2.86934835003e-07, 6.36145614408e-07, 2.06265031011e-05, 5.47408035345e-06, 1.18003335956e-05, 2.48023707172e-06, 1.69554527929e-06, 1.14724571176e-06, 1.87472653579e-06, 1.94790368369e-06, 2.57076067101e-06, 2.42121814154e-06, 3.60050762538e-06, 7.26966163711e-06, 7.40770883567e-06, 9.1224010248e-06, 1.42051394505e-05, 1.56723672262e-05, 1.35461696118e-05, 4.48789069196e-06, 6.34493062535e-07, 3.2719633225e-08, 6.35394004078e-09, 1.5719375801e-10, 6.63800958645e-12], [4.38097891298e-10, 1.23816491282e-07, 3.95092740746e-07, 8.08072741165e-07, 2.52009504038e-05, 7.35634557714e-06, 1.40497868415e-05, 3.23708309224e-06, 2.11561928154e-06, 1.53524479174e-06, 2.67600103143e-06, 2.74461558547e-06, 3.37691517416e-06, 3.30178272634e-06, 4.84985503135e-06, 1.04027139969e-05, 9.1224010248e-06, 1.53365235747e-05, 2.17598753807e-05, 2.33194896282e-05, 2.05127817026e-05, 7.25318614059e-06, 1.0682562106e-06, 5.2972300324e-08, 9.09068287314e-09, 2.53339765832e-10, 9.1391590476e-12], [7.08283043327e-10, 1.79074049811e-07, 5.50475590444e-07, 1.21401922115e-06, 3.9499864215e-05, 1.20377571875e-05, 2.26651682169e-05, 5.12209680892e-06, 3.47497802977e-06, 2.50894277087e-06, 4.42660848421e-06, 4.32325623478e-06, 5.31191062692e-06, 5.19281093148e-06, 7.87996032159e-06, 1.55791494763e-05, 1.42051394505e-05, 2.17598753807e-05, 3.61900274584e-05, 3.75111994799e-05, 3.30352413584e-05, 1.13664900709e-05, 1.62383912539e-06, 8.49057570917e-08, 1.49965089236e-08, 4.09206529772e-10, 1.5502588796e-11], [8.11761102781e-10, 1.81798853305e-07, 5.86439682593e-07, 1.22728272345e-06, 3.98429838242e-05, 1.18081015898e-05, 2.44005314016e-05, 5.46900400877e-06, 3.79898165193e-06, 2.75023217e-06, 4.69181759399e-06, 4.7284838729e-06, 5.84912413615e-06, 5.54182861379e-06, 8.92241314432e-06, 1.70451457961e-05, 1.56723672262e-05, 2.33194896282e-05, 3.75111994799e-05, 4.26107908424e-05, 3.62606151612e-05, 1.26746508613e-05, 1.82939425031e-06, 9.82000400995e-08, 1.70725140691e-08, 4.72939187812e-10, 1.6475348863e-11], [6.39073460817e-10, 1.63558539157e-07, 5.33958257165e-07, 1.1635328292e-06, 3.59483128705e-05, 1.08707672553e-05, 2.03663021239e-05, 4.9788927754e-06, 3.35437334797e-06, 2.35422885453e-06, 4.29440706284e-06, 4.16474813392e-06, 5.10416566613e-06, 4.68281768917e-06, 7.63295793149e-06, 1.56329570018e-05, 1.35461696118e-05, 2.05127817026e-05, 3.30352413584e-05, 3.62606151612e-05, 3.32791860274e-05, 1.13890819193e-05, 1.61458649472e-06, 8.37047906543e-08, 1.50845753666e-08, 4.09218381403e-10, 1.55500629734e-11], [1.83392939723e-10, 5.05847737031e-08, 1.65191067936e-07, 3.67382796185e-07, 1.11603158075e-05, 3.36266907652e-06, 6.83974712956e-06, 1.6237302134e-06, 1.10628968741e-06, 8.01612998202e-07, 1.44082832776e-06, 1.41923942465e-06, 1.77631068254e-06, 1.59273122335e-06, 2.58177192336e-06, 5.28953478351e-06, 4.48789069196e-06, 7.25318614059e-06, 1.13664900709e-05, 1.26746508613e-05, 1.13890819193e-05, 4.22764242103e-06, 6.02923080351e-07, 3.05784055854e-08, 5.37843458659e-09, 1.50432041823e-10, 5.38066986799e-12], [3.27562699187e-11, 6.72551747627e-09, 2.26325678199e-08, 5.31215320621e-08, 1.3534252048e-06, 4.31507913845e-07, 8.73602175488e-07, 2.34679731648e-07, 1.52370617457e-07, 1.21106083384e-07, 1.86552668424e-07, 1.89296187614e-07, 2.45789152586e-07, 2.24463363452e-07, 3.97120089701e-07, 7.953414638e-07, 6.34493062535e-07, 1.0682562106e-06, 1.62383912539e-06, 1.82939425031e-06, 1.61458649472e-06, 6.02923080351e-07, 1.04868384199e-07, 4.93097296328e-09, 7.77052588941e-10, 2.20924546018e-11, 7.12816036665e-13], [1.83774805269e-12, 3.2498553848e-10, 1.03504438353e-09, 2.46485587496e-09, 7.14805281632e-08, 2.23628884299e-08, 5.05120816285e-08, 1.1628844554e-08, 8.28456236945e-09, 6.13666184535e-09, 1.0297401154e-08, 1.00703152484e-08, 1.26396031419e-08, 1.14059544032e-08, 2.09188488753e-08, 3.8153245896e-08, 3.2719633225e-08, 5.2972300324e-08, 8.49057570917e-08, 9.82000400995e-08, 8.37047906543e-08, 3.05784055854e-08, 4.93097296328e-09, 2.57968924e-10, 4.08062056367e-11, 1.18469470345e-12, 3.72405658557e-14], [2.70601710527e-13, 6.46806636029e-11, 2.14150933098e-10, 4.96640562009e-10, 1.55253800926e-08, 4.33362234986e-09, 1.15621512364e-08, 2.38753328219e-09, 1.57092183706e-09, 1.15678022716e-09, 2.02566607932e-09, 1.97868765817e-09, 2.36854802438e-09, 2.1086616897e-09, 3.67999053452e-09, 6.96724411497e-09, 6.35394004078e-09, 9.09068287314e-09, 1.49965089236e-08, 1.70725140691e-08, 1.50845753666e-08, 5.37843458659e-09, 7.77052588941e-10, 4.08062056367e-11, 7.93489319389e-12, 2.043505881e-13, 6.88140831888e-15], [7.79801994055e-15, 1.58067038191e-12, 5.09116880598e-12, 1.17880080697e-11, 3.62874730264e-10, 1.067471736e-10, 2.92444179983e-10, 5.86577592054e-11, 3.96851058959e-11, 2.97223461121e-11, 5.25751976677e-11, 5.11574983764e-11, 6.16533629705e-11, 5.34121913365e-11, 9.68733079865e-11, 1.76904838001e-10, 1.5719375801e-10, 2.53339765832e-10, 4.09206529772e-10, 4.72939187812e-10, 4.09218381403e-10, 1.50432041823e-10, 2.20924546018e-11, 1.18469470345e-12, 2.043505881e-13, 5.88880640689e-15, 1.90669935458e-16], [2.34779454119e-16, 7.28126123306e-14, 2.47165216896e-13, 7.0123518537e-13, 1.73842155948e-11, 5.03934090637e-12, 9.18851193049e-12, 2.19782829089e-12, 1.47277990584e-12, 1.02152748066e-12, 1.94563289091e-12, 1.90144493033e-12, 2.55359188656e-12, 2.25283485443e-12, 3.44324612225e-12, 7.19927893342e-12, 6.63800958645e-12, 9.1391590476e-12, 1.5502588796e-11, 1.6475348863e-11, 1.55500629734e-11, 5.38066986799e-12, 7.12816036665e-13, 3.72405658557e-14, 6.88140831888e-15, 1.90669935458e-16, 1.19336379172e-17]]
    },
    "mfcc": {
        "kurt": [1.73527812958, 1.04482126236, -0.823843955994, 0.805965662003, -0.239717245102, 0.392715215683, 0.708333730698, 0.966700792313, 0.49339056015, -0.0637903213501, -0.287729501724, 0.83419418335, 0.419337034225],
        "max": [-437.742218018, 146.951660156, 28.2225074768, 111.41532135, 16.5390014648, 21.1956787109, 19.3021125793, 32.1040725708, 22.6495323181, 3.58448791504, 15.2473564148, 23.5251636505, 20.940612793],
        "mean": [-978.082885742, 64.1108551025, -22.2801246643, 10.8463897705, -18.2278652191, -9.02012062073, -4.62565422058, -8.30405139923, -13.3575716019, -15.9632081985, -8.42217636108, -2.40268921852, 0.530295848846],
        "median": [-1054.15991211, 64.0290603638, -6.103515625e-05, 8.01086425781e-05, -12.8146934509, -8.10900115967, -1.66471481323, -6.27193450928, -13.6285972595, -15.8459806442, -8.69280433655, -1.85306549072, -3.81469726562e-05],
        "min": [-1138.42004395, -71.7902450562, -132.282592773, -27.6578445435, -66.7443466187, -45.2217521667, -45.4314498901, -47.6015014648, -37.6604537964, -52.7279205322, -27.1845149994, -28.8053627014, -14.1761837006],
        "skew": [1.58696627617, -0.586145102978, -0.788353383541, 1.30963671207, -0.905509412289, -0.451516270638, -1.06528508663, -0.678271114826, 0.229716092348, -0.179160580039, 0.0938624516129, -0.167107775807, 0.329536110163],
        "var": [26654.9316406, 1265.61486816, 1818.58117676, 743.50567627, 268.578460693, 115.132949829, 108.361831665, 107.83744812, 58.1071357727, 81.2386856079, 48.3990745544, 37.2465629578, 27.2493247986],
        "cov": [[26683.0800781, 3126.75024414, -5908.03271484, 3495.37915039, -2239.62670898, 209.543685913, -1325.87609863, -689.159057617, -413.809539795, -632.960693359, -31.2062225342, -276.798095703, 47.4365692139], [3126.75024414, 1266.95129395, -653.018798828, 65.5864257812, -256.581634521, -74.0111312866, -126.041923523, -219.703948975, -123.383613586, -143.746871948, -73.0573577881, -14.6281929016, 18.08893013], [-5908.03271484, -653.018798828, 1820.50158691, -854.87902832, 570.613525391, 66.9835357666, 306.070617676, 207.936050415, 80.0775756836, 173.745727539, -29.561542511, 36.4411010742, -37.8700180054], [3495.37915039, 65.5864257812, -854.87902832, 744.290771484, -328.634643555, 51.5002593994, -184.143875122, -37.9284858704, -28.2069282532, -89.1546325684, 25.6050796509, -53.8624038696, 4.23992013931], [-2239.62670898, -256.581634521, 570.613525391, -328.634643555, 268.862060547, 7.87308597565, 117.739440918, 70.9773864746, 40.4423370361, 80.4158172607, -6.33260726929, 23.3353729248, -13.7531986237], [209.543685913, -74.0111312866, 66.9835357666, 51.5002593994, 7.87308597565, 115.25453186, -4.61771297455, 44.1742553711, 11.372923851, 19.0113544464, 6.7266201973, -18.675737381, -4.58713769913], [-1325.87609863, -126.041923523, 306.070617676, -184.143875122, 117.739440918, -4.61771297455, 108.476257324, 45.7687339783, 20.8877296448, 33.1339225769, -5.81723117828, 12.0157289505, -3.19604420662], [-689.159057617, -219.703948975, 207.936050415, -37.9284858704, 70.9773864746, 44.1742553711, 45.7687339783, 107.951316833, 37.7262992859, 31.92694664, 9.02273273468, -8.66884040833, -11.5516691208], [-413.809539795, -123.383613586, 80.0775756836, -28.2069282532, 40.4423370361, 11.372923851, 20.8877296448, 37.7262992859, 58.1684951782, 38.1502799988, 8.64352226257, 0.503665626049, -3.97236657143], [-632.960693359, -143.746871948, 173.745727539, -89.1546325684, 80.4158172607, 19.0113544464, 33.1339225769, 31.92694664, 38.1502799988, 81.32447052, 18.219203949, 9.01064872742, -3.89520835876], [-31.2062225342, -73.0573577881, -29.561542511, 25.6050796509, -6.33260726929, 6.7266201973, -5.81723117828, 9.02273273468, 8.64352226257, 18.219203949, 48.4501838684, 16.9510993958, 3.04914140701], [-276.798095703, -14.6281929016, 36.4411010742, -53.8624038696, 23.3353729248, -18.675737381, 12.0157289505, -8.66884040833, 0.503665626049, 9.01064872742, 16.9510993958, 37.2858963013, 11.8468351364], [47.4365692139, 18.08893013, -37.8700180054, 4.23992013931, -13.7531986237, -4.58713769913, -3.19604420662, -11.5516691208, -3.97236657143, -3.89520835876, 3.04914140701, 11.8468351364, 27.2780990601]]
    },
    "sccoeffs": {
        "kurt": [2.44691419601, 3.52248716354, 1.51637554169, 2.00198221207, 2.3369345665, 0.261999130249],
        "max": [-0.280614882708, -0.443000137806, -0.662251591682, -0.650268137455, -0.595922410488, -0.474105507135],
        "mean": [-0.755322754383, -0.847855627537, -0.875231981277, -0.863496482372, -0.871290743351, -0.724940359592],
        "median": [-0.772317528725, -0.861535131931, -0.881200432777, -0.868744552135, -0.883793950081, -0.753784239292],
        "min": [-0.982768774033, -0.978037953377, -0.984906256199, -0.98418033123, -0.981349289417, -0.978125870228],
        "skew": [1.05322158337, 1.35886132717, 0.720101416111, 0.568978428841, 1.01069247723, 0.0457392558455],
        "var": [0.0130317835137, 0.00508358515799, 0.00214631017298, 0.00218817102723, 0.00239494536072, 0.0115627078339],
        "cov": [[0.0130455447361, 0.00657581491396, 0.004147187341, 0.00414767302573, 0.0044941897504, 0.0103208757937], [0.00657581491396, 0.00508895330131, 0.00233519519679, 0.00235764682293, 0.00246588420123, 0.0058731730096], [0.004147187341, 0.00233519519679, 0.00214857654646, 0.00164143636357, 0.00169933575671, 0.00399806257337], [0.00414767302573, 0.00235764682293, 0.00164143636357, 0.00219048163854, 0.00185411446728, 0.00416091969237], [0.0044941897504, 0.00246588420123, 0.00169933575671, 0.00185411446728, 0.00239747436717, 0.00474777026102], [0.0103208757937, 0.0058731730096, 0.00399806257337, 0.00416091969237, 0.00474777026102, 0.0115749174729]]
    },
    "scvalleys": {
        "kurt": [7.0804567337, 6.6173658371, 6.64348220825, 5.9853849411, 5.64037895203, 5.64646339417],
        "max": [-5.02836227417, -3.43737697601, -4.15583133698, -3.93133664131, -3.95829343796, -7.32726144791],
        "mean": [-11.2641525269, -10.0810556412, -10.2746505737, -10.8134860992, -10.9242391586, -14.5569725037],
        "median": [-10.4499368668, -9.48922348022, -9.65192699432, -10.4249210358, -10.7023582458, -14.2791728973],
        "min": [-28.1304359436, -27.9765529633, -27.9061088562, -27.6249885559, -27.5596427917, -27.4244785309],
        "skew": [-2.80506062508, -2.68194103241, -2.6989262104, -2.49044728279, -2.38445472717, -2.29155540466],
        "var": [22.036277771, 26.0995616913, 25.1954669952, 24.6998214722, 24.8721828461, 15.1633214951],
        "cov": [[22.0595474243, 23.7540054321, 23.3445320129, 22.9633102417, 22.888715744, 17.8528728485], [23.7540054321, 26.127122879, 25.58527565, 25.2835159302, 25.1884326935, 19.4440517426], [23.3445320129, 25.58527565, 25.2220726013, 24.8586940765, 24.7629547119, 19.1109676361], [22.9633102417, 25.2835159302, 24.8586940765, 24.7259044647, 24.6747760773, 19.0117473602], [22.888715744, 25.1884326935, 24.7629547119, 24.6747760773, 24.8984470367, 19.2461013794], [17.8528728485, 19.4440517426, 19.1109676361, 19.0117473602, 19.2461013794, 15.1793336868]]
    }
},
"rhythm": {
    "beats_loudness": {
        "kurt": 4.15182495117,
        "max": 0.375211119652,
        "mean": 0.0415571443737,
        "median": 5.294300081e-06,
        "min": 0,
        "skew": 2.44752907753,
        "var": 0.0121381040663
    },
    "bpm": 70.9632034302,
    "confidence": 1.69265365601,
    "first_peak_bpm": {
        "kurt": 0,
        "max": 70,
        "mean": 70,
        "median": 70,
        "min": 70,
        "skew": 0,
        "var": 0
    },
    "first_peak_spread": {
        "kurt": 0,
        "max": 0.5,
        "mean": 0.5,
        "median": 0.5,
        "min": 0.5,
        "skew": 0,
        "var": 0
    },
    "first_peak_weight": {
        "kurt": 0,
        "max": 0.25925925374,
        "mean": 0.25925925374,
        "median": 0.25925925374,
        "min": 0.25925925374,
        "skew": 0,
        "var": 0
    },
    "onset_rate": 0.864713013172,
    "second_peak_bpm": {
        "kurt": 0,
        "max": 96,
        "mean": 96,
        "median": 96,
        "min": 96,
        "skew": 0,
        "var": 0
    },
    "second_peak_spread": {
        "kurt": 0,
        "max": 0.5,
        "mean": 0.5,
        "median": 0.5,
        "min": 0.5,
        "skew": 0,
        "var": 0
    },
    "second_peak_weight": {
        "kurt": 0,
        "max": 0.148148149252,
        "mean": 0.148148149252,
        "median": 0.148148149252,
        "min": 0.148148149252,
        "skew": 0,
        "var": 0
    },
    "beats_loudness_band_ratio": {
        "kurt": [0.727812767029, -0.927076816559, -0.120537281036, -1.39142847061, 0.0178163051605, 0.460927009583],
        "max": [0.209156066179, 0.446049273014, 0.360002994537, 0.460802465677, 0.401121646166, 0.714860081673],
        "mean": [0.0528685972095, 0.193604931235, 0.154610008001, 0.212116241455, 0.169037356973, 0.216114357114],
        "median": [0.0282371491194, 0.149679794908, 0.148181915283, 0.214283496141, 0.172463148832, 0.146717339754],
        "min": [0, 0, 0, 0, 0, 0],
        "skew": [1.30555140972, 0.545991063118, 0.30465734005, 0.0451823771, 0.548550188541, 1.30759692192],
        "var": [0.0030938279815, 0.0189438741654, 0.00745006371289, 0.0195867605507, 0.00943343620747, 0.0421739332378],
        "cov": [[0.00320841418579, 0.0030467081815, 0.00164692173712, 0.000740559538826, -0.00264941295609, -0.00287544401363], [0.0030467081815, 0.0196454990655, 0.00460211280733, 0.00255840993486, -0.00623571500182, -0.0143517721444], [0.00164692173712, 0.00460211280733, 0.00772599224001, 0.00489908782765, -0.00206062244251, -0.0101210484281], [0.000740559538826, 0.00255840993486, 0.00489908782765, 0.0203121975064, -0.00133399141487, -0.0184212289751], [-0.00264941295609, -0.00623571500182, -0.00206062244251, -0.00133399141487, 0.00978282280266, 0.00787865743041], [-0.00287544401363, -0.0143517721444, -0.0101210484281, -0.0184212289751, 0.00787865743041, 0.0437359325588]]
    },
    "beats_position": [0.812698423862, 1.63700675964, 2.46131515503, 3.28562355042, 4.1099319458, 4.98067998886, 5.85142850876, 6.71056699753, 7.56970500946, 8.42884349823, 9.287981987, 10.1471195221, 10.9830379486, 11.8189563751, 12.6548748016, 13.3746938705, 14.1293420792, 14.8607711792, 15.6038093567, 16.3236274719, 16.9737873077, 17.600725174, 18.2392749786, 18.877822876, 19.5047607422, 20.1317005157, 20.758638382, 21.4087982178],
    "bpm_estimates": [72.7882995605, 72.7882919312, 72.7882919312, 72.7882919312, 68.9062728882, 68.9062347412, 69.8374023438, 69.8374404907, 69.8374023438, 69.8374023438, 69.8374786377, 71.7773361206, 71.7773361206, 71.7773361206],
    "bpm_intervals": [0.824308335781, 0.824308395386, 0.824308395386, 0.824308395386, 0.87074804306, 0.870748519897, 0.85913848877, 0.859138011932, 0.85913848877, 0.85913848877, 0.859137535095, 0.835918426514, 0.835918426514, 0.835918426514, 0.719819068909, 0.754648208618, 0.731429100037, 0.74303817749, 0.719818115234, 0.650159835815, 0.626937866211, 0.638549804688, 0.638547897339, 0.626937866211, 0.62693977356, 0.626937866211, 0.650159835815],
    "onset_times": [1.78793644905, 4.13315200806, 4.59755086899, 5.89786863327, 5.97913837433, 8.03410434723, 8.51011371613, 9.77560043335, 11.4358272552, 11.9118366241, 13.3050336838, 13.3979139328, 14.7446708679, 15.2322902679, 15.7431287766, 15.9288892746, 17.6239452362, 19.3886623383, 20.154920578],
    "histogram": [[0, 0, 0, 0, 0, 0, 0, 0, 0, 0, 0, 0, 0, 0, 0, 0, 0, 0, 0, 0, 0, 0, 0, 0, 0, 0, 0, 0, 0, 0, 0, 0, 0, 0, 0, 0, 0, 0, 0, 0, 0, 0, 0, 0, 0, 0, 0, 0, 0, 0, 0, 0, 0, 0, 0, 0, 0, 0, 0, 0, 0, 0, 0, 0, 0, 0, 0, 0, 0, 0.074074074626, 0.185185179114, 0, 0.111111111939, 0.148148149252, 0, 0, 0, 0, 0, 0, 0.037037037313, 0.037037037313, 0.037037037313, 0.074074074626, 0, 0, 0, 0, 0, 0, 0, 0, 0.074074074626, 0, 0.074074074626, 0, 0.148148149252, 0, 0, 0, 0, 0, 0, 0, 0, 0, 0, 0, 0, 0, 0, 0, 0, 0, 0, 0, 0, 0, 0, 0, 0, 0, 0, 0, 0, 0, 0, 0, 0, 0, 0, 0, 0, 0, 0, 0, 0, 0, 0, 0, 0, 0, 0, 0, 0, 0, 0, 0, 0, 0, 0, 0, 0, 0, 0, 0, 0, 0, 0, 0, 0, 0, 0, 0, 0, 0, 0, 0, 0, 0, 0, 0, 0, 0, 0, 0, 0, 0, 0, 0, 0, 0, 0, 0, 0, 0, 0, 0, 0, 0, 0, 0, 0, 0, 0, 0, 0, 0, 0, 0, 0, 0, 0, 0, 0, 0, 0, 0, 0, 0, 0, 0, 0, 0, 0, 0, 0, 0, 0, 0, 0, 0, 0, 0, 0, 0, 0, 0, 0, 0, 0, 0, 0, 0, 0, 0, 0, 0, 0, 0, 0, 0, 0, 0, 0, 0, 0, 0, 0, 0]]
},
"sfx": {
    "inharmonicity": {
        "kurt": -0.682225942612,
        "max": 0.379241347313,
        "mean": 0.112604640424,
        "median": 0.0904183983803,
        "min": 0,
        "skew": 0.577130198479,
        "var": 0.00832652579993
    },
    "oddtoevenharmonicenergyratio": {
        "kurt": 725.797119141,
        "max": 80.1930923462,
        "mean": 0.884133338928,
        "median": 0.551937580109,
        "min": 0,
        "skew": 25.4248962402,
        "var": 7.56947469711
    },
    "pitch_after_max_to_before_max_energy_ratio": 1.06809341908,
    "pitch_centroid": 514.711181641,
    "pitch_max_to_total": 0.605485260487,
    "pitch_min_to_total": 0.323839664459,
    "tristimulus": {
        "kurt": [0.930006742477, 0.971963644028, -0.799672842026],
        "max": [1, 0.971457839012, 1],
        "mean": [0.293916732073, 0.287631303072, 0.418452054262],
        "median": [0.194546371698, 0.300273537636, 0.465909183025],
        "min": [0, 0, 0],
        "skew": [1.48564112186, 0.365943580866, -0.466753661633],
        "var": [0.0952742621303, 0.0293819885701, 0.0641719102859],
        "cov": [[0.0953748673201, -0.0302741769701, -0.0651008337736], [-0.0302741769701, 0.029413016513, 0.000861092179548], [-0.0651008337736, 0.000861092179548, 0.0642396733165]]
    }
},
"tonal": {
    "chords_changes_rate": 0.183157891035,
    "chords_number_rate": 0.0252631586045,
    "chords_strength": {
        "kurt": 24.947265625,
        "max": 0.564120233059,
        "mean": 0.331663280725,
        "median": 0.361916452646,
        "min": -1,
        "skew": -4.88189125061,
        "var": 0.0555348917842
    },
    "key_strength": 0.284456551075,
    "tuning_diatonic_strength": 0.257529586554,
    "tuning_equal_tempered_deviation": 0.23779951036,
    "tuning_frequency": 448.208557129,
    "tuning_nontempered_energy_ratio": 0.887991368771,
    "hpcp": {
        "kurt": [0.495259284973, -0.0883252620697, 0.140024185181, -0.520953893661, -0.359625816345, -0.202592372894, -0.274043083191, -0.470552206039, -0.352195739746, -0.275243520737, -0.277495622635, -0.20089673996, -0.466960906982, -0.433816194534, -0.15515422821, -0.0969986915588, -0.110837697983, 0.435915470123, 0.775159597397, 0.968068599701, 0.918883562088, 0.286257266998, 0.559548377991, 0.382313489914, 1.02477073669, 0.542135000229, 0.262838125229, 0.630044698715, 0.550301551819, 0.827413320541, 1.80968809128, 0.889787435532, 0.340333461761, 0.604880094528, 0.247546672821, 0.427364826202],
        "max": [1, 1, 1, 1, 1, 1, 1, 1, 1, 1, 1, 1, 1, 1, 1, 1, 1, 1, 1, 1, 1, 1, 1, 1, 1, 1, 1, 1, 1, 1, 1, 1, 1, 1, 1, 1],
