{
"metadata": {
    "version": {
        "essentia": "2.1-beta3"
    }
},
"lowLevel": {
    "average_loudness": 0.99068403244,
    "barkbands_kurtosis": {
        "kurt": 27.3536720276,
        "max": 55.5012817383,
        "mean": 2.94809246063,
        "median": -0.685355424881,
        "min": -1.60365867615,
        "skew": 4.6956820488,
        "var": 62.0609931946
    },
    "barkbands_skewness": {
        "kurt": 5.83442687988,
        "max": 1.35366070271,
        "mean": -0.887920439243,
        "median": -0.578298807144,
        "min": -7.16670703888,
        "skew": -1.82927572727,
        "var": 1.7880666256
    },
    "barkbands_spread": {
        "kurt": 1.44063520432,
        "max": 35.458946228,
        "mean": 13.4252252579,
        "median": 12.7417984009,
        "min": 1.2391037941,
        "skew": 0.589130520821,
        "var": 35.300151825
    },
    "dissonance": {
        "kurt": 44.8085021973,
        "max": 0.499999970198,
        "mean": 0.481075584888,
        "median": 0.495604395866,
        "min": 0.000365648273146,
        "skew": -6.56415748596,
        "var": 0.00411799736321
    },
    "hfc": {
        "kurt": -0.375713586807,
        "max": 275.144073486,
        "mean": 61.6565361023,
        "median": 0.0590488612652,
        "min": 1.13712141925e-08,
        "skew": 1.15361857414,
        "var": 8956.24707031
    },
    "pitch": {
        "kurt": -1.62785160542,
        "max": 4440.31591797,
        "mean": 1910.40515137,
        "median": 972.784973145,
        "min": 129.355880737,
        "skew": 0.47443562746,
        "var": 2872237.25
    },
    "pitch_instantaneous_confidence": {
        "kurt": 1.03702545166,
        "max": 0.974662899971,
        "mean": 0.374884426594,
        "median": 0.333596110344,
        "min": 0.0745133161545,
        "skew": 1.3102132082,
        "var": 0.0427347719669
    },
    "pitch_salience": {
        "kurt": 2.8269367218,
        "max": 0.963306903839,
        "mean": 0.717023193836,
        "median": 0.787247300148,
        "min": 0.117739014328,
        "skew": -1.76905417442,
        "var": 0.025807024911
    },
    "silence_rate_20dB": {
        "kurt": 0,
        "max": 1,
        "mean": 1,
        "median": 1,
        "min": 1,
        "skew": 0,
        "var": 0
    },
    "silence_rate_30dB": {
        "kurt": 0.80150604248,
        "max": 1,
        "mean": 0.820895493031,
        "median": 1,
        "min": 0,
        "skew": -1.67376947403,
        "var": 0.147026240826
    },
    "silence_rate_60dB": {
        "kurt": -1.84351980686,
        "max": 1,
        "mean": 0.597014904022,
        "median": 1,
        "min": 0,
        "skew": -0.39557698369,
        "var": 0.24058829248
    },
    "spectral_centroid": {
        "kurt": -1.57791984081,
        "max": 4982.89892578,
        "mean": 2949.17749023,
        "median": 2104.36499023,
        "min": 1113.01049805,
        "skew": 0.422507822514,
        "var": 1849771.5
    },
    "spectral_complexity": {
        "kurt": -1.55423736572,
        "max": 63,
        "mean": 20.5970153809,
        "median": 0,
        "min": 0,
        "skew": 0.558278024197,
        "var": 645.852844238
    },
    "spectral_crest": {
        "kurt": 4.83735609055,
        "max": 25.7359104156,
        "mean": 7.04172325134,
        "median": 5.31527900696,
        "min": 2.70160126686,
        "skew": 2.304895401,
        "var": 23.8210411072
    },
    "spectral_decrease": {
        "kurt": -0.0755488872528,
        "max": -3.4945410785e-19,
        "mean": -7.63921104152e-09,
        "median": -4.39336240998e-12,
        "min": -3.68395589589e-08,
        "skew": -1.24891793728,
        "var": 1.43432562351e-16
    },
    "spectral_energy": {
        "kurt": -0.147006750107,
        "max": 0.161937892437,
        "mean": 0.0344245880842,
        "median": 2.19374705921e-05,
        "min": 2.35032241065e-12,
        "skew": 1.22685706615,
        "var": 0.00288426619954
    },
    "spectral_energyband_high": {
        "kurt": 0.979957103729,
        "max": 0.0114071965218,
        "mean": 0.00184374605305,
        "median": 1.35777597166e-07,
        "min": 1.5028213049e-12,
        "skew": 1.53583884239,
        "var": 9.73461101239e-06
    },
    "spectral_energyband_low": {
        "kurt": 19.6639041901,
        "max": 1.32535251396e-06,
        "mean": 7.02814162423e-08,
        "median": 1.68788663601e-11,
        "min": 8.18188616664e-16,
        "skew": 4.28071260452,
        "var": 4.51153600155e-14
    },
    "spectral_energyband_middle_high": {
        "kurt": -0.41424870491,
        "max": 0.105035327375,
        "mean": 0.0233094990253,
        "median": 2.09672034543e-05,
        "min": 7.7203673142e-13,
        "skew": 1.14673614502,
        "var": 0.00127414683811
    },
    "spectral_energyband_middle_low": {
        "kurt": 1.81005859375,
        "max": 0.0659023448825,
        "mean": 0.00998979248106,
        "median": 2.82586029243e-06,
        "min": 9.17726723608e-14,
        "skew": 1.71716225147,
        "var": 0.00029413154698
    },
    "spectral_flatness_db": {
        "kurt": -0.917906522751,
        "max": 0.589611232281,
        "mean": 0.271239042282,
        "median": 0.272599250078,
        "min": 0.0838409289718,
        "skew": 0.376602113247,
        "var": 0.0160251297057
    },
    "spectral_flux": {
        "kurt": -1.01362228394,
        "max": 0.280748784542,
        "mean": 0.0742549225688,
        "median": 0.00603588623926,
        "min": 3.46652814187e-06,
        "skew": 0.823763787746,
        "var": 0.00910969730467
    },
    "spectral_kurtosis": {
        "kurt": 4.90128278732,
        "max": 52.5059700012,
        "mean": 7.34549951553,
        "median": 1.64523458481,
        "min": 0.421463012695,
        "skew": 2.3477845192,
        "var": 134.606658936
    },
    "spectral_rms": {
        "kurt": -0.948637247086,
        "max": 0.0125693352893,
        "mean": 0.00348084745929,
        "median": 0.000146295627928,
        "min": 4.78852513197e-08,
        "skew": 0.881024062634,
        "var": 2.14686606341e-05
    },
    "spectral_rolloff": {
        "kurt": -1.41735625267,
        "max": 7321.2890625,
        "mean": 4372.52587891,
        "median": 3337.64648438,
        "min": 2347.11914062,
        "skew": 0.663796007633,
        "var": 2828840.75
    },
    "spectral_skewness": {
        "kurt": 3.87135314941,
        "max": 4.65315008163,
        "mean": 1.37166368961,
        "median": 0.991353869438,
        "min": 0.513323605061,
        "skew": 2.08237528801,
        "var": 0.724100232124
    },
    "spectral_spread": {
        "kurt": -1.65454030037,
        "max": 13249587,
        "mean": 6074970.5,
        "median": 2718594.5,
        "min": 812767.6875,
        "skew": 0.499202817678,
        "var": 2.4812068012e+13
    },
    "spectral_strongpeak": {
        "kurt": 1.69113063812,
        "max": 3.67065811157,
        "mean": 0.636489748955,
        "median": 0.202837526798,
        "min": 1.75254244823e-05,
        "skew": 1.57959961891,
        "var": 0.82196366787
    },
    "zerocrossingrate": {
        "kurt": 0.162214994431,
        "max": 0.40380859375,
        "mean": 0.15101736784,
        "median": 0.1142578125,
        "min": 0.06982421875,
        "skew": 0.839599490166,
        "var": 0.00530215073377
    },
    "barkbands": {
        "kurt": [22.8253993988, 22.5926914215, 17.6494274139, 33.0116348267, 18.7632770538, 7.7155122757, 4.20287036896, 4.42168474197, 3.29911231995, 1.97544002533, 8.15919208527, 20.0885868073, 4.88686227798, 3.68094015121, 1.22090291977, 1.93070554733, 0.42653799057, 0.395973443985, 0.324746370316, 0.768243551254, 0.609873533249, 1.55161333084, 2.57381629944, 3.58665418625, 12.8328819275, 8.63118076324, 10.5369272232],
        "max": [5.12120230667e-08, 1.16673270156e-07, 1.78039101684e-07, 2.61726163444e-05, 0.00301870657131, 0.00359654333442, 0.0147047266364, 0.0222377795726, 0.0313953235745, 0.0228233020753, 0.0319537073374, 0.0290931127965, 0.00888583157212, 0.00759600941092, 0.00860122591257, 0.0155811859295, 0.0161914434284, 0.014671754092, 0.0169067997485, 0.0107216564938, 0.00450547458604, 0.00114067504182, 0.000196736946236, 3.80540154765e-06, 1.51087334643e-07, 1.78961094832e-08, 1.75151342319e-08],
        "mean": [2.68859334795e-09, 6.2572618198e-09, 1.01006758513e-08, 8.7698168727e-07, 0.00016246092855, 0.000304026441881, 0.00171126774512, 0.00247240858153, 0.00401512952521, 0.00341168697923, 0.00304770981893, 0.00193143938668, 0.00103449786548, 0.00102181592956, 0.00149755971506, 0.00233761593699, 0.00282224197872, 0.00275548570789, 0.0031301532872, 0.00175507529639, 0.000810455181636, 0.000178393631359, 2.38239917962e-05, 4.51370965493e-07, 9.54918721874e-09, 1.65932823037e-09, 1.30634458806e-09],
        "median": [1.96792755702e-12, 7.29947959716e-12, 4.93391959233e-12, 8.41235327925e-12, 2.29908331956e-11, 3.16331336125e-11, 1.14806708584e-09, 1.68782303689e-08, 9.68818540059e-07, 2.03313675229e-06, 3.90428397168e-07, 5.27880672507e-08, 1.62395991765e-07, 6.06988635354e-07, 4.18720134121e-07, 1.03677280094e-06, 4.95982385473e-06, 9.97884058052e-07, 9.80844652076e-06, 1.21884212945e-07, 7.46619832626e-08, 4.70734784486e-10, 8.09499429294e-12, 2.81360004739e-12, 2.92097400954e-12, 9.03120514571e-13, 6.17509082063e-13],
        "min": [4.1503352965e-19, 1.05909466009e-16, 3.79194998206e-16, 8.3655472618e-16, 7.14443576592e-15, 7.28215315875e-15, 1.75475190883e-14, 3.04220658268e-14, 2.27348945469e-14, 5.31384171284e-15, 3.98994573343e-15, 5.12776805609e-15, 5.65304791503e-15, 1.42401857721e-14, 2.44010337652e-14, 7.98452626173e-14, 1.05454090826e-13, 1.60427525214e-13, 1.93160998264e-13, 4.44358823825e-13, 5.26588592609e-13, 2.92354438184e-13, 1.16656901153e-13, 1.16234021648e-13, 1.49434609652e-13, 1.64416650596e-14, 7.43464428849e-16],
        "skew": [4.66287469864, 4.51141881943, 3.98288655281, 5.63528156281, 4.1554775238, 2.8033554554, 2.23933553696, 2.21373462677, 1.98081433773, 1.77106285095, 2.60685110092, 3.98330950737, 2.26356267929, 1.98082470894, 1.55124819279, 1.72128343582, 1.33549368382, 1.31117081642, 1.30684912205, 1.48081183434, 1.45580029488, 1.72284018993, 1.94448542595, 2.22487831116, 3.61276650429, 2.92856264114, 3.27933502197],
        "var": [6.42952600886e-17, 3.10204138182e-16, 8.11753919122e-16, 1.36244271073e-11, 2.352292654e-07, 5.31736702669e-07, 1.12932502816e-05, 2.29911911447e-05, 5.08520715812e-05, 3.53414616256e-05, 3.32028976118e-05, 1.90957689483e-05, 3.68522091776e-06, 3.07618233819e-06, 5.83616747463e-06, 1.53514465637e-05, 1.94012700376e-05, 1.79787493835e-05, 2.39185192186e-05, 8.48309809953e-06, 1.84234215794e-06, 1.08571896362e-07, 2.23821738921e-09, 9.93705768712e-13, 7.62013920998e-16, 1.40110648025e-17, 1.16499935492e-17],
        "cov": [[6.52694340048e-17, 1.30895177713e-16, 7.54371976513e-17, 3.38159184763e-15, 2.64171236969e-12, 2.27299884643e-12, 1.22334850583e-11, 2.29773196997e-11, 3.92012915185e-11, 2.33695424123e-11, 1.04850702773e-11, 1.1380324634e-11, 1.15738833448e-11, 9.30268362342e-12, 1.00589736193e-11, 1.99633538867e-11, 1.94987949398e-11, 1.87634872917e-11, 2.01481314271e-11, 1.08683921238e-11, 5.35041759162e-12, 1.11952472032e-12, 1.79832440172e-13, 4.15927524288e-15, 1.47416806812e-16, 1.3263171106e-17, 6.42196144216e-18], [1.30895177713e-16, 3.14904218128e-16, 3.01727164795e-16, 9.99510566815e-15, 5.46642288726e-12, 5.29286944134e-12, 2.5987312996e-11, 5.15419408542e-11, 8.19119772011e-11, 5.44721767692e-11, 2.43673484168e-11, 2.36644228518e-11, 2.39147000813e-11, 1.96629483529e-11, 1.90557257473e-11, 3.99919194982e-11, 3.85594577101e-11, 3.49167326996e-11, 3.99395759521e-11, 2.10096332692e-11, 1.07210160888e-11, 2.21249624524e-12, 3.84548729665e-13, 8.35980776655e-15, 3.43936272395e-16, 2.65823026348e-17, 1.03213661232e-17], [7.54371976513e-17, 3.01727164795e-16, 8.24053208093e-16, 5.57039291538e-14, 5.94633500425e-12, 7.75886386389e-12, 3.69062905237e-11, 6.3750053847e-11, 8.30211663305e-11, 6.36717345515e-11, 5.39028474633e-11, 4.89638433965e-11, 2.11874909978e-11, 1.78209478424e-11, 2.13101342128e-11, 5.10119307906e-11, 5.06217429086e-11, 4.45356945766e-11, 5.42813120841e-11, 2.90150733301e-11, 1.68082318897e-11, 3.92702363683e-12, 6.03857079357e-13, 1.49037615474e-14, 4.28492977481e-16, 3.48958913074e-17, 1.58126343981e-17], [3.38159184763e-15, 9.99510566815e-15, 5.57039291538e-14, 1.38308583336e-11, 7.96384569401e-10, 1.31639121825e-09, 4.14225409529e-09, 5.90201265638e-09, 8.93512908107e-09, 8.77894468232e-09, 1.31577486684e-08, 6.00748695234e-09, 1.9975381349e-09, 1.98240401872e-09, 3.06286773721e-09, 7.24472126734e-09, 7.71619568241e-09, 6.41409503288e-09, 6.95060276001e-09, 3.76520326029e-09, 2.3736979049e-09, 5.90608117967e-10, 8.71894778598e-11, 2.09715101188e-12, 5.75849724892e-14, 3.30433990174e-15, 8.1088586917e-16], [2.64171236969e-12, 5.46642288726e-12, 5.94633500425e-12, 7.96384569401e-10, 2.38793347762e-07, 2.51299326237e-07, 9.35095158638e-07, 1.29962052142e-06, 1.92780066754e-06, 1.85457770385e-06, 1.55820339387e-06, 8.46771399665e-07, 5.90612899032e-07, 5.52219603378e-07, 6.34211346551e-07, 1.11093959276e-06, 1.23828135656e-06, 1.17115860121e-06, 1.40587746955e-06, 8.42451242988e-07, 3.78359686692e-07, 9.24564460547e-08, 1.61645523633e-08, 3.3089186946e-10, 6.31945537566e-12, 6.47687957954e-13, 3.54917023505e-13], [2.27299884643e-12, 5.29286944134e-12, 7.75886386389e-12, 1.31639121825e-09, 2.51299326237e-07, 5.39793290955e-07, 1.77182721472e-06, 2.2002204787e-06, 3.38770450981e-06, 2.96915072795e-06, 3.26590316035e-06, 1.86457305063e-06, 8.72031932886e-07, 1.09012694338e-06, 1.05976789655e-06, 1.92391621567e-06, 2.20064680434e-06, 2.17932984015e-06, 2.26696647587e-06, 1.42230226174e-06, 6.42290729047e-07, 1.59080144613e-07, 2.33611281431e-08, 4.05977945706e-10, 9.57043212041e-12, 1.05049606167e-12, 6.33058167519e-13], [1.22334850583e-11, 2.5987312996e-11, 3.69062905237e-11, 4.14225409529e-09, 9.35095158638e-07, 1.77182721472e-06, 1.14643607958e-05, 1.39812655107e-05, 1.8842960344e-05, 1.60412801051e-05, 1.16573337436e-05, 8.99484984984e-06, 4.65494758828e-06, 4.64829645352e-06, 6.57273994875e-06, 1.06027137008e-05, 1.20246777442e-05, 1.04501468741e-05, 1.30305970742e-05, 7.56929148338e-06, 3.54684880222e-06, 8.00011378033e-07, 1.05399600159e-07, 2.15776685408e-09, 5.05615965762e-11, 7.04838704763e-12, 4.9946891241e-12], [2.29773196997e-11, 5.15419408542e-11, 6.3750053847e-11, 5.90201265638e-09, 1.29962052142e-06, 2.2002204787e-06, 1.39812655107e-05, 2.33395421674e-05, 3.07106492983e-05, 2.33667196881e-05, 1.46102265717e-05, 1.51436997839e-05, 8.11088193586e-06, 6.72916621625e-06, 8.46662896947e-06, 1.56216028699e-05, 1.63107943081e-05, 1.55580983119e-05, 1.82565163414e-05, 1.01920859379e-05, 5.27292240804e-06, 1.19665253351e-06, 1.6012307924e-07, 3.32724070518e-09, 9.8641088353e-11, 1.28429133647e-11, 8.78834678641e-12], [3.92012915185e-11, 8.19119772011e-11, 8.30211663305e-11, 8.93512908107e-09, 1.92780066754e-06, 3.38770450981e-06, 1.8842960344e-05, 3.07106492983e-05, 5.16225591127e-05, 3.51709713868e-05, 2.29795168707e-05, 1.80488514161e-05, 1.30004746097e-05, 1.10267637865e-05, 1.39590520121e-05, 2.59357148025e-05, 2.82230612356e-05, 2.65625640168e-05, 3.06506663037e-05, 1.65650744748e-05, 8.47302908369e-06, 1.89737420442e-06, 2.48434702144e-07, 5.04488895103e-09, 1.47685488838e-10, 1.83188048064e-11, 1.21385375709e-11], [2.33695424123e-11, 5.44721767692e-11, 6.36717345515e-11, 8.77894468232e-09, 1.85457770385e-06, 2.96915072795e-06, 1.60412801051e-05, 2.33667196881e-05, 3.51709713868e-05, 3.58769357263e-05, 2.60904744209e-05, 1.41933196574e-05, 9.16581575439e-06, 8.40311986394e-06, 1.13457581392e-05, 1.76072808244e-05, 2.12540544453e-05, 1.90396294784e-05, 2.45396149694e-05, 1.37558545248e-05, 6.65685774948e-06, 1.42493558997e-06, 2.2340122996e-07, 3.97281629816e-09, 1.00459703056e-10, 1.21479458437e-11, 7.84793671021e-12], [1.04850702773e-11, 2.43673484168e-11, 5.39028474633e-11, 1.31577486684e-08, 1.55820339387e-06, 3.26590316035e-06, 1.16573337436e-05, 1.46102265717e-05, 2.29795168707e-05, 2.60904744209e-05, 3.37059718731e-05, 1.64749017131e-05, 6.49782441542e-06, 7.31285081201e-06, 9.48778688326e-06, 1.49611078086e-05, 1.80192273547e-05, 1.84217951755e-05, 1.9640332539e-05, 1.2177404642e-05, 5.78303161092e-06, 1.36126482175e-06, 1.9661490569e-07, 3.32971605843e-09, 6.64589563937e-11, 1.05789517771e-11, 8.17854031027e-12], [1.1380324634e-11, 2.36644228518e-11, 4.89638433965e-11, 6.00748695234e-09, 8.46771399665e-07, 1.86457305063e-06, 8.99484984984e-06, 1.51436997839e-05, 1.80488514161e-05, 1.41933196574e-05, 1.64749017131e-05, 1.93850992218e-05, 5.33723596163e-06, 5.0937251217e-06, 5.869449069e-06, 1.06074521682e-05, 1.14788545034e-05, 1.34462443384e-05, 1.31851847982e-05, 8.81187588675e-06, 4.44211900685e-06, 1.10155747279e-06, 1.4316711372e-07, 3.01332558905e-09, 6.31257338068e-11, 1.07415716946e-11, 8.46807953619e-12], [1.15738833448e-11, 2.39147000813e-11, 2.11874909978e-11, 1.9975381349e-09, 5.90612899032e-07, 8.72031932886e-07, 4.65494758828e-06, 8.11088193586e-06, 1.30004746097e-05, 9.16581575439e-06, 6.49782441542e-06, 5.33723596163e-06, 3.74105752599e-06, 2.99303496831e-06, 3.73826787836e-06, 6.75103910908e-06, 7.02423767507e-06, 7.11936263542e-06, 7.54155189497e-06, 4.48186119684e-06, 2.22739572564e-06, 5.06600656536e-07, 6.77944740346e-08, 1.3752158301e-09, 3.97333485558e-11, 5.78029681411e-12, 4.20783026478e-12], [9.30268362342e-12, 1.96629483529e-11, 1.78209478424e-11, 1.98240401872e-09, 5.52219603378e-07, 1.09012694338e-06, 4.64829645352e-06, 6.72916621625e-06, 1.10267637865e-05, 8.40311986394e-06, 7.31285081201e-06, 5.0937251217e-06, 2.99303496831e-06, 3.12279121317e-06, 3.49624838236e-06, 5.98171800448e-06, 6.66374717184e-06, 6.63313448968e-06, 7.0473975029e-06, 4.42399596068e-06, 2.00056820177e-06, 4.61585443645e-07, 6.55764083035e-08, 1.22111010192e-09, 3.33785846185e-11, 4.39237752073e-12, 3.01252425783e-12], [1.00589736193e-11, 1.90557257473e-11, 2.13101342128e-11, 3.06286773721e-09, 6.34211346551e-07, 1.05976789655e-06, 6.57273994875e-06, 8.46662896947e-06, 1.39590520121e-05, 1.13457581392e-05, 9.48778688326e-06, 5.869449069e-06, 3.73826787836e-06, 3.49624838236e-06, 5.92459446125e-06, 8.16288502392e-06, 9.88147166936e-06, 9.03894033399e-06, 1.03222137113e-05, 6.4499340624e-06, 2.73096861747e-06, 6.20347520908e-07, 8.20388095235e-08, 1.66052838146e-09, 3.67536868995e-11, 5.56503367694e-12, 4.16281982843e-12], [1.99633538867e-11, 3.99919194982e-11, 5.10119307906e-11, 7.24472126734e-09, 1.11093959276e-06, 1.92391621567e-06, 1.06027137008e-05, 1.56216028699e-05, 2.59357148025e-05, 1.76072808244e-05, 1.49611078086e-05, 1.06074521682e-05, 6.75103910908e-06, 5.98171800448e-06, 8.16288502392e-06, 1.55840443767e-05, 1.66511981661e-05, 1.54249246407e-05, 1.66874087881e-05, 9.33897899813e-06, 4.68684993393e-06, 1.05853325749e-06, 1.31811646042e-07, 2.88852541885e-09, 8.18490136778e-11, 1.14851721883e-11, 8.30260946799e-12], [1.94987949398e-11, 3.85594577101e-11, 5.06217429086e-11, 7.71619568241e-09, 1.23828135656e-06, 2.20064680434e-06, 1.20246777442e-05, 1.63107943081e-05, 2.82230612356e-05, 2.12540544453e-05, 1.80192273547e-05, 1.14788545034e-05, 7.02423767507e-06, 6.66374717184e-06, 9.88147166936e-06, 1.66511981661e-05, 1.96952296392e-05, 1.75030036189e-05, 2.01298717002e-05, 1.12716015792e-05, 5.32144531462e-06, 1.19169351365e-06, 1.55245416522e-07, 3.2263640648e-09, 7.91866225369e-11, 1.07002297647e-11, 7.5583020745e-12], [1.87634872917e-11, 3.49167326996e-11, 4.45356945766e-11, 6.41409503288e-09, 1.17115860121e-06, 2.17932984015e-06, 1.04501468741e-05, 1.55580983119e-05, 2.65625640168e-05, 1.90396294784e-05, 1.84217951755e-05, 1.34462443384e-05, 7.11936263542e-06, 6.63313448968e-06, 9.03894033399e-06, 1.54249246407e-05, 1.75030036189e-05, 1.82511557796e-05, 1.89611164387e-05, 1.12262741823e-05, 5.31609839527e-06, 1.24234986743e-06, 1.56500220783e-07, 3.17648995996e-09, 6.69587302271e-11, 1.18689641448e-11, 9.43818374149e-12], [2.01481314271e-11, 3.99395759521e-11, 5.42813120841e-11, 6.95060276001e-09, 1.40587746955e-06, 2.26696647587e-06, 1.30305970742e-05, 1.82565163414e-05, 3.06506663037e-05, 2.45396149694e-05, 1.9640332539e-05, 1.31851847982e-05, 7.54155189497e-06, 7.0473975029e-06, 1.03222137113e-05, 1.66874087881e-05, 2.01298717002e-05, 1.89611164387e-05, 2.42809219344e-05, 1.33473640744e-05, 6.3430247792e-06, 1.45655701544e-06, 1.98636556092e-07, 4.00029565029e-09, 7.59218729551e-11, 1.08689385617e-11, 7.77643054117e-12], [1.08683921238e-11, 2.10096332692e-11, 2.90150733301e-11, 3.76520326029e-09, 8.42451242988e-07, 1.42230226174e-06, 7.56929148338e-06, 1.01920859379e-05, 1.65650744748e-05, 1.37558545248e-05, 1.2177404642e-05, 8.81187588675e-06, 4.48186119684e-06, 4.42399596068e-06, 6.4499340624e-06, 9.33897899813e-06, 1.12716015792e-05, 1.12262741823e-05, 1.33473640744e-05, 8.61163061927e-06, 3.77545597985e-06, 9.04146475023e-07, 1.26781799281e-07, 2.52255882849e-09, 4.47033382533e-11, 7.30987926439e-12, 5.60387153348e-12], [5.35041759162e-12, 1.07210160888e-11, 1.68082318897e-11, 2.3736979049e-09, 3.78359686692e-07, 6.42290729047e-07, 3.54684880222e-06, 5.27292240804e-06, 8.47302908369e-06, 6.65685774948e-06, 5.78303161092e-06, 4.44211900685e-06, 2.22739572564e-06, 2.00056820177e-06, 2.73096861747e-06, 4.68684993393e-06, 5.32144531462e-06, 5.31609839527e-06, 6.3430247792e-06, 3.77545597985e-06, 1.87025648302e-06, 4.41396792894e-07, 5.99772604915e-08, 1.23212851033e-09, 2.48871478981e-11, 3.75698387331e-12, 2.79226164759e-12], [1.11952472032e-12, 2.21249624524e-12, 3.92702363683e-12, 5.90608117967e-10, 9.24564460547e-08, 1.59080144613e-07, 8.00011378033e-07, 1.19665253351e-06, 1.89737420442e-06, 1.42493558997e-06, 1.36126482175e-06, 1.10155747279e-06, 5.06600656536e-07, 4.61585443645e-07, 6.20347520908e-07, 1.05853325749e-06, 1.19169351365e-06, 1.24234986743e-06, 1.45655701544e-06, 9.04146475023e-07, 4.41396792894e-07, 1.10216923588e-07, 1.46225609399e-08, 3.02020242149e-10, 5.44621379245e-12, 8.71794444361e-13, 6.6612633378e-13], [1.79832440172e-13, 3.84548729665e-13, 6.03857079357e-13, 8.71894778598e-11, 1.61645523633e-08, 2.33611281431e-08, 1.05399600159e-07, 1.6012307924e-07, 2.48434702144e-07, 2.2340122996e-07, 1.9661490569e-07, 1.4316711372e-07, 6.77944740346e-08, 6.55764083035e-08, 8.20388095235e-08, 1.31811646042e-07, 1.55245416522e-07, 1.56500220783e-07, 1.98636556092e-07, 1.26781799281e-07, 5.99772604915e-08, 1.46225609399e-08, 2.27212981763e-09, 4.50299311727e-11, 8.39318794587e-13, 1.04772100555e-13, 6.95320672784e-14], [4.15927524288e-15, 8.35980776655e-15, 1.49037615474e-14, 2.09715101188e-12, 3.3089186946e-10, 4.05977945706e-10, 2.15776685408e-09, 3.32724070518e-09, 5.04488895103e-09, 3.97281629816e-09, 3.32971605843e-09, 3.01332558905e-09, 1.3752158301e-09, 1.22111010192e-09, 1.66052838146e-09, 2.88852541885e-09, 3.2263640648e-09, 3.17648995996e-09, 4.00029565029e-09, 2.52255882849e-09, 1.23212851033e-09, 3.02020242149e-10, 4.50299311727e-11, 1.00876186744e-12, 1.95300115598e-14, 2.30527004617e-15, 1.48712367527e-15], [1.47416806812e-16, 3.43936272395e-16, 4.28492977481e-16, 5.75849724892e-14, 6.31945537566e-12, 9.57043212041e-12, 5.05615965762e-11, 9.8641088353e-11, 1.47685488838e-10, 1.00459703056e-10, 6.64589563937e-11, 6.31257338068e-11, 3.97333485558e-11, 3.33785846185e-11, 3.67536868995e-11, 8.18490136778e-11, 7.91866225369e-11, 6.69587302271e-11, 7.59218729551e-11, 4.47033382533e-11, 2.48871478981e-11, 5.44621379245e-12, 8.39318794587e-13, 1.95300115598e-14, 7.73559562404e-16, 6.45928465858e-17, 3.06994849459e-17], [1.3263171106e-17, 2.65823026348e-17, 3.48958913074e-17, 3.30433990174e-15, 6.47687957954e-13, 1.05049606167e-12, 7.04838704763e-12, 1.28429133647e-11, 1.83188048064e-11, 1.21479458437e-11, 1.05789517771e-11, 1.07415716946e-11, 5.78029681411e-12, 4.39237752073e-12, 5.56503367694e-12, 1.14851721883e-11, 1.07002297647e-11, 1.18689641448e-11, 1.08689385617e-11, 7.30987926439e-12, 3.75698387331e-12, 8.71794444361e-13, 1.04772100555e-13, 2.30527004617e-15, 6.45928465858e-17, 1.42233524349e-17, 1.22345902123e-17], [6.42196144216e-18, 1.03213661232e-17, 1.58126343981e-17, 8.1088586917e-16, 3.54917023505e-13, 6.33058167519e-13, 4.9946891241e-12, 8.78834678641e-12, 1.21385375709e-11, 7.84793671021e-12, 8.17854031027e-12, 8.46807953619e-12, 4.20783026478e-12, 3.01252425783e-12, 4.16281982843e-12, 8.30260946799e-12, 7.5583020745e-12, 9.43818374149e-12, 7.77643054117e-12, 5.60387153348e-12, 2.79226164759e-12, 6.6612633378e-13, 6.95320672784e-14, 1.48712367527e-15, 3.06994849459e-17, 1.22345902123e-17, 1.18265081017e-17]]
    },
    "mfcc": {
        "kurt": [-1.63376486301, -1.42921793461, -1.79728972912, 0.264363765717, -1.70624184608, -1.42227828503, -1.06649708748, 2.8475022316, -0.0900392532349, 0.411413908005, 0.641717910767, 0.225850105286, 0.460941076279],
        "max": [-546.642700195, 109.091362, -6.103515625e-05, 26.6855049133, 26.640460968, 4.31600189209, 30.1224136353, 40.1610374451, 44.7981452942, 31.1645679474, 33.4698143005, 28.1554203033, 28.3089561462],
        "mean": [-908.870361328, 37.5843048096, -95.3164978027, -3.64961409569, -45.8331565857, -22.8148059845, -16.5795326233, -1.07616627216, -1.55810308456, 0.812974393368, -1.39256060123, -2.58479523659, 0.523937165737],
        "median": [-1011.04663086, 22.758556366, -81.8350067139, 8.01086425781e-05, -6.103515625e-05, -21.1462173462, -2.67028808594e-05, -5.34057617188e-05, -4.57763671875e-05, -2.28881835938e-05, -2.67028808594e-05, -3.0517578125e-05, -3.81469726562e-05],
        "min": [-1138.42004395, -4.37367630005, -227.91847229, -41.7939529419, -130.084411621, -64.6141662598, -71.2011566162, -24.4718933105, -43.08203125, -28.3649368286, -37.3376998901, -27.625087738, -21.9610710144],
        "skew": [0.347947210073, 0.348199754953, -0.123397998512, -0.710009276867, -0.337872087955, -0.341766148806, -0.708688080311, 1.37527596951, -0.00891059357673, 0.120731808245, -0.165610164404, -0.0506740435958, 0.40688547492],
        "var": [58484.3945312, 1527.1809082, 8711.07226562, 212.44593811, 2851.76245117, 527.238037109, 735.717590332, 156.212905884, 405.198638916, 141.475814819, 199.443618774, 133.712356567, 112.477005005],
        "cov": [[59370.5234375, 9178.00292969, -20798.1191406, 163.213623047, -12622.8632812, -4021.32958984, -5812.23046875, -1518.73828125, -1794.16516113, -816.740478516, -922.290039062, -333.182891846, 280.831054688], [9178.00292969, 1550.31994629, -3191.16186523, 9.38883113861, -1864.57348633, -622.577026367, -832.524230957, -240.123260498, -282.366516113, -126.565856934, -186.71434021, -63.2014808655, 15.9705924988], [-20798.1191406, -3191.16186523, 8843.05761719, 474.515075684, 4495.94384766, 2009.41174316, 1658.18566895, 339.98638916, -65.2420120239, -132.658950806, -93.2391204834, -131.743774414, -264.300994873], [163.213623047, 9.38883113861, 474.515075684, 215.664810181, -3.083776474, 193.663986206, -156.292526245, -65.1470947266, -240.266326904, -142.059234619, -130.92300415, -91.1858978271, -45.030128479], [-12622.8632812, -1864.57348633, 4495.94384766, -3.083776474, 2894.97094727, 891.396789551, 1242.93981934, 390.104736328, 334.53918457, 152.725387573, 105.12071991, -19.117269516, -148.223953247], [-4021.32958984, -622.577026367, 2009.41174316, 193.663986206, 891.396789551, 535.226501465, 240.071228027, 17.6377696991, -142.001419067, -112.499343872, -99.3552627563, -58.5631599426, -77.0877685547], [-5812.23046875, -832.524230957, 1658.18566895, -156.292526245, 1242.93981934, 240.071228027, 746.864807129, 205.155639648, 358.159698486, 193.988891602, 163.579391479, 83.3682556152, -18.7464771271], [-1518.73828125, -240.123260498, 339.98638916, -65.1470947266, 390.104736328, 17.6377696991, 205.155639648, 158.579772949, 123.684936523, 71.7705917358, 38.2163581848, -39.8556251526, -55.3976898193], [-1794.16516113, -282.366516113, -65.2420120239, -240.266326904, 334.53918457, -142.001419067, 358.159698486, 123.684936523, 411.338012695, 223.103424072, 235.169113159, 152.035629272, 72.037612915], [-816.740478516, -126.565856934, -132.658950806, -142.059234619, 152.725387573, -112.499343872, 193.988891602, 71.7705917358, 223.103424072, 143.619384766, 135.302764893, 79.7878341675, 41.6200065613], [-922.290039062, -186.71434021, -93.2391204834, -130.92300415, 105.12071991, -99.3552627563, 163.579391479, 38.2163581848, 235.169113159, 135.302764893, 202.465499878, 126.652198792, 98.6900558472], [-333.182891846, -63.2014808655, -131.743774414, -91.1858978271, -19.117269516, -58.5631599426, 83.3682556152, -39.8556251526, 152.035629272, 79.7878341675, 126.652198792, 135.738296509, 96.0758666992], [280.831054688, 15.9705924988, -264.300994873, -45.030128479, -148.223953247, -77.0877685547, -18.7464771271, -55.3976898193, 72.037612915, 41.6200065613, 98.6900558472, 96.0758666992, 114.18120575]]
    },
    "sccoeffs": {
        "kurt": [-0.0193691253662, -1.14896070957, -1.36473500729, -1.15393233299, -1.47553384304, -1.68089985847],
        "max": [-0.306942403316, -0.346155405045, -0.6293810606, -0.636081337929, -0.636000692844, -0.310628920794],
        "mean": [-0.796158492565, -0.756178975105, -0.814593195915, -0.83538299799, -0.807858705521, -0.70431381464],
        "median": [-0.873097121716, -0.768506109715, -0.811115682125, -0.823625326157, -0.770748794079, -0.831478595734],
        "min": [-0.989834964275, -0.948232769966, -0.957397639751, -0.947798013687, -0.951446413994, -0.928550839424],
        "skew": [1.22657215595, 0.436560094357, 0.0742008090019, 0.142895132303, -0.133012607694, 0.31347066164],
        "var": [0.0421501398087, 0.0289166867733, 0.0109005644917, 0.00669292686507, 0.00973731838167, 0.0510014556348],
        "cov": [[0.0427887775004, 0.0044734380208, 0.00783134810627, 0.00562300952151, 0.00355526525527, 0.0271387007087], [0.0044734380208, 0.0293548181653, 0.0139887724072, 0.0110568003729, 0.0124112414196, 0.0303916633129], [0.00783134810627, 0.0139887724072, 0.0110657243058, 0.00763018196449, 0.00908320583403, 0.0181318111718], [0.00562300952151, 0.0110568003729, 0.00763018196449, 0.00679433485493, 0.00707569904625, 0.0150072630495], [0.00355526525527, 0.0124112414196, 0.00908320583403, 0.00707569904625, 0.009884852916, 0.0138658648357], [0.0271387007087, 0.0303916633129, 0.0181318111718, 0.0150072630495, 0.0138658648357, 0.0517742037773]]
    },
    "scvalleys": {
        "kurt": [-1.71581625938, -1.66812992096, -1.76901423931, -1.78093492985, -1.80221605301, -1.24533498287],
        "max": [-8.76361370087, -3.8152282238, -3.62960624695, -4.3900270462, -4.65652656555, -10.1000165939],
        "mean": [-14.1802072525, -11.4283504486, -10.2998542786, -10.55818367, -10.4888114929, -14.4492225647],
        "median": [-13.3940973282, -13.0333976746, -9.53669261932, -9.55223846436, -10.6458063126, -16.0238189697],
        "min": [-19.2468318939, -17.2348194122, -17.7717857361, -17.8116378784, -16.6944465637, -17.6927814484],
        "skew": [0.028248263523, 0.269453942776, -0.070483751595, -0.0746448338032, 0.0557968206704, 0.559674501419],
        "var": [13.2560958862, 26.1334247589, 29.5941200256, 26.3302288055, 22.2217826843, 4.95283222198],
        "cov": [[13.456946373, 18.148235321, 19.2474861145, 18.109292984, 16.6720504761, 7.37873935699], [18.148235321, 26.5293865204, 27.1001148224, 25.4880657196, 23.8943347931, 10.9575185776], [19.2474861145, 27.1001148224, 30.042514801, 28.1878643036, 25.8226242065, 10.8324995041], [18.109292984, 25.4880657196, 28.1878643036, 26.7291717529, 24.3636417389, 10.2677717209], [16.6720504761, 23.8943347931, 25.8226242065, 24.3636417389, 22.5584774017, 9.68028736115], [7.37873935699, 10.9575185776, 10.8324995041, 10.2677717209, 9.68028736115, 5.02787494659]]
    }
},
"rhythm": {
    "beats_loudness": {
        "kurt": -1.5,
        "max": 0.116851471364,
        "mean": 0.0695250853896,
        "median": 0.0915081575513,
        "min": 0.000215641426621,
        "skew": -0.573781609535,
        "var": 0.00250894692726
    },
    "bpm": 166.708679199,
    "confidence": 0,
    "first_peak_bpm": {
        "kurt": 0,
        "max": 167,
        "mean": 167,
        "median": 167,
        "min": 167,
        "skew": 0,
        "var": 0
    },
    "first_peak_spread": {
        "kurt": 0,
        "max": 0,
        "mean": 0,
        "median": 0,
        "min": 0,
        "skew": 0,
        "var": 0
    },
    "first_peak_weight": {
        "kurt": 0,
        "max": 1,
        "mean": 1,
        "median": 1,
        "min": 1,
        "skew": 0,
        "var": 0
    },
    "onset_rate": 0.656376957893,
    "second_peak_bpm": {
        "kurt": 0,
        "max": 0,
        "mean": 0,
        "median": 0,
        "min": 0,
        "skew": 0,
        "var": 0
    },
    "second_peak_spread": {
        "kurt": 0,
        "max": 0,
        "mean": 0,
        "median": 0,
        "min": 0,
        "skew": 0,
        "var": 0
    },
    "second_peak_weight": {
        "kurt": 0,
        "max": 0,
        "mean": 0,
        "median": 0,
        "min": 0,
        "skew": 0,
        "var": 0
    },
    "beats_loudness_band_ratio": {
        "kurt": [-1.49999988079, -1.50000011921, -1.50000011921, -1.5, -1.49999940395, -1.49999988079],
        "max": [0.000753021100536, 0.0487986393273, 0.407739549875, 0.508671879768, 0.606835365295, 0.166468262672],
        "mean": [0.000251088145887, 0.0167437512428, 0.224885582924, 0.309331089258, 0.360939890146, 0.130975618958],
        "median": [1.97755994691e-07, 0.00143232056871, 0.13766130805, 0.296406924725, 0.267228335142, 0.125629201531],
        "min": [4.56569289042e-08, 2.93907646665e-07, 0.129255905747, 0.122914500535, 0.208756059408, 0.100829400122],
        "skew": [0.70710682869, 0.704991936684, 0.704867780209, 0.122342810035, 0.648696899414, 0.288628995419],
        "var": [1.25968327325e-07, 0.000514099665452, 0.016729561612, 0.0248849783093, 0.0308021176606, 0.000732368789613],
        "cov": [[1.88952483882e-07, 1.20671065815e-05, -3.28249661834e-05, 7.50483741285e-05, -5.73024808546e-05, -2.0151537683e-06], [1.20671065815e-05, 0.000771149527282, -0.00199727457948, 0.00485449610278, -0.00378025881946, -0.000152033302584], [-3.28249661834e-05, -0.00199727457948, 0.0250943414867, -0.000961815938354, -0.0136881545186, -0.00422008428723], [7.50483741285e-05, 0.00485449610278, -0.000961815938354, 0.0373274683952, -0.037482149899, -0.00364628108218], [-5.73024808546e-05, -0.00378025881946, -0.0136881545186, -0.037482149899, 0.0462031774223, 0.00618308410048], [-2.0151537683e-06, -0.000152033302584, -0.00422008428723, -0.00364628108218, 0.00618308410048, 0.00109855318442]]
    },
    "beats_position": [0.371519267559, 0.731428563595, 1.09133780003],
    "bpm_estimates": [166.70866394, 166.708694458],
    "bpm_intervals": [0.359909296036, 0.359909236431],
    "onset_times": [0.359909296036],
    "histogram": [[0, 0, 0, 0, 0, 0, 0, 0, 0, 0, 0, 0, 0, 0, 0, 0, 0, 0, 0, 0, 0, 0, 0, 0, 0, 0, 0, 0, 0, 0, 0, 0, 0, 0, 0, 0, 0, 0, 0, 0, 0, 0, 0, 0, 0, 0, 0, 0, 0, 0, 0, 0, 0, 0, 0, 0, 0, 0, 0, 0, 0, 0, 0, 0, 0, 0, 0, 0, 0, 0, 0, 0, 0, 0, 0, 0, 0, 0, 0, 0, 0, 0, 0, 0, 0, 0, 0, 0, 0, 0, 0, 0, 0, 0, 0, 0, 0, 0, 0, 0, 0, 0, 0, 0, 0, 0, 0, 0, 0, 0, 0, 0, 0, 0, 0, 0, 0, 0, 0, 0, 0, 0, 0, 0, 0, 0, 0, 0, 0, 0, 0, 0, 0, 0, 0, 0, 0, 0, 0, 0, 0, 0, 0, 0, 0, 0, 0, 0, 0, 0, 0, 0, 0, 0, 0, 0, 0, 0, 0, 0, 0, 0, 0, 0, 0, 0, 0, 1, 0, 0, 0, 0, 0, 0, 0, 0, 0, 0, 0, 0, 0, 0, 0, 0, 0, 0, 0, 0, 0, 0, 0, 0, 0, 0, 0, 0, 0, 0, 0, 0, 0, 0, 0, 0, 0, 0, 0, 0, 0, 0, 0, 0, 0, 0, 0, 0, 0, 0, 0, 0, 0, 0, 0, 0, 0, 0, 0, 0, 0, 0, 0, 0, 0, 0, 0, 0, 0, 0, 0, 0, 0, 0, 0, 0, 0, 0, 0, 0, 0, 0]]
},
"sfx": {
    "inharmonicity": {
        "kurt": 0.942393779755,
        "max": 0.363056778908,
        "mean": 0.0682824552059,
        "median": 0.0254031550139,
        "min": 0,
        "skew": 1.42734360695,
        "var": 0.00855817180127
    },
    "oddtoevenharmonicenergyratio": {
        "kurt": 61.9527740479,
        "max": 240.88319397,
        "mean": 4.04878234863,
        "median": 0.125106066465,
        "min": 0,
        "skew": 7.99502754211,
        "var": 850.264831543
    },
    "pitch_after_max_to_before_max_energy_ratio": 0.0451210960746,
    "pitch_centroid": 32.9129447937,
    "pitch_max_to_total": 0.98507463932,
    "pitch_min_to_total": 0.373134315014,
    "tristimulus": {
        "kurt": [-1.73553609848, -0.266853809357, -0.565865516663],
        "max": [1, 0.992554306984, 0.99487388134],
        "mean": [0.481081157923, 0.29446464777, 0.22445422411],
        "median": [0.384347110987, 0.2552742064, 0.00315309199505],
        "min": [0, 0, 0],
        "skew": [0.174172505736, 0.892267882824, 1.04492509365],
        "var": [0.187845379114, 0.0999226123095, 0.103470832109],
        "cov": [[0.190691515803, -0.0935448184609, -0.0971467718482], [-0.0935448184609, 0.101436592638, -0.00789180863649], [-0.0971467718482, -0.00789180863649, 0.105038568377]]
    }
},
"tonal": {
    "chords_changes_rate": 0,
    "chords_number_rate": 0.0294117648154,
    "chords_strength": {
        "kurt": 0.106369018555,
        "max": 0.539576292038,
        "mean": 0.495636492968,
        "median": 0.486504077911,
        "min": 0.440892934799,
        "skew": 0.275377780199,
        "var": 0.000429448584327
    },
    "key_strength": 0.612296521664,
    "tuning_diatonic_strength": 0.376270920038,
    "tuning_equal_tempered_deviation": 0.241423785686,
    "tuning_frequency": 433.942382812,
    "tuning_nontempered_energy_ratio": 0.895602345467,
    "hpcp": {
        "kurt": [-1.15950119495, 0.227502584457, -0.2606985569, -0.139369010925, -0.587473154068, -0.56124830246, -0.330606937408, -0.839617967606, -0.882560491562, -0.864608287811, -0.674255609512, 0.0161085128784, 1.24678039551, -0.251784563065, 0.925595760345, 0.772345542908, -1.1713539362, -0.316185951233, 0.839123487473, 0.0893564224243, -0.133813858032, 0.528341531754, 0.400524377823, -0.381413221359, -0.467511177063, 1.83731460571, 0.954669237137, 1.72880792618, -0.434653520584, -0.266132593155, -1.10343241692, -0.884430408478, -0.67893910408, -0.822817087173, -0.693059206009, -1.34234762192],
        "max": [0.723701715469, 0.926757633686, 1, 1, 1, 1, 1, 0.840256690979, 0.761734008789, 0.628220438957, 0.80038446188, 0.94006472826, 0.961311578751, 0.759666860104, 1, 0.851856172085, 0.639618992805, 1, 1, 0.73963278532, 0.907427549362, 1, 0.83931863308, 0.722016870975, 0.745244503021, 1, 1, 0.972466111183, 0.777726173401, 0.803222000599, 0.802295565605, 1, 1, 1, 1, 0.694162487984],
        "mean": [0.217548117042, 0.22258271277, 0.248600795865, 0.263147175312, 0.25403380394, 0.260559648275, 0.231556072831, 0.22743268311, 0.214918926358, 0.181240439415, 0.20329028368, 0.220438361168, 0.192942604423, 0.194738522172, 0.20830321312, 0.19449801743, 0.191399633884, 0.25654694438, 0.243217408657, 0.172340333462, 0.208666369319, 0.226855069399, 0.179115414619, 0.165466830134, 0.172284066677, 0.191848129034, 0.210006803274, 0.187631741166, 0.188843712211, 0.194236919284, 0.248132064939, 0.304141253233, 0.279085308313, 0.301617443562, 0.319956600666, 0.246579051018],
        "median": [0.0648011565208, 0.117755427957, 0.0642980784178, 0.0957805365324, 0.0457356274128, 0.0178941618651, 0.0553360879421, 0.0487731173635, 0.039527207613, 0.0660960748792, 0.047453109175, 0.10541588068, 0.0353353582323, 0.0703848451376, 0.0648077726364, 0.0808968693018, 0.0768844783306, 0.169938668609, 0.164540380239, 0.111756294966, 0.00961482338607, 0.0187265593559, 0.0109251467511, 0.00499501405284, 0.0266819223762, 0.0969709679484, 0.0869149640203, 0.0889584869146, 0.0802665352821, 0.131460100412, 0.142201632261, 0.124871075153, 0.180559024215, 0.319209367037, 0.283040702343, 0.303048551083],
        "min": [0, 0, 0, 0, 0, 0, 0, 0, 0, 0, 0, 0, 0, 0, 0, 0, 0, 0, 0, 0, 0, 0, 0, 0, 0, 0, 0, 0, 0, 0, 0, 0, 0, 0, 0, 0],
