{
"metadata": {
    "version": {
        "essentia": "2.1-beta3"
    }
},
"lowLevel": {
    "average_loudness": 0.311852931976,
    "barkbands_kurtosis": {
        "kurt": -0.175582647324,
        "max": 6.07632350922,
        "mean": 0.59189170599,
        "median": -0.0885603427887,
        "min": -1.70731830597,
        "skew": 1.0069038868,
        "var": 4.11789369583
    },
    "barkbands_skewness": {
        "kurt": 0.150996685028,
        "max": 0.0673149451613,
        "mean": -0.790824949741,
        "median": -0.739516198635,
        "min": -1.93176651001,
        "skew": -0.514055609703,
        "var": 0.134780675173
    },
    "barkbands_spread": {
        "kurt": -1.37390494347,
        "max": 44.3076324463,
        "mean": 20.5055847168,
        "median": 21.7811050415,
        "min": 2.40408730507,
        "skew": -0.0214884020388,
        "var": 153.644393921
    },
    "dissonance": {
        "kurt": 3.55351924896,
        "max": 0.499995172024,
        "mean": 0.492681562901,
        "median": 0.495029598475,
        "min": 0.460132271051,
        "skew": -1.69503998756,
        "var": 4.86699791509e-05
    },
    "hfc": {
        "kurt": 14.6509742737,
        "max": 378.15222168,
        "mean": 22.8688755035,
        "median": 0.0444696471095,
        "min": 0.00906794238836,
        "skew": 3.4098212719,
        "var": 2969.36083984
    },
    "pitch": {
        "kurt": -1.22595739365,
        "max": 3932.83618164,
        "mean": 2108.18286133,
        "median": 2561.52075195,
        "min": 80.6049499512,
        "skew": -0.597710847855,
        "var": 1442031.5
    },
    "pitch_instantaneous_confidence": {
        "kurt": -0.297516584396,
        "max": 0.550291061401,
        "mean": 0.283896535635,
        "median": 0.269421339035,
        "min": 0.133396685123,
        "skew": 0.562021136284,
        "var": 0.00936707295477
    },
    "pitch_salience": {
        "kurt": -0.116407871246,
        "max": 0.843949198723,
        "mean": 0.789000213146,
        "median": 0.792369127274,
        "min": 0.695450127125,
        "skew": -0.404334008694,
        "var": 0.000827309151646
    },
    "silence_rate_20dB": {
        "kurt": 0,
        "max": 1,
        "mean": 1,
        "median": 1,
        "min": 1,
        "skew": 0,
        "var": 0
    },
    "silence_rate_30dB": {
        "kurt": 67.5137405396,
        "max": 1,
        "mean": 0.986206889153,
        "median": 1,
        "min": 0,
        "skew": -8.33749961853,
        "var": 0.0136028612033
    },
    "silence_rate_60dB": {
        "kurt": -0.428971529007,
        "max": 1,
        "mean": 0.765517234802,
        "median": 1,
        "min": 0,
        "skew": -1.25340235233,
        "var": 0.179500058293
    },
    "spectral_centroid": {
        "kurt": 0.620699882507,
        "max": 3290.52441406,
        "mean": 2256.08984375,
        "median": 2216.01928711,
        "min": 1677.61645508,
        "skew": 0.850540697575,
        "var": 104881.632812
    },
    "spectral_complexity": {
        "kurt": 0.104592561722,
        "max": 56,
        "mean": 9.81379318237,
        "median": 0,
        "min": 0,
        "skew": 1.37882637978,
        "var": 300.508972168
    },
    "spectral_crest": {
        "kurt": 0.154880285263,
        "max": 11.1358032227,
        "mean": 5.59224843979,
        "median": 5.22128629684,
        "min": 2.77136301994,
        "skew": 0.85975253582,
        "var": 3.85113739967
    },
    "spectral_decrease": {
        "kurt": 8.21551609039,
        "max": -8.02904672002e-13,
        "mean": -1.60908208979e-09,
        "median": -4.43793092553e-12,
        "min": -2.13611510702e-08,
        "skew": -2.67149233818,
        "var": 1.22497011477e-17
    },
    "spectral_energy": {
        "kurt": 9.75900554657,
        "max": 0.114921420813,
        "mean": 0.00814732257277,
        "median": 2.03327927011e-05,
        "min": 3.85283419746e-06,
        "skew": 2.85601520538,
        "var": 0.000328212743625
    },
    "spectral_energyband_high": {
        "kurt": 40.935508728,
        "max": 0.0227394606918,
        "mean": 0.000771690334659,
        "median": 1.98978773369e-06,
        "min": 4.58565182271e-07,
        "skew": 6.1079249382,
        "var": 7.89213481767e-06
    },
    "spectral_energyband_low": {
        "kurt": 60.3372344971,
        "max": 4.09133936046e-05,
        "mean": 1.15236798592e-06,
        "median": 4.07211587117e-07,
        "min": 1.16261791305e-08,
        "skew": 7.57254648209,
        "var": 1.84286579052e-11
    },
    "spectral_energyband_middle_high": {
        "kurt": 6.8941411972,
        "max": 0.0933433324099,
        "mean": 0.00734615139663,
        "median": 1.43323477459e-05,
        "min": 2.49437835009e-06,
        "skew": 2.51172780991,
        "var": 0.000249886594247
    },
    "spectral_energyband_middle_low": {
        "kurt": 30.7949981689,
        "max": 0.00137211801484,
        "mean": 7.17878283467e-05,
        "median": 4.23519213655e-06,
        "min": 7.09736127646e-07,
        "skew": 4.68224477768,
        "var": 2.51135947593e-08
    },
    "spectral_flatness_db": {
        "kurt": -0.292582511902,
        "max": 0.418950974941,
        "mean": 0.217165201902,
        "median": 0.17935654521,
        "min": 0.0693385526538,
        "skew": 1.017131567,
        "var": 0.00609096931294
    },
    "spectral_flux": {
        "kurt": 3.82936763763,
        "max": 0.289850980043,
        "mean": 0.0322056412697,
        "median": 0.0030947199557,
        "min": 0.00168730400037,
        "skew": 1.99875581264,
        "var": 0.00291531672701
    },
    "spectral_kurtosis": {
        "kurt": 3.45284318924,
        "max": 22.0661029816,
        "mean": 3.96601676941,
        "median": 2.32145452499,
        "min": -0.202862977982,
        "skew": 1.96235108376,
        "var": 21.8956222534
    },
    "spectral_rms": {
        "kurt": 1.68187475204,
        "max": 0.0105886003003,
        "mean": 0.00146930443589,
        "median": 0.000140843432746,
        "min": 6.13095617155e-05,
        "skew": 1.69742083549,
        "var": 5.78975186727e-06
    },
    "spectral_rolloff": {
        "kurt": -0.579171657562,
        "max": 4392.7734375,
        "mean": 3425.70947266,
        "median": 3488.37890625,
        "min": 2454.78515625,
        "skew": -0.334160774946,
        "var": 183584.265625
    },
    "spectral_skewness": {
        "kurt": 0.81750202179,
        "max": 2.10445213318,
        "mean": 0.912569582462,
        "median": 0.84433811903,
        "min": 0.313991725445,
        "skew": 0.969903469086,
        "var": 0.140233501792
    },
    "spectral_spread": {
        "kurt": 82.7293930054,
        "max": 19225640,
        "mean": 2663082.75,
        "median": 2901728.25,
        "min": 1117478.25,
        "skew": 7.99325561523,
        "var": 2.46224964813e+12
    },
    "spectral_strongpeak": {
        "kurt": 4.42689418793,
        "max": 7.68950271606,
        "mean": 0.835168302059,
        "median": 0.0535815283656,
        "min": 0.00163855357096,
        "skew": 2.19755554199,
        "var": 2.48372268677
    },
    "zerocrossingrate": {
        "kurt": 2.45295953751,
        "max": 0.15185546875,
        "mean": 0.113463096321,
        "median": 0.11376953125,
        "min": 0.0595703125,
        "skew": -0.180748969316,
        "var": 0.000175100984052
    },
    "barkbands": {
        "kurt": [58.3104286194, 59.0962562561, 37.7853965759, 105.037033081, 38.8890419006, 75.5594863892, 34.3977584839, 23.6219329834, 7.85860538483, 4.07733154297, 26.0673522949, 21.5415439606, 4.42451238632, 11.0972757339, 9.72135353088, 6.5299654007, 4.82934045792, 6.78771591187, 9.97651481628, 45.9453887939, 39.2968330383, 67.7821044922, 55.8043136597, 104.081085205, 126.190307617, 119.47151947, 22.819480896],
        "max": [5.86894728372e-08, 3.52654728886e-06, 1.32951245178e-05, 6.8865774665e-05, 9.48707311181e-05, 0.000376073643565, 0.000411563669331, 0.000400158081902, 0.000145817262819, 0.00014933719649, 0.000768250436522, 0.00138894049451, 0.000832849415019, 0.00260643172078, 0.00619759224355, 0.0171320531517, 0.0197136811912, 0.0170942880213, 0.0168131496757, 0.0355808772147, 0.00686220452189, 0.0032488538418, 0.000259489199379, 4.1375427827e-05, 2.07239349947e-06, 1.87095508863e-07, 6.66689903284e-09],
        "mean": [1.52995738301e-09, 1.29651823499e-07, 5.31711066287e-07, 1.15907278087e-06, 4.12381541537e-06, 1.0799741176e-05, 1.85580756806e-05, 2.04283751373e-05, 1.35813870656e-05, 1.74471115315e-05, 3.9850747271e-05, 7.85179727245e-05, 8.78972641658e-05, 0.000187693862244, 0.000474763422972, 0.00148633075878, 0.00174696696922, 0.0014707428636, 0.00110003573354, 0.00107585068326, 0.000240203735302, 6.53809693176e-05, 5.85223278904e-06, 4.60062466345e-07, 1.78652967975e-08, 1.90209914486e-09, 2.93123691986e-10],
        "median": [4.80856021667e-10, 5.64147839555e-08, 1.61350754979e-07, 3.15271279305e-07, 1.00361387467e-06, 8.77534318988e-07, 8.49689001825e-07, 6.62592810841e-07, 5.37583787263e-07, 5.83247810937e-07, 8.65668312144e-07, 1.34023036935e-06, 7.26847133592e-07, 8.25872973564e-07, 9.10033577384e-07, 1.98597922463e-06, 2.33181026488e-06, 2.1373753043e-06, 1.5009575236e-06, 1.50779430896e-06, 8.30428007248e-07, 2.38607754e-07, 3.74296860173e-08, 2.25211915783e-09, 1.49473727666e-12, 8.05671826996e-13, 7.34599284614e-13],
        "min": [6.45732209023e-12, 1.63378044427e-09, 1.598394056e-10, 9.69398517014e-09, 1.37900229902e-07, 1.1185449722e-07, 4.81467594682e-08, 1.52160062328e-08, 3.00726128444e-08, 2.15244320145e-08, 3.61745868815e-08, 4.46742411953e-08, 5.30097281626e-08, 6.2550242319e-08, 9.99384823785e-08, 1.79204135975e-07, 3.8466620822e-07, 3.29679068045e-07, 3.9720120526e-07, 3.71652447484e-07, 1.57909695986e-07, 6.40969659571e-08, 1.44641382205e-11, 6.72126807336e-12, 3.87937701711e-13, 4.8934201282e-14, 3.23649679783e-15],
        "skew": [7.55045795441, 7.62671995163, 6.17641973495, 10.0323734283, 5.77727603912, 8.01597213745, 5.10511302948, 4.34797048569, 2.78452754021, 2.17706227303, 4.37470436096, 3.95576262474, 2.22271776199, 3.0950615406, 2.93054413795, 2.51630330086, 2.27557611465, 2.70001006126, 3.098487854, 6.31522274017, 5.90854644775, 7.92686653137, 7.29868507385, 9.99700164795, 11.1451091766, 10.7867937088, 4.54913234711],
        "var": [4.12288787213e-17, 1.63169255668e-13, 3.39805050417e-12, 3.70115153803e-11, 1.16717288612e-10, 1.26591859217e-09, 2.18947304731e-09, 2.57385424085e-09, 7.44899864014e-10, 1.0625089697e-09, 8.73755912068e-09, 3.08001339988e-08, 2.89342061421e-08, 1.73671807602e-07, 1.10711368961e-06, 1.01406003523e-05, 1.36337930599e-05, 1.21968614621e-05, 7.85561223893e-06, 1.55675006681e-05, 7.004734357e-07, 1.07148622419e-07, 8.50208015102e-10, 1.35940113333e-11, 3.08796906231e-14, 2.58126911459e-16, 8.75539659114e-19],
        "cov": [[4.15151890924e-17, 2.44450278094e-15, 9.05868194584e-15, 3.56945918135e-14, 4.03703288789e-14, 2.86439035366e-15, 3.0407005581e-14, 3.57273211666e-14, 1.63210882255e-14, 6.0442265342e-14, 7.62070460447e-14, 4.6714714074e-14, 1.65003414035e-13, 2.77338753091e-13, 1.82191219576e-12, 1.28036574398e-11, 8.89154895545e-12, 1.28116094122e-11, 1.06541902037e-11, 2.20667876333e-11, 4.87820157533e-12, 1.98232207559e-12, 1.73753630299e-13, 1.98074978592e-14, 8.42346049259e-16, 8.01414134995e-17, 2.20707627938e-18], [2.44450278094e-15, 1.64302368911e-13, 6.5666894665e-13, 2.22991590471e-12, 3.04440413851e-12, 2.32306730276e-12, 4.42685124669e-12, 4.57514581775e-12, 8.03744495004e-13, 4.1024800744e-12, 5.85265690078e-12, 3.52309609437e-12, 9.35950796033e-12, 2.51588420236e-11, 1.06154418589e-10, 7.16928905131e-10, 4.37187286373e-10, 7.77262032514e-10, 6.90551948956e-10, 1.4270888915e-09, 3.03565256266e-10, 1.26689519986e-10, 1.11894313259e-11, 1.32433473909e-12, 5.74765116144e-14, 5.44843524816e-15, 1.68008482162e-16], [9.05868194584e-15, 6.5666894665e-13, 3.42164794762e-12, 8.27035315232e-12, 1.81963680235e-11, 3.34602831553e-11, 4.24462270887e-11, 4.2928844507e-11, 8.62197119256e-12, 2.60229338078e-11, 4.41222718084e-11, 5.81090106588e-11, 7.57553811348e-11, 2.96911689679e-10, 6.94067581186e-10, 3.14557224712e-09, 2.13371786906e-09, 4.0652654576e-09, 3.47922468613e-09, 6.31162411224e-09, 1.31852273544e-09, 5.18349363432e-10, 4.6221245581e-11, 5.22600322392e-12, 2.2230649396e-13, 2.13183081756e-14, 1.05849768715e-15], [3.56945918135e-14, 2.22991590471e-12, 8.27035315232e-12, 3.72685389494e-11, 3.71468793225e-11, 1.26977699189e-11, 4.15451770208e-11, 4.21987167432e-11, 8.34709211472e-12, 4.73354445918e-11, 7.14286615966e-11, 6.98384960973e-11, 1.57497681563e-10, 3.55874940627e-10, 1.65341118574e-09, 1.03251682759e-08, 6.8546253118e-09, 1.04761195274e-08, 9.79896430664e-09, 2.10668851253e-08, 4.28310853451e-09, 1.89830395847e-09, 1.49151774265e-10, 1.52520548274e-11, 5.96472740991e-13, 5.8604474897e-14, 1.60729319241e-15], [4.03703288789e-14, 3.04440413851e-12, 1.81963680235e-11, 3.71468793225e-11, 1.17527820809e-10, 2.79376022316e-10, 3.58068186213e-10, 3.46054351841e-10, 1.24436849713e-10, 2.23307844438e-10, 4.38552305582e-10, 8.19431855703e-10, 8.20060630513e-10, 2.80843037714e-09, 6.1973497445e-09, 2.0375779286e-08, 1.97481586639e-08, 2.59230574784e-08, 2.14730331294e-08, 3.29962048795e-08, 6.82487666381e-09, 2.51631049331e-09, 2.1507479131e-10, 2.25594629782e-11, 9.27346632644e-13, 9.10117589474e-14, 6.58785465144e-15], [2.86439035366e-15, 2.32306730276e-12, 3.34602831553e-11, 1.26977699189e-11, 2.79376022316e-10, 1.27470967115e-09, 1.43950495968e-09, 1.53381329859e-09, 5.12647313489e-10, 6.82444434297e-10, 1.33436595107e-09, 2.96127833366e-09, 2.49865816926e-09, 1.0127465977e-08, 1.79834511727e-08, 3.36335190809e-08, 4.41147207653e-08, 4.73951473623e-08, 4.07322353624e-08, 4.12037017838e-08, 7.60732632443e-09, 2.20083373748e-09, 1.19066922988e-10, 4.38051504792e-12, -2.5415291345e-14, 1.17342684438e-14, 1.5747487678e-14], [3.0407005581e-14, 4.42685124669e-12, 4.24462270887e-11, 4.15451770208e-11, 3.58068186213e-10, 1.43950495968e-09, 2.20467777368e-09, 2.1102073422e-09, 8.69498029132e-10, 1.08278241928e-09, 2.58769761174e-09, 5.33461719243e-09, 4.52466153433e-09, 1.58643089776e-08, 2.80271112985e-08, 6.1623218528e-08, 7.31277367549e-08, 7.23319928397e-08, 6.0045771022e-08, 6.42340580725e-08, 1.24493588771e-08, 3.93480359406e-09, 2.66121513715e-10, 1.89529225647e-11, 5.96754633556e-13, 7.28282858282e-14, 1.96691587442e-14], [3.57273211666e-14, 4.57514581775e-12, 4.2928844507e-11, 4.21987167432e-11, 3.46054351841e-10, 1.53381329859e-09, 2.1102073422e-09, 2.59172838746e-09, 8.73557892689e-10, 1.13569142979e-09, 2.67033128942e-09, 5.23426813004e-09, 5.25917842609e-09, 1.6973132233e-08, 3.14347943231e-08, 7.9323939417e-08, 8.56438902019e-08, 8.06426285749e-08, 6.62485177827e-08, 7.09033116664e-08, 1.46958694103e-08, 4.17678869269e-09, 3.03830016701e-10, 2.90170422412e-11, 1.14420181229e-12, 1.21362541869e-13, 2.09145123231e-14], [1.63210882255e-14, 8.03744495004e-13, 8.62197119256e-12, 8.34709211472e-12, 1.24436849713e-10, 5.12647313489e-10, 8.69498029132e-10, 8.73557892689e-10, 7.50072781663e-10, 7.2837408327e-10, 1.57320034777e-09, 3.32926375357e-09, 3.23414028891e-09, 7.30016491701e-09, 1.59874460337e-08, 4.90164708822e-08, 5.885291543e-08, 4.22820818358e-08, 2.97326767651e-08, 2.3117054937e-08, 5.85483528326e-09, 1.17369280961e-09, 8.03262317772e-11, 5.2616890879e-12, 2.0080832342e-13, 2.40340482704e-14, 6.9809609482e-15], [6.0442265342e-14, 4.1024800744e-12, 2.60229338078e-11, 4.73354445918e-11, 2.23307844438e-10, 6.82444434297e-10, 1.08278241928e-09, 1.13569142979e-09, 7.2837408327e-10, 1.06988751192e-09, 2.14058881731e-09, 4.2576080439e-09, 4.33888525109e-09, 9.73920766256e-09, 2.44204265698e-08, 7.5860839388e-08, 8.62307487637e-08, 7.51089714868e-08, 5.47495844216e-08, 6.03824616974e-08, 1.34515403261e-08, 3.75010911213e-09, 3.59160229335e-10, 3.89871503137e-11, 1.72149913682e-12, 1.68021033285e-13, 1.50857228592e-14], [7.62070460447e-14, 5.85265690078e-12, 4.41222718084e-11, 7.14286615966e-11, 4.38552305582e-10, 1.33436595107e-09, 2.58769761174e-09, 2.67033128942e-09, 1.57320034777e-09, 2.14058881731e-09, 8.79823680577e-09, 1.20820331517e-08, 1.20558105721e-08, 2.58798067421e-08, 5.56267494289e-08, 1.73252658442e-07, 1.59380192599e-07, 1.31602803322e-07, 8.93912286415e-08, 9.69324389644e-08, 2.13094626389e-08, 5.39018296664e-09, 5.08451225567e-10, 5.31173577345e-11, 2.31458689021e-12, 2.30181352494e-13, 2.53943221974e-14], [4.6714714074e-14, 3.52309609437e-12, 5.81090106588e-11, 6.98384960973e-11, 8.19431855703e-10, 2.96127833366e-09, 5.33461719243e-09, 5.23426813004e-09, 3.32926375357e-09, 4.2576080439e-09, 1.20820331517e-08, 3.10140251258e-08, 2.35320563036e-08, 5.63772388773e-08, 1.19904512985e-07, 3.04270741935e-07, 4.09085885167e-07, 2.80535118691e-07, 1.99532038891e-07, 1.66123626855e-07, 3.37463923472e-08, 7.01398139569e-09, 4.56784249314e-10, 1.19486963726e-11, 6.26800044159e-14, 6.06673118317e-14, 5.66378913984e-14], [1.65003414035e-13, 9.35950796033e-12, 7.57553811348e-11, 1.57497681563e-10, 8.20060630513e-10, 2.49865816926e-09, 4.52466153433e-09, 5.25917842609e-09, 3.23414028891e-09, 4.33888525109e-09, 1.20558105721e-08, 2.35320563036e-08, 2.9135138746e-08, 5.59610384698e-08, 1.28734498617e-07, 3.89150130786e-07, 4.67956454031e-07, 3.98876068175e-07, 2.74230814057e-07, 2.68860048891e-07, 5.69624170055e-08, 1.31840671713e-08, 1.18233689506e-09, 7.88068221791e-11, 2.86997162147e-12, 3.18459288887e-13, 5.81961101488e-14], [2.77338753091e-13, 2.51588420236e-11, 2.96911689679e-10, 3.55874940627e-10, 2.80843037714e-09, 1.0127465977e-08, 1.58643089776e-08, 1.6973132233e-08, 7.30016491701e-09, 9.73920766256e-09, 2.58798067421e-08, 5.63772388773e-08, 5.59610384698e-08, 1.74877868631e-07, 3.25286066527e-07, 7.73987949287e-07, 9.98905989036e-07, 8.95590574146e-07, 6.54121549815e-07, 6.38544690901e-07, 1.28494264118e-07, 3.26976703491e-08, 2.26733010145e-09, 8.30282786968e-11, 5.17586787232e-13, 2.29835735947e-13, 1.71843333834e-13], [1.82191219576e-12, 1.06154418589e-10, 6.94067581186e-10, 1.65341118574e-09, 6.1973497445e-09, 1.79834511727e-08, 2.80271112985e-08, 3.14347943231e-08, 1.59874460337e-08, 2.44204265698e-08, 5.56267494289e-08, 1.19904512985e-07, 1.28734498617e-07, 3.25286066527e-07, 1.11480198939e-06, 2.65074504568e-06, 3.16043497151e-06, 2.69739371106e-06, 1.9581793822e-06, 2.11335350286e-06, 4.47668554671e-07, 1.26765087316e-07, 9.47908151971e-09, 7.13365866378e-10, 2.53452623472e-11, 2.7738486421e-12, 4.06942166596e-13], [1.28036574398e-11, 7.16928905131e-10, 3.14557224712e-09, 1.03251682759e-08, 2.0375779286e-08, 3.36335190809e-08, 6.1623218528e-08, 7.9323939417e-08, 4.90164708822e-08, 7.5860839388e-08, 1.73252658442e-07, 3.04270741935e-07, 3.89150130786e-07, 7.73987949287e-07, 2.65074504568e-06, 1.02110216176e-05, 1.0288104022e-05, 9.76271712716e-06, 7.50081699152e-06, 9.55068026087e-06, 2.16641547013e-06, 6.95558753705e-07, 6.1844616539e-08, 6.11229511449e-09, 2.57438043105e-10, 2.5116431504e-11, 1.51832463702e-12], [8.89154895545e-12, 4.37187286373e-10, 2.13371786906e-09, 6.8546253118e-09, 1.97481586639e-08, 4.41147207653e-08, 7.31277367549e-08, 8.56438902019e-08, 5.885291543e-08, 8.62307487637e-08, 1.59380192599e-07, 4.09085885167e-07, 4.67956454031e-07, 9.98905989036e-07, 3.16043497151e-06, 1.0288104022e-05, 1.37284723678e-05, 1.06966717794e-05, 8.22662241262e-06, 8.3646928033e-06, 1.88980970961e-06, 5.31814009719e-07, 4.4160870516e-08, 3.31367910889e-09, 1.27405072603e-10, 1.33760936355e-11, 1.53175952824e-12], [1.28116094122e-11, 7.77262032514e-10, 4.0652654576e-09, 1.04761195274e-08, 2.59230574784e-08, 4.73951473623e-08, 7.23319928397e-08, 8.06426285749e-08, 4.22820818358e-08, 7.51089714868e-08, 1.31602803322e-07, 2.80535118691e-07, 3.98876068175e-07, 8.95590574146e-07, 2.69739371106e-06, 9.76271712716e-06, 1.06966717794e-05, 1.22815617942e-05, 8.98812140804e-06, 1.10074433906e-05, 2.38175402956e-06, 7.80659888733e-07, 6.8932543229e-08, 6.19315798644e-09, 2.52731835459e-10, 2.51497468684e-11, 2.0369777913e-12], [1.06541902037e-11, 6.90551948956e-10, 3.47922468613e-09, 9.79896430664e-09, 2.14730331294e-08, 4.07322353624e-08, 6.0045771022e-08, 6.62485177827e-08, 2.97326767651e-08, 5.47495844216e-08, 8.93912286415e-08, 1.99532038891e-07, 2.74230814057e-07, 6.54121549815e-07, 1.9581793822e-06, 7.50081699152e-06, 8.22662241262e-06, 8.98812140804e-06, 7.91016464063e-06, 9.51042966335e-06, 1.9919746137e-06, 6.86616999701e-07, 5.81718353487e-08, 5.13394882162e-09, 2.06301420391e-10, 2.06729459939e-11, 1.60330895695e-12], [2.20667876333e-11, 1.4270888915e-09, 6.31162411224e-09, 2.10668851253e-08, 3.29962048795e-08, 4.12037017838e-08, 6.42340580725e-08, 7.09033116664e-08, 2.3117054937e-08, 6.03824616974e-08, 9.69324389644e-08, 1.66123626855e-07, 2.68860048891e-07, 6.38544690901e-07, 2.11335350286e-06, 9.55068026087e-06, 8.3646928033e-06, 1.10074433906e-05, 9.51042966335e-06, 1.56756068463e-05, 3.22938967656e-06, 1.25322776512e-06, 1.06829979529e-07, 1.08308508828e-08, 4.42433062409e-10, 4.31519125987e-11, 2.03257376208e-12], [4.87820157533e-12, 3.03565256266e-10, 1.31852273544e-09, 4.28310853451e-09, 6.82487666381e-09, 7.60732632443e-09, 1.24493588771e-08, 1.46958694103e-08, 5.85483528326e-09, 1.34515403261e-08, 2.13094626389e-08, 3.37463923472e-08, 5.69624170055e-08, 1.28494264118e-07, 4.47668554671e-07, 2.16641547013e-06, 1.88980970961e-06, 2.38175402956e-06, 1.9919746137e-06, 3.22938967656e-06, 7.05337868112e-07, 2.61946837554e-07, 2.31678072282e-08, 2.46169573614e-09, 1.03657762929e-10, 9.98475954694e-12, 4.43970001821e-13], [1.98232207559e-12, 1.26689519986e-10, 5.18349363432e-10, 1.89830395847e-09, 2.51631049331e-09, 2.20083373748e-09, 3.93480359406e-09, 4.17678869269e-09, 1.17369280961e-09, 3.75010911213e-09, 5.39018296664e-09, 7.01398139569e-09, 1.31840671713e-08, 3.26976703491e-08, 1.26765087316e-07, 6.95558753705e-07, 5.31814009719e-07, 7.80659888733e-07, 6.86616999701e-07, 1.25322776512e-06, 2.61946837554e-07, 1.07892709877e-07, 8.99382079922e-09, 9.46157152626e-10, 3.88488512193e-11, 3.76846383959e-12, 1.43100836085e-13], [1.73753630299e-13, 1.11894313259e-11, 4.6221245581e-11, 1.49151774265e-10, 2.1507479131e-10, 1.19066922988e-10, 2.66121513715e-10, 3.03830016701e-10, 8.03262317772e-11, 3.59160229335e-10, 5.08451225567e-10, 4.56784249314e-10, 1.18233689506e-09, 2.26733010145e-09, 9.47908151971e-09, 6.1844616539e-08, 4.4160870516e-08, 6.8932543229e-08, 5.81718353487e-08, 1.06829979529e-07, 2.31678072282e-08, 8.99382079922e-09, 8.56112236658e-10, 9.93936460914e-11, 4.3560897077e-12, 4.11108972385e-13, 1.41646677027e-14], [1.98074978592e-14, 1.32433473909e-12, 5.22600322392e-12, 1.52520548274e-11, 2.25594629782e-11, 4.38051504792e-12, 1.89529225647e-11, 2.90170422412e-11, 5.2616890879e-12, 3.89871503137e-11, 5.31173577345e-11, 1.19486963726e-11, 7.88068221791e-11, 8.30282786968e-11, 7.13365866378e-10, 6.11229511449e-09, 3.31367910889e-09, 6.19315798644e-09, 5.13394882162e-09, 1.08308508828e-08, 2.46169573614e-09, 9.46157152626e-10, 9.93936460914e-11, 1.36884149848e-11, 6.42260008198e-13, 5.91210497984e-14, 1.54632757252e-15], [8.42346049259e-16, 5.74765116144e-14, 2.2230649396e-13, 5.96472740991e-13, 9.27346632644e-13, -2.5415291345e-14, 5.96754633556e-13, 1.14420181229e-12, 2.0080832342e-13, 1.72149913682e-12, 2.31458689021e-12, 6.26800044159e-14, 2.86997162147e-12, 5.17586787232e-13, 2.53452623472e-11, 2.57438043105e-10, 1.27405072603e-10, 2.52731835459e-10, 2.06301420391e-10, 4.42433062409e-10, 1.03657762929e-10, 3.88488512193e-11, 4.3560897077e-12, 6.42260008198e-13, 3.10941322603e-14, 2.83626716575e-15, 6.96044890718e-17], [8.01414134995e-17, 5.44843524816e-15, 2.13183081756e-14, 5.8604474897e-14, 9.10117589474e-14, 1.17342684438e-14, 7.28282858282e-14, 1.21362541869e-13, 2.40340482704e-14, 1.68021033285e-13, 2.30181352494e-13, 6.06673118317e-14, 3.18459288887e-13, 2.29835735947e-13, 2.7738486421e-12, 2.5116431504e-11, 1.33760936355e-11, 2.51497468684e-11, 2.06729459939e-11, 4.31519125987e-11, 9.98475954694e-12, 3.76846383959e-12, 4.11108972385e-13, 5.91210497984e-14, 2.83626716575e-15, 2.59919471403e-16, 7.00465228106e-18], [2.20707627938e-18, 1.68008482162e-16, 1.05849768715e-15, 1.60729319241e-15, 6.58785465144e-15, 1.5747487678e-14, 1.96691587442e-14, 2.09145123231e-14, 6.9809609482e-15, 1.50857228592e-14, 2.53943221974e-14, 5.66378913984e-14, 5.81961101488e-14, 1.71843333834e-13, 4.06942166596e-13, 1.51832463702e-12, 1.53175952824e-12, 2.0369777913e-12, 1.60330895695e-12, 2.03257376208e-12, 4.43970001821e-13, 1.43100836085e-13, 1.41646677027e-14, 1.54632757252e-15, 6.96044890718e-17, 7.00465228106e-18, 8.81619746809e-19]]
    },
    "mfcc": {
        "kurt": [-0.872229814529, 1.24028015137, -0.892644643784, 0.991344690323, -0.707873106003, 0.737953424454, -0.193445920944, 1.18274116516, 2.01387500763, 0.0630919933319, 0.0137650966644, 0.194584608078, 0.39709353447],
        "max": [-594.38079834, 116.361564636, -18.0421333313, 92.2812728882, 18.3726959229, 14.2625083923, 8.43257522583, 9.83679580688, 11.1966743469, 6.13420295715, 6.82439041138, 12.0687103271, 20.2328529358],
        "mean": [-887.043640137, 68.6689376831, -85.7230453491, 32.0118904114, -11.7283840179, -15.3510742188, -9.82443332672, -12.5417556763, -3.02291846275, -12.7596197128, -7.92683935165, -2.00336718559, -0.593079268932],
        "median": [-948.475708008, 67.8193740845, -55.0235710144, 31.232334137, -7.6755065918, -15.3322982788, -6.06098937988, -9.57328796387, -2.19969177246, -12.1010971069, -8.33022499084, -2.06820678711, -1.17352294922],
        "min": [-1030.24414062, -2.97430801392, -214.931716919, -12.2796058655, -58.4089584351, -43.7465629578, -44.9549407959, -53.8705444336, -28.4168930054, -33.1859664917, -22.6694488525, -19.2340545654, -14.2402610779],
        "skew": [0.806110084057, -0.481701135635, -0.792532026768, 0.633110225201, -0.582114458084, 0.0646684393287, -0.822082698345, -1.02982199192, -0.911116778851, -0.299267590046, 0.314734637737, -0.346441864967, 0.555927753448],
        "var": [15036.4003906, 371.811279297, 3901.67724609, 322.714660645, 362.400024414, 94.9799804688, 156.354187012, 125.530700684, 38.9616165161, 50.9677886963, 31.8017177582, 34.7303390503, 39.7872657776],
        "cov": [[15140.8193359, -27.2130584717, -7367.03710938, 907.701843262, -2132.48852539, 150.498748779, -1242.32275391, -663.342895508, -136.290908813, -340.666107178, 82.7558898926, -212.057434082, 362.148834229], [-27.2130584717, 374.393310547, -129.474624634, -208.058151245, 9.30561351776, -56.8173828125, 49.38438797, -114.731445312, 44.152923584, -49.5016822815, 10.0879707336, 30.358127594, -13.0112514496], [-7367.03710938, -129.474624634, 3928.7722168, -324.582061768, 1096.40209961, 24.0533103943, 609.994750977, 448.498199463, 41.7753334045, 238.52961731, -57.6028709412, 110.822372437, -178.238525391], [907.701843262, -208.058151245, -324.582061768, 324.955718994, -83.6635437012, 7.36932706833, -71.8266906738, 26.3620128632, -21.7130966187, -3.05365133286, 2.44254016876, -22.5363883972, 6.46875476837], [-2132.48852539, 9.30561351776, 1096.40209961, -83.6635437012, 364.916687012, -9.64595890045, 196.131149292, 112.905799866, 26.0577774048, 57.6866722107, -18.4277133942, 36.3155288696, -58.9205741882], [150.498748779, -56.8173828125, 24.0533103943, 7.36932706833, -9.64595890045, 95.6395568848, -13.0099020004, 48.1502342224, -17.0550231934, 29.8934764862, 3.93303632736, -8.58669757843, 21.1520462036], [-1242.32275391, 49.38438797, 609.994750977, -71.8266906738, 196.131149292, -13.0099020004, 157.439987183, 46.426109314, 22.8158416748, 25.9081363678, -8.29016685486, 30.6030349731, -37.8104057312], [-663.342895508, -114.731445312, 448.498199463, 26.3620128632, 112.905799866, 48.1502342224, 46.426109314, 126.402435303, -7.32739686966, 52.0562744141, 0.517497479916, 1.99491524696, -4.57316017151], [-136.290908813, 44.152923584, 41.7753334045, -21.7130966187, 26.0577774048, -17.0550231934, 22.8158416748, -7.32739686966, 39.2321853638, -1.59231710434, 2.71974515915, 9.34780025482, -8.13613319397], [-340.666107178, -49.5016822815, 238.52961731, -3.05365133286, 57.6866722107, 29.8934764862, 25.9081363678, 52.0562744141, -1.59231710434, 51.3217315674, 4.41385221481, 4.76948356628, -1.46265769005], [82.7558898926, 10.0879707336, -57.6028709412, 2.44254016876, -18.4277133942, 3.93303632736, -8.29016685486, 0.517497479916, 2.71974515915, 4.41385221481, 32.0225639343, 5.91214036942, 9.01090908051], [-212.057434082, 30.358127594, 110.822372437, -22.5363883972, 36.3155288696, -8.58669757843, 30.6030349731, 1.99491524696, 9.34780025482, 4.76948356628, 5.91214036942, 34.9715232849, 0.0620324537158], [362.148834229, -13.0112514496, -178.238525391, 6.46875476837, -58.9205741882, 21.1520462036, -37.8104057312, -4.57316017151, -8.13613319397, -1.46265769005, 9.01090908051, 0.0620324537158, 40.0635681152]]
    },
    "sccoeffs": {
        "kurt": [-0.267323732376, -0.317425727844, 0.0111811161041, 0.99688744545, -0.811108589172, 3.93097019196],
        "max": [-0.578094542027, -0.754062354565, -0.743932783604, -0.622935652733, -0.698627710342, -0.357377052307],
        "mean": [-0.746771812439, -0.853036522865, -0.860872685909, -0.83476370573, -0.824389636517, -0.535602986813],
        "median": [-0.757087409496, -0.853509008884, -0.871195077896, -0.858582317829, -0.85472792387, -0.546996414661],
        "min": [-0.865959703922, -0.934180676937, -0.913988292217, -0.913206636906, -0.89435094595, -0.872785866261],
        "skew": [0.618687033653, 0.300590544939, 0.846946716309, 1.33783090115, 0.879032313824, -0.327554523945],
        "var": [0.00376831949688, 0.00130970426835, 0.00148966163397, 0.00406469870359, 0.00361710577272, 0.00448370166123],
        "cov": [[0.00379448849708, 0.000734091503546, 0.00143151590601, 0.00256116292439, 0.00266494764946, 0.00192795193288], [0.000734091503546, 0.0013187994482, 0.00060997880064, 0.0009450710495, 0.00110802601557, 0.00065050116973], [0.00143151590601, 0.00060997880064, 0.0015000065323, 0.00171288498677, 0.00178582919762, 0.00114679103717], [0.00256116292439, 0.0009450710495, 0.00171288498677, 0.0040929261595, 0.0032840622589, 0.00258472096175], [0.00266494764946, 0.00110802601557, 0.00178582919762, 0.0032840622589, 0.00364222470671, 0.00231529865414], [0.00192795193288, 0.00065050116973, 0.00114679103717, 0.00258472096175, 0.00231529865414, 0.0045148381032]]
    },
    "scvalleys": {
        "kurt": [3.35087537766, -0.917291879654, -1.29822647572, -1.32064819336, -0.560200452805, 1.11143875122],
        "max": [-7.42720651627, -5.64576292038, -5.65957593918, -5.07524490356, -4.34185171127, -8.62558460236],
        "mean": [-9.80160617828, -8.24349021912, -8.33939743042, -8.13288402557, -8.17272090912, -15.0218582153],
        "median": [-9.80356407166, -8.65279960632, -8.6547164917, -8.93925952911, -9.09336185455, -15.792432785],
        "min": [-11.355340004, -10.2584667206, -10.3023424149, -10.0476236343, -9.7964553833, -16.6583156586],
        "skew": [0.614173650742, 0.572094559669, 0.469767302275, 0.555000245571, 1.00328433514, 1.21451532841],
        "var": [0.309396803379, 1.18639302254, 1.71042633057, 2.7945728302, 2.6409304142, 2.66453194618],
        "cov": [[0.311545401812, 0.0579366497695, 0.0883902162313, 0.101407557726, 0.125338941813, 0.19211871922], [0.0579366497695, 1.19463193417, 1.36629545689, 1.74569821358, 1.61973559856, 1.32774937153], [0.0883902162313, 1.36629545689, 1.72230422497, 2.15696048737, 1.97240173817, 1.67888784409], [0.101407557726, 1.74569821358, 2.15696048737, 2.8139796257, 2.59524059296, 2.19184112549], [0.125338941813, 1.61973559856, 1.97240173817, 2.59524059296, 2.65927028656, 2.23881411552], [0.19211871922, 1.32774937153, 1.67888784409, 2.19184112549, 2.23881411552, 2.68303585052]]
    }
},
"rhythm": {
    "beats_loudness": {
        "kurt": -0.0501959323883,
        "max": 0.0393248200417,
        "mean": 0.00975800305605,
        "median": 8.37949119159e-05,
        "min": 1.10837308966e-05,
        "skew": 1.31033813953,
        "var": 0.000231586891459
    },
    "bpm": 110.554374695,
    "confidence": 0,
    "first_peak_bpm": {
        "kurt": 0,
        "max": 110,
        "mean": 110,
        "median": 110,
        "min": 110,
        "skew": 0,
        "var": 0
    },
    "first_peak_spread": {
        "kurt": 0,
        "max": 0.25,
        "mean": 0.25,
        "median": 0.25,
        "min": 0.25,
        "skew": 0,
        "var": 0
    },
    "first_peak_weight": {
        "kurt": 0,
        "max": 0.75,
        "mean": 0.75,
        "median": 0.75,
        "min": 0.75,
        "skew": 0,
        "var": 0
    },
    "onset_rate": 0.299153417349,
    "second_peak_bpm": {
        "kurt": 0,
        "max": 0,
        "mean": 0,
        "median": 0,
        "min": 0,
        "skew": 0,
        "var": 0
    },
    "second_peak_spread": {
        "kurt": 0,
        "max": 0,
        "mean": 0,
        "median": 0,
        "min": 0,
        "skew": 0,
        "var": 0
    },
    "second_peak_weight": {
        "kurt": 0,
        "max": 0,
        "mean": 0,
        "median": 0,
        "min": 0,
        "skew": 0,
        "var": 0
    },
    "beats_loudness_band_ratio": {
        "kurt": [-0.948301315308, -1.74565076828, -1.60710883141, -0.410341739655, -1.47393596172, -1.57619714737],
        "max": [0.0464094392955, 0.107451446354, 0.13910728693, 0.214034348726, 0.776118040085, 0.310299903154],
        "mean": [0.0168497003615, 0.0587857142091, 0.0740787088871, 0.105531290174, 0.575048267841, 0.190666124225],
        "median": [0.0134721249342, 0.0711653977633, 0.0889638960361, 0.096439756453, 0.547947466373, 0.212753459811],
        "min": [1.18392426884e-05, 0.000399834301788, 0.00174763938412, 0.025296729058, 0.434417665005, 0.0791171491146],
        "skew": [0.644823908806, -0.205890715122, -0.200680717826, 0.661308526993, 0.319414258003, -0.0603531338274],
        "var": [0.000300179643091, 0.00212016957812, 0.00281586311758, 0.00373032083735, 0.018063640222, 0.007931641303],
        "cov": [[0.000375224568415, 0.000781559967436, 0.000804976094514, 0.000435049441876, -0.00221508415416, 0.000118517200463], [0.000781559967436, 0.00265021203086, 0.00302432896569, 0.00139444833621, -0.00740436883643, 5.50029799342e-05], [0.000804976094514, 0.00302432896569, 0.00351982889697, 0.00176223367453, -0.0082641094923, -0.000383702805266], [0.000435049441876, 0.00139444833621, 0.00176223367453, 0.0046629011631, -0.00261004595086, -0.00551143661141], [-0.00221508415416, -0.00740436883643, -0.0082641094923, -0.00261004595086, 0.0225795507431, -0.00370185333304], [0.000118517200463, 5.50029799342e-05, -0.000383702805266, -0.00551143661141, -0.00370185333304, 0.00991455186158]]
    },
    "beats_position": [0.53405892849, 1.07972788811, 1.62539684772, 2.17106580734, 2.70512461662],
    "bpm_estimates": [109.95677948, 109.95677948, 109.95677948, 112.347175598],
    "bpm_intervals": [0.545668959618, 0.545668959618, 0.545668959618, 0.53405880928],
    "onset_times": [0.394739240408],
    "histogram": [[0, 0, 0, 0, 0, 0, 0, 0, 0, 0, 0, 0, 0, 0, 0, 0, 0, 0, 0, 0, 0, 0, 0, 0, 0, 0, 0, 0, 0, 0, 0, 0, 0, 0, 0, 0, 0, 0, 0, 0, 0, 0, 0, 0, 0, 0, 0, 0, 0, 0, 0, 0, 0, 0, 0, 0, 0, 0, 0, 0, 0, 0, 0, 0, 0, 0, 0, 0, 0, 0, 0, 0, 0, 0, 0, 0, 0, 0, 0, 0, 0, 0, 0, 0, 0, 0, 0, 0, 0, 0, 0, 0, 0, 0, 0, 0, 0, 0, 0, 0, 0, 0, 0, 0, 0, 0, 0, 0, 0, 0, 0.75, 0, 0.25, 0, 0, 0, 0, 0, 0, 0, 0, 0, 0, 0, 0, 0, 0, 0, 0, 0, 0, 0, 0, 0, 0, 0, 0, 0, 0, 0, 0, 0, 0, 0, 0, 0, 0, 0, 0, 0, 0, 0, 0, 0, 0, 0, 0, 0, 0, 0, 0, 0, 0, 0, 0, 0, 0, 0, 0, 0, 0, 0, 0, 0, 0, 0, 0, 0, 0, 0, 0, 0, 0, 0, 0, 0, 0, 0, 0, 0, 0, 0, 0, 0, 0, 0, 0, 0, 0, 0, 0, 0, 0, 0, 0, 0, 0, 0, 0, 0, 0, 0, 0, 0, 0, 0, 0, 0, 0, 0, 0, 0, 0, 0, 0, 0, 0, 0, 0, 0, 0, 0, 0, 0, 0, 0, 0, 0, 0, 0, 0, 0, 0, 0, 0, 0, 0, 0, 0, 0]]
},
"sfx": {
    "inharmonicity": {
        "kurt": 1.35761022568,
        "max": 0.381113618612,
        "mean": 0.0532958656549,
        "median": 0.00046744683641,
        "min": 0,
        "skew": 1.63569843769,
        "var": 0.00878419820219
    },
    "oddtoevenharmonicenergyratio": {
        "kurt": 42.4469909668,
        "max": 8.59819030762,
        "mean": 0.41340392828,
        "median": 0.0126751549542,
        "min": 0,
        "skew": 5.61968278885,
        "var": 0.862517416477
    },
    "pitch_after_max_to_before_max_energy_ratio": 0.661736309528,
    "pitch_centroid": 68.0767288208,
    "pitch_max_to_total": 0.655172407627,
    "pitch_min_to_total": 0.303448289633,
    "tristimulus": {
        "kurt": [-1.26757001877, 3.65820264816, -0.253989219666],
        "max": [1, 0.913829565048, 0.962434232235],
        "mean": [0.680725097656, 0.134535163641, 0.184739649296],
        "median": [0.898808538914, 0.0887751802802, 0],
        "min": [0, 0, 0],
        "skew": [-0.744335770607, 1.8442132473, 1.23914921284],
        "var": [0.155685022473, 0.0318252183497, 0.0995584651828],
        "cov": [[0.156766161323, -0.044281270355, -0.112484902143], [-0.044281270355, 0.0320462249219, 0.012235105969], [-0.112484902143, 0.012235105969, 0.10024984926]]
    }
},
"tonal": {
    "chords_changes_rate": 0.191780820489,
    "chords_number_rate": 0.0684931501746,
    "chords_strength": {
        "kurt": -0.656194448471,
        "max": 0.535302042961,
        "mean": 0.390929877758,
        "median": 0.378519356251,
        "min": 0.29248470068,
        "skew": 0.507677674294,
        "var": 0.00361007126048
    },
    "key_strength": 0.243496179581,
    "tuning_diatonic_strength": 0.307425290346,
    "tuning_equal_tempered_deviation": 0.253555864096,
    "tuning_frequency": 436.960693359,
    "tuning_nontempered_energy_ratio": 0.89312928915,
    "hpcp": {
        "kurt": [2.42661571503, 0.91779756546, 0.924319505692, -0.258582353592, 0.961993932724, 0.828276395798, -0.686806201935, -0.194803476334, -0.167363405228, -0.745048999786, -0.875496387482, -0.852488279343, -0.13096165657, -0.772615671158, -0.643332242966, -0.928970575333, -0.904039621353, -0.556363344193, -0.372651576996, 0.140617370605, -0.305332660675, -0.254719734192, -0.335931539536, -0.0373861789703, 0.241352319717, 0.739314079285, -0.10232925415, 0.481211185455, 0.447485923767, -0.311681985855, 0.710245132446, 0.65375328064, 0.349096775055, 0.712063789368, 1.37735319138, -0.57342171669],
        "max": [1, 1, 0.972648799419, 0.90317183733, 1, 1, 1, 1, 1, 1, 1, 1, 1, 1, 1, 1, 1, 1, 1, 1, 1, 1, 1, 1, 1, 1, 1, 1, 0.947806060314, 0.736452400684, 1, 1, 0.988661646843, 1, 1, 0.727011203766],
        "mean": [0.387952327728, 0.399841189384, 0.401369184256, 0.418863743544, 0.42880949378, 0.450239360332, 0.47154250741, 0.481434196234, 0.506159424782, 0.536397635937, 0.57305175066, 0.583486616611, 0.561822652817, 0.576190531254, 0.608667016029, 0.604122340679, 0.612110733986, 0.614808082581, 0.579279720783, 0.536235153675, 0.511495828629, 0.497190088034, 0.475885093212, 0.461507558823, 0.43513455987, 0.416174560785, 0.433414131403, 0.431804329157, 0.40021520853, 0.387131124735, 0.413190484047, 0.417991667986, 0.424155116081, 0.43037340045, 0.388321399689, 0.368785113096],
        "median": [0.362064868212, 0.348904252052, 0.360009878874, 0.373678535223, 0.413399755955, 0.423797369003, 0.41515776515, 0.461529672146, 0.471722185612, 0.468726217747, 0.517165064812, 0.559739291668, 0.53567045927, 0.548317432404, 0.63881367445, 0.573191821575, 0.5761308074, 0.594180881977, 0.574807226658, 0.527746498585, 0.494571119547, 0.466892927885, 0.415012896061, 0.431417047977, 0.397646218538, 0.369796663523, 0.397706240416, 0.393079698086, 0.396336197853, 0.36691853404, 0.369874536991, 0.360302448273, 0.394136160612, 0.386211693287, 0.375885099173, 0.369466751814],
