{
"metadata": {
    "version": {
        "essentia": "2.1-beta3"
    }
},
"lowLevel": {
    "average_loudness": 0.671144664288,
    "barkbands_kurtosis": {
        "kurt": 14.7522563934,
        "max": 45.3365631104,
        "mean": 6.50104665756,
        "median": 6.14210939407,
        "min": -1.50511264801,
        "skew": 2.70843911171,
        "var": 37.811252594
    },
    "barkbands_skewness": {
        "kurt": 7.29165267944,
        "max": 6.22672510147,
        "mean": 1.76955914497,
        "median": 1.76794886589,
        "min": -0.319343060255,
        "skew": 1.25073432922,
        "var": 0.700639605522
    },
    "barkbands_spread": {
        "kurt": 1.20492076874,
        "max": 35.3390426636,
        "mean": 9.79351329803,
        "median": 6.63130760193,
        "min": 1.4862575531,
        "skew": 1.38297355175,
        "var": 59.7701530457
    },
    "dissonance": {
        "kurt": 22.409740448,
        "max": 0.498544484377,
        "mean": 0.449330538511,
        "median": 0.460068285465,
        "min": 0.0762841999531,
        "skew": -3.97064876556,
        "var": 0.0029498541262
    },
    "hfc": {
        "kurt": 19.1485309601,
        "max": 36.3426361084,
        "mean": 1.87072300911,
        "median": 0.00195666053332,
        "min": 7.89891085873e-09,
        "skew": 4.25665330887,
        "var": 34.582572937
    },
    "pitch": {
        "kurt": 56.9328460693,
        "max": 3567.39379883,
        "mean": 328.496307373,
        "median": 234.424560547,
        "min": 81.4034576416,
        "skew": 6.91595077515,
        "var": 139864.78125
    },
    "pitch_instantaneous_confidence": {
        "kurt": -0.370436906815,
        "max": 0.640606045723,
        "mean": 0.321847051382,
        "median": 0.309166073799,
        "min": 0.137207090855,
        "skew": 0.586194813251,
        "var": 0.0135569423437
    },
    "pitch_salience": {
        "kurt": -0.35166478157,
        "max": 0.971601843834,
        "mean": 0.739238023758,
        "median": 0.756871938705,
        "min": 0.581911742687,
        "skew": -0.0337873138487,
        "var": 0.00608665216714
    },
    "silence_rate_20dB": {
        "kurt": 0,
        "max": 1,
        "mean": 1,
        "median": 1,
        "min": 1,
        "skew": 0,
        "var": 0
    },
    "silence_rate_30dB": {
        "kurt": 0,
        "max": 1,
        "mean": 1,
        "median": 1,
        "min": 1,
        "skew": 0,
        "var": 0
    },
    "silence_rate_60dB": {
        "kurt": 3.67799139023,
        "max": 1,
        "mean": 0.882978737354,
        "median": 1,
        "min": 0,
        "skew": -2.3828523159,
        "var": 0.103327170014
    },
    "spectral_centroid": {
        "kurt": 3.69175100327,
        "max": 2144.25512695,
        "mean": 664.296020508,
        "median": 503.606872559,
        "min": 293.847473145,
        "skew": 2.02353692055,
        "var": 168883.71875
    },
    "spectral_complexity": {
        "kurt": 7.73055648804,
        "max": 45,
        "mean": 3.67021274567,
        "median": 0,
        "min": 0,
        "skew": 2.92770981789,
        "var": 86.9445953369
    },
    "spectral_crest": {
        "kurt": 0.923145532608,
        "max": 20.0818958282,
        "mean": 8.8437166214,
        "median": 8.18222236633,
        "min": 2.94638490677,
        "skew": 0.916255295277,
        "var": 10.8710956573
    },
    "spectral_decrease": {
        "kurt": 14.2526817322,
        "max": -5.41927502391e-18,
        "mean": -2.60726246148e-10,
        "median": -9.92903892785e-13,
        "min": -3.99240462912e-09,
        "skew": -3.65668940544,
        "var": 4.89002191374e-19
    },
    "spectral_energy": {
        "kurt": 15.0049285889,
        "max": 0.0180323161185,
        "mean": 0.00115372077562,
        "median": 3.92492074752e-06,
        "min": 2.11700500879e-11,
        "skew": 3.75151658058,
        "var": 1.00084134829e-05
    },
    "spectral_energyband_high": {
        "kurt": 16.8590641022,
        "max": 0.00221427180804,
        "mean": 0.000115819791972,
        "median": 6.2582290461e-09,
        "min": 7.02655842582e-14,
        "skew": 4.13973474503,
        "var": 1.53220923949e-07
    },
    "spectral_energyband_low": {
        "kurt": 52.483341217,
        "max": 0.000462984520709,
        "mean": 1.10425280582e-05,
        "median": 1.10516907625e-07,
        "min": 5.98681347552e-12,
        "skew": 7.09698963165,
        "var": 2.93970403575e-09
    },
    "spectral_energyband_middle_high": {
        "kurt": 19.0514602661,
        "max": 0.00940006878227,
        "mean": 0.000473993684864,
        "median": 2.70180294137e-07,
        "min": 1.20795788736e-12,
        "skew": 4.16082906723,
        "var": 2.06045160667e-06
    },
    "spectral_energyband_middle_low": {
        "kurt": 13.0987854004,
        "max": 0.00852415151894,
        "mean": 0.000570184201933,
        "median": 3.59239311365e-06,
        "min": 1.43213184367e-11,
        "skew": 3.45820379257,
        "var": 2.00489898816e-06
    },
    "spectral_flatness_db": {
        "kurt": 0.0799551010132,
        "max": 0.338856995106,
        "mean": 0.236285924911,
        "median": 0.240768060088,
        "min": 0.101416543126,
        "skew": -0.593852460384,
        "var": 0.00226290198043
    },
    "spectral_flux": {
        "kurt": 8.87525558472,
        "max": 0.130767196417,
        "mean": 0.0117075964808,
        "median": 0.00130861788057,
        "min": 0.000102420970507,
        "skew": 2.78563451767,
        "var": 0.00049608561676
    },
    "spectral_kurtosis": {
        "kurt": 0.907679080963,
        "max": 59.942035675,
        "mean": 16.0746326447,
        "median": 13.7678480148,
        "min": 1.30123662949,
        "skew": 1.06957817078,
        "var": 141.139923096
    },
    "spectral_rms": {
        "kurt": 4.63552904129,
        "max": 0.00419434159994,
        "mean": 0.000517849577591,
        "median": 6.18532212684e-05,
        "min": 1.43713975831e-07,
        "skew": 2.26704525948,
        "var": 8.57412544519e-07
    },
    "spectral_rolloff": {
        "kurt": 3.13921880722,
        "max": 4263.57421875,
        "mean": 1040.00793457,
        "median": 624.462890625,
        "min": 301.46484375,
        "skew": 2.06792378426,
        "var": 893695.6875
    },
    "spectral_skewness": {
        "kurt": -0.657711744308,
        "max": 6.28991794586,
        "mean": 2.87175965309,
        "median": 2.90160179138,
        "min": 1.06910729408,
        "skew": 0.379709243774,
        "var": 1.47183859348
    },
    "spectral_spread": {
        "kurt": 34.8310012817,
        "max": 18351732,
        "mean": 2899001.75,
        "median": 2495936.75,
        "min": 1287492.625,
        "skew": 5.12952661514,
        "var": 4.06260652442e+12
    },
    "spectral_strongpeak": {
        "kurt": 14.3751773834,
        "max": 0.985346376896,
        "mean": 0.0740786716342,
        "median": 0.0113448984921,
        "min": 0,
        "skew": 3.51066708565,
        "var": 0.0244077388197
    },
    "zerocrossingrate": {
        "kurt": 1.55496120453,
        "max": 0.1181640625,
        "mean": 0.0398260876536,
        "median": 0.0302734375,
        "min": 0.001953125,
        "skew": 1.5011433363,
        "var": 0.00058612722205
    },
    "barkbands": {
        "kurt": [63.2662811279, 48.4187507629, 51.7022247314, 57.2069740295, 44.1787528992, 14.5811920166, 23.5024318695, 8.33712100983, 7.80608844757, 8.47202968597, 10.2181272507, 29.3466567993, 7.00131511688, 8.72927379608, 15.5071926117, 29.1651878357, 41.287525177, 46.9323959351, 24.7163105011, 45.8256225586, 18.2306900024, 34.1639900208, 42.2856178284, 26.450296402, 63.5698471069, 36.5448913574, 42.8463668823],
        "max": [9.76996034296e-07, 0.000109776483441, 0.000232654536376, 0.00032029490103, 0.00210551428609, 0.00135730742477, 0.00283673778176, 0.00147269642912, 0.00147192843724, 0.000847982475534, 0.000627831846941, 0.000735255132895, 0.000271664350294, 0.000303772831103, 0.000373821065295, 0.00115223880857, 0.00154303165618, 0.00205185520463, 0.00204696366563, 0.00248685711995, 0.00100673758425, 0.00051116629038, 9.67285886873e-05, 3.19913415296e-05, 2.42588375841e-05, 5.36933384865e-07, 6.24674090233e-09],
        "mean": [1.50815537836e-08, 2.05912670026e-06, 5.38053018317e-06, 9.55524501478e-06, 6.92924586474e-05, 8.2415426732e-05, 0.000140481395647, 0.000123119883938, 0.000121065357234, 6.70509471092e-05, 4.67803874926e-05, 3.17115191137e-05, 2.27226264542e-05, 2.26948868658e-05, 2.1681191356e-05, 4.44827637693e-05, 5.04041126987e-05, 6.00347375439e-05, 8.80554871401e-05, 7.55483633839e-05, 4.79920527141e-05, 1.67623729794e-05, 2.77326921605e-06, 1.16456544674e-06, 4.64195920813e-07, 1.37077362794e-08, 1.62148794391e-10],
        "median": [3.04310960111e-12, 5.47922507366e-09, 5.81433639013e-08, 1.01929373386e-07, 3.78516205046e-07, 8.79849551438e-07, 1.20979802887e-06, 2.6736813652e-07, 1.54591475621e-07, 9.54754568738e-08, 6.09585626421e-08, 1.95727913876e-08, 3.00813915999e-08, 1.5935501807e-08, 1.48140308909e-08, 1.3193051096e-08, 1.56312189858e-08, 1.01665698082e-08, 1.26052395188e-08, 4.68244909513e-09, 2.15109841051e-09, 7.52371054347e-10, 4.80078234111e-11, 1.52657539387e-11, 3.16246724988e-12, 6.17820681767e-13, 9.21987909196e-14],
        "min": [2.1316236333e-14, 2.39979954311e-12, 1.84277376344e-12, 2.05279239787e-12, 5.28565906321e-12, 3.2149103258e-12, 7.41649797131e-13, 8.1722665744e-13, 1.87910711297e-12, 6.91747115318e-13, 4.97778562618e-14, 5.48509601996e-14, 4.96297474688e-14, 4.89799512255e-14, 2.30314187589e-14, 1.32016779778e-13, 7.19395110973e-14, 1.09531612567e-13, 1.52914912178e-13, 9.14714945498e-15, 1.50094289075e-14, 1.68339446522e-14, 8.3879318015e-15, 7.48824220405e-15, 6.11924849645e-15, 5.74841958973e-15, 5.05590578084e-15],
        "skew": [7.86201858521, 6.99333763123, 7.0803360939, 7.11269378662, 6.32377147675, 3.67881321907, 4.54763174057, 3.0027384758, 2.88773965836, 3.00666832924, 3.2731282711, 4.9018611908, 2.82352685928, 3.15723633766, 3.86538410187, 5.19092273712, 6.08575105667, 6.42196178436, 4.82530784607, 6.347864151, 4.15243148804, 5.62229681015, 6.1134223938, 5.13660001755, 7.74310588837, 5.98640537262, 6.50853443146],
        "var": [1.19332009077e-14, 1.8325525819e-10, 7.54939943892e-10, 1.28709598535e-09, 6.43641868692e-08, 4.7477417553e-08, 1.63457869462e-07, 9.31957302441e-08, 8.81737705072e-08, 2.91235036087e-08, 1.62608504439e-08, 9.23355081284e-09, 3.4018878825e-09, 4.15618783833e-09, 4.14117895531e-09, 2.50544580638e-08, 3.60197986993e-08, 5.86165214145e-08, 9.60369632708e-08, 8.71848513384e-08, 2.4559538403e-08, 4.54309434517e-09, 1.38129979677e-10, 2.61033399757e-11, 7.20355676151e-12, 5.0368826914e-15, 6.34021997102e-19],
        "cov": [[1.20615145408e-14, 1.47019115632e-12, 2.39814049695e-12, 2.03601133349e-12, 2.61133475954e-11, 1.09514021115e-11, 3.18417479883e-11, 1.76604807167e-11, 1.89882241874e-11, 6.79215711452e-12, 6.63175243887e-12, 2.4036864079e-12, 2.29999287844e-12, 4.04332687123e-12, 5.20942620638e-12, 1.51703649642e-11, 1.54287693732e-11, 1.64292138921e-11, 2.86176915498e-11, 1.99152430658e-11, 1.20643200291e-11, 5.79576013918e-12, 1.14487466816e-12, 4.67039764068e-13, 2.77857381201e-13, 7.18157477253e-15, 7.42093770721e-17], [1.47019115632e-12, 1.85225751403e-10, 3.32769117817e-10, 3.16401932432e-10, 3.22418403087e-09, 1.60385738024e-09, 3.81514464465e-09, 2.29401075913e-09, 2.44440179209e-09, 9.50705070224e-10, 8.33283497759e-10, 3.24986176858e-10, 3.05437536374e-10, 5.26490018249e-10, 6.78675948773e-10, 1.9210397717e-09, 2.15572248941e-09, 2.40789677086e-09, 3.70520569781e-09, 2.91747781489e-09, 1.48458190186e-09, 6.88976986574e-10, 1.38343086986e-10, 6.11203448964e-11, 3.28551907902e-11, 9.06237324766e-13, 1.00305395974e-14], [2.39814049695e-12, 3.32769117817e-10, 7.63057561581e-10, 9.05933272843e-10, 5.69379432491e-09, 4.26400870168e-09, 6.58747545401e-09, 4.98578112129e-09, 5.17127807242e-09, 2.47903919615e-09, 1.67255664874e-09, 8.47412917615e-10, 7.5156741941e-10, 1.14128917428e-09, 1.43087075521e-09, 3.70501984648e-09, 5.03995734036e-09, 6.24818996542e-09, 7.50138351435e-09, 7.51342721372e-09, 2.72748224006e-09, 1.09824460637e-09, 2.32190794369e-10, 1.25550417285e-10, 4.93729779283e-11, 1.66432297631e-12, 2.15664498656e-14], [2.03601133349e-12, 3.16401932432e-10, 9.05933272843e-10, 1.30093580353e-09, 5.91724846899e-09, 6.42617425939e-09, 7.39724859145e-09, 6.89251500319e-09, 7.02537850117e-09, 3.9327936463e-09, 2.19210516406e-09, 1.41007561183e-09, 1.22625909427e-09, 1.5230309236e-09, 1.78898473813e-09, 4.17111190032e-09, 6.33414387607e-09, 8.22461476702e-09, 8.64711058313e-09, 9.85664261322e-09, 3.07491121454e-09, 1.01810193609e-09, 2.22238991099e-10, 1.39442374314e-10, 3.8445604339e-11, 1.64154757495e-12, 2.43506708802e-14], [2.61133475954e-11, 3.22418403087e-09, 5.69379432491e-09, 5.91724846899e-09, 6.50562768101e-08, 3.70237529523e-08, 9.01464076719e-08, 5.78310377364e-08, 5.8999852115e-08, 2.34452741665e-08, 2.08709529659e-08, 1.04406883139e-08, 9.03875729819e-09, 1.24776819987e-08, 1.46500891418e-08, 3.93445169777e-08, 3.94264105807e-08, 4.44786323328e-08, 7.34026741611e-08, 5.25147676456e-08, 3.25025872883e-08, 1.42891503074e-08, 2.76249112474e-09, 1.12877518443e-09, 6.21239504284e-10, 1.63888191212e-11, 1.71782781142e-13], [1.09514021115e-11, 1.60385738024e-09, 4.26400870168e-09, 6.42617425939e-09, 3.70237529523e-08, 4.79879282977e-08, 6.21215718866e-08, 5.64518316537e-08, 4.90876139736e-08, 2.91615176451e-08, 1.83125532516e-08, 1.18798038073e-08, 9.39887367934e-09, 1.09151709893e-08, 1.14949143537e-08, 2.60851074074e-08, 3.47169688553e-08, 4.23789856541e-08, 5.12849531731e-08, 5.07582385012e-08, 2.17795594892e-08, 7.61381624415e-09, 1.41891520755e-09, 7.38819505575e-10, 2.4886132044e-10, 8.87832082158e-12, 1.1771833508e-13], [3.18417479883e-11, 3.81514464465e-09, 6.58747545401e-09, 7.39724859145e-09, 9.01464076719e-08, 6.21215718866e-08, 1.65215482184e-07, 1.11643146283e-07, 9.00893297739e-08, 3.92402910165e-08, 3.60771004182e-08, 2.04016661343e-08, 1.63451900903e-08, 2.06983710171e-08, 2.15903828149e-08, 5.67527962403e-08, 5.07702537789e-08, 5.71696112672e-08, 1.02277120106e-07, 6.5694564455e-08, 4.93089871156e-08, 2.09931663164e-08, 3.83116738334e-09, 1.43919209883e-09, 8.27330592923e-10, 2.06250086454e-11, 1.93942531848e-13], [1.76604807167e-11, 2.29401075913e-09, 4.98578112129e-09, 6.89251500319e-09, 5.78310377364e-08, 5.64518316537e-08, 1.11643146283e-07, 9.41978299807e-08, 7.42713837099e-08, 3.91649415121e-08, 3.16423758306e-08, 2.17433200334e-08, 1.5304740586e-08, 1.76854211276e-08, 1.70411293965e-08, 4.02758466578e-08, 4.3473793454e-08, 5.23822656362e-08, 7.75009496579e-08, 6.29050376233e-08, 3.8563371163e-08, 1.51995909192e-08, 2.54773069308e-09, 1.10014530819e-09, 5.02645980394e-10, 1.43571630279e-11, 1.45807587467e-13], [1.89882241874e-11, 2.44440179209e-09, 5.17127807242e-09, 7.02537850117e-09, 5.8999852115e-08, 4.90876139736e-08, 9.00893297739e-08, 7.42713837099e-08, 8.91218761012e-08, 4.08210851788e-08, 3.28228679791e-08, 2.25396838971e-08, 1.57904693765e-08, 1.68463198946e-08, 1.80844281772e-08, 3.97329493751e-08, 4.27238298073e-08, 5.21871719172e-08, 7.88706273624e-08, 6.55618208611e-08, 4.07338482944e-08, 1.59806798905e-08, 2.74899103481e-09, 1.17739662464e-09, 5.37791089439e-10, 1.53118906443e-11, 1.66312018953e-13], [6.79215711452e-12, 9.50705070224e-10, 2.47903919615e-09, 3.9327936463e-09, 2.34452741665e-08, 2.91615176451e-08, 3.92402910165e-08, 3.91649415121e-08, 4.08210851788e-08, 2.94366593323e-08, 1.79004633338e-08, 1.28679982225e-08, 8.29172819294e-09, 9.1525267365e-09, 8.5467339872e-09, 1.76909082938e-08, 2.26659828684e-08, 2.8650582351e-08, 3.75682098763e-08, 3.64372212402e-08, 2.11707131825e-08, 7.52712558949e-09, 1.26191812555e-09, 5.85488157956e-10, 2.09571429655e-10, 6.75373559161e-12, 7.29040376788e-14], [6.63175243887e-12, 8.33283497759e-10, 1.67255664874e-09, 2.19210516406e-09, 2.08709529659e-08, 1.83125532516e-08, 3.60771004182e-08, 3.16423758306e-08, 3.28228679791e-08, 1.79004633338e-08, 1.64356972476e-08, 1.09422959582e-08, 6.53747367352e-09, 7.80792408506e-09, 6.84610146351e-09, 1.49597312316e-08, 1.56532777851e-08, 1.99938128276e-08, 3.10413987847e-08, 2.52529215317e-08, 1.86882509468e-08, 7.28792715066e-09, 1.17847120951e-09, 4.85644136017e-10, 2.19888565689e-10, 6.02566217409e-12, 5.45750578518e-14], [2.4036864079e-12, 3.24986176858e-10, 8.47412917615e-10, 1.41007561183e-09, 1.04406883139e-08, 1.18798038073e-08, 2.04016661343e-08, 2.17433200334e-08, 2.25396838971e-08, 1.28679982225e-08, 1.09422959582e-08, 9.33283583748e-09, 5.05061326095e-09, 5.24907939337e-09, 4.61528015805e-09, 8.7352942657e-09, 9.71321245657e-09, 1.36771056702e-08, 1.92381666153e-08, 1.77500805165e-08, 1.2488774459e-08, 4.90271823139e-09, 6.9018807336e-10, 3.13038289734e-10, 1.23218019121e-10, 3.72331028856e-12, 2.96470645614e-14], [2.29999287844e-12, 3.05437536374e-10, 7.5156741941e-10, 1.22625909427e-09, 9.03875729819e-09, 9.39887367934e-09, 1.63451900903e-08, 1.5304740586e-08, 1.57904693765e-08, 8.29172819294e-09, 6.53747367352e-09, 5.05061326095e-09, 3.43846728867e-09, 3.48548767626e-09, 3.24080318137e-09, 6.81002809699e-09, 7.31577731727e-09, 9.48074418972e-09, 1.39287417156e-08, 1.17221592433e-08, 7.8430950623e-09, 2.91122326246e-09, 4.71327810114e-10, 2.01156480362e-10, 8.07617098197e-11, 2.38272357574e-12, 2.34230901818e-14], [4.04332687123e-12, 5.26490018249e-10, 1.14128917428e-09, 1.5230309236e-09, 1.24776819987e-08, 1.09151709893e-08, 2.06983710171e-08, 1.76854211276e-08, 1.68463198946e-08, 9.1525267365e-09, 7.80792408506e-09, 5.24907939337e-09, 3.48548767626e-09, 4.20087831188e-09, 3.83826703754e-09, 8.90324880487e-09, 9.67206759128e-09, 1.24265584489e-08, 1.80041777043e-08, 1.49782781733e-08, 9.67502344906e-09, 3.72294928219e-09, 6.41782349486e-10, 2.77596251541e-10, 1.18838619501e-10, 3.43172777521e-12, 3.38305433472e-14], [5.20942620638e-12, 6.78675948773e-10, 1.43087075521e-09, 1.78898473813e-09, 1.46500891418e-08, 1.14949143537e-08, 2.15903828149e-08, 1.70411293965e-08, 1.80844281772e-08, 8.5467339872e-09, 6.84610146351e-09, 4.61528015805e-09, 3.24080318137e-09, 3.83826703754e-09, 4.18570778038e-09, 9.84705739171e-09, 1.09534301629e-08, 1.35981794713e-08, 1.94512193019e-08, 1.65452824774e-08, 9.32158439326e-09, 3.77439102195e-09, 6.74835798353e-10, 3.03986946726e-10, 1.37238650999e-10, 4.01839152231e-12, 4.32736799953e-14], [1.51703649642e-11, 1.9210397717e-09, 3.70501984648e-09, 4.17111190032e-09, 3.93445169777e-08, 2.60851074074e-08, 5.67527962403e-08, 4.02758466578e-08, 3.97329493751e-08, 1.76909082938e-08, 1.49597312316e-08, 8.7352942657e-09, 6.81002809699e-09, 8.90324880487e-09, 9.84705739171e-09, 2.5323860342e-08, 2.66770729951e-08, 3.20000630438e-08, 4.86239919439e-08, 3.78608504548e-08, 2.21207443474e-08, 9.29117938142e-09, 1.75398096047e-09, 7.54130480285e-10, 3.73618386229e-10, 1.03878199445e-11, 1.09989274633e-13], [1.54287693732e-11, 2.15572248941e-09, 5.03995734036e-09, 6.33414387607e-09, 3.94264105807e-08, 3.47169688553e-08, 5.07702537789e-08, 4.3473793454e-08, 4.27238298073e-08, 2.26659828684e-08, 1.56532777851e-08, 9.71321245657e-09, 7.31577731727e-09, 9.67206759128e-09, 1.09534301629e-08, 2.66770729951e-08, 3.64071084391e-08, 4.46849810487e-08, 5.49203811318e-08, 5.48088543439e-08, 2.22704450437e-08, 8.80994033281e-09, 1.68802016809e-09, 8.92462936886e-10, 3.46613820978e-10, 1.16310234013e-11, 1.45162067046e-13], [1.64292138921e-11, 2.40789677086e-09, 6.24818996542e-09, 8.22461476702e-09, 4.44786323328e-08, 4.23789856541e-08, 5.71696112672e-08, 5.23822656362e-08, 5.21871719172e-08, 2.8650582351e-08, 1.99938128276e-08, 1.36771056702e-08, 9.48074418972e-09, 1.24265584489e-08, 1.35981794713e-08, 3.20000630438e-08, 4.46849810487e-08, 5.92468083482e-08, 6.72945859037e-08, 7.12009935455e-08, 2.78065659387e-08, 1.03960271503e-08, 1.99770644471e-09, 1.12733800073e-09, 3.76763453769e-10, 1.38112707035e-11, 1.75030468092e-13], [2.86176915498e-11, 3.70520569781e-09, 7.50138351435e-09, 8.64711058313e-09, 7.34026741611e-08, 5.12849531731e-08, 1.02277120106e-07, 7.75009496579e-08, 7.88706273624e-08, 3.75682098763e-08, 3.10413987847e-08, 1.92381666153e-08, 1.39287417156e-08, 1.80041777043e-08, 1.94512193019e-08, 4.86239919439e-08, 5.49203811318e-08, 6.72945859037e-08, 9.70696163449e-08, 8.12099472114e-08, 4.45930936621e-08, 1.84641368861e-08, 3.42165251688e-09, 1.54290258347e-09, 7.15242198801e-10, 2.07645879657e-11, 2.24351922673e-13], [1.99152430658e-11, 2.91747781489e-09, 7.51342721372e-09, 9.85664261322e-09, 5.25147676456e-08, 5.07582385012e-08, 6.5694564455e-08, 6.29050376233e-08, 6.55618208611e-08, 3.64372212402e-08, 2.52529215317e-08, 1.77500805165e-08, 1.17221592433e-08, 1.49782781733e-08, 1.65452824774e-08, 3.78608504548e-08, 5.48088543439e-08, 7.12009935455e-08, 8.12099472114e-08, 8.81223201077e-08, 3.43851489504e-08, 1.3162251733e-08, 2.42647035797e-09, 1.38031952535e-09, 4.71138739133e-10, 1.71760956152e-11, 2.15958043006e-13], [1.20643200291e-11, 1.48458190186e-09, 2.72748224006e-09, 3.07491121454e-09, 3.25025872883e-08, 2.17795594892e-08, 4.93089871156e-08, 3.8563371163e-08, 4.07338482944e-08, 2.11707131825e-08, 1.86882509468e-08, 1.2488774459e-08, 7.8430950623e-09, 9.67502344906e-09, 9.32158439326e-09, 2.21207443474e-08, 2.22704450437e-08, 2.78065659387e-08, 4.45930936621e-08, 3.43851489504e-08, 2.48236187161e-08, 1.02666675161e-08, 1.7560922716e-09, 7.20925374953e-10, 3.56022794579e-10, 9.55754312498e-12, 8.63224490261e-14], [5.79576013918e-12, 6.88976986574e-10, 1.09824460637e-09, 1.01810193609e-09, 1.42891503074e-08, 7.61381624415e-09, 2.09931663164e-08, 1.51995909192e-08, 1.59806798905e-08, 7.52712558949e-09, 7.28792715066e-09, 4.90271823139e-09, 2.91122326246e-09, 3.72294928219e-09, 3.77439102195e-09, 9.29117938142e-09, 8.80994033281e-09, 1.03960271503e-08, 1.84641368861e-08, 1.3162251733e-08, 1.02666675161e-08, 4.59194504643e-09, 7.68503261028e-10, 3.05124481237e-10, 1.70496242125e-10, 4.36033240764e-12, 3.67584245377e-14], [1.14487466816e-12, 1.38343086986e-10, 2.32190794369e-10, 2.22238991099e-10, 2.76249112474e-09, 1.41891520755e-09, 3.83116738334e-09, 2.54773069308e-09, 2.74899103481e-09, 1.26191812555e-09, 1.17847120951e-09, 6.9018807336e-10, 4.71327810114e-10, 6.41782349486e-10, 6.74835798353e-10, 1.75398096047e-09, 1.68802016809e-09, 1.99770644471e-09, 3.42165251688e-09, 2.42647035797e-09, 1.7560922716e-09, 7.68503261028e-10, 1.39615249917e-10, 5.57651980149e-11, 3.0416200808e-11, 7.87177668968e-13, 7.28409455826e-15], [4.67039764068e-13, 6.11203448964e-11, 1.25550417285e-10, 1.39442374314e-10, 1.12877518443e-09, 7.38819505575e-10, 1.43919209883e-09, 1.10014530819e-09, 1.17739662464e-09, 5.85488157956e-10, 4.85644136017e-10, 3.13038289734e-10, 2.01156480362e-10, 2.77596251541e-10, 3.03986946726e-10, 7.54130480285e-10, 8.92462936886e-10, 1.12733800073e-09, 1.54290258347e-09, 1.38031952535e-09, 7.20925374953e-10, 3.05124481237e-10, 5.57651980149e-11, 2.63840199688e-11, 1.18622785206e-11, 3.54245929465e-13, 3.75583302659e-15], [2.77857381201e-13, 3.28551907902e-11, 4.93729779283e-11, 3.8445604339e-11, 6.21239504284e-10, 2.4886132044e-10, 8.27330592923e-10, 5.02645980394e-10, 5.37791089439e-10, 2.09571429655e-10, 2.19888565689e-10, 1.23218019121e-10, 8.07617098197e-11, 1.18838619501e-10, 1.37238650999e-10, 3.73618386229e-10, 3.46613820978e-10, 3.76763453769e-10, 7.15242198801e-10, 4.71138739133e-10, 3.56022794579e-10, 1.70496242125e-10, 3.0416200808e-11, 1.18622785206e-11, 7.28101433312e-12, 1.81603823234e-13, 1.6245530769e-15], [7.18157477253e-15, 9.06237324766e-13, 1.66432297631e-12, 1.64154757495e-12, 1.63888191212e-11, 8.87832082158e-12, 2.06250086454e-11, 1.43571630279e-11, 1.53118906443e-11, 6.75373559161e-12, 6.02566217409e-12, 3.72331028856e-12, 2.38272357574e-12, 3.43172777521e-12, 4.01839152231e-12, 1.03878199445e-11, 1.16310234013e-11, 1.38112707035e-11, 2.07645879657e-11, 1.71760956152e-11, 9.55754312498e-12, 4.36033240764e-12, 7.87177668968e-13, 3.54245929465e-13, 1.81603823234e-13, 5.09104282508e-15, 5.16853217842e-17], [7.42093770721e-17, 1.00305395974e-14, 2.15664498656e-14, 2.43506708802e-14, 1.71782781142e-13, 1.1771833508e-13, 1.93942531848e-13, 1.45807587467e-13, 1.66312018953e-13, 7.29040376788e-14, 5.45750578518e-14, 2.96470645614e-14, 2.34230901818e-14, 3.38305433472e-14, 4.32736799953e-14, 1.09989274633e-13, 1.45162067046e-13, 1.75030468092e-13, 2.24351922673e-13, 2.15958043006e-13, 8.63224490261e-14, 3.67584245377e-14, 7.28409455826e-15, 3.75583302659e-15, 1.6245530769e-15, 5.16853217842e-17, 6.40839412915e-19]]
    },
    "mfcc": {
        "kurt": [-0.319074630737, -1.50010919571, -0.884186267853, 0.398412227631, 0.0846889019012, -1.23187577724, -0.704259157181, -0.333859682083, -0.261425495148, 0.219534397125, -0.552014350891, -0.386108160019, -0.140694618225],
        "max": [-583.148925781, 150.111206055, 48.774143219, 47.9906311035, 6.54815673828, 4.14337921143, 2.49123001099, 1.56149291992, 4.97938919067, 1.19606018066, 3.84205245972, 5.27861022949, 5.99082183838],
        "mean": [-987.972839355, 75.3470458984, -6.31398963928, 8.30501461029, -18.7495670319, -20.2119846344, -15.0569019318, -13.9375333786, -9.16628456116, -7.86621284485, -6.10662174225, -3.82297134399, -4.93027687073],
        "median": [-1071.38378906, 73.9643096924, 11.0487976074, 7.79875564575, -15.0725669861, -21.527261734, -15.0212020874, -14.2535400391, -8.74863052368, -6.35658073425, -4.74984359741, -3.11032867432, -3.93301391602],
        "min": [-1138.42004395, 1.14440917969e-05, -87.2286987305, -18.3584709167, -77.7633361816, -43.7795066833, -33.6019744873, -33.6396789551, -24.3952560425, -26.4770889282, -22.3815402985, -17.0470504761, -20.9031848907],
        "skew": [0.993557631969, 0.0624907650054, -0.765445351601, 0.444064974785, -1.02296102047, 0.139204695821, 0.139392450452, -0.09358189255, -0.135639086366, -0.839692592621, -0.572354018688, -0.596324086189, -0.662922501564],
        "var": [26245.9902344, 2535.58251953, 1567.33776855, 172.431106567, 468.608215332, 197.105651855, 77.5995559692, 60.9110641479, 35.7048377991, 36.8003883362, 33.1682891846, 24.1609382629, 33.6758346558],
        "cov": [[26528.2050781, 5796.56201172, -5776.35693359, 1227.6237793, -3111.16894531, -1251.42468262, -559.843566895, -602.27532959, -95.4077758789, -498.925201416, -590.884277344, -341.692382812, -555.316040039], [5796.56201172, 2562.84667969, -1218.00097656, 81.1953659058, -748.323852539, -651.461853027, -223.997436523, -277.220031738, -102.493385315, -162.93927002, -172.178359985, -101.872962952, -158.564086914], [-5776.35693359, -1218.00097656, 1584.19091797, -307.734893799, 707.972106934, 235.113372803, 45.6983680725, 134.366439819, -19.329158783, 107.573654175, 127.62840271, 70.4300460815, 124.919540405], [1227.6237793, 81.1953659058, -307.734893799, 174.285202026, -127.851593018, 13.5878429413, 3.85070443153, -20.6510925293, 25.0326042175, -12.1541337967, -20.4525794983, -7.81305074692, -14.5755167007], [-3111.16894531, -748.323852539, 707.972106934, -127.851593018, 473.647003174, 177.353469849, 111.042137146, 102.508560181, 17.3665332794, 81.1948699951, 72.0078811646, 47.8719711304, 67.5486984253], [-1251.42468262, -651.461853027, 235.113372803, 13.5878429413, 177.353469849, 199.225067139, 75.5388336182, 84.0407562256, 35.8066253662, 39.5383834839, 33.7798233032, 19.2289600372, 34.9677963257], [-559.843566895, -223.997436523, 45.6983680725, 3.85070443153, 111.042137146, 75.5388336182, 78.4339599609, 42.3839607239, 32.4212989807, 26.521232605, 16.0639610291, 13.8830623627, 10.1531038284], [-602.27532959, -277.220031738, 134.366439819, -20.6510925293, 102.508560181, 84.0407562256, 42.3839607239, 61.5660247803, 21.7942771912, 29.461473465, 20.1391010284, 10.1010103226, 18.9294834137], [-95.4077758789, -102.493385315, -19.329158783, 25.0326042175, 17.3665332794, 35.8066253662, 32.4212989807, 21.7942771912, 36.088760376, 16.7046413422, 14.1069889069, 9.53932094574, 7.75010490417], [-498.925201416, -162.93927002, 107.573654175, -12.1541337967, 81.1948699951, 39.5383834839, 26.521232605, 29.461473465, 16.7046413422, 37.1960906982, 24.5622024536, 18.0416584015, 17.453250885], [-590.884277344, -172.178359985, 127.62840271, -20.4525794983, 72.0078811646, 33.7798233032, 16.0639610291, 20.1391010284, 14.1069889069, 24.5622024536, 33.524936676, 20.6382274628, 20.2565498352], [-341.692382812, -101.872962952, 70.4300460815, -7.81305074692, 47.8719711304, 19.2289600372, 13.8830623627, 10.1010103226, 9.53932094574, 18.0416584015, 20.6382274628, 24.4207324982, 19.7904491425], [-555.316040039, -158.564086914, 124.919540405, -14.5755167007, 67.5486984253, 34.9677963257, 10.1531038284, 18.9294834137, 7.75010490417, 17.453250885, 20.2565498352, 19.7904491425, 34.0379371643]]
    },
    "sccoeffs": {
        "kurt": [-0.0531811714172, 1.24394178391, -0.0223813056946, -0.0802855491638, -0.0704576969147, -1.3437474966],
        "max": [-0.419616222382, -0.694719254971, -0.757809400558, -0.78808003664, -0.789595127106, -0.629102170467],
        "mean": [-0.684496283531, -0.845865666866, -0.85738670826, -0.879490613937, -0.874164581299, -0.794484496117],
        "median": [-0.693035125732, -0.84899353981, -0.86304628849, -0.887827396393, -0.879479408264, -0.841786026955],
        "min": [-0.988361060619, -0.943825662136, -0.937281429768, -0.949299871922, -0.915551245213, -0.952372312546],
        "skew": [0.292484909296, 0.61725461483, 0.470302313566, 0.725701510906, 0.700410187244, 0.548055291176],
        "var": [0.0112325856462, 0.00186221394688, 0.00141502870247, 0.00120907870587, 0.00081051629968, 0.00846197921783],
        "cov": [[0.0113533660769, 0.00233908742666, 0.00246201269329, 0.00284034037031, 0.00228685466573, 0.00763415219262], [0.00233908742666, 0.00188223773148, 0.000517412205227, 0.000878353370354, 0.000684532918967, 0.00198367610574], [0.00246201269329, 0.000517412205227, 0.00143024406862, 0.000925336964428, 0.000672504480463, 0.00240302900784], [0.00284034037031, 0.000878353370354, 0.000925336964428, 0.00122207950335, 0.000816374376882, 0.00242027919739], [0.00228685466573, 0.000684532918967, 0.000672504480463, 0.000816374376882, 0.000819231558125, 0.00196607876569], [0.00763415219262, 0.00198367610574, 0.00240302900784, 0.00242027919739, 0.00196607876569, 0.00855296850204]]
    },
    "scvalleys": {
        "kurt": [1.04194736481, -0.762635707855, -0.914308547974, -0.996774196625, -0.875836133957, 1.00448417664],
        "max": [-5.85197782516, -4.35442447662, -5.11861467361, -5.51784992218, -5.05684423447, -8.00702190399],
        "mean": [-10.6725292206, -8.57293605804, -9.71850776672, -10.6036977768, -11.169588089, -14.5652961731],
        "median": [-11.0066547394, -8.94807815552, -10.089723587, -11.0300159454, -11.8983764648, -15.520570755],
        "min": [-13.9433298111, -14.9372320175, -16.4327526093, -17.0701408386, -17.9182777405, -18.8075656891],
        "skew": [0.685229718685, 0.023217998445, 0.16168743372, 0.253529161215, 0.436752319336, 1.36921262741],
        "var": [2.06012129784, 4.91803598404, 6.28226280212, 6.48559761047, 7.74639940262, 5.39999771118],
        "cov": [[2.08227300644, 2.84780454636, 3.21577572823, 3.33129811287, 3.62965536118, 2.6741540432], [2.84780454636, 4.97091817856, 5.52501630783, 5.60230541229, 6.02727890015, 4.32981300354], [3.21577572823, 5.52501630783, 6.34981393814, 6.39985847473, 6.91295480728, 5.05375623703], [3.33129811287, 5.60230541229, 6.39985847473, 6.55533504486, 7.09999704361, 5.19712400436], [3.62965536118, 6.02727890015, 6.91295480728, 7.09999704361, 7.82969427109, 5.88197517395], [2.6741540432, 4.32981300354, 5.05375623703, 5.19712400436, 5.88197517395, 5.45806217194]]
    }
},
"rhythm": {
    "beats_loudness": {
        "kurt": 0.230018138885,
        "max": 0.00285307480954,
        "mean": 0.000611071125604,
        "median": 1.50680189108e-05,
        "min": 2.11753956592e-07,
        "skew": 1.48574948311,
        "var": 1.26154930058e-06
    },
    "bpm": 165.40625,
    "confidence": 0,
    "first_peak_bpm": {
        "kurt": 0,
        "max": 167,
        "mean": 167,
        "median": 167,
        "min": 167,
        "skew": 0,
        "var": 0
    },
    "first_peak_spread": {
        "kurt": 0,
        "max": 0,
        "mean": 0,
        "median": 0,
        "min": 0,
        "skew": 0,
        "var": 0
    },
    "first_peak_weight": {
        "kurt": 0,
        "max": 0.75,
        "mean": 0.75,
        "median": 0.75,
        "min": 0.75,
        "skew": 0,
        "var": 0
    },
    "onset_rate": 0.467170923948,
    "second_peak_bpm": {
        "kurt": 0,
        "max": 161,
        "mean": 161,
        "median": 161,
        "min": 161,
        "skew": 0,
        "var": 0
    },
    "second_peak_spread": {
        "kurt": 0,
        "max": 0,
        "mean": 0,
        "median": 0,
        "min": 0,
        "skew": 0,
        "var": 0
    },
    "second_peak_weight": {
        "kurt": 0,
        "max": 0.25,
        "mean": 0.25,
        "median": 0.25,
        "min": 0.25,
        "skew": 0,
        "var": 0
    },
    "beats_loudness_band_ratio": {
        "kurt": [0.0586392879486, -1.04328405857, -1.55165684223, -1.65555548668, 0.0822823047638, 0.218599796295],
        "max": [0.340424835682, 0.616609334946, 0.713671565056, 0.12591791153, 0.18768632412, 0.197566151619],
        "mean": [0.113678693771, 0.332461029291, 0.527455449104, 0.0679402425885, 0.051700014621, 0.0447057820857],
        "median": [0.072689473629, 0.256922155619, 0.597616910934, 0.0556042902172, 0.0208906736225, 0.00453412719071],
        "min": [0.0126087013632, 0.109145052731, 0.282368957996, 0.0117717217654, 0.00492745218799, 0.00102962716483],
        "skew": [1.33197760582, 0.437991768122, -0.369081020355, 0.15358170867, 1.38193488121, 1.4777494669],
        "var": [0.013433938846, 0.0306396223605, 0.0278813131154, 0.00203151907772, 0.00478026689962, 0.00587738817558],
        "cov": [[0.0167924240232, 0.0229050274938, -0.014462498948, -0.00468382146209, -0.00519179785624, -0.00510144792497], [0.0229050274938, 0.0382995270193, -0.0111336922273, -0.00874364934862, -0.0111707914621, -0.0112584447488], [-0.014462498948, -0.0111336922273, 0.0348516404629, 0.000340394908562, -0.00532171316445, -0.00683055631816], [-0.00468382146209, -0.00874364934862, 0.000340394908562, 0.00253939884715, 0.00299470848404, 0.00301362457685], [-0.00519179785624, -0.0111707914621, -0.00532171316445, 0.00299470848404, 0.0059753335081, 0.00658503174782], [-0.00510144792497, -0.0112584447488, -0.00683055631816, 0.00301362457685, 0.00658503174782, 0.00734673533589]]
    },
    "beats_position": [0.336689323187, 0.696598649025, 1.05650794506, 1.4164172411, 1.78793644905],
    "bpm_estimates": [166.708648682, 166.70866394, 166.70866394, 161.499053955],
    "bpm_intervals": [0.359909325838, 0.359909296036, 0.359909296036, 0.371519207954],
    "onset_times": [0.139319732785],
    "histogram": [[0, 0, 0, 0, 0, 0, 0, 0, 0, 0, 0, 0, 0, 0, 0, 0, 0, 0, 0, 0, 0, 0, 0, 0, 0, 0, 0, 0, 0, 0, 0, 0, 0, 0, 0, 0, 0, 0, 0, 0, 0, 0, 0, 0, 0, 0, 0, 0, 0, 0, 0, 0, 0, 0, 0, 0, 0, 0, 0, 0, 0, 0, 0, 0, 0, 0, 0, 0, 0, 0, 0, 0, 0, 0, 0, 0, 0, 0, 0, 0, 0, 0, 0, 0, 0, 0, 0, 0, 0, 0, 0, 0, 0, 0, 0, 0, 0, 0, 0, 0, 0, 0, 0, 0, 0, 0, 0, 0, 0, 0, 0, 0, 0, 0, 0, 0, 0, 0, 0, 0, 0, 0, 0, 0, 0, 0, 0, 0, 0, 0, 0, 0, 0, 0, 0, 0, 0, 0, 0, 0, 0, 0, 0, 0, 0, 0, 0, 0, 0, 0, 0, 0, 0, 0, 0, 0, 0, 0, 0, 0, 0, 0.25, 0, 0, 0, 0, 0, 0.75, 0, 0, 0, 0, 0, 0, 0, 0, 0, 0, 0, 0, 0, 0, 0, 0, 0, 0, 0, 0, 0, 0, 0, 0, 0, 0, 0, 0, 0, 0, 0, 0, 0, 0, 0, 0, 0, 0, 0, 0, 0, 0, 0, 0, 0, 0, 0, 0, 0, 0, 0, 0, 0, 0, 0, 0, 0, 0, 0, 0, 0, 0, 0, 0, 0, 0, 0, 0, 0, 0, 0, 0, 0, 0, 0, 0, 0, 0, 0, 0, 0, 0]]
},
"sfx": {
    "inharmonicity": {
        "kurt": -0.395186901093,
        "max": 0.355989217758,
        "mean": 0.0971290394664,
        "median": 0.064314186573,
        "min": 0,
        "skew": 0.879764080048,
        "var": 0.00928940344602
    },
    "oddtoevenharmonicenergyratio": {
        "kurt": 59.0136260986,
        "max": 19.0639209747,
        "mean": 0.952083170414,
        "median": 0.579428374767,
        "min": 0,
        "skew": 7.21771812439,
        "var": 4.31029748917
    },
    "pitch_after_max_to_before_max_energy_ratio": 1.69576084614,
    "pitch_centroid": 40.7010536194,
    "pitch_max_to_total": 0.0638297870755,
    "pitch_min_to_total": 0.436170220375,
    "tristimulus": {
        "kurt": [-0.925940036774, -0.536367177963, 0.33379650116],
        "max": [1, 0.771938920021, 0.915984153748],
        "mean": [0.339869201183, 0.360979735851, 0.299151062965],
        "median": [0.312872380018, 0.348833441734, 0.227608591318],
        "min": [0, 0, 0],
        "skew": [0.340609878302, 0.281790018082, 0.963957488537],
        "var": [0.0680183172226, 0.0271421466023, 0.040943287313],
        "cov": [[0.0687496960163, -0.0274000801146, -0.0413496270776], [-0.0274000801146, 0.0274339970201, -3.39218931913e-05], [-0.0413496270776, -3.39218931913e-05, 0.0413835383952]]
    }
},
"tonal": {
    "chords_changes_rate": 0.125,
    "chords_number_rate": 0.0833333358169,
    "chords_strength": {
        "kurt": -0.773066997528,
        "max": 0.453313350677,
        "mean": 0.401009887457,
        "median": 0.394441366196,
        "min": 0.336484849453,
        "skew": 0.11569005996,
        "var": 0.000944903644267
    },
    "key_strength": 0.455605894327,
    "tuning_diatonic_strength": 0.520952105522,
    "tuning_equal_tempered_deviation": 0.270727425814,
    "tuning_frequency": 440.254241943,
    "tuning_nontempered_energy_ratio": 0.891350567341,
    "hpcp": {
        "kurt": [-0.648057460785, -1.18399429321, -1.36955654621, -0.457691192627, 1.15818166733, 2.06233739853, 0.931120157242, -0.897322177887, -0.581622362137, 1.15491962433, 0.750002145767, 5.47622013092, 2.15585851669, 0.429357051849, 0.957005977631, 0.438196182251, 0.620054244995, 3.03518342972, 2.78395318985, 0.475498914719, 4.45303153992, 2.14434766769, 0.000115871429443, 1.12264299393, 1.46533679962, 1.12743616104, 6.25884246826, -0.278336524963, 1.20623397827, -0.484199047089, -1.23380923271, -0.228825807571, 1.43848371506, -0.691741228104, 0.764222860336, -0.838398218155],
        "max": [0.877372682095, 1, 1, 1, 1, 0.865805387497, 1, 1, 1, 1, 0.802134752274, 1, 0.930316507816, 0.806850135326, 0.753534138203, 0.715553283691, 0.752918541431, 1, 0.864745855331, 0.583798706532, 1, 1, 1, 1, 1, 0.776473462582, 1, 0.546298384666, 1, 1, 1, 1, 1, 0.806989967823, 0.939436852932, 0.605327069759],
        "mean": [0.296338379383, 0.452023655176, 0.463988900185, 0.341495752335, 0.251182883978, 0.21432043612, 0.292304456234, 0.37530502677, 0.366127222776, 0.304466515779, 0.224040880799, 0.186742559075, 0.201018989086, 0.20081795752, 0.172028496861, 0.171389743686, 0.183836504817, 0.193515539169, 0.172655701637, 0.153659895062, 0.18643130362, 0.257563352585, 0.280153214931, 0.237213015556, 0.212206289172, 0.192574217916, 0.161471888423, 0.155742749572, 0.217512428761, 0.351619869471, 0.427828788757, 0.340984970331, 0.250043779612, 0.24529235065, 0.222390577197, 0.20683324337],
        "median": [0.172693192959, 0.369743525982, 0.394188225269, 0.300867646933, 0.138931632042, 0.165297359228, 0.212341994047, 0.257655531168, 0.314283788204, 0.264786541462, 0.177228450775, 0.121152102947, 0.153677463531, 0.11980060488, 0.0841678529978, 0.0934815704823, 0.114994540811, 0.144440531731, 0.0822682976723, 0.0995094925165, 0.11417710036, 0.166455924511, 0.156568050385, 0.17226780951, 0.103967405856, 0.145350188017, 0.104031994939, 0.0944857895374, 0.110007606447, 0.236449897289, 0.274637758732, 0.315096229315, 0.172755390406, 0.108990944922, 0.101456254721, 0.164925292134],
        "min": [0, 0, 0, 0, 0, 0, 0, 0, 0, 0, 0, 0, 0, 0, 0, 0, 0, 0, 0, 0, 0, 0, 0, 0, 0, 0, 0, 0, 0, 0, 0, 0, 0, 0, 0, 0],
