{
"metadata": {
    "version": {
        "essentia": "2.1-beta3"
    }
},
"lowLevel": {
    "average_loudness": 0.979158222675,
    "barkbands_kurtosis": {
        "kurt": 4.97906780243,
        "max": 13.4472675323,
        "mean": 0.786479830742,
        "median": 0.149159669876,
        "min": -1.7987293005,
        "skew": 1.60013496876,
        "var": 3.96218037605
    },
    "barkbands_skewness": {
        "kurt": -0.564839839935,
        "max": 2.8038892746,
        "mean": -0.0828966870904,
        "median": 0.157995373011,
        "min": -3.28372454643,
        "skew": -0.41239413619,
        "var": 1.23488771915
    },
    "barkbands_spread": {
        "kurt": 0.0274715423584,
        "max": 67.6225585938,
        "mean": 25.1276073456,
        "median": 21.4525756836,
        "min": 5.5452132225,
        "skew": 0.882260799408,
        "var": 162.641769409
    },
    "dissonance": {
        "kurt": 7.5739440918,
        "max": 0.500000238419,
        "mean": 0.483330488205,
        "median": 0.489700108767,
        "min": 0.381452649832,
        "skew": -2.41983819008,
        "var": 0.000340522819897
    },
    "hfc": {
        "kurt": 10.7858362198,
        "max": 40.7674446106,
        "mean": 2.21558618546,
        "median": 0.00245544849895,
        "min": 1.06343782153e-16,
        "skew": 3.33569455147,
        "var": 44.0156440735
    },
    "pitch": {
        "kurt": 3.17278337479,
        "max": 4526.88134766,
        "mean": 866.764587402,
        "median": 432.460388184,
        "min": 105.464691162,
        "skew": 2.23741817474,
        "var": 1436296.125
    },
    "pitch_instantaneous_confidence": {
        "kurt": -0.488488674164,
        "max": 0.667709112167,
        "mean": 0.36578220129,
        "median": 0.391844063997,
        "min": 0.0967507362366,
        "skew": -0.512380123138,
        "var": 0.0153667777777
    },
    "pitch_salience": {
        "kurt": 3.04480409622,
        "max": 0.875851809978,
        "mean": 0.717709481716,
        "median": 0.733405470848,
        "min": 0.382334589958,
        "skew": -1.63485908508,
        "var": 0.00653609633446
    },
    "silence_rate_20dB": {
        "kurt": 0,
        "max": 1,
        "mean": 1,
        "median": 1,
        "min": 1,
        "skew": 0,
        "var": 0
    },
    "silence_rate_30dB": {
        "kurt": 0,
        "max": 1,
        "mean": 1,
        "median": 1,
        "min": 1,
        "skew": 0,
        "var": 0
    },
    "silence_rate_60dB": {
        "kurt": 5.62117576599,
        "max": 1,
        "mean": 0.904908001423,
        "median": 1,
        "min": 0,
        "skew": -2.76063942909,
        "var": 0.0860497504473
    },
    "spectral_centroid": {
        "kurt": 2.05747461319,
        "max": 11655.5126953,
        "mean": 2957.96508789,
        "median": 1692.24438477,
        "min": 406.889343262,
        "skew": 1.89990377426,
        "var": 10763869
    },
    "spectral_complexity": {
        "kurt": 7.42285728455,
        "max": 45,
        "mean": 3.23312878609,
        "median": 0,
        "min": 0,
        "skew": 2.94740438461,
        "var": 90.5162124634
    },
    "spectral_crest": {
        "kurt": 1.83569574356,
        "max": 16.0759353638,
        "mean": 6.46229076385,
        "median": 6.04779434204,
        "min": 2.72045207024,
        "skew": 1.29138576984,
        "var": 5.87465906143
    },
    "spectral_decrease": {
        "kurt": 18.9930915833,
        "max": 1.58634600436e-28,
        "mean": -1.6944567971e-10,
        "median": -3.6431667687e-13,
        "min": -4.38152270021e-09,
        "skew": -3.99072432518,
        "var": 2.7129719804e-19
    },
    "spectral_energy": {
        "kurt": 15.0057182312,
        "max": 0.0193127058446,
        "mean": 0.0008404875407,
        "median": 1.80561187335e-06,
        "min": 1.01584193102e-20,
        "skew": 3.69120121002,
        "var": 6.48874629405e-06
    },
    "spectral_energyband_high": {
        "kurt": 17.7322368622,
        "max": 0.0044615836814,
        "mean": 0.000191694387468,
        "median": 6.90766199796e-08,
        "min": 7.26723889244e-21,
        "skew": 4.01725578308,
        "var": 3.92368320945e-07
    },
    "spectral_energyband_low": {
        "kurt": 116.516181946,
        "max": 0.00350446789525,
        "mean": 4.02074911108e-05,
        "median": 9.37037469839e-08,
        "min": 2.69368925427e-23,
        "skew": 9.87919521332,
        "var": 6.37311927676e-08
    },
    "spectral_energyband_middle_high": {
        "kurt": 9.91569328308,
        "max": 0.00832476746291,
        "mean": 0.000472957734019,
        "median": 8.12028929431e-07,
        "min": 1.11078118193e-21,
        "skew": 3.20585012436,
        "var": 1.80934853233e-06
    },
    "spectral_energyband_middle_low": {
        "kurt": 66.3166427612,
        "max": 0.00796269346029,
        "mean": 0.000152930428158,
        "median": 4.4166873181e-07,
        "min": 1.68025328085e-22,
        "skew": 7.50580072403,
        "var": 4.82694986204e-07
    },
    "spectral_flatness_db": {
        "kurt": -0.753766298294,
        "max": 0.195376545191,
        "mean": 0.106312699616,
        "median": 0.104704961181,
        "min": 0.044282361865,
        "skew": 0.276893556118,
        "var": 0.00077171146404
    },
    "spectral_flux": {
        "kurt": 9.89259624481,
        "max": 0.137268766761,
        "mean": 0.00895970035344,
        "median": 0.000903416948859,
        "min": 6.34520005982e-11,
        "skew": 3.02563548088,
        "var": 0.000401538563892
    },
    "spectral_kurtosis": {
        "kurt": -0.169274568558,
        "max": 12.386054039,
        "mean": 3.39448904991,
        "median": 2.41443991661,
        "min": -1.249817729,
        "skew": 0.712621033192,
        "var": 10.9403333664
    },
    "spectral_rms": {
        "kurt": 5.85689258575,
        "max": 0.00434069847688,
        "mean": 0.00038046532427,
        "median": 4.1971088649e-05,
        "min": 3.14811891833e-12,
        "skew": 2.60871362686,
        "var": 6.7523370717e-07
    },
    "spectral_rolloff": {
        "kurt": 2.12972450256,
        "max": 19315.2832031,
        "mean": 5038.3046875,
        "median": 3466.84570312,
        "min": 172.265625,
        "skew": 1.91365385056,
        "var": 30008738
    },
    "spectral_skewness": {
        "kurt": -0.47157907486,
        "max": 3.09987092018,
        "mean": 1.43267643452,
        "median": 1.41060018539,
        "min": -0.0745913982391,
        "skew": -0.184821099043,
        "var": 0.623608708382
    },
    "spectral_spread": {
        "kurt": 2.38801288605,
        "max": 42727104,
        "mean": 11245629,
        "median": 7109222,
        "min": 2950315.5,
        "skew": 2.02859282494,
        "var": 1.35437364494e+14
    },
    "spectral_strongpeak": {
        "kurt": 35.2820014954,
        "max": 3.90602684021,
        "mean": 0.134043559432,
        "median": 0.00856005586684,
        "min": 0,
        "skew": 5.42460680008,
        "var": 0.190478891134
    },
    "zerocrossingrate": {
        "kurt": 1.91890048981,
        "max": 0.52197265625,
        "mean": 0.151798546314,
        "median": 0.0986328125,
        "min": 0.03857421875,
        "skew": 1.851090312,
        "var": 0.0200978834182
    },
    "barkbands": {
        "kurt": [70.3813552856, 96.9094085693, 169.002426147, 40.7451438904, 52.2822341919, 138.419937134, 74.2635116577, 32.7153892517, 64.0062637329, 18.2835121155, 23.4784030914, 94.400352478, 48.2531509399, 29.129699707, 18.1461963654, 16.3014354706, 75.2831115723, 16.6174564362, 10.2393083572, 20.8467197418, 25.8337612152, 19.9385223389, 30.4053230286, 37.1398582458, 30.2396125793, 55.9191169739, 66.5406341553],
        "max": [1.48596482177e-05, 0.00118745025247, 0.00201852037571, 0.000568651012145, 0.00188735523261, 0.00403968943283, 0.00114113069139, 0.000429634732427, 0.000763396616094, 0.00107082515024, 0.000817843829282, 0.0011093779467, 0.000840118445922, 0.000561245309655, 0.000484299962409, 0.000828178483061, 0.00236125406809, 0.00189076457173, 0.00142319966108, 0.00292304740287, 0.00250742724165, 0.000932253664359, 0.00046302867122, 0.000237308588112, 0.000136412141728, 1.33537514557e-05, 1.07200222033e-07],
        "mean": [2.21018197522e-07, 1.42844128277e-05, 1.89311540453e-05, 1.23558193081e-05, 3.65523301298e-05, 3.83667793358e-05, 2.21495229198e-05, 1.42750768646e-05, 1.67144007719e-05, 4.64822514914e-05, 3.09283786919e-05, 2.20106030611e-05, 2.34338822338e-05, 1.91282906599e-05, 2.07518405659e-05, 3.96688556066e-05, 4.98596164107e-05, 7.67878009356e-05, 9.00208542589e-05, 0.000106305189547, 8.18433909444e-05, 3.55595111614e-05, 1.30528214868e-05, 6.22793277216e-06, 4.29375540989e-06, 2.80795433127e-07, 1.74817493814e-09],
        "median": [9.52781853414e-10, 2.9827035064e-08, 4.62103209031e-08, 1.32988482449e-08, 3.38681473977e-08, 6.7424991812e-08, 1.00053973995e-07, 7.46401980223e-08, 4.2483190299e-08, 1.55132624968e-07, 6.64704771225e-08, 4.4649986819e-08, 4.5890800493e-08, 1.67539617735e-08, 1.67799427686e-08, 2.0056239336e-08, 1.94706046841e-08, 3.2762802249e-08, 4.52054464972e-08, 4.65649314663e-08, 3.15015427077e-08, 1.03644524074e-08, 3.0433044973e-09, 1.86049864404e-09, 1.13327969231e-09, 6.64295979336e-11, 1.51110157373e-12],
        "min": [1.87666139003e-25, 5.54492854635e-24, 1.22095473289e-24, 1.85000109618e-24, 9.87292081726e-24, 1.10366271254e-23, 8.73568000363e-24, 3.95787806127e-24, 1.90969877627e-23, 2.93529368371e-23, 2.67506992809e-23, 1.99209845327e-23, 2.29875377291e-23, 3.35969864191e-23, 5.04583486873e-23, 5.8116929055e-23, 9.25595301883e-23, 1.069354852e-22, 1.3143553592e-22, 1.81771917245e-22, 2.34618340374e-22, 3.30951535009e-22, 4.55204549184e-22, 6.93374505437e-22, 9.07537695161e-22, 1.49118460218e-21, 1.93156911815e-21],
        "skew": [8.21405506134, 9.50509357452, 11.9945020676, 6.30963897705, 7.01027393341, 11.2408494949, 8.03857326508, 5.42008018494, 7.31153821945, 4.03360652924, 4.55258321762, 8.31064510345, 6.1395816803, 4.60056400299, 3.94427347183, 3.87872505188, 7.39377212524, 3.80815315247, 3.31827998161, 4.13960552216, 4.53114318848, 4.32282209396, 5.02901744843, 5.54737567902, 5.18155384064, 7.00710773468, 7.89770078659],
        "var": [2.05644659287e-12, 9.93719329045e-09, 1.71241723024e-08, 4.33687485923e-09, 3.93888832662e-08, 8.11940239487e-08, 1.08105941976e-08, 2.68541833215e-09, 4.95774266085e-09, 1.90257090082e-08, 1.03775086302e-08, 6.79917944169e-09, 6.46229381118e-09, 3.27509486198e-09, 3.6520766411e-09, 1.46048195759e-08, 3.49323201476e-08, 5.52578356405e-08, 7.30238909341e-08, 1.1379820819e-07, 7.42120747077e-08, 1.58237885017e-08, 2.40299335985e-09, 5.85317294632e-10, 2.76777184505e-10, 1.83069857017e-12, 1.04549329619e-16],
        "cov": [[2.06277421359e-12, 1.01577579681e-10, 1.27582638898e-10, 6.39585467921e-11, 1.93747268229e-10, 2.63256583199e-10, 1.17256121479e-10, 3.83253359604e-11, 4.25261943715e-11, 5.20482060229e-11, 6.85692128077e-11, 6.35403951676e-11, 2.22340444667e-11, 4.51810429347e-11, 3.14758011322e-11, 6.02226254975e-11, 6.175882028e-11, 1.19344589766e-10, 1.49563070262e-10, 3.08532865922e-10, 2.30639063403e-10, 1.07337916333e-10, 4.62039607962e-11, 2.22689870016e-11, 1.58308158249e-11, 1.30116577235e-12, 9.72395602217e-15], [1.01577579681e-10, 9.96776972073e-09, 1.03614841152e-08, 5.10953857003e-09, 1.71680092365e-08, 2.19440767779e-08, 8.69679173121e-09, 2.94027979741e-09, 2.29718888356e-09, 2.83169621085e-09, 4.11547240731e-09, 4.90796470132e-09, 1.47894241298e-09, 2.166662183e-09, 1.77641545918e-09, 2.54818544043e-09, 3.88421561581e-09, 7.30909333058e-09, 9.05821462283e-09, 1.58368660408e-08, 1.17179572712e-08, 7.35188132595e-09, 2.85292034441e-09, 1.92588300862e-09, 1.17446263825e-09, 1.00107012957e-10, 6.99250932764e-13], [1.27582638898e-10, 1.03614841152e-08, 1.71768625989e-08, 6.66371047231e-09, 2.00126137884e-08, 3.22010187404e-08, 1.07029327623e-08, 3.22268256525e-09, 3.49398421307e-09, 4.73112926613e-09, 7.2802497364e-09, 9.11925024383e-09, 3.36238725751e-09, 3.33990035628e-09, 3.06473868505e-09, 5.06061859085e-09, 7.50423279072e-09, 1.26221033625e-08, 1.43782132866e-08, 2.39363000532e-08, 1.79772516873e-08, 8.69970406825e-09, 3.42628281302e-09, 2.11906536762e-09, 1.3610025329e-09, 1.07455169762e-10, 8.60801284853e-13], [6.39585467921e-11, 5.10953857003e-09, 6.66371047231e-09, 4.3502192959e-09, 1.05262669692e-08, 1.42399834147e-08, 5.60309798558e-09, 2.02642391756e-09, 1.74459513502e-09, 3.04462344225e-09, 2.90462764951e-09, 3.5508513907e-09, 2.25535812248e-09, 2.21752749496e-09, 2.03144412403e-09, 3.22612048187e-09, 5.6971369844e-09, 7.40357597451e-09, 8.11695866076e-09, 1.30194575121e-08, 1.11930038571e-08, 5.62561730533e-09, 2.24488849732e-09, 1.20169652007e-09, 7.93021648349e-10, 6.29295365817e-11, 4.40050529652e-13], [1.93747268229e-10, 1.71680092365e-08, 2.00126137884e-08, 1.05262669692e-08, 3.95100805406e-08, 4.65570266783e-08, 1.77973848992e-08, 7.15882997326e-09, 6.63144339441e-09, 9.57690016179e-09, 1.05317621291e-08, 1.05908712911e-08, 4.13570910851e-09, 5.23082999138e-09, 4.96400831551e-09, 6.89569867873e-09, 1.09755911026e-08, 2.05453822844e-08, 2.58822492327e-08, 3.7030755351e-08, 3.0592207878e-08, 1.90754469998e-08, 7.32886151766e-09, 4.11626110974e-09, 2.66783306557e-09, 2.25168786394e-10, 1.61659932402e-12], [2.63256583199e-10, 2.19440767779e-08, 3.22010187404e-08, 1.42399834147e-08, 4.65570266783e-08, 8.14438507746e-08, 2.69200945979e-08, 6.16019457667e-09, 5.87291992815e-09, 8.89577478347e-09, 1.47835903519e-08, 1.64117874846e-08, 4.25644364199e-09, 4.94658092265e-09, 4.28500035454e-09, 5.72675684651e-09, 7.84009834831e-09, 1.94896259131e-08, 2.69017697008e-08, 3.96571309125e-08, 3.11267527309e-08, 1.7773439609e-08, 7.1521899514e-09, 4.19719148326e-09, 2.52220333508e-09, 2.1538726358e-10, 1.63938318216e-12], [1.17256121479e-10, 8.69679173121e-09, 1.07029327623e-08, 5.60309798558e-09, 1.77973848992e-08, 2.69200945979e-08, 1.08438573676e-08, 3.30624860823e-09, 3.0691817976e-09, 5.24964649529e-09, 6.21754425723e-09, 5.77252645684e-09, 2.77198219933e-09, 3.16937120992e-09, 2.52183141036e-09, 4.61348026448e-09, 5.90407633894e-09, 1.09632560807e-08, 1.42674227988e-08, 2.12746176231e-08, 1.70358323004e-08, 8.721650957e-09, 3.4960427886e-09, 1.92035454205e-09, 1.22961274496e-09, 1.02840687355e-10, 7.30128034854e-13], [3.83253359604e-11, 2.94027979741e-09, 3.22268256525e-09, 2.02642391756e-09, 7.15882997326e-09, 6.16019457667e-09, 3.30624860823e-09, 2.69368105599e-09, 2.56248289254e-09, 4.36770175583e-09, 3.51529805265e-09, 2.27079022252e-09, 1.94476701409e-09, 2.09488271175e-09, 1.95727301033e-09, 4.17250056728e-09, 5.37840438852e-09, 8.36296187856e-09, 9.63693302936e-09, 1.33573792027e-08, 1.12358051751e-08, 5.51286971628e-09, 2.0938515366e-09, 1.06112929554e-09, 7.32303162554e-10, 6.00176366938e-11, 4.41532119026e-13], [4.25261943715e-11, 2.29718888356e-09, 3.49398421307e-09, 1.74459513502e-09, 6.63144339441e-09, 5.87291992815e-09, 3.0691817976e-09, 2.56248289254e-09, 4.97299712521e-09, 6.71572353284e-09, 4.95209739881e-09, 2.978817637e-09, 2.5634270262e-09, 2.33034636032e-09, 2.33520824899e-09, 4.72972949694e-09, 7.09749992112e-09, 9.18767106839e-09, 1.31062760644e-08, 1.47075605028e-08, 1.14487193059e-08, 6.37681596416e-09, 2.1862880395e-09, 1.10167230893e-09, 7.80583875315e-10, 5.25751560343e-11, 3.36076733934e-13], [5.20482060229e-11, 2.83169621085e-09, 4.73112926613e-09, 3.04462344225e-09, 9.57690016179e-09, 8.89577478347e-09, 5.24964649529e-09, 4.36770175583e-09, 6.71572353284e-09, 1.90842488479e-08, 1.01840162969e-08, 6.3048761767e-09, 8.15811507238e-09, 4.87888973666e-09, 6.0665570345e-09, 1.31213866439e-08, 1.98191649758e-08, 2.70779292322e-08, 3.38275683021e-08, 3.58963525571e-08, 2.73776858961e-08, 1.2524028925e-08, 4.48306813894e-09, 2.03341143923e-09, 1.42808675996e-09, 8.56221135659e-11, 4.38584417265e-13], [6.85692128077e-11, 4.11547240731e-09, 7.2802497364e-09, 2.90462764951e-09, 1.05317621291e-08, 1.47835903519e-08, 6.21754425723e-09, 3.51529805265e-09, 4.95209739881e-09, 1.01840162969e-08, 1.04094395326e-08, 6.36898978001e-09, 4.49109061051e-09, 3.87062115692e-09, 3.91691390433e-09, 8.86606432715e-09, 1.03855635203e-08, 1.75987668882e-08, 2.25410641264e-08, 2.74429137193e-08, 2.02757490797e-08, 9.21381460017e-09, 3.37982708487e-09, 1.71288883077e-09, 1.11878029063e-09, 7.60998278282e-11, 5.3416982209e-13], [6.35403951676e-11, 4.90796470132e-09, 9.11925024383e-09, 3.5508513907e-09, 1.05908712911e-08, 1.64117874846e-08, 5.77252645684e-09, 2.27079022252e-09, 2.978817637e-09, 6.3048761767e-09, 6.36898978001e-09, 6.82010004027e-09, 3.98401978075e-09, 3.00564151345e-09, 3.27414828583e-09, 5.61211388472e-09, 8.19939582897e-09, 1.29556454453e-08, 1.56345496549e-08, 1.92861353554e-08, 1.51889381073e-08, 7.16581149973e-09, 2.65065924765e-09, 1.42926548374e-09, 9.51095313617e-10, 6.46348183309e-11, 4.64319175556e-13], [2.22340444667e-11, 1.47894241298e-09, 3.36238725751e-09, 2.25535812248e-09, 4.13570910851e-09, 4.25644364199e-09, 2.77198219933e-09, 1.94476701409e-09, 2.5634270262e-09, 8.15811507238e-09, 4.49109061051e-09, 3.98401978075e-09, 6.48217790555e-09, 2.87560841805e-09, 3.29923199871e-09, 6.98007429634e-09, 1.27232135938e-08, 1.57398609701e-08, 1.70511391673e-08, 1.68613549789e-08, 1.41303377887e-08, 5.8046878415e-09, 2.20073737012e-09, 1.06568176506e-09, 8.03417388173e-10, 4.60428084548e-11, 2.37431602157e-13], [4.51810429347e-11, 2.166662183e-09, 3.33990035628e-09, 2.21752749496e-09, 5.23082999138e-09, 4.94658092265e-09, 3.16937120992e-09, 2.09488271175e-09, 2.33034636032e-09, 4.87888973666e-09, 3.87062115692e-09, 3.00564151345e-09, 2.87560841805e-09, 3.28517213433e-09, 3.00272029463e-09, 5.47896350511e-09, 6.10824058001e-09, 1.03343262836e-08, 1.19081429162e-08, 1.69479434931e-08, 1.40074707389e-08, 5.62093527279e-09, 2.13142925531e-09, 9.4924579308e-10, 6.81336653763e-10, 4.78046768837e-11, 3.46499874149e-13], [3.14758011322e-11, 1.77641545918e-09, 3.06473868505e-09, 2.03144412403e-09, 4.96400831551e-09, 4.28500035454e-09, 2.52183141036e-09, 1.95727301033e-09, 2.33520824899e-09, 6.0665570345e-09, 3.91691390433e-09, 3.27414828583e-09, 3.29923199871e-09, 3.00272029463e-09, 3.66331387447e-09, 5.83580961333e-09, 7.5888850759e-09, 1.18577485608e-08, 1.32131052766e-08, 1.67025593356e-08, 1.32838868794e-08, 5.84781467694e-09, 2.11915018866e-09, 9.27636856218e-10, 6.49301890032e-10, 3.97061862556e-11, 2.5763779673e-13], [6.02226254975e-11, 2.54818544043e-09, 5.06061859085e-09, 3.22612048187e-09, 6.89569867873e-09, 5.72675684651e-09, 4.61348026448e-09, 4.17250056728e-09, 4.72972949694e-09, 1.31213866439e-08, 8.86606432715e-09, 5.61211388472e-09, 6.98007429634e-09, 5.47896350511e-09, 5.83580961333e-09, 1.46497569631e-08, 1.77289223302e-08, 2.36141772803e-08, 2.66273119109e-08, 3.51491387107e-08, 2.67213060567e-08, 1.01972066346e-08, 3.84508069828e-09, 1.6873641373e-09, 1.27552990392e-09, 8.16248318936e-11, 5.33239413996e-13], [6.175882028e-11, 3.88421561581e-09, 7.50423279072e-09, 5.6971369844e-09, 1.09755911026e-08, 7.84009834831e-09, 5.90407633894e-09, 5.37840438852e-09, 7.09749992112e-09, 1.98191649758e-08, 1.03855635203e-08, 8.19939582897e-09, 1.27232135938e-08, 6.10824058001e-09, 7.5888850759e-09, 1.77289223302e-08, 3.50398075e-08, 3.37540093653e-08, 3.73612394355e-08, 4.10753884239e-08, 3.17617470103e-08, 1.442461528e-08, 5.22989695995e-09, 2.53256748906e-09, 1.95761518107e-09, 1.14185813582e-10, 5.68581585893e-13], [1.19344589766e-10, 7.30909333058e-09, 1.26221033625e-08, 7.40357597451e-09, 2.05453822844e-08, 1.94896259131e-08, 1.09632560807e-08, 8.36296187856e-09, 9.18767106839e-09, 2.70779292322e-08, 1.75987668882e-08, 1.29556454453e-08, 1.57398609701e-08, 1.03343262836e-08, 1.18577485608e-08, 2.36141772803e-08, 3.37540093653e-08, 5.54278578591e-08, 5.91103059833e-08, 6.73400464279e-08, 5.5973618629e-08, 2.27246061968e-08, 8.925048256e-09, 3.93889276751e-09, 2.86665402527e-09, 1.89076060364e-10, 1.27126694588e-12], [1.49563070262e-10, 9.05821462283e-09, 1.43782132866e-08, 8.11695866076e-09, 2.58822492327e-08, 2.69017697008e-08, 1.42674227988e-08, 9.63693302936e-09, 1.31062760644e-08, 3.38275683021e-08, 2.25410641264e-08, 1.56345496549e-08, 1.70511391673e-08, 1.19081429162e-08, 1.32131052766e-08, 2.66273119109e-08, 3.73612394355e-08, 5.91103059833e-08, 7.3248578758e-08, 7.89175516047e-08, 6.44217905688e-08, 2.8623880155e-08, 1.08269011534e-08, 4.91185536688e-09, 3.45130302115e-09, 2.25441845747e-10, 1.38974389722e-12], [3.08532865922e-10, 1.58368660408e-08, 2.39363000532e-08, 1.30194575121e-08, 3.7030755351e-08, 3.96571309125e-08, 2.12746176231e-08, 1.33573792027e-08, 1.47075605028e-08, 3.58963525571e-08, 2.74429137193e-08, 1.92861353554e-08, 1.68613549789e-08, 1.69479434931e-08, 1.67025593356e-08, 3.51491387107e-08, 4.10753884239e-08, 6.73400464279e-08, 7.89175516047e-08, 1.14148356545e-07, 8.64683897817e-08, 3.54035805117e-08, 1.38964937335e-08, 6.30845820027e-09, 4.45800951709e-09, 3.16062287453e-10, 2.2552350612e-12], [2.30639063403e-10, 1.17179572712e-08, 1.79772516873e-08, 1.11930038571e-08, 3.0592207878e-08, 3.11267527309e-08, 1.70358323004e-08, 1.12358051751e-08, 1.14487193059e-08, 2.73776858961e-08, 2.02757490797e-08, 1.51889381073e-08, 1.41303377887e-08, 1.40074707389e-08, 1.32838868794e-08, 2.67213060567e-08, 3.17617470103e-08, 5.5973618629e-08, 6.44217905688e-08, 8.64683897817e-08, 7.44404218267e-08, 3.00889944072e-08, 1.20010961169e-08, 5.17697396063e-09, 3.76119313472e-09, 2.79951395399e-10, 2.0403895587e-12], [1.07337916333e-10, 7.35188132595e-09, 8.69970406825e-09, 5.62561730533e-09, 1.90754469998e-08, 1.7773439609e-08, 8.721650957e-09, 5.51286971628e-09, 6.37681596416e-09, 1.2524028925e-08, 9.21381460017e-09, 7.16581149973e-09, 5.8046878415e-09, 5.62093527279e-09, 5.84781467694e-09, 1.01972066346e-08, 1.442461528e-08, 2.27246061968e-08, 2.8623880155e-08, 3.54035805117e-08, 3.00889944072e-08, 1.58724766663e-08, 5.90552451385e-09, 2.80390222152e-09, 1.94899318906e-09, 1.45150169661e-10, 9.63026208257e-13], [4.62039607962e-11, 2.85292034441e-09, 3.42628281302e-09, 2.24488849732e-09, 7.32886151766e-09, 7.1521899514e-09, 3.4960427886e-09, 2.0938515366e-09, 2.1862880395e-09, 4.48306813894e-09, 3.37982708487e-09, 2.65065924765e-09, 2.20073737012e-09, 2.13142925531e-09, 2.11915018866e-09, 3.84508069828e-09, 5.22989695995e-09, 8.925048256e-09, 1.08269011534e-08, 1.38964937335e-08, 1.20010961169e-08, 5.90552451385e-09, 2.41038722315e-09, 1.07986308784e-09, 7.6944556282e-10, 5.99442856464e-11, 4.12773737716e-13], [2.22689870016e-11, 1.92588300862e-09, 2.11906536762e-09, 1.20169652007e-09, 4.11626110974e-09, 4.19719148326e-09, 1.92035454205e-09, 1.06112929554e-09, 1.10167230893e-09, 2.03341143923e-09, 1.71288883077e-09, 1.42926548374e-09, 1.06568176506e-09, 9.4924579308e-10, 9.27636856218e-10, 1.6873641373e-09, 2.53256748906e-09, 3.93889276751e-09, 4.91185536688e-09, 6.30845820027e-09, 5.17697396063e-09, 2.80390222152e-09, 1.07986308784e-09, 5.87118242912e-10, 3.9107753147e-10, 3.06594055699e-11, 2.05885560879e-13], [1.58308158249e-11, 1.17446263825e-09, 1.3610025329e-09, 7.93021648349e-10, 2.66783306557e-09, 2.52220333508e-09, 1.22961274496e-09, 7.32303162554e-10, 7.80583875315e-10, 1.42808675996e-09, 1.11878029063e-09, 9.51095313617e-10, 8.03417388173e-10, 6.81336653763e-10, 6.49301890032e-10, 1.27552990392e-09, 1.95761518107e-09, 2.86665402527e-09, 3.45130302115e-09, 4.45800951709e-09, 3.76119313472e-09, 1.94899318906e-09, 7.6944556282e-10, 3.9107753147e-10, 2.77628808831e-10, 2.15683547411e-11, 1.45925616426e-13], [1.30116577235e-12, 1.00107012957e-10, 1.07455169762e-10, 6.29295365817e-11, 2.25168786394e-10, 2.1538726358e-10, 1.02840687355e-10, 6.00176366938e-11, 5.25751560343e-11, 8.56221135659e-11, 7.60998278282e-11, 6.46348183309e-11, 4.60428084548e-11, 4.78046768837e-11, 3.97061862556e-11, 8.16248318936e-11, 1.14185813582e-10, 1.89076060364e-10, 2.25441845747e-10, 3.16062287453e-10, 2.79951395399e-10, 1.45150169661e-10, 5.99442856464e-11, 3.06594055699e-11, 2.15683547411e-11, 1.83633143414e-12, 1.31437914074e-14], [9.72395602217e-15, 6.99250932764e-13, 8.60801284853e-13, 4.40050529652e-13, 1.61659932402e-12, 1.63938318216e-12, 7.30128034854e-13, 4.41532119026e-13, 3.36076733934e-13, 4.38584417265e-13, 5.3416982209e-13, 4.64319175556e-13, 2.37431602157e-13, 3.46499874149e-13, 2.5763779673e-13, 5.33239413996e-13, 5.68581585893e-13, 1.27126694588e-12, 1.38974389722e-12, 2.2552350612e-12, 2.0403895587e-12, 9.63026208257e-13, 4.12773737716e-13, 2.05885560879e-13, 1.45925616426e-13, 1.31437914074e-14, 1.04871016851e-16]]
    },
    "mfcc": {
        "kurt": [0.506583690643, -1.34969127178, -0.762229442596, -0.308975219727, -0.88747382164, -0.22558760643, -0.0499458312988, 0.0238046646118, 1.73585653305, 0.453427553177, -0.15124297142, 0.405177593231, 1.55829620361],
        "max": [-575.484741211, 103.805915833, 29.1468849182, 53.3046760559, 17.5917816162, 22.08644104, 19.9077949524, 17.3438491821, 15.523639679, 12.3301258087, 10.1283760071, 14.012840271, 14.1006317139],
        "mean": [-1004.71459961, 42.8331413269, -14.6001205444, 5.24574661255, -11.695230484, -4.72280836105, 3.01747965813, -0.485202729702, -0.241176247597, -1.35134124756, -1.760658741, -0.782875835896, 1.69680976868],
        "median": [-1076.05664062, 39.8039245605, -6.103515625e-05, 3.24016189575, -11.5962963104, -3.57765960693, 1.52265357971, -5.34057617188e-05, -4.57763671875e-05, -2.28881835938e-05, -2.67028808594e-05, -3.0517578125e-05, 1.19701385498],
        "min": [-1138.42004395, -14.2389984131, -96.8670349121, -35.7193069458, -41.721622467, -29.77135849, -17.6733779907, -19.0239868164, -25.3011245728, -22.8566551208, -18.0529460907, -17.564031601, -18.644618988],
        "skew": [1.31420433521, 0.192180737853, -0.827322721481, 0.00144320132677, -0.0905346125364, -0.0821815207601, 0.168690890074, -0.138221666217, -0.87588763237, -0.553397655487, -0.520758748055, -0.529648900032, -0.416032969952],
        "var": [25728.9082031, 1142.15844727, 1122.42785645, 339.763549805, 196.517944336, 84.7247619629, 43.6027259827, 36.4740600586, 38.5048942566, 34.6187210083, 27.9081096649, 27.0257472992, 22.6429767609],
        "cov": [[25808.0742188, 2365.96875, -3931.99414062, 1216.48828125, -1456.10705566, -386.331634521, -82.1671829224, -229.66267395, -179.01675415, -434.275085449, -361.245117188, -374.217926025, -227.634140015], [2365.96875, 1145.67272949, -564.530029297, -240.188659668, -280.677947998, -204.018081665, -52.1477470398, -60.1976127625, -65.2039794922, -91.1308746338, -79.071434021, -36.5977325439, 2.08822798729], [-3931.99414062, -564.530029297, 1125.88146973, -112.085578918, 309.641906738, 131.157974243, 19.3065166473, 85.9661178589, 37.666305542, 84.5705337524, 75.5474777222, 72.9094696045, 35.4852218628], [1216.48828125, -240.188659668, -112.085578918, 340.808959961, -9.39748859406, 57.6933479309, 53.2802658081, -2.96077108383, 21.1807441711, 14.2734527588, 10.802564621, -6.92550706863, -8.38913249969], [-1456.10705566, -280.677947998, 309.641906738, -9.39748859406, 197.12260437, 83.2527694702, 12.0183582306, 34.1821136475, 15.962937355, 36.6964988708, 32.6486930847, 27.9274463654, 7.31073856354], [-386.331634521, -204.018081665, 131.157974243, 57.6933479309, 83.2527694702, 84.985458374, 20.531917572, 22.7834014893, 18.8345146179, 18.5820960999, 23.5574874878, 13.026930809, 1.42205739021], [-82.1671829224, -52.1477470398, 19.3065166473, 53.2802658081, 12.0183582306, 20.531917572, 43.7368888855, 12.0578708649, 12.7210378647, 14.9117851257, 5.56606292725, 4.38934230804, 3.37963676453], [-229.66267395, -60.1976127625, 85.9661178589, -2.96077108383, 34.1821136475, 22.7834014893, 12.0578708649, 36.5862884521, 22.5668830872, 11.9008560181, 8.78175067902, 4.71994304657, -0.36935916543], [-179.01675415, -65.2039794922, 37.666305542, 21.1807441711, 15.962937355, 18.8345146179, 12.7210378647, 22.5668830872, 38.6233711243, 22.4828338623, 6.58805084229, 3.11013245583, 2.40547156334], [-434.275085449, -91.1308746338, 84.5705337524, 14.2734527588, 36.6964988708, 18.5820960999, 14.9117851257, 11.9008560181, 22.4828338623, 34.7252388, 14.5032215118, 8.50794696808, 6.76962804794], [-361.245117188, -79.071434021, 75.5474777222, 10.802564621, 32.6486930847, 23.5574874878, 5.56606292725, 8.78175067902, 6.58805084229, 14.5032215118, 27.9939823151, 17.1913280487, 5.40633201599], [-374.217926025, -36.5977325439, 72.9094696045, -6.92550706863, 27.9274463654, 13.026930809, 4.38934230804, 4.71994304657, 3.11013245583, 8.50794696808, 17.1913280487, 27.1089038849, 13.2313232422], [-227.634140015, 2.08822798729, 35.4852218628, -8.38913249969, 7.31073856354, 1.42205739021, 3.37963676453, -0.36935916543, 2.40547156334, 6.76962804794, 5.40633201599, 13.2313232422, 22.7126464844]]
    },
    "sccoeffs": {
        "kurt": [0.540790081024, 1.19120597839, -0.285125732422, -0.135979652405, -0.118417024612, -0.711659431458],
        "max": [-0.651328146458, -0.640487372875, -0.715119898319, -0.702432155609, -0.718716263771, -0.716859579086],
        "mean": [-0.839744448662, -0.865942299366, -0.857579827309, -0.858031928539, -0.865943193436, -0.852156937122],
        "median": [-0.837430596352, -0.863505363464, -0.854090452194, -0.854408740997, -0.869022607803, -0.85915941],
        "min": [-0.978462815285, -0.973797380924, -0.975399911404, -0.972062468529, -0.96420609951, -0.964062273502],
        "skew": [0.164017051458, 0.147521302104, -0.275416582823, -0.177448287606, 0.136477842927, 0.0845976471901],
        "var": [0.00448208255693, 0.00282293907367, 0.00328083126806, 0.00301885721274, 0.00287133431993, 0.00415390683338],
        "cov": [[0.00449587358162, 0.00233506411314, 0.00256686913781, 0.0025779241696, 0.00268955249339, 0.00314581347629], [0.00233506411314, 0.00283162505366, 0.00202954793349, 0.00205632671714, 0.00204846519046, 0.00242486339994], [0.00256686913781, 0.00202954793349, 0.00329092610627, 0.00259759719484, 0.0024750023149, 0.00291706412099], [0.0025779241696, 0.00205632671714, 0.00259759719484, 0.00302814599127, 0.00254362402484, 0.00294201332144], [0.00268955249339, 0.00204846519046, 0.0024750023149, 0.00254362402484, 0.00288016931154, 0.00323459180072], [0.00314581347629, 0.00242486339994, 0.00291706412099, 0.00294201332144, 0.00323459180072, 0.00416668830439]]
    },
    "scvalleys": {
        "kurt": [2.24244117737, 2.01384925842, 1.81307792664, 1.72146558762, 1.73016452789, 1.73131847382],
        "max": [-4.85680103302, -5.34196567535, -5.30355215073, -5.80371999741, -5.82098293304, -7.09848594666],
        "mean": [-12.2203330994, -11.7643814087, -11.9282178879, -12.4432582855, -12.5879173279, -14.0808086395],
        "median": [-10.3886508942, -9.912733078, -10.2247409821, -11.0605068207, -11.1953115463, -12.9793977737],
        "min": [-28.0779914856, -27.722038269, -27.7336883545, -27.6079101562, -27.5963783264, -27.4172668457],
        "skew": [-1.9400254488, -1.85847055912, -1.76930236816, -1.71589815617, -1.70150446892, -1.67281866074],
        "var": [36.4717979431, 39.2774887085, 39.1264724731, 37.258769989, 36.7148399353, 29.5797843933],
        "cov": [[36.5840187073, 37.7013473511, 37.4990463257, 36.5335464478, 36.2718734741, 32.5301475525], [37.7013473511, 39.3983459473, 39.2139091492, 38.1654434204, 37.7132568359, 33.6766357422], [37.4990463257, 39.2139091492, 39.2468643188, 38.1907157898, 37.7095336914, 33.6293029785], [36.5335464478, 38.1654434204, 38.1907157898, 37.3734130859, 36.9475402832, 32.9498329163], [36.2718734741, 37.7132568359, 37.7095336914, 36.9475402832, 36.8278083801, 32.9369277954], [32.5301475525, 33.6766357422, 33.6293029785, 32.9498329163, 32.9369277954, 29.6707992554]]
    }
},
"rhythm": {
    "beats_loudness": {
        "kurt": 1.1564116478,
        "max": 0.00474701216444,
        "mean": 0.00085542810848,
        "median": 3.37378219228e-06,
        "min": 0,
        "skew": 1.58112692833,
        "var": 2.32267507272e-06
    },
    "bpm": 96.8000640869,
    "confidence": 3.35817027092,
    "first_peak_bpm": {
        "kurt": 0,
        "max": 98,
        "mean": 98,
        "median": 98,
        "min": 98,
        "skew": 0,
        "var": 0
    },
    "first_peak_spread": {
        "kurt": 0,
        "max": 0.399999976158,
        "mean": 0.399999976158,
        "median": 0.399999976158,
        "min": 0.399999976158,
        "skew": 0,
        "var": 0
    },
    "first_peak_weight": {
        "kurt": 0,
        "max": 0.600000023842,
        "mean": 0.600000023842,
        "median": 0.600000023842,
        "min": 0.600000023842,
        "skew": 0,
        "var": 0
    },
    "onset_rate": 0.530505537987,
    "second_peak_bpm": {
        "kurt": 0,
        "max": 0,
        "mean": 0,
        "median": 0,
        "min": 0,
        "skew": 0,
        "var": 0
    },
    "second_peak_spread": {
        "kurt": 0,
        "max": 0,
        "mean": 0,
        "median": 0,
        "min": 0,
        "skew": 0,
        "var": 0
    },
    "second_peak_weight": {
        "kurt": 0,
        "max": 0,
        "mean": 0,
        "median": 0,
        "min": 0,
        "skew": 0,
        "var": 0
    },
    "beats_loudness_band_ratio": {
        "kurt": [0.678696632385, -1.20777988434, -0.522760868073, -0.840412139893, -0.706781625748, -1.09674811363],
        "max": [0.522732079029, 0.104951225221, 0.29833060503, 0.501177310944, 0.368401497602, 0.675097465515],
        "mean": [0.111823342741, 0.0434910990298, 0.118100471795, 0.196158930659, 0.184392750263, 0.276884436607],
        "median": [0.0287418439984, 0.0271269995719, 0.0940667614341, 0.162124320865, 0.158087268472, 0.259716391563],
        "min": [0, 0, 0, 0, 0, 0],
        "skew": [1.6226927042, 0.381835520267, 0.797979056835, 0.639077961445, 0.310701668262, 0.457340627909],
        "var": [0.0377694219351, 0.00106968905311, 0.00806437805295, 0.0238617658615, 0.0115780476481, 0.0533352233469],
        "cov": [[0.0415463633835, 0.00428408617154, -0.0020512950141, -0.0116166211665, -0.00364616094157, -0.0159796215594], [0.00428408617154, 0.00117665785365, 0.0020685903728, 0.00229296134785, -0.000772425264586, -0.00427882792428], [-0.0020512950141, 0.0020685903728, 0.00887081585824, 0.0129541903734, -0.00114886730444, -0.00783429574221], [-0.0116166211665, 0.00229296134785, 0.0129541903734, 0.0262479428202, 0.00420873844996, -0.0124373566359], [-0.00364616094157, -0.000772425264586, -0.00114886730444, 0.00420873844996, 0.0127358529717, 0.00715763773769], [-0.0159796215594, -0.00427882792428, -0.00783429574221, -0.0124373566359, 0.00715763773769, 0.058668743819]]
    },
    "beats_position": [0.615328788757, 1.24226760864, 1.86920630932, 2.50775504112, 3.11147379875, 3.72680258751, 4.34213161469, 4.95746040344, 5.5727891922, 6.18811798096, 6.81505680084],
    "bpm_estimates": [95.7031173706, 95.7031326294, 93.9630737305, 99.3840255737, 97.5088424683, 97.5088043213, 97.5088424683, 97.5088424683, 97.5088424683, 95.7031173706],
    "bpm_intervals": [0.626938819885, 0.626938700676, 0.638548731804, 0.603718757629, 0.615328788757, 0.615329027176, 0.615328788757, 0.615328788757, 0.615328788757, 0.626938819885],
    "onset_times": [0.99845802784, 2.96054410934, 3.52943301201, 5.92108821869],
    "histogram": [[0, 0, 0, 0, 0, 0, 0, 0, 0, 0, 0, 0, 0, 0, 0, 0, 0, 0, 0, 0, 0, 0, 0, 0, 0, 0, 0, 0, 0, 0, 0, 0, 0, 0, 0, 0, 0, 0, 0, 0, 0, 0, 0, 0, 0, 0, 0, 0, 0, 0, 0, 0, 0, 0, 0, 0, 0, 0, 0, 0, 0, 0, 0, 0, 0, 0, 0, 0, 0, 0, 0, 0, 0, 0, 0, 0, 0, 0, 0, 0, 0, 0, 0, 0, 0, 0, 0, 0, 0, 0, 0, 0, 0, 0, 0.10000000149, 0, 0.300000011921, 0, 0.5, 0.10000000149, 0, 0, 0, 0, 0, 0, 0, 0, 0, 0, 0, 0, 0, 0, 0, 0, 0, 0, 0, 0, 0, 0, 0, 0, 0, 0, 0, 0, 0, 0, 0, 0, 0, 0, 0, 0, 0, 0, 0, 0, 0, 0, 0, 0, 0, 0, 0, 0, 0, 0, 0, 0, 0, 0, 0, 0, 0, 0, 0, 0, 0, 0, 0, 0, 0, 0, 0, 0, 0, 0, 0, 0, 0, 0, 0, 0, 0, 0, 0, 0, 0, 0, 0, 0, 0, 0, 0, 0, 0, 0, 0, 0, 0, 0, 0, 0, 0, 0, 0, 0, 0, 0, 0, 0, 0, 0, 0, 0, 0, 0, 0, 0, 0, 0, 0, 0, 0, 0, 0, 0, 0, 0, 0, 0, 0, 0, 0, 0, 0, 0, 0, 0, 0, 0, 0, 0, 0, 0, 0, 0, 0, 0, 0, 0, 0, 0, 0, 0, 0, 0]]
},
"sfx": {
    "inharmonicity": {
        "kurt": -1.05579924583,
        "max": 0.375052541494,
        "mean": 0.13537876308,
        "median": 0.127003401518,
        "min": 0,
        "skew": 0.29938608408,
        "var": 0.0102177839726
    },
    "oddtoevenharmonicenergyratio": {
        "kurt": 7.27534580231,
        "max": 7.58784294128,
        "mean": 1.09389257431,
        "median": 0.884316921234,
        "min": 0,
        "skew": 2.06403183937,
        "var": 1.05875325203
    },
    "pitch_after_max_to_before_max_energy_ratio": 1.28236877918,
    "pitch_centroid": 164.844543457,
    "pitch_max_to_total": 0.411042958498,
    "pitch_min_to_total": 0.441717803478,
    "tristimulus": {
        "kurt": [1.53356075287, -0.70915722847, -0.914527416229],
        "max": [1, 0.74186450243, 0.893098950386],
        "mean": [0.267483174801, 0.318634808064, 0.413882017136],
        "median": [0.146656349301, 0.320813715458, 0.438346773386],
        "min": [0, 0, 0],
        "skew": [1.70157730579, -0.203522264957, -0.19026081264],
        "var": [0.0908222720027, 0.0326296240091, 0.0587640963495],
        "cov": [[0.0911017283797, -0.0324434116483, -0.0586583130062], [-0.0324434116483, 0.032730024308, -0.000286591734039], [-0.0586583130062, -0.000286591734039, 0.0589449070394]]
    }
},
"tonal": {
    "chords_changes_rate": 0.103658534586,
    "chords_number_rate": 0.0426829271019,
    "chords_strength": {
        "kurt": 114.601364136,
        "max": 0.477952927351,
        "mean": 0.351891994476,
        "median": 0.361737728119,
        "min": -1,
        "skew": -9.94731330872,
        "var": 0.0131627088413
    },
    "key_strength": 0.344287484884,
    "tuning_diatonic_strength": 0.345254033804,
    "tuning_equal_tempered_deviation": 0.24559353292,
    "tuning_frequency": 444.855529785,
    "tuning_nontempered_energy_ratio": 0.896461248398,
    "hpcp": {
        "kurt": [-0.963276386261, -0.188459634781, -0.296165466309, -1.05802810192, -1.14601898193, -0.865189313889, -0.118025302887, 1.12125396729, 0.765756845474, -0.530307531357, -0.405623197556, -0.182093143463, 1.01639318466, 1.23762369156, 1.85420846939, -0.376634836197, 1.34400653839, 1.8656167984, 1.03423500061, 0.608883142471, 1.03646469116, 2.96083211899, 1.82818698883, 2.10671186447, 3.08508634567, 0.201047420502, 0.706183433533, 0.778646469116, -0.291155576706, -0.481806993484, -0.151448249817, -0.687347412109, -0.223462104797, -1.2443048954, -1.27160573006, -1.27763688564],
        "max": [1, 1, 1, 1, 1, 1, 1, 1, 1, 1, 1, 1, 1, 0.792303204536, 1, 0.822809755802, 1, 1, 1, 1, 1, 0.972741425037, 0.732396900654, 0.74718362093, 0.796666622162, 0.634214699268, 0.768799722195, 1, 1, 1, 1, 0.855416715145, 1, 1, 1, 1],
        "mean": [0.408274799585, 0.332203537226, 0.335941314697, 0.414590001106, 0.449632048607, 0.413750380278, 0.341638505459, 0.285510033369, 0.274486392736, 0.305065959692, 0.330674916506, 0.300207614899, 0.231908500195, 0.201117277145, 0.227846756577, 0.248469024897, 0.243312835693, 0.242545679212, 0.24901252985, 0.254718601704, 0.237387776375, 0.194210037589, 0.171987921, 0.160568267107, 0.15318363905, 0.165504544973, 0.197693273425, 0.25897192955, 0.322167694569, 0.355311155319, 0.341675490141, 0.314022541046, 0.355690270662, 0.463752925396, 0.514503777027, 0.476498663425],
        "median": [0.410552978516, 0.311680585146, 0.297939896584, 0.420152842999, 0.455921173096, 0.37813603878, 0.301631271839, 0.248976618052, 0.246382087469, 0.239392593503, 0.245157822967, 0.256686151028, 0.214374035597, 0.18657708168, 0.209035515785, 0.227802634239, 0.237538039684, 0.213063061237, 0.210136950016, 0.197049453855, 0.186210855842, 0.159022152424, 0.154107660055, 0.137586429715, 0.114013820887, 0.138446077704, 0.172655463219, 0.222320258617, 0.2893217206, 0.331716954708, 0.292819321156, 0.287277936935, 0.333138585091, 0.459630310535, 0.525570988655, 0.465677887201],
