{
"metadata": {
    "version": {
        "essentia": "2.1-beta3"
    }
},
"lowLevel": {
    "average_loudness": 0.951286196709,
    "barkbands_kurtosis": {
        "kurt": -0.149810791016,
        "max": 6.8576593399,
        "mean": 1.98393428326,
        "median": 1.85405778885,
        "min": -0.363722324371,
        "skew": 0.52599978447,
        "var": 2.25534296036
    },
    "barkbands_skewness": {
        "kurt": -1.0123642683,
        "max": 0.229903742671,
        "mean": -1.13638460636,
        "median": -1.08835613728,
        "min": -2.13749480247,
        "skew": 0.107557363808,
        "var": 0.335689872503
    },
    "barkbands_spread": {
        "kurt": -0.854598999023,
        "max": 39.531539917,
        "mean": 15.1697397232,
        "median": 11.2480287552,
        "min": 5.19073343277,
        "skew": 0.731033563614,
        "var": 72.001701355
    },
    "dissonance": {
        "kurt": 95.061958313,
        "max": 0.49999922514,
        "mean": 0.492917746305,
        "median": 0.496313512325,
        "min": 0.297539174557,
        "skew": -9.18015384674,
        "var": 0.000325291039189
    },
    "hfc": {
        "kurt": 3.12196874619,
        "max": 82.1274719238,
        "mean": 11.190161705,
        "median": 1.33526670933,
        "min": 1.08140239772e-16,
        "skew": 1.77441418171,
        "var": 255.957855225
    },
    "pitch": {
        "kurt": 6.56066608429,
        "max": 4222.88964844,
        "mean": 897.130126953,
        "median": 715.572937012,
        "min": 104.559539795,
        "skew": 2.65090632439,
        "var": 676663.9375
    },
    "pitch_instantaneous_confidence": {
        "kurt": -1.45096743107,
        "max": 0.600021004677,
        "mean": 0.336634546518,
        "median": 0.39450097084,
        "min": 0.093345105648,
        "skew": -0.28439578414,
        "var": 0.0257405471057
    },
    "pitch_salience": {
        "kurt": 3.80473518372,
        "max": 0.904585361481,
        "mean": 0.775234520435,
        "median": 0.778931975365,
        "min": 0.662318587303,
        "skew": -0.308522969484,
        "var": 0.000889343675226
    },
    "silence_rate_20dB": {
        "kurt": 0,
        "max": 1,
        "mean": 1,
        "median": 1,
        "min": 1,
        "skew": 0,
        "var": 0
    },
    "silence_rate_30dB": {
        "kurt": 0,
        "max": 1,
        "mean": 1,
        "median": 1,
        "min": 1,
        "skew": 0,
        "var": 0
    },
    "silence_rate_60dB": {
        "kurt": -1.73734664917,
        "max": 1,
        "mean": 0.624113500118,
        "median": 1,
        "min": 0,
        "skew": -0.51249486208,
        "var": 0.23459559679
    },
    "spectral_centroid": {
        "kurt": -1.26854670048,
        "max": 11651.3818359,
        "mean": 5403.50439453,
        "median": 3390.13623047,
        "min": 1431.69873047,
        "skew": 0.788411855698,
        "var": 14027791
    },
    "spectral_complexity": {
        "kurt": -0.2071621418,
        "max": 50,
        "mean": 11.7517728806,
        "median": 0,
        "min": 0,
        "skew": 0.938908398151,
        "var": 206.172302246
    },
    "spectral_crest": {
        "kurt": 1.11925506592,
        "max": 11.2418479919,
        "mean": 6.59879970551,
        "median": 6.45523548126,
        "min": 3.43137383461,
        "skew": 0.674872815609,
        "var": 1.79650044441
    },
    "spectral_decrease": {
        "kurt": 6.72329807281,
        "max": 1.79476809664e-28,
        "mean": -6.30426322257e-10,
        "median": -1.07073384881e-10,
        "min": -5.79338932383e-09,
        "skew": -2.23398017883,
        "var": 8.6332592378e-19
    },
    "spectral_energy": {
        "kurt": 5.37821006775,
        "max": 0.029314795509,
        "mean": 0.0033943541348,
        "median": 0.000525232520886,
        "min": 1.0111505891e-20,
        "skew": 2.06803417206,
        "var": 2.44417351496e-05
    },
    "spectral_energyband_high": {
        "kurt": 3.30463027954,
        "max": 0.0078770313412,
        "mean": 0.00101026229095,
        "median": 6.89140506438e-05,
        "min": 7.10731030647e-21,
        "skew": 1.88230967522,
        "var": 2.37372273659e-06
    },
    "spectral_energyband_low": {
        "kurt": 29.5352668762,
        "max": 0.000427851453424,
        "mean": 1.28874853544e-05,
        "median": 1.99015147473e-07,
        "min": 1.19132708944e-23,
        "skew": 5.22526741028,
        "var": 2.99697155981e-09
    },
    "spectral_energyband_middle_high": {
        "kurt": 8.24328899384,
        "max": 0.0220734830946,
        "mean": 0.00229322048835,
        "median": 0.000434732442955,
        "min": 1.23520320167e-21,
        "skew": 2.36156058311,
        "var": 1.12301249828e-05
    },
    "spectral_energyband_middle_low": {
        "kurt": 23.6717071533,
        "max": 0.00145190570038,
        "mean": 8.93869218999e-05,
        "median": 1.95078682736e-05,
        "min": 1.72448994984e-22,
        "skew": 4.62022781372,
        "var": 4.20593444517e-08
    },
    "spectral_flatness_db": {
        "kurt": -1.4481395483,
        "max": 0.242576152086,
        "mean": 0.146184682846,
        "median": 0.167351275682,
        "min": 0.0348938256502,
        "skew": -0.247716799378,
        "var": 0.00315567688085
    },
    "spectral_flux": {
        "kurt": -0.146680831909,
        "max": 0.132720068097,
        "mean": 0.0284987650812,
        "median": 0.017671842128,
        "min": 6.47527101383e-11,
        "skew": 0.791852176189,
        "var": 0.000971472007222
    },
    "spectral_kurtosis": {
        "kurt": 1.44883012772,
        "max": 12.9964828491,
        "mean": 2.03196525574,
        "median": 1.95496845245,
        "min": -1.25187838078,
        "skew": 1.1005923748,
        "var": 8.81325149536
    },
    "spectral_rms": {
        "kurt": -0.619172334671,
        "max": 0.00534787820652,
        "mean": 0.00123697344679,
        "median": 0.000715836591553,
        "min": 3.14084131967e-12,
        "skew": 0.678165316582,
        "var": 1.78146297003e-06
    },
    "spectral_rolloff": {
        "kurt": -1.27846086025,
        "max": 19552.1484375,
        "mean": 8639.24316406,
        "median": 4909.5703125,
        "min": 2110.25390625,
        "skew": 0.811016976833,
        "var": 45397116
    },
    "spectral_skewness": {
        "kurt": -0.935149908066,
        "max": 2.6367149353,
        "mean": 1.02357971668,
        "median": 1.27703082561,
        "min": -0.0694555640221,
        "skew": -0.256190508604,
        "var": 0.541922926903
    },
    "spectral_spread": {
        "kurt": -1.28528153896,
        "max": 42202188,
        "mean": 16246065,
        "median": 6578637,
        "min": 2940146.75,
        "skew": 0.822182238102,
        "var": 2.609703163e+14
    },
    "spectral_strongpeak": {
        "kurt": 12.094294548,
        "max": 7.34737014771,
        "mean": 0.714421629906,
        "median": 0.281339436769,
        "min": 6.01488095442e-11,
        "skew": 2.73098492622,
        "var": 1.03928768635
    },
    "zerocrossingrate": {
        "kurt": -1.33385825157,
        "max": 0.5224609375,
        "mean": 0.256586611271,
        "median": 0.1650390625,
        "min": 0.07177734375,
        "skew": 0.736367881298,
        "var": 0.0274729263037
    },
    "barkbands": {
        "kurt": [114.062828064, 32.2163047791, 36.0023612976, 32.906879425, 27.711555481, 33.6641921997, 28.4464893341, 15.3964595795, 33.0634880066, 16.9979076385, 37.0156669617, 16.1327323914, 6.95322990417, 14.8970336914, 67.0753555298, 4.74736690521, 23.9132118225, 2.45089864731, 3.64587497711, 5.24809646606, 4.15053462982, 5.83860874176, 15.8681354523, 4.48840808868, 15.7444133759, 6.40260505676, 4.13129043579],
        "max": [9.30188161874e-06, 0.000115762348287, 0.000256146362517, 0.00017800508067, 0.000333530915668, 0.000219817477046, 8.46473485581e-05, 0.000239692511968, 0.00058642309159, 0.000416343391407, 0.000369960907847, 0.000421048811404, 0.00105001917109, 0.00189959991258, 0.00487492745742, 0.00376886455342, 0.00245796982199, 0.00403210101649, 0.00331672467291, 0.00359610235319, 0.00394212268293, 0.00141546595842, 0.000530398217961, 0.000290739379125, 0.000224175630137, 9.77982563199e-06, 4.89243667801e-08],
        "mean": [1.14417865404e-07, 3.47305785908e-06, 6.88125828674e-06, 4.64144341095e-06, 1.10426526589e-05, 6.03544640398e-06, 3.5400116758e-06, 1.70868715941e-05, 3.63584222214e-05, 3.46736524079e-05, 1.83449265023e-05, 3.07348636852e-05, 0.000111747584015, 0.000148212420754, 0.000137572249514, 0.000432637316408, 0.000169025050127, 0.000625496031716, 0.00046126783127, 0.000407481362345, 0.000459753355244, 0.000175475535798, 4.15834692831e-05, 3.29827707901e-05, 1.71799001691e-05, 1.00970589756e-06, 6.23937213007e-09],
        "median": [1.00185149066e-09, 2.79098149036e-08, 5.75036800399e-08, 4.84148898749e-08, 7.42778141216e-08, 1.59451758464e-08, 1.76990027967e-07, 9.56088229032e-07, 9.78772004601e-06, 6.6345637606e-06, 3.34796709467e-06, 5.29754788658e-06, 2.57684805547e-05, 2.58241761912e-05, 1.78389782377e-05, 6.28400885034e-05, 3.23301501339e-05, 0.000132959728944, 1.96975870494e-05, 2.92089007417e-05, 3.86280516977e-05, 4.36856362285e-06, 1.34121137307e-06, 5.91427692598e-07, 1.66258345757e-07, 3.1770188702e-09, 2.48999935254e-11],
        "min": [8.69021597751e-25, 2.84793854028e-24, 1.15011186816e-24, 2.56079277635e-24, 1.55050973797e-23, 1.27242601369e-23, 1.12537429458e-23, 1.00100185317e-23, 1.34864954088e-23, 1.68202089725e-23, 1.47095106464e-23, 3.12852958006e-23, 2.78656279527e-23, 4.47979971688e-23, 4.68758283941e-23, 4.59253362003e-23, 6.08328193795e-23, 9.66360856674e-23, 1.72599004774e-22, 1.87259763816e-22, 2.6283870961e-22, 2.94313224743e-22, 4.68126822875e-22, 6.40227444261e-22, 8.17604421765e-22, 1.3790643697e-21, 2.15452317185e-21],
        "skew": [10.4578847885, 5.51448631287, 5.727455616, 5.70304298401, 5.29554510117, 5.67790412903, 5.04429006577, 3.82129693031, 4.81000995636, 3.46083545685, 5.48382043839, 3.84264445305, 2.32620739937, 3.60978937149, 7.58163547516, 2.13146781921, 4.08689069748, 1.64240992069, 1.84612810612, 2.1087911129, 2.08319759369, 2.4085085392, 3.44746041298, 2.11264181137, 3.31139683723, 2.3378663063, 2.23092556],
        "var": [6.58094726717e-13, 2.38978031808e-10, 9.46319578254e-10, 5.29557397932e-10, 2.40409003816e-09, 7.84751152949e-10, 1.15846131299e-10, 1.63526170383e-09, 4.42743974816e-09, 3.21742166243e-09, 1.78834580478e-09, 4.38415614923e-09, 2.92643651534e-08, 8.94460683298e-08, 2.29898915904e-07, 4.84154838887e-07, 9.10038266966e-08, 7.57813381824e-07, 4.32667377481e-07, 3.8544433778e-07, 5.66188134599e-07, 8.97013592294e-08, 5.44207745534e-09, 2.92581425754e-09, 9.12026454358e-10, 2.73806931989e-12, 1.351098019e-16],
        "cov": [[6.62795393656e-13, 8.13148073181e-12, 5.64899255845e-12, 4.3622139863e-13, 1.92352644229e-12, 1.53503717983e-12, 1.9363831285e-12, 7.2519325614e-12, 4.98366755849e-12, 5.36927750525e-12, 4.66611861996e-12, 1.26741941595e-11, 2.9614796726e-11, 7.48158826558e-11, 5.7881990867e-11, 9.60156953944e-11, 3.88173937438e-11, 1.04580857863e-10, 1.43287701149e-10, 1.33497712884e-10, 2.25903865059e-10, 1.0233941472e-10, 1.66088340997e-11, 1.6361249161e-11, 7.66369866873e-12, 7.71557297219e-13, 3.76858680167e-15], [8.13148073181e-12, 2.40684999708e-10, 3.88102106008e-10, 1.78811354612e-10, 4.30469382362e-10, 2.64434946162e-10, 1.14701657894e-10, 4.7714909801e-10, 6.41413977487e-10, 4.6026471523e-10, 4.91727214502e-10, 6.91597557001e-10, 1.58687996077e-09, 3.55170470812e-09, 5.99349858632e-09, 5.42390043989e-09, 3.25068882923e-09, 5.73706193663e-09, 6.03894667606e-09, 3.29591043347e-09, 6.24978691022e-09, 3.39343397826e-09, 8.5123835758e-10, 5.8904547906e-10, 3.60186908077e-10, 1.68350333674e-11, 1.10717858492e-13], [5.64899255845e-12, 3.88102106008e-10, 9.53078949095e-10, 6.27411733678e-10, 1.36500533099e-09, 7.78898556764e-10, 2.99801655723e-10, 1.0044920451e-09, 1.51718226871e-09, 1.21610366222e-09, 1.18305854002e-09, 1.77191517015e-09, 3.20678927856e-09, 7.87362086641e-09, 1.36768658621e-08, 1.18448735265e-08, 7.47319450767e-09, 1.29906450042e-08, 1.15325553551e-08, 5.01959895871e-09, 1.03988559985e-08, 6.60682886178e-09, 1.77445236282e-09, 1.06541553357e-09, 6.81431855387e-10, 2.44695114865e-11, 1.61590454017e-13], [4.3622139863e-13, 1.78811354612e-10, 6.27411733678e-10, 5.33339983289e-10, 1.06974296088e-09, 5.77644210242e-10, 2.31224331348e-10, 6.046896317e-10, 8.52240167326e-10, 8.09916522737e-10, 7.34015348502e-10, 1.31041877349e-09, 1.80335923972e-09, 5.11890396737e-09, 7.68326913203e-09, 7.05068226026e-09, 4.4259849119e-09, 8.82038353467e-09, 6.29355856319e-09, 2.6954791732e-09, 5.79981973559e-09, 4.11580947102e-09, 1.0268852435e-09, 5.80861303501e-10, 3.48372330983e-10, 1.29773743834e-11, 6.73631276086e-14], [1.92352644229e-12, 4.30469382362e-10, 1.36500533099e-09, 1.06974296088e-09, 2.42126207972e-09, 1.35252486988e-09, 4.68712013646e-10, 1.36876221468e-09, 2.07450168155e-09, 2.01118899312e-09, 1.61615021366e-09, 2.862102777e-09, 3.82730913628e-09, 1.09126538916e-08, 1.74713949974e-08, 1.63950879539e-08, 1.085890311e-08, 1.91552818052e-08, 1.52788768304e-08, 5.67693803077e-09, 1.44547716019e-08, 9.11406949911e-09, 2.45201814408e-09, 1.36214473034e-09, 8.51288706194e-10, 2.85451003113e-11, 1.70857401035e-13], [1.53503717983e-12, 2.64434946162e-10, 7.78898556764e-10, 5.77644210242e-10, 1.35252486988e-09, 7.90356502467e-10, 2.62979471533e-10, 8.14815825922e-10, 1.29905819435e-09, 1.1160979918e-09, 9.00155228134e-10, 1.58099255909e-09, 2.20887708124e-09, 6.31231422688e-09, 1.00691757154e-08, 9.10624819994e-09, 6.35466967935e-09, 1.05409991846e-08, 8.79192985082e-09, 3.36321193117e-09, 8.33485103158e-09, 5.04679809055e-09, 1.50842927038e-09, 8.12955092133e-10, 5.02852814943e-10, 1.62801768594e-11, 1.06894677029e-13], [1.9363831285e-12, 1.14701657894e-10, 2.99801655723e-10, 2.31224331348e-10, 4.68712013646e-10, 2.62979471533e-10, 1.16673601336e-10, 3.52811085902e-10, 4.63858285116e-10, 3.9120651163e-10, 3.63231916767e-10, 6.44440667497e-10, 1.09355136058e-09, 2.73303468745e-09, 3.81696052543e-09, 3.96266663927e-09, 2.38030661848e-09, 5.13712405947e-09, 4.13721812365e-09, 2.53646192938e-09, 4.24427604173e-09, 2.38306840927e-09, 6.03401939525e-10, 3.88221205183e-10, 2.20797477524e-10, 9.9896479977e-12, 5.8124234321e-14], [7.2519325614e-12, 4.7714909801e-10, 1.0044920451e-09, 6.046896317e-10, 1.36876221468e-09, 8.14815825922e-10, 3.52811085902e-10, 1.64694213822e-09, 1.92653115683e-09, 1.60594693099e-09, 1.3923651121e-09, 2.11480788437e-09, 4.64976013248e-09, 9.92213244899e-09, 1.48822811852e-08, 1.4727926434e-08, 9.0380982698e-09, 1.99049043914e-08, 1.91786000414e-08, 1.12486846504e-08, 1.7691879961e-08, 9.59370449749e-09, 2.479327188e-09, 1.69455116605e-09, 9.868613704e-10, 4.28815039033e-11, 2.94644923694e-13], [4.98366755849e-12, 6.41413977487e-10, 1.51718226871e-09, 8.52240167326e-10, 2.07450168155e-09, 1.29905819435e-09, 4.63858285116e-10, 1.92653115683e-09, 4.45906467306e-09, 2.92950375069e-09, 2.29239160987e-09, 2.92245649902e-09, 8.09023870119e-09, 1.45398511009e-08, 2.53647360893e-08, 2.76224714213e-08, 1.74158270028e-08, 3.67010564162e-08, 3.07641769837e-08, 2.07815684661e-08, 2.72610733987e-08, 1.30909487694e-08, 4.33608393635e-09, 2.68531485936e-09, 1.62092739231e-09, 6.25966153911e-11, 4.67684322259e-13], [5.36927750525e-12, 4.6026471523e-10, 1.21610366222e-09, 8.09916522737e-10, 2.01118899312e-09, 1.1160979918e-09, 3.9120651163e-10, 1.60594693099e-09, 2.92950375069e-09, 3.24040305699e-09, 1.95039207007e-09, 3.02502978222e-09, 6.56336940352e-09, 1.24770380694e-08, 1.93333278276e-08, 2.60191033163e-08, 1.37355948837e-08, 3.36167360615e-08, 2.67266955234e-08, 1.72581096081e-08, 2.59631516286e-08, 1.22529719704e-08, 3.17109982717e-09, 2.11792716698e-09, 1.25028676301e-09, 5.29904418956e-11, 3.55921862078e-13], [4.66611861996e-12, 4.91727214502e-10, 1.18305854002e-09, 7.34015348502e-10, 1.61615021366e-09, 9.00155228134e-10, 3.63231916767e-10, 1.3923651121e-09, 2.29239160987e-09, 1.95039207007e-09, 1.80111969783e-09, 2.40287567621e-09, 5.5505235963e-09, 1.07975060004e-08, 1.94594989011e-08, 1.9802300244e-08, 1.13432507831e-08, 2.41914257515e-08, 1.99203959994e-08, 1.17467955363e-08, 1.82726882514e-08, 9.94838256219e-09, 2.55942311789e-09, 1.71953840056e-09, 1.09441145035e-09, 4.19672942231e-11, 2.91040547782e-13], [1.26741941595e-11, 6.91597557001e-10, 1.77191517015e-09, 1.31041877349e-09, 2.862102777e-09, 1.58099255909e-09, 6.44440667497e-10, 2.11480788437e-09, 2.92245649902e-09, 3.02502978222e-09, 2.40287567621e-09, 4.41547154395e-09, 8.07320787999e-09, 1.75000174352e-08, 2.44904718727e-08, 3.09353573869e-08, 1.62185607167e-08, 3.69014685475e-08, 2.94530284606e-08, 1.88271318535e-08, 3.16098827113e-08, 1.60257851434e-08, 3.77667452867e-09, 2.56122900666e-09, 1.50139767285e-09, 6.77666672777e-11, 4.13712765218e-13], [2.9614796726e-11, 1.58687996077e-09, 3.20678927856e-09, 1.80335923972e-09, 3.82730913628e-09, 2.20887708124e-09, 1.09355136058e-09, 4.64976013248e-09, 8.09023870119e-09, 6.56336940352e-09, 5.5505235963e-09, 8.07320787999e-09, 2.94733979445e-08, 3.90305494591e-08, 5.82675845351e-08, 9.67408624319e-08, 4.16362730959e-08, 1.20620128996e-07, 9.48830489733e-08, 7.78785604894e-08, 1.00605412001e-07, 3.9072663327e-08, 9.73714975316e-09, 7.58846407933e-09, 4.34665592408e-09, 2.18688150921e-10, 1.60232905503e-12], [7.48158826558e-11, 3.55170470812e-09, 7.87362086641e-09, 5.11890396737e-09, 1.09126538916e-08, 6.31231422688e-09, 2.73303468745e-09, 9.92213244899e-09, 1.45398511009e-08, 1.24770380694e-08, 1.07975060004e-08, 1.75000174352e-08, 3.90305494591e-08, 9.00849670415e-08, 1.19000091559e-07, 1.56505095106e-07, 7.37895007319e-08, 1.76213532654e-07, 1.46697018977e-07, 9.53076622068e-08, 1.50292066792e-07, 7.47755208863e-08, 1.87967668097e-08, 1.27107808723e-08, 7.29638571784e-09, 3.38395506061e-10, 2.15062473038e-12], [5.7881990867e-11, 5.99349858632e-09, 1.36768658621e-08, 7.68326913203e-09, 1.74713949974e-08, 1.00691757154e-08, 3.81696052543e-09, 1.48822811852e-08, 2.53647360893e-08, 1.93333278276e-08, 1.94594989011e-08, 2.44904718727e-08, 5.82675845351e-08, 1.19000091559e-07, 2.31541051221e-07, 2.18376271732e-07, 1.25254942418e-07, 2.27229321581e-07, 2.0813020285e-07, 1.09549972649e-07, 1.88715674199e-07, 1.02873222829e-07, 2.78815708299e-08, 1.81211419203e-08, 1.20938556947e-08, 4.03555772133e-10, 3.078186794e-12], [9.60156953944e-11, 5.42390043989e-09, 1.18448735265e-08, 7.05068226026e-09, 1.63950879539e-08, 9.10624819994e-09, 3.96266663927e-09, 1.4727926434e-08, 2.76224714213e-08, 2.60191033163e-08, 1.9802300244e-08, 3.09353573869e-08, 9.67408624319e-08, 1.56505095106e-07, 2.18376271732e-07, 4.87613078803e-07, 1.67845158217e-07, 4.72090732728e-07, 3.46513331806e-07, 2.80492258753e-07, 4.1227389147e-07, 1.52765764483e-07, 3.52236675383e-08, 2.70338862407e-08, 1.59642024045e-08, 7.44125039365e-10, 4.99861653805e-12], [3.88173937438e-11, 3.25068882923e-09, 7.47319450767e-09, 4.4259849119e-09, 1.085890311e-08, 6.35466967935e-09, 2.38030661848e-09, 9.0380982698e-09, 1.74158270028e-08, 1.37355948837e-08, 1.13432507831e-08, 1.62185607167e-08, 4.16362730959e-08, 7.37895007319e-08, 1.25254942418e-07, 1.67845158217e-07, 9.16538525075e-08, 2.03479217475e-07, 1.62647438628e-07, 1.18479135836e-07, 1.64437309991e-07, 7.11138810061e-08, 2.01431564761e-08, 1.38398181804e-08, 8.28607849002e-09, 3.38803402e-10, 2.46936759235e-12], [1.04580857863e-10, 5.73706193663e-09, 1.29906450042e-08, 8.82038353467e-09, 1.91552818052e-08, 1.05409991846e-08, 5.13712405947e-09, 1.99049043914e-08, 3.67010564162e-08, 3.36167360615e-08, 2.41914257515e-08, 3.69014685475e-08, 1.20620128996e-07, 1.76213532654e-07, 2.27229321581e-07, 4.72090732728e-07, 2.03479217475e-07, 7.63226353229e-07, 4.57394349951e-07, 3.92653760173e-07, 4.93361255849e-07, 1.99091445552e-07, 4.68632350703e-08, 3.73512669682e-08, 1.9557704789e-08, 1.07696651597e-09, 7.2527283658e-12], [1.43287701149e-10, 6.03894667606e-09, 1.15325553551e-08, 6.29355856319e-09, 1.52788768304e-08, 8.79192985082e-09, 4.13721812365e-09, 1.91786000414e-08, 3.07641769837e-08, 2.67266955234e-08, 1.99203959994e-08, 2.94530284606e-08, 9.48830489733e-08, 1.46697018977e-07, 2.0813020285e-07, 3.46513331806e-07, 1.62647438628e-07, 4.57394349951e-07, 4.357578689e-07, 3.34982246386e-07, 4.36100577872e-07, 1.65796109286e-07, 3.96866148833e-08, 3.23895612553e-08, 1.80024795071e-08, 9.19362697083e-10, 6.55110644551e-12], [1.33497712884e-10, 3.29591043347e-09, 5.01959895871e-09, 2.6954791732e-09, 5.67693803077e-09, 3.36321193117e-09, 2.53646192938e-09, 1.12486846504e-08, 2.07815684661e-08, 1.72581096081e-08, 1.17467955363e-08, 1.88271318535e-08, 7.78785604894e-08, 9.53076622068e-08, 1.09549972649e-07, 2.80492258753e-07, 1.18479135836e-07, 3.92653760173e-07, 3.34982246386e-07, 3.88197520351e-07, 4.08157546872e-07, 1.2754392742e-07, 3.03981373406e-08, 2.81107492839e-08, 1.39043061509e-08, 8.66251181897e-10, 6.15390984698e-12], [2.25903865059e-10, 6.24978691022e-09, 1.03988559985e-08, 5.79981973559e-09, 1.44547716019e-08, 8.33485103158e-09, 4.24427604173e-09, 1.7691879961e-08, 2.72610733987e-08, 2.59631516286e-08, 1.82726882514e-08, 3.16098827113e-08, 1.00605412001e-07, 1.50292066792e-07, 1.88715674199e-07, 4.1227389147e-07, 1.64437309991e-07, 4.93361255849e-07, 4.36100577872e-07, 4.08157546872e-07, 5.70232316477e-07, 1.84000711556e-07, 4.08090237158e-08, 3.62057015479e-08, 1.90297839708e-08, 1.08719833136e-09, 7.55699062355e-12], [1.0233941472e-10, 3.39343397826e-09, 6.60682886178e-09, 4.11580947102e-09, 9.11406949911e-09, 5.04679809055e-09, 2.38306840927e-09, 9.59370449749e-09, 1.30909487694e-08, 1.22529719704e-08, 9.94838256219e-09, 1.60257851434e-08, 3.9072663327e-08, 7.47755208863e-08, 1.02873222829e-07, 1.52765764483e-07, 7.11138810061e-08, 1.99091445552e-07, 1.65796109286e-07, 1.2754392742e-07, 1.84000711556e-07, 9.03420840359e-08, 1.82911037427e-08, 1.42399469993e-08, 7.93523380338e-09, 4.18583223638e-10, 2.70647133177e-12], [1.66088340997e-11, 8.5123835758e-10, 1.77445236282e-09, 1.0268852435e-09, 2.45201814408e-09, 1.50842927038e-09, 6.03401939525e-10, 2.479327188e-09, 4.33608393635e-09, 3.17109982717e-09, 2.55942311789e-09, 3.77667452867e-09, 9.73714975316e-09, 1.87967668097e-08, 2.78815708299e-08, 3.52236675383e-08, 2.01431564761e-08, 4.68632350703e-08, 3.96866148833e-08, 3.03981373406e-08, 4.08090237158e-08, 1.82911037427e-08, 5.48094902797e-09, 3.63713348328e-09, 2.01224592544e-09, 9.36642638449e-11, 6.69765404162e-13], [1.6361249161e-11, 5.8904547906e-10, 1.06541553357e-09, 5.80861303501e-10, 1.36214473034e-09, 8.12955092133e-10, 3.88221205183e-10, 1.69455116605e-09, 2.68531485936e-09, 2.11792716698e-09, 1.71953840056e-09, 2.56122900666e-09, 7.58846407933e-09, 1.27107808723e-08, 1.81211419203e-08, 2.70338862407e-08, 1.38398181804e-08, 3.73512669682e-08, 3.23895612553e-08, 2.81107492839e-08, 3.62057015479e-08, 1.42399469993e-08, 3.63713348328e-09, 2.94671287371e-09, 1.56106538807e-09, 8.19952647446e-11, 5.89272988044e-13], [7.66369866873e-12, 3.60186908077e-10, 6.81431855387e-10, 3.48372330983e-10, 8.51288706194e-10, 5.02852814943e-10, 2.20797477524e-10, 9.868613704e-10, 1.62092739231e-09, 1.25028676301e-09, 1.09441145035e-09, 1.50139767285e-09, 4.34665592408e-09, 7.29638571784e-09, 1.20938556947e-08, 1.59642024045e-08, 8.28607849002e-09, 1.9557704789e-08, 1.80024795071e-08, 1.39043061509e-08, 1.90297839708e-08, 7.93523380338e-09, 2.01224592544e-09, 1.56106538807e-09, 9.1854091e-10, 4.14575353214e-11, 3.0157240637e-13], [7.71557297219e-13, 1.68350333674e-11, 2.44695114865e-11, 1.29773743834e-11, 2.85451003113e-11, 1.62801768594e-11, 9.9896479977e-12, 4.28815039033e-11, 6.25966153911e-11, 5.29904418956e-11, 4.19672942231e-11, 6.77666672777e-11, 2.18688150921e-10, 3.38395506061e-10, 4.03555772133e-10, 7.44125039365e-10, 3.38803402e-10, 1.07696651597e-09, 9.19362697083e-10, 8.66251181897e-10, 1.08719833136e-09, 4.18583223638e-10, 9.36642638449e-11, 8.19952647446e-11, 4.14575353214e-11, 2.75762680919e-12, 1.77901025481e-14], [3.76858680167e-15, 1.10717858492e-13, 1.61590454017e-13, 6.73631276086e-14, 1.70857401035e-13, 1.06894677029e-13, 5.8124234321e-14, 2.94644923694e-13, 4.67684322259e-13, 3.55921862078e-13, 2.91040547782e-13, 4.13712765218e-13, 1.60232905503e-12, 2.15062473038e-12, 3.078186794e-12, 4.99861653805e-12, 2.46936759235e-12, 7.2527283658e-12, 6.55110644551e-12, 6.15390984698e-12, 7.55699062355e-12, 2.70647133177e-12, 6.69765404162e-13, 5.89272988044e-13, 3.0157240637e-13, 1.77901025481e-14, 1.36074876829e-16]]
    },
    "mfcc": {
        "kurt": [-1.75583982468, -0.823240756989, -1.61724853516, 2.71485328674, -1.18479049206, 0.460122585297, 0.253939390182, -0.173788547516, -0.946419239044, 0.186681747437, 0.331082344055, 0.570879220963, -0.458301782608],
        "max": [-555.53302002, 41.4334220886, 0.222381591797, 46.3292999268, 11.3541412354, 18.6057929993, 14.2721748352, 16.3144168854, 31.8973388672, 20.6528816223, 26.3570175171, 13.1026763916, -3.81469726562e-05],
        "mean": [-895.795349121, -7.79475212097, -58.7181739807, 3.53173422813, -12.3438606262, -1.57909965515, 1.88166260719, 2.83523821831, 9.78443050385, 4.41324090958, 4.42589664459, 0.0464966408908, -8.24360466003],
        "median": [-840.920959473, 1.14440917969e-05, -68.2526626587, 8.01086425781e-05, -4.17388534546, 2.28881835938e-05, -2.67028808594e-05, -5.34057617188e-05, 10.0837249756, 2.53778839111, -2.67028808594e-05, -3.0517578125e-05, -7.76971054077],
        "min": [-1138.42004395, -56.8945159912, -132.650588989, -34.2748794556, -44.262386322, -26.6320991516, -12.4657306671, -12.1383972168, -3.70254325867, -16.8053321838, -10.3263072968, -15.1984539032, -31.6692352295],
        "skew": [-0.0722180008888, 0.114762015641, 0.129795864224, 1.03554022312, -0.541159451008, -0.529562830925, 0.219394668937, 0.097211971879, 0.45403817296, -0.159414842725, 0.91776227951, -0.251068562269, -0.581797122955],
        "var": [44153.4296875, 597.647399902, 2330.92016602, 159.806808472, 220.596954346, 75.5534057617, 28.219329834, 33.7600479126, 92.251991272, 55.7583465576, 55.062789917, 31.8529853821, 59.0378723145],
        "cov": [[44468.8125, -2646.8840332, -8328.73339844, 1319.875, -2144.12524414, -385.068145752, 23.3311824799, 131.590560913, 1020.4309082, 390.331970215, 684.817382812, -193.510284424, -1158.93505859], [-2646.8840332, 601.916320801, 456.048248291, -35.053401947, 241.806915283, 117.708984375, 9.81370544434, -3.60489082336, -19.3576869965, -36.4089775085, -46.7572898865, 14.1651926041, 40.8184738159], [-8328.73339844, 456.048248291, 2347.56958008, -98.1144943237, 544.687866211, 73.1726303101, -88.6612930298, -124.09588623, -381.945800781, -178.276138306, -173.504104614, -25.9505710602, 292.399536133], [1319.875, -35.053401947, -98.1144943237, 160.948287964, 9.79520702362, 20.346370697, -20.5230789185, -33.4735298157, -12.2316360474, -40.481918335, -11.922917366, -25.0454673767, -31.5942459106], [-2144.12524414, 241.806915283, 544.687866211, 9.79520702362, 222.172637939, 78.7427139282, -19.1715335846, -39.5164527893, -79.5373382568, -66.5198669434, -71.4859542847, -4.00897359848, 55.455871582], [-385.068145752, 117.708984375, 73.1726303101, 20.346370697, 78.7427139282, 76.0930709839, -0.192162975669, -13.3517570496, -4.56936359406, -23.9890899658, -22.3466682434, -1.20810556412, -2.18226718903], [23.3311824799, 9.81370544434, -88.6612930298, -20.5230789185, -19.1715335846, -0.192162975669, 28.4208965302, 14.4694328308, 26.5553531647, 21.5863418579, 5.8502035141, 15.7077741623, -7.13357496262], [131.590560913, -3.60489082336, -124.09588623, -33.4735298157, -39.5164527893, -13.3517570496, 14.4694328308, 34.0011940002, 35.5045013428, 23.791015625, 17.9161682129, 9.10091304779, -13.4867048264], [1020.4309082, -19.3576869965, -381.945800781, -12.2316360474, -79.5373382568, -4.56936359406, 26.5553531647, 35.5045013428, 92.9109344482, 45.8744430542, 32.5649833679, 18.3507843018, -46.1474342346], [390.331970215, -36.4089775085, -178.276138306, -40.481918335, -66.5198669434, -23.9890899658, 21.5863418579, 23.791015625, 45.8744430542, 56.1566200256, 34.885509491, 19.7871704102, -10.4955978394], [684.817382812, -46.7572898865, -173.504104614, -11.922917366, -71.4859542847, -22.3466682434, 5.8502035141, 17.9161682129, 32.5649833679, 34.885509491, 55.4560966492, 8.36840820312, -7.00493717194], [-193.510284424, 14.1651926041, -25.9505710602, -25.0454673767, -4.00897359848, -1.20810556412, 15.7077741623, 9.10091304779, 18.3507843018, 19.7871704102, 8.36840820312, 32.0805053711, 7.4277639389], [-1158.93505859, 40.8184738159, 292.399536133, -31.5942459106, 55.455871582, -2.18226718903, -7.13357496262, -13.4867048264, -46.1474342346, -10.4955978394, -7.00493717194, 7.4277639389, 59.4595718384]]
    },
    "sccoeffs": {
        "kurt": [-1.00360047817, -1.32821667194, -1.30926084518, -1.31853711605, -1.44078123569, -1.49623763561],
        "max": [-0.66205072403, -0.597362458706, -0.735079586506, -0.69719940424, -0.702140986919, -0.69166046381],
        "mean": [-0.857955932617, -0.814595043659, -0.869550824165, -0.850945949554, -0.840229094028, -0.823077857494],
        "median": [-0.848577082157, -0.802728414536, -0.851183950901, -0.821287572384, -0.804432213306, -0.770021617413],
        "min": [-0.978286743164, -0.972615838051, -0.976402401924, -0.968324065208, -0.967649877071, -0.963005661964],
        "skew": [0.132432222366, 0.0115553736687, -0.275646209717, -0.251012176275, -0.409711152315, -0.515769898891],
        "var": [0.0066004190594, 0.0132066812366, 0.00478149624541, 0.00663687940687, 0.00759321497753, 0.00952353142202],
        "cov": [[0.00664756493643, 0.0063164983876, 0.00451473239809, 0.00558400340378, 0.00598745327443, 0.00673659611493], [0.0063164983876, 0.0133010149002, 0.00693646818399, 0.00760813290253, 0.00883178040385, 0.00947592500597], [0.00451473239809, 0.00693646818399, 0.00481565017253, 0.00495513668284, 0.00552571471781, 0.00609558075666], [0.00558400340378, 0.00760813290253, 0.00495513668284, 0.00668428605422, 0.00682991417125, 0.00761483656242], [0.00598745327443, 0.00883178040385, 0.00552571471781, 0.00682991417125, 0.00764745241031, 0.00832465849817], [0.00673659611493, 0.00947592500597, 0.00609558075666, 0.00761483656242, 0.00832465849817, 0.00959155615419]]
    },
    "scvalleys": {
        "kurt": [-1.31485271454, -1.33496654034, -1.34078073502, -1.34445893764, -1.36650884151, -1.39701962471],
        "max": [-6.24839925766, -5.75902318954, -5.73194646835, -4.67387533188, -5.47387123108, -6.84722280502],
        "mean": [-15.1025238037, -14.8082389832, -13.8067626953, -13.4899663925, -13.6152000427, -15.0348548889],
        "median": [-10.0969238281, -9.96408843994, -7.94373464584, -7.16324996948, -7.7082490921, -10.5053520203],
        "min": [-28.0204715729, -28.0005016327, -27.8838157654, -27.5764808655, -27.43384552, -27.4083633423],
        "skew": [-0.760998725891, -0.735312759876, -0.759528517723, -0.753877401352, -0.71852940321, -0.655965864658],
        "var": [68.073928833, 71.581199646, 81.2883529663, 86.3908233643, 85.7113800049, 70.6016235352],
        "cov": [[68.5601730347, 70.1270904541, 74.6267471313, 76.9580841064, 76.4638900757, 69.0214614868], [70.1270904541, 72.0924911499, 76.6382293701, 79.0154571533, 78.6717758179, 71.1834716797], [74.6267471313, 76.6382293701, 81.8689880371, 84.3453445435, 83.9217910767, 75.8154373169], [76.9580841064, 79.0154571533, 84.3453445435, 87.0079040527, 86.5445175171, 78.2009658813], [76.4638900757, 78.6717758179, 83.9217910767, 86.5445175171, 86.3236083984, 78.1810073853], [69.0214614868, 71.1834716797, 75.8154373169, 78.2009658813, 78.1810073853, 71.1059188843]]
    }
},
"rhythm": {
    "beats_loudness": {
        "kurt": -1.53512179852,
        "max": 0.0173646584153,
        "mean": 0.00758991297334,
        "median": 0.00924145616591,
        "min": 0,
        "skew": 0.043931286782,
        "var": 4.14308779e-05
    },
    "bpm": 172.265655518,
    "confidence": 0,
    "first_peak_bpm": {
        "kurt": 0,
        "max": 172,
        "mean": 172,
        "median": 172,
        "min": 172,
        "skew": 0,
        "var": 0
    },
    "first_peak_spread": {
        "kurt": 0,
        "max": 0,
        "mean": 0,
        "median": 0,
        "min": 0,
        "skew": 0,
        "var": 0
    },
    "first_peak_weight": {
        "kurt": 0,
        "max": 0.25,
        "mean": 0.25,
        "median": 0.25,
        "min": 0.25,
        "skew": 0,
        "var": 0
    },
    "onset_rate": 1.85659456253,
    "second_peak_bpm": {
        "kurt": 0,
        "max": 178,
        "mean": 178,
        "median": 178,
        "min": 178,
        "skew": 0,
        "var": 0
    },
    "second_peak_spread": {
        "kurt": 0,
        "max": 0,
        "mean": 0,
        "median": 0,
        "min": 0,
        "skew": 0,
        "var": 0
    },
    "second_peak_weight": {
        "kurt": 0,
        "max": 0.25,
        "mean": 0.25,
        "median": 0.25,
        "min": 0.25,
        "skew": 0,
        "var": 0
    },
    "beats_loudness_band_ratio": {
        "kurt": [3.96793794632, 3.06540203094, 3.58586645126, 2.38444948196, -0.730419397354, -1.32351303101],
        "max": [0.0109667014331, 0.00181158131454, 0.0754824131727, 0.327610313892, 0.506767690182, 0.702336788177],
        "mean": [0.00151720270514, 0.000432757515227, 0.013801866211, 0.0753407478333, 0.295510143042, 0.399255543947],
        "median": [0.000262905668933, 0.000364684063243, 0.00608201604337, 0.0437574498355, 0.328252226114, 0.498820722103],
        "min": [0, 0, 0, 0, 0, 0],
        "skew": [2.42239642143, 2.0552778244, 2.28940987587, 1.89345133305, -0.767599999905, -0.474250674248],
        "var": [1.1291635019e-05, 2.59850281736e-07, 0.00049566430971, 0.00923206005245, 0.0298314597458, 0.0674650594592],
        "cov": [[1.27030889416e-05, 1.8723036419e-06, 8.23604495963e-05, 0.00034000625601, 0.000195059852558, -0.000216902641114], [1.8723036419e-06, 2.92331577612e-07, 1.24129037431e-05, 5.20985522598e-05, 4.8140907893e-05, -1.04408536572e-06], [8.23604495963e-05, 1.24129037431e-05, 0.000557622348424, 0.00235992833041, 0.00185991218314, -0.00118527794257], [0.00034000625601, 5.20985522598e-05, 0.00235992833041, 0.0103860674426, 0.0101831834763, -0.00350386463106], [0.000195059852558, 4.8140907893e-05, 0.00185991218314, 0.0101831834763, 0.0335603915155, 0.0288621094078], [-0.000216902641114, -1.04408536572e-06, -0.00118527794257, -0.00350386463106, 0.0288621094078, 0.0758981928229]]
    },
    "beats_position": [0.325079351664, 0.66176867485, 0.99845802784, 1.30031740665, 1.59056687355, 1.88081634045, 2.15945577621, 2.50775504112, 2.85605430603],
    "bpm_estimates": [172.265655518, 172.265655518],
    "bpm_intervals": [0.336689323187, 0.336689352989, 0.301859378815, 0.290249466896, 0.290249466896, 0.278639435768, 0.348299264908, 0.348299264908],
    "onset_times": [0.99845802784, 1.24226760864, 1.54412698746, 1.84598636627, 2.12462592125, 2.3916554451],
    "histogram": [[0, 0, 0, 0, 0, 0, 0, 0, 0, 0, 0, 0, 0, 0, 0, 0, 0, 0, 0, 0, 0, 0, 0, 0, 0, 0, 0, 0, 0, 0, 0, 0, 0, 0, 0, 0, 0, 0, 0, 0, 0, 0, 0, 0, 0, 0, 0, 0, 0, 0, 0, 0, 0, 0, 0, 0, 0, 0, 0, 0, 0, 0, 0, 0, 0, 0, 0, 0, 0, 0, 0, 0, 0, 0, 0, 0, 0, 0, 0, 0, 0, 0, 0, 0, 0, 0, 0, 0, 0, 0, 0, 0, 0, 0, 0, 0, 0, 0, 0, 0, 0, 0, 0, 0, 0, 0, 0, 0, 0, 0, 0, 0, 0, 0, 0, 0, 0, 0, 0, 0, 0, 0, 0, 0, 0, 0, 0, 0, 0, 0, 0, 0, 0, 0, 0, 0, 0, 0, 0, 0, 0, 0, 0, 0, 0, 0, 0, 0, 0, 0, 0, 0, 0, 0, 0, 0, 0, 0, 0, 0, 0, 0, 0, 0, 0, 0, 0, 0, 0, 0, 0, 0, 0.25, 0, 0, 0, 0, 0, 0.25, 0, 0, 0, 0, 0, 0, 0, 0, 0, 0, 0, 0, 0, 0, 0, 0, 0, 0, 0, 0, 0.125, 0, 0, 0, 0, 0, 0, 0, 0.25, 0, 0, 0, 0, 0, 0, 0, 0.125, 0, 0, 0, 0, 0, 0, 0, 0, 0, 0, 0, 0, 0, 0, 0, 0, 0, 0, 0, 0, 0, 0, 0, 0, 0, 0, 0, 0, 0, 0, 0, 0, 0, 0]]
},
"sfx": {
    "inharmonicity": {
        "kurt": -0.748238563538,
        "max": 0.350184649229,
        "mean": 0.121274285018,
        "median": 0.0966595634818,
        "min": 0,
        "skew": 0.649407446384,
        "var": 0.0088018476963
    },
    "oddtoevenharmonicenergyratio": {
        "kurt": 2.16065692902,
        "max": 3.88002109528,
        "mean": 1.03329348564,
        "median": 0.871201336384,
        "min": 0,
        "skew": 1.33007657528,
        "var": 0.598795294762
    },
    "pitch_after_max_to_before_max_energy_ratio": 11.694475174,
    "pitch_centroid": 65.4457321167,
    "pitch_max_to_total": 0.014184396714,
    "pitch_min_to_total": 0.0354609936476,
    "tristimulus": {
        "kurt": [5.72720813751, -0.598014116287, -0.732605457306],
        "max": [1, 0.780227720737, 0.957961559296],
        "mean": [0.177140980959, 0.420931071043, 0.401927947998],
        "median": [0.084339030087, 0.465276867151, 0.410111486912],
        "min": [0, 0, 0],
        "skew": [2.56741786003, -0.576574385166, 0.124005734921],
        "var": [0.0590063594282, 0.0414072498679, 0.0642641857266],
        "cov": [[0.0594278350472, -0.0182038266212, -0.0412240289152], [-0.0182038266212, 0.0417030155659, -0.0234991777688], [-0.0412240289152, -0.0234991777688, 0.0647232159972]]
    }
},
"tonal": {
    "chords_changes_rate": 0.0985915511847,
    "chords_number_rate": 0.112676054239,
    "chords_strength": {
        "kurt": 31.3145599365,
        "max": 0.774512529373,
        "mean": 0.59311324358,
        "median": 0.645854353905,
        "min": -1,
        "skew": -4.85008525848,
        "var": 0.0515350438654
    },
    "key_strength": 0.624610066414,
    "tuning_diatonic_strength": 0.609367847443,
    "tuning_equal_tempered_deviation": 0.261989086866,
    "tuning_frequency": 454.202880859,
    "tuning_nontempered_energy_ratio": 0.913806796074,
    "hpcp": {
        "kurt": [-0.25425028801, 0.242552757263, 0.512296676636, -0.85858798027, -0.00198888778687, -0.104984045029, -0.703682661057, -1.40786373615, -1.5176525116, -1.46972596645, -1.48235440254, -1.38492369652, -1.47027599812, -0.82483458519, -1.1871587038, -0.934838533401, -0.106831550598, -0.376157045364, 1.02716636658, 0.507972955704, -1.05884349346, -1.07127547264, -1.27598524094, -1.30029249191, -1.41792619228, -1.29117238522, -1.23566365242, -0.949912071228, -0.254491090775, 1.83425617218, 1.65184354782, 1.79692840576, 0.823412656784, 0.181458711624, -1.14828503132, -0.508891820908],
        "max": [1, 1, 0.825060963631, 0.431478381157, 0.588330328465, 0.775010347366, 1, 1, 1, 1, 1, 0.987943887711, 0.60614413023, 0.550338566303, 0.535123646259, 0.738390505314, 0.887717068195, 0.521127521992, 0.531937897205, 0.840090334415, 0.856665492058, 1, 1, 1, 1, 1, 1, 0.953335642815, 0.86168807745, 1, 0.930402219296, 0.919488728046, 0.927099823952, 1, 0.96446877718, 1],
        "mean": [0.28724604845, 0.240287780762, 0.199054658413, 0.158020585775, 0.159518003464, 0.223388805985, 0.3060092628, 0.423142582178, 0.501283824444, 0.488393604755, 0.470730364323, 0.396495908499, 0.265703469515, 0.185700163245, 0.19126150012, 0.250184476376, 0.243660837412, 0.151817560196, 0.126831457019, 0.208783507347, 0.315342485905, 0.391997009516, 0.402340531349, 0.399018615484, 0.42345148325, 0.428107529879, 0.39492186904, 0.334364950657, 0.255760014057, 0.210586935282, 0.20396143198, 0.204804867506, 0.223415315151, 0.273126155138, 0.316663265228, 0.318934857845],
        "median": [0.224457249045, 0.232350826263, 0.187116935849, 0.176308721304, 0.147608339787, 0.199639037251, 0.300147891045, 0.4825335145, 0.556473135948, 0.611341953278, 0.518770098686, 0.424160093069, 0.299054294825, 0.197878167033, 0.226963236928, 0.247639343143, 0.232792660594, 0.144114986062, 0.107860423625, 0.207813099027, 0.316936343908, 0.385858118534, 0.428652465343, 0.471042484045, 0.456324875355, 0.469315797091, 0.438950657845, 0.347451984882, 0.265024960041, 0.184670731425, 0.156075805426, 0.167747870088, 0.230279430747, 0.236489012837, 0.259680896997, 0.273968547583],
