{
"metadata": {
    "version": {
        "essentia": "2.1-beta3"
    }
},
"lowLevel": {
    "average_loudness": 0.990682065487,
    "barkbands_kurtosis": {
        "kurt": -1.23567116261,
        "max": 6.11982154846,
        "mean": 1.86632561684,
        "median": 2.32522964478,
        "min": -1.28194117546,
        "skew": 0.0399469994009,
        "var": 3.7957701683
    },
    "barkbands_skewness": {
        "kurt": -0.639296770096,
        "max": 2.15974235535,
        "mean": -0.859642803669,
        "median": -1.47913110256,
        "min": -2.32115769386,
        "skew": 0.782138466835,
        "var": 1.33533668518
    },
    "barkbands_spread": {
        "kurt": -0.578827857971,
        "max": 39.4295806885,
        "mean": 20.9685592651,
        "median": 23.3833503723,
        "min": 5.32028722763,
        "skew": -0.350718736649,
        "var": 55.536441803
    },
    "dissonance": {
        "kurt": 2.14822530746,
        "max": 0.499690413475,
        "mean": 0.484380185604,
        "median": 0.489264398813,
        "min": 0.430965334177,
        "skew": -1.57691204548,
        "var": 0.000238638123847
    },
    "hfc": {
        "kurt": 6.50791549683,
        "max": 119.289398193,
        "mean": 9.74004650116,
        "median": 0.000722543394659,
        "min": 1.11635779309e-16,
        "skew": 2.73589468002,
        "var": 639.689086914
    },
    "pitch": {
        "kurt": 0.877948522568,
        "max": 4220.73730469,
        "mean": 864.079711914,
        "median": 144.262023926,
        "min": 99.0130767822,
        "skew": 1.64567101002,
        "var": 1837743.5
    },
    "pitch_instantaneous_confidence": {
        "kurt": -1.47443842888,
        "max": 0.532992720604,
        "mean": 0.284331411123,
        "median": 0.326710104942,
        "min": 0.0923907756805,
        "skew": -0.196018308401,
        "var": 0.0160444788635
    },
    "pitch_salience": {
        "kurt": 3.61731100082,
        "max": 0.85573977232,
        "mean": 0.742485582829,
        "median": 0.783257246017,
        "min": 0.324101150036,
        "skew": -1.82438158989,
        "var": 0.00802024081349
    },
    "silence_rate_20dB": {
        "kurt": 0,
        "max": 1,
        "mean": 1,
        "median": 1,
        "min": 1,
        "skew": 0,
        "var": 0
    },
    "silence_rate_30dB": {
        "kurt": 0,
        "max": 1,
        "mean": 1,
        "median": 1,
        "min": 1,
        "skew": 0,
        "var": 0
    },
    "silence_rate_60dB": {
        "kurt": 1.78933620453,
        "max": 1,
        "mean": 0.848739504814,
        "median": 1,
        "min": 0,
        "skew": -1.94662022591,
        "var": 0.128380700946
    },
    "spectral_centroid": {
        "kurt": -1.63738131523,
        "max": 11959.7509766,
        "mean": 5155.01318359,
        "median": 3150.00219727,
        "min": 309.062255859,
        "skew": 0.462153345346,
        "var": 20074962
    },
    "spectral_complexity": {
        "kurt": 2.35604906082,
        "max": 51,
        "mean": 6.36974811554,
        "median": 0,
        "min": 0,
        "skew": 2.01757884026,
        "var": 207.527389526
    },
    "spectral_crest": {
        "kurt": 9.20560359955,
        "max": 18.1730861664,
        "mean": 6.73070049286,
        "median": 6.64243555069,
        "min": 3.42288374901,
        "skew": 2.25474953651,
        "var": 4.07542800903
    },
    "spectral_decrease": {
        "kurt": 6.96719837189,
        "max": 1.85668999436e-28,
        "mean": -5.13675657565e-10,
        "median": -2.46500167283e-13,
        "min": -6.3706488973e-09,
        "skew": -2.77455425262,
        "var": 1.71763144298e-18
    },
    "spectral_energy": {
        "kurt": 6.7795343399,
        "max": 0.0348642356694,
        "mean": 0.00282218097709,
        "median": 1.01271541553e-06,
        "min": 1.01395379434e-20,
        "skew": 2.75614118576,
        "var": 5.2312581829e-05
    },
    "spectral_energyband_high": {
        "kurt": 6.16411113739,
        "max": 0.00957369897515,
        "mean": 0.000832030200399,
        "median": 1.04222275255e-08,
        "min": 7.24744391108e-21,
        "skew": 2.7356903553,
        "var": 5.0177045523e-06
    },
    "spectral_energyband_low": {
        "kurt": 62.256111145,
        "max": 0.000429602572694,
        "mean": 8.69126506586e-06,
        "median": 3.34613048381e-07,
        "min": 2.0899643794e-23,
        "skew": 7.70245075226,
        "var": 2.12289608115e-09
    },
    "spectral_energyband_middle_high": {
        "kurt": 8.23932361603,
        "max": 0.0255590882152,
        "mean": 0.00190715305507,
        "median": 1.66399900081e-07,
        "min": 1.23563920825e-21,
        "skew": 2.94485831261,
        "var": 2.44722941716e-05
    },
    "spectral_energyband_middle_low": {
        "kurt": 13.1950511932,
        "max": 0.00168423727155,
        "mean": 0.000103139966086,
        "median": 3.0787393257e-07,
        "min": 1.73373249664e-22,
        "skew": 3.58524727821,
        "var": 8.11767648656e-08
    },
    "spectral_flatness_db": {
        "kurt": -1.24483931065,
        "max": 0.199371948838,
        "mean": 0.116892635822,
        "median": 0.114880762994,
        "min": 0.0547472462058,
        "skew": 0.294385761023,
        "var": 0.00166308949701
    },
    "spectral_flux": {
        "kurt": 2.29480314255,
        "max": 0.111735902727,
        "mean": 0.0160314664245,
        "median": 0.000684064696543,
        "min": 6.26843507656e-11,
        "skew": 1.97132706642,
        "var": 0.00102252338547
    },
    "spectral_kurtosis": {
        "kurt": -0.84032201767,
        "max": 15.4853973389,
        "mean": 3.69245648384,
        "median": 3.34285497665,
        "min": -1.27406430244,
        "skew": 0.504772126675,
        "var": 21.348815918
    },
    "spectral_rms": {
        "kurt": 3.02280139923,
        "max": 0.00583214266226,
        "mean": 0.000730663363356,
        "median": 3.1432704418e-05,
        "min": 3.14519200614e-12,
        "skew": 2.10158228874,
        "var": 2.21947698265e-06
    },
    "spectral_rolloff": {
        "kurt": -1.64857149124,
        "max": 19552.1484375,
        "mean": 8544.15625,
        "median": 4026.70898438,
        "min": 624.462890625,
        "skew": 0.519902348518,
        "var": 59859620
    },
    "spectral_skewness": {
        "kurt": -1.45921647549,
        "max": 2.79561686516,
        "mean": 1.20085215569,
        "median": 1.40311288834,
        "min": -0.0753613263369,
        "skew": -0.0121807074174,
        "var": 1.01042103767
    },
    "spectral_spread": {
        "kurt": -1.65419232845,
        "max": 42827724,
        "mean": 17556568,
        "median": 6087363.5,
        "min": 2296326.75,
        "skew": 0.55304723978,
        "var": 2.97209388073e+14
    },
    "spectral_strongpeak": {
        "kurt": 4.6128988266,
        "max": 5.74333524704,
        "mean": 0.593746304512,
        "median": 0.000995626673102,
        "min": 1.19140877719e-10,
        "skew": 2.41733908653,
        "var": 1.86025941372
    },
    "zerocrossingrate": {
        "kurt": -1.65628814697,
        "max": 0.521484375,
        "mean": 0.244399130344,
        "median": 0.14404296875,
        "min": 0.033203125,
        "skew": 0.454642027617,
        "var": 0.0391640551388
    },
    "barkbands": {
        "kurt": [82.9261779785, 97.3411560059, 49.0795440674, 79.3218154907, 48.834274292, 31.2006187439, 14.5727062225, 33.9871902466, 13.526517868, 31.2925262451, 10.1461849213, 28.9124622345, 6.81944847107, 8.14851379395, 6.17058944702, 11.5563116074, 15.0064029694, 9.08122253418, 11.6307315826, 6.54144954681, 10.8724851608, 15.3350410461, 10.1880474091, 16.6779766083, 10.6002635956, 16.2449684143, 24.9711036682],
        "max": [3.20148828905e-05, 0.000171785737621, 0.000164281373145, 0.000196967739612, 0.000303094275296, 0.000300891755614, 0.000179759546882, 0.000477570632938, 0.000761554285418, 0.000713619112503, 0.000301557709463, 0.00073900539428, 0.000335840450134, 0.000659262645058, 0.0010274653323, 0.00158507411834, 0.00399662554264, 0.00484198145568, 0.0109363337979, 0.00744089204818, 0.00573634309694, 0.0019429057138, 0.000633257208392, 0.000462869735202, 0.000186448349268, 1.62612323038e-05, 1.13794328627e-07],
        "mean": [4.5833340323e-07, 2.50959169534e-06, 3.92908577851e-06, 3.14005933433e-06, 7.0186015364e-06, 9.34389572649e-06, 1.01609803096e-05, 1.90946011571e-05, 4.51422893093e-05, 3.03831420752e-05, 2.08873461816e-05, 3.09348470182e-05, 2.80614203803e-05, 5.06749238411e-05, 8.7948385044e-05, 0.00011007883586, 0.000238712062128, 0.000350449088728, 0.000683789141476, 0.000558436091524, 0.000345089967595, 0.000106555431557, 4.43754979642e-05, 2.19236371777e-05, 1.22728015413e-05, 8.0953162751e-07, 4.34787139625e-09],
        "median": [6.24966078888e-09, 6.32406411682e-08, 1.2379850034e-07, 2.03502583673e-08, 1.78616836877e-08, 1.66742530894e-08, 2.47422811128e-08, 4.35317559777e-08, 7.23690831705e-08, 5.72282878863e-08, 2.61752397535e-08, 2.57170391649e-08, 2.80966609978e-08, 2.2325284732e-08, 1.73659469027e-08, 1.00157473426e-08, 1.52072026083e-08, 1.54329633517e-08, 8.53631654252e-09, 7.5358217444e-09, 3.90908949655e-09, 1.60303703645e-09, 5.73610881016e-10, 3.14711562366e-10, 2.0269433354e-10, 2.08353924391e-11, 5.32559348183e-13],
        "min": [4.59886876475e-25, 2.00071928301e-24, 1.6992951367e-24, 6.23577732979e-25, 1.38198459393e-23, 5.54778935042e-24, 8.58523318495e-24, 3.5348936049e-24, 1.40785560286e-23, 1.25172093928e-23, 2.68526358871e-23, 3.44007031529e-23, 3.08246609854e-23, 4.21954977108e-23, 4.51786793535e-23, 6.79053739134e-23, 1.02484264967e-22, 1.31676775895e-22, 1.56604363982e-22, 2.10616748773e-22, 3.06265515064e-22, 3.7480488071e-22, 3.91437325009e-22, 5.28063136545e-22, 9.842460752e-22, 1.28332356543e-21, 2.08339270736e-21],
        "skew": [8.92875766754, 9.70124816895, 6.82574319839, 8.69941902161, 6.91738176346, 5.50227499008, 3.78466844559, 5.58233499527, 3.54412674904, 5.04826021194, 3.15459442139, 4.85223150253, 2.75331568718, 2.91860461235, 2.66417551041, 3.42195391655, 3.73905539513, 3.0961856842, 3.42896270752, 2.68385720253, 3.29444503784, 3.82567238808, 3.28338027, 3.79839968681, 3.36160612106, 4.0502872467, 4.79943323135],
        "var": [9.97537382558e-12, 2.62550120533e-10, 3.59972801567e-10, 3.85619786103e-10, 1.31303501405e-09, 1.60940660798e-09, 9.39006095102e-10, 4.35661196008e-09, 1.48170045122e-08, 7.83178766284e-09, 2.86179790976e-09, 8.60000515246e-09, 4.62683402702e-09, 1.64534164071e-08, 4.66658320875e-08, 9.31245693891e-08, 4.58919345192e-07, 8.72399198215e-07, 3.82729376724e-06, 2.05151400223e-06, 9.91069668999e-07, 1.06681639522e-07, 1.69075491385e-08, 4.50523218731e-09, 1.42268186121e-09, 7.72134266247e-12, 2.58864491867e-16],
        "cov": [[1.005991037e-11, 4.98359305212e-11, 4.73607368601e-11, 2.96737009964e-11, 5.96783317208e-11, 8.1676533592e-11, 3.65196171914e-11, 2.93140269003e-11, 7.32315597052e-11, 1.30365024331e-10, 3.35651402505e-11, 3.41133267467e-11, 1.9925379055e-11, 1.36986437818e-11, 9.92293330837e-11, 7.5621814366e-11, 1.19473153593e-10, 3.68190783417e-10, 6.60138277375e-10, 1.39334055405e-09, 1.05394470928e-09, 6.78168798895e-10, 2.30287094949e-10, 7.5069429839e-11, 6.55539303396e-11, 4.99711556856e-12, 4.08646945763e-14], [4.98359305212e-11, 2.64775118497e-10, 2.71680927755e-10, 1.85881768311e-10, 2.86608292654e-10, 4.12564121754e-10, 1.59191090865e-10, 1.39128847332e-10, 2.26785937252e-10, 4.88243834251e-10, 1.97842020544e-10, 2.18929957496e-10, 1.14532203166e-10, 1.11376428913e-10, 4.87916873571e-10, 4.74859818134e-10, 8.40343905573e-10, 1.98151961506e-09, 3.6843745832e-09, 6.98910129771e-09, 5.20103426993e-09, 3.41829120565e-09, 1.12550935238e-09, 3.59877905254e-10, 3.07132569377e-10, 2.35136823207e-11, 1.94162611336e-13], [4.73607368601e-11, 2.71680927755e-10, 3.63023416883e-10, 3.07021769119e-10, 4.39522085394e-10, 6.21807050294e-10, 3.17559006868e-10, 5.02896391197e-10, 5.55389179091e-10, 6.09547134989e-10, 4.79094264261e-10, 5.32702437717e-10, 3.93988425218e-10, 4.84274509382e-10, 1.12109921346e-09, 1.52468604409e-09, 3.73844422086e-09, 5.12445952339e-09, 1.182922027e-08, 1.19785257269e-08, 7.80980435877e-09, 4.29471569419e-09, 1.52850110346e-09, 5.57022428183e-10, 3.95818045007e-10, 2.78533723863e-11, 2.17043383591e-13], [2.96737009964e-11, 1.85881768311e-10, 3.07021769119e-10, 3.88887755332e-10, 6.04236605195e-10, 6.78274769683e-10, 3.04621744496e-10, 2.95504315462e-10, 3.19903797896e-10, 5.28922017295e-10, 3.42051054147e-10, 2.72129485612e-10, 1.99550917457e-10, 2.63293054026e-10, 5.42563216577e-10, 9.38524702399e-10, 1.81784010067e-09, 2.87800872023e-09, 6.63990507022e-09, 7.51973949775e-09, 4.14599821141e-09, 3.0958495767e-09, 1.08030884238e-09, 3.40952904798e-10, 2.34979480318e-10, 1.5708686088e-11, 1.43711811115e-13], [5.96783317208e-11, 2.86608292654e-10, 4.39522085394e-10, 6.04236605195e-10, 1.32416233534e-09, 1.3569165791e-09, 7.72109931546e-10, 7.3481420948e-10, 1.5835139866e-09, 2.10253903177e-09, 6.41471542551e-10, 6.08070094277e-10, 5.19196574622e-10, 6.30911045629e-10, 1.69393676863e-09, 1.94888394311e-09, 3.54298257399e-09, 7.5438677527e-09, 1.53269432701e-08, 1.88706330562e-08, 1.10946194454e-08, 7.01476743359e-09, 2.56936338872e-09, 8.89303131135e-10, 6.79511114043e-10, 4.50769283011e-11, 3.64560459728e-13], [8.1676533592e-11, 4.12564121754e-10, 6.21807050294e-10, 6.78274769683e-10, 1.3569165791e-09, 1.62304569784e-09, 9.7096597429e-10, 1.2011520667e-09, 2.18314633038e-09, 2.24532237247e-09, 1.03558994713e-09, 8.65705618303e-10, 9.14177622491e-10, 1.05503816794e-09, 2.973959079e-09, 3.43598194341e-09, 8.31625612818e-09, 1.22895080779e-08, 2.7755074683e-08, 2.78852461122e-08, 1.65623514903e-08, 8.92277451925e-09, 3.49315709691e-09, 1.35586653016e-09, 9.15392928125e-10, 6.19546289271e-11, 4.69458402274e-13], [3.65196171914e-11, 1.59191090865e-10, 3.17559006868e-10, 3.04621744496e-10, 7.72109931546e-10, 9.7096597429e-10, 9.46963729653e-10, 1.64668978453e-09, 2.66920774372e-09, 2.19647833255e-09, 1.29583543895e-09, 1.75363457089e-09, 1.35843181148e-09, 2.17718554296e-09, 4.19990797695e-09, 5.20722442943e-09, 1.31559119154e-08, 1.76980812228e-08, 4.11745979534e-08, 3.24930304885e-08, 1.98290557307e-08, 6.9351120402e-09, 2.96440516578e-09, 1.37688227486e-09, 8.62053817219e-10, 5.28261948074e-11, 3.38806321323e-13], [2.93140269003e-11, 1.39128847332e-10, 5.02896391197e-10, 2.95504315462e-10, 7.3481420948e-10, 1.2011520667e-09, 1.64668978453e-09, 4.39353220472e-09, 6.09254957595e-09, 3.84778120477e-09, 3.01880631604e-09, 5.00662089564e-09, 3.49528672672e-09, 5.65294211441e-09, 9.38733446532e-09, 1.47019143526e-08, 3.31364198303e-08, 4.52430306552e-08, 1.01818784515e-07, 6.8905841033e-08, 4.21474091183e-08, 1.19444285573e-08, 5.39916467091e-09, 2.79865375319e-09, 1.63632551953e-09, 1.01543266851e-10, 5.4206471126e-13], [7.32315597052e-11, 2.26785937252e-10, 5.55389179091e-10, 3.19903797896e-10, 1.5835139866e-09, 2.18314633038e-09, 2.66920774372e-09, 6.09254957595e-09, 1.49425716245e-08, 8.69779359647e-09, 5.03212049807e-09, 7.67520180744e-09, 7.12650916057e-09, 1.19430536571e-08, 2.21864269179e-08, 3.10896943745e-08, 5.80627776969e-08, 1.02302401217e-07, 1.95611548293e-07, 1.41013899224e-07, 9.56104173611e-08, 2.62145896102e-08, 1.27727286525e-08, 6.98899293994e-09, 3.57253049366e-09, 2.63385868671e-10, 1.24451414885e-12], [1.30365024331e-10, 4.88243834251e-10, 6.09547134989e-10, 5.28922017295e-10, 2.10253903177e-09, 2.24532237247e-09, 2.19647833255e-09, 3.84778120477e-09, 8.69779359647e-09, 7.89815857161e-09, 3.042621044e-09, 5.22725818186e-09, 3.76306097394e-09, 7.02859725976e-09, 1.23704984034e-08, 1.71504535018e-08, 3.27215090579e-08, 5.53286518823e-08, 1.09074541399e-07, 9.47501561654e-08, 6.1178511146e-08, 2.1348416368e-08, 8.71008509762e-09, 3.98632593601e-09, 2.62413535346e-09, 1.78704911979e-10, 1.09284554062e-12], [3.35651402505e-11, 1.97842020544e-10, 4.79094264261e-10, 3.42051054147e-10, 6.41471542551e-10, 1.03558994713e-09, 1.29583543895e-09, 3.01880631604e-09, 5.03212049807e-09, 3.042621044e-09, 2.88605050969e-09, 3.96844290762e-09, 3.05219316488e-09, 5.57361090614e-09, 9.65514068696e-09, 1.35744357976e-08, 3.11297974065e-08, 4.0598902018e-08, 8.76922570114e-08, 6.37893791122e-08, 3.83200280396e-08, 1.12584066514e-08, 5.00783858826e-09, 2.38588548918e-09, 1.37691236191e-09, 8.40785011058e-11, 4.55158968241e-13], [3.41133267467e-11, 2.18929957496e-10, 5.32702437717e-10, 2.72129485612e-10, 6.08070094277e-10, 8.65705618303e-10, 1.75363457089e-09, 5.00662089564e-09, 7.67520180744e-09, 5.22725818186e-09, 3.96844290762e-09, 8.67288640904e-09, 5.16891773827e-09, 9.77919789591e-09, 1.46772212162e-08, 2.31439134524e-08, 4.8711232381e-08, 7.18532291444e-08, 1.51899214984e-07, 1.09458561326e-07, 7.11315664148e-08, 1.86736102137e-08, 7.5244992459e-09, 4.00462152328e-09, 2.38433761623e-09, 1.45054565581e-10, 7.23736120947e-13], [1.9925379055e-11, 1.14532203166e-10, 3.93988425218e-10, 1.99550917457e-10, 5.19196574622e-10, 9.14177622491e-10, 1.35843181148e-09, 3.49528672672e-09, 7.12650916057e-09, 3.76306097394e-09, 3.05219316488e-09, 5.16891773827e-09, 4.66604443972e-09, 7.35371852301e-09, 1.30740245297e-08, 1.7832036292e-08, 3.9184300249e-08, 6.04507661706e-08, 1.2164554164e-07, 8.98420324802e-08, 5.75472753894e-08, 1.55772994503e-08, 6.84257850381e-09, 3.77380304784e-09, 1.97394012247e-09, 1.33201019659e-10, 5.93410086694e-13], [1.36986437818e-11, 1.11376428913e-10, 4.84274509382e-10, 2.63293054026e-10, 6.30911045629e-10, 1.05503816794e-09, 2.17718554296e-09, 5.65294211441e-09, 1.19430536571e-08, 7.02859725976e-09, 5.57361090614e-09, 9.77919789591e-09, 7.35371852301e-09, 1.65928515372e-08, 2.2417458112e-08, 3.5621550154e-08, 7.38468273198e-08, 1.03147165476e-07, 2.18234220029e-07, 1.53881899223e-07, 1.01213224468e-07, 2.30921184396e-08, 1.06250626075e-08, 5.8544880055e-09, 2.92382007494e-09, 1.96435104294e-10, 8.40135361453e-13], [9.92293330837e-11, 4.87916873571e-10, 1.12109921346e-09, 5.42563216577e-10, 1.69393676863e-09, 2.973959079e-09, 4.19990797695e-09, 9.38733446532e-09, 2.21864269179e-08, 1.23704984034e-08, 9.65514068696e-09, 1.46772212162e-08, 1.30740245297e-08, 2.2417458112e-08, 4.70613059633e-08, 5.57330466222e-08, 1.16958176477e-07, 1.76553399456e-07, 3.37587039212e-07, 2.67098783979e-07, 1.69231611835e-07, 4.74563499608e-08, 2.05326351477e-08, 1.12947633468e-08, 5.98377436489e-09, 4.05915800972e-10, 1.838200165e-12], [7.5621814366e-11, 4.74859818134e-10, 1.52468604409e-09, 9.38524702399e-10, 1.94888394311e-09, 3.43598194341e-09, 5.20722442943e-09, 1.47019143526e-08, 3.10896943745e-08, 1.71504535018e-08, 1.35744357976e-08, 2.31439134524e-08, 1.7832036292e-08, 3.5621550154e-08, 5.57330466222e-08, 9.39137621003e-08, 1.82979462693e-07, 2.58953292587e-07, 5.34598541435e-07, 3.70473429712e-07, 2.24499899559e-07, 5.22531564684e-08, 2.52110812227e-08, 1.40387896863e-08, 6.76489309015e-09, 4.65274513362e-10, 2.03052873994e-12], [1.19473153593e-10, 8.40343905573e-10, 3.73844422086e-09, 1.81784010067e-09, 3.54298257399e-09, 8.31625612818e-09, 1.31559119154e-08, 3.31364198303e-08, 5.80627776969e-08, 3.27215090579e-08, 3.11297974065e-08, 4.8711232381e-08, 3.9184300249e-08, 7.38468273198e-08, 1.16958176477e-07, 1.82979462693e-07, 4.62808486645e-07, 5.21713104717e-07, 1.2392415556e-06, 8.74250929428e-07, 5.05673256157e-07, 1.18387021075e-07, 5.5207316052e-08, 2.90628356936e-08, 1.53854582408e-08, 8.89220141964e-10, 4.24478768107e-12], [3.68190783417e-10, 1.98151961506e-09, 5.12445952339e-09, 2.87800872023e-09, 7.5438677527e-09, 1.22895080779e-08, 1.76980812228e-08, 4.52430306552e-08, 1.02302401217e-07, 5.53286518823e-08, 4.0598902018e-08, 7.18532291444e-08, 6.04507661706e-08, 1.03147165476e-07, 1.76553399456e-07, 2.58953292587e-07, 5.21713104717e-07, 8.79792366959e-07, 1.71143665284e-06, 1.23686504594e-06, 8.06192929304e-07, 2.03349998174e-07, 9.48174445625e-08, 5.35204378593e-08, 2.65083155426e-08, 1.86184823114e-09, 8.21903829717e-12], [6.60138277375e-10, 3.6843745832e-09, 1.182922027e-08, 6.63990507022e-09, 1.53269432701e-08, 2.7755074683e-08, 4.11745979534e-08, 1.01818784515e-07, 1.95611548293e-07, 1.09074541399e-07, 8.76922570114e-08, 1.51899214984e-07, 1.2164554164e-07, 2.18234220029e-07, 3.37587039212e-07, 5.34598541435e-07, 1.2392415556e-06, 1.71143665284e-06, 3.85972862205e-06, 2.63694028035e-06, 1.70630710272e-06, 4.07765725186e-07, 1.9445181465e-07, 1.0744275869e-07, 5.41410543065e-08, 3.55254536899e-09, 1.65193188989e-11], [1.39334055405e-09, 6.98910129771e-09, 1.19785257269e-08, 7.51973949775e-09, 1.88706330562e-08, 2.78852461122e-08, 3.24930304885e-08, 6.8905841033e-08, 1.41013899224e-07, 9.47501561654e-08, 6.37893791122e-08, 1.09458561326e-07, 8.98420324802e-08, 1.53881899223e-07, 2.67098783979e-07, 3.70473429712e-07, 8.74250929428e-07, 1.23686504594e-06, 2.63694028035e-06, 2.06889967558e-06, 1.28463477722e-06, 3.73195803149e-07, 1.56181030775e-07, 7.97739758696e-08, 4.54927331361e-08, 2.94744140206e-09, 1.54701668142e-11], [1.05394470928e-09, 5.20103426993e-09, 7.80980435877e-09, 4.14599821141e-09, 1.10946194454e-08, 1.65623514903e-08, 1.98290557307e-08, 4.21474091183e-08, 9.56104173611e-08, 6.1178511146e-08, 3.83200280396e-08, 7.11315664148e-08, 5.75472753894e-08, 1.01213224468e-07, 1.69231611835e-07, 2.24499899559e-07, 5.05673256157e-07, 8.06192929304e-07, 1.70630710272e-06, 1.28463477722e-06, 9.99468625196e-07, 2.75419466789e-07, 1.19149483169e-07, 6.32212575624e-08, 3.39531709415e-08, 2.42174724718e-09, 1.22104349201e-11], [6.78168798895e-10, 3.41829120565e-09, 4.29471569419e-09, 3.0958495767e-09, 7.01476743359e-09, 8.92277451925e-09, 6.9351120402e-09, 1.19444285573e-08, 2.62145896102e-08, 2.1348416368e-08, 1.12584066514e-08, 1.86736102137e-08, 1.55772994503e-08, 2.30921184396e-08, 4.74563499608e-08, 5.22531564684e-08, 1.18387021075e-07, 2.03349998174e-07, 4.07765725186e-07, 3.73195803149e-07, 2.75419466789e-07, 1.07585726994e-07, 4.04415345656e-08, 1.83162374157e-08, 1.19287628664e-08, 8.4383822152e-10, 4.9966975002e-12], [2.30287094949e-10, 1.12550935238e-09, 1.52850110346e-09, 1.08030884238e-09, 2.56936338872e-09, 3.49315709691e-09, 2.96440516578e-09, 5.39916467091e-09, 1.27727286525e-08, 8.71008509762e-09, 5.00783858826e-09, 7.5244992459e-09, 6.84257850381e-09, 1.06250626075e-08, 2.05326351477e-08, 2.52110812227e-08, 5.5207316052e-08, 9.48174445625e-08, 1.9445181465e-07, 1.56181030775e-07, 1.19149483169e-07, 4.04415345656e-08, 1.70508336339e-08, 8.26934254405e-09, 4.77331196791e-09, 3.4711247765e-10, 1.93737170404e-12], [7.5069429839e-11, 3.59877905254e-10, 5.57022428183e-10, 3.40952904798e-10, 8.89303131135e-10, 1.35586653016e-09, 1.37688227486e-09, 2.79865375319e-09, 6.98899293994e-09, 3.98632593601e-09, 2.38588548918e-09, 4.00462152328e-09, 3.77380304784e-09, 5.8544880055e-09, 1.12947633468e-08, 1.40387896863e-08, 2.90628356936e-08, 5.35204378593e-08, 1.0744275869e-07, 7.97739758696e-08, 6.32212575624e-08, 1.83162374157e-08, 8.26934254405e-09, 4.54341231304e-09, 2.31977081988e-09, 1.75458009233e-10, 8.58777404657e-13], [6.55539303396e-11, 3.07132569377e-10, 3.95818045007e-10, 2.34979480318e-10, 6.79511114043e-10, 9.15392928125e-10, 8.62053817219e-10, 1.63632551953e-09, 3.57253049366e-09, 2.62413535346e-09, 1.37691236191e-09, 2.38433761623e-09, 1.97394012247e-09, 2.92382007494e-09, 5.98377436489e-09, 6.76489309015e-09, 1.53854582408e-08, 2.65083155426e-08, 5.41410543065e-08, 4.54927331361e-08, 3.39531709415e-08, 1.19287628664e-08, 4.77331196791e-09, 2.31977081988e-09, 1.43473843917e-09, 1.01125149921e-10, 5.66621131525e-13], [4.99711556856e-12, 2.35136823207e-11, 2.78533723863e-11, 1.5708686088e-11, 4.50769283011e-11, 6.19546289271e-11, 5.28261948074e-11, 1.01543266851e-10, 2.63385868671e-10, 1.78704911979e-10, 8.40785011058e-11, 1.45054565581e-10, 1.33201019659e-10, 1.96435104294e-10, 4.05915800972e-10, 4.65274513362e-10, 8.89220141964e-10, 1.86184823114e-09, 3.55254536899e-09, 2.94744140206e-09, 2.42174724718e-09, 8.4383822152e-10, 3.4711247765e-10, 1.75458009233e-10, 1.01125149921e-10, 7.78677729935e-12, 4.16328314868e-14], [4.08646945763e-14, 1.94162611336e-13, 2.17043383591e-13, 1.43711811115e-13, 3.64560459728e-13, 4.69458402274e-13, 3.38806321323e-13, 5.4206471126e-13, 1.24451414885e-12, 1.09284554062e-12, 4.55158968241e-13, 7.23736120947e-13, 5.93410086694e-13, 8.40135361453e-13, 1.838200165e-12, 2.03052873994e-12, 4.24478768107e-12, 8.21903829717e-12, 1.65193188989e-11, 1.54701668142e-11, 1.22104349201e-11, 4.9966975002e-12, 1.93737170404e-12, 8.58777404657e-13, 5.66621131525e-13, 4.16328314868e-14, 2.61058254261e-16]]
    },
    "mfcc": {
        "kurt": [-0.341270446777, -1.29810869694, -1.00050497055, 0.629846811295, -0.00906443595886, -0.259973049164, -0.254667758942, -0.314627885818, -0.45149564743, -0.10024523735, 0.516851902008, 2.84099292755, 1.15721035004],
        "max": [-581.678955078, 100.096809387, 25.1194190979, 50.327255249, 16.4423065186, 15.0163269043, 20.3386268616, 26.8260593414, 21.9376716614, 24.7245044708, 18.0952415466, 9.54605102539, 9.05841064453],
        "mean": [-990.890319824, 29.6965560913, -27.6054077148, 5.44204187393, -5.28970623016, -3.41657042503, 3.53262996674, 5.1699848175, 4.31787061691, 5.22559404373, 2.53805065155, 0.0783868059516, -1.44487452507],
        "median": [-1095.76342773, 5.19764328003, -6.103515625e-05, 8.01086425781e-05, -6.103515625e-05, 2.28881835938e-05, -2.67028808594e-05, 1.23606872559, 0.445909500122, 4.18269348145, -2.67028808594e-05, -3.0517578125e-05, -3.81469726562e-05],
        "min": [-1138.42004395, -22.525270462, -115.745666504, -21.5959281921, -40.4197654724, -28.7890949249, -11.6848831177, -11.9133052826, -8.66553688049, -5.79284286499, -7.78438568115, -15.2556171417, -12.615562439],
        "skew": [1.05589079857, 0.604727685452, -0.770642578602, 0.785534262657, -1.01998090744, -0.722395658493, 0.30051073432, 0.655816674232, 0.624511897564, 0.821344435215, 0.780037641525, -1.0405216217, -0.873246610165],
        "var": [35239.7421875, 1474.88476562, 1878.33105469, 208.665313721, 184.382583618, 96.4122467041, 46.3255271912, 55.5497055054, 39.792339325, 38.6276397705, 23.7385921478, 15.8213310242, 15.1872339249],
        "cov": [[35538.3867188, 540.242431641, -6672.86425781, 1855.01513672, -2196.01171875, -1236.73291016, -215.287277222, -86.0223083496, -86.5500030518, 345.186889648, -75.2266159058, -176.85369873, -285.847930908], [540.242431641, 1487.38378906, -427.612670898, -119.578193665, 116.28125, -11.3882198334, 184.369735718, 232.757202148, 182.559204102, 151.885940552, 120.918464661, 24.2165050507, -6.60856723785], [-6672.86425781, -427.612670898, 1894.24902344, -319.088256836, 460.724273682, 322.49710083, 15.6931791306, -3.22524762154, 12.5395154953, -101.034698486, -11.9686613083, 23.4053382874, 57.9427223206], [1855.01513672, -119.578193665, -319.088256836, 210.433654785, -133.670822144, -37.5904312134, -18.1899471283, -27.9320850372, -24.0472488403, -5.70809602737, -15.2835083008, -13.7288236618, -9.29925537109], [-2196.01171875, 116.28125, 460.724273682, -133.670822144, 185.945144653, 94.0982818604, 37.9043464661, 35.2805709839, 26.8874912262, -12.2085838318, 14.2680616379, 17.4881458282, 20.8119049072], [-1236.73291016, -11.3882198334, 322.49710083, -37.5904312134, 94.0982818604, 97.2293014526, 20.9995212555, 15.2066812515, 11.3872728348, -17.4664115906, 3.97537708282, 5.7906665802, 11.8742647171], [-215.287277222, 184.369735718, 15.6931791306, -18.1899471283, 37.9043464661, 20.9995212555, 46.7181167603, 35.426322937, 31.9512310028, 16.4037246704, 19.4262962341, 8.77845859528, 1.18291723728], [-86.0223083496, 232.757202148, -3.22524762154, -27.9320850372, 35.2805709839, 15.2066812515, 35.426322937, 56.0204658508, 39.7033195496, 26.6090145111, 20.5878314972, 3.91047930717, -0.809448897839], [-86.5500030518, 182.559204102, 12.5395154953, -24.0472488403, 26.8874912262, 11.3872728348, 31.9512310028, 39.7033195496, 40.1295623779, 27.428358078, 21.176197052, 6.87809944153, -2.3043949604], [345.186889648, 151.885940552, -101.034698486, -5.70809602737, -12.2085838318, -17.4664115906, 16.4037246704, 26.6090145111, 27.428358078, 38.954990387, 21.3977451324, 4.00602579117, -5.83500528336], [-75.2266159058, 120.918464661, -11.9686613083, -15.2835083008, 14.2680616379, 3.97537708282, 19.4262962341, 20.5878314972, 21.176197052, 21.3977451324, 23.9397678375, 8.97252750397, 0.697936594486], [-176.85369873, 24.2165050507, 23.4053382874, -13.7288236618, 17.4881458282, 5.7906665802, 8.77845859528, 3.91047930717, 6.87809944153, 4.00602579117, 8.97252750397, 15.9554100037, 7.44837999344], [-285.847930908, -6.60856723785, 57.9427223206, -9.29925537109, 20.8119049072, 11.8742647171, 1.18291723728, -0.809448897839, -2.3043949604, -5.83500528336, 0.697936594486, 7.44837999344, 15.3159399033]]
    },
    "sccoeffs": {
        "kurt": [-0.101480007172, -0.977205038071, -0.524000406265, -1.18482911587, -1.30133068562, -1.45880281925],
        "max": [-0.579277336597, -0.666870176792, -0.667431414127, -0.745873630047, -0.719557523727, -0.71303075552],
        "mean": [-0.867343366146, -0.867625892162, -0.888920068741, -0.886182188988, -0.87689435482, -0.864790081978],
        "median": [-0.849817693233, -0.866874873638, -0.88315141201, -0.876738011837, -0.882545530796, -0.873940527439],
        "min": [-0.97496432066, -0.975167036057, -0.973800778389, -0.969680547714, -0.965488672256, -0.963497936726],
        "skew": [0.40645262599, 0.463954657316, 0.305756092072, 0.210535541177, 0.227375179529, 0.275091797113],
        "var": [0.00640926370397, 0.00775462156162, 0.00413361983374, 0.0042278803885, 0.00552945258096, 0.00757151469588],
        "cov": [[0.00646357983351, 0.00532426312566, 0.00420438591391, 0.00441372627392, 0.00504970084876, 0.00558142876253], [0.00532426312566, 0.00782033894211, 0.00454498594627, 0.00520491041243, 0.0059160804376, 0.00693513499573], [0.00420438591391, 0.00454498594627, 0.00416865060106, 0.00378067302518, 0.00436473963782, 0.00505188899115], [0.00441372627392, 0.00520491041243, 0.00378067302518, 0.00426370976493, 0.00468347221613, 0.00547388801351], [0.00504970084876, 0.0059160804376, 0.00436473963782, 0.00468347221613, 0.00557631254196, 0.00626807380468], [0.00558142876253, 0.00693513499573, 0.00505188899115, 0.00547388801351, 0.00626807380468, 0.00763568049297]]
    },
    "scvalleys": {
        "kurt": [-1.65110516548, -1.64810204506, -1.65277481079, -1.64612567425, -1.61418962479, -1.5527279377],
        "max": [-5.74513959885, -5.45170974731, -5.7547211647, -5.72935676575, -5.11013841629, -6.96151971817],
        "mean": [-15.8614768982, -15.6836633682, -15.4106693268, -15.5971498489, -15.8061199188, -17.4028682709],
        "median": [-10.1406860352, -10.3854503632, -10.395485878, -11.1657924652, -11.81158638, -13.7340717316],
        "min": [-28.1840991974, -27.9652900696, -27.6859359741, -27.6791744232, -27.5442428589, -27.4240188599],
        "skew": [-0.533280551434, -0.495202571154, -0.482071876526, -0.448498308659, -0.389832228422, -0.32808676362],
        "var": [76.4106521606, 78.0414047241, 81.9339294434, 80.0709381104, 79.0566177368, 59.4609603882],
        "cov": [[77.0581970215, 77.5790252686, 79.3950881958, 78.231628418, 77.2857971191, 66.6423034668], [77.5790252686, 78.7027664185, 80.5248794556, 79.5142288208, 78.7579879761, 67.963684082], [79.3950881958, 80.5248794556, 82.628288269, 81.597946167, 80.8227310181, 69.6593093872], [78.231628418, 79.5142288208, 81.597946167, 80.7495040894, 80.0717926025, 69.0242919922], [77.2857971191, 78.7579879761, 80.8227310181, 80.0717926025, 79.7265853882, 68.92527771], [66.6423034668, 67.963684082, 69.6593093872, 69.0242919922, 68.92527771, 59.9648704529]]
    }
},
"rhythm": {
    "beats_loudness": {
        "kurt": 0.172030687332,
        "max": 0.0163678061217,
        "mean": 0.00368240149692,
        "median": 2.33004939219e-05,
        "min": 0,
        "skew": 1.44686496258,
        "var": 4.08371670346e-05
    },
    "bpm": 130.303482056,
    "confidence": 0,
    "first_peak_bpm": {
        "kurt": 0,
        "max": 129,
        "mean": 129,
        "median": 129,
        "min": 129,
        "skew": 0,
        "var": 0
    },
    "first_peak_spread": {
        "kurt": 0,
        "max": 0.333333313465,
        "mean": 0.333333313465,
        "median": 0.333333313465,
        "min": 0.333333313465,
        "skew": 0,
        "var": 0
    },
    "first_peak_weight": {
        "kurt": 0,
        "max": 0.5,
        "mean": 0.5,
        "median": 0.5,
        "min": 0.5,
        "skew": 0,
        "var": 0
    },
    "onset_rate": 0.365290015936,
    "second_peak_bpm": {
        "kurt": 0,
        "max": 123,
        "mean": 123,
        "median": 123,
        "min": 123,
        "skew": 0,
        "var": 0
    },
    "second_peak_spread": {
        "kurt": 0,
        "max": 0,
        "mean": 0,
        "median": 0,
        "min": 0,
        "skew": 0,
        "var": 0
    },
    "second_peak_weight": {
        "kurt": 0,
        "max": 0.25,
        "mean": 0.25,
        "median": 0.25,
        "min": 0.25,
        "skew": 0,
        "var": 0
    },
    "beats_loudness_band_ratio": {
        "kurt": [0.216343402863, -0.18674492836, -0.774313211441, -0.37543797493, -0.35869550705, -0.542558431625],
        "max": [0.562846899033, 0.0373901166022, 0.313830554485, 0.379807084799, 0.523778915405, 0.800053715706],
        "mean": [0.123045727611, 0.0117578320205, 0.112907707691, 0.127872616053, 0.191845700145, 0.24303111434],
        "median": [0.0041779843159, 0.00923368055373, 0.0788658186793, 0.0879474878311, 0.149548128247, 0.0583727136254],
        "min": [0, 0, 0, 0, 0, 0],
        "skew": [1.47632479668, 1.16234219074, 0.79012709856, 1.03872048855, 0.977742791176, 1.02820014954],
        "var": [0.0486729070544, 0.0001810904796, 0.012988130562, 0.018302384764, 0.0321328863502, 0.0916454568505],
        "cov": [[0.0608411356807, 0.00357361603528, 0.00802764669061, 0.00501384632662, -0.0151236504316, -0.0321300178766], [0.00357361603528, 0.000226363103138, 0.000582336913794, 0.000445856596343, -0.000964443199337, -0.000953711278271], [0.00802764669061, 0.000582336913794, 0.0162351634353, 0.0191140491515, 0.00302337761968, -0.0185853485018], [0.00501384632662, 0.000445856596343, 0.0191140491515, 0.0228779818863, 0.00413374137133, -0.0193916074932], [-0.0151236504316, -0.000964443199337, 0.00302337761968, 0.00413374137133, 0.040166106075, 0.0184355191886], [-0.0321300178766, -0.000953711278271, -0.0185853485018, -0.0193916074932, 0.0184355191886, 0.114556819201]]
    },
    "beats_position": [0.487619042397, 0.975238084793, 1.42802715302, 1.89242625237, 2.35682535172],
    "bpm_estimates": [132.512039185, 129.19921875, 129.19921875],
    "bpm_intervals": [0.487619042397, 0.452789068222, 0.46439909935, 0.46439909935],
    "onset_times": [0.99845802784],
    "histogram": [[0, 0, 0, 0, 0, 0, 0, 0, 0, 0, 0, 0, 0, 0, 0, 0, 0, 0, 0, 0, 0, 0, 0, 0, 0, 0, 0, 0, 0, 0, 0, 0, 0, 0, 0, 0, 0, 0, 0, 0, 0, 0, 0, 0, 0, 0, 0, 0, 0, 0, 0, 0, 0, 0, 0, 0, 0, 0, 0, 0, 0, 0, 0, 0, 0, 0, 0, 0, 0, 0, 0, 0, 0, 0, 0, 0, 0, 0, 0, 0, 0, 0, 0, 0, 0, 0, 0, 0, 0, 0, 0, 0, 0, 0, 0, 0, 0, 0, 0, 0, 0, 0, 0, 0, 0, 0, 0, 0, 0, 0, 0, 0, 0, 0, 0, 0, 0, 0, 0, 0, 0, 0, 0, 0.25, 0, 0, 0, 0, 0, 0.5, 0, 0, 0, 0.25, 0, 0, 0, 0, 0, 0, 0, 0, 0, 0, 0, 0, 0, 0, 0, 0, 0, 0, 0, 0, 0, 0, 0, 0, 0, 0, 0, 0, 0, 0, 0, 0, 0, 0, 0, 0, 0, 0, 0, 0, 0, 0, 0, 0, 0, 0, 0, 0, 0, 0, 0, 0, 0, 0, 0, 0, 0, 0, 0, 0, 0, 0, 0, 0, 0, 0, 0, 0, 0, 0, 0, 0, 0, 0, 0, 0, 0, 0, 0, 0, 0, 0, 0, 0, 0, 0, 0, 0, 0, 0, 0, 0, 0, 0, 0, 0, 0, 0, 0, 0, 0, 0, 0, 0, 0, 0, 0, 0, 0, 0, 0, 0, 0, 0, 0, 0]]
},
"sfx": {
    "inharmonicity": {
        "kurt": -1.20904910564,
        "max": 0.382366448641,
        "mean": 0.142471641302,
        "median": 0.109699301422,
        "min": 0,
        "skew": 0.232303768396,
        "var": 0.0114479390904
    },
    "oddtoevenharmonicenergyratio": {
        "kurt": 1.74430131912,
        "max": 2.79254150391,
        "mean": 0.70980989933,
        "median": 0.674417376518,
        "min": 0,
        "skew": 1.13775777817,
        "var": 0.355167299509
    },
    "pitch_after_max_to_before_max_energy_ratio": 6.91727352142,
    "pitch_centroid": 50.0342979431,
    "pitch_max_to_total": 0.218487396836,
    "pitch_min_to_total": 0.184873953462,
    "tristimulus": {
        "kurt": [0.38266825676, 6.31845283508, -0.682036161423],
        "max": [1, 0.806292593479, 0.972158610821],
        "mean": [0.2608281672, 0.139644041657, 0.599527776241],
        "median": [0.0871721431613, 0.109761580825, 0.739326775074],
        "min": [0, 0, 0],
        "skew": [1.45664131641, 2.320540905, -0.940709412098],
        "var": [0.126938581467, 0.0219023004174, 0.112157247961],
        "cov": [[0.128014340997, -0.0184972379357, -0.109517097473], [-0.0184972379357, 0.0220879130065, -0.00359066738747], [-0.109517097473, -0.00359066738747, 0.113107733428]]
    }
},
"tonal": {
    "chords_changes_rate": 0.283333331347,
    "chords_number_rate": 0.15000000596,
    "chords_strength": {
        "kurt": 17.7957458496,
        "max": 0.672451853752,
        "mean": 0.391022086143,
        "median": 0.395498514175,
        "min": -1,
        "skew": -3.30716943741,
        "var": 0.0551690794528
    },
    "key_strength": 0.508969008923,
    "tuning_diatonic_strength": 0.516231417656,
    "tuning_equal_tempered_deviation": 0.261718899012,
    "tuning_frequency": 433.191070557,
    "tuning_nontempered_energy_ratio": 0.891881585121,
    "hpcp": {
        "kurt": [-1.12156164646, -1.17349421978, -0.833303689957, 0.0107593536377, 0.196454286575, 0.253600358963, -0.0727458000183, -1.2147551775, -1.12475657463, -0.514818906784, -0.532589912415, -0.328770637512, 1.5843129158, 0.155348062515, 0.0922338962555, 1.3352766037, 0.0733783245087, 0.459911346436, -0.598132610321, -0.748841285706, 0.23037815094, 1.09424686432, 0.256755590439, -0.234491586685, 0.246009349823, -0.115173578262, 0.613839387894, -0.216252565384, -0.812718391418, -0.482353210449, -0.00996804237366, 0.266911029816, -0.740745544434, -0.464141368866, 0.135245800018, -0.469362735748],
        "max": [1, 1, 0.977008283138, 1, 1, 1, 1, 1, 1, 1, 1, 0.804550886154, 1, 0.786021530628, 0.798957526684, 0.910753488541, 0.698302984238, 0.896408259869, 1, 1, 1, 1, 0.864717662334, 0.783798217773, 1, 0.837170958519, 0.796661376953, 0.895966172218, 1, 1, 1, 1, 0.795618474483, 0.84818983078, 0.879058361053, 0.91892182827],
        "mean": [0.320056408644, 0.313354998827, 0.253872901201, 0.238182395697, 0.23449228704, 0.222986266017, 0.278675585985, 0.369595676661, 0.342857629061, 0.28204458952, 0.248637020588, 0.206503614783, 0.181009322405, 0.196496084332, 0.189709559083, 0.162720024586, 0.170152589679, 0.203192308545, 0.278111159801, 0.306020826101, 0.236458748579, 0.208386167884, 0.185648366809, 0.180310472846, 0.233982369304, 0.205306947231, 0.178271532059, 0.217831775546, 0.284294903278, 0.272937327623, 0.23644284904, 0.238576844335, 0.218889519572, 0.209357112646, 0.206507995725, 0.244267210364],
        "median": [0.098968654871, 0.0798685848713, 0.0773746669292, 0.096750587225, 0.072851575911, 0.118057467043, 0.259455293417, 0.367540717125, 0.355610966682, 0.210757941008, 0.149534493685, 0.0783780366182, 0.0644109845161, 0.0720212608576, 0.048997156322, 0.0429869294167, 0.0623745024204, 0.115878589451, 0.239381939173, 0.224645882845, 0.126577273011, 0.085614874959, 0.0574295893312, 0.0618942752481, 0.080170430243, 0.0861838310957, 0.0747835561633, 0.131792098284, 0.126180157065, 0.157320976257, 0.167007982731, 0.146321773529, 0.134240344167, 0.11772877723, 0.105405792594, 0.0903880223632],
        "min": [0, 0, 0, 0, 0, 0, 0, 0, 0, 0, 0, 0, 0, 0, 0, 0, 0, 0, 0, 0, 0, 0, 0, 0, 0, 0, 0, 0, 0, 0, 0, 0, 0, 0, 0, 0],
