{
"metadata": {
    "version": {
        "essentia": "2.1-beta3"
    }
},
"lowLevel": {
    "average_loudness": 0.911969482899,
    "barkbands_kurtosis": {
        "kurt": 1.06014633179,
        "max": 9.7145690918,
        "mean": 2.00884437561,
        "median": 2.27025771141,
        "min": -1.77080082893,
        "skew": 0.422479569912,
        "var": 4.15074777603
    },
    "barkbands_skewness": {
        "kurt": -1.27298557758,
        "max": 2.28549575806,
        "mean": 0.0696030706167,
        "median": 0.564365267754,
        "min": -2.06856489182,
        "skew": -0.433229923248,
        "var": 1.69064366817
    },
    "barkbands_spread": {
        "kurt": 1.82472276688,
        "max": 63.6506996155,
        "mean": 19.6966686249,
        "median": 20.6544303894,
        "min": 3.72090482712,
        "skew": 0.915904164314,
        "var": 112.729293823
    },
    "dissonance": {
        "kurt": 2.71357679367,
        "max": 0.499405801296,
        "mean": 0.464279711246,
        "median": 0.475662827492,
        "min": 0.302987337112,
        "skew": -1.46199846268,
        "var": 0.0011401346419
    },
    "hfc": {
        "kurt": 17.9721832275,
        "max": 68.6505432129,
        "mean": 2.84324932098,
        "median": 9.12987234187e-05,
        "min": 1.11878745416e-16,
        "skew": 4.1746339798,
        "var": 102.610702515
    },
    "pitch": {
        "kurt": 9.44513225555,
        "max": 4270.73632812,
        "mean": 466.900268555,
        "median": 125.131591797,
        "min": 111.309646606,
        "skew": 3.25073623657,
        "var": 804866.1875
    },
    "pitch_instantaneous_confidence": {
        "kurt": -0.909309387207,
        "max": 0.59063076973,
        "mean": 0.32973536849,
        "median": 0.357337892056,
        "min": 0.101042628288,
        "skew": -0.402415603399,
        "var": 0.0166934709996
    },
    "pitch_salience": {
        "kurt": 1.96248197556,
        "max": 0.927089095116,
        "mean": 0.738517999649,
        "median": 0.764317631721,
        "min": 0.421476572752,
        "skew": -1.13901793957,
        "var": 0.00486548990011
    },
    "silence_rate_20dB": {
        "kurt": 0,
        "max": 1,
        "mean": 1,
        "median": 1,
        "min": 1,
        "skew": 0,
        "var": 0
    },
    "silence_rate_30dB": {
        "kurt": 0,
        "max": 1,
        "mean": 1,
        "median": 1,
        "min": 1,
        "skew": 0,
        "var": 0
    },
    "silence_rate_60dB": {
        "kurt": 6.69428920746,
        "max": 1,
        "mean": 0.913793087006,
        "median": 1,
        "min": 0,
        "skew": -2.94859647751,
        "var": 0.0787755101919
    },
    "spectral_centroid": {
        "kurt": -0.694545984268,
        "max": 11489.5947266,
        "mean": 3599.30029297,
        "median": 1022.94750977,
        "min": 500.266906738,
        "skew": 1.09806478024,
        "var": 18560922
    },
    "spectral_complexity": {
        "kurt": 8.84670448303,
        "max": 49,
        "mean": 3.27586197853,
        "median": 0,
        "min": 0,
        "skew": 3.19713044167,
        "var": 107.348678589
    },
    "spectral_crest": {
        "kurt": 3.83059644699,
        "max": 17.1045036316,
        "mean": 7.05128288269,
        "median": 6.70319747925,
        "min": 3.30461335182,
        "skew": 1.40548455715,
        "var": 4.30998373032
    },
    "spectral_decrease": {
        "kurt": 22.6350002289,
        "max": 1.32240368513e-28,
        "mean": -2.1537992223e-10,
        "median": -3.4077341643e-14,
        "min": -5.80275827389e-09,
        "skew": -4.53971290588,
        "var": 5.87341196606e-19
    },
    "spectral_energy": {
        "kurt": 21.1251621246,
        "max": 0.0281277801841,
        "mean": 0.00107078498695,
        "median": 1.36896659342e-07,
        "min": 1.0111944523e-20,
        "skew": 4.4157037735,
        "var": 1.44168570841e-05
    },
    "spectral_energyband_high": {
        "kurt": 19.2619228363,
        "max": 0.0062385299243,
        "mean": 0.000243416361627,
        "median": 1.7547123754e-09,
        "min": 7.10850745653e-21,
        "skew": 4.30828762054,
        "var": 8.14355473722e-07
    },
    "spectral_energyband_low": {
        "kurt": 83.1484451294,
        "max": 0.00386768183671,
        "mean": 5.24905226484e-05,
        "median": 1.69206693101e-08,
        "min": 1.85798026647e-23,
        "skew": 8.91015529633,
        "var": 1.30254178998e-07
    },
    "spectral_energyband_middle_high": {
        "kurt": 15.0483646393,
        "max": 0.0117329610512,
        "mean": 0.000581986329053,
        "median": 2.25817995414e-08,
        "min": 1.19956577288e-21,
        "skew": 3.91241955757,
        "var": 3.8897428567e-06
    },
    "spectral_energyband_middle_low": {
        "kurt": 48.9459266663,
        "max": 0.00868535041809,
        "mean": 0.000221504713409,
        "median": 1.003689718e-07,
        "min": 1.44190697316e-22,
        "skew": 6.42310333252,
        "var": 8.13121403098e-07
    },
    "spectral_flatness_db": {
        "kurt": -1.1590937376,
        "max": 0.239166110754,
        "mean": 0.127729848027,
        "median": 0.118756920099,
        "min": 0.0589748769999,
        "skew": 0.400091618299,
        "var": 0.00240401667543
    },
    "spectral_flux": {
        "kurt": 8.77900695801,
        "max": 0.114199489355,
        "mean": 0.00853744894266,
        "median": 0.000263718276983,
        "min": 6.26649426794e-11,
        "skew": 3.07231116295,
        "var": 0.000485011987621
    },
    "spectral_kurtosis": {
        "kurt": 0.611798048019,
        "max": 29.1541481018,
        "mean": 5.69938850403,
        "median": 3.71192860603,
        "min": -1.25200796127,
        "skew": 1.12687206268,
        "var": 45.805606842
    },
    "spectral_rms": {
        "kurt": 9.20084762573,
        "max": 0.00523848598823,
        "mean": 0.000370117952116,
        "median": 1.15530792755e-05,
        "min": 3.14090940756e-12,
        "skew": 3.1217148304,
        "var": 9.0768037353e-07
    },
    "spectral_rolloff": {
        "kurt": -0.697876691818,
        "max": 19379.8828125,
        "mean": 6032.63769531,
        "median": 1894.921875,
        "min": 710.595703125,
        "skew": 1.09191775322,
        "var": 54414324
    },
    "spectral_skewness": {
        "kurt": -0.956761837006,
        "max": 4.38941287994,
        "mean": 1.6707868576,
        "median": 1.71234071255,
        "min": -0.0536643154919,
        "skew": 0.0755804330111,
        "var": 1.46428501606
    },
    "spectral_spread": {
        "kurt": -0.6793384552,
        "max": 41991984,
        "mean": 14250751,
        "median": 7120935,
        "min": 1923563.375,
        "skew": 1.09952485561,
        "var": 2.30913950614e+14
    },
    "spectral_strongpeak": {
        "kurt": 27.4122905731,
        "max": 4.06141376495,
        "mean": 0.158643200994,
        "median": 0.00190136139281,
        "min": 0,
        "skew": 5.15825748444,
        "var": 0.344122499228
    },
    "zerocrossingrate": {
        "kurt": -0.800887107849,
        "max": 0.52001953125,
        "mean": 0.177695080638,
        "median": 0.070068359375,
        "min": 0.0302734375,
        "skew": 1.04110872746,
        "var": 0.0364357419312
    },
    "barkbands": {
        "kurt": [138.907302856, 165.397476196, 79.4326400757, 119.53818512, 114.601524353, 71.8546066284, 24.4256572723, 52.5659637451, 36.7543144226, 27.1337146759, 25.1361694336, 33.9198989868, 20.2315578461, 23.098367691, 12.5211782455, 27.9598140717, 18.643283844, 20.4230537415, 23.2942752838, 27.9948196411, 24.8546962738, 19.041841507, 20.3163127899, 25.2501773834, 22.9709682465, 38.2936210632, 59.1092987061],
        "max": [2.42443220486e-05, 0.00277358526364, 0.00142418092582, 0.00189265760127, 0.00269026774913, 0.000969893299043, 0.000527040916495, 0.0017241272144, 0.00243974709883, 0.00127961707767, 0.00079087796621, 0.00100277666934, 0.000307944632368, 0.000371704110876, 0.000493702129461, 0.000739444338251, 0.00131764006801, 0.00228368863463, 0.00442306790501, 0.00484083592892, 0.00304246996529, 0.000920283200685, 0.00027822953416, 0.000193647763808, 0.000107282183308, 9.72170892055e-06, 6.36280859112e-08],
        "mean": [2.22337831701e-07, 1.92387906282e-05, 2.09309473576e-05, 2.07858956855e-05, 3.6107860069e-05, 1.97671070055e-05, 1.91696635738e-05, 3.84396116715e-05, 7.2273069236e-05, 4.49649705843e-05, 3.15120305459e-05, 3.11720941681e-05, 1.33401290441e-05, 1.53514138219e-05, 2.80956155621e-05, 2.82013570541e-05, 5.62427048862e-05, 9.36318610911e-05, 0.000158042836119, 0.000163717806572, 0.000101233585156, 3.71360583813e-05, 1.09413967948e-05, 6.43337170914e-06, 3.59883506462e-06, 2.33181140175e-07, 1.21805054931e-09],
        "median": [5.20324824893e-11, 1.33512267908e-09, 1.01284163279e-08, 3.44656214679e-09, 1.99719689675e-08, 8.05142263971e-09, 1.05127409e-08, 1.47197400935e-08, 3.02099465443e-08, 9.89098758453e-09, 3.16498738329e-09, 2.97963342888e-09, 1.81570247726e-09, 7.21400938986e-10, 6.48281872628e-10, 4.6350481786e-10, 6.2108695964e-10, 1.0894625202e-09, 8.8817453392e-10, 9.22786957958e-10, 6.21659057565e-10, 3.07474407046e-10, 1.09483005994e-10, 7.39661110138e-11, 5.84527010128e-11, 5.27651663682e-12, 1.95665085154e-13],
        "min": [2.02198325058e-25, 4.32709336391e-24, 1.5154325645e-24, 4.01443031627e-25, 1.37733583661e-23, 5.92477414411e-24, 6.43165474661e-24, 9.75736610528e-24, 1.85173106815e-23, 1.20960326112e-23, 2.23124936752e-23, 3.58575336073e-23, 2.72884531382e-23, 3.05837744194e-23, 4.37351459385e-23, 4.95994274674e-23, 6.46957828799e-23, 1.00224386733e-22, 1.17570466162e-22, 1.76918819712e-22, 2.62654154023e-22, 3.45368403503e-22, 4.45452511834e-22, 5.73948587938e-22, 9.33928815864e-22, 1.23602563649e-21, 2.02368404002e-21],
        "skew": [11.5111436844, 12.8770484924, 8.54922676086, 10.6040592194, 10.2311983109, 7.79323482513, 4.76508426666, 6.90798139572, 5.67946481705, 4.75346803665, 4.80460548401, 5.41939020157, 4.30555152893, 4.45922803879, 3.65245890617, 5.00926685333, 4.23933553696, 4.48079013824, 4.64203929901, 5.04707813263, 4.69989156723, 4.34514474869, 4.49945783615, 4.92902183533, 4.7393155098, 5.98320007324, 7.21167612076],
        "var": [3.68114132926e-12, 4.43202985423e-08, 1.73239325107e-08, 2.42964919295e-08, 4.96670722328e-08, 8.15719491953e-09, 5.00634955714e-09, 3.30247083014e-08, 7.97536685582e-08, 2.36465886871e-08, 1.20998615571e-08, 1.3585548686e-08, 1.90049709303e-09, 2.45769027352e-09, 8.61371241001e-09, 1.02710817629e-08, 3.83976193064e-08, 1.1956292667e-07, 3.52843954943e-07, 4.04230121376e-07, 1.46962150893e-07, 1.99489562647e-08, 1.84448856189e-09, 7.08015479578e-10, 2.21345969331e-10, 1.28213910842e-12, 4.05462495752e-17],
        "cov": [[3.70241944742e-12, 6.37844846385e-11, 3.52110736401e-11, 2.87228660995e-11, 7.63118179758e-11, 4.27376294077e-11, 2.56911176361e-11, 5.88261730994e-12, 2.5607488352e-11, 4.93565882609e-11, 2.25402457116e-11, 4.34805837168e-11, 1.92392317355e-11, 1.96795375135e-11, 5.77361769505e-11, 3.27791682686e-11, 5.30946432653e-11, 1.28788174569e-10, 2.97943864025e-10, 2.24201573973e-10, 2.0827796432e-10, 1.13965857584e-10, 4.08166105081e-11, 2.73725070388e-11, 1.92469859495e-11, 1.68750061667e-12, 1.05666403023e-14], [6.37844846385e-11, 4.45764847257e-08, 1.19746461635e-08, 1.45060834456e-08, 1.90697058144e-08, 1.60058508669e-08, 6.44523145965e-09, 3.80307829673e-09, 6.47307230039e-09, 1.10929914143e-08, 1.03050430411e-08, 5.73215075406e-09, 2.56984811209e-09, 2.70742228636e-09, 7.31926519393e-09, 3.9102396876e-09, 6.83453471595e-09, 2.54340477568e-08, 2.23317329073e-08, 3.3887872064e-08, 1.81113151143e-08, 9.84344961097e-09, 4.54396342775e-09, 2.49821252574e-09, 1.25896271186e-09, 1.15182037519e-10, 6.74701397183e-13], [3.52110736401e-11, 1.19746461635e-08, 1.74240710749e-08, 1.94764151473e-08, 2.73044111765e-08, 8.49669046232e-09, 4.90753926385e-09, 1.47364822567e-08, 2.91772295213e-08, 1.11726716767e-08, 9.43610256599e-09, 7.36041183558e-09, 3.75934705588e-09, 3.39311179154e-09, 7.1661583334e-09, 8.01575872345e-09, 1.50406904709e-08, 3.35066374646e-08, 4.23281605322e-08, 6.2547364621e-08, 3.67952743829e-08, 1.03952837449e-08, 4.15459089353e-09, 1.92876292715e-09, 1.08302533608e-09, 8.52771950277e-11, 4.09584692551e-13], [2.87228660995e-11, 1.45060834456e-08, 1.94764151473e-08, 2.44369342539e-08, 3.44491191129e-08, 8.69360139433e-09, 4.82405759783e-09, 1.20938361547e-08, 3.08355652123e-08, 1.17594725069e-08, 8.93073437425e-09, 5.18145171213e-09, 3.56984664052e-09, 2.88709633978e-09, 7.53907958284e-09, 9.33540622583e-09, 1.58262221106e-08, 3.35656160644e-08, 4.74670791561e-08, 6.73829561038e-08, 4.1389139227e-08, 1.09004583138e-08, 4.63815830187e-09, 2.10230211017e-09, 1.16325649113e-09, 9.96312546353e-11, 4.57363368098e-13], [7.63118179758e-11, 1.90697058144e-08, 2.73044111765e-08, 3.44491191129e-08, 4.99541634724e-08, 1.23062804391e-08, 7.24286897125e-09, 1.6572101913e-08, 4.4356447404e-08, 1.72869629722e-08, 1.25836674414e-08, 7.62348228989e-09, 5.28394661359e-09, 4.3411567674e-09, 1.15253024902e-08, 1.39672424737e-08, 2.39791617673e-08, 4.82911559629e-08, 7.18773875974e-08, 9.70654880916e-08, 6.16383033503e-08, 1.68699969549e-08, 6.90325752117e-09, 3.23348103848e-09, 1.84906290279e-09, 1.5585396862e-10, 7.4155422471e-13], [4.27376294077e-11, 1.60058508669e-08, 8.49669046232e-09, 8.69360139433e-09, 1.23062804391e-08, 8.2043456473e-09, 4.69896832556e-09, 8.45362979618e-09, 1.39621434414e-08, 8.93378349076e-09, 7.64544871856e-09, 6.65295063484e-09, 2.79091261213e-09, 2.84412404739e-09, 5.91439608399e-09, 4.59743709769e-09, 9.75415748172e-09, 2.32706813819e-08, 2.77159752926e-08, 3.56468525808e-08, 2.12822026668e-08, 8.56071125099e-09, 3.07132541622e-09, 1.71587433151e-09, 9.21248299868e-10, 6.8404906739e-11, 3.68788007944e-13], [2.56911176361e-11, 6.44523145965e-09, 4.90753926385e-09, 4.82405759783e-09, 7.24286897125e-09, 4.69896832556e-09, 5.03528774232e-09, 7.68361640979e-09, 1.29277761829e-08, 8.25899260093e-09, 5.87963988607e-09, 5.66246294298e-09, 2.54850052173e-09, 2.74730660443e-09, 5.41762323891e-09, 5.30719646008e-09, 9.79065273299e-09, 2.11991331156e-08, 3.22519824181e-08, 3.23007327552e-08, 2.04533883164e-08, 8.01634048031e-09, 2.36692909716e-09, 1.53107826417e-09, 7.42531536257e-10, 4.56643022007e-11, 2.38145224027e-13], [5.88261730994e-12, 3.80307829673e-09, 1.47364822567e-08, 1.20938361547e-08, 1.6572101913e-08, 8.45362979618e-09, 7.68361640979e-09, 3.321559916e-08, 4.41554384167e-08, 2.3224943746e-08, 1.77219785513e-08, 1.72848171331e-08, 6.8584364854e-09, 6.35859365161e-09, 1.16293579211e-08, 1.12704476862e-08, 2.99682731963e-08, 5.21719698554e-08, 7.22347550663e-08, 9.59186010618e-08, 5.31507637902e-08, 1.77941519297e-08, 4.9363801935e-09, 2.83004086832e-09, 1.4590831876e-09, 7.29632534946e-11, 3.32594981287e-13], [2.5607488352e-11, 6.47307230039e-09, 2.91772295213e-08, 3.08355652123e-08, 4.4356447404e-08, 1.39621434414e-08, 1.29277761829e-08, 4.41554384167e-08, 8.02146757906e-08, 3.55091351878e-08, 2.51857947831e-08, 2.3497147339e-08, 1.07204627398e-08, 1.08105178143e-08, 2.12510578024e-08, 2.3627457324e-08, 5.07523232329e-08, 8.71056897722e-08, 1.31088384592e-07, 1.64146854331e-07, 9.87731141322e-08, 2.90740196363e-08, 9.04108254929e-09, 4.61707694299e-09, 2.54135379407e-09, 1.53928883528e-10, 6.37016427021e-13], [4.93565882609e-11, 1.10929914143e-08, 1.11726716767e-08, 1.17594725069e-08, 1.72869629722e-08, 8.93378349076e-09, 8.25899260093e-09, 2.3224943746e-08, 3.55091351878e-08, 2.37832740169e-08, 1.58082560375e-08, 1.41357423544e-08, 6.15825967998e-09, 5.97712546124e-09, 1.26571109149e-08, 1.2059971688e-08, 2.78907794637e-08, 4.76566270891e-08, 7.21306392393e-08, 8.34341662426e-08, 5.0545541086e-08, 1.78317680621e-08, 5.21816945209e-09, 3.17980086706e-09, 1.65077662651e-09, 9.93995927234e-11, 4.91199908439e-13], [2.25402457116e-11, 1.03050430411e-08, 9.43610256599e-09, 8.93073437425e-09, 1.25836674414e-08, 7.64544871856e-09, 5.87963988607e-09, 1.77219785513e-08, 2.51857947831e-08, 1.58082560375e-08, 1.21698029432e-08, 1.05837987263e-08, 4.51609283303e-09, 4.16818579652e-09, 8.52277803887e-09, 7.15989978417e-09, 1.82245223357e-08, 3.39185071141e-08, 4.48161259214e-08, 5.76323593293e-08, 3.32435483585e-08, 1.21858620972e-08, 3.65597951912e-09, 2.1643493664e-09, 1.11007303349e-09, 6.66666444271e-11, 3.29897947068e-13], [4.34805837168e-11, 5.73215075406e-09, 7.36041183558e-09, 5.18145171213e-09, 7.62348228989e-09, 6.65295063484e-09, 5.66246294298e-09, 1.72848171331e-08, 2.3497147339e-08, 1.41357423544e-08, 1.05837987263e-08, 1.36640778692e-08, 4.36599600917e-09, 4.58868543163e-09, 7.57722684597e-09, 7.38387972987e-09, 1.73965712946e-08, 3.36021734881e-08, 4.61345273095e-08, 5.1572921933e-08, 3.06888416901e-08, 1.1084064333e-08, 3.15556181185e-09, 1.92953497624e-09, 1.00986741192e-09, 5.64068410036e-11, 2.90429735383e-13], [1.92392317355e-11, 2.56984811209e-09, 3.75934705588e-09, 3.56984664052e-09, 5.28394661359e-09, 2.79091261213e-09, 2.54850052173e-09, 6.8584364854e-09, 1.07204627398e-08, 6.15825967998e-09, 4.51609283303e-09, 4.36599600917e-09, 1.91148252782e-09, 1.82406489913e-09, 3.60751206685e-09, 3.31017702138e-09, 7.56772955413e-09, 1.44871572516e-08, 2.03835242019e-08, 2.39204300811e-08, 1.49426355733e-08, 5.33913002698e-09, 1.57375068532e-09, 9.52460332826e-10, 5.11151232452e-10, 3.10631485811e-11, 1.51056576102e-13], [1.96795375135e-11, 2.70742228636e-09, 3.39311179154e-09, 2.88709633978e-09, 4.3411567674e-09, 2.84412404739e-09, 2.74730660443e-09, 6.35859365161e-09, 1.08105178143e-08, 5.97712546124e-09, 4.16818579652e-09, 4.58868543163e-09, 1.82406489913e-09, 2.47189646529e-09, 4.08865030721e-09, 4.24710355773e-09, 7.88660159401e-09, 1.52204862047e-08, 2.13729958176e-08, 2.40478392755e-08, 1.44821585835e-08, 4.75958739088e-09, 1.47521406202e-09, 8.02047928072e-10, 4.59821153376e-10, 2.70352195492e-11, 1.34888722913e-13], [5.77361769505e-11, 7.31926519393e-09, 7.1661583334e-09, 7.53907958284e-09, 1.15253024902e-08, 5.91439608399e-09, 5.41762323891e-09, 1.16293579211e-08, 2.12510578024e-08, 1.26571109149e-08, 8.52277803887e-09, 7.57722684597e-09, 3.60751206685e-09, 4.08865030721e-09, 8.66350280404e-09, 7.79042430565e-09, 1.63269486819e-08, 2.90428463501e-08, 4.40115961453e-08, 4.91238587585e-08, 3.12285663995e-08, 1.11469971031e-08, 3.44143091802e-09, 2.00742644729e-09, 1.12179721068e-09, 7.33222024762e-11, 3.68760306579e-13], [3.27791682686e-11, 3.9102396876e-09, 8.01575872345e-09, 9.33540622583e-09, 1.39672424737e-08, 4.59743709769e-09, 5.30719646008e-09, 1.12704476862e-08, 2.3627457324e-08, 1.2059971688e-08, 7.15989978417e-09, 7.38387972987e-09, 3.31017702138e-09, 4.24710355773e-09, 7.79042430565e-09, 1.03304520493e-08, 1.72499508011e-08, 2.97892004397e-08, 5.25898009585e-08, 5.55291421733e-08, 3.43708244088e-08, 1.02553769921e-08, 3.27440363712e-09, 1.71219149969e-09, 9.67564028898e-10, 6.2480208507e-11, 2.86189258056e-13], [5.30946432653e-11, 6.83453471595e-09, 1.50406904709e-08, 1.58262221106e-08, 2.39791617673e-08, 9.75415748172e-09, 9.79065273299e-09, 2.99682731963e-08, 5.07523232329e-08, 2.78907794637e-08, 1.82245223357e-08, 1.73965712946e-08, 7.56772955413e-09, 7.88660159401e-09, 1.63269486819e-08, 1.72499508011e-08, 3.86195715407e-08, 5.96807012698e-08, 1.02334169583e-07, 1.15500846221e-07, 6.99861644193e-08, 2.33540049521e-08, 6.69338140469e-09, 3.7879748227e-09, 2.07508898953e-09, 1.22975851724e-10, 5.60855235952e-13], [1.28788174569e-10, 2.54340477568e-08, 3.35066374646e-08, 3.35656160644e-08, 4.82911559629e-08, 2.32706813819e-08, 2.11991331156e-08, 5.21719698554e-08, 8.71056897722e-08, 4.76566270891e-08, 3.39185071141e-08, 3.36021734881e-08, 1.44871572516e-08, 1.52204862047e-08, 2.90428463501e-08, 2.97892004397e-08, 5.96807012698e-08, 1.20254043168e-07, 1.63989923863e-07, 1.92919074493e-07, 1.20617613675e-07, 4.0021923553e-08, 1.26074066742e-08, 7.23730009256e-09, 3.90041909881e-09, 2.42876468937e-10, 1.17326797149e-12], [2.97943864025e-10, 2.23317329073e-08, 4.23281605322e-08, 4.74670791561e-08, 7.18773875974e-08, 2.77159752926e-08, 3.22519824181e-08, 7.22347550663e-08, 1.31088384592e-07, 7.21306392393e-08, 4.48161259214e-08, 4.61345273095e-08, 2.03835242019e-08, 2.13729958176e-08, 4.40115961453e-08, 5.25898009585e-08, 1.02334169583e-07, 1.63989923863e-07, 3.54883525233e-07, 3.52071907628e-07, 2.11307835229e-07, 7.6455449971e-08, 2.18138289654e-08, 1.30542598953e-08, 6.75748434986e-09, 4.39765612814e-10, 2.11541244591e-12], [2.24201573973e-10, 3.3887872064e-08, 6.2547364621e-08, 6.73829561038e-08, 9.70654880916e-08, 3.56468525808e-08, 3.23007327552e-08, 9.59186010618e-08, 1.64146854331e-07, 8.34341662426e-08, 5.76323593293e-08, 5.1572921933e-08, 2.39204300811e-08, 2.40478392755e-08, 4.91238587585e-08, 5.55291421733e-08, 1.15500846221e-07, 1.92919074493e-07, 3.52071907628e-07, 4.06566726951e-07, 2.34709247593e-07, 7.94386494363e-08, 2.41365203379e-08, 1.32400561625e-08, 7.11865055791e-09, 4.65381705395e-10, 2.17375575005e-12], [2.0827796432e-10, 1.81113151143e-08, 3.67952743829e-08, 4.1389139227e-08, 6.16383033503e-08, 2.12822026668e-08, 2.04533883164e-08, 5.31507637902e-08, 9.87731141322e-08, 5.0545541086e-08, 3.32435483585e-08, 3.06888416901e-08, 1.49426355733e-08, 1.44821585835e-08, 3.12285663995e-08, 3.43708244088e-08, 6.99861644193e-08, 1.20617613675e-07, 2.11307835229e-07, 2.34709247593e-07, 1.47811647366e-07, 4.9657042922e-08, 1.51829944173e-08, 8.64124238831e-09, 4.79685935417e-09, 3.19044513031e-10, 1.50518497406e-12], [1.13965857584e-10, 9.84344961097e-09, 1.03952837449e-08, 1.09004583138e-08, 1.68699969549e-08, 8.56071125099e-09, 8.01634048031e-09, 1.77941519297e-08, 2.90740196363e-08, 1.78317680621e-08, 1.21858620972e-08, 1.1084064333e-08, 5.33913002698e-09, 4.75958739088e-09, 1.11469971031e-08, 1.02553769921e-08, 2.33540049521e-08, 4.0021923553e-08, 7.6455449971e-08, 7.94386494363e-08, 4.9657042922e-08, 2.00642684689e-08, 5.76429926014e-09, 3.63309693441e-09, 1.95534455294e-09, 1.31056429598e-10, 6.67388128268e-13], [4.08166105081e-11, 4.54396342775e-09, 4.15459089353e-09, 4.63815830187e-09, 6.90325752117e-09, 3.07132541622e-09, 2.36692909716e-09, 4.9363801935e-09, 9.04108254929e-09, 5.21816945209e-09, 3.65597951912e-09, 3.15556181185e-09, 1.57375068532e-09, 1.47521406202e-09, 3.44143091802e-09, 3.27440363712e-09, 6.69338140469e-09, 1.26074066742e-08, 2.18138289654e-08, 2.41365203379e-08, 1.51829944173e-08, 5.76429926014e-09, 1.85515036666e-09, 1.08882691752e-09, 6.09408912222e-10, 4.44576736536e-11, 2.29869481739e-13], [2.73725070388e-11, 2.49821252574e-09, 1.92876292715e-09, 2.10230211017e-09, 3.23348103848e-09, 1.71587433151e-09, 1.53107826417e-09, 2.83004086832e-09, 4.61707694299e-09, 3.17980086706e-09, 2.1643493664e-09, 1.92953497624e-09, 9.52460332826e-10, 8.02047928072e-10, 2.00742644729e-09, 1.71219149969e-09, 3.7879748227e-09, 7.23730009256e-09, 1.30542598953e-08, 1.32400561625e-08, 8.64124238831e-09, 3.63309693441e-09, 1.08882691752e-09, 7.12108039203e-10, 3.78772596621e-10, 2.67197028392e-11, 1.42771333493e-13], [1.92469859495e-11, 1.25896271186e-09, 1.08302533608e-09, 1.16325649113e-09, 1.84906290279e-09, 9.21248299868e-10, 7.42531536257e-10, 1.4590831876e-09, 2.54135379407e-09, 1.65077662651e-09, 1.11007303349e-09, 1.00986741192e-09, 5.11151232452e-10, 4.59821153376e-10, 1.12179721068e-09, 9.67564028898e-10, 2.07508898953e-09, 3.90041909881e-09, 6.75748434986e-09, 7.11865055791e-09, 4.79685935417e-09, 1.95534455294e-09, 6.09408912222e-10, 3.78772596621e-10, 2.226254181e-10, 1.61966915574e-11, 8.66879335784e-14], [1.68750061667e-12, 1.15182037519e-10, 8.52771950277e-11, 9.96312546353e-11, 1.5585396862e-10, 6.8404906739e-11, 4.56643022007e-11, 7.29632534946e-11, 1.53928883528e-10, 9.93995927234e-11, 6.66666444271e-11, 5.64068410036e-11, 3.10631485811e-11, 2.70352195492e-11, 7.33222024762e-11, 6.2480208507e-11, 1.22975851724e-10, 2.42876468937e-10, 4.39765612814e-10, 4.65381705395e-10, 3.19044513031e-10, 1.31056429598e-10, 4.44576736536e-11, 2.67197028392e-11, 1.61966915574e-11, 1.28955028079e-12, 7.05271310916e-15], [1.05666403023e-14, 6.74701397183e-13, 4.09584692551e-13, 4.57363368098e-13, 7.4155422471e-13, 3.68788007944e-13, 2.38145224027e-13, 3.32594981287e-13, 6.37016427021e-13, 4.91199908439e-13, 3.29897947068e-13, 2.90429735383e-13, 1.51056576102e-13, 1.34888722913e-13, 3.68760306579e-13, 2.86189258056e-13, 5.60855235952e-13, 1.17326797149e-12, 2.11541244591e-12, 2.17375575005e-12, 1.50518497406e-12, 6.67388128268e-13, 2.29869481739e-13, 1.42771333493e-13, 8.66879335784e-14, 7.05271310916e-15, 4.078062293e-17]]
    },
    "mfcc": {
        "kurt": [1.63187265396, -1.10632538795, 0.759985208511, 1.35993099213, -0.840376377106, -0.652158737183, 1.26539134979, 4.27355957031, 1.94527578354, 1.52733039856, 0.263704299927, -0.0404651165009, -0.148124694824],
        "max": [-560.731262207, 120.870475769, 28.8142127991, 54.6340484619, 12.0504207611, 4.30938720703, 13.0291137695, 12.8722171783, 12.2592277527, 11.8825016022, 8.85055923462, 4.96883392334, 4.59951210022],
        "mean": [-1036.96313477, 36.0392112732, -9.58720493317, -1.58247888088, -12.7118606567, -9.21156215668, -2.05707883835, -0.431967943907, 0.0229912679642, -1.62109041214, -3.71358084679, -4.41169452667, -4.63474225998],
        "median": [-1125.34643555, 15.6895561218, -6.103515625e-05, 8.01086425781e-05, -2.33258056641, -2.25200271606, -2.67028808594e-05, -5.34057617188e-05, -4.57763671875e-05, -2.28881835938e-05, -2.67028808594e-05, -0.398061752319, -1.7576751709],
        "min": [-1138.42004395, 1.14440917969e-05, -94.119430542, -42.3911209106, -52.0595474243, -39.6395683289, -15.3580245972, -19.6722106934, -13.4945068359, -19.8574523926, -20.5982570648, -22.5648727417, -21.8037528992],
        "skew": [1.70554852486, 0.629876732826, -1.36994385719, 0.0275117922574, -0.697037279606, -0.731683015823, -0.537179470062, -1.32725143433, -0.110853597522, -0.7262545228, -1.019728899, -0.978577375412, -0.947348833084],
        "var": [26241.1503906, 1590.27160645, 885.37713623, 279.087005615, 237.862747192, 122.734558105, 21.6355228424, 20.1130981445, 16.0815677643, 23.7931537628, 31.4930171967, 35.5612754822, 33.2169342041],
        "cov": [[26392.8320312, 3580.37670898, -3599.28857422, 1364.11572266, -1781.15966797, -869.368652344, 20.690612793, -180.670333862, -121.479743958, -302.099517822, -431.537017822, -339.640686035, -386.909942627], [3580.37670898, 1599.46386719, -632.893798828, -194.5730896, -482.578582764, -388.546295166, -70.1847229004, -40.7683410645, -37.2793769836, -97.2360687256, -165.085571289, -167.538421631, -169.667633057], [-3599.28857422, -632.893798828, 890.494934082, -166.005874634, 266.392272949, 164.417770386, -14.8601818085, 63.7019042969, 47.8939781189, 61.2376365662, 80.0649642944, 40.8184356689, 54.5871620178], [1364.11572266, -194.5730896, -166.005874634, 280.70022583, 8.32076835632, 54.3147239685, 30.5767021179, -16.939699173, -0.344872385263, -3.37967562675, 11.3259506226, 30.8921146393, 22.2444915771], [-1781.15966797, -482.578582764, 266.392272949, 8.32076835632, 239.237670898, 139.722045898, 25.146112442, 15.1203193665, 9.13698291779, 31.5469684601, 57.9266433716, 54.8119850159, 57.4294013977], [-869.368652344, -388.546295166, 164.417770386, 54.3147239685, 139.722045898, 123.444000244, 25.2415866852, 11.1285305023, 7.14366483688, 19.478263855, 41.9079399109, 41.1016082764, 42.6701698303], [20.690612793, -70.1847229004, -14.8601818085, 30.5767021179, 25.146112442, 25.2415866852, 21.7605838776, 4.96351385117, 0.437910884619, 2.79655122757, 6.9004983902, 10.0421180725, 9.99091434479], [-180.670333862, -40.7683410645, 63.7019042969, -16.939699173, 15.1203193665, 11.1285305023, 4.96351385117, 20.2293586731, 8.53093242645, 8.31732749939, 8.88067150116, 3.10255289078, 3.82074546814], [-121.479743958, -37.2793769836, 47.8939781189, -0.344872385263, 9.13698291779, 7.14366483688, 0.437910884619, 8.53093242645, 16.1745243073, 13.2660083771, 8.4740190506, 4.02699279785, 2.69790482521], [-302.099517822, -97.2360687256, 61.2376365662, -3.37967562675, 31.5469684601, 19.478263855, 2.79655122757, 8.31732749939, 13.2660083771, 23.9306869507, 19.5232391357, 12.0674600601, 11.1547527313], [-431.537017822, -165.085571289, 80.0649642944, 11.3259506226, 57.9266433716, 41.9079399109, 6.9004983902, 8.88067150116, 8.4740190506, 19.5232391357, 31.6750583649, 26.434589386, 23.1515102386], [-339.640686035, -167.538421631, 40.8184356689, 30.8921146393, 54.8119850159, 41.1016082764, 10.0421180725, 3.10255289078, 4.02699279785, 12.0674600601, 26.434589386, 35.7668304443, 30.5006752014], [-386.909942627, -169.667633057, 54.5871620178, 22.2444915771, 57.4294013977, 42.6701698303, 9.99091434479, 3.82074546814, 2.69790482521, 11.1547527313, 23.1515102386, 30.5006752014, 33.4089393616]]
    },
    "sccoeffs": {
        "kurt": [-0.56945681572, -0.50840306282, -1.00413477421, -0.903800010681, -0.408117055893, -0.521091461182],
        "max": [-0.50051599741, -0.682202756405, -0.746448218822, -0.773118376732, -0.73726952076, -0.726531386375],
        "mean": [-0.821036040783, -0.871667861938, -0.877115607262, -0.887835860252, -0.891432404518, -0.879738926888],
        "median": [-0.832797646523, -0.872559309006, -0.872564256191, -0.885154128075, -0.902175307274, -0.894773125648],
        "min": [-0.978001475334, -0.978488206863, -0.979644954205, -0.97048920393, -0.967713713646, -0.963310837746],
        "skew": [0.37606588006, 0.386507719755, 0.0252448953688, 0.0977062135935, 0.597758829594, 0.779914140701],
        "var": [0.0119706075639, 0.0047953100875, 0.0040204115212, 0.00274928077124, 0.00327172898687, 0.00509716244414],
        "cov": [[0.0120398020372, 0.00645788572729, 0.00608356203884, 0.00507392501459, 0.00561442645267, 0.00700081279501], [0.00645788572729, 0.00482302857563, 0.003783789929, 0.00321751320735, 0.00364402122796, 0.00429167086259], [0.00608356203884, 0.003783789929, 0.00404365127906, 0.0029780685436, 0.00321842730045, 0.00376949761994], [0.00507392501459, 0.00321751320735, 0.0029780685436, 0.00276517262682, 0.00279561174102, 0.00333385821432], [0.00561442645267, 0.00364402122796, 0.00321842730045, 0.00279561174102, 0.00329064088874, 0.00385412736796], [0.00700081279501, 0.00429167086259, 0.00376949761994, 0.00333385821432, 0.00385412736796, 0.00512662576512]]
    },
    "scvalleys": {
        "kurt": [-0.749666213989, -0.826590538025, -0.8605427742, -0.868533372879, -0.827464580536, -0.764557361603],
        "max": [-5.1337223053, -5.19509792328, -5.27947711945, -5.891102314, -5.49653720856, -7.2959280014],
        "mean": [-14.863858223, -14.2167606354, -14.3223791122, -15.0937776566, -15.3167848587, -16.8466014862],
        "median": [-11.39083004, -10.9577198029, -11.4257602692, -12.7459449768, -13.0329885483, -14.4820404053],
        "min": [-27.9661216736, -27.8096237183, -27.7230243683, -27.8204078674, -27.4220790863, -27.3213539124],
        "skew": [-0.981773376465, -0.925488114357, -0.872207939625, -0.8113976717, -0.766457259655, -0.735044538975],
        "var": [53.2913398743, 60.7603034973, 60.3033561707, 55.0600242615, 52.4886054993, 40.0967903137],
        "cov": [[53.5993843079, 56.9152069092, 56.4753608704, 53.8330764771, 52.4882354736, 45.9292106628], [56.9152069092, 61.1115188599, 60.7679443359, 57.9330635071, 56.3432121277, 49.032989502], [56.4753608704, 60.7679443359, 60.6519317627, 57.8399353027, 56.2466430664, 48.8408355713], [53.8330764771, 57.9330635071, 57.8399353027, 55.3782920837, 53.9281692505, 46.8227920532], [52.4882354736, 56.3432121277, 56.2466430664, 53.9281692505, 52.7920074463, 45.9522972107], [45.9292106628, 49.032989502, 48.8408355713, 46.8227920532, 45.9522972107, 40.3285636902]]
    }
},
"rhythm": {
    "beats_loudness": {
        "kurt": 1.19962882996,
        "max": 0.0164675544947,
        "mean": 0.00276505574584,
        "median": 1.0112913742e-06,
        "min": 0,
        "skew": 1.78864836693,
        "var": 3.75536219508e-05
    },
    "bpm": 101.839378357,
    "confidence": 0,
    "first_peak_bpm": {
        "kurt": 0,
        "max": 101,
        "mean": 101,
        "median": 101,
        "min": 101,
        "skew": 0,
        "var": 0
    },
    "first_peak_spread": {
        "kurt": 0,
        "max": 0.25,
        "mean": 0.25,
        "median": 0.25,
        "min": 0.25,
        "skew": 0,
        "var": 0
    },
    "first_peak_weight": {
        "kurt": 0,
        "max": 0.600000023842,
        "mean": 0.600000023842,
        "median": 0.600000023842,
        "min": 0.600000023842,
        "skew": 0,
        "var": 0
    },
    "onset_rate": 0.250004261732,
    "second_peak_bpm": {
        "kurt": 0,
        "max": 108,
        "mean": 108,
        "median": 108,
        "min": 108,
        "skew": 0,
        "var": 0
    },
    "second_peak_spread": {
        "kurt": 0,
        "max": 0,
        "mean": 0,
        "median": 0,
        "min": 0,
        "skew": 0,
        "var": 0
    },
    "second_peak_weight": {
        "kurt": 0,
        "max": 0.20000000298,
        "mean": 0.20000000298,
        "median": 0.20000000298,
        "min": 0.20000000298,
        "skew": 0,
        "var": 0
    },
    "beats_loudness_band_ratio": {
        "kurt": [0.704231500626, -1.48767149448, -1.26056408882, -1.28833115101, -1.18164038658, 1.14999580383],
        "max": [0.303584069014, 0.245432525873, 0.512940108776, 0.21926882863, 0.171112686396, 0.689195215702],
        "mean": [0.0762545391917, 0.122716329992, 0.330890268087, 0.114262193441, 0.0691604837775, 0.136701777577],
        "median": [0.0319798253477, 0.126846000552, 0.434948384762, 0.124827131629, 0.0422895178199, 0.0319966077805],
        "min": [0, 0, 0, 0, 0, 0],
        "skew": [1.53228855133, -0.0584164746106, -0.706059753895, -0.142954722047, 0.613075554371, 1.76126337051],
        "var": [0.011101745069, 0.00920814741403, 0.0392540730536, 0.00557230040431, 0.003702333197, 0.0614755339921],
        "cov": [[0.0133220944554, 0.00322187994607, 0.00838343147188, 0.0006864691386, -0.00142655463424, -0.00870437920094], [0.00322187994607, 0.0110497772694, 0.0209027919918, 0.0076965414919, -0.00155259901658, -0.0151871535927], [0.00838343147188, 0.0209027919918, 0.0471048876643, 0.0162438750267, 0.0020862990059, -0.0258473940194], [0.0006864691386, 0.0076965414919, 0.0162438750267, 0.0066867605783, 0.000646771281026, -0.00780352577567], [-0.00142655463424, -0.00155259901658, 0.0020862990059, 0.000646771281026, 0.0044427998364, 0.00930041819811], [-0.00870437920094, -0.0151871535927, -0.0258473940194, -0.00780352577567, 0.00930041819811, 0.0737706422806]]
    },
    "beats_position": [0.53405892849, 1.09133780003, 1.67183673382, 2.26394557953, 2.85605430603, 3.44816327095],
    "bpm_estimates": [103.359359741, 101.332717896, 101.332740784, 101.332702637],
    "bpm_intervals": [0.557278871536, 0.580498933792, 0.592108845711, 0.592108726501, 0.59210896492],
    "onset_times": [0.99845802784],
    "histogram": [[0, 0, 0, 0, 0, 0, 0, 0, 0, 0, 0, 0, 0, 0, 0, 0, 0, 0, 0, 0, 0, 0, 0, 0, 0, 0, 0, 0, 0, 0, 0, 0, 0, 0, 0, 0, 0, 0, 0, 0, 0, 0, 0, 0, 0, 0, 0, 0, 0, 0, 0, 0, 0, 0, 0, 0, 0, 0, 0, 0, 0, 0, 0, 0, 0, 0, 0, 0, 0, 0, 0, 0, 0, 0, 0, 0, 0, 0, 0, 0, 0, 0, 0, 0, 0, 0, 0, 0, 0, 0, 0, 0, 0, 0, 0, 0, 0, 0, 0, 0, 0, 0.600000023842, 0, 0.20000000298, 0, 0, 0, 0, 0.20000000298, 0, 0, 0, 0, 0, 0, 0, 0, 0, 0, 0, 0, 0, 0, 0, 0, 0, 0, 0, 0, 0, 0, 0, 0, 0, 0, 0, 0, 0, 0, 0, 0, 0, 0, 0, 0, 0, 0, 0, 0, 0, 0, 0, 0, 0, 0, 0, 0, 0, 0, 0, 0, 0, 0, 0, 0, 0, 0, 0, 0, 0, 0, 0, 0, 0, 0, 0, 0, 0, 0, 0, 0, 0, 0, 0, 0, 0, 0, 0, 0, 0, 0, 0, 0, 0, 0, 0, 0, 0, 0, 0, 0, 0, 0, 0, 0, 0, 0, 0, 0, 0, 0, 0, 0, 0, 0, 0, 0, 0, 0, 0, 0, 0, 0, 0, 0, 0, 0, 0, 0, 0, 0, 0, 0, 0, 0, 0, 0, 0, 0, 0, 0, 0, 0, 0, 0, 0, 0, 0, 0, 0]]
},
"sfx": {
    "inharmonicity": {
        "kurt": -1.11987352371,
        "max": 0.344627767801,
        "mean": 0.140434190631,
        "median": 0.119464293122,
        "min": 0,
        "skew": 0.300543129444,
        "var": 0.00951409246773
    },
    "oddtoevenharmonicenergyratio": {
        "kurt": 3.8386425972,
        "max": 4.2600402832,
        "mean": 0.912405192852,
        "median": 0.835055351257,
        "min": 0,
        "skew": 1.50699365139,
        "var": 0.536768496037
    },
    "pitch_after_max_to_before_max_energy_ratio": 3.44945573807,
    "pitch_centroid": 78.7922363281,
    "pitch_max_to_total": 0.224137932062,
    "pitch_min_to_total": 0.20114941895,
    "tristimulus": {
        "kurt": [3.10736322403, 1.92664861679, -0.256751775742],
        "max": [1, 0.80988907814, 0.95973867178],
        "mean": [0.203192695975, 0.229097783566, 0.567709624767],
        "median": [0.106075569987, 0.211508750916, 0.62977540493],
        "min": [0, 0, 0],
        "skew": [2.00311541557, 1.01226508617, -0.884170651436],
        "var": [0.0682083889842, 0.0188183709979, 0.0746371075511],
        "cov": [[0.0686026588082, -0.00623062532395, -0.0623720139265], [-0.00623062532395, 0.018927147612, -0.0126965185627], [-0.0623720139265, -0.0126965185627, 0.0750685334206]]
    }
},
"tonal": {
    "chords_changes_rate": 0.0340909101069,
    "chords_number_rate": 0.0454545468092,
    "chords_strength": {
        "kurt": 32.6812324524,
        "max": 0.77393758297,
        "mean": 0.631960093975,
        "median": 0.71056586504,
        "min": -1,
        "skew": -4.93021726608,
        "var": 0.047826744616
    },
    "key_strength": 0.58442056179,
    "tuning_diatonic_strength": 0.602538764477,
    "tuning_equal_tempered_deviation": 0.248768806458,
    "tuning_frequency": 439.238189697,
    "tuning_nontempered_energy_ratio": 0.922530770302,
    "hpcp": {
        "kurt": [0.0729057788849, 0.62996172905, 2.78292226791, 5.31475067139, 1.87581348419, 0.429527997971, -1.1473968029, -1.48722398281, -0.781742572784, 0.526846647263, 3.32747364044, 5.23748874664, 5.26570987701, 3.03152132034, 3.44808959961, 0.92177772522, 0.96534705162, 0.108083248138, -0.183473587036, 0.843281984329, 1.2640914917, 1.91267681122, 0.0357489585876, 22.6481380463, 8.52937698364, 1.39205217361, 1.19466114044, 0.191144704819, -0.257334470749, 0.0721871852875, 3.84326124191, 3.40511655807, 9.97203445435, 7.61596393585, 0.594589948654, 0.464726924896],
        "max": [1, 1, 1, 0.996266782284, 0.847024083138, 1, 1, 1, 1, 1, 0.876943051815, 0.834728181362, 1, 0.817127525806, 0.616758823395, 0.53481477499, 0.760476052761, 1, 1, 1, 0.860375642776, 0.584480643272, 0.318829327822, 1, 0.845617353916, 0.757648527622, 1, 1, 1, 1, 1, 0.771690547466, 0.956566810608, 0.821627795696, 0.667032897472, 1],
        "mean": [0.251377254725, 0.217006459832, 0.176991254091, 0.140087127686, 0.161808311939, 0.22179068625, 0.363314956427, 0.474297523499, 0.374786376953, 0.20492221415, 0.123704664409, 0.111391156912, 0.126985386014, 0.1270724684, 0.0956276878715, 0.107687853277, 0.168068468571, 0.242481380701, 0.283159941435, 0.232362285256, 0.157001808286, 0.105304665864, 0.0754337310791, 0.0897906646132, 0.103983044624, 0.143843203783, 0.19739176333, 0.248127922416, 0.287694692612, 0.238139927387, 0.161203399301, 0.12394157052, 0.116777971387, 0.106098361313, 0.137418374419, 0.228383764625],
        "median": [0.150572687387, 0.164546683431, 0.0713184922934, 0.058425873518, 0.0803785026073, 0.14870929718, 0.326855778694, 0.43870729208, 0.330917924643, 0.113275691867, 0.038994550705, 0.0375486649573, 0.0517314262688, 0.0386981964111, 0.0370638519526, 0.0427017956972, 0.102098464966, 0.180701091886, 0.178103119135, 0.137174606323, 0.081983730197, 0.0439274460077, 0.0329089798033, 0.0526128932834, 0.0619370117784, 0.0603824257851, 0.111038804054, 0.130064889789, 0.177812904119, 0.135621964931, 0.108127050102, 0.0805030092597, 0.0684850886464, 0.0704891979694, 0.0621279962361, 0.112969078124],
        "min": [0, 0, 0, 0, 0, 0, 0, 0, 0, 0, 0, 0, 0, 0, 0, 0, 0, 0, 0, 0, 0, 0, 0, 0, 0, 0, 0, 0, 0, 0, 0, 0, 0, 0, 0, 0],
