{
"metadata": {
    "version": {
        "essentia": "2.1-beta3"
    }
},
"lowLevel": {
    "average_loudness": 0.846379816532,
    "barkbands_kurtosis": {
        "kurt": 14.7186412811,
        "max": 27.2558708191,
        "mean": 1.58837711811,
        "median": 0.417598724365,
        "min": -1.76271271706,
        "skew": 3.34167671204,
        "var": 13.8792066574
    },
    "barkbands_skewness": {
        "kurt": 1.01853370667,
        "max": 4.48813009262,
        "mean": -0.374186396599,
        "median": -0.747762799263,
        "min": -2.2691180706,
        "skew": 1.14638292789,
        "var": 1.83208096027
    },
    "barkbands_spread": {
        "kurt": 1.63488769531,
        "max": 56.3716964722,
        "mean": 22.397644043,
        "median": 20.5545883179,
        "min": 5.21734380722,
        "skew": 1.23869919777,
        "var": 89.34400177
    },
    "dissonance": {
        "kurt": 3.49196720123,
        "max": 0.5,
        "mean": 0.480649918318,
        "median": 0.490133285522,
        "min": 0.372244298458,
        "skew": -1.78647649288,
        "var": 0.000474553613458
    },
    "hfc": {
        "kurt": 13.4962387085,
        "max": 96.232421875,
        "mean": 7.39260482788,
        "median": 0.0674116462469,
        "min": 1.06202287946e-16,
        "skew": 3.2473282814,
        "var": 198.700744629
    },
    "pitch": {
        "kurt": -1.56189870834,
        "max": 4524.25244141,
        "mean": 1523.51879883,
        "median": 294.089172363,
        "min": 75.9998779297,
        "skew": 0.591487884521,
        "var": 2962952
    },
    "pitch_instantaneous_confidence": {
        "kurt": -0.794606208801,
        "max": 0.552046120167,
        "mean": 0.273931384087,
        "median": 0.278169572353,
        "min": 0.0978098511696,
        "skew": 0.0613742098212,
        "var": 0.00968961510807
    },
    "pitch_salience": {
        "kurt": 5.65938854218,
        "max": 0.861905813217,
        "mean": 0.761327624321,
        "median": 0.7881757617,
        "min": 0.380155444145,
        "skew": -2.31568384171,
        "var": 0.0068933730945
    },
    "silence_rate_20dB": {
        "kurt": 0,
        "max": 1,
        "mean": 1,
        "median": 1,
        "min": 1,
        "skew": 0,
        "var": 0
    },
    "silence_rate_30dB": {
        "kurt": 0,
        "max": 1,
        "mean": 1,
        "median": 1,
        "min": 1,
        "skew": 0,
        "var": 0
    },
    "silence_rate_60dB": {
        "kurt": -0.926927089691,
        "max": 1,
        "mean": 0.729957818985,
        "median": 1,
        "min": 0,
        "skew": -1.03589570522,
        "var": 0.197119057178
    },
    "spectral_centroid": {
        "kurt": 0.335182189941,
        "max": 11813.3378906,
        "mean": 3599.45581055,
        "median": 2703.08544922,
        "min": 169.635299683,
        "skew": 1.36371636391,
        "var": 13224664
    },
    "spectral_complexity": {
        "kurt": 0.317172288895,
        "max": 49,
        "mean": 9.32489490509,
        "median": 0,
        "min": 0,
        "skew": 1.27660906315,
        "var": 197.366943359
    },
    "spectral_crest": {
        "kurt": 2.68039464951,
        "max": 16.2317714691,
        "mean": 6.32403898239,
        "median": 6.02026557922,
        "min": 2.72583174706,
        "skew": 1.50217866898,
        "var": 5.05214452744
    },
    "spectral_decrease": {
        "kurt": 9.52969360352,
        "max": 1.10791262648e-28,
        "mean": -5.77448366901e-10,
        "median": -7.65400937075e-12,
        "min": -6.2837339776e-09,
        "skew": -3.055965662,
        "var": 1.40029032182e-18
    },
    "spectral_energy": {
        "kurt": 9.23731327057,
        "max": 0.0324448421597,
        "mean": 0.00284995231777,
        "median": 3.51366761606e-05,
        "min": 1.01235783659e-20,
        "skew": 2.94086694717,
        "var": 3.16556070175e-05
    },
    "spectral_energyband_high": {
        "kurt": 19.7097167969,
        "max": 0.0115868747234,
        "mean": 0.000715297472198,
        "median": 1.47005187046e-06,
        "min": 7.42079156378e-21,
        "skew": 4.0961432457,
        "var": 2.69124166152e-06
    },
    "spectral_energyband_low": {
        "kurt": 14.6017589569,
        "max": 0.00256574945524,
        "mean": 0.000132935136207,
        "median": 9.06722561922e-07,
        "min": 1.20192709231e-23,
        "skew": 3.9211127758,
        "var": 2.0355561503e-07
    },
    "spectral_energyband_middle_high": {
        "kurt": 5.74890232086,
        "max": 0.0118343150243,
        "mean": 0.00127415114548,
        "median": 2.52016798186e-05,
        "min": 1.22919362143e-21,
        "skew": 2.18195009232,
        "var": 4.18402396463e-06
    },
    "spectral_energyband_middle_low": {
        "kurt": 20.8810005188,
        "max": 0.0159255508333,
        "mean": 0.000793589861132,
        "median": 7.12520977686e-06,
        "min": 1.87699645279e-22,
        "skew": 4.50008392334,
        "var": 6.00079920332e-06
    },
    "spectral_flatness_db": {
        "kurt": -0.231526374817,
        "max": 0.210968747735,
        "mean": 0.116979517043,
        "median": 0.120330445468,
        "min": 0.0586669258773,
        "skew": 0.304805606604,
        "var": 0.00104641367216
    },
    "spectral_flux": {
        "kurt": 1.6381278038,
        "max": 0.159347727895,
        "mean": 0.0263623595238,
        "median": 0.00399749586359,
        "min": 6.51204784541e-11,
        "skew": 1.58952844143,
        "var": 0.00141430075746
    },
    "spectral_kurtosis": {
        "kurt": -0.0691928863525,
        "max": 14.7946891785,
        "mean": 3.43405938148,
        "median": 2.1699461937,
        "min": -1.25453460217,
        "skew": 0.854641318321,
        "var": 14.597618103
    },
    "spectral_rms": {
        "kurt": 1.24132728577,
        "max": 0.00562614481896,
        "mean": 0.00101098231971,
        "median": 0.000185147728189,
        "min": 3.14271568838e-12,
        "skew": 1.37023413181,
        "var": 1.75835725713e-06
    },
    "spectral_rolloff": {
        "kurt": 0.425942897797,
        "max": 19143.0175781,
        "mean": 5928.07910156,
        "median": 4198.97460938,
        "min": 150.732421875,
        "skew": 1.43145024776,
        "var": 38150120
    },
    "spectral_skewness": {
        "kurt": -0.579547405243,
        "max": 3.32307243347,
        "mean": 1.33603584766,
        "median": 1.22434365749,
        "min": -0.0746376812458,
        "skew": 0.167410284281,
        "var": 0.751904070377
    },
    "spectral_spread": {
        "kurt": 0.66025018692,
        "max": 42299928,
        "mean": 11985696,
        "median": 6116238.5,
        "min": 2723992,
        "skew": 1.60280644894,
        "var": 1.8566616816e+14
    },
    "spectral_strongpeak": {
        "kurt": 4.37736606598,
        "max": 2.90615940094,
        "mean": 0.313863247633,
        "median": 0.0351341292262,
        "min": 0,
        "skew": 2.13447713852,
        "var": 0.280974209309
    },
    "zerocrossingrate": {
        "kurt": 0.206968784332,
        "max": 0.529296875,
        "mean": 0.1781835109,
        "median": 0.140625,
        "min": 0.013671875,
        "skew": 1.29357516766,
        "var": 0.0255273729563
    },
    "barkbands": {
        "kurt": [36.9939002991, 17.0187797546, 16.4384307861, 27.5132923126, 22.7144145966, 22.1275234222, 15.8440074921, 38.058757782, 10.009850502, 7.48988723755, 1.71743679047, 8.64014720917, 14.4255199432, 41.9089126587, 10.4880151749, 6.02508735657, 3.13772296906, 9.89070796967, 12.8851633072, 15.2275943756, 28.4177341461, 23.2330493927, 31.8445930481, 11.1024398804, 8.94012641907, 13.2397022247, 42.7495269775],
        "max": [3.54338626494e-05, 0.000612704141531, 0.00132817786653, 0.00301689468324, 0.00678446236998, 0.00436106044799, 0.00116009288467, 0.00115969404578, 0.0012083403999, 0.000822120113298, 0.000380267592845, 0.000532066100277, 0.000496313325129, 0.000614643155131, 0.000639540026896, 0.000640474027023, 0.000811868929304, 0.00283898087218, 0.00424980511889, 0.00618368107826, 0.00620052311569, 0.00261876150034, 0.000904974818695, 0.000244795082835, 0.000128332030727, 1.04331384136e-05, 1.41055650715e-07],
        "mean": [9.80766458269e-07, 2.81376469502e-05, 6.03652988502e-05, 0.000104306403955, 0.0002732501016, 0.000174918110133, 6.6162305302e-05, 5.29971766809e-05, 0.000100094555819, 7.21164105926e-05, 5.76215861656e-05, 4.800888928e-05, 3.5683526221e-05, 3.07127229462e-05, 5.77505561523e-05, 6.95655617164e-05, 0.000103866637801, 0.000254985119682, 0.00034472005791, 0.00040247454308, 0.000307002337649, 0.000133981418912, 4.08095183957e-05, 1.81796876859e-05, 1.06146562757e-05, 6.45781312869e-07, 4.50501680405e-09],
        "median": [1.49685703832e-08, 3.78172501314e-07, 2.5272242965e-07, 2.14701657342e-07, 8.54069867273e-07, 4.62390033817e-07, 8.10837434528e-07, 1.44077239383e-06, 3.35450886269e-06, 3.22562641486e-06, 2.96818188872e-06, 2.18345007852e-06, 1.6733282564e-06, 1.66601535057e-06, 1.96511382455e-06, 1.99700571102e-06, 2.42488249569e-06, 3.80990422855e-06, 2.69459201263e-06, 1.22439018924e-06, 6.52920164157e-07, 1.59619148121e-07, 4.01989730392e-08, 6.51831610909e-09, 1.35432565163e-09, 3.42488190586e-11, 1.7285156596e-12],
        "min": [2.45965573001e-25, 2.62183660813e-24, 2.36150915675e-24, 1.08906271156e-24, 1.7805825987e-23, 9.87565106485e-24, 1.23546448818e-23, 1.7299161138e-23, 1.83048073308e-23, 2.18616691342e-23, 1.23738773107e-23, 2.58698161734e-23, 3.70739571232e-23, 4.01457909544e-23, 4.94503769325e-23, 8.6414000814e-23, 6.14886783361e-23, 9.32836035251e-23, 1.3191551676e-22, 1.89551613005e-22, 2.09097326939e-22, 3.29434246254e-22, 4.42961427935e-22, 5.52698921827e-22, 9.2754664084e-22, 1.31689364853e-21, 2.07669448311e-21],
        "skew": [5.8178653717, 4.03894519806, 4.12103223801, 5.20733070374, 4.75185203552, 4.67192459106, 3.94219326973, 5.01869106293, 3.13567137718, 2.55795383453, 1.67723071575, 2.73417329788, 3.23937416077, 5.06741189957, 2.84963726997, 2.27263736725, 1.75066721439, 2.8718817234, 3.07342839241, 3.35384511948, 4.81479787827, 4.45794248581, 4.85368156433, 3.13421416283, 2.95402145386, 3.48649001122, 5.76838111877],
        "var": [1.60119036086e-11, 8.56535020688e-09, 4.49129480273e-08, 1.94470587189e-07, 1.07694120288e-06, 4.18668150814e-07, 3.4290181361e-08, 1.31939907888e-08, 4.44610002148e-08, 1.67106541937e-08, 8.6367029084e-09, 7.4907466896e-09, 4.33973745828e-09, 3.39522432391e-09, 1.01866888258e-08, 1.28755281992e-08, 2.44388385084e-08, 2.07307877531e-07, 3.8165333649e-07, 6.17860621333e-07, 5.76728496071e-07, 1.16604432776e-07, 9.37700317394e-09, 1.5073192694e-09, 5.21826470923e-10, 2.49724503229e-12, 2.0009643278e-16],
        "cov": [[1.60797521132e-11, 2.89673285359e-10, 5.29040589115e-10, 3.6330610742e-10, 1.30237354234e-09, 8.67060701015e-10, 3.44225148385e-10, 2.87671331201e-10, 7.12071235309e-11, 2.77903422496e-10, 1.20094115208e-10, 1.61565871792e-10, 1.36778005588e-10, 1.42689929317e-10, 1.09650150071e-10, 1.67809877105e-10, 2.38982611478e-10, 8.14434464314e-10, 1.57193602579e-09, 2.42071074297e-09, 2.42873077205e-09, 1.07122455351e-09, 2.93502805393e-10, 1.14161499698e-10, 6.58572155143e-11, 5.19683211395e-12, 4.38852208425e-14], [2.89673285359e-10, 8.60164472982e-09, 1.58976654063e-08, 2.40110971106e-08, 6.65120580834e-08, 4.23898498525e-08, 1.30742048299e-08, 7.74908137657e-09, 5.24506393873e-09, 8.37307290169e-09, 3.88113141625e-09, 5.60534640925e-09, 4.20342693985e-09, 3.47628192898e-09, 5.17377518605e-09, 6.28261975777e-09, 7.71556774026e-09, 2.76533995702e-08, 4.23197157318e-08, 5.77947645297e-08, 5.68405837953e-08, 2.56410519484e-08, 7.38006766809e-09, 3.01464830876e-09, 1.48359724506e-09, 1.14391315864e-10, 1.07040981981e-12], [5.29040589115e-10, 1.58976654063e-08, 4.5103256241e-08, 7.50264348426e-08, 1.8082862141e-07, 1.03781246708e-07, 3.10621111055e-08, 1.1487419016e-08, 1.53962762539e-08, 2.07826094112e-08, 8.20572321203e-09, 1.35942963553e-08, 7.3120678401e-09, 5.31422816863e-09, 1.29615793654e-08, 1.26551791269e-08, 2.09797406114e-08, 4.81184727619e-08, 6.7865109088e-08, 1.04622351671e-07, 9.21198406445e-08, 4.48410162335e-08, 1.19753487127e-08, 5.52267698239e-09, 2.8204705238e-09, 1.98954089314e-10, 1.57030996279e-12], [3.6330610742e-10, 2.40110971106e-08, 7.50264348426e-08, 1.952946036e-07, 4.41743083002e-07, 2.59401247149e-07, 6.73938913565e-08, 1.72424456935e-08, 4.25929442827e-08, 3.61181875519e-08, 1.65238667194e-08, 2.71379807515e-08, 1.36622029245e-08, 5.87719961587e-09, 3.17690691531e-08, 2.79745950849e-08, 4.06219307081e-08, 1.00353936716e-07, 1.11780209977e-07, 1.30951548272e-07, 9.8764914469e-08, 4.88832831991e-08, 1.51441135188e-08, 7.7352764194e-09, 3.39153416462e-09, 2.16204332215e-10, 1.65932447903e-12], [1.30237354234e-09, 6.65120580834e-08, 1.8082862141e-07, 4.41743083002e-07, 1.08150447886e-06, 6.46640387458e-07, 1.66501408216e-07, 5.491324373e-08, 9.58719610367e-08, 8.77676029631e-08, 4.27226041211e-08, 6.68828263883e-08, 3.87825913606e-08, 2.08532071611e-08, 7.20394695009e-08, 6.90240469226e-08, 9.95460212039e-08, 2.58695905586e-07, 3.20584007341e-07, 3.9844087496e-07, 3.48941313177e-07, 1.70119847098e-07, 5.09466744347e-08, 2.23137899269e-08, 9.82235803804e-09, 6.77129852189e-10, 6.4344610369e-12], [8.67060701015e-10, 4.23898498525e-08, 1.03781246708e-07, 2.59401247149e-07, 6.46640387458e-07, 4.20442177074e-07, 1.12893630444e-07, 4.34698712581e-08, 5.80231755976e-08, 5.21237488726e-08, 2.6451184354e-08, 4.13894056805e-08, 2.83559096204e-08, 1.79156582902e-08, 4.36051017516e-08, 4.48688126653e-08, 6.07607546499e-08, 1.61835899348e-07, 2.13853823539e-07, 2.44280670358e-07, 2.22450594833e-07, 1.08364545781e-07, 3.68283252783e-08, 1.41378704299e-08, 6.47187992087e-09, 4.81375106443e-10, 4.87067677857e-12], [3.44225148385e-10, 1.30742048299e-08, 3.10621111055e-08, 6.73938913565e-08, 1.66501408216e-07, 1.12893630444e-07, 3.44354766924e-08, 1.53014028115e-08, 1.80755197476e-08, 1.6458468366e-08, 8.40691427584e-09, 1.26555175228e-08, 9.26700494119e-09, 6.71209310354e-09, 1.33040192196e-08, 1.40018796557e-08, 1.93532496695e-08, 5.18470635313e-08, 6.96835371627e-08, 8.35689064616e-08, 7.35614023029e-08, 3.62141037158e-08, 1.20900187639e-08, 4.62500437948e-09, 2.35171571106e-09, 1.75185935203e-10, 1.58681303774e-12], [2.87671331201e-10, 7.74908137657e-09, 1.1487419016e-08, 1.72424456935e-08, 5.491324373e-08, 4.34698712581e-08, 1.53014028115e-08, 1.32498971794e-08, 1.19576837321e-08, 9.51360945578e-09, 7.01233515699e-09, 6.39717612216e-09, 6.36971764223e-09, 5.70389602217e-09, 6.91517243467e-09, 9.35243615885e-09, 1.0918056681e-08, 3.85459522079e-08, 5.88114232869e-08, 6.81722838181e-08, 6.55704397445e-08, 2.87072587923e-08, 9.47953449071e-09, 3.28424731855e-09, 1.68268143863e-09, 1.2748739564e-10, 1.2558367974e-12], [7.12071235309e-11, 5.24506393873e-09, 1.53962762539e-08, 4.25929442827e-08, 9.58719610367e-08, 5.80231755976e-08, 1.80755197476e-08, 1.19576837321e-08, 4.46493970685e-08, 1.55385500022e-08, 1.35532864931e-08, 8.97300189706e-09, 7.27870252959e-09, 5.21297138789e-09, 1.66384701572e-08, 1.73397243231e-08, 2.24321734521e-08, 6.12788468857e-08, 7.47861363948e-08, 7.76443158657e-08, 4.96387677629e-08, 1.91865350274e-08, 8.66541238764e-09, 3.53928708563e-09, 1.84316817364e-09, 9.81449435611e-11, 5.20569210568e-13], [2.77903422496e-10, 8.37307290169e-09, 2.07826094112e-08, 3.61181875519e-08, 8.77676029631e-08, 5.21237488726e-08, 1.6458468366e-08, 9.51360945578e-09, 1.55385500022e-08, 1.67814633301e-08, 8.80577033513e-09, 8.72558469922e-09, 5.91098237024e-09, 4.77398920395e-09, 9.80644365711e-09, 1.10311253465e-08, 1.66864975171e-08, 4.19799981444e-08, 6.3727192412e-08, 7.86034490829e-08, 6.98361262153e-08, 2.82353909142e-08, 8.61923687978e-09, 3.98572330695e-09, 2.15904072398e-09, 1.34144820252e-10, 9.96237814466e-13], [1.20094115208e-10, 3.88113141625e-09, 8.20572321203e-09, 1.65238667194e-08, 4.27226041211e-08, 2.6451184354e-08, 8.40691427584e-09, 7.01233515699e-09, 1.35532864931e-08, 8.80577033513e-09, 8.67329852383e-09, 5.47105249993e-09, 4.14670431326e-09, 3.30001626025e-09, 7.09763892104e-09, 8.80587158747e-09, 1.16444640597e-08, 3.33169651867e-08, 4.11900344943e-08, 4.92376379668e-08, 3.86247194228e-08, 1.69403691075e-08, 5.57146728752e-09, 2.27136287556e-09, 1.27082711021e-09, 7.59242113624e-11, 5.80071147366e-13], [1.61565871792e-10, 5.60534640925e-09, 1.35942963553e-08, 2.71379807515e-08, 6.68828263883e-08, 4.13894056805e-08, 1.26555175228e-08, 6.39717612216e-09, 8.97300189706e-09, 8.72558469922e-09, 5.47105249993e-09, 7.52248752178e-09, 4.58313964558e-09, 2.96726154758e-09, 7.0442189859e-09, 7.66607133329e-09, 1.05004707152e-08, 3.18527781928e-08, 3.84299312373e-08, 5.05150694607e-08, 4.29606750174e-08, 2.16675672959e-08, 5.86745363407e-09, 2.6296074207e-09, 1.44124312484e-09, 9.30152344036e-11, 7.70764853851e-13], [1.36778005588e-10, 4.20342693985e-09, 7.3120678401e-09, 1.36622029245e-08, 3.87825913606e-08, 2.83559096204e-08, 9.26700494119e-09, 6.36971764223e-09, 7.27870252959e-09, 5.91098237024e-09, 4.14670431326e-09, 4.58313964558e-09, 4.35812630428e-09, 3.03043057315e-09, 4.66359484363e-09, 5.75660319413e-09, 7.111950584e-09, 2.22979519293e-08, 3.2469746003e-08, 4.02210638129e-08, 3.60241045883e-08, 1.74560614852e-08, 5.21804066622e-09, 2.05982098045e-09, 1.09539510795e-09, 7.92973048336e-11, 7.04741440986e-13], [1.42689929317e-10, 3.47628192898e-09, 5.31422816863e-09, 5.87719961587e-09, 2.08532071611e-08, 1.79156582902e-08, 6.71209310354e-09, 5.70389602217e-09, 5.21297138789e-09, 4.77398920395e-09, 3.30001626025e-09, 2.96726154758e-09, 3.03043057315e-09, 3.40961081591e-09, 3.17844972564e-09, 4.23766044477e-09, 5.55497825516e-09, 1.70818434952e-08, 2.83910459586e-08, 3.45791981715e-08, 3.23453761553e-08, 1.42336160636e-08, 4.72097116955e-09, 1.67235603143e-09, 9.08793318377e-10, 6.64297089559e-11, 6.51592278397e-13], [1.09650150071e-10, 5.17377518605e-09, 1.29615793654e-08, 3.17690691531e-08, 7.20394695009e-08, 4.36051017516e-08, 1.33040192196e-08, 6.91517243467e-09, 1.66384701572e-08, 9.80644365711e-09, 7.09763892104e-09, 7.0442189859e-09, 4.66359484363e-09, 3.17844972564e-09, 1.02298525206e-08, 9.4816297036e-09, 1.24949322e-08, 3.67613459673e-08, 4.34062172872e-08, 5.05925221717e-08, 3.60340877137e-08, 1.74280714305e-08, 5.43494227401e-09, 2.51246334848e-09, 1.34115429873e-09, 8.15018816325e-11, 5.88005718335e-13], [1.67809877105e-10, 6.28261975777e-09, 1.26551791269e-08, 2.79745950849e-08, 6.90240469226e-08, 4.48688126653e-08, 1.40018796557e-08, 9.35243615885e-09, 1.73397243231e-08, 1.10311253465e-08, 8.80587158747e-09, 7.66607133329e-09, 5.75660319413e-09, 4.23766044477e-09, 9.4816297036e-09, 1.29300854468e-08, 1.42540548254e-08, 4.39394263196e-08, 5.49188037269e-08, 6.42503152903e-08, 5.3270429845e-08, 2.35409505223e-08, 7.79067921286e-09, 3.17642334657e-09, 1.65145996878e-09, 1.04373912291e-10, 8.67594895666e-13], [2.38982611478e-10, 7.71556774026e-09, 2.09797406114e-08, 4.06219307081e-08, 9.95460212039e-08, 6.07607546499e-08, 1.93532496695e-08, 1.0918056681e-08, 2.24321734521e-08, 1.66864975171e-08, 1.16444640597e-08, 1.05004707152e-08, 7.111950584e-09, 5.55497825516e-09, 1.24949322e-08, 1.42540548254e-08, 2.45423930068e-08, 5.06262907152e-08, 6.58258088038e-08, 8.40407352598e-08, 6.41201438611e-08, 2.84381229676e-08, 9.08418229528e-09, 3.99601152168e-09, 2.23881313488e-09, 1.36043204479e-10, 9.76199915174e-13], [8.14434464314e-10, 2.76533995702e-08, 4.81184727619e-08, 1.00353936716e-07, 2.58695905586e-07, 1.61835899348e-07, 5.18470635313e-08, 3.85459522079e-08, 6.12788468857e-08, 4.19799981444e-08, 3.33169651867e-08, 3.18527781928e-08, 2.22979519293e-08, 1.70818434952e-08, 3.67613459673e-08, 4.39394263196e-08, 5.06262907152e-08, 2.08186293094e-07, 2.34752192796e-07, 2.83138348323e-07, 2.42935129791e-07, 1.07077632094e-07, 3.31364660155e-08, 1.34854181155e-08, 6.86112633375e-09, 4.37839708933e-10, 3.82339732791e-12], [1.57193602579e-09, 4.23197157318e-08, 6.7865109088e-08, 1.11780209977e-07, 3.20584007341e-07, 2.13853823539e-07, 6.96835371627e-08, 5.88114232869e-08, 7.47861363948e-08, 6.3727192412e-08, 4.11900344943e-08, 3.84299312373e-08, 3.2469746003e-08, 2.83910459586e-08, 4.34062172872e-08, 5.49188037269e-08, 6.58258088038e-08, 2.34752192796e-07, 3.83270503335e-07, 4.33942489053e-07, 4.15010788402e-07, 1.6520694146e-07, 5.08863244875e-08, 2.14551434397e-08, 1.12876739067e-08, 7.63240304291e-10, 6.67122650524e-12], [2.42071074297e-09, 5.77947645297e-08, 1.04622351671e-07, 1.30951548272e-07, 3.9844087496e-07, 2.44280670358e-07, 8.35689064616e-08, 6.81722838181e-08, 7.76443158657e-08, 7.86034490829e-08, 4.92376379668e-08, 5.05150694607e-08, 4.02210638129e-08, 3.45791981715e-08, 5.05925221717e-08, 6.42503152903e-08, 8.40407352598e-08, 2.83138348323e-07, 4.33942489053e-07, 6.20478658675e-07, 5.55430517579e-07, 2.47132589948e-07, 6.73101183679e-08, 2.92587714057e-08, 1.57350275032e-08, 1.08762820972e-09, 9.25123953138e-12], [2.42873077205e-09, 5.68405837953e-08, 9.21198406445e-08, 9.8764914469e-08, 3.48941313177e-07, 2.22450594833e-07, 7.35614023029e-08, 6.55704397445e-08, 4.96387677629e-08, 6.98361262153e-08, 3.86247194228e-08, 4.29606750174e-08, 3.60241045883e-08, 3.23453761553e-08, 3.60340877137e-08, 5.3270429845e-08, 6.41201438611e-08, 2.42935129791e-07, 4.15010788402e-07, 5.55430517579e-07, 5.79172251491e-07, 2.36035205603e-07, 6.41311004301e-08, 2.74140816714e-08, 1.4286798411e-08, 1.00651742496e-09, 9.33534759912e-12], [1.07122455351e-09, 2.56410519484e-08, 4.48410162335e-08, 4.88832831991e-08, 1.70119847098e-07, 1.08364545781e-07, 3.62141037158e-08, 2.87072587923e-08, 1.91865350274e-08, 2.82353909142e-08, 1.69403691075e-08, 2.16675672959e-08, 1.74560614852e-08, 1.42336160636e-08, 1.74280714305e-08, 2.35409505223e-08, 2.84381229676e-08, 1.07077632094e-07, 1.6520694146e-07, 2.47132589948e-07, 2.36035205603e-07, 1.17098522878e-07, 2.94693514036e-08, 1.2191665455e-08, 6.72418876135e-09, 4.79580986035e-10, 4.45401831736e-12], [2.93502805393e-10, 7.38006766809e-09, 1.19753487127e-08, 1.51441135188e-08, 5.09466744347e-08, 3.68283252783e-08, 1.20900187639e-08, 9.47953449071e-09, 8.66541238764e-09, 8.61923687978e-09, 5.57146728752e-09, 5.86745363407e-09, 5.21804066622e-09, 4.72097116955e-09, 5.43494227401e-09, 7.79067921286e-09, 9.08418229528e-09, 3.31364660155e-08, 5.08863244875e-08, 6.73101183679e-08, 6.41311004301e-08, 2.94693514036e-08, 9.41673672372e-09, 3.34878791364e-09, 1.78985815058e-09, 1.31460009545e-10, 1.25735565622e-12], [1.14161499698e-10, 3.01464830876e-09, 5.52267698239e-09, 7.7352764194e-09, 2.23137899269e-08, 1.41378704299e-08, 4.62500437948e-09, 3.28424731855e-09, 3.53928708563e-09, 3.98572330695e-09, 2.27136287556e-09, 2.6296074207e-09, 2.05982098045e-09, 1.67235603143e-09, 2.51246334848e-09, 3.17642334657e-09, 3.99601152168e-09, 1.34854181155e-08, 2.14551434397e-08, 2.92587714057e-08, 2.74140816714e-08, 1.2191665455e-08, 3.34878791364e-09, 1.51370616042e-09, 8.20213008623e-10, 5.64626539967e-11, 4.78873234469e-13], [6.58572155143e-11, 1.48359724506e-09, 2.8204705238e-09, 3.39153416462e-09, 9.82235803804e-09, 6.47187992087e-09, 2.35171571106e-09, 1.68268143863e-09, 1.84316817364e-09, 2.15904072398e-09, 1.27082711021e-09, 1.44124312484e-09, 1.09539510795e-09, 9.08793318377e-10, 1.34115429873e-09, 1.65145996878e-09, 2.23881313488e-09, 6.86112633375e-09, 1.12876739067e-08, 1.57350275032e-08, 1.4286798411e-08, 6.72418876135e-09, 1.78985815058e-09, 8.20213008623e-10, 5.24037591099e-10, 3.45057073192e-11, 2.66071995166e-13], [5.19683211395e-12, 1.14391315864e-10, 1.98954089314e-10, 2.16204332215e-10, 6.77129852189e-10, 4.81375106443e-10, 1.75185935203e-10, 1.2748739564e-10, 9.81449435611e-11, 1.34144820252e-10, 7.59242113624e-11, 9.30152344036e-11, 7.92973048336e-11, 6.64297089559e-11, 8.15018816325e-11, 1.04373912291e-10, 1.36043204479e-10, 4.37839708933e-10, 7.63240304291e-10, 1.08762820972e-09, 1.00651742496e-09, 4.79580986035e-10, 1.31460009545e-10, 5.64626539967e-11, 3.45057073192e-11, 2.50782662865e-12, 2.01411797125e-14], [4.38852208425e-14, 1.07040981981e-12, 1.57030996279e-12, 1.65932447903e-12, 6.4344610369e-12, 4.87067677857e-12, 1.58681303774e-12, 1.2558367974e-12, 5.20569210568e-13, 9.96237814466e-13, 5.80071147366e-13, 7.70764853851e-13, 7.04741440986e-13, 6.51592278397e-13, 5.88005718335e-13, 8.67594895666e-13, 9.76199915174e-13, 3.82339732791e-12, 6.67122650524e-12, 9.25123953138e-12, 9.33534759912e-12, 4.45401831736e-12, 1.25735565622e-12, 4.78873234469e-13, 2.66071995166e-13, 2.01411797125e-14, 2.00944299525e-16]]
    },
    "mfcc": {
        "kurt": [-1.66862142086, -1.07083153725, -1.32376980782, -0.422155618668, -1.40440130234, -0.811851501465, -0.0491771697998, -0.0703048706055, 1.43223571777, 0.501346349716, 0.912176609039, 0.134497404099, 0.804145097733],
        "max": [-547.409851074, 107.926673889, 41.7915687561, 65.4816589355, 15.282989502, 13.7945251465, 18.4898109436, 24.2692203522, 18.8429908752, 18.0378131866, 11.4990768433, 7.76684951782, 13.5761871338],
        "mean": [-894.873840332, 41.8624649048, -23.8614063263, 15.9596815109, -13.7225513458, -6.33819675446, 1.65361297131, 2.89421105385, 1.50358974934, -1.019510746, -2.02810549736, -3.45449447632, -2.61520791054],
        "median": [-932.655822754, 40.6006774902, -16.1696014404, 15.6927833557, -10.4264373779, -5.61420822144, -2.67028808594e-05, 0.896928787231, 0.0800170898438, -2.28881835938e-05, -0.382320404053, -2.15155601501, -1.00329589844],
        "min": [-1138.42004395, 1.14440917969e-05, -86.3823699951, -22.7135124207, -46.2841682434, -27.6622714996, -15.3809986115, -16.7479438782, -27.4547233582, -22.1351451874, -19.8530750275, -21.0257968903, -19.0866603851],
        "skew": [0.122374154627, 0.225169509649, -0.0556129477918, 0.426846116781, -0.135715097189, -0.136608630419, 0.156930312514, 0.190544828773, -0.414064735174, -0.561708986759, -0.842174530029, -0.711711704731, -0.506750822067],
        "var": [45100.09375, 1011.62988281, 1169.58813477, 319.302734375, 252.687240601, 80.2826156616, 38.908290863, 51.5922279358, 46.8626060486, 42.2165527344, 28.5238838196, 29.5342674255, 24.2335777283],
        "cov": [[45291.1953125, 2056.86279297, -4640.39648438, 3155.75805664, -2871.44824219, -1072.68493652, -405.864929199, -487.466888428, -576.942077637, -649.939331055, -527.197509766, -665.489807129, -484.717681885], [2056.86279297, 1015.91644287, -267.557373047, 74.9547042847, -79.4462051392, -99.3320388794, 45.3857574463, 68.6079940796, 27.9296398163, -26.1893730164, -41.7412910461, -40.0866775513, -24.5235385895], [-4640.39648438, -267.557373047, 1174.54394531, -213.956756592, 422.436431885, 244.901245117, 71.7183761597, 37.6726074219, 44.8132019043, 67.8394622803, 54.7274360657, 79.6612091064, 59.8378448486], [3155.75805664, 74.9547042847, -213.956756592, 320.655731201, -169.559844971, -30.0522155762, -26.32762146, -62.5134086609, -62.2274513245, -60.6586608887, -37.9041900635, -42.6275444031, -31.3382377625], [-2871.44824219, -79.4462051392, 422.436431885, -169.559844971, 253.757949829, 96.2774124146, 42.5726470947, 30.2134437561, 29.8152618408, 36.3103103638, 26.3276290894, 45.0258979797, 36.7989425659], [-1072.68493652, -99.3320388794, 244.901245117, -30.0522155762, 96.2774124146, 80.622795105, 22.4323215485, 0.28588744998, 2.36405539513, 6.50864315033, 15.8050727844, 23.5056324005, 17.5372524261], [-405.864929199, 45.3857574463, 71.7183761597, -26.32762146, 42.5726470947, 22.4323215485, 39.0731544495, 19.9138050079, 17.0986175537, 8.4498128891, 7.02862071991, 11.2862434387, 11.1265268326], [-487.466888428, 68.6079940796, 37.6726074219, -62.5134086609, 30.2134437561, 0.28588744998, 19.9138050079, 51.8108406067, 35.54063797, 24.9133739471, 8.95834064484, 5.62815189362, 5.93874692917], [-576.942077637, 27.9296398163, 44.8132019043, -62.2274513245, 29.8152618408, 2.36405539513, 17.0986175537, 35.54063797, 47.0611763, 31.6204929352, 11.856262207, 9.52433013916, 10.2630147934], [-649.939331055, -26.1893730164, 67.8394622803, -60.6586608887, 36.3103103638, 6.50864315033, 8.4498128891, 24.9133739471, 31.6204929352, 42.3954391479, 20.8721733093, 12.4926252365, 9.17571926117], [-527.197509766, -41.7412910461, 54.7274360657, -37.9041900635, 26.3276290894, 15.8050727844, 7.02862071991, 8.95834064484, 11.856262207, 20.8721733093, 28.6447486877, 19.7847328186, 10.3351364136], [-665.489807129, -40.0866775513, 79.6612091064, -42.6275444031, 45.0258979797, 23.5056324005, 11.2862434387, 5.62815189362, 9.52433013916, 12.4926252365, 19.7847328186, 29.6594142914, 19.0449428558], [-484.717681885, -24.5235385895, 59.8378448486, -31.3382377625, 36.7989425659, 17.5372524261, 11.1265268326, 5.93874692917, 10.2630147934, 9.17571926117, 10.3351364136, 19.0449428558, 24.3362617493]]
    },
    "sccoeffs": {
        "kurt": [-0.389440059662, -0.335803508759, -0.758902072906, -0.967047452927, -1.18355286121, -1.1835398674],
        "max": [-0.549745261669, -0.630844891071, -0.73768055439, -0.76174902916, -0.764385342598, -0.69113266468],
        "mean": [-0.819153308868, -0.855202198029, -0.866059422493, -0.872875452042, -0.864384770393, -0.833127498627],
        "median": [-0.826553285122, -0.857367396355, -0.865441322327, -0.866164684296, -0.849011480808, -0.790136635303],
        "min": [-0.980651021004, -0.975196778774, -0.975180447102, -0.96780616045, -0.967544794083, -0.965625047684],
        "skew": [0.288500905037, 0.347012877464, -0.215607896447, -0.280712783337, -0.376019656658, -0.454478561878],
        "var": [0.00950787123293, 0.00542388577014, 0.00348800630309, 0.00290056318045, 0.00363142974675, 0.00613386137411],
        "cov": [[0.00954815931618, 0.0058382069692, 0.00445603718981, 0.0045175915584, 0.00483233900741, 0.00599937653169], [0.0058382069692, 0.00544686848298, 0.00345510663465, 0.00332653429359, 0.00365451583639, 0.00452487217262], [0.00445603718981, 0.00345510663465, 0.00350278592668, 0.00272603868507, 0.00303687155247, 0.00378925539553], [0.0045175915584, 0.00332653429359, 0.00272603868507, 0.00291285384446, 0.00301584322006, 0.00377237307839], [0.00483233900741, 0.00365451583639, 0.00303687155247, 0.00301584322006, 0.00364681729116, 0.00449349498376], [0.00599937653169, 0.00452487217262, 0.00378925539553, 0.00377237307839, 0.00449349498376, 0.00615985225886]]
    },
    "scvalleys": {
        "kurt": [0.472156763077, 0.34196972847, 0.252225160599, 0.12585067749, -0.0115716457367, -0.143616914749],
        "max": [-4.69632291794, -4.55708646774, -5.3591709137, -5.75141763687, -5.42126750946, -6.98756408691],
        "mean": [-11.9106607437, -11.6054124832, -11.6010217667, -12.1002635956, -12.0956935883, -13.8252506256],
        "median": [-8.92072486877, -8.58512306213, -8.14528751373, -8.67373561859, -9.12474918365, -12.4719591141],
        "min": [-28.1026916504, -27.8652324677, -27.8256072998, -27.5844726562, -27.4218425751, -27.3869018555],
        "skew": [-1.48637545109, -1.42485809326, -1.39048945904, -1.32159090042, -1.22657847404, -1.11390292645],
        "var": [55.0854911804, 58.2774162292, 58.7872238159, 56.4272842407, 57.8685722351, 47.1188621521],
        "cov": [[55.3189048767, 56.6096115112, 56.6097831726, 55.1710777283, 55.4961624146, 49.7210464478], [56.6096115112, 58.524356842, 58.6483001709, 57.3350486755, 57.8295936584, 51.8369827271], [56.6097831726, 58.6483001709, 59.0363235474, 57.7425460815, 58.2328262329, 52.0997085571], [55.1710777283, 57.3350486755, 57.7425460815, 56.6663856506, 57.2391662598, 51.2416915894], [55.4961624146, 57.8295936584, 58.2328262329, 57.2391662598, 58.1137771606, 52.2228851318], [49.7210464478, 51.8369827271, 52.0997085571, 51.2416915894, 52.2228851318, 47.3185157776]]
    }
},
"rhythm": {
    "beats_loudness": {
        "kurt": -1.851354599,
        "max": 0.0107789933681,
        "mean": 0.0043991394341,
        "median": 0.00184927671216,
        "min": 0,
        "skew": 0.222732663155,
        "var": 2.14774154301e-05
    },
    "bpm": 164.972106934,
    "confidence": 0,
    "first_peak_bpm": {
        "kurt": 0,
        "max": 167,
        "mean": 167,
        "median": 167,
        "min": 167,
        "skew": 0,
        "var": 0
    },
    "first_peak_spread": {
        "kurt": 0,
        "max": 0,
        "mean": 0,
        "median": 0,
        "min": 0,
        "skew": 0,
        "var": 0
    },
    "first_peak_weight": {
        "kurt": 0,
        "max": 0.461538463831,
        "mean": 0.461538463831,
        "median": 0.461538463831,
        "min": 0.461538463831,
        "skew": 0,
        "var": 0
    },
    "onset_rate": 1.46258950233,
    "second_peak_bpm": {
        "kurt": 0,
        "max": 172,
        "mean": 172,
        "median": 172,
        "min": 172,
        "skew": 0,
        "var": 0
    },
    "second_peak_spread": {
        "kurt": 0,
        "max": 0,
        "mean": 0,
        "median": 0,
        "min": 0,
        "skew": 0,
        "var": 0
    },
    "second_peak_weight": {
        "kurt": 0,
        "max": 0.307692319155,
        "mean": 0.307692319155,
        "median": 0.307692319155,
        "min": 0.307692319155,
        "skew": 0,
        "var": 0
    },
    "beats_loudness_band_ratio": {
        "kurt": [1.10571241379, 4.25228023529, 1.21524333954, 0.980970144272, -0.679187774658, -1.66787350178],
        "max": [0.592560768127, 0.213320121169, 0.385679543018, 0.435283869505, 0.409175038338, 0.683117389679],
        "mean": [0.131941720843, 0.04905308038, 0.12737236917, 0.1323992908, 0.144789680839, 0.292886018753],
        "median": [0.0165986940265, 0.0321329124272, 0.0986803919077, 0.0885313749313, 0.111161381006, 0.367433845997],
        "min": [0, 0, 0, 0, 0, 0],
        "skew": [1.56860554218, 2.11759233475, 1.07763969898, 1.42962324619, 0.581527113914, -0.0404887720942],
        "var": [0.0353750213981, 0.0027121801395, 0.0093359593302, 0.014730698429, 0.0152588207275, 0.0608569718897],
        "cov": [[0.0380961745977, 0.00903969630599, 0.0083143832162, -0.00154642644338, -0.0127743054181, -0.0185567550361], [0.00903969630599, 0.0029208092019, 0.00221361615695, -0.000130067142891, -0.00273346109316, -0.00312521331944], [0.0083143832162, 0.00221361615695, 0.0100541105494, 0.00885630398989, -0.000798964931164, -0.008095767349], [-0.00154642644338, -0.000130067142891, 0.00885630398989, 0.015863828361, 0.00512474030256, -0.00745303742588], [-0.0127743054181, -0.00273346109316, -0.000798964931164, 0.00512474030256, 0.0164325758815, 0.0165254883468], [-0.0185567550361, -0.00312521331944, -0.008095767349, -0.00745303742588, 0.0165254883468, 0.0655382797122]]
    },
    "beats_position": [0.348299324512, 0.708208620548, 1.06811785698, 1.43963718414, 1.8111563921, 2.15945577621, 2.50775504112, 2.85605430603, 3.22757363319, 3.5758728981, 3.93578219414, 4.29569149017, 4.65560102463, 5.01551008224],
    "bpm_estimates": [166.70866394, 166.708694458, 161.49899292, 161.499053955, 161.49899292, 166.70866394, 166.70866394, 166.708557129, 166.708786011],
    "bpm_intervals": [0.359909296036, 0.359909236431, 0.371519327164, 0.371519207954, 0.348299384117, 0.348299264908, 0.348299264908, 0.371519327164, 0.348299264908, 0.359909296036, 0.359909296036, 0.359909534454, 0.359909057617],
    "onset_times": [0.99845802784, 1.81115651131, 2.15945577621, 2.47292518616, 2.79800462723, 3.01859402657, 3.22757363319, 3.43655323982],
    "histogram": [[0, 0, 0, 0, 0, 0, 0, 0, 0, 0, 0, 0, 0, 0, 0, 0, 0, 0, 0, 0, 0, 0, 0, 0, 0, 0, 0, 0, 0, 0, 0, 0, 0, 0, 0, 0, 0, 0, 0, 0, 0, 0, 0, 0, 0, 0, 0, 0, 0, 0, 0, 0, 0, 0, 0, 0, 0, 0, 0, 0, 0, 0, 0, 0, 0, 0, 0, 0, 0, 0, 0, 0, 0, 0, 0, 0, 0, 0, 0, 0, 0, 0, 0, 0, 0, 0, 0, 0, 0, 0, 0, 0, 0, 0, 0, 0, 0, 0, 0, 0, 0, 0, 0, 0, 0, 0, 0, 0, 0, 0, 0, 0, 0, 0, 0, 0, 0, 0, 0, 0, 0, 0, 0, 0, 0, 0, 0, 0, 0, 0, 0, 0, 0, 0, 0, 0, 0, 0, 0, 0, 0, 0, 0, 0, 0, 0, 0, 0, 0, 0, 0, 0, 0, 0, 0, 0, 0, 0, 0, 0, 0, 0.230769231915, 0, 0, 0, 0, 0, 0.461538463831, 0, 0, 0, 0, 0.307692319155, 0, 0, 0, 0, 0, 0, 0, 0, 0, 0, 0, 0, 0, 0, 0, 0, 0, 0, 0, 0, 0, 0, 0, 0, 0, 0, 0, 0, 0, 0, 0, 0, 0, 0, 0, 0, 0, 0, 0, 0, 0, 0, 0, 0, 0, 0, 0, 0, 0, 0, 0, 0, 0, 0, 0, 0, 0, 0, 0, 0, 0, 0, 0, 0, 0, 0, 0, 0, 0, 0, 0, 0, 0, 0, 0, 0, 0]]
},
"sfx": {
    "inharmonicity": {
        "kurt": -1.01291060448,
        "max": 0.346370249987,
        "mean": 0.104690864682,
        "median": 0.07012142241,
        "min": 0,
        "skew": 0.669171094894,
        "var": 0.0123359346762
    },
    "oddtoevenharmonicenergyratio": {
        "kurt": 3.11397790909,
        "max": 4.14614629745,
        "mean": 0.648214936256,
        "median": 0.478825181723,
        "min": 0,
        "skew": 1.50175523758,
        "var": 0.535857856274
    },
    "pitch_after_max_to_before_max_energy_ratio": 0.257977157831,
    "pitch_centroid": 103.185203552,
    "pitch_max_to_total": 0.58649790287,
    "pitch_min_to_total": 0.978902935982,
    "tristimulus": {
        "kurt": [-1.66083133221, 0.439325809479, -1.71773457527],
        "max": [1, 0.791213154793, 0.984493017197],
        "mean": [0.433042675257, 0.159048393369, 0.407908886671],
        "median": [0.207291230559, 0.151029825211, 0.485107421875],
        "min": [0, 0, 0],
        "skew": [0.426851660013, 0.899075567722, -0.01067120675],
        "var": [0.189790800214, 0.0257375184447, 0.130179524422],
        "cov": [[0.190595000982, -0.0428551398218, -0.147739619017], [-0.0428551398218, 0.0258465763181, 0.0170085709542], [-0.147739619017, 0.0170085709542, 0.130731135607]]
    }
},
"tonal": {
    "chords_changes_rate": 0.176470592618,
    "chords_number_rate": 0.0588235296309,
    "chords_strength": {
        "kurt": 52.502155304,
        "max": 0.623892903328,
        "mean": 0.438368082047,
        "median": 0.413733184338,
        "min": -1,
        "skew": -5.9574713707,
        "var": 0.0255115311593
    },
    "key_strength": 0.404060781002,
    "tuning_diatonic_strength": 0.351446270943,
    "tuning_equal_tempered_deviation": 0.274428069592,
    "tuning_frequency": 456.04309082,
    "tuning_nontempered_energy_ratio": 0.90105676651,
    "hpcp": {
        "kurt": [-0.870219945908, -0.977897882462, -0.767492294312, -0.858369112015, -1.22178709507, -1.08087778091, -1.14211523533, -1.16718244553, -0.917386293411, -0.659721851349, -0.988285064697, -0.727007627487, -1.06430006027, -0.767405748367, -0.961926460266, -1.31018102169, -0.87685251236, -0.18030333519, 0.80557179451, 0.184364795685, 0.439119577408, 0.192039966583, 0.193825244904, -0.655694961548, -0.881986379623, -0.687661409378, -0.911057472229, -0.962975263596, -1.00408184528, -0.753693819046, -0.798342943192, -0.735822439194, -0.534002304077, -0.862470626831, -1.1361644268, -1.15267133713],
        "max": [1, 1, 1, 1, 1, 1, 1, 1, 1, 1, 1, 1, 0.931762635708, 1, 0.898055434227, 0.810626745224, 1, 1, 1, 1, 1, 1, 1, 1, 1, 1, 1, 1, 1, 1, 1, 1, 1, 1, 1, 0.929421067238],
        "mean": [0.353307664394, 0.353833258152, 0.323829948902, 0.366180419922, 0.413960933685, 0.393443405628, 0.383861124516, 0.372659444809, 0.342110961676, 0.311386585236, 0.327847391367, 0.354794114828, 0.325555235147, 0.304406255484, 0.292407631874, 0.324311673641, 0.369223505259, 0.296558946371, 0.236355185509, 0.263415366411, 0.269127637148, 0.279723107815, 0.270460784435, 0.288608461618, 0.346627026796, 0.361002117395, 0.362565398216, 0.369622647762, 0.354145944118, 0.32824420929, 0.345979183912, 0.346333444118, 0.329471945763, 0.369206219912, 0.38647595048, 0.349583774805],
