{
"metadata": {
    "version": {
        "essentia": "2.1-beta3"
    }
},
"lowLevel": {
    "average_loudness": 0.910634160042,
    "barkbands_kurtosis": {
        "kurt": -0.930199384689,
        "max": 6.95331478119,
        "mean": 0.944272696972,
        "median": -0.0439211130142,
        "min": -1.30022883415,
        "skew": 0.641840934753,
        "var": 3.99944901466
    },
    "barkbands_skewness": {
        "kurt": -1.12135732174,
        "max": 2.65115308762,
        "mean": -0.409124344587,
        "median": -0.0790177881718,
        "min": -2.23179411888,
        "skew": 0.0292983055115,
        "var": 1.39716649055
    },
    "barkbands_spread": {
        "kurt": 2.39551973343,
        "max": 53.1765861511,
        "mean": 23.5372867584,
        "median": 24.0313644409,
        "min": 10.3498191833,
        "skew": 1.0520015955,
        "var": 51.4543380737
    },
    "dissonance": {
        "kurt": 76.9346160889,
        "max": 0.499973088503,
        "mean": 0.481187582016,
        "median": 0.490200072527,
        "min": 0.131703853607,
        "skew": -7.9078540802,
        "var": 0.00116466660984
    },
    "hfc": {
        "kurt": 19.734834671,
        "max": 105.351394653,
        "mean": 4.56414079666,
        "median": 3.78314944101e-05,
        "min": 1.1253045786e-16,
        "skew": 4.2553486824,
        "var": 224.394561768
    },
    "pitch": {
        "kurt": 4.74444627762,
        "max": 4166.50292969,
        "mean": 612.826660156,
        "median": 148.390655518,
        "min": 97.3197555542,
        "skew": 2.50304102898,
        "var": 1111729.875
    },
    "pitch_instantaneous_confidence": {
        "kurt": -1.09761559963,
        "max": 0.578018665314,
        "mean": 0.252782851458,
        "median": 0.253316104412,
        "min": 0.0881990790367,
        "skew": 0.220657885075,
        "var": 0.0118502294645
    },
    "pitch_salience": {
        "kurt": 1.36920118332,
        "max": 0.964101135731,
        "mean": 0.741125822067,
        "median": 0.777271270752,
        "min": 0.444938182831,
        "skew": -1.25567781925,
        "var": 0.00756300706416
    },
    "silence_rate_20dB": {
        "kurt": 0,
        "max": 1,
        "mean": 1,
        "median": 1,
        "min": 1,
        "skew": 0,
        "var": 0
    },
    "silence_rate_30dB": {
        "kurt": 0,
        "max": 1,
        "mean": 1,
        "median": 1,
        "min": 1,
        "skew": 0,
        "var": 0
    },
    "silence_rate_60dB": {
        "kurt": 3.25808858871,
        "max": 1,
        "mean": 0.876811623573,
        "median": 1,
        "min": 0,
        "skew": -2.29305887222,
        "var": 0.108013294637
    },
    "spectral_centroid": {
        "kurt": -1.337246418,
        "max": 11764.4775391,
        "mean": 4432.87988281,
        "median": 1853.67797852,
        "min": 359.117553711,
        "skew": 0.757280468941,
        "var": 20200924
    },
    "spectral_complexity": {
        "kurt": 5.12768363953,
        "max": 60,
        "mean": 5.35507249832,
        "median": 0,
        "min": 0,
        "skew": 2.54039406776,
        "var": 195.258483887
    },
    "spectral_crest": {
        "kurt": 2.25132322311,
        "max": 14.5205459595,
        "mean": 6.20563268661,
        "median": 6.02449321747,
        "min": 2.55014467239,
        "skew": 1.19368231297,
        "var": 4.21283149719
    },
    "spectral_decrease": {
        "kurt": 48.3454284668,
        "max": 1.32719275068e-28,
        "mean": -4.3095726987e-10,
        "median": -1.5642364113e-14,
        "min": -1.55640087485e-08,
        "skew": -6.52689361572,
        "var": 2.97654388021e-18
    },
    "spectral_energy": {
        "kurt": 42.6932029724,
        "max": 0.068297855556,
        "mean": 0.00204051309265,
        "median": 6.21014635271e-08,
        "min": 1.03981336668e-20,
        "skew": 6.08689022064,
        "var": 6.07664551353e-05
    },
    "spectral_energyband_high": {
        "kurt": 17.8049964905,
        "max": 0.00706851342693,
        "mean": 0.00031985543319,
        "median": 8.84257056466e-10,
        "min": 7.27281024467e-21,
        "skew": 4.14006519318,
        "var": 1.16704177344e-06
    },
    "spectral_energyband_low": {
        "kurt": 88.7239685059,
        "max": 0.00240248837508,
        "mean": 3.16520345223e-05,
        "median": 1.88465669737e-08,
        "min": 8.28146572731e-24,
        "skew": 9.08223247528,
        "var": 5.04949717595e-08
    },
    "spectral_energyband_middle_high": {
        "kurt": 24.8241577148,
        "max": 0.0276956930757,
        "mean": 0.00111479801126,
        "median": 1.6266650249e-08,
        "min": 1.19906080092e-21,
        "skew": 4.56147861481,
        "var": 1.26312452267e-05
    },
    "spectral_energyband_middle_low": {
        "kurt": 67.3296356201,
        "max": 0.0357956886292,
        "mean": 0.000615575758275,
        "median": 2.02079313283e-08,
        "min": 1.81119283152e-22,
        "skew": 8.13879871368,
        "var": 1.40977153933e-05
    },
    "spectral_flatness_db": {
        "kurt": -1.07338225842,
        "max": 0.227823451161,
        "mean": 0.119232326746,
        "median": 0.113686002791,
        "min": 0.0488469935954,
        "skew": 0.380417257547,
        "var": 0.00187659345102
    },
    "spectral_flux": {
        "kurt": 11.6803178787,
        "max": 0.182433247566,
        "mean": 0.0125368563458,
        "median": 0.000152690772666,
        "min": 6.32726371297e-11,
        "skew": 3.35088300705,
        "var": 0.00104220642243
    },
    "spectral_kurtosis": {
        "kurt": -0.674556255341,
        "max": 15.0746097565,
        "mean": 3.74445605278,
        "median": 3.73438405991,
        "min": -1.25618696213,
        "skew": 0.442264825106,
        "var": 18.1950283051
    },
    "spectral_rms": {
        "kurt": 11.7939634323,
        "max": 0.00816284585744,
        "mean": 0.000524564646184,
        "median": 7.77997229306e-06,
        "min": 3.18504641064e-12,
        "skew": 3.25595998764,
        "var": 1.71557724116e-06
    },
    "spectral_rolloff": {
        "kurt": -1.34357476234,
        "max": 19444.4824219,
        "mean": 7579.375,
        "median": 3380.71289062,
        "min": 409.130859375,
        "skew": 0.763470649719,
        "var": 57658700
    },
    "spectral_skewness": {
        "kurt": -1.35027420521,
        "max": 2.74065184593,
        "mean": 1.24833214283,
        "median": 1.36645722389,
        "min": -0.08494836092,
        "skew": -0.253380596638,
        "var": 0.869443297386
    },
    "spectral_spread": {
        "kurt": -1.35906875134,
        "max": 42129676,
        "mean": 15844781,
        "median": 5285628,
        "min": 2039326.625,
        "skew": 0.768426835537,
        "var": 2.86788287463e+14
    },
    "spectral_strongpeak": {
        "kurt": 19.482509613,
        "max": 3.26091003418,
        "mean": 0.160753443837,
        "median": 0.000438397517428,
        "min": 4.19360518533e-11,
        "skew": 4.38501548767,
        "var": 0.282082289457
    },
    "zerocrossingrate": {
        "kurt": -1.4172077179,
        "max": 0.5263671875,
        "mean": 0.215685859323,
        "median": 0.09912109375,
        "min": 0.04052734375,
        "skew": 0.708516061306,
        "var": 0.0387694239616
    },
    "barkbands": {
        "kurt": [55.634437561, 99.5956192017, 91.2075119019, 109.322898865, 66.4665298462, 65.8965988159, 79.8668365479, 85.1225662231, 74.2584228516, 105.305877686, 101.597419739, 27.1886844635, 28.8163547516, 22.8590660095, 51.0135421753, 18.7506847382, 10.4138002396, 19.422334671, 14.8616104126, 20.84608078, 16.0156536102, 36.720199585, 41.9675445557, 24.1765556335, 29.4749908447, 34.2830238342, 45.9260292053],
        "max": [1.06864717964e-05, 0.00138515699655, 0.000823584268801, 0.00117104232777, 0.00554154487327, 0.0120035689324, 0.00614313548431, 0.00437747081742, 0.00693823024631, 0.0062299487181, 0.00399994291365, 0.0012635383755, 0.00188997515943, 0.00113952741958, 0.00241760979407, 0.00157482514624, 0.00158038851805, 0.0031511746347, 0.00561955710873, 0.00539625948295, 0.00271605048329, 0.00177198299207, 0.000587338930927, 0.00017135917733, 9.12850591703e-05, 3.58402462552e-06, 2.47003431042e-08],
        "mean": [1.7918327444e-07, 1.58894799824e-05, 1.01111072581e-05, 1.38345803862e-05, 8.38248452055e-05, 0.000172658939846, 8.38932319311e-05, 7.44289063732e-05, 0.000141119031468, 0.000107361665869, 6.85636696289e-05, 5.12152291776e-05, 7.49541723053e-05, 5.00304195157e-05, 7.11991960998e-05, 7.50012331991e-05, 9.42099504755e-05, 0.000140139949508, 0.000272579898592, 0.000229434692301, 0.000133447218104, 5.20987341588e-05, 1.52985503519e-05, 6.07539277553e-06, 2.8640859e-06, 1.0037378928e-07, 5.89263249307e-10],
        "median": [2.53564724773e-10, 3.8595096008e-09, 5.43678391196e-09, 1.51382317792e-09, 1.99888039454e-09, 1.13482534481e-09, 1.89733850853e-09, 2.59685850601e-09, 4.84655959809e-09, 4.57256099651e-09, 2.07937289609e-09, 1.52461931968e-09, 1.26637145215e-09, 7.85242426637e-10, 8.06859634661e-10, 6.05575201096e-10, 7.73565655976e-10, 1.02372288424e-09, 7.71402608457e-10, 6.09870431934e-10, 3.94370869294e-10, 1.030805441e-10, 3.21221105271e-11, 2.01405940536e-11, 1.10475829873e-11, 6.25325366575e-13, 1.6750772793e-14],
        "min": [7.36835528522e-25, 1.61014793795e-24, 7.20140174931e-25, 1.09796855675e-24, 6.96837361842e-24, 2.25830228731e-24, 6.55486614253e-24, 8.37669386035e-24, 2.20742860809e-23, 1.83841430721e-23, 7.98405175541e-24, 2.69281961401e-23, 4.33142381585e-23, 5.19071864031e-23, 5.1193090579e-23, 6.55186784001e-23, 6.26649582982e-23, 8.85466073852e-23, 1.54052417886e-22, 1.8993773833e-22, 2.38062974092e-22, 3.61672176795e-22, 3.50316290561e-22, 6.05000324113e-22, 9.57726818243e-22, 1.33601907e-21, 1.95761702756e-21],
        "skew": [7.43494224548, 9.71615505219, 9.29967594147, 10.2120609283, 8.11444950104, 8.19861030579, 8.83351707458, 8.92720508575, 8.12013149261, 9.89433574677, 9.67631721497, 4.96586751938, 5.14800024033, 4.25935506821, 6.39469814301, 4.19784927368, 3.23087644577, 4.18804740906, 3.82593655586, 4.31010389328, 4.03907585144, 5.97917366028, 6.23632478714, 4.8561501503, 5.3832025528, 5.56731176376, 6.66855859756],
        "var": [1.48455835298e-12, 1.58582746934e-08, 5.89401460971e-09, 1.07736770616e-08, 3.46137568386e-07, 1.74872911884e-06, 3.62150331057e-07, 1.7166880184e-07, 4.54220327128e-07, 3.06914728299e-07, 1.28817660539e-07, 3.04948954977e-08, 6.83157281856e-08, 2.14632169815e-08, 6.49278462106e-08, 5.62586990327e-08, 7.13925629725e-08, 2.01908406439e-07, 7.9006673559e-07, 5.55247709144e-07, 2.13582552533e-07, 5.56376917871e-08, 4.77965400592e-09, 5.98848193256e-10, 1.60082239131e-10, 1.88611536871e-13, 9.24299226528e-18],
        "cov": [[1.49539452002e-12, 1.44099621124e-10, 8.55567977576e-11, 6.9360885091e-11, 5.35391231349e-10, 1.09798703463e-09, 4.16849110785e-10, 2.82819490049e-10, 3.49466428018e-10, 2.69625988203e-10, 1.85948853537e-10, 9.62058627207e-11, 1.85273490994e-10, 7.10191905284e-11, 1.51092929834e-10, 1.23381097006e-10, 1.70376504571e-10, 2.87900869811e-10, 5.15764153608e-10, 5.2275694884e-10, 3.44316908318e-10, 1.74663061792e-10, 4.61506631522e-11, 1.70601137384e-11, 1.29214763889e-11, 3.35752150908e-13, 1.91564526659e-15], [1.44099621124e-10, 1.59740274341e-08, 9.40774302904e-09, 5.69424152275e-09, 3.50890516643e-08, 6.59226770949e-08, 2.5561854855e-08, 1.89217974622e-08, 2.29729302248e-08, 1.96993958923e-08, 1.29986945652e-08, 6.55445653308e-09, 1.18745147049e-08, 5.29538146665e-09, 1.19030705292e-08, 1.13313403105e-08, 1.35897311182e-08, 2.30533672152e-08, 4.41782717076e-08, 4.68143248611e-08, 2.83407484147e-08, 1.35778401855e-08, 3.39063488397e-09, 1.38531441873e-09, 1.25836685516e-09, 2.82130135226e-11, 1.52328711168e-13], [8.55567977576e-11, 9.40774302904e-09, 5.93703664009e-09, 2.2672661526e-09, 1.97026555071e-08, 3.40690569089e-08, 1.01831263422e-08, 7.75286590482e-09, 9.40972011421e-09, 6.15230044687e-09, 3.66979580058e-09, 3.39466366128e-09, 7.45518047296e-09, 2.5137776305e-09, 5.29483479283e-09, 6.24087181933e-09, 7.68454366806e-09, 1.34966100518e-08, 2.67487170191e-08, 3.11950572041e-08, 1.63891797911e-08, 8.38698177574e-09, 1.93878979537e-09, 9.13678688264e-10, 7.53396511843e-10, 1.56792235445e-11, 9.6698731379e-14], [6.9360885091e-11, 5.69424152275e-09, 2.2672661526e-09, 1.08523172671e-08, 4.61359448423e-08, 1.06497822117e-07, 5.84616941524e-08, 4.14048741959e-08, 6.48990905461e-08, 5.57916521871e-08, 3.56141036661e-08, 1.13269331692e-08, 1.91492262047e-08, 1.08964854917e-08, 2.29241496896e-08, 1.61042947866e-08, 1.69803939798e-08, 2.56322785219e-08, 4.91679408299e-08, 4.52306885279e-08, 3.06626581903e-08, 1.95430072125e-08, 6.08229200338e-09, 1.64018043591e-09, 9.6727048593e-10, 3.77634208626e-11, 2.42397166792e-13], [5.35391231349e-10, 3.50890516643e-08, 1.97026555071e-08, 4.61359448423e-08, 3.48664116245e-07, 7.76919875989e-07, 3.2477618106e-07, 2.13119733417e-07, 2.95501649816e-07, 2.22838920649e-07, 1.50741300331e-07, 6.58352306004e-08, 1.30357264538e-07, 5.04738650875e-08, 1.02038079319e-07, 6.77405083138e-08, 9.75776259793e-08, 1.56735964651e-07, 2.69255963303e-07, 2.6043542789e-07, 1.84271186754e-07, 1.10158268285e-07, 3.20370325824e-08, 9.7881498462e-09, 5.33358202048e-09, 1.92896018603e-10, 1.25420095316e-12], [1.09798703463e-09, 6.59226770949e-08, 3.40690569089e-08, 1.06497822117e-07, 7.76919875989e-07, 1.76149353592e-06, 7.52454809572e-07, 4.92094443416e-07, 6.76089882745e-07, 5.21675531218e-07, 3.57204697821e-07, 1.49180550579e-07, 2.84690599983e-07, 1.13665144852e-07, 2.3130128568e-07, 1.43620383142e-07, 2.12030542457e-07, 3.33523786367e-07, 5.60498449431e-07, 5.21299625689e-07, 3.93392127762e-07, 2.34591695403e-07, 6.96086104313e-08, 2.00822132257e-08, 1.08502469232e-08, 4.14305340035e-10, 2.63358540704e-12], [4.16849110785e-10, 2.5561854855e-08, 1.01831263422e-08, 5.84616941524e-08, 3.2477618106e-07, 7.52454809572e-07, 3.64793748986e-07, 2.47703979994e-07, 3.66408727359e-07, 3.00881140447e-07, 1.98911294547e-07, 7.18566752766e-08, 1.2690814799e-07, 6.15379391888e-08, 1.26164820813e-07, 8.16699454731e-08, 1.02123777879e-07, 1.54197721258e-07, 2.74475638662e-07, 2.48004482728e-07, 1.82306280294e-07, 1.1297154856e-07, 3.48388304872e-08, 9.38850064358e-09, 5.06837194436e-09, 2.07863851132e-10, 1.33028505746e-12], [2.82819490049e-10, 1.89217974622e-08, 7.75286590482e-09, 4.14048741959e-08, 2.13119733417e-07, 4.92094443416e-07, 2.47703979994e-07, 1.72921858166e-07, 2.64352905788e-07, 2.18228450422e-07, 1.42551243698e-07, 5.33850332829e-08, 9.06390482669e-08, 4.66979805935e-08, 9.33643136136e-08, 6.45719495651e-08, 7.65677867776e-08, 1.14932724671e-07, 2.10896558883e-07, 1.94581957658e-07, 1.32082334403e-07, 8.17062684177e-08, 2.50576572824e-08, 6.92053303553e-09, 3.74323505525e-09, 1.5025503064e-10, 9.7681660937e-13], [3.49466428018e-10, 2.29729302248e-08, 9.40972011421e-09, 6.48990905461e-08, 2.95501649816e-07, 6.76089882745e-07, 3.66408727359e-07, 2.64352905788e-07, 4.57535804799e-07, 3.63368172884e-07, 2.25935352205e-07, 8.6191001003e-08, 1.50910096863e-07, 8.42285885483e-08, 1.58026054464e-07, 1.26230830233e-07, 1.31424386041e-07, 1.9490056502e-07, 3.89932040434e-07, 3.66818227349e-07, 2.19142734181e-07, 1.41055423342e-07, 4.30494395687e-08, 1.24091332765e-08, 6.09780981264e-09, 2.50802323354e-10, 1.7596293346e-12], [2.69625988203e-10, 1.96993958923e-08, 6.15230044687e-09, 5.57916521871e-08, 2.22838920649e-07, 5.21675531218e-07, 3.00881140447e-07, 2.18228450422e-07, 3.63368172884e-07, 3.09154984279e-07, 1.95650272872e-07, 6.85092160779e-08, 1.08925078735e-07, 6.71026540999e-08, 1.29946329253e-07, 9.698631942e-08, 1.03330556556e-07, 1.5149612409e-07, 2.99315928487e-07, 2.66878515731e-07, 1.73906158807e-07, 1.06146124779e-07, 3.34125402901e-08, 9.19354103956e-09, 4.80907846878e-09, 2.01722957782e-10, 1.32504922833e-12], [1.85948853537e-10, 1.29986945652e-08, 3.66979580058e-09, 3.56141036661e-08, 1.50741300331e-07, 3.57204697821e-07, 1.98911294547e-07, 1.42551243698e-07, 2.25935352205e-07, 1.95650272872e-07, 1.29757935952e-07, 4.71024712567e-08, 6.91602792813e-08, 4.3353757917e-08, 8.27890715982e-08, 5.87473429903e-08, 6.59831940197e-08, 9.9383782981e-08, 1.87358864423e-07, 1.56898863679e-07, 1.11757927357e-07, 6.35874428667e-08, 2.0272699075e-08, 5.4303455066e-09, 2.92496094012e-09, 1.24456028816e-10, 7.63988102382e-13], [9.62058627207e-11, 6.55445653308e-09, 3.39466366128e-09, 1.13269331692e-08, 6.58352306004e-08, 1.49180550579e-07, 7.18566752766e-08, 5.33850332829e-08, 8.6191001003e-08, 6.85092160779e-08, 4.71024712567e-08, 3.07174872205e-08, 3.73124535713e-08, 2.21007976364e-08, 3.68360133507e-08, 3.03501401788e-08, 3.79723630317e-08, 6.18145108433e-08, 1.21909877748e-07, 9.80098349146e-08, 5.78738905688e-08, 2.90122006419e-08, 8.75063044248e-09, 2.83479306695e-09, 1.37937428146e-09, 5.32687366439e-11, 3.20897605363e-13], [1.85273490994e-10, 1.18745147049e-08, 7.45518047296e-09, 1.91492262047e-08, 1.30357264538e-07, 2.84690599983e-07, 1.2690814799e-07, 9.06390482669e-08, 1.50910096863e-07, 1.08925078735e-07, 6.91602792813e-08, 3.73124535713e-08, 6.88143799721e-08, 3.24821343156e-08, 5.62551427663e-08, 4.84304294446e-08, 5.63505864193e-08, 9.05749004687e-08, 1.74016463461e-07, 1.66719487993e-07, 9.59797574751e-08, 5.63342865689e-08, 1.62875473109e-08, 5.42656142244e-09, 2.54443244252e-09, 9.50918302434e-11, 6.75257267636e-13], [7.10191905284e-11, 5.29538146665e-09, 2.5137776305e-09, 1.08964854917e-08, 5.04738650875e-08, 1.13665144852e-07, 6.15379391888e-08, 4.66979805935e-08, 8.42285885483e-08, 6.71026540999e-08, 4.3353757917e-08, 2.21007976364e-08, 3.24821343156e-08, 2.16198827729e-08, 3.49366047203e-08, 3.13761816528e-08, 3.36511760679e-08, 5.36617541513e-08, 1.06551702572e-07, 8.66192593207e-08, 5.3721553428e-08, 2.63018176128e-08, 8.14683875916e-09, 2.65297894764e-09, 1.24201160467e-09, 5.07653780124e-11, 3.13102598319e-13], [1.51092929834e-10, 1.19030705292e-08, 5.29483479283e-09, 2.29241496896e-08, 1.02038079319e-07, 2.3130128568e-07, 1.26164820813e-07, 9.33643136136e-08, 1.58026054464e-07, 1.29946329253e-07, 8.27890715982e-08, 3.68360133507e-08, 5.62551427663e-08, 3.49366047203e-08, 6.54017711099e-08, 5.51343788402e-08, 5.87541677532e-08, 9.58708881171e-08, 1.87420198472e-07, 1.51236903889e-07, 9.85476873439e-08, 4.99673120657e-08, 1.56337005564e-08, 4.96115859505e-09, 2.45343390048e-09, 9.99641897037e-11, 6.02997523875e-13], [1.23381097006e-10, 1.13313403105e-08, 6.24087181933e-09, 1.61042947866e-08, 6.77405083138e-08, 1.43620383142e-07, 8.16699454731e-08, 6.45719495651e-08, 1.26230830233e-07, 9.698631942e-08, 5.87473429903e-08, 3.03501401788e-08, 4.84304294446e-08, 3.13761816528e-08, 5.51343788402e-08, 5.66693465487e-08, 5.62739295162e-08, 9.43791036434e-08, 1.93322932773e-07, 1.53955014071e-07, 9.10654378572e-08, 4.32624638336e-08, 1.33746862474e-08, 4.72762051729e-09, 2.22770268898e-09, 8.70567506972e-11, 5.32442525399e-13], [1.70376504571e-10, 1.35897311182e-08, 7.68454366806e-09, 1.69803939798e-08, 9.75776259793e-08, 2.12030542457e-07, 1.02123777879e-07, 7.65677867776e-08, 1.31424386041e-07, 1.03330556556e-07, 6.59831940197e-08, 3.79723630317e-08, 5.63505864193e-08, 3.36511760679e-08, 5.87541677532e-08, 5.62739295162e-08, 7.19136821203e-08, 1.11281188708e-07, 2.21419114155e-07, 1.72115321107e-07, 1.11988285312e-07, 4.79896939964e-08, 1.47173704335e-08, 5.26333776563e-09, 2.53667820083e-09, 9.59717236237e-11, 5.48616653408e-13], [2.87900869811e-10, 2.30533672152e-08, 1.34966100518e-08, 2.56322785219e-08, 1.56735964651e-07, 3.33523786367e-07, 1.54197721258e-07, 1.14932724671e-07, 1.9490056502e-07, 1.5149612409e-07, 9.9383782981e-08, 6.18145108433e-08, 9.05749004687e-08, 5.36617541513e-08, 9.58708881171e-08, 9.43791036434e-08, 1.11281188708e-07, 2.03382185759e-07, 3.89496761954e-07, 2.86353781576e-07, 1.96605114411e-07, 7.71641097685e-08, 2.40352200365e-08, 9.39584587911e-09, 4.24285628853e-09, 1.6768186839e-10, 8.87819819832e-13], [5.15764153608e-10, 4.41782717076e-08, 2.67487170191e-08, 4.91679408299e-08, 2.69255963303e-07, 5.60498449431e-07, 2.74475638662e-07, 2.10896558883e-07, 3.89932040434e-07, 2.99315928487e-07, 1.87358864423e-07, 1.21909877748e-07, 1.74016463461e-07, 1.06551702572e-07, 1.87420198472e-07, 1.93322932773e-07, 2.21419114155e-07, 3.89496761954e-07, 7.9583361412e-07, 5.9459074464e-07, 3.75960382826e-07, 1.57118705602e-07, 4.86351545703e-08, 1.87370190474e-08, 8.51618953135e-09, 3.28034960306e-10, 1.86143288283e-12], [5.2275694884e-10, 4.68143248611e-08, 3.11950572041e-08, 4.52306885279e-08, 2.6043542789e-07, 5.21299625689e-07, 2.48004482728e-07, 1.94581957658e-07, 3.66818227349e-07, 2.66878515731e-07, 1.56898863679e-07, 9.80098349146e-08, 1.66719487993e-07, 8.66192593207e-08, 1.51236903889e-07, 1.53955014071e-07, 1.72115321107e-07, 2.86353781576e-07, 5.9459074464e-07, 5.59300644909e-07, 2.97259703075e-07, 1.6068437958e-07, 4.56956463779e-08, 1.74312866363e-08, 8.40566993787e-09, 2.8698465826e-10, 2.0062137715e-12], [3.44316908318e-10, 2.83407484147e-08, 1.63891797911e-08, 3.06626581903e-08, 1.84271186754e-07, 3.93392127762e-07, 1.82306280294e-07, 1.32082334403e-07, 2.19142734181e-07, 1.73906158807e-07, 1.11757927357e-07, 5.78738905688e-08, 9.59797574751e-08, 5.3721553428e-08, 9.85476873439e-08, 9.10654378572e-08, 1.11988285312e-07, 1.96605114411e-07, 3.75960382826e-07, 2.97259703075e-07, 2.15141554349e-07, 8.76415455764e-08, 2.6539778375e-08, 1.02070485397e-08, 4.88278484312e-09, 1.83541681853e-10, 1.02617393749e-12], [1.74663061792e-10, 1.35778401855e-08, 8.38698177574e-09, 1.95430072125e-08, 1.10158268285e-07, 2.34591695403e-07, 1.1297154856e-07, 8.17062684177e-08, 1.41055423342e-07, 1.06146124779e-07, 6.35874428667e-08, 2.90122006419e-08, 5.63342865689e-08, 2.63018176128e-08, 4.99673120657e-08, 4.32624638336e-08, 4.79896939964e-08, 7.71641097685e-08, 1.57118705602e-07, 1.6068437958e-07, 8.76415455764e-08, 5.60438060404e-08, 1.61196798132e-08, 5.45700551413e-09, 2.68639865908e-09, 9.63797444631e-11, 7.09552642336e-13], [4.61506631522e-11, 3.39063488397e-09, 1.93878979537e-09, 6.08229200338e-09, 3.20370325824e-08, 6.96086104313e-08, 3.48388304872e-08, 2.50576572824e-08, 4.30494395687e-08, 3.34125402901e-08, 2.0272699075e-08, 8.75063044248e-09, 1.62875473109e-08, 8.14683875916e-09, 1.56337005564e-08, 1.33746862474e-08, 1.47173704335e-08, 2.40352200365e-08, 4.86351545703e-08, 4.56956463779e-08, 2.6539778375e-08, 1.61196798132e-08, 4.81454209833e-09, 1.58337631895e-09, 7.56023965653e-10, 2.90811368042e-11, 2.04193148392e-13], [1.70601137384e-11, 1.38531441873e-09, 9.13678688264e-10, 1.64018043591e-09, 9.7881498462e-09, 2.00822132257e-08, 9.38850064358e-09, 6.92053303553e-09, 1.24091332765e-08, 9.19354103956e-09, 5.4303455066e-09, 2.83479306695e-09, 5.42656142244e-09, 2.65297894764e-09, 4.96115859505e-09, 4.72762051729e-09, 5.26333776563e-09, 9.39584587911e-09, 1.87370190474e-08, 1.74312866363e-08, 1.02070485397e-08, 5.45700551413e-09, 1.58337631895e-09, 6.03219363349e-10, 2.76926787057e-10, 1.01312439341e-11, 6.91392066212e-14], [1.29214763889e-11, 1.25836685516e-09, 7.53396511843e-10, 9.6727048593e-10, 5.33358202048e-09, 1.08502469232e-08, 5.06837194436e-09, 3.74323505525e-09, 6.09780981264e-09, 4.80907846878e-09, 2.92496094012e-09, 1.37937428146e-09, 2.54443244252e-09, 1.24201160467e-09, 2.45343390048e-09, 2.22770268898e-09, 2.53667820083e-09, 4.24285628853e-09, 8.51618953135e-09, 8.40566993787e-09, 4.88278484312e-09, 2.68639865908e-09, 7.56023965653e-10, 2.76926787057e-10, 1.61250721109e-10, 5.0418315356e-12, 3.32345099791e-14], [3.35752150908e-13, 2.82130135226e-11, 1.56792235445e-11, 3.77634208626e-11, 1.92896018603e-10, 4.14305340035e-10, 2.07863851132e-10, 1.5025503064e-10, 2.50802323354e-10, 2.01722957782e-10, 1.24456028816e-10, 5.32687366439e-11, 9.50918302434e-11, 5.07653780124e-11, 9.99641897037e-11, 8.70567506972e-11, 9.59717236237e-11, 1.6768186839e-10, 3.28034960306e-10, 2.8698465826e-10, 1.83541681853e-10, 9.63797444631e-11, 2.90811368042e-11, 1.01312439341e-11, 5.0418315356e-12, 1.89988256789e-13, 1.20403340584e-15], [1.91564526659e-15, 1.52328711168e-13, 9.6698731379e-14, 2.42397166792e-13, 1.25420095316e-12, 2.63358540704e-12, 1.33028505746e-12, 9.7681660937e-13, 1.7596293346e-12, 1.32504922833e-12, 7.63988102382e-13, 3.20897605363e-13, 6.75257267636e-13, 3.13102598319e-13, 6.02997523875e-13, 5.32442525399e-13, 5.48616653408e-13, 8.87819819832e-13, 1.86143288283e-12, 2.0062137715e-12, 1.02617393749e-12, 7.09552642336e-13, 2.04193148392e-13, 6.91392066212e-14, 3.32345099791e-14, 1.20403340584e-15, 9.31045959759e-18]]
    },
    "mfcc": {
        "kurt": [0.98540186882, -0.132425069809, 0.231452226639, 4.39790391922, 1.15042638779, 0.464163541794, 3.82419300079, 2.44333267212, 1.10331535339, 1.13800525665, 5.72290229797, 6.60691547394, 2.98233127594],
        "max": [-507.830657959, 101.546272278, 16.3853759766, 53.5427856445, 7.37741088867, 13.0891723633, 18.4657478333, 19.8536777496, 18.3187522888, 20.5962924957, 12.0538368225, 7.37633514404, 9.63996124268],
        "mean": [-1032.97045898, 22.9626922607, -22.9513759613, -0.308126807213, -9.88895988464, -5.11170864105, 0.0924192517996, 0.944123208523, 1.80155134201, 2.9015519619, 0.612313628197, -0.419447422028, -0.985002815723],
        "median": [-1132.94873047, 7.62528610229, -6.103515625e-05, 8.01086425781e-05, -6.103515625e-05, 2.28881835938e-05, -2.67028808594e-05, -5.34057617188e-05, -4.57763671875e-05, -2.28881835938e-05, -2.67028808594e-05, -3.0517578125e-05, -3.81469726562e-05],
        "min": [-1138.42004395, 1.14440917969e-05, -127.891693115, -32.6475296021, -70.6798248291, -37.5274467468, -27.389251709, -31.8269309998, -18.952129364, -11.8755550385, -20.7029037476, -15.5557670593, -19.2819423676],
        "skew": [1.57581532001, 1.0425298214, -1.32892739773, 0.479715168476, -1.57944071293, -1.25866007805, -1.3499007225, -0.506260514259, 0.046480666846, 0.761159837246, -0.937181413174, -1.93192994595, -1.07015836239],
        "var": [31625.5371094, 846.372680664, 1770.44311523, 133.075668335, 354.926483154, 120.411361694, 46.396156311, 56.174282074, 40.7386779785, 27.4614562988, 17.9413471222, 11.208360672, 18.0633430481],
        "cov": [[31856.3789062, 3655.64282227, -6101.95849609, 890.435424805, -2980.10009766, -1347.34631348, -615.635131836, -701.46673584, -445.933135986, 21.3220806122, -326.717224121, -295.95413208, -296.309234619], [3655.64282227, 852.550598145, -973.762207031, -26.4256267548, -399.360595703, -240.422561646, -49.4039840698, -53.9993858337, 11.7261734009, 71.6356582642, 13.932053566, -14.9895105362, -5.5378985405], [-6101.95849609, -973.762207031, 1783.36608887, -14.9269037247, 735.873718262, 409.919036865, 161.154586792, 173.574417114, 86.9680175781, -56.105140686, 44.4016876221, 34.9828262329, 36.3150520325], [890.435424805, -26.4256267548, -14.9269037247, 134.047012329, -37.940776825, 9.72861862183, -12.3172807693, -38.8288803101, -32.4048042297, -26.5587425232, -23.5116271973, -13.8323116302, -5.8224158287], [-2980.10009766, -399.360595703, 735.873718262, -37.940776825, 357.517181396, 161.310775757, 82.1663970947, 87.1140975952, 48.5902328491, -12.1944179535, 28.7407436371, 23.3655033112, 25.7971477509], [-1347.34631348, -240.422561646, 409.919036865, 9.72861862183, 161.310775757, 121.290275574, 34.6476593018, 36.9930839539, 17.1841106415, -15.5555200577, 6.83421468735, 3.4770553112, 2.9962375164], [-615.635131836, -49.4039840698, 161.154586792, -12.3172807693, 82.1663970947, 34.6476593018, 46.7348136902, 36.6830215454, 26.7094535828, 8.54853248596, 12.463180542, 9.07961177826, 8.36395549774], [-701.46673584, -53.9993858337, 173.574417114, -38.8288803101, 87.1140975952, 36.9930839539, 36.6830215454, 56.584312439, 36.1403884888, 13.3774547577, 16.1060066223, 8.9609413147, 3.15841245651], [-445.933135986, 11.7261734009, 86.9680175781, -32.4048042297, 48.5902328491, 17.1841106415, 26.7094535828, 36.1403884888, 41.0360412598, 22.7159976959, 19.3151760101, 10.0367136002, 5.20843982697], [21.3220806122, 71.6356582642, -56.105140686, -26.5587425232, -12.1944179535, -15.5555200577, 8.54853248596, 13.3774547577, 22.7159976959, 27.6619052887, 14.0350828171, 5.2025384903, 2.37962222099], [-326.717224121, 13.932053566, 44.4016876221, -23.5116271973, 28.7407436371, 6.83421468735, 12.463180542, 16.1060066223, 19.3151760101, 14.0350828171, 18.0723056793, 8.88761711121, 8.54542732239], [-295.95413208, -14.9895105362, 34.9828262329, -13.8323116302, 23.3655033112, 3.4770553112, 9.07961177826, 8.9609413147, 10.0367136002, 5.2025384903, 8.88761711121, 11.2901735306, 9.6957244873], [-296.309234619, -5.5378985405, 36.3150520325, -5.8224158287, 25.7971477509, 2.9962375164, 8.36395549774, 3.15841245651, 5.20843982697, 2.37962222099, 8.54542732239, 9.6957244873, 18.1951904297]]
    },
    "sccoeffs": {
        "kurt": [1.08713626862, -0.245058059692, -0.552962064743, -0.589563369751, -0.913669109344, -1.1379121542],
        "max": [-0.52605754137, -0.685075879097, -0.734806537628, -0.768732845783, -0.751702308655, -0.702027738094],
        "mean": [-0.86465883255, -0.880443394184, -0.896202623844, -0.897365748882, -0.891796350479, -0.865546941757],
        "median": [-0.872967481613, -0.892122149467, -0.895751535892, -0.893163323402, -0.897704601288, -0.877185583115],
        "min": [-0.993400096893, -0.977207243443, -0.973702132702, -0.970425546169, -0.969546854496, -0.963883578777],
        "skew": [1.13158595562, 0.753209888935, 0.431691646576, 0.425453007221, 0.328990399837, 0.440594404936],
        "var": [0.00852789264172, 0.00564807187766, 0.003203923814, 0.00275714555755, 0.00333564984612, 0.00712902378291],
        "cov": [[0.00859014037997, 0.00519958743826, 0.00452019134536, 0.00428311340511, 0.00454481877387, 0.00639916257933], [0.00519958743826, 0.00568929873407, 0.00328694563359, 0.00354005722329, 0.00384732242674, 0.00565259438008], [0.00452019134536, 0.00328694563359, 0.00322731002234, 0.0026153693907, 0.00299477390945, 0.00432541035116], [0.00428311340511, 0.00354005722329, 0.0026153693907, 0.00277727050707, 0.0028200650122, 0.00415507284924], [0.00454481877387, 0.00384732242674, 0.00299477390945, 0.0028200650122, 0.00335999764502, 0.00457815499976], [0.00639916257933, 0.00565259438008, 0.00432541035116, 0.00415507284924, 0.00457815499976, 0.00718106050044]]
    },
    "scvalleys": {
        "kurt": [-1.35679519176, -1.36939406395, -1.38388669491, -1.38215196133, -1.34797370434, -1.26141142845],
        "max": [-5.39015245438, -3.88319993019, -4.47755527496, -5.21228122711, -5.18459367752, -7.11483049393],
        "mean": [-15.8792457581, -15.4845762253, -15.2900104523, -15.6678905487, -15.9654169083, -17.8193569183],
        "median": [-11.3824319839, -11.7336797714, -11.7706985474, -12.533870697, -13.1263551712, -15.2037754059],
        "min": [-28.5721244812, -28.1478443146, -27.6553058624, -27.6807594299, -27.4305000305, -27.3806343079],
        "skew": [-0.693023085594, -0.566713035107, -0.544006586075, -0.50582742691, -0.464059740305, -0.38409101963],
        "var": [62.336856842, 68.8260116577, 70.4193496704, 68.0890197754, 64.9463043213, 46.2075920105],
        "cov": [[62.7918701172, 65.4132995605, 66.016494751, 64.6608428955, 62.9581565857, 52.8595199585], [65.4132995605, 69.3283920288, 70.0022354126, 68.7822189331, 67.0926895142, 56.3132858276], [66.016494751, 70.0022354126, 70.9333572388, 69.6733474731, 67.9430847168, 56.9506340027], [64.6608428955, 68.7822189331, 69.6733474731, 68.5860214233, 66.8673477173, 56.0270195007], [62.9581565857, 67.0926895142, 67.9430847168, 66.8673477173, 65.4203643799, 54.9509468079], [52.8595199585, 56.3132858276, 56.9506340027, 56.0270195007, 54.9509468079, 46.5448760986]]
    }
},
"rhythm": {
    "beats_loudness": {
        "kurt": 0.248024463654,
        "max": 0.0480816438794,
        "mean": 0.00981206633151,
        "median": 7.93922936282e-07,
        "min": 0,
        "skew": 1.49854278564,
        "var": 0.000366283493349
    },
    "bpm": 115.713783264,
    "confidence": 0,
    "first_peak_bpm": {
        "kurt": 0,
        "max": 115,
        "mean": 115,
        "median": 115,
        "min": 115,
        "skew": 0,
        "var": 0
    },
    "first_peak_spread": {
        "kurt": 0,
        "max": 0.333333313465,
        "mean": 0.333333313465,
        "median": 0.333333313465,
        "min": 0.333333313465,
        "skew": 0,
        "var": 0
    },
    "first_peak_weight": {
        "kurt": 0,
        "max": 0.5,
        "mean": 0.5,
        "median": 0.5,
        "min": 0.5,
        "skew": 0,
        "var": 0
    },
    "onset_rate": 0.632797837257,
    "second_peak_bpm": {
        "kurt": 0,
        "max": 120,
        "mean": 120,
        "median": 120,
        "min": 120,
        "skew": 0,
        "var": 0
    },
    "second_peak_spread": {
        "kurt": 0,
        "max": 0,
        "mean": 0,
        "median": 0,
        "min": 0,
        "skew": 0,
        "var": 0
    },
    "second_peak_weight": {
        "kurt": 0,
        "max": 0.25,
        "mean": 0.25,
        "median": 0.25,
        "min": 0.25,
        "skew": 0,
        "var": 0
    },
    "beats_loudness_band_ratio": {
        "kurt": [0.186016798019, -0.341347932816, -1.06135475636, -0.545401573181, -1.06569445133, -0.820663928986],
        "max": [0.481109440327, 0.222135752439, 0.343848139048, 0.51499325037, 0.311790466309, 0.198967054486],
        "mean": [0.115003861487, 0.0730659142137, 0.207018971443, 0.227602168918, 0.140866965055, 0.0703642815351],
        "median": [0.0456195250154, 0.035241689533, 0.185130894184, 0.197819963098, 0.120501421392, 0.0296876002103],
        "min": [0, 0, 0, 0, 0, 0],
        "skew": [1.45187318325, 1.09459424019, -0.428581595421, 0.505954504013, 0.335862457752, 0.838470101357],
        "var": [0.0339460261166, 0.00631685787812, 0.0159053839743, 0.0278467275202, 0.0115074208006, 0.00531347002834],
        "cov": [[0.0424325317144, 0.00273418286815, -0.00284311920404, -0.000986316474155, -0.00776709802449, -0.00483498396352], [0.00273418286815, 0.00789607223123, 0.00740674184635, -0.00109628541395, -0.00105401489418, 0.00592930940911], [-0.00284311920404, 0.00740674184635, 0.0198817290366, 0.00937976036221, 0.0123179629445, 0.00970529578626], [-0.000986316474155, -0.00109628541395, 0.00937976036221, 0.034808408469, 0.0141594903544, -0.000167454971233], [-0.00776709802449, -0.00105401489418, 0.0123179629445, 0.0141594903544, 0.0143842762336, 0.00341943814419], [-0.00483498396352, 0.00592930940911, 0.00970529578626, -0.000167454971233, 0.00341943814419, 0.00664183776826]]
    },
    "beats_position": [0.49922901392, 0.99845802784, 1.50929701328, 2.03174591064, 2.55419492722],
    "bpm_estimates": [117.453842163, 114.843765259, 114.843742371],
    "bpm_intervals": [0.49922901392, 0.510838985443, 0.522448897362, 0.522449016571],
    "onset_times": [0.99845802784, 1.2190476656],
    "histogram": [[0, 0, 0, 0, 0, 0, 0, 0, 0, 0, 0, 0, 0, 0, 0, 0, 0, 0, 0, 0, 0, 0, 0, 0, 0, 0, 0, 0, 0, 0, 0, 0, 0, 0, 0, 0, 0, 0, 0, 0, 0, 0, 0, 0, 0, 0, 0, 0, 0, 0, 0, 0, 0, 0, 0, 0, 0, 0, 0, 0, 0, 0, 0, 0, 0, 0, 0, 0, 0, 0, 0, 0, 0, 0, 0, 0, 0, 0, 0, 0, 0, 0, 0, 0, 0, 0, 0, 0, 0, 0, 0, 0, 0, 0, 0, 0, 0, 0, 0, 0, 0, 0, 0, 0, 0, 0, 0, 0, 0, 0, 0, 0, 0, 0, 0, 0.5, 0, 0.25, 0, 0, 0.25, 0, 0, 0, 0, 0, 0, 0, 0, 0, 0, 0, 0, 0, 0, 0, 0, 0, 0, 0, 0, 0, 0, 0, 0, 0, 0, 0, 0, 0, 0, 0, 0, 0, 0, 0, 0, 0, 0, 0, 0, 0, 0, 0, 0, 0, 0, 0, 0, 0, 0, 0, 0, 0, 0, 0, 0, 0, 0, 0, 0, 0, 0, 0, 0, 0, 0, 0, 0, 0, 0, 0, 0, 0, 0, 0, 0, 0, 0, 0, 0, 0, 0, 0, 0, 0, 0, 0, 0, 0, 0, 0, 0, 0, 0, 0, 0, 0, 0, 0, 0, 0, 0, 0, 0, 0, 0, 0, 0, 0, 0, 0, 0, 0, 0, 0, 0, 0, 0, 0, 0, 0, 0, 0, 0, 0, 0, 0, 0, 0]]
},
"sfx": {
    "inharmonicity": {
        "kurt": -1.09015309811,
        "max": 0.383198320866,
        "mean": 0.144502222538,
        "median": 0.127859413624,
        "min": 0,
        "skew": 0.261549651623,
        "var": 0.0102412160486
    },
    "oddtoevenharmonicenergyratio": {
        "kurt": 2.42287683487,
        "max": 3.47358441353,
        "mean": 0.762630820274,
        "median": 0.60159355402,
        "min": 0,
        "skew": 1.43090355396,
        "var": 0.436740487814
    },
    "pitch_after_max_to_before_max_energy_ratio": 2.71369338036,
    "pitch_centroid": 56.8454360962,
    "pitch_max_to_total": 0.297101438046,
    "pitch_min_to_total": 0.275362312794,
    "tristimulus": {
        "kurt": [2.76460361481, 2.2403922081, -0.195336580276],
        "max": [1, 0.837413668633, 0.969322860241],
        "mean": [0.213366150856, 0.19244197011, 0.594191968441],
        "median": [0.10875466466, 0.166891515255, 0.679389476776],
        "min": [0, 0, 0],
        "skew": [1.95544409752, 1.39607870579, -0.992242634296],
        "var": [0.0805600956082, 0.0245185345411, 0.0828108042479],
        "cov": [[0.0811481252313, -0.011215178296, -0.0699329152703], [-0.011215178296, 0.024697503075, -0.0134823257104], [-0.0699329152703, -0.0134823257104, 0.0834152624011]]
    }
},
"tonal": {
    "chords_changes_rate": 0.171428576112,
    "chords_number_rate": 0.114285714924,
    "chords_strength": {
        "kurt": 19.7551803589,
        "max": 0.686694502831,
        "mean": 0.482914745808,
        "median": 0.559922218323,
        "min": -1,
        "skew": -3.54684090614,
        "var": 0.0554157868028
    },
    "key_strength": 0.612553596497,
    "tuning_diatonic_strength": 0.552430152893,
    "tuning_equal_tempered_deviation": 0.240869119763,
    "tuning_frequency": 435.197479248,
    "tuning_nontempered_energy_ratio": 0.891541063786,
    "hpcp": {
        "kurt": [-0.585294246674, -0.600781440735, -0.503725767136, 0.375572919846, 0.260003328323, 0.672873497009, -0.915781736374, -1.32632124424, -1.30254364014, -0.49204492569, -0.138385295868, 0.218991518021, 0.652593374252, 0.902181863785, 0.566653251648, 1.24817085266, 1.2279753685, 0.79736661911, -0.271424531937, -0.392857789993, 0.552991867065, 1.35481977463, 0.301659107208, 0.70721578598, 0.196154594421, 0.592094421387, 0.0574467182159, -0.132748365402, -0.596661090851, 0.203402042389, -0.362760543823, 0.0556011199951, -0.0799074172974, 0.931878566742, 2.01484870911, -0.154839992523],
        "max": [1, 1, 0.98789036274, 1, 0.94203042984, 1, 1, 1, 1, 1, 0.901876926422, 0.868494510651, 1, 1, 0.89062422514, 0.940632283688, 1, 1, 1, 1, 1, 1, 0.833481609821, 0.89316213131, 1, 0.970885336399, 0.90788847208, 1, 1, 1, 0.983286321163, 1, 0.913586258888, 1, 1, 0.959217011929],
        "mean": [0.275348186493, 0.260657340288, 0.235801666975, 0.211161494255, 0.189071699977, 0.208693310618, 0.297248840332, 0.395303785801, 0.387905836105, 0.292255550623, 0.208117797971, 0.176265314221, 0.190260499716, 0.196787461638, 0.168288782239, 0.169793784618, 0.195970207453, 0.233706995845, 0.277367323637, 0.260321289301, 0.201363965869, 0.184023782611, 0.188772112131, 0.200323283672, 0.218266248703, 0.197157725692, 0.20113132894, 0.24546764791, 0.264446169138, 0.242830708623, 0.232556074858, 0.234078019857, 0.21969537437, 0.191636934876, 0.172197133303, 0.223344951868],
        "median": [0.128174513578, 0.0919563397765, 0.0837857872248, 0.0611218810081, 0.0592139586806, 0.100331164896, 0.181914746761, 0.439910471439, 0.373112857342, 0.220250114799, 0.0948387235403, 0.0544519722462, 0.0537258833647, 0.0669847354293, 0.0479768030345, 0.0313250422478, 0.083108022809, 0.181994572282, 0.192400187254, 0.140823602676, 0.0983194261789, 0.0676600113511, 0.0649100616574, 0.113699957728, 0.126278996468, 0.0984264239669, 0.0526836365461, 0.086702555418, 0.152461454272, 0.126547127962, 0.110043182969, 0.106890179217, 0.0961887389421, 0.052182842046, 0.0729756206274, 0.131622284651],
        "min": [0, 0, 0, 0, 0, 0, 0, 0, 0, 0, 0, 0, 0, 0, 0, 0, 0, 0, 0, 0, 0, 0, 0, 0, 0, 0, 0, 0, 0, 0, 0, 0, 0, 0, 0, 0],
