{
"metadata": {
    "version": {
        "essentia": "2.1-beta3"
    }
},
"lowLevel": {
    "average_loudness": 0.99068403244,
    "barkbands_kurtosis": {
        "kurt": 3.44492149353,
        "max": 12.8490171432,
        "mean": 1.60629189014,
        "median": 1.2970867157,
        "min": -1.70383858681,
        "skew": 1.42140102386,
        "var": 7.8769402504
    },
    "barkbands_skewness": {
        "kurt": -1.55233120918,
        "max": 1.48256599903,
        "mean": -0.568314433098,
        "median": -1.31728875637,
        "min": -3.07630133629,
        "skew": 0.167768388987,
        "var": 1.6885355711
    },
    "barkbands_spread": {
        "kurt": -1.63345015049,
        "max": 55.0276222229,
        "mean": 26.3752193451,
        "median": 20.7300434113,
        "min": 6.34892654419,
        "skew": 0.179020956159,
        "var": 250.936386108
    },
    "dissonance": {
        "kurt": 26.6604633331,
        "max": 0.499999970198,
        "mean": 0.481702804565,
        "median": 0.491041779518,
        "min": 0.264863967896,
        "skew": -4.97379779816,
        "var": 0.00129099830519
    },
    "hfc": {
        "kurt": 39.6981086731,
        "max": 105.894851685,
        "mean": 2.52918028831,
        "median": 6.57061173115e-05,
        "min": 1.1865494282e-16,
        "skew": 6.4454870224,
        "var": 243.75062561
    },
    "pitch": {
        "kurt": 0.680487632751,
        "max": 4357.74267578,
        "mean": 3236.31738281,
        "median": 3872.39282227,
        "min": 113.725502014,
        "skew": -1.57128381729,
        "var": 1886779.25
    },
    "pitch_instantaneous_confidence": {
        "kurt": 1.14083528519,
        "max": 0.547200143337,
        "mean": 0.281401097775,
        "median": 0.274480700493,
        "min": 0.111886799335,
        "skew": 0.6445119977,
        "var": 0.00726238172501
    },
    "pitch_salience": {
        "kurt": 3.32044315338,
        "max": 0.954837143421,
        "mean": 0.772131681442,
        "median": 0.793300688267,
        "min": 0.476902633905,
        "skew": -1.32349443436,
        "var": 0.00609325245023
    },
    "silence_rate_20dB": {
        "kurt": 0,
        "max": 1,
        "mean": 1,
        "median": 1,
        "min": 1,
        "skew": 0,
        "var": 0
    },
    "silence_rate_30dB": {
        "kurt": 0,
        "max": 1,
        "mean": 1,
        "median": 1,
        "min": 1,
        "skew": 0,
        "var": 0
    },
    "silence_rate_60dB": {
        "kurt": 10.0714511871,
        "max": 1,
        "mean": 0.933333337307,
        "median": 1,
        "min": 0,
        "skew": -3.47439813614,
        "var": 0.0622221790254
    },
    "spectral_centroid": {
        "kurt": 12.3198232651,
        "max": 10163.2216797,
        "mean": 2534.46606445,
        "median": 2848.03393555,
        "min": 928.83404541,
        "skew": 2.76944327354,
        "var": 2237562.25
    },
    "spectral_complexity": {
        "kurt": 33.491519928,
        "max": 27,
        "mean": 0.777777791023,
        "median": 0,
        "min": 0,
        "skew": 5.82054328918,
        "var": 17.0172748566
    },
    "spectral_crest": {
        "kurt": 11.4919137955,
        "max": 16.938577652,
        "mean": 6.41715240479,
        "median": 6.14101839066,
        "min": 3.43381977081,
        "skew": 2.74290943146,
        "var": 4.41011857986
    },
    "spectral_decrease": {
        "kurt": 39.9537086487,
        "max": -2.07523931842e-29,
        "mean": -2.20796353423e-10,
        "median": -4.97470073219e-15,
        "min": -9.58767376602e-09,
        "skew": -6.47446393967,
        "var": 1.99565635944e-18
    },
    "spectral_energy": {
        "kurt": 39.915802002,
        "max": 0.0457909628749,
        "mean": 0.00106273835991,
        "median": 2.47353995064e-08,
        "min": 1.08406761023e-20,
        "skew": 6.47009944916,
        "var": 4.55251574749e-05
    },
    "spectral_energyband_high": {
        "kurt": 39.4845275879,
        "max": 0.012770014815,
        "mean": 0.00030965055339,
        "median": 6.72531230705e-09,
        "min": 7.52673530568e-21,
        "skew": 6.42184019089,
        "var": 3.55095676241e-06
    },
    "spectral_energyband_low": {
        "kurt": 40.0199775696,
        "max": 0.00119745661505,
        "mean": 2.67896521109e-05,
        "median": 2.63490063102e-10,
        "min": 3.43678802283e-23,
        "skew": 6.48217582703,
        "var": 3.11478274284e-08
    },
    "spectral_energyband_middle_high": {
        "kurt": 39.891418457,
        "max": 0.0149890510365,
        "mean": 0.000351437687641,
        "median": 1.9144787089e-08,
        "min": 1.65380273683e-21,
        "skew": 6.46726894379,
        "var": 4.87699162477e-06
    },
    "spectral_energyband_middle_low": {
        "kurt": 40.022441864,
        "max": 0.0175162609667,
        "mean": 0.000390139524825,
        "median": 1.95589033858e-09,
        "min": 5.44287518876e-22,
        "skew": 6.48246002197,
        "var": 6.66602045385e-06
    },
    "spectral_flatness_db": {
        "kurt": -1.18697309494,
        "max": 0.206857681274,
        "mean": 0.123871773481,
        "median": 0.122625760734,
        "min": 0.0563882403076,
        "skew": 0.264437973499,
        "var": 0.00166414957494
    },
    "spectral_flux": {
        "kurt": 17.3504219055,
        "max": 0.211500152946,
        "mean": 0.0102638648823,
        "median": 0.000114625043352,
        "min": 1.04118567934e-10,
        "skew": 4.36449861526,
        "var": 0.00170170865022
    },
    "spectral_kurtosis": {
        "kurt": 4.98407173157,
        "max": 10.1852893829,
        "mean": 3.24635744095,
        "median": 2.65884399414,
        "min": -1.21139061451,
        "skew": 1.46626543999,
        "var": 2.95286417007
    },
    "spectral_rms": {
        "kurt": 36.6353530884,
        "max": 0.00668386928737,
        "mean": 0.000209874327993,
        "median": 4.9124432735e-06,
        "min": 3.25211754228e-12,
        "skew": 6.11489343643,
        "var": 9.92770310404e-07
    },
    "spectral_rolloff": {
        "kurt": 35.2397842407,
        "max": 19143.0175781,
        "mean": 4367.41210938,
        "median": 4220.5078125,
        "min": 2777.78320312,
        "skew": 5.89930820465,
        "var": 5264265
    },
    "spectral_skewness": {
        "kurt": 4.14816999435,
        "max": 2.54775190353,
        "mean": 1.3006913662,
        "median": 1.35088598728,
        "min": 0.0773031786084,
        "skew": 0.31950044632,
        "var": 0.132974565029
    },
    "spectral_spread": {
        "kurt": 15.3912773132,
        "max": 40473576,
        "mean": 7888013,
        "median": 5763902,
        "min": 3029617.5,
        "skew": 3.38950037956,
        "var": 3.72240034038e+13
    },
    "spectral_strongpeak": {
        "kurt": 36.693561554,
        "max": 2.20188808441,
        "mean": 0.0723871812224,
        "median": 0.00288283801638,
        "min": 2.90265284031e-10,
        "skew": 6.11441421509,
        "var": 0.107319153845
    },
    "zerocrossingrate": {
        "kurt": 20.8854179382,
        "max": 0.50537109375,
        "mean": 0.134711369872,
        "median": 0.14013671875,
        "min": 0.05029296875,
        "skew": 4.00853013992,
        "var": 0.00420604459941
    },
    "barkbands": {
        "kurt": [33.7670059204, 40.0176353455, 40.0223503113, 40.0214881897, 40.0224456787, 40.0226707458, 40.0222473145, 40.0226097107, 40.0222892761, 40.0175743103, 40.0166015625, 40.0054397583, 39.9973220825, 39.2571372986, 39.8117027283, 39.9742584229, 39.9882316589, 39.2266197205, 39.7277107239, 39.3619689941, 39.2914657593, 39.9012298584, 39.5560722351, 39.2021141052, 39.8044128418, 39.8937835693, 35.2533912659],
        "max": [1.15077345981e-05, 0.000351573573425, 0.000482572300825, 0.000757414847612, 0.00487356400117, 0.00544535322115, 0.00247259298339, 0.00155130960047, 0.00195193500258, 0.000845012487844, 0.00100939662661, 0.000644038722385, 0.000959288328886, 0.000216736720176, 0.000529601413291, 0.00210774014704, 0.00385049497709, 0.000903137493879, 0.00269432994537, 0.00582363735884, 0.00534054031596, 0.0022115339525, 0.000519031309523, 0.000162753945915, 7.08437291905e-05, 5.06568858327e-06, 4.2120351651e-08],
        "mean": [3.30245171654e-07, 7.88714896771e-06, 1.07555097202e-05, 1.69110826391e-05, 0.000108537991764, 0.000121167387988, 5.5124899518e-05, 3.45305088558e-05, 4.35202382505e-05, 1.89831134776e-05, 2.27003329201e-05, 1.46276188389e-05, 2.18731347559e-05, 5.44621025256e-06, 1.26359364003e-05, 4.84756237711e-05, 8.79568178789e-05, 2.28700537264e-05, 6.48293280392e-05, 0.000142872246215, 0.000131082109874, 5.13999584655e-05, 1.24543385027e-05, 3.99158307118e-06, 1.65808694419e-06, 1.17356215412e-07, 1.26488397534e-09],
        "median": [1.05174072576e-12, 4.50694273568e-11, 9.14614772807e-11, 1.69228825397e-10, 4.02431810098e-10, 2.61039301286e-10, 1.84417564553e-10, 2.87025209156e-10, 2.59770094324e-10, 4.28870550184e-10, 5.24973287064e-10, 3.94358712352e-10, 4.78829531581e-10, 9.15925557621e-10, 8.00544464052e-10, 2.45303111157e-09, 2.04127337255e-09, 2.19445239757e-09, 3.79828701824e-09, 6.62370602811e-09, 1.87115856143e-09, 5.48484035967e-10, 8.58220716715e-11, 3.18971897506e-11, 8.23094110231e-12, 5.32731140018e-13, 2.06996844388e-14],
        "min": [3.0800823581e-24, 1.08079552816e-23, 1.10227313405e-23, 3.96808899794e-23, 1.60449562335e-22, 5.2135766739e-23, 6.33653847405e-23, 9.58454387811e-23, 1.29229943938e-22, 4.18386265036e-23, 9.31256609501e-23, 5.96225994658e-23, 1.86507165269e-22, 1.88656224323e-22, 2.3619631462e-22, 1.33310942281e-22, 3.38507206893e-22, 1.54564369681e-22, 1.55621089884e-22, 2.07215306767e-22, 4.75679389803e-22, 5.50466533818e-22, 4.72844236331e-22, 8.58610244656e-22, 1.2455461905e-21, 1.49640315057e-21, 2.57516369843e-21],
        "skew": [5.84668207169, 6.4818944931, 6.48245191574, 6.48234987259, 6.482462883, 6.48248815536, 6.48242950439, 6.4824848175, 6.48244047165, 6.48189306259, 6.4817814827, 6.48046016693, 6.47951126099, 6.39644908905, 6.45807600021, 6.47682666779, 6.47845602036, 6.39268922806, 6.44861316681, 6.40835857391, 6.40075349808, 6.46843576431, 6.42976617813, 6.39110803604, 6.45747184753, 6.46760320663, 5.96697759628],
        "var": [3.07947070621e-12, 2.68471378462e-09, 5.0593653711e-09, 1.2462584742e-08, 5.16034958764e-07, 6.44249439574e-07, 1.32822421506e-07, 5.22868468522e-08, 8.27742070442e-08, 1.55082986453e-08, 2.21281482027e-08, 9.00540619853e-09, 1.99774294884e-08, 1.02379271727e-09, 6.08890049492e-09, 9.64309734286e-08, 3.21872136055e-07, 1.77761503295e-08, 1.5768448236e-07, 7.39140205042e-07, 6.2210131091e-07, 1.06199678385e-07, 5.86420068061e-09, 5.78405712215e-10, 1.09064819676e-10, 5.57336295171e-13, 4.02523423774e-17],
        "cov": [[3.14945855853e-12, 8.94901305837e-11, 1.22655052781e-10, 1.92596480431e-10, 1.23863752588e-09, 1.38360511936e-09, 6.28523844082e-10, 3.94157345651e-10, 4.96067575906e-10, 2.14765843998e-10, 2.56576843105e-10, 1.63974236966e-10, 2.44428560725e-10, 5.63365777639e-11, 1.35910782628e-10, 5.38281641482e-10, 9.82875336675e-10, 2.34529895504e-10, 6.93757884473e-10, 1.51336976284e-09, 1.38983902165e-09, 5.67237645743e-10, 1.34438141175e-10, 4.24276065669e-11, 1.82385495595e-11, 1.30008091966e-12, 1.11810602145e-14], [8.94901305837e-11, 2.74572986569e-09, 3.7692071686e-09, 5.91574877973e-09, 3.80663180977e-08, 4.25329638176e-08, 1.93125107018e-08, 1.21169874134e-08, 1.52457442226e-08, 6.59900045719e-09, 7.88257548123e-09, 5.02854025086e-09, 7.48945883089e-09, 1.68914471299e-09, 4.13128065091e-09, 1.64535034486e-08, 3.00619511506e-08, 7.0372139227e-09, 2.10152784064e-08, 4.5412267724e-08, 4.16460146369e-08, 1.72614420535e-08, 4.04913480523e-09, 1.26924326604e-09, 5.52909107387e-10, 3.95419287591e-11, 3.26845511376e-13], [1.22655052781e-10, 3.7692071686e-09, 5.17435116976e-09, 8.12103362335e-09, 5.22573593287e-08, 5.8389471036e-08, 2.65120672083e-08, 1.66342619679e-08, 2.09293187226e-08, 9.05899000259e-09, 1.0821024965e-08, 6.902803662e-09, 1.02807780067e-08, 2.3176462971e-09, 5.67001690044e-09, 2.25846701341e-08, 4.12647942483e-08, 9.65566027133e-09, 2.88407484561e-08, 6.23114715381e-08, 5.71422873463e-08, 2.36916779528e-08, 5.55639445565e-09, 1.74147374299e-09, 7.58826113056e-10, 5.42718404939e-11, 4.48247450442e-13], [1.92596480431e-10, 5.91574877973e-09, 8.12103362335e-09, 1.27458257282e-08, 8.20167613824e-08, 9.16408708918e-08, 4.16101499923e-08, 2.61070560725e-08, 3.28481029044e-08, 1.42179095164e-08, 1.6983406681e-08, 1.08339470728e-08, 1.61357611717e-08, 3.63803986936e-09, 8.8995681935e-09, 3.54473002062e-08, 6.47660414188e-08, 1.51565568984e-08, 4.52688837527e-08, 9.78104779392e-08, 8.96970675512e-08, 3.71857495907e-08, 8.72167937871e-09, 2.73364264558e-09, 1.19105625362e-09, 8.51837073101e-11, 7.0372559776e-13], [1.23863752588e-09, 3.80663180977e-08, 5.22573593287e-08, 8.20167613824e-08, 5.2776300663e-07, 5.89693513575e-07, 2.67753392791e-07, 1.67994613776e-07, 2.11371656178e-07, 9.14893192316e-08, 1.09284542305e-07, 6.97131312677e-08, 1.03828021736e-07, 2.3405835492e-08, 5.72620564299e-08, 2.28087458254e-07, 4.16742921061e-07, 9.75117515623e-08, 2.91264996122e-07, 6.29285977993e-07, 5.77082005293e-07, 2.39266711333e-07, 5.6114586755e-08, 1.7587211687e-08, 7.6635151558e-09, 5.48102563336e-10, 4.52668631745e-12], [1.38360511936e-09, 4.25329638176e-08, 5.8389471036e-08, 9.16408708918e-08, 5.89693513575e-07, 6.58891451621e-07, 2.99172796758e-07, 1.87708053545e-07, 2.36175026203e-07, 1.02225037324e-07, 1.22108360756e-07, 7.78930555612e-08, 1.16010589579e-07, 2.61502108856e-08, 6.39791366552e-08, 2.54847748238e-07, 4.6563820888e-07, 1.08945549471e-07, 3.2542777717e-07, 7.0307231681e-07, 6.44744147849e-07, 2.67334570481e-07, 6.2695058034e-08, 1.9649171179e-08, 8.56239346092e-09, 6.12398076694e-10, 5.05700602921e-12], [6.28523844082e-10, 1.93125107018e-08, 2.65120672083e-08, 4.16101499923e-08, 2.67753392791e-07, 2.99172796758e-07, 1.35841119686e-07, 8.52297148413e-08, 1.07236502345e-07, 4.64159271019e-08, 5.54441363931e-08, 3.53682700904e-08, 5.26762491404e-08, 1.18753922251e-08, 2.90520478785e-08, 1.15718805205e-07, 2.11431554931e-07, 4.94744867297e-08, 1.47775097048e-07, 3.19278257166e-07, 2.92792577739e-07, 1.2139166472e-07, 2.84703336462e-08, 8.92320173307e-09, 3.88810450502e-09, 2.78079198557e-10, 2.29686538886e-12], [3.94157345651e-10, 1.21169874134e-08, 1.66342619679e-08, 2.61070560725e-08, 1.67994613776e-07, 1.87708053545e-07, 8.52297148413e-08, 5.34751833925e-08, 6.72826487857e-08, 2.91224360183e-08, 3.47869111295e-08, 2.21906262254e-08, 3.30497620382e-08, 7.44982298073e-09, 1.82268227178e-08, 7.26024182995e-08, 1.32653340756e-07, 3.10372030299e-08, 9.27098682268e-08, 2.00293968078e-07, 1.83676903021e-07, 7.61595018162e-08, 1.78607688639e-08, 5.59770674258e-09, 2.4392854403e-09, 1.74462236324e-10, 1.44062962514e-12], [4.96067575906e-10, 1.52457442226e-08, 2.09293187226e-08, 3.28481029044e-08, 2.11371656178e-07, 2.36175026203e-07, 1.07236502345e-07, 6.72826487857e-08, 8.46554328859e-08, 3.66422021614e-08, 4.37693721267e-08, 2.79207750253e-08, 4.15841689971e-08, 9.37440436388e-09, 2.29344383484e-08, 9.13511897238e-08, 1.66908620258e-07, 3.90556209595e-08, 1.16655989757e-07, 2.52033885317e-07, 2.31124531069e-07, 9.58279997576e-08, 2.24741434351e-08, 7.04373137594e-09, 3.06926772886e-09, 2.19517209965e-10, 1.81287970746e-12], [2.14765843998e-10, 6.59900045719e-09, 9.05899000259e-09, 1.42179095164e-08, 9.14893192316e-08, 1.02225037324e-07, 4.64159271019e-08, 2.91224360183e-08, 3.66422021614e-08, 1.58607598166e-08, 1.8945865321e-08, 1.20859544595e-08, 1.80005503836e-08, 4.05856193098e-09, 9.92881776796e-09, 3.95432806499e-08, 7.22480137938e-08, 1.69099880765e-08, 5.05023649566e-08, 1.0910481052e-07, 1.00051281038e-07, 4.14808027926e-08, 9.72843672287e-09, 3.04908120974e-09, 1.32855648705e-09, 9.50187775683e-11, 7.84821860278e-13], [2.56576843105e-10, 7.88257548123e-09, 1.0821024965e-08, 1.6983406681e-08, 1.09284542305e-07, 1.22108360756e-07, 5.54441363931e-08, 3.47869111295e-08, 4.37693721267e-08, 1.8945865321e-08, 2.26310596929e-08, 1.44368899058e-08, 2.15020303784e-08, 4.84827777925e-09, 1.18604646104e-08, 4.72354564351e-08, 8.63017959318e-08, 2.02004475369e-08, 6.0327820961e-08, 1.30332992399e-07, 1.19517963526e-07, 4.9550159531e-08, 1.16211316126e-08, 3.64233243566e-09, 1.58701007891e-09, 1.1350285295e-10, 9.37549083507e-13], [1.63974236966e-10, 5.02854025086e-09, 6.902803662e-09, 1.08339470728e-08, 6.97131312677e-08, 7.78930555612e-08, 3.53682700904e-08, 2.21906262254e-08, 2.79207750253e-08, 1.20859544595e-08, 1.44368899058e-08, 9.21007536903e-09, 1.37176252579e-08, 3.09473890958e-09, 7.5683193046e-09, 3.01363343169e-08, 5.50593561854e-08, 1.28944890321e-08, 3.84986797997e-08, 8.31883824048e-08, 7.62870868698e-08, 3.1616028906e-08, 7.4166890407e-09, 2.32492092245e-09, 1.0126823824e-09, 7.24214715975e-11, 5.9876821383e-13], [2.44428560725e-10, 7.48945883089e-09, 1.02807780067e-08, 1.61357611717e-08, 1.03828021736e-07, 1.16010589579e-07, 5.26762491404e-08, 3.30497620382e-08, 4.15841689971e-08, 1.80005503836e-08, 2.15020303784e-08, 1.37176252579e-08, 2.04314627439e-08, 4.61058036194e-09, 1.12736957547e-08, 4.48871126935e-08, 8.20081780262e-08, 1.92105336083e-08, 5.73491405476e-08, 1.23931371832e-07, 1.13651211109e-07, 4.70931027508e-08, 1.10485842697e-08, 3.46366824111e-09, 1.50847345726e-09, 1.07873883437e-10, 8.92216476481e-13], [5.63365777639e-11, 1.68914471299e-09, 2.3176462971e-09, 3.63803986936e-09, 2.3405835492e-08, 2.61502108856e-08, 1.18753922251e-08, 7.44982298073e-09, 9.37440436388e-09, 4.05856193098e-09, 4.84827777925e-09, 3.09473890958e-09, 4.61058036194e-09, 1.0470606604e-09, 2.55037502228e-09, 1.01359098892e-08, 1.85136794784e-08, 4.36260716441e-09, 1.29854438313e-08, 2.81296816951e-08, 2.58048089563e-08, 1.06464925764e-08, 2.50482479203e-09, 7.86726461754e-10, 3.41352196509e-10, 2.43884253071e-11, 2.03932153824e-13], [1.35910782628e-10, 4.13128065091e-09, 5.67001690044e-09, 8.8995681935e-09, 5.72620564299e-08, 6.39791366552e-08, 2.90520478785e-08, 1.82268227178e-08, 2.29344383484e-08, 9.92881776796e-09, 1.18604646104e-08, 7.5683193046e-09, 1.12736957547e-08, 2.55037502228e-09, 6.22728446587e-09, 2.47735911785e-08, 4.52551383034e-08, 1.06277262546e-08, 3.16874917416e-08, 6.85292960156e-08, 6.2849899507e-08, 2.6001314879e-08, 6.10633321685e-09, 1.91560456386e-09, 8.33114965904e-10, 5.95575602724e-11, 4.9456397094e-13], [5.38281641482e-10, 1.64535034486e-08, 2.25846701341e-08, 3.54473002062e-08, 2.28087458254e-07, 2.54847748238e-07, 1.15718805205e-07, 7.26024182995e-08, 9.13511897238e-08, 3.95432806499e-08, 4.72354564351e-08, 3.01363343169e-08, 4.48871126935e-08, 1.01359098892e-08, 2.47735911785e-08, 9.86225856536e-08, 1.80179370091e-07, 4.22310222348e-08, 1.26036695747e-07, 2.72447039151e-07, 2.49859311907e-07, 1.0348376378e-07, 2.42862245869e-08, 7.61519913794e-09, 3.31516369911e-09, 2.37049935237e-10, 1.96301915695e-12], [9.82875336675e-10, 3.00619511506e-08, 4.12647942483e-08, 6.47660414188e-08, 4.16742921061e-07, 4.6563820888e-07, 2.11431554931e-07, 1.32653340756e-07, 1.66908620258e-07, 7.22480137938e-08, 8.63017959318e-08, 5.50593561854e-08, 8.20081780262e-08, 1.85136794784e-08, 4.52551383034e-08, 1.80179370091e-07, 3.29187400894e-07, 7.7133307741e-08, 2.30234434184e-07, 4.9767334076e-07, 4.56415079952e-07, 1.8905670629e-07, 4.43659011751e-08, 1.39106850483e-08, 6.05649574936e-09, 4.33079794249e-10, 3.58520309794e-12], [2.34529895504e-10, 7.0372139227e-09, 9.65566027133e-09, 1.51565568984e-08, 9.75117515623e-08, 1.08945549471e-07, 4.94744867297e-08, 3.10372030299e-08, 3.90556209595e-08, 1.69099880765e-08, 2.02004475369e-08, 1.28944890321e-08, 1.92105336083e-08, 4.36260716441e-09, 1.06277262546e-08, 4.22310222348e-08, 7.7133307741e-08, 1.81801524946e-08, 5.41077724847e-08, 1.17182374026e-07, 1.07490748746e-07, 4.43544792006e-08, 1.04340003304e-08, 3.27690252711e-09, 1.4219669886e-09, 1.01597508184e-10, 8.49177878622e-13], [6.93757884473e-10, 2.10152784064e-08, 2.88407484561e-08, 4.52688837527e-08, 2.91264996122e-07, 3.2542777717e-07, 1.47775097048e-07, 9.27098682268e-08, 1.16655989757e-07, 5.05023649566e-08, 6.0327820961e-08, 3.84986797997e-08, 5.73491405476e-08, 1.29854438313e-08, 3.16874917416e-08, 1.26036695747e-07, 2.30234434184e-07, 5.41077724847e-08, 1.61268218335e-07, 3.48929177107e-07, 3.20036065204e-07, 1.323103902e-07, 3.10871683951e-08, 9.75526681657e-09, 4.24017976286e-09, 3.03077452024e-10, 2.52119657616e-12], [1.51336976284e-09, 4.5412267724e-08, 6.23114715381e-08, 9.78104779392e-08, 6.29285977993e-07, 7.0307231681e-07, 3.19278257166e-07, 2.00293968078e-07, 2.52033885317e-07, 1.0910481052e-07, 1.30332992399e-07, 8.31883824048e-08, 1.23931371832e-07, 2.81296816951e-08, 6.85292960156e-08, 2.72447039151e-07, 4.9767334076e-07, 1.17182374026e-07, 3.48929177107e-07, 7.559388564e-07, 6.93497213433e-07, 2.86174696384e-07, 6.73248123917e-08, 2.11444373122e-08, 9.17591247429e-09, 6.55612619749e-10, 5.48034491052e-12], [1.38983902165e-09, 4.16460146369e-08, 5.71422873463e-08, 8.96970675512e-08, 5.77082005293e-07, 6.44744147849e-07, 2.92792577739e-07, 1.83676903021e-07, 2.31124531069e-07, 1.00051281038e-07, 1.19517963526e-07, 7.62870868698e-08, 1.13651211109e-07, 2.58048089563e-08, 6.2849899507e-08, 2.49859311907e-07, 4.56415079952e-07, 1.07490748746e-07, 3.20036065204e-07, 6.93497213433e-07, 6.36239974483e-07, 2.62474031842e-07, 6.17614048792e-08, 1.93996534392e-08, 8.4167401937e-09, 6.01334759764e-10, 5.03045652009e-12], [5.67237645743e-10, 1.72614420535e-08, 2.36916779528e-08, 3.71857495907e-08, 2.39266711333e-07, 2.67334570481e-07, 1.2139166472e-07, 7.61595018162e-08, 9.58279997576e-08, 4.14808027926e-08, 4.9550159531e-08, 3.1616028906e-08, 4.70931027508e-08, 1.06464925764e-08, 2.6001314879e-08, 1.0348376378e-07, 1.8905670629e-07, 4.43544792006e-08, 1.323103902e-07, 2.86174696384e-07, 2.62474031842e-07, 1.08613306793e-07, 2.55052317044e-08, 8.00055932615e-09, 3.48030670949e-09, 2.48812276338e-10, 2.06509765885e-12], [1.34438141175e-10, 4.04913480523e-09, 5.55639445565e-09, 8.72167937871e-09, 5.6114586755e-08, 6.2695058034e-08, 2.84703336462e-08, 1.78607688639e-08, 2.24741434351e-08, 9.72843672287e-09, 1.16211316126e-08, 7.4166890407e-09, 1.10485842697e-08, 2.50482479203e-09, 6.10633321685e-09, 2.42862245869e-08, 4.43659011751e-08, 1.04340003304e-08, 3.10871683951e-08, 6.73248123917e-08, 6.17614048792e-08, 2.55052317044e-08, 5.99747806973e-09, 1.8830046411e-09, 8.17687029198e-10, 5.84324533204e-11, 4.87539912955e-13], [4.24276065669e-11, 1.26924326604e-09, 1.74147374299e-09, 2.73364264558e-09, 1.7587211687e-08, 1.9649171179e-08, 8.92320173307e-09, 5.59770674258e-09, 7.04373137594e-09, 3.04908120974e-09, 3.64233243566e-09, 2.32492092245e-09, 3.46366824111e-09, 7.86726461754e-10, 1.91560456386e-09, 7.61519913794e-09, 1.39106850483e-08, 3.27690252711e-09, 9.75526681657e-09, 2.11444373122e-08, 1.93996534392e-08, 8.00055932615e-09, 1.8830046411e-09, 5.91551307938e-10, 2.56580728886e-10, 1.83301828577e-11, 1.53472734196e-13], [1.82385495595e-11, 5.52909107387e-10, 7.58826113056e-10, 1.19105625362e-09, 7.6635151558e-09, 8.56239346092e-09, 3.88810450502e-09, 2.4392854403e-09, 3.06926772886e-09, 1.32855648705e-09, 1.58701007891e-09, 1.0126823824e-09, 1.50847345726e-09, 3.41352196509e-10, 8.33114965904e-10, 3.31516369911e-09, 6.05649574936e-09, 1.4219669886e-09, 4.24017976286e-09, 9.17591247429e-09, 8.4167401937e-09, 3.48030670949e-09, 8.17687029198e-10, 2.56580728886e-10, 1.11543559111e-10, 7.9731629285e-12, 6.63074738345e-14], [1.30008091966e-12, 3.95419287591e-11, 5.42718404939e-11, 8.51837073101e-11, 5.48102563336e-10, 6.12398076694e-10, 2.78079198557e-10, 1.74462236324e-10, 2.19517209965e-10, 9.50187775683e-11, 1.1350285295e-10, 7.24214715975e-11, 1.07873883437e-10, 2.43884253071e-11, 5.95575602724e-11, 2.37049935237e-10, 4.33079794249e-10, 1.01597508184e-10, 3.03077452024e-10, 6.55612619749e-10, 6.01334759764e-10, 2.48812276338e-10, 5.84324533204e-11, 1.83301828577e-11, 7.9731629285e-12, 5.70003029152e-13, 4.73354071123e-15], [1.11810602145e-14, 3.26845511376e-13, 4.48247450442e-13, 7.0372559776e-13, 4.52668631745e-12, 5.05700602921e-12, 2.29686538886e-12, 1.44062962514e-12, 1.81287970746e-12, 7.84821860278e-13, 9.37549083507e-13, 5.9876821383e-13, 8.92216476481e-13, 2.03932153824e-13, 4.9456397094e-13, 1.96301915695e-12, 3.58520309794e-12, 8.49177878622e-13, 2.52119657616e-12, 5.48034491052e-12, 5.03045652009e-12, 2.06509765885e-12, 4.87539912955e-13, 1.53472734196e-13, 6.63074738345e-14, 4.73354071123e-15, 4.11671677389e-17]]
    },
    "mfcc": {
        "kurt": [10.5980272293, 13.3073940277, 1.12212705612, 0.750126123428, 2.60782718658, 3.17287254333, 6.77075099945, 0.89470076561, 5.14350986481, 0.900712966919, 2.55387401581, 2.24559688568, 5.08480644226],
        "max": [-525.071594238, 80.5945510864, -6.103515625e-05, 54.1550941467, 10.4043426514, 11.2825431824, 12.6367073059, 6.43546676636, 5.03987503052, 1.12715148926, -2.67028808594e-05, 10.5860748291, 9.51009368896],
        "mean": [-1087.27734375, 3.37602901459, -13.7836151123, 9.49568843842, -2.72155547142, -1.55790388584, 0.1471760571, -2.60924315453, -0.329379618168, -2.54095959663, -3.07238531113, 1.21487176418, 0.142133757472],
        "median": [-1138.42004395, 1.14440917969e-05, -6.103515625e-05, 8.01086425781e-05, -6.103515625e-05, 2.28881835938e-05, -2.67028808594e-05, -5.34057617188e-05, -4.57763671875e-05, -2.28881835938e-05, -2.67028808594e-05, -3.0517578125e-05, -3.81469726562e-05],
        "min": [-1138.42004395, -13.3588142395, -85.8385620117, 8.01086425781e-05, -29.6159057617, -20.0569610596, -16.0608539581, -17.6596069336, -9.47483825684, -15.2767562866, -21.5810909271, -5.34161758423, -8.38139724731],
        "skew": [3.18201851845, 3.68885874748, -1.56436109543, 1.44085288048, -1.80126523972, -1.01287400723, -0.736486792564, -1.45350444317, -1.40761494637, -1.60547590256, -1.70132529736, 1.41885840893, 0.138531416655],
        "var": [13931.4892578, 277.717468262, 567.868469238, 238.565948486, 73.2017593384, 29.8475456238, 17.5660839081, 33.3733711243, 5.63042020798, 22.38240242, 24.9353351593, 8.47539234161, 6.94270563126],
        "cov": [[14248.1132812, 1228.35461426, -1620.43432617, 1556.63000488, -835.768127441, 62.4552345276, -185.884338379, -344.253051758, -17.7761154175, -315.241271973, -407.402618408, 95.390335083, -0.261289209127], [1228.35461426, 284.02923584, -22.1287746429, 92.5606689453, -99.7752914429, -15.8114042282, -23.3344097137, -31.935962677, 5.56171607971, -43.6782875061, -52.8195075989, -1.32238852978, 10.1841697693], [-1620.43432617, -22.1287746429, 580.774536133, -321.945037842, 116.566604614, 15.7347784042, -18.0085430145, 81.4536819458, 11.6742830276, 70.4334716797, 75.8009109497, -25.4172840118, 14.1275539398], [1556.63000488, 92.5606689453, -321.945037842, 243.98789978, -95.4169616699, -10.5350608826, -11.0933914185, -69.4420166016, -9.97142124176, -54.9660758972, -65.9210510254, 19.2815876007, -5.16547727585], [-835.768127441, -99.7752914429, 116.566604614, -95.4169616699, 74.8654327393, -0.184594154358, 11.9080114365, 25.9389514923, 0.883517861366, 22.7441501617, 26.3177986145, 3.26494693756, 4.52268409729], [62.4552345276, -15.8114042282, 15.7347784042, -10.5350608826, -0.184594154358, 30.5258979797, 3.95047926903, 11.5270433426, 5.3159403801, 15.6448087692, 11.0173158646, -0.481745421886, 2.63603997231], [-185.884338379, -23.3344097137, -18.0085430145, -11.0933914185, 11.9080114365, 3.95047926903, 17.9653129578, 4.61289787292, 1.26712214947, 3.31891560555, 2.07850551605, 5.10359764099, 3.67013335228], [-344.253051758, -31.935962677, 81.4536819458, -69.4420166016, 25.9389514923, 11.5270433426, 4.61289787292, 34.131855011, 6.63293933868, 23.2786560059, 23.888463974, -5.82297801971, 2.47005820274], [-17.7761154175, 5.56171607971, 11.6742830276, -9.97142124176, 0.883517861366, 5.3159403801, 1.26712214947, 6.63293933868, 5.75838422775, 3.50292444229, 2.68094158173, -0.834504187107, 1.69030606747], [-315.241271973, -43.6782875061, 70.4334716797, -54.9660758972, 22.7441501617, 15.6448087692, 3.31891560555, 23.2786560059, 3.50292444229, 22.8910923004, 21.1953010559, -5.03407478333, 1.6138304472], [-407.402618408, -52.8195075989, 75.8009109497, -65.9210510254, 26.3177986145, 11.0173158646, 2.07850551605, 23.888463974, 2.68094158173, 21.1953010559, 25.5020465851, -7.03098773956, -2.20326018333], [95.390335083, -1.32238852978, -25.4172840118, 19.2815876007, 3.26494693756, -0.481745421886, 5.10359764099, -5.82297801971, -0.834504187107, -5.03407478333, -7.03098773956, 8.66801452637, 3.4866271019], [-0.261289209127, 10.1841697693, 14.1275539398, -5.16547727585, 4.52268409729, 2.63603997231, 3.67013335228, 2.47005820274, 1.69030606747, 1.6138304472, -2.20326018333, 3.4866271019, 7.10049438477]]
    },
    "sccoeffs": {
        "kurt": [0.835290908813, -0.692849159241, 0.484836578369, 2.50516843796, 4.29015207291, -0.716475725174],
        "max": [-0.693331778049, -0.818996727467, -0.83446586132, -0.794168949127, -0.77891010046, -0.689592123032],
        "mean": [-0.84793639183, -0.890886962414, -0.910131156445, -0.901712715626, -0.901484191418, -0.842874467373],
        "median": [-0.859062254429, -0.895362854004, -0.905483365059, -0.910151124001, -0.908296048641, -0.843835413456],
        "min": [-0.972016453743, -0.951978743076, -0.962206482887, -0.965733289719, -0.959640443325, -0.958074390888],
        "skew": [0.353200227022, 0.301431983709, 0.264784902334, 1.16062092781, 1.76144123077, 0.334280312061],
        "var": [0.00250093219802, 0.00117357110139, 0.000629778311122, 0.000880855077412, 0.000997344381176, 0.00355969788507],
        "cov": [[0.00255777151324, -0.000102686804894, 0.000537498504855, 0.000735207868274, 0.000630312773865, 0.00162284832913], [-0.000102686804894, 0.00120024313219, -4.35821821156e-05, 4.17428891524e-05, 6.25769389444e-05, -0.000283427274553], [0.000537498504855, -4.35821821156e-05, 0.000644091458526, 0.000593079661485, 0.000488188845338, 0.00113990309183], [0.000735207868274, 4.17428891524e-05, 0.000593079661485, 0.000900874496438, 0.000781198905315, 0.00153332646005], [0.000630312773865, 6.25769389444e-05, 0.000488188845338, 0.000781198905315, 0.00102001137566, 0.00161556492094], [0.00162284832913, -0.000283427274553, 0.00113990309183, 0.00153332646005, 0.00161556492094, 0.00364060024731]]
    },
    "scvalleys": {
        "kurt": [12.2076702118, 9.15270900726, 7.41913700104, 5.64786148071, 6.61919593811, 6.86981296539],
        "max": [-4.93950986862, -4.08135223389, -4.93347215652, -5.70693016052, -5.24858570099, -7.17215585709],
        "mean": [-12.9334688187, -12.6197500229, -12.7845611572, -12.7847003937, -12.3510894775, -14.6275672913],
        "median": [-13.3552236557, -12.5570163727, -12.7226686478, -12.2887277603, -12.1636896133, -15.0797271729],
        "min": [-26.9562206268, -27.4176025391, -26.9196853638, -26.9553947449, -27.1115570068, -27.2398529053],
        "skew": [-1.85867452621, -1.63470244408, -1.43004286289, -1.34141802788, -1.48957359791, -1.0703240633],
        "var": [8.05432319641, 10.0298395157, 9.88831424713, 10.8271484375, 11.0481882095, 8.32530879974],
        "cov": [[8.23737621307, 8.79934978485, 8.61160087585, 8.64571666718, 8.81018352509, 8.05520343781], [8.79934978485, 10.2577905655, 10.0127182007, 10.2917690277, 10.439661026, 9.1631603241], [8.61160087585, 10.0127182007, 10.1130485535, 10.4591207504, 10.5473518372, 9.13281059265], [8.64571666718, 10.2917690277, 10.4591207504, 11.073220253, 11.1416959763, 9.4438123703], [8.81018352509, 10.439661026, 10.5473518372, 11.1416959763, 11.2992830276, 9.59979820251], [8.05520343781, 9.1631603241, 9.13281059265, 9.4438123703, 9.59979820251, 8.51452064514]]
    }
},
"rhythm": {
    "beats_loudness": {
        "kurt": -1.99999988079,
        "max": 0.00159387185704,
        "mean": 0.000796979118604,
        "median": 0.000796979118604,
        "min": 8.63929230377e-08,
        "skew": 0,
        "var": 6.35038020391e-07
    },
    "bpm": 143.5546875,
    "confidence": 0,
    "first_peak_bpm": {
        "kurt": 0,
        "max": 144,
        "mean": 144,
        "median": 144,
        "min": 144,
        "skew": 0,
        "var": 0
    },
    "first_peak_spread": {
        "kurt": 0,
        "max": 0,
        "mean": 0,
        "median": 0,
        "min": 0,
        "skew": 0,
        "var": 0
    },
    "first_peak_weight": {
        "kurt": 0,
        "max": 1,
        "mean": 1,
        "median": 1,
        "min": 1,
        "skew": 0,
        "var": 0
    },
    "onset_rate": 0.986820042133,
    "second_peak_bpm": {
        "kurt": 0,
        "max": 0,
        "mean": 0,
        "median": 0,
        "min": 0,
        "skew": 0,
        "var": 0
    },
    "second_peak_spread": {
        "kurt": 0,
        "max": 0,
        "mean": 0,
        "median": 0,
        "min": 0,
        "skew": 0,
        "var": 0
    },
    "second_peak_weight": {
        "kurt": 0,
        "max": 0,
        "mean": 0,
        "median": 0,
        "min": 0,
        "skew": 0,
        "var": 0
    },
    "beats_loudness_band_ratio": {
        "kurt": [-1.99999988079, -2, -2, -2, -2, -1.99999988079],
        "max": [0.00684894854203, 0.0126830022782, 0.0235967263579, 0.114203572273, 0.369011491537, 0.791989684105],
        "mean": [0.00664251111448, 0.0107266586274, 0.0162486694753, 0.0703229382634, 0.269350171089, 0.639005839825],
        "median": [0.00664251111448, 0.0107266586274, 0.0162486694753, 0.0703229382634, 0.269350171089, 0.639005839825],
        "min": [0.00643607322127, 0.00877031404525, 0.00890061445534, 0.0264423061162, 0.169688850641, 0.486022025347],
        "skew": [-3.40135989063e-06, -7.11730706371e-07, 3.93999357584e-07, 0, 0, 2.92628158149e-07],
        "var": [4.26165058798e-08, 3.82728239856e-06, 5.39939283044e-05, 0.00192551000509, 0.00993237923831, 0.0234040506184],
        "cov": [[8.52330117596e-08, -8.07726223684e-07, -3.03383103528e-06, -1.81172308658e-05, -4.11477012676e-05, 6.31632501609e-05], [-8.07726223684e-07, 7.65456479712e-06, 2.87506518362e-05, 0.000171691237483, 0.000389943656046, -0.000598578015342], [-3.03383103528e-06, 2.87506518362e-05, 0.000107987856609, 0.000644874759018, 0.00146463396959, -0.00224826764315], [-1.81172308658e-05, 0.000171691237483, 0.000644874759018, 0.00385102001019, 0.00874640420079, -0.0134260542691], [-4.11477012676e-05, 0.000389943656046, 0.00146463396959, 0.00874640420079, 0.0198647584766, -0.0304931402206], [6.31632501609e-05, -0.000598578015342, -0.00224826764315, -0.0134260542691, -0.0304931402206, 0.0468081012368]]
    },
    "beats_position": [0.441179126501, 0.859138309956],
    "bpm_estimates": [143.5546875],
    "bpm_intervals": [0.417959183455],
    "onset_times": [0.46439909935],
    "histogram": [[0, 0, 0, 0, 0, 0, 0, 0, 0, 0, 0, 0, 0, 0, 0, 0, 0, 0, 0, 0, 0, 0, 0, 0, 0, 0, 0, 0, 0, 0, 0, 0, 0, 0, 0, 0, 0, 0, 0, 0, 0, 0, 0, 0, 0, 0, 0, 0, 0, 0, 0, 0, 0, 0, 0, 0, 0, 0, 0, 0, 0, 0, 0, 0, 0, 0, 0, 0, 0, 0, 0, 0, 0, 0, 0, 0, 0, 0, 0, 0, 0, 0, 0, 0, 0, 0, 0, 0, 0, 0, 0, 0, 0, 0, 0, 0, 0, 0, 0, 0, 0, 0, 0, 0, 0, 0, 0, 0, 0, 0, 0, 0, 0, 0, 0, 0, 0, 0, 0, 0, 0, 0, 0, 0, 0, 0, 0, 0, 0, 0, 0, 0, 0, 0, 0, 0, 0, 0, 0, 0, 0, 0, 0, 0, 1, 0, 0, 0, 0, 0, 0, 0, 0, 0, 0, 0, 0, 0, 0, 0, 0, 0, 0, 0, 0, 0, 0, 0, 0, 0, 0, 0, 0, 0, 0, 0, 0, 0, 0, 0, 0, 0, 0, 0, 0, 0, 0, 0, 0, 0, 0, 0, 0, 0, 0, 0, 0, 0, 0, 0, 0, 0, 0, 0, 0, 0, 0, 0, 0, 0, 0, 0, 0, 0, 0, 0, 0, 0, 0, 0, 0, 0, 0, 0, 0, 0, 0, 0, 0, 0, 0, 0, 0, 0, 0, 0, 0, 0, 0, 0, 0, 0, 0, 0, 0, 0, 0, 0, 0, 0]]
},
"sfx": {
    "inharmonicity": {
        "kurt": 7.71727275848,
        "max": 0.310786485672,
        "mean": 0.0254896953702,
        "median": 0,
        "min": 0,
        "skew": 2.95882678032,
        "var": 0.00480248034
    },
    "oddtoevenharmonicenergyratio": {
        "kurt": 15.561170578,
        "max": 4.36700868607,
        "mean": 0.265297055244,
        "median": 0,
        "min": 0,
        "skew": 3.85597157478,
        "var": 0.612564265728
    },
    "pitch_after_max_to_before_max_energy_ratio": 1.38089036942,
    "pitch_centroid": 22.7347660065,
    "pitch_max_to_total": 0.444444447756,
    "pitch_min_to_total": 0.0888888910413,
    "tristimulus": {
        "kurt": [0.927990674973, 11.2484064102, 3.15676593781],
        "max": [1, 0.828073918819, 0.878751337528],
        "mean": [0.837979793549, 0.0576279833913, 0.10439222306],
        "median": [1, 0, 0],
        "min": [0, 0, 0],
        "skew": [-1.65196239948, 3.37970662117, 2.1832151413],
        "var": [0.109885290265, 0.0260667633265, 0.0639475211501],
        "cov": [[0.112382680178, -0.0368205197155, -0.0755622088909], [-0.0368205197155, 0.0266591906548, 0.0101613216102], [-0.0755622088909, 0.0101613216102, 0.0654008686543]]
    }
},
"tonal": {
    "chords_changes_rate": 0.0434782616794,
    "chords_number_rate": 0.0869565233588,
    "chords_strength": {
        "kurt": 18.0458831787,
        "max": 0.358808338642,
        "mean": 0.357925981283,
        "median": 0.358808279037,
        "min": 0.338513225317,
        "skew": -4.47728538513,
        "var": 1.71296087501e-05
    },
    "key_strength": 0.333948522806,
    "tuning_diatonic_strength": 0.324393481016,
    "tuning_equal_tempered_deviation": 0.285569429398,
    "tuning_frequency": 454.727905273,
    "tuning_nontempered_energy_ratio": 0.915456235409,
    "hpcp": {
        "kurt": [0.839689493179, -1.43589401245, -1.40042304993, -1.50879955292, -1.42212259769, -1.60252344608, -1.77498281002, -1.81747972965, -1.7928353548, -1.6876206398, -1.70820236206, -1.54103374481, -1.58553612232, -1.42933607101, -1.5255895853, -1.21912205219, -0.7833507061, -0.712470531464, -0.389129400253, -0.205702781677, 0.679820537567, -0.647941589355, -0.422110557556, -0.788539886475, -1.45345151424, -1.17456781864, -0.810950756073, -1.33133602142, -1.63852202892, -0.996479034424, -0.218203783035, 0.380840301514, -0.630956888199, -0.693887472153, 0.227802753448, 0.491554260254],
        "max": [0.911333739758, 0.742270827293, 0.750641107559, 0.789469182491, 0.911897480488, 0.858289837837, 0.952664673328, 1, 1, 1, 1, 1, 0.886882007122, 1, 1, 0.956828832626, 1, 0.749347805977, 0.565563380718, 0.600410401821, 0.749834060669, 0.564705371857, 0.578142404556, 0.612042486668, 0.588640928268, 0.613070726395, 0.697259366512, 0.584979951382, 0.559153258801, 0.710881173611, 0.817734658718, 0.864994347095, 0.793996751308, 0.872247695923, 1, 0.795476615429],
        "mean": [0.211833164096, 0.246258318424, 0.263631641865, 0.289249807596, 0.323761224747, 0.354180574417, 0.425613224506, 0.48100066185, 0.461972564459, 0.441254645586, 0.410133808851, 0.368988603354, 0.358200997114, 0.378050237894, 0.365564882755, 0.320544838905, 0.291097909212, 0.227349638939, 0.158688083291, 0.163801789284, 0.17295897007, 0.157263532281, 0.147579461336, 0.167383521795, 0.196365103126, 0.201965346932, 0.196617916226, 0.198956370354, 0.203383401036, 0.209636300802, 0.207348391414, 0.204276576638, 0.222701773047, 0.253315865993, 0.256368637085, 0.210344672203],
        "median": [0.1623506248, 0.280863523483, 0.200165241957, 0.261893063784, 0.288815706968, 0.464949429035, 0.639041244984, 0.703143119812, 0.589715361595, 0.54513657093, 0.447348386049, 0.405378252268, 0.385307759047, 0.425761789083, 0.368596792221, 0.339339494705, 0.247869133949, 0.196606084704, 0.150085613132, 0.0514437966049, 0.0884703695774, 0.0958298966289, 0.0209855716676, 0, 0.0475683286786, 0.104429118335, 0.157829388976, 0.137762591243, 0.214363694191, 0.0477711968124, 0.0719483345747, 0.0997673720121, 0.15675675869, 0.285502791405, 0.230099141598, 0.185494735837],
        "min": [0, 0, 0, 0, 0, 0, 0, 0, 0, 0, 0, 0, 0, 0, 0, 0, 0, 0, 0, 0, 0, 0, 0, 0, 0, 0, 0, 0, 0, 0, 0, 0, 0, 0, 0, 0],
