{
"metadata": {
    "version": {
        "essentia": "2.1-beta3"
    }
},
"lowLevel": {
    "average_loudness": 0.0712967962027,
    "barkbands_kurtosis": {
        "kurt": 12.2154426575,
        "max": 63.2882080078,
        "mean": 3.78737092018,
        "median": -0.0880532264709,
        "min": -1.79470396042,
        "skew": 3.42930412292,
        "var": 111.605583191
    },
    "barkbands_skewness": {
        "kurt": 2.69903659821,
        "max": 7.23048734665,
        "mean": 1.09095335007,
        "median": 0.797352671623,
        "min": -2.73881697655,
        "skew": 1.1412525177,
        "var": 2.73283362389
    },
    "barkbands_spread": {
        "kurt": -1.29204058647,
        "max": 53.4213943481,
        "mean": 19.6533222198,
        "median": 15.3998413086,
        "min": 1.7900506258,
        "skew": 0.38662353158,
        "var": 196.083908081
    },
    "dissonance": {
        "kurt": 14.4656009674,
        "max": 0.499594569206,
        "mean": 0.463158786297,
        "median": 0.476744711399,
        "min": 0.159782886505,
        "skew": -3.13408827782,
        "var": 0.00184936216101
    },
    "hfc": {
        "kurt": 28.7120666504,
        "max": 227.12890625,
        "mean": 7.91040754318,
        "median": 0.0123206069693,
        "min": 1.156999228e-16,
        "skew": 5.17046880722,
        "var": 948.616333008
    },
    "pitch": {
        "kurt": 6.87652301788,
        "max": 4254.92041016,
        "mean": 580.064086914,
        "median": 239.790359497,
        "min": 74.7390899658,
        "skew": 2.891279459,
        "var": 989866.25
    },
    "pitch_instantaneous_confidence": {
        "kurt": 0.663358211517,
        "max": 0.768964529037,
        "mean": 0.342057198286,
        "median": 0.306982159615,
        "min": 0.111635923386,
        "skew": 1.0307251215,
        "var": 0.0199982989579
    },
    "pitch_salience": {
        "kurt": 1.33292293549,
        "max": 0.865479052067,
        "mean": 0.64403617382,
        "median": 0.655407905579,
        "min": 0.236590757966,
        "skew": -0.938673198223,
        "var": 0.0107847778127
    },
    "silence_rate_20dB": {
        "kurt": 0,
        "max": 1,
        "mean": 1,
        "median": 1,
        "min": 1,
        "skew": 0,
        "var": 0
    },
    "silence_rate_30dB": {
        "kurt": 0,
        "max": 1,
        "mean": 1,
        "median": 1,
        "min": 1,
        "skew": 0,
        "var": 0
    },
    "silence_rate_60dB": {
        "kurt": 2.71248865128,
        "max": 1,
        "mean": 0.867724895477,
        "median": 1,
        "min": 0,
        "skew": -2.17084336281,
        "var": 0.114777944982
    },
    "spectral_centroid": {
        "kurt": 19.3453540802,
        "max": 11456.7890625,
        "mean": 1280.55090332,
        "median": 708.665527344,
        "min": 214.070587158,
        "skew": 4.34635925293,
        "var": 3668541.25
    },
    "spectral_complexity": {
        "kurt": 6.09674167633,
        "max": 63,
        "mean": 6.33862447739,
        "median": 0,
        "min": 0,
        "skew": 2.72248101234,
        "var": 205.420379639
    },
    "spectral_crest": {
        "kurt": 0.511384010315,
        "max": 22.4586105347,
        "mean": 9.90706729889,
        "median": 9.49161815643,
        "min": 3.24456763268,
        "skew": 0.894037008286,
        "var": 16.1667823792
    },
    "spectral_decrease": {
        "kurt": 16.5840587616,
        "max": 7.91200729548e-29,
        "mean": -9.45740707969e-10,
        "median": -4.483240168e-12,
        "min": -1.94131697384e-08,
        "skew": -4.00660800934,
        "var": 8.49847677443e-18
    },
    "spectral_energy": {
        "kurt": 18.1017475128,
        "max": 0.0932852551341,
        "mean": 0.00428694160655,
        "median": 1.77595447894e-05,
        "min": 1.04008890507e-20,
        "skew": 4.16616153717,
        "var": 0.000186485311133
    },
    "spectral_energyband_high": {
        "kurt": 54.7501754761,
        "max": 0.0327110253274,
        "mean": 0.000666797161102,
        "median": 6.06799801517e-08,
        "min": 7.40385536386e-21,
        "skew": 7.02306270599,
        "var": 1.11155377454e-05
    },
    "spectral_energyband_low": {
        "kurt": 20.2191963196,
        "max": 0.00134949048515,
        "mean": 6.90318047418e-05,
        "median": 2.79888809018e-07,
        "min": 2.06544232262e-23,
        "skew": 4.31608963013,
        "var": 3.85262381997e-08
    },
    "spectral_energyband_middle_high": {
        "kurt": 21.6743545532,
        "max": 0.0419689938426,
        "mean": 0.00165647477843,
        "median": 1.83881866178e-06,
        "min": 1.16638433945e-21,
        "skew": 4.46801376343,
        "var": 3.11280709866e-05
    },
    "spectral_energyband_middle_low": {
        "kurt": 15.6223201752,
        "max": 0.0376971140504,
        "mean": 0.00196669204161,
        "median": 1.47854998431e-05,
        "min": 1.73325577222e-22,
        "skew": 3.9238011837,
        "var": 3.35121076205e-05
    },
    "spectral_flatness_db": {
        "kurt": -1.38600802422,
        "max": 0.393480598927,
        "mean": 0.208956629038,
        "median": 0.186359331012,
        "min": 0.0377036258578,
        "skew": 0.188686981797,
        "var": 0.00854514818639
    },
    "spectral_flux": {
        "kurt": 8.77227783203,
        "max": 0.244029834867,
        "mean": 0.0217981599271,
        "median": 0.00352714909241,
        "min": 6.6620153838e-11,
        "skew": 2.90554213524,
        "var": 0.00168474437669
    },
    "spectral_kurtosis": {
        "kurt": 1.87399053574,
        "max": 109.97341156,
        "mean": 19.243478775,
        "median": 5.4187335968,
        "min": -1.21422469616,
        "skew": 1.60681414604,
        "var": 585.249816895
    },
    "spectral_rms": {
        "kurt": 7.6674823761,
        "max": 0.00953991618007,
        "mean": 0.000967185012996,
        "median": 0.000131629727548,
        "min": 3.18546838213e-12,
        "skew": 2.80229330063,
        "var": 3.24693564835e-06
    },
    "spectral_rolloff": {
        "kurt": 18.5055503845,
        "max": 19616.7480469,
        "mean": 2292.7722168,
        "median": 1119.7265625,
        "min": 172.265625,
        "skew": 4.16742706299,
        "var": 10451428
    },
    "spectral_skewness": {
        "kurt": 0.400064945221,
        "max": 8.36899757385,
        "mean": 2.78134036064,
        "median": 2.01829338074,
        "min": -0.0556955337524,
        "skew": 1.04113292694,
        "var": 3.0813024044
    },
    "spectral_spread": {
        "kurt": 19.3626842499,
        "max": 41032424,
        "mean": 5270088,
        "median": 4774539,
        "min": 702698.4375,
        "skew": 4.29535245895,
        "var": 4.59005503734e+13
    },
    "spectral_strongpeak": {
        "kurt": 8.77930164337,
        "max": 1.00283956528,
        "mean": 0.101369567215,
        "median": 0.026168404147,
        "min": 0,
        "skew": 2.8567044735,
        "var": 0.0311183054
    },
    "zerocrossingrate": {
        "kurt": 14.892539978,
        "max": 0.51171875,
        "mean": 0.0732318535447,
        "median": 0.046875,
        "min": 0.0166015625,
        "skew": 3.80699157715,
        "var": 0.00821048766375
    },
    "barkbands": {
        "kurt": [165.91734314, 39.5339622498, 17.4475822449, 44.3378448486, 33.1473007202, 41.5131607056, 34.5791549683, 47.9957923889, 9.22691917419, 16.4990749359, 13.5653953552, 20.1336593628, 36.3843536377, 38.4544219971, 54.151676178, 51.6668930054, 32.3235664368, 26.4787158966, 41.2796669006, 42.6287117004, 56.8839683533, 38.3229942322, 45.0151443481, 84.6297225952, 69.1048049927, 17.422700882, 25.5879268646],
        "max": [3.69568965652e-07, 5.70254997001e-05, 0.000415977003286, 0.00528132775798, 0.0304264947772, 0.0179073289037, 0.00353335705586, 0.00173821859062, 0.000951904687099, 0.002256288426, 0.0012625141535, 0.00184196385089, 0.00192101800349, 0.00221133138984, 0.00331949885003, 0.00708558503538, 0.0043250923045, 0.00786478538066, 0.0143240038306, 0.0190975628793, 0.0150670967996, 0.00274566281587, 0.000726202095393, 0.000291208300041, 0.000175376495463, 5.46781029698e-06, 1.67970508613e-08],
        "mean": [3.52107076829e-09, 1.55432621796e-06, 2.05577980523e-05, 0.000165937235579, 0.00102661119308, 0.000490527483635, 0.000105658320535, 5.86751411902e-05, 8.33290396258e-05, 0.000134570422233, 8.82405365701e-05, 8.46629118314e-05, 5.7050918258e-05, 6.92214453011e-05, 8.06308016763e-05, 0.000164940225659, 0.000134485817398, 0.000277481187368, 0.000376605748897, 0.00047441208153, 0.000298322469462, 6.9014437031e-05, 1.66206700669e-05, 4.44335319116e-06, 3.14108683597e-06, 2.46021500061e-07, 5.60769541913e-10],
        "median": [1.73631161532e-11, 1.80499277747e-08, 7.84023796996e-08, 3.08212975142e-07, 5.55619590159e-06, 5.05703519593e-06, 1.27491239255e-06, 3.43670137681e-07, 3.61269911764e-07, 7.48816887608e-07, 1.38301572861e-07, 6.66179431619e-08, 3.53031239797e-08, 2.30062671136e-08, 3.91826340262e-08, 3.72418327288e-08, 3.98133259694e-08, 3.04411571506e-08, 5.96013904897e-08, 3.96926935764e-08, 2.17491198384e-08, 6.29734264734e-09, 1.26175148107e-09, 6.01029948033e-10, 3.49528433974e-10, 6.17089018773e-11, 1.2936849942e-12],
        "min": [8.62225068014e-25, 3.07804315266e-24, 1.05696800424e-24, 7.07054530514e-24, 1.15693441058e-23, 1.55412776963e-23, 2.99088029408e-23, 1.12993580387e-23, 2.41707296904e-23, 3.09143513149e-23, 3.1385291809e-23, 5.09582435321e-23, 4.68054904004e-23, 3.02767182007e-23, 8.59715886857e-23, 8.88279025622e-23, 9.25657527231e-23, 1.25885577596e-22, 1.74240479167e-22, 1.70743616546e-22, 4.05511916223e-22, 3.44604155058e-22, 4.2881484212e-22, 8.22293108063e-22, 1.07766235251e-21, 1.59381921772e-21, 2.2450079663e-21],
        "skew": [12.6858797073, 5.90400600433, 4.01729631424, 6.12006855011, 5.49595737457, 5.9083981514, 5.399497509, 6.4113111496, 2.80795240402, 3.80134677887, 3.40266299248, 4.29652357101, 5.66956663132, 5.51143312454, 6.74128484726, 6.76808595657, 5.33039188385, 5.04396438599, 5.85064458847, 6.24777126312, 7.06999635696, 6.07230234146, 6.5660982132, 8.61109256744, 7.7233710289, 4.23842144012, 4.92190122604],
        "var": [7.50110090534e-16, 4.04303292234e-11, 3.47876616402e-09, 3.23333040342e-07, 1.35993395816e-05, 3.6260048546e-06, 1.54256568408e-07, 3.63456997832e-08, 2.47406930498e-08, 9.99664919732e-08, 3.7624360516e-08, 6.58595595837e-08, 4.74499373126e-08, 5.56453016998e-08, 1.08470239013e-07, 5.48111984244e-07, 2.61265540757e-07, 1.28747103645e-06, 2.32278762269e-06, 4.75291381008e-06, 2.23195820581e-06, 1.11350026089e-07, 7.7302386714e-09, 6.60890508986e-10, 2.66978383845e-10, 8.53437112647e-13, 4.97922320984e-18],
        "cov": [[7.54100039232e-16, 1.23018389637e-13, 2.6211940062e-13, 2.43445281295e-12, 5.82668982507e-11, 8.7782706451e-12, 4.13955284981e-12, 1.22366591686e-12, 1.21304973445e-12, 2.26716822399e-12, 2.76400213481e-12, 3.49201288545e-12, 4.3153783498e-12, 4.97839876962e-12, 7.28531644734e-12, 1.57851006571e-11, 5.53264161915e-12, 1.94655333519e-11, 2.13218592088e-11, 3.70772267055e-11, 2.0795670741e-11, 6.23917107215e-12, 1.6033145948e-12, 6.20547992332e-13, 3.81451624844e-13, 1.31596673459e-14, 3.38745647877e-17], [1.23018389637e-13, 4.06453828927e-11, 2.39487180087e-10, 1.74429493072e-09, 1.43559635291e-08, 4.41296776899e-09, 1.24278420888e-09, 4.96917007542e-10, 5.38980415854e-10, 1.43714418144e-09, 7.68804742091e-10, 1.01109465245e-09, 1.05339692524e-09, 1.2618088796e-09, 1.45943179763e-09, 3.1178559734e-09, 1.55098178745e-09, 4.4935113408e-09, 6.69049038393e-09, 8.02911692688e-09, 3.96186372598e-09, 1.13849796257e-09, 2.72686623282e-10, 1.02084632414e-10, 6.35565766682e-11, 3.49782225753e-12, 7.22093131139e-15], [2.6211940062e-13, 2.39487180087e-10, 3.49727025117e-09, 2.55225689472e-08, 1.39590000003e-07, 5.04880297569e-08, 1.24532792967e-08, 6.77632083779e-09, 7.02089630877e-09, 1.48584584636e-08, 7.63224683453e-09, 1.05663229277e-08, 6.21621731867e-09, 8.57301163393e-09, 7.79520092919e-09, 1.79499597408e-08, 1.660875526e-08, 3.33751302151e-08, 4.97075802741e-08, 4.89785385582e-08, 3.0001370277e-08, 7.18799597621e-09, 1.58134161321e-09, 3.61337765264e-10, 2.58391724683e-10, 3.18601325877e-11, 6.51811707364e-14], [2.43445281295e-12, 1.74429493072e-09, 2.55225689472e-08, 3.25052894823e-07, 1.12377369987e-06, 5.17225430485e-07, 1.30726178327e-07, 8.1253851647e-08, 5.86738586605e-08, 1.189854828e-07, 6.37097485878e-08, 1.05532180328e-07, 5.20780787383e-08, 6.29977634503e-08, 7.02343854186e-08, 1.48777246523e-07, 1.17528699661e-07, 2.35986092889e-07, 3.37499159286e-07, 4.2679357648e-07, 2.46568532702e-07, 5.27656496274e-08, 9.85474724047e-09, 2.92518476108e-09, 2.23733587212e-09, 3.27609328554e-10, 6.40561551284e-13], [5.82668982507e-11, 1.43559635291e-08, 1.39590000003e-07, 1.12377369987e-06, 1.36716762427e-05, 2.95713243759e-06, 1.0093583569e-06, 3.6501577938e-07, 3.35183671041e-07, 6.16444651769e-07, 4.58541677517e-07, 6.33980278053e-07, 6.26850237495e-07, 7.5684698686e-07, 9.45587316892e-07, 2.22062635657e-06, 1.5520058696e-06, 3.366019655e-06, 3.58471811523e-06, 5.82910206504e-06, 3.92149013351e-06, 9.61667637966e-07, 2.27777391615e-07, 6.72565576565e-08, 4.13920950848e-08, 2.57116394842e-09, 6.39706300085e-12], [8.7782706451e-12, 4.41296776899e-09, 5.04880297569e-08, 5.17225430485e-07, 2.95713243759e-06, 3.64529228136e-06, 5.30612339844e-07, 2.60610221403e-07, 1.40788117164e-07, 2.86471276922e-07, 2.19393413659e-07, 3.0449444921e-07, 2.39158481463e-07, 2.24878462518e-07, 2.97724056963e-07, 4.79351569993e-07, 5.32508465767e-07, 1.12553061626e-06, 1.48107994846e-06, 1.57729357397e-06, 1.00467866559e-06, 2.3363313062e-07, 5.91038897824e-08, 1.24232562015e-08, 8.51153725279e-09, 9.11218989152e-10, 1.85618057383e-12], [4.13955284981e-12, 1.24278420888e-09, 1.24532792967e-08, 1.30726178327e-07, 1.0093583569e-06, 5.30612339844e-07, 1.55077074737e-07, 4.91878111575e-08, 3.59305900588e-08, 7.84683749089e-08, 4.98966556961e-08, 7.24662214679e-08, 6.89785721875e-08, 6.84480028212e-08, 9.28504988451e-08, 1.5780801732e-07, 1.33971283844e-07, 2.99974175277e-07, 3.52681155391e-07, 4.28753054393e-07, 2.92189838547e-07, 6.41936495072e-08, 1.43069405212e-08, 4.305243273e-09, 2.93025204101e-09, 2.62255328565e-10, 5.4999006651e-13], [1.22366591686e-12, 4.96917007542e-10, 6.77632083779e-09, 8.1253851647e-08, 3.6501577938e-07, 2.60610221403e-07, 4.91878111575e-08, 3.65390278034e-08, 1.97869134411e-08, 3.37235981362e-08, 2.47103901785e-08, 3.24423830023e-08, 2.41154545222e-08, 2.31836345677e-08, 3.13890708981e-08, 5.9552696996e-08, 4.65829153029e-08, 1.02221633824e-07, 1.29463884946e-07, 1.62997892517e-07, 9.74873017867e-08, 2.43273063916e-08, 5.40412203875e-09, 1.51781454072e-09, 1.09146458538e-09, 1.21081408788e-10, 2.45542220454e-13], [1.21304973445e-12, 5.38980415854e-10, 7.02089630877e-09, 5.86738586605e-08, 3.35183671041e-07, 1.40788117164e-07, 3.59305900588e-08, 1.97869134411e-08, 2.48722926699e-08, 4.21561061614e-08, 2.36161756817e-08, 2.43876261408e-08, 1.82407955407e-08, 2.31187460287e-08, 2.6812918108e-08, 5.57955850411e-08, 4.55957156476e-08, 1.03381360361e-07, 1.32105085981e-07, 1.46114857102e-07, 9.45558298326e-08, 2.29379573113e-08, 5.57254775657e-09, 1.41923961472e-09, 9.7643304553e-10, 9.36031668841e-11, 1.94953035377e-13], [2.26716822399e-12, 1.43714418144e-09, 1.48584584636e-08, 1.189854828e-07, 6.16444651769e-07, 2.86471276922e-07, 7.84683749089e-08, 3.37235981362e-08, 4.21561061614e-08, 1.00498226629e-07, 4.2040927184e-08, 4.88430913492e-08, 4.16441707785e-08, 4.92036207334e-08, 5.06175261705e-08, 9.68262696688e-08, 7.72741159949e-08, 1.98208411462e-07, 3.32050774432e-07, 2.8305666433e-07, 1.55105993827e-07, 3.51805340415e-08, 7.55898277305e-09, 2.16731765867e-09, 1.55258572665e-09, 1.8698700921e-10, 3.32482088736e-13], [2.76400213481e-12, 7.68804742091e-10, 7.63224683453e-09, 6.37097485878e-08, 4.58541677517e-07, 2.19393413659e-07, 4.98966556961e-08, 2.47103901785e-08, 2.36161756817e-08, 4.2040927184e-08, 3.7824491983e-08, 3.8125289592e-08, 2.99955154048e-08, 3.51792088793e-08, 4.63748968116e-08, 9.76294600719e-08, 6.94670561074e-08, 1.50960701717e-07, 1.89160715536e-07, 2.73299662013e-07, 1.68759257235e-07, 4.3985121323e-08, 1.14175300325e-08, 3.02461544699e-09, 1.94119520458e-09, 1.36452044108e-10, 3.16392636916e-13], [3.49201288545e-12, 1.01109465245e-09, 1.05663229277e-08, 1.05532180328e-07, 6.33980278053e-07, 3.0449444921e-07, 7.24662214679e-08, 3.24423830023e-08, 2.43876261408e-08, 4.88430913492e-08, 3.8125289592e-08, 6.62098784687e-08, 4.02119191278e-08, 4.67577798702e-08, 5.90027084968e-08, 1.18957125039e-07, 7.81159101848e-08, 1.62023169992e-07, 2.06344552112e-07, 3.38329328997e-07, 2.02011719352e-07, 4.75865675753e-08, 1.10502362816e-08, 3.48057094257e-09, 2.2368016328e-09, 1.64578045636e-10, 3.63918042836e-13], [4.3153783498e-12, 1.05339692524e-09, 6.21621731867e-09, 5.20780787383e-08, 6.26850237495e-07, 2.39158481463e-07, 6.89785721875e-08, 2.41154545222e-08, 1.82407955407e-08, 4.16441707785e-08, 2.99955154048e-08, 4.02119191278e-08, 4.77023291978e-08, 4.83555737674e-08, 6.19779356725e-08, 1.26933983324e-07, 7.21772153156e-08, 1.89581669474e-07, 2.58625959759e-07, 3.46864368339e-07, 1.96122144303e-07, 5.17467455552e-08, 1.24834125259e-08, 4.04069577797e-09, 2.58678034548e-09, 1.67533431572e-10, 3.49211355362e-13], [4.97839876962e-12, 1.2618088796e-09, 8.57301163393e-09, 6.29977634503e-08, 7.5684698686e-07, 2.24878462518e-07, 6.84480028212e-08, 2.31836345677e-08, 2.31187460287e-08, 4.92036207334e-08, 3.51792088793e-08, 4.67577798702e-08, 4.83555737674e-08, 5.59412889345e-08, 7.09034537749e-08, 1.526804283e-07, 9.1492516674e-08, 2.23613241701e-07, 2.76181083336e-07, 4.03957443496e-07, 2.44277856609e-07, 6.25167189128e-08, 1.52691903565e-08, 4.8779824624e-09, 3.04530489714e-09, 1.75125636215e-10, 3.98845805558e-13], [7.28531644734e-12, 1.45943179763e-09, 7.79520092919e-09, 7.02343854186e-08, 9.45587316892e-07, 2.97724056963e-07, 9.28504988451e-08, 3.13890708981e-08, 2.6812918108e-08, 5.06175261705e-08, 4.63748968116e-08, 5.90027084968e-08, 6.19779356725e-08, 7.09034537749e-08, 1.0904720682e-07, 2.29647042715e-07, 1.35191896788e-07, 3.2511385939e-07, 3.49585661752e-07, 6.23083792561e-07, 4.14317753439e-07, 9.55216279408e-08, 2.32236523345e-08, 7.69813457424e-09, 4.72842165422e-09, 2.40740816171e-10, 6.22974707844e-13], [1.57851006571e-11, 3.1178559734e-09, 1.79499597408e-08, 1.48777246523e-07, 2.22062635657e-06, 4.79351569993e-07, 1.5780801732e-07, 5.9552696996e-08, 5.57955850411e-08, 9.68262696688e-08, 9.76294600719e-08, 1.18957125039e-07, 1.26933983324e-07, 1.526804283e-07, 2.29647042715e-07, 5.51027483198e-07, 3.0632202197e-07, 7.03213629549e-07, 7.7367525364e-07, 1.52045117829e-06, 1.00769989331e-06, 2.35343634358e-07, 5.81790793319e-08, 1.81290378265e-08, 1.10932303343e-08, 5.56977242105e-10, 1.4982779557e-12], [5.53264161915e-12, 1.55098178745e-09, 1.660875526e-08, 1.17528699661e-07, 1.5520058696e-06, 5.32508465767e-07, 1.33971283844e-07, 4.65829153029e-08, 4.55957156476e-08, 7.72741159949e-08, 6.94670561074e-08, 7.81159101848e-08, 7.21772153156e-08, 9.1492516674e-08, 1.35191896788e-07, 3.0632202197e-07, 2.62655248662e-07, 4.98699421314e-07, 4.97952669321e-07, 9.15940347568e-07, 6.71829639032e-07, 1.45904095916e-07, 3.61093981383e-08, 9.19966858248e-09, 5.55200996288e-09, 3.48666762129e-10, 9.71922520764e-13], [1.94655333519e-11, 4.4935113408e-09, 3.33751302151e-08, 2.35986092889e-07, 3.366019655e-06, 1.12553061626e-06, 2.99974175277e-07, 1.02221633824e-07, 1.03381360361e-07, 1.98208411462e-07, 1.50960701717e-07, 1.62023169992e-07, 1.89581669474e-07, 2.23613241701e-07, 3.2511385939e-07, 7.03213629549e-07, 4.98699421314e-07, 1.29431930418e-06, 1.46228251197e-06, 2.00109934667e-06, 1.39314090575e-06, 3.14076515906e-07, 7.68053780575e-08, 2.25896421568e-08, 1.3940750776e-08, 8.04375621666e-10, 2.06430792599e-12], [2.13218592088e-11, 6.69049038393e-09, 4.97075802741e-08, 3.37499159286e-07, 3.58471811523e-06, 1.48107994846e-06, 3.52681155391e-07, 1.29463884946e-07, 1.32105085981e-07, 3.32050774432e-07, 1.89160715536e-07, 2.06344552112e-07, 2.58625959759e-07, 2.76181083336e-07, 3.49585661752e-07, 7.7367525364e-07, 4.97952669321e-07, 1.46228251197e-06, 2.33514288084e-06, 2.49487561632e-06, 1.49848563069e-06, 3.50600146248e-07, 8.54283115359e-08, 2.37346551302e-08, 1.56327875089e-08, 1.14838982768e-09, 2.48181119752e-12], [3.70772267055e-11, 8.02911692688e-09, 4.89785385582e-08, 4.2679357648e-07, 5.82910206504e-06, 1.57729357397e-06, 4.28753054393e-07, 1.62997892517e-07, 1.46114857102e-07, 2.8305666433e-07, 2.73299662013e-07, 3.38329328997e-07, 3.46864368339e-07, 4.03957443496e-07, 6.23083792561e-07, 1.52045117829e-06, 9.15940347568e-07, 2.00109934667e-06, 2.49487561632e-06, 4.77819548905e-06, 3.10730456476e-06, 6.93946219599e-07, 1.7192151347e-07, 4.91054734653e-08, 2.98648856756e-08, 1.70239045083e-09, 4.5042225158e-12], [2.0795670741e-11, 3.96186372598e-09, 3.0001370277e-08, 2.46568532702e-07, 3.92149013351e-06, 1.00467866559e-06, 2.92189838547e-07, 9.74873017867e-08, 9.45558298326e-08, 1.55105993827e-07, 1.68759257235e-07, 2.02011719352e-07, 1.96122144303e-07, 2.44277856609e-07, 4.14317753439e-07, 1.00769989331e-06, 6.71829639032e-07, 1.39314090575e-06, 1.49848563069e-06, 3.10730456476e-06, 2.2438302949e-06, 4.61808696173e-07, 1.12755998316e-07, 3.16764747765e-08, 1.90490201391e-08, 1.0478282686e-09, 3.05952160308e-12], [6.23917107215e-12, 1.13849796257e-09, 7.18799597621e-09, 5.27656496274e-08, 9.61667637966e-07, 2.3363313062e-07, 6.41936495072e-08, 2.43273063916e-08, 2.29379573113e-08, 3.51805340415e-08, 4.3985121323e-08, 4.75865675753e-08, 5.17467455552e-08, 6.25167189128e-08, 9.55216279408e-08, 2.35343634358e-07, 1.45904095916e-07, 3.14076515906e-07, 3.50600146248e-07, 6.93946219599e-07, 4.61808696173e-07, 1.11942313197e-07, 2.89257435782e-08, 8.02286770352e-09, 4.97152186085e-09, 2.48945530856e-10, 6.92836901132e-13], [1.6033145948e-12, 2.72686623282e-10, 1.58134161321e-09, 9.85474724047e-09, 2.27777391615e-07, 5.91038897824e-08, 1.43069405212e-08, 5.40412203875e-09, 5.57254775657e-09, 7.55898277305e-09, 1.14175300325e-08, 1.10502362816e-08, 1.24834125259e-08, 1.52691903565e-08, 2.32236523345e-08, 5.81790793319e-08, 3.61093981383e-08, 7.68053780575e-08, 8.54283115359e-08, 1.7192151347e-07, 1.12755998316e-07, 2.89257435782e-08, 7.77135689134e-09, 2.0623993624e-09, 1.29239496882e-09, 6.06166852823e-11, 1.71379593459e-13], [6.20547992332e-13, 1.02084632414e-10, 3.61337765264e-10, 2.92518476108e-09, 6.72565576565e-08, 1.24232562015e-08, 4.305243273e-09, 1.51781454072e-09, 1.41923961472e-09, 2.16731765867e-09, 3.02461544699e-09, 3.48057094257e-09, 4.04069577797e-09, 4.8779824624e-09, 7.69813457424e-09, 1.81290378265e-08, 9.19966858248e-09, 2.25896421568e-08, 2.37346551302e-08, 4.91054734653e-08, 3.16764747765e-08, 8.02286770352e-09, 2.0623993624e-09, 6.64405919171e-10, 4.11978395842e-10, 1.6554662155e-11, 4.7418029247e-14], [3.81451624844e-13, 6.35565766682e-11, 2.58391724683e-10, 2.23733587212e-09, 4.13920950848e-08, 8.51153725279e-09, 2.93025204101e-09, 1.09146458538e-09, 9.7643304553e-10, 1.55258572665e-09, 1.94119520458e-09, 2.2368016328e-09, 2.58678034548e-09, 3.04530489714e-09, 4.72842165422e-09, 1.10932303343e-08, 5.55200996288e-09, 1.3940750776e-08, 1.56327875089e-08, 2.98648856756e-08, 1.90490201391e-08, 4.97152186085e-09, 1.29239496882e-09, 4.11978395842e-10, 2.68398497871e-10, 1.102531174e-11, 3.05709674426e-14], [1.31596673459e-14, 3.49782225753e-12, 3.18601325877e-11, 3.27609328554e-10, 2.57116394842e-09, 9.11218989152e-10, 2.62255328565e-10, 1.21081408788e-10, 9.36031668841e-11, 1.8698700921e-10, 1.36452044108e-10, 1.64578045636e-10, 1.67533431572e-10, 1.75125636215e-10, 2.40740816171e-10, 5.56977242105e-10, 3.48666762129e-10, 8.04375621666e-10, 1.14838982768e-09, 1.70239045083e-09, 1.0478282686e-09, 2.48945530856e-10, 6.06166852823e-11, 1.6554662155e-11, 1.102531174e-11, 8.57976667143e-13, 1.91045443693e-15], [3.38745647877e-17, 7.22093131139e-15, 6.51811707364e-14, 6.40561551284e-13, 6.39706300085e-12, 1.85618057383e-12, 5.4999006651e-13, 2.45542220454e-13, 1.94953035377e-13, 3.32482088736e-13, 3.16392636916e-13, 3.63918042836e-13, 3.49211355362e-13, 3.98845805558e-13, 6.22974707844e-13, 1.4982779557e-12, 9.71922520764e-13, 2.06430792599e-12, 2.48181119752e-12, 4.5042225158e-12, 3.05952160308e-12, 6.92836901132e-13, 1.71379593459e-13, 4.7418029247e-14, 3.05709674426e-14, 1.91045443693e-15, 5.00570829228e-18]]
    },
    "mfcc": {
        "kurt": [0.227319955826, -1.49330031872, -0.451707601547, -0.264360904694, -0.967029094696, -0.969322919846, -0.16885972023, -0.245484352112, -0.470196008682, -1.08898496628, -1.22117114067, -1.2968518734, -0.134521722794],
        "max": [-502.601165771, 214.575073242, 50.2683448792, 68.5733337402, 22.4672546387, 19.1416320801, 27.7148208618, 12.9555454254, 6.48128890991, 1.79051208496, -2.67028808594e-05, 3.02428436279, 7.40082550049],
        "mean": [-974.828613281, 93.5804290771, -2.44377493858, -0.503817021847, -9.91716957092, -14.3270149231, -7.58715486526, -8.34759140015, -11.4420223236, -13.4147176743, -16.509771347, -15.8643226624, -9.75436687469],
        "median": [-1033.0567627, 76.5786132812, 7.06716918945, 3.28004837036, -4.54983520508, -13.9817276001, -5.67498970032, -4.66064453125, -11.0498657227, -13.3009719849, -15.5039196014, -16.3044586182, -9.00638198853],
        "min": [-1138.42004395, -13.5512676239, -96.1072998047, -54.3677139282, -47.9639129639, -48.397808075, -38.4030532837, -40.0556793213, -38.8439559937, -37.5748214722, -40.0015296936, -38.3736534119, -32.5328483582],
        "skew": [1.06760776043, 0.249530896544, -0.796684920788, 0.144029468298, -0.564215779305, -0.248052597046, -0.242447808385, -0.813114523888, -0.524599850178, -0.120716631413, -0.174233689904, -0.143004015088, -0.5477668643],
        "var": [29410.7324219, 6025.86230469, 1315.00415039, 781.078796387, 279.057159424, 229.540039062, 142.264007568, 137.271499634, 91.9123153687, 90.9485244751, 132.713668823, 132.350814819, 72.4899902344],
        "cov": [[29567.1738281, 7575.81445312, -4508.29931641, 772.683654785, -1263.1809082, -1031.20800781, -323.93560791, -572.321105957, -663.40826416, -960.665710449, -1156.65771484, -1207.68969727, -636.611694336], [7575.81445312, 6057.91503906, -894.46484375, -1335.30603027, -453.497161865, -794.156921387, -283.892272949, -20.4025783539, -298.404724121, -459.63369751, -763.113525391, -790.055114746, -473.091125488], [-4508.29931641, -894.46484375, 1321.9987793, -177.627868652, -83.5424118042, 109.532455444, -86.1038360596, -20.6248111725, 46.7190971375, 43.7484016418, 83.4930801392, 127.982803345, 118.355354309], [772.683654785, -1335.30603027, -177.627868652, 785.233459473, 1.32806515694, 118.332611084, 88.8967132568, -101.14932251, -3.01963996887, 38.9959487915, 131.133544922, 146.090286255, 99.8913955688], [-1263.1809082, -453.497161865, -83.5424118042, 1.32806515694, 280.541503906, 117.289749146, 61.5607872009, 83.8628845215, 40.8059463501, 71.7645721436, 97.2493896484, 77.9950256348, 5.92076206207], [-1031.20800781, -794.156921387, 109.532455444, 118.332611084, 117.289749146, 230.760986328, 94.6895446777, 39.6924743652, 73.6101455688, 71.4677200317, 105.550643921, 102.744438171, 51.6085472107], [-323.93560791, -283.892272949, -86.1038360596, 88.8967132568, 61.5607872009, 94.6895446777, 143.020721436, 75.816986084, 67.8234024048, 69.4777450562, 40.6260604858, 27.7367534637, 2.13382291794], [-572.321105957, -20.4025783539, -20.6248111725, -101.14932251, 83.8628845215, 39.6924743652, 75.816986084, 138.001663208, 84.3195877075, 54.4648551941, 31.3742256165, -3.59679031372, -28.2116413116], [-663.40826416, -298.404724121, 46.7190971375, -3.01963996887, 40.8059463501, 73.6101455688, 67.8234024048, 84.3195877075, 92.4012145996, 68.9284515381, 51.047504425, 34.0565948486, 8.8575668335], [-960.665710449, -459.63369751, 43.7484016418, 38.9959487915, 71.7645721436, 71.4677200317, 69.4777450562, 54.4648551941, 68.9284515381, 91.4322967529, 79.2668075562, 65.3601608276, 31.4673156738], [-1156.65771484, -763.113525391, 83.4930801392, 131.133544922, 97.2493896484, 105.550643921, 40.6260604858, 31.3742256165, 51.047504425, 79.2668075562, 133.41960144, 115.766860962, 60.2194976807], [-1207.68969727, -790.055114746, 127.982803345, 146.090286255, 77.9950256348, 102.744438171, 27.7367534637, -3.59679031372, 34.0565948486, 65.3601608276, 115.766860962, 133.054794312, 81.4286346436], [-636.611694336, -473.091125488, 118.355354309, 99.8913955688, 5.92076206207, 51.6085472107, 2.13382291794, -28.2116413116, 8.8575668335, 31.4673156738, 60.2194976807, 81.4286346436, 72.875579834]]
    },
    "sccoeffs": {
        "kurt": [-1.06478083134, -0.269538402557, -0.99126291275, 0.744644880295, -0.267746448517, 1.80887746811],
        "max": [-0.264608860016, -0.576235711575, -0.739066004753, -0.727080285549, -0.679958820343, -0.666856229305],
        "mean": [-0.611903488636, -0.816398501396, -0.854164302349, -0.862505793571, -0.851908683777, -0.8417121768],
        "median": [-0.626892328262, -0.816731929779, -0.862519621849, -0.872939765453, -0.882494270802, -0.854749619961],
        "min": [-0.969262003899, -0.969851613045, -0.980012834072, -0.972607076168, -0.963701486588, -0.963154315948],
        "skew": [0.000605613458902, 0.426739275455, 0.185181438923, 0.570818960667, 0.893634021282, 1.21265232563],
        "var": [0.0296226534992, 0.00658591464162, 0.00340204895474, 0.00172686786391, 0.00413703732193, 0.00308486539871],
        "cov": [[0.0297802202404, 0.0101789943874, 0.00783672649413, 0.00553101766855, 0.00783897563815, 0.00603601522744], [0.0101789943874, 0.0066209458746, 0.00295493961312, 0.00204492523335, 0.00249559641816, 0.00286340434104], [0.00783672649413, 0.00295493961312, 0.00342014501803, 0.00143722398207, 0.00192224071361, 0.0016276598908], [0.00553101766855, 0.00204492523335, 0.00143722398207, 0.00173605326563, 0.00168046343606, 0.00169269752223], [0.00783897563815, 0.00249559641816, 0.00192224071361, 0.00168046343606, 0.00415904261172, 0.00232683005743], [0.00603601522744, 0.00286340434104, 0.0016276598908, 0.00169269752223, 0.00232683005743, 0.00310127437115]]
    },
    "scvalleys": {
        "kurt": [12.6489467621, 8.66996574402, 8.43811988831, 9.18930244446, 9.87875556946, 9.69527816772],
        "max": [-6.33870267868, -4.55941009521, -5.03609752655, -4.8474984169, -4.68760108948, -6.79368543625],
        "mean": [-10.9081420898, -9.45993232727, -9.58331298828, -10.5112466812, -11.161901474, -13.5697393417],
        "median": [-10.2012481689, -8.90992355347, -9.59184074402, -10.6981973648, -10.9589185715, -13.427189827],
        "min": [-27.745803833, -27.5577831268, -27.4456272125, -27.8546886444, -27.4835796356, -27.3162288666],
        "skew": [-3.1893029213, -2.55977797508, -2.46005058289, -2.49988126755, -2.43308758736, -2.21854901314],
        "var": [12.0115394592, 16.745174408, 16.7807350159, 15.0796670914, 13.3647489548, 9.81379032135],
        "cov": [[12.0754299164, 13.7946710587, 13.831328392, 13.1305780411, 12.2366189957, 10.1905050278], [13.7946710587, 16.8342456818, 16.6863994598, 15.6202459335, 14.1389455795, 11.5485334396], [13.831328392, 16.6863994598, 16.8699951172, 15.7756347656, 14.099401474, 11.3667936325], [13.1305780411, 15.6202459335, 15.7756347656, 15.1598787308, 13.8246326447, 11.2200069427], [12.2366189957, 14.1389455795, 14.099401474, 13.8246326447, 13.4358377457, 11.2554101944], [10.1905050278, 11.5485334396, 11.3667936325, 11.2200069427, 11.2554101944, 9.86599159241]]
    }
},
"rhythm": {
    "beats_loudness": {
        "kurt": 7.03967189789,
        "max": 0.0520414970815,
        "mean": 0.00482704350725,
        "median": 0.000113050722575,
        "min": 5.48906200493e-08,
        "skew": 3.00116539001,
        "var": 0.000203183910344
    },
    "bpm": 184.570343018,
    "confidence": 0,
    "first_peak_bpm": {
        "kurt": 0,
        "max": 185,
        "mean": 185,
        "median": 185,
        "min": 185,
        "skew": 0,
        "var": 0
    },
    "first_peak_spread": {
        "kurt": 0,
        "max": 0,
        "mean": 0,
        "median": 0,
        "min": 0,
        "skew": 0,
        "var": 0
    },
    "first_peak_weight": {
        "kurt": 0,
        "max": 0.363636374474,
        "mean": 0.363636374474,
        "median": 0.363636374474,
        "min": 0.363636374474,
        "skew": 0,
        "var": 0
    },
    "onset_rate": 0.690443396568,
    "second_peak_bpm": {
        "kurt": 0,
        "max": 178,
        "mean": 178,
        "median": 178,
        "min": 178,
        "skew": 0,
        "var": 0
    },
    "second_peak_spread": {
        "kurt": 0,
        "max": 0,
        "mean": 0,
        "median": 0,
        "min": 0,
        "skew": 0,
        "var": 0
    },
    "second_peak_weight": {
        "kurt": 0,
        "max": 0.272727280855,
        "mean": 0.272727280855,
        "median": 0.272727280855,
        "min": 0.272727280855,
        "skew": 0,
        "var": 0
    },
    "beats_loudness_band_ratio": {
        "kurt": [-1.07243728638, -0.438025712967, 0.0262117385864, -0.365104436874, -0.970444440842, 3.31947517395],
        "max": [0.47118768096, 0.78607571125, 0.45749437809, 0.36814558506, 0.209458932281, 0.853559076786],
        "mean": [0.193312928081, 0.340554952621, 0.16999745369, 0.158825173974, 0.0775470435619, 0.140708789229],
        "median": [0.130671918392, 0.292229562998, 0.176914036274, 0.16528826952, 0.0584764257073, 0.0317963808775],
        "min": [0.00741313258186, 0.0358735993505, 0.0114739760756, 0.0115156779066, 0.00109578412957, 0.000123883815832],
        "skew": [0.569473206997, 0.541163980961, 0.70867139101, 0.426903814077, 0.514887154102, 2.1252014637],
        "var": [0.0246172919869, 0.0435760803521, 0.0151587249711, 0.00999673176557, 0.00444196490571, 0.0593055970967],
        "cov": [[0.0268552284688, -0.0175846833736, -0.00910198315978, 0.00247192848474, 0.00403072824702, -0.00950647052377], [-0.0175846833736, 0.0475375428796, 0.0206125956029, -0.00163070601411, -0.00979070644826, -0.0315429493785], [-0.00910198315978, 0.0206125956029, 0.0165367908776, 0.00341394310817, -0.00572161050513, -0.0203816927969], [0.00247192848474, -0.00163070601411, 0.00341394310817, 0.0109055256471, 0.000373179180315, -0.0149021297693], [0.00403072824702, -0.00979070644826, -0.00572161050513, 0.000373179180315, 0.0048457798548, 0.00497470842674], [-0.00950647052377, -0.0315429493785, -0.0203816927969, -0.0149021297693, 0.00497470842674, 0.0646970197558]]
    },
    "beats_position": [0.301859408617, 0.615328788757, 0.9287981987, 1.25387752056, 1.57895684242, 1.90403628349, 2.22911548615, 2.56580495834, 2.90249419212, 3.23918366432, 3.58748292923, 3.93578219414],
    "bpm_estimates": [184.570343018, 184.570343018, 184.570266724, 184.570404053],
    "bpm_intervals": [0.31346938014, 0.313469409943, 0.325079321861, 0.325079321861, 0.325079441071, 0.325079202652, 0.336689472198, 0.33668923378, 0.336689472198, 0.348299264908, 0.348299264908],
    "onset_times": [0.150929704309, 0.487619042397, 1.64861679077],
    "histogram": [[0, 0, 0, 0, 0, 0, 0, 0, 0, 0, 0, 0, 0, 0, 0, 0, 0, 0, 0, 0, 0, 0, 0, 0, 0, 0, 0, 0, 0, 0, 0, 0, 0, 0, 0, 0, 0, 0, 0, 0, 0, 0, 0, 0, 0, 0, 0, 0, 0, 0, 0, 0, 0, 0, 0, 0, 0, 0, 0, 0, 0, 0, 0, 0, 0, 0, 0, 0, 0, 0, 0, 0, 0, 0, 0, 0, 0, 0, 0, 0, 0, 0, 0, 0, 0, 0, 0, 0, 0, 0, 0, 0, 0, 0, 0, 0, 0, 0, 0, 0, 0, 0, 0, 0, 0, 0, 0, 0, 0, 0, 0, 0, 0, 0, 0, 0, 0, 0, 0, 0, 0, 0, 0, 0, 0, 0, 0, 0, 0, 0, 0, 0, 0, 0, 0, 0, 0, 0, 0, 0, 0, 0, 0, 0, 0, 0, 0, 0, 0, 0, 0, 0, 0, 0, 0, 0, 0, 0, 0, 0, 0, 0, 0, 0, 0, 0, 0, 0, 0, 0, 0, 0, 0.181818187237, 0, 0, 0, 0, 0, 0.272727280855, 0, 0, 0, 0, 0, 0, 0.363636374474, 0, 0, 0, 0, 0, 0.181818187237, 0, 0, 0, 0, 0, 0, 0, 0, 0, 0, 0, 0, 0, 0, 0, 0, 0, 0, 0, 0, 0, 0, 0, 0, 0, 0, 0, 0, 0, 0, 0, 0, 0, 0, 0, 0, 0, 0, 0, 0, 0, 0, 0, 0, 0, 0, 0, 0, 0, 0, 0, 0, 0, 0, 0, 0, 0, 0]]
},
"sfx": {
    "inharmonicity": {
        "kurt": 0.580565214157,
        "max": 0.368316709995,
        "mean": 0.0878248885274,
        "median": 0.0725461691618,
        "min": 0,
        "skew": 1.06347680092,
        "var": 0.00655977195129
    },
    "oddtoevenharmonicenergyratio": {
        "kurt": 19.3873615265,
        "max": 6.4631524086,
        "mean": 0.506421148777,
        "median": 0.206101626158,
        "min": 0,
        "skew": 3.82780456543,
        "var": 0.712893664837
    },
    "pitch_after_max_to_before_max_energy_ratio": 4.31976652145,
    "pitch_centroid": 75.5488128662,
    "pitch_max_to_total": 0.047619048506,
    "pitch_min_to_total": 0.883597910404,
    "tristimulus": {
        "kurt": [-0.0666029453278, 0.0692963600159, -1.19881737232],
        "max": [1, 0.93646812439, 0.882294952869],
        "mean": [0.378663629293, 0.279458552599, 0.341877639294],
        "median": [0.327898472548, 0.251568317413, 0.32310166955],
        "min": [0, 0, 0],
        "skew": [0.773806452751, 0.639608383179, 0.161906644702],
        "var": [0.0754689574242, 0.036202147603, 0.0596101209521],
        "cov": [[0.0758703872561, -0.0261689573526, -0.0497014634311], [-0.0261689573526, 0.0363947115839, -0.0102257560939], [-0.0497014634311, -0.0102257560939, 0.0599271953106]]
    }
},
"tonal": {
    "chords_changes_rate": 0.14736841619,
    "chords_number_rate": 0.0736842080951,
    "chords_strength": {
        "kurt": -1.54657423496,
        "max": 0.564881026745,
        "mean": 0.402107030153,
        "median": 0.408877640963,
        "min": 0.186934128404,
        "skew": -0.0722697898746,
        "var": 0.0121994279325
    },
    "key_strength": 0.595685243607,
    "tuning_diatonic_strength": 0.454655200243,
    "tuning_equal_tempered_deviation": 0.245583876967,
    "tuning_frequency": 454.990661621,
    "tuning_nontempered_energy_ratio": 0.913174986839,
    "hpcp": {
        "kurt": [3.43210744858, 2.06996154785, 2.77707862854, 4.57031488419, 1.53044605255, 1.91939496994, 1.9958615303, 2.54777097702, 1.70592451096, 0.914650440216, 2.14156484604, 3.80129766464, 5.61809253693, 3.26885795593, 10.0571050644, 4.96413421631, 4.7421836853, 4.90277051926, 3.035176754, 1.70116901398, 0.936290025711, 1.13293409348, 3.4074048996, 3.88622903824, 3.83978366852, 3.38293170929, 3.12424850464, 1.07811594009, 1.04060745239, 1.59531545639, 3.49693775177, 3.16631317139, 2.61498212814, 2.47499227524, 6.00071525574, 3.92921257019],
        "max": [1, 1, 1, 1, 1, 1, 1, 1, 1, 1, 0.978513836861, 1, 1, 0.696451067924, 1, 1, 1, 1, 1, 1, 1, 1, 1, 1, 1, 1, 1, 1, 1, 1, 1, 1, 0.982652008533, 1, 1, 0.931737005711],
        "mean": [0.199710279703, 0.218390882015, 0.186566159129, 0.173984766006, 0.212060466409, 0.215187877417, 0.198274224997, 0.196065559983, 0.222793921828, 0.238897368312, 0.206987738609, 0.18133187294, 0.157327800989, 0.12799924612, 0.135523989797, 0.174814969301, 0.181335926056, 0.180957615376, 0.192598164082, 0.214614510536, 0.249255135655, 0.237680450082, 0.197504490614, 0.1798260957, 0.173528552055, 0.173885807395, 0.185400888324, 0.220273286104, 0.238092690706, 0.199388802052, 0.196270227432, 0.209689632058, 0.21573984623, 0.215405791998, 0.16956935823, 0.160145610571],
        "median": [0.111164823174, 0.117196403444, 0.105229794979, 0.103689044714, 0.100702859461, 0.115046299994, 0.0881332084537, 0.087733194232, 0.132841795683, 0.124529533088, 0.138943865895, 0.0878424495459, 0.0826859921217, 0.0719950199127, 0.0748027563095, 0.0976405143738, 0.125291079283, 0.107947841287, 0.0941746085882, 0.0937846451998, 0.118413090706, 0.116793848574, 0.125353440642, 0.10114915669, 0.100449755788, 0.0782749950886, 0.0834397226572, 0.108964517713, 0.121494799852, 0.144713193178, 0.120987609029, 0.132942408323, 0.130799472332, 0.119346424937, 0.111704871058, 0.104683913291],
        "min": [0, 0, 0, 0, 0, 0, 0, 0, 0, 0, 0, 0, 0, 0, 0, 0, 0, 0, 0, 0, 0, 0, 0, 0, 0, 0, 0, 0, 0, 0, 0, 0, 0, 0, 0, 0],
