{
"metadata": {
    "version": {
        "essentia": "2.1-beta3"
    }
},
"lowLevel": {
    "average_loudness": 0.99068403244,
    "barkbands_kurtosis": {
        "kurt": 19.7580966949,
        "max": 11.6671285629,
        "mean": -0.580216884613,
        "median": -1.11778283119,
        "min": -1.94174969196,
        "skew": 4.39998245239,
        "var": 4.8070435524
    },
    "barkbands_skewness": {
        "kurt": 4.3859372139,
        "max": 2.1520242691,
        "mean": -0.136170431972,
        "median": -0.1486235708,
        "min": -3.54014492035,
        "skew": -0.996939599514,
        "var": 0.795337796211
    },
    "barkbands_spread": {
        "kurt": 3.04053258896,
        "max": 97.1894836426,
        "mean": 40.4654579163,
        "median": 34.9421043396,
        "min": 19.6543216705,
        "skew": 1.90954327583,
        "var": 322.955780029
    },
    "dissonance": {
        "kurt": 8.06230735779,
        "max": 0.499192118645,
        "mean": 0.486049711704,
        "median": 0.490630686283,
        "min": 0.421791017056,
        "skew": -2.5098388195,
        "var": 0.000182086660061
    },
    "hfc": {
        "kurt": 4.48360919952,
        "max": 349.509124756,
        "mean": 36.479347229,
        "median": 0.0882479026914,
        "min": 0.00054389575962,
        "skew": 2.49215745926,
        "var": 8710.91308594
    },
    "pitch": {
        "kurt": -1.27138960361,
        "max": 5744.70654297,
        "mean": 1936.89880371,
        "median": 552.448547363,
        "min": 125.355133057,
        "skew": 0.712250232697,
        "var": 4496047.5
    },
    "pitch_instantaneous_confidence": {
        "kurt": 1.96877717972,
        "max": 0.823290228844,
        "mean": 0.267192870378,
        "median": 0.182424068451,
        "min": 0.0821272134781,
        "skew": 1.8046554327,
        "var": 0.0357173271477
    },
    "pitch_salience": {
        "kurt": 1.90340137482,
        "max": 0.909851431847,
        "mean": 0.722771704197,
        "median": 0.756589055061,
        "min": 0.357081562281,
        "skew": -1.52018630505,
        "var": 0.0137936612591
    },
    "silence_rate_20dB": {
        "kurt": 0,
        "max": 1,
        "mean": 1,
        "median": 1,
        "min": 1,
        "skew": 0,
        "var": 0
    },
    "silence_rate_30dB": {
        "kurt": 5.27573871613,
        "max": 1,
        "mean": 0.901639342308,
        "median": 1,
        "min": 0,
        "skew": -2.6973502636,
        "var": 0.0886859819293
    },
    "silence_rate_60dB": {
        "kurt": -0.607248067856,
        "max": 1,
        "mean": 0.75409835577,
        "median": 1,
        "min": 0,
        "skew": -1.18014788628,
        "var": 0.185434103012
    },
    "spectral_centroid": {
        "kurt": 2.70295000076,
        "max": 5455.86083984,
        "mean": 2203.64135742,
        "median": 2014.90405273,
        "min": 498.011810303,
        "skew": 1.4205981493,
        "var": 965328.5625
    },
    "spectral_complexity": {
        "kurt": 0.89931178093,
        "max": 61,
        "mean": 11.1147537231,
        "median": 0,
        "min": 0,
        "skew": 1.60855054855,
        "var": 404.429199219
    },
    "spectral_crest": {
        "kurt": 1.78563261032,
        "max": 17.6487693787,
        "mean": 5.91689491272,
        "median": 4.11758947372,
        "min": 2.14762115479,
        "skew": 1.61964905262,
        "var": 15.6133003235
    },
    "spectral_decrease": {
        "kurt": 7.83912372589,
        "max": -4.44878034693e-14,
        "mean": -3.56157281445e-09,
        "median": -1.11701828343e-11,
        "min": -4.49513990475e-08,
        "skew": -2.96171212196,
        "var": 9.46851544923e-17
    },
    "spectral_energy": {
        "kurt": 6.7649641037,
        "max": 0.197432279587,
        "mean": 0.0167509764433,
        "median": 5.07264594489e-05,
        "min": 2.17240199163e-07,
        "skew": 2.81780791283,
        "var": 0.00201685470529
    },
    "spectral_energyband_high": {
        "kurt": 5.8323097229,
        "max": 0.0417348481715,
        "mean": 0.00361168035306,
        "median": 5.42694715477e-06,
        "min": 6.89126622433e-08,
        "skew": 2.67647099495,
        "var": 9.01666207938e-05
    },
    "spectral_energyband_low": {
        "kurt": 38.2246284485,
        "max": 0.00475145224482,
        "mean": 0.000172679850948,
        "median": 7.34469995223e-06,
        "min": 2.27765841743e-08,
        "skew": 6.0200586319,
        "var": 4.21396123329e-07
    },
    "spectral_energyband_middle_high": {
        "kurt": 5.77859687805,
        "max": 0.0706124827266,
        "mean": 0.00631514657289,
        "median": 2.64980735665e-05,
        "min": 4.60333957619e-08,
        "skew": 2.65789055824,
        "var": 0.000258087937254
    },
    "spectral_energyband_middle_low": {
        "kurt": 15.7547683716,
        "max": 0.123505346477,
        "mean": 0.00679290480912,
        "median": 1.19343685583e-05,
        "min": 2.22532641203e-08,
        "skew": 3.92956638336,
        "var": 0.000470202590805
    },
    "spectral_flatness_db": {
        "kurt": 3.99159955978,
        "max": 0.249320477247,
        "mean": 0.114625088871,
        "median": 0.108978152275,
        "min": 0.0588845349848,
        "skew": 1.56063497066,
        "var": 0.00104028149508
    },
    "spectral_flux": {
        "kurt": 3.9638171196,
        "max": 0.36461442709,
        "mean": 0.0447566770017,
        "median": 0.00606929138303,
        "min": 0.00063155812677,
        "skew": 2.24397468567,
        "var": 0.00687299435958
    },
    "spectral_kurtosis": {
        "kurt": 2.18736076355,
        "max": 6.41815567017,
        "mean": 1.83866930008,
        "median": 1.91969060898,
        "min": -0.5801653862,
        "skew": 0.496607124805,
        "var": 1.46628201008
    },
    "spectral_rms": {
        "kurt": 3.82593297958,
        "max": 0.0138786481693,
        "mean": 0.00188736629207,
        "median": 0.000222461749217,
        "min": 1.45582162077e-05,
        "skew": 2.27872443199,
        "var": 1.27802622956e-05
    },
    "spectral_rolloff": {
        "kurt": 1.31211900711,
        "max": 7601.22070312,
        "mean": 4141.43457031,
        "median": 3940.57617188,
        "min": 150.732421875,
        "skew": 0.164954230189,
        "var": 1888126.125
    },
    "spectral_skewness": {
        "kurt": 0.537601709366,
        "max": 1.67346262932,
        "mean": 0.939489722252,
        "median": 1.05899775028,
        "min": -0.0423334799707,
        "skew": -1.25038766861,
        "var": 0.17341247201
    },
    "spectral_spread": {
        "kurt": 0.662636756897,
        "max": 10969460,
        "mean": 5840081.5,
        "median": 5078717,
        "min": 3736559.25,
        "skew": 1.34417951107,
        "var": 3.57584758374e+12
    },
    "spectral_strongpeak": {
        "kurt": 14.5355472565,
        "max": 5.47180461884,
        "mean": 0.355411618948,
        "median": 0.0271865129471,
        "min": 0.000286541355308,
        "skew": 3.73588752747,
        "var": 0.893969893456
    },
    "zerocrossingrate": {
        "kurt": 1.35505962372,
        "max": 0.24853515625,
        "mean": 0.126480847597,
        "median": 0.119140625,
        "min": 0.04052734375,
        "skew": 1.14056813717,
        "var": 0.00183833949268
    },
    "barkbands": {
        "kurt": [46.847114563, 44.9461975098, 40.5144233704, 17.5212154388, 23.3947677612, 27.0160694122, 24.6023044586, 28.741443634, 20.8196525574, 11.3403940201, 14.6911506653, 5.18208789825, 8.06457328796, 14.4557037354, 5.57207298279, 11.9687805176, 13.4170207977, 10.5004777908, 4.60610485077, 5.48603057861, 8.33215904236, 5.5472574234, 6.73356533051, 8.75040245056, 5.81254005432, 4.85518693924, 12.4440259933],
        "max": [3.83428523492e-05, 0.00134601525497, 0.00213676970452, 0.00293848570436, 0.0227918922901, 0.0764798000455, 0.0167692154646, 0.0296580120921, 0.0105156227946, 0.00485785584897, 0.00346731697209, 0.00378999207169, 0.00393515871838, 0.00520449085161, 0.0028111631982, 0.00521932309493, 0.0119643192738, 0.0137278595939, 0.0144883487374, 0.0191542115062, 0.025952944532, 0.00596600631252, 0.00107058300637, 0.000566661125049, 0.000117620285891, 5.65862956137e-06, 1.7522418716e-07],
        "mean": [1.08307062874e-06, 3.71745845769e-05, 7.12941182428e-05, 0.000171005318407, 0.00100418867078, 0.00316281593405, 0.000762177340221, 0.00114063057117, 0.000487340148538, 0.000337309465976, 0.00023459631484, 0.000386421801522, 0.000319931801641, 0.000305527559249, 0.000293719058391, 0.000387221836718, 0.000730152300093, 0.0009528863593, 0.00150813732762, 0.00183411547914, 0.00194016983733, 0.000544637907296, 8.68758870638e-05, 4.05905775551e-05, 1.0406984984e-05, 5.75716342155e-07, 1.01658157448e-08],
        "median": [1.1684358725e-07, 1.83267547982e-06, 1.6299213712e-06, 1.75997433871e-06, 2.51410756391e-06, 1.08539188659e-06, 2.04889101951e-06, 2.72841589322e-06, 2.30075193031e-06, 2.77549702332e-06, 1.80387087312e-06, 2.46526656156e-06, 1.21960579236e-06, 1.99652777155e-06, 2.03393551601e-06, 1.44234525123e-06, 2.15729687625e-06, 2.58894965555e-06, 4.15135536969e-06, 3.05420712721e-06, 1.87937087048e-06, 1.30554110456e-06, 1.70209460748e-07, 9.16589684152e-08, 5.43317879576e-09, 1.41552036759e-09, 4.30450423569e-12],
        "min": [7.48884343427e-10, 9.65482804816e-09, 8.16307244023e-10, 2.03128971976e-10, 7.38238137288e-09, 1.38549938189e-09, 2.42495223901e-09, 8.74373129456e-10, 1.65744840075e-09, 1.46071210683e-09, 6.22253526483e-10, 9.92336546268e-10, 1.04504671583e-09, 4.68178718016e-10, 1.72389957864e-09, 2.16152606924e-09, 3.75723097079e-09, 4.74594896716e-09, 8.70321414936e-09, 8.39535108099e-09, 2.41797266654e-08, 3.26669464812e-08, 5.30927213305e-09, 1.40274558635e-09, 8.73555811021e-11, 2.23160621926e-11, 5.62565619089e-13],
        "skew": [6.81335783005, 6.65285873413, 6.21724319458, 4.20253896713, 4.67004108429, 4.95250797272, 4.74627828598, 5.16059398651, 4.45789289474, 3.55049562454, 3.8714363575, 2.58190107346, 2.99873495102, 3.80379128456, 2.67370843887, 3.48632216454, 3.65835928917, 3.22446417809, 2.50439190865, 2.63229417801, 3.03655338287, 2.62212610245, 2.81202793121, 3.03362202644, 2.69142317772, 2.5609433651, 3.64988827705],
        "var": [2.52452000277e-11, 3.18088488882e-08, 8.32197954992e-08, 2.87212884587e-07, 1.2303994481e-05, 0.000128091283841, 6.48861851005e-06, 1.88684298337e-05, 2.8424087759e-06, 1.04386970179e-06, 4.47027417749e-07, 9.12428845368e-07, 7.27533802092e-07, 8.60224361077e-07, 5.51247410385e-07, 1.10520204544e-06, 4.74472562928e-06, 6.56204338156e-06, 1.45949124999e-05, 2.28113422054e-05, 2.93274042633e-05, 1.92515699382e-06, 5.50584395853e-08, 1.25847483545e-08, 8.06476163628e-10, 2.37521157256e-12, 1.1524934627e-15],
        "cov": [[2.56659520026e-11, 8.53889403629e-10, 1.43991796264e-09, 1.88683979552e-09, 8.81420358922e-09, 1.15968434855e-08, 8.43310488108e-09, 1.08947917354e-08, 5.93281246353e-09, 3.7198559788e-09, 2.70020739102e-09, 2.77151035455e-09, 2.99851143915e-09, 2.9067621643e-09, 2.13989936881e-09, 4.06899269834e-09, 6.08615824405e-09, 9.34684063481e-09, 1.00240633572e-08, 1.40694424999e-08, 6.1121259165e-09, 2.42948972051e-09, 6.59504284517e-10, 3.16043025084e-10, 8.51633416565e-11, 4.38238941664e-12, 1.352777211e-13], [8.53889403629e-10, 3.23389990342e-08, 4.9686786241e-08, 8.00083199692e-08, 4.1057450062e-07, 7.575868608e-07, 2.39254944745e-07, 3.19754605016e-07, 1.81228429597e-07, 1.31701980877e-07, 9.09502020363e-08, 1.05330784095e-07, 1.05619356816e-07, 8.30588007261e-08, 7.2005903462e-08, 1.35960206649e-07, 2.21618805085e-07, 3.31512666207e-07, 3.83655248015e-07, 4.93980564897e-07, 2.65261832055e-07, 9.05695642928e-08, 2.64739465905e-08, 1.16741487588e-08, 3.05061487182e-09, 1.62383620439e-10, 4.71528502008e-12], [1.43991796264e-09, 4.9686786241e-08, 8.46067891302e-08, 1.24717288941e-07, 6.31890316072e-07, 1.07301877961e-06, 5.20196351772e-07, 7.20342768545e-07, 3.66443174471e-07, 2.32565710689e-07, 1.68849155102e-07, 1.90502987607e-07, 1.96198868707e-07, 1.8184616124e-07, 1.33230216193e-07, 2.54988862025e-07, 3.71439767832e-07, 5.88312957461e-07, 6.83180928718e-07, 9.11630252176e-07, 4.79683194499e-07, 1.72498218376e-07, 4.44357333151e-08, 2.02135606031e-08, 5.47291367781e-09, 2.8906457783e-10, 8.32207306539e-12], [1.88683979552e-09, 8.00083199692e-08, 1.24717288941e-07, 2.91999754154e-07, 1.80589597676e-06, 4.80199787489e-06, 9.00697671113e-07, 1.58875991474e-06, 6.86588066401e-07, 4.77665821563e-07, 3.11275925924e-07, 4.21076464363e-07, 3.87756756481e-07, 3.26847299448e-07, 2.7525206292e-07, 4.74132434647e-07, 7.06603373146e-07, 1.05838921627e-06, 1.64378593581e-06, 1.95823758986e-06, 1.68162478076e-06, 5.0458277201e-07, 1.1361183283e-07, 4.66881324712e-08, 1.22774226341e-08, 6.60580534717e-10, 1.62880490345e-11], [8.81420358922e-09, 4.1057450062e-07, 6.31890316072e-07, 1.80589597676e-06, 1.25090609799e-05, 3.62082719221e-05, 5.9083645283e-06, 1.15097491289e-05, 4.43937460659e-06, 2.94906885756e-06, 1.91594494936e-06, 2.65404241873e-06, 2.43611316364e-06, 2.04151842809e-06, 1.69919815107e-06, 2.94805818157e-06, 4.39066161562e-06, 5.92271499045e-06, 1.08986714622e-05, 1.28498850245e-05, 1.24574025904e-05, 3.45472244589e-06, 7.4993272392e-07, 2.93347966362e-07, 7.74349473431e-08, 4.35577751645e-09, 1.01132408004e-10], [1.15968434855e-08, 7.575868608e-07, 1.07301877961e-06, 4.80199787489e-06, 3.62082719221e-05, 0.000130226137117, 1.65974906849e-05, 3.26551853504e-05, 1.18310799735e-05, 7.05921002009e-06, 4.63193873657e-06, 7.30938882043e-06, 6.43549219603e-06, 5.03520141137e-06, 5.34787250217e-06, 7.55062183089e-06, 1.29155050672e-05, 1.52179891302e-05, 3.54487128789e-05, 4.01789293392e-05, 4.62545176561e-05, 1.26608902065e-05, 2.32066258832e-06, 8.50289893606e-07, 2.30488282682e-07, 1.35619151465e-08, 2.52361631592e-10], [8.43310488108e-09, 2.39254944745e-07, 5.20196351772e-07, 9.00697671113e-07, 5.9083645283e-06, 1.65974906849e-05, 6.59676197756e-06, 1.05108028947e-05, 4.24715062763e-06, 2.11043652598e-06, 1.58721422849e-06, 1.87692046438e-06, 1.92901347873e-06, 2.18588547796e-06, 1.52798781983e-06, 2.53226630775e-06, 3.53497784999e-06, 4.90864749736e-06, 8.01434180175e-06, 1.06702964331e-05, 8.7562839326e-06, 2.71864541901e-06, 4.79590596569e-07, 2.11142889839e-07, 5.97047105089e-08, 3.28408233941e-09, 7.66939983743e-11], [1.08947917354e-08, 3.19754605016e-07, 7.20342768545e-07, 1.58875991474e-06, 1.15097491289e-05, 3.26551853504e-05, 1.05108028947e-05, 1.91829039977e-05, 7.15915166438e-06, 3.69881627194e-06, 2.60772435468e-06, 2.94729852612e-06, 3.00261172015e-06, 3.5725925045e-06, 2.22766334446e-06, 4.00661383537e-06, 4.50602283308e-06, 6.56458769299e-06, 1.22927831399e-05, 1.61012740136e-05, 1.38659634104e-05, 4.33461400462e-06, 8.05645925084e-07, 3.40320525538e-07, 9.48281879687e-08, 5.05428943143e-09, 1.28631341689e-10], [5.93281246353e-09, 1.81228429597e-07, 3.66443174471e-07, 6.86588066401e-07, 4.43937460659e-06, 1.18310799735e-05, 4.24715062763e-06, 7.15915166438e-06, 2.88978208118e-06, 1.54375084094e-06, 1.09028633233e-06, 1.23572999655e-06, 1.2650575627e-06, 1.45644480654e-06, 9.83046334113e-07, 1.69286090568e-06, 2.15015029426e-06, 3.14961994263e-06, 5.12802625963e-06, 6.77939397065e-06, 5.44576050743e-06, 1.75153343207e-06, 3.31657730612e-07, 1.4592693276e-07, 4.03956548212e-08, 2.12453765691e-09, 5.44454654972e-11], [3.7198559788e-09, 1.31701980877e-07, 2.32565710689e-07, 4.77665821563e-07, 2.94906885756e-06, 7.05921002009e-06, 2.11043652598e-06, 3.69881627194e-06, 1.54375084094e-06, 1.06126753963e-06, 6.44936392291e-07, 8.44354474339e-07, 7.69072926232e-07, 8.69211248755e-07, 6.32184026017e-07, 1.00831198324e-06, 1.55880036345e-06, 2.13092403101e-06, 3.11491453431e-06, 4.05237824452e-06, 3.68879523194e-06, 1.06398454136e-06, 2.15225384181e-07, 1.05547634632e-07, 2.6713820489e-08, 1.32928712482e-09, 3.43111060397e-11], [2.70020739102e-09, 9.09502020363e-08, 1.68849155102e-07, 3.11275925924e-07, 1.91594494936e-06, 4.63193873657e-06, 1.58721422849e-06, 2.60772435468e-06, 1.09028633233e-06, 6.44936392291e-07, 4.54477856238e-07, 5.57772921184e-07, 5.45144018815e-07, 5.65101004213e-07, 3.93331873738e-07, 6.97672703609e-07, 9.62399667515e-07, 1.43729198498e-06, 2.12406507671e-06, 2.75786578641e-06, 2.13170756069e-06, 6.66891196488e-07, 1.36609870083e-07, 6.05678209809e-08, 1.63757896132e-08, 8.74923189453e-10, 2.22206593403e-11], [2.77151035455e-09, 1.05330784095e-07, 1.90502987607e-07, 4.21076464363e-07, 2.65404241873e-06, 7.30938882043e-06, 1.87692046438e-06, 2.94729852612e-06, 1.23572999655e-06, 8.44354474339e-07, 5.57772921184e-07, 9.27635994685e-07, 7.95474306869e-07, 7.61115700243e-07, 6.29807743735e-07, 9.23414233966e-07, 1.71968940776e-06, 2.34423782786e-06, 3.45167700289e-06, 4.26520091423e-06, 4.2369078983e-06, 1.13667090318e-06, 2.07473917158e-07, 9.77583241024e-08, 2.53878091883e-08, 1.39423561585e-09, 2.77044012731e-11], [2.99851143915e-09, 1.05619356816e-07, 1.96198868707e-07, 3.87756756481e-07, 2.43611316364e-06, 6.43549219603e-06, 1.92901347873e-06, 3.00261172015e-06, 1.2650575627e-06, 7.69072926232e-07, 5.45144018815e-07, 7.95474306869e-07, 7.39659355986e-07, 7.09261883003e-07, 5.5064577964e-07, 8.81684172782e-07, 1.47446314713e-06, 2.07265975405e-06, 3.06416632156e-06, 3.86654801332e-06, 3.4345041513e-06, 9.68498284237e-07, 1.83759553352e-07, 8.23770918146e-08, 2.219298878e-08, 1.24102050858e-09, 2.65627537327e-11], [2.9067621643e-09, 8.30588007261e-08, 1.8184616124e-07, 3.26847299448e-07, 2.04151842809e-06, 5.03520141137e-06, 2.18588547796e-06, 3.5725925045e-06, 1.45644480654e-06, 8.69211248755e-07, 5.65101004213e-07, 7.61115700243e-07, 7.09261883003e-07, 8.74561408182e-07, 6.02944169259e-07, 9.20050013065e-07, 1.42500596212e-06, 1.97188728635e-06, 2.86912745651e-06, 3.84729810321e-06, 3.54414441972e-06, 1.02681121916e-06, 1.78622443059e-07, 9.13803930302e-08, 2.39795951984e-08, 1.21640197914e-09, 2.86209441563e-11], [2.13989936881e-09, 7.2005903462e-08, 1.33230216193e-07, 2.7525206292e-07, 1.69919815107e-06, 5.34787250217e-06, 1.52798781983e-06, 2.22766334446e-06, 9.83046334113e-07, 6.32184026017e-07, 3.93331873738e-07, 6.29807743735e-07, 5.5064577964e-07, 6.02944169259e-07, 5.60434898489e-07, 6.97906727964e-07, 1.50569985635e-06, 1.74012052412e-06, 2.6910518045e-06, 3.46677438756e-06, 3.71096803065e-06, 9.8227133094e-07, 1.60545425842e-07, 8.12225238178e-08, 2.0870839279e-08, 1.11638975842e-09, 2.14132375026e-11], [4.06899269834e-09, 1.35960206649e-07, 2.54988862025e-07, 4.74132434647e-07, 2.94805818157e-06, 7.55062183089e-06, 2.53226630775e-06, 4.00661383537e-06, 1.69286090568e-06, 1.00831198324e-06, 6.97672703609e-07, 9.23414233966e-07, 8.81684172782e-07, 9.20050013065e-07, 6.97906727964e-07, 1.12362215532e-06, 1.8126828536e-06, 2.44377747549e-06, 3.64589504898e-06, 4.74285479868e-06, 4.10857865063e-06, 1.18011462291e-06, 2.25762008199e-07, 1.04244371357e-07, 2.78583183189e-08, 1.51212831145e-09, 3.50015780248e-11], [6.08615824405e-09, 2.21618805085e-07, 3.71439767832e-07, 7.06603373146e-07, 4.39066161562e-06, 1.29155050672e-05, 3.53497784999e-06, 4.50602283308e-06, 2.15015029426e-06, 1.55880036345e-06, 9.62399667515e-07, 1.71968940776e-06, 1.47446314713e-06, 1.42500596212e-06, 1.50569985635e-06, 1.8126828536e-06, 4.82380437461e-06, 4.94531104778e-06, 7.27309770809e-06, 9.47662920225e-06, 1.04818573163e-05, 2.4345060865e-06, 4.12357451296e-07, 2.16562270339e-07, 5.40256941406e-08, 3.07698910795e-09, 5.38525092575e-11], [9.34684063481e-09, 3.31512666207e-07, 5.88312957461e-07, 1.05838921627e-06, 5.92271499045e-06, 1.52179891302e-05, 4.90864749736e-06, 6.56458769299e-06, 3.14961994263e-06, 2.13092403101e-06, 1.43729198498e-06, 2.34423782786e-06, 2.07265975405e-06, 1.97188728635e-06, 1.74012052412e-06, 2.44377747549e-06, 4.94531104778e-06, 6.67141102895e-06, 8.92045409273e-06, 1.12907027869e-05, 1.05330582301e-05, 2.864343287e-06, 5.1869727713e-07, 2.55606096289e-07, 6.6824711098e-08, 3.65129304569e-09, 7.26158855269e-11], [1.00240633572e-08, 3.83655248015e-07, 6.83180928718e-07, 1.64378593581e-06, 1.08986714622e-05, 3.54487128789e-05, 8.01434180175e-06, 1.22927831399e-05, 5.12802625963e-06, 3.11491453431e-06, 2.12406507671e-06, 3.45167700289e-06, 3.06416632156e-06, 2.86912745651e-06, 2.6910518045e-06, 3.64589504898e-06, 7.27309770809e-06, 8.92045409273e-06, 1.48381614054e-05, 1.82833337021e-05, 1.90444188775e-05, 5.10660038344e-06, 8.7680678007e-07, 3.9074532765e-07, 1.0406717621e-07, 5.92409943323e-09, 1.09288800232e-10], [1.40694424999e-08, 4.93980564897e-07, 9.11630252176e-07, 1.95823758986e-06, 1.28498850245e-05, 4.01789293392e-05, 1.06702964331e-05, 1.61012740136e-05, 6.77939397065e-06, 4.05237824452e-06, 2.75786578641e-06, 4.26520091423e-06, 3.86654801332e-06, 3.84729810321e-06, 3.46677438756e-06, 4.74285479868e-06, 9.47662920225e-06, 1.12907027869e-05, 1.82833337021e-05, 2.31915309996e-05, 2.36134637817e-05, 6.29076930636e-06, 1.07512255454e-06, 4.98012639127e-07, 1.31896953803e-07, 7.43654560154e-09, 1.42389378066e-10], [6.1121259165e-09, 2.65261832055e-07, 4.79683194499e-07, 1.68162478076e-06, 1.24574025904e-05, 4.62545176561e-05, 8.7562839326e-06, 1.38659634104e-05, 5.44576050743e-06, 3.68879523194e-06, 2.13170756069e-06, 4.2369078983e-06, 3.4345041513e-06, 3.54414441972e-06, 3.71096803065e-06, 4.10857865063e-06, 1.04818573163e-05, 1.05330582301e-05, 1.90444188775e-05, 2.36134637817e-05, 2.98161958199e-05, 7.20745538274e-06, 1.11534643565e-06, 5.4727610177e-07, 1.38234426572e-07, 7.77248754247e-09, 1.22729215679e-10], [2.42948972051e-09, 9.05695642928e-08, 1.72498218376e-07, 5.0458277201e-07, 3.45472244589e-06, 1.26608902065e-05, 2.71864541901e-06, 4.33461400462e-06, 1.75153343207e-06, 1.06398454136e-06, 6.66891196488e-07, 1.13667090318e-06, 9.68498284237e-07, 1.02681121916e-06, 9.8227133094e-07, 1.18011462291e-06, 2.4345060865e-06, 2.864343287e-06, 5.10660038344e-06, 6.29076930636e-06, 7.20745538274e-06, 1.95724283003e-06, 3.06970349584e-07, 1.43045014056e-07, 3.7487449589e-08, 2.0388866151e-09, 3.59748723866e-11], [6.59504284517e-10, 2.64739465905e-08, 4.44357333151e-08, 1.1361183283e-07, 7.4993272392e-07, 2.32066258832e-06, 4.79590596569e-07, 8.05645925084e-07, 3.31657730612e-07, 2.15225384181e-07, 1.36609870083e-07, 2.07473917158e-07, 1.83759553352e-07, 1.78622443059e-07, 1.60545425842e-07, 2.25762008199e-07, 4.12357451296e-07, 5.1869727713e-07, 8.7680678007e-07, 1.07512255454e-06, 1.11534643565e-06, 3.06970349584e-07, 5.59760806595e-08, 2.49528486762e-08, 6.51507425786e-09, 3.54206330933e-10, 7.31455000735e-12], [3.16043025084e-10, 1.16741487588e-08, 2.02135606031e-08, 4.66881324712e-08, 2.93347966362e-07, 8.50289893606e-07, 2.11142889839e-07, 3.40320525538e-07, 1.4592693276e-07, 1.05547634632e-07, 6.05678209809e-08, 9.77583241024e-08, 8.23770918146e-08, 9.13803930302e-08, 8.12225238178e-08, 1.04244371357e-07, 2.16562270339e-07, 2.55606096289e-07, 3.9074532765e-07, 4.98012639127e-07, 5.4727610177e-07, 1.43045014056e-07, 2.49528486762e-08, 1.27944934647e-08, 3.19113824254e-09, 1.64372057632e-10, 3.40087962132e-12], [8.51633416565e-11, 3.05061487182e-09, 5.47291367781e-09, 1.22774226341e-08, 7.74349473431e-08, 2.30488282682e-07, 5.97047105089e-08, 9.48281879687e-08, 4.03956548212e-08, 2.6713820489e-08, 1.63757896132e-08, 2.53878091883e-08, 2.219298878e-08, 2.39795951984e-08, 2.0870839279e-08, 2.78583183189e-08, 5.40256941406e-08, 6.6824711098e-08, 1.0406717621e-07, 1.31896953803e-07, 1.38234426572e-07, 3.7487449589e-08, 6.51507425786e-09, 3.19113824254e-09, 8.19917411743e-10, 4.3086360868e-11, 8.89482769124e-13], [4.38238941664e-12, 1.62383620439e-10, 2.8906457783e-10, 6.60580534717e-10, 4.35577751645e-09, 1.35619151465e-08, 3.28408233941e-09, 5.05428943143e-09, 2.12453765691e-09, 1.32928712482e-09, 8.74923189453e-10, 1.39423561585e-09, 1.24102050858e-09, 1.21640197914e-09, 1.11638975842e-09, 1.51212831145e-09, 3.07698910795e-09, 3.65129304569e-09, 5.92409943323e-09, 7.43654560154e-09, 7.77248754247e-09, 2.0388866151e-09, 3.54206330933e-10, 1.64372057632e-10, 4.3086360868e-11, 2.41479839597e-12, 4.61916712291e-14], [1.352777211e-13, 4.71528502008e-12, 8.32207306539e-12, 1.62880490345e-11, 1.01132408004e-10, 2.52361631592e-10, 7.66939983743e-11, 1.28631341689e-10, 5.44454654972e-11, 3.43111060397e-11, 2.22206593403e-11, 2.77044012731e-11, 2.65627537327e-11, 2.86209441563e-11, 2.14132375026e-11, 3.50015780248e-11, 5.38525092575e-11, 7.26158855269e-11, 1.09288800232e-10, 1.42389378066e-10, 1.22729215679e-10, 3.59748723866e-11, 7.31455000735e-12, 3.40087962132e-12, 8.89482769124e-13, 4.61916712291e-14, 1.17170173473e-15]]
    },
    "mfcc": {
        "kurt": [-0.854247570038, -0.137926101685, -0.857711076736, -0.488027572632, -1.15025997162, 1.65665245056, -0.287909984589, 0.0716121196747, -0.0967500209808, -0.56432890892, -1.05736875534, -0.537443876266, 0.375387430191],
        "max": [-460.670288086, 127.456542969, 47.5702857971, 59.1302108765, 20.3238372803, 49.2813949585, 20.1768836975, 23.0559101105, 27.6253395081, 7.05117225647, 18.1848869324, 14.9254150391, 14.2326889038],
        "mean": [-852.02935791, 69.5560073853, -27.476064682, 34.0261154175, -19.8665390015, 3.91396999359, -1.53792262077, -0.750233769417, 1.39029192924, -6.2066950798, -0.277347177267, -1.76146662235, -2.16114759445],
        "median": [-907.666381836, 82.2716140747, -39.7370796204, 34.2213897705, -22.8769989014, 0.245319366455, -1.85972213745, 2.24674987793, 2.95881271362, -5.92056274414, -1.91893386841, -1.6386051178, -1.97197341919],
        "min": [-1126.14587402, -8.04025650024, -74.6347198486, 3.87135696411, -52.4223403931, -17.4931774139, -29.6303672791, -33.0196609497, -26.916891098, -25.1899585724, -21.1269321442, -16.7469482422, -17.4774284363],
        "skew": [0.438030838966, -0.945780754089, 0.641485512257, -0.108678005636, 0.268657535315, 1.35308241844, -0.212096452713, -0.666117012501, -0.414972603321, -0.428503543139, 0.0724913850427, -0.135175690055, 0.058265324682],
        "var": [38965.4335938, 990.50958252, 1167.04504395, 157.176330566, 346.865234375, 201.172637939, 122.63269043, 148.061157227, 144.596343994, 65.8896865845, 114.793014526, 45.446937561, 39.2169799805],
        "cov": [[39614.859375, 2512.76831055, -5143.62158203, 1489.51721191, -3230.90551758, -1808.90466309, -1518.47546387, -1759.85498047, -1963.5480957, -955.497131348, -1595.35339355, -405.546905518, -509.281616211], [2512.76831055, 1007.01812744, -717.567382812, 137.268218994, -280.827850342, -268.080169678, -10.6119203568, -86.5493011475, -58.1144065857, -1.0574940443, -118.422782898, -78.2203445435, 10.9726266861], [-5143.62158203, -717.567382812, 1186.49584961, -193.080474854, 567.302307129, 335.852600098, 192.805862427, 235.635635376, 260.785339355, 138.359375, 295.347015381, 136.47756958, 72.6626205444], [1489.51721191, 137.268218994, -193.080474854, 159.795928955, -103.996917725, -11.7738370895, -35.6563339233, -17.2292232513, -37.0739364624, -21.317363739, -65.1679382324, -20.7185535431, -21.7010059357], [-3230.90551758, -280.827850342, 567.302307129, -103.996917725, 352.646331787, 186.65512085, 146.040588379, 156.165985107, 169.697174072, 92.2646484375, 163.639648438, 65.3726654053, 47.5234794617], [-1808.90466309, -268.080169678, 335.852600098, -11.7738370895, 186.65512085, 204.525527954, 83.0544128418, 134.080291748, 118.669624329, 49.0912666321, 81.9229888916, 26.3558731079, 9.90861606598], [-1518.47546387, -10.6119203568, 192.805862427, -35.6563339233, 146.040588379, 83.0544128418, 124.676567078, 105.542671204, 96.5948486328, 48.2398872375, 76.7135925293, 24.0270366669, 23.4371776581], [-1759.85498047, -86.5493011475, 235.635635376, -17.2292232513, 156.165985107, 134.080291748, 105.542671204, 150.528839111, 124.024848938, 59.272354126, 65.0058135986, 12.5867061615, 21.2451992035], [-1963.5480957, -58.1144065857, 260.785339355, -37.0739364624, 169.697174072, 118.669624329, 96.5948486328, 124.024848938, 147.006286621, 78.3012771606, 90.0815505981, 19.9951534271, 32.1794433594], [-955.497131348, -1.0574940443, 138.359375, -21.317363739, 92.2646484375, 49.0912666321, 48.2398872375, 59.272354126, 78.3012771606, 66.9878463745, 57.6604042053, 13.9088869095, 24.0463504791], [-1595.35339355, -118.422782898, 295.347015381, -65.1679382324, 163.639648438, 81.9229888916, 76.7135925293, 65.0058135986, 90.0815505981, 57.6604042053, 116.706230164, 49.1100006104, 37.3200721741], [-405.546905518, -78.2203445435, 136.47756958, -20.7185535431, 65.3726654053, 26.3558731079, 24.0270366669, 12.5867061615, 19.9951534271, 13.9088869095, 49.1100006104, 46.2043876648, 23.1490058899], [-509.281616211, 10.9726266861, 72.6626205444, -21.7010059357, 47.5234794617, 9.90861606598, 23.4371776581, 21.2451992035, 32.1794433594, 24.0463504791, 37.3200721741, 23.1490058899, 39.8705978394]]
    },
    "sccoeffs": {
        "kurt": [-0.0675845146179, 2.1691942215, -0.106426715851, -0.579434394836, 0.225347042084, -0.938425302505],
        "max": [-0.460621535778, -0.607903182507, -0.730135858059, -0.741388559341, -0.71912586689, -0.629194140434],
        "mean": [-0.744984507561, -0.838731467724, -0.860563158989, -0.850811243057, -0.852797985077, -0.741609156132],
        "median": [-0.760168969631, -0.860885381699, -0.867743909359, -0.865620195866, -0.868970036507, -0.752665281296],
        "min": [-0.929145216942, -0.937010288239, -0.950699627399, -0.955265581608, -0.923051834106, -0.843096852303],
        "skew": [0.667470991611, 1.40706419945, 0.46340572834, 0.500646412373, 0.988913714886, 0.304413110018],
        "var": [0.011783358641, 0.0047791195102, 0.0019938305486, 0.00267558102496, 0.00223546102643, 0.00318516837433],
        "cov": [[0.0119797475636, 0.00502546224743, 0.00302328285761, 0.00446539977565, 0.00429901760072, 0.00481426529586], [0.00502546224743, 0.00485877133906, 0.00200505903922, 0.00254252157174, 0.00269242236391, 0.00309421564452], [0.00302328285761, 0.00200505903922, 0.00202706106938, 0.0015500432346, 0.00148193712812, 0.00186966056935], [0.00446539977565, 0.00254252157174, 0.0015500432346, 0.00272017391399, 0.00221049785614, 0.00254445476457], [0.00429901760072, 0.00269242236391, 0.00148193712812, 0.00221049785614, 0.00227271858603, 0.00241915439256], [0.00481426529586, 0.00309421564452, 0.00186966056935, 0.00254445476457, 0.00241915439256, 0.00323825445957]]
    },
    "scvalleys": {
        "kurt": [-0.0769476890564, -0.542102813721, -0.822198867798, -0.925662755966, -1.01278162003, -0.170679092407],
        "max": [-4.42237091064, -3.21441149712, -4.0987033844, -4.79788827896, -4.38138866425, -6.81198263168],
        "mean": [-8.25692176819, -7.85658931732, -8.10252285004, -8.55477523804, -8.433634758, -10.6819219589],
        "median": [-8.33141040802, -8.19935035706, -8.27434825897, -8.81877231598, -8.75336265564, -11.6527633667],
        "min": [-11.0972576141, -11.5463180542, -12.0430326462, -12.1923828125, -11.8012046814, -13.4883384705],
        "skew": [0.254276365042, 0.144738346338, -0.213339909911, -0.0858741626143, 0.168069437146, 0.997974336147],
        "var": [1.94669318199, 4.87940740585, 4.67158317566, 4.50926160812, 4.77212142944, 2.97387218475],
        "cov": [[1.9791380167, 2.90901732445, 2.8160173893, 2.76471543312, 2.82656049728, 1.96338474751], [2.90901732445, 4.96073102951, 4.71147584915, 4.67584705353, 4.76648664474, 3.30664229393], [2.8160173893, 4.71147584915, 4.7494430542, 4.60183143616, 4.68581628799, 3.08481502533], [2.76471543312, 4.67584705353, 4.60183143616, 4.58441638947, 4.65486288071, 3.1431684494], [2.82656049728, 4.76648664474, 4.68581628799, 4.65486288071, 4.85165643692, 3.41732335091], [1.96338474751, 3.30664229393, 3.08481502533, 3.1431684494, 3.41732335091, 3.02343678474]]
    }
},
"rhythm": {
    "beats_loudness": {
        "kurt": -1.5,
        "max": 0.185505703092,
        "mean": 0.0628306865692,
        "median": 0.00294149667025,
        "min": 4.48571190645e-05,
        "skew": 0.706515550613,
        "var": 0.00752597814426
    },
    "bpm": 178.205810547,
    "confidence": 0,
    "first_peak_bpm": {
        "kurt": 0,
        "max": 178,
        "mean": 178,
        "median": 178,
        "min": 178,
        "skew": 0,
        "var": 0
    },
    "first_peak_spread": {
        "kurt": 0,
        "max": 0,
        "mean": 0,
        "median": 0,
        "min": 0,
        "skew": 0,
        "var": 0
    },
    "first_peak_weight": {
        "kurt": 0,
        "max": 0.5,
        "mean": 0.5,
        "median": 0.5,
        "min": 0.5,
        "skew": 0,
        "var": 0
    },
    "onset_rate": 0.722477078438,
    "second_peak_bpm": {
        "kurt": 0,
        "max": 185,
        "mean": 185,
        "median": 185,
        "min": 185,
        "skew": 0,
        "var": 0
    },
    "second_peak_spread": {
        "kurt": 0,
        "max": 0,
        "mean": 0,
        "median": 0,
        "min": 0,
        "skew": 0,
        "var": 0
    },
    "second_peak_weight": {
        "kurt": 0,
        "max": 0.5,
        "mean": 0.5,
        "median": 0.5,
        "min": 0.5,
        "skew": 0,
        "var": 0
    },
    "beats_loudness_band_ratio": {
        "kurt": [-1.49999964237, -1.5, -1.50000023842, -1.49999988079, -1.50000047684, -1.49999821186],
        "max": [0.189924001694, 0.293312013149, 0.293615937233, 0.253430306911, 0.26090157032, 0.298090040684],
        "mean": [0.0886694863439, 0.154845938087, 0.174658998847, 0.149825647473, 0.193600013852, 0.267182916403],
        "median": [0.0594646856189, 0.0869058519602, 0.145188719034, 0.122347429395, 0.224151626229, 0.254944145679],
        "min": [0.0166197922081, 0.0843199416995, 0.0851723328233, 0.0736992135644, 0.0957468748093, 0.248514607549],
        "skew": [0.532156407833, 0.706736862659, 0.466503441334, 0.495576828718, -0.566923320293, 0.662129819393],
        "var": [0.0054321847856, 0.00958754215389, 0.00767570501193, 0.0057614040561, 0.00501271244138, 0.000484514544951],
        "cov": [[0.00814827717841, -0.0075666680932, -0.00838553253561, -0.000161580508575, 0.00648631062359, 0.00241598137654], [-0.0075666680932, 0.0143813136965, 0.012392424047, -0.00782095454633, -0.0101857641712, -0.00196659029461], [-0.00838553253561, 0.012392424047, 0.0115135572851, -0.00482504582033, -0.00928163342178, -0.0023129102774], [-0.000161580508575, -0.00782095454633, -0.00482504582033, 0.00864210631698, 0.00438258657232, -0.000348057306837], [0.00648631062359, -0.0101857641712, -0.00928163342178, 0.00438258657232, 0.00751906866208, 0.00176646804903], [0.00241598137654, -0.00196659029461, -0.0023129102774, -0.000348057306837, 0.00176646804903, 0.000726771831978]]
    },
    "beats_position": [0.301859408617, 0.626938760281, 0.96362811327],
    "bpm_estimates": [178.205810547],
    "bpm_intervals": [0.325079351664, 0.336689352989],
    "onset_times": [0.267029464245],
    "histogram": [[0, 0, 0, 0, 0, 0, 0, 0, 0, 0, 0, 0, 0, 0, 0, 0, 0, 0, 0, 0, 0, 0, 0, 0, 0, 0, 0, 0, 0, 0, 0, 0, 0, 0, 0, 0, 0, 0, 0, 0, 0, 0, 0, 0, 0, 0, 0, 0, 0, 0, 0, 0, 0, 0, 0, 0, 0, 0, 0, 0, 0, 0, 0, 0, 0, 0, 0, 0, 0, 0, 0, 0, 0, 0, 0, 0, 0, 0, 0, 0, 0, 0, 0, 0, 0, 0, 0, 0, 0, 0, 0, 0, 0, 0, 0, 0, 0, 0, 0, 0, 0, 0, 0, 0, 0, 0, 0, 0, 0, 0, 0, 0, 0, 0, 0, 0, 0, 0, 0, 0, 0, 0, 0, 0, 0, 0, 0, 0, 0, 0, 0, 0, 0, 0, 0, 0, 0, 0, 0, 0, 0, 0, 0, 0, 0, 0, 0, 0, 0, 0, 0, 0, 0, 0, 0, 0, 0, 0, 0, 0, 0, 0, 0, 0, 0, 0, 0, 0, 0, 0, 0, 0, 0, 0, 0, 0, 0, 0, 0.5, 0, 0, 0, 0, 0, 0, 0.5, 0, 0, 0, 0, 0, 0, 0, 0, 0, 0, 0, 0, 0, 0, 0, 0, 0, 0, 0, 0, 0, 0, 0, 0, 0, 0, 0, 0, 0, 0, 0, 0, 0, 0, 0, 0, 0, 0, 0, 0, 0, 0, 0, 0, 0, 0, 0, 0, 0, 0, 0, 0, 0, 0, 0, 0, 0, 0, 0, 0, 0, 0, 0, 0]]
},
"sfx": {
    "inharmonicity": {
        "kurt": -1.06333136559,
        "max": 0.318659037352,
        "mean": 0.0992673262954,
        "median": 0.060359120369,
        "min": 0,
        "skew": 0.597776353359,
        "var": 0.0104374596849
    },
    "oddtoevenharmonicenergyratio": {
        "kurt": -0.0832273960114,
        "max": 1.875690341,
        "mean": 0.498027384281,
        "median": 0.519776582718,
        "min": 0,
        "skew": 0.751596450806,
        "var": 0.244375646114
    },
    "pitch_after_max_to_before_max_energy_ratio": 2.43592762947,
    "pitch_centroid": 15.6701259613,
    "pitch_max_to_total": 0.0819672122598,
    "pitch_min_to_total": 0.803278684616,
    "tristimulus": {
        "kurt": [-1.65474832058, 0.413732767105, -1.59460532665],
        "max": [1, 0.779103577137, 0.831760823727],
        "mean": [0.457322537899, 0.189501807094, 0.353175461292],
        "median": [0.220896422863, 0.195186644793, 0.384188115597],
        "min": [0, 0, 0],
        "skew": [0.459610313177, 0.668816864491, 0.0275358762592],
        "var": [0.173534855247, 0.0302123054862, 0.0956780984998],
        "cov": [[0.17642711103, -0.0549350939691, -0.121491998434], [-0.0549350939691, 0.0307158436626, 0.0242192577571], [-0.121491998434, 0.0242192577571, 0.0972727313638]]
    }
},
"tonal": {
    "chords_changes_rate": 0.225806444883,
    "chords_number_rate": 0.161290317774,
    "chords_strength": {
        "kurt": -0.498186826706,
        "max": 0.355903625488,
        "mean": 0.300623953342,
        "median": 0.290495663881,
        "min": 0.266138732433,
        "skew": 0.787626862526,
        "var": 0.000543678877875
    },
    "key_strength": 0.281490147114,
    "tuning_diatonic_strength": 0.336253046989,
    "tuning_equal_tempered_deviation": 0.261278867722,
    "tuning_frequency": 455.779724121,
    "tuning_nontempered_energy_ratio": 0.910964488983,
    "hpcp": {
        "kurt": [0.502985239029, -0.498292207718, -0.987318992615, -0.34508562088, -0.65451669693, -0.13534283638, 0.110931396484, -0.751445531845, -0.64173913002, -0.608586549759, -0.985176324844, -0.971076726913, -1.31789445877, -0.416863441467, -0.797878265381, -0.546230792999, -0.240236997604, -1.29717123508, -0.867719888687, -0.361280202866, 2.42389822006, -0.309461355209, -0.154555082321, 0.385754108429, 2.77231216431, -1.10362970829, -1.20310759544, 1.57419061661, 0.713397264481, 0.0150384902954, 0.373422145844, -0.493706941605, 0.0993928909302, -1.13227403164, -0.473850488663, -0.922596693039],
        "max": [1, 1, 0.960505783558, 1, 0.97278958559, 1, 1, 0.804961025715, 0.994873225689, 1, 1, 1, 0.908315598965, 1, 0.963888704777, 1, 1, 0.614028096199, 0.525395214558, 0.527069509029, 1, 1, 1, 0.806993305683, 1, 0.581639766693, 0.585348725319, 1, 1, 1, 1, 0.853525578976, 1, 0.959173321724, 1, 0.766189396381],
        "mean": [0.324033051729, 0.355895787477, 0.380043804646, 0.37291353941, 0.367115855217, 0.368298977613, 0.343937844038, 0.354328900576, 0.404192239046, 0.42021292448, 0.425765097141, 0.444743126631, 0.463512510061, 0.44038400054, 0.397225558758, 0.405581533909, 0.370104879141, 0.278102815151, 0.218778565526, 0.202585116029, 0.253439843655, 0.371445208788, 0.372685313225, 0.294088095427, 0.28532987833, 0.259249806404, 0.242027312517, 0.297934234142, 0.339103072882, 0.354809045792, 0.369057893753, 0.352069884539, 0.33942386508, 0.378287613392, 0.377580940723, 0.322426706553],
        "median": [0.283062875271, 0.278349846601, 0.317717432976, 0.346698403358, 0.383272767067, 0.32731756568, 0.316875070333, 0.349637150764, 0.381492733955, 0.404130935669, 0.455273240805, 0.49257838726, 0.56157541275, 0.435307621956, 0.400581300259, 0.377791941166, 0.305867433548, 0.257441818714, 0.186481788754, 0.181576490402, 0.184327438474, 0.294624239206, 0.261725842953, 0.327042639256, 0.241310015321, 0.235178470612, 0.277357459068, 0.280940711498, 0.329694837332, 0.374253422022, 0.327672094107, 0.353087872267, 0.296045273542, 0.387619614601, 0.303143680096, 0.300151258707],
